[
    [
        0.9999952912330627,
        0.0006058246945030987,
        -0.0030218048486858606,
        -0.028338130563497543,
        -0.0006071903626434505,
        0.9999997019767761,
        -0.0004509322752710432,
        0.010831573978066444,
        0.00302153080701828,
        0.0004527656128630042,
        0.999995231628418,
        0.07205182313919067
    ],
    [
        0.9999592900276184,
        -0.0002999552816618234,
        0.009030335582792759,
        -0.04941278323531151,
        0.00029690482188016176,
        1.0,
        0.0003392239741515368,
        0.012393497861921787,
        -0.009030435234308243,
        -0.0003365290176589042,
        0.9999591112136841,
        0.29093679785728455
    ],
    [
        0.9995342493057251,
        -0.0028686642181128263,
        0.030382974073290825,
        -0.04623844474554062,
        0.002819634508341551,
        0.9999946355819702,
        0.0016564334509894252,
        0.014015776105225086,
        -0.03038756176829338,
        -0.0015699926298111677,
        0.9995369911193848,
        0.5190116763114929
    ],
    [
        0.9982330799102783,
        -0.0028980737552046776,
        0.05934872850775719,
        -0.008135609328746796,
        0.002790715778246522,
        0.9999943375587463,
        0.0018917320994660258,
        0.021776480600237846,
        -0.05935388058423996,
        -0.0017227643402293324,
        0.9982355833053589,
        0.7592960000038147
    ],
    [
        0.9961073398590088,
        -0.004088324494659901,
        0.08805321156978607,
        0.0399867482483387,
        0.003807563567534089,
        0.9999871253967285,
        0.0033562560565769672,
        0.025583462789654732,
        -0.08806580305099487,
        -0.0030079232528805733,
        0.9961101412773132,
        0.9816458225250244
    ],
    [
        0.9937700033187866,
        -0.005751208867877722,
        0.11130214482545853,
        0.09161893278360367,
        0.005244683939963579,
        0.9999744892120361,
        0.004843147937208414,
        0.03503529354929924,
        -0.111327163875103,
        -0.004229230806231499,
        0.9937747716903687,
        1.2288885116577148
    ],
    [
        0.9911811351776123,
        -0.007307345978915691,
        0.1323121339082718,
        0.14667491614818573,
        0.0066956281661987305,
        0.9999647736549377,
        0.005067622754722834,
        0.029745640233159065,
        -0.13234449923038483,
        -0.004137019161134958,
        0.9911952018737793,
        1.4549552202224731
    ],
    [
        0.9889525175094604,
        -0.007992400787770748,
        0.14801748096942902,
        0.21322274208068848,
        0.007121691480278969,
        0.9999540448188782,
        0.0064115384593605995,
        0.0352594368159771,
        -0.14806194603443146,
        -0.005286572501063347,
        0.9889639019966125,
        1.6551016569137573
    ],
    [
        0.9884889125823975,
        -0.007472056429833174,
        0.15110890567302704,
        0.30514129996299744,
        0.006558910943567753,
        0.9999570846557617,
        0.006540489848703146,
        0.026743849739432335,
        -0.15115129947662354,
        -0.005474091973155737,
        0.9884954690933228,
        1.8774629831314087
    ],
    [
        0.9881709814071655,
        -0.007032597903162241,
        0.15319450199604034,
        0.37846839427948,
        0.005900692660361528,
        0.9999518990516663,
        0.00784208346158266,
        0.029576443135738373,
        -0.15324226021766663,
        -0.00684536574408412,
        0.9881649017333984,
        2.094984769821167
    ],
    [
        0.9881722331047058,
        -0.006704152096062899,
        0.1532018780708313,
        0.4472750425338745,
        0.005636752583086491,
        0.9999567270278931,
        0.007400564383715391,
        0.021662268787622452,
        -0.15324485301971436,
        -0.006449469830840826,
        0.9881671071052551,
        2.32411789894104
    ],
    [
        0.9881772398948669,
        -0.008043400943279266,
        0.1531049609184265,
        0.5207508206367493,
        0.006927740294486284,
        0.999945342540741,
        0.007818992249667645,
        0.01883753575384617,
        -0.153159499168396,
        -0.006665878463536501,
        0.9881790280342102,
        2.5286993980407715
    ],
    [
        0.988801121711731,
        -0.007292752619832754,
        0.14906111359596252,
        0.603547990322113,
        0.006281567271798849,
        0.9999539256095886,
        0.007253383286297321,
        0.02607768401503563,
        -0.14910712838172913,
        -0.006235816050320864,
        0.9888014793395996,
        2.73506498336792
    ],
    [
        0.9904174208641052,
        -0.006412055343389511,
        0.13795717060565948,
        0.6629725098609924,
        0.00554272998124361,
        0.9999623894691467,
        0.0066846576519310474,
        0.03292158991098404,
        -0.13799484074115753,
        -0.005855941213667393,
        0.9904155135154724,
        2.89199161529541
    ],
    [
        0.9933820366859436,
        -0.005068694241344929,
        0.11474493145942688,
        0.7095500230789185,
        0.004142128862440586,
        0.9999569654464722,
        0.008311989717185497,
        0.04277080297470093,
        -0.11478211730718613,
        -0.007781693246215582,
        0.9933602213859558,
        3.0777747631073
    ],
    [
        0.9958815574645996,
        -0.0039659105241298676,
        0.09057655930519104,
        0.7270378470420837,
        0.0032254818361252546,
        0.99996018409729,
        0.008319531567394733,
        0.038003500550985336,
        -0.0906059592962265,
        -0.007993114180862904,
        0.9958547949790955,
        3.2542338371276855
    ],
    [
        0.9978744387626648,
        -0.0028795094694942236,
        0.06510280817747116,
        0.7330827116966248,
        0.0022543147206306458,
        0.9999507069587708,
        0.00967460311949253,
        0.037856001406908035,
        -0.06512745469808578,
        -0.009507277980446815,
        0.9978316426277161,
        3.4261507987976074
    ],
    [
        0.9991280436515808,
        -0.0016305182361975312,
        0.041719015687704086,
        0.7241398096084595,
        0.0012139580212533474,
        0.9999492168426514,
        0.010008282028138638,
        0.03826207295060158,
        -0.04173321649432182,
        -0.009948911145329475,
        0.9990792274475098,
        3.598778247833252
    ],
    [
        0.9998080134391785,
        -0.0003651197184808552,
        0.019591612741351128,
        0.7184791564941406,
        0.00016392531688325107,
        0.9999472498893738,
        0.010270051658153534,
        0.04565618559718132,
        -0.019594330340623856,
        -0.010264868848025799,
        0.9997552633285522,
        3.7495250701904297
    ],
    [
        0.999971866607666,
        0.0005286090890876949,
        0.00748482858762145,
        0.703758955001831,
        -0.0006123308558017015,
        0.9999372363090515,
        0.011187686584889889,
        0.05519366264343262,
        -0.0074784401804208755,
        -0.011191953904926777,
        0.9999094009399414,
        3.8883848190307617
    ],
    [
        0.9999912977218628,
        0.0006086925277486444,
        0.004140603821724653,
        0.6734294295310974,
        -0.0006537385052070022,
        0.9999405741691589,
        0.010886329226195812,
        0.05077678710222244,
        -0.00413372740149498,
        -0.010888941586017609,
        0.9999321699142456,
        4.029786586761475
    ],
    [
        0.9999997019767761,
        0.0004578507214318961,
        0.0006509776576422155,
        0.6517929434776306,
        -0.0004652993520721793,
        0.9999339580535889,
        0.011487990617752075,
        0.05328894779086113,
        -0.0006456772680394351,
        -0.011488289572298527,
        0.9999338388442993,
        4.152542591094971
    ],
    [
        0.9999966621398926,
        0.0006036449340172112,
        -0.002544879447668791,
        0.6397289037704468,
        -0.0005719041801057756,
        0.9999222755432129,
        0.012454756535589695,
        0.05952782928943634,
        0.002552201272919774,
        -0.012453258037567139,
        0.9999191761016846,
        4.288501262664795
    ],
    [
        0.999983549118042,
        0.0003662692033685744,
        -0.005724008660763502,
        0.6379602551460266,
        -0.000302903848933056,
        0.9999386668205261,
        0.011067195795476437,
        0.06718072295188904,
        0.0057277074083685875,
        -0.011065278202295303,
        0.9999223947525024,
        4.427172660827637
    ],
    [
        0.9999374747276306,
        0.0006470282678492367,
        -0.011167100630700588,
        0.6379995942115784,
        -0.000507270684465766,
        0.9999215602874756,
        0.012513391673564911,
        0.07127520442008972,
        0.011174322105944157,
        -0.012506944127380848,
        0.9998593330383301,
        4.551975727081299
    ]
]