[
    [
        0.9989898800849915,
        -0.0036482748109847307,
        0.044788531959056854,
        -0.1307964324951172,
        0.003718428546562791,
        0.9999919533729553,
        -0.0014831312000751495,
        -0.06269335001707077,
        -0.04478275775909424,
        0.0016481756465509534,
        0.9989953637123108,
        0.27014243602752686
    ],
    [
        0.9959704875946045,
        -0.007214495446532965,
        0.08939090371131897,
        -0.2550317943096161,
        0.007292520720511675,
        0.9999732375144958,
        -0.0005462911212816834,
        -0.12475975602865219,
        -0.08938457071781158,
        0.0011959747644141316,
        0.995996356010437,
        0.5111850500106812
    ],
    [
        0.9878659844398499,
        -0.013142390176653862,
        0.1547517478466034,
        -0.33412453532218933,
        0.013211165554821491,
        0.9999125599861145,
        0.0005840367521159351,
        -0.15710394084453583,
        -0.15474587678909302,
        0.001467501511797309,
        0.9879531264305115,
        0.7609565854072571
    ],
    [
        0.9779242873191833,
        -0.017727330327033997,
        0.2082059234380722,
        -0.38550540804862976,
        0.017504854127764702,
        0.9998425245285034,
        0.002911131363362074,
        -0.14461290836334229,
        -0.20822477340698242,
        0.0007977451896294951,
        0.9780806303024292,
        1.033735990524292
    ],
    [
        0.9611143469810486,
        -0.022982396185398102,
        0.27519285678863525,
        -0.453722208738327,
        0.022797785699367523,
        0.9997326135635376,
        0.003869911888614297,
        -0.1408257931470871,
        -0.2752082049846649,
        0.00255435798317194,
        0.9613812565803528,
        1.3100471496582031
    ],
    [
        0.9356781244277954,
        -0.027930406853556633,
        0.35174721479415894,
        -0.5604931116104126,
        0.02780825085937977,
        0.9995986223220825,
        0.0054005226120352745,
        -0.1403903067111969,
        -0.35175710916519165,
        0.004728329833596945,
        0.9360794425010681,
        1.530598759651184
    ],
    [
        0.900402843952179,
        -0.033881235867738724,
        0.43373581767082214,
        -0.7496442794799805,
        0.03322850540280342,
        0.9994065165519714,
        0.00908869318664074,
        -0.15997645258903503,
        -0.4337863326072693,
        0.006228913087397814,
        0.9009943008422852,
        1.7739901542663574
    ],
    [
        0.8609573841094971,
        -0.039583563804626465,
        0.5071347951889038,
        -0.9015854001045227,
        0.03900629281997681,
        0.999169647693634,
        0.011767965741455555,
        -0.17561374604701996,
        -0.5071792602539062,
        0.009649738669395447,
        0.861786425113678,
        2.0030758380889893
    ],
    [
        0.827674150466919,
        -0.04451107978820801,
        0.5594410300254822,
        -0.982860267162323,
        0.04353988543152809,
        0.9989380836486816,
        0.015063195489346981,
        -0.1809801608324051,
        -0.5595174431800842,
        0.011890582740306854,
        0.8287333250045776,
        2.2559916973114014
    ],
    [
        0.8004341721534729,
        -0.04899347946047783,
        0.5974150896072388,
        -1.0547902584075928,
        0.04698594659566879,
        0.9987157583236694,
        0.01895064488053322,
        -0.21216367185115814,
        -0.5975763201713562,
        0.012901373207569122,
        0.8017082214355469,
        2.5463905334472656
    ],
    [
        0.7787416577339172,
        -0.052281703799963,
        0.6251625418663025,
        -1.1013113260269165,
        0.04945513606071472,
        0.998536229133606,
        0.02190212719142437,
        -0.22713622450828552,
        -0.6253923177719116,
        0.013861398212611675,
        0.7801873087882996,
        2.8188588619232178
    ],
    [
        0.7552961707115173,
        -0.05548042804002762,
        0.6530312299728394,
        -1.157060146331787,
        0.05141410976648331,
        0.9983556270599365,
        0.02535303123295307,
        -0.2550300061702728,
        -0.6533638834953308,
        0.014425967819988728,
        0.7569065690040588,
        3.1613945960998535
    ],
    [
        0.739075243473053,
        -0.05705510824918747,
        0.6712023019790649,
        -1.1563475131988525,
        0.05320040509104729,
        0.9982381463050842,
        0.026274461299180984,
        -0.2606450319290161,
        -0.6715186834335327,
        0.016289424151182175,
        0.7408084273338318,
        3.4797983169555664
    ],
    [
        0.7295607924461365,
        -0.05982007086277008,
        0.6812947988510132,
        -1.0870544910430908,
        0.0557323582470417,
        0.9980544447898865,
        0.027951978147029877,
        -0.2727697789669037,
        -0.6816412806510925,
        0.017577487975358963,
        0.731475293636322,
        3.7892963886260986
    ],
    [
        0.7257594466209412,
        -0.06236550584435463,
        0.6851158142089844,
        -0.984886109828949,
        0.05712323263287544,
        0.9979064464569092,
        0.030326586216688156,
        -0.30101239681243896,
        -0.6855728626251221,
        0.01712622120976448,
        0.7278025150299072,
        4.101755142211914
    ],
    [
        0.7216901779174805,
        -0.06250979006290436,
        0.6893879771232605,
        -0.8889197111129761,
        0.05764256417751312,
        0.9978822469711304,
        0.03013879805803299,
        -0.29139766097068787,
        -0.6898118853569031,
        0.017987217754125595,
        0.7237650156021118,
        4.377458572387695
    ],
    [
        0.7148626446723938,
        -0.06289055943489075,
        0.6964311003684998,
        -0.7875950932502747,
        0.05845412239432335,
        0.9978360533714294,
        0.030107494443655014,
        -0.3091847896575928,
        -0.6968173980712891,
        0.019186539575457573,
        0.7169918417930603,
        4.687952518463135
    ],
    [
        0.7076220512390137,
        -0.06464042514562607,
        0.7036281824111938,
        -0.6706126928329468,
        0.0594295933842659,
        0.9977229237556458,
        0.03189120441675186,
        -0.3172084093093872,
        -0.7040873765945435,
        0.019249413162469864,
        0.709852397441864,
        4.933819770812988
    ],
    [
        0.7026886940002441,
        -0.06624053418636322,
        0.7084072232246399,
        -0.4838126301765442,
        0.061045002192258835,
        0.9975982904434204,
        0.032729484140872955,
        -0.30236274003982544,
        -0.7088738679885864,
        0.020246081054210663,
        0.705044686794281,
        5.211913108825684
    ],
    [
        0.6999962329864502,
        -0.06621053814888,
        0.7110706567764282,
        -0.29729771614074707,
        0.061795346438884735,
        0.997573971748352,
        0.032055050134658813,
        -0.30720800161361694,
        -0.7114678621292114,
        0.021502437070012093,
        0.7023895382881165,
        5.448610305786133
    ],
    [
        0.6966588497161865,
        -0.06547988206148148,
        0.7144080996513367,
        -0.15159079432487488,
        0.06180368736386299,
        0.9976015090942383,
        0.031168105080723763,
        -0.2961429953575134,
        -0.7147354483604431,
        0.022439518943428993,
        0.6990348100662231,
        5.647557735443115
    ],
    [
        0.6912363767623901,
        -0.06478720158338547,
        0.7197185754776001,
        -0.005335154477506876,
        0.0612834207713604,
        0.9976406097412109,
        0.030946845188736916,
        -0.304375022649765,
        -0.7200254201889038,
        0.022715242579579353,
        0.6935757398605347,
        5.888102054595947
    ],
    [
        0.683922290802002,
        -0.06542257964611053,
        0.7266156673431396,
        0.10416301339864731,
        0.06199054419994354,
        0.9975804686546326,
        0.03147131949663162,
        -0.31832319498062134,
        -0.7269163131713867,
        0.023519355803728104,
        0.6863230466842651,
        6.063929080963135
    ],
    [
        0.6741190552711487,
        -0.06568038463592529,
        0.73569655418396,
        0.2578998804092407,
        0.06233460456132889,
        0.9975441694259644,
        0.03193998336791992,
        -0.3165779113769531,
        -0.7359877824783325,
        0.024327995255589485,
        0.676557719707489,
        6.25789737701416
    ],
    [
        0.6630541086196899,
        -0.066536545753479,
        0.7456085681915283,
        0.4112757742404938,
        0.06326868385076523,
        0.9974591135978699,
        0.03274763002991676,
        -0.33500897884368896,
        -0.7458930015563965,
        0.025460219010710716,
        0.665579080581665,
        6.438730716705322
    ]
]