[
    [
        0.9929226040840149,
        0.012279153801500797,
        -0.11812684684991837,
        0.3114432096481323,
        -0.013105720281600952,
        0.9998947381973267,
        -0.006223001983016729,
        -0.01537255384027958,
        0.11803800612688065,
        0.007727097254246473,
        0.992979109287262,
        0.23496223986148834
    ],
    [
        0.9819945693016052,
        0.016239218413829803,
        -0.1882098764181137,
        0.45743873715400696,
        -0.017616424709558487,
        0.9998288750648499,
        -0.00564685370773077,
        -0.015975041314959526,
        0.18808594346046448,
        0.008860764093697071,
        0.9821126461029053,
        0.3821783661842346
    ],
    [
        0.9585803747177124,
        0.01994846947491169,
        -0.2841227054595947,
        0.643522322177887,
        -0.022402554750442505,
        0.9997344613075256,
        -0.005390194244682789,
        -0.0384640209376812,
        0.2839397192001343,
        0.011532007716596127,
        0.9587727785110474,
        0.5735037326812744
    ],
    [
        0.9221360683441162,
        0.02411041408777237,
        -0.3861140310764313,
        0.8179165720939636,
        -0.02782594785094261,
        0.9996045231819153,
        -0.004036154597997665,
        -0.06845298409461975,
        0.38586413860321045,
        0.014465872198343277,
        0.9224421977996826,
        0.7245172262191772
    ],
    [
        0.8764958381652832,
        0.027694324031472206,
        -0.4806121587753296,
        0.9562603235244751,
        -0.032083578407764435,
        0.9994847178459167,
        -0.0009177273022942245,
        -0.07937388867139816,
        0.48033905029296875,
        0.016224142163991928,
        0.8769327998161316,
        0.8696742653846741
    ],
    [
        0.8275561928749084,
        0.030704503878951073,
        -0.5605425834655762,
        1.0962722301483154,
        -0.036059074103832245,
        0.9993484616279602,
        0.0015049520879983902,
        -0.0854417085647583,
        0.5602235794067383,
        0.01896720938384533,
        0.8281242251396179,
        1.0205905437469482
    ],
    [
        0.758235514163971,
        0.033827949315309525,
        -0.651102602481842,
        1.2223507165908813,
        -0.040116868913173676,
        0.9991815090179443,
        0.0051946179009974,
        -0.10623864084482193,
        0.6507453322410583,
        0.022181453183293343,
        0.7589719295501709,
        1.1475372314453125
    ],
    [
        0.6759041547775269,
        0.03823750093579292,
        -0.7359969615936279,
        1.3364993333816528,
        -0.044451918452978134,
        0.9989501237869263,
        0.011076303198933601,
        -0.15347430109977722,
        0.7356477975845337,
        0.025229958817362785,
        0.6768941879272461,
        1.2567023038864136
    ],
    [
        0.5819128751754761,
        0.03854577988386154,
        -0.8123369812965393,
        1.4680572748184204,
        -0.04629680514335632,
        0.9988263249397278,
        0.014230329543352127,
        -0.19472245872020721,
        0.8119322061538696,
        0.029327798634767532,
        0.5830146074295044,
        1.38508141040802
    ],
    [
        0.4865274131298065,
        0.04151822626590729,
        -0.8726782202720642,
        1.5642644166946411,
        -0.04863433912396431,
        0.998608410358429,
        0.02039526216685772,
        -0.24591729044914246,
        0.8723106384277344,
        0.03251926600933075,
        0.4878697097301483,
        1.5031955242156982
    ],
    [
        0.40019261837005615,
        0.044449109584093094,
        -0.9153524041175842,
        1.6280698776245117,
        -0.05074454843997955,
        0.9983654618263245,
        0.026294637471437454,
        -0.29855021834373474,
        0.9150250554084778,
        0.03592623397707939,
        0.40179404616355896,
        1.607993483543396
    ],
    [
        0.3067498505115509,
        0.04486539587378502,
        -0.9507321715354919,
        1.7057240009307861,
        -0.05256268382072449,
        0.998162567615509,
        0.03014451079070568,
        -0.3555520176887512,
        0.9503375887870789,
        0.04072623327374458,
        0.30854448676109314,
        1.7083086967468262
    ],
    [
        0.2152523398399353,
        0.04461416229605675,
        -0.9755387902259827,
        1.804806113243103,
        -0.05415879189968109,
        0.9979639649391174,
        0.03368961066007614,
        -0.437534362077713,
        0.9750555753707886,
        0.04558221995830536,
        0.21723027527332306,
        1.7716832160949707
    ],
    [
        0.11860841512680054,
        0.04609138146042824,
        -0.9918708801269531,
        1.958276629447937,
        -0.054258350282907486,
        0.9977303743362427,
        0.03987544775009155,
        -0.49610790610313416,
        0.9914575219154358,
        0.049087729305028915,
        0.12084005028009415,
        1.8663623332977295
    ],
    [
        0.02805042453110218,
        0.04728878289461136,
        -0.9984872937202454,
        2.1464929580688477,
        -0.05466962233185768,
        0.9974579215049744,
        0.045704200863838196,
        -0.5341027975082397,
        0.9981104135513306,
        0.05330490693449974,
        0.03056435100734234,
        1.9653042554855347
    ],
    [
        -0.037456776946783066,
        0.04706289991736412,
        -0.998189389705658,
        2.3163087368011475,
        -0.05507534742355347,
        0.9972748756408691,
        0.04908645898103714,
        -0.5705662965774536,
        0.997779369354248,
        0.056814245879650116,
        -0.03476255014538765,
        2.0187883377075195
    ],
    [
        -0.08725594729185104,
        0.04777561500668526,
        -0.9950395822525024,
        2.542170286178589,
        -0.05601763725280762,
        0.9970336556434631,
        0.05278356000781059,
        -0.589900553226471,
        0.9946096539497375,
        0.060345444828271866,
        -0.08432061225175858,
        2.0737314224243164
    ],
    [
        -0.11128898710012436,
        0.048765990883111954,
        -0.9925907850265503,
        2.699392318725586,
        -0.05666340887546539,
        0.9968589544296265,
        0.055328767746686935,
        -0.6034958958625793,
        0.9921713471412659,
        0.06240107864141464,
        -0.10817611962556839,
        2.1158664226531982
    ],
    [
        -0.12085279077291489,
        0.050605401396751404,
        -0.9913796186447144,
        2.791666030883789,
        -0.056528475135564804,
        0.9967283010482788,
        0.05776944011449814,
        -0.6361162662506104,
        0.9910596013069153,
        0.06302278488874435,
        -0.1175965741276741,
        2.1999993324279785
    ],
    [
        -0.12540709972381592,
        0.05193757638335228,
        -0.9907450079917908,
        2.8306312561035156,
        -0.05624207854270935,
        0.9966506361961365,
        0.059366222470998764,
        -0.6671964526176453,
        0.9905098080635071,
        0.06316649913787842,
        -0.12206598371267319,
        2.34517765045166
    ],
    [
        -0.12478289008140564,
        0.0525427907705307,
        -0.9907917976379395,
        2.830535650253296,
        -0.05666017532348633,
        0.9965897798538208,
        0.05998620018362999,
        -0.6838249564170837,
        0.9905648827552795,
        0.06362372636795044,
        -0.12138034403324127,
        2.4742226600646973
    ],
    [
        -0.1168358325958252,
        0.0532383993268013,
        -0.9917231798171997,
        2.8120760917663574,
        -0.05786246433854103,
        0.9965010285377502,
        0.06031171604990959,
        -0.6858953833580017,
        0.9914642572402954,
        0.06443015486001968,
        -0.11334658414125443,
        2.600532293319702
    ],
    [
        -0.08675166219472885,
        0.054680101573467255,
        -0.9947282075881958,
        2.756272077560425,
        -0.059159986674785614,
        0.9964476227760315,
        0.05993403494358063,
        -0.6684364080429077,
        0.9944717884063721,
        0.06404749304056168,
        -0.0832085907459259,
        2.7303290367126465
    ],
    [
        -0.01858905702829361,
        0.055644549429416656,
        -0.9982775449752808,
        2.656613826751709,
        -0.06089729815721512,
        0.9965333342552185,
        0.056681301444768906,
        -0.6586331725120544,
        0.9979708194732666,
        0.061846062541007996,
        -0.01513591781258583,
        2.8833770751953125
    ],
    [
        0.0593605637550354,
        0.05640965327620506,
        -0.9966415166854858,
        2.506395101547241,
        -0.06338437646627426,
        0.9966002702713013,
        0.05263211205601692,
        -0.6485922336578369,
        0.996222198009491,
        0.06004723161458969,
        0.06273429095745087,
        3.013406753540039
    ]
]