[
    [
        0.9999948740005493,
        0.0008012352627702057,
        0.0031019565649330616,
        -0.08313586562871933,
        -0.0007634698413312435,
        0.9999259114265442,
        -0.012156731449067593,
        0.11080934852361679,
        -0.0031114660669118166,
        0.012154300697147846,
        0.9999212026596069,
        -0.23734959959983826
    ],
    [
        0.9999904036521912,
        0.0003425687027629465,
        0.004391221795231104,
        -0.12514100968837738,
        -0.0002894473436754197,
        0.9999268651008606,
        -0.012092174962162971,
        0.15457218885421753,
        -0.004395043011754751,
        0.01209078636020422,
        0.9999171495437622,
        -0.4586697220802307
    ],
    [
        0.999997615814209,
        0.0005210207891650498,
        0.0021546061616390944,
        -0.13592013716697693,
        -0.0004949283320456743,
        0.9999268651008606,
        -0.01209306064993143,
        0.21048496663570404,
        -0.0021607489325106144,
        0.012091964483261108,
        0.9999245405197144,
        -0.7256476283073425
    ],
    [
        0.9999966025352478,
        0.00011041057587135583,
        0.002588641131296754,
        -0.11160025745630264,
        -7.961544906720519e-05,
        0.9999293684959412,
        -0.011893508024513721,
        0.26000168919563293,
        -0.0025897701270878315,
        0.011893262155354023,
        0.999925971031189,
        -0.9908953905105591
    ],
    [
        0.999991238117218,
        -0.0004714656388387084,
        0.004163842648267746,
        -0.0788123682141304,
        0.0005214883713051677,
        0.9999275803565979,
        -0.012020856142044067,
        0.3188944160938263,
        -0.004157872870564461,
        0.012022918090224266,
        0.9999192357063293,
        -1.301890254020691
    ],
    [
        0.9999842643737793,
        -0.0009347600862383842,
        0.005530947353690863,
        -0.05632557347416878,
        0.001001065829768777,
        0.9999275207519531,
        -0.011997549794614315,
        0.37705013155937195,
        -0.0055193305015563965,
        0.012002895586192608,
        0.9999127984046936,
        -1.6061267852783203
    ],
    [
        0.9999772310256958,
        -0.0013853847049176693,
        0.006614533718675375,
        -0.04682968184351921,
        0.0014641624875366688,
        0.9999278783798218,
        -0.011919798329472542,
        0.44187334179878235,
        -0.006597542203962803,
        0.011929208412766457,
        0.9999071955680847,
        -1.96367347240448
    ],
    [
        0.9999692440032959,
        -0.0016599760856479406,
        0.007666739635169506,
        -0.05183906480669975,
        0.0017479357775300741,
        0.9999325275421143,
        -0.01148049533367157,
        0.51299649477005,
        -0.0076471664942801,
        0.011493544094264507,
        0.9999046325683594,
        -2.3460817337036133
    ],
    [
        0.9999603629112244,
        -0.0021386228036135435,
        0.008647030219435692,
        -0.05657152086496353,
        0.002236046362668276,
        0.9999339580535889,
        -0.0112727340310812,
        0.5800105929374695,
        -0.008622351102530956,
        0.01129162311553955,
        0.9998990297317505,
        -2.710237503051758
    ],
    [
        0.99994957447052,
        -0.002288307761773467,
        0.009779008105397224,
        -0.07073353976011276,
        0.0023971654009073973,
        0.9999350905418396,
        -0.011134650558233261,
        0.6565483808517456,
        -0.009752892889082432,
        0.011157524771988392,
        0.9998902678489685,
        -3.118528366088867
    ],
    [
        0.9999391436576843,
        -0.0023936096113175154,
        0.010772430337965488,
        -0.090266652405262,
        0.00251611671410501,
        0.9999322295188904,
        -0.011373183690011501,
        0.7299401760101318,
        -0.01074447762221098,
        0.011399592272937298,
        0.999877393245697,
        -3.50455904006958
    ],
    [
        0.9999340772628784,
        -0.0025687702000141144,
        0.011196522042155266,
        -0.11340972036123276,
        0.0026930482126772404,
        0.9999347925186157,
        -0.01109879370778799,
        0.8082686066627502,
        -0.011167279444634914,
        0.011128214187920094,
        0.9998758435249329,
        -3.941286325454712
    ],
    [
        0.999930202960968,
        -0.0025715187657624483,
        0.011528055183589458,
        -0.12923148274421692,
        0.002698512515053153,
        0.9999358057975769,
        -0.011014052666723728,
        0.8878287076950073,
        -0.011498989537358284,
        0.011044388636946678,
        0.9998728632926941,
        -4.391816139221191
    ],
    [
        0.9999303817749023,
        -0.002940711099654436,
        0.011431659571826458,
        -0.1363556832075119,
        0.0030665684025734663,
        0.999934732913971,
        -0.01100754365324974,
        0.9647096395492554,
        -0.011398542672395706,
        0.01104182843118906,
        0.9998739957809448,
        -4.816247463226318
    ],
    [
        0.9999350309371948,
        -0.0026325194630771875,
        0.011091766878962517,
        -0.14147678017616272,
        0.002753588603809476,
        0.9999366998672485,
        -0.010914175771176815,
        1.0526484251022339,
        -0.01106233336031437,
        0.010944010689854622,
        0.9998788833618164,
        -5.287856578826904
    ],
    [
        0.9999431371688843,
        -0.0019133639289066195,
        0.010496862232685089,
        -0.13848775625228882,
        0.0020287903025746346,
        0.9999374747276306,
        -0.01099624577909708,
        1.1374050378799438,
        -0.010475167073309422,
        0.011017191223800182,
        0.9998844265937805,
        -5.726834297180176
    ],
    [
        0.9999505877494812,
        -0.0010689646005630493,
        0.00989438220858574,
        -0.1359953135251999,
        0.0011799141066148877,
        0.9999364018440247,
        -0.011214005760848522,
        1.2275327444076538,
        -0.009881765581667423,
        0.011225217953324318,
        0.9998881816864014,
        -6.216379165649414
    ],
    [
        0.9999575614929199,
        -0.00044525807606987655,
        0.00920306146144867,
        -0.13197927176952362,
        0.0005494983633980155,
        0.9999356865882874,
        -0.011327283456921577,
        1.3126709461212158,
        -0.009197426028549671,
        0.011331711895763874,
        0.9998934864997864,
        -6.673973083496094
    ],
    [
        0.9999718070030212,
        4.417098534759134e-05,
        0.007511859759688377,
        -0.11792914569377899,
        4.290031210985035e-05,
        0.9999328255653381,
        -0.011591015383601189,
        1.4041802883148193,
        -0.007511868141591549,
        0.011590994894504547,
        0.999904453754425,
        -7.17917537689209
    ],
    [
        0.9999821186065674,
        0.0025651431642472744,
        -0.005404120311141014,
        -0.09971421957015991,
        -0.002629259368404746,
        0.9999258518218994,
        -0.011890625581145287,
        1.4987092018127441,
        0.00537321949377656,
        0.011904951184988022,
        0.9999147653579712,
        -7.690825939178467
    ],
    [
        0.9996968507766724,
        0.005892014130949974,
        -0.023906247690320015,
        -0.0867164134979248,
        -0.006177963688969612,
        0.9999100565910339,
        -0.01190499123185873,
        1.5898492336273193,
        0.023833949118852615,
        0.01204922329634428,
        0.9996433258056641,
        -8.173959732055664
    ],
    [
        0.9988870620727539,
        0.009559684433043003,
        -0.04618614539504051,
        -0.07678788900375366,
        -0.01010090671479702,
        0.9998828768730164,
        -0.011499094776809216,
        1.690497636795044,
        0.04607081413269043,
        0.011952647008001804,
        0.9988667368888855,
        -8.711703300476074
    ],
    [
        0.9973684549331665,
        0.013647941872477531,
        -0.07120298594236374,
        -0.07651755213737488,
        -0.014499754644930363,
        0.9998292326927185,
        -0.011460618115961552,
        1.7866363525390625,
        0.07103440910577774,
        0.012462673708796501,
        0.9973960518836975,
        -9.216853141784668
    ],
    [
        0.9946793913841248,
        0.018758205696940422,
        -0.10129677504301071,
        -0.07320558279752731,
        -0.019970213994383812,
        0.9997404217720032,
        -0.010964177548885345,
        1.8956999778747559,
        0.10106471180915833,
        0.012928983196616173,
        0.9947957396507263,
        -9.792950630187988
    ],
    [
        0.9914041757583618,
        0.02334361895918846,
        -0.12873569130897522,
        -0.061449505388736725,
        -0.024885986000299454,
        0.9996364116668701,
        -0.010384966619312763,
        2.010845422744751,
        0.12844640016555786,
        0.013498926535248756,
        0.9916245937347412,
        -10.3898344039917
    ]
]