[
    [
        0.9999956488609314,
        0.0018329754238948226,
        0.0023542072158306837,
        -0.1361788958311081,
        -0.001829844550229609,
        0.9999973773956299,
        -0.0013311896473169327,
        -0.02216886170208454,
        -0.0023566412273794413,
        0.0013268761103972793,
        0.9999963045120239,
        0.18166591227054596
    ],
    [
        0.9999933838844299,
        0.0017080808756873012,
        0.0031992108561098576,
        -0.19835592806339264,
        -0.0017044199630618095,
        0.9999978542327881,
        -0.001146718510426581,
        -0.02373737096786499,
        -0.0032011631410568953,
        0.0011412587482482195,
        0.9999942779541016,
        0.32445988059043884
    ],
    [
        0.9999902248382568,
        0.0015272725140675902,
        0.004146468825638294,
        -0.25879204273223877,
        -0.0015244272071868181,
        0.9999985694885254,
        -0.0006893497775308788,
        -0.038727615028619766,
        -0.004147515632212162,
        0.0006830222555436194,
        0.9999911785125732,
        0.47931012511253357
    ],
    [
        0.999983549118042,
        0.0017181492876261473,
        0.005484980531036854,
        -0.31047311425209045,
        -0.0017089506145566702,
        0.999997079372406,
        -0.0016814320115372539,
        -0.037273894995450974,
        -0.0054878536611795425,
        0.0016720303101465106,
        0.9999834299087524,
        0.6237594485282898
    ],
    [
        0.9999754428863525,
        0.002498638816177845,
        0.0065515851601958275,
        -0.3784148395061493,
        -0.002483607269823551,
        0.9999942779541016,
        -0.0023015011101961136,
        -0.0358969084918499,
        -0.006557298358529806,
        0.0022851729299873114,
        0.9999759197235107,
        0.7857196927070618
    ],
    [
        0.9999659657478333,
        0.0024495895486325026,
        0.007881442084908485,
        -0.42951709032058716,
        -0.0024263598024845123,
        0.9999927282333374,
        -0.0029555605724453926,
        -0.02474285289645195,
        -0.00788862444460392,
        0.0029363371431827545,
        0.9999644756317139,
        0.9248782396316528
    ],
    [
        0.999962329864502,
        0.0015594143187627196,
        0.008545907214283943,
        -0.4733530879020691,
        -0.0015325829153880477,
        0.9999939799308777,
        -0.0031452924013137817,
        -0.009560853242874146,
        -0.008550767786800861,
        0.0031320760026574135,
        0.9999585151672363,
        1.0878843069076538
    ],
    [
        0.9999525547027588,
        0.0011620164150372148,
        0.009678417816758156,
        -0.5078350305557251,
        -0.001123784575611353,
        0.9999915361404419,
        -0.003954668994992971,
        -0.005703864153474569,
        -0.009682939387857914,
        0.0039436048828065395,
        0.9999452829360962,
        1.2343430519104004
    ],
    [
        0.9999450445175171,
        0.0020355782471597195,
        0.01028367131948471,
        -0.5478845834732056,
        -0.001997480634599924,
        0.9999911785125732,
        -0.0037135370075702667,
        0.0013112490996718407,
        -0.010291148908436298,
        0.003692791797220707,
        0.9999403357505798,
        1.371828317642212
    ],
    [
        0.9999217391014099,
        0.00275492575019598,
        0.01221214234828949,
        -0.5948929786682129,
        -0.0026899834629148245,
        0.9999822378158569,
        -0.0053311120718717575,
        -0.009616782888770103,
        -0.012226599268615246,
        0.005297845229506493,
        0.9999111890792847,
        1.495498776435852
    ],
    [
        0.9998668432235718,
        0.003447366878390312,
        0.01595335267484188,
        -0.6378386616706848,
        -0.0033406016882508993,
        0.9999719858169556,
        -0.00671410234645009,
        -0.00685567082837224,
        -0.015976058319211006,
        0.006659913808107376,
        0.9998501539230347,
        1.5933512449264526
    ],
    [
        0.999721109867096,
        0.0035783860366791487,
        0.02334473468363285,
        -0.6875081658363342,
        -0.0033982517197728157,
        0.9999642372131348,
        -0.007751397788524628,
        -0.011764591559767723,
        -0.02337164618074894,
        0.007669904734939337,
        0.9996974468231201,
        1.7103581428527832
    ],
    [
        0.9992675185203552,
        0.0020040387753397226,
        0.038215745240449905,
        -0.7269083261489868,
        -0.001680075190961361,
        0.9999623894691467,
        -0.008507462218403816,
        -0.028655726462602615,
        -0.03823135793209076,
        0.008437025360763073,
        0.9992332458496094,
        1.810272216796875
    ],
    [
        0.9977968335151672,
        0.0006289910525083542,
        0.06634125113487244,
        -0.7670899033546448,
        -0.00018634196021594107,
        0.9999776482582092,
        -0.006678282283246517,
        -0.02341601438820362,
        -0.06634397059679031,
        0.006651205942034721,
        0.9977747201919556,
        1.91940438747406
    ],
    [
        0.9921112656593323,
        -0.0014160752762109041,
        0.12535244226455688,
        -0.829636812210083,
        0.0021771606989204884,
        0.9999800324440002,
        -0.005934787914156914,
        -0.019943764433264732,
        -0.12534141540527344,
        0.006160882767289877,
        0.9920945167541504,
        2.04490327835083
    ],
    [
        0.9832395315170288,
        -0.005241097416728735,
        0.18224315345287323,
        -0.8708774447441101,
        0.00664663827046752,
        0.9999527335166931,
        -0.007102540228515863,
        -0.028239523991942406,
        -0.18219727277755737,
        0.008194801397621632,
        0.9832278490066528,
        2.1483027935028076
    ],
    [
        0.9707996249198914,
        -0.010004130192101002,
        0.2396830916404724,
        -0.8942131400108337,
        0.011781074106693268,
        0.9999127388000488,
        -0.005982080940157175,
        -0.03822048753499985,
        -0.2396024614572525,
        0.008631128817796707,
        0.9708327054977417,
        2.2754993438720703
    ],
    [
        0.9570704102516174,
        -0.012801018543541431,
        0.28957247734069824,
        -0.9118567705154419,
        0.014830009080469608,
        0.9998784065246582,
        -0.004813657142221928,
        -0.057878121733665466,
        -0.28947576880455017,
        0.008901374414563179,
        0.9571439623832703,
        2.3946709632873535
    ],
    [
        0.9372428059577942,
        -0.016309324651956558,
        0.3482958674430847,
        -0.935347318649292,
        0.01868140511214733,
        0.9998195171356201,
        -0.0034528980031609535,
        -0.06615258008241653,
        -0.3481768071651459,
        0.00974285788834095,
        0.9373782873153687,
        2.5207152366638184
    ],
    [
        0.9110737442970276,
        -0.01944730617105961,
        0.4117845296859741,
        -0.9554016590118408,
        0.022253764793276787,
        0.9997502565383911,
        -0.0020213753450661898,
        -0.09664248675107956,
        -0.41164228320121765,
        0.011005377396941185,
        0.9112789630889893,
        2.6517796516418457
    ],
    [
        0.8868778347969055,
        -0.023332737386226654,
        0.4614144265651703,
        -0.9507964253425598,
        0.026695137843489647,
        0.9996432662010193,
        -0.0007605140563100576,
        -0.11338529735803604,
        -0.4612320363521576,
        0.0129920095205307,
        0.8871843218803406,
        2.76090669631958
    ],
    [
        0.8650142550468445,
        -0.026436343789100647,
        0.5010503530502319,
        -0.9263449907302856,
        0.03037252277135849,
        0.9995386004447937,
        0.0003023276512976736,
        -0.13266757130622864,
        -0.5008271336555481,
        0.014956641010940075,
        0.8654180765151978,
        2.8846237659454346
    ],
    [
        0.8463721871376038,
        -0.029467346146702766,
        0.5317760109901428,
        -0.8976395130157471,
        0.033386263996362686,
        0.99944007396698,
        0.0022446257062256336,
        -0.14844118058681488,
        -0.5315443277359009,
        0.015854228287935257,
        0.8468821048736572,
        2.9745731353759766
    ],
    [
        0.8229845762252808,
        -0.03195522725582123,
        0.5671643018722534,
        -0.8559926748275757,
        0.03592276945710182,
        0.9993458390235901,
        0.004179447889328003,
        -0.15813852846622467,
        -0.5669267773628235,
        0.016934486106038094,
        0.8235940933227539,
        3.0892062187194824
    ],
    [
        0.7840552926063538,
        -0.03496013581752777,
        0.6197056770324707,
        -0.8133718371391296,
        0.03948109224438667,
        0.9991996884346008,
        0.006417243275791407,
        -0.17728275060653687,
        -0.619434118270874,
        0.019435172900557518,
        0.7848081588745117,
        3.1932642459869385
    ]
]