[
    [
        0.999758780002594,
        -0.0008704864885658026,
        -0.021945282816886902,
        -0.006878170184791088,
        0.0010279817506670952,
        0.9999738931655884,
        0.0071664839051663876,
        0.010797304101288319,
        0.021938471123576164,
        -0.007187314797192812,
        0.9997335076332092,
        0.33191022276878357
    ],
    [
        0.9993383288383484,
        -0.0013486756943166256,
        -0.0363471545279026,
        -0.016395840793848038,
        0.0016811882378533483,
        0.9999570250511169,
        0.009119223803281784,
        0.013661583885550499,
        0.036333296447992325,
        -0.009174295701086521,
        0.9992976188659668,
        0.3970779478549957
    ],
    [
        0.9984029531478882,
        -0.0023463768884539604,
        -0.056445635855197906,
        -0.03258182853460312,
        0.002925415523350239,
        0.9999439716339111,
        0.010177895426750183,
        0.015625394880771637,
        0.05641859024763107,
        -0.010326767340302467,
        0.9983538389205933,
        0.4788846969604492
    ],
    [
        0.9967712759971619,
        -0.002997347619384527,
        -0.08023707568645477,
        -0.05061737075448036,
        0.003889405634254217,
        0.9999324083328247,
        0.010963795706629753,
        0.010554387234151363,
        0.08019877970218658,
        -0.011240470223128796,
        0.9967155456542969,
        0.562258780002594
    ],
    [
        0.9943556189537048,
        -0.005256264936178923,
        -0.10596856474876404,
        -0.07130013406276703,
        0.006516628433018923,
        0.9999120831489563,
        0.011551005765795708,
        0.005054929759353399,
        0.10589852929115295,
        -0.012176364660263062,
        0.9943023920059204,
        0.6425493955612183
    ],
    [
        0.9910876154899597,
        -0.007857409305870533,
        -0.13297969102859497,
        -0.09364167600870132,
        0.009715723805129528,
        0.9998640418052673,
        0.013331311754882336,
        0.0020715666469186544,
        0.13285686075687408,
        -0.014504493214190006,
        0.9910291433334351,
        0.7293281555175781
    ],
    [
        0.9870875477790833,
        -0.010344283655285835,
        -0.15984752774238586,
        -0.11528915166854858,
        0.012878251262009144,
        0.9998072385787964,
        0.014824575744569302,
        -0.0007767482311464846,
        0.1596633642911911,
        -0.01669171266257763,
        0.9870303273200989,
        0.8245455622673035
    ],
    [
        0.982185423374176,
        -0.013305493630468845,
        -0.18744292855262756,
        -0.13688497245311737,
        0.016306372359395027,
        0.9997622966766357,
        0.014476685784757137,
        -0.0033070999197661877,
        0.18720576167106628,
        -0.017275305464863777,
        0.9821687340736389,
        0.9231484532356262
    ],
    [
        0.976337194442749,
        -0.015037048608064651,
        -0.21573041379451752,
        -0.16266097128391266,
        0.018252959474921227,
        0.9997498989105225,
        0.012922396883368492,
        -0.007654288783669472,
        0.21548214554786682,
        -0.01655433513224125,
        0.9763674736022949,
        1.0222835540771484
    ],
    [
        0.9696032404899597,
        -0.015183810144662857,
        -0.24421098828315735,
        -0.19450020790100098,
        0.018191561102867126,
        0.9997838139533997,
        0.010065345093607903,
        -0.005759062245488167,
        0.24400538206100464,
        -0.014201969839632511,
        0.9696699976921082,
        1.122793197631836
    ],
    [
        0.9623469710350037,
        -0.01321214810013771,
        -0.2715025544166565,
        -0.23658673465251923,
        0.016200831159949303,
        0.9998303055763245,
        0.008769405074417591,
        -0.004807194694876671,
        0.27134063839912415,
        -0.012837777845561504,
        0.9623977541923523,
        1.2288075685501099
    ],
    [
        0.9542862176895142,
        -0.011059800162911415,
        -0.2986896336078644,
        -0.277875155210495,
        0.013565239496529102,
        0.999888002872467,
        0.006316117476671934,
        0.0018777004443109035,
        0.29858633875846863,
        -0.010079179890453815,
        0.9543293714523315,
        1.3384653329849243
    ],
    [
        0.9463261961936951,
        -0.00926516205072403,
        -0.32308053970336914,
        -0.3213171064853668,
        0.01127903163433075,
        0.9999268651008606,
        0.004361627157777548,
        0.0020221848972141743,
        0.32301655411720276,
        -0.007771558128297329,
        0.9463613033294678,
        1.44295334815979
    ],
    [
        0.9362318515777588,
        -0.009678632020950317,
        -0.35124924778938293,
        -0.3570857048034668,
        0.011846577748656273,
        0.9999216794967651,
        0.0040235514752566814,
        0.004148698411881924,
        0.35118284821510315,
        -0.00792807899415493,
        0.9362732768058777,
        1.5484834909439087
    ],
    [
        0.9264464974403381,
        -0.009653146378695965,
        -0.3763025104999542,
        -0.39784130454063416,
        0.0124629195779562,
        0.9999097585678101,
        0.00503306370228529,
        0.0035420963540673256,
        0.3762199580669403,
        -0.00935269333422184,
        0.9264832735061646,
        1.653725028038025
    ],
    [
        0.91603684425354,
        -0.009450559504330158,
        -0.4009827673435211,
        -0.4358823299407959,
        0.011941283009946346,
        0.9999218583106995,
        0.003712959587574005,
        0.005663517862558365,
        0.40091633796691895,
        -0.008189457468688488,
        0.9160779714584351,
        1.7615487575531006
    ],
    [
        0.9079051613807678,
        -0.006943348795175552,
        -0.41911831498146057,
        -0.47605040669441223,
        0.010394029319286346,
        0.9999282956123352,
        0.005950446240603924,
        0.007237771060317755,
        0.41904690861701965,
        -0.00975876860320568,
        0.9079121947288513,
        1.8649073839187622
    ],
    [
        0.901060163974762,
        -0.003250568173825741,
        -0.43368178606033325,
        -0.5250246524810791,
        0.007810721639543772,
        0.9999313950538635,
        0.008733557537198067,
        0.008951879106462002,
        0.43362364172935486,
        -0.011256828904151917,
        0.901023805141449,
        1.962685465812683
    ],
    [
        0.8950856328010559,
        0.0005657645524479449,
        -0.44589394330978394,
        -0.5778353810310364,
        0.005189033690840006,
        0.9999182224273682,
        0.011685174889862537,
        0.013609785586595535,
        0.44586411118507385,
        -0.012772990390658379,
        0.8950095772743225,
        2.0601842403411865
    ],
    [
        0.8905839323997498,
        0.004954917822033167,
        -0.4547918736934662,
        -0.6406327486038208,
        0.0017798087792471051,
        0.9998950958251953,
        0.014379032887518406,
        0.014859157614409924,
        0.4548153877258301,
        -0.013615179806947708,
        0.8904815912246704,
        2.153083086013794
    ],
    [
        0.8851989507675171,
        0.007968379184603691,
        -0.46514442563056946,
        -0.6965302228927612,
        -0.00037548935506492853,
        0.9998651742935181,
        0.016414092853665352,
        0.014149880036711693,
        0.46521249413490295,
        -0.01435508020222187,
        0.8850826621055603,
        2.2417311668395996
    ],
    [
        0.8813770413398743,
        0.009940126910805702,
        -0.4723089635372162,
        -0.750608503818512,
        -0.002000122796744108,
        0.9998481869697571,
        0.017310185357928276,
        0.014644050970673561,
        0.47240930795669556,
        -0.014312122948467731,
        0.8812630772590637,
        2.3284473419189453
    ],
    [
        0.8787038326263428,
        0.011455672793090343,
        -0.47722986340522766,
        -0.8017463684082031,
        -0.003240494756028056,
        0.9998321533203125,
        0.018033897504210472,
        0.01592808961868286,
        0.47735634446144104,
        -0.014299992471933365,
        0.8785934448242188,
        2.417736530303955
    ],
    [
        0.8758081197738647,
        0.01286971103399992,
        -0.48248785734176636,
        -0.8527545928955078,
        -0.005446374416351318,
        0.9998443722724915,
        0.016783280298113823,
        0.01836632564663887,
        0.482628732919693,
        -0.012071123346686363,
        0.8757417798042297,
        2.5073254108428955
    ],
    [
        0.8730825781822205,
        0.013941035605967045,
        -0.4873729348182678,
        -0.9057019948959351,
        -0.007025557570159435,
        0.9998471140861511,
        0.016014453023672104,
        0.02073565684258938,
        0.4875216782093048,
        -0.010557876899838448,
        0.8730470538139343,
        2.594430446624756
    ]
]