[
    [
        0.9999830722808838,
        -0.00574990501627326,
        -0.0009520685416646302,
        0.12315788120031357,
        0.0057472228072583675,
        0.999979555606842,
        -0.0027964082546532154,
        0.027262184768915176,
        0.0009681278024800122,
        0.002790889237076044,
        0.9999957084655762,
        0.3656068444252014
    ],
    [
        0.9999269843101501,
        -0.007340862415730953,
        0.009600406512618065,
        0.1388935148715973,
        0.00733466912060976,
        0.9999728798866272,
        0.0006801375420764089,
        0.0015979093732312322,
        -0.009605138562619686,
        -0.0006096725701354444,
        0.9999537467956543,
        0.5251016616821289
    ],
    [
        0.9997862577438354,
        -0.009716385044157505,
        0.018246790394186974,
        0.1632731556892395,
        0.009646437130868435,
        0.9999457597732544,
        0.003917546011507511,
        -0.026991525664925575,
        -0.018283866345882416,
        -0.0037406913470476866,
        0.9998258948326111,
        0.7088524699211121
    ],
    [
        0.9995629787445068,
        -0.012335848063230515,
        0.026864580810070038,
        0.19569148123264313,
        0.01223759911954403,
        0.9999178647994995,
        0.0038185648154467344,
        -0.04634258151054382,
        -0.02690947987139225,
        -0.0034881383180618286,
        0.9996317625045776,
        0.8950209021568298
    ],
    [
        0.9989815354347229,
        -0.014817713759839535,
        0.04261760786175728,
        0.22374092042446136,
        0.014454015530645847,
        0.9998565316200256,
        0.008829505182802677,
        -0.08092432469129562,
        -0.042742323130369186,
        -0.00820451881736517,
        0.9990523457527161,
        1.0998419523239136
    ],
    [
        0.9977046847343445,
        -0.019153563305735588,
        0.06494889408349991,
        0.24655073881149292,
        0.01824335753917694,
        0.9997273087501526,
        0.014578443020582199,
        -0.1085774227976799,
        -0.06521041691303253,
        -0.013360096141695976,
        0.9977821707725525,
        1.2756353616714478
    ],
    [
        0.9939112067222595,
        -0.02850027196109295,
        0.10643390566110611,
        0.26147550344467163,
        0.026312189176678658,
        0.9994137287139893,
        0.021906377747654915,
        -0.14259904623031616,
        -0.1069958433508873,
        -0.01897248812019825,
        0.9940783977508545,
        1.478861927986145
    ],
    [
        0.988778293132782,
        -0.0357549786567688,
        0.14504826068878174,
        0.3027438223361969,
        0.03206217661499977,
        0.999101459980011,
        0.027718111872673035,
        -0.17402392625808716,
        -0.14590899646282196,
        -0.022756509482860565,
        0.9890362024307251,
        1.6391228437423706
    ],
    [
        0.9820806980133057,
        -0.045142535120248795,
        0.1829746514558792,
        0.3584361970424652,
        0.04022681713104248,
        0.9987252354621887,
        0.030490610748529434,
        -0.19620230793952942,
        -0.18411780893802643,
        -0.022583749145269394,
        0.9826447367668152,
        1.780415415763855
    ],
    [
        0.9744930863380432,
        -0.054391052573919296,
        0.21772617101669312,
        0.4211593568325043,
        0.04855229705572128,
        0.9983053207397461,
        0.03208155184984207,
        -0.2138078510761261,
        -0.219102144241333,
        -0.020692145451903343,
        0.9754825234413147,
        1.9109103679656982
    ],
    [
        0.9640250205993652,
        -0.06805095821619034,
        0.25695282220840454,
        0.5157716870307922,
        0.06060298904776573,
        0.9974831938743591,
        0.03680400550365448,
        -0.23949867486953735,
        -0.2588106691837311,
        -0.01990787498652935,
        0.9657228589057922,
        2.0869014263153076
    ],
    [
        0.9471310377120972,
        -0.086637943983078,
        0.30892810225486755,
        0.591825008392334,
        0.07733980566263199,
        0.9961094856262207,
        0.04224267974495888,
        -0.26139283180236816,
        -0.31138598918914795,
        -0.016116920858621597,
        0.9501468539237976,
        2.2685461044311523
    ],
    [
        0.9238436818122864,
        -0.10251086205244064,
        0.36878785490989685,
        0.6452580690383911,
        0.09025512635707855,
        0.9946434497833252,
        0.05038163438439369,
        -0.27872902154922485,
        -0.3719770610332489,
        -0.01325976476073265,
        0.9281471967697144,
        2.433276891708374
    ],
    [
        0.9073494076728821,
        -0.1024915799498558,
        0.4076918661594391,
        0.6892293691635132,
        0.08382002264261246,
        0.9944585561752319,
        0.0634537860751152,
        -0.29768988490104675,
        -0.41193607449531555,
        -0.023402005434036255,
        0.910912275314331,
        2.5243258476257324
    ],
    [
        0.8906145095825195,
        -0.10058984905481339,
        0.443494588136673,
        0.7411296963691711,
        0.07429739087820053,
        0.9943113923072815,
        0.07631953805685043,
        -0.3120734691619873,
        -0.44864872097969055,
        -0.03502078354358673,
        0.8930217623710632,
        2.616314649581909
    ],
    [
        0.8708089590072632,
        -0.11129150539636612,
        0.4788590967655182,
        0.8246590495109558,
        0.08319338411092758,
        0.99335116147995,
        0.07957664877176285,
        -0.3189948797225952,
        -0.4845314025878906,
        -0.029458139091730118,
        0.874277651309967,
        2.7378334999084473
    ],
    [
        0.8551230430603027,
        -0.12111435830593109,
        0.5040792226791382,
        0.9063447713851929,
        0.09127894043922424,
        0.9923120737075806,
        0.08357520401477814,
        -0.3306151032447815,
        -0.5103262066841125,
        -0.025455256924033165,
        0.8596041798591614,
        2.8372175693511963
    ],
    [
        0.8411960601806641,
        -0.12899747490882874,
        0.525117814540863,
        0.9722589254379272,
        0.09656792879104614,
        0.9913539886474609,
        0.08883644640445709,
        -0.3444882929325104,
        -0.5320373177528381,
        -0.02401932142674923,
        0.8463801145553589,
        2.923517942428589
    ],
    [
        0.8214658498764038,
        -0.13832791149616241,
        0.5532260537147522,
        1.032309889793396,
        0.10235436260700226,
        0.9901442527770996,
        0.09559202194213867,
        -0.3611810803413391,
        -0.5609968304634094,
        -0.02190045267343521,
        0.827528178691864,
        3.0203192234039307
    ],
    [
        0.8026126027107239,
        -0.14399288594722748,
        0.5788601040840149,
        1.0963062047958374,
        0.10336284339427948,
        0.9893193244934082,
        0.10277890413999557,
        -0.3827647566795349,
        -0.587476909160614,
        -0.02265898697078228,
        0.8089237213134766,
        3.1066973209381104
    ],
    [
        0.7847039699554443,
        -0.14894409477710724,
        0.6017101407051086,
        1.1821215152740479,
        0.10594591498374939,
        0.9886460304260254,
        0.10655761510133743,
        -0.40086379647254944,
        -0.6107496619224548,
        -0.01986740529537201,
        0.7915745973587036,
        3.2023417949676514
    ],
    [
        0.7679775953292847,
        -0.15406514704227448,
        0.6216704249382019,
        1.2766916751861572,
        0.11408501118421555,
        0.9880207180976868,
        0.10392135381698608,
        -0.4065414071083069,
        -0.6302341818809509,
        -0.008886019699275494,
        0.7763544321060181,
        3.2866175174713135
    ],
    [
        0.7465507984161377,
        -0.16225887835025787,
        0.645239531993866,
        1.3923331499099731,
        0.12552641332149506,
        0.9867393374443054,
        0.10290033370256424,
        -0.41809797286987305,
        -0.6533796191215515,
        0.004174266010522842,
        0.75701904296875,
        3.3858799934387207
    ],
    [
        0.7293615937232971,
        -0.1658649444580078,
        0.6637169122695923,
        1.5102163553237915,
        0.1314154416322708,
        0.9860652089118958,
        0.10200769454240799,
        -0.4316512644290924,
        -0.6713878512382507,
        0.012822185643017292,
        0.7409951686859131,
        3.478193998336792
    ],
    [
        0.714039146900177,
        -0.16514846682548523,
        0.6803486347198486,
        1.630854606628418,
        0.12723533809185028,
        0.9862076640129089,
        0.10585708171129227,
        -0.4485209584236145,
        -0.6884469985961914,
        0.010978254489600658,
        0.7252035140991211,
        3.5695509910583496
    ]
]