[
    [
        0.9999958276748657,
        0.0020669398363679647,
        0.002056768164038658,
        -0.03421331197023392,
        -0.002071741269901395,
        0.9999951124191284,
        0.002334904856979847,
        -0.07257358729839325,
        -0.00205193180590868,
        -0.0023391549475491047,
        0.9999951124191284,
        0.08264483511447906
    ],
    [
        0.9999958276748657,
        0.0019115392351523042,
        0.002184194279834628,
        -0.04307960718870163,
        -0.0019165033008903265,
        0.9999956488609314,
        0.002273381454870105,
        -0.08802475780248642,
        -0.0021798396483063698,
        -0.0022775575052946806,
        0.9999949932098389,
        0.10419906675815582
    ],
    [
        0.999995231628418,
        0.001996452221646905,
        0.002379461657255888,
        -0.0519307516515255,
        -0.002002276247367263,
        0.9999950528144836,
        0.002447751583531499,
        -0.10354872792959213,
        -0.0023745631333440542,
        -0.002452504588291049,
        0.999994158744812,
        0.12598757445812225
    ],
    [
        0.9999944567680359,
        0.0020275339484214783,
        0.0026562241837382317,
        -0.06412098556756973,
        -0.0020340122282505035,
        0.9999949932098389,
        0.0024384355638176203,
        -0.12332645058631897,
        -0.0026512674521654844,
        -0.0024438241962343454,
        0.9999934434890747,
        0.1543780118227005
    ],
    [
        0.9999942779541016,
        0.0019022615160793066,
        0.0028246690053492785,
        -0.07340486347675323,
        -0.0019091087160632014,
        0.9999952912330627,
        0.0024231646675616503,
        -0.13948097825050354,
        -0.002820046152919531,
        -0.0024285425897687674,
        0.999993085861206,
        0.17789499461650848
    ],
    [
        0.9999943375587463,
        0.0018241115612909198,
        0.0028610010631382465,
        -0.08272270113229752,
        -0.0018309078877791762,
        0.9999955296516418,
        0.0023748052772134542,
        -0.15552324056625366,
        -0.0028566564433276653,
        -0.0023800304625183344,
        0.999993085861206,
        0.20240439474582672
    ],
    [
        0.999992847442627,
        0.0018611772684380412,
        0.0032874264288693666,
        -0.09407767653465271,
        -0.001868726802058518,
        0.9999956488609314,
        0.002294711070135236,
        -0.17509420216083527,
        -0.003283141879364848,
        -0.002300838939845562,
        0.9999920129776001,
        0.23461419343948364
    ],
    [
        0.9999914169311523,
        0.00219134078361094,
        0.0035307412035763264,
        -0.10215795040130615,
        -0.002199172740802169,
        0.9999951720237732,
        0.0022157146595418453,
        -0.1910104751586914,
        -0.003525868058204651,
        -0.0022234597709029913,
        0.9999914169311523,
        0.2612951099872589
    ],
    [
        0.9999903440475464,
        0.0022048386745154858,
        0.003800119273364544,
        -0.11048903316259384,
        -0.002212404040619731,
        0.9999955296516418,
        0.001987782772630453,
        -0.20671384036540985,
        -0.0037957204040139914,
        -0.0019961711950600147,
        0.9999908208847046,
        0.28851956129074097
    ],
    [
        0.999989926815033,
        0.002313922392204404,
        0.0038546498399227858,
        -0.12132122367620468,
        -0.0023218707647174597,
        0.9999951720237732,
        0.002058919984847307,
        -0.2261948585510254,
        -0.003849866334348917,
        -0.0020678481087088585,
        0.9999904632568359,
        0.32283347845077515
    ],
    [
        0.9999892711639404,
        0.0021822648122906685,
        0.004103897139430046,
        -0.1305762231349945,
        -0.0021904173772782087,
        0.9999955892562866,
        0.0019829890225082636,
        -0.2415332794189453,
        -0.00409955158829689,
        -0.001991956727579236,
        0.9999896287918091,
        0.3507918119430542
    ],
    [
        0.9999889135360718,
        0.002170027932152152,
        0.004188914783298969,
        -0.1399444341659546,
        -0.0021786352153867483,
        0.9999955296516418,
        0.0020512898918241262,
        -0.2570810616016388,
        -0.00418444536626339,
        -0.0020603924058377743,
        0.9999891519546509,
        0.37925007939338684
    ],
    [
        0.9999881982803345,
        0.0021586292423307896,
        0.004354095086455345,
        -0.15138305723667145,
        -0.002167145488783717,
        0.9999957084655762,
        0.0019522381480783224,
        -0.27629032731056213,
        -0.004349862225353718,
        -0.001961651025339961,
        0.9999886751174927,
        0.41593030095100403
    ],
    [
        0.9999872446060181,
        0.002249894430860877,
        0.0045173210091888905,
        -0.15986020863056183,
        -0.002259692410007119,
        0.9999950528144836,
        0.0021649335976690054,
        -0.2921268343925476,
        -0.004512427840381861,
        -0.002175114117562771,
        0.9999873638153076,
        0.4450853168964386
    ],
    [
        0.9999861717224121,
        0.002300483174622059,
        0.004738818854093552,
        -0.16853956878185272,
        -0.0023110099136829376,
        0.9999948143959045,
        0.0022168776486068964,
        -0.30791807174682617,
        -0.004733694717288017,
        -0.0022277990356087685,
        0.9999864101409912,
        0.47540056705474854
    ],
    [
        0.9999850392341614,
        0.002274183090776205,
        0.004979549907147884,
        -0.1796978861093521,
        -0.002285130089148879,
        0.9999949336051941,
        0.002193792723119259,
        -0.32808396220207214,
        -0.004974535666406155,
        -0.0022051387932151556,
        0.9999850988388062,
        0.5139646530151367
    ],
    [
        0.9999834895133972,
        0.002205280587077141,
        0.005317228380590677,
        -0.18867431581020355,
        -0.0022168995346874,
        0.9999951124191284,
        0.0021801693364977837,
        -0.3440663516521454,
        -0.00531239528208971,
        -0.0021919216960668564,
        0.999983549118042,
        0.5456383228302002
    ],
    [
        0.9999821186065674,
        0.002044947352260351,
        0.005632800981402397,
        -0.19828897714614868,
        -0.0020569758489727974,
        0.9999956488609314,
        0.0021305219270288944,
        -0.35992246866226196,
        -0.005628419108688831,
        -0.0021420703269541264,
        0.9999818801879883,
        0.5784839987754822
    ],
    [
        0.9999810457229614,
        0.002072692383080721,
        0.005799139849841595,
        -0.2089451402425766,
        -0.0020852263551205397,
        0.9999954700469971,
        0.0021562492474913597,
        -0.38011986017227173,
        -0.005794644821435213,
        -0.002168300561606884,
        0.9999809265136719,
        0.620049774646759
    ],
    [
        0.9999801516532898,
        0.002068393165245652,
        0.005944394506514072,
        -0.2170923352241516,
        -0.002080983016639948,
        0.9999956488609314,
        0.0021125595085322857,
        -0.3962670862674713,
        -0.005939999129623175,
        -0.0021248874254524708,
        0.999980092048645,
        0.653753399848938
    ],
    [
        0.9999794960021973,
        0.0020233136601746082,
        0.006072277203202248,
        -0.22483614087104797,
        -0.0020365463569760323,
        0.9999955892562866,
        0.0021739068906754255,
        -0.41187992691993713,
        -0.0060678510926663876,
        -0.0021862287539988756,
        0.9999791383743286,
        0.688281774520874
    ],
    [
        0.9999779462814331,
        0.0020976036321371794,
        0.00629952410236001,
        -0.23417916893959045,
        -0.002111773705109954,
        0.9999952912330627,
        0.0022434843704104424,
        -0.43165484070777893,
        -0.006294788792729378,
        -0.0022567377891391516,
        0.999977707862854,
        0.7310929894447327
    ],
    [
        0.9999769926071167,
        0.0023112227208912373,
        0.006387325935065746,
        -0.2413751184940338,
        -0.0023262021131813526,
        0.9999946355819702,
        0.0023387938272207975,
        -0.4474441409111023,
        -0.006381885148584843,
        -0.002353598363697529,
        0.9999768733978271,
        0.7663770318031311
    ],
    [
        0.999976634979248,
        0.002288481220602989,
        0.0064428336918354034,
        -0.24971112608909607,
        -0.0023037123028188944,
        0.9999946355819702,
        0.0023576028179377317,
        -0.4631558954715729,
        -0.006437402684241533,
        -0.0023723894264549017,
        0.9999765157699585,
        0.8019018173217773
    ],
    [
        0.9999743103981018,
        0.002337759593501687,
        0.006781268864870071,
        -0.2621860206127167,
        -0.0023526803124696016,
        0.9999948143959045,
        0.002193232299759984,
        -0.4824460744857788,
        -0.0067761060781776905,
        -0.0022091297432780266,
        0.9999746084213257,
        0.8465378284454346
    ]
]