[
    [
        0.990993857383728,
        -0.013196916319429874,
        0.13325515389442444,
        0.11875580996274948,
        0.011796223931014538,
        0.9998666048049927,
        0.011295408010482788,
        -0.013990573585033417,
        -0.13338644802570343,
        -0.009621772915124893,
        0.9910174608230591,
        0.02637786604464054
    ],
    [
        0.9823042154312134,
        -0.02019941247999668,
        0.18619991838932037,
        0.23154422640800476,
        0.017824023962020874,
        0.9997371435165405,
        0.014422598294913769,
        -0.014626821503043175,
        -0.1864423006772995,
        -0.010848548263311386,
        0.9824060201644897,
        0.03313731774687767
    ],
    [
        0.9711675047874451,
        -0.02551574818789959,
        0.23702870309352875,
        0.3644031286239624,
        0.022044122219085693,
        0.9996076226234436,
        0.0172856617718935,
        -0.017918966710567474,
        -0.23737671971321106,
        -0.011562185361981392,
        0.9713488817214966,
        0.037443216890096664
    ],
    [
        0.9573814868927002,
        -0.026588285341858864,
        0.287600040435791,
        0.5250043869018555,
        0.0229303240776062,
        0.9996076822280884,
        0.01608062908053398,
        -0.015125520527362823,
        -0.28791478276252747,
        -0.008800532668828964,
        0.9576155543327332,
        0.05139920115470886
    ],
    [
        0.9411621689796448,
        -0.025935227051377296,
        0.33695873618125916,
        0.6810692548751831,
        0.02205931954085827,
        0.9996392130851746,
        0.015326719731092453,
        -0.0037971753627061844,
        -0.33723464608192444,
        -0.006991846952587366,
        0.941394567489624,
        0.1090359091758728
    ],
    [
        0.9238343238830566,
        -0.025474363937973976,
        0.38194406032562256,
        0.8132752776145935,
        0.020094966515898705,
        0.9996348023414612,
        0.01806715317070484,
        0.0006150402477942407,
        -0.3822648525238037,
        -0.009015901014208794,
        0.9240087866783142,
        0.24746938049793243
    ],
    [
        0.9072732329368591,
        -0.024240167811512947,
        0.419842392206192,
        0.9415322542190552,
        0.018386073410511017,
        0.9996691346168518,
        0.01798521913588047,
        0.004751230124384165,
        -0.42013946175575256,
        -0.00859825499355793,
        0.9074188470840454,
        0.4293009638786316
    ],
    [
        0.8949199318885803,
        -0.025136727839708328,
        0.44551822543144226,
        1.1178553104400635,
        0.018876448273658752,
        0.9996509552001953,
        0.01848418451845646,
        0.018100423738360405,
        -0.44582733511924744,
        -0.00813206285238266,
        0.8950820565223694,
        0.6299129128456116
    ],
    [
        0.8860757350921631,
        -0.030613845214247704,
        0.4625285267829895,
        1.3572651147842407,
        0.021801918745040894,
        0.9994648098945618,
        0.024386197328567505,
        0.007110039237886667,
        -0.46302756667137146,
        -0.01152400579303503,
        0.8862690329551697,
        0.8583629131317139
    ],
    [
        0.8779265880584717,
        -0.02896714210510254,
        0.47791817784309387,
        1.5426579713821411,
        0.016714192926883698,
        0.9994140267372131,
        0.02987191453576088,
        0.0035852885339409113,
        -0.47850337624549866,
        -0.01823733188211918,
        0.8778963088989258,
        1.0832884311676025
    ],
    [
        0.870732307434082,
        -0.02885129302740097,
        0.4909103512763977,
        1.7020577192306519,
        0.012680201791226864,
        0.9992626905441284,
        0.03623669594526291,
        -0.000413157424191013,
        -0.4915938973426819,
        -0.025327617302536964,
        0.8704561591148376,
        1.3438860177993774
    ],
    [
        0.8680388927459717,
        -0.0340128131210804,
        0.49532991647720337,
        1.8709152936935425,
        0.014317193999886513,
        0.9989506602287292,
        0.043504826724529266,
        -0.011831879615783691,
        -0.49628978967666626,
        -0.030672146007418633,
        0.8676148653030396,
        1.6027154922485352
    ],
    [
        0.8684136271476746,
        -0.03776460140943527,
        0.49440014362335205,
        2.0496158599853516,
        0.01603781431913376,
        0.9987128973007202,
        0.048115964978933334,
        -0.03762154281139374,
        -0.4955809414386749,
        -0.03385546803474426,
        0.8679016828536987,
        1.8483549356460571
    ],
    [
        0.8720360994338989,
        -0.03749481216073036,
        0.4880034625530243,
        2.1907429695129395,
        0.015094833448529243,
        0.9986474514007568,
        0.049755506217479706,
        -0.05321082845330238,
        -0.48920875787734985,
        -0.03602227568626404,
        0.8714227080345154,
        2.0884270668029785
    ],
    [
        0.8790712952613831,
        -0.03722326084971428,
        0.47523507475852966,
        2.3075108528137207,
        0.01576395519077778,
        0.9986713528633118,
        0.049062348902225494,
        -0.06431615352630615,
        -0.47642964124679565,
        -0.03563770651817322,
        0.8784900903701782,
        2.333944797515869
    ],
    [
        0.8927769064903259,
        -0.03335993364453316,
        0.44926223158836365,
        2.4135048389434814,
        0.017998123541474342,
        0.9990994930267334,
        0.03842205926775932,
        -0.078684963285923,
        -0.45013946294784546,
        -0.026216452941298485,
        0.8925731778144836,
        2.561323404312134
    ],
    [
        0.9136596918106079,
        -0.03157477453351021,
        0.4052518904209137,
        2.5300724506378174,
        0.022944584488868713,
        0.9993950128555298,
        0.026137208566069603,
        -0.10705292969942093,
        -0.40583184361457825,
        -0.014582185074687004,
        0.913831353187561,
        2.7856664657592773
    ],
    [
        0.9346662759780884,
        -0.03401358053088188,
        0.3538956642150879,
        2.618497133255005,
        0.028602655977010727,
        0.9993804097175598,
        0.020510483533143997,
        -0.12142195552587509,
        -0.3543739914894104,
        -0.009048093110322952,
        0.9350600242614746,
        2.981358766555786
    ],
    [
        0.9557293653488159,
        -0.03223290294408798,
        0.29247623682022095,
        2.687627077102661,
        0.027582507580518723,
        0.9994192123413086,
        0.020011043176054955,
        -0.12355342507362366,
        -0.29295146465301514,
        -0.011057917959988117,
        0.9560635089874268,
        3.1676533222198486
    ],
    [
        0.976279616355896,
        -0.03138754516839981,
        0.21422627568244934,
        2.7372677326202393,
        0.027576690539717674,
        0.9994041919708252,
        0.020755087956786156,
        -0.09627073258161545,
        -0.21475009620189667,
        -0.014355115592479706,
        0.9765635132789612,
        3.3263463973999023
    ],
    [
        0.9914337396621704,
        -0.03059472143650055,
        0.12697681784629822,
        2.7602486610412598,
        0.02839641086757183,
        0.9994143843650818,
        0.019087327644228935,
        -0.05554152652621269,
        -0.1274864673614502,
        -0.015318131074309349,
        0.991722047328949,
        3.4489216804504395
    ],
    [
        0.9988347887992859,
        -0.02882423996925354,
        0.038705818355083466,
        2.7616147994995117,
        0.028132364153862,
        0.999436616897583,
        0.01830253191292286,
        0.012095218524336815,
        -0.0392116941511631,
        -0.01719231903553009,
        0.9990831017494202,
        3.547818422317505
    ],
    [
        0.9987989068031311,
        -0.026325486600399017,
        -0.04132583737373352,
        2.7469539642333984,
        0.027131011709570885,
        0.9994503855705261,
        0.019053760915994644,
        0.09119080752134323,
        0.04080156609416008,
        -0.020152084529399872,
        0.9989641308784485,
        3.6457509994506836
    ],
    [
        0.9943443536758423,
        -0.018339866772294044,
        -0.10460836440324783,
        2.696733236312866,
        0.020280716940760612,
        0.9996408820152283,
        0.017520001158118248,
        0.19359442591667175,
        0.10424952208995819,
        -0.019542446359992027,
        0.9943591952323914,
        3.7626633644104004
    ],
    [
        0.9878088235855103,
        -0.004957555327564478,
        -0.1555931270122528,
        2.613924026489258,
        0.007921521551907063,
        0.9997987151145935,
        0.01843520998954773,
        0.2748364508152008,
        0.15547046065330505,
        -0.01944299414753914,
        0.9876492023468018,
        3.8928675651550293
    ]
]