[
    [
        0.9920342564582825,
        -0.0067765251733362675,
        0.1257859766483307,
        0.038750819861888885,
        0.003659609705209732,
        0.9996809363365173,
        0.024994082748889923,
        0.10837997496128082,
        -0.12591522932052612,
        -0.024334659799933434,
        0.9917424917221069,
        0.10075139254331589
    ],
    [
        0.9905214309692383,
        -0.007191308308392763,
        0.13716965913772583,
        0.046736836433410645,
        0.0034653288312256336,
        0.9996190071105957,
        0.027382779866456985,
        0.11710008978843689,
        -0.1373143047094345,
        -0.026647891849279404,
        0.9901690483093262,
        0.10319501161575317
    ],
    [
        0.9882194399833679,
        -0.007162849418818951,
        0.15287594497203827,
        0.059583116322755814,
        0.0023232013918459415,
        0.9994910955429077,
        0.03181254118680954,
        0.13341569900512695,
        -0.1530260145664215,
        -0.03108261153101921,
        0.9877332448959351,
        0.10870949923992157
    ],
    [
        0.9866364598274231,
        -0.007259769830852747,
        0.16277500987052917,
        0.06891848891973495,
        0.0015761012909933925,
        0.9993853569030762,
        0.03501931577920914,
        0.1446002870798111,
        -0.16292919218540192,
        -0.03429478406906128,
        0.9860414862632751,
        0.1118776723742485
    ],
    [
        0.9841665029525757,
        -0.007870460860431194,
        0.17707133293151855,
        0.0856662392616272,
        0.0010608304291963577,
        0.9992573857307434,
        0.03851883113384247,
        0.16099169850349426,
        -0.17724299430847168,
        -0.03772110119462013,
        0.9834439754486084,
        0.11662592738866806
    ],
    [
        0.9824603199958801,
        -0.00854382012039423,
        0.18627594411373138,
        0.09805366396903992,
        0.0009680477087385952,
        0.9991700649261475,
        0.04072271287441254,
        0.16926851868629456,
        -0.18646925687789917,
        -0.03982812166213989,
        0.9816532731056213,
        0.11874557286500931
    ],
    [
        0.9797750115394592,
        -0.00853094644844532,
        0.19992005825042725,
        0.1148294061422348,
        -0.00020579778356477618,
        0.9990472793579102,
        0.04363971948623657,
        0.18446017801761627,
        -0.20010189712047577,
        -0.042798254638910294,
        0.9788398742675781,
        0.1204727292060852
    ],
    [
        0.9778313040733337,
        -0.009062666445970535,
        0.2091984897851944,
        0.12478719651699066,
        -0.0005412648315541446,
        0.998950183391571,
        0.04580540210008621,
        0.19356420636177063,
        -0.20939397811889648,
        -0.04490318149328232,
        0.9767999053001404,
        0.12146170437335968
    ],
    [
        0.9749069809913635,
        -0.009199626743793488,
        0.22242268919944763,
        0.1397532969713211,
        -0.0016405284404754639,
        0.9988216757774353,
        0.048502933233976364,
        0.20584219694137573,
        -0.2226068079471588,
        -0.04765073210000992,
        0.9737431406974792,
        0.12150880694389343
    ],
    [
        0.972939133644104,
        -0.009212632663547993,
        0.23087796568870544,
        0.14990606904029846,
        -0.0023284016642719507,
        0.9987631440162659,
        0.04966532811522484,
        0.21256272494792938,
        -0.23104996979236603,
        -0.048858918249607086,
        0.9717142581939697,
        0.12232359498739243
    ],
    [
        0.9698705077171326,
        -0.009076869115233421,
        0.24345183372497559,
        0.16438713669776917,
        -0.003383822739124298,
        0.9987073540687561,
        0.05071641504764557,
        0.22280925512313843,
        -0.24359749257564545,
        -0.05001215636730194,
        0.9685860276222229,
        0.12337053567171097
    ],
    [
        0.9680044054985046,
        -0.009809955023229122,
        0.2507411241531372,
        0.17459766566753387,
        -0.0031943682115525007,
        0.9986727833747864,
        0.051404014229774475,
        0.2303413599729538,
        -0.250912606716156,
        -0.050560273230075836,
        0.9666884541511536,
        0.12280359119176865
    ],
    [
        0.9654181003570557,
        -0.011409246362745762,
        0.2604564130306244,
        0.1904420554637909,
        -0.0025127031840384007,
        0.9985882639884949,
        0.05305666849017143,
        0.2430579513311386,
        -0.26069405674934387,
        -0.05187632888555527,
        0.9640266299247742,
        0.12241683155298233
    ],
    [
        0.9627565145492554,
        -0.013138636015355587,
        0.2700504660606384,
        0.20747219026088715,
        -0.0015811616322025657,
        0.9985278844833374,
        0.05421788990497589,
        0.2541263997554779,
        -0.27036526799201965,
        -0.052625622600317,
        0.9613184332847595,
        0.12322279810905457
    ],
    [
        0.9610355496406555,
        -0.014274933375418186,
        0.2760560214519501,
        0.22115470468997955,
        -0.0008639832958579063,
        0.998505711555481,
        0.05464079976081848,
        0.2602790892124176,
        -0.27642348408699036,
        -0.05275025963783264,
        0.9595871567726135,
        0.12353935092687607
    ],
    [
        0.9581947326660156,
        -0.01579023338854313,
        0.28568077087402344,
        0.24112458527088165,
        6.96925344527699e-05,
        0.9984887838363647,
        0.054955027997493744,
        0.2708580195903778,
        -0.2861168086528778,
        -0.05263770744204521,
        0.9567479491233826,
        0.12663452327251434
    ],
    [
        0.9563544988632202,
        -0.017459550872445107,
        0.29168668389320374,
        0.25409817695617676,
        0.0013274940429255366,
        0.9984626173973083,
        0.05541272833943367,
        0.2777954339981079,
        -0.29220572113990784,
        -0.05260699987411499,
        0.9549074769020081,
        0.1284273862838745
    ],
    [
        0.9535878300666809,
        -0.019786100834608078,
        0.30046430230140686,
        0.2727040946483612,
        0.0029956246726214886,
        0.9984128475189209,
        0.05623997747898102,
        0.2885609269142151,
        -0.3011001646518707,
        -0.05272967368364334,
        0.9521334767341614,
        0.13248947262763977
    ],
    [
        0.9518162608146667,
        -0.020993998274207115,
        0.30594927072525024,
        0.284912109375,
        0.004091954790055752,
        0.9984346628189087,
        0.055781614035367966,
        0.2969433665275574,
        -0.30664142966270447,
        -0.051841918379068375,
        0.9504123330116272,
        0.13527068495750427
    ],
    [
        0.9489122629165649,
        -0.022782187908887863,
        0.3147165775299072,
        0.3023030459880829,
        0.005756158381700516,
        0.9984739422798157,
        0.05492348223924637,
        0.30852311849594116,
        -0.3154876232147217,
        -0.05030600354075432,
        0.9475953578948975,
        0.14013700187206268
    ],
    [
        0.9470067024230957,
        -0.024003639817237854,
        0.3203154504299164,
        0.3123955726623535,
        0.006997969932854176,
        0.9985089302062988,
        0.05413639917969704,
        0.31632930040359497,
        -0.32113736867904663,
        -0.04902598261833191,
        0.9457628130912781,
        0.14251106977462769
    ],
    [
        0.9446101784706116,
        -0.025938013568520546,
        0.3271680176258087,
        0.3281778395175934,
        0.008846297860145569,
        0.998522162437439,
        0.053621917963027954,
        0.3264382481575012,
        -0.3280753493309021,
        -0.047757577151060104,
        0.9434435963630676,
        0.14562095701694489
    ],
    [
        0.9427789449691772,
        -0.026882147416472435,
        0.33233290910720825,
        0.33755841851234436,
        0.009784476831555367,
        0.9985458254814148,
        0.05301447585225105,
        0.33231237530708313,
        -0.333274781703949,
        -0.04672922566533089,
        0.9416710138320923,
        0.1482178419828415
    ],
    [
        0.9399254322052002,
        -0.027408935129642487,
        0.34027770161628723,
        0.3512488901615143,
        0.01058292668312788,
        0.99863201379776,
        0.05120605602860451,
        0.33986276388168335,
        -0.34121572971343994,
        -0.04452873766422272,
        0.9389297962188721,
        0.1527540534734726
    ],
    [
        0.9372384548187256,
        -0.028398627415299416,
        0.3475307524204254,
        0.36388978362083435,
        0.011654057539999485,
        0.9986723065376282,
        0.050177693367004395,
        0.34560146927833557,
        -0.34849438071250916,
        -0.04297832399606705,
        0.9363248944282532,
        0.15657177567481995
    ]
]