[
    [
        0.9807934165000916,
        -0.06501977145671844,
        -0.18389295041561127,
        0.00939321517944336,
        0.04330914467573166,
        0.991864025592804,
        -0.11970798671245575,
        0.020337574183940887,
        0.1901801973581314,
        0.10944456607103348,
        0.9756296277046204,
        0.4677688777446747
    ],
    [
        0.9732166528701782,
        -0.08329123258590698,
        -0.21427074074745178,
        -0.11255471408367157,
        0.04767923802137375,
        0.9849218726158142,
        -0.16629956662654877,
        0.04952213913202286,
        0.22489124536514282,
        0.151629239320755,
        0.9625136852264404,
        0.7034720778465271
    ],
    [
        0.9679965972900391,
        -0.09822981059551239,
        -0.23094019293785095,
        -0.2872757315635681,
        0.0480276495218277,
        0.9757161736488342,
        -0.21370820701122284,
        0.05149240791797638,
        0.2463245987892151,
        0.1957773119211197,
        0.9492078423500061,
        0.9673036336898804
    ],
    [
        0.9670328497886658,
        -0.10730881243944168,
        -0.23093782365322113,
        -0.3935164511203766,
        0.04822215810418129,
        0.9676358103752136,
        -0.24770060181617737,
        0.05960118770599365,
        0.2500441372394562,
        0.22839829325675964,
        0.9409101009368896,
        1.1655397415161133
    ],
    [
        0.9669358134269714,
        -0.11217150092124939,
        -0.22902530431747437,
        -0.5361279249191284,
        0.047113191336393356,
        0.9611839056015015,
        -0.2718563973903656,
        0.03783664107322693,
        0.2506299614906311,
        0.2520776391029358,
        0.9346878528594971,
        1.482399821281433
    ],
    [
        0.9667484760284424,
        -0.11612357944250107,
        -0.22784386575222015,
        -0.6088290810585022,
        0.04738815128803253,
        0.9568735361099243,
        -0.2866136431694031,
        -0.0892585813999176,
        0.2513003647327423,
        0.2662861943244934,
        0.9305588006973267,
        1.7149970531463623
    ],
    [
        0.9669510722160339,
        -0.11772491037845612,
        -0.22615593671798706,
        -0.7020049691200256,
        0.04626017063856125,
        0.9533034563064575,
        -0.2984500527381897,
        -0.1347472071647644,
        0.2507302761077881,
        0.27812460064888,
        0.9272438883781433,
        1.9053661823272705
    ],
    [
        0.9670156836509705,
        -0.11665169149637222,
        -0.22643551230430603,
        -0.8574188351631165,
        0.04334774240851402,
        0.9513682723045349,
        -0.3049909174442291,
        -0.2355121672153473,
        0.251001238822937,
        0.285115510225296,
        0.925044596195221,
        2.09147047996521
    ],
    [
        0.9703815579414368,
        -0.11016726493835449,
        -0.21499517560005188,
        -0.9258823394775391,
        0.04040747880935669,
        0.9514443278312683,
        -0.30515727400779724,
        -0.3292554020881653,
        0.23817428946495056,
        0.2874315679073334,
        0.927715539932251,
        2.196498155593872
    ],
    [
        0.9746871590614319,
        -0.1004623994231224,
        -0.19973072409629822,
        -0.9888277649879456,
        0.03648202866315842,
        0.9528499841690063,
        -0.3012407720088959,
        -0.36656105518341064,
        0.22057677805423737,
        0.28632885217666626,
        0.9323956966400146,
        2.3702380657196045
    ],
    [
        0.9762892723083496,
        -0.09261950850486755,
        -0.19565515220165253,
        -1.015403389930725,
        0.035385861992836,
        0.959969162940979,
        -0.27786150574684143,
        -0.46354782581329346,
        0.21355830132961273,
        0.2643497884273529,
        0.9404850602149963,
        2.5077080726623535
    ],
    [
        0.9777572751045227,
        -0.07854858040809631,
        -0.19447600841522217,
        -1.0788713693618774,
        0.03243870288133621,
        0.972701370716095,
        -0.22978225350379944,
        -0.536192774772644,
        0.20721614360809326,
        0.2183627039194107,
        0.953613817691803,
        2.6148250102996826
    ],
    [
        0.980263888835907,
        -0.05922725796699524,
        -0.18861256539821625,
        -1.2194520235061646,
        0.02578539028763771,
        0.9842221736907959,
        -0.17504817247390747,
        -0.5588042140007019,
        0.19600430130958557,
        0.16672995686531067,
        0.9663246870040894,
        2.7562243938446045
    ],
    [
        0.9851686358451843,
        -0.03643697127699852,
        -0.16767531633377075,
        -1.314448595046997,
        0.016784776002168655,
        0.9929710626602173,
        -0.1171610951423645,
        -0.666844367980957,
        0.17076575756072998,
        0.11260905861854553,
        0.9788554906845093,
        2.8720507621765137
    ],
    [
        0.9910091757774353,
        -0.01564168371260166,
        -0.132876455783844,
        -1.390760898590088,
        0.0072751459665596485,
        0.9979732632637024,
        -0.06321845203638077,
        -0.7307153940200806,
        0.13359598815441132,
        0.061683379113674164,
        0.9891142845153809,
        2.984858751296997
    ],
    [
        0.9938752055168152,
        -0.0018076428677886724,
        -0.110493503510952,
        -1.4528450965881348,
        0.0006696710479445755,
        0.9999464154243469,
        -0.010335453785955906,
        -0.7805203199386597,
        0.11050628870725632,
        0.010198184289038181,
        0.9938231110572815,
        3.141038656234741
    ],
    [
        0.9954054951667786,
        0.0069903600960969925,
        -0.09549401700496674,
        -1.4895275831222534,
        -0.0028811548836529255,
        0.9990664720535278,
        0.043101850897073746,
        -0.8873888254165649,
        0.09570614248514175,
        -0.0426286943256855,
        0.9944965243339539,
        3.27168345451355
    ],
    [
        0.9969624876976013,
        0.014671579003334045,
        -0.0764886811375618,
        -1.5429757833480835,
        -0.008614405058324337,
        0.9968432784080505,
        0.07892695814371109,
        -0.9195260405540466,
        0.07740554958581924,
        -0.07802829891443253,
        0.993941605091095,
        3.3701820373535156
    ],
    [
        0.9984820485115051,
        0.023950060829520226,
        -0.04959745332598686,
        -1.657089114189148,
        -0.01837119646370411,
        0.9937580823898315,
        0.11003293097019196,
        -0.956902801990509,
        0.051923107355833054,
        -0.1089547723531723,
        0.9926896691322327,
        3.4946675300598145
    ],
    [
        0.9993958473205566,
        0.029212819412350655,
        -0.018827321007847786,
        -1.7224128246307373,
        -0.026478376239538193,
        0.9908998012542725,
        0.1319713294506073,
        -1.0897386074066162,
        0.02251129224896431,
        -0.13139307498931885,
        0.9910747408866882,
        3.582488536834717
    ],
    [
        0.9994841814041138,
        0.03162098675966263,
        0.005594704765826464,
        -1.765926480293274,
        -0.032104525715112686,
        0.9877639412879944,
        0.15261615812778473,
        -1.121271014213562,
        -0.0007002776255831122,
        -0.15271705389022827,
        0.9882697463035583,
        3.6777055263519287
    ],
    [
        0.9992415308952332,
        0.033223122358322144,
        0.020311960950493813,
        -1.8127856254577637,
        -0.03620785474777222,
        0.984660804271698,
        0.17068155109882355,
        -1.1716023683547974,
        -0.014329992234706879,
        -0.17128749191761017,
        0.9851167798042297,
        3.859567642211914
    ],
    [
        0.9990419149398804,
        0.033719297498464584,
        0.027894891798496246,
        -1.8489693403244019,
        -0.038236550986766815,
        0.9826223850250244,
        0.18163534998893738,
        -1.274693250656128,
        -0.021285468712449074,
        -0.18252801895141602,
        0.9829702973365784,
        3.9765212535858154
    ],
    [
        0.9988027811050415,
        0.03424089401960373,
        0.034936945885419846,
        -1.9126653671264648,
        -0.04034340754151344,
        0.9804837703704834,
        0.19241610169410706,
        -1.315929889678955,
        -0.027666546404361725,
        -0.19359508156776428,
        0.9806913733482361,
        4.092947006225586
    ],
    [
        0.9984058141708374,
        0.03611142188310623,
        0.04337933287024498,
        -2.0214054584503174,
        -0.0440945103764534,
        0.9787895679473877,
        0.20006687939167023,
        -1.3976410627365112,
        -0.03523446246981621,
        -0.20166067779064178,
        0.9788213968276978,
        4.2310566902160645
    ]
]