[
    [
        0.9994807243347168,
        -0.00371279614046216,
        0.0320093035697937,
        -0.10219980031251907,
        0.0037278702948242426,
        0.9999929666519165,
        -0.0004112270544283092,
        0.030017612501978874,
        -0.03200755640864372,
        0.0005303400103002787,
        0.9994875192642212,
        0.3848152160644531
    ],
    [
        0.9954546093940735,
        -0.00885795895010233,
        0.09482385218143463,
        -0.14194506406784058,
        0.008835737593472004,
        0.9999607801437378,
        0.0006542193004861474,
        0.04626569524407387,
        -0.09482593089342117,
        0.00018659325724001974,
        0.9954938888549805,
        0.5771453976631165
    ],
    [
        0.9851871728897095,
        -0.014018718153238297,
        0.17090873420238495,
        -0.16835829615592957,
        0.01391284167766571,
        0.999901533126831,
        0.0018172627314925194,
        0.06870418787002563,
        -0.17091739177703857,
        0.0005874817725270987,
        0.985285222530365,
        0.83452308177948
    ],
    [
        0.9709665775299072,
        -0.018918044865131378,
        0.238465815782547,
        -0.21140864491462708,
        0.018559323623776436,
        0.9998208284378052,
        0.003749672556295991,
        0.08328927308320999,
        -0.23849399387836456,
        0.0007849576068110764,
        0.9711436629295349,
        1.0457730293273926
    ],
    [
        0.9467586874961853,
        -0.02434532158076763,
        0.3210221230983734,
        -0.27520015835762024,
        0.023879261687397957,
        0.9997003674507141,
        0.005389432888478041,
        0.0907224789261818,
        -0.32105717062950134,
        0.0025632816832512617,
        0.9470562934875488,
        1.2824174165725708
    ],
    [
        0.915657639503479,
        -0.03035888262093067,
        0.4008108377456665,
        -0.33238011598587036,
        0.030464017763733864,
        0.9995171427726746,
        0.006111646071076393,
        0.07607613503932953,
        -0.400802880525589,
        0.006614132784307003,
        0.9161403775215149,
        1.4857392311096191
    ],
    [
        0.86856609582901,
        -0.0369446836411953,
        0.49419426918029785,
        -0.3555004596710205,
        0.03743661195039749,
        0.9992594122886658,
        0.008905712515115738,
        0.06773845106363297,
        -0.49415725469589233,
        0.010765762999653816,
        0.8693059086799622,
        1.717827320098877
    ],
    [
        0.8119304180145264,
        -0.04435837268829346,
        0.5820664167404175,
        -0.36893215775489807,
        0.04504922032356262,
        0.9988964200019836,
        0.013284726068377495,
        0.03971373662352562,
        -0.5820132493972778,
        0.015435364097356796,
        0.8130326867103577,
        1.9455528259277344
    ],
    [
        0.7510044574737549,
        -0.04982634261250496,
        0.658414363861084,
        -0.3783174455165863,
        0.051292210817337036,
        0.9985378980636597,
        0.01706039533019066,
        0.020801428705453873,
        -0.6583017706871033,
        0.02095908671617508,
        0.7524622678756714,
        2.1428070068359375
    ],
    [
        0.6746362447738647,
        -0.05620744824409485,
        0.7360071539878845,
        -0.40481430292129517,
        0.05779694765806198,
        0.9980577826499939,
        0.023242106661200523,
        -0.031288713216781616,
        -0.7358839511871338,
        0.026858998462557793,
        0.6765746474266052,
        2.3812081813812256
    ],
    [
        0.6101076006889343,
        -0.06099327653646469,
        0.7899672985076904,
        -0.3591362237930298,
        0.06416403502225876,
        0.9975613355636597,
        0.027466395869851112,
        -0.08527438342571259,
        -0.7897161245346069,
        0.033930037170648575,
        0.6125333905220032,
        2.5702948570251465
    ],
    [
        0.5537139773368835,
        -0.06613330543041229,
        0.8300766348838806,
        -0.23565590381622314,
        0.07021649926900864,
        0.9969992637634277,
        0.03259336203336716,
        -0.14660391211509705,
        -0.8297411203384399,
        0.0402376726269722,
        0.5566961169242859,
        2.765799045562744
    ],
    [
        0.5173830986022949,
        -0.06934531033039093,
        0.8529395461082458,
        -0.07759527117013931,
        0.07387567311525345,
        0.9966096878051758,
        0.03621378540992737,
        -0.1991899311542511,
        -0.8525591492652893,
        0.044275082647800446,
        0.520751953125,
        2.940053939819336
    ],
    [
        0.4966993033885956,
        -0.07121211290359497,
        0.8649963140487671,
        0.09502415359020233,
        0.07694606482982635,
        0.9963170289993286,
        0.037839215248823166,
        -0.24004270136356354,
        -0.8645050525665283,
        0.04776335507631302,
        0.5003494024276733,
        3.0976994037628174
    ],
    [
        0.4796854257583618,
        -0.07113338261842728,
        0.874552309513092,
        0.2906312346458435,
        0.07887843251228333,
        0.9961687922477722,
        0.03776104748249054,
        -0.2953016757965088,
        -0.8738879561424255,
        0.0508699044585228,
        0.4834585189819336,
        3.2773847579956055
    ],
    [
        0.47046905755996704,
        -0.07143090665340424,
        0.8795206546783447,
        0.48926252126693726,
        0.08084354549646378,
        0.9960155487060547,
        0.037647683173418045,
        -0.32729965448379517,
        -0.8787052631378174,
        0.05339149758219719,
        0.4743691384792328,
        3.4134037494659424
    ],
    [
        0.4682141840457916,
        -0.07163931429386139,
        0.8807060718536377,
        0.7330814003944397,
        0.08244476467370987,
        0.9959020018577576,
        0.03717917203903198,
        -0.3571750521659851,
        -0.8797603845596313,
        0.05520177632570267,
        0.4722016155719757,
        3.532630681991577
    ],
    [
        0.46727627515792847,
        -0.07098042964935303,
        0.8812574744224548,
        0.935494601726532,
        0.08358361572027206,
        0.9958542585372925,
        0.03589136153459549,
        -0.3947591781616211,
        -0.8801515698432922,
        0.05688750743865967,
        0.471271812915802,
        3.6298182010650635
    ],
    [
        0.4664604663848877,
        -0.07026296854019165,
        0.8817470073699951,
        1.139611005783081,
        0.08364925533533096,
        0.995876669883728,
        0.03510551527142525,
        -0.4350486397743225,
        -0.8805778622627258,
        0.057382140308618546,
        0.4704144597053528,
        3.755802869796753
    ],
    [
        0.4662374258041382,
        -0.06800254434347153,
        0.8820421695709229,
        1.319926142692566,
        0.0838065817952156,
        0.9959523677825928,
        0.03248545527458191,
        -0.47601696848869324,
        -0.880681037902832,
        0.05877501517534256,
        0.47004929184913635,
        3.887423038482666
    ],
    [
        0.466023325920105,
        -0.06717757135629654,
        0.882218599319458,
        1.4875482320785522,
        0.08391961455345154,
        0.9959743022918701,
        0.03150995448231697,
        -0.4996868073940277,
        -0.8807834982872009,
        0.05935107544064522,
        0.46978458762168884,
        3.9959943294525146
    ],
    [
        0.46772339940071106,
        -0.06722216308116913,
        0.8813148140907288,
        1.6841360330581665,
        0.08483012020587921,
        0.995914876461029,
        0.03094298578798771,
        -0.5341775417327881,
        -0.8797946572303772,
        0.06028930842876434,
        0.47151508927345276,
        4.101541519165039
    ],
    [
        0.47588467597961426,
        -0.06613969057798386,
        0.8770174384117126,
        1.842362642288208,
        0.08527941256761551,
        0.9959397315979004,
        0.028834080323576927,
        -0.563423216342926,
        -0.8753635287284851,
        0.061069827526807785,
        0.4795929193496704,
        4.1905364990234375
    ],
    [
        0.4843970835208893,
        -0.06529165804386139,
        0.872408390045166,
        2.005368947982788,
        0.08407607674598694,
        0.9960697889328003,
        0.027864065021276474,
        -0.5758887529373169,
        -0.8707988858222961,
        0.05985138937830925,
        0.4879826307296753,
        4.332414627075195
    ],
    [
        0.48793187737464905,
        -0.06415244936943054,
        0.8705210089683533,
        2.146113872528076,
        0.0824582651257515,
        0.9962233901023865,
        0.02719767391681671,
        -0.5997058153152466,
        -0.8689781427383423,
        0.05851105600595474,
        0.49137893319129944,
        4.5030012130737305
    ]
]