[
    [
        0.9753163456916809,
        0.021331466734409332,
        -0.219779372215271,
        -0.1675569713115692,
        -0.02605537138879299,
        0.9994871020317078,
        -0.018617313355207443,
        -0.026624159887433052,
        0.2192695438861847,
        0.023884203284978867,
        0.9753718972206116,
        0.23396942019462585
    ],
    [
        0.9616127610206604,
        0.026602478697896004,
        -0.2731175422668457,
        -0.20405641198158264,
        -0.033017273992300034,
        0.9992757439613342,
        -0.018917210400104523,
        -0.040119826793670654,
        0.27241647243499756,
        0.02720862627029419,
        0.9617947340011597,
        0.3510075807571411
    ],
    [
        0.9483083486557007,
        0.029194790869951248,
        -0.31600460410118103,
        -0.2472950667142868,
        -0.03677132725715637,
        0.999160885810852,
        -0.018038542941212654,
        -0.05827903002500534,
        0.31521278619766235,
        0.028726011514663696,
        0.9485862255096436,
        0.4654439389705658
    ],
    [
        0.9377757906913757,
        0.03174188733100891,
        -0.34578737616539,
        -0.30417710542678833,
        -0.040611185133457184,
        0.9990050196647644,
        -0.01843295432627201,
        -0.07354646921157837,
        0.34485819935798645,
        0.03132881224155426,
        0.9381318688392639,
        0.5767809748649597
    ],
    [
        0.9311912059783936,
        0.032763607800006866,
        -0.36305585503578186,
        -0.3679618835449219,
        -0.04317084699869156,
        0.9988555312156677,
        -0.020586906000971794,
        -0.0862279012799263,
        0.3619658946990967,
        0.034843772649765015,
        0.9315398931503296,
        0.683977484703064
    ],
    [
        0.9281758666038513,
        0.03186536207795143,
        -0.37077513337135315,
        -0.41741639375686646,
        -0.04321962967514992,
        0.9988154768943787,
        -0.022352633997797966,
        -0.10362499952316284,
        0.36962369084358215,
        0.03677194193005562,
        0.9284536242485046,
        0.7812816500663757
    ],
    [
        0.9279422163963318,
        0.030751923099160194,
        -0.37145325541496277,
        -0.45684728026390076,
        -0.04373761638998985,
        0.9986893534660339,
        -0.026583053171634674,
        -0.11852036416530609,
        0.3701489567756653,
        0.04091402143239975,
        0.9280710816383362,
        0.883912980556488
    ],
    [
        0.9302418828010559,
        0.030189931392669678,
        -0.36570286750793457,
        -0.5003145933151245,
        -0.04460238292813301,
        0.9985229969024658,
        -0.031024262309074402,
        -0.13391929864883423,
        0.3642261028289795,
        0.04517129063606262,
        0.9302144646644592,
        1.0072541236877441
    ],
    [
        0.9349754452705383,
        0.02967510186135769,
        -0.35346880555152893,
        -0.5440880060195923,
        -0.04509446769952774,
        0.9983529448509216,
        -0.035465631633996964,
        -0.15182940661907196,
        0.351834237575531,
        0.04909898713231087,
        0.9347738027572632,
        1.1231184005737305
    ],
    [
        0.941692590713501,
        0.030361348763108253,
        -0.33510199189186096,
        -0.5891980528831482,
        -0.04593701288104057,
        0.9981963038444519,
        -0.03865078464150429,
        -0.16748575866222382,
        0.3333241045475006,
        0.0517907477915287,
        0.9413887858390808,
        1.223710060119629
    ],
    [
        0.948954701423645,
        0.0314013808965683,
        -0.3138454258441925,
        -0.6426821351051331,
        -0.046483881771564484,
        0.9980900883674622,
        -0.04068785905838013,
        -0.18101871013641357,
        0.3119683265686035,
        0.053199682384729385,
        0.9486019015312195,
        1.3263911008834839
    ],
    [
        0.9559481143951416,
        0.031143996864557266,
        -0.291878879070282,
        -0.6932770609855652,
        -0.044680818915367126,
        0.9982070922851562,
        -0.03982604295015335,
        -0.20005452632904053,
        0.29011526703834534,
        0.05111301317811012,
        0.9556257128715515,
        1.4287407398223877
    ],
    [
        0.9612265229225159,
        0.03323221206665039,
        -0.273750364780426,
        -0.7366586923599243,
        -0.04552013799548149,
        0.9982151985168457,
        -0.038656629621982574,
        -0.2149311751127243,
        0.27197712659835815,
        0.049618929624557495,
        0.9610235691070557,
        1.5476269721984863
    ],
    [
        0.965374231338501,
        0.03418726846575737,
        -0.2586190700531006,
        -0.7749183773994446,
        -0.04524792358279228,
        0.9982927441596985,
        -0.03693569824099541,
        -0.22920630872249603,
        0.25691479444503784,
        0.04735874757170677,
        0.9652729630470276,
        1.6764739751815796
    ],
    [
        0.9691415429115295,
        0.03529192879796028,
        -0.2439655363559723,
        -0.8205969333648682,
        -0.04511447250843048,
        0.9983758330345154,
        -0.034790560603141785,
        -0.2443215399980545,
        0.24234148859977722,
        0.044723354279994965,
        0.9691596627235413,
        1.8043980598449707
    ],
    [
        0.9723289608955383,
        0.03614778444170952,
        -0.23080222308635712,
        -0.8657508492469788,
        -0.0447099395096302,
        0.9984882473945618,
        -0.03197384998202324,
        -0.259387344121933,
        0.22929751873016357,
        0.04140825197100639,
        0.9724752306938171,
        1.909623384475708
    ],
    [
        0.974902331829071,
        0.03827761486172676,
        -0.21931730210781097,
        -0.915382981300354,
        -0.04579329490661621,
        0.9985215067863464,
        -0.029286189004778862,
        -0.26858219504356384,
        0.21787205338478088,
        0.03859443590044975,
        0.9752139449119568,
        2.001864194869995
    ],
    [
        0.9760905504226685,
        0.03850017115473747,
        -0.21392756700515747,
        -0.9532040953636169,
        -0.04469149932265282,
        0.998708188533783,
        -0.024178843945264816,
        -0.28717416524887085,
        0.21272031962871552,
        0.03316149115562439,
        0.976550281047821,
        2.0962305068969727
    ],
    [
        0.9757452011108398,
        0.04168683663010597,
        -0.21490350365638733,
        -0.9871901869773865,
        -0.04691564664244652,
        0.9987127184867859,
        -0.01928560622036457,
        -0.30109113454818726,
        0.21382293105125427,
        0.028900180011987686,
        0.9764449000358582,
        2.228933572769165
    ],
    [
        0.9741382002830505,
        0.04463557153940201,
        -0.221500426530838,
        -1.0083473920822144,
        -0.0488068126142025,
        0.9987185001373291,
        -0.013391416519880295,
        -0.3131566047668457,
        0.2206188291311264,
        0.023855818435549736,
        0.9750683903694153,
        2.3560538291931152
    ],
    [
        0.9722975492477417,
        0.046879421919584274,
        -0.22899730503559113,
        -1.0303747653961182,
        -0.04967193305492401,
        0.998744785785675,
        -0.006442511919885874,
        -0.32427549362182617,
        0.2284078449010849,
        0.01763877645134926,
        0.9734058380126953,
        2.4766159057617188
    ],
    [
        0.9707293510437012,
        0.04902546480298042,
        -0.23511923849582672,
        -1.0490758419036865,
        -0.04998157173395157,
        0.998748242855072,
        0.0018948887009173632,
        -0.33580639958381653,
        0.23491783440113068,
        0.009912203997373581,
        0.9719646573066711,
        2.568779230117798
    ],
    [
        0.9695371389389038,
        0.05186326801776886,
        -0.23939074575901031,
        -1.070936918258667,
        -0.05083392560482025,
        0.9986522197723389,
        0.010476524941623211,
        -0.3445988595485687,
        0.2396114319562912,
        0.0020117962267249823,
        0.9708667397499084,
        2.6353647708892822
    ],
    [
        0.9688982367515564,
        0.054051946848630905,
        -0.24148432910442352,
        -1.0943742990493774,
        -0.05107014253735542,
        0.9985219240188599,
        0.018594544380903244,
        -0.35168758034706116,
        0.24213245511054993,
        -0.0056835804134607315,
        0.9702265858650208,
        2.6962320804595947
    ],
    [
        0.9682319760322571,
        0.05747317522764206,
        -0.2433592975139618,
        -1.1175816059112549,
        -0.05183307081460953,
        0.9982193112373352,
        0.029521789401769638,
        -0.36010825634002686,
        0.24462264776229858,
        -0.01596987619996071,
        0.9694868326187134,
        2.763580560684204
    ]
]