[
    [
        0.999948263168335,
        -0.00613194378092885,
        -0.00812547467648983,
        0.06547138094902039,
        0.006173586938530207,
        0.9999679327011108,
        0.005109799560159445,
        -0.023766230791807175,
        0.008093880489468575,
        -0.005159697961062193,
        0.9999539852142334,
        0.6422214508056641
    ],
    [
        0.9999487996101379,
        -0.007998737506568432,
        -0.006198684684932232,
        0.07444219291210175,
        0.008033689111471176,
        0.9999518990516663,
        0.005634111352264881,
        -0.030318930745124817,
        0.006153320427983999,
        -0.005683620925992727,
        0.9999649524688721,
        0.7767869234085083
    ],
    [
        0.999952495098114,
        -0.008684221655130386,
        -0.004433822352439165,
        0.08438321948051453,
        0.0087093161419034,
        0.9999460577964783,
        0.005672086495906115,
        -0.03356369957327843,
        0.004384324885904789,
        -0.005710432305932045,
        0.9999741315841675,
        0.9387996792793274
    ],
    [
        0.9999490976333618,
        -0.009674902074038982,
        -0.002868506358936429,
        0.09779438376426697,
        0.009692429564893246,
        0.9999339580535889,
        0.006160345859825611,
        -0.03647862747311592,
        0.0028087138198316097,
        -0.006187833845615387,
        0.9999768733978271,
        1.070543646812439
    ],
    [
        0.9999315142631531,
        -0.011403163895010948,
        0.002608074340969324,
        0.1257573813199997,
        0.011384764686226845,
        0.9999109506607056,
        0.006964581552892923,
        -0.04825237765908241,
        -0.0026872577145695686,
        -0.006934414152055979,
        0.9999723434448242,
        1.2383408546447754
    ],
    [
        0.9998825192451477,
        -0.01335699949413538,
        0.007517628371715546,
        0.1504187285900116,
        0.013305820524692535,
        0.9998881816864014,
        0.006817145738750696,
        -0.0631277933716774,
        -0.007607847452163696,
        -0.006716313771903515,
        0.9999484419822693,
        1.3922958374023438
    ],
    [
        0.9997581839561462,
        -0.01458398625254631,
        0.01645435206592083,
        0.16338515281677246,
        0.014463935978710651,
        0.9998680949211121,
        0.007391511928290129,
        -0.07298940420150757,
        -0.016559982672333717,
        -0.007151729892939329,
        0.9998372793197632,
        1.5138880014419556
    ],
    [
        0.9994811415672302,
        -0.0157350841909647,
        0.028104765340685844,
        0.17677587270736694,
        0.015556283295154572,
        0.9998574256896973,
        0.006569338496774435,
        -0.07304704189300537,
        -0.02820412442088127,
        -0.0061287241987884045,
        0.9995834827423096,
        1.6718506813049316
    ],
    [
        0.9988812208175659,
        -0.01616521179676056,
        0.04444168508052826,
        0.18446440994739532,
        0.015859266743063927,
        0.9998480677604675,
        0.007228206377476454,
        -0.08499322831630707,
        -0.044551778584718704,
        -0.006515305954962969,
        0.9989858269691467,
        1.8390377759933472
    ],
    [
        0.9979287981987,
        -0.017785709351301193,
        0.06182066351175308,
        0.19243170320987701,
        0.01746945269405842,
        0.9998313784599304,
        0.005652523133903742,
        -0.08932007849216461,
        -0.06191077455878258,
        -0.004560842178761959,
        0.9980713129043579,
        1.9650298357009888
    ],
    [
        0.9964046478271484,
        -0.0191265307366848,
        0.08253476023674011,
        0.20273587107658386,
        0.018898243084549904,
        0.9998151659965515,
        0.0035463408567011356,
        -0.09020508825778961,
        -0.082587331533432,
        -0.0019738299306482077,
        0.9965819716453552,
        2.1177453994750977
    ],
    [
        0.9949595332145691,
        -0.01989455334842205,
        0.09828489273786545,
        0.2092943787574768,
        0.019782736897468567,
        0.9998020529747009,
        0.0021121783647686243,
        -0.09469365328550339,
        -0.09830746054649353,
        -0.00015718922077212483,
        0.9951560497283936,
        2.241856813430786
    ],
    [
        0.9929636716842651,
        -0.02130276896059513,
        0.11648807674646378,
        0.22237549722194672,
        0.021457567811012268,
        0.9997698068618774,
        -7.485044625354931e-05,
        -0.10176447778940201,
        -0.11645965278148651,
        0.0025738736148923635,
        0.9931920170783997,
        2.402918815612793
    ],
    [
        0.9909166097640991,
        -0.0234671700745821,
        0.13241463899612427,
        0.2500244677066803,
        0.02407230995595455,
        0.9997058510780334,
        -0.002970859408378601,
        -0.10828202217817307,
        -0.13230597972869873,
        0.006131398491561413,
        0.9911899566650391,
        2.5644264221191406
    ],
    [
        0.9892746806144714,
        -0.025583995506167412,
        0.14380918443202972,
        0.2726607918739319,
        0.026578005403280258,
        0.9996342658996582,
        -0.00499488040804863,
        -0.11812452971935272,
        -0.1436288058757782,
        0.008763468824326992,
        0.9895928502082825,
        2.689683437347412
    ],
    [
        0.9868016839027405,
        -0.02646729163825512,
        0.15975570678710938,
        0.2967863380908966,
        0.027768688276410103,
        0.9995968341827393,
        -0.005918807350099087,
        -0.13002078235149384,
        -0.15953464806079865,
        0.010276895947754383,
        0.9871388077735901,
        2.8450393676757812
    ],
    [
        0.9841514229774475,
        -0.025531021878123283,
        0.17548280954360962,
        0.3187315762042999,
        0.02707366645336151,
        0.9996129274368286,
        -0.0064020464196801186,
        -0.13801886141300201,
        -0.17525143921375275,
        0.011051547713577747,
        0.9844615459442139,
        3.0054714679718018
    ],
    [
        0.9821078777313232,
        -0.02570001780986786,
        0.18655714392662048,
        0.34172770380973816,
        0.02764938957989216,
        0.9995868802070618,
        -0.007854348979890347,
        -0.14316150546073914,
        -0.18627822399139404,
        0.01287201140075922,
        0.9824126958847046,
        3.1341300010681152
    ],
    [
        0.9784386157989502,
        -0.024012433364987373,
        0.2051372528076172,
        0.383830726146698,
        0.027257710695266724,
        0.9995437860488892,
        -0.013008448295295238,
        -0.14625652134418488,
        -0.2047313004732132,
        0.018319539725780487,
        0.9786466956138611,
        3.3370368480682373
    ],
    [
        0.9754866361618042,
        -0.020999480038881302,
        0.21905428171157837,
        0.4190329909324646,
        0.025314142927527428,
        0.9995365738868713,
        -0.016908418387174606,
        -0.14494775235652924,
        -0.2185976803302765,
        0.022039107978343964,
        0.9755661487579346,
        3.4742813110351562
    ],
    [
        0.9684898853302002,
        -0.013758756220340729,
        0.24867257475852966,
        0.5173419713973999,
        0.020571453496813774,
        0.9994802474975586,
        -0.024818332865834236,
        -0.1403791308403015,
        -0.2482018619775772,
        0.029151860624551773,
        0.9682695865631104,
        3.7714409828186035
    ],
    [
        0.964728832244873,
        -0.009113891050219536,
        0.2630877196788788,
        0.5624837875366211,
        0.01711459830403328,
        0.999457597732544,
        -0.028135089203715324,
        -0.14362171292304993,
        -0.26268863677978516,
        0.03164537996053696,
        0.9643616080284119,
        3.9006054401397705
    ],
    [
        0.9612659215927124,
        -0.005596737843006849,
        0.2755658030509949,
        0.5969496965408325,
        0.014490772038698196,
        0.9994372725486755,
        -0.03025011345744133,
        -0.14710946381092072,
        -0.2752414643764496,
        0.03307155892252922,
        0.960806131362915,
        4.005838871002197
    ],
    [
        0.9567752480506897,
        -0.0030551187228411436,
        0.2908124029636383,
        0.6414483189582825,
        0.012059701606631279,
        0.9995015263557434,
        -0.029176289215683937,
        -0.1547280102968216,
        -0.29057833552360535,
        0.03142226114869118,
        0.956335186958313,
        4.14719295501709
    ],
    [
        0.952141284942627,
        -0.0003582562494557351,
        0.3056581914424896,
        0.6863662004470825,
        0.009506568312644958,
        0.9995502829551697,
        -0.02844190038740635,
        -0.1602669656276703,
        -0.3055105209350586,
        0.029986465349793434,
        0.9517163634300232,
        4.299289703369141
    ]
]