[
    [
        0.8909672498703003,
        -0.042489755898714066,
        0.4520750939846039,
        0.02171175926923752,
        0.040606964379549026,
        0.9990788698196411,
        0.013871907256543636,
        0.11340459436178207,
        -0.45224806666374207,
        0.005997980013489723,
        0.891871988773346,
        -0.5067369937896729
    ],
    [
        0.8618569374084473,
        -0.04808222874999046,
        0.5048671960830688,
        0.01221007015556097,
        0.04561448097229004,
        0.9988101124763489,
        0.01725575141608715,
        0.12023744732141495,
        -0.5050961375236511,
        0.00815726537257433,
        0.8630244731903076,
        -0.535944938659668
    ],
    [
        0.8340184092521667,
        -0.05267821252346039,
        0.5492160320281982,
        0.005515224300324917,
        0.04915512725710869,
        0.9985675811767578,
        0.02113279514014721,
        0.12376094609498978,
        -0.5495425462722778,
        0.009371641092002392,
        0.8354131579399109,
        -0.5645366311073303
    ],
    [
        0.8032564520835876,
        -0.058271292597055435,
        0.5927761793136597,
        0.010804878547787666,
        0.0537627749145031,
        0.9982337355613708,
        0.025276124477386475,
        0.12601374089717865,
        -0.5932021141052246,
        0.011566082946956158,
        0.8049705028533936,
        -0.5919378995895386
    ],
    [
        0.7726141214370728,
        -0.06365750730037689,
        0.631676435470581,
        0.0333920419216156,
        0.058028556406497955,
        0.9978764057159424,
        0.02958580292761326,
        0.12235958129167557,
        -0.6322184205055237,
        0.013796862214803696,
        0.7746673226356506,
        -0.6092421412467957
    ],
    [
        0.74079829454422,
        -0.06924107670783997,
        0.6681494116783142,
        0.06297644972801208,
        0.06246263161301613,
        0.997464120388031,
        0.0341140478849411,
        0.12071894854307175,
        -0.6688171029090881,
        0.016462748870253563,
        0.7432445883750916,
        -0.6243953704833984
    ],
    [
        0.7028952836990356,
        -0.07394959777593613,
        0.7074387669563293,
        0.09535418450832367,
        0.06611181050539017,
        0.9970677495002747,
        0.03853771463036537,
        0.12310825288295746,
        -0.7082142233848572,
        0.01968207396566868,
        0.7057231664657593,
        -0.6442157626152039
    ],
    [
        0.6681467890739441,
        -0.07827728986740112,
        0.7399002909660339,
        0.1260174959897995,
        0.06940828263759613,
        0.9966712594032288,
        0.04276495799422264,
        0.13144458830356598,
        -0.7407850027084351,
        0.022781938314437866,
        0.6713557243347168,
        -0.6682780385017395
    ],
    [
        0.6230735778808594,
        -0.08291489630937576,
        0.7777560353279114,
        0.1717914342880249,
        0.07357888668775558,
        0.9961692094802856,
        0.04725417494773865,
        0.14880876243114471,
        -0.7786946892738342,
        0.027783595025539398,
        0.6267876029014587,
        -0.7080563902854919
    ],
    [
        0.5831300020217896,
        -0.08762884885072708,
        0.807638943195343,
        0.22667735815048218,
        0.07645031064748764,
        0.9956727027893066,
        0.05283201113343239,
        0.1664462685585022,
        -0.8087735772132874,
        0.030936317518353462,
        0.5873059034347534,
        -0.752723217010498
    ],
    [
        0.549887478351593,
        -0.0908394381403923,
        0.8302841782569885,
        0.29478776454925537,
        0.07826200872659683,
        0.9952985048294067,
        0.057061243802309036,
        0.18617947399616241,
        -0.8315640687942505,
        0.033602431416511536,
        0.5544114708900452,
        -0.8049176931381226
    ],
    [
        0.5103113651275635,
        -0.09669667482376099,
        0.8545361757278442,
        0.415420800447464,
        0.08043072372674942,
        0.9946696162223816,
        0.06452217698097229,
        0.19294746220111847,
        -0.8562202453613281,
        0.035804588347673416,
        0.515368640422821,
        -0.8641965389251709
    ],
    [
        0.4805642068386078,
        -0.10008835792541504,
        0.8712291717529297,
        0.560640811920166,
        0.08161237090826035,
        0.9942585825920105,
        0.06920534372329712,
        0.19219450652599335,
        -0.873153805732727,
        0.037845462560653687,
        0.4859735071659088,
        -0.9080555438995361
    ],
    [
        0.45730116963386536,
        -0.1040436401963234,
        0.8832047581672668,
        0.7239865064620972,
        0.08269394189119339,
        0.9938046336174011,
        0.07425574213266373,
        0.1589217483997345,
        -0.8854588866233826,
        0.039078451693058014,
        0.4630718529224396,
        -0.8973936438560486
    ],
    [
        0.4132162928581238,
        -0.10914251953363419,
        0.904068648815155,
        0.9404236078262329,
        0.0839274525642395,
        0.9931305646896362,
        0.08153427392244339,
        0.08648648113012314,
        -0.906757116317749,
        0.04218487814068794,
        0.4195377826690674,
        -0.8204228281974792
    ],
    [
        0.3832010328769684,
        -0.11425898224115372,
        0.9165706634521484,
        1.1718207597732544,
        0.08688128739595413,
        0.9923786520957947,
        0.08738569915294647,
        0.02886936441063881,
        -0.9195697903633118,
        0.046146541833877563,
        0.3902074992656708,
        -0.7849008440971375
    ],
    [
        0.3599056601524353,
        -0.1192978248000145,
        0.9253301024436951,
        1.4405536651611328,
        0.09019050747156143,
        0.9915952682495117,
        0.0927615538239479,
        -0.06462351232767105,
        -0.9286191463470459,
        0.05007058382034302,
        0.3676403760910034,
        -0.7525242567062378
    ],
    [
        0.347507506608963,
        -0.1265588253736496,
        0.929097056388855,
        1.6672612428665161,
        0.09090795367956161,
        0.9907292127609253,
        0.10095212608575821,
        -0.13389059901237488,
        -0.9332600831985474,
        0.04938074201345444,
        0.35579100251197815,
        -0.7235568761825562
    ],
    [
        0.3397662043571472,
        -0.16398730874061584,
        0.9261031150817871,
        1.9104969501495361,
        0.09100855141878128,
        0.9857935309410095,
        0.14116786420345306,
        -0.195722296833992,
        -0.9360963702201843,
        0.03631921857595444,
        0.34986352920532227,
        -0.6693800687789917
    ],
    [
        0.3329605162143707,
        -0.22085581719875336,
        0.9167114496231079,
        2.1618242263793945,
        0.09229731559753418,
        0.975148618221283,
        0.20141109824180603,
        -0.23028814792633057,
        -0.9384127855300903,
        0.01754806376993656,
        0.345070481300354,
        -0.6331089735031128
    ],
    [
        0.33210304379463196,
        -0.2763691842556,
        0.9018470048904419,
        2.409264087677002,
        0.09501324594020844,
        0.9610514044761658,
        0.2595239281654358,
        -0.27276304364204407,
        -0.9384455680847168,
        -0.0005012731999158859,
        0.3454267084598541,
        -0.607371985912323
    ],
    [
        0.331844300031662,
        -0.3142847716808319,
        0.8894404768943787,
        2.653951644897461,
        0.09500527381896973,
        0.9492096304893494,
        0.29995840787887573,
        -0.2971363365650177,
        -0.9385378956794739,
        -0.015037985518574715,
        0.3448484241962433,
        -0.5509846806526184
    ],
    [
        0.3313613533973694,
        -0.3343428373336792,
        0.8822780251502991,
        2.9346261024475098,
        0.09493348002433777,
        0.9421771764755249,
        0.32138726115226746,
        -0.3323216140270233,
        -0.9387157559394836,
        -0.02273762784898281,
        0.3439413011074066,
        -0.43975818157196045
    ],
    [
        0.3314639627933502,
        -0.3401058614253998,
        0.8800338506698608,
        3.152280330657959,
        0.09563625603914261,
        0.9400724768638611,
        0.3272877335548401,
        -0.33463430404663086,
        -0.9386082291603088,
        -0.02432103641331196,
        0.34412670135498047,
        -0.3663468658924103
    ],
    [
        0.33136603236198425,
        -0.3418499529361725,
        0.8793947696685791,
        3.4129903316497803,
        0.09731505811214447,
        0.9394659399986267,
        0.32853221893310547,
        -0.3337133526802063,
        -0.938470184803009,
        -0.023286007344722748,
        0.3445744514465332,
        -0.30755943059921265
    ]
]