[
    [
        0.9951309561729431,
        -0.016216203570365906,
        0.09721828997135162,
        0.2040288895368576,
        0.01621987670660019,
        0.9998682141304016,
        0.0007525460096076131,
        -0.056955575942993164,
        -0.09721767902374268,
        0.0008279871544800699,
        0.9952627420425415,
        0.23783688247203827
    ],
    [
        0.9908919930458069,
        -0.021032318472862244,
        0.13300614058971405,
        0.24323946237564087,
        0.021930979564785957,
        0.9997454285621643,
        -0.005294996779412031,
        -0.06362292170524597,
        -0.13286088407039642,
        0.008163725025951862,
        0.991101086139679,
        0.3232194185256958
    ],
    [
        0.9866527318954468,
        -0.02629275992512703,
        0.16070163249969482,
        0.29448768496513367,
        0.028681816533207893,
        0.9995096325874329,
        -0.01256445050239563,
        -0.06940270960330963,
        -0.16029246151447296,
        0.01700596511363983,
        0.9869230389595032,
        0.40441855788230896
    ],
    [
        0.9818958640098572,
        -0.0318148098886013,
        0.18673034012317657,
        0.3521733283996582,
        0.03605004400014877,
        0.999163031578064,
        -0.019328445196151733,
        -0.07834775000810623,
        -0.185959130525589,
        0.025710158050060272,
        0.9822210669517517,
        0.4962097406387329
    ],
    [
        0.9788591265678406,
        -0.03308924287557602,
        0.20184144377708435,
        0.39819660782814026,
        0.038791850209236145,
        0.9989502429962158,
        -0.024361925199627876,
        -0.09248895943164825,
        -0.20082344114780426,
        0.03167669102549553,
        0.9791152477264404,
        0.5889332890510559
    ],
    [
        0.9771751761436462,
        -0.033161748200654984,
        0.2098306566476822,
        0.4616510272026062,
        0.040631648153066635,
        0.9986810088157654,
        -0.0313882976770401,
        -0.11201412975788116,
        -0.20851300656795502,
        0.03919763118028641,
        0.9772337675094604,
        0.704931378364563
    ],
    [
        0.9770693778991699,
        -0.03435920178890228,
        0.21013078093528748,
        0.5237895250320435,
        0.04314658045768738,
        0.9983693361282349,
        -0.03737685829401016,
        -0.1282455027103424,
        -0.2085038721561432,
        0.04558620974421501,
        0.9769584536552429,
        0.8061709403991699
    ],
    [
        0.976890504360199,
        -0.032827407121658325,
        0.21120427548885345,
        0.5692863464355469,
        0.04294798523187637,
        0.9981294870376587,
        -0.04350992664694786,
        -0.14963975548744202,
        -0.2093808799982071,
        0.05157523602247238,
        0.9764730930328369,
        0.9330065846443176
    ],
    [
        0.9768000245094299,
        -0.03260502964258194,
        0.21165688335895538,
        0.5975226759910583,
        0.044087860733270645,
        0.997787594795227,
        -0.049760375171899796,
        -0.16898001730442047,
        -0.20956620573997498,
        0.05793743580579758,
        0.9760764241218567,
        1.0640029907226562
    ],
    [
        0.9777118563652039,
        -0.02712414041161537,
        0.20819146931171417,
        0.6275954246520996,
        0.03953037038445473,
        0.9976668357849121,
        -0.055662527680397034,
        -0.19679737091064453,
        -0.2061959207057953,
        0.06265180557966232,
        0.9765028357505798,
        1.2127387523651123
    ],
    [
        0.9791131019592285,
        -0.025047248229384422,
        0.2017674446105957,
        0.6635903120040894,
        0.03819292038679123,
        0.9973745942115784,
        -0.061524808406829834,
        -0.21903111040592194,
        -0.19969668984413147,
        0.06794583797454834,
        0.9774991273880005,
        1.3523080348968506
    ],
    [
        0.9812042117118835,
        -0.023998433724045753,
        0.19147437810897827,
        0.7123138308525085,
        0.03774137422442436,
        0.9969401359558105,
        -0.06845296174287796,
        -0.24576327204704285,
        -0.18924573063850403,
        0.07439283281564713,
        0.9791076183319092,
        1.5280088186264038
    ],
    [
        0.9832633137702942,
        -0.01915033720433712,
        0.18118087947368622,
        0.7557742595672607,
        0.0329616516828537,
        0.9967483282089233,
        -0.07352825999259949,
        -0.26992368698120117,
        -0.17918363213539124,
        0.07826966792345047,
        0.9806973338127136,
        1.6767040491104126
    ],
    [
        0.9845057725906372,
        -0.0223035030066967,
        0.17392820119857788,
        0.7896108627319336,
        0.03631560131907463,
        0.9963073134422302,
        -0.07780091464519501,
        -0.29697084426879883,
        -0.1715507209300995,
        0.08291176706552505,
        0.9816800951957703,
        1.8262749910354614
    ],
    [
        0.984920084476471,
        -0.02387438900768757,
        0.17135465145111084,
        0.815110981464386,
        0.03805441036820412,
        0.9960721135139465,
        -0.07995077222585678,
        -0.3319883942604065,
        -0.1687728315591812,
        0.08526592701673508,
        0.981960117816925,
        2.0261573791503906
    ],
    [
        0.9842372536659241,
        -0.02427067793905735,
        0.17517980933189392,
        0.8265918493270874,
        0.03883596509695053,
        0.9960218667984009,
        -0.08020145446062088,
        -0.3617767095565796,
        -0.17253637313842773,
        0.08574053645133972,
        0.9812644124031067,
        2.2161314487457275
    ],
    [
        0.9827943444252014,
        -0.023944193497300148,
        0.18314462900161743,
        0.8288345336914062,
        0.0385630801320076,
        0.9963095784187317,
        -0.07668118178844452,
        -0.3991128206253052,
        -0.18063271045684814,
        0.08242445439100266,
        0.9800907969474792,
        2.431999683380127
    ],
    [
        0.9817730188369751,
        -0.024465486407279968,
        0.18847614526748657,
        0.8477239012718201,
        0.03907589614391327,
        0.9964777231216431,
        -0.07419687509536743,
        -0.42663049697875977,
        -0.18599703907966614,
        0.08020935952663422,
        0.9792709350585938,
        2.62190318107605
    ],
    [
        0.9808169603347778,
        -0.021988756954669952,
        0.19368699193000793,
        0.8766778111457825,
        0.03714902326464653,
        0.9964919686317444,
        -0.07499095052480698,
        -0.4457034170627594,
        -0.19135858118534088,
        0.08074767887592316,
        0.9781930446624756,
        2.8028252124786377
    ],
    [
        0.9802765250205994,
        -0.0191330723464489,
        0.19670261442661285,
        0.9056054949760437,
        0.03443896770477295,
        0.9966120719909668,
        -0.07468868046998978,
        -0.4637364149093628,
        -0.1946071833372116,
        0.07998979836702347,
        0.9776142835617065,
        2.954695224761963
    ],
    [
        0.9792999625205994,
        -0.01537075825035572,
        0.20182962715625763,
        0.9361064434051514,
        0.030963264405727386,
        0.9967530369758606,
        -0.07432741671800613,
        -0.4920203983783722,
        -0.2000318467617035,
        0.07903813570737839,
        0.9765963554382324,
        3.1279749870300293
    ],
    [
        0.9777196049690247,
        -0.007965116761624813,
        0.2097637951374054,
        0.9518502950668335,
        0.02339397929608822,
        0.997189462184906,
        -0.07117540389299393,
        -0.5226570963859558,
        -0.20860733091831207,
        0.0744968056678772,
        0.9751580357551575,
        3.2818028926849365
    ],
    [
        0.9744433760643005,
        0.0026310193352401257,
        0.22461776435375214,
        0.9566155672073364,
        0.0126222288236022,
        0.9977102875709534,
        -0.06644459813833237,
        -0.563453197479248,
        -0.2242783159017563,
        0.06758169084787369,
        0.9721789360046387,
        3.437011480331421
    ],
    [
        0.9713931083679199,
        -0.0015205965610221028,
        0.23747263848781586,
        0.9627959132194519,
        0.015966687351465225,
        0.9981349110603333,
        -0.05892117694020271,
        -0.6221597790718079,
        -0.23694013059139252,
        0.06102726608514786,
        0.969605565071106,
        3.5552921295166016
    ],
    [
        0.967792809009552,
        -0.015694770961999893,
        0.25125816464424133,
        0.9758531451225281,
        0.028149666264653206,
        0.998542308807373,
        -0.04605284333229065,
        -0.7201899290084839,
        -0.25016912817955017,
        0.05164244398474693,
        0.9668238759040833,
        3.6731343269348145
    ]
]