[
    [
        0.9978523254394531,
        -0.005719425156712532,
        -0.06525395065546036,
        -0.18114005029201508,
        0.006232571788132191,
        0.9999512434005737,
        0.007662967778742313,
        -0.017749348655343056,
        0.06520693749189377,
        -0.008053209632635117,
        0.9978392720222473,
        -0.041330210864543915
    ],
    [
        0.9969631433486938,
        -0.00683323759585619,
        -0.07757493853569031,
        -0.20443657040596008,
        0.007363178767263889,
        0.9999514818191528,
        0.0065473574213683605,
        -0.01801547408103943,
        0.07752642780542374,
        -0.007098672445863485,
        0.9969649910926819,
        -0.04166979715228081
    ],
    [
        0.9956130981445312,
        -0.008576970547437668,
        -0.0931718498468399,
        -0.23491674661636353,
        0.009086753241717815,
        0.999945878982544,
        0.0050485641695559025,
        -0.017262756824493408,
        0.09312351793050766,
        -0.005873046815395355,
        0.9956372380256653,
        -0.04234598949551582
    ],
    [
        0.993929922580719,
        -0.010002418421208858,
        -0.10955899953842163,
        -0.26369529962539673,
        0.010428193025290966,
        0.9999401569366455,
        0.003313964232802391,
        -0.016754403710365295,
        0.10951928794384003,
        -0.004436350427567959,
        0.9939747452735901,
        -0.04349954053759575
    ],
    [
        0.9925472736358643,
        -0.011061456985771656,
        -0.12135637551546097,
        -0.28478121757507324,
        0.011401216499507427,
        0.9999327659606934,
        0.0021056300029158592,
        -0.016529496759176254,
        0.12132492661476135,
        -0.0034735477529466152,
        0.9926067590713501,
        -0.04475511237978935
    ],
    [
        0.9905847907066345,
        -0.012433736585080624,
        -0.13633474707603455,
        -0.31128206849098206,
        0.01257167849689722,
        0.9999209046363831,
        0.0001508000132162124,
        -0.015614506788551807,
        0.13632211089134216,
        -0.0018633367726579309,
        0.9906628131866455,
        -0.04703408479690552
    ],
    [
        0.9884694218635559,
        -0.013793542049825191,
        -0.1507916897535324,
        -0.3367626667022705,
        0.013613219372928143,
        0.9999047517776489,
        -0.0022280977573245764,
        -0.013663486577570438,
        0.15080806612968445,
        0.00014964613365009427,
        0.988563060760498,
        -0.04940073937177658
    ],
    [
        0.9867178201675415,
        -0.014575830660760403,
        -0.16178810596466064,
        -0.356088250875473,
        0.014142271131277084,
        0.9998926520347595,
        -0.0038311530370265245,
        -0.012624207884073257,
        0.16182658076286316,
        0.001492215902544558,
        0.9868180751800537,
        -0.051430780440568924
    ],
    [
        0.9842457175254822,
        -0.015892216935753822,
        -0.17609041929244995,
        -0.38087114691734314,
        0.014956405386328697,
        0.9998661279678345,
        -0.006640403065830469,
        -0.010706120170652866,
        0.17617236077785492,
        0.003902109107002616,
        0.984351634979248,
        -0.05430631339550018
    ],
    [
        0.9814353585243225,
        -0.0168770719319582,
        -0.19104905426502228,
        -0.4055943787097931,
        0.015522530302405357,
        0.9998427033424377,
        -0.008584480732679367,
        -0.010232694447040558,
        0.19116389751434326,
        0.005459547974169254,
        0.9815430045127869,
        -0.058316320180892944
    ],
    [
        0.9792298078536987,
        -0.0175191480666399,
        -0.20199565589427948,
        -0.42389097809791565,
        0.015956470742821693,
        0.9998288750648499,
        -0.009362087585031986,
        -0.010466287843883038,
        0.20212511718273163,
        0.005944497883319855,
        0.9793415665626526,
        -0.06180416792631149
    ],
    [
        0.9760721325874329,
        -0.018345559015870094,
        -0.21667170524597168,
        -0.4495290517807007,
        0.016410809010267258,
        0.9998078346252441,
        -0.010725453495979309,
        -0.010080434381961823,
        0.21682681143283844,
        0.006913057994097471,
        0.9761856198310852,
        -0.06691156327724457
    ],
    [
        0.9725510478019714,
        -0.019351184368133545,
        -0.23188352584838867,
        -0.4756324589252472,
        0.01703309267759323,
        0.999782919883728,
        -0.011994951404631138,
        -0.010239891707897186,
        0.2320653200149536,
        0.007716008462011814,
        0.9726696014404297,
        -0.07298406213521957
    ],
    [
        0.9697485566139221,
        -0.02003655396401882,
        -0.24328206479549408,
        -0.49457982182502747,
        0.017620829865336418,
        0.9997715353965759,
        -0.01210199948400259,
        -0.011380654759705067,
        0.2434689849615097,
        0.007449063938111067,
        0.9698800444602966,
        -0.07803229242563248
    ],
    [
        0.9657893776893616,
        -0.020589275285601616,
        -0.25850895047187805,
        -0.5200728178024292,
        0.017887549474835396,
        0.9997581243515015,
        -0.012799120508134365,
        -0.012133501470088959,
        0.25870996713638306,
        0.007737163919955492,
        0.9659240245819092,
        -0.08517486602067947
    ],
    [
        0.96157306432724,
        -0.02122442051768303,
        -0.2737274467945099,
        -0.5455319881439209,
        0.01834999956190586,
        0.9997463226318359,
        -0.013057408854365349,
        -0.013133342377841473,
        0.2739351689815521,
        0.007532754447311163,
        0.961718738079071,
        -0.09306635707616806
    ],
    [
        0.9582492709159851,
        -0.02150954306125641,
        -0.2851240336894989,
        -0.5645057559013367,
        0.018670961260795593,
        0.9997453689575195,
        -0.012670399621129036,
        -0.015155434608459473,
        0.28532397747039795,
        0.006817862391471863,
        0.958406925201416,
        -0.09958381205797195
    ],
    [
        0.953574001789093,
        -0.022037610411643982,
        -0.30035150051116943,
        -0.5895963311195374,
        0.01906631886959076,
        0.9997360110282898,
        -0.012820465490221977,
        -0.01656728982925415,
        0.3005547523498535,
        0.006498666480183601,
        0.9537423849105835,
        -0.10892810672521591
    ],
    [
        0.9485534429550171,
        -0.02216830477118492,
        -0.31584006547927856,
        -0.6148161292076111,
        0.019710777327418327,
        0.9997455477714539,
        -0.010973711498081684,
        -0.020369604229927063,
        0.31600290536880493,
        0.004183698911219835,
        0.9487490057945251,
        -0.11933047324419022
    ],
    [
        0.9445311427116394,
        -0.02221718057990074,
        -0.3276694715023041,
        -0.6339840888977051,
        0.020094873383641243,
        0.999749481678009,
        -0.009861703962087631,
        -0.022834233939647675,
        0.3278064429759979,
        0.0027302110102027655,
        0.9447410702705383,
        -0.12770280241966248
    ],
    [
        0.9390421509742737,
        -0.022303588688373566,
        -0.34307774901390076,
        -0.6594803929328918,
        0.02070818655192852,
        0.9997510313987732,
        -0.008313488215208054,
        -0.026184769347310066,
        0.34317779541015625,
        0.0007021970232017338,
        0.9392701983451843,
        -0.1395948976278305
    ],
    [
        0.9333788752555847,
        -0.022424284368753433,
        -0.3581913411617279,
        -0.6840362548828125,
        0.021428780630230904,
        0.999747633934021,
        -0.006749063264578581,
        -0.02980004996061325,
        0.35825228691101074,
        -0.00137616996653378,
        0.9336237907409668,
        -0.15180929005146027
    ],
    [
        0.9291490316390991,
        -0.022475343197584152,
        -0.3690214455127716,
        -0.701730489730835,
        0.022065069526433945,
        0.9997422695159912,
        -0.005332510452717543,
        -0.03264056146144867,
        0.36904624104499817,
        -0.0031877863220870495,
        0.9294055104255676,
        -0.1612248718738556
    ],
    [
        0.9234092831611633,
        -0.022337859496474266,
        -0.38316619396209717,
        -0.7244593501091003,
        0.02298557758331299,
        0.9997316002845764,
        -0.0028884841594845057,
        -0.03703273460268974,
        0.383127897977829,
        -0.006140043493360281,
        0.9236748218536377,
        -0.1739613264799118
    ],
    [
        0.9176430106163025,
        -0.0220860056579113,
        -0.3967914879322052,
        -0.7468512654304504,
        0.023961825296282768,
        0.9997128248214722,
        -0.000230003337492235,
        -0.041942425072193146,
        0.39668264985084534,
        -0.009296786971390247,
        0.9179087281227112,
        -0.18719887733459473
    ]
]