[
    [
        0.9984036684036255,
        -0.01895260438323021,
        0.053205497562885284,
        0.044985368847846985,
        -0.003092682221904397,
        0.9222602248191833,
        0.38655734062194824,
        -0.4865705370903015,
        -0.056395575404167175,
        -0.38610485196113586,
        0.920729398727417,
        2.647139310836792
    ],
    [
        0.998465359210968,
        -0.019407371059060097,
        0.05186902731657028,
        0.02866707742214203,
        -0.003060790477320552,
        0.9158176779747009,
        0.40158262848854065,
        -0.5021646618843079,
        -0.05529623478651047,
        -0.4011252224445343,
        0.9143527746200562,
        2.714202880859375
    ],
    [
        0.9984604716300964,
        -0.020663874223828316,
        0.05147433653473854,
        0.013358831405639648,
        -0.0024962725583463907,
        0.9103344678878784,
        0.41386568546295166,
        -0.530344545841217,
        -0.05541093647480011,
        -0.41335704922676086,
        0.908881425857544,
        2.7760584354400635
    ],
    [
        0.9987271428108215,
        -0.023095566779375076,
        0.044840335845947266,
        0.0032756412401795387,
        0.0013811019016429782,
        0.9011954665184021,
        0.4334105849266052,
        -0.5627961158752441,
        -0.050419773906469345,
        -0.43279698491096497,
        0.9000802636146545,
        2.8447458744049072
    ],
    [
        0.9991282820701599,
        -0.023973362520337105,
        0.034173496067523956,
        -0.000751495361328125,
        0.0060349940322339535,
        0.8930016756057739,
        0.45001286268234253,
        -0.5750861763954163,
        -0.041305311024188995,
        -0.4494144022464752,
        0.892367959022522,
        2.8996944427490234
    ],
    [
        0.999596118927002,
        -0.02377253584563732,
        0.015573360957205296,
        0.0012448504567146301,
        0.013857000507414341,
        0.8861278891563416,
        0.4632335603237152,
        -0.5721091032028198,
        -0.024812228977680206,
        -0.46283072233200073,
        0.8860993981361389,
        2.9790539741516113
    ],
    [
        0.9997450709342957,
        -0.022272448986768723,
        -0.003707852913066745,
        0.0017117410898208618,
        0.02143852971494198,
        0.884831428527832,
        0.4654178023338318,
        -0.5725342631340027,
        -0.007085168268531561,
        -0.46537864208221436,
        0.8850833773612976,
        3.0453457832336426
    ],
    [
        0.9994271397590637,
        -0.02019220031797886,
        -0.027160169556736946,
        -0.002008885145187378,
        0.030600184574723244,
        0.881969690322876,
        0.4703117311000824,
        -0.5921100378036499,
        0.014457819052040577,
        -0.4708734154701233,
        0.8820823431015015,
        3.115471124649048
    ],
    [
        0.9976316690444946,
        -0.01754985749721527,
        -0.06650587916374207,
        -0.011740565299987793,
        0.047351013869047165,
        0.8765420317649841,
        0.4789905250072479,
        -0.6305816173553467,
        0.0498889721930027,
        -0.4810052812099457,
        0.8752971887588501,
        3.20871639251709
    ],
    [
        0.9952144026756287,
        -0.01303615141659975,
        -0.09684284776449203,
        -0.022512689232826233,
        0.058036334812641144,
        0.8761832118034363,
        0.47847139835357666,
        -0.6757221221923828,
        0.07861466705799103,
        -0.48180192708969116,
        0.872746467590332,
        3.2801554203033447
    ],
    [
        0.9908614754676819,
        -0.009725984185934067,
        -0.13453301787376404,
        -0.047269511967897415,
        0.07350824773311615,
        0.875207781791687,
        0.4781297743320465,
        -0.7278895974159241,
        0.1130940392613411,
        -0.48364952206611633,
        0.8679243922233582,
        3.357494592666626
    ],
    [
        0.9857901334762573,
        -0.006306471303105354,
        -0.1678633987903595,
        -0.06867089122533798,
        0.08644267171621323,
        0.875873327255249,
        0.4747350811958313,
        -0.7548854947090149,
        0.14403317868709564,
        -0.4824998080730438,
        0.8639724850654602,
        3.4184377193450928
    ],
    [
        0.9775557518005371,
        -0.001463395426981151,
        -0.2106715440750122,
        -0.10159403085708618,
        0.1028054803609848,
        0.8761485815048218,
        0.47095078229904175,
        -0.7748796343803406,
        0.18389038741588593,
        -0.4820389449596405,
        0.8566346168518066,
        3.4968903064727783
    ],
    [
        0.9694806933403015,
        0.002615968231111765,
        -0.24515382945537567,
        -0.1322912573814392,
        0.11570131778717041,
        0.8767056465148926,
        0.4669053256511688,
        -0.7954878211021423,
        0.21614916622638702,
        -0.48102033138275146,
        0.8496465086936951,
        3.5591745376586914
    ],
    [
        0.9593793153762817,
        0.007081841118633747,
        -0.28203028440475464,
        -0.16674965620040894,
        0.12942470610141754,
        0.8772326111793518,
        0.4622900187969208,
        -0.8401956558227539,
        0.2506800889968872,
        -0.4800132215023041,
        0.8406823873519897,
        3.6251771450042725
    ],
    [
        0.9438230991363525,
        0.012089336290955544,
        -0.3302297592163086,
        -0.20404641330242157,
        0.1479731649160385,
        0.8780776262283325,
        0.4550645351409912,
        -0.8963950276374817,
        0.295468807220459,
        -0.47836557030677795,
        0.8269609808921814,
        3.699634552001953
    ],
    [
        0.9306246638298035,
        0.017320122569799423,
        -0.3655649423599243,
        -0.2267722487449646,
        0.16063320636749268,
        0.8781888484954834,
        0.45053431391716003,
        -0.9417534470558167,
        0.32883837819099426,
        -0.478000283241272,
        0.8144820332527161,
        3.7564902305603027
    ],
    [
        0.9106483459472656,
        0.02194894477725029,
        -0.41259878873825073,
        -0.2630467712879181,
        0.17976617813110352,
        0.8780749440193176,
        0.4434734880924225,
        -0.969329297542572,
        0.37202632427215576,
        -0.47801971435546875,
        0.7956717610359192,
        3.822408437728882
    ],
    [
        0.8914616703987122,
        0.025839870795607567,
        -0.45235875248908997,
        -0.29095155000686646,
        0.19464893639087677,
        0.8797101974487305,
        0.4338454604148865,
        -0.9759023189544678,
        0.4091551899909973,
        -0.4748076796531677,
        0.7791980504989624,
        3.874525308609009
    ],
    [
        0.8672409653663635,
        0.030026661232113838,
        -0.4969823360443115,
        -0.3187803626060486,
        0.21259132027626038,
        0.8802804350852966,
        0.42415952682495117,
        -0.9776424169540405,
        0.450219988822937,
        -0.473502516746521,
        0.7570318579673767,
        3.929056406021118
    ],
    [
        0.8268465399742126,
        0.03637127950787544,
        -0.5612501502037048,
        -0.35329896211624146,
        0.23621290922164917,
        0.8831726908683777,
        0.40522757172584534,
        -0.9626240730285645,
        0.5104195475578308,
        -0.4676355719566345,
        0.7216570377349854,
        4.004323959350586
    ],
    [
        0.7911733388900757,
        0.04244285821914673,
        -0.6101174354553223,
        -0.3732823431491852,
        0.2530798614025116,
        0.885450541973114,
        0.38977909088134766,
        -0.9556803107261658,
        0.5567722916603088,
        -0.4627913534641266,
        0.689803421497345,
        4.070160388946533
    ],
    [
        0.7474543452262878,
        0.04916287213563919,
        -0.6624915599822998,
        -0.40654271841049194,
        0.26965296268463135,
        0.8889525532722473,
        0.3702034652233124,
        -0.9420836567878723,
        0.607123851776123,
        -0.45535293221473694,
        0.6511946320533752,
        4.15165376663208
    ],
    [
        0.7153762578964233,
        0.052825916558504105,
        -0.6967397332191467,
        -0.4311031401157379,
        0.2820565104484558,
        0.8904569149017334,
        0.35711440443992615,
        -0.9348950982093811,
        0.6392815113067627,
        -0.4519912302494049,
        0.6221117377281189,
        4.208346843719482
    ],
    [
        0.6837319135665894,
        0.0556388795375824,
        -0.7276089787483215,
        -0.4653659164905548,
        0.2915646433830261,
        0.8932139277458191,
        0.3422846496105194,
        -0.9286995530128479,
        0.6689549684524536,
        -0.4461759328842163,
        0.5944966673851013,
        4.263321399688721
    ]
]