[
    [
        0.9610865712165833,
        0.05435503274202347,
        -0.27084726095199585,
        0.023836467415094376,
        -0.0551520399749279,
        0.9984670281410217,
        0.00467358622699976,
        -0.08575036376714706,
        0.2706861197948456,
        0.010446056723594666,
        0.9626109600067139,
        0.6562968492507935
    ],
    [
        0.9560601711273193,
        0.05736314132809639,
        -0.2875038683414459,
        0.024398991838097572,
        -0.05795580893754959,
        0.9982982277870178,
        0.006456568371504545,
        -0.09011492878198624,
        0.2873849868774414,
        0.010489651933312416,
        0.9577575922012329,
        0.68453049659729
    ],
    [
        0.9478921294212341,
        0.06135725602507591,
        -0.31262731552124023,
        0.024961864575743675,
        -0.06184978410601616,
        0.9980505704879761,
        0.008350888267159462,
        -0.09544239938259125,
        0.3125302493572235,
        0.011420191265642643,
        0.949839174747467,
        0.7262182831764221
    ],
    [
        0.9389773607254028,
        0.06537020951509476,
        -0.3377104103565216,
        0.02228737622499466,
        -0.06575240194797516,
        0.9977825284004211,
        0.010320217348635197,
        -0.10053578019142151,
        0.33763623237609863,
        0.012514818459749222,
        0.9411934614181519,
        0.7681869268417358
    ],
    [
        0.9290115237236023,
        0.07005991786718369,
        -0.3633580803871155,
        0.019720878452062607,
        -0.07033442705869675,
        0.997445285320282,
        0.012492984533309937,
        -0.10699630528688431,
        0.36330506205558777,
        0.01395045593380928,
        0.9315657615661621,
        0.8102703094482422
    ],
    [
        0.917783796787262,
        0.07487708330154419,
        -0.38995683193206787,
        0.02015703357756138,
        -0.07522989064455032,
        0.9970623254776001,
        0.014392242766916752,
        -0.1122920960187912,
        0.3898889124393463,
        0.016127439215779305,
        0.9207205772399902,
        0.8479597568511963
    ],
    [
        0.9051152467727661,
        0.07870108634233475,
        -0.4178187847137451,
        0.025586549192667007,
        -0.07947135716676712,
        0.996715247631073,
        0.015585321001708508,
        -0.11656063050031662,
        0.4176729619503021,
        0.019098112359642982,
        0.9083967804908752,
        0.8819254040718079
    ],
    [
        0.8907438516616821,
        0.08373463153839111,
        -0.44672584533691406,
        0.03364148736000061,
        -0.08523096889257431,
        0.9962198138237,
        0.01678689382970333,
        -0.12121958285570145,
        0.44644278287887573,
        0.02312205545604229,
        0.8945133686065674,
        0.915913462638855
    ],
    [
        0.8736516237258911,
        0.08825122565031052,
        -0.4784815013408661,
        0.047141946852207184,
        -0.09076721221208572,
        0.9957109093666077,
        0.017918743193149567,
        -0.12558086216449738,
        0.4780105948448181,
        0.02777569182217121,
        0.8779147267341614,
        0.9510133862495422
    ],
    [
        0.8554498553276062,
        0.09153033047914505,
        -0.5097331404685974,
        0.057450391352176666,
        -0.09486532211303711,
        0.9952988028526306,
        0.01951514184474945,
        -0.13070960342884064,
        0.5091230273246765,
        0.03166176751255989,
        0.8601112365722656,
        0.9889732003211975
    ],
    [
        0.8366009593009949,
        0.09509411454200745,
        -0.5394960641860962,
        0.06815142929553986,
        -0.09960596263408661,
        0.9948076605796814,
        0.020889706909656525,
        -0.13461509346961975,
        0.5386813282966614,
        0.03626067191362381,
        0.841728925704956,
        1.0185861587524414
    ],
    [
        0.8178513646125793,
        0.09722789376974106,
        -0.5671558976173401,
        0.07460237294435501,
        -0.10327661782503128,
        0.9944192171096802,
        0.02154674381017685,
        -0.13771018385887146,
        0.5660857558250427,
        0.040951911360025406,
        0.8233286142349243,
        1.047247290611267
    ],
    [
        0.7984614372253418,
        0.1000230684876442,
        -0.5936790108680725,
        0.07505195587873459,
        -0.10759211331605911,
        0.9939348101615906,
        0.022753436118364334,
        -0.14156349003314972,
        0.5923539996147156,
        0.04570744186639786,
        0.8043802380561829,
        1.0800548791885376
    ],
    [
        0.7853546738624573,
        0.10221896320581436,
        -0.6105484366416931,
        0.07271535694599152,
        -0.11066270619630814,
        0.9935683012008667,
        0.023998180404305458,
        -0.1448742002248764,
        0.6090746521949768,
        0.04871785640716553,
        0.7916152477264404,
        1.1020431518554688
    ],
    [
        0.7650051116943359,
        0.10536020249128342,
        -0.6353476047515869,
        0.06555844843387604,
        -0.11514025181531906,
        0.993008017539978,
        0.026034019887447357,
        -0.14986880123615265,
        0.6336480975151062,
        0.0532379224896431,
        0.7717874050140381,
        1.1385234594345093
    ],
    [
        0.7443373799324036,
        0.10726947337388992,
        -0.6591320633888245,
        0.060882676392793655,
        -0.11835326999425888,
        0.9925799369812012,
        0.02788330614566803,
        -0.15492568910121918,
        0.657232403755188,
        0.05725584179162979,
        0.7515100240707397,
        1.171302080154419
    ],
    [
        0.7232793569564819,
        0.10954519361257553,
        -0.6818113923072815,
        0.05527432635426521,
        -0.12224283069372177,
        0.992055356502533,
        0.029713766649365425,
        -0.16038282215595245,
        0.6796497106552124,
        0.061855193227529526,
        0.7309243083000183,
        1.203711748123169
    ],
    [
        0.7012411952018738,
        0.1114838570356369,
        -0.7041534185409546,
        0.04874882474541664,
        -0.1258889138698578,
        0.9915404915809631,
        0.03161565214395523,
        -0.16623610258102417,
        0.7017213106155396,
        0.06647491455078125,
        0.7093436121940613,
        1.2377841472625732
    ],
    [
        0.6790222525596619,
        0.11441709101200104,
        -0.7251465916633606,
        0.039765212684869766,
        -0.13009589910507202,
        0.9909000396728516,
        0.034528061747550964,
        -0.1730770766735077,
        0.7224984169006348,
        0.07089327275753021,
        0.6877283453941345,
        1.2714784145355225
    ],
    [
        0.6574492454528809,
        0.11616922169923782,
        -0.744489848613739,
        0.03461476042866707,
        -0.13338637351989746,
        0.9903825521469116,
        0.03674626722931862,
        -0.17876337468624115,
        0.7415986061096191,
        0.07514598965644836,
        0.6666216850280762,
        1.3013514280319214
    ],
    [
        0.6358857750892639,
        0.11903104186058044,
        -0.7625489234924316,
        0.024170946329832077,
        -0.13703687489032745,
        0.9897488951683044,
        0.04022178426384926,
        -0.1857134997844696,
        0.7595198750495911,
        0.0789208635687828,
        0.6456788182258606,
        1.331635594367981
    ],
    [
        0.6144235730171204,
        0.12103044241666794,
        -0.7796378135681152,
        0.017892425879836082,
        -0.14059822261333466,
        0.9891433119773865,
        0.04275006055831909,
        -0.19075609743595123,
        0.7763476967811584,
        0.0833490714430809,
        0.6247698664665222,
        1.3597726821899414
    ],
    [
        0.5927479267120361,
        0.1221659854054451,
        -0.7960686087608337,
        0.014359341003000736,
        -0.1434420496225357,
        0.9886390566825867,
        0.04491203650832176,
        -0.19523566961288452,
        0.7925113439559937,
        0.08756821602582932,
        0.6035376191139221,
        1.3865715265274048
    ],
    [
        0.5689671635627747,
        0.12317875772714615,
        -0.8130826354026794,
        0.012710069306194782,
        -0.1455349624156952,
        0.9881945252418518,
        0.04786715283989906,
        -0.20087961852550507,
        0.8093798756599426,
        0.09109710156917572,
        0.5801769495010376,
        1.4175324440002441
    ],
    [
        0.543637752532959,
        0.12401646375656128,
        -0.8301071524620056,
        0.012529567815363407,
        -0.1470341682434082,
        0.9878010153770447,
        0.05128287151455879,
        -0.20745179057121277,
        0.8263406753540039,
        0.09417480230331421,
        0.5552405714988708,
        1.451933741569519
    ]
]