[
    [
        0.9954829216003418,
        -0.01341213658452034,
        0.09398812800645828,
        0.48595839738845825,
        0.009631680324673653,
        0.9991306066513062,
        0.04056154936552048,
        -0.09429427236318588,
        -0.094450443983078,
        -0.039473067969083786,
        0.994746744632721,
        -0.6495783925056458
    ],
    [
        0.9880038499832153,
        -0.018853986635804176,
        0.15327410399913788,
        0.5267014503479004,
        0.012269482016563416,
        0.998965322971344,
        0.043792035430669785,
        -0.10015348345041275,
        -0.15394116938114166,
        -0.04138610512018204,
        0.9872129559516907,
        -0.790454089641571
    ],
    [
        0.9400504231452942,
        -0.022779325023293495,
        0.3402736186981201,
        0.6488434672355652,
        0.00504999328404665,
        0.9985870718955994,
        0.052898310124874115,
        -0.14073973894119263,
        -0.3409979045391083,
        -0.04800870269536972,
        0.9388374090194702,
        -1.3070086240768433
    ],
    [
        0.8448505401611328,
        -0.012903501279652119,
        0.5348467826843262,
        0.7148534655570984,
        -0.015064965933561325,
        0.9987388849258423,
        0.047891996800899506,
        -0.15161001682281494,
        -0.5347901582717896,
        -0.04851903021335602,
        0.8435907363891602,
        -1.8401509523391724
    ],
    [
        0.8084413409233093,
        -0.01642685942351818,
        0.5883474946022034,
        0.7271717190742493,
        -0.014689282514154911,
        0.9987360835075378,
        0.04806940630078316,
        -0.16041776537895203,
        -0.5883934497833252,
        -0.047503694891929626,
        0.8071781992912292,
        -2.000187873840332
    ],
    [
        0.7774767279624939,
        -0.013924754224717617,
        0.6287575960159302,
        0.710185170173645,
        -0.019000163301825523,
        0.9987785220146179,
        0.045613642781972885,
        -0.1650359183549881,
        -0.6286247372627258,
        -0.0474100336432457,
        0.7762624025344849,
        -2.157486915588379
    ],
    [
        0.7486253380775452,
        -0.014314931817352772,
        0.6628387570381165,
        0.6882697343826294,
        -0.02076408639550209,
        0.9987701177597046,
        0.045021288096904755,
        -0.1775788515806198,
        -0.6626680493354797,
        -0.047467321157455444,
        0.7474073767662048,
        -2.342010974884033
    ],
    [
        0.7264814972877502,
        -0.013467305339872837,
        0.6870540380477905,
        0.6595703363418579,
        -0.023648913949728012,
        0.9987257719039917,
        0.04458257555961609,
        -0.18760213255882263,
        -0.6867790222167969,
        -0.04863649606704712,
        0.725237250328064,
        -2.518590211868286
    ],
    [
        0.7125080227851868,
        -0.01780368573963642,
        0.7014380097389221,
        0.6293361186981201,
        -0.023185662925243378,
        0.9985347390174866,
        0.04889607056975365,
        -0.20636223256587982,
        -0.7012807726860046,
        -0.05110215023159981,
        0.7110511660575867,
        -2.6664044857025146
    ],
    [
        0.7013784050941467,
        -0.017817970365285873,
        0.7125664949417114,
        0.5840180516242981,
        -0.024459663778543472,
        0.9984970688819885,
        0.04904339089989662,
        -0.2184954732656479,
        -0.7123693823814392,
        -0.05182711407542229,
        0.6998885273933411,
        -2.8305459022521973
    ],
    [
        0.6948930621147156,
        -0.01827208139002323,
        0.7188808917999268,
        0.5323212146759033,
        -0.02495354786515236,
        0.998462438583374,
        0.04949921369552612,
        -0.22896964848041534,
        -0.7186799049377441,
        -0.052335284650325775,
        0.6933686137199402,
        -2.9675703048706055
    ],
    [
        0.6903773546218872,
        -0.016399601474404335,
        0.7232635021209717,
        0.46395692229270935,
        -0.025810256600379944,
        0.9985483288764954,
        0.04727821424603462,
        -0.23130187392234802,
        -0.7229889035224915,
        -0.051307424902915955,
        0.688951849937439,
        -3.1162431240081787
    ],
    [
        0.6886366605758667,
        -0.017545122653245926,
        0.7248942255973816,
        0.38282522559165955,
        -0.02593705803155899,
        0.9984713792800903,
        0.04880644381046295,
        -0.24222475290298462,
        -0.7246426343917847,
        -0.0524115227162838,
        0.687129020690918,
        -3.2589802742004395
    ],
    [
        0.6902483701705933,
        -0.015895269811153412,
        0.7233978509902954,
        0.30743351578712463,
        -0.026469800621271133,
        0.9985347986221313,
        0.047197699546813965,
        -0.24664758145809174,
        -0.7230881452560425,
        -0.051726337522268295,
        0.6888163089752197,
        -3.3857009410858154
    ],
    [
        0.6948343515396118,
        -0.0165264755487442,
        0.7189797759056091,
        0.21331822872161865,
        -0.02680637128651142,
        0.9984459280967712,
        0.04885643720626831,
        -0.2614646553993225,
        -0.7186698913574219,
        -0.05322038382291794,
        0.6933116912841797,
        -3.532953977584839
    ],
    [
        0.7011533975601196,
        -0.015813186764717102,
        0.7128350734710693,
        0.12567327916622162,
        -0.027478421106934547,
        0.998412013053894,
        0.049176398664712906,
        -0.2759709656238556,
        -0.7124809622764587,
        -0.05406777560710907,
        0.6996055245399475,
        -3.6677422523498535
    ],
    [
        0.7121145129203796,
        -0.016730373725295067,
        0.7018639445304871,
        0.0390707291662693,
        -0.027605775743722916,
        0.9982755780220032,
        0.051804911345243454,
        -0.2972770929336548,
        -0.7015203833580017,
        -0.056266531348228455,
        0.7104247212409973,
        -3.8167107105255127
    ],
    [
        0.7244168519973755,
        -0.013796493411064148,
        0.689224123954773,
        -0.03682970255613327,
        -0.029245542362332344,
        0.9982845187187195,
        0.05072195455431938,
        -0.3088902235031128,
        -0.6887415647506714,
        -0.05690057575702667,
        0.722770631313324,
        -3.9569082260131836
    ],
    [
        0.7419564723968506,
        -0.012969935312867165,
        0.670322597026825,
        -0.1067858561873436,
        -0.029802309349179268,
        0.9981865882873535,
        0.0523008331656456,
        -0.3344305753707886,
        -0.6697853803634644,
        -0.05878210812807083,
        0.7402244210243225,
        -4.107806205749512
    ],
    [
        0.7611181139945984,
        -0.013270446099340916,
        0.6484774351119995,
        -0.17166344821453094,
        -0.028345730155706406,
        0.9981549978256226,
        0.05369562283158302,
        -0.36066919565200806,
        -0.6479936242103577,
        -0.05925028398633003,
        0.7593376040458679,
        -4.259476184844971
    ],
    [
        0.7800659537315369,
        -0.014602210372686386,
        0.6255269646644592,
        -0.20911142230033875,
        -0.02568897046148777,
        0.9981372952461243,
        0.05533592775464058,
        -0.38589346408843994,
        -0.6251696944236755,
        -0.05923481285572052,
        0.7782377600669861,
        -4.392652988433838
    ],
    [
        0.8044857978820801,
        -0.014594064094126225,
        0.5937924981117249,
        -0.22571170330047607,
        -0.023496489971876144,
        0.9981337189674377,
        0.05636550486087799,
        -0.4078616201877594,
        -0.5935069918632507,
        -0.059297285974025726,
        0.8026415109634399,
        -4.545055389404297
    ],
    [
        0.8252056837081909,
        -0.014792432077229023,
        0.5646387338638306,
        -0.24284853041172028,
        -0.02188204787671566,
        0.9980693459510803,
        0.058127567172050476,
        -0.4293307960033417,
        -0.5644082427024841,
        -0.06032264977693558,
        0.8232887983322144,
        -4.681597709655762
    ],
    [
        0.8483788967132568,
        -0.014327999204397202,
        0.5291956067085266,
        -0.25863179564476013,
        -0.020982174202799797,
        0.9979380965232849,
        0.06065675988793373,
        -0.45308905839920044,
        -0.5289735198020935,
        -0.06256359070539474,
        0.8463290333747864,
        -4.839588165283203
    ],
    [
        0.8679512143135071,
        -0.013949155807495117,
        0.49645382165908813,
        -0.27177298069000244,
        -0.019572090357542038,
        0.9978682994842529,
        0.06225564703345299,
        -0.47263091802597046,
        -0.4962638020515442,
        -0.06375149637460709,
        0.8658278584480286,
        -4.998959541320801
    ]
]