[
    [
        0.9997982382774353,
        0.0012344507267698646,
        0.020053710788488388,
        -0.18749229609966278,
        -0.001533120172098279,
        0.999888002872467,
        0.01488492637872696,
        -0.057035647332668304,
        -0.0200330913066864,
        -0.01491266768425703,
        0.9996881484985352,
        0.4100859463214874
    ],
    [
        0.9997817873954773,
        0.001655633794143796,
        0.020821593701839447,
        -0.23364824056625366,
        -0.001957671018317342,
        0.9998930096626282,
        0.014493944123387337,
        -0.07021684944629669,
        -0.020795367658138275,
        -0.014531544409692287,
        0.9996781349182129,
        0.47310152649879456
    ],
    [
        0.9997632503509521,
        0.0019922552164644003,
        0.021666446700692177,
        -0.28198009729385376,
        -0.002341822488233447,
        0.99986732006073,
        0.01612066477537155,
        -0.08244992792606354,
        -0.021631455048918724,
        -0.016167588531970978,
        0.9996352195739746,
        0.539103627204895
    ],
    [
        0.9997380971908569,
        0.002286951057612896,
        0.02276870794594288,
        -0.34772491455078125,
        -0.0027035519015043974,
        0.9998291730880737,
        0.018283089622855186,
        -0.09997576475143433,
        -0.022723006084561348,
        -0.018339859321713448,
        0.9995735287666321,
        0.627897322177887
    ],
    [
        0.9997295141220093,
        0.0025567621923983097,
        0.023117363452911377,
        -0.3965705633163452,
        -0.0029660621657967567,
        0.999839186668396,
        0.017688388004899025,
        -0.11400169134140015,
        -0.023068420588970184,
        -0.01775216870009899,
        0.9995762705802917,
        0.6954589486122131
    ],
    [
        0.999691367149353,
        0.0027745168190449476,
        0.02468785084784031,
        -0.46325528621673584,
        -0.00320198992267251,
        0.9998453259468079,
        0.017292464151978493,
        -0.13124975562095642,
        -0.024636052548885345,
        -0.017366178333759308,
        0.9995456337928772,
        0.7880613803863525
    ],
    [
        0.9996987581253052,
        0.0028726698365062475,
        0.024375949054956436,
        -0.5148112773895264,
        -0.003279074328020215,
        0.9998560547828674,
        0.0166487880051136,
        -0.13986502587795258,
        -0.02432461455464363,
        -0.01672370359301567,
        0.9995642304420471,
        0.868638277053833
    ],
    [
        0.9996938109397888,
        0.0030568179208785295,
        0.024556435644626617,
        -0.5875707864761353,
        -0.003487488953396678,
        0.999840497970581,
        0.01751437410712242,
        -0.14664889872074127,
        -0.02449897862970829,
        -0.017594654113054276,
        0.9995449185371399,
        0.992047905921936
    ],
    [
        0.999685525894165,
        0.0030130413360893726,
        0.024895917624235153,
        -0.6489440202713013,
        -0.003471348900347948,
        0.9998249411582947,
        0.018386291339993477,
        -0.1561058610677719,
        -0.024836160242557526,
        -0.018466930836439133,
        0.9995208978652954,
        1.095840573310852
    ],
    [
        0.9996857047080994,
        0.0026359702460467815,
        0.02493230253458023,
        -0.7351098656654358,
        -0.003126481780782342,
        0.9998019933700562,
        0.019655264914035797,
        -0.18128268420696259,
        -0.02487555518746376,
        -0.019727034494280815,
        0.9994958639144897,
        1.2331318855285645
    ],
    [
        0.9996947646141052,
        0.0029271722305566072,
        0.024527844041585922,
        -0.7977858185768127,
        -0.003396277781575918,
        0.9998116493225098,
        0.01910567469894886,
        -0.20487496256828308,
        -0.024467287585139275,
        -0.019183142110705376,
        0.9995165467262268,
        1.3296266794204712
    ],
    [
        0.9997019171714783,
        0.003168955212458968,
        0.024206962436437607,
        -0.8773751258850098,
        -0.003644663142040372,
        0.9998006224632263,
        0.019632915034890175,
        -0.23993614315986633,
        -0.02413993887603283,
        -0.019715294241905212,
        0.999514102935791,
        1.4539644718170166
    ],
    [
        0.9996932148933411,
        0.004250486847013235,
        0.024403003975749016,
        -0.9421402215957642,
        -0.004709451459348202,
        0.9998125433921814,
        0.018781134858727455,
        -0.2634832561016083,
        -0.024318614974617958,
        -0.018890302628278732,
        0.9995258450508118,
        1.5507715940475464
    ],
    [
        0.999741792678833,
        0.0050901505164802074,
        0.022144746035337448,
        -1.0144075155258179,
        -0.0055094268172979355,
        0.9998058080673218,
        0.018914444372057915,
        -0.2849178612232208,
        -0.022044114768505096,
        -0.019031565636396408,
        0.9995757937431335,
        1.6546428203582764
    ],
    [
        0.9998410940170288,
        0.006390533875674009,
        0.01664106547832489,
        -1.1268593072891235,
        -0.006696607917547226,
        0.9998081922531128,
        0.018402958288788795,
        -0.30377450585365295,
        -0.016520310193300247,
        -0.01851147785782814,
        0.9996922016143799,
        1.8000410795211792
    ],
    [
        0.999907374382019,
        0.00756344199180603,
        0.011319956742227077,
        -1.2194600105285645,
        -0.007751590106636286,
        0.999830961227417,
        0.016670914366841316,
        -0.32203179597854614,
        -0.011192007921636105,
        -0.016757111996412277,
        0.9997969269752502,
        1.9098899364471436
    ],
    [
        0.9999448657035828,
        0.01035635732114315,
        0.0017780110938474536,
        -1.352932333946228,
        -0.01037998404353857,
        0.9998505711555481,
        0.013826131820678711,
        -0.3569816052913666,
        -0.0016346605261787772,
        -0.013843819499015808,
        0.9999027848243713,
        2.0487258434295654
    ],
    [
        0.9998899698257446,
        0.012534967623651028,
        -0.007933156564831734,
        -1.4514822959899902,
        -0.012446788139641285,
        0.9998612403869629,
        0.011072416789829731,
        -0.3900028467178345,
        0.008070998825132847,
        -0.010972455143928528,
        0.9999071955680847,
        2.1447346210479736
    ],
    [
        0.9995696544647217,
        0.01585513912141323,
        -0.024681732058525085,
        -1.5791010856628418,
        -0.015662487596273422,
        0.9998454451560974,
        0.007979978807270527,
        -0.4309054911136627,
        0.02480461448431015,
        -0.007589972577989101,
        0.9996634721755981,
        2.2748258113861084
    ],
    [
        0.9990924596786499,
        0.018486931920051575,
        -0.038370102643966675,
        -1.6730841398239136,
        -0.018276721239089966,
        0.9998160600662231,
        0.00582277262583375,
        -0.44985872507095337,
        0.038470856845378876,
        -0.005116207525134087,
        0.9992465972900391,
        2.373883008956909
    ],
    [
        0.9978570342063904,
        0.022278303280472755,
        -0.06152104213833809,
        -1.8014659881591797,
        -0.02213999442756176,
        0.999750554561615,
        0.002929517300799489,
        -0.46417924761772156,
        0.061570875346660614,
        -0.0015611730050295591,
        0.998101532459259,
        2.5174660682678223
    ],
    [
        0.996359646320343,
        0.025516187772154808,
        -0.08134085685014725,
        -1.8942950963974,
        -0.02543889917433262,
        0.9996744990348816,
        0.0019866519141942263,
        -0.47235041856765747,
        0.08136511594057083,
        8.980160055216402e-05,
        0.9966843724250793,
        2.627129077911377
    ],
    [
        0.9930451512336731,
        0.031038576737046242,
        -0.11356955021619797,
        -2.025376796722412,
        -0.031042538583278656,
        0.999516487121582,
        0.0017343586077913642,
        -0.507332444190979,
        0.11356838792562485,
        0.001803184044547379,
        0.9935286641120911,
        2.7720320224761963
    ],
    [
        0.9889476895332336,
        0.03567617014050484,
        -0.14390788972377777,
        -2.120959997177124,
        -0.0360105037689209,
        0.9993513822555542,
        0.00028175083571113646,
        -0.5388998985290527,
        0.14382454752922058,
        0.004903547465801239,
        0.9895910024642944,
        2.875436544418335
    ],
    [
        0.9807810187339783,
        0.04257183149456978,
        -0.19041016697883606,
        -2.238114595413208,
        -0.04383010417222977,
        0.9990361332893372,
        -0.0023997460957616568,
        -0.5770767331123352,
        0.1901247501373291,
        0.010699309408664703,
        0.9817018508911133,
        3.0058977603912354
    ]
]