[
    [
        0.9999992251396179,
        -0.0004752665408886969,
        0.0011723684147000313,
        -0.017081063240766525,
        0.0004574874765239656,
        0.9998855590820312,
        0.015119418501853943,
        0.06691649556159973,
        -0.001179419574327767,
        -0.015118870884180069,
        0.9998849630355835,
        0.4131453335285187
    ],
    [
        0.9999990463256836,
        -0.0014273286797106266,
        0.00012502253230195493,
        -0.02205103076994419,
        0.001424648449756205,
        0.9998124837875366,
        0.019312243908643723,
        0.07743309438228607,
        -0.00015256447659339756,
        -0.019312044605612755,
        0.9998134970664978,
        0.4951649010181427
    ],
    [
        0.9999994039535522,
        -0.0009068663348443806,
        -0.000623935426119715,
        -0.024816321209073067,
        0.0009228535345755517,
        0.9996584057807922,
        0.02611776627600193,
        0.09362303465604782,
        0.0006000365829095244,
        -0.0261183250695467,
        0.9996587038040161,
        0.5751073360443115
    ],
    [
        0.9999995231628418,
        -0.0007417594897560775,
        -0.0007382622570730746,
        -0.03160657361149788,
        0.0007655566441826522,
        0.9994624257087708,
        0.03277398645877838,
        0.10311415791511536,
        0.0007135558989830315,
        -0.032774534076452255,
        0.9994625449180603,
        0.6267721056938171
    ],
    [
        0.9999983310699463,
        -0.0011181626468896866,
        -0.0014403813984245062,
        -0.044500719755887985,
        0.0011766854440793395,
        0.9991464614868164,
        0.04129099100828171,
        0.11275499314069748,
        0.0013929825508967042,
        -0.04129261523485184,
        0.9991461038589478,
        0.6845269203186035
    ],
    [
        0.9999976754188538,
        -0.000947569846175611,
        -0.0019494337029755116,
        -0.05410204082727432,
        0.0010417059529572725,
        0.9988045692443848,
        0.04886864125728607,
        0.12039365619421005,
        0.0019007973605766892,
        -0.04887055978178978,
        0.9988032579421997,
        0.7376282215118408
    ],
    [
        0.9999968409538269,
        -0.0006747521692886949,
        -0.002436080714687705,
        -0.07130494713783264,
        0.0008174998802132905,
        0.9982529282569885,
        0.05908019095659256,
        0.13294102251529694,
        0.002391960471868515,
        -0.059081993997097015,
        0.9982503056526184,
        0.8212054371833801
    ],
    [
        0.9999982118606567,
        -0.00047036889009177685,
        -0.0018285531550645828,
        -0.09081385284662247,
        0.0005924870492890477,
        0.9977279305458069,
        0.06736782193183899,
        0.13685907423496246,
        0.0017927108565345407,
        -0.06736878305673599,
        0.9977265000343323,
        0.9038142561912537
    ],
    [
        0.9999954700469971,
        -0.00022154524049255997,
        -0.003020776901394129,
        -0.11511483788490295,
        0.0004611621843650937,
        0.996830403804779,
        0.07955516874790192,
        0.12050919979810715,
        0.002993575297296047,
        -0.0795561894774437,
        0.9968259334564209,
        1.0185972452163696
    ],
    [
        0.9999966025352478,
        0.00039568290230818093,
        -0.002612967509776354,
        -0.13302724063396454,
        -0.000161756353918463,
        0.9960382580757141,
        0.08892548084259033,
        0.0955604836344719,
        0.0026378047186881304,
        -0.08892475813627243,
        0.9960348010063171,
        1.1025885343551636
    ],
    [
        0.9999929070472717,
        0.0005361989024095237,
        -0.0037573683075606823,
        -0.15204207599163055,
        -0.00015984532365109771,
        0.9950418472290039,
        0.09945661574602127,
        0.06723162531852722,
        0.0037920689210295677,
        -0.09945529699325562,
        0.9950348138809204,
        1.188158392906189
    ],
    [
        0.9999938011169434,
        0.0010881798807531595,
        -0.003368948819115758,
        -0.16329890489578247,
        -0.0007241190760396421,
        0.9943405389785767,
        0.10623689740896225,
        0.05607309192419052,
        0.003465491347014904,
        -0.10623379796743393,
        0.9943351149559021,
        1.2405273914337158
    ],
    [
        0.9999908804893494,
        0.0009106582147069275,
        -0.004196362104266882,
        -0.17308078706264496,
        -0.000428836268838495,
        0.9935470819473267,
        0.11341957747936249,
        0.05506928265094757,
        0.004272567108273506,
        -0.11341672390699387,
        0.9935383200645447,
        1.2812066078186035
    ],
    [
        0.9999898672103882,
        0.0004562827234622091,
        -0.0044822655618190765,
        -0.17838722467422485,
        8.323749352712184e-05,
        0.992817759513855,
        0.11963644623756409,
        0.054547831416130066,
        0.004504662472754717,
        -0.11963561177253723,
        0.9928076267242432,
        1.3085488080978394
    ],
    [
        0.9999909400939941,
        0.00022834294941276312,
        -0.004250273108482361,
        -0.18012094497680664,
        0.0003048859362024814,
        0.9921522736549377,
        0.12503518164157867,
        0.047740913927555084,
        0.004245472606271505,
        -0.125035360455513,
        0.9921430945396423,
        1.3279390335083008
    ],
    [
        0.9999883770942688,
        -9.24277410376817e-05,
        -0.004826016258448362,
        -0.178250253200531,
        0.0007271650247275829,
        0.9912907481193542,
        0.13168911635875702,
        0.03550879657268524,
        0.004771811421960592,
        -0.131691113114357,
        0.9912793040275574,
        1.3602956533432007
    ],
    [
        0.9999869465827942,
        2.739901356108021e-05,
        -0.005103185772895813,
        -0.17489801347255707,
        0.0006719655357301235,
        0.9905718564987183,
        0.13699208199977875,
        0.02635502815246582,
        0.00505882827565074,
        -0.13699373602867126,
        0.990558922290802,
        1.3998147249221802
    ],
    [
        0.9999854564666748,
        0.000245804141741246,
        -0.005383934825658798,
        -0.1727854609489441,
        0.000531612487975508,
        0.9895893931388855,
        0.14391881227493286,
        0.017988916486501694,
        0.0053632622584700584,
        -0.14391960203647614,
        0.9895748496055603,
        1.4713088274002075
    ],
    [
        0.9999783039093018,
        -0.00012944257468916476,
        -0.00659403158351779,
        -0.16979144513607025,
        0.0011067346204072237,
        0.9889234304428101,
        0.1484222412109375,
        0.004810123238712549,
        0.006501777097582817,
        -0.14842630922794342,
        0.98890221118927,
        1.543074131011963
    ],
    [
        0.9999769330024719,
        0.0009022615849971771,
        -0.006740141659975052,
        -0.1648636758327484,
        0.00015144512872211635,
        0.9879582524299622,
        0.15472057461738586,
        -0.03160390257835388,
        0.006798578426241875,
        -0.15471801161766052,
        0.9879353046417236,
        1.6406757831573486
    ],
    [
        0.9999738335609436,
        0.0005411282763816416,
        -0.007220326457172632,
        -0.16306860744953156,
        0.000617555866483599,
        0.987195611000061,
        0.159513458609581,
        -0.06725559383630753,
        0.0072141895070672035,
        -0.15951374173164368,
        0.9871693849563599,
        1.7115819454193115
    ],
    [
        0.999977707862854,
        0.0009045104961842299,
        -0.0066144708544015884,
        -0.15973876416683197,
        0.00018874119268730283,
        0.9865529537200928,
        0.16344225406646729,
        -0.10491591691970825,
        0.006673359777778387,
        -0.16343985497951508,
        0.9865307807922363,
        1.7890737056732178
    ],
    [
        0.9999761581420898,
        0.0011082165874540806,
        -0.006823854520916939,
        -0.15881620347499847,
        4.314026955398731e-05,
        0.9860483407974243,
        0.16645945608615875,
        -0.12426674365997314,
        0.006913122721016407,
        -0.16645579040050507,
        0.9860247373580933,
        1.8473536968231201
    ],
    [
        0.9999762177467346,
        0.0018234854796901345,
        -0.006644031032919884,
        -0.16116958856582642,
        -0.0006689404253847897,
        0.9854801297187805,
        0.16978929936885834,
        -0.1341058313846588,
        0.006857166066765785,
        -0.16978083550930023,
        0.9854580760002136,
        1.9241111278533936
    ],
    [
        0.9999711513519287,
        0.0026344587095081806,
        -0.007129504345357418,
        -0.16882266104221344,
        -0.0013529040152207017,
        0.9847244620323181,
        0.17411451041698456,
        -0.12650635838508606,
        0.0074792965315282345,
        -0.1740998476743698,
        0.9846994876861572,
        2.0097851753234863
    ]
]