[
    [
        0.9991312623023987,
        -0.011077486909925938,
        -0.04017504304647446,
        -0.028151851147413254,
        0.010729510337114334,
        0.99990314245224,
        -0.00886681117117405,
        -0.03596876561641693,
        0.04026937112212181,
        0.008428048342466354,
        0.9991532564163208,
        -0.4341556131839752
    ],
    [
        0.9991205334663391,
        -0.0110537214204669,
        -0.040447819977998734,
        -0.027966326102614403,
        0.010710952803492546,
        0.9999049305915833,
        -0.008681259118020535,
        -0.0362822562456131,
        0.0405399315059185,
        0.008240388706326485,
        0.9991439580917358,
        -0.42855003476142883
    ],
    [
        0.9991090297698975,
        -0.011060589924454689,
        -0.0407288633286953,
        -0.027773234993219376,
        0.010697939433157444,
        0.999901294708252,
        -0.009111221879720688,
        -0.03565525636076927,
        0.04082561656832695,
        0.008667388930916786,
        0.9991286396980286,
        -0.4223533570766449
    ],
    [
        0.9990971684455872,
        -0.011143536306917667,
        -0.04099525138735771,
        -0.027677780017256737,
        0.010770665481686592,
        0.9998986721038818,
        -0.009305154904723167,
        -0.03551006689667702,
        0.041094791144132614,
        0.008855207823216915,
        0.9991161227226257,
        -0.41594812273979187
    ],
    [
        0.9990862011909485,
        -0.011143292300403118,
        -0.04126143828034401,
        -0.027534525841474533,
        0.0107559934258461,
        0.9998960494995117,
        -0.00959657784551382,
        -0.035120561718940735,
        0.04136408865451813,
        0.009144000709056854,
        0.9991023540496826,
        -0.4094463288784027
    ],
    [
        0.9990739822387695,
        -0.011187381111085415,
        -0.041545718908309937,
        -0.027385206893086433,
        0.010793590918183327,
        0.9998947978019714,
        -0.009690727107226849,
        -0.03508749231696129,
        0.04164976254105568,
        0.009233326651155949,
        0.9990895986557007,
        -0.40300366282463074
    ],
    [
        0.9990585446357727,
        -0.01121281087398529,
        -0.041908640414476395,
        -0.02735612541437149,
        0.010801665484905243,
        0.9998914003372192,
        -0.010024148039519787,
        -0.03468303754925728,
        0.042016491293907166,
        0.009562026709318161,
        0.9990710020065308,
        -0.39263585209846497
    ],
    [
        0.9990484714508057,
        -0.011180260218679905,
        -0.04215870425105095,
        -0.0272792000323534,
        0.010756909847259521,
        0.999889612197876,
        -0.010255358181893826,
        -0.03441415727138519,
        0.04226870462298393,
        0.009792100638151169,
        0.9990583062171936,
        -0.3861534595489502
    ],
    [
        0.999038577079773,
        -0.011228104121983051,
        -0.042376309633255005,
        -0.02725299261510372,
        0.010792318731546402,
        0.999886691570282,
        -0.01049850881099701,
        -0.0341317243874073,
        0.042489390820264816,
        0.010031077079474926,
        0.9990465044975281,
        -0.3796924352645874
    ],
    [
        0.9990231394767761,
        -0.011230376549065113,
        -0.04273978993296623,
        -0.0269568283110857,
        0.010785691440105438,
        0.9998854398727417,
        -0.01062086969614029,
        -0.03403140604496002,
        0.04285416752099991,
        0.010149515233933926,
        0.9990298748016357,
        -0.3732147812843323
    ],
    [
        0.999016284942627,
        -0.011290538124740124,
        -0.042885053902864456,
        -0.027094481512904167,
        0.010839556343853474,
        0.9998835921287537,
        -0.010734079405665398,
        -0.03396753966808319,
        0.04300126060843468,
        0.01025866437703371,
        0.9990222454071045,
        -0.3667995035648346
    ],
    [
        0.9990029335021973,
        -0.011266883462667465,
        -0.04320021718740463,
        -0.026886601001024246,
        0.010802698321640491,
        0.9998814463615417,
        -0.01096342783421278,
        -0.033703021705150604,
        0.043318625539541245,
        0.01048581674695015,
        0.9990063309669495,
        -0.3602924346923828
    ],
    [
        0.9989861845970154,
        -0.011304158717393875,
        -0.04357639700174332,
        -0.026747237890958786,
        0.010821685194969177,
        0.9998776912689209,
        -0.011291982606053352,
        -0.033367738127708435,
        0.043698713183403015,
        0.010808965191245079,
        0.9989861845970154,
        -0.35123541951179504
    ],
    [
        0.9989729523658752,
        -0.011326891370117664,
        -0.043870843946933746,
        -0.026597535237669945,
        0.01083496306091547,
        0.9998760223388672,
        -0.011434691026806831,
        -0.03328652307391167,
        0.04399491846561432,
        0.010947606526315212,
        0.9989718198776245,
        -0.34474727511405945
    ],
    [
        0.9989625215530396,
        -0.011326391249895096,
        -0.044110532850027084,
        -0.026585808023810387,
        0.010823242366313934,
        0.9998738169670105,
        -0.011628706008195877,
        -0.033074893057346344,
        0.0442366749048233,
        0.011139221489429474,
        0.998958945274353,
        -0.3382992446422577
    ],
    [
        0.9989530444145203,
        -0.011385802179574966,
        -0.04430706799030304,
        -0.026632685214281082,
        0.010867122560739517,
        0.9998698830604553,
        -0.011929785832762718,
        -0.032706763595342636,
        0.04443712532520294,
        0.011435804888606071,
        0.9989467263221741,
        -0.33179280161857605
    ],
    [
        0.9989455342292786,
        -0.011355085298418999,
        -0.044483304023742676,
        -0.026722276583313942,
        0.01083230972290039,
        0.9998696446418762,
        -0.011975675821304321,
        -0.03273429349064827,
        0.044613488018512726,
        0.011481191962957382,
        0.9989383816719055,
        -0.3253038227558136
    ],
    [
        0.9989328384399414,
        -0.011381261982023716,
        -0.044761352241039276,
        -0.026655230671167374,
        0.010836412198841572,
        0.9998645186424255,
        -0.012396181933581829,
        -0.03223944455385208,
        0.04489636421203613,
        0.011897901073098183,
        0.9989207983016968,
        -0.31883135437965393
    ],
    [
        0.9989140033721924,
        -0.01139786560088396,
        -0.04517650604248047,
        -0.026532553136348724,
        0.01084088534116745,
        0.9998624920845032,
        -0.012554861605167389,
        -0.0321308970451355,
        0.04531339183449745,
        0.012051474303007126,
        0.9989001750946045,
        -0.3084365129470825
    ],
    [
        0.998894989490509,
        -0.011452903971076012,
        -0.04558132588863373,
        -0.02620178461074829,
        0.010881632566452026,
        0.9998594522476196,
        -0.012761455960571766,
        -0.031969305127859116,
        0.04572107270359993,
        0.012251355685293674,
        0.9988791346549988,
        -0.3020494282245636
    ],
    [
        0.9988844394683838,
        -0.011437449604272842,
        -0.04581500217318535,
        -0.026189956814050674,
        0.010857400484383106,
        0.999858021736145,
        -0.012889610603451729,
        -0.03185564652085304,
        0.04595591500401497,
        0.012377799488604069,
        0.9988667964935303,
        -0.2955314815044403
    ],
    [
        0.9988749027252197,
        -0.011480284854769707,
        -0.04601274058222771,
        -0.026277724653482437,
        0.01088406890630722,
        0.999853789806366,
        -0.01318730041384697,
        -0.03156379237771034,
        0.04615740478038788,
        0.012671655043959618,
        0.9988538026809692,
        -0.2890905737876892
    ],
    [
        0.9988604784011841,
        -0.011494453065097332,
        -0.04631955176591873,
        -0.026108840480446815,
        0.010886731557548046,
        0.9998515844345093,
        -0.013351199217140675,
        -0.031432367861270905,
        0.04646614193916321,
        0.012831716798245907,
        0.9988375306129456,
        -0.28260520100593567
    ],
    [
        0.9988492131233215,
        -0.01149787474423647,
        -0.046561650931835175,
        -0.026109633967280388,
        0.010882917791604996,
        0.9998505115509033,
        -0.013439415954053402,
        -0.03142837807536125,
        0.04670921340584755,
        0.012917224317789078,
        0.9988248944282532,
        -0.27618616819381714
    ],
    [
        0.9988263845443726,
        -0.011513493955135345,
        -0.04704652726650238,
        -0.025818221271038055,
        0.010877402499318123,
        0.9998462200164795,
        -0.013754223473370075,
        -0.031119924038648605,
        0.04719765856862068,
        0.013226335868239403,
        0.9987978935241699,
        -0.2674150764942169
    ]
]