[
    [
        0.7742885947227478,
        -0.10269192606210709,
        0.6244450211524963,
        0.8032714128494263,
        0.08378365635871887,
        0.9946944713592529,
        0.05969198793172836,
        -0.2997879981994629,
        -0.6272618770599365,
        0.00609945971518755,
        0.7787845730781555,
        1.9682233333587646
    ],
    [
        0.7740869522094727,
        -0.10497881472110748,
        0.6243147253990173,
        0.8884920477867126,
        0.08551665395498276,
        0.9944561719894409,
        0.061186302453279495,
        -0.30675485730171204,
        -0.6272768974304199,
        0.00602578092366457,
        0.7787729501724243,
        2.0535888671875
    ],
    [
        0.7767643928527832,
        -0.10529524087905884,
        0.6209266781806946,
        0.9721882343292236,
        0.0854802206158638,
        0.9944276213645935,
        0.06169891357421875,
        -0.3152439594268799,
        -0.6239632964134216,
        0.0051514399237930775,
        0.7814367413520813,
        2.133989095687866
    ],
    [
        0.7833185195922852,
        -0.10325861722230911,
        0.6129841804504395,
        1.0613889694213867,
        0.08344266563653946,
        0.9946485757827759,
        0.06092140078544617,
        -0.3251130282878876,
        -0.6159946322441101,
        0.003428160911425948,
        0.7877429127693176,
        2.2160041332244873
    ],
    [
        0.7910094261169434,
        -0.10155972838401794,
        0.6033155918121338,
        1.1334127187728882,
        0.08271750062704086,
        0.994824230670929,
        0.05901346728205681,
        -0.3308713436126709,
        -0.6061863899230957,
        0.0032245584297925234,
        0.7953160405158997,
        2.283377170562744
    ],
    [
        0.8014371395111084,
        -0.09831048548221588,
        0.5899438858032227,
        1.2107969522476196,
        0.08060768246650696,
        0.9951528310775757,
        0.05633075162768364,
        -0.3368980884552002,
        -0.5926221013069153,
        0.002408446278423071,
        0.8054770231246948,
        2.354220390319824
    ],
    [
        0.8152741193771362,
        -0.09336288273334503,
        0.5714994072914124,
        1.3014720678329468,
        0.07729994505643845,
        0.9956310987472534,
        0.05237860232591629,
        -0.3431697487831116,
        -0.5738927721977234,
        0.0014739625621587038,
        0.818929135799408,
        2.4406063556671143
    ],
    [
        0.8282901048660278,
        -0.08771828562021255,
        0.5533904433250427,
        1.3727545738220215,
        0.0724349319934845,
        0.9961448907852173,
        0.04948222637176514,
        -0.35506969690322876,
        -0.5555976033210754,
        -0.0009008466731756926,
        0.831450879573822,
        2.508643388748169
    ],
    [
        0.8459951877593994,
        -0.0805618166923523,
        0.5270692110061646,
        1.4610713720321655,
        0.06791124492883682,
        0.996749222278595,
        0.04334787651896477,
        -0.3597031235694885,
        -0.5288479924201965,
        -0.0008781698415987194,
        0.8487160801887512,
        2.5874199867248535
    ],
    [
        0.8621479272842407,
        -0.07309562712907791,
        0.5013561248779297,
        1.5336120128631592,
        0.062235359102487564,
        0.9973230957984924,
        0.03838363289833069,
        -0.36703822016716003,
        -0.502819836139679,
        -0.001890281680971384,
        0.8643892407417297,
        2.6467196941375732
    ],
    [
        0.8790981769561768,
        -0.06525354087352753,
        0.4721529185771942,
        1.6053317785263062,
        0.05641661956906319,
        0.997866153717041,
        0.032867636531591415,
        -0.3728281259536743,
        -0.47329017519950867,
        -0.002256600186228752,
        0.8809036612510681,
        2.7005832195281982
    ],
    [
        0.9011120200157166,
        -0.05552985146641731,
        0.4300156831741333,
        1.697212815284729,
        0.04816359654068947,
        0.9984468221664429,
        0.028005490079522133,
        -0.3879576027393341,
        -0.43090295791625977,
        -0.004524982068687677,
        0.9023870825767517,
        2.7517142295837402
    ],
    [
        0.9191407561302185,
        -0.0474083237349987,
        0.39106622338294983,
        1.7723231315612793,
        0.042005062103271484,
        0.9988670349121094,
        0.022364633157849312,
        -0.3935697674751282,
        -0.3916834890842438,
        -0.004129481967538595,
        0.9200907349586487,
        2.7971243858337402
    ],
    [
        0.9357280731201172,
        -0.03899238631129265,
        0.3505602180957794,
        1.8367232084274292,
        0.03526731953024864,
        0.9992332458496094,
        0.017006684094667435,
        -0.40064874291419983,
        -0.350954532623291,
        -0.003550311317667365,
        0.9363857507705688,
        2.849529266357422
    ],
    [
        0.9538958072662354,
        -0.029830345883965492,
        0.2986517548561096,
        1.9064302444458008,
        0.027961039915680885,
        0.9995535016059875,
        0.010531027801334858,
        -0.4082624018192291,
        -0.29883262515068054,
        -0.001694887294434011,
        0.9543040990829468,
        2.9142587184906006
    ],
    [
        0.9670589566230774,
        -0.02246435172855854,
        0.2535594403743744,
        1.9565743207931519,
        0.022064311429858208,
        0.9997467398643494,
        0.004421823658049107,
        -0.4138871133327484,
        -0.2535944879055023,
        0.0013184495037421584,
        0.9673096537590027,
        2.963210344314575
    ],
    [
        0.9804226756095886,
        -0.013376123271882534,
        0.19644959270954132,
        2.016064167022705,
        0.014217177405953407,
        0.9998947978019714,
        -0.0028714167419821024,
        -0.4214727282524109,
        -0.1963907778263092,
        0.005608152132481337,
        0.9805095791816711,
        3.0149314403533936
    ],
    [
        0.9898158311843872,
        -0.0057548535987734795,
        0.14223860204219818,
        2.077772855758667,
        0.007093107793480158,
        0.9999352097511292,
        -0.008903316222131252,
        -0.427196741104126,
        -0.14217790961265564,
        0.009821556508541107,
        0.9897924661636353,
        3.0809884071350098
    ],
    [
        0.9962493777275085,
        0.0024183786008507013,
        0.08649549633264542,
        2.13545298576355,
        -0.0012973269913345575,
        0.9999145269393921,
        -0.013014896772801876,
        -0.4390382766723633,
        -0.08651953935623169,
        0.012853862717747688,
        0.9961672425270081,
        3.1505839824676514
    ],
    [
        0.9997835755348206,
        0.010462806560099125,
        0.01798137091100216,
        2.2006583213806152,
        -0.010170881636440754,
        0.9998161196708679,
        -0.01624995470046997,
        -0.4555114805698395,
        -0.01814817078411579,
        0.016063544899225235,
        0.9997062683105469,
        3.244389057159424
    ],
    [
        0.9989508986473083,
        0.017959540709853172,
        -0.04212549701333046,
        2.260256767272949,
        -0.018809502944350243,
        0.9996256828308105,
        -0.019867930561304092,
        -0.4655555188655853,
        0.04175284504890442,
        0.0206394512206316,
        0.9989147186279297,
        3.315034866333008
    ],
    [
        0.9939961433410645,
        0.023331766948103905,
        -0.10689911246299744,
        2.33353590965271,
        -0.02609088458120823,
        0.999359667301178,
        -0.02448476292192936,
        -0.46994006633758545,
        0.10625945776700974,
        0.02712685987353325,
        0.9939682483673096,
        3.381194829940796
    ],
    [
        0.9829497337341309,
        0.026610689237713814,
        -0.18193873763084412,
        2.4087071418762207,
        -0.03199366480112076,
        0.99913090467453,
        -0.026715699583292007,
        -0.47973379492759705,
        0.18106967210769653,
        0.03208108991384506,
        0.9829468131065369,
        3.4676215648651123
    ],
    [
        0.9699132442474365,
        0.030412552878260612,
        -0.24154409766197205,
        2.4579362869262695,
        -0.03884189948439598,
        0.998788595199585,
        -0.03021206706762314,
        -0.4822281301021576,
        0.2403327375650406,
        0.03868510201573372,
        0.9699195027351379,
        3.543652296066284
    ],
    [
        0.9511988162994385,
        0.036709364503622055,
        -0.30638739466667175,
        2.4952902793884277,
        -0.04803772643208504,
        0.9984093904495239,
        -0.029513146728277206,
        -0.495960533618927,
        0.30481666326522827,
        0.04279102385044098,
        0.9514492750167847,
        3.6238183975219727
    ]
]