[
    [
        0.999996542930603,
        0.001004725112579763,
        0.002431579167023301,
        0.060571517795324326,
        -0.001007742714136839,
        0.9999986886978149,
        0.0012401769636198878,
        -0.0025446112267673016,
        -0.0024303297977894545,
        -0.0012426231987774372,
        0.9999963045120239,
        -0.0037632687017321587
    ],
    [
        0.9999959468841553,
        0.0010299136629328132,
        0.0026752708945423365,
        0.06543964147567749,
        -0.0010331855155527592,
        0.9999987483024597,
        0.0012221329379826784,
        -0.002521031303331256,
        -0.002674008719623089,
        -0.0012248920975252986,
        0.9999955892562866,
        -0.003764038672670722
    ],
    [
        0.9999946355819702,
        0.001199518097564578,
        0.003070068545639515,
        0.07267644256353378,
        -0.0012034231331199408,
        0.9999985098838806,
        0.0012704521650448442,
        -0.0026698531582951546,
        -0.0030685393139719963,
        -0.0012741396203637123,
        0.9999943971633911,
        -0.0036802846007049084
    ],
    [
        0.9999926686286926,
        0.001537006814032793,
        0.0035326925572007895,
        0.08004527539014816,
        -0.001540978322736919,
        0.999998152256012,
        0.0011216923594474792,
        -0.002692178590223193,
        -0.003530962625518441,
        -0.0011271273251622915,
        0.999993085861206,
        -0.003672806778922677
    ],
    [
        0.9999905228614807,
        0.0017419850919395685,
        0.003995651379227638,
        0.08817118406295776,
        -0.001746566267684102,
        0.9999978542327881,
        0.0011433153413236141,
        -0.0028917279560118914,
        -0.003993650898337364,
        -0.001150282914750278,
        0.9999914169311523,
        -0.003653475549072027
    ],
    [
        0.9999868273735046,
        0.0020749210380017757,
        0.0047012809664011,
        0.09628676623106003,
        -0.0020797119941562414,
        0.9999973177909851,
        0.001014437060803175,
        -0.0029389781411737204,
        -0.004699163604527712,
        -0.0010242008138448,
        0.9999884366989136,
        -0.003718777559697628
    ],
    [
        0.999981164932251,
        0.002453566761687398,
        0.005625259596854448,
        0.10438252240419388,
        -0.0024596338625997305,
        0.9999963045120239,
        0.0010718690464273095,
        -0.0032786864321678877,
        -0.00562260951846838,
        -0.0010856857988983393,
        0.999983549118042,
        -0.0037216332275420427
    ],
    [
        0.9999763369560242,
        0.0027781850658357143,
        0.006287943571805954,
        0.11022539436817169,
        -0.002785054501146078,
        0.9999955892562866,
        0.0010839283932000399,
        -0.003506087465211749,
        -0.006284904666244984,
        -0.0011014147894456983,
        0.9999796152114868,
        -0.0037989106494933367
    ],
    [
        0.9999688863754272,
        0.0032236729748547077,
        0.00720640504732728,
        0.11923921853303909,
        -0.003230533329769969,
        0.9999943375587463,
        0.0009405247401446104,
        -0.003593066241592169,
        -0.007203332614153624,
        -0.0009637751500122249,
        0.9999735355377197,
        -0.00375707377679646
    ],
    [
        0.9999592304229736,
        0.0037321364507079124,
        0.00822679977864027,
        0.12931929528713226,
        -0.0037394885439425707,
        0.9999926686286926,
        0.0008784967940300703,
        -0.003830638714134693,
        -0.008223460055887699,
        -0.000909225142095238,
        0.9999656677246094,
        -0.0038165429141372442
    ],
    [
        0.9999464750289917,
        0.004225834738463163,
        0.009443175978958607,
        0.14056509733200073,
        -0.00423262408003211,
        0.9999907612800598,
        0.0006991919944994152,
        -0.003973620478063822,
        -0.009440134279429913,
        -0.0007391239632852376,
        0.9999551773071289,
        -0.0038309581577777863
    ],
    [
        0.9999331831932068,
        0.004685307387262583,
        0.010564007796347141,
        0.15292499959468842,
        -0.004693108610808849,
        0.9999887347221375,
        0.0007138655055314302,
        -0.0043259370140731335,
        -0.010560544207692146,
        -0.0007633962668478489,
        0.9999438524246216,
        -0.00397851737216115
    ],
    [
        0.999918520450592,
        0.005149538163095713,
        0.011676532216370106,
        0.16573399305343628,
        -0.005159162450581789,
        0.999986469745636,
        0.0007942515658214688,
        -0.004810589365661144,
        -0.01167228352278471,
        -0.0008544274605810642,
        0.9999314546585083,
        -0.0040765064768493176
    ],
    [
        0.9999074935913086,
        0.005556682124733925,
        0.012419200502336025,
        0.17504307627677917,
        -0.005565437953919172,
        0.9999843835830688,
        0.0006705488776788116,
        -0.005008674692362547,
        -0.01241527870297432,
        -0.000739605282433331,
        0.9999226331710815,
        -0.004212715197354555
    ],
    [
        0.9998877048492432,
        0.006022310815751553,
        0.013720893301069736,
        0.18880338966846466,
        -0.006033682730048895,
        0.9999815225601196,
        0.0007876160088926554,
        -0.005467885173857212,
        -0.01371589582413435,
        -0.0008703151252120733,
        0.9999055862426758,
        -0.004344301763921976
    ],
    [
        0.9998689293861389,
        0.006421408150345087,
        0.01486213505268097,
        0.20303787291049957,
        -0.006434171460568905,
        0.9999790191650391,
        0.0008111429051496089,
        -0.005902516655623913,
        -0.014856614172458649,
        -0.000906662258785218,
        0.9998892545700073,
        -0.004528171848505735
    ],
    [
        0.9998531937599182,
        0.0067710173316299915,
        0.01574106141924858,
        0.21758081018924713,
        -0.006787063088268042,
        0.9999764561653137,
        0.0009662181255407631,
        -0.006385270971804857,
        -0.015734149143099785,
        -0.0010729115456342697,
        0.999875545501709,
        -0.004714190028607845
    ],
    [
        0.999833881855011,
        0.007128579542040825,
        0.016772113740444183,
        0.23168553411960602,
        -0.007145936135202646,
        0.9999740123748779,
        0.0009751205216161907,
        -0.006733616814017296,
        -0.016764726489782333,
        -0.0010948115959763527,
        0.9998588562011719,
        -0.004860155284404755
    ],
    [
        0.9998151659965515,
        0.007553904317319393,
        0.01768481731414795,
        0.2459220588207245,
        -0.0075722336769104,
        0.9999709129333496,
        0.0009697568602859974,
        -0.007192243356257677,
        -0.017676977440714836,
        -0.0011034902418032289,
        0.9998431205749512,
        -0.0052078417502343655
    ],
    [
        0.9998033046722412,
        0.007703106850385666,
        0.018274374306201935,
        0.25513756275177,
        -0.007723323069512844,
        0.9999696016311646,
        0.0010359567822888494,
        -0.007421477232128382,
        -0.018265843391418457,
        -0.001176892314106226,
        0.9998325109481812,
        -0.005450161639600992
    ],
    [
        0.9997895359992981,
        0.007994849234819412,
        0.018889708444476128,
        0.269054651260376,
        -0.008017566055059433,
        0.9999672174453735,
        0.0011271426919847727,
        -0.007843749597668648,
        -0.018880076706409454,
        -0.001278355484828353,
        0.9998210072517395,
        -0.005796641577035189
    ],
    [
        0.9997739195823669,
        0.008205926977097988,
        0.01961572654545307,
        0.28182658553123474,
        -0.008230113424360752,
        0.999965488910675,
        0.0011525729205459356,
        -0.00810351874679327,
        -0.019605591893196106,
        -0.0013137521455064416,
        0.9998069405555725,
        -0.006070110015571117
    ],
    [
        0.9997607469558716,
        0.00841953232884407,
        0.020186912268400192,
        0.2949455678462982,
        -0.008448636159300804,
        0.9999633431434631,
        0.0013568418798968196,
        -0.008635051548480988,
        -0.020174749195575714,
        -0.0015270692529156804,
        0.9997953772544861,
        -0.006417279131710529
    ],
    [
        0.9997461438179016,
        0.00862522516399622,
        0.02081778645515442,
        0.3081616163253784,
        -0.008655039593577385,
        0.9999617338180542,
        0.0013425243087112904,
        -0.00881155114620924,
        -0.02080540731549263,
        -0.0015223618829622865,
        0.999782383441925,
        -0.006823612842708826
    ],
    [
        0.999732494354248,
        0.008761147037148476,
        0.021406741812825203,
        0.32091662287712097,
        -0.008792649954557419,
        0.9999604225158691,
        0.0013779776636511087,
        -0.009064828045666218,
        -0.02139381878077984,
        -0.0015658301999792457,
        0.9997698664665222,
        -0.007168204057961702
    ]
]