[
    [
        0.9946596622467041,
        0.09132616966962814,
        -0.04808066785335541,
        -0.3421332836151123,
        -0.09193849563598633,
        0.9957074522972107,
        -0.010677053593099117,
        0.01838734932243824,
        0.046899184584617615,
        0.015040498226881027,
        0.9987863898277283,
        -0.14118292927742004
    ],
    [
        0.993658721446991,
        0.0977313295006752,
        -0.05559651181101799,
        -0.3542977571487427,
        -0.09845522791147232,
        0.9950868487358093,
        -0.0104274433106184,
        0.019315484911203384,
        0.054304271936416626,
        0.01583508588373661,
        0.9983989596366882,
        -0.1413431465625763
    ],
    [
        0.9920259118080139,
        0.107150137424469,
        -0.06635826826095581,
        -0.3728296756744385,
        -0.10803797841072083,
        0.9940972328186035,
        -0.00992848165333271,
        0.021060986444354057,
        0.06490273773670197,
        0.017018524929881096,
        0.9977464079856873,
        -0.1416393518447876
    ],
    [
        0.9902660250663757,
        0.116182342171669,
        -0.07664762437343597,
        -0.3912853002548218,
        -0.11724285781383514,
        0.9930580854415894,
        -0.00946926698088646,
        0.023381076753139496,
        0.07501538097858429,
        0.018363479524850845,
        0.9970133304595947,
        -0.14284145832061768
    ],
    [
        0.9883823990821838,
        0.12489094585180283,
        -0.08661685883998871,
        -0.4097140431404114,
        -0.12610016763210297,
        0.9919801354408264,
        -0.008611067198216915,
        0.025474391877651215,
        0.08484674990177155,
        0.01943342760205269,
        0.9962044358253479,
        -0.14465820789337158
    ],
    [
        0.986283004283905,
        0.13364650309085846,
        -0.09687340259552002,
        -0.4270481467247009,
        -0.13497687876224518,
        0.9908220171928406,
        -0.007282899226993322,
        0.027204623445868492,
        0.09501096606254578,
        0.020258670672774315,
        0.9952700734138489,
        -0.14608727395534515
    ],
    [
        0.9840949773788452,
        0.14198076725006104,
        -0.10676340013742447,
        -0.4438464641571045,
        -0.14345574378967285,
        0.9896371960639954,
        -0.006225076504051685,
        0.029675668105483055,
        0.10477318614721298,
        0.021441886201500893,
        0.9942650198936462,
        -0.14844974875450134
    ],
    [
        0.981776237487793,
        0.15009808540344238,
        -0.11655842512845993,
        -0.4602116048336029,
        -0.15178190171718597,
        0.9883978366851807,
        -0.005656061228364706,
        0.033490896224975586,
        0.114357128739357,
        0.023244446143507957,
        0.9931676983833313,
        -0.1505279541015625
    ],
    [
        0.9793498516082764,
        0.15810681879520416,
        -0.12599994242191315,
        -0.47660815715789795,
        -0.15992611646652222,
        0.987119197845459,
        -0.004391557537019253,
        0.03653979301452637,
        0.12368262559175491,
        0.024451550096273422,
        0.9920205473899841,
        -0.15294307470321655
    ],
    [
        0.9767079949378967,
        0.16610242426395416,
        -0.1358361691236496,
        -0.4919848144054413,
        -0.16806113719940186,
        0.9857720136642456,
        -0.003000186523422599,
        0.03979773446917534,
        0.1334051787853241,
        0.02575908973813057,
        0.9907267093658447,
        -0.15524645149707794
    ],
    [
        0.9738640785217285,
        0.1741528958082199,
        -0.14580640196800232,
        -0.5067493915557861,
        -0.17631439864635468,
        0.9843319654464722,
        -0.001933820080012083,
        0.043875958770513535,
        0.1431851089000702,
        0.0275910384953022,
        0.9893112182617188,
        -0.15752509236335754
    ],
    [
        0.9709017872810364,
        0.18209753930568695,
        -0.15553203225135803,
        -0.5217754244804382,
        -0.18445205688476562,
        0.9828412532806396,
        -0.0007191753829829395,
        0.04795880243182182,
        0.15273234248161316,
        0.029386449605226517,
        0.9878305792808533,
        -0.159470796585083
    ],
    [
        0.9677509665489197,
        0.19010299444198608,
        -0.16528376936912537,
        -0.5363041162490845,
        -0.19260619580745697,
        0.981275737285614,
        0.0008989156922325492,
        0.051683083176612854,
        0.1623598337173462,
        0.03096475452184677,
        0.9862456321716309,
        -0.16146938502788544
    ],
    [
        0.9656047224998474,
        0.19528165459632874,
        -0.17167606949806213,
        -0.5459606647491455,
        -0.19789648056030273,
        0.9802210927009583,
        0.0019187411526218057,
        0.054474182426929474,
        0.1686551868915558,
        0.03212134540081024,
        0.9851515889167786,
        -0.1630033403635025
    ],
    [
        0.9623719453811646,
        0.20307452976703644,
        -0.18055713176727295,
        -0.5613918900489807,
        -0.20571036636829376,
        0.9786038994789124,
        0.004207138903439045,
        0.057713452726602554,
        0.17754825949668884,
        0.033093638718128204,
        0.9835554957389832,
        -0.1653956025838852
    ],
    [
        0.9589698910713196,
        0.210593581199646,
        -0.18980829417705536,
        -0.5762706398963928,
        -0.21328169107437134,
        0.9769698977470398,
        0.006389949005097151,
        0.061068445444107056,
        0.18678267300128937,
        0.03435486927628517,
        0.9818004369735718,
        -0.16823621094226837
    ],
    [
        0.955505907535553,
        0.21769146621227264,
        -0.19904473423957825,
        -0.59058678150177,
        -0.22046644985675812,
        0.9753584861755371,
        0.008391088806092739,
        0.06500892341136932,
        0.19596663117408752,
        0.03586495295166969,
        0.9799544215202332,
        -0.1717650443315506
    ],
    [
        0.952043354511261,
        0.22430163621902466,
        -0.2080915868282318,
        -0.6050843000411987,
        -0.22723662853240967,
        0.9737880825996399,
        0.010010698810219765,
        0.06973481923341751,
        0.20488253235816956,
        0.03775541111826897,
        0.9780581593513489,
        -0.17496539652347565
    ],
    [
        0.9484163522720337,
        0.23082701861858368,
        -0.21731412410736084,
        -0.618838906288147,
        -0.23392629623413086,
        0.9721837639808655,
        0.011719238944351673,
        0.07453266531229019,
        0.21397437155246735,
        0.03972076624631882,
        0.9760313630104065,
        -0.17845448851585388
    ],
    [
        0.9445537328720093,
        0.23757091164588928,
        -0.22666768729686737,
        -0.6319650411605835,
        -0.24076585471630096,
        0.9704842567443848,
        0.013864027336239815,
        0.07882523536682129,
        0.22327110171318054,
        0.04147852212190628,
        0.9738734364509583,
        -0.18176032602787018
    ],
    [
        0.9404358863830566,
        0.2442757934331894,
        -0.2364521473646164,
        -0.6441262364387512,
        -0.247640460729599,
        0.9687225222587585,
        0.015840167179703712,
        0.08339852094650269,
        0.2329258769750595,
        0.043658461421728134,
        0.9715140461921692,
        -0.18483199179172516
    ],
    [
        0.9361428022384644,
        0.2510775625705719,
        -0.24616378545761108,
        -0.6557578444480896,
        -0.2545985281467438,
        0.9668800234794617,
        0.01796070672571659,
        0.08774203807115555,
        0.24252037703990936,
        0.04585915058851242,
        0.9690617918968201,
        -0.18787220120429993
    ],
    [
        0.9316214323043823,
        0.25756776332855225,
        -0.25639861822128296,
        -0.6657370924949646,
        -0.2613458037376404,
        0.9650412201881409,
        0.019844498485326767,
        0.09231160581111908,
        0.2525465488433838,
        0.048521142452955246,
        0.9663673639297485,
        -0.19148777425289154
    ],
    [
        0.9270918369293213,
        0.26386600732803345,
        -0.2662244737148285,
        -0.6752711534500122,
        -0.26800301671028137,
        0.96318119764328,
        0.021363122388720512,
        0.0976472944021225,
        0.26205939054489136,
        0.051543381065130234,
        0.9636742472648621,
        -0.19548022747039795
    ],
    [
        0.9225258231163025,
        0.2707025110721588,
        -0.27507486939430237,
        -0.6860367655754089,
        -0.2749475836753845,
        0.9611648917198181,
        0.023788098245859146,
        0.10182652622461319,
        0.27083179354667664,
        0.05368603393435478,
        0.9611284732818604,
        -0.19908860325813293
    ]
]