[
    [
        0.7280939817428589,
        0.09140384197235107,
        -0.679356038570404,
        -1.1425395011901855,
        -0.08948154002428055,
        0.9952630400657654,
        0.03800643980503082,
        -0.15720756351947784,
        0.67961186170578,
        0.03311756253242493,
        0.7328239679336548,
        1.0828676223754883
    ],
    [
        0.7232338786125183,
        0.09038590639829636,
        -0.684662938117981,
        -1.2255802154541016,
        -0.08787500113248825,
        0.995384156703949,
        0.03858032822608948,
        -0.16461484134197235,
        0.6849896907806396,
        0.0322621613740921,
        0.7278380393981934,
        1.1774613857269287
    ],
    [
        0.7196075320243835,
        0.09031261503696442,
        -0.6884827613830566,
        -1.3101515769958496,
        -0.08702146261930466,
        0.9954183101654053,
        0.039619751274585724,
        -0.17370422184467316,
        0.6889065504074097,
        0.03140212222933769,
        0.7241695523262024,
        1.2752686738967896
    ],
    [
        0.7171722054481506,
        0.09229578077793121,
        -0.690757155418396,
        -1.3912185430526733,
        -0.08829966932535172,
        0.9952372312545776,
        0.04130268841981888,
        -0.18585322797298431,
        0.691279411315918,
        0.03137248009443283,
        0.721906304359436,
        1.3568116426467896
    ],
    [
        0.7188072800636292,
        0.09446193277835846,
        -0.6887620687484741,
        -1.4585626125335693,
        -0.08889354765415192,
        0.995081901550293,
        0.0437016561627388,
        -0.20001116394996643,
        0.6895027756690979,
        0.02981344424188137,
        0.7236690521240234,
        1.4135146141052246
    ],
    [
        0.722017228603363,
        0.0952054038643837,
        -0.6852933764457703,
        -1.5316160917282104,
        -0.08848240226507187,
        0.9950599670410156,
        0.04501615837216377,
        -0.2088734209537506,
        0.6861938238143921,
        0.028133947402238846,
        0.7268744707107544,
        1.4766530990600586
    ],
    [
        0.7289972305297852,
        0.09622155874967575,
        -0.6777200698852539,
        -1.6395066976547241,
        -0.08754652738571167,
        0.9950460195541382,
        0.04710458591580391,
        -0.22254467010498047,
        0.6788951754570007,
        0.0249929241836071,
        0.7338095903396606,
        1.5613137483596802
    ],
    [
        0.7354744076728821,
        0.09604299813508987,
        -0.6707109212875366,
        -1.7240381240844727,
        -0.08596885204315186,
        0.9951298236846924,
        0.04822847247123718,
        -0.2338782548904419,
        0.6720764636993408,
        0.022189445793628693,
        0.7401490807533264,
        1.6272871494293213
    ],
    [
        0.7417766451835632,
        0.09610812366008759,
        -0.6637247204780579,
        -1.8167812824249268,
        -0.08516134321689606,
        0.9951652884483337,
        0.04892505332827568,
        -0.24771636724472046,
        0.665217936038971,
        0.02023223228752613,
        0.7463750243186951,
        1.7157682180404663
    ],
    [
        0.7467115521430969,
        0.09549421072006226,
        -0.6582573056221008,
        -1.8895187377929688,
        -0.08346301317214966,
        0.995270311832428,
        0.04970664530992508,
        -0.26199519634246826,
        0.6598907709121704,
        0.017823616042733192,
        0.7511501312255859,
        1.789806604385376
    ],
    [
        0.7514688968658447,
        0.09481720626354218,
        -0.6529198288917542,
        -1.9589146375656128,
        -0.0825749859213829,
        0.9953543543815613,
        0.049507152289152145,
        -0.2723308801651001,
        0.6545807123184204,
        0.0167117677628994,
        0.7558074593544006,
        1.8642053604125977
    ],
    [
        0.7571102976799011,
        0.09390436857938766,
        -0.6465029120445251,
        -2.0387508869171143,
        -0.0823790431022644,
        0.9954390525817871,
        0.04811431095004082,
        -0.2821207642555237,
        0.648072361946106,
        0.0168304406106472,
        0.7613929510116577,
        1.9529346227645874
    ],
    [
        0.7630550265312195,
        0.09165428578853607,
        -0.6398018598556519,
        -2.1059508323669434,
        -0.08126893639564514,
        0.9956437349319458,
        0.04570529982447624,
        -0.2877413034439087,
        0.6412038207054138,
        0.0171203576028347,
        0.7671796679496765,
        2.0224573612213135
    ],
    [
        0.7701544165611267,
        0.0903937891125679,
        -0.6314198970794678,
        -2.1760222911834717,
        -0.07963532954454422,
        0.99578857421875,
        0.04542398825287819,
        -0.30043765902519226,
        0.6328667998313904,
        0.015299838036298752,
        0.7741095423698425,
        2.094698905944824
    ],
    [
        0.7805904150009155,
        0.08790876716375351,
        -0.6188300848007202,
        -2.261082172393799,
        -0.07767723500728607,
        0.9960286021232605,
        0.04351041093468666,
        -0.31379806995391846,
        0.6201975345611572,
        0.014105209149420261,
        0.7843188643455505,
        2.175774097442627
    ],
    [
        0.7912408709526062,
        0.08560427278280258,
        -0.6054831147193909,
        -2.3385555744171143,
        -0.07552025467157364,
        0.9962524771690369,
        0.042162634432315826,
        -0.32493478059768677,
        0.6068233251571655,
        0.012365438975393772,
        0.794740617275238,
        2.2435712814331055
    ],
    [
        0.8063445687294006,
        0.08163268864154816,
        -0.5857853889465332,
        -2.433593511581421,
        -0.0723579078912735,
        0.996604859828949,
        0.03928082808852196,
        -0.3390311598777771,
        0.5870031714439392,
        0.010712319053709507,
        0.8095138072967529,
        2.312753438949585
    ],
    [
        0.8168646693229675,
        0.07863646745681763,
        -0.5714442729949951,
        -2.5064048767089844,
        -0.07005681097507477,
        0.9968553185462952,
        0.03703291714191437,
        -0.35276538133621216,
        0.5725592970848083,
        0.00978267751634121,
        0.819804847240448,
        2.3789761066436768
    ],
    [
        0.8260334730148315,
        0.07546557486057281,
        -0.5585460662841797,
        -2.574465751647949,
        -0.06738007068634033,
        0.9971107244491577,
        0.03507204353809357,
        -0.3682260513305664,
        0.5595789551734924,
        0.008664188906550407,
        0.8287316560745239,
        2.4504952430725098
    ],
    [
        0.8364672660827637,
        0.07081399857997894,
        -0.5434223413467407,
        -2.655902147293091,
        -0.06452588737010956,
        0.9974449872970581,
        0.03065621294081211,
        -0.38152098655700684,
        0.544204831123352,
        0.00942189060151577,
        0.8388996124267578,
        2.538928508758545
    ],
    [
        0.8455684185028076,
        0.06630227714776993,
        -0.5297337770462036,
        -2.728898286819458,
        -0.06177474930882454,
        0.9977442622184753,
        0.026273446157574654,
        -0.3912237882614136,
        0.5302808284759521,
        0.010508142411708832,
        0.8477566838264465,
        2.6147069931030273
    ],
    [
        0.8546544909477234,
        0.06281278282403946,
        -0.5153833627700806,
        -2.800713539123535,
        -0.06044868752360344,
        0.9979422688484192,
        0.021383728832006454,
        -0.4008011519908905,
        0.5156661868095398,
        0.012878576293587685,
        0.8566926717758179,
        2.6879167556762695
    ],
    [
        0.8662588596343994,
        0.0583922304213047,
        -0.49617132544517517,
        -2.885293960571289,
        -0.05747494101524353,
        0.9981998801231384,
        0.01712905243039131,
        -0.4149927496910095,
        0.4962782859802246,
        0.013679207302629948,
        0.8680557012557983,
        2.7701358795166016
    ],
    [
        0.8773303627967834,
        0.055376071482896805,
        -0.4766812324523926,
        -2.957449436187744,
        -0.05574888363480568,
        0.9983552098274231,
        0.013373306021094322,
        -0.4260217249393463,
        0.4766378104686737,
        0.014841658994555473,
        0.8789744973182678,
        2.82871413230896
    ],
    [
        0.8934364318847656,
        0.0515425018966198,
        -0.4462222456932068,
        -3.056183338165283,
        -0.053333383053541183,
        0.9985400438308716,
        0.008554668165743351,
        -0.436323881149292,
        0.446012020111084,
        0.01615547388792038,
        0.8948811292648315,
        2.8925704956054688
    ]
]