[
    [
        0.947054922580719,
        -0.0421924814581871,
        0.31828728318214417,
        20.003231048583984,
        0.09573348611593246,
        0.9833438396453857,
        -0.15449921786785126,
        0.7000086307525635,
        -0.30646708607673645,
        0.1767900139093399,
        0.9353199005126953,
        6.3940300941467285
    ],
    [
        0.9514220356941223,
        -0.04123380780220032,
        0.30511629581451416,
        20.019943237304688,
        0.09493536502122879,
        0.9819944500923157,
        -0.16332203149795532,
        0.6889627575874329,
        -0.29288822412490845,
        0.1843545138835907,
        0.9382056593894958,
        6.464657306671143
    ],
    [
        0.956254780292511,
        -0.03876311331987381,
        0.2899554669857025,
        20.03512954711914,
        0.09266633540391922,
        0.9802767634391785,
        -0.17455796897411346,
        0.6834602355957031,
        -0.2774702310562134,
        0.193791002035141,
        0.9409863948822021,
        6.550774097442627
    ],
    [
        0.9607241153717041,
        -0.03832387551665306,
        0.2748461365699768,
        20.056467056274414,
        0.09138461947441101,
        0.9788668751716614,
        -0.1829439252614975,
        0.670274555683136,
        -0.26202669739723206,
        0.20087535679340363,
        0.9439233541488647,
        6.629400730133057
    ],
    [
        0.9635372161865234,
        -0.03839033469557762,
        0.26480597257614136,
        20.069446563720703,
        0.09088391065597534,
        0.9777735471725464,
        -0.18894203007221222,
        0.6634198427200317,
        -0.25166675448417664,
        0.20611928403377533,
        0.9456102252006531,
        6.684981346130371
    ],
    [
        0.9666755199432373,
        -0.03961946442723274,
        0.2529206871986389,
        20.084484100341797,
        0.0914791151881218,
        0.9761826992034912,
        -0.1967208832502365,
        0.6558068990707397,
        -0.23910273611545563,
        0.21330220997333527,
        0.9472761154174805,
        6.753623008728027
    ],
    [
        0.9689703583717346,
        -0.04302807152271271,
        0.24340294301509857,
        20.101863861083984,
        0.09430044889450073,
        0.9746031165122986,
        -0.20311611890792847,
        0.6472048163414001,
        -0.22848154604434967,
        0.2197665125131607,
        0.9484190940856934,
        6.817967891693115
    ],
    [
        0.9699158668518066,
        -0.04571080580353737,
        0.23911017179489136,
        20.1177921295166,
        0.09697037935256958,
        0.9734706878662109,
        -0.20724743604660034,
        0.641728937625885,
        -0.22329330444335938,
        0.22419920563697815,
        0.9486173987388611,
        6.864185810089111
    ],
    [
        0.9701082706451416,
        -0.05126101151108742,
        0.23719647526741028,
        20.14380645751953,
        0.10322337597608566,
        0.9717675447463989,
        -0.21216194331645966,
        0.6351848244667053,
        -0.21962420642375946,
        0.2303042709827423,
        0.948011040687561,
        6.9273295402526855
    ],
    [
        0.9693228602409363,
        -0.057391759008169174,
        0.23899677395820618,
        20.17742919921875,
        0.11061356961727142,
        0.9701854586601257,
        -0.21564973890781403,
        0.6282297968864441,
        -0.21949464082717896,
        0.23547051846981049,
        0.9467712640762329,
        6.991239070892334
    ],
    [
        0.9679000377655029,
        -0.06338462978601456,
        0.2432117462158203,
        20.205615997314453,
        0.11809840798377991,
        0.9688930511474609,
        -0.21748335659503937,
        0.6230356097221375,
        -0.2218611091375351,
        0.23922504484653473,
        0.9452773332595825,
        7.03751802444458
    ],
    [
        0.9651346802711487,
        -0.07072248309850693,
        0.25201860070228577,
        20.248607635498047,
        0.12792882323265076,
        0.9674299955368042,
        -0.21843424439430237,
        0.6156320571899414,
        -0.22836214303970337,
        0.2430589348077774,
        0.9427475333213806,
        7.100008487701416
    ],
    [
        0.9610538482666016,
        -0.08022838085889816,
        0.2644594609737396,
        20.299144744873047,
        0.14094126224517822,
        0.9654221534729004,
        -0.21930727362632751,
        0.6112272143363953,
        -0.23772037029266357,
        0.2480393946170807,
        0.9391301274299622,
        7.158967971801758
    ],
    [
        0.9572162628173828,
        -0.08693534135818481,
        0.27600595355033875,
        20.339214324951172,
        0.15081679821014404,
        0.9638978242874146,
        -0.2194427102804184,
        0.6104185581207275,
        -0.2469642460346222,
        0.2516804337501526,
        0.9357700347900391,
        7.198006629943848
    ],
    [
        0.9487093687057495,
        -0.09593253582715988,
        0.3012431561946869,
        20.367292404174805,
        0.16633504629135132,
        0.961769163608551,
        -0.21756069362163544,
        0.6087228655815125,
        -0.2688552141189575,
        0.2565091848373413,
        0.9283964037895203,
        7.241316318511963
    ],
    [
        0.9372351169586182,
        -0.10561216622591019,
        0.33231988549232483,
        20.389753341674805,
        0.18361394107341766,
        0.9596763253211975,
        -0.2128550112247467,
        0.6039358973503113,
        -0.29643943905830383,
        0.26051369309425354,
        0.9188341498374939,
        7.285290241241455
    ],
    [
        0.9274560809135437,
        -0.11155489087104797,
        0.35690414905548096,
        20.40357780456543,
        0.19565381109714508,
        0.9581552743911743,
        -0.20894521474838257,
        0.5997196435928345,
        -0.3186607360839844,
        0.2636171877384186,
        0.910473108291626,
        7.312734603881836
    ],
    [
        0.9138070940971375,
        -0.11971800774335861,
        0.38810357451438904,
        20.420726776123047,
        0.21180957555770874,
        0.9558089375495911,
        -0.20387737452983856,
        0.5920214056968689,
        -0.34654501080513,
        0.2685086727142334,
        0.8987821936607361,
        7.349072456359863
    ],
    [
        0.8999072313308716,
        -0.1279950886964798,
        0.41687434911727905,
        20.448923110961914,
        0.22660139203071594,
        0.9540114402770996,
        -0.19624969363212585,
        0.5818090438842773,
        -0.37258386611938477,
        0.27107083797454834,
        0.8875256776809692,
        7.381594657897949
    ],
    [
        0.8891290426254272,
        -0.13343079388141632,
        0.43777376413345337,
        20.470531463623047,
        0.23727980256080627,
        0.9523488283157349,
        -0.19165083765983582,
        0.5742307901382446,
        -0.39134109020233154,
        0.2742771804332733,
        0.878421425819397,
        7.410244941711426
    ],
    [
        0.8750635385513306,
        -0.1386215090751648,
        0.46373265981674194,
        20.501562118530273,
        0.25010019540786743,
        0.9497880339622498,
        -0.188023179769516,
        0.567310631275177,
        -0.41438359022140503,
        0.2805118262767792,
        0.8657941818237305,
        7.450117111206055
    ],
    [
        0.8611606955528259,
        -0.14311814308166504,
        0.48776975274086,
        20.53208351135254,
        0.2619512379169464,
        0.9472744464874268,
        -0.18453358113765717,
        0.5568134784698486,
        -0.4356417953968048,
        0.28668496012687683,
        0.8532454967498779,
        7.491616249084473
    ],
    [
        0.8509220480918884,
        -0.14575563371181488,
        0.504665195941925,
        20.555261611938477,
        0.27043524384498596,
        0.9451857209205627,
        -0.1829988956451416,
        0.54869145154953,
        -0.4503293037414551,
        0.292197048664093,
        0.8436968326568604,
        7.5247650146484375
    ],
    [
        0.8379062414169312,
        -0.1482820063829422,
        0.5252862572669983,
        20.587610244750977,
        0.2797227203845978,
        0.943059504032135,
        -0.17998318374156952,
        0.5346965193748474,
        -0.46868786215782166,
        0.2977434992790222,
        0.831673264503479,
        7.565303802490234
    ],
    [
        0.8246638178825378,
        -0.1509881168603897,
        0.5450984239578247,
        20.618249893188477,
        0.2890404164791107,
        0.9408745765686035,
        -0.17666593194007874,
        0.5202687382698059,
        -0.48619475960731506,
        0.3032453954219818,
        0.8195466995239258,
        7.602190971374512
    ]
]