[
    [
        0.990154504776001,
        0.016709288582205772,
        -0.13897818326950073,
        -0.147306889295578,
        -0.020436853170394897,
        0.9994674921035767,
        -0.025437459349632263,
        -0.12477903068065643,
        0.13847912847995758,
        0.028027290478348732,
        0.9899687170982361,
        0.1602647453546524
    ],
    [
        0.9857983589172363,
        0.018574977293610573,
        -0.16690325736999512,
        -0.22106236219406128,
        -0.023832285776734352,
        0.9992791414260864,
        -0.029551487416028976,
        -0.17159491777420044,
        0.16623401641845703,
        0.03310948982834816,
        0.9855303764343262,
        0.22556941211223602
    ],
    [
        0.9800500273704529,
        0.02044854685664177,
        -0.19769616425037384,
        -0.2933962643146515,
        -0.02812020666897297,
        0.9989533424377441,
        -0.03607591241598129,
        -0.2131524235010147,
        0.19675156474113464,
        0.04091545194387436,
        0.9795993566513062,
        0.3015768527984619
    ],
    [
        0.9732431173324585,
        0.019632209092378616,
        -0.22893768548965454,
        -0.34747567772865295,
        -0.030579589307308197,
        0.9985470771789551,
        -0.04436878859996796,
        -0.24214588105678558,
        0.22773398458957672,
        0.05018243566155434,
        0.9724294543266296,
        0.40437042713165283
    ],
    [
        0.9676492214202881,
        0.017360202968120575,
        -0.2517014443874359,
        -0.4103192985057831,
        -0.0320005938410759,
        0.9980177879333496,
        -0.054189421236515045,
        -0.25867360830307007,
        0.2502617835998535,
        0.06049095094203949,
        0.9662866592407227,
        0.5312216877937317
    ],
    [
        0.967388927936554,
        0.01389011088758707,
        -0.2529146373271942,
        -0.4980568289756775,
        -0.02902190387248993,
        0.9979978799819946,
        -0.05619748309254646,
        -0.2885863482952118,
        0.251627653837204,
        0.061704885214567184,
        0.9658551812171936,
        0.6489295959472656
    ],
    [
        0.9707208275794983,
        0.009268533438444138,
        -0.24003170430660248,
        -0.5878474116325378,
        -0.02305724285542965,
        0.9982364773750305,
        -0.05470092222094536,
        -0.31746238470077515,
        0.23910142481327057,
        0.05863379314541817,
        0.9692226052284241,
        0.7803278565406799
    ],
    [
        0.977780818939209,
        0.003914582077413797,
        -0.20959316194057465,
        -0.7027722001075745,
        -0.015170051716268063,
        0.9985255599021912,
        -0.05212085694074631,
        -0.34271857142448425,
        0.20908008515834808,
        0.054142314940690994,
        0.9763985276222229,
        0.9225136637687683
    ],
    [
        0.9874316453933716,
        -0.006855568382889032,
        -0.15789754688739777,
        -0.8493427634239197,
        -0.0009732651524245739,
        0.9987760186195374,
        -0.049451135098934174,
        -0.36589887738227844,
        0.15804331004619598,
        0.048983290791511536,
        0.9862164258956909,
        1.0980018377304077
    ],
    [
        0.9944381713867188,
        -0.013905765488743782,
        -0.10440000891685486,
        -0.9502012729644775,
        0.009219144470989704,
        0.9989335536956787,
        -0.045240115374326706,
        -0.3916773200035095,
        0.10491777956485748,
        0.044026024639606476,
        0.9935059547424316,
        1.2430042028427124
    ],
    [
        0.9987411499023438,
        -0.02294008433818817,
        -0.044607244431972504,
        -1.0316593647003174,
        0.02113969996571541,
        0.9989590644836426,
        -0.040421999990940094,
        -0.4180300235748291,
        0.04548808932304382,
        0.03942812979221344,
        0.998186469078064,
        1.4044530391693115
    ],
    [
        0.9991576075553894,
        -0.03237190097570419,
        0.025221914052963257,
        -1.094585657119751,
        0.033203065395355225,
        0.9988949298858643,
        -0.03326212987303734,
        -0.45375168323516846,
        -0.02411719784140587,
        0.03407156094908714,
        0.9991283416748047,
        1.5855809450149536
    ],
    [
        0.9941993355751038,
        -0.04264569282531738,
        0.09873676300048828,
        -1.1256794929504395,
        0.04567636549472809,
        0.9985456466674805,
        -0.028639011085033417,
        -0.481839656829834,
        -0.09737177938222885,
        0.032982803881168365,
        0.9947014451026917,
        1.757230281829834
    ],
    [
        0.9837668538093567,
        -0.05338280275464058,
        0.17132705450057983,
        -1.1624363660812378,
        0.058291610330343246,
        0.9980171918869019,
        -0.023746423423290253,
        -0.5102736949920654,
        -0.1697198748588562,
        0.03334789723157883,
        0.9849278926849365,
        1.9244167804718018
    ],
    [
        0.9641523957252502,
        -0.0662158876657486,
        0.25695398449897766,
        -1.2121614217758179,
        0.07307413965463638,
        0.99717777967453,
        -0.017223425209522247,
        -0.5454594492912292,
        -0.2550884783267975,
        0.03538269177079201,
        0.9662702083587646,
        2.123826026916504
    ],
    [
        0.9402286410331726,
        -0.0740266665816307,
        0.33240044116973877,
        -1.2327086925506592,
        0.0810767412185669,
        0.996680736541748,
        -0.007369826082140207,
        -0.577164351940155,
        -0.3307514488697052,
        0.03387926518917084,
        0.9431095719337463,
        2.307525396347046
    ],
    [
        0.9120023846626282,
        -0.08199061453342438,
        0.40190690755844116,
        -1.229224681854248,
        0.08899804949760437,
        0.9960309863090515,
        0.0012409408809617162,
        -0.6029245853424072,
        -0.4004136025905609,
        0.034637197852134705,
        0.9156796932220459,
        2.4968810081481934
    ],
    [
        0.8806172609329224,
        -0.088813416659832,
        0.465430349111557,
        -1.2032641172409058,
        0.09567664563655853,
        0.9953725934028625,
        0.008912048302590847,
        -0.6206484436988831,
        -0.46406808495521545,
        0.036682721227407455,
        0.8850396275520325,
        2.681138753890991
    ],
    [
        0.8483161926269531,
        -0.09775730967521667,
        0.5203873515129089,
        -1.1512858867645264,
        0.1049557700753212,
        0.9943529963493347,
        0.0156989935785532,
        -0.6396821141242981,
        -0.5189833641052246,
        0.0412999764084816,
        0.8537859320640564,
        2.8465423583984375
    ],
    [
        0.8115510940551758,
        -0.10816145688295364,
        0.5741828680038452,
        -1.1354762315750122,
        0.11497778445482254,
        0.9930644631385803,
        0.024558305740356445,
        -0.6710100769996643,
        -0.5728569030761719,
        0.04608795419335365,
        0.8183586597442627,
        3.0074427127838135
    ],
    [
        0.7661759257316589,
        -0.11891556531190872,
        0.6315327286720276,
        -1.1164422035217285,
        0.1245223879814148,
        0.9915765523910522,
        0.035640034824609756,
        -0.7078309059143066,
        -0.6304512023925781,
        0.05133344233036041,
        0.7745295763015747,
        3.197648525238037
    ],
    [
        0.7255111932754517,
        -0.12614452838897705,
        0.6765508651733398,
        -1.0520600080490112,
        0.1305328607559204,
        0.9904362559318542,
        0.04469003528356552,
        -0.7287648916244507,
        -0.6757178902626038,
        0.05588899552822113,
        0.7350386381149292,
        3.370980739593506
    ],
    [
        0.6821734309196472,
        -0.1352616548538208,
        0.7185705900192261,
        -0.9922133684158325,
        0.13725495338439941,
        0.988959550857544,
        0.055856216698884964,
        -0.7548543810844421,
        -0.718192458152771,
        0.060523755848407745,
        0.693207323551178,
        3.5333309173583984
    ],
    [
        0.6362118721008301,
        -0.14200551807880402,
        0.7583329677581787,
        -0.9389081597328186,
        0.14181631803512573,
        0.9876918792724609,
        0.06597689539194107,
        -0.7758573293685913,
        -0.7583683133125305,
        0.0655687227845192,
        0.6485199332237244,
        3.681668519973755
    ],
    [
        0.5945756435394287,
        -0.147792786359787,
        0.7903398275375366,
        -0.8477718234062195,
        0.14540286362171173,
        0.9865188002586365,
        0.07509096711874008,
        -0.7947596907615662,
        -0.7907831072807312,
        0.07027042657136917,
        0.6080495119094849,
        3.824814558029175
    ]
]