[
    [
        0.991135835647583,
        -0.019948810338974,
        0.1313462108373642,
        0.06412433832883835,
        0.023408126085996628,
        0.999417245388031,
        -0.024846142157912254,
        0.007779744453728199,
        -0.13077400624752045,
        0.02770046889781952,
        0.9910250902175903,
        -0.029153525829315186
    ],
    [
        0.9899170398712158,
        -0.021163612604141235,
        0.14005906879901886,
        0.07118703424930573,
        0.025048986077308655,
        0.9993471503257751,
        -0.02603631466627121,
        0.00797300972044468,
        -0.13941660523414612,
        0.02928212657570839,
        0.989800751209259,
        -0.03183867782354355
    ],
    [
        0.9880536198616028,
        -0.023024551570415497,
        0.1523810476064682,
        0.08261547237634659,
        0.027452625334262848,
        0.9992578625679016,
        -0.027019096538424492,
        0.009465140290558338,
        -0.15164585411548615,
        0.03087957389652729,
        0.9879524111747742,
        -0.036001235246658325
    ],
    [
        0.9860631823539734,
        -0.023871663957834244,
        0.1646498292684555,
        0.09395229071378708,
        0.0287702064961195,
        0.9992096424102783,
        -0.027430599555373192,
        0.010698942467570305,
        -0.163864865899086,
        0.03178531676530838,
        0.9859705567359924,
        -0.039977312088012695
    ],
    [
        0.9838671684265137,
        -0.024796929210424423,
        0.177173912525177,
        0.10500456392765045,
        0.030330926179885864,
        0.9991308450698853,
        -0.028594644740223885,
        0.011755085550248623,
        -0.17631086707115173,
        0.03350717946887016,
        0.9837641716003418,
        -0.044510453939437866
    ],
    [
        0.9822834134101868,
        -0.024740908294916153,
        0.18576078116893768,
        0.11152341216802597,
        0.03069200925529003,
        0.9991014003753662,
        -0.02922888658940792,
        0.011725819669663906,
        -0.18487070500850677,
        0.03441242128610611,
        0.9821601510047913,
        -0.0461459644138813
    ],
    [
        0.9799564480781555,
        -0.0245622880756855,
        0.19769124686717987,
        0.12240449339151382,
        0.031240126118063927,
        0.999039351940155,
        -0.030731122940778732,
        0.012980586849153042,
        -0.19674652814865112,
        0.03629106655716896,
        0.9797825217247009,
        -0.050248369574546814
    ],
    [
        0.9775076508522034,
        -0.02415969967842102,
        0.20951159298419952,
        0.13283579051494598,
        0.03134021908044815,
        0.9990272521972656,
        -0.031020252034068108,
        0.012042425572872162,
        -0.2085583657026291,
        0.036888670176267624,
        0.9773139357566833,
        -0.05391010269522667
    ],
    [
        0.974837601184845,
        -0.02406902424991131,
        0.22161303460597992,
        0.14311262965202332,
        0.03196248784661293,
        0.9989734888076782,
        -0.032100651413202286,
        0.012059880420565605,
        -0.22061291337013245,
        0.03837622329592705,
        0.9746062159538269,
        -0.05707842856645584
    ],
    [
        0.9730330109596252,
        -0.02344091236591339,
        0.22947169840335846,
        0.15035225450992584,
        0.03180871903896332,
        0.9989545345306396,
        -0.032834235578775406,
        0.012108215130865574,
        -0.2284621298313141,
        0.03924800083041191,
        0.9727613925933838,
        -0.05986158549785614
    ],
    [
        0.9701197147369385,
        -0.02296113781630993,
        0.24153779447078705,
        0.1606147438287735,
        0.032218318432569504,
        0.9988871216773987,
        -0.034446120262145996,
        0.012793653644621372,
        -0.24047808349132538,
        0.04119880497455597,
        0.9697797894477844,
        -0.06367189437150955
    ],
    [
        0.9670245051383972,
        -0.0222479235380888,
        0.25370967388153076,
        0.17080101370811462,
        0.03246621415019035,
        0.998818576335907,
        -0.03615940362215042,
        0.01323639415204525,
        -0.25260546803474426,
        0.04320402070879936,
        0.9666043519973755,
        -0.06754064559936523
    ],
    [
        0.9637237191200256,
        -0.021553711965680122,
        0.26603028178215027,
        0.1809585988521576,
        0.032903995364904404,
        0.9987251162528992,
        -0.03828185051679611,
        0.012931528501212597,
        -0.2648659944534302,
        0.04564658924937248,
        0.9632043242454529,
        -0.07145127654075623
    ],
    [
        0.961337149143219,
        -0.020987549796700478,
        0.27457335591316223,
        0.1873188614845276,
        0.033184632658958435,
        0.9986544251441956,
        -0.03985204920172691,
        0.013039248995482922,
        -0.2733674645423889,
        0.047422874718904495,
        0.9607399702072144,
        -0.07332634180784225
    ],
    [
        0.9577393531799316,
        -0.019854934886097908,
        0.2869512736797333,
        0.19842606782913208,
        0.03312757983803749,
        0.9985902905464172,
        -0.041472695767879486,
        0.012548087164759636,
        -0.28572335839271545,
        0.04922603443264961,
        0.9570469856262207,
        -0.07791435718536377
    ],
    [
        0.9537323117256165,
        -0.018554307520389557,
        0.3000841736793518,
        0.2082519829273224,
        0.03297172486782074,
        0.9985286593437195,
        -0.04305187985301018,
        0.013496928848326206,
        -0.2988438308238983,
        0.05095425993204117,
        0.9529407620429993,
        -0.08156412839889526
    ],
    [
        0.9496477246284485,
        -0.01740555837750435,
        0.31283578276634216,
        0.21859858930110931,
        0.032846417278051376,
        0.9984846711158752,
        -0.044155266135931015,
        0.014223359525203705,
        -0.3115931451320648,
        0.05220748484134674,
        0.9487802982330322,
        -0.08620500564575195
    ],
    [
        0.9468437433242798,
        -0.01622738502919674,
        0.32128462195396423,
        0.2252887636423111,
        0.03240988403558731,
        0.9984573721885681,
        -0.04508383572101593,
        0.014533370733261108,
        -0.32005739212036133,
        0.053100138902664185,
        0.9459089636802673,
        -0.08901957422494888
    ],
    [
        0.9423843026161194,
        -0.014598472975194454,
        0.3342136740684509,
        0.2341649830341339,
        0.03211917355656624,
        0.9983803629875183,
        -0.04695731773972511,
        0.01572261191904545,
        -0.33298689126968384,
        0.05498650297522545,
        0.9413268566131592,
        -0.09388938546180725
    ],
    [
        0.937810480594635,
        -0.013011911883950233,
        0.34690380096435547,
        0.243403822183609,
        0.03160545974969864,
        0.9983474016189575,
        -0.04799463972449303,
        0.016161449253559113,
        -0.345706045627594,
        0.05597393587231636,
        0.936671793460846,
        -0.09916701167821884
    ],
    [
        0.9332068562507629,
        -0.011292604729533195,
        0.35916224122047424,
        0.2531173825263977,
        0.03064153902232647,
        0.9983663558959961,
        -0.04822537675499916,
        0.016730237752199173,
        -0.35803088545799255,
        0.05600953847169876,
        0.9320282936096191,
        -0.10498049110174179
    ],
    [
        0.9300170540809631,
        -0.010214932262897491,
        0.3673743009567261,
        0.259570449590683,
        0.02997324801981449,
        0.99839186668396,
        -0.048117488622665405,
        0.016308618709445,
        -0.36629199981689453,
        0.055761486291885376,
        0.9288275837898254,
        -0.10870036482810974
    ],
    [
        0.9249412417411804,
        -0.008771226741373539,
        0.3800089359283447,
        0.26894697546958923,
        0.02943415939807892,
        0.9983845353126526,
        -0.048598360270261765,
        0.016398737207055092,
        -0.3789688050746918,
        0.0561358705163002,
        0.9237051606178284,
        -0.11388787627220154
    ],
    [
        0.9197359681129456,
        -0.0072077191434800625,
        0.3924712836742401,
        0.2790885269641876,
        0.02886791154742241,
        0.9983659982681274,
        -0.049315497279167175,
        0.01663706637918949,
        -0.39147454500198364,
        0.056687064468860626,
        0.9184412360191345,
        -0.11957995593547821
    ],
    [
        0.9141706228256226,
        -0.005779193248599768,
        0.40528854727745056,
        0.288711279630661,
        0.028384719043970108,
        0.9983564019203186,
        -0.049788687378168106,
        0.016992265358567238,
        -0.4043346047401428,
        0.05701935663819313,
        0.9128320813179016,
        -0.12413652241230011
    ]
]