[
    [
        0.9999942183494568,
        0.0005032448680140078,
        -0.0033530029468238354,
        -0.005351422354578972,
        -0.0005011651082895696,
        0.9999997615814209,
        0.0006208110717125237,
        -0.03855355829000473,
        0.0033533144742250443,
        -0.0006191271240822971,
        0.9999942779541016,
        0.2676413655281067
    ],
    [
        0.9999575018882751,
        0.0012389847543090582,
        -0.009140650741755962,
        -0.00656881183385849,
        -0.0012283442774787545,
        0.9999985098838806,
        0.0011696337023749948,
        -0.04132096469402313,
        0.00914208684116602,
        -0.0011583553859964013,
        0.9999575614929199,
        0.3175831437110901
    ],
    [
        0.9998410940170288,
        0.002558509586378932,
        -0.017641130834817886,
        -0.008269857615232468,
        -0.0025266853626817465,
        0.9999951720237732,
        0.0018260629149153829,
        -0.04659392312169075,
        0.017645716667175293,
        -0.0017811994766816497,
        0.9998427629470825,
        0.3854256570339203
    ],
    [
        0.9996412396430969,
        0.0033328307326883078,
        -0.026574669405817986,
        -0.008092453703284264,
        -0.003262552199885249,
        0.9999911189079285,
        0.002687460510060191,
        -0.05415058881044388,
        0.026583388447761536,
        -0.0025997948832809925,
        0.9996432065963745,
        0.44551360607147217
    ],
    [
        0.9992263317108154,
        0.005178872030228376,
        -0.03898629546165466,
        -0.007769967895001173,
        -0.005027541890740395,
        0.9999794960021973,
        0.003978662192821503,
        -0.06417208164930344,
        0.03900609910488129,
        -0.0037795777898281813,
        0.9992319345474243,
        0.5145127773284912
    ],
    [
        0.9987155199050903,
        0.006898331921547651,
        -0.05019725486636162,
        -0.008312460035085678,
        -0.006661694496870041,
        0.9999659061431885,
        0.004879947751760483,
        -0.07046765834093094,
        0.050229210406541824,
        -0.004539280664175749,
        0.9987275004386902,
        0.5655143857002258
    ],
    [
        0.9977403879165649,
        0.009762437082827091,
        -0.0664740726351738,
        -0.011963698081672192,
        -0.009430812671780586,
        0.9999414682388306,
        0.005300779361277819,
        -0.0748169869184494,
        0.06652193516492844,
        -0.0046618967317044735,
        0.997774064540863,
        0.6251139044761658
    ],
    [
        0.9965411424636841,
        0.012947464361786842,
        -0.08208636939525604,
        -0.01861639879643917,
        -0.012420039623975754,
        0.9998988509178162,
        0.006932627409696579,
        -0.07633060216903687,
        0.08216783404350281,
        -0.0058891321532428265,
        0.9966011047363281,
        0.6785924434661865
    ],
    [
        0.9946635961532593,
        0.016794415190815926,
        -0.10179576277732849,
        -0.03215266019105911,
        -0.015981823205947876,
        0.9998335838317871,
        0.008792927488684654,
        -0.07811783999204636,
        0.10192649066448212,
        -0.007119123358279467,
        0.994766354560852,
        0.7536841630935669
    ],
    [
        0.99295973777771,
        0.019008249044418335,
        -0.11691678315401077,
        -0.04530061036348343,
        -0.01791710965335369,
        0.9997856020927429,
        0.010376635007560253,
        -0.082609161734581,
        0.11708895862102509,
        -0.008208769373595715,
        0.9930874705314636,
        0.8186874985694885
    ],
    [
        0.990810751914978,
        0.02131071500480175,
        -0.13356615602970123,
        -0.06134088709950447,
        -0.020054062828421593,
        0.9997410774230957,
        0.010746849700808525,
        -0.08828680217266083,
        0.13376060128211975,
        -0.007969549857079983,
        0.9909816384315491,
        0.8908181190490723
    ],
    [
        0.9890457391738892,
        0.023428989574313164,
        -0.1457381695508957,
        -0.07654901593923569,
        -0.021990444511175156,
        0.9996923208236694,
        0.011474180035293102,
        -0.0890941172838211,
        0.1459621638059616,
        -0.008143641985952854,
        0.9892565608024597,
        0.9497069716453552
    ],
    [
        0.9868106842041016,
        0.026059778407216072,
        -0.15976685285568237,
        -0.09350267797708511,
        -0.024369876831769943,
        0.999624490737915,
        0.012527860701084137,
        -0.08861896395683289,
        0.16003333032131195,
        -0.008469129912555218,
        0.9870752692222595,
        1.0266070365905762
    ],
    [
        0.984509289264679,
        0.027224212884902954,
        -0.17320623993873596,
        -0.10988913476467133,
        -0.025241216644644737,
        0.9995882511138916,
        0.01364150457084179,
        -0.09117026627063751,
        0.17350630462169647,
        -0.009058253839612007,
        0.984791100025177,
        1.1158627271652222
    ],
    [
        0.9825811386108398,
        0.028070688247680664,
        -0.18370124697685242,
        -0.12308310717344284,
        -0.02593132294714451,
        0.9995652437210083,
        0.014038282446563244,
        -0.09605999290943146,
        0.1840154230594635,
        -0.009030136279761791,
        0.9828819036483765,
        1.1904009580612183
    ],
    [
        0.9805902242660522,
        0.02863314189016819,
        -0.1939661204814911,
        -0.13682827353477478,
        -0.027036292478442192,
        0.9995752573013306,
        0.010875376872718334,
        -0.09833066165447235,
        0.19419513642787933,
        -0.0054201651364564896,
        0.9809480309486389,
        1.2693170309066772
    ],
    [
        0.9788813591003418,
        0.029299454763531685,
        -0.20231866836547852,
        -0.14887377619743347,
        -0.027954015880823135,
        0.9995641112327576,
        0.009504880756139755,
        -0.09943414479494095,
        0.20250895619392395,
        -0.003648530226200819,
        0.9792736768722534,
        1.3367751836776733
    ],
    [
        0.9769048690795898,
        0.029802637174725533,
        -0.21158604323863983,
        -0.16830191016197205,
        -0.028963182121515274,
        0.9995554089546204,
        0.007066237274557352,
        -0.10139273852109909,
        0.21170257031917572,
        -0.0007748384377919137,
        0.9773339033126831,
        1.4236406087875366
    ],
    [
        0.9752660393714905,
        0.030198320746421814,
        -0.21896184980869293,
        -0.18801823258399963,
        -0.029712466523051262,
        0.9995432496070862,
        0.00551225058734417,
        -0.1048780009150505,
        0.2190283238887787,
        0.001129985903389752,
        0.9757177829742432,
        1.4960286617279053
    ],
    [
        0.9736393690109253,
        0.030234340578317642,
        -0.22608019411563873,
        -0.21070855855941772,
        -0.03043813444674015,
        0.9995332956314087,
        0.002585209673270583,
        -0.10854840278625488,
        0.22605285048484802,
        0.004364397376775742,
        0.9741052985191345,
        1.572893738746643
    ],
    [
        0.9724293351173401,
        0.030002065002918243,
        -0.23125949501991272,
        -0.22695502638816833,
        -0.030843157321214676,
        0.9995241761207581,
        -2.1621557607431896e-05,
        -0.11146443337202072,
        0.23114879429340363,
        0.007153796497732401,
        0.972892165184021,
        1.630525827407837
    ],
    [
        0.9706905484199524,
        0.030220957472920418,
        -0.2384253591299057,
        -0.24672533571720123,
        -0.031621355563402176,
        0.9994978308677673,
        -0.0020499899983406067,
        -0.11697737872600555,
        0.23824366927146912,
        0.009529237635433674,
        0.9711586236953735,
        1.7011425495147705
    ],
    [
        0.9692312479019165,
        0.03023720160126686,
        -0.24428753554821014,
        -0.25917720794677734,
        -0.03198913112282753,
        0.9994831085205078,
        -0.003206453751772642,
        -0.12065068632364273,
        0.2440643161535263,
        0.010922343470156193,
        0.9696974754333496,
        1.7627092599868774
    ],
    [
        0.9667500257492065,
        0.0298458244651556,
        -0.2539758086204529,
        -0.2687598764896393,
        -0.03206207975745201,
        0.999475359916687,
        -0.004590408410876989,
        -0.12732341885566711,
        0.25370559096336365,
        0.012580771930515766,
        0.9671996235847473,
        1.8323745727539062
    ],
    [
        0.964066743850708,
        0.029955683276057243,
        -0.26396599411964417,
        -0.2763669788837433,
        -0.032940082252025604,
        0.999433696269989,
        -0.006886199116706848,
        -0.13315382599830627,
        0.26361021399497986,
        0.015333815477788448,
        0.9645074009895325,
        1.8898141384124756
    ]
]