[
    [
        0.9998060464859009,
        0.0017728423699736595,
        0.019612638279795647,
        -0.0024422553833574057,
        -0.0017709537642076612,
        0.9999984502792358,
        -0.00011364900274202228,
        -0.008626888506114483,
        -0.019612809643149376,
        7.889487460488454e-05,
        0.999807596206665,
        1.3676732778549194
    ],
    [
        0.9997307658195496,
        0.0018312594620510936,
        0.023133128881454468,
        -0.003839908866211772,
        -0.001838982687331736,
        0.9999982118606567,
        0.000312606745865196,
        -0.006974099203944206,
        -0.02313251420855522,
        -0.0003550642286427319,
        0.9997323155403137,
        1.459055781364441
    ],
    [
        0.9996005296707153,
        0.001648595673032105,
        0.028211409226059914,
        -0.004384370055049658,
        -0.001665357151068747,
        0.9999984502792358,
        0.0005706457304768264,
        -0.007495426572859287,
        -0.02821042574942112,
        -0.0006173990550450981,
        0.9996017217636108,
        1.5478523969650269
    ],
    [
        0.9993528127670288,
        0.0020470612216740847,
        0.03591363504528999,
        -0.00571335107088089,
        -0.0020804679952561855,
        0.9999974966049194,
        0.0008928577299229801,
        -0.008370988070964813,
        -0.035911720246076584,
        -0.0009669963037595153,
        0.9993544816970825,
        1.6945346593856812
    ],
    [
        0.9991655349731445,
        0.002252408768981695,
        0.04078178480267525,
        -0.007004320155829191,
        -0.002287423936650157,
        0.9999970197677612,
        0.0008119535050354898,
        -0.008991875685751438,
        -0.04077983275055885,
        -0.0009045617189258337,
        0.999167799949646,
        1.780127763748169
    ],
    [
        0.9988043308258057,
        0.0026869154535233974,
        0.04881298169493675,
        -0.009261427447199821,
        -0.0027199373580515385,
        0.9999960660934448,
        0.0006100983009673655,
        -0.007575339637696743,
        -0.04881114885210991,
        -0.0007421377813443542,
        0.9988078474998474,
        1.8920929431915283
    ],
    [
        0.9983682632446289,
        0.003119559958577156,
        0.057018980383872986,
        -0.015323272906243801,
        -0.003178178332746029,
        0.9999945163726807,
        0.000937411212362349,
        -0.006255761254578829,
        -0.05701574310660362,
        -0.0011170977959409356,
        0.9983726143836975,
        1.9984593391418457
    ],
    [
        0.9978570938110352,
        0.0030259888153523207,
        0.06536045670509338,
        -0.022026440128684044,
        -0.0032083550468087196,
        0.9999912977218628,
        0.002685394138097763,
        -0.004592836834490299,
        -0.06535174697637558,
        -0.0028893391136080027,
        0.9978581070899963,
        2.104823589324951
    ],
    [
        0.9973096251487732,
        0.003079136600717902,
        0.07323905825614929,
        -0.02636650763452053,
        -0.0034027716610580683,
        0.9999850392341614,
        0.004294515121728182,
        -0.0021112877875566483,
        -0.07322473078966141,
        -0.004532177001237869,
        0.997305154800415,
        2.1843745708465576
    ],
    [
        0.996163010597229,
        0.0030124157201498747,
        0.08746536076068878,
        -0.03569865599274635,
        -0.003570262808352709,
        0.9999743700027466,
        0.006222192198038101,
        -0.0011484930291771889,
        -0.08744435012340546,
        -0.006510591600090265,
        0.9961482286453247,
        2.314844846725464
    ],
    [
        0.9952115416526794,
        0.0032524587586522102,
        0.09768987447023392,
        -0.04257889464497566,
        -0.0038855040911585093,
        0.9999727010726929,
        0.006290607154369354,
        -0.0012982552871108055,
        -0.09766674041748047,
        -0.006640059407800436,
        0.9951969981193542,
        2.3896515369415283
    ],
    [
        0.9933487772941589,
        0.003305240999907255,
        0.11509684473276138,
        -0.050599221140146255,
        -0.00398712744936347,
        0.9999758005142212,
        0.005694746971130371,
        0.0008903378620743752,
        -0.1150752454996109,
        -0.006115775089710951,
        0.9933379292488098,
        2.4825785160064697
    ],
    [
        0.991356372833252,
        0.002977415220811963,
        0.1311628222465515,
        -0.05615577474236488,
        -0.003835854819044471,
        0.999972939491272,
        0.00629267655313015,
        0.0030257664620876312,
        -0.13114051520824432,
        -0.006741408258676529,
        0.9913409352302551,
        2.5495076179504395
    ],
    [
        0.9891178607940674,
        0.0028100814670324326,
        0.14709818363189697,
        -0.06355834752321243,
        -0.004045623820275068,
        0.9999590516090393,
        0.008100936189293861,
        0.005120337009429932,
        -0.14706939458847046,
        -0.008607884868979454,
        0.9890887141227722,
        2.6164793968200684
    ],
    [
        0.9857525825500488,
        0.002670763060450554,
        0.168180450797081,
        -0.07552996277809143,
        -0.00442234892398119,
        0.9999398589134216,
        0.010041236877441406,
        0.006045384332537651,
        -0.16814351081848145,
        -0.01064192783087492,
        0.9857050180435181,
        2.704943895339966
    ],
    [
        0.9830659031867981,
        0.0027905991300940514,
        0.18323096632957458,
        -0.08787867426872253,
        -0.0048408121801912785,
        0.9999305605888367,
        0.01074290368705988,
        0.004932001233100891,
        -0.18318822979927063,
        -0.011447968892753124,
        0.9830111265182495,
        2.768441677093506
    ],
    [
        0.9792117476463318,
        0.002232555067166686,
        0.20282840728759766,
        -0.10421403497457504,
        -0.004799105692654848,
        0.9999144673347473,
        0.012162873521447182,
        0.003997180610895157,
        -0.20278394222259521,
        -0.012883423827588558,
        0.9791387915611267,
        2.8508737087249756
    ],
    [
        0.9747698307037354,
        0.0019890873227268457,
        0.22320373356342316,
        -0.12281211465597153,
        -0.005083038005977869,
        0.9998987913131714,
        0.013287884183228016,
        0.0035276636481285095,
        -0.22315473854541779,
        -0.014087182469666004,
        0.9746811389923096,
        2.9311718940734863
    ],
    [
        0.9693846702575684,
        0.0011621084995567799,
        0.24554403126239777,
        -0.14184673130512238,
        -0.004823949653655291,
        0.9998860359191895,
        0.01431224774569273,
        0.0016133375465869904,
        -0.245499387383461,
        -0.015058566816151142,
        0.9692798256874084,
        3.010347843170166
    ],
    [
        0.9648545980453491,
        0.00045607052743434906,
        0.26278409361839294,
        -0.1549166887998581,
        -0.004452756606042385,
        0.9998833537101746,
        0.014613687992095947,
        -0.0004996061325073242,
        -0.26274675130844116,
        -0.01527019776403904,
        0.964743971824646,
        3.067918300628662
    ],
    [
        0.9557464122772217,
        -0.00040533929131925106,
        0.29419147968292236,
        -0.17610934376716614,
        -0.004147720523178577,
        0.9998810291290283,
        0.014852439984679222,
        -0.0027918124105781317,
        -0.29416269063949585,
        -0.015415390022099018,
        0.9556310772895813,
        3.159961700439453
    ],
    [
        0.9492766857147217,
        -0.0009394907392561436,
        0.31444069743156433,
        -0.18956826627254486,
        -0.00389899336732924,
        0.9998834133148193,
        0.014758285135030746,
        -0.0026074345223605633,
        -0.31441769003868103,
        -0.01523569691926241,
        0.9491623640060425,
        3.212900400161743
    ],
    [
        0.9390091300010681,
        -0.0016662561101838946,
        0.34388813376426697,
        -0.20722468197345734,
        -0.0036406712606549263,
        0.9998840689659119,
        0.014785871841013432,
        -0.0025189253501594067,
        -0.3438730239868164,
        -0.015136053785681725,
        0.9388943314552307,
        3.2806499004364014
    ],
    [
        0.9274985790252686,
        -0.002482544630765915,
        0.37381839752197266,
        -0.22415469586849213,
        -0.003475109115242958,
        0.9998775124549866,
        0.015262478962540627,
        -0.0034349930938333273,
        -0.37381067872047424,
        -0.01545498613268137,
        0.9273762702941895,
        3.346306800842285
    ],
    [
        0.9151915311813354,
        -0.0033021350391209126,
        0.4030056893825531,
        -0.24007876217365265,
        -0.0032823754008859396,
        0.9998722672462463,
        0.01564672775566578,
        -0.004431215580552816,
        -0.4030056297779083,
        -0.015642572194337845,
        0.9150637984275818,
        3.409616470336914
    ]
]