[
    [
        0.9885931611061096,
        0.027924586087465286,
        -0.14799901843070984,
        -0.03672204166650772,
        -0.029193641617894173,
        0.9995532631874084,
        -0.006408990826457739,
        -0.0919225811958313,
        0.14775392413139343,
        0.010656515136361122,
        0.9889667630195618,
        0.466902494430542
    ],
    [
        0.987848699092865,
        0.028586063534021378,
        -0.15276707708835602,
        -0.04122234135866165,
        -0.029959717765450478,
        0.9995286464691162,
        -0.006696981377899647,
        -0.09484659135341644,
        0.15250363945960999,
        0.011192463338375092,
        0.9882395267486572,
        0.48927053809165955
    ],
    [
        0.9871610999107361,
        0.029425332322716713,
        -0.1569938361644745,
        -0.047616664320230484,
        -0.030798204243183136,
        0.9995056390762329,
        -0.006318734493106604,
        -0.09919501096010208,
        0.1567302942276001,
        0.011072738096117973,
        0.9875794053077698,
        0.5119225382804871
    ],
    [
        0.9864765405654907,
        0.03012855164706707,
        -0.16110992431640625,
        -0.0539192333817482,
        -0.03147755190730095,
        0.9994874596595764,
        -0.005826769396662712,
        -0.1032923087477684,
        0.16085182130336761,
        0.01081931684166193,
        0.9869193434715271,
        0.5335190892219543
    ],
    [
        0.9857081174850464,
        0.030848702415823936,
        -0.16561347246170044,
        -0.057471487671136856,
        -0.032247401773929596,
        0.9994633197784424,
        -0.005762726534157991,
        -0.10678171366453171,
        0.16534681618213654,
        0.011020971462130547,
        0.9861738681793213,
        0.5551244020462036
    ],
    [
        0.9849345088005066,
        0.03173255920410156,
        -0.1699918955564499,
        -0.06160746514797211,
        -0.033139679580926895,
        0.9994359016418457,
        -0.0054458556696772575,
        -0.1109829768538475,
        0.16972318291664124,
        0.010997287929058075,
        0.9854303598403931,
        0.576370894908905
    ],
    [
        0.9841382503509521,
        0.03223866969347,
        -0.17444941401481628,
        -0.06600832939147949,
        -0.03357159346342087,
        0.9994253516197205,
        -0.0046944511123001575,
        -0.11595802754163742,
        0.17419782280921936,
        0.010476534254848957,
        0.9846549034118652,
        0.5984370112419128
    ],
    [
        0.983332633972168,
        0.032519541680812836,
        -0.17888349294662476,
        -0.07002200931310654,
        -0.03389814496040344,
        0.9994144439697266,
        -0.004654726944863796,
        -0.11825080960988998,
        0.1786273717880249,
        0.010640962980687618,
        0.9838593602180481,
        0.6202455759048462
    ],
    [
        0.9824942350387573,
        0.03306782618165016,
        -0.18333446979522705,
        -0.07313213497400284,
        -0.034438155591487885,
        0.9993975758552551,
        -0.0042948429472744465,
        -0.12187957018613815,
        0.18308201432228088,
        0.01053336076438427,
        0.9830411672592163,
        0.6418320536613464
    ],
    [
        0.9817196130752563,
        0.03316438943147659,
        -0.18742145597934723,
        -0.07711511105298996,
        -0.03444989398121834,
        0.9993999004364014,
        -0.003604974364861846,
        -0.12613263726234436,
        0.18718942999839783,
        0.009995722211897373,
        0.9822730422019958,
        0.6624305844306946
    ],
    [
        0.9808880090713501,
        0.03335461765527725,
        -0.19169293344020844,
        -0.0808405876159668,
        -0.03466122969985008,
        0.999393105506897,
        -0.003466016845777631,
        -0.12942640483379364,
        0.191460981965065,
        0.01004408672451973,
        0.9814488291740417,
        0.6833626627922058
    ],
    [
        0.9799224138259888,
        0.03405984863638878,
        -0.1964484602212906,
        -0.08216618746519089,
        -0.03530852496623993,
        0.9993723630905151,
        -0.0028564175590872765,
        -0.13395249843597412,
        0.19622784852981567,
        0.00973537191748619,
        0.9805099964141846,
        0.7060174345970154
    ],
    [
        0.9790686964988708,
        0.03509760648012161,
        -0.20048105716705322,
        -0.08693159371614456,
        -0.036253057420253754,
        0.9993404746055603,
        -0.0020938394591212273,
        -0.13935557007789612,
        0.20027533173561096,
        0.009318063035607338,
        0.9796953201293945,
        0.7291374206542969
    ],
    [
        0.9782575964927673,
        0.03546992689371109,
        -0.20433782041072845,
        -0.09164421260356903,
        -0.03677145764231682,
        0.999320387840271,
        -0.0025748596526682377,
        -0.1402001529932022,
        0.2041076272726059,
        0.01003267616033554,
        0.9788970947265625,
        0.7524134516716003
    ],
    [
        0.9772894382476807,
        0.03609379753470421,
        -0.20881253480911255,
        -0.09462559223175049,
        -0.037469346076250076,
        0.9992944002151489,
        -0.0026342805940657854,
        -0.14192116260528564,
        0.20857010781764984,
        0.01039852388203144,
        0.9779521822929382,
        0.7776387333869934
    ],
    [
        0.9763091206550598,
        0.03587166592478752,
        -0.21338628232479095,
        -0.09579484909772873,
        -0.03733542561531067,
        0.9992988109588623,
        -0.002832443919032812,
        -0.14331482350826263,
        0.21313504874706268,
        0.010732206515967846,
        0.9769638180732727,
        0.8002947568893433
    ],
    [
        0.9753010869026184,
        0.036304038017988205,
        -0.2178756147623062,
        -0.09711121022701263,
        -0.037803079932928085,
        0.9992815256118774,
        -0.0027145573403686285,
        -0.14534874260425568,
        0.21762053668498993,
        0.010883880779147148,
        0.9759727716445923,
        0.8227725028991699
    ],
    [
        0.9743127226829529,
        0.03631582111120224,
        -0.22225221991539001,
        -0.09876854717731476,
        -0.03785714507102966,
        0.9992796182632446,
        -0.0026773016434162855,
        -0.14734415709972382,
        0.22199489176273346,
        0.011022363789379597,
        0.9749854207038879,
        0.8445161581039429
    ],
    [
        0.9732286334037781,
        0.03664672002196312,
        -0.22689905762672424,
        -0.09947273880243301,
        -0.03818922117352486,
        0.9992676377296448,
        -0.002410592045634985,
        -0.15023210644721985,
        0.22664453089237213,
        0.0110111553221941,
        0.9739152789115906,
        0.8672052025794983
    ],
    [
        0.9722254276275635,
        0.03738502040505409,
        -0.2310413420200348,
        -0.10186775773763657,
        -0.03902305290102959,
        0.9992350339889526,
        -0.0025223686825484037,
        -0.15188202261924744,
        0.2307703197002411,
        0.011468249373137951,
        0.9729405641555786,
        0.8910377025604248
    ],
    [
        0.9712311625480652,
        0.03751756250858307,
        -0.2351648211479187,
        -0.10466761142015457,
        -0.039176974445581436,
        0.9992294311523438,
        -0.0023866218980401754,
        -0.15405546128749847,
        0.2348940521478653,
        0.011531008407473564,
        0.971952497959137,
        0.9124955534934998
    ],
    [
        0.9701602458953857,
        0.0378502793610096,
        -0.23949231207370758,
        -0.10571093112230301,
        -0.0395127534866333,
        0.9992167353630066,
        -0.0021423182915896177,
        -0.15624099969863892,
        0.2392236590385437,
        0.011541394516825676,
        0.9708959460258484,
        0.9340795874595642
    ],
    [
        0.9690595269203186,
        0.038702592253685,
        -0.24377387762069702,
        -0.10733309388160706,
        -0.04022718966007233,
        0.9991897940635681,
        -0.0012770326575264335,
        -0.16049829125404358,
        0.24352695047855377,
        0.011043857783079147,
        0.9698312878608704,
        0.9554634094238281
    ],
    [
        0.9680856466293335,
        0.03987526148557663,
        -0.24742712080478668,
        -0.11134215444326401,
        -0.04135308414697647,
        0.9991441965103149,
        -0.0007767449715174735,
        -0.16424669325351715,
        0.24718442559242249,
        0.010983831249177456,
        0.9689062237739563,
        0.9770233035087585
    ],
    [
        0.967117965221405,
        0.04094050079584122,
        -0.2510111331939697,
        -0.11528000235557556,
        -0.04235559701919556,
        0.9991025328636169,
        -0.00023544298892375082,
        -0.16750136017799377,
        0.2507762610912323,
        0.01085942704230547,
        0.9679841995239258,
        0.9984867572784424
    ],
    [
        0.9658060669898987,
        0.04195232316851616,
        -0.25584882497787476,
        -0.11590548604726791,
        -0.04329076409339905,
        0.9990624785423279,
        0.00040065465145744383,
        -0.1710750013589859,
        0.25562578439712524,
        0.010688940063118935,
        0.9667165875434875,
        1.0228919982910156
    ],
    [
        0.9646263718605042,
        0.04292437061667442,
        -0.2601029574871063,
        -0.118695467710495,
        -0.04415247589349747,
        0.9990242123603821,
        0.00112200528383255,
        -0.1748536378145218,
        0.25989729166030884,
        0.010401871986687183,
        0.9655802845954895,
        1.0473185777664185
    ],
    [
        0.9632375836372375,
        0.04372687265276909,
        -0.2650686800479889,
        -0.1184283196926117,
        -0.04493965953588486,
        0.9989886283874512,
        0.0014904816634953022,
        -0.17742636799812317,
        0.2648657560348511,
        0.01047640573233366,
        0.9642283320426941,
        1.0718079805374146
    ],
    [
        0.9620401263237,
        0.045107536017894745,
        -0.2691543698310852,
        -0.12141893804073334,
        -0.04627801105380058,
        0.99892657995224,
        0.001998153980821371,
        -0.1809895783662796,
        0.2689555883407593,
        0.01053362712264061,
        0.9630950689315796,
        1.0961837768554688
    ],
    [
        0.9606516361236572,
        0.04653710871934891,
        -0.2738296389579773,
        -0.12257776409387589,
        -0.04750076308846474,
        0.9988663792610168,
        0.0031138495542109013,
        -0.18610495328903198,
        0.27366408705711365,
        0.01001579500734806,
        0.961773157119751,
        1.120698094367981
    ],
    [
        0.9592720866203308,
        0.04745148867368698,
        -0.2784698009490967,
        -0.1227167397737503,
        -0.04839475080370903,
        0.9988220930099487,
        0.003490044502541423,
        -0.18898360431194305,
        0.2783074676990509,
        0.010128578171133995,
        0.9604386687278748,
        1.1442828178405762
    ],
    [
        0.9580529928207397,
        0.04854114353656769,
        -0.2824503481388092,
        -0.12494887411594391,
        -0.0495464950799942,
        0.9987654089927673,
        0.0035866363905370235,
        -0.19179560244083405,
        0.2822757065296173,
        0.010558235459029675,
        0.9592752456665039,
        1.1684767007827759
    ],
    [
        0.9569594264030457,
        0.04891816899180412,
        -0.28606951236724854,
        -0.1276557892560959,
        -0.0501863956451416,
        0.9987355470657349,
        0.0029013424646109343,
        -0.1930924952030182,
        0.28584975004196167,
        0.011580325663089752,
        0.9582045078277588,
        1.191686987876892
    ],
    [
        0.9557983875274658,
        0.04960574209690094,
        -0.2898080050945282,
        -0.12996116280555725,
        -0.05091290548443794,
        0.9986984729766846,
        0.003032031701877713,
        -0.1958310455083847,
        0.28958120942115784,
        0.011856958270072937,
        0.9570799469947815,
        1.2143553495407104
    ],
    [
        0.9544233083724976,
        0.050220102071762085,
        -0.29420068860054016,
        -0.1306084394454956,
        -0.05173508822917938,
        0.9986573457717896,
        0.0026359502226114273,
        -0.1971757560968399,
        0.2939380705356598,
        0.01270468533039093,
        0.9557400941848755,
        1.2382100820541382
    ],
    [
        0.9532747268676758,
        0.051122646778821945,
        -0.29774802923202515,
        -0.13355585932731628,
        -0.05272003263235092,
        0.9986056685447693,
        0.002669015433639288,
        -0.19959890842437744,
        0.2974693775177002,
        0.013152975589036942,
        0.954640805721283,
        1.2613248825073242
    ],
    [
        0.9522180557250977,
        0.05236434563994408,
        -0.30089670419692993,
        -0.13733164966106415,
        -0.053897373378276825,
        0.9985412955284119,
        0.0032101136166602373,
        -0.20395243167877197,
        0.30062589049339294,
        0.01316081453114748,
        0.9536513686180115,
        1.283294916152954
    ],
    [
        0.9512065052986145,
        0.05381736159324646,
        -0.3038252592086792,
        -0.14229615032672882,
        -0.055259812623262405,
        0.9984645247459412,
        0.0038549788296222687,
        -0.20786091685295105,
        0.30356618762016296,
        0.01312244776636362,
        0.9527198672294617,
        1.3054770231246948
    ],
    [
        0.9501123428344727,
        0.055264126509428024,
        -0.30697309970855713,
        -0.14543753862380981,
        -0.05666114389896393,
        0.9983838796615601,
        0.004366392735391855,
        -0.21145381033420563,
        0.30671828985214233,
        0.013244885951280594,
        0.9517081379890442,
        1.3271633386611938
    ],
    [
        0.9490561485290527,
        0.05679428577423096,
        -0.30994662642478943,
        -0.14930346608161926,
        -0.05809812247753143,
        0.998298168182373,
        0.0050307209603488445,
        -0.21521328389644623,
        0.30970486998558044,
        0.01323288306593895,
        0.95074063539505,
        1.3488409519195557
    ],
    [
        0.9479901194572449,
        0.05846035107970238,
        -0.3128851652145386,
        -0.15394984185695648,
        -0.059675659984350204,
        0.9982015490531921,
        0.005699467845261097,
        -0.21841076016426086,
        0.31265565752983093,
        0.013268591836094856,
        0.9497738480567932,
        1.3705666065216064
    ],
    [
        0.9469420909881592,
        0.06026506423950195,
        -0.315703809261322,
        -0.15834590792655945,
        -0.06143542379140854,
        0.9980915188789368,
        0.006253510247915983,
        -0.22284963726997375,
        0.31547820568084717,
        0.0134736904874444,
        0.9488372802734375,
        1.3924659490585327
    ],
    [
        0.9459348320960999,
        0.06155258044600487,
        -0.3184627294540405,
        -0.16301366686820984,
        -0.06286028772592545,
        0.9980031847953796,
        0.006179503630846739,
        -0.22499686479568481,
        0.3182072043418884,
        0.01417324785143137,
        0.947915256023407,
        1.413927674293518
    ],
    [
        0.9451130628585815,
        0.0632699653506279,
        -0.3205592632293701,
        -0.16939662396907806,
        -0.06441501528024673,
        0.997898280620575,
        0.007042468525469303,
        -0.2292487621307373,
        0.3203311562538147,
        0.013992897234857082,
        0.9472023248672485,
        1.4348957538604736
    ],
    [
        0.9442071318626404,
        0.0647074356675148,
        -0.322933167219162,
        -0.17450957000255585,
        -0.06599307060241699,
        0.9977956414222717,
        0.006978763733059168,
        -0.23156419396400452,
        0.32267290353775024,
        0.014721954241394997,
        0.946395993232727,
        1.4554433822631836
    ],
    [
        0.9431626200675964,
        0.06659827381372452,
        -0.32559019327163696,
        -0.17908653616905212,
        -0.06781596690416336,
        0.9976686835289001,
        0.0076216463930904865,
        -0.23574106395244598,
        0.3253387212753296,
        0.014891757629811764,
        0.945480227470398,
        1.476445198059082
    ],
    [
        0.9421387910842896,
        0.06794940680265427,
        -0.32826435565948486,
        -0.18350784480571747,
        -0.06929358094930649,
        0.9975671768188477,
        0.007615629583597183,
        -0.23858577013015747,
        0.32798323035240173,
        0.015571629628539085,
        0.9445552229881287,
        1.4971671104431152
    ],
    [
        0.9412378668785095,
        0.06913705170154572,
        -0.3305925130844116,
        -0.18810799717903137,
        -0.07046268880367279,
        0.997482419013977,
        0.007988226599991322,
        -0.24237528443336487,
        0.33031249046325684,
        0.015775615349411964,
        0.9437397718429565,
        1.5166668891906738
    ],
    [
        0.9403194785118103,
        0.07060450315475464,
        -0.3328877389431,
        -0.1934986710548401,
        -0.0718432068824768,
        0.997378945350647,
        0.008603108115494251,
        -0.24697594344615936,
        0.33262258768081665,
        0.01582605578005314,
        0.9429271221160889,
        1.5364210605621338
    ],
    [
        0.9395760893821716,
        0.07113385945558548,
        -0.3348681926727295,
        -0.19978491961956024,
        -0.0722276046872139,
        0.9973456859588623,
        0.009202801622450352,
        -0.2502157986164093,
        0.334634006023407,
        0.015539998188614845,
        0.9422199726104736,
        1.555095911026001
    ],
    [
        0.9385432004928589,
        0.0724993422627449,
        -0.3374618589878082,
        -0.20429028570652008,
        -0.07345246523618698,
        0.9972490072250366,
        0.009961355477571487,
        -0.2542339265346527,
        0.33725565671920776,
        0.015438239090144634,
        0.941286563873291,
        1.5754773616790771
    ],
    [
        0.9376650452613831,
        0.073778435587883,
        -0.3396190404891968,
        -0.21004700660705566,
        -0.07456269860267639,
        0.9971582293510437,
        0.010758963413536549,
        -0.25883182883262634,
        0.3394477069377899,
        0.015234610065817833,
        0.9405015110969543,
        1.5947134494781494
    ],
    [
        0.9367926120758057,
        0.07417278736829758,
        -0.34193283319473267,
        -0.21507203578948975,
        -0.07490026205778122,
        0.9971292614936829,
        0.011095310561358929,
        -0.2614695429801941,
        0.34177422523498535,
        0.015216855332255363,
        0.9396588206291199,
        1.6137340068817139
    ],
    [
        0.9356180429458618,
        0.07430540025234222,
        -0.34510520100593567,
        -0.21842588484287262,
        -0.07497997581958771,
        0.9971197247505188,
        0.011413241736590862,
        -0.26381969451904297,
        0.3449592888355255,
        0.015197542496025562,
        0.9384945631027222,
        1.6338077783584595
    ],
    [
        0.9345763325691223,
        0.07571260631084442,
        -0.3476130962371826,
        -0.22396604716777802,
        -0.07607520371675491,
        0.9970220923423767,
        0.012626294046640396,
        -0.26947689056396484,
        0.3475339114665985,
        0.014644506387412548,
        0.9375529289245605,
        1.6539288759231567
    ],
    [
        0.9336680769920349,
        0.07659198343753815,
        -0.349853515625,
        -0.22954213619232178,
        -0.076784148812294,
        0.9969584941864014,
        0.01334307249635458,
        -0.2729052007198334,
        0.3498113453388214,
        0.014405202120542526,
        0.936709463596344,
        1.6734704971313477
    ],
    [
        0.9328692555427551,
        0.07643963396549225,
        -0.35201123356819153,
        -0.23518502712249756,
        -0.07652658224105835,
        0.9969735741615295,
        0.013689891435205936,
        -0.27545779943466187,
        0.35199233889579773,
        0.014167345128953457,
        0.9358956217765808,
        1.6924257278442383
    ],
    [
        0.9317871928215027,
        0.07720403373241425,
        -0.35469990968704224,
        -0.23913048207759857,
        -0.07711609452962875,
        0.9969179630279541,
        0.014407402835786343,
        -0.27939197421073914,
        0.3547190725803375,
        0.01392844133079052,
        0.9348689913749695,
        1.7103816270828247
    ],
    [
        0.9306898713111877,
        0.07725783437490463,
        -0.35755792260169983,
        -0.24370603263378143,
        -0.07712111622095108,
        0.9969139099121094,
        0.014664948917925358,
        -0.28103676438331604,
        0.35758739709854126,
        0.013926745392382145,
        0.933775782585144,
        1.7314236164093018
    ],
    [
        0.9298577904701233,
        0.07830360531806946,
        -0.3594900071620941,
        -0.25060737133026123,
        -0.07783181220293045,
        0.9968411922454834,
        0.015810547396540642,
        -0.2855376899242401,
        0.3595924377441406,
        0.013278208673000336,
        0.933014988899231,
        1.7495660781860352
    ],
    [
        0.9288578033447266,
        0.07908440381288528,
        -0.3618961274623871,
        -0.2557278275489807,
        -0.07845611870288849,
        0.9967817664146423,
        0.016455860808491707,
        -0.28732606768608093,
        0.36203283071517944,
        0.013107811100780964,
        0.932073175907135,
        1.768441915512085
    ],
    [
        0.9281233549118042,
        0.07900042086839676,
        -0.3637939393520355,
        -0.262650728225708,
        -0.07819193601608276,
        0.9967937469482422,
        0.016974885016679764,
        -0.28979095816612244,
        0.3639685809612274,
        0.012690965086221695,
        0.9313248991966248,
        1.785521149635315
    ],
    [
        0.926959753036499,
        0.07911801338195801,
        -0.3667231798171997,
        -0.26695093512535095,
        -0.07798884063959122,
        0.9967931509017944,
        0.01792025752365589,
        -0.2934730052947998,
        0.3669649660587311,
        0.011988955549895763,
        0.930157482624054,
        1.8068431615829468
    ],
    [
        0.9258183836936951,
        0.07926568388938904,
        -0.36956360936164856,
        -0.27179697155952454,
        -0.07804961502552032,
        0.996782124042511,
        0.018267052248120308,
        -0.2948942482471466,
        0.36982232332229614,
        0.011932323686778545,
        0.9290258884429932,
        1.8270573616027832
    ],
    [
        0.9246713519096375,
        0.0796847939491272,
        -0.37233489751815796,
        -0.2773703634738922,
        -0.07868603616952896,
        0.9967386722564697,
        0.017903722822666168,
        -0.2938315272331238,
        0.3725472390651703,
        0.012742501683533192,
        0.927925705909729,
        1.8518158197402954
    ],
    [
        0.9234486222267151,
        0.07961313426494598,
        -0.37537217140197754,
        -0.2821734547615051,
        -0.0782056674361229,
        0.9967560172080994,
        0.019010290503501892,
        -0.297402560710907,
        0.375667929649353,
        0.011801205575466156,
        0.9266790747642517,
        1.8775299787521362
    ],
    [
        0.922335684299469,
        0.07946234941482544,
        -0.3781304359436035,
        -0.2868301272392273,
        -0.07776475697755814,
        0.9967753291130066,
        0.019783921539783478,
        -0.30043289065361023,
        0.37848320603370667,
        0.011157806031405926,
        0.9255408644676208,
        1.8998024463653564
    ],
    [
        0.9212923645973206,
        0.07887159287929535,
        -0.38078808784484863,
        -0.29220160841941833,
        -0.07687558978796005,
        0.9968305230140686,
        0.020475169643759727,
        -0.302904337644577,
        0.3811960518360138,
        0.010409687645733356,
        0.924435555934906,
        1.922163963317871
    ],
    [
        0.9201589822769165,
        0.0789651870727539,
        -0.38349971175193787,
        -0.2982102334499359,
        -0.07694736868143082,
        0.9968217611312866,
        0.02062688209116459,
        -0.3036046624183655,
        0.3839096128940582,
        0.01052927877753973,
        0.9233106374740601,
        1.9459242820739746
    ],
    [
        0.9186311364173889,
        0.07949314266443253,
        -0.3870369493961334,
        -0.30213648080825806,
        -0.07711460441350937,
        0.9967860579490662,
        0.02169763296842575,
        -0.3070217967033386,
        0.38751789927482605,
        0.009914081543684006,
        0.9218087792396545,
        1.9703679084777832
    ],
    [
        0.917181134223938,
        0.07924273610115051,
        -0.3905114233493805,
        -0.3061826229095459,
        -0.07673025131225586,
        0.996807873249054,
        0.022058848291635513,
        -0.30848950147628784,
        0.39101284742355347,
        0.009732071310281754,
        0.920333743095398,
        1.9945448637008667
    ],
    [
        0.9157291054725647,
        0.0791720375418663,
        -0.3939187526702881,
        -0.3111744821071625,
        -0.07621061056852341,
        0.9968222379684448,
        0.02318289503455162,
        -0.31254443526268005,
        0.3945024013519287,
        0.008791540749371052,
        0.9188529253005981,
        2.0191948413848877
    ],
    [
        0.9142377376556396,
        0.08024678379297256,
        -0.3971520960330963,
        -0.31767895817756653,
        -0.07693992555141449,
        0.9967400431632996,
        0.024282371625304222,
        -0.3159344494342804,
        0.39780592918395996,
        0.008356987498700619,
        0.9174315929412842,
        2.0451624393463135
    ],
    [
        0.9126816987991333,
        0.08096114546060562,
        -0.4005712568759918,
        -0.32354095578193665,
        -0.07723917812108994,
        0.9966875314712524,
        0.02545907348394394,
        -0.3194139301776886,
        0.40130552649497986,
        0.007703761104494333,
        0.9159117937088013,
        2.069599151611328
    ],
    [
        0.9111869931221008,
        0.08184344321489334,
        -0.4037819802761078,
        -0.328972727060318,
        -0.07794962078332901,
        0.9966155290603638,
        0.026102611795067787,
        -0.3216007351875305,
        0.40455174446105957,
        0.00769029138609767,
        0.9144827723503113,
        2.092491388320923
    ],
    [
        0.9096360802650452,
        0.08274664729833603,
        -0.40708133578300476,
        -0.3339709937572479,
        -0.07868266105651855,
        0.996540904045105,
        0.02674609050154686,
        -0.32371294498443604,
        0.4078863859176636,
        0.00770103745162487,
        0.9130001664161682,
        2.1149425506591797
    ],
    [
        0.9078019857406616,
        0.08268335461616516,
        -0.41116800904273987,
        -0.33721137046813965,
        -0.07792750746011734,
        0.9965558648109436,
        0.028348105028271675,
        -0.32882604002952576,
        0.4120958149433136,
        0.006306830327957869,
        0.911118745803833,
        2.139925718307495
    ],
    [
        0.9064719676971436,
        0.08310576528310776,
        -0.4140075147151947,
        -0.34327077865600586,
        -0.07810356467962265,
        0.9965225458145142,
        0.029028674587607384,
        -0.33072367310523987,
        0.4149802327156067,
        0.006021786481142044,
        0.9098105430603027,
        2.160862922668457
    ],
    [
        0.9048322439193726,
        0.08349210768938065,
        -0.4175018072128296,
        -0.34767311811447144,
        -0.0782182440161705,
        0.9964919686317444,
        0.029759922996163368,
        -0.33353060483932495,
        0.4185218811035156,
        0.005728524178266525,
        0.9081885814666748,
        2.183487892150879
    ],
    [
        0.9032048583030701,
        0.08336754143238068,
        -0.4210355281829834,
        -0.3524075150489807,
        -0.07769811153411865,
        0.9965061545372009,
        0.030636262148618698,
        -0.3364289402961731,
        0.42211851477622986,
        0.005042840261012316,
        0.9065266847610474,
        2.206566333770752
    ],
    [
        0.9009207487106323,
        0.08363447338342667,
        -0.42584872245788574,
        -0.3565864861011505,
        -0.07757819443941116,
        0.9964858889579773,
        0.03158111870288849,
        -0.3398362994194031,
        0.4269934892654419,
        0.0045844814740121365,
        0.9042431116104126,
        2.231691360473633
    ],
    [
        0.8994230031967163,
        0.08301413804292679,
        -0.42912328243255615,
        -0.3616766035556793,
        -0.0766085535287857,
        0.9965407848358154,
        0.03221326321363449,
        -0.3420764207839966,
        0.43031299114227295,
        0.0039011610206216574,
        0.9026712775230408,
        2.252984046936035
    ],
    [
        0.89790940284729,
        0.08287867903709412,
        -0.4323076009750366,
        -0.3672545850276947,
        -0.07646580040454865,
        0.9965511560440063,
        0.03223048895597458,
        -0.3426828980445862,
        0.4334878623485565,
        0.0041166916489601135,
        0.9011500477790833,
        2.2720818519592285
    ]
]