[
    [
        0.9989370703697205,
        -3.467714850557968e-05,
        0.0460951030254364,
        -0.18059462308883667,
        4.8707861424190924e-05,
        1.0,
        -0.0003032661625184119,
        -0.013009831309318542,
        -0.04609508812427521,
        0.0003051888488698751,
        0.9989369511604309,
        0.05088365077972412
    ],
    [
        0.9986148476600647,
        -6.250765000004321e-05,
        0.05261567234992981,
        -0.20568807423114777,
        7.961938536027446e-05,
        1.0,
        -0.00032313738483935595,
        -0.014345236122608185,
        -0.05261564999818802,
        0.0003268787113483995,
        0.9986147880554199,
        0.060502368956804276
    ],
    [
        0.9981245398521423,
        -0.00032630612258799374,
        0.0612158440053463,
        -0.23763614892959595,
        0.0003326699952594936,
        1.0,
        -9.376718662679195e-05,
        -0.01618114300072193,
        -0.06121581047773361,
        0.00011395582259865478,
        0.9981245398521423,
        0.07267699390649796
    ],
    [
        0.9975664019584656,
        -0.00046968841343186796,
        0.06972178816795349,
        -0.2699005901813507,
        0.00045783165842294693,
        0.9999998807907104,
        0.00018604658544063568,
        -0.01777961477637291,
        -0.06972186267375946,
        -0.00015367341984529048,
        0.9975664615631104,
        0.08520501852035522
    ],
    [
        0.9969114065170288,
        -0.0007244205335155129,
        0.07853065431118011,
        -0.30285409092903137,
        0.0006682354724034667,
        0.999999463558197,
        0.0007417369051836431,
        -0.01978096179664135,
        -0.07853115350008011,
        -0.0006869692006148398,
        0.9969114661216736,
        0.09816295653581619
    ],
    [
        0.9961656928062439,
        -0.0008473053458146751,
        0.08748237788677216,
        -0.3360203802585602,
        0.0007651065825484693,
        0.9999992251396179,
        0.0009731266181915998,
        -0.021237492561340332,
        -0.08748313039541245,
        -0.0009024613536894321,
        0.9961656332015991,
        0.11155633628368378
    ],
    [
        0.9953171610832214,
        -0.0009531026007607579,
        0.09665895998477936,
        -0.3695555627346039,
        0.0008547955076210201,
        0.9999991059303284,
        0.0010584492702037096,
        -0.023184452205896378,
        -0.09665987640619278,
        -0.0009708686848171055,
        0.9953169822692871,
        0.12523075938224792
    ],
    [
        0.9943413734436035,
        -0.0008178846910595894,
        0.10622936487197876,
        -0.4033079445362091,
        0.0007009914261288941,
        0.9999991655349731,
        0.0011377219343557954,
        -0.02474648877978325,
        -0.10623020678758621,
        -0.0010568182915449142,
        0.9943410158157349,
        0.13923798501491547
    ],
    [
        0.9932295083999634,
        -0.0010531743755564094,
        0.11616387218236923,
        -0.43817517161369324,
        0.0009152605198323727,
        0.9999988079071045,
        0.0012405745219439268,
        -0.026366276666522026,
        -0.11616503447294235,
        -0.0011258545564487576,
        0.9932292699813843,
        0.15338186919689178
    ],
    [
        0.9920169711112976,
        -0.0012578892055898905,
        0.12609849870204926,
        -0.4730822741985321,
        0.0010664538713172078,
        0.999998152256012,
        0.001585636637173593,
        -0.028338462114334106,
        -0.12610025703907013,
        -0.001438500708900392,
        0.9920165538787842,
        0.1673513799905777
    ],
    [
        0.9906731247901917,
        -0.0012714918702840805,
        0.1362544745206833,
        -0.5091190338134766,
        0.0010371461976319551,
        0.9999978542327881,
        0.0017908884910866618,
        -0.03015696443617344,
        -0.13625647127628326,
        -0.0016328688943758607,
        0.9906722903251648,
        0.18178357183933258
    ],
    [
        0.9892376661300659,
        -0.0015576417790725827,
        0.14630918204784393,
        -0.5454576015472412,
        0.0012589246034622192,
        0.9999970197677612,
        0.002134258858859539,
        -0.03216233476996422,
        -0.14631204307079315,
        -0.0019270976772531867,
        0.9892366528511047,
        0.1962636560201645
    ],
    [
        0.9876469969749451,
        -0.0019292430952191353,
        0.15668317675590515,
        -0.5828864574432373,
        0.0015747599536553025,
        0.9999959468841553,
        0.0023865303955972195,
        -0.03431013599038124,
        -0.15668714046478271,
        -0.0021103110630065203,
        0.9876460433006287,
        0.21109139919281006
    ],
    [
        0.9863179326057434,
        -0.002248199889436364,
        0.16483955085277557,
        -0.613158643245697,
        0.0018850865308195353,
        0.9999955296516418,
        0.0023592363577336073,
        -0.03600836545228958,
        -0.1648441106081009,
        -0.002016219776123762,
        0.98631751537323,
        0.22333361208438873
    ],
    [
        0.9845467805862427,
        -0.002280243905261159,
        0.17510706186294556,
        -0.6509993076324463,
        0.0019538782071322203,
        0.9999960660934448,
        0.0020361857023090124,
        -0.03821960836648941,
        -0.17511099576950073,
        -0.001662581693381071,
        0.9845473170280457,
        0.23860493302345276
    ],
    [
        0.9826154708862305,
        -0.002546068746596575,
        0.18563495576381683,
        -0.6898652911186218,
        0.0022315029054880142,
        0.9999956488609314,
        0.0019034595461562276,
        -0.04038168862462044,
        -0.18563902378082275,
        -0.001456123311072588,
        0.9826169610023499,
        0.25422319769859314
    ],
    [
        0.9805412292480469,
        -0.002599961357191205,
        0.19629628956317902,
        -0.7287911772727966,
        0.002207431709393859,
        0.9999951124191284,
        0.0022184348199516535,
        -0.04255498945713043,
        -0.19630110263824463,
        -0.0017419561045244336,
        0.9805420637130737,
        0.26985618472099304
    ],
    [
        0.97828209400177,
        -0.0027105147019028664,
        0.2072601169347763,
        -0.7691881656646729,
        0.002298391656950116,
        0.9999949336051941,
        0.0022292034700512886,
        -0.04499804601073265,
        -0.20726507902145386,
        -0.0017044246196746826,
        0.9782834053039551,
        0.28600838780403137
    ],
    [
        0.9758537411689758,
        -0.0029021159280091524,
        0.21840566396713257,
        -0.810154378414154,
        0.002483431715518236,
        0.9999945163726807,
        0.002191490028053522,
        -0.04773106053471565,
        -0.21841081976890564,
        -0.0015961781609803438,
        0.9758555889129639,
        0.3023199737071991
    ],
    [
        0.9732264876365662,
        -0.0029947622679173946,
        0.22982877492904663,
        -0.8516724705696106,
        0.0024825825821608305,
        0.9999936819076538,
        0.0025176480412483215,
        -0.05025859549641609,
        -0.2298348844051361,
        -0.0018796735676005483,
        0.973227858543396,
        0.3188585638999939
    ],
    [
        0.9703649878501892,
        -0.003133260179311037,
        0.24162402749061584,
        -0.8934153318405151,
        0.0026390196289867163,
        0.9999938011169434,
        0.0023690846282988787,
        -0.05273181200027466,
        -0.24162991344928741,
        -0.0016612254548817873,
        0.9703670740127563,
        0.3356686234474182
    ],
    [
        0.9672070145606995,
        -0.0036088856868445873,
        0.25396355986595154,
        -0.9369661211967468,
        0.002985503291711211,
        0.9999915361404419,
        0.0028399911243468523,
        -0.05531998723745346,
        -0.2539716064929962,
        -0.001988651929423213,
        0.9672095775604248,
        0.35287997126579285
    ],
    [
        0.9638837575912476,
        -0.003557210322469473,
        0.2662995755672455,
        -0.9800255298614502,
        0.002956560580059886,
        0.9999921917915344,
        0.002656434429809451,
        -0.05743108689785004,
        -0.26630690693855286,
        -0.0017731626285240054,
        0.9638866186141968,
        0.37022286653518677
    ],
    [
        0.9602977633476257,
        -0.0034816903062164783,
        0.27895525097846985,
        -1.0242177248001099,
        0.0029021811205893755,
        0.9999926686286926,
        0.0024903768207877874,
        -0.059885475784540176,
        -0.2789618670940399,
        -0.0015819253167137504,
        0.9603009223937988,
        0.3878995478153229
    ],
    [
        0.9564945697784424,
        -0.0036256161984056234,
        0.2917273938655853,
        -1.0684384107589722,
        0.0029862013179808855,
        0.9999920725822449,
        0.0026370531413704157,
        -0.06275880336761475,
        -0.29173463582992554,
        -0.0016511698486283422,
        0.956497848033905,
        0.40567097067832947
    ]
]