[
    [
        0.905284583568573,
        -0.08316837251186371,
        0.41658470034599304,
        -2.4042112827301025,
        0.08148674666881561,
        0.9964348077774048,
        0.021851930767297745,
        -0.6061394214630127,
        -0.41691693663597107,
        0.014163906686007977,
        0.9088342189788818,
        3.920396566390991
    ],
    [
        0.8881742358207703,
        -0.0876108929514885,
        0.4510774314403534,
        -2.468829393386841,
        0.0860205814242363,
        0.9960024952888489,
        0.024074329063296318,
        -0.6211978793144226,
        -0.451383501291275,
        0.017419742420315742,
        0.8921600580215454,
        3.991138219833374
    ],
    [
        0.8693474531173706,
        -0.09074407070875168,
        0.48579883575439453,
        -2.552654504776001,
        0.08814675360918045,
        0.9957069158554077,
        0.028251083567738533,
        -0.6402603983879089,
        -0.4862769544124603,
        0.018261579796671867,
        0.8736138939857483,
        4.0669121742248535
    ],
    [
        0.84919273853302,
        -0.092584528028965,
        0.5199036002159119,
        -2.664818048477173,
        0.08988044410943985,
        0.995486319065094,
        0.030468739569187164,
        -0.6649381518363953,
        -0.5203779935836792,
        0.02085532434284687,
        0.8536813855171204,
        4.141143798828125
    ],
    [
        0.8250196576118469,
        -0.09688476473093033,
        0.556736946105957,
        -2.782475709915161,
        0.09302542358636856,
        0.9950376749038696,
        0.03530605137348175,
        -0.6806846857070923,
        -0.557394802570343,
        0.02266249805688858,
        0.8299382925033569,
        4.212236404418945
    ],
    [
        0.7970812320709229,
        -0.10346834361553192,
        0.5949416756629944,
        -2.8903841972351074,
        0.09847995638847351,
        0.9942947626113892,
        0.04098133370280266,
        -0.6938087940216064,
        -0.595787763595581,
        0.025924379006028175,
        0.8027234673500061,
        4.274082183837891
    ],
    [
        0.7682970762252808,
        -0.10858885943889618,
        0.6308153867721558,
        -2.9654932022094727,
        0.10244835168123245,
        0.9936614632606506,
        0.046273116022348404,
        -0.7013745307922363,
        -0.631841778755188,
        0.029074501246213913,
        0.7745519280433655,
        4.352286338806152
    ],
    [
        0.744633674621582,
        -0.11363433301448822,
        0.6577293872833252,
        -3.0314958095550537,
        0.10523724555969238,
        0.9930642247200012,
        0.05242732912302017,
        -0.7032878994941711,
        -0.6591250896453857,
        0.030178464949131012,
        0.7514276504516602,
        4.452749729156494
    ],
    [
        0.7233818769454956,
        -0.11851155757904053,
        0.6802012920379639,
        -3.0962789058685303,
        0.10790671408176422,
        0.9924583435058594,
        0.058159321546554565,
        -0.710128128528595,
        -0.6819639801979065,
        0.03132689371705055,
        0.7307144999504089,
        4.574055194854736
    ],
    [
        0.7044382095336914,
        -0.12160083651542664,
        0.6992710828781128,
        -3.1373913288116455,
        0.11027044802904129,
        0.9920020699501038,
        0.06142045557498932,
        -0.730880081653595,
        -0.7011470794677734,
        0.03384202718734741,
        0.7122130990028381,
        4.729269504547119
    ],
    [
        0.6897813677787781,
        -0.12427982687950134,
        0.7132714986801147,
        -3.153770685195923,
        0.11201667785644531,
        0.991614043712616,
        0.06445039063692093,
        -0.7519218921661377,
        -0.7153000235557556,
        0.035441625863313675,
        0.697918176651001,
        4.893014430999756
    ],
    [
        0.6805543899536133,
        -0.12442577630281448,
        0.7220552563667297,
        -3.1236519813537598,
        0.11290068179368973,
        0.9915138483047485,
        0.06444773823022842,
        -0.7714332342147827,
        -0.7239469289779663,
        0.037660349160432816,
        0.6888269782066345,
        5.02223014831543
    ],
    [
        0.6744630336761475,
        -0.12409412860870361,
        0.7278050780296326,
        -3.0794003009796143,
        0.11210703104734421,
        0.9915564656257629,
        0.06517444550991058,
        -0.8093226552009583,
        -0.7297476530075073,
        0.037634313106536865,
        0.6826800107955933,
        5.13173246383667
    ],
    [
        0.6715127229690552,
        -0.12251470237970352,
        0.7307946681976318,
        -3.039675235748291,
        0.11177250742912292,
        0.991699755191803,
        0.06354883313179016,
        -0.8392792344093323,
        -0.7325144410133362,
        0.03900890424847603,
        0.6796327829360962,
        5.243743896484375
    ],
    [
        0.6707687377929688,
        -0.12016890943050385,
        0.7318665981292725,
        -2.990933418273926,
        0.11193545907735825,
        0.9918859004974365,
        0.060271963477134705,
        -0.8814351558685303,
        -0.7331709861755371,
        0.04149328172206879,
        0.6787773370742798,
        5.351977348327637
    ],
    [
        0.6702680587768555,
        -0.11934661120176315,
        0.7324596643447876,
        -2.9232177734375,
        0.11146494001150131,
        0.9919776916503906,
        0.059631653130054474,
        -0.9139041900634766,
        -0.7337003946304321,
        0.04167437180876732,
        0.6781939268112183,
        5.486313343048096
    ],
    [
        0.6718655228614807,
        -0.12027635425329208,
        0.730842113494873,
        -2.8495700359344482,
        0.11146868765354156,
        0.9919083118438721,
        0.06076709181070328,
        -0.9470152854919434,
        -0.7322372794151306,
        0.040638718754053116,
        0.679836094379425,
        5.642340183258057
    ],
    [
        0.6759241819381714,
        -0.11897382885217667,
        0.7273044586181641,
        -2.774545669555664,
        0.11075546592473984,
        0.9920737743377686,
        0.05935409292578697,
        -0.9763150215148926,
        -0.7286012172698975,
        0.040434081107378006,
        0.6837435960769653,
        5.82252836227417
    ],
    [
        0.6811636090278625,
        -0.11827700585126877,
        0.7225142121315002,
        -2.6986777782440186,
        0.10895270854234695,
        0.992251455783844,
        0.05971638485789299,
        -1.0192452669143677,
        -0.7239789366722107,
        0.038043249398469925,
        0.6887722015380859,
        6.003199577331543
    ],
    [
        0.6837822794914246,
        -0.11858825385570526,
        0.7199851274490356,
        -2.6469783782958984,
        0.10893014073371887,
        0.9922382831573486,
        0.05997805669903755,
        -1.0436722040176392,
        -0.7215094566345215,
        0.037416160106658936,
        0.6913928985595703,
        6.199206829071045
    ],
    [
        0.6865749359130859,
        -0.11881154775619507,
        0.7172856330871582,
        -2.5821311473846436,
        0.10927169024944305,
        0.9922141432762146,
        0.059757642447948456,
        -1.073182463645935,
        -0.7188008427619934,
        0.03735090419650078,
        0.6942120790481567,
        6.382828712463379
    ],
    [
        0.6889172196388245,
        -0.11983159184455872,
        0.714866042137146,
        -2.5096840858459473,
        0.11008726805448532,
        0.992096483707428,
        0.06021196395158768,
        -1.0869959592819214,
        -0.7164313197135925,
        0.03721659258008003,
        0.6966642141342163,
        6.5735626220703125
    ],
    [
        0.6901103258132935,
        -0.12071269750595093,
        0.7135658264160156,
        -2.4185595512390137,
        0.11064480245113373,
        0.991998016834259,
        0.06080679967999458,
        -1.0890097618103027,
        -0.7151961922645569,
        0.03698892146348953,
        0.6979444622993469,
        6.775717258453369
    ],
    [
        0.692512571811676,
        -0.12080798298120499,
        0.711218535900116,
        -2.3242084980010986,
        0.11230604350566864,
        0.9919124841690063,
        0.05913456529378891,
        -1.116356372833252,
        -0.7126105427742004,
        0.03892272338271141,
        0.7004793286323547,
        6.986713409423828
    ],
    [
        0.6967600584030151,
        -0.11937504261732101,
        0.7073012590408325,
        -2.2155327796936035,
        0.11282114684581757,
        0.9920195937156677,
        0.05628877505660057,
        -1.151632308959961,
        -0.7083761096000671,
        0.040578775107860565,
        0.7046677470207214,
        7.2409210205078125
    ]
]