[
    [
        0.3621644079685211,
        -0.043310705572366714,
        0.9311074614524841,
        0.6347348093986511,
        0.08637181669473648,
        0.9961814284324646,
        0.012742383405566216,
        -0.049792882055044174,
        -0.9281038641929626,
        0.07580661028623581,
        0.3645222783088684,
        0.38115257024765015
    ],
    [
        0.34181392192840576,
        -0.04510718211531639,
        0.9386845231056213,
        0.6568712592124939,
        0.08693641424179077,
        0.9960820078849792,
        0.016208184882998466,
        -0.051531702280044556,
        -0.9357378482818604,
        0.07606568187475204,
        0.3443961441516876,
        0.4164687991142273
    ],
    [
        0.3201315701007843,
        -0.04679261893033981,
        0.9462167620658875,
        0.679606020450592,
        0.08723421394824982,
        0.9959922432899475,
        0.019740352407097816,
        -0.05303655192255974,
        -0.9433481693267822,
        0.0762229710817337,
        0.3229304850101471,
        0.4544622004032135
    ],
    [
        0.29830896854400635,
        -0.048104725778102875,
        0.9532563090324402,
        0.7045648097991943,
        0.0868656188249588,
        0.9959527850151062,
        0.0230758897960186,
        -0.05348322167992592,
        -0.9505083560943604,
        0.07592146098613739,
        0.30128031969070435,
        0.4916854500770569
    ],
    [
        0.2773434519767761,
        -0.049121174961328506,
        0.9595143795013428,
        0.7319748997688293,
        0.08611991256475449,
        0.9959430694580078,
        0.026093509048223495,
        -0.052936092019081116,
        -0.9569032788276672,
        0.07539642602205276,
        0.2804485857486725,
        0.5254442691802979
    ],
    [
        0.256823867559433,
        -0.04984890669584274,
        0.965171754360199,
        0.7612260580062866,
        0.08523418009281158,
        0.9959458112716675,
        0.02875823900103569,
        -0.05204721540212631,
        -0.962692379951477,
        0.07487981766462326,
        0.26003149151802063,
        0.5565457940101624
    ],
    [
        0.23627151548862457,
        -0.050635796040296555,
        0.9703668355941772,
        0.7897294163703918,
        0.08382958918809891,
        0.9959801435470581,
        0.031560953706502914,
        -0.052112892270088196,
        -0.9680641889572144,
        0.07388850301504135,
        0.23956651985645294,
        0.5869800448417664
    ],
    [
        0.21649795770645142,
        -0.051232632249593735,
        0.9749378561973572,
        0.8203299641609192,
        0.08219781517982483,
        0.9960328936576843,
        0.03408804535865784,
        -0.05213956534862518,
        -0.9728166460990906,
        0.0727577805519104,
        0.2198503017425537,
        0.6142194271087646
    ],
    [
        0.19751426577568054,
        -0.051677435636520386,
        0.9789369702339172,
        0.8526872992515564,
        0.08047634363174438,
        0.9960936307907104,
        0.03634589537978172,
        -0.05246124416589737,
        -0.9769911170005798,
        0.07160243391990662,
        0.20090147852897644,
        0.6385762691497803
    ],
    [
        0.17825500667095184,
        -0.05244718864560127,
        0.9825855493545532,
        0.8859865665435791,
        0.07872720062732697,
        0.9961374402046204,
        0.03888831287622452,
        -0.05365179851651192,
        -0.9808298349380493,
        0.0704241693019867,
        0.18169549107551575,
        0.6635071635246277
    ],
    [
        0.16057272255420685,
        -0.05344521999359131,
        0.9855759143829346,
        0.9213330745697021,
        0.0770176574587822,
        0.9961668252944946,
        0.041471607983112335,
        -0.05540037527680397,
        -0.984014630317688,
        0.06924755126237869,
        0.16407343745231628,
        0.6843426823616028
    ],
    [
        0.1443920135498047,
        -0.05423886328935623,
        0.9880329370498657,
        0.9594005346298218,
        0.07559821009635925,
        0.9961829781532288,
        0.04363827407360077,
        -0.05697038024663925,
        -0.9866284728050232,
        0.06839249283075333,
        0.1479412317276001,
        0.7010565400123596
    ],
    [
        0.1281508505344391,
        -0.05507877841591835,
        0.9902240633964539,
        0.9983764290809631,
        0.07421974092721939,
        0.9961893558502197,
        0.04580536112189293,
        -0.05934767425060272,
        -0.9889735579490662,
        0.06762417405843735,
        0.1317504644393921,
        0.7184922695159912
    ],
    [
        0.11193741858005524,
        -0.05573296546936035,
        0.992151141166687,
        1.0384113788604736,
        0.0729963630437851,
        0.9961897134780884,
        0.0477241687476635,
        -0.0620669461786747,
        -0.9910305142402649,
        0.06708130985498428,
        0.11557921022176743,
        0.7364231944084167
    ],
    [
        0.09574665874242783,
        -0.05624088644981384,
        0.9938156604766846,
        1.0803639888763428,
        0.07181761413812637,
        0.9961908459663391,
        0.049456220120191574,
        -0.06471184641122818,
        -0.9928116202354431,
        0.06663819402456284,
        0.09942102432250977,
        0.7547593116760254
    ],
    [
        0.07979311048984528,
        -0.05631890520453453,
        0.9952191710472107,
        1.1237220764160156,
        0.0699562132358551,
        0.9962573051452637,
        0.050768814980983734,
        -0.06661761552095413,
        -0.9943536520004272,
        0.06557077169418335,
        0.0834343284368515,
        0.7736478447914124
    ],
    [
        0.06571874022483826,
        -0.055815793573856354,
        0.9962760210037231,
        1.1677465438842773,
        0.06796545535326004,
        0.996366024017334,
        0.05133754014968872,
        -0.0673893392086029,
        -0.995520830154419,
        0.06433851271867752,
        0.0692734569311142,
        0.7891533970832825
    ],
    [
        0.052616287022829056,
        -0.05523550510406494,
        0.9970859289169312,
        1.2137157917022705,
        0.0662979707121849,
        0.9964594841003418,
        0.05170224979519844,
        -0.0680316910147667,
        -0.9964116215705872,
        0.06338441371917725,
        0.05609198659658432,
        0.8034849166870117
    ],
    [
        0.04144669324159622,
        -0.054828446358442307,
        0.9976353049278259,
        1.2602719068527222,
        0.06524704396724701,
        0.9965104460716248,
        0.05205594003200531,
        -0.06918597221374512,
        -0.9970080852508545,
        0.06293520331382751,
        0.044879473745822906,
        0.8151179552078247
    ],
    [
        0.031533073633909225,
        -0.0540144219994545,
        0.998042106628418,
        1.3092104196548462,
        0.06428796052932739,
        0.9965807199478149,
        0.05190415680408478,
        -0.06966570019721985,
        -0.9974329471588135,
        0.06252539157867432,
        0.034897737205028534,
        0.824276864528656
    ],
    [
        0.022328248247504234,
        -0.05327552929520607,
        0.9983301162719727,
        1.360312819480896,
        0.06355205178260803,
        0.9966351389884949,
        0.05176369473338127,
        -0.070465587079525,
        -0.9977286458015442,
        0.06229013949632645,
        0.025638872757554054,
        0.8321517109870911
    ],
    [
        0.014376108534634113,
        -0.052769698202610016,
        0.9985031485557556,
        1.4117075204849243,
        0.06318029761314392,
        0.9966588020324707,
        0.05176257714629173,
        -0.07210673391819,
        -0.9978986382484436,
        0.06234157830476761,
        0.01766207627952099,
        0.8379215598106384
    ],
    [
        0.008085541427135468,
        -0.051326654851436615,
        0.9986491203308105,
        1.4633036851882935,
        0.06318030506372452,
        0.9967127442359924,
        0.05071558803319931,
        -0.0723804160952568,
        -0.9979693293571472,
        0.06268490105867386,
        0.011301783844828606,
        0.841759443283081
    ],
    [
        0.001640876056626439,
        -0.04943748190999031,
        0.9987757802009583,
        1.516316294670105,
        0.06335609406232834,
        0.99677574634552,
        0.04923439398407936,
        -0.07254749536514282,
        -0.9979895949363708,
        0.06319773942232132,
        0.0047677350230515,
        0.8454773426055908
    ],
    [
        -0.0073400274850428104,
        -0.047496579587459564,
        0.9988444447517395,
        1.5825036764144897,
        0.06386284530162811,
        0.9968098998069763,
        0.047869134694337845,
        -0.07428056746721268,
        -0.9979316592216492,
        0.06414040178060532,
        -0.0042833369225263596,
        0.8520506620407104
    ]
]