[
    [
        0.9999128580093384,
        0.00020244292682036757,
        -0.013204284943640232,
        0.027003668248653412,
        -0.00021209509577602148,
        0.9999997019767761,
        -0.0007295851246453822,
        0.001998629653826356,
        0.01320413313806057,
        0.0007323219906538725,
        0.9999126195907593,
        0.015566830523312092
    ],
    [
        0.9998711347579956,
        7.794870180077851e-05,
        -0.01605619490146637,
        0.03227075934410095,
        -8.960931882029399e-05,
        0.9999997019767761,
        -0.000725500809494406,
        0.002232310129329562,
        0.016056135296821594,
        0.0007268452900461853,
        0.9998708963394165,
        0.018166042864322662
    ],
    [
        0.9998242259025574,
        -0.00010438182653160766,
        -0.018746392801404,
        0.03670225292444229,
        8.996917313197628e-05,
        0.9999997615814209,
        -0.0007696198881603777,
        0.0024275793693959713,
        0.01874646730720997,
        0.000767798162996769,
        0.9998239874839783,
        0.02108187787234783
    ],
    [
        0.9997344613075256,
        -0.00019908478134311736,
        -0.023042451590299606,
        0.043990183621644974,
        0.00018552420078776777,
        0.9999997615814209,
        -0.0005906496662646532,
        0.002351453062146902,
        0.02304256707429886,
        0.0005862182006239891,
        0.9997342228889465,
        0.024958645924925804
    ],
    [
        0.9996552467346191,
        -0.00013475865125656128,
        -0.026256173849105835,
        0.04911559447646141,
        0.00012348234304226935,
        0.9999999403953552,
        -0.00043110683327540755,
        0.0023261585738509893,
        0.026256229728460312,
        0.0004277162370271981,
        0.9996551275253296,
        0.027856003493070602
    ],
    [
        0.999516487121582,
        -0.0003327208978589624,
        -0.03108951635658741,
        0.05613172426819801,
        0.00032004606327973306,
        0.9999998211860657,
        -0.0004126665589865297,
        0.0027393558993935585,
        0.031089650467038155,
        0.0004025174130219966,
        0.999516487121582,
        0.032082267105579376
    ],
    [
        0.9993969202041626,
        -0.00021060438302811235,
        -0.03472523391246796,
        0.061064086854457855,
        0.0001984586415346712,
        0.9999998807907104,
        -0.00035320251481607556,
        0.00270281033590436,
        0.034725308418273926,
        0.0003460984444245696,
        0.999396800994873,
        0.03462343290448189
    ],
    [
        0.9992800354957581,
        -0.0002693869173526764,
        -0.03793901577591896,
        0.06527086347341537,
        0.00025081512285396457,
        0.9999998807907104,
        -0.0004942785599268973,
        0.0033019694965332747,
        0.03793914243578911,
        0.00048440747195854783,
        0.9992799162864685,
        0.03731017932295799
    ],
    [
        0.9990665316581726,
        -0.0001034552333294414,
        -0.043196678161621094,
        0.07246182858943939,
        0.00010877175373025239,
        1.0,
        0.00012070910452166572,
        0.0024198410101234913,
        0.0431966632604599,
        -0.00012529488594736904,
        0.9990666508674622,
        0.04129832983016968
    ],
    [
        0.9989123940467834,
        -0.0002576438710093498,
        -0.04662555083632469,
        0.07704716920852661,
        0.0002656610740814358,
        1.0,
        0.0001657496759435162,
        0.0025111178401857615,
        0.04662550240755081,
        -0.0001779563317541033,
        0.9989124536514282,
        0.0439378023147583
    ],
    [
        0.9986558556556702,
        -0.0003646383702289313,
        -0.0518292561173439,
        0.08451614528894424,
        0.00037083454662933946,
        0.9999998807907104,
        0.00010992165334755555,
        0.002861284650862217,
        0.05182921141386032,
        -0.00012899430294055492,
        0.9986559152603149,
        0.0482395738363266
    ],
    [
        0.9984703063964844,
        -0.00045489839976653457,
        -0.05528875067830086,
        0.089137502014637,
        0.00046079859021119773,
        0.9999998807907104,
        9.397476969752461e-05,
        0.0031863953918218613,
        0.05528870224952698,
        -0.00011930824985029176,
        0.9984703660011292,
        0.051042575389146805
    ],
    [
        0.9981881380081177,
        -0.0006405925960280001,
        -0.06016607582569122,
        0.09584015607833862,
        0.0006523323245346546,
        0.9999997019767761,
        0.00017547466268297285,
        0.003251646412536502,
        0.060165949165821075,
        -0.0002144043246516958,
        0.9981884360313416,
        0.05494425818324089
    ],
    [
        0.9979771375656128,
        -0.0008913357742130756,
        -0.06356718391180038,
        0.10103330761194229,
        0.0009023373131640255,
        0.9999996423721313,
        0.000144356963573955,
        0.0034878209698945284,
        0.06356702744960785,
        -0.00020142401626799256,
        0.9979775547981262,
        0.05760762467980385
    ],
    [
        0.9977595806121826,
        -0.0009215627214871347,
        -0.06689528375864029,
        0.10581835359334946,
        0.0009499491425231099,
        0.999999463558197,
        0.00039253022987395525,
        0.002910533221438527,
        0.06689489632844925,
        -0.0004551986057776958,
        0.9977598190307617,
        0.06020931899547577
    ],
    [
        0.9974220395088196,
        -0.0008337828912772238,
        -0.071752168238163,
        0.11213228851556778,
        0.0008711389964446425,
        0.999999463558197,
        0.0004893342847935855,
        0.0030162546318024397,
        0.07175172120332718,
        -0.0005505786393769085,
        0.9974223375320435,
        0.0640089213848114
    ],
    [
        0.9971802830696106,
        -0.0008753088768571615,
        -0.07503758370876312,
        0.11634260416030884,
        0.0009298541117459536,
        0.9999993443489075,
        0.0006919712759554386,
        0.0026011005975306034,
        0.0750369131565094,
        -0.0007597938529215753,
        0.9971805810928345,
        0.06636673957109451
    ],
    [
        0.9968446493148804,
        -0.0011678184382617474,
        -0.07936787605285645,
        0.1221214160323143,
        0.0012109993258491158,
        0.9999991059303284,
        0.0004959353827871382,
        0.003276251954957843,
        0.07936723530292511,
        -0.00059048569528386,
        0.9968453049659729,
        0.06989958137273788
    ],
    [
        0.9966093897819519,
        -0.0013548902934417129,
        -0.08226799964904785,
        0.1258358359336853,
        0.001388660864904523,
        0.9999989867210388,
        0.0003532805712893605,
        0.003815283766016364,
        0.08226744085550308,
        -0.00046632453450001776,
        0.9966102242469788,
        0.07223107665777206
    ],
    [
        0.9963628053665161,
        -0.0013066359097138047,
        -0.0852031484246254,
        0.12972000241279602,
        0.0013661589473485947,
        0.9999988079071045,
        0.0006402978906407952,
        0.003319176845252514,
        0.08520221710205078,
        -0.0007543701212853193,
        0.9963634610176086,
        0.07444000989198685
    ],
    [
        0.9959889054298401,
        -0.0013147961581125855,
        -0.08946786820888519,
        0.13544829189777374,
        0.0013972320593893528,
        0.9999986886978149,
        0.0008587794145569205,
        0.0029928924050182104,
        0.08946661651134491,
        -0.0009803427383303642,
        0.9959893822669983,
        0.07796924561262131
    ],
    [
        0.9957238435745239,
        -0.0014763891231268644,
        -0.09236804395914078,
        0.13950283825397491,
        0.0015496127307415009,
        0.9999985694885254,
        0.0007210245239548385,
        0.003222046419978142,
        0.09236684441566467,
        -0.0008610765216872096,
        0.9957246780395508,
        0.08035429567098618
    ],
    [
        0.9953628778457642,
        -0.0016954571474343538,
        -0.09617586433887482,
        0.1452176719903946,
        0.0017689059022814035,
        0.9999982118606567,
        0.000678426877129823,
        0.0033953124657273293,
        0.09617453813552856,
        -0.0008454070193693042,
        0.9953640699386597,
        0.08398280292749405
    ],
    [
        0.9951257109642029,
        -0.001898061716929078,
        -0.09859567135572433,
        0.1492692530155182,
        0.0019814500119537115,
        0.9999977350234985,
        0.0007478456245735288,
        0.0032919379882514477,
        0.09859402477741241,
        -0.0009395631495863199,
        0.9951272010803223,
        0.08629672229290009
    ],
    [
        0.9948054552078247,
        -0.002096096985042095,
        -0.10177335143089294,
        0.15568865835666656,
        0.0021967750508338213,
        0.9999972581863403,
        0.0008771704160608351,
        0.003085086354985833,
        0.10177122801542282,
        -0.0010961865773424506,
        0.9948071837425232,
        0.08954226225614548
    ]
]