[
    [
        0.9987143874168396,
        -0.050610192120075226,
        0.0028569833375513554,
        0.6135014295578003,
        0.05049523338675499,
        0.9982262253761292,
        0.03153756260871887,
        -0.33178284764289856,
        -0.004448038525879383,
        -0.031352754682302475,
        0.9994984865188599,
        0.6225790977478027
    ],
    [
        0.9982241988182068,
        -0.05950945243239403,
        0.0026628507766872644,
        0.8279822468757629,
        0.05937371402978897,
        0.9975737929344177,
        0.03634914383292198,
        -0.3714189827442169,
        -0.004819508176296949,
        -0.03612649068236351,
        0.9993355870246887,
        0.8419496417045593
    ],
    [
        0.9977718591690063,
        -0.06661704182624817,
        0.003677996341139078,
        1.012351393699646,
        0.06641919910907745,
        0.9970011115074158,
        0.03971347212791443,
        -0.4008534848690033,
        -0.006312541197985411,
        -0.03938070684671402,
        0.9992043375968933,
        1.0420212745666504
    ],
    [
        0.9972807765007019,
        -0.07354886829853058,
        0.0046384092420339584,
        1.1947346925735474,
        0.0732763409614563,
        0.9963486194610596,
        0.04381765052676201,
        -0.4315650761127472,
        -0.007844340987503529,
        -0.043358590453863144,
        0.999028742313385,
        1.2351819276809692
    ],
    [
        0.9967954754829407,
        -0.07982447743415833,
        0.00517535163089633,
        1.4052494764328003,
        0.07949226349592209,
        0.9957131743431091,
        0.0472903847694397,
        -0.4596850275993347,
        -0.008928091265261173,
        -0.046727459877729416,
        0.9988678693771362,
        1.464944839477539
    ],
    [
        0.9965100288391113,
        -0.08328431099653244,
        0.005617490969598293,
        1.582615852355957,
        0.0829002857208252,
        0.9952962398529053,
        0.05012888461351395,
        -0.4807196855545044,
        -0.009765933267772198,
        -0.04948825016617775,
        0.998727023601532,
        1.661245346069336
    ],
    [
        0.996134340763092,
        -0.08768121153116226,
        0.00533432699739933,
        1.768202304840088,
        0.08727246522903442,
        0.9947462677955627,
        0.05350971966981888,
        -0.4999696910381317,
        -0.009998228400945663,
        -0.0528373196721077,
        0.9985530376434326,
        1.866960883140564
    ],
    [
        0.9957904815673828,
        -0.09147894382476807,
        0.005735378246754408,
        1.9463611841201782,
        0.09101315587759018,
        0.9942536950111389,
        0.05635711923241615,
        -0.5182617902755737,
        -0.010858074761927128,
        -0.055597882717847824,
        0.9983941912651062,
        2.0775883197784424
    ],
    [
        0.9955053925514221,
        -0.09457946568727493,
        0.004862904082983732,
        2.1658225059509277,
        0.0941234901547432,
        0.9937724471092224,
        0.059641458094120026,
        -0.5365859866142273,
        -0.010473433881998062,
        -0.05891566723585129,
        0.9982079863548279,
        2.339756965637207
    ],
    [
        0.9952277541160583,
        -0.09748552739620209,
        0.004278474487364292,
        2.340991258621216,
        0.09704077988862991,
        0.9933832287788391,
        0.06142265722155571,
        -0.5470001101493835,
        -0.01023794710636139,
        -0.06071435287594795,
        0.9981027245521545,
        2.5634114742279053
    ],
    [
        0.9946734309196472,
        -0.10293261706829071,
        0.005445865914225578,
        2.4968831539154053,
        0.10235564410686493,
        0.9925748705863953,
        0.065716452896595,
        -0.5714070200920105,
        -0.012169827707111835,
        -0.06480897963047028,
        0.9978233575820923,
        2.7667102813720703
    ],
    [
        0.9941044449806213,
        -0.1083005890250206,
        0.005234541371464729,
        2.652190923690796,
        0.10768330097198486,
        0.9917793869972229,
        0.06912337988615036,
        -0.5879982709884644,
        -0.012677504681050777,
        -0.06815221160650253,
        0.9975945353507996,
        2.9656033515930176
    ],
    [
        0.9925081729888916,
        -0.11773618310689926,
        0.03264372795820236,
        2.689215898513794,
        0.11502730846405029,
        0.9905141592025757,
        0.07516928762197495,
        -0.6107820272445679,
        -0.041184213012456894,
        -0.07085122168064117,
        0.9966364502906799,
        3.143090009689331
    ],
    [
        0.990385115146637,
        -0.1236797496676445,
        0.06197221577167511,
        2.6971898078918457,
        0.1187320426106453,
        0.9898567199707031,
        0.0780157819390297,
        -0.6199449300765991,
        -0.07099256664514542,
        -0.06990759819746017,
        0.9950242042541504,
        3.279714822769165
    ],
    [
        0.986851692199707,
        -0.13089512288570404,
        0.09481734782457352,
        2.7000458240509033,
        0.12330903112888336,
        0.9889830946922302,
        0.08189842849969864,
        -0.6303898692131042,
        -0.10449283570051193,
        -0.06912976503372192,
        0.992120087146759,
        3.411817789077759
    ],
    [
        0.9824154376983643,
        -0.1375242918729782,
        0.12628105282783508,
        2.7047033309936523,
        0.12702609598636627,
        0.9880091547966003,
        0.0877629891037941,
        -0.6428210139274597,
        -0.1368364542722702,
        -0.07017872482538223,
        0.9881045818328857,
        3.5392913818359375
    ],
    [
        0.9752941131591797,
        -0.1458592712879181,
        0.16591064631938934,
        2.720301389694214,
        0.1312856525182724,
        0.9867135882377625,
        0.09570950269699097,
        -0.6560208201408386,
        -0.17766642570495605,
        -0.0715632513165474,
        0.9814851880073547,
        3.6993510723114014
    ],
    [
        0.9676033854484558,
        -0.1544252336025238,
        0.19974152743816376,
        2.7334864139556885,
        0.13581901788711548,
        0.9852809906005859,
        0.10380082577466965,
        -0.6689862012863159,
        -0.21283072233200073,
        -0.07330929487943649,
        0.9743349552154541,
        3.826601505279541
    ],
    [
        0.9601259231567383,
        -0.15835139155387878,
        0.23039774596691132,
        2.751911163330078,
        0.13623152673244476,
        0.9846580028533936,
        0.10903997719287872,
        -0.6736686825752258,
        -0.24412956833839417,
        -0.07330470532178879,
        0.9669681191444397,
        3.9432592391967773
    ],
    [
        0.9531243443489075,
        -0.16146445274353027,
        0.2558969259262085,
        2.7890264987945557,
        0.13616624474525452,
        0.9841293096542358,
        0.11379031091928482,
        -0.6751218438148499,
        -0.2702087461948395,
        -0.0736117959022522,
        0.9599836468696594,
        4.057606220245361
    ],
    [
        0.9444212913513184,
        -0.16359774768352509,
        0.2851391136646271,
        2.8446407318115234,
        0.1351124793291092,
        0.9838985204696655,
        0.11699724197387695,
        -0.669501006603241,
        -0.2996881902217865,
        -0.07196882367134094,
        0.9513189196586609,
        4.203867435455322
    ],
    [
        0.9367374777793884,
        -0.1679539531469345,
        0.3071061670780182,
        2.8977911472320557,
        0.13682526350021362,
        0.9832525253295898,
        0.12038804590702057,
        -0.6679869294166565,
        -0.32218268513679504,
        -0.0707521140575409,
        0.9440299272537231,
        4.317380905151367
    ],
    [
        0.9302960634231567,
        -0.1690201461315155,
        0.3255481719970703,
        2.9653167724609375,
        0.13560105860233307,
        0.9831089973449707,
        0.12291917204856873,
        -0.6649921536445618,
        -0.34082508087158203,
        -0.07020648568868637,
        0.9375016689300537,
        4.446264743804932
    ],
    [
        0.9243420958518982,
        -0.1677393913269043,
        0.3427175283432007,
        3.036808729171753,
        0.13213948905467987,
        0.9833321571350098,
        0.12488837540149689,
        -0.6595940589904785,
        -0.357953816652298,
        -0.07015299797058105,
        0.9310999512672424,
        4.573676586151123
    ],
    [
        0.9143979549407959,
        -0.16794849932193756,
        0.3683335781097412,
        3.090681552886963,
        0.12959375977516174,
        0.9834394454956055,
        0.12669737637043,
        -0.6560414433479309,
        -0.38351255655288696,
        -0.0681181252002716,
        0.9210200905799866,
        4.694804668426514
    ]
]