[
    [
        0.998794436454773,
        0.0007304993341676891,
        0.04908433184027672,
        -0.025556331500411034,
        -0.0006042397581040859,
        0.9999964833259583,
        -0.0025870816316455603,
        0.011698477901518345,
        -0.04908604919910431,
        0.002554304199293256,
        0.9987912774085999,
        0.45217832922935486
    ],
    [
        0.9981904029846191,
        0.0008447677828371525,
        0.06012706831097603,
        -0.0389285609126091,
        -0.0007000412442721426,
        0.9999968409538269,
        -0.0024280392099171877,
        0.013708315789699554,
        -0.06012893095612526,
        0.002381553640589118,
        0.9981877207756042,
        0.5173166990280151
    ],
    [
        0.9974850416183472,
        0.0009415358072146773,
        0.07087113708257675,
        -0.046589937061071396,
        -0.0007883732905611396,
        0.9999973773956299,
        -0.0021890706848353148,
        0.012643781490623951,
        -0.07087299972772598,
        0.0021276928018778563,
        0.9974831938743591,
        0.5781408548355103
    ],
    [
        0.9959454536437988,
        0.0020281635224819183,
        0.08993591368198395,
        -0.0502818338572979,
        -0.0017907716101035476,
        0.999994695186615,
        -0.0027201855555176735,
        0.009884532541036606,
        -0.08994094282388687,
        0.0025481011252850294,
        0.9959437251091003,
        0.6516165137290955
    ],
    [
        0.9944450855255127,
        0.0020591034553945065,
        0.10523651540279388,
        -0.052173979580402374,
        -0.0017252826364710927,
        0.9999931454658508,
        -0.0032630322966724634,
        0.006969005800783634,
        -0.1052425280213356,
        0.0030633441638201475,
        0.99444180727005,
        0.7013217806816101
    ],
    [
        0.9927732944488525,
        0.0020158018451184034,
        0.1199878677725792,
        -0.05125018581748009,
        -0.0016250155167654157,
        0.999993085861206,
        -0.003354639746248722,
        0.005870967637747526,
        -0.11999379843473434,
        0.0031354145612567663,
        0.9927695393562317,
        0.7495198845863342
    ],
    [
        0.9903358221054077,
        0.0021080696024000645,
        0.13867439329624176,
        -0.04448926821351051,
        -0.0015657773474231362,
        0.999990701675415,
        -0.004019516054540873,
        0.009900382719933987,
        -0.1386815756559372,
        0.003763537621125579,
        0.9903299808502197,
        0.8184622526168823
    ],
    [
        0.9882099628448486,
        0.0023173026274889708,
        0.15308676660060883,
        -0.036579590290784836,
        -0.0017602394800633192,
        0.9999912977218628,
        -0.003774308366701007,
        0.012981070205569267,
        -0.15309418737888336,
        0.003460340667515993,
        0.9882055521011353,
        0.8713358640670776
    ],
    [
        0.985970139503479,
        0.002278513042256236,
        0.16690635681152344,
        -0.026378022506833076,
        -0.001660822075791657,
        0.9999913573265076,
        -0.0038403107319027185,
        0.014332952909171581,
        -0.16691364347934723,
        0.003509228816255927,
        0.985965371131897,
        0.9253911375999451
    ],
    [
        0.9830527901649475,
        0.00230025639757514,
        0.18330825865268707,
        -0.01181314792484045,
        -0.001661669579334557,
        0.9999920725822449,
        -0.003637204645201564,
        0.012762817554175854,
        -0.18331514298915863,
        0.0032709662336856127,
        0.9830487966537476,
        0.9948723912239075
    ],
    [
        0.9810109734535217,
        0.0022139737848192453,
        0.19393925368785858,
        -0.002263826783746481,
        -0.0015600952319800854,
        0.9999926090240479,
        -0.0035242324229329824,
        0.011743719689548016,
        -0.19394561648368835,
        0.0031547467224299908,
        0.9810071587562561,
        1.0397493839263916
    ],
    [
        0.9790194630622864,
        0.0018332530744373798,
        0.20375876128673553,
        0.006191838067024946,
        -0.0010163430124521255,
        0.9999911189079285,
        -0.004113771021366119,
        0.01256285049021244,
        -0.20376446843147278,
        0.0038203727453947067,
        0.9790124297142029,
        1.079463005065918
    ],
    [
        0.9769601821899414,
        0.0017058529192581773,
        0.21341454982757568,
        0.012415643781423569,
        -0.0007751869852654636,
        0.9999898076057434,
        -0.004444441758096218,
        0.013798588886857033,
        -0.21341998875141144,
        0.004176607355475426,
        0.9769516587257385,
        1.1305477619171143
    ],
    [
        0.9754579067230225,
        0.0019234181381762028,
        0.22017759084701538,
        0.016390597447752953,
        -0.0009194378508254886,
        0.9999887943267822,
        -0.004662251099944115,
        0.015450425446033478,
        -0.2201840579509735,
        0.004345390014350414,
        0.9754486083984375,
        1.1704514026641846
    ],
    [
        0.9742326736450195,
        0.0016891428967937827,
        0.22553904354572296,
        0.020079011097550392,
        -0.0009939620504155755,
        0.9999944567680359,
        -0.0031958241015672684,
        0.016556525602936745,
        -0.22554318606853485,
        0.0028892988339066505,
        0.9742287993431091,
        1.2147963047027588
    ],
    [
        0.9727328419685364,
        0.0017469029407948256,
        0.23192176222801208,
        0.023510487750172615,
        -0.0014809840358793736,
        0.9999980330467224,
        -0.0013206900330260396,
        0.016542039811611176,
        -0.2319236397743225,
        0.0009412058861926198,
        0.9727334976196289,
        1.279442548751831
    ],
    [
        0.9719305038452148,
        0.0017337106401100755,
        0.23526187241077423,
        0.02489401027560234,
        -0.0017701181350275874,
        0.9999984502792358,
        -5.642999894917011e-05,
        0.016173964366316795,
        -0.23526161909103394,
        -0.00036159431328997016,
        0.9719319939613342,
        1.3292590379714966
    ],
    [
        0.9709773063659668,
        0.0016220191027969122,
        0.23916617035865784,
        0.024978404864668846,
        -0.001771866693161428,
        0.9999983310699463,
        0.0004115380870644003,
        0.015213483944535255,
        -0.23916512727737427,
        -0.0008233656408265233,
        0.9709784984588623,
        1.377871036529541
    ],
    [
        0.9704903960227966,
        0.0013165934942662716,
        0.24113605916500092,
        0.02308846265077591,
        -0.0013628873275592923,
        0.9999990463256836,
        2.519955887692049e-05,
        0.010870570316910744,
        -0.24113580584526062,
        -0.00035309657687321305,
        0.970491349697113,
        1.4368489980697632
    ],
    [
        0.9700299501419067,
        0.0015019770944491029,
        0.24298086762428284,
        0.02185605652630329,
        -0.001704760012216866,
        0.9999983906745911,
        0.0006243034149520099,
        0.008640765212476254,
        -0.242979496717453,
        -0.0010198166128247976,
        0.9700308442115784,
        1.4783475399017334
    ],
    [
        0.9694056510925293,
        0.0017573738005012274,
        0.245457723736763,
        0.01996462419629097,
        -0.0018468941561877728,
        0.9999982714653015,
        0.0001345188356935978,
        0.0098493667319417,
        -0.24545708298683167,
        -0.0005837379139848053,
        0.9694072604179382,
        1.5211459398269653
    ],
    [
        0.9689645171165466,
        0.0011733202263712883,
        0.2471972107887268,
        0.017186187207698822,
        -0.001473377924412489,
        0.9999984502792358,
        0.0010288655757904053,
        0.012539271265268326,
        -0.24719561636447906,
        -0.0013611497124657035,
        0.9689645767211914,
        1.5799354314804077
    ],
    [
        0.9687329530715942,
        0.001039594761095941,
        0.24810372292995453,
        0.01810930110514164,
        -0.001358695444650948,
        0.9999985098838806,
        0.0011149357305839658,
        0.01524257194250822,
        -0.24810214340686798,
        -0.0014171716757118702,
        0.9687329530715942,
        1.6286015510559082
    ],
    [
        0.9683905839920044,
        0.0008041848195716739,
        0.2494373917579651,
        0.020706113427877426,
        -0.0012074990663677454,
        0.9999982118606567,
        0.0014638830907642841,
        0.016894487664103508,
        -0.24943576753139496,
        -0.0017188061028718948,
        0.9683898091316223,
        1.6781830787658691
    ],
    [
        0.9682256579399109,
        0.000421920936787501,
        0.2500781714916229,
        0.026310903951525688,
        -0.0008433090406470001,
        0.9999984502792358,
        0.001577878720127046,
        0.01739625632762909,
        -0.25007709860801697,
        -0.0017386360559612513,
        0.968224287033081,
        1.7435835599899292
    ]
]