[
    [
        0.9979284405708313,
        0.03931795060634613,
        -0.050922635942697525,
        -0.37436699867248535,
        -0.03962334245443344,
        0.9992021918296814,
        -0.005001234356313944,
        0.24862128496170044,
        0.050685372203588486,
        0.007008598186075687,
        0.9986900687217712,
        -0.3219141662120819
    ],
    [
        0.9967879056930542,
        0.04316195845603943,
        -0.06746082007884979,
        -0.38754525780677795,
        -0.042861055582761765,
        0.9990635514259338,
        0.00590213667601347,
        0.2601481080055237,
        0.0676523968577385,
        -0.0029917366337031126,
        0.9977044463157654,
        -0.3153308629989624
    ],
    [
        0.9953241944313049,
        0.047462012618780136,
        -0.08412501960992813,
        -0.4007169008255005,
        -0.046224046498537064,
        0.9987930655479431,
        0.016604023054242134,
        0.2716602683067322,
        0.08481155335903168,
        -0.012637786567211151,
        0.9963169097900391,
        -0.3093525171279907
    ],
    [
        0.9934776425361633,
        0.052566222846508026,
        -0.1011880487203598,
        -0.41366347670555115,
        -0.05017465353012085,
        0.9984009265899658,
        0.02603832632303238,
        0.28268083930015564,
        0.10239499062299728,
        -0.020791420713067055,
        0.9945265650749207,
        -0.3034887909889221
    ],
    [
        0.9904961585998535,
        0.05906449258327484,
        -0.1242121011018753,
        -0.42494457960128784,
        -0.05520368739962578,
        0.9978857040405273,
        0.0343007817864418,
        0.295736163854599,
        0.12597544491291046,
        -0.027117827907204628,
        0.9916626214981079,
        -0.2949720323085785
    ],
    [
        0.9869142770767212,
        0.06544575840234756,
        -0.1473674178123474,
        -0.4319377541542053,
        -0.060168635100126266,
        0.9973867535591125,
        0.03999151661992073,
        0.3062474727630615,
        0.1495995968580246,
        -0.030601300299167633,
        0.9882730841636658,
        -0.2874998152256012
    ],
    [
        0.9823911786079407,
        0.07157053053379059,
        -0.17258386313915253,
        -0.4357846975326538,
        -0.06490286439657211,
        0.9969220161437988,
        0.043979909271001816,
        0.31628602743148804,
        0.17520031332969666,
        -0.03200428560376167,
        0.9840124845504761,
        -0.28160715103149414
    ],
    [
        0.976283073425293,
        0.078630730509758,
        -0.20171405375003815,
        -0.43861693143844604,
        -0.07051488757133484,
        0.9963971376419067,
        0.0471208393573761,
        0.32723259925842285,
        0.20469243824481964,
        -0.03177943453192711,
        0.9783103466033936,
        -0.278064101934433
    ],
    [
        0.9703741073608398,
        0.08416227996349335,
        -0.22647465765476227,
        -0.4396498203277588,
        -0.07494019716978073,
        0.9959819912910461,
        0.049030154943466187,
        0.33686110377311707,
        0.22969116270542145,
        -0.030605541542172432,
        0.9727821350097656,
        -0.27722522616386414
    ],
    [
        0.9641243815422058,
        0.08998832106590271,
        -0.2497321367263794,
        -0.4396066963672638,
        -0.07988869398832321,
        0.9955334663391113,
        0.05030883103609085,
        0.3474169075489044,
        0.25314393639564514,
        -0.028553195297718048,
        0.9670071601867676,
        -0.28047633171081543
    ],
    [
        0.9574437141418457,
        0.09549133479595184,
        -0.27236562967300415,
        -0.43842461705207825,
        -0.08445065468549728,
        0.9950697422027588,
        0.052002858370542526,
        0.3576064705848694,
        0.2759886085987091,
        -0.02678835019469261,
        0.9607875347137451,
        -0.28655576705932617
    ],
    [
        0.9492166638374329,
        0.10087499022483826,
        -0.2980134189128876,
        -0.43728718161582947,
        -0.08854120969772339,
        0.9945728778839111,
        0.05463758111000061,
        0.36948055028915405,
        0.30190762877464294,
        -0.025476431474089622,
        0.9529967308044434,
        -0.29269441962242126
    ],
    [
        0.941619873046875,
        0.10518980771303177,
        -0.3198237717151642,
        -0.4371310770511627,
        -0.0915164202451706,
        0.9941402673721313,
        0.05753091350197792,
        0.37990620732307434,
        0.32400137186050415,
        -0.02490311674773693,
        0.9457288384437561,
        -0.2973293662071228
    ],
    [
        0.9341191053390503,
        0.10952280461788177,
        -0.3397444188594818,
        -0.4392366111278534,
        -0.09442093968391418,
        0.9936788082122803,
        0.060722365975379944,
        0.3905031085014343,
        0.34424731135368347,
        -0.024642933160066605,
        0.9385554790496826,
        -0.304097443819046
    ],
    [
        0.9264276623725891,
        0.1144803836941719,
        -0.3586447238922119,
        -0.4458225965499878,
        -0.09795533865690231,
        0.9931321144104004,
        0.0639786645770073,
        0.4032725691795349,
        0.36350589990615845,
        -0.024140438064932823,
        0.9312790632247925,
        -0.3152907192707062
    ],
    [
        0.920753538608551,
        0.1181279793381691,
        -0.37183141708374023,
        -0.455263614654541,
        -0.10066515952348709,
        0.9927217364311218,
        0.06610632687807083,
        0.41480451822280884,
        0.37693414092063904,
        -0.023437170311808586,
        0.9259435534477234,
        -0.3268054723739624
    ],
    [
        0.9160408973693848,
        0.12129080295562744,
        -0.38230565190315247,
        -0.4671207070350647,
        -0.10321040451526642,
        0.9923640489578247,
        0.06753679364919662,
        0.42719054222106934,
        0.38757798075675964,
        -0.022408556193113327,
        0.9215645790100098,
        -0.33937934041023254
    ],
    [
        0.9120031595230103,
        0.12400191277265549,
        -0.39099088311195374,
        -0.48086705803871155,
        -0.10541598498821259,
        0.9920496344566345,
        0.06873904913663864,
        0.4398479163646698,
        0.3964061439037323,
        -0.021473528817296028,
        0.9178241491317749,
        -0.35249680280685425
    ],
    [
        0.9088597297668457,
        0.12621022760868073,
        -0.39754873514175415,
        -0.49955788254737854,
        -0.10719550400972366,
        0.9917850494384766,
        0.06979702413082123,
        0.45446985960006714,
        0.4030919671058655,
        -0.0208202563226223,
        0.9149225950241089,
        -0.370012104511261
    ],
    [
        0.9069448709487915,
        0.12780804932117462,
        -0.4013928472995758,
        -0.5170791745185852,
        -0.10827933996915817,
        0.991576611995697,
        0.07107270509004593,
        0.46743515133857727,
        0.40709543228149414,
        -0.0209964569658041,
        0.9131442904472351,
        -0.3863676190376282
    ],
    [
        0.9056545495986938,
        0.1290636658668518,
        -0.40389642119407654,
        -0.5353785753250122,
        -0.10896814614534378,
        0.9914008378982544,
        0.07245995849370956,
        0.48081672191619873,
        0.4097751975059509,
        -0.021611852571368217,
        0.911930501461029,
        -0.40315061807632446
    ],
    [
        0.905046820640564,
        0.12987609207630157,
        -0.40499693155288696,
        -0.5579420924186707,
        -0.10919903218746185,
        0.9912721514701843,
        0.07385813444852829,
        0.49621328711509705,
        0.4110546410083771,
        -0.02261979691684246,
        0.9113301634788513,
        -0.42304494976997375
    ],
    [
        0.9051113724708557,
        0.13030977547168732,
        -0.40471312403678894,
        -0.579332172870636,
        -0.10923636704683304,
        0.9911940097808838,
        0.07484608888626099,
        0.5100249648094177,
        0.4109024107456207,
        -0.023534661158919334,
        0.9113755822181702,
        -0.44017085433006287
    ],
    [
        0.9054543375968933,
        0.1304466277360916,
        -0.403901070356369,
        -0.601100504398346,
        -0.10909102857112885,
        0.9911563396453857,
        0.075553297996521,
        0.5241300463676453,
        0.4101848006248474,
        -0.024348074570298195,
        0.911677360534668,
        -0.45699188113212585
    ],
    [
        0.9063288569450378,
        0.13025769591331482,
        -0.40199607610702515,
        -0.6277939081192017,
        -0.10876388102769852,
        0.9911620616912842,
        0.07594764232635498,
        0.5407727956771851,
        0.4083361029624939,
        -0.0251108817756176,
        0.9124863147735596,
        -0.4762529730796814
    ]
]