[
    [
        0.9860232472419739,
        -0.0020125245209783316,
        -0.16659584641456604,
        -0.007931082509458065,
        0.0021232517901808023,
        0.9999976754188538,
        0.0004865383671130985,
        0.014225543476641178,
        0.1665944755077362,
        -0.000833462574519217,
        0.9860251545906067,
        0.269558310508728
    ],
    [
        0.9849758148193359,
        -0.0018734155455604196,
        -0.17268238961696625,
        -0.010244769044220448,
        0.0019750914070755243,
        0.9999979138374329,
        0.0004169792227912694,
        0.015700412914156914,
        0.1726812720298767,
        -0.0007517775520682335,
        0.9849773645401001,
        0.27746766805648804
    ],
    [
        0.9828560948371887,
        -0.00150395801756531,
        -0.18436837196350098,
        -0.016069145873188972,
        0.0016689654439687729,
        0.9999983906745911,
        0.0007398128509521484,
        0.018090911209583282,
        0.18436697125434875,
        -0.0010348341893404722,
        0.9828569293022156,
        0.2946507930755615
    ],
    [
        0.9806764721870422,
        -0.0011454341001808643,
        -0.19563302397727966,
        -0.021767515689134598,
        0.0013898868346586823,
        0.9999984502792358,
        0.0011122723808512092,
        0.020490970462560654,
        0.19563142955303192,
        -0.0013626869767904282,
        0.9806766510009766,
        0.3118421733379364
    ],
    [
        0.9785344004631042,
        -0.0008502310374751687,
        -0.20608188211917877,
        -0.02767816185951233,
        0.001129030017182231,
        0.9999986290931702,
        0.0012352608609944582,
        0.022457202896475792,
        0.20608054101467133,
        -0.0014414179604500532,
        0.9785338640213013,
        0.32804977893829346
    ],
    [
        0.9774104952812195,
        -0.0008096343372017145,
        -0.21134845912456512,
        -0.03078383207321167,
        0.0011094426736235619,
        0.9999985694885254,
        0.0012999719474464655,
        0.023078495636582375,
        0.2113470882177353,
        -0.0015050850342959166,
        0.9774098992347717,
        0.33644402027130127
    ],
    [
        0.9750614762306213,
        -0.00047046635881997645,
        -0.22193476557731628,
        -0.03746914863586426,
        0.0008433216717094183,
        0.9999983906745911,
        0.0015852638753131032,
        0.023532183840870857,
        0.22193366289138794,
        -0.0017328921239823103,
        0.975060224533081,
        0.35131534934043884
    ],
    [
        0.9727550745010376,
        -0.0003478239814285189,
        -0.23183485865592957,
        -0.043360430747270584,
        0.0006746580475009978,
        0.9999989867210388,
        0.00133048789575696,
        0.02492605708539486,
        0.23183412849903107,
        -0.001450648414902389,
        0.9727542996406555,
        0.36579635739326477
    ],
    [
        0.9704079627990723,
        -0.0002585990587249398,
        -0.24147115647792816,
        -0.04968397319316864,
        0.000619450060185045,
        0.9999988675117493,
        0.0014184743631631136,
        0.02668122947216034,
        0.24147048592567444,
        -0.0015260778600350022,
        0.9704070687294006,
        0.3805048167705536
    ],
    [
        0.9691368341445923,
        -0.000272244680672884,
        -0.24652299284934998,
        -0.05279317870736122,
        0.0006277133943513036,
        0.9999988675117493,
        0.0013633433263748884,
        0.027607247233390808,
        0.24652236700057983,
        -0.0014760115882381797,
        0.9691359400749207,
        0.3871874511241913
    ],
    [
        0.9665807485580444,
        -9.701950330054387e-05,
        -0.2563624680042267,
        -0.057678885757923126,
        0.0005617926944978535,
        0.9999983906745911,
        0.0017397208139300346,
        0.029285013675689697,
        0.25636187195777893,
        -0.0018256024923175573,
        0.9665791392326355,
        0.4003128111362457
    ],
    [
        0.9642063975334167,
        0.0004790702660102397,
        -0.2651523947715759,
        -0.06243082508444786,
        1.865825106506236e-05,
        0.9999982714653015,
        0.0018746223067864776,
        0.029701020568609238,
        0.26515281200408936,
        -0.0018124700291082263,
        0.964204728603363,
        0.41216617822647095
    ],
    [
        0.9617602825164795,
        0.00033180034370161593,
        -0.273892343044281,
        -0.06704971939325333,
        8.117539255181327e-05,
        0.999998927116394,
        0.001496467157267034,
        0.03176232427358627,
        0.27389252185821533,
        -0.0014614758547395468,
        0.9617592096328735,
        0.4250510632991791
    ],
    [
        0.9605166912078857,
        0.0004796373250428587,
        -0.2782217860221863,
        -0.06978393346071243,
        -6.0631573433056474e-05,
        0.9999988079071045,
        0.0015146181685850024,
        0.03234672173857689,
        0.2782221734523773,
        -0.0014379470376297832,
        0.9605156779289246,
        0.4317589998245239
    ],
    [
        0.9579174518585205,
        0.00032780703622847795,
        -0.2870437502861023,
        -0.07379720360040665,
        5.379403955885209e-05,
        0.9999991655349731,
        0.0013215302024036646,
        0.03443799167871475,
        0.287043958902359,
        -0.0012813579523935914,
        0.9579166173934937,
        0.4456203579902649
    ],
    [
        0.9554075002670288,
        0.00038271729135885835,
        -0.295290470123291,
        -0.07777763158082962,
        0.00019849663658533245,
        0.999998152256012,
        0.0019382998580113053,
        0.03664429485797882,
        0.29529064893722534,
        -0.00191047927364707,
        0.955405592918396,
        0.46134257316589355
    ],
    [
        0.9528411030769348,
        0.0006360983825288713,
        -0.30346906185150146,
        -0.0813756212592125,
        0.0001376241270918399,
        0.9999968409538269,
        0.002528201788663864,
        0.0399026982486248,
        0.3034696578979492,
        -0.0024507397320121527,
        0.9528379440307617,
        0.478079617023468
    ],
    [
        0.9516679048538208,
        0.000715645554009825,
        -0.3071279525756836,
        -0.08394971489906311,
        0.00012282043462619185,
        0.9999963641166687,
        0.0027106832712888718,
        0.04202212020754814,
        0.30712875723838806,
        -0.0026173924561589956,
        0.9516643285751343,
        0.4871048927307129
    ],
    [
        0.9492396712303162,
        0.0008285157382488251,
        -0.31455233693122864,
        -0.0887911319732666,
        0.00021405801817309111,
        0.9999946355819702,
        0.0032799115870147943,
        0.04532439261674881,
        0.3145533502101898,
        -0.0031807543709874153,
        0.9492344856262207,
        0.5043731331825256
    ],
    [
        0.9466427564620972,
        0.0007781608728691936,
        -0.3222838044166565,
        -0.09329032152891159,
        0.0003046228375751525,
        0.9999945759773254,
        0.003309275023639202,
        0.04898199439048767,
        0.3222845792770386,
        -0.0032308767549693584,
        0.9466373324394226,
        0.5207952260971069
    ],
    [
        0.9440886378288269,
        0.0009578504250384867,
        -0.32969042658805847,
        -0.09960214793682098,
        0.0003642459923867136,
        0.9999921321868896,
        0.00394831970334053,
        0.05167437717318535,
        0.3296915888786316,
        -0.0038476528134196997,
        0.9440808892250061,
        0.5355822443962097
    ],
    [
        0.9427611231803894,
        0.0008925498113967478,
        -0.3334677517414093,
        -0.1026633158326149,
        0.0004298980347812176,
        0.9999923706054688,
        0.0038919339422136545,
        0.05343710258603096,
        0.33346861600875854,
        -0.0038125200662761927,
        0.9427534341812134,
        0.5427365899085999
    ],
    [
        0.9401481747627258,
        0.0009706956334412098,
        -0.3407646417617798,
        -0.1104574054479599,
        0.0004921769141219556,
        0.9999911189079285,
        0.004206440877169371,
        0.056672561913728714,
        0.34076568484306335,
        -0.004122393671423197,
        0.9401391744613647,
        0.5570327639579773
    ],
    [
        0.9373218417167664,
        0.001267084269784391,
        -0.3484625518321991,
        -0.11787392199039459,
        0.0002613501565065235,
        0.9999906420707703,
        0.004339179024100304,
        0.06073692813515663,
        0.3484647274017334,
        -0.004158278461545706,
        0.937312662601471,
        0.57033771276474
    ],
    [
        0.9345868825912476,
        0.001610082807019353,
        -0.35573142766952515,
        -0.12588222324848175,
        1.6526784747838974e-05,
        0.9999895691871643,
        0.0045694918371737,
        0.06464020907878876,
        0.35573506355285645,
        -0.004276466090232134,
        0.9345769882202148,
        0.5830591917037964
    ]
]