[
    [
        0.9995142817497253,
        -0.027670128270983696,
        0.014341113157570362,
        0.16590186953544617,
        0.02757512405514717,
        0.9995967149734497,
        0.006780529394745827,
        0.7200583219528198,
        -0.014522947371006012,
        -0.006381779443472624,
        0.9998742341995239,
        2.4619672298431396
    ],
    [
        0.9994844794273376,
        -0.02942032925784588,
        0.012849601916968822,
        0.18869221210479736,
        0.029326576739549637,
        0.9995422959327698,
        0.007424714043736458,
        0.7102224826812744,
        -0.013062158599495888,
        -0.007044054567813873,
        0.9998898506164551,
        2.5789098739624023
    ],
    [
        0.9994417428970337,
        -0.03144394978880882,
        0.011286906898021698,
        0.214941143989563,
        0.031345900148153305,
        0.9994702339172363,
        0.00876146275550127,
        0.6976262331008911,
        -0.011556421406567097,
        -0.008402770385146141,
        0.9998979568481445,
        2.700737953186035
    ],
    [
        0.9994078278541565,
        -0.032945603132247925,
        0.009932300075888634,
        0.2416251003742218,
        0.03285188972949982,
        0.9994154572486877,
        0.009455159306526184,
        0.6867362856864929,
        -0.010238001123070717,
        -0.00912326481193304,
        0.9999059438705444,
        2.8280365467071533
    ],
    [
        0.9993730783462524,
        -0.03432958945631981,
        0.008643749170005322,
        0.2692923843860626,
        0.034236881881952286,
        0.9993569850921631,
        0.010654331184923649,
        0.673587441444397,
        -0.009003948420286179,
        -0.010351710952818394,
        0.9999058246612549,
        2.9540650844573975
    ],
    [
        0.999311089515686,
        -0.03643590211868286,
        0.00705713452771306,
        0.29730233550071716,
        0.036345887929201126,
        0.999261200428009,
        0.012488546781241894,
        0.6581194996833801,
        -0.007506949827075005,
        -0.012223441153764725,
        0.9998971223831177,
        3.0775046348571777
    ],
    [
        0.9992063641548157,
        -0.03953760862350464,
        0.004832671023905277,
        0.33572229743003845,
        0.03946056216955185,
        0.999106764793396,
        0.015115938149392605,
        0.6345134973526001,
        -0.005426002666354179,
        -0.014913243241608143,
        0.9998741149902344,
        3.26169753074646
    ],
    [
        0.9991557598114014,
        -0.04095825180411339,
        0.0031440670136362314,
        0.36000439524650574,
        0.040900684893131256,
        0.9990254640579224,
        0.016592683270573616,
        0.6170821785926819,
        -0.003820609301328659,
        -0.016450082883238792,
        0.9998574256896973,
        3.386014938354492
    ],
    [
        0.99913090467453,
        -0.04165937751531601,
        0.0014131844509392977,
        0.3820839524269104,
        0.041628461331129074,
        0.9989809989929199,
        0.017438530921936035,
        0.6003805994987488,
        -0.0021382211707532406,
        -0.01736454665660858,
        0.9998469948768616,
        3.51410174369812
    ],
    [
        0.9991099238395691,
        -0.04217900335788727,
        -0.00048597296699881554,
        0.4045107960700989,
        0.042180825024843216,
        0.998941957950592,
        0.018325118348002434,
        0.5794762372970581,
        -0.0002874743368010968,
        -0.018329303711652756,
        0.9998319149017334,
        3.643681764602661
    ],
    [
        0.9990946650505066,
        -0.042473677545785904,
        -0.0023710026871412992,
        0.4244179129600525,
        0.0425107404589653,
        0.9989200830459595,
        0.018746282905340195,
        0.554825484752655,
        0.001572217675857246,
        -0.018830107524991035,
        0.9998214244842529,
        3.77791166305542
    ],
    [
        0.9990971684455872,
        -0.04226166754961014,
        -0.004310674499720335,
        0.4450315237045288,
        0.04233686253428459,
        0.9989194869995117,
        0.019170990213751793,
        0.5269562005996704,
        0.0034958200994879007,
        -0.019336184486746788,
        0.9998069405555725,
        3.9096529483795166
    ],
    [
        0.9991114139556885,
        -0.04129142686724663,
        -0.008441728539764881,
        0.4725383520126343,
        0.04144807159900665,
        0.9989540576934814,
        0.019309375435113907,
        0.477312833070755,
        0.007635589689016342,
        -0.019642110913991928,
        0.9997779726982117,
        4.115234851837158
    ],
    [
        0.9990647435188293,
        -0.04165973514318466,
        -0.011574418283998966,
        0.48705190420150757,
        0.04188942164182663,
        0.9989146590232849,
        0.020366117358207703,
        0.43368953466415405,
        0.010713411495089531,
        -0.020831918343901634,
        0.9997256398200989,
        4.255319118499756
    ],
    [
        0.9990643858909607,
        -0.04066646099090576,
        -0.014712769538164139,
        0.5015567541122437,
        0.0409669391810894,
        0.998945415019989,
        0.020732861012220383,
        0.38311296701431274,
        0.01385412085801363,
        -0.021316204220056534,
        0.9996767640113831,
        4.38821268081665
    ],
    [
        0.9990718364715576,
        -0.03939531370997429,
        -0.017420439049601555,
        0.5172519087791443,
        0.03974730893969536,
        0.9990026354789734,
        0.02034359611570835,
        0.32372528314590454,
        0.016601625829935074,
        -0.021017124876379967,
        0.9996413588523865,
        4.514217376708984
    ],
    [
        0.9989777207374573,
        -0.039933737367391586,
        -0.02118312194943428,
        0.5364200472831726,
        0.04034510999917984,
        0.99899822473526,
        0.01936144195497036,
        0.26395195722579956,
        0.020388731732964516,
        -0.020196285098791122,
        0.9995880722999573,
        4.627536296844482
    ],
    [
        0.9988753199577332,
        -0.04013928771018982,
        -0.02523859031498432,
        0.5552048683166504,
        0.040619902312755585,
        0.9989973306655884,
        0.018827710300683975,
        0.20517873764038086,
        0.024457547813653946,
        -0.01983172446489334,
        0.9995042085647583,
        4.7294135093688965
    ],
    [
        0.998706579208374,
        -0.039927929639816284,
        -0.03147970512509346,
        0.5858902931213379,
        0.04046592488884926,
        0.9990422129631042,
        0.016642235219478607,
        0.11789079010486603,
        0.03078506514430046,
        -0.01789456605911255,
        0.9993658065795898,
        4.863326549530029
    ],
    [
        0.9986106753349304,
        -0.03922668844461441,
        -0.035183247178792953,
        0.6079692840576172,
        0.03977615758776665,
        0.9990951418876648,
        0.015055553987622261,
        0.057352736592292786,
        0.034560833126306534,
        -0.016434093937277794,
        0.9992675185203552,
        4.946624755859375
    ],
    [
        0.9984750151634216,
        -0.03863248601555824,
        -0.03943316265940666,
        0.6322348117828369,
        0.03917013481259346,
        0.9991486072540283,
        0.012953849509358406,
        -0.003968849778175354,
        0.038899149745702744,
        -0.01447870023548603,
        0.9991382956504822,
        5.030252933502197
    ],
    [
        0.9982959032058716,
        -0.038731299340724945,
        -0.043649084866046906,
        0.6585795283317566,
        0.03921571746468544,
        0.9991777539253235,
        0.010296582244336605,
        -0.06589949131011963,
        0.04321439191699028,
        -0.011990766040980816,
        0.9989937543869019,
        5.11368465423584
    ],
    [
        0.998185932636261,
        -0.037135783582925797,
        -0.047389622777700424,
        0.6883378624916077,
        0.03752322122454643,
        0.9992690086364746,
        0.007311984430998564,
        -0.12795639038085938,
        0.04708344489336014,
        -0.00907693151384592,
        0.9988497495651245,
        5.193087100982666
    ],
    [
        0.9979982972145081,
        -0.036427367478609085,
        -0.05169659107923508,
        0.7301802635192871,
        0.036630503833293915,
        0.9993243217468262,
        0.0029870516154915094,
        -0.18237850069999695,
        0.05155285447835922,
        -0.0048747435212135315,
        0.998658299446106,
        5.274033546447754
    ],
    [
        0.9978756904602051,
        -0.033618222922086716,
        -0.055801745504140854,
        0.7764532566070557,
        0.03355391323566437,
        0.999434769153595,
        -0.0020894575864076614,
        -0.27496281266212463,
        0.05584016814827919,
        0.0002126649342244491,
        0.9984397292137146,
        5.390312194824219
    ]
]