[
    [
        0.9879952669143677,
        -0.0068268622271716595,
        0.1543334573507309,
        0.09205888211727142,
        0.006367003079503775,
        0.9999736547470093,
        0.0034737398382276297,
        -0.04126714542508125,
        -0.15435311198234558,
        -0.002449396764859557,
        0.9880126714706421,
        0.26422736048698425
    ],
    [
        0.9714233875274658,
        -0.010169913992285728,
        0.2371353805065155,
        0.2053404450416565,
        0.008869903162121773,
        0.9999392032623291,
        0.0065484317019581795,
        -0.03194316849112511,
        -0.23718754947185516,
        -0.0042579323053359985,
        0.9714545607566833,
        0.47411128878593445
    ],
    [
        0.9525372385978699,
        -0.010942379012703896,
        0.3042253851890564,
        0.3149590492248535,
        0.008861830458045006,
        0.9999269843101501,
        0.008218764327466488,
        -0.03130190074443817,
        -0.30429309606552124,
        -0.005132685881108046,
        0.9525646567344666,
        0.7324396967887878
    ],
    [
        0.9393637180328369,
        -0.01290039625018835,
        0.3426797091960907,
        0.4514239728450775,
        0.009581451304256916,
        0.9998893737792969,
        0.011376515962183475,
        -0.006241829600185156,
        -0.34278860688209534,
        -0.007403317838907242,
        0.9393833875656128,
        0.9518484473228455
    ],
    [
        0.9309762716293335,
        -0.0142743531614542,
        0.3648005723953247,
        0.6657373905181885,
        0.010696700774133205,
        0.9998728632926941,
        0.011826087720692158,
        0.012287860736250877,
        -0.36492300033569336,
        -0.0071076457388699055,
        0.9310105443000793,
        1.1740946769714355
    ],
    [
        0.9276684522628784,
        -0.014783255755901337,
        0.37311217188835144,
        0.8534509539604187,
        0.01030763704329729,
        0.9998490810394287,
        0.013987625949084759,
        0.025744305923581123,
        -0.3732626140117645,
        -0.00912997592240572,
        0.9276807308197021,
        1.3765276670455933
    ],
    [
        0.924431562423706,
        -0.014302943833172321,
        0.38107970356941223,
        1.0459187030792236,
        0.00869643036276102,
        0.9998272061347961,
        0.0164302047342062,
        0.04212383180856705,
        -0.3812488317489624,
        -0.011874568648636341,
        0.9243962168693542,
        1.6347129344940186
    ],
    [
        0.9215463399887085,
        -0.014154826290905476,
        0.38801026344299316,
        1.224763035774231,
        0.00826025940477848,
        0.9998238682746887,
        0.01685553416609764,
        0.039853595197200775,
        -0.38818052411079407,
        -0.012328090146183968,
        0.9215008616447449,
        1.8822979927062988
    ],
    [
        0.9186280369758606,
        -0.014179187826812267,
        0.39486896991729736,
        1.4195621013641357,
        0.008346701972186565,
        0.9998293519020081,
        0.016484584659337997,
        0.059623681008815765,
        -0.3950352966785431,
        -0.011847349815070629,
        0.9185895919799805,
        2.0966999530792236
    ],
    [
        0.9174888134002686,
        -0.01349796261638403,
        0.3975324034690857,
        1.6449023485183716,
        0.007908284664154053,
        0.9998455047607422,
        0.015697119757533073,
        0.05702865123748779,
        -0.39768290519714355,
        -0.011258134618401527,
        0.9174538254737854,
        2.299241065979004
    ],
    [
        0.9167444109916687,
        -0.013321972452104092,
        0.39925211668014526,
        1.82622230052948,
        0.00646068574860692,
        0.999807596206665,
        0.01852615736424923,
        0.0812523141503334,
        -0.3994220495223999,
        -0.01440430898219347,
        0.9166539311408997,
        2.4985556602478027
    ],
    [
        0.9160163402557373,
        -0.012565365992486477,
        0.4009440541267395,
        2.026793956756592,
        0.00544986966997385,
        0.999806821346283,
        0.01888236217200756,
        0.08680260181427002,
        -0.4011038541793823,
        -0.015111458487808704,
        0.9159080386161804,
        2.7433602809906006
    ],
    [
        0.9150184392929077,
        -0.012298695743083954,
        0.40322449803352356,
        2.209573984146118,
        0.00472015468403697,
        0.9997931122779846,
        0.019783329218626022,
        0.08874526619911194,
        -0.40338438749313354,
        -0.01619882881641388,
        0.9148872494697571,
        2.974395751953125
    ],
    [
        0.913741946220398,
        -0.012581919319927692,
        0.40610015392303467,
        2.4001004695892334,
        0.004179625306278467,
        0.9997585415840149,
        0.02157049998641014,
        0.09942790865898132,
        -0.4062735140323639,
        -0.018012523651123047,
        0.9135739803314209,
        3.1925652027130127
    ],
    [
        0.9115757346153259,
        -0.01129273883998394,
        0.4109768271446228,
        2.5782053470611572,
        0.003178154118359089,
        0.9997864365577698,
        0.020422551780939102,
        0.10431516915559769,
        -0.4111197590827942,
        -0.017310556024312973,
        0.9114169478416443,
        3.4046761989593506
    ],
    [
        0.9109587669372559,
        -0.01090230979025364,
        0.41235342621803284,
        2.7236993312835693,
        0.0021737597417086363,
        0.999763548374176,
        0.0216307882219553,
        0.14545901119709015,
        -0.4124916195869446,
        -0.01880839839577675,
        0.9107673168182373,
        3.6261281967163086
    ],
    [
        0.9111565947532654,
        -0.010246454738080502,
        0.4119330644607544,
        2.8601202964782715,
        0.0016178360674530268,
        0.9997720122337341,
        0.021289927884936333,
        0.1703336536884308,
        -0.4120570123195648,
        -0.018732020631432533,
        0.9109652638435364,
        3.851679801940918
    ],
    [
        0.9127675890922546,
        -0.009389664977788925,
        0.408370703458786,
        2.993699073791504,
        0.001138367224484682,
        0.9997902512550354,
        0.02044372446835041,
        0.21235507726669312,
        -0.4084776043891907,
        -0.018195493146777153,
        0.9125871658325195,
        4.032217979431152
    ],
    [
        0.9220088124275208,
        -0.009689878672361374,
        0.3870478868484497,
        3.1870882511138916,
        0.0016148732975125313,
        0.9997742176055908,
        0.021182797849178314,
        0.25780385732650757,
        -0.3871656060218811,
        -0.01890569180250168,
        0.9218166470527649,
        4.2295122146606445
    ],
    [
        0.9423946738243103,
        -0.006761190947145224,
        0.3344346582889557,
        3.33797550201416,
        2.6749792141345097e-06,
        0.9997957944869995,
        0.02020510844886303,
        0.30003833770751953,
        -0.3345032036304474,
        -0.019040290266275406,
        0.9422023892402649,
        4.42900276184082
    ],
    [
        0.9581677913665771,
        -0.0043472787365317345,
        0.28617385029792786,
        3.463479995727539,
        -0.0014416216872632504,
        0.9997987151145935,
        0.020014841109514236,
        0.3447638750076294,
        -0.28620344400405884,
        -0.019590135663747787,
        0.9579687714576721,
        4.647529602050781
    ],
    [
        0.9736362099647522,
        -0.0027504758909344673,
        0.2280898243188858,
        3.5720298290252686,
        -0.002004374749958515,
        0.9997856020927429,
        0.02061212621629238,
        0.37988409399986267,
        -0.22809749841690063,
        -0.020525887608528137,
        0.9734219908714294,
        4.864012718200684
    ],
    [
        0.9859367609024048,
        -0.0006374412914738059,
        0.16711758077144623,
        3.6720380783081055,
        -0.0025900958571583033,
        0.9998142719268799,
        0.019094297662377357,
        0.40101873874664307,
        -0.1670987457036972,
        -0.019258618354797363,
        0.9857521653175354,
        5.039028644561768
    ],
    [
        0.9962923526763916,
        0.0013551817974075675,
        0.08602245151996613,
        3.811396837234497,
        -0.0029860776849091053,
        0.9998182058334351,
        0.018833128735423088,
        0.3833731710910797,
        -0.08598129451274872,
        -0.01902017369866371,
        0.9961150884628296,
        5.214980602264404
    ],
    [
        0.9999886751174927,
        0.004494678694754839,
        -0.001592690940015018,
        3.9229137897491455,
        -0.004463948775082827,
        0.9998133182525635,
        0.018801016733050346,
        0.36486122012138367,
        0.00167694257106632,
        -0.01879369094967842,
        0.9998220205307007,
        5.366124629974365
    ]
]