[
    [
        0.9996498227119446,
        -0.0028561362996697426,
        0.026308942586183548,
        -0.011055922135710716,
        0.00283795059658587,
        0.9999957084655762,
        0.0007285376195795834,
        -0.12833373248577118,
        -0.026310911402106285,
        -0.0006536183645948768,
        0.9996535778045654,
        0.7062451839447021
    ],
    [
        0.9995187520980835,
        -0.0033203710336238146,
        0.03084256500005722,
        -0.01149537693709135,
        0.003309532767161727,
        0.9999943971633911,
        0.00040244314004667103,
        -0.14218004047870636,
        -0.03084372915327549,
        -0.000300175859592855,
        0.9995242357254028,
        0.818153977394104
    ],
    [
        0.999288022518158,
        -0.003844441380351782,
        0.037532366812229156,
        -0.014961923472583294,
        0.0038328170776367188,
        0.9999924898147583,
        0.0003816444077529013,
        -0.15511853992938995,
        -0.037533555179834366,
        -0.00023751749540679157,
        0.9992952346801758,
        0.9661719799041748
    ],
    [
        0.9990196228027344,
        -0.004335252568125725,
        0.044057849794626236,
        -0.02132939174771309,
        0.00434899190440774,
        0.9999905228614807,
        -0.00021602791093755513,
        -0.1742531955242157,
        -0.044056493788957596,
        0.0004074224561918527,
        0.9990289211273193,
        1.0863605737686157
    ],
    [
        0.9984343647956848,
        -0.005691870581358671,
        0.055645737797021866,
        -0.027292851358652115,
        0.005669699050486088,
        0.9999837875366211,
        0.0005563089507631958,
        -0.2071734070777893,
        -0.05564799904823303,
        -0.00023994542425498366,
        0.9984503984451294,
        1.220690131187439
    ],
    [
        0.9978172779083252,
        -0.0070267957635223866,
        0.06566144526004791,
        -0.028976064175367355,
        0.007131154648959637,
        0.999973714351654,
        -0.0013550850562751293,
        -0.23056373000144958,
        -0.06565019488334656,
        0.0018203698564320803,
        0.9978410005569458,
        1.3249657154083252
    ],
    [
        0.9965248703956604,
        -0.008758578449487686,
        0.08283481001853943,
        -0.02744109556078911,
        0.008855823427438736,
        0.9999604821205139,
        -0.0008065950241871178,
        -0.2555898129940033,
        -0.08282448351383209,
        0.0015373604837805033,
        0.9965630173683167,
        1.4526567459106445
    ],
    [
        0.995240330696106,
        -0.010187375359237194,
        0.09691634774208069,
        -0.023386383429169655,
        0.0103262634947896,
        0.9999462366104126,
        -0.0009315953939221799,
        -0.2735501527786255,
        -0.09690165519714355,
        0.0019279439002275467,
        0.9952921867370605,
        1.5583635568618774
    ],
    [
        0.9933521747589111,
        -0.012293526902794838,
        0.11445698142051697,
        -0.013848413713276386,
        0.01237147394567728,
        0.9999235272407532,
        2.9324055503821e-05,
        -0.3065843880176544,
        -0.11444858461618423,
        0.0013868672540411353,
        0.9934282302856445,
        1.697716236114502
    ],
    [
        0.9918902516365051,
        -0.013715263456106186,
        0.12635478377342224,
        -0.0015410376945510507,
        0.013875964097678661,
        0.999903678894043,
        -0.0003916725981980562,
        -0.3441777229309082,
        -0.1263372302055359,
        0.002141796052455902,
        0.9919850826263428,
        1.807043194770813
    ],
    [
        0.9898452162742615,
        -0.015179985202848911,
        0.14133693277835846,
        0.013493717648088932,
        0.01531109306961298,
        0.9998827576637268,
        0.00015987544611562043,
        -0.38863405585289,
        -0.1413228064775467,
        0.002005774062126875,
        0.9899615049362183,
        1.93376886844635
    ],
    [
        0.9881048798561096,
        -0.016517629846930504,
        0.1528915911912918,
        0.02321464940905571,
        0.016729727387428284,
        0.9998599886894226,
        -0.00010077045590151101,
        -0.41846051812171936,
        -0.15286853909492493,
        0.002657401142641902,
        0.988243043422699,
        2.03364634513855
    ],
    [
        0.9856534600257874,
        -0.017168786376714706,
        0.16790656745433807,
        0.03624187782406807,
        0.017406463623046875,
        0.9998485445976257,
        5.6268778280355036e-05,
        -0.44782525300979614,
        -0.16788209974765778,
        0.002867197385057807,
        0.9858028888702393,
        2.164135217666626
    ],
    [
        0.9829103350639343,
        -0.01890895888209343,
        0.1831115037202835,
        0.04388601332902908,
        0.018903642892837524,
        0.9998196959495544,
        0.001774678472429514,
        -0.46972930431365967,
        -0.18311205506324768,
        0.0017171234358102083,
        0.9830905199050903,
        2.275351047515869
    ],
    [
        0.9784899353981018,
        -0.021238306537270546,
        0.20519831776618958,
        0.045747846364974976,
        0.021170416846871376,
        0.9997726678848267,
        0.002526526805013418,
        -0.5069388151168823,
        -0.20520532131195068,
        0.001871957560069859,
        0.9787170886993408,
        2.4179530143737793
    ],
    [
        0.974169135093689,
        -0.022981010377407074,
        0.22464726865291595,
        0.04642114415764809,
        0.02278207801282406,
        0.9997344613075256,
        0.0034779494162648916,
        -0.5361311435699463,
        -0.2246675342321396,
        0.0017298193415626884,
        0.9744338989257812,
        2.5250449180603027
    ],
    [
        0.9671329855918884,
        -0.02551741525530815,
        0.2529873847961426,
        0.05663879215717316,
        0.025405321270227432,
        0.9996704459190369,
        0.0037103688810020685,
        -0.5657055974006653,
        -0.2529986798763275,
        0.0028388008940964937,
        0.967462420463562,
        2.6499531269073486
    ],
    [
        0.9605275392532349,
        -0.028576327487826347,
        0.2767133116722107,
        0.07159914821386337,
        0.028668273240327835,
        0.999582052230835,
        0.003714019898325205,
        -0.58915776014328,
        -0.276703804731369,
        0.0043654777109622955,
        0.9609453678131104,
        2.7524447441101074
    ],
    [
        0.9515571594238281,
        -0.03254210203886032,
        0.30574485659599304,
        0.09887068718671799,
        0.031978387385606766,
        0.9994651079177856,
        0.006853536702692509,
        -0.6111950874328613,
        -0.3058042824268341,
        0.003255691844969988,
        0.9520889520645142,
        2.8841500282287598
    ],
    [
        0.9442017078399658,
        -0.03484973683953285,
        0.32751888036727905,
        0.1266012340784073,
        0.034474220126867294,
        0.9993813037872314,
        0.00695398123934865,
        -0.6377179026603699,
        -0.32755857706069946,
        0.004724999889731407,
        0.9448190331459045,
        2.996220827102661
    ],
    [
        0.9354056119918823,
        -0.03770020231604576,
        0.3515607416629791,
        0.15993158519268036,
        0.0373103953897953,
        0.9992726445198059,
        0.007886313833296299,
        -0.6764888167381287,
        -0.3516024351119995,
        0.005739939399063587,
        0.9361318349838257,
        3.131047010421753
    ],
    [
        0.9271877408027649,
        -0.03968080133199692,
        0.372489333152771,
        0.18916556239128113,
        0.039061687886714935,
        0.9991943836212158,
        0.009211939759552479,
        -0.7004631757736206,
        -0.37255480885505676,
        0.006008845753967762,
        0.927990734577179,
        3.2290966510772705
    ],
    [
        0.9156818389892578,
        -0.042973995208740234,
        0.3995998799800873,
        0.22616355121135712,
        0.0421675443649292,
        0.9990519881248474,
        0.010813863016664982,
        -0.7238886952400208,
        -0.39968568086624146,
        0.006948104128241539,
        0.9166258573532104,
        3.3497231006622314
    ],
    [
        0.9047385454177856,
        -0.046413976699113846,
        0.4234308898448944,
        0.2559514343738556,
        0.044781263917684555,
        0.9989013671875,
        0.013810278847813606,
        -0.7336826920509338,
        -0.4236069917678833,
        0.006467057392001152,
        0.9058230519294739,
        3.4533989429473877
    ],
    [
        0.887259840965271,
        -0.04912399500608444,
        0.45864665508270264,
        0.28855717182159424,
        0.04781745374202728,
        0.9987512826919556,
        0.014468936249613762,
        -0.7481814622879028,
        -0.45878472924232483,
        0.00909359659999609,
        0.8885008692741394,
        3.591949701309204
    ]
]