[
    [
        0.9998709559440613,
        0.015838636085391045,
        0.0026977183297276497,
        0.000568711431697011,
        -0.015901394188404083,
        0.9995585680007935,
        0.02509487234055996,
        -0.01613629050552845,
        -0.002299058949574828,
        -0.025134528055787086,
        0.9996814727783203,
        0.4783250689506531
    ],
    [
        0.9999098777770996,
        0.011617904528975487,
        0.00673719821497798,
        -0.004701610654592514,
        -0.01180326845496893,
        0.9995337128639221,
        0.028159305453300476,
        -0.015111097134649754,
        -0.006406904198229313,
        -0.028236286714673042,
        0.9995808005332947,
        0.6520615816116333
    ],
    [
        0.9997844696044922,
        0.001036928384564817,
        0.020730065181851387,
        0.005419423803687096,
        -0.001685253344476223,
        0.9995092153549194,
        0.03128163516521454,
        -0.00925479643046856,
        -0.02068745344877243,
        -0.031309835612773895,
        0.9992955923080444,
        0.8819041848182678
    ],
    [
        0.9991495013237,
        -0.014256852678954601,
        0.03869384527206421,
        0.038132067769765854,
        0.01284895371645689,
        0.9992549419403076,
        0.03639351204037666,
        0.005968984216451645,
        -0.03918387368321419,
        -0.035865381360054016,
        0.9985882043838501,
        1.1710748672485352
    ],
    [
        0.9985527396202087,
        -0.02838241308927536,
        0.04568189010024071,
        0.10113292932510376,
        0.026952872052788734,
        0.9991368055343628,
        0.031610991805791855,
        0.04147283732891083,
        -0.04653964936733246,
        -0.03033398650586605,
        0.9984557628631592,
        1.4699472188949585
    ],
    [
        0.9978991746902466,
        -0.0310017429292202,
        0.056886885315179825,
        0.1445421278476715,
        0.030180295929312706,
        0.9994282126426697,
        0.01524293515831232,
        0.07182972133159637,
        -0.05732690915465355,
        -0.01349405013024807,
        0.9982641935348511,
        1.7392469644546509
    ],
    [
        0.9975025057792664,
        -0.019534673541784286,
        0.06787605583667755,
        0.14178742468357086,
        0.019396737217903137,
        0.9998082518577576,
        0.00269069685600698,
        0.09749224781990051,
        -0.06791559606790543,
        -0.0013674021465703845,
        0.9976902008056641,
        2.0386269092559814
    ],
    [
        0.9966931939125061,
        -0.002161601558327675,
        0.0812293216586113,
        0.13148432970046997,
        0.002260159235447645,
        0.9999967217445374,
        -0.0011213942198082805,
        0.0992550253868103,
        -0.081226646900177,
        0.001301275915466249,
        0.996694803237915,
        2.376018762588501
    ],
    [
        0.9945815801620483,
        0.01417704951018095,
        0.10298793017864227,
        0.12849120795726776,
        -0.013593262061476707,
        0.9998873472213745,
        -0.006368162576109171,
        0.07247911393642426,
        -0.10306661576032639,
        0.004933715797960758,
        0.9946622848510742,
        2.6721954345703125
    ],
    [
        0.9901238679885864,
        0.020594095811247826,
        0.13867442309856415,
        0.14612075686454773,
        -0.020686864852905273,
        0.9997857213020325,
        -0.0007724699098616838,
        0.06504611670970917,
        -0.13866062462329865,
        -0.0021038975100964308,
        0.9903377294540405,
        2.9894590377807617
    ],
    [
        0.982718288898468,
        0.017069967463612556,
        0.18431879580020905,
        0.1797468364238739,
        -0.02011323906481266,
        0.9996902942657471,
        0.014653779566287994,
        0.06393944472074509,
        -0.1840115785598755,
        -0.018107784911990166,
        0.9827572107315063,
        3.339658737182617
    ],
    [
        0.9702361226081848,
        0.006835931912064552,
        0.24206410348415375,
        0.21108397841453552,
        -0.01403582002967596,
        0.9995085000991821,
        0.028031783178448677,
        0.07932427525520325,
        -0.241753488779068,
        -0.030595015734434128,
        0.9698551893234253,
        3.683093309402466
    ],
    [
        0.9484469890594482,
        -0.0060596470721066,
        0.31687790155410767,
        0.22926275432109833,
        -0.00794199574738741,
        0.9990488290786743,
        0.0428759902715683,
        0.07432856410741806,
        -0.31683599948883057,
        -0.043182242661714554,
        0.9474968314170837,
        4.067893028259277
    ],
    [
        0.9222277402877808,
        -0.022001244127750397,
        0.3860207200050354,
        0.2702573239803314,
        0.004963356535881758,
        0.9989711046218872,
        0.04507860913872719,
        0.051278866827487946,
        -0.38661521673202515,
        -0.03965679183602333,
        0.9213882684707642,
        4.424442291259766
    ],
    [
        0.8982313275337219,
        -0.03448615223169327,
        0.4381679594516754,
        0.34301814436912537,
        0.018026078119874,
        0.9989686608314514,
        0.04167122393846512,
        0.0008023445843718946,
        -0.4391530454158783,
        -0.029531946405768394,
        0.8979265689849854,
        4.81193733215332
    ],
    [
        0.8755695819854736,
        -0.048221100121736526,
        0.480679452419281,
        0.46697530150413513,
        0.03703853487968445,
        0.9987777471542358,
        0.03272939845919609,
        -0.06516257673501968,
        -0.4816701412200928,
        -0.010853210464119911,
        0.8762853741645813,
        5.1929731369018555
    ],
    [
        0.8482363224029541,
        -0.054595958441495895,
        0.5267964005470276,
        0.6334320902824402,
        0.04824676364660263,
        0.9985023140907288,
        0.025796571746468544,
        -0.11344332247972488,
        -0.5274157524108887,
        0.003534640884026885,
        0.8495999574661255,
        5.577475070953369
    ],
    [
        0.8167117834091187,
        -0.04996423423290253,
        0.5748787522315979,
        0.8046525120735168,
        0.05093510076403618,
        0.9985977411270142,
        0.014428922906517982,
        -0.1540563404560089,
        -0.5747935175895691,
        0.0174972265958786,
        0.8181114196777344,
        5.919106483459473
    ],
    [
        0.7739170789718628,
        -0.048010192811489105,
        0.6314645409584045,
        1.0319548845291138,
        0.05190211161971092,
        0.998576283454895,
        0.012310934253036976,
        -0.15937261283397675,
        -0.6311565041542053,
        0.02324669435620308,
        0.7753071188926697,
        6.223701477050781
    ],
    [
        0.7199060320854187,
        -0.0554712638258934,
        0.6918513774871826,
        1.3558486700057983,
        0.05290831997990608,
        0.998286783695221,
        0.024986879900097847,
        -0.14541935920715332,
        -0.6920520067214966,
        0.018616488203406334,
        0.7216073274612427,
        6.524652481079102
    ],
    [
        0.6598284244537354,
        -0.05701664835214615,
        0.749250054359436,
        1.6727160215377808,
        0.04721340909600258,
        0.9982925653457642,
        0.034389790147542953,
        -0.11248781532049179,
        -0.7499316334724426,
        0.012683284468948841,
        0.6613938808441162,
        6.794604301452637
    ],
    [
        0.5886397957801819,
        -0.051437947899103165,
        0.806757390499115,
        1.9909566640853882,
        0.03370900824666023,
        0.9986674189567566,
        0.03907858580350876,
        -0.08436454087495804,
        -0.8076922297477722,
        0.004191776737570763,
        0.5895893573760986,
        7.040042400360107
    ],
    [
        0.5006390810012817,
        -0.04225534200668335,
        0.8646242618560791,
        2.3258485794067383,
        0.02679087035357952,
        0.9990858435630798,
        0.03331407159566879,
        -0.07283096015453339,
        -0.8652414083480835,
        0.006485707126557827,
        0.501313328742981,
        7.2170515060424805
    ],
    [
        0.3935096263885498,
        -0.03318836912512779,
        0.9187211990356445,
        2.683061122894287,
        0.028533941134810448,
        0.9993076324462891,
        0.023877760395407677,
        -0.043351463973522186,
        -0.9188775420188904,
        0.016818607226014137,
        0.3941841423511505,
        7.307546138763428
    ],
    [
        0.2800721228122711,
        -0.02762812376022339,
        0.959581196308136,
        3.045647621154785,
        0.039638448506593704,
        0.9990660548210144,
        0.017195727676153183,
        -0.03466394916176796,
        -0.9591602087020874,
        0.03322027251124382,
        0.28090575337409973,
        7.3177008628845215
    ]
]