[
    [
        -0.009518710896372795,
        -0.026665233075618744,
        0.9995990991592407,
        2.248978614807129,
        0.09101416170597076,
        0.9954719543457031,
        0.027421822771430016,
        3.6419668197631836,
        -0.9958040118217468,
        0.09123869985342026,
        -0.0070486911572515965,
        -16.781597137451172
    ],
    [
        -0.01380636915564537,
        -0.026694124564528465,
        0.9995483756065369,
        2.2930943965911865,
        0.09116838872432709,
        0.9954460859298706,
        0.027843844145536423,
        3.6385817527770996,
        -0.9957398176193237,
        0.09151162952184677,
        -0.011309830471873283,
        -16.772613525390625
    ],
    [
        -0.01764512248337269,
        -0.026393136009573936,
        0.9994958639144897,
        2.337719440460205,
        0.09120484441518784,
        0.9954413771629333,
        0.027896203100681305,
        3.6354899406433105,
        -0.9956759214401245,
        0.0916510745882988,
        -0.015157503075897694,
        -16.765501022338867
    ],
    [
        -0.02118372544646263,
        -0.02604318968951702,
        0.9994363188743591,
        2.3826406002044678,
        0.09109631925821304,
        0.9954519867897034,
        0.027870213612914085,
        3.630706548690796,
        -0.9956167340278625,
        0.09163538366556168,
        -0.018714938312768936,
        -16.758874893188477
    ],
    [
        -0.02479979582130909,
        -0.025240492075681686,
        0.9993738532066345,
        2.429438352584839,
        0.0909256711602211,
        0.9954807162284851,
        0.027398521080613136,
        3.6286561489105225,
        -0.9955488443374634,
        0.09154821932315826,
        -0.02239270508289337,
        -16.75554656982422
    ],
    [
        -0.029155781492590904,
        -0.025191890075802803,
        0.9992573857307434,
        2.4710912704467773,
        0.09128360450267792,
        0.9954379796981812,
        0.027759023010730743,
        3.6214897632598877,
        -0.9953980445861816,
        0.09202513843774796,
        -0.026723166927695274,
        -16.74629783630371
    ],
    [
        -0.03541910648345947,
        -0.02507999911904335,
        0.9990577101707458,
        2.5303101539611816,
        0.09211961925029755,
        0.9953470230102539,
        0.028252718970179558,
        3.6136412620544434,
        -0.995117723941803,
        0.09303349256515503,
        -0.03294391930103302,
        -16.734468460083008
    ],
    [
        -0.03825296834111214,
        -0.02546851895749569,
        0.9989433884620667,
        2.569345474243164,
        0.09183438867330551,
        0.9953550100326538,
        0.02889367938041687,
        3.6103975772857666,
        -0.9950392842292786,
        0.09284263104200363,
        -0.035736411809921265,
        -16.728591918945312
    ],
    [
        -0.04133810102939606,
        -0.024789264425635338,
        0.9988376498222351,
        2.6090826988220215,
        0.09196420758962631,
        0.9953542351722717,
        0.028508856892585754,
        3.6076600551605225,
        -0.9949039220809937,
        0.09303580224514008,
        -0.038866326212882996,
        -16.722915649414062
    ],
    [
        -0.044419851154088974,
        -0.024026382714509964,
        0.9987240433692932,
        2.6454126834869385,
        0.0922430083155632,
        0.995341420173645,
        0.02804766409099102,
        3.6026787757873535,
        -0.9947452545166016,
        0.09337118268013,
        -0.04199665039777756,
        -16.71536636352539
    ],
    [
        -0.0479055754840374,
        -0.024196775630116463,
        0.998558759689331,
        2.684035301208496,
        0.09266077727079391,
        0.9952879548072815,
        0.028562897816300392,
        3.6006693840026855,
        -0.9945446848869324,
        0.0938955694437027,
        -0.045437756925821304,
        -16.705671310424805
    ],
    [
        -0.050685495138168335,
        -0.024227475747466087,
        0.9984207153320312,
        2.7265570163726807,
        0.09343355149030685,
        0.9952062368392944,
        0.02889268845319748,
        3.6003406047821045,
        -0.9943345189094543,
        0.09475044161081314,
        -0.04817885905504227,
        -16.698030471801758
    ],
    [
        -0.0557665154337883,
        -0.02365666627883911,
        0.9981635808944702,
        2.792567253112793,
        0.09409596771001816,
        0.9951452016830444,
        0.028842192143201828,
        3.5986807346343994,
        -0.9939999580383301,
        0.09553161263465881,
        -0.05326974764466286,
        -16.682552337646484
    ],
    [
        -0.06023053824901581,
        -0.02307027392089367,
        0.9979178309440613,
        2.8342807292938232,
        0.09413134306669235,
        0.9951463341712952,
        0.02868761122226715,
        3.598029375076294,
        -0.9937361478805542,
        0.09566320478916168,
        -0.05776655301451683,
        -16.66880989074707
    ],
    [
        -0.06486305594444275,
        -0.02353370003402233,
        0.9976166486740112,
        2.881549119949341,
        0.0940859243273735,
        0.9951242208480835,
        0.029592184349894524,
        3.5955727100372314,
        -0.993448793888092,
        0.095781110227108,
        -0.06233259662985802,
        -16.6532039642334
    ],
    [
        -0.07032535970211029,
        -0.023284532129764557,
        0.9972522854804993,
        2.9319212436676025,
        0.09502634406089783,
        0.9950246214866638,
        0.029933691024780273,
        3.5932228565216064,
        -0.9929876327514648,
        0.09687033295631409,
        -0.0677628219127655,
        -16.636188507080078
    ],
    [
        -0.07720747590065002,
        -0.021839002147316933,
        0.9967758655548096,
        2.9777562618255615,
        0.09471940994262695,
        0.9950775504112244,
        0.029138492420315742,
        3.5920333862304688,
        -0.9925055503845215,
        0.0966637134552002,
        -0.0747588500380516,
        -16.61594009399414
    ],
    [
        -0.08329503983259201,
        -0.02322828583419323,
        0.9962541460990906,
        3.0225467681884766,
        0.0920707955956459,
        0.9952728152275085,
        0.030903277918696404,
        3.588827133178711,
        -0.9922625422477722,
        0.09429999440908432,
        -0.08076262474060059,
        -16.59515953063965
    ],
    [
        -0.0937541127204895,
        -0.023700885474681854,
        0.995313286781311,
        3.0900003910064697,
        0.08929949253797531,
        0.9954869151115417,
        0.032116636633872986,
        3.584749221801758,
        -0.9915825128555298,
        0.09189204126596451,
        -0.09121450036764145,
        -16.566246032714844
    ],
    [
        -0.10091102868318558,
        -0.02350068837404251,
        0.9946179389953613,
        3.1324667930603027,
        0.08729418367147446,
        0.9956561923027039,
        0.03238183632493019,
        3.579699993133545,
        -0.9910582900047302,
        0.09009204804897308,
        -0.09842121601104736,
        -16.54852867126465
    ],
    [
        -0.10738438367843628,
        -0.021940840408205986,
        0.9939754009246826,
        3.1725897789001465,
        0.08574089407920837,
        0.9958273768424988,
        0.031244762241840363,
        3.5778377056121826,
        -0.9905135631561279,
        0.08857952058315277,
        -0.10505510866641998,
        -16.533214569091797
    ],
    [
        -0.11491071432828903,
        -0.02121702767908573,
        0.9931492805480957,
        3.211564540863037,
        0.08607164770364761,
        0.9957993030548096,
        0.031232422217726707,
        3.57407283782959,
        -0.9896398782730103,
        0.08907090872526169,
        -0.11260179430246353,
        -16.516651153564453
    ],
    [
        -0.121749147772789,
        -0.02326834946870804,
        0.9922881722450256,
        3.252901077270508,
        0.08686904609203339,
        0.9956392049789429,
        0.034005358815193176,
        3.5667014122009277,
        -0.9887522459030151,
        0.09033922851085663,
        -0.11919691413640976,
        -16.500818252563477
    ],
    [
        -0.127445787191391,
        -0.023115912452340126,
        0.9915761351585388,
        3.294912576675415,
        0.08638839423656464,
        0.99567049741745,
        0.034314729273319244,
        3.5630106925964355,
        -0.9880761504173279,
        0.09003394842147827,
        -0.12489704042673111,
        -16.485177993774414
    ],
    [
        -0.13580425083637238,
        -0.02017258293926716,
        0.9905303716659546,
        3.357053756713867,
        0.0869392603635788,
        0.9956931471824646,
        0.03219732642173767,
        3.562040090560913,
        -0.9869136810302734,
        0.09048851579427719,
        -0.13346557319164276,
        -16.462610244750977
    ]
]