[
    [
        0.9999719262123108,
        0.005513266194611788,
        0.005067408550530672,
        -0.008129861205816269,
        -0.004925055429339409,
        0.993969738483429,
        -0.10954401642084122,
        -0.05210709944367409,
        -0.005640796385705471,
        0.10951598733663559,
        0.9939689636230469,
        -0.03156741335988045
    ],
    [
        0.9999687671661377,
        0.005837803240865469,
        0.005330571439117193,
        -0.008057289756834507,
        -0.005198897793889046,
        0.9935957193374634,
        -0.11287364363670349,
        -0.053537800908088684,
        -0.005955367814749479,
        0.11284240335226059,
        0.9935950636863708,
        -0.03264326602220535
    ],
    [
        0.9999671578407288,
        0.005894032772630453,
        0.00556840468198061,
        -0.00786976981908083,
        -0.005208116490393877,
        0.9932303428649902,
        -0.11604522913694382,
        -0.05526833236217499,
        -0.006214682944118977,
        0.11601240187883377,
        0.9932283759117126,
        -0.03377152606844902
    ],
    [
        0.9999625086784363,
        0.00613891426473856,
        0.006113785784691572,
        -0.007728560362011194,
        -0.005343737080693245,
        0.992452085018158,
        -0.12251679599285126,
        -0.05830001085996628,
        -0.0068197594955563545,
        0.12247952818870544,
        0.9924476146697998,
        -0.036129385232925415
    ],
    [
        0.9999589920043945,
        0.006350360345095396,
        0.00645814836025238,
        -0.007670973893254995,
        -0.005487730260938406,
        0.992042601108551,
        -0.12578260898590088,
        -0.059795081615448,
        -0.0072055235505104065,
        0.12574200332164764,
        0.9920367002487183,
        -0.03712664917111397
    ],
    [
        0.9999541640281677,
        0.006763680372387171,
        0.006781683769077063,
        -0.00670482125133276,
        -0.005808620247989893,
        0.991218090057373,
        -0.13211001455783844,
        -0.06287863105535507,
        -0.007615676149725914,
        0.1320645809173584,
        0.9912118315696716,
        -0.039559803903102875
    ],
    [
        0.9999508857727051,
        0.007059365976601839,
        0.00695475609973073,
        -0.006409873720258474,
        -0.006054362747818232,
        0.9907986521720886,
        -0.13520891964435577,
        -0.06424504518508911,
        -0.007845251820981503,
        0.1351601779460907,
        0.9907926917076111,
        -0.04087558761239052
    ],
    [
        0.999945878982544,
        0.0075164297595620155,
        0.007195532321929932,
        -0.005115814972668886,
        -0.006423326674848795,
        0.9899261593818665,
        -0.14143916964530945,
        -0.06702926754951477,
        -0.008186162449419498,
        0.1413853019475937,
        0.9899208545684814,
        -0.04322320967912674
    ],
    [
        0.9999446272850037,
        0.00766653660684824,
        0.00721008749678731,
        -0.004189163912087679,
        -0.006544091273099184,
        0.9894775152206421,
        -0.14453871548175812,
        -0.06844770908355713,
        -0.008242330513894558,
        0.1444835066795349,
        0.9894729256629944,
        -0.04459114745259285
    ],
    [
        0.9999401569366455,
        0.008015775121748447,
        0.007443702779710293,
        -0.0029626803006976843,
        -0.006803079508244991,
        0.9885631203651428,
        -0.1506544053554535,
        -0.0710940882563591,
        -0.008566181175410748,
        0.15059475600719452,
        0.9885585308074951,
        -0.04660574346780777
    ],
    [
        0.9999387264251709,
        0.00818097498267889,
        0.007457194849848747,
        -0.002056845696642995,
        -0.00693910988047719,
        0.9881162047386169,
        -0.15355220437049866,
        -0.07279656827449799,
        -0.008624781854450703,
        0.1534910500049591,
        0.9881123900413513,
        -0.04781143367290497
    ],
    [
        0.9999299645423889,
        0.008909390307962894,
        0.007803854066878557,
        -0.001616710564121604,
        -0.007549818139523268,
        0.9871503710746765,
        -0.15961582958698273,
        -0.0751621425151825,
        -0.009125656448304653,
        0.15954570472240448,
        0.9871483445167542,
        -0.049515511840581894
    ],
    [
        0.9999287128448486,
        0.009053587913513184,
        0.00778160197660327,
        -0.000632520648650825,
        -0.007668506819754839,
        0.9866696000099182,
        -0.16255518794059753,
        -0.07647243142127991,
        -0.009149579331278801,
        0.16248393058776855,
        0.9866687059402466,
        -0.05087514966726303
    ],
    [
        0.9999255537986755,
        0.009220411069691181,
        0.00799491722136736,
        -0.000613075157161802,
        -0.007769891060888767,
        0.9861702919006348,
        -0.1655530333518982,
        -0.07777031511068344,
        -0.009410816244781017,
        0.16547857224941254,
        0.9861685633659363,
        -0.051602497696876526
    ],
    [
        0.9999195337295532,
        0.009696992114186287,
        0.008186183869838715,
        6.928134098416194e-05,
        -0.008149974048137665,
        0.9851547479629517,
        -0.17147451639175415,
        -0.08017188310623169,
        -0.009727446362376213,
        0.1713939905166626,
        0.9851545691490173,
        -0.05328814312815666
    ],
    [
        0.9999168515205383,
        0.009954800829291344,
        0.008200976066291332,
        0.0005257265875115991,
        -0.008373611606657505,
        0.984661877155304,
        -0.17427188158035278,
        -0.08146695792675018,
        -0.00981003139168024,
        0.17418870329856873,
        0.9846634864807129,
        -0.053852081298828125
    ],
    [
        0.9999122619628906,
        0.010187063366174698,
        0.008466187864542007,
        0.0003430661163292825,
        -0.008497467264533043,
        0.9836358428001404,
        -0.17996758222579956,
        -0.08418796211481094,
        -0.010160988196730614,
        0.17987985908985138,
        0.9836360812187195,
        -0.055283449590206146
    ],
    [
        0.9999105930328369,
        0.0103757968172431,
        0.008433016948401928,
        0.0004744024481624365,
        -0.008661678992211819,
        0.9831458330154419,
        -0.18261750042438507,
        -0.08554578572511673,
        -0.01018568780273199,
        0.18252813816070557,
        0.9831478595733643,
        -0.055862557142972946
    ],
    [
        0.9999068379402161,
        0.01078276801854372,
        0.008374275639653206,
        0.0010783986654132605,
        -0.009016596712172031,
        0.982128918170929,
        -0.1879936009645462,
        -0.08829544484615326,
        -0.010251709260046482,
        0.187900573015213,
        0.9821345806121826,
        -0.056733205914497375
    ],
    [
        0.9999024868011475,
        0.011006098240613937,
        0.008593859151005745,
        0.0004498262132983655,
        -0.009167587384581566,
        0.9816398620605469,
        -0.19052331149578094,
        -0.08995122462511063,
        -0.010532993823289871,
        0.19042594730854034,
        0.9816451072692871,
        -0.05682676285505295
    ],
    [
        0.9999053478240967,
        0.010751812718808651,
        0.008583287708461285,
        0.0004937145859003067,
        -0.008866384625434875,
        0.9806573987007141,
        -0.19553114473819733,
        -0.09280341118574142,
        -0.010519578121602535,
        0.1954365372657776,
        0.9806599020957947,
        -0.057415734976530075
    ],
    [
        0.9999064803123474,
        0.01063455455005169,
        0.008599762804806232,
        8.074875950114802e-05,
        -0.008722804486751556,
        0.9801847338676453,
        -0.19789373874664307,
        -0.09437105804681778,
        -0.010533866472542286,
        0.19780020415782928,
        0.9801857471466064,
        -0.057640910148620605
    ],
    [
        0.9999098181724548,
        0.010366166010499,
        0.008538875728845596,
        -0.00035228845081292093,
        -0.008421073667705059,
        0.9792152047157288,
        -0.20264889299869537,
        -0.09746299684047699,
        -0.010462088510394096,
        0.2025587111711502,
        0.9792141914367676,
        -0.058199040591716766
    ],
    [
        0.9999119639396667,
        0.010274245403707027,
        0.00839895661920309,
        -0.0002340868959436193,
        -0.008335482329130173,
        0.9787434339523315,
        -0.2049187868833542,
        -0.09891615062952042,
        -0.010325809009373188,
        0.20483072102069855,
        0.9787429571151733,
        -0.05851324647665024
    ],
    [
        0.9999088644981384,
        0.010587572120130062,
        0.008380482904613018,
        -0.0011392571032047272,
        -0.008593829348683357,
        0.9777011871337891,
        -0.20982512831687927,
        -0.10224322974681854,
        -0.010415147058665752,
        0.2097339630126953,
        0.9777029156684875,
        -0.05883156135678291
    ]
]