[
    [
        0.9811094999313354,
        0.012557671405375004,
        -0.19304515421390533,
        -0.24341082572937012,
        -0.01248225849121809,
        0.9999207854270935,
        0.001606957521289587,
        0.0009287649882026017,
        0.1930500566959381,
        0.0008330375421792269,
        0.9811885952949524,
        0.20228946208953857
    ],
    [
        0.9623172283172607,
        0.021813536062836647,
        -0.27105289697647095,
        -0.3670734465122223,
        -0.02155177854001522,
        0.9997599124908447,
        0.00394258601590991,
        -0.0008653686963953078,
        0.2710738480091095,
        0.002047654241323471,
        0.9625564217567444,
        0.29547473788261414
    ],
    [
        0.9363998174667358,
        0.03076091967523098,
        -0.34958416223526,
        -0.501436173915863,
        -0.029349975287914276,
        0.9995256662368774,
        0.009333989582955837,
        -0.011929606087505817,
        0.3497055172920227,
        0.001519939280115068,
        0.9368584156036377,
        0.4367683529853821
    ],
    [
        0.9068705439567566,
        0.034727390855550766,
        -0.4199760854244232,
        -0.6528170704841614,
        -0.0329386368393898,
        0.9993910193443298,
        0.011512943543493748,
        -0.023149399086833,
        0.42012014985084534,
        0.003392691258341074,
        0.9074621200561523,
        0.5791704058647156
    ],
    [
        0.8740532398223877,
        0.03868098184466362,
        -0.4842878580093384,
        -0.8658387660980225,
        -0.034013550728559494,
        0.9992514848709106,
        0.018423698842525482,
        -0.024525189772248268,
        0.4846380352973938,
        0.0003690568555612117,
        0.874714732170105,
        0.738726019859314
    ],
    [
        0.8379241228103638,
        0.03565654531121254,
        -0.5446207523345947,
        -1.1221650838851929,
        -0.02571295015513897,
        0.9993345737457275,
        0.025866296142339706,
        -0.02750013768672943,
        0.5451807379722595,
        -0.007670185528695583,
        0.8382834792137146,
        0.9123350977897644
    ],
    [
        0.7978364825248718,
        0.03276755288243294,
        -0.6019827723503113,
        -1.4103392362594604,
        -0.017040595412254333,
        0.9993486404418945,
        0.031812530010938644,
        -0.026636391878128052,
        0.6026331186294556,
        -0.015123048797249794,
        0.7978749871253967,
        1.1166398525238037
    ],
    [
        0.7592907547950745,
        0.037429362535476685,
        -0.6496742367744446,
        -1.7479803562164307,
        -0.015932532027363777,
        0.9991145133972168,
        0.038940735161304474,
        -0.0161755234003067,
        0.6505565047264099,
        -0.019216379150748253,
        0.7592146992683411,
        1.285141110420227
    ],
    [
        0.7265333533287048,
        0.046173095703125,
        -0.6855781078338623,
        -2.1370930671691895,
        -0.02232796885073185,
        0.9987992644309998,
        0.0436064712703228,
        -0.006358124315738678,
        0.6867683529853821,
        -0.016373993828892708,
        0.7266919612884521,
        1.4274311065673828
    ],
    [
        0.6958306431770325,
        0.04976986348628998,
        -0.7164793610572815,
        -2.518747091293335,
        -0.02357855625450611,
        0.9986413717269897,
        0.04647107794880867,
        0.014811336994171143,
        0.7178187370300293,
        -0.015442447736859322,
        0.6960588097572327,
        1.6137629747390747
    ],
    [
        0.6677258610725403,
        0.051911454647779465,
        -0.7425949573516846,
        -2.904752016067505,
        -0.02355845272541046,
        0.9985395073890686,
        0.04862012341618538,
        0.011378273367881775,
        0.7440343499183655,
        -0.014970516785979271,
        0.6679735779762268,
        1.8213932514190674
    ],
    [
        0.6465909481048584,
        0.057624198496341705,
        -0.7606573104858398,
        -3.315922737121582,
        -0.02743510715663433,
        0.9982543587684631,
        0.05230254679918289,
        0.020906493067741394,
        0.7623434066772461,
        -0.012949636206030846,
        0.6470431089401245,
        2.023127317428589
    ],
    [
        0.6277974843978882,
        0.06206699088215828,
        -0.775898277759552,
        -3.7584214210510254,
        -0.026493137702345848,
        0.9979421496391296,
        0.058392882347106934,
        0.033149853348731995,
        0.7779257297515869,
        -0.016102923080325127,
        0.6281498074531555,
        2.2569785118103027
    ],
    [
        0.6095913648605347,
        0.06588486582040787,
        -0.7899731397628784,
        -4.171782493591309,
        -0.024256382137537003,
        0.9976237416267395,
        0.06448552757501602,
        0.03455271199345589,
        0.7923446893692017,
        -0.02014792524278164,
        0.6097409129142761,
        2.507262706756592
    ],
    [
        0.5924946069717407,
        0.07646811753511429,
        -0.8019369840621948,
        -4.587635040283203,
        -0.02898125723004341,
        0.9968634247779846,
        0.07364299893379211,
        0.04834391921758652,
        0.8050529360771179,
        -0.02039194107055664,
        0.5928522944450378,
        2.739859104156494
    ],
    [
        0.5762879252433777,
        0.0851525142788887,
        -0.8127985000610352,
        -5.009521484375,
        -0.03421136364340782,
        0.9961987733840942,
        0.08010993152856827,
        0.05256292223930359,
        0.8165302872657776,
        -0.01835945062339306,
        0.577010452747345,
        2.9477460384368896
    ],
    [
        0.5605954527854919,
        0.08939430862665176,
        -0.8232506513595581,
        -5.4274492263793945,
        -0.038269057869911194,
        0.9958906769752502,
        0.08208131790161133,
        0.056485891342163086,
        0.8272050023078918,
        -0.014509391970932484,
        0.5617128014564514,
        3.1741676330566406
    ],
    [
        0.5468475222587585,
        0.0956689715385437,
        -0.8317482471466064,
        -5.852306365966797,
        -0.045873500406742096,
        0.9953814148902893,
        0.08432995527982712,
        0.06412744522094727,
        0.8359745144844055,
        -0.007960419170558453,
        0.5487104654312134,
        3.4095704555511475
    ],
    [
        0.5382557511329651,
        0.09822352230548859,
        -0.8370380997657776,
        -6.287489891052246,
        -0.048766523599624634,
        0.9951509833335876,
        0.08541830629110336,
        0.08524501323699951,
        0.8413694500923157,
        -0.005157450679689646,
        0.5404358506202698,
        3.6508870124816895
    ],
    [
        0.5311833024024963,
        0.0950007364153862,
        -0.8419139385223389,
        -6.690703868865967,
        -0.04494137316942215,
        0.9954541921615601,
        0.08397148549556732,
        0.08279800415039062,
        0.8460641503334045,
        -0.006767476908862591,
        0.5330380201339722,
        3.9048917293548584
    ],
    [
        0.5250353217124939,
        0.09271781146526337,
        -0.8460149168968201,
        -7.06357479095459,
        -0.04156897962093353,
        0.9956554174423218,
        0.08331981301307678,
        0.079037606716156,
        0.8500646948814392,
        -0.008577869273722172,
        0.526608407497406,
        4.1694464683532715
    ],
    [
        0.522634744644165,
        0.09480562061071396,
        -0.8472690582275391,
        -7.426926612854004,
        -0.03728574514389038,
        0.9953886866569519,
        0.08837997168302536,
        0.08854079246520996,
        0.8517409563064575,
        -0.0145993921905756,
        0.5237597227096558,
        4.4076032638549805
    ],
    [
        0.5234015583992004,
        0.08939389139413834,
        -0.8473839163780212,
        -7.755503177642822,
        -0.029867419973015785,
        0.9957951903343201,
        0.08660222589969635,
        0.10426747798919678,
        0.8515625596046448,
        -0.02001856453716755,
        0.5238706469535828,
        4.636294841766357
    ],
    [
        0.5293803215026855,
        0.0802246481180191,
        -0.8445830345153809,
        -8.046577453613281,
        -0.02507980912923813,
        0.9965637922286987,
        0.0789409950375557,
        0.10537302494049072,
        0.8480138778686523,
        -0.020607827231287956,
        0.5295732617378235,
        4.873294830322266
    ],
    [
        0.5513177514076233,
        0.07245952636003494,
        -0.8311428427696228,
        -8.309416770935059,
        -0.03105441853404045,
        0.9973132014274597,
        0.06634719669818878,
        0.09802941232919693,
        0.8337171077728271,
        -0.010767729952931404,
        0.5520866513252258,
        5.118349552154541
    ]
]