[
    [
        0.7593424916267395,
        -0.02460038848221302,
        0.6502259373664856,
        -0.1008172333240509,
        -0.014941493049263954,
        0.9983624219894409,
        0.05522051081061363,
        -0.07656104117631912,
        -0.650519609451294,
        -0.051646631211042404,
        0.7577313780784607,
        -0.32084909081459045
    ],
    [
        0.7127216458320618,
        -0.032395631074905396,
        0.7006985545158386,
        -0.08030344545841217,
        -0.012428739108145237,
        0.9981928467750549,
        0.058791786432266235,
        -0.07430604845285416,
        -0.7013369798660278,
        -0.0506109744310379,
        0.7110310196876526,
        -0.3474556803703308
    ],
    [
        0.6655593514442444,
        -0.03863224759697914,
        0.7453445196151733,
        -0.06224210187792778,
        -0.010966810397803783,
        0.9980453252792358,
        0.0615229606628418,
        -0.07353273034095764,
        -0.7462643980979919,
        -0.049121227115392685,
        0.6638347506523132,
        -0.37307509779930115
    ],
    [
        0.6188927292823792,
        -0.04104672744870186,
        0.7844022512435913,
        -0.045001521706581116,
        -0.011025723069906235,
        0.9980813264846802,
        0.06092755123972893,
        -0.07273942977190018,
        -0.7853981256484985,
        -0.04635621979832649,
        0.6172526478767395,
        -0.398661732673645
    ],
    [
        0.5739635229110718,
        -0.03920317068696022,
        0.8179419636726379,
        -0.03119005635380745,
        -0.013665313832461834,
        0.998255729675293,
        0.05743461102247238,
        -0.07310325652360916,
        -0.8187668323516846,
        -0.04414280503988266,
        0.5724267363548279,
        -0.4278048574924469
    ],
    [
        0.5313144326210022,
        -0.03481799364089966,
        0.8464589715003967,
        -0.01644350215792656,
        -0.017181023955345154,
        0.9985067248344421,
        0.05185665935277939,
        -0.07393646240234375,
        -0.8470004796981812,
        -0.04209522157907486,
        0.5299227833747864,
        -0.4555577039718628
    ],
    [
        0.49061575531959534,
        -0.02874927781522274,
        0.8709017038345337,
        0.0006065710331313312,
        -0.020523786544799805,
        0.9987970590591431,
        0.0445331446826458,
        -0.0739341452717781,
        -0.8711342811584473,
        -0.03972286358475685,
        0.4894355237483978,
        -0.4850243031978607
    ],
    [
        0.45250582695007324,
        -0.022637654095888138,
        0.8914740681648254,
        0.03195112571120262,
        -0.02267656847834587,
        0.9990624189376831,
        0.03688016161322594,
        -0.0730331614613533,
        -0.891473114490509,
        -0.03690406307578087,
        0.45156821608543396,
        -0.5097905397415161
    ],
    [
        0.4155052602291107,
        -0.01685648411512375,
        0.9094345569610596,
        0.07661193609237671,
        -0.024375945329666138,
        0.999262809753418,
        0.029658421874046326,
        -0.0707053542137146,
        -0.9092640280723572,
        -0.03449155390262604,
        0.41478806734085083,
        -0.5334285497665405
    ],
    [
        0.37991273403167725,
        -0.012600510381162167,
        0.9249364733695984,
        0.13464662432670593,
        -0.024690136313438416,
        0.9994128346443176,
        0.023756448179483414,
        -0.06644787639379501,
        -0.9246928691864014,
        -0.03186218440532684,
        0.3793785274028778,
        -0.5580452084541321
    ],
    [
        0.34394484758377075,
        -0.009361086413264275,
        0.9389432072639465,
        0.209710031747818,
        -0.023788858205080032,
        0.9995425343513489,
        0.018679359927773476,
        -0.059498269110918045,
        -0.9386884570121765,
        -0.028761057183146477,
        0.3435647785663605,
        -0.5703882575035095
    ],
    [
        0.3064698278903961,
        -0.007252983748912811,
        0.9518526792526245,
        0.30645227432250977,
        -0.023545565083622932,
        0.9996072053909302,
        0.015197877772152424,
        -0.05239888280630112,
        -0.9515891671180725,
        -0.02706960216164589,
        0.3061786890029907,
        -0.5715818405151367
    ],
    [
        0.2701716423034668,
        -0.008456147275865078,
        0.962774932384491,
        0.41525861620903015,
        -0.02004443109035492,
        0.9996953010559082,
        0.01440524123609066,
        -0.051809899508953094,
        -0.9626035094261169,
        -0.02319016493856907,
        0.26991981267929077,
        -0.5696974396705627
    ],
    [
        0.2367333471775055,
        -0.010252934880554676,
        0.9715206027030945,
        0.5311662554740906,
        -0.016143644228577614,
        0.9997647404670715,
        0.01448478177189827,
        -0.04999849945306778,
        -0.9714404940605164,
        -0.01911291293799877,
        0.23651215434074402,
        -0.5755174160003662
    ],
    [
        0.20482905209064484,
        -0.012769579887390137,
        0.9787145256996155,
        0.6726049184799194,
        -0.01216457411646843,
        0.9998044371604919,
        0.015590595081448555,
        -0.048650097101926804,
        -0.9787221550941467,
        -0.015099052339792252,
        0.2046336531639099,
        -0.5898165702819824
    ],
    [
        0.17330579459667206,
        -0.015638068318367004,
        0.9847438931465149,
        0.8109099268913269,
        -0.00893471110612154,
        0.9998078942298889,
        0.017449714243412018,
        -0.04890821874141693,
        -0.9848275780677795,
        -0.011822540313005447,
        0.1731327623128891,
        -0.6032059192657471
    ],
    [
        0.14264987409114838,
        -0.01657390221953392,
        0.9896344542503357,
        0.9582462906837463,
        -0.007457035128027201,
        0.9998133778572083,
        0.01781926117837429,
        -0.04730871692299843,
        -0.989745020866394,
        -0.00992165319621563,
        0.1424996554851532,
        -0.6198692917823792
    ],
    [
        0.11400792747735977,
        -0.01834091916680336,
        0.9933105111122131,
        1.1127468347549438,
        -0.005346246529370546,
        0.9998037219047546,
        0.01907443441450596,
        -0.055008888244628906,
        -0.9934654235839844,
        -0.0074851191602647305,
        0.11388751864433289,
        -0.64557945728302
    ],
    [
        0.09024455398321152,
        -0.0178807582706213,
        0.9957590699195862,
        1.2863727807998657,
        -0.007696385029703379,
        0.999796450138092,
        0.01865077205002308,
        -0.061324164271354675,
        -0.9958898425102234,
        -0.009346877224743366,
        0.09008858352899551,
        -0.6871430277824402
    ],
    [
        0.07111689448356628,
        -0.01830817200243473,
        0.9972999095916748,
        1.4766201972961426,
        -0.007905230857431889,
        0.999789834022522,
        0.01891760155558586,
        -0.07583770900964737,
        -0.9974366426467896,
        -0.009229247458279133,
        0.07095720618963242,
        -0.7385176420211792
    ],
    [
        0.0555228553712368,
        -0.014729829505085945,
        0.9983487129211426,
        1.6718106269836426,
        -0.010892209596931934,
        0.9998227953910828,
        0.015357344411313534,
        -0.08059482276439667,
        -0.998397946357727,
        -0.011726907454431057,
        0.0553525872528553,
        -0.7816529870033264
    ],
    [
        0.044665198773145676,
        -0.013316594064235687,
        0.9989132881164551,
        1.862902045249939,
        -0.011688308790326118,
        0.9998358488082886,
        0.013851520605385303,
        -0.09268379956483841,
        -0.9989336729049683,
        -0.012294288724660873,
        0.04450220987200737,
        -0.8181689977645874
    ],
    [
        0.03921903297305107,
        -0.010486576706171036,
        0.9991756081581116,
        2.0515530109405518,
        -0.015756115317344666,
        0.9998140931129456,
        0.0111117297783494,
        -0.09981614351272583,
        -0.9991064071655273,
        -0.01617891527712345,
        0.0390465222299099,
        -0.8504332900047302
    ],
    [
        0.03883769363164902,
        -0.008198207244277,
        0.9992119669914246,
        2.251586675643921,
        -0.018784508109092712,
        0.9997836351394653,
        0.008933018893003464,
        -0.10754292458295822,
        -0.9990689158439636,
        -0.019116641953587532,
        0.03867528960108757,
        -0.8785033226013184
    ],
    [
        0.0429244302213192,
        -0.0043173981830477715,
        0.9990690350532532,
        2.474144697189331,
        -0.02283640392124653,
        0.9997251629829407,
        0.005301385652273893,
        -0.10978760570287704,
        -0.9988172650337219,
        -0.023042701184749603,
        0.04281403124332428,
        -0.8889005184173584
    ]
]