[
    [
        -0.037120018154382706,
        0.036043405532836914,
        -0.9986606240272522,
        -0.48313820362091064,
        -0.17076924443244934,
        0.9844207763671875,
        0.04187692329287529,
        -0.27023938298225403,
        0.9846115112304688,
        0.17209497094154358,
        -0.030386636033654213,
        1.1196261644363403
    ],
    [
        -0.049031101167201996,
        0.03642049431800842,
        -0.9981330633163452,
        -0.4843614101409912,
        -0.17098060250282288,
        0.9842773079872131,
        0.04431396722793579,
        -0.2690909802913666,
        0.9840536117553711,
        0.17283415794372559,
        -0.04203296825289726,
        1.1132067441940308
    ],
    [
        -0.06691326946020126,
        0.03568960726261139,
        -0.9971202611923218,
        -0.479956716299057,
        -0.17238354682922363,
        0.9839182496070862,
        0.046785127371549606,
        -0.26595425605773926,
        0.9827545285224915,
        0.17501769959926605,
        -0.05968494340777397,
        1.1038601398468018
    ],
    [
        -0.08408953994512558,
        0.03500664234161377,
        -0.9958431124687195,
        -0.47608983516693115,
        -0.17369087040424347,
        0.9835683703422546,
        0.04924168810248375,
        -0.26285257935523987,
        0.9812036156654358,
        0.17710953950881958,
        -0.0766274705529213,
        1.0940734148025513
    ],
    [
        -0.10098407417535782,
        0.03386719897389412,
        -0.9943113327026367,
        -0.47211775183677673,
        -0.1748456358909607,
        0.9832611083984375,
        0.0512484610080719,
        -0.2594000995159149,
        0.9794034361839294,
        0.1790263056755066,
        -0.09337225556373596,
        1.0851417779922485
    ],
    [
        -0.11210897564888,
        0.033264126628637314,
        -0.9931389689445496,
        -0.469619482755661,
        -0.17586684226989746,
        0.9829981923103333,
        0.05277692899107933,
        -0.25736671686172485,
        0.9780094623565674,
        0.18057695031166077,
        -0.10435286164283752,
        1.078986406326294
    ],
    [
        -0.1288117915391922,
        0.03232612460851669,
        -0.9911420941352844,
        -0.46524062752723694,
        -0.1772356629371643,
        0.9826258420944214,
        0.055082447826862335,
        -0.2544723451137543,
        0.9757022857666016,
        0.18276095390319824,
        -0.12084443867206573,
        1.070089340209961
    ],
    [
        -0.14537718892097473,
        0.03151461482048035,
        -0.9888742566108704,
        -0.4613425135612488,
        -0.17799551784992218,
        0.9823514223098755,
        0.05747435614466667,
        -0.2515103816986084,
        0.9732332825660706,
        0.18437063694000244,
        -0.13720197975635529,
        1.0608996152877808
    ],
    [
        -0.1622242033481598,
        0.03053731471300125,
        -0.9862812757492065,
        -0.4566621482372284,
        -0.17902617156505585,
        0.9820220470428467,
        0.05985178425908089,
        -0.24887987971305847,
        0.9703777432441711,
        0.1862795650959015,
        -0.1538407951593399,
        1.0521876811981201
    ],
    [
        -0.17928406596183777,
        0.02919568307697773,
        -0.9833640456199646,
        -0.45339861512184143,
        -0.1802920401096344,
        0.9816562533378601,
        0.062015291303396225,
        -0.2456313818693161,
        0.9671360850334167,
        0.18841105699539185,
        -0.1707315593957901,
        1.0434385538101196
    ],
    [
        -0.19136948883533478,
        0.0284155011177063,
        -0.9811066389083862,
        -0.44895488023757935,
        -0.18025459349155426,
        0.9815624356269836,
        0.0635882094502449,
        -0.24437911808490753,
        0.964824378490448,
        0.18901781737804413,
        -0.18271909654140472,
        1.0380324125289917
    ],
    [
        -0.21003521978855133,
        0.027454305440187454,
        -0.9773082733154297,
        -0.4445051848888397,
        -0.17979642748832703,
        0.9814729690551758,
        0.06621170043945312,
        -0.24265913665294647,
        0.9610195159912109,
        0.18962332606315613,
        -0.2012077122926712,
        1.0300043821334839
    ],
    [
        -0.2284269481897354,
        0.02545836754143238,
        -0.9732280969619751,
        -0.4401155710220337,
        -0.17949016392230988,
        0.981420636177063,
        0.06780091673135757,
        -0.2394106686115265,
        0.9568721055984497,
        0.19017243385314941,
        -0.21961338818073273,
        1.0210472345352173
    ],
    [
        -0.24753394722938538,
        0.02411356382071972,
        -0.968579113483429,
        -0.4348890483379364,
        -0.17869393527507782,
        0.9814043045043945,
        0.07010060548782349,
        -0.23838791251182556,
        0.9522580504417419,
        0.19043150544166565,
        -0.23862192034721375,
        1.0128310918807983
    ],
    [
        -0.26628178358078003,
        0.021760618314146996,
        -0.9636495113372803,
        -0.4266586899757385,
        -0.1788100004196167,
        0.9812772274017334,
        0.07156860083341599,
        -0.23581799864768982,
        0.9471646547317505,
        0.19136761128902435,
        -0.25740525126457214,
        1.0029232501983643
    ],
    [
        -0.2791016101837158,
        0.019951824098825455,
        -0.9600542187690735,
        -0.41945043206214905,
        -0.17929060757160187,
        0.981120228767395,
        0.07251197099685669,
        -0.23403339087963104,
        0.9433753490447998,
        0.19236692786216736,
        -0.27025505900382996,
        0.995862603187561
    ],
    [
        -0.29878297448158264,
        0.016745297238230705,
        -0.9541741013526917,
        -0.4075363576412201,
        -0.1805543601512909,
        0.9807960391044617,
        0.07374993711709976,
        -0.23090854287147522,
        0.9370853304862976,
        0.19431553781032562,
        -0.29002174735069275,
        0.984321117401123
    ],
    [
        -0.3184410631656647,
        0.0134363928809762,
        -0.9478475451469421,
        -0.3958398997783661,
        -0.1815810352563858,
        0.9805191159248352,
        0.0749039351940155,
        -0.22728361189365387,
        0.9303889870643616,
        0.19596362113952637,
        -0.3097977340221405,
        0.9706950783729553
    ],
    [
        -0.3388727307319641,
        0.009421717375516891,
        -0.9407850503921509,
        -0.38172683119773865,
        -0.18259744346141815,
        0.9802777767181396,
        0.07558920979499817,
        -0.22244428098201752,
        0.9229428172111511,
        0.1974000632762909,
        -0.330469012260437,
        0.9558351635932922
    ],
    [
        -0.3596304953098297,
        0.005371958017349243,
        -0.9330793023109436,
        -0.36466798186302185,
        -0.18421821296215057,
        0.9798925518989563,
        0.0766434520483017,
        -0.21798667311668396,
        0.9147292375564575,
        0.19945353269577026,
        -0.3514096140861511,
        0.9391502141952515
    ],
    [
        -0.37356850504875183,
        0.002051715971902013,
        -0.9276004433631897,
        -0.35484686493873596,
        -0.18487362563610077,
        0.9797708988189697,
        0.07662047445774078,
        -0.2133645862340927,
        0.9089930653572083,
        0.20011180639266968,
        -0.36563223600387573,
        0.9271537661552429
    ],
    [
        -0.39417117834091187,
        -0.003793774638324976,
        -0.919029176235199,
        -0.34139201045036316,
        -0.1874789595603943,
        0.979295551776886,
        0.07636707276105881,
        -0.204959437251091,
        0.8997116088867188,
        0.2024003565311432,
        -0.38672131299972534,
        0.9077466130256653
    ],
    [
        -0.4122771918773651,
        -0.010302206501364708,
        -0.9110001921653748,
        -0.3274424374103546,
        -0.1927488148212433,
        0.9782876372337341,
        0.07616619020700455,
        -0.19348174333572388,
        0.8904354572296143,
        0.20699577033519745,
        -0.4053114056587219,
        0.878640353679657
    ],
    [
        -0.43112173676490784,
        -0.016174055635929108,
        -0.9021487832069397,
        -0.30992475152015686,
        -0.1961781084537506,
        0.9776012897491455,
        0.07622342556715012,
        -0.1842627376317978,
        0.8807089924812317,
        0.20984342694282532,
        -0.4246380925178528,
        0.8524923324584961
    ],
    [
        -0.44920623302459717,
        -0.02192220278084278,
        -0.8931591510772705,
        -0.285671204328537,
        -0.2004113644361496,
        0.97669517993927,
        0.07682250440120697,
        -0.17582058906555176,
        0.8706600666046143,
        0.21350838243961334,
        -0.4431310296058655,
        0.8202385306358337
    ]
]