[
    [
        0.9999932050704956,
        -0.0019771018996834755,
        0.003104457166045904,
        -0.006690485402941704,
        0.001976452535018325,
        0.9999980330467224,
        0.00021200526680331677,
        -0.07769680768251419,
        -0.003104870207607746,
        -0.00020586777827702463,
        0.999995231628418,
        0.16830776631832123
    ],
    [
        0.9999925494194031,
        -0.0020185415633022785,
        0.003306112950667739,
        -0.009040717966854572,
        0.0020187245681881905,
        0.9999979734420776,
        -5.217225771048106e-05,
        -0.08919964730739594,
        -0.0033060009591281414,
        5.8846737374551594e-05,
        0.9999945163726807,
        0.19423453509807587
    ],
    [
        0.9999910593032837,
        -0.0020860363729298115,
        0.0036773027386516333,
        -0.011512795463204384,
        0.002086542546749115,
        0.9999978542327881,
        -0.00013395135465543717,
        -0.10092775523662567,
        -0.0036770158912986517,
        0.0001416226732544601,
        0.9999933242797852,
        0.22041942179203033
    ],
    [
        0.9999898672103882,
        -0.0022475928999483585,
        0.0039167581126093864,
        -0.016158489510416985,
        0.0022475074511021376,
        0.9999974966049194,
        2.626221248647198e-05,
        -0.11571886390447617,
        -0.003916807472705841,
        -1.7458791262470186e-05,
        0.9999923706054688,
        0.2554532587528229
    ],
    [
        0.9999889135360718,
        -0.0022778769489377737,
        0.004123063292354345,
        -0.01964806579053402,
        0.0022783714812248945,
        0.9999973773956299,
        -0.00011532040662132204,
        -0.1267072856426239,
        -0.00412279088050127,
        0.00012471259105950594,
        0.9999915361404419,
        0.28172606229782104
    ],
    [
        0.9999883770942688,
        -0.002281534718349576,
        0.00425379816442728,
        -0.023727696388959885,
        0.0022822273895144463,
        0.9999973773956299,
        -0.00015821369015611708,
        -0.13726197183132172,
        -0.0042534261010587215,
        0.00016792028327472508,
        0.9999909400939941,
        0.30810028314590454
    ],
    [
        0.9999873042106628,
        -0.0024958071298897266,
        0.004386755172163248,
        -0.02939760684967041,
        0.0024955542758107185,
        0.9999969005584717,
        6.311718607321382e-05,
        -0.15149091184139252,
        -0.004386899992823601,
        -5.216880890657194e-05,
        0.9999903440475464,
        0.34324437379837036
    ],
    [
        0.9999868869781494,
        -0.002442356199026108,
        0.004517781548202038,
        -0.03364395722746849,
        0.0024418022949248552,
        0.9999970197677612,
        0.00012812622298952192,
        -0.16196668148040771,
        -0.004518081434071064,
        -0.00011709277896443382,
        0.9999897480010986,
        0.3699125647544861
    ],
    [
        0.9999861121177673,
        -0.0023805610835552216,
        0.004708685912191868,
        -0.03893259912729263,
        0.0023813103325664997,
        0.9999971389770508,
        -0.00015348929446190596,
        -0.17566394805908203,
        -0.004708307329565287,
        0.00016469971160404384,
        0.9999889135360718,
        0.40564367175102234
    ],
    [
        0.9999850988388062,
        -0.002436869777739048,
        0.004897956736385822,
        -0.04231274873018265,
        0.0024384944699704647,
        0.9999970197677612,
        -0.0003256822528783232,
        -0.18548084795475006,
        -0.0048971474170684814,
        0.0003376207605469972,
        0.9999879598617554,
        0.43259862065315247
    ],
    [
        0.9999845623970032,
        -0.0023974196519702673,
        0.005013123154640198,
        -0.04539189860224724,
        0.0023987237364053726,
        0.999997079372406,
        -0.0002540268178563565,
        -0.19565100967884064,
        -0.005012499634176493,
        0.00026604716549627483,
        0.9999873638153076,
        0.45974498987197876
    ],
    [
        0.9999842047691345,
        -0.002293485216796398,
        0.00513986311852932,
        -0.04933781921863556,
        0.002295928541570902,
        0.9999972581863403,
        -0.00046958468738012016,
        -0.20958372950553894,
        -0.005138772074133158,
        0.00048137831618078053,
        0.9999866485595703,
        0.49680617451667786
    ],
    [
        0.9999829530715942,
        -0.0022886910010129213,
        0.005375059321522713,
        -0.052174292504787445,
        0.0022920267656445503,
        0.9999971389770508,
        -0.0006145577062852681,
        -0.22015589475631714,
        -0.005373637657612562,
        0.0006268672877922654,
        0.9999854564666748,
        0.5251067280769348
    ],
    [
        0.9999809265136719,
        -0.002217300934717059,
        0.005763302091509104,
        -0.05442088097333908,
        0.0022208252921700478,
        0.9999973773956299,
        -0.0006051661912351847,
        -0.2310362458229065,
        -0.005761944688856602,
        0.0006179537740536034,
        0.9999831914901733,
        0.5539337992668152
    ],
    [
        0.9999798536300659,
        -0.002156121889129281,
        0.005982887931168079,
        -0.057374048978090286,
        0.0021598809398710728,
        0.9999974370002747,
        -0.000621903280261904,
        -0.24572540819644928,
        -0.005981531925499439,
        0.0006348128081299365,
        0.9999819993972778,
        0.5926905870437622
    ],
    [
        0.9999784231185913,
        -0.002207135781645775,
        0.0061955526471138,
        -0.05990692228078842,
        0.002211454091593623,
        0.9999973773956299,
        -0.0006902958848513663,
        -0.2569958567619324,
        -0.006194013636559248,
        0.0007039823103696108,
        0.9999805688858032,
        0.6217887997627258
    ],
    [
        0.999977171421051,
        -0.002334716496989131,
        0.006345121655613184,
        -0.062429994344711304,
        0.0023391516879200935,
        0.9999970197677612,
        -0.0006915635894984007,
        -0.27163147926330566,
        -0.006343488581478596,
        0.0007063904195092618,
        0.9999796152114868,
        0.659704327583313
    ],
    [
        0.999976634979248,
        -0.0021898429840803146,
        0.006485349498689175,
        -0.06384951621294022,
        0.00219363602809608,
        0.9999973773956299,
        -0.0005777980550192297,
        -0.2820371687412262,
        -0.0064840675331652164,
        0.0005920109106227756,
        0.99997878074646,
        0.6878994107246399
    ],
    [
        0.9999760389328003,
        -0.002144048223271966,
        0.006593781057745218,
        -0.06547671556472778,
        0.0021480766590684652,
        0.9999974966049194,
        -0.0006038205465301871,
        -0.2915849983692169,
        -0.006592470221221447,
        0.0006179694319143891,
        0.9999780654907227,
        0.7161654829978943
    ],
    [
        0.9999751448631287,
        -0.002133006229996681,
        0.006721123121678829,
        -0.06759260594844818,
        0.0021377289667725563,
        0.9999974966049194,
        -0.0006955904536880553,
        -0.30353444814682007,
        -0.006719623226672411,
        0.000709940621163696,
        0.9999772310256958,
        0.7532726526260376
    ],
    [
        0.9999744892120361,
        -0.0021233956795185804,
        0.0068205841816961765,
        -0.06888432800769806,
        0.002128179185092449,
        0.9999974966049194,
        -0.0006941093015484512,
        -0.3119893968105316,
        -0.0068190935999155045,
        0.0007086066761985421,
        0.9999765157699585,
        0.7807979583740234
    ],
    [
        0.9999738931655884,
        -0.001931226346641779,
        0.0069707161746919155,
        -0.06985686719417572,
        0.0019381730817258358,
        0.9999976754188538,
        -0.0009899555006995797,
        -0.3197116553783417,
        -0.006968789268285036,
        0.0010034405859187245,
        0.9999752044677734,
        0.8081653118133545
    ],
    [
        0.9999725222587585,
        -0.0019132766174152493,
        0.007156262639909983,
        -0.07042717933654785,
        0.0019197942456230521,
        0.9999977350234985,
        -0.0009040921577252448,
        -0.3289840519428253,
        -0.007154517341405153,
        0.0009178065811283886,
        0.9999738931655884,
        0.844447910785675
    ],
    [
        0.9999707937240601,
        -0.0019917557947337627,
        0.007387266959995031,
        -0.07058564573526382,
        0.0019981050863862038,
        0.9999977350234985,
        -0.0008522664429619908,
        -0.33354461193084717,
        -0.007385551929473877,
        0.0008670027018524706,
        0.9999723434448242,
        0.8720020055770874
    ],
    [
        0.999970018863678,
        -0.0018555008573457599,
        0.007530724164098501,
        -0.0707131028175354,
        0.001863557379692793,
        0.9999976754188538,
        -0.0010629179887473583,
        -0.3375999629497528,
        -0.00752873532474041,
        0.001076919841580093,
        0.9999710321426392,
        0.9083917140960693
    ]
]