[
    [
        0.9999983310699463,
        0.0016255793161690235,
        0.0009222044609487057,
        -0.027756258845329285,
        -0.0016284480225294828,
        0.9999938607215881,
        0.0031187310814857483,
        -0.07346632331609726,
        -0.0009171285782940686,
        -0.003120226552709937,
        0.9999947547912598,
        0.5850101113319397
    ],
    [
        0.9999976754188538,
        0.0020016650669276714,
        -0.0008278472232632339,
        -0.03741874545812607,
        -0.001998349092900753,
        0.9999900460243225,
        0.003987157717347145,
        -0.09875453263521194,
        0.0008358206832781434,
        -0.003985494375228882,
        0.9999916553497314,
        0.7380662560462952
    ],
    [
        0.9999932050704956,
        0.0023544467985630035,
        -0.002839440945535898,
        -0.0589933916926384,
        -0.0023439761716872454,
        0.9999905228614807,
        0.0036853556521236897,
        -0.11558995395898819,
        0.0028480906039476395,
        -0.003678675275295973,
        0.9999891519546509,
        0.9311859011650085
    ],
    [
        0.9999864101409912,
        0.0028520154301077127,
        -0.004364140797406435,
        -0.08578939735889435,
        -0.0028347880579531193,
        0.9999881386756897,
        0.003948646131902933,
        -0.1352749466896057,
        0.004375348798930645,
        -0.0039362236857414246,
        0.9999827146530151,
        1.0956430435180664
    ],
    [
        0.9999799132347107,
        0.00345304561778903,
        -0.005308153107762337,
        -0.11345580220222473,
        -0.0034347493201494217,
        0.9999881386756897,
        0.0034521620254963636,
        -0.16496393084526062,
        0.005320009775459766,
        -0.003433862468227744,
        0.9999799728393555,
        1.2685548067092896
    ],
    [
        0.9999730587005615,
        0.0033874267246574163,
        -0.006519844755530357,
        -0.1318245381116867,
        -0.0033645809162408113,
        0.9999881982803345,
        0.0035119170788675547,
        -0.18209579586982727,
        0.00653166463598609,
        -0.0034898847807198763,
        0.9999725818634033,
        1.4064892530441284
    ],
    [
        0.9999675154685974,
        0.0037378580309450626,
        -0.0071492926217615604,
        -0.1501968502998352,
        -0.0037143134977668524,
        0.9999876022338867,
        0.0033036861568689346,
        -0.19481627643108368,
        0.007161549758166075,
        -0.0032770265825092793,
        0.999968945980072,
        1.5847088098526
    ],
    [
        0.9999626874923706,
        0.003175906604155898,
        -0.008033131249248981,
        -0.15961596369743347,
        -0.003143927315250039,
        0.9999870657920837,
        0.0039904676377773285,
        -0.21408876776695251,
        0.008045699447393417,
        -0.003965066745877266,
        0.9999597668647766,
        1.7408859729766846
    ],
    [
        0.9999266266822815,
        0.0028552741277962923,
        -0.011781630106270313,
        -0.16283175349235535,
        -0.0028101340867578983,
        0.9999886751174927,
        0.0038461480289697647,
        -0.24177269637584686,
        0.011792476288974285,
        -0.0038127596490085125,
        0.9999232888221741,
        1.9070096015930176
    ],
    [
        0.9998912215232849,
        0.003165073925629258,
        -0.014403061009943485,
        -0.1652279645204544,
        -0.003115794388577342,
        0.9999892711639404,
        0.003442554734647274,
        -0.263288676738739,
        0.014413800090551376,
        -0.0033973045647144318,
        0.9998903274536133,
        2.043532371520996
    ],
    [
        0.9998356699943542,
        0.0037326456513255835,
        -0.017740176990628242,
        -0.17396222054958344,
        -0.0036631140392273664,
        0.9999854564666748,
        0.003950332757085562,
        -0.2737119197845459,
        0.01775466650724411,
        -0.0038847008254379034,
        0.9998348355293274,
        2.218752861022949
    ],
    [
        0.9997943639755249,
        0.0042695761658251286,
        -0.019818922504782677,
        -0.18708184361457825,
        -0.004190297797322273,
        0.9999830722808838,
        0.004039953928440809,
        -0.2848092317581177,
        0.019835833460092545,
        -0.003956077620387077,
        0.9997954964637756,
        2.379503011703491
    ],
    [
        0.9997206926345825,
        0.004820908885449171,
        -0.023137329146265984,
        -0.20219404995441437,
        -0.004712482448667288,
        0.999977707862854,
        0.004738449584692717,
        -0.30767539143562317,
        0.023159660398960114,
        -0.00462809344753623,
        0.9997211694717407,
        2.5529189109802246
    ],
    [
        0.99968022108078,
        0.00535960728302598,
        -0.024712415412068367,
        -0.21367549896240234,
        -0.005263057537376881,
        0.9999783039093018,
        0.0039703077636659145,
        -0.3226860463619232,
        0.024733155965805054,
        -0.003838974516838789,
        0.9996867179870605,
        2.7169454097747803
    ],
    [
        0.9996709227561951,
        0.005094484891742468,
        -0.025141054764389992,
        -0.2209646999835968,
        -0.005010632332414389,
        0.9999816417694092,
        0.0033970901276916265,
        -0.328782856464386,
        0.025157900527119637,
        -0.0032699990551918745,
        0.9996780753135681,
        2.8629543781280518
    ],
    [
        0.9996378421783447,
        0.005074957851320505,
        -0.026429351419210434,
        -0.22517722845077515,
        -0.004958273842930794,
        0.9999776482582092,
        0.004478632938116789,
        -0.3410622179508209,
        0.026451490819454193,
        -0.0043459669686853886,
        0.999640703201294,
        3.0536861419677734
    ],
    [
        0.9995927810668945,
        0.005298419389873743,
        -0.02803848311305046,
        -0.22510597109794617,
        -0.005164838396012783,
        0.9999749660491943,
        0.00483449874445796,
        -0.35862311720848083,
        0.028063395991921425,
        -0.004687714856117964,
        0.9995951652526855,
        3.2006633281707764
    ],
    [
        0.9994792938232422,
        0.005610581021755934,
        -0.03177487105131149,
        -0.2259540557861328,
        -0.005490795709192753,
        0.9999774694442749,
        0.0038558095693588257,
        -0.3767485022544861,
        0.03179578855633736,
        -0.0036793299950659275,
        0.9994876384735107,
        3.35964298248291
    ],
    [
        0.9992262721061707,
        0.006611763499677181,
        -0.03876935690641403,
        -0.2339187115430832,
        -0.0064716036431491375,
        0.9999720454216003,
        0.0037396096158772707,
        -0.38153016567230225,
        0.03879299387335777,
        -0.003485817229375243,
        0.999241054058075,
        3.4995603561401367
    ],
    [
        0.9985789060592651,
        0.009224804118275642,
        -0.05248885229229927,
        -0.24940574169158936,
        -0.009003239683806896,
        0.99994957447052,
        0.004456067457795143,
        -0.3834659159183502,
        0.05252730846405029,
        -0.0039771683514118195,
        0.9986116290092468,
        3.6731581687927246
    ],
    [
        0.9969465732574463,
        0.013010556809604168,
        -0.07699580490589142,
        -0.2689312696456909,
        -0.012772606685757637,
        0.9999120235443115,
        0.003582111094146967,
        -0.3939872086048126,
        0.07703563570976257,
        -0.0025877351872622967,
        0.9970250129699707,
        3.811807632446289
    ],
    [
        0.9918910264968872,
        0.019683852791786194,
        -0.12555760145187378,
        -0.29154229164123535,
        -0.019533410668373108,
        0.9998063445091248,
        0.0024293619208037853,
        -0.4040010869503021,
        0.12558110058307648,
        4.2908883187919855e-05,
        0.9920833110809326,
        3.957319498062134
    ],
    [
        0.9831963181495667,
        0.02945774421095848,
        -0.18015897274017334,
        -0.30771535634994507,
        -0.02714642323553562,
        0.9995146989822388,
        0.015281964093446732,
        -0.4022451639175415,
        0.18052171170711517,
        -0.0101344995200634,
        0.9835187196731567,
        4.079961776733398
    ],
    [
        0.9622922539710999,
        0.04656190052628517,
        -0.2680032253265381,
        -0.32790473103523254,
        -0.03924733027815819,
        0.9986979961395264,
        0.03258869796991348,
        -0.39526233077049255,
        0.26917168498039246,
        -0.020841440185904503,
        0.9628667831420898,
        4.2403035163879395
    ],
    [
        0.9230186939239502,
        0.07020952552556992,
        -0.37829479575157166,
        -0.3543633222579956,
        -0.053625136613845825,
        0.9970884323120117,
        0.05421198159456253,
        -0.4084987938404083,
        0.3809998333454132,
        -0.029752550646662712,
        0.9240963459014893,
        4.384345531463623
    ]
]