[
    [
        0.9920175671577454,
        -0.0032223572488874197,
        0.12605786323547363,
        0.21665164828300476,
        0.004298794083297253,
        0.9999565482139587,
        -0.008268123492598534,
        0.006907185539603233,
        -0.1260257512331009,
        0.008744020946323872,
        0.9919885396957397,
        0.19845391809940338
    ],
    [
        0.973082959651947,
        -0.005102872848510742,
        0.23039844632148743,
        0.24482133984565735,
        0.006971364375203848,
        0.9999491572380066,
        -0.007296507712453604,
        0.01599135808646679,
        -0.23034946620464325,
        0.008706299588084221,
        0.9730690121650696,
        0.34698715806007385
    ],
    [
        0.9367615580558777,
        -0.006057406775653362,
        0.3499157130718231,
        0.2748321294784546,
        0.009054690599441528,
        0.9999350905418396,
        -0.006930451840162277,
        0.024959569796919823,
        -0.34985095262527466,
        0.009660559706389904,
        0.9367555975914001,
        0.530309796333313
    ],
    [
        0.8866629600524902,
        -0.008203291334211826,
        0.46234357357025146,
        0.3164682388305664,
        0.012486396357417107,
        0.9999027252197266,
        -0.006204760167747736,
        0.0497836135327816,
        -0.46224772930145264,
        0.01127453614026308,
        0.8866792321205139,
        0.7000932097434998
    ],
    [
        0.8286913633346558,
        -0.009447875432670116,
        0.559626042842865,
        0.39089280366897583,
        0.015111181885004044,
        0.9998706579208374,
        -0.005496265832334757,
        0.06701207906007767,
        -0.5595017671585083,
        0.013011319562792778,
        0.8287270665168762,
        0.9056638479232788
    ],
    [
        0.7975108027458191,
        -0.010200866498053074,
        0.6032183766365051,
        0.4299285411834717,
        0.015803854912519455,
        0.9998672008514404,
        -0.003985683433711529,
        0.06472530961036682,
        -0.603097677230835,
        0.012711799703538418,
        0.7975660562515259,
        1.006520390510559
    ],
    [
        0.7647973299026489,
        -0.010890400968492031,
        0.6441788077354431,
        0.46630749106407166,
        0.01665583625435829,
        0.9998570680618286,
        -0.002871090779080987,
        0.0674515813589096,
        -0.6440555453300476,
        0.01292514055967331,
        0.7648696303367615,
        1.1129361391067505
    ],
    [
        0.731992244720459,
        -0.011488338932394981,
        0.6812160015106201,
        0.5026430487632751,
        0.017424466088414192,
        0.9998464584350586,
        -0.001861379249021411,
        0.06903881579637527,
        -0.6810900568962097,
        0.013232340104877949,
        0.7320801019668579,
        1.2297593355178833
    ],
    [
        0.6983274817466736,
        -0.011028695851564407,
        0.7156932950019836,
        0.5407986044883728,
        0.017534716054797173,
        0.9998448491096497,
        -0.001701834611594677,
        0.07383597642183304,
        -0.7155635952949524,
        0.013737917877733707,
        0.6984125971794128,
        1.3523668050765991
    ],
    [
        0.6640792489051819,
        -0.011306529864668846,
        0.7475765943527222,
        0.5804566740989685,
        0.01854964718222618,
        0.9998270869255066,
        -0.001356197870336473,
        0.07924483716487885,
        -0.7474319934844971,
        0.014767907559871674,
        0.6641741394996643,
        1.4651391506195068
    ],
    [
        0.631476879119873,
        -0.011334455572068691,
        0.7753118872642517,
        0.6307544112205505,
        0.019258994609117508,
        0.9998139142990112,
        -0.0010695874225348234,
        0.0866948664188385,
        -0.7751554846763611,
        0.015607143752276897,
        0.6315775513648987,
        1.5760632753372192
    ],
    [
        0.5995539426803589,
        -0.011285391636192799,
        0.8002548217773438,
        0.6945766806602478,
        0.019681934267282486,
        0.9998060464859009,
        -0.0006462588207796216,
        0.08625168353319168,
        -0.8000922799110413,
        0.016138024628162384,
        0.5996598601341248,
        1.6902472972869873
    ],
    [
        0.567577064037323,
        -0.011080061085522175,
        0.8232457637786865,
        0.7587153911590576,
        0.019905922934412956,
        0.9998018741607666,
        -0.0002675791038200259,
        0.08086604624986649,
        -0.8230795860290527,
        0.01653934456408024,
        0.5676851272583008,
        1.8019887208938599
    ],
    [
        0.5384403467178345,
        -0.010815151035785675,
        0.8425941467285156,
        0.8158538341522217,
        0.020285679027438164,
        0.9997941255569458,
        -0.000130195970996283,
        0.07742631435394287,
        -0.8424193263053894,
        0.01716269738972187,
        0.53854900598526,
        1.8973065614700317
    ],
    [
        0.507315993309021,
        -0.010385189205408096,
        0.8616974949836731,
        0.8834454417228699,
        0.0201368760317564,
        0.9997972846031189,
        0.00019418049487285316,
        0.07890866696834564,
        -0.861524760723114,
        0.01725337840616703,
        0.5074220895767212,
        2.008061408996582
    ],
    [
        0.47668468952178955,
        -0.009179341606795788,
        0.8790263533592224,
        0.9528840184211731,
        0.019607819616794586,
        0.9998078346252441,
        -0.00019245542353019118,
        0.08181080967187881,
        -0.8788557052612305,
        0.017327534034848213,
        0.47677308320999146,
        2.122737169265747
    ],
    [
        0.4462957978248596,
        -0.007686210796236992,
        0.8948525190353394,
        1.0204708576202393,
        0.019249141216278076,
        0.9998142123222351,
        -0.0010124840773642063,
        0.0854841023683548,
        -0.89467853307724,
        0.017677007243037224,
        0.4463609755039215,
        2.2300634384155273
    ],
    [
        0.41552916169166565,
        -0.007017237599939108,
        0.9095527529716492,
        1.0931334495544434,
        0.019629137590527534,
        0.9998065233230591,
        -0.001254022354260087,
        0.09489060938358307,
        -0.9093680381774902,
        0.018374813720583916,
        0.4155865013599396,
        2.323647975921631
    ],
    [
        0.38619816303253174,
        -0.006987389642745256,
        0.9223892688751221,
        1.1835520267486572,
        0.020437411963939667,
        0.999790608882904,
        -0.000983281759545207,
        0.10284579545259476,
        -0.9221894145011902,
        0.01923099346458912,
        0.38626018166542053,
        2.412642478942871
    ],
    [
        0.35706403851509094,
        -0.0068293786607682705,
        0.9340550303459167,
        1.2840598821640015,
        0.0210067480802536,
        0.9997790455818176,
        -0.0007203845307230949,
        0.10190737992525101,
        -0.9338436126708984,
        0.019878676161170006,
        0.35712844133377075,
        2.4978787899017334
    ],
    [
        0.3270588517189026,
        -0.007359212264418602,
        0.9449753165245056,
        1.3850748538970947,
        0.021521613001823425,
        0.9997683763504028,
        0.00033722713124006987,
        0.09484724700450897,
        -0.9447587728500366,
        0.02022709883749485,
        0.3271414339542389,
        2.5802805423736572
    ],
    [
        0.2958061695098877,
        -0.007632372435182333,
        0.9552175402641296,
        1.4872207641601562,
        0.02200137823820114,
        0.9997572898864746,
        0.001174996024928987,
        0.09427868574857712,
        -0.9549945592880249,
        0.020668530836701393,
        0.2959022521972656,
        2.657335042953491
    ],
    [
        0.2636934518814087,
        -0.008098021149635315,
        0.9645724892616272,
        1.5947264432907104,
        0.022423936054110527,
        0.9997460246086121,
        0.0022630970925092697,
        0.09554798901081085,
        -0.9643458724021912,
        0.021032746881246567,
        0.2638080418109894,
        2.73661208152771
    ],
    [
        0.2282845675945282,
        -0.008063403889536858,
        0.9735611081123352,
        1.7037086486816406,
        0.022430192679166794,
        0.9997438192367554,
        0.0030207366216927767,
        0.09035227447748184,
        -0.9733360409736633,
        0.02114756964147091,
        0.22840695083141327,
        2.8156988620758057
    ],
    [
        0.19172722101211548,
        -0.008379491046071053,
        0.9814125299453735,
        1.8174406290054321,
        0.022552605718374252,
        0.9997371435165405,
        0.004130108281970024,
        0.08758600801229477,
        -0.9811891913414001,
        0.021341560408473015,
        0.19186584651470184,
        2.8885233402252197
    ]
]