[
    [
        0.9999760985374451,
        0.0022218958474695683,
        -0.006552652455866337,
        0.031661201268434525,
        -0.00223525776527822,
        0.9999954700469971,
        -0.0020324490033090115,
        0.19246986508369446,
        0.006548106670379639,
        0.002047047484666109,
        0.9999765157699585,
        -0.44260892271995544
    ],
    [
        0.999975323677063,
        0.002481120638549328,
        -0.006574185565114021,
        0.03752926364541054,
        -0.0024934643879532814,
        0.9999951720237732,
        -0.001870002830401063,
        0.21823753416538239,
        0.00656951405107975,
        0.0018863483564928174,
        0.999976634979248,
        -0.5057586431503296
    ],
    [
        0.9999730587005615,
        0.002646861132234335,
        -0.006846599280834198,
        0.042398594319820404,
        -0.0026649609208106995,
        0.9999930262565613,
        -0.0026358680333942175,
        0.24177180230617523,
        0.006839574780315161,
        0.002654043026268482,
        0.9999730587005615,
        -0.5632826089859009
    ],
    [
        0.9999677538871765,
        0.0030802167020738125,
        -0.007424178533256054,
        0.04836798831820488,
        -0.003102289978414774,
        0.9999908208847046,
        -0.002963465638458729,
        0.2672894597053528,
        0.007414982654154301,
        0.002986402250826359,
        0.9999680519104004,
        -0.6265928149223328
    ],
    [
        0.9999638199806213,
        0.003142389003187418,
        -0.00790658500045538,
        0.05616024509072304,
        -0.00316971936263144,
        0.9999890923500061,
        -0.0034464863128960133,
        0.2973893880844116,
        0.007895668968558311,
        0.0034714231733232737,
        0.9999628067016602,
        -0.7010892629623413
    ],
    [
        0.9999589323997498,
        0.003168339841067791,
        -0.008504055440425873,
        0.06291146576404572,
        -0.003204707056283951,
        0.9999858736991882,
        -0.004266316536813974,
        0.325136661529541,
        0.008490418083965778,
        0.0042933933436870575,
        0.9999547004699707,
        -0.7700315117835999
    ],
    [
        0.9999497532844543,
        0.0033841405529528856,
        -0.00943890679627657,
        0.06969097256660461,
        -0.0034211832098662853,
        0.9999865889549255,
        -0.003911102190613747,
        0.3500294089317322,
        0.009425543248653412,
        0.003943198826164007,
        0.9999479055404663,
        -0.832484245300293
    ],
    [
        0.9999415874481201,
        0.0038688085041940212,
        -0.010097090154886246,
        0.07511976361274719,
        -0.0039136228151619434,
        0.9999826550483704,
        -0.0044223289005458355,
        0.37274324893951416,
        0.010079805739223957,
        0.00446158554404974,
        0.9999392032623291,
        -0.8888698816299438
    ],
    [
        0.9999411702156067,
        0.004018576815724373,
        -0.010084784589707851,
        0.08170118182897568,
        -0.0040665362030267715,
        0.9999805688858032,
        -0.004739689640700817,
        0.3996424973011017,
        0.010065540671348572,
        0.0047804201021790504,
        0.999937891960144,
        -0.95509272813797
    ],
    [
        0.9999343156814575,
        0.003994626458734274,
        -0.010747394524514675,
        0.08701953291893005,
        -0.004045962356030941,
        0.9999805092811584,
        -0.0047591025941073895,
        0.4235619306564331,
        0.010728176683187485,
        0.004802285227924585,
        0.9999308586120605,
        -1.014436960220337
    ],
    [
        0.9999265074729919,
        0.004022442270070314,
        -0.01143341138958931,
        0.09264370799064636,
        -0.004084187559783459,
        0.9999772310256958,
        -0.0053822738118469715,
        0.44508689641952515,
        0.01141150202602148,
        0.005428580101579428,
        0.999920129776001,
        -1.0675125122070312
    ],
    [
        0.9999169707298279,
        0.0043243044055998325,
        -0.012141005136072636,
        0.09932595491409302,
        -0.004394113551825285,
        0.9999738931655884,
        -0.0057291253469884396,
        0.4689823091030121,
        0.012115913443267345,
        0.005781999789178371,
        0.9999098777770996,
        -1.124957799911499
    ],
    [
        0.9999234080314636,
        0.00402996689081192,
        -0.011703576892614365,
        0.10679662972688675,
        -0.004104838706552982,
        0.9999712705612183,
        -0.00638048117980361,
        0.4944661259651184,
        0.01167752593755722,
        0.006428028456866741,
        0.9999111890792847,
        -1.1865031719207764
    ],
    [
        0.999920666217804,
        0.0037750902120023966,
        -0.01202565897256136,
        0.11418753117322922,
        -0.0038560284301638603,
        0.9999700784683228,
        -0.0067144096828997135,
        0.5155605673789978,
        0.011999949812889099,
        0.006760237738490105,
        0.9999051094055176,
        -1.2372839450836182
    ],
    [
        0.9999207258224487,
        0.0038875455502420664,
        -0.011979300528764725,
        0.12315576523542404,
        -0.003972490783780813,
        0.999967098236084,
        -0.007075308822095394,
        0.5385478734970093,
        0.011951402761042118,
        0.007122346665710211,
        0.9999032020568848,
        -1.2926102876663208
    ],
    [
        0.9999186992645264,
        0.004544765688478947,
        -0.011913241818547249,
        0.13076770305633545,
        -0.004629325121641159,
        0.9999642372131348,
        -0.0070799789391458035,
        0.558573305606842,
        0.011880639009177685,
        0.007134554907679558,
        0.9999039173126221,
        -1.3421300649642944
    ],
    [
        0.999914824962616,
        0.004360566847026348,
        -0.01230889093130827,
        0.13953177630901337,
        -0.004447902087122202,
        0.9999651312828064,
        -0.007076905574649572,
        0.5820049047470093,
        0.01227759849280119,
        0.007131041493266821,
        0.9998993277549744,
        -1.4007837772369385
    ],
    [
        0.9999156594276428,
        0.004554158076643944,
        -0.012159911915659904,
        0.14744138717651367,
        -0.0046456800773739815,
        0.9999610781669617,
        -0.007508950307965279,
        0.6038064360618591,
        0.01212523877620697,
        0.007564808242022991,
        0.999897837638855,
        -1.453802227973938
    ],
    [
        0.9999129772186279,
        0.004789100494235754,
        -0.012291369959712029,
        0.154001846909523,
        -0.004892773926258087,
        0.9999525547027588,
        -0.008418473415076733,
        0.6237636208534241,
        0.012250471860170364,
        0.008477877825498581,
        0.9998890161514282,
        -1.5016562938690186
    ],
    [
        0.9999138116836548,
        0.004941424820572138,
        -0.012163078412413597,
        0.16122272610664368,
        -0.00505163986235857,
        0.9999462962150574,
        -0.009047464467585087,
        0.6455094218254089,
        0.012117716483771801,
        0.009108126163482666,
        0.9998852610588074,
        -1.5537625551223755
    ],
    [
        0.9999003410339355,
        0.0050835805013775826,
        -0.013174491934478283,
        0.16926483809947968,
        -0.005209228023886681,
        0.9999411106109619,
        -0.009520427323877811,
        0.668727695941925,
        0.013125317171216011,
        0.009588107466697693,
        0.999867856502533,
        -1.6099849939346313
    ],
    [
        0.9998982548713684,
        0.005168878007680178,
        -0.01329739112406969,
        0.17635339498519897,
        -0.005300904158502817,
        0.9999368190765381,
        -0.009912717156112194,
        0.687912106513977,
        0.013245312497019768,
        0.009982191026210785,
        0.9998624920845032,
        -1.6563069820404053
    ],
    [
        0.9999004006385803,
        0.005149530246853828,
        -0.013140909373760223,
        0.1840439736843109,
        -0.005280042067170143,
        0.9999369978904724,
        -0.00991640705615282,
        0.708119809627533,
        0.0130890142172575,
        0.009984803386032581,
        0.9998644590377808,
        -1.7072222232818604
    ],
    [
        0.9998905062675476,
        0.00541121419519186,
        -0.013769515790045261,
        0.1905227154493332,
        -0.005555704236030579,
        0.9999297261238098,
        -0.01047694031149149,
        0.7263007164001465,
        0.013711851090192795,
        0.010552287101745605,
        0.999850332736969,
        -1.753683090209961
    ],
    [
        0.9998851418495178,
        0.005725207272917032,
        -0.014028637669980526,
        0.1975514441728592,
        -0.0058819446712732315,
        0.9999204874038696,
        -0.011157035827636719,
        0.74904465675354,
        0.013963649980723858,
        0.011238280683755875,
        0.9998393058776855,
        -1.8090989589691162
    ]
]