[
    [
        0.995590090751648,
        0.020384816452860832,
        -0.09156976640224457,
        -0.00013786043564323336,
        -0.021423786878585815,
        0.9997165203094482,
        -0.010377515107393265,
        -0.004171071108430624,
        0.09133227914571762,
        0.012293520383536816,
        0.995744526386261,
        0.32446059584617615
    ],
    [
        0.9952126741409302,
        0.021116405725479126,
        -0.09542486816644669,
        -0.0016285815509036183,
        -0.022283226251602173,
        0.9996891617774963,
        -0.011178451590240002,
        -0.004156607203185558,
        0.09515916556119919,
        0.01325131207704544,
        0.9953739047050476,
        0.3320789039134979
    ],
    [
        0.9947808980941772,
        0.021674243733286858,
        -0.09970519691705704,
        -0.0030236884485930204,
        -0.023022452369332314,
        0.9996581673622131,
        -0.01239114161580801,
        -0.003413261380046606,
        0.0994025319814682,
        0.014621930196881294,
        0.9949398040771484,
        0.3396604061126709
    ],
    [
        0.9943156242370605,
        0.022284742444753647,
        -0.10411417484283447,
        -0.004402686841785908,
        -0.023758400231599808,
        0.9996339678764343,
        -0.012935413978993893,
        -0.0037446338683366776,
        0.10378780215978622,
        0.01533547043800354,
        0.9944812059402466,
        0.3475465476512909
    ],
    [
        0.9938022494316101,
        0.022770250216126442,
        -0.10880492627620697,
        -0.005316244438290596,
        -0.02444308251142502,
        0.999602198600769,
        -0.014065511524677277,
        -0.00295855849981308,
        0.10844137519598007,
        0.01663786731660366,
        0.9939636588096619,
        0.3549506962299347
    ],
    [
        0.9932683706283569,
        0.023167569190263748,
        -0.11349549889564514,
        -0.0067155868746340275,
        -0.025078842416405678,
        0.9995661973953247,
        -0.01544115412980318,
        -0.0018198465695604682,
        0.11308853328227997,
        0.018183544278144836,
        0.9934185743331909,
        0.36210358142852783
    ],
    [
        0.9926737546920776,
        0.023649895563721657,
        -0.11848805099725723,
        -0.00800576526671648,
        -0.025703515857458115,
        0.9995442628860474,
        -0.015833569690585136,
        -0.002405001549050212,
        0.11805959045886993,
        0.01876313053071499,
        0.9928292632102966,
        0.36925008893013
    ],
    [
        0.9920173287391663,
        0.02414054423570633,
        -0.12376939505338669,
        -0.008689507842063904,
        -0.026408210396766663,
        0.9995114803314209,
        -0.01671374775469303,
        -0.002171087311580777,
        0.12330544739961624,
        0.01984885334968567,
        0.9921703934669495,
        0.3762677013874054
    ],
    [
        0.9913581609725952,
        0.02511901967227459,
        -0.12875580787658691,
        -0.009912853129208088,
        -0.027531888335943222,
        0.9994764924049377,
        -0.016994135454297066,
        -0.003159618005156517,
        0.1282615065574646,
        0.02039216458797455,
        0.9915307760238647,
        0.3826119899749756
    ],
    [
        0.9906863570213318,
        0.026068517938256264,
        -0.13364535570144653,
        -0.01116534136235714,
        -0.028677383437752724,
        0.9994332194328308,
        -0.017632845789194107,
        -0.003490429138764739,
        0.1331099271774292,
        0.02130121737718582,
        0.990872323513031,
        0.38767409324645996
    ],
    [
        0.9898836612701416,
        0.02673804946243763,
        -0.13933901488780975,
        -0.010842482559382915,
        -0.02949194796383381,
        0.9994077086448669,
        -0.017736516892910004,
        -0.004263587296009064,
        0.13878224790096283,
        0.021666469052433968,
        0.9900859594345093,
        0.39301207661628723
    ],
    [
        0.9890300631523132,
        0.027310246601700783,
        -0.14516761898994446,
        -0.010456609539687634,
        -0.0302280206233263,
        0.9993821978569031,
        -0.017931314185261726,
        -0.004957967903465033,
        0.14458824694156647,
        0.022122738882899284,
        0.9892445802688599,
        0.39795753359794617
    ],
    [
        0.9871037602424622,
        0.02845395915210247,
        -0.15753275156021118,
        -0.009305264800786972,
        -0.031785693019628525,
        0.9993202686309814,
        -0.018670156598091125,
        -0.005957568064332008,
        0.15689441561698914,
        0.023436667397618294,
        0.9873372912406921,
        0.4062906801700592
    ],
    [
        0.9859880208969116,
        0.029118331149220467,
        -0.1642550230026245,
        -0.008123879320919514,
        -0.03259950876235962,
        0.9992966055870056,
        -0.018537526950240135,
        -0.007194831036031246,
        0.16359969973564148,
        0.023632410913705826,
        0.9862436652183533,
        0.4102219045162201
    ],
    [
        0.9848026037216187,
        0.029817888513207436,
        -0.17109894752502441,
        -0.006574546452611685,
        -0.0335390530526638,
        0.9992586970329285,
        -0.018898747861385345,
        -0.007630197796970606,
        0.17040859162807465,
        0.024350032210350037,
        0.985072672367096,
        0.413672536611557
    ],
    [
        0.9835335612297058,
        0.03042498603463173,
        -0.17814616858959198,
        -0.004335068166255951,
        -0.03427219018340111,
        0.9992402791976929,
        -0.018557695671916008,
        -0.008747733198106289,
        0.177446186542511,
        0.02435757778584957,
        0.9838289618492126,
        0.41636621952056885
    ],
    [
        0.9821855425834656,
        0.030681747943162918,
        -0.18539199233055115,
        -0.0026686156634241343,
        -0.034721460193395615,
        0.9992243051528931,
        -0.018582073971629143,
        -0.009489133954048157,
        0.18467803299427032,
        0.024688122794032097,
        0.9824888706207275,
        0.41949349641799927
    ],
    [
        0.9806088805198669,
        0.030550602823495865,
        -0.19357916712760925,
        4.622202686732635e-05,
        -0.03489943966269493,
        0.9992084503173828,
        -0.019094401970505714,
        -0.009652748703956604,
        0.19284260272979736,
        0.025479944422841072,
        0.9808988571166992,
        0.423622190952301
    ],
    [
        0.9791074395179749,
        0.0313892588019371,
        -0.20090647041797638,
        0.0020862817764282227,
        -0.035837892442941666,
        0.9991855621337891,
        -0.018543222919106483,
        -0.011542637832462788,
        0.20016078650951385,
        0.0253558699041605,
        0.9794348478317261,
        0.4268456697463989
    ],
    [
        0.9775436520576477,
        0.03216610476374626,
        -0.2082633376121521,
        0.004348889458924532,
        -0.03649426996707916,
        0.9991897940635681,
        -0.016972268000245094,
        -0.014808882027864456,
        0.20754866302013397,
        0.02419155277311802,
        0.9779255390167236,
        0.43026819825172424
    ],
    [
        0.9759799838066101,
        0.033088941127061844,
        -0.21533319354057312,
        0.004282892215996981,
        -0.03759021684527397,
        0.999151349067688,
        -0.016841042786836624,
        -0.0158472191542387,
        0.21459320187568665,
        0.024530941620469093,
        0.9763953685760498,
        0.4353907108306885
    ],
    [
        0.9742659330368042,
        0.033560823649168015,
        -0.22288906574249268,
        0.004672938026487827,
        -0.038503095507621765,
        0.9990987777709961,
        -0.0178639218211174,
        -0.015028977766633034,
        0.22208867967128754,
        0.02598613128066063,
        0.9746801257133484,
        0.44076859951019287
    ],
    [
        0.9725258946418762,
        0.0343865267932415,
        -0.23024095594882965,
        0.004272717982530594,
        -0.039598144590854645,
        0.9990526437759399,
        -0.01805184781551361,
        -0.015706589445471764,
        0.2294020652770996,
        0.026673005893826485,
        0.972966194152832,
        0.44632041454315186
    ],
    [
        0.9706763625144958,
        0.034908492118120193,
        -0.23784178495407104,
        0.004265995230525732,
        -0.040393732488155365,
        0.999017596244812,
        -0.01822660304605961,
        -0.016390353441238403,
        0.23697185516357422,
        0.02729945071041584,
        0.9711328744888306,
        0.4517318904399872
    ],
    [
        0.9667022228240967,
        0.035099465399980545,
        -0.25348562002182007,
        0.006710593588650227,
        -0.0416223481297493,
        0.9989248514175415,
        -0.020414112135767937,
        -0.014388577081263065,
        0.25249654054641724,
        0.030285032466053963,
        0.9671237468719482,
        0.45875489711761475
    ]
]