[
    [
        0.9999755024909973,
        0.001218954799696803,
        -0.006887045688927174,
        0.14270640909671783,
        -0.001213087234646082,
        0.999998927116394,
        0.0008561175782233477,
        0.028825992718338966,
        0.006888082716614008,
        -0.0008477414958178997,
        0.9999759197235107,
        0.8429431319236755
    ],
    [
        0.9999660849571228,
        0.0011464605340734124,
        -0.008159219287335873,
        0.15845955908298492,
        -0.0011388366110622883,
        0.9999988675117493,
        0.0009390529012307525,
        0.028266960754990578,
        0.008160286583006382,
        -0.0009297290816903114,
        0.9999662637710571,
        0.984585702419281
    ],
    [
        0.9999591112136841,
        0.0007924829260446131,
        -0.009016665630042553,
        0.1737501323223114,
        -0.0007861560443416238,
        0.9999994039535522,
        0.0007052121218293905,
        0.020315172150731087,
        0.009017215110361576,
        -0.0006980955367907882,
        0.9999591112136841,
        1.1241697072982788
    ],
    [
        0.9999474287033081,
        0.0003595322195906192,
        -0.010247972793877125,
        0.18879669904708862,
        -0.0003523817867971957,
        0.9999997615814209,
        0.0006995139410719275,
        0.0074126096442341805,
        0.010248219594359398,
        -0.0006958660669624805,
        0.999947190284729,
        1.2619327306747437
    ],
    [
        0.9999255537986755,
        0.00029545443248935044,
        -0.01220744103193283,
        0.20489506423473358,
        -0.00028902661870233715,
        0.9999998211860657,
        0.0005282767815515399,
        -0.0077124545350670815,
        0.012207592837512493,
        -0.0005247093504294753,
        0.9999253749847412,
        1.3987412452697754
    ],
    [
        0.9998933672904968,
        0.00022401896421797574,
        -0.014607653021812439,
        0.2240932732820511,
        -0.0002228240919066593,
        1.0,
        8.342849469045177e-05,
        -0.020065011456608772,
        0.014607676304876804,
        -8.016515494091436e-05,
        0.9998933672904968,
        1.5333820581436157
    ],
    [
        0.9998569488525391,
        -5.286806481308304e-05,
        -0.01691681705415249,
        0.24183659255504608,
        4.970293230144307e-05,
        0.9999999403953552,
        -0.0001875169255072251,
        -0.028674893081188202,
        0.016916828230023384,
        0.00018664836534298956,
        0.9998570084571838,
        1.6696181297302246
    ],
    [
        0.9998092651367188,
        -5.269034954835661e-05,
        -0.01953188329935074,
        0.2607433795928955,
        4.645863737096079e-05,
        1.0,
        -0.0003194886667188257,
        -0.030449258163571358,
        0.01953190192580223,
        0.00031851959647610784,
        0.9998091459274292,
        1.8051214218139648
    ],
    [
        0.9997523427009583,
        -0.00012668469571508467,
        -0.022256596013903618,
        0.28482934832572937,
        0.00012013534433208406,
        1.0,
        -0.0002956171811092645,
        -0.021250545978546143,
        0.022256633266806602,
        0.00029286998324096203,
        0.9997522830963135,
        1.988607406616211
    ],
    [
        0.9997254014015198,
        -0.00016802675963845104,
        -0.02343333512544632,
        0.30061405897140503,
        0.00016473923460580409,
        1.0,
        -0.00014223356265574694,
        -0.010027511976659298,
        0.023433363065123558,
        0.00013833356206305325,
        0.9997254610061646,
        2.1276662349700928
    ],
    [
        0.9996886253356934,
        -0.00017123547149822116,
        -0.024953629821538925,
        0.31728070974349976,
        0.00017045250569935888,
        1.0,
        -3.352484054630622e-05,
        0.0012431853683665395,
        0.02495363913476467,
        2.9260163501021452e-05,
        0.9996886253356934,
        2.265043020248413
    ],
    [
        0.9996219277381897,
        -0.00013638543896377087,
        -0.027493664994835854,
        0.33473363518714905,
        0.00013628654414787889,
        1.0,
        -5.454983693198301e-06,
        0.008954687975347042,
        0.027493666857481003,
        1.7059090851034853e-06,
        0.9996220469474792,
        2.4075284004211426
    ],
    [
        0.9995505809783936,
        -0.00017211461090482771,
        -0.02997542731463909,
        0.35256657004356384,
        0.00016585840785410255,
        1.0000001192092896,
        -0.0002112107176799327,
        0.01163038145750761,
        0.029975460842251778,
        0.00020614346431102604,
        0.9995506405830383,
        2.550305128097534
    ],
    [
        0.9994698762893677,
        -0.00021948922949377447,
        -0.03255743160843849,
        0.3676464855670929,
        0.00020910377497784793,
        0.9999998807907104,
        -0.0003224168031010777,
        0.005491863936185837,
        0.032557498663663864,
        0.0003154381993226707,
        0.9994697570800781,
        2.6903810501098633
    ],
    [
        0.9994099736213684,
        1.9195520508219488e-05,
        -0.03434820845723152,
        0.38037076592445374,
        -2.2554506358574145e-05,
        1.0,
        -9.739075903780758e-05,
        -0.004076151642948389,
        0.03434820473194122,
        9.810722986003384e-05,
        0.9994099140167236,
        2.826967716217041
    ],
    [
        0.9993886351585388,
        -9.366226004203781e-05,
        -0.03496122360229492,
        0.3900752663612366,
        9.841271821642295e-05,
        1.0,
        0.0001341644092462957,
        -0.015444659627974033,
        0.034961212426424026,
        -0.00013752364611718804,
        0.9993887543678284,
        2.9630136489868164
    ],
    [
        0.9993011951446533,
        -0.0005833128234371543,
        -0.03737301751971245,
        0.4019715189933777,
        0.0005866303108632565,
        0.9999998807907104,
        7.779509178362787e-05,
        -0.027093034237623215,
        0.03737296909093857,
        -9.966477955458686e-05,
        0.9993014931678772,
        3.1423146724700928
    ],
    [
        0.9991800785064697,
        -6.155221490189433e-05,
        -0.0404854342341423,
        0.4065607488155365,
        8.118081314023584e-05,
        0.9999998807907104,
        0.0004831927944906056,
        -0.03186370059847832,
        0.04048538953065872,
        -0.0004860824847128242,
        0.9991799592971802,
        3.2798962593078613
    ],
    [
        0.9990783333778381,
        0.00031060923356562853,
        -0.042925313115119934,
        0.4099162220954895,
        -0.0002826068957801908,
        0.9999998211860657,
        0.0006584129296243191,
        -0.02720237337052822,
        0.04292551055550575,
        -0.0006456751143559813,
        0.9990779161453247,
        3.4183671474456787
    ],
    [
        0.9990242123603821,
        0.0003754284989554435,
        -0.04416341707110405,
        0.41051024198532104,
        -0.00033748350688256323,
        0.9999996423721313,
        0.0008666589856147766,
        -0.01908693090081215,
        0.04416372627019882,
        -0.0008509089821018279,
        0.999023973941803,
        3.5583012104034424
    ],
    [
        0.9989767074584961,
        0.0005525475717149675,
        -0.0452251136302948,
        0.41046857833862305,
        -0.0005156074184924364,
        0.9999995827674866,
        0.0008284762152470648,
        -0.011211609467864037,
        0.04522555693984032,
        -0.0008043097914196551,
        0.998976469039917,
        3.698486328125
    ],
    [
        0.9989212155342102,
        0.0008857044158503413,
        -0.046428270637989044,
        0.4094265103340149,
        -0.0008658376173116267,
        0.9999995827674866,
        0.0004480236384551972,
        -0.007134268060326576,
        0.04642865061759949,
        -0.00040734137292020023,
        0.9989214539527893,
        3.8434462547302246
    ],
    [
        0.9988619089126587,
        0.0009809993207454681,
        -0.047685958445072174,
        0.4068153202533722,
        -0.0009495005942881107,
        0.9999993443489075,
        0.0006831843056716025,
        -0.016592402011156082,
        0.04768659919500351,
        -0.0006371285999193788,
        0.9988621473312378,
        3.9871416091918945
    ],
    [
        0.9987918138504028,
        0.000589583651162684,
        -0.04913920536637306,
        0.40380859375,
        -0.0005825834814459085,
        0.9999998807907104,
        0.000156786001753062,
        -0.0289603304117918,
        0.049139294773340225,
        -0.00012796891678590328,
        0.9987919926643372,
        4.128816604614258
    ],
    [
        0.998705267906189,
        0.0005792408483102918,
        -0.05086807534098625,
        0.3976479768753052,
        -0.0005942442803643644,
        0.9999998211860657,
        -0.000279819912975654,
        -0.05547532066702843,
        0.050867896527051926,
        0.0003096857399214059,
        0.998705267906189,
        4.30620002746582
    ]
]