[
    [
        0.9999971389770508,
        -0.0012141158804297447,
        0.0020864037796854973,
        -0.02080291509628296,
        0.0012128375237807631,
        0.9999991655349731,
        0.00061399134574458,
        -0.005722147412598133,
        -0.0020871469751000404,
        -0.000611458788625896,
        0.999997615814209,
        0.6124504208564758
    ],
    [
        0.999998152256012,
        -0.0012482956517487764,
        0.001524650608189404,
        -0.020990435034036636,
        0.001247004489414394,
        0.9999988079071045,
        0.0008477768278680742,
        -0.00447617145255208,
        -0.001525706727989018,
        -0.0008458740194328129,
        0.9999984502792358,
        0.6744391322135925
    ],
    [
        0.999998927116394,
        -0.001138953841291368,
        0.0008963447762653232,
        -0.02020319551229477,
        0.0011378671042621136,
        0.9999986290931702,
        0.001212078146636486,
        -0.0032545605208724737,
        -0.0008977242978289723,
        -0.0012110568350180984,
        0.9999988079071045,
        0.7577403783798218
    ],
    [
        0.9999987483024597,
        -0.001278299605473876,
        0.0008884922135621309,
        -0.01875694841146469,
        0.0012770025059580803,
        0.9999982118606567,
        0.0014593135565519333,
        -0.0034573765005916357,
        -0.0008903557318262756,
        -0.0014581767609342933,
        0.9999985694885254,
        0.8228479623794556
    ],
    [
        0.9999983906745911,
        -0.0014527845196425915,
        0.0011575070675462484,
        -0.015142165124416351,
        0.0014508335152640939,
        0.9999974966049194,
        0.0016849801177158952,
        -0.004079722333699465,
        -0.0011599521385505795,
        -0.0016832975670695305,
        0.9999978542327881,
        0.9148558974266052
    ],
    [
        0.9999982714653015,
        -0.0012659578351303935,
        0.001427368144504726,
        -0.011319821700453758,
        0.0012630424462258816,
        0.9999971389770508,
        0.0020417412742972374,
        -0.005522239953279495,
        -0.0014299487229436636,
        -0.002039935439825058,
        0.9999969005584717,
        1.0064128637313843
    ],
    [
        0.999998152256012,
        -0.001185047090984881,
        0.0015323198167607188,
        -0.007737935986369848,
        0.0011814299505203962,
        0.9999966025352478,
        0.00235922122374177,
        -0.007285277359187603,
        -0.001535110524855554,
        -0.0023574065417051315,
        0.9999960660934448,
        1.076034426689148
    ],
    [
        0.9999978542327881,
        -0.0012603163486346602,
        0.0016396419377997518,
        -0.0025690526235848665,
        0.0012569866375997663,
        0.9999971985816956,
        0.0020299709867686033,
        -0.011503624729812145,
        -0.001642196555621922,
        -0.0020279064774513245,
        0.999996542930603,
        1.16885507106781
    ],
    [
        0.9999969601631165,
        -0.0013207632582634687,
        0.0021275558974593878,
        0.0032304481137543917,
        0.0013165769632905722,
        0.9999971985816956,
        0.0019678256940096617,
        -0.017472844570875168,
        -0.002130148932337761,
        -0.0019650175236165524,
        0.999995768070221,
        1.259204626083374
    ],
    [
        0.9999963641166687,
        -0.0014145831810310483,
        0.002280979650095105,
        0.007606153842061758,
        0.0014099394902586937,
        0.9999969601631165,
        0.002035991521552205,
        -0.020933782681822777,
        -0.0022838530130684376,
        -0.00203276751562953,
        0.999995231628418,
        1.327185869216919
    ],
    [
        0.9999964833259583,
        -0.0015093800611793995,
        0.0021930038928985596,
        0.013355785049498081,
        0.0015046348562464118,
        0.999996542930603,
        0.002163773402571678,
        -0.023675095289945602,
        -0.0021962616592645645,
        -0.0021604669746011496,
        0.9999953508377075,
        1.4206326007843018
    ],
    [
        0.9999975562095642,
        -0.0013211658224463463,
        0.0017895287601277232,
        0.018412206321954727,
        0.0013171412283554673,
        0.9999966025352478,
        0.0022484073415398598,
        -0.02358764410018921,
        -0.0017924932762980461,
        -0.002246044110506773,
        0.9999958276748657,
        1.4922335147857666
    ],
    [
        0.9999964833259583,
        -0.0010704308515414596,
        0.0024121056776493788,
        0.023925602436065674,
        0.0010647521121427417,
        0.9999967217445374,
        0.002354338997974992,
        -0.022422902286052704,
        -0.0024146181531250477,
        -0.0023517620284110308,
        0.9999943971633911,
        1.5882021188735962
    ],
    [
        0.9999939799308777,
        -0.0012320504756644368,
        0.0032511078752577305,
        0.02693338133394718,
        0.0012237394694238901,
        0.9999959468841553,
        0.0025572634767740965,
        -0.019587740302085876,
        -0.0032542445696890354,
        -0.0025532697327435017,
        0.9999914765357971,
        1.6846766471862793
    ],
    [
        0.9999939799308777,
        -0.0014321933267638087,
        0.0031471385154873133,
        0.02909625880420208,
        0.0014235106064006686,
        0.999995231628418,
        0.002759613562375307,
        -0.01709761470556259,
        -0.0031510761473327875,
        -0.002755117602646351,
        0.9999911785125732,
        1.7571388483047485
    ],
    [
        0.9999961256980896,
        -0.0015618581091985106,
        0.002343051368370652,
        0.03196831792593002,
        0.0015547433868050575,
        0.9999942779541016,
        0.003035294823348522,
        -0.014905833639204502,
        -0.0023477780632674694,
        -0.0030316400807350874,
        0.9999926090240479,
        1.8550187349319458
    ],
    [
        0.9999977350234985,
        -0.0015945020131766796,
        0.0014270632527768612,
        0.03766743838787079,
        0.0015901149017736316,
        0.9999940395355225,
        0.003070029430091381,
        -0.01340967882424593,
        -0.001431949669495225,
        -0.003067753044888377,
        0.9999942779541016,
        1.95742666721344
    ],
    [
        0.9999974966049194,
        -0.0016872818814590573,
        0.001472479896619916,
        0.04200628399848938,
        0.0016827600775286555,
        0.9999939203262329,
        0.0030668156687170267,
        -0.013554520905017853,
        -0.0014776455936953425,
        -0.0030643297359347343,
        0.999994158744812,
        2.033612012863159
    ],
    [
        0.9999952912330627,
        -0.0019055060110986233,
        0.002426148159429431,
        0.05017795041203499,
        0.0018982881447300315,
        0.9999938011169434,
        0.0029738557059317827,
        -0.015325726941227913,
        -0.0024317996576428413,
        -0.0029692361131310463,
        0.9999926090240479,
        2.134925127029419
    ],
    [
        0.9999927282333374,
        -0.0024601034820079803,
        0.002934238873422146,
        0.05660051852464676,
        0.002451579086482525,
        0.9999927878379822,
        0.002905105007812381,
        -0.01658344641327858,
        -0.002941364888101816,
        -0.0028978900518268347,
        0.9999914169311523,
        2.2093451023101807
    ],
    [
        0.9999922513961792,
        -0.002808597404509783,
        0.002776585752144456,
        0.06793512403964996,
        0.0028005961794406176,
        0.9999919533729553,
        0.00288170063868165,
        -0.018173249438405037,
        -0.0027846572920680046,
        -0.00287390174344182,
        0.9999920129776001,
        2.308504581451416
    ],
    [
        0.9999929666519165,
        -0.0029739532619714737,
        0.0023176197428256273,
        0.08073194324970245,
        0.002967587672173977,
        0.999991774559021,
        0.0027455189265310764,
        -0.018009306862950325,
        -0.0023257650900632143,
        -0.002738621551543474,
        0.9999935626983643,
        2.4089138507843018
    ],
    [
        0.9999927282333374,
        -0.003264724276959896,
        0.001990224700421095,
        0.09268449991941452,
        0.0032588616013526917,
        0.9999904036521912,
        0.0029420405626296997,
        -0.015903111547231674,
        -0.001999810803681612,
        -0.0029355327133089304,
        0.9999936819076538,
        2.4850709438323975
    ],
    [
        0.9999916553497314,
        -0.0037398790009319782,
        0.0016732725780457258,
        0.11231337487697601,
        0.00373437930829823,
        0.9999876022338867,
        0.003277415409684181,
        -0.0133370915427804,
        -0.0016855107387527823,
        -0.0032711380627006292,
        0.9999932646751404,
        2.5869686603546143
    ],
    [
        0.9999902248382568,
        -0.004246406257152557,
        0.001242385944351554,
        0.13184314966201782,
        0.00424193125218153,
        0.9999845623970032,
        0.003583144163712859,
        -0.008594777435064316,
        -0.0012575823348015547,
        -0.003577838884666562,
        0.999992847442627,
        2.698112964630127
    ]
]