[
    [
        0.9405910968780518,
        0.044836048036813736,
        -0.3365682065486908,
        -0.01003053318709135,
        -0.06177132949233055,
        0.9972975254058838,
        -0.039774052798748016,
        0.05923594534397125,
        0.3338753283023834,
        0.0582013800740242,
        0.940818727016449,
        0.5551974773406982
    ],
    [
        0.9240705370903015,
        0.0510539673268795,
        -0.37879711389541626,
        -0.016896085813641548,
        -0.07032890617847443,
        0.9968294501304626,
        -0.037214554846286774,
        0.047161996364593506,
        0.37569618225097656,
        0.061029259115457535,
        0.9247312545776367,
        0.6206252574920654
    ],
    [
        0.9013042449951172,
        0.0578622929751873,
        -0.42930495738983154,
        -0.021558009088039398,
        -0.07919783145189285,
        0.9963457584381104,
        -0.03198304772377014,
        0.030742624774575233,
        0.42588552832603455,
        0.0628264769911766,
        0.902593195438385,
        0.7011152505874634
    ],
    [
        0.8779610991477966,
        0.06492509692907333,
        -0.4743090569972992,
        -0.04775269329547882,
        -0.08818576484918594,
        0.9957398772239685,
        -0.026934290304780006,
        0.013962791301310062,
        0.4705396592617035,
        0.06547456234693527,
        0.8799462914466858,
        0.7854130268096924
    ],
    [
        0.8548992276191711,
        0.0719093307852745,
        -0.513786256313324,
        -0.08874198794364929,
        -0.09693403542041779,
        0.9950470924377441,
        -0.022024068981409073,
        -0.0006462446763180196,
        0.5096577405929565,
        0.06863173097372055,
        0.8576355576515198,
        0.8670462965965271
    ],
    [
        0.8331697583198547,
        0.07682973146438599,
        -0.5476545095443726,
        -0.13797344267368317,
        -0.10370461642742157,
        0.9944404363632202,
        -0.01826142705976963,
        -0.014117027632892132,
        0.5432067513465881,
        0.07200917601585388,
        0.8365052938461304,
        0.9526136517524719
    ],
    [
        0.8125020861625671,
        0.08255549520254135,
        -0.5770830512046814,
        -0.18730030953884125,
        -0.1101423129439354,
        0.9938321113586426,
        -0.01290032546967268,
        -0.031053895130753517,
        0.5724586844444275,
        0.07404280453920364,
        0.8165835738182068,
        1.0379854440689087
    ],
    [
        0.7924103736877441,
        0.08705566078424454,
        -0.6037442684173584,
        -0.23024718463420868,
        -0.11533771455287933,
        0.9932928681373596,
        -0.008154171518981457,
        -0.04935342073440552,
        0.598984956741333,
        0.07609593868255615,
        0.7971363663673401,
        1.1144373416900635
    ],
    [
        0.7710815072059631,
        0.08935546875,
        -0.6304354071617126,
        -0.2614637315273285,
        -0.11955086141824722,
        0.9928128123283386,
        -0.005504461470991373,
        -0.06582137197256088,
        0.6254125833511353,
        0.07961350679397583,
        0.7762220501899719,
        1.191570520401001
    ],
    [
        0.7511546015739441,
        0.0907081663608551,
        -0.6538645029067993,
        -0.2794772982597351,
        -0.12233811616897583,
        0.9924843311309814,
        -0.002857457846403122,
        -0.08296948671340942,
        0.6486911177635193,
        0.08213894814252853,
        0.7566063404083252,
        1.260844349861145
    ],
    [
        0.7269788980484009,
        0.09384974092245102,
        -0.6802161931991577,
        -0.3111306130886078,
        -0.12618492543697357,
        0.9920047521591187,
        0.0020076283253729343,
        -0.10615427792072296,
        0.6749660968780518,
        0.08437351882457733,
        0.7330089211463928,
        1.3482351303100586
    ],
    [
        0.7042092084884644,
        0.09672156721353531,
        -0.7033735513687134,
        -0.3494698703289032,
        -0.13076655566692352,
        0.9913983941078186,
        0.005406228359788656,
        -0.1239747703075409,
        0.6978462934494019,
        0.088170625269413,
        0.7107997536659241,
        1.4233709573745728
    ],
    [
        0.6805438995361328,
        0.09812719374895096,
        -0.7261067032814026,
        -0.38977405428886414,
        -0.1346898227930069,
        0.9908581972122192,
        0.0076680113561451435,
        -0.13957951962947845,
        0.7202213406562805,
        0.09258077293634415,
        0.6875391602516174,
        1.496366262435913
    ],
    [
        0.6560829877853394,
        0.10020778328180313,
        -0.7480064034461975,
        -0.43944641947746277,
        -0.1393585056066513,
        0.9901872277259827,
        0.010419333353638649,
        -0.1542610377073288,
        0.7417103052139282,
        0.0974050760269165,
        0.6636097431182861,
        1.5754233598709106
    ],
    [
        0.6296421885490417,
        0.10343179106712341,
        -0.7699691653251648,
        -0.49257585406303406,
        -0.14468537271022797,
        0.9893701672554016,
        0.014587999321520329,
        -0.17083263397216797,
        0.7632933855056763,
        0.10221808403730392,
        0.6379142999649048,
        1.6551247835159302
    ],
    [
        0.6005712747573853,
        0.1067940965294838,
        -0.7924070954322815,
        -0.5477457046508789,
        -0.14882059395313263,
        0.9886528253555298,
        0.020450228825211525,
        -0.19183354079723358,
        0.7855995297431946,
        0.10564467310905457,
        0.6096495985984802,
        1.7404348850250244
    ],
    [
        0.5671015381813049,
        0.10777487605810165,
        -0.8165662884712219,
        -0.5863274931907654,
        -0.1518610417842865,
        0.988086998462677,
        0.02494633197784424,
        -0.20902110636234283,
        0.8095270395278931,
        0.10985749214887619,
        0.5767123103141785,
        1.831465244293213
    ],
    [
        0.5340459942817688,
        0.10861135274171829,
        -0.8384499549865723,
        -0.607877790927887,
        -0.1539963185787201,
        0.98762047290802,
        0.029847558587789536,
        -0.22661429643630981,
        0.8313122987747192,
        0.11317824572324753,
        0.5441604852676392,
        1.9166680574417114
    ],
    [
        0.49964842200279236,
        0.10985346883535385,
        -0.8592343330383301,
        -0.6385229229927063,
        -0.15497595071792603,
        0.9872583746910095,
        0.036102209240198135,
        -0.2463449388742447,
        0.8522521257400513,
        0.1151222288608551,
        0.5103066563606262,
        1.9971568584442139
    ],
    [
        0.4645581543445587,
        0.11119765788316727,
        -0.8785333037376404,
        -0.6780010461807251,
        -0.15719084441661835,
        0.9866846799850464,
        0.04176589474081993,
        -0.2628612220287323,
        0.8714795112609863,
        0.1186947301030159,
        0.4758516550064087,
        2.079051971435547
    ],
    [
        0.42834991216659546,
        0.11196962743997574,
        -0.8966488838195801,
        -0.7294977307319641,
        -0.16065461933612823,
        0.9859208464622498,
        0.04636910557746887,
        -0.2744573652744293,
        0.8892168402671814,
        0.12418854981660843,
        0.4403075575828552,
        2.159425735473633
    ],
    [
        0.388694703578949,
        0.11610618978738785,
        -0.9140217304229736,
        -0.7815115451812744,
        -0.1661565601825714,
        0.9845970273017883,
        0.0544118732213974,
        -0.2897918224334717,
        0.9062607884407043,
        0.1307211071252823,
        0.4019996225833893,
        2.238874673843384
    ],
    [
        0.35333681106567383,
        0.12066859751939774,
        -0.9276810884475708,
        -0.8400874733924866,
        -0.17068634927272797,
        0.98331618309021,
        0.06289401650428772,
        -0.3057943284511566,
        0.9197930097579956,
        0.13611970841884613,
        0.36803826689720154,
        2.3043413162231445
    ],
    [
        0.3152574598789215,
        0.1261843591928482,
        -0.9405797123908997,
        -0.8974842429161072,
        -0.1743198186159134,
        0.9819564819335938,
        0.07330790907144547,
        -0.3247917890548706,
        0.9328587055206299,
        0.14085081219673157,
        0.3315655291080475,
        2.373859167098999
    ],
    [
        0.27136415243148804,
        0.1309698075056076,
        -0.9535242319107056,
        -0.9580681920051575,
        -0.17897388339042664,
        0.9802860617637634,
        0.08371131867170334,
        -0.34217318892478943,
        0.9456900954246521,
        0.14793969690799713,
        0.2894546091556549,
        2.4521749019622803
    ]
]