[
    [
        0.9961543679237366,
        0.01722804829478264,
        -0.08590501546859741,
        0.06393798440694809,
        -0.01673715002834797,
        0.999839186668396,
        0.006431461311876774,
        -0.03229175880551338,
        0.08600200712680817,
        -0.0049689216539263725,
        0.9962826371192932,
        0.2249918431043625
    ],
    [
        0.9908457398414612,
        0.027455046772956848,
        -0.13217711448669434,
        0.08368714153766632,
        -0.02664134092628956,
        0.9996136426925659,
        0.007921022363007069,
        -0.0467095673084259,
        0.13234354555606842,
        -0.004327135626226664,
        0.9911943674087524,
        0.3792026937007904
    ],
    [
        0.9816477298736572,
        0.037553850561380386,
        -0.18696896731853485,
        0.13708986341953278,
        -0.03637417405843735,
        0.9992907643318176,
        0.009737396612763405,
        -0.06718997657299042,
        0.1872020661830902,
        -0.0027578508015722036,
        0.9823174476623535,
        0.507807195186615
    ],
    [
        0.9703560471534729,
        0.046646419912576675,
        -0.2371351420879364,
        0.16480322182178497,
        -0.045082032680511475,
        0.9989109635353088,
        0.012018458917737007,
        -0.08855440467596054,
        0.23743750154972076,
        -0.0009716527420096099,
        0.9714023470878601,
        0.6888701319694519
    ],
    [
        0.9594612121582031,
        0.05159395933151245,
        -0.27707794308662415,
        0.1669945865869522,
        -0.05009756237268448,
        0.9986662864685059,
        0.012481983751058578,
        -0.10833277553319931,
        0.2773524224758148,
        0.0019049503607675433,
        0.9607662558555603,
        0.8731520175933838
    ],
    [
        0.9470379948616028,
        0.056671421974897385,
        -0.316081166267395,
        0.16861845552921295,
        -0.055340833961963654,
        0.9983804225921631,
        0.013192057609558105,
        -0.12944068014621735,
        0.3163168728351593,
        0.004998818971216679,
        0.9486404657363892,
        1.064399242401123
    ],
    [
        0.9318175315856934,
        0.06203291192650795,
        -0.3575863540172577,
        0.16250257194042206,
        -0.06167055293917656,
        0.9980192184448242,
        0.012428700923919678,
        -0.15365251898765564,
        0.3576490581035614,
        0.010471269488334656,
        0.9337973594665527,
        1.2673532962799072
    ],
    [
        0.9164296984672546,
        0.06721685081720352,
        -0.3945104777812958,
        0.1529356986284256,
        -0.06791502237319946,
        0.9976164102554321,
        0.012210801243782043,
        -0.17472414672374725,
        0.3943908214569092,
        0.015602841041982174,
        0.9188103675842285,
        1.4453908205032349
    ],
    [
        0.8990652561187744,
        0.07253880798816681,
        -0.4317637085914612,
        0.1421215981245041,
        -0.07423820346593857,
        0.99715656042099,
        0.012941256165504456,
        -0.19610080122947693,
        0.4314747452735901,
        0.020418334752321243,
        0.9018939733505249,
        1.6343809366226196
    ],
    [
        0.880492627620697,
        0.07695984095335007,
        -0.46777114272117615,
        0.10991097241640091,
        -0.08040943741798401,
        0.9966819882392883,
        0.012622794136404991,
        -0.21386195719242096,
        0.46719059348106384,
        0.026498939841985703,
        0.8837594389915466,
        1.8519165515899658
    ],
    [
        0.8643546104431152,
        0.08158434927463531,
        -0.49622079730033875,
        0.08195756375789642,
        -0.08528626710176468,
        0.9962400197982788,
        0.015235209837555885,
        -0.23688384890556335,
        0.49559807777404785,
        0.029152194038033485,
        0.8680625557899475,
        2.0437588691711426
    ],
    [
        0.8481001853942871,
        0.08371851593255997,
        -0.5231800675392151,
        0.06353116780519485,
        -0.08684303611516953,
        0.9960481524467468,
        0.01860947348177433,
        -0.2613426148891449,
        0.5226703882217407,
        0.029651856049895287,
        0.8520189523696899,
        2.232076406478882
    ],
    [
        0.8293047547340393,
        0.08727782219648361,
        -0.5519387125968933,
        0.024120206013321877,
        -0.08936049789190292,
        0.9957293272018433,
        0.023187406361103058,
        -0.28744614124298096,
        0.5516051054000854,
        0.030092082917690277,
        0.8335623741149902,
        2.4603869915008545
    ],
    [
        0.8146222233772278,
        0.08906273543834686,
        -0.5731129050254822,
        -0.030253387987613678,
        -0.09085496515035629,
        0.9955357909202576,
        0.02556682378053665,
        -0.3031247556209564,
        0.5728316307067871,
        0.031242864206433296,
        0.8190773725509644,
        2.651968240737915
    ],
    [
        0.8032688498497009,
        0.09187036007642746,
        -0.5884886980056763,
        -0.10266754031181335,
        -0.0921342745423317,
        0.9953060150146484,
        0.02961915172636509,
        -0.3244357407093048,
        0.5884473919868469,
        0.030427856370806694,
        0.8079626560211182,
        2.8256492614746094
    ],
    [
        0.792473554611206,
        0.09427037835121155,
        -0.6025767922401428,
        -0.1948588341474533,
        -0.09332485496997833,
        0.9950906038284302,
        0.03294201195240021,
        -0.344481498003006,
        0.6027238965034485,
        0.030129723250865936,
        0.7973806858062744,
        3.0073843002319336
    ],
    [
        0.7799593806266785,
        0.09515687823295593,
        -0.6185535788536072,
        -0.2670859098434448,
        -0.09449251741170883,
        0.9949479103088379,
        0.033911071717739105,
        -0.36053669452667236,
        0.6186553835868835,
        0.03199941664934158,
        0.7850103974342346,
        3.1697182655334473
    ],
    [
        0.7594444751739502,
        0.09960644692182541,
        -0.6429017186164856,
        -0.3098069429397583,
        -0.10065361112356186,
        0.9943004846572876,
        0.035149868577718735,
        -0.38319286704063416,
        0.6427385807037354,
        0.03801601007580757,
        0.7651416063308716,
        3.3359014987945557
    ],
    [
        0.7341665625572205,
        0.10156648606061935,
        -0.6713297963142395,
        -0.36835601925849915,
        -0.10793935507535934,
        0.9936330318450928,
        0.0322856642305851,
        -0.3939879536628723,
        0.6703346371650696,
        0.04875984787940979,
        0.7404552698135376,
        3.5101077556610107
    ],
    [
        0.7052204608917236,
        0.10681657493114471,
        -0.7008953094482422,
        -0.4205881953239441,
        -0.1153162270784378,
        0.9927027225494385,
        0.03526024892926216,
        -0.416204571723938,
        0.6995471715927124,
        0.05595835670828819,
        0.7123919725418091,
        3.672323703765869
    ],
    [
        0.6719211339950562,
        0.11136884987354279,
        -0.7322015166282654,
        -0.46648889780044556,
        -0.12258287519216537,
        0.9917169809341431,
        0.038350582122802734,
        -0.4316251873970032,
        0.7304077744483948,
        0.06398680806159973,
        0.6800075173377991,
        3.828256607055664
    ],
    [
        0.6231853365898132,
        0.11909188330173492,
        -0.7729535698890686,
        -0.49674662947654724,
        -0.13141609728336334,
        0.9902305603027344,
        0.04661581665277481,
        -0.460447758436203,
        0.7709539532661438,
        0.07252823561429977,
        0.6327479481697083,
        4.003664970397949
    ],
    [
        0.5680023431777954,
        0.1242404654622078,
        -0.8135955929756165,
        -0.5253570675849915,
        -0.13866470754146576,
        0.9888553023338318,
        0.05419645085930824,
        -0.48342782258987427,
        0.8112616539001465,
        0.08203327655792236,
        0.5788998007774353,
        4.174257755279541
    ],
    [
        0.5122346878051758,
        0.12632128596305847,
        -0.8495049476623535,
        -0.5765975713729858,
        -0.14708325266838074,
        0.9874138832092285,
        0.05814003571867943,
        -0.49285224080085754,
        0.8461571931838989,
        0.0951666310429573,
        0.5243673324584961,
        4.321609020233154
    ],
    [
        0.44171276688575745,
        0.12912680208683014,
        -0.8878153562545776,
        -0.6279030442237854,
        -0.15406152606010437,
        0.9858055114746094,
        0.06672891229391098,
        -0.5148025751113892,
        0.883829653263092,
        0.10730317234992981,
        0.4553362727165222,
        4.477299690246582
    ]
]