[
    [
        0.9999824166297913,
        -0.004166095517575741,
        -0.004212485626339912,
        0.018442371860146523,
        0.004171818494796753,
        0.9999904036521912,
        0.0013505948008969426,
        0.06877291947603226,
        0.004206819459795952,
        -0.0013681449927389622,
        0.9999901056289673,
        0.15470172464847565
    ],
    [
        0.9999825358390808,
        -0.004213647451251745,
        -0.0041313874535262585,
        0.018525652587413788,
        0.004219057969748974,
        0.9999902844429016,
        0.0013018753379583359,
        0.07337735593318939,
        0.0041258614510297775,
        -0.0013192830374464393,
        0.999990701675415,
        0.16418227553367615
    ],
    [
        0.999982476234436,
        -0.004220415372401476,
        -0.004166329745203257,
        0.018994558602571487,
        0.004226497374475002,
        0.9999899864196777,
        0.0014519235119223595,
        0.077740877866745,
        0.004160159733146429,
        -0.0014695065328851342,
        0.9999902248382568,
        0.17421060800552368
    ],
    [
        0.9999824166297913,
        -0.0042872256599366665,
        -0.0040982565842568874,
        0.019159814342856407,
        0.004292699508368969,
        0.9999898672103882,
        0.0013279477134346962,
        0.08249358832836151,
        0.00409252243116498,
        -0.001345517230220139,
        0.999990701675415,
        0.18360945582389832
    ],
    [
        0.9999816417694092,
        -0.004432412330061197,
        -0.004151972942054272,
        0.019775833934545517,
        0.004438006319105625,
        0.9999892115592957,
        0.001339185400865972,
        0.08731726557016373,
        0.004145991988480091,
        -0.001357586937956512,
        0.9999905824661255,
        0.19342127442359924
    ],
    [
        0.9999812245368958,
        -0.004500481765717268,
        -0.004145530052483082,
        0.020160280168056488,
        0.004505664110183716,
        0.9999890327453613,
        0.0012415879173204303,
        0.09197214990854263,
        0.004139897413551807,
        -0.001260243123397231,
        0.999990701675415,
        0.2030223160982132
    ],
    [
        0.9999809861183167,
        -0.004556040279567242,
        -0.004145523067563772,
        0.020539524033665657,
        0.004561703652143478,
        0.9999887347221375,
        0.001357874134555459,
        0.09651446342468262,
        0.004139290191233158,
        -0.0013767589116469026,
        0.9999904632568359,
        0.21265669167041779
    ],
    [
        0.9999802112579346,
        -0.004680031910538673,
        -0.004214653745293617,
        0.021066052839159966,
        0.004685122985392809,
        0.9999882578849792,
        0.001198857557028532,
        0.1011943370103836,
        0.004208993632346392,
        -0.001218579476699233,
        0.9999904632568359,
        0.22212858498096466
    ],
    [
        0.9999804496765137,
        -0.004639847204089165,
        -0.00422755116596818,
        0.02152923494577408,
        0.004645335953682661,
        0.9999884366989136,
        0.0012893140083178878,
        0.10745946317911148,
        0.0042215208522975445,
        -0.0013089270796626806,
        0.9999902248382568,
        0.23514139652252197
    ],
    [
        0.9999800324440002,
        -0.004673539660871029,
        -0.0042600785382092,
        0.02196282148361206,
        0.004679724108427763,
        0.9999880194664001,
        0.001442725770175457,
        0.11186885833740234,
        0.004253284074366093,
        -0.0014626331394538283,
        0.9999898672103882,
        0.24483521282672882
    ],
    [
        0.9999796152114868,
        -0.00473760673776269,
        -0.004292113706469536,
        0.02232637256383896,
        0.004744141828268766,
        0.9999875426292419,
        0.0015135325957089663,
        0.11640298366546631,
        0.004284888971596956,
        -0.001533863483928144,
        0.9999897480010986,
        0.2545231282711029
    ],
    [
        0.9999797940254211,
        -0.004743221215903759,
        -0.004257200751453638,
        0.022728465497493744,
        0.0047501991502940655,
        0.9999874234199524,
        0.0016306384932249784,
        0.12106160819530487,
        0.004249412566423416,
        -0.001650828286074102,
        0.9999895095825195,
        0.26439762115478516
    ],
    [
        0.9999793767929077,
        -0.004813685081899166,
        -0.004262910690158606,
        0.02308231219649315,
        0.004820532165467739,
        0.9999870657920837,
        0.0015973984263837337,
        0.12590742111206055,
        0.004255167208611965,
        -0.0016179154627025127,
        0.9999896287918091,
        0.2742205858230591
    ],
    [
        0.9999790787696838,
        -0.004842742346227169,
        -0.004285696893930435,
        0.023385604843497276,
        0.004849828314036131,
        0.9999868869781494,
        0.0016445745714008808,
        0.13029049336910248,
        0.004277676343917847,
        -0.0016653257189318538,
        0.9999895095825195,
        0.283721923828125
    ],
    [
        0.9999786615371704,
        -0.0049483925104141235,
        -0.00426815589889884,
        0.023714786395430565,
        0.004955667071044445,
        0.9999862313270569,
        0.001695410581305623,
        0.13516268134117126,
        0.004259709268808365,
        -0.001716526341624558,
        0.9999895095825195,
        0.2934286594390869
    ],
    [
        0.9999785423278809,
        -0.004926778841763735,
        -0.004327972885221243,
        0.024192458018660545,
        0.0049341884441673756,
        0.999986469745636,
        0.0017031116876751184,
        0.13957400619983673,
        0.004319523461163044,
        -0.0017244304763153195,
        0.9999891519546509,
        0.3031498193740845
    ],
    [
        0.9999780654907227,
        -0.004983147140592337,
        -0.0043597714975476265,
        0.02471843734383583,
        0.004990680608898401,
        0.9999860525131226,
        0.0017186955083161592,
        0.1458340436220169,
        0.004351146053522825,
        -0.0017404155805706978,
        0.9999890327453613,
        0.31588906049728394
    ],
    [
        0.9999772906303406,
        -0.005093262065201998,
        -0.004397293087095022,
        0.02517423965036869,
        0.005101040005683899,
        0.99998539686203,
        0.0017591119976714253,
        0.1505054235458374,
        0.0043882704339921474,
        -0.0017815029714256525,
        0.9999887943267822,
        0.32559069991111755
    ],
    [
        0.9999771118164062,
        -0.005064100027084351,
        -0.004466497339308262,
        0.02552209049463272,
        0.005072432570159435,
        0.99998539686203,
        0.0018562793266028166,
        0.15492254495620728,
        0.004457030910998583,
        -0.0018788937013596296,
        0.999988317489624,
        0.3352581560611725
    ],
    [
        0.999976634979248,
        -0.005162251181900501,
        -0.004492507316172123,
        0.02603318728506565,
        0.005170214455574751,
        0.9999850392341614,
        0.0017627381021156907,
        0.15988171100616455,
        0.004483341239392757,
        -0.001785924076102674,
        0.9999884366989136,
        0.3447515070438385
    ],
    [
        0.9999760985374451,
        -0.0052542597986757755,
        -0.0045043169520795345,
        0.026625141501426697,
        0.005262981168925762,
        0.9999843239784241,
        0.0019268491305410862,
        0.1641576737165451,
        0.004494122229516506,
        -0.0019505089148879051,
        0.9999879598617554,
        0.3547664284706116
    ],
    [
        0.9999752640724182,
        -0.005343710072338581,
        -0.00457080127671361,
        0.026922699064016342,
        0.0053521511144936085,
        0.999984085559845,
        0.001836497918702662,
        0.16940204799175262,
        0.0045609138906002045,
        -0.001860916381701827,
        0.9999878406524658,
        0.36421093344688416
    ],
    [
        0.9999741911888123,
        -0.005531344562768936,
        -0.004609229508787394,
        0.027524705976247787,
        0.005540481302887201,
        0.9999827146530151,
        0.0019718799740076065,
        0.17339912056922913,
        0.0045982422307133675,
        -0.00199736631475389,
        0.9999874830245972,
        0.374136358499527
    ],
    [
        0.9999733567237854,
        -0.005613778252154589,
        -0.004664813634008169,
        0.027764692902565002,
        0.005623628385365009,
        0.9999819397926331,
        0.002101220889016986,
        0.1781332939863205,
        0.004652932286262512,
        -0.002127398271113634,
        0.999987006187439,
        0.3834431767463684
    ],
    [
        0.9999722242355347,
        -0.005778276827186346,
        -0.004716799594461918,
        0.028542563319206238,
        0.005788522306829691,
        0.9999808669090271,
        0.002161341719329357,
        0.18417178094387054,
        0.004704220686107874,
        -0.002188584767282009,
        0.9999865293502808,
        0.3965422809123993
    ]
]