[
    [
        0.9904938340187073,
        -0.027066564187407494,
        0.13486751914024353,
        0.3132043778896332,
        0.024995511397719383,
        0.9995425939559937,
        0.01702621392905712,
        -0.025656502693891525,
        -0.13526666164398193,
        -0.013493278995156288,
        0.990717351436615,
        0.269980251789093
    ],
    [
        0.9838305711746216,
        -0.033643998205661774,
        0.1759132444858551,
        0.41572707891464233,
        0.029924482107162476,
        0.9992698431015015,
        0.023754969239234924,
        -0.030765054747462273,
        -0.17658400535583496,
        -0.018106751143932343,
        0.9841190576553345,
        0.3676398992538452
    ],
    [
        0.9742972254753113,
        -0.0401737354695797,
        0.22165554761886597,
        0.515653133392334,
        0.034148428589105606,
        0.9989374279975891,
        0.030950389802455902,
        -0.03533783555030823,
        -0.22266340255737305,
        -0.022585686296224594,
        0.9746336936950684,
        0.48339638113975525
    ],
    [
        0.9612619280815125,
        -0.046432677656412125,
        0.271697461605072,
        0.6143699884414673,
        0.03764447942376137,
        0.9985884428024292,
        0.03747154027223587,
        -0.03735833615064621,
        -0.2730538547039032,
        -0.02579205110669136,
        0.9616530537605286,
        0.6241726279258728
    ],
    [
        0.9453392624855042,
        -0.05460958927869797,
        0.32148340344429016,
        0.717175304889679,
        0.04251242056488991,
        0.9981029033660889,
        0.04453521966934204,
        -0.04484033212065697,
        -0.32330551743507385,
        -0.02843385376036167,
        0.9458673596382141,
        0.7622037529945374
    ],
    [
        0.9274141788482666,
        -0.06409568339586258,
        0.36850324273109436,
        0.835513710975647,
        0.048193346709012985,
        0.9974727034568787,
        0.05220714956521988,
        -0.06091303378343582,
        -0.3709182143211365,
        -0.030658241361379623,
        0.9281593561172485,
        0.8992199897766113
    ],
    [
        0.908444881439209,
        -0.07298797369003296,
        0.41158297657966614,
        0.9627429246902466,
        0.05448772385716438,
        0.9969133734703064,
        0.05652223899960518,
        -0.06492163240909576,
        -0.41443803906440735,
        -0.02892112173140049,
        0.9096178412437439,
        1.0288487672805786
    ],
    [
        0.8889638185501099,
        -0.08186603337526321,
        0.4506010413169861,
        1.0981758832931519,
        0.060791388154029846,
        0.9962802529335022,
        0.06107433885335922,
        -0.07491368055343628,
        -0.45392486453056335,
        -0.026900216937065125,
        0.8906338214874268,
        1.167086124420166
    ],
    [
        0.8685637712478638,
        -0.0876489132642746,
        0.4877648949623108,
        1.2177375555038452,
        0.06451291590929031,
        0.995857834815979,
        0.0640723928809166,
        -0.08701982349157333,
        -0.4913603663444519,
        -0.02418382465839386,
        0.8706204891204834,
        1.293868064880371
    ],
    [
        0.84909588098526,
        -0.091454416513443,
        0.5202617049217224,
        1.3335978984832764,
        0.06657262146472931,
        0.9955726265907288,
        0.06635694205760956,
        -0.09655137360095978,
        -0.5240269899368286,
        -0.02170821651816368,
        0.8514249324798584,
        1.4290763139724731
    ],
    [
        0.8317146897315979,
        -0.09587724506855011,
        0.546862006187439,
        1.4605960845947266,
        0.06990616023540497,
        0.9952219128608704,
        0.06816552579402924,
        -0.10477855801582336,
        -0.5507846474647522,
        -0.01846524514257908,
        0.8344430327415466,
        1.5790927410125732
    ],
    [
        0.8185449838638306,
        -0.09834180027246475,
        0.5659619569778442,
        1.5920730829238892,
        0.0709102600812912,
        0.994999885559082,
        0.07033482193946838,
        -0.12056857347488403,
        -0.5700489282608032,
        -0.0174397062510252,
        0.82142573595047,
        1.7226471900939941
    ],
    [
        0.8072959184646606,
        -0.09950035065412521,
        0.5816982984542847,
        1.7216163873672485,
        0.07103099673986435,
        0.9949009418487549,
        0.07160062342882156,
        -0.13487789034843445,
        -0.5858564972877502,
        -0.01648428477346897,
        0.8102471232414246,
        1.8674951791763306
    ],
    [
        0.7965725660324097,
        -0.09948532283306122,
        0.5963010191917419,
        1.8476232290267944,
        0.07045865058898926,
        0.9949225187301636,
        0.07186765223741531,
        -0.1465246081352234,
        -0.6004229784011841,
        -0.015233228914439678,
        0.7995374202728271,
        2.019955635070801
    ],
    [
        0.7867795825004578,
        -0.101994588971138,
        0.6087486743927002,
        1.9765779972076416,
        0.07105760276317596,
        0.9946625828742981,
        0.07481497526168823,
        -0.16804328560829163,
        -0.6131302714347839,
        -0.015606679022312164,
        0.7898277044296265,
        2.173628807067871
    ],
    [
        0.7765979170799255,
        -0.10419917851686478,
        0.6213198304176331,
        2.1037909984588623,
        0.07203447818756104,
        0.9944457411766052,
        0.07673764228820801,
        -0.18470293283462524,
        -0.6258648037910461,
        -0.014837847091257572,
        0.779790461063385,
        2.3313772678375244
    ],
    [
        0.7623245716094971,
        -0.10608763247728348,
        0.6384407877922058,
        2.2141387462615967,
        0.07347650825977325,
        0.9942824840545654,
        0.07748271524906158,
        -0.196531742811203,
        -0.6430103778839111,
        -0.012156576849520206,
        0.7657609581947327,
        2.498511552810669
    ],
    [
        0.7491446137428284,
        -0.10803621262311935,
        0.6535369753837585,
        2.331470489501953,
        0.07374627143144608,
        0.9940794706344604,
        0.07979650795459747,
        -0.21549010276794434,
        -0.6582885980606079,
        -0.01158320065587759,
        0.7526764273643494,
        2.6570494174957275
    ],
    [
        0.7384961843490601,
        -0.10907020419836044,
        0.6653774380683899,
        2.456207275390625,
        0.07559335976839066,
        0.9940012693405151,
        0.07903862744569778,
        -0.22631075978279114,
        -0.6700068116188049,
        -0.008071606047451496,
        0.7423111796379089,
        2.798644542694092
    ],
    [
        0.7279808521270752,
        -0.10993315279483795,
        0.6767262816429138,
        2.5871260166168213,
        0.07848235964775085,
        0.9939344525337219,
        0.07703660428524017,
        -0.23390889167785645,
        -0.6810905337333679,
        -0.00297009339556098,
        0.7321931719779968,
        2.9440526962280273
    ],
    [
        0.7146391868591309,
        -0.11507181823253632,
        0.6899632215499878,
        2.7196097373962402,
        0.08169220387935638,
        0.9933559894561768,
        0.08105770498514175,
        -0.25086942315101624,
        -0.6947065591812134,
        -0.0015623938525095582,
        0.7192915678024292,
        3.099595069885254
    ],
    [
        0.6956056356430054,
        -0.12575730681419373,
        0.7073315978050232,
        2.844670295715332,
        0.08892850577831268,
        0.9920605421066284,
        0.0889253243803978,
        -0.26880037784576416,
        -0.7128986716270447,
        0.0010449945693835616,
        0.7012662291526794,
        3.2618842124938965
    ],
    [
        0.6717134714126587,
        -0.14011409878730774,
        0.7274401783943176,
        2.9610378742218018,
        0.10176712274551392,
        0.9900939464569092,
        0.096733458340168,
        -0.27898362278938293,
        -0.7337877750396729,
        0.009052334353327751,
        0.6793184280395508,
        3.426480770111084
    ],
    [
        0.6568812727928162,
        -0.14886923134326935,
        0.7391515374183655,
        3.0830330848693848,
        0.10511153936386108,
        0.9888226389884949,
        0.10574215650558472,
        -0.2961950898170471,
        -0.7466315031051636,
        0.008233326487243176,
        0.665186882019043,
        3.568769693374634
    ],
    [
        0.6554202437400818,
        -0.14495109021663666,
        0.7412244081497192,
        3.205256462097168,
        0.09739849716424942,
        0.9894371628761292,
        0.10736703872680664,
        -0.305888831615448,
        -0.7489578723907471,
        0.0018236050382256508,
        0.6626151204109192,
        3.672924518585205
    ]
]