[
    [
        0.9978705048561096,
        0.008884205482900143,
        -0.06461754441261292,
        0.06593088060617447,
        -0.008765687234699726,
        0.9999592900276184,
        0.0021174319554120302,
        0.028983179479837418,
        0.06463373452425003,
        -0.0015465054893866181,
        0.9979077577590942,
        -0.1687755286693573
    ],
    [
        0.9971780776977539,
        0.010339486412703991,
        -0.07435707002878189,
        0.07181961089372635,
        -0.010136480443179607,
        0.9999437928199768,
        0.0031070199329406023,
        0.030735298991203308,
        0.07438501715660095,
        -0.0023445324040949345,
        0.997226893901825,
        -0.1900140643119812
    ],
    [
        0.9965146780014038,
        0.011784647591412067,
        -0.0825810432434082,
        0.07515204697847366,
        -0.01154325157403946,
        0.9999275803565979,
        0.003399984445422888,
        0.03623694181442261,
        0.08261512964963913,
        -0.002434880705550313,
        0.9965785145759583,
        -0.21694767475128174
    ],
    [
        0.9961825609207153,
        0.012635359540581703,
        -0.08637463301420212,
        0.07669205963611603,
        -0.012366111390292645,
        0.9999169111251831,
        0.0036515898536890745,
        0.041784532368183136,
        0.08641359210014343,
        -0.0025695322547107935,
        0.9962559938430786,
        -0.23588868975639343
    ],
    [
        0.996073842048645,
        0.012980560772120953,
        -0.08756890892982483,
        0.0804266408085823,
        -0.012678856030106544,
        0.9999115467071533,
        0.0040006861090660095,
        0.04327758401632309,
        0.08761311322450638,
        -0.0028747052419930696,
        0.9961504936218262,
        -0.2661146819591522
    ],
    [
        0.9960127472877502,
        0.013099940493702888,
        -0.08824368566274643,
        0.0821305438876152,
        -0.01282444130629301,
        0.9999109506607056,
        0.003688280237838626,
        0.0429852232336998,
        0.08828414231538773,
        -0.0025418982841074467,
        0.9960921406745911,
        -0.2875036597251892
    ],
    [
        0.9960071444511414,
        0.013508339412510395,
        -0.08824670314788818,
        0.08699233829975128,
        -0.013211861252784729,
        0.9999049305915833,
        0.003942904062569141,
        0.04487806558609009,
        0.08829158544540405,
        -0.002761256881058216,
        0.996090829372406,
        -0.3146616816520691
    ],
    [
        0.9960942268371582,
        0.013271123170852661,
        -0.08729395270347595,
        0.09528999775648117,
        -0.012953327037394047,
        0.9999071955680847,
        0.004205998033285141,
        0.05033760145306587,
        0.08734167367219925,
        -0.003058822825551033,
        0.9961736798286438,
        -0.3483298122882843
    ],
    [
        0.9960786700248718,
        0.013112741522490978,
        -0.08749490231275558,
        0.10061468929052353,
        -0.012837998569011688,
        0.9999107122421265,
        0.0037021080497652292,
        0.050706759095191956,
        0.08753563463687897,
        -0.0025643317494541407,
        0.9961581826210022,
        -0.3733506202697754
    ],
    [
        0.9963632822036743,
        0.012762296944856644,
        -0.0842452272772789,
        0.11229170858860016,
        -0.012496799230575562,
        0.9999151229858398,
        0.0036781064700335264,
        0.053175393491983414,
        0.08428501337766647,
        -0.0026119351387023926,
        0.9964382648468018,
        -0.40389686822891235
    ],
    [
        0.9967209696769714,
        0.01199678611010313,
        -0.08002039790153503,
        0.12453199177980423,
        -0.011728298850357533,
        0.9999238848686218,
        0.003824420040473342,
        0.05787763372063637,
        0.0800601914525032,
        -0.002873376477509737,
        0.9967858791351318,
        -0.42865628004074097
    ],
    [
        0.9973442554473877,
        0.010811072774231434,
        -0.07202441990375519,
        0.14755526185035706,
        -0.010596402920782566,
        0.9999382495880127,
        0.0033619452733546495,
        0.06252884119749069,
        0.07205631583929062,
        -0.0025898171588778496,
        0.9973973035812378,
        -0.459045946598053
    ],
    [
        0.998276948928833,
        0.008585719391703606,
        -0.0580468624830246,
        0.17952699959278107,
        -0.008406717330217361,
        0.9999591112136841,
        0.003327242797240615,
        0.06798576563596725,
        0.05807305499911308,
        -0.0028335265815258026,
        0.9983084201812744,
        -0.48403236269950867
    ],
    [
        0.9990003705024719,
        0.006390464957803488,
        -0.04424281045794487,
        0.21122053265571594,
        -0.006235148292034864,
        0.9999738931655884,
        0.00364764966070652,
        0.0716373398900032,
        0.04426496475934982,
        -0.0033681432250887156,
        0.999014139175415,
        -0.5015440583229065
    ],
    [
        0.9998254179954529,
        0.0029249773360788822,
        -0.018456296995282173,
        0.2600848972797394,
        -0.002870857482776046,
        0.9999915361404419,
        0.0029581692069768906,
        0.07101830095052719,
        0.018464792519807816,
        -0.002904667053371668,
        0.9998252987861633,
        -0.5198796987533569
    ],
    [
        0.99998939037323,
        -1.7420479707652703e-05,
        0.004605711903423071,
        0.2944778800010681,
        1.8995133359567262e-06,
        0.9999943375587463,
        0.0033698170445859432,
        0.06839512288570404,
        -0.00460574496537447,
        -0.0033697718754410744,
        0.9999837875366211,
        -0.535071849822998
    ],
    [
        0.9993593692779541,
        -0.004088732413947582,
        0.035553209483623505,
        0.33588144183158875,
        0.00396948866546154,
        0.9999862313270569,
        0.003423876129090786,
        0.0666513666510582,
        -0.03556671738624573,
        -0.0032805558294057846,
        0.9993619322776794,
        -0.5524373054504395
    ],
    [
        0.9982445240020752,
        -0.00684100016951561,
        0.0588311105966568,
        0.36591222882270813,
        0.00664400914683938,
        0.9999716877937317,
        0.003543371567502618,
        0.06585819274187088,
        -0.05885367840528488,
        -0.0031462772749364376,
        0.9982616305351257,
        -0.5682172775268555
    ],
    [
        0.9960271716117859,
        -0.010780397802591324,
        0.08839443325996399,
        0.4060085713863373,
        0.010467445477843285,
        0.9999372959136963,
        0.004003199748694897,
        0.06443273276090622,
        -0.08843204379081726,
        -0.0030620326288044453,
        0.9960774779319763,
        -0.5892778635025024
    ],
    [
        0.9928600192070007,
        -0.014199829660356045,
        0.11843694746494293,
        0.44575434923171997,
        0.013819808140397072,
        0.9998963475227356,
        0.004029348958283663,
        0.06112156808376312,
        -0.11848188936710358,
        -0.0023638035636395216,
        0.992953360080719,
        -0.6058338284492493
    ],
    [
        0.9898341298103333,
        -0.01688886061310768,
        0.14122028648853302,
        0.47408539056777954,
        0.016368789598345757,
        0.999854326248169,
        0.004843590781092644,
        0.06071680039167404,
        -0.14128150045871735,
        -0.00248274696059525,
        0.9899663925170898,
        -0.6181522011756897
    ],
    [
        0.9852694272994995,
        -0.020074201747775078,
        0.16982679069042206,
        0.5075621008872986,
        0.01950632594525814,
        0.9997972249984741,
        0.005011812783777714,
        0.06071724370121956,
        -0.16989296674728394,
        -0.0016252893256023526,
        0.9854612946510315,
        -0.6331303715705872
    ],
    [
        0.981478214263916,
        -0.022479938343167305,
        0.19025054574012756,
        0.5313546061515808,
        0.021747248247265816,
        0.9997459053993225,
        0.005938365124166012,
        0.05982264131307602,
        -0.1903357058763504,
        -0.0016909502446651459,
        0.9817177057266235,
        -0.646060049533844
    ],
    [
        0.9757790565490723,
        -0.025502627715468407,
        0.2172669917345047,
        0.5591568946838379,
        0.02472858875989914,
        0.9996744394302368,
        0.006281169131398201,
        0.05724729970097542,
        -0.21735644340515137,
        -0.0007563267718069255,
        0.9760920405387878,
        -0.6647748351097107
    ],
    [
        0.9692762494087219,
        -0.028520628809928894,
        0.24431566894054413,
        0.5878976583480835,
        0.027677129954099655,
        0.999593198299408,
        0.006885531358420849,
        0.053529009222984314,
        -0.24441266059875488,
        8.797387999948114e-05,
        0.9696713089942932,
        -0.6842764019966125
    ]
]