[
    [
        0.9999959468841553,
        -0.00112541439011693,
        -0.002615113975480199,
        0.09493798762559891,
        0.0011226474307477474,
        0.9999987483024597,
        -0.0010594942141324282,
        0.0034549846313893795,
        0.0026163035072386265,
        0.0010565537959337234,
        0.9999960660934448,
        -0.017085731029510498
    ],
    [
        0.9999955296516418,
        -0.0012102652108296752,
        -0.002775301691144705,
        0.09971754997968674,
        0.0012070010416209698,
        0.9999986290931702,
        -0.0011774611193686724,
        0.0036702074576169252,
        0.002776722889393568,
        0.0011741056805476546,
        0.9999953508377075,
        -0.017946666106581688
    ],
    [
        0.9999946355819702,
        -0.0012559335445985198,
        -0.003028122242540121,
        0.10515992343425751,
        0.0012520496966317296,
        0.9999984502792358,
        -0.001283992431126535,
        0.00389907811768353,
        0.003029729938134551,
        0.001280193799175322,
        0.9999946355819702,
        -0.01881568133831024
    ],
    [
        0.9999939799308777,
        -0.0013217423111200333,
        -0.003241253551095724,
        0.11227191239595413,
        0.0013173799961805344,
        0.9999983310699463,
        -0.0013475692830979824,
        0.004172711633145809,
        0.003243029583245516,
        0.001343290787190199,
        0.9999938011169434,
        -0.01996830850839615
    ],
    [
        0.9999932646751404,
        -0.0013721836730837822,
        -0.003435741877183318,
        0.11742153763771057,
        0.0013671166962012649,
        0.9999980926513672,
        -0.0014765162486582994,
        0.004493218380957842,
        0.003437761217355728,
        0.0014718088787049055,
        0.9999929666519165,
        -0.020876595750451088
    ],
    [
        0.9999926090240479,
        -0.001432692282833159,
        -0.0035876957699656487,
        0.12421538680791855,
        0.001427337876521051,
        0.9999979138374329,
        -0.0014947638846933842,
        0.004910571966320276,
        0.0035898296628147364,
        0.0014896319480612874,
        0.9999923706054688,
        -0.021972423419356346
    ],
    [
        0.9999912977218628,
        -0.0014920377871021628,
        -0.003893940942361951,
        0.129501074552536,
        0.0014862923417240381,
        0.9999978542327881,
        -0.0014777644537389278,
        0.004991151392459869,
        0.0038961367681622505,
        0.0014719647588208318,
        0.9999914169311523,
        -0.022869963198900223
    ],
    [
        0.9999903440475464,
        -0.0015497265849262476,
        -0.004114484880119562,
        0.13714545965194702,
        0.0015434265369549394,
        0.9999976754188538,
        -0.001534055219963193,
        0.005217658821493387,
        0.004116852302104235,
        0.001527689746581018,
        0.9999903440475464,
        -0.02404041588306427
    ],
    [
        0.9999895095825195,
        -0.001605206518433988,
        -0.004302594810724258,
        0.14291724562644958,
        0.0015979248564690351,
        0.9999973773956299,
        -0.0016951971920207143,
        0.005600577685981989,
        0.004305304493755102,
        0.001688303891569376,
        0.9999892711639404,
        -0.024986255913972855
    ],
    [
        0.9999884963035583,
        -0.0017482598777860403,
        -0.004472865257412195,
        0.15047100186347961,
        0.0017398783238604665,
        0.9999967217445374,
        -0.001877143164165318,
        0.005866554565727711,
        0.004476132337003946,
        0.0018693392630666494,
        0.999988317489624,
        -0.026284193620085716
    ],
    [
        0.9999878406524658,
        -0.0017813906306400895,
        -0.004596333485096693,
        0.15528792142868042,
        0.0017733174609020352,
        0.9999969005584717,
        -0.0017600191058591008,
        0.005903563462197781,
        0.004599454812705517,
        0.0017518468666821718,
        0.9999878406524658,
        -0.027047215029597282
    ],
    [
        0.9999864101409912,
        -0.0017835606122389436,
        -0.004908101633191109,
        0.16151593625545502,
        0.001774762524291873,
        0.9999967813491821,
        -0.0017964299768209457,
        0.0064453063532710075,
        0.00491128908470273,
        0.0017876946367323399,
        0.9999862909317017,
        -0.028067702427506447
    ],
    [
        0.9999856948852539,
        -0.0018535273848101497,
        -0.005031767766922712,
        0.166957825422287,
        0.0018443081062287092,
        0.9999966621398926,
        -0.001836208626627922,
        0.0065116360783576965,
        0.005035153590142727,
        0.001826901687309146,
        0.9999856948852539,
        -0.028954822570085526
    ],
    [
        0.9999842047691345,
        -0.0019511743448674679,
        -0.005288254003971815,
        0.1728411465883255,
        0.0019404597114771605,
        0.9999960064888,
        -0.00203044805675745,
        0.006879323162138462,
        0.005292195361107588,
        0.0020201541483402252,
        0.9999840259552002,
        -0.029883677139878273
    ],
    [
        0.9999830722808838,
        -0.002041182480752468,
        -0.005451795645058155,
        0.18096905946731567,
        0.002029870869591832,
        0.9999958276748657,
        -0.002079480793327093,
        0.007058743853121996,
        0.005456018261611462,
        0.002068378496915102,
        0.9999829530715942,
        -0.0312344990670681
    ],
    [
        0.9999817609786987,
        -0.002154663670808077,
        -0.005643581040203571,
        0.18708112835884094,
        0.0021421678829938173,
        0.9999953508377075,
        -0.0022191673051565886,
        0.007339585572481155,
        0.005648336838930845,
        0.0022070372942835093,
        0.9999816417694092,
        -0.03220513090491295
    ],
    [
        0.9999797344207764,
        -0.0022281764540821314,
        -0.005964669864624739,
        0.1947169154882431,
        0.002214024541899562,
        0.9999947547912598,
        -0.0023780851624906063,
        0.007785615976899862,
        0.005969937425106764,
        0.002364831045269966,
        0.9999793767929077,
        -0.03339305892586708
    ],
    [
        0.9999799132347107,
        -0.0022763696033507586,
        -0.005920203402638435,
        0.2003604918718338,
        0.002262416761368513,
        0.999994695186615,
        -0.002362531377002597,
        0.008027211762964725,
        0.005925549194216728,
        0.0023490891326218843,
        0.9999796152114868,
        -0.034435342997312546
    ],
    [
        0.9999775290489197,
        -0.0023555124644190073,
        -0.0062918514013290405,
        0.2082107663154602,
        0.002339709084481001,
        0.999994158744812,
        -0.0025178370997309685,
        0.008469457738101482,
        0.006297744810581207,
        0.0025030593387782574,
        0.9999769926071167,
        -0.035611044615507126
    ],
    [
        0.9999755620956421,
        -0.0024564918130636215,
        -0.006553773768246174,
        0.2141285240650177,
        0.002439086325466633,
        0.9999934434890747,
        -0.0026624940801411867,
        0.008745420724153519,
        0.0065602706745266914,
        0.0026464432012289762,
        0.9999749660491943,
        -0.036607950925827026
    ],
    [
        0.999973475933075,
        -0.0025787886697798967,
        -0.006816645618528128,
        0.22169086337089539,
        0.0025604080874472857,
        0.999993085861206,
        -0.0027037691324949265,
        0.008934004232287407,
        0.006823570933192968,
        0.0026862435042858124,
        0.9999730587005615,
        -0.03773683309555054
    ],
    [
        0.9999712109565735,
        -0.002639822429046035,
        -0.007108726538717747,
        0.22693070769309998,
        0.0026201042346656322,
        0.9999926686286926,
        -0.0027817473746836185,
        0.009356656111776829,
        0.007116019260138273,
        0.0027630424592643976,
        0.9999709129333496,
        -0.03849777951836586
    ],
    [
        0.9999701380729675,
        -0.002675637835636735,
        -0.007255943957716227,
        0.2327887862920761,
        0.0026545687578618526,
        0.999992311000824,
        -0.0029118454549461603,
        0.009669152088463306,
        0.007263678126037121,
        0.0028924972284585238,
        0.9999693632125854,
        -0.039374373853206635
    ],
    [
        0.9999682903289795,
        -0.0027691421564668417,
        -0.0074654510244727135,
        0.23687990009784698,
        0.0027474421076476574,
        0.9999920129776001,
        -0.0029154045041650534,
        0.009717143140733242,
        0.007473464589565992,
        0.002894800854846835,
        0.9999678134918213,
        -0.03998706117272377
    ],
    [
        0.9999679327011108,
        -0.00277797132730484,
        -0.0075209541246294975,
        0.2409314066171646,
        0.0027561914175748825,
        0.9999920725822449,
        -0.0029047257266938686,
        0.009784667752683163,
        0.007528963033109903,
        0.0028839027509093285,
        0.9999674558639526,
        -0.04072616994380951
    ]
]