[
    [
        0.9988966584205627,
        0.04669531434774399,
        -0.00500487769022584,
        -0.23303240537643433,
        -0.03626128286123276,
        0.69916170835495,
        -0.7140434384346008,
        3.9486329555511475,
        -0.029843265190720558,
        0.7134370803833008,
        0.7000834345817566,
        2.9379091262817383
    ],
    [
        0.9989623427391052,
        0.04553705453872681,
        0.0009048281353898346,
        -0.23351611196994781,
        -0.03125501424074173,
        0.6998319625854492,
        -0.7136234641075134,
        3.9267053604125977,
        -0.03312954306602478,
        0.7128546237945557,
        0.7005289793014526,
        2.954915761947632
    ],
    [
        0.9988675117492676,
        0.04601120948791504,
        0.012119054794311523,
        -0.2507053017616272,
        -0.023642776533961296,
        0.7010040283203125,
        -0.7127652764320374,
        3.9000165462493896,
        -0.04129069671034813,
        0.7116715312004089,
        0.7012978792190552,
        2.9732985496520996
    ],
    [
        0.9987553358078003,
        0.045695770531892776,
        0.019991599023342133,
        -0.2637636661529541,
        -0.017858795821666718,
        0.7018657922744751,
        -0.7120851874351501,
        3.881704568862915,
        -0.046570710837841034,
        0.7108418941497803,
        0.7018083930015564,
        2.9814400672912598
    ],
    [
        0.9984198212623596,
        0.0463947132229805,
        0.03170693665742874,
        -0.28011298179626465,
        -0.010064760223031044,
        0.7027525305747986,
        -0.7113631367683411,
        3.8575053215026855,
        -0.05528561770915985,
        0.7099199295043945,
        0.7021090388298035,
        2.9995779991149902
    ],
    [
        0.9982352256774902,
        0.045024968683719635,
        0.038716621696949005,
        -0.28218501806259155,
        -0.004118576180189848,
        0.7029178142547607,
        -0.7112591862678528,
        3.83716082572937,
        -0.05923902243375778,
        0.7098445296287537,
        0.7018628716468811,
        3.0126664638519287
    ],
    [
        0.9978823065757751,
        0.043247781693935394,
        0.04858551546931267,
        -0.28264957666397095,
        0.004086573142558336,
        0.7037865519523621,
        -0.7103997468948364,
        3.802530288696289,
        -0.06491705030202866,
        0.7090938687324524,
        0.7021194100379944,
        3.0344836711883545
    ],
    [
        0.9976011514663696,
        0.042076386511325836,
        0.05496817082166672,
        -0.2806747853755951,
        0.009425646625459194,
        0.704105019569397,
        -0.7100332975387573,
        3.779139518737793,
        -0.06857900321483612,
        0.7088481187820435,
        0.7020193338394165,
        3.052312135696411
    ],
    [
        0.9971817135810852,
        0.039738841354846954,
        0.06363518536090851,
        -0.2717812955379486,
        0.0172186940908432,
        0.704331636428833,
        -0.7096622586250305,
        3.741196393966675,
        -0.07302142679691315,
        0.7087579369544983,
        0.7016623020172119,
        3.081650733947754
    ],
    [
        0.9968260526657104,
        0.03890250250697136,
        0.06945814192295074,
        -0.2643977701663971,
        0.02200017124414444,
        0.7038866877555847,
        -0.70997154712677,
        3.7172884941101074,
        -0.07651033252477646,
        0.7092462778091431,
        0.7007967233657837,
        3.1054089069366455
    ],
    [
        0.9962112307548523,
        0.03698982298374176,
        0.07870777696371078,
        -0.24958638846874237,
        0.02996426820755005,
        0.7036254405975342,
        -0.7099390625953674,
        3.67230224609375,
        -0.0816413089632988,
        0.7096076607704163,
        0.6998511552810669,
        3.145155191421509
    ],
    [
        0.9957635998725891,
        0.03555513545870781,
        0.0847981870174408,
        -0.23781658709049225,
        0.035381853580474854,
        0.7030478119850159,
        -0.7102620005607605,
        3.6423487663269043,
        -0.08487062901258469,
        0.7102533578872681,
        0.6988112330436707,
        3.1730964183807373
    ],
    [
        0.9950071573257446,
        0.033159319311380386,
        0.0941336378455162,
        -0.21922755241394043,
        0.04383896291255951,
        0.7021169066429138,
        -0.710710883140564,
        3.5985195636749268,
        -0.08965951204299927,
        0.7112891674041748,
        0.6971576809883118,
        3.2141058444976807
    ],
    [
        0.9940663576126099,
        0.031511105597019196,
        0.10411132127046585,
        -0.20436370372772217,
        0.05232507735490799,
        0.7005835175514221,
        -0.7116493582725525,
        3.559497117996216,
        -0.09536353498697281,
        0.7128742933273315,
        0.6947776675224304,
        3.2495346069335938
    ],
    [
        0.9932111501693726,
        0.030376890674233437,
        0.112289197742939,
        -0.19803428649902344,
        0.05910731479525566,
        0.6996129155158997,
        -0.7120730876922607,
        3.536806106567383,
        -0.10018954426050186,
        0.713875949382782,
        0.6930679082870483,
        3.267443895339966
    ],
    [
        0.9916321635246277,
        0.029249660670757294,
        0.12573853135108948,
        -0.18837571144104004,
        0.0698431059718132,
        0.69758540391922,
        -0.7130895256996155,
        3.505835771560669,
        -0.10857097059488297,
        0.7159044742584229,
        0.6897051334381104,
        3.294001340866089
    ],
    [
        0.9904446005821228,
        0.028235778212547302,
        0.13498947024345398,
        -0.1794356405735016,
        0.07736880332231522,
        0.6965135931968689,
        -0.7133602499961853,
        3.4847323894500732,
        -0.11416429281234741,
        0.7169877290725708,
        0.6876736879348755,
        3.309551477432251
    ],
    [
        0.9883179068565369,
        0.026495827361941338,
        0.1500861942768097,
        -0.16436249017715454,
        0.08973879367113113,
        0.6947949528694153,
        -0.7135872840881348,
        3.453897476196289,
        -0.12318623811006546,
        0.7187196612358093,
        0.6843006014823914,
        3.334902286529541
    ],
    [
        0.9867975115776062,
        0.025117360055446625,
        0.15999919176101685,
        -0.14947617053985596,
        0.0979681983590126,
        0.694098174571991,
        -0.7131829261779785,
        3.4306540489196777,
        -0.12896843254566193,
        0.7194419503211975,
        0.6824737191200256,
        3.350943088531494
    ],
    [
        0.9839782118797302,
        0.023746713995933533,
        0.17670023441314697,
        -0.13714301586151123,
        0.11127324402332306,
        0.6925724744796753,
        -0.7127142548561096,
        3.4008586406707764,
        -0.1393023431301117,
        0.7209572792053223,
        0.6788339018821716,
        3.3707640171051025
    ],
    [
        0.9817011952400208,
        0.02347017265856266,
        0.18897570669651031,
        -0.1301957666873932,
        0.12061342597007751,
        0.6913034319877625,
        -0.7124268412590027,
        3.382930040359497,
        -0.14736035466194153,
        0.7221832275390625,
        0.6758226156234741,
        3.385795831680298
    ],
    [
        0.9774322509765625,
        0.0224982388317585,
        0.2100476324558258,
        -0.11984315514564514,
        0.13691382110118866,
        0.6897435188293457,
        -0.7109912037849426,
        3.353379011154175,
        -0.16087503731250763,
        0.7237041592597961,
        0.6710972785949707,
        3.4076430797576904
    ],
    [
        0.9738262295722961,
        0.022145843133330345,
        0.22621217370033264,
        -0.11792919784784317,
        0.14914149045944214,
        0.6887710094451904,
        -0.7094725370407104,
        3.333897352218628,
        -0.17152027785778046,
        0.7246406674385071,
        0.6674404740333557,
        3.4203248023986816
    ],
    [
        0.9674984812736511,
        0.023141691461205482,
        0.2518155872821808,
        -0.1145704984664917,
        0.1677476167678833,
        0.6864294409751892,
        -0.7075842618942261,
        3.3057823181152344,
        -0.18922831118106842,
        0.7268279790878296,
        0.6602374911308289,
        3.443314552307129
    ],
    [
        0.960128664970398,
        0.02320614829659462,
        0.2785935699939728,
        -0.10664284974336624,
        0.18791930377483368,
        0.6842394471168518,
        -0.7046294808387756,
        3.274961471557617,
        -0.20697645843029022,
        0.7288881540298462,
        0.6525969505310059,
        3.4691927433013916
    ]
]