[
    [
        0.9992179274559021,
        0.003083708230406046,
        -0.03941968083381653,
        -0.1140948235988617,
        -0.003666123142465949,
        0.9998850226402283,
        -0.014710970222949982,
        -0.32343927025794983,
        0.03936978057026863,
        0.014843988232314587,
        0.999114453792572,
        1.5376249551773071
    ],
    [
        0.9993475079536438,
        0.0028524622321128845,
        -0.036005642265081406,
        -0.1118168979883194,
        -0.0034191147424280643,
        0.9998710751533508,
        -0.015686139464378357,
        -0.3278232216835022,
        0.035956259816884995,
        0.015799008309841156,
        0.9992284774780273,
        1.5558056831359863
    ],
    [
        0.9995307922363281,
        0.002311795251443982,
        -0.03054030053317547,
        -0.10889282077550888,
        -0.0028638183139264584,
        0.9998331069946289,
        -0.01804390177130699,
        -0.33290258049964905,
        0.030493484809994698,
        0.018122900277376175,
        0.9993706941604614,
        1.5812201499938965
    ],
    [
        0.9996965527534485,
        0.0022623552940785885,
        -0.02453134022653103,
        -0.10475265234708786,
        -0.0027603749185800552,
        0.999790370464325,
        -0.020286498591303825,
        -0.3395000994205475,
        0.0244803074747324,
        0.020348062738776207,
        0.9994931221008301,
        1.6083794832229614
    ],
    [
        0.9998482465744019,
        0.0012375310761854053,
        -0.017379865050315857,
        -0.10082417726516724,
        -0.0016515498282387853,
        0.999714732170105,
        -0.023827632889151573,
        -0.34407731890678406,
        0.017345422878861427,
        0.02385273016989231,
        0.9995648860931396,
        1.6403462886810303
    ],
    [
        0.9999659657478333,
        0.0008866966818459332,
        -0.008207282051444054,
        -0.096398264169693,
        -0.0011004942934960127,
        0.9996592402458191,
        -0.026081955060362816,
        -0.35280701518058777,
        0.008181358687579632,
        0.026090102270245552,
        0.9996260404586792,
        1.6796646118164062
    ],
    [
        0.9999966025352478,
        6.503715121652931e-05,
        0.0026452308520674706,
        -0.09062379598617554,
        9.79007836576784e-06,
        0.9996001124382019,
        -0.028277704492211342,
        -0.3620126247406006,
        -0.002646011533215642,
        0.02827763371169567,
        0.9995965957641602,
        1.7252049446105957
    ],
    [
        0.9998990893363953,
        -0.0011387913255020976,
        0.014161399565637112,
        -0.08474130183458328,
        0.0015655659371986985,
        0.9995438456535339,
        -0.030162019655108452,
        -0.37059319019317627,
        -0.014120589941740036,
        0.030181141570210457,
        0.9994447231292725,
        1.7671263217926025
    ],
    [
        0.9996700286865234,
        -0.0024153273552656174,
        0.02557399496436119,
        -0.07565589249134064,
        0.0032480175141245127,
        0.999464213848114,
        -0.032568708062171936,
        -0.3771106004714966,
        -0.025481628254055977,
        0.03264102339744568,
        0.9991423487663269,
        1.807007908821106
    ],
    [
        0.9992733001708984,
        -0.0032969792373478413,
        0.037974823266267776,
        -0.06645189225673676,
        0.004572378005832434,
        0.9994267225265503,
        -0.033547647297382355,
        -0.386833131313324,
        -0.03784244507551193,
        0.03369690850377083,
        0.998715341091156,
        1.8494060039520264
    ],
    [
        0.9986962080001831,
        -0.004793873988091946,
        0.050823017954826355,
        -0.05702744796872139,
        0.006559727713465691,
        0.9993784427642822,
        -0.0346355214715004,
        -0.3945441246032715,
        -0.05062539130449295,
        0.0349237397313118,
        0.9981069564819336,
        1.893088698387146
    ],
    [
        0.9977419376373291,
        -0.006724915932863951,
        0.06682682037353516,
        -0.05484963580965996,
        0.009007299318909645,
        0.9993841648101807,
        -0.033911317586898804,
        -0.4057524800300598,
        -0.06655760854482651,
        0.0344366729259491,
        0.9971880912780762,
        1.9395605325698853
    ],
    [
        0.9964246153831482,
        -0.009604088962078094,
        0.08393891155719757,
        -0.054057527333498,
        0.012508565559983253,
        0.9993385672569275,
        -0.03414511680603027,
        -0.4140990376472473,
        -0.08355546742677689,
        0.035072993487119675,
        0.9958856701850891,
        1.9871326684951782
    ],
    [
        0.9951215982437134,
        -0.012238827534019947,
        0.09789411723613739,
        -0.056028008460998535,
        0.01565810851752758,
        0.9992911219596863,
        -0.03423669561743736,
        -0.4203166961669922,
        -0.09740571677684784,
        0.03560250997543335,
        0.9946077466011047,
        2.023148536682129
    ],
    [
        0.9929900169372559,
        -0.015104454942047596,
        0.11722911149263382,
        -0.061539437621831894,
        0.019250357523560524,
        0.9992256760597229,
        -0.03431447222828865,
        -0.42879876494407654,
        -0.1166200339794159,
        0.03633062168955803,
        0.9925119876861572,
        2.070460081100464
    ],
    [
        0.990654468536377,
        -0.018375571817159653,
        0.13515202701091766,
        -0.06500456482172012,
        0.02318890579044819,
        0.999148428440094,
        -0.03412652760744095,
        -0.4380865693092346,
        -0.1344098448753357,
        0.03694162517786026,
        0.9902370572090149,
        2.124441385269165
    ],
    [
        0.9879590272903442,
        -0.02183794602751732,
        0.15316669642925262,
        -0.06731221824884415,
        0.02724667638540268,
        0.99907386302948,
        -0.033302806317806244,
        -0.4466160833835602,
        -0.15229757130146027,
        0.03707508742809296,
        0.9876390695571899,
        2.1749210357666016
    ],
    [
        0.9851389527320862,
        -0.024829326197504997,
        0.16995513439178467,
        -0.0663362592458725,
        0.030763473361730576,
        0.9990023374557495,
        -0.032371729612350464,
        -0.454318642616272,
        -0.16898179054260254,
        0.0371190682053566,
        0.9849199056625366,
        2.219529151916504
    ],
    [
        0.9822967052459717,
        -0.027907991781830788,
        0.1852407306432724,
        -0.0627831295132637,
        0.034182749688625336,
        0.9989418983459473,
        -0.030766144394874573,
        -0.4634948968887329,
        -0.18418611586093903,
        0.0365535244345665,
        0.9822114109992981,
        2.263451337814331
    ],
    [
        0.9791756868362427,
        -0.031226519495248795,
        0.20059876143932343,
        -0.05933399870991707,
        0.037931181490421295,
        0.9988398551940918,
        -0.02966618351638317,
        -0.4708789885044098,
        -0.19943968951702118,
        0.03665735200047493,
        0.9792242646217346,
        2.308974504470825
    ],
    [
        0.9757087230682373,
        -0.033432528376579285,
        0.21650570631027222,
        -0.05701202154159546,
        0.04072209820151329,
        0.9987410306930542,
        -0.029294708743691444,
        -0.4772814214229584,
        -0.21525372564792633,
        0.037399668246507645,
        0.9758416414260864,
        2.356616735458374
    ],
    [
        0.9716163277626038,
        -0.03554195910692215,
        0.2338772714138031,
        -0.057961877435445786,
        0.04319380223751068,
        0.9986833333969116,
        -0.02767537161707878,
        -0.48588618636131287,
        -0.23258568346500397,
        0.03699189051985741,
        0.971872091293335,
        2.4048519134521484
    ],
    [
        0.9675645232200623,
        -0.03936713933944702,
        0.249537855386734,
        -0.057056039571762085,
        0.04721653088927269,
        0.9985579252243042,
        -0.025545895099639893,
        -0.4939976632595062,
        -0.248172327876091,
        0.03649961203336716,
        0.9680279493331909,
        2.444592237472534
    ],
    [
        0.9640347361564636,
        -0.04268237203359604,
        0.2623263895511627,
        -0.0469050258398056,
        0.050543755292892456,
        0.9984502196311951,
        -0.02329048328101635,
        -0.5021289587020874,
        -0.2609257400035858,
        0.035711802542209625,
        0.9646981358528137,
        2.4743244647979736
    ],
    [
        0.9590434432029724,
        -0.044589847326278687,
        0.2797272205352783,
        -0.04601854830980301,
        0.0526614673435688,
        0.9983830451965332,
        -0.021402601152658463,
        -0.510017991065979,
        -0.2783205509185791,
        0.03525687754154205,
        0.9598409533500671,
        2.522257089614868
    ]
]