[
    [
        0.9103275537490845,
        0.006231411825865507,
        -0.41384169459342957,
        -0.08499570190906525,
        6.684590334771201e-05,
        0.9998844861984253,
        0.015202775597572327,
        0.005860242526978254,
        0.4138886034488678,
        -0.013867169618606567,
        0.9102219343185425,
        -0.022782865911722183
    ],
    [
        0.9082930684089661,
        0.0066583300940692425,
        -0.418281614780426,
        -0.08575816452503204,
        -0.00011600089783314615,
        0.999877393245697,
        0.015664448961615562,
        0.006088219117373228,
        0.4183345437049866,
        -0.01417938806116581,
        0.9081823825836182,
        -0.02325725182890892
    ],
    [
        0.9062601327896118,
        0.007066925521939993,
        -0.4226614236831665,
        -0.08679921925067902,
        -0.00028163439128547907,
        0.9998701214790344,
        0.016114018857479095,
        0.0062911924906075,
        0.42272040247917175,
        -0.014484456740319729,
        0.906144380569458,
        -0.02382747270166874
    ],
    [
        0.9041687846183777,
        0.007479506079107523,
        -0.4271099865436554,
        -0.08762894570827484,
        -0.00042558449786156416,
        0.9998620748519897,
        0.01660853810608387,
        0.00637536495923996,
        0.42717525362968445,
        -0.01483515091240406,
        0.9040471315383911,
        -0.024216290563344955
    ],
    [
        0.9020717144012451,
        0.008053653873503208,
        -0.43151095509529114,
        -0.0885612741112709,
        -0.0007353460532613099,
        0.9998530745506287,
        0.017123868688941002,
        0.0065195802599191666,
        0.43158549070358276,
        -0.015129647217690945,
        0.901945173740387,
        -0.02493094652891159
    ],
    [
        0.8977986574172974,
        0.009011572226881981,
        -0.4403138756752014,
        -0.09037196636199951,
        -0.0010978999780490994,
        0.999833345413208,
        0.018224218860268593,
        0.00666598416864872,
        0.4404047131538391,
        -0.015878260135650635,
        0.8976590037345886,
        -0.026048535481095314
    ],
    [
        0.8956339359283447,
        0.009494957514107227,
        -0.4446904957294464,
        -0.09132837504148483,
        -0.001300198957324028,
        0.9998237490653992,
        0.01872939243912697,
        0.006867687683552504,
        0.44478994607925415,
        -0.016196493059396744,
        0.895488440990448,
        -0.026618601754307747
    ],
    [
        0.8934288024902344,
        0.009929419495165348,
        -0.4490950405597687,
        -0.09218450635671616,
        -0.0014398444909602404,
        0.9998138546943665,
        0.019241299480199814,
        0.007274083327502012,
        0.44920244812965393,
        -0.016544105485081673,
        0.8932768106460571,
        -0.026928691193461418
    ],
    [
        0.8912046551704407,
        0.01027003489434719,
        -0.45348504185676575,
        -0.09309651702642441,
        -0.0014331991551443934,
        0.9998024106025696,
        0.01982586272060871,
        0.007248063571751118,
        0.45359909534454346,
        -0.017018968239426613,
        0.8910434246063232,
        -0.027280224487185478
    ],
    [
        0.8889462947845459,
        0.010932334698736668,
        -0.45788103342056274,
        -0.09420285373926163,
        -0.0017951675690710545,
        0.999790608882904,
        0.020385732874274254,
        0.0076360562816262245,
        0.45800793170928955,
        -0.017299847677350044,
        0.8887797594070435,
        -0.027713924646377563
    ],
    [
        0.8844650387763977,
        0.011885404586791992,
        -0.46645501255989075,
        -0.0962689220905304,
        -0.0020913942717015743,
        0.9997664093971252,
        0.021508751437067986,
        0.007963662035763264,
        0.46660175919532776,
        -0.018048197031021118,
        0.8842833638191223,
        -0.02864261530339718
    ],
    [
        0.8821603655815125,
        0.012336933985352516,
        -0.47078749537467957,
        -0.0971008762717247,
        -0.002190534956753254,
        0.999753475189209,
        0.02209381014108658,
        0.00815510842949152,
        0.47094404697418213,
        -0.018459007143974304,
        0.8819699883460999,
        -0.029183801263570786
    ],
    [
        0.8797743916511536,
        0.012837673537433147,
        -0.47521811723709106,
        -0.09796109050512314,
        -0.0023753466084599495,
        0.9997414350509644,
        0.022609805688261986,
        0.008653722703456879,
        0.47538551688194275,
        -0.018762720748782158,
        0.8795773983001709,
        -0.02919858507812023
    ],
    [
        0.8774176836013794,
        0.013179115019738674,
        -0.47954607009887695,
        -0.09868068993091583,
        -0.0023831152357161045,
        0.9997299313545227,
        0.023114707320928574,
        0.008917456492781639,
        0.47972121834754944,
        -0.019138440489768982,
        0.8772123456001282,
        -0.02982504479587078
    ],
    [
        0.8750208020210266,
        0.013777734711766243,
        -0.48388925194740295,
        -0.09955913573503494,
        -0.0026042561512440443,
        0.9997143745422363,
        0.023755477741360664,
        0.008904538117349148,
        0.4840783178806305,
        -0.019526366144418716,
        0.8748067617416382,
        -0.03031066060066223
    ],
    [
        0.8702338933944702,
        0.014847632497549057,
        -0.49241504073143005,
        -0.1014927327632904,
        -0.0028789632488042116,
        0.9996819496154785,
        0.025055160745978355,
        0.009152178652584553,
        0.49263036251068115,
        -0.02038620598614216,
        0.8699998259544373,
        -0.03171049803495407
    ],
    [
        0.8677316308021545,
        0.015393273904919624,
        -0.49679476022720337,
        -0.10224776715040207,
        -0.0030771021265536547,
        0.9996675848960876,
        0.025600221008062363,
        0.009404296986758709,
        0.4970236122608185,
        -0.020685428753495216,
        0.8674905300140381,
        -0.032391585409641266
    ],
    [
        0.8652914762496948,
        0.01582358032464981,
        -0.5010194182395935,
        -0.10320228338241577,
        -0.003101083915680647,
        0.9996515512466431,
        0.02621600031852722,
        0.009524052031338215,
        0.5012595057487488,
        -0.02113077975809574,
        0.8650389313697815,
        -0.03294889256358147
    ],
    [
        0.8628369569778442,
        0.016270814463496208,
        -0.5052204728126526,
        -0.10404662787914276,
        -0.003100197296589613,
        0.9996333718299866,
        0.02689892239868641,
        0.009450237266719341,
        0.5054728984832764,
        -0.021643098443746567,
        0.8625710010528564,
        -0.033750880509614944
    ],
    [
        0.8603001832962036,
        0.01662641391158104,
        -0.5095164775848389,
        -0.10467077046632767,
        -0.003090694546699524,
        0.9996197819709778,
        0.02740081027150154,
        0.009904692880809307,
        0.5097783803939819,
        -0.02199815772473812,
        0.8600244522094727,
        -0.034148208796978
    ],
    [
        0.8552743792533875,
        0.01750798709690571,
        -0.5178795456886292,
        -0.10675763338804245,
        -0.0031749096233397722,
        0.99958735704422,
        0.02854977175593376,
        0.010278069414198399,
        0.518165647983551,
        -0.02277366816997528,
        0.854977011680603,
        -0.035269711166620255
    ],
    [
        0.8526758551597595,
        0.017880741506814957,
        -0.5221343040466309,
        -0.1075766310095787,
        -0.0031280438415706158,
        0.9995709657669067,
        0.02912251092493534,
        0.010494694113731384,
        0.5224310159683228,
        -0.023198802024126053,
        0.8523658514022827,
        -0.03572320193052292
    ],
    [
        0.850039005279541,
        0.018391627818346024,
        -0.5263985991477966,
        -0.10819031298160553,
        -0.003211759263649583,
        0.9995526075363159,
        0.029736550524830818,
        0.010533741675317287,
        0.5267099142074585,
        -0.023586561903357506,
        0.8497177362442017,
        -0.0367421917617321
    ],
    [
        0.8474385738372803,
        0.018785707652568817,
        -0.5305609107017517,
        -0.1090143546462059,
        -0.0031850324012339115,
        0.9995356798171997,
        0.03030352294445038,
        0.010817823000252247,
        0.5308837890625,
        -0.02399051934480667,
        0.8471049666404724,
        -0.03729723021388054
    ],
    [
        0.8421297073364258,
        0.019840409979224205,
        -0.538909912109375,
        -0.11065450310707092,
        -0.0033331625163555145,
        0.9994954466819763,
        0.031588658690452576,
        0.01073835976421833,
        0.5392647981643677,
        -0.024805473163723946,
        0.8417708873748779,
        -0.0393202044069767
    ]
]