[
    [
        0.9999977946281433,
        0.0012806027662009,
        -0.001680190907791257,
        -0.031270094215869904,
        -0.001272159512154758,
        0.9999866485595703,
        0.005016858223825693,
        -0.006477524060755968,
        0.0016865930519998074,
        -0.005014709662646055,
        0.999985933303833,
        0.12334460020065308
    ],
    [
        0.9999980330467224,
        0.001242023310624063,
        -0.0015266737900674343,
        -0.04298722371459007,
        -0.0012295674532651901,
        0.9999662041664124,
        0.00813252106308937,
        -0.00490968581289053,
        0.0015367231098935008,
        -0.008130627684295177,
        0.9999657869338989,
        0.15242154896259308
    ],
    [
        0.9999982714653015,
        0.0011783614754676819,
        -0.0015004297019913793,
        -0.05782705917954445,
        -0.0011598689015954733,
        0.9999241828918457,
        0.012266438454389572,
        -0.003995510283857584,
        0.0015147695085033774,
        -0.0122646763920784,
        0.999923586845398,
        0.18832123279571533
    ],
    [
        0.9999983906745911,
        0.0012291751336306334,
        -0.0013421009061858058,
        -0.07052376866340637,
        -0.0012078449362888932,
        0.9998747110366821,
        0.015779905021190643,
        -0.004513976629823446,
        0.0013613292248919606,
        -0.015778260305523872,
        0.9998745918273926,
        0.21758593618869781
    ],
    [
        0.9999989867210388,
        0.0008845869451761246,
        -0.0012077880091965199,
        -0.08663826435804367,
        -0.0008604920585639775,
        0.999803364276886,
        0.019806521013379097,
        -0.004975514952093363,
        0.0012250712607055902,
        -0.019805459305644035,
        0.9998031258583069,
        0.25433462858200073
    ],
    [
        0.9999991655349731,
        0.0007754844846203923,
        -0.0010512880980968475,
        -0.0989006906747818,
        -0.0007508674752898514,
        0.999730110168457,
        0.023217162117362022,
        -0.005118934903293848,
        0.0010690088383853436,
        -0.023216351866722107,
        0.9997299313545227,
        0.2834579050540924
    ],
    [
        0.9999996423721313,
        0.0003089001984335482,
        -0.0008848735014908016,
        -0.11486951261758804,
        -0.00028464983915910125,
        0.9996278882026672,
        0.02727660909295082,
        -0.005596840288490057,
        0.0008929704781621695,
        -0.02727634645998478,
        0.9996274709701538,
        0.32013869285583496
    ],
    [
        0.9999995827674866,
        0.0003201681829523295,
        -0.000967190251685679,
        -0.13118751347064972,
        -0.00028925089281983674,
        0.9994942545890808,
        0.03179867938160896,
        -0.008000793866813183,
        0.0009768819436430931,
        -0.031798381358385086,
        0.9994938373565674,
        0.3575652241706848
    ],
    [
        0.9999996423721313,
        0.00021397786622401327,
        -0.0007982513634487987,
        -0.1446051448583603,
        -0.00018558512965682894,
        0.9993731379508972,
        0.035400886088609695,
        -0.010139118880033493,
        0.0008053256897255778,
        -0.03540072590112686,
        0.9993728995323181,
        0.38619619607925415
    ],
    [
        0.9999998211860657,
        -1.5504159819101915e-05,
        -0.0005355062894523144,
        -0.16167281568050385,
        3.6774828913621604e-05,
        0.9992098808288574,
        0.039743855595588684,
        -0.011386441998183727,
        0.0005344667588360608,
        -0.03974386677145958,
        0.9992097616195679,
        0.42344120144844055
    ],
    [
        1.0,
        2.2224552594707347e-05,
        -0.00034275223151780665,
        -0.17487503588199615,
        -7.5504158303374425e-06,
        0.9990857839584351,
        0.042751677334308624,
        -0.008935450576245785,
        0.0003433897509239614,
        -0.04275166988372803,
        0.9990856647491455,
        0.4521710276603699
    ],
    [
        1.0000001192092896,
        0.00019227602751925588,
        -0.00016438780585303903,
        -0.18901467323303223,
        -0.00018455802637618035,
        0.9989538788795471,
        0.04572669044137001,
        -0.0009251454030163586,
        0.0001730072108330205,
        -0.045726656913757324,
        0.9989539384841919,
        0.4886603355407715
    ],
    [
        1.0,
        0.00036526203621178865,
        -0.0001755828270688653,
        -0.20311294496059418,
        -0.0003561879857443273,
        0.998790442943573,
        0.04916898161172867,
        0.003877027193084359,
        0.00019333022646605968,
        -0.049168914556503296,
        0.998790442943573,
        0.5246609449386597
    ],
    [
        1.0,
        -0.00010077728802571073,
        -7.018796168267727e-05,
        -0.2159741222858429,
        0.00010434770229039714,
        0.998601496219635,
        0.05286705866456032,
        2.4931025109253824e-05,
        6.476201087934896e-05,
        -0.052867066115140915,
        0.9986016154289246,
        0.5540400743484497
    ],
    [
        0.9999995231628418,
        -0.0009843511506915092,
        -5.886648432351649e-05,
        -0.23189356923103333,
        0.000986109022051096,
        0.9982844591140747,
        0.05854262411594391,
        -0.01274687610566616,
        1.1395120509405388e-06,
        -0.058542657643556595,
        0.9982848763465881,
        0.588765561580658
    ],
    [
        0.9999991059303284,
        -0.0013203580165281892,
        0.00021173041022848338,
        -0.24590113759040833,
        0.0013045072555541992,
        0.9980363845825195,
        0.06262344866991043,
        -0.0186320673674345,
        -0.0002939996193163097,
        -0.06262310594320297,
        0.9980371594429016,
        0.6175216436386108
    ],
    [
        0.9999992847442627,
        -0.0012154456926509738,
        0.000253585196333006,
        -0.2597018778324127,
        0.001196066616103053,
        0.997820258140564,
        0.0659787505865097,
        -0.012919966131448746,
        -0.00033322590752504766,
        -0.06597840040922165,
        0.9978210926055908,
        0.6532585024833679
    ],
    [
        0.9999995827674866,
        -0.0009483130997978151,
        2.4202785425586626e-05,
        -0.2681612968444824,
        0.0009444559691473842,
        0.9976724982261658,
        0.06818165630102158,
        -0.004604816902428865,
        -8.880422683432698e-05,
        -0.068181611597538,
        0.997672975063324,
        0.6823230981826782
    ],
    [
        0.9999995231628418,
        -0.0009188299300149083,
        0.000183736759936437,
        -0.2830854654312134,
        0.0009032412781380117,
        0.9974117279052734,
        0.07189667969942093,
        -0.0007941173971630633,
        -0.0002493211650289595,
        -0.07189647853374481,
        0.9974120259284973,
        0.7189533710479736
    ],
    [
        0.9999992847442627,
        -0.0011363954981788993,
        0.0005250978865660727,
        -0.30145516991615295,
        0.0010926654795184731,
        0.9970400929450989,
        0.07687493413686752,
        -0.00686716940253973,
        -0.0006109041278250515,
        -0.07687430828809738,
        0.9970405697822571,
        0.755866527557373
    ],
    [
        0.9999986886978149,
        -0.0014412928139790893,
        0.0007111976156011224,
        -0.31484830379486084,
        0.0013789882650598884,
        0.9967169165611267,
        0.0809532105922699,
        -0.012820065952837467,
        -0.0008255392895080149,
        -0.08095213025808334,
        0.996717631816864,
        0.7852118611335754
    ],
    [
        0.9999983310699463,
        -0.0016137385973706841,
        0.0008585306350141764,
        -0.33048704266548157,
        0.001534844283014536,
        0.9963729381561279,
        0.08508019894361496,
        -0.013138270005583763,
        -0.0009927143109962344,
        -0.08507873862981796,
        0.99637371301651,
        0.820885956287384
    ],
    [
        0.9999987483024597,
        -0.001364110386930406,
        0.0009222870576195419,
        -0.34197717905044556,
        0.0012777418596670032,
        0.9961267709732056,
        0.08791899681091309,
        -0.008997869677841663,
        -0.0010386460926383734,
        -0.08791770040988922,
        0.996127188205719,
        0.8494370579719543
    ],
    [
        0.9999988675117493,
        -0.0010750808287411928,
        0.0010658743558451533,
        -0.35690730810165405,
        0.0009732461185194552,
        0.9958204627037048,
        0.09132661670446396,
        -0.0027452479116618633,
        -0.001159602776169777,
        -0.09132548421621323,
        0.9958204030990601,
        0.8864920139312744
    ],
    [
        0.9999986886978149,
        -0.0010073680896311998,
        0.00131715286988765,
        -0.37288427352905273,
        0.0008770419517531991,
        0.995433509349823,
        0.09545362740755081,
        -0.0021240648347884417,
        -0.0014072951162233949,
        -0.09545234590768814,
        0.99543297290802,
        0.921732485294342
    ]
]