[
    [
        0.9998883605003357,
        -0.004602976143360138,
        0.014217237941920757,
        0.1351999193429947,
        0.004604178015142679,
        0.99998939037323,
        -5.180308653507382e-05,
        -0.0783713087439537,
        -0.014216847717761993,
        0.0001172558986581862,
        0.9998989105224609,
        0.32890525460243225
    ],
    [
        0.9997284412384033,
        -0.006222771480679512,
        0.02245853655040264,
        0.22036421298980713,
        0.006228200159966946,
        0.999980628490448,
        -0.0001717644336167723,
        -0.10292737185955048,
        -0.022457031533122063,
        0.0003115935833193362,
        0.9997478127479553,
        0.5843322277069092
    ],
    [
        0.9995927214622498,
        -0.005992983467876911,
        0.027898915112018585,
        0.2887580394744873,
        0.006087699439376593,
        0.9999759793281555,
        -0.0033112741075456142,
        -0.16249629855155945,
        -0.027878399938344955,
        0.0034797664266079664,
        0.9996052384376526,
        0.8415358066558838
    ],
    [
        0.9994719624519348,
        -0.005663963500410318,
        0.03199584782123566,
        0.32197704911231995,
        0.0058595044538378716,
        0.9999647736549377,
        -0.006020998116582632,
        -0.19600462913513184,
        -0.03196060657501221,
        0.006205293815582991,
        0.9994698166847229,
        1.0983225107192993
    ],
    [
        0.9993399381637573,
        -0.0053418297320604324,
        0.03593076765537262,
        0.34840670228004456,
        0.005684881936758757,
        0.9999392628669739,
        -0.009452231228351593,
        -0.24001061916351318,
        -0.03587808832526207,
        0.00965024996548891,
        0.9993095993995667,
        1.3597103357315063
    ],
    [
        0.9992655515670776,
        -0.007256609853357077,
        0.037627123296260834,
        0.41103774309158325,
        0.007559486664831638,
        0.9999401569366455,
        -0.007913436740636826,
        -0.25830379128456116,
        -0.037567440420389175,
        0.008192066103219986,
        0.9992604851722717,
        1.6073200702667236
    ],
    [
        0.9993435740470886,
        -0.007625835947692394,
        0.0354166142642498,
        0.47543832659721375,
        0.008030802011489868,
        0.9999038577079773,
        -0.011306226253509521,
        -0.298868864774704,
        -0.0353270024061203,
        0.011583232320845127,
        0.999308705329895,
        1.847922921180725
    ],
    [
        0.9993489980697632,
        -0.007652421481907368,
        0.03525765985250473,
        0.5188097357749939,
        0.007988184690475464,
        0.9999240636825562,
        -0.009392117150127888,
        -0.31284958124160767,
        -0.035183120518922806,
        0.009667651727795601,
        0.9993340373039246,
        2.0979344844818115
    ],
    [
        0.9993941783905029,
        -0.007585887797176838,
        0.033966097980737686,
        0.5337676405906677,
        0.00792731437832117,
        0.9999192357063293,
        -0.00992864090949297,
        -0.3311710059642792,
        -0.033888038247823715,
        0.010191884823143482,
        0.9993736147880554,
        2.3040964603424072
    ],
    [
        0.9994459748268127,
        -0.006921947933733463,
        0.03255448862910271,
        0.5507795810699463,
        0.0073205893859267235,
        0.9998995065689087,
        -0.012142172083258629,
        -0.335350900888443,
        -0.03246716782450676,
        0.012373760342597961,
        0.9993962645530701,
        2.4973948001861572
    ],
    [
        0.9997673630714417,
        -0.005509479902684689,
        0.020850108936429024,
        0.5686999559402466,
        0.005755403079092503,
        0.9999144673347473,
        -0.011753260158002377,
        -0.36670854687690735,
        -0.020783565938472748,
        0.01187052670866251,
        0.9997134804725647,
        2.675840139389038
    ],
    [
        0.999992311000824,
        -0.0021105222404003143,
        -0.003333898726850748,
        0.5883796811103821,
        0.002068274887278676,
        0.9999181628227234,
        -0.012625014409422874,
        -0.41437214612960815,
        0.0033602744806557894,
        0.012618020176887512,
        0.999914824962616,
        2.816173553466797
    ],
    [
        0.9997320175170898,
        0.0009675755864009261,
        -0.023130277171730995,
        0.5840936899185181,
        -0.001318861381150782,
        0.9998839497566223,
        -0.01517682708799839,
        -0.4729154109954834,
        0.02311290055513382,
        0.015203268267214298,
        0.9996172189712524,
        2.881612539291382
    ],
    [
        0.9996675848960876,
        0.0019267398165538907,
        -0.025709157809615135,
        0.5705200433731079,
        -0.002328584436327219,
        0.999875545501709,
        -0.015609628520905972,
        -0.5537363290786743,
        0.025675879791378975,
        0.015664303675293922,
        0.9995476007461548,
        2.8975701332092285
    ],
    [
        0.9996386766433716,
        0.002151696477085352,
        -0.026793673634529114,
        0.5549166798591614,
        -0.0025760203134268522,
        0.9998716115951538,
        -0.015812281519174576,
        -0.6401680707931519,
        0.02675621584057808,
        0.01587558351457119,
        0.999515950679779,
        2.8999924659729004
    ],
    [
        0.9996387362480164,
        0.0025245880242437124,
        -0.02675737999379635,
        0.5419524908065796,
        -0.0029126557055860758,
        0.9998910427093506,
        -0.014474134892225266,
        -0.7190194725990295,
        0.02671792358160019,
        0.014546840451657772,
        0.9995371103286743,
        2.8795268535614014
    ],
    [
        0.9998198747634888,
        0.0012778638629242778,
        -0.018939681351184845,
        0.5336498022079468,
        -0.0014538723044097424,
        0.9999558925628662,
        -0.00928223691880703,
        -0.7949687838554382,
        0.01892697997391224,
        0.009308107197284698,
        0.9997774362564087,
        2.845730781555176
    ],
    [
        0.999957263469696,
        0.00018432307115290314,
        -0.009244721382856369,
        0.5302025079727173,
        -0.00021012402430642396,
        0.9999961256980896,
        -0.0027899863198399544,
        -0.8552203178405762,
        0.009244168177247047,
        0.00279181357473135,
        0.9999533891677856,
        2.812227725982666
    ],
    [
        0.9999951124191284,
        -0.001183412503451109,
        0.002899635350331664,
        0.5386312007904053,
        0.0011796518228948116,
        0.9999985694885254,
        0.0012981777545064688,
        -0.903924822807312,
        -0.00290116504766047,
        -0.0012947542127221823,
        0.9999949932098389,
        2.759657621383667
    ],
    [
        0.9998407363891602,
        -0.003245843341574073,
        0.017548836767673492,
        0.5308951735496521,
        0.003205925691872835,
        0.9999921917915344,
        0.002302296459674835,
        -0.9266782402992249,
        -0.017556166276335716,
        -0.0022456792648881674,
        0.999843418598175,
        2.68794322013855
    ],
    [
        0.9988544583320618,
        -0.008551487699151039,
        0.04708021879196167,
        0.49381405115127563,
        0.008461901918053627,
        0.9999619722366333,
        0.0021018311381340027,
        -0.9278305768966675,
        -0.04709641635417938,
        -0.001701030065305531,
        0.9988888502120972,
        2.6147348880767822
    ],
    [
        0.9919833540916443,
        -0.02001004107296467,
        0.12477365881204605,
        0.4360223710536957,
        0.020073266699910164,
        0.9997982382774353,
        0.0007506286492571235,
        -0.9144378900527954,
        -0.12476352602243423,
        0.0017600145656615496,
        0.9921848773956299,
        2.522592544555664
    ],
    [
        0.9711695909500122,
        -0.03719671443104744,
        0.2354699820280075,
        0.38902175426483154,
        0.03768918663263321,
        0.9992865920066833,
        0.0024104376789182425,
        -0.8891065716743469,
        -0.23539164662361145,
        0.0065337298437952995,
        0.9718786478042603,
        2.42704439163208
    ],
    [
        0.9212353825569153,
        -0.05990412458777428,
        0.38436540961265564,
        0.33984366059303284,
        0.061126839369535446,
        0.9980889558792114,
        0.009047194384038448,
        -0.8491989970207214,
        -0.38417282700538635,
        0.015160450711846352,
        0.9231367111206055,
        2.305119514465332
    ],
    [
        0.8243176341056824,
        -0.08520233631134033,
        0.5596793293952942,
        0.2628007233142853,
        0.08759872615337372,
        0.9958995580673218,
        0.022590989246964455,
        -0.8312128782272339,
        -0.5593092441558838,
        0.030405087396502495,
        0.8284012079238892,
        2.164198160171509
    ]
]