[
    [
        0.9961004853248596,
        0.07783009111881256,
        -0.041550952941179276,
        -0.23560556769371033,
        -0.06533053517341614,
        0.9671920537948608,
        0.24550265073776245,
        -0.3572137951850891,
        0.05929524078965187,
        -0.2418307363986969,
        0.9685049653053284,
        1.4136244058609009
    ],
    [
        0.9957404136657715,
        0.07880250364542007,
        -0.04786546900868416,
        -0.24941745400428772,
        -0.06398405134677887,
        0.9643852710723877,
        0.2566457986831665,
        -0.37723755836486816,
        0.06638509035110474,
        -0.25248998403549194,
        0.9653195142745972,
        1.4673787355422974
    ],
    [
        0.9953943490982056,
        0.07852210849523544,
        -0.054994188249111176,
        -0.27483633160591125,
        -0.06081044673919678,
        0.9606602787971497,
        0.2709868848323822,
        -0.40664058923721313,
        0.07410918176174164,
        -0.26639455556869507,
        0.961010754108429,
        1.529312014579773
    ],
    [
        0.9948810338973999,
        0.07868941128253937,
        -0.06340024620294571,
        -0.29218152165412903,
        -0.05795188993215561,
        0.9582602381706238,
        0.2799624800682068,
        -0.4152241051197052,
        0.0827840119600296,
        -0.27485519647598267,
        0.9579151272773743,
        1.5816371440887451
    ],
    [
        0.9943258166313171,
        0.08011487126350403,
        -0.06998397409915924,
        -0.3188190758228302,
        -0.0564533993601799,
        0.9550050497055054,
        0.2911672294139862,
        -0.4274964928627014,
        0.09016186743974686,
        -0.28556427359580994,
        0.9541089534759521,
        1.646016001701355
    ],
    [
        0.9940354228019714,
        0.08107074350118637,
        -0.07294628024101257,
        -0.34175974130630493,
        -0.05580674856901169,
        0.9527957439422607,
        0.2984387278556824,
        -0.42974191904067993,
        0.09369756281375885,
        -0.2925877571105957,
        0.9516371488571167,
        1.6990845203399658
    ],
    [
        0.9935795664787292,
        0.08199059963226318,
        -0.07795672863721848,
        -0.3696215748786926,
        -0.05438319221138954,
        0.9503491520881653,
        0.30639663338661194,
        -0.4235599637031555,
        0.09920775890350342,
        -0.30018991231918335,
        0.9487063884735107,
        1.7784429788589478
    ],
    [
        0.9931147694587708,
        0.08280249685049057,
        -0.08286622166633606,
        -0.3943934440612793,
        -0.052612073719501495,
        0.9472897052764893,
        0.31602880358695984,
        -0.42387521266937256,
        0.10466628521680832,
        -0.3094930350780487,
        0.9451237320899963,
        1.8651827573776245
    ],
    [
        0.9927258491516113,
        0.0830094963312149,
        -0.08720620721578598,
        -0.4133797287940979,
        -0.050825122743844986,
        0.9455535411834717,
        0.3214738368988037,
        -0.41896581649780273,
        0.10914351791143417,
        -0.314703106880188,
        0.9428943395614624,
        1.9317346811294556
    ],
    [
        0.9922981262207031,
        0.08413167297840118,
        -0.0909188836812973,
        -0.4341314435005188,
        -0.04982663691043854,
        0.9430660605430603,
        0.32885196805000305,
        -0.41748204827308655,
        0.1134093850851059,
        -0.3217889964580536,
        0.9399946928024292,
        2.0001468658447266
    ],
    [
        0.9917623400688171,
        0.08500456809997559,
        -0.0958206057548523,
        -0.45288145542144775,
        -0.04835948348045349,
        0.9411843419075012,
        0.3344150483608246,
        -0.42097008228302,
        0.1186116635799408,
        -0.3270263373851776,
        0.9375419616699219,
        2.0527727603912354
    ],
    [
        0.9912245273590088,
        0.08650937676429749,
        -0.09995035827159882,
        -0.48052698373794556,
        -0.04733673483133316,
        0.9382702708244324,
        0.3426486849784851,
        -0.42643803358078003,
        0.1234227791428566,
        -0.33491048216819763,
        0.9341315627098083,
        2.1154024600982666
    ],
    [
        0.990625262260437,
        0.0883832573890686,
        -0.10416387021541595,
        -0.5095014572143555,
        -0.04673408716917038,
        0.9357560276985168,
        0.3495376408100128,
        -0.4292738139629364,
        0.12836523354053497,
        -0.34139284491539,
        0.9311140775680542,
        2.17964506149292
    ],
    [
        0.9903095364570618,
        0.08905673027038574,
        -0.10656441748142242,
        -0.5342400670051575,
        -0.045639559626579285,
        0.933401346206665,
        0.35591980814933777,
        -0.4383952021598816,
        0.13116441667079926,
        -0.347607284784317,
        0.9284207820892334,
        2.231461763381958
    ],
    [
        0.9900055527687073,
        0.09083989262580872,
        -0.1078750342130661,
        -0.566224217414856,
        -0.04609911888837814,
        0.9313462376594543,
        0.3612051010131836,
        -0.4513465166091919,
        0.13328084349632263,
        -0.3526221215724945,
        0.9262256026268005,
        2.292479991912842
    ],
    [
        0.9897584319114685,
        0.09196798503398895,
        -0.10917901992797852,
        -0.5868954062461853,
        -0.0459330789744854,
        0.9293171763420105,
        0.36641454696655273,
        -0.46055999398231506,
        0.13516037166118622,
        -0.35764697194099426,
        0.9240239262580872,
        2.3373024463653564
    ],
    [
        0.9896605610847473,
        0.09182136505842209,
        -0.11018499732017517,
        -0.6017646789550781,
        -0.04503874108195305,
        0.928310751914978,
        0.36906740069389343,
        -0.4703821539878845,
        0.13617418706417084,
        -0.3602887690067291,
        0.9228481650352478,
        2.386741876602173
    ],
    [
        0.9895612597465515,
        0.0920432060956955,
        -0.1108897477388382,
        -0.6077785491943359,
        -0.04436790198087692,
        0.9266713261604309,
        0.3732449412345886,
        -0.4819340705871582,
        0.13711299002170563,
        -0.3644287884235382,
        0.9210819005966187,
        2.420069694519043
    ],
    [
        0.9895520806312561,
        0.0928213968873024,
        -0.11032113432884216,
        -0.6136441230773926,
        -0.04478280618786812,
        0.9252238273620605,
        0.37676969170570374,
        -0.499600350856781,
        0.1370440274477005,
        -0.36789265275001526,
        0.9197140336036682,
        2.4569997787475586
    ],
    [
        0.9894285798072815,
        0.09326466917991638,
        -0.11105304956436157,
        -0.6194729804992676,
        -0.044308457523584366,
        0.9235683679580688,
        0.3808649778366089,
        -0.5226417779922485,
        0.13808636367321014,
        -0.3719181716442108,
        0.9179373383522034,
        2.487226724624634
    ],
    [
        0.9894266128540039,
        0.09344328939914703,
        -0.11092041432857513,
        -0.6227027177810669,
        -0.04393773153424263,
        0.9219674468040466,
        0.38476690649986267,
        -0.5451776385307312,
        0.13821887969970703,
        -0.37582501769065857,
        0.91632479429245,
        2.5045154094696045
    ],
    [
        0.9894521236419678,
        0.09440115094184875,
        -0.10987716913223267,
        -0.6276451945304871,
        -0.044690050184726715,
        0.9204277396202087,
        0.38834986090660095,
        -0.5753360390663147,
        0.13779465854167938,
        -0.3793432116508484,
        0.9149379730224609,
        2.5213253498077393
    ],
    [
        0.9894701242446899,
        0.09495371580123901,
        -0.10923682898283005,
        -0.631293535232544,
        -0.044876258820295334,
        0.9187971353530884,
        0.3921707272529602,
        -0.6024996638298035,
        0.13760453462600708,
        -0.38313916325569153,
        0.9133836030960083,
        2.533029317855835
    ],
    [
        0.989400327205658,
        0.09535202383995056,
        -0.10952203720808029,
        -0.6309090852737427,
        -0.04451180621981621,
        0.9170467257499695,
        0.39628785848617554,
        -0.6415137052536011,
        0.13822366297245026,
        -0.3872123658657074,
        0.9115704894065857,
        2.5416224002838135
    ],
    [
        0.9893480539321899,
        0.09613063931465149,
        -0.10931351035833359,
        -0.6313902735710144,
        -0.0447922945022583,
        0.915537416934967,
        0.3997311592102051,
        -0.6837046146392822,
        0.13850700855255127,
        -0.3905768394470215,
        0.9100910425186157,
        2.5429906845092773
    ]
]