[
    [
        0.9961004853248596,
        0.07783009111881256,
        -0.041550952941179276,
        -0.23560556769371033,
        -0.06533053517341614,
        0.9671920537948608,
        0.24550265073776245,
        -0.3572137951850891,
        0.05929524078965187,
        -0.2418307363986969,
        0.9685049653053284,
        1.4136244058609009
    ],
    [
        0.995989203453064,
        0.07828274369239807,
        -0.04332664981484413,
        -0.2388477772474289,
        -0.0652007982134819,
        0.9666405916213989,
        0.24769923090934753,
        -0.3608551621437073,
        0.06127186492085457,
        -0.24388083815574646,
        0.9678677320480347,
        1.427672028541565
    ],
    [
        0.9959116578102112,
        0.07836876809597015,
        -0.04492468386888504,
        -0.24207229912281036,
        -0.06470543146133423,
        0.9659281969070435,
        0.25059089064598083,
        -0.36627015471458435,
        0.06303252279758453,
        -0.2466595470905304,
        0.9670501351356506,
        1.441206693649292
    ],
    [
        0.9958241581916809,
        0.07862982153892517,
        -0.04638490080833435,
        -0.24539151787757874,
        -0.06441939622163773,
        0.965252161026001,
        0.2532553970813751,
        -0.37065815925598145,
        0.06468655169010162,
        -0.24920977652072906,
        0.966286838054657,
        1.4540302753448486
    ],
    [
        0.9957404136657715,
        0.07880250364542007,
        -0.04786546900868416,
        -0.24941745400428772,
        -0.06398405134677887,
        0.9643852710723877,
        0.2566457986831665,
        -0.37723755836486816,
        0.06638509035110474,
        -0.25248998403549194,
        0.9653195142745972,
        1.4673787355422974
    ],
    [
        0.9956413507461548,
        0.07928387075662613,
        -0.0491170659661293,
        -0.25476500391960144,
        -0.06395336985588074,
        0.9637023210525513,
        0.25920605659484863,
        -0.38210105895996094,
        0.06788509339094162,
        -0.25493505597114563,
        0.9645723104476929,
        1.4795963764190674
    ],
    [
        0.9955683350563049,
        0.07951134443283081,
        -0.050214361399412155,
        -0.25999587774276733,
        -0.06369390338659286,
        0.9629685282707214,
        0.2619822919368744,
        -0.38887447118759155,
        0.06918541342020035,
        -0.2576228976249695,
        0.9637654423713684,
        1.4912036657333374
    ],
    [
        0.9954778552055359,
        0.07919778674840927,
        -0.05245431512594223,
        -0.2623139023780823,
        -0.06261692196130753,
        0.9623205661773682,
        0.2646094858646393,
        -0.3935035169124603,
        0.07143435627222061,
        -0.260128378868103,
        0.9629279971122742,
        1.505225658416748
    ],
    [
        0.9954541325569153,
        0.07883337140083313,
        -0.05344506353139877,
        -0.2690538465976715,
        -0.061766400933265686,
        0.9614943861961365,
        0.26779329776763916,
        -0.400699257850647,
        0.07249819487333298,
        -0.26327481865882874,
        0.9619928598403931,
        1.5172978639602661
    ],
    [
        0.9953943490982056,
        0.07852210849523544,
        -0.054994188249111176,
        -0.27483633160591125,
        -0.06081044673919678,
        0.9606602787971497,
        0.2709868848323822,
        -0.40664058923721313,
        0.07410918176174164,
        -0.26639455556869507,
        0.961010754108429,
        1.529312014579773
    ],
    [
        0.9952260255813599,
        0.07898148149251938,
        -0.057334333658218384,
        -0.2785674035549164,
        -0.06045395880937576,
        0.9600645899772644,
        0.2731691598892212,
        -0.4085141718387604,
        0.0766199603676796,
        -0.2683989405632019,
        0.9602558016777039,
        1.5426216125488281
    ],
    [
        0.995104193687439,
        0.07911410182714462,
        -0.05923351272940636,
        -0.2832026183605194,
        -0.05985463038086891,
        0.9593499898910522,
        0.27579864859580994,
        -0.41112712025642395,
        0.0786452442407608,
        -0.2709030210971832,
        0.9593886137008667,
        1.5563666820526123
    ],
    [
        0.994926393032074,
        0.07945620268583298,
        -0.06171119585633278,
        -0.28657591342926025,
        -0.059344325214624405,
        0.958816647529602,
        0.27775678038597107,
        -0.41296306252479553,
        0.08123922348022461,
        -0.27268534898757935,
        0.9586673378944397,
        1.5685484409332275
    ],
    [
        0.9948810338973999,
        0.07868941128253937,
        -0.06340024620294571,
        -0.29218152165412903,
        -0.05795188993215561,
        0.9582602381706238,
        0.2799624800682068,
        -0.4152241051197052,
        0.0827840119600296,
        -0.27485519647598267,
        0.9579151272773743,
        1.5816371440887451
    ],
    [
        0.9947267174720764,
        0.07904404401779175,
        -0.06535188853740692,
        -0.29716140031814575,
        -0.05756545066833496,
        0.9576584100723267,
        0.2820930778980255,
        -0.4180496037006378,
        0.08488256484270096,
        -0.27684351801872253,
        0.9571585655212402,
        1.5942498445510864
    ],
    [
        0.9945875406265259,
        0.07910376787185669,
        -0.06736727803945541,
        -0.3015678822994232,
        -0.05688098818063736,
        0.9571107625961304,
        0.28408369421958923,
        -0.419364869594574,
        0.08695004880428314,
        -0.2787141799926758,
        0.9564297795295715,
        1.6082217693328857
    ],
    [
        0.9944626688957214,
        0.079429492354393,
        -0.06881186366081238,
        -0.30642935633659363,
        -0.05660245195031166,
        0.9565255045890808,
        0.28610333800315857,
        -0.42158186435699463,
        0.08854534476995468,
        -0.2806241512298584,
        0.9557247161865234,
        1.6212214231491089
    ],
    [
        0.9944157004356384,
        0.07954318076372147,
        -0.06935575604438782,
        -0.31335538625717163,
        -0.05636100098490715,
        0.9559052586555481,
        0.2882164716720581,
        -0.4228571355342865,
        0.08922317624092102,
        -0.2826980650424957,
        0.9550501704216003,
        1.6342394351959229
    ],
    [
        0.9943258166313171,
        0.08011487126350403,
        -0.06998397409915924,
        -0.3188190758228302,
        -0.0564533993601799,
        0.9550050497055054,
        0.2911672294139862,
        -0.4274964928627014,
        0.09016186743974686,
        -0.28556427359580994,
        0.9541089534759521,
        1.646016001701355
    ],
    [
        0.9942516684532166,
        0.08033733069896698,
        -0.07077884674072266,
        -0.32395100593566895,
        -0.056261785328388214,
        0.9544497728347778,
        0.2930193543434143,
        -0.42787784337997437,
        0.09109523892402649,
        -0.2873528003692627,
        0.9534831047058105,
        1.6594204902648926
    ],
    [
        0.9941816329956055,
        0.0807337760925293,
        -0.07130911201238632,
        -0.33010098338127136,
        -0.05628558248281479,
        0.9537973403930664,
        0.2951315641403198,
        -0.4284515380859375,
        0.09184152632951736,
        -0.2894006669521332,
        0.9527919292449951,
        1.6730995178222656
    ],
    [
        0.9941194653511047,
        0.08099260181188583,
        -0.07188022881746292,
        -0.3360414505004883,
        -0.056139688938856125,
        0.9530771970748901,
        0.297476202249527,
        -0.43132805824279785,
        0.09260078519582748,
        -0.2916915714740753,
        0.9520195722579956,
        1.6857149600982666
    ],
    [
        0.9940354228019714,
        0.08107074350118637,
        -0.07294628024101257,
        -0.34175974130630493,
        -0.05580674856901169,
        0.9527957439422607,
        0.2984387278556824,
        -0.42974191904067993,
        0.09369756281375885,
        -0.2925877571105957,
        0.9516371488571167,
        1.6990845203399658
    ],
    [
        0.9939552545547485,
        0.08149545639753342,
        -0.07356227934360504,
        -0.3483518958091736,
        -0.055937059223651886,
        0.952487051486969,
        0.29939839243888855,
        -0.42822879552841187,
        0.09446671605110168,
        -0.2934737801551819,
        0.9512882232666016,
        1.7128450870513916
    ],
    [
        0.9938414096832275,
        0.08198361098766327,
        -0.0745515376329422,
        -0.35415878891944885,
        -0.05603112280368805,
        0.9522268176078796,
        0.30020764470100403,
        -0.42530548572540283,
        0.09560208767652512,
        -0.29418155550956726,
        0.9509560465812683,
        1.7277339696884155
    ],
    [
        0.9938209652900696,
        0.08163578063249588,
        -0.07520246505737305,
        -0.36037561297416687,
        -0.05530548468232155,
        0.9516456723213196,
        0.30217859148979187,
        -0.42432522773742676,
        0.09623467922210693,
        -0.2961523234844208,
        0.9502803683280945,
        1.7438040971755981
    ],
    [
        0.9936615228652954,
        0.08226741850376129,
        -0.07660835981369019,
        -0.36501872539520264,
        -0.05525007098913193,
        0.9509033560752869,
        0.3045162856578827,
        -0.42466139793395996,
        0.09789891541004181,
        -0.29835349321365356,
        0.9494214057922363,
        1.7604045867919922
    ],
    [
        0.9935795664787292,
        0.08199059963226318,
        -0.07795672863721848,
        -0.3696215748786926,
        -0.05438319221138954,
        0.9503491520881653,
        0.30639663338661194,
        -0.4235599637031555,
        0.09920775890350342,
        -0.30018991231918335,
        0.9487063884735107,
        1.7784429788589478
    ],
    [
        0.9934775233268738,
        0.08242654800415039,
        -0.07879289239645004,
        -0.37492668628692627,
        -0.05436204373836517,
        0.9497836828231812,
        0.3081488013267517,
        -0.4224744737148285,
        0.10023584216833115,
        -0.30185550451278687,
        0.94806969165802,
        1.795827865600586
    ],
    [
        0.9933526515960693,
        0.08286258578300476,
        -0.07990182936191559,
        -0.37992388010025024,
        -0.05428287014365196,
        0.9493065476417542,
        0.3096297085285187,
        -0.4219209551811218,
        0.10150805115699768,
        -0.30323413014411926,
        0.9474941492080688,
        1.8128609657287598
    ],
    [
        0.9932856559753418,
        0.08268624544143677,
        -0.08091048896312714,
        -0.38608917593955994,
        -0.053580623120069504,
        0.9486650228500366,
        0.3117109537124634,
        -0.4222123324871063,
        0.10253117233514786,
        -0.3052827715873718,
        0.9467257261276245,
        1.8303632736206055
    ],
    [
        0.9931743741035461,
        0.08262836933135986,
        -0.08232452720403671,
        -0.3893107771873474,
        -0.05281485989689827,
        0.947881817817688,
        0.31421446800231934,
        -0.42373865842819214,
        0.10399695485830307,
        -0.3077217936515808,
        0.9457758069038391,
        1.8487151861190796
    ],
    [
        0.9931147694587708,
        0.08280249685049057,
        -0.08286622166633606,
        -0.3943934440612793,
        -0.052612073719501495,
        0.9472897052764893,
        0.31602880358695984,
        -0.42387521266937256,
        0.10466628521680832,
        -0.3094930350780487,
        0.9451237320899963,
        1.8651827573776245
    ],
    [
        0.9930686354637146,
        0.08225218951702118,
        -0.08396042883396149,
        -0.39940840005874634,
        -0.051568012684583664,
        0.9468162655830383,
        0.31761568784713745,
        -0.42198947072029114,
        0.10561966150999069,
        -0.3110843896865845,
        0.9444950819015503,
        1.8828963041305542
    ],
    [
        0.9929652214050293,
        0.08262190967798233,
        -0.0848156288266182,
        -0.4047812819480896,
        -0.051441606134176254,
        0.9461960792541504,
        0.3194787800312042,
        -0.42216604948043823,
        0.10664815455675125,
        -0.3128683567047119,
        0.943790078163147,
        1.8988628387451172
    ],
    [
        0.9927718043327332,
        0.08292632550001144,
        -0.0867600366473198,
        -0.407875657081604,
        -0.051008787006139755,
        0.9459001421928406,
        0.3204232454299927,
        -0.42025142908096313,
        0.10863784700632095,
        -0.31368163228034973,
        0.9432929754257202,
        1.9144607782363892
    ],
    [
        0.9927258491516113,
        0.0830094963312149,
        -0.08720620721578598,
        -0.4133797287940979,
        -0.050825122743844986,
        0.9455535411834717,
        0.3214738368988037,
        -0.41896581649780273,
        0.10914351791143417,
        -0.314703106880188,
        0.9428943395614624,
        1.9317346811294556
    ],
    [
        0.9926580190658569,
        0.08310844004154205,
        -0.08788128942251205,
        -0.4165949821472168,
        -0.0506414920091629,
        0.9453785419464111,
        0.32201671600341797,
        -0.41721272468566895,
        0.10984337329864502,
        -0.31520208716392517,
        0.9426463842391968,
        1.9466248750686646
    ],
    [
        0.9925774931907654,
        0.08318416774272919,
        -0.0887153372168541,
        -0.4202285408973694,
        -0.05029763653874397,
        0.9449599385261536,
        0.32329702377319336,
        -0.41631773114204407,
        0.11072562634944916,
        -0.3164350986480713,
        0.9421298503875732,
        1.960771083831787
    ],
    [
        0.9924957752227783,
        0.08378034830093384,
        -0.0890674889087677,
        -0.425335168838501,
        -0.0505225732922554,
        0.9442796111106873,
        0.3252437114715576,
        -0.41616198420524597,
        0.11135364323854446,
        -0.31830301880836487,
        0.9414263367652893,
        1.9743069410324097
    ],
    [
        0.9924141764640808,
        0.0843806192278862,
        -0.08940915018320084,
        -0.4308922588825226,
        -0.050767213106155396,
        0.9436373114585876,
        0.3270648121833801,
        -0.4157857298851013,
        0.11196772754192352,
        -0.32004469633102417,
        0.9407626986503601,
        1.9876762628555298
    ],
    [
        0.9922981262207031,
        0.08413167297840118,
        -0.0909188836812973,
        -0.4341314435005188,
        -0.04982663691043854,
        0.9430660605430603,
        0.32885196805000305,
        -0.41748204827308655,
        0.1134093850851059,
        -0.3217889964580536,
        0.9399946928024292,
        2.0001468658447266
    ],
    [
        0.9922049045562744,
        0.08407193422317505,
        -0.09198551625013351,
        -0.43893226981163025,
        -0.04930879548192024,
        0.9427663087844849,
        0.3297884464263916,
        -0.41696372628211975,
        0.11444679647684097,
        -0.3226820230484009,
        0.9395627379417419,
        2.012639284133911
    ],
    [
        0.9920706748962402,
        0.08457294851541519,
        -0.09296903014183044,
        -0.44413048028945923,
        -0.04928477108478546,
        0.9422569274902344,
        0.33124449849128723,
        -0.41852399706840515,
        0.11561503261327744,
        -0.32403597235679626,
        0.9389536380767822,
        2.02547287940979
    ],
    [
        0.9918832778930664,
        0.08516845107078552,
        -0.09441377967596054,
        -0.44876158237457275,
        -0.04918292164802551,
        0.9417147636413574,
        0.33279767632484436,
        -0.4198417365550995,
        0.11725471168756485,
        -0.32545286417007446,
        0.938260018825531,
        2.038457155227661
    ],
    [
        0.9917623400688171,
        0.08500456809997559,
        -0.0958206057548523,
        -0.45288145542144775,
        -0.04835948348045349,
        0.9411843419075012,
        0.3344150483608246,
        -0.42097008228302,
        0.1186116635799408,
        -0.3270263373851776,
        0.9375419616699219,
        2.0527727603912354
    ],
    [
        0.9916802644729614,
        0.08582773059606552,
        -0.09593641757965088,
        -0.45958149433135986,
        -0.048921678215265274,
        0.94064861536026,
        0.3358376920223236,
        -0.42274320125579834,
        0.11906662583351135,
        -0.3283502459526062,
        0.9370214939117432,
        2.0644783973693848
    ],
    [
        0.9916067719459534,
        0.08558958768844604,
        -0.09690413624048233,
        -0.46462467312812805,
        -0.04814591258764267,
        0.9400505423545837,
        0.33761951327323914,
        -0.4250180125236511,
        0.1199914962053299,
        -0.3301202058792114,
        0.9362813234329224,
        2.078153610229492
    ],
    [
        0.9914595484733582,
        0.0859515443444252,
        -0.09808340668678284,
        -0.4691060781478882,
        -0.04794240742921829,
        0.9396373629570007,
        0.33879661560058594,
        -0.4250257909297943,
        0.12128293514251709,
        -0.3312007784843445,
        0.9357331395149231,
        2.0901482105255127
    ],
    [
        0.9912789463996887,
        0.0851883515715599,
        -0.10054382681846619,
        -0.47067004442214966,
        -0.04619797319173813,
        0.939189076423645,
        0.3402785658836365,
        -0.4236181080341339,
        0.1234174519777298,
        -0.3326660990715027,
        0.9349339008331299,
        2.1043224334716797
    ],
    [
        0.9912245273590088,
        0.08650937676429749,
        -0.09995035827159882,
        -0.48052698373794556,
        -0.04733673483133316,
        0.9382702708244324,
        0.3426486849784851,
        -0.42643803358078003,
        0.1234227791428566,
        -0.33491048216819763,
        0.9341315627098083,
        2.1154024600982666
    ],
    [
        0.9911139011383057,
        0.08682143688201904,
        -0.10077368468046188,
        -0.48683154582977295,
        -0.047135159373283386,
        0.9376822113990784,
        0.34428244829177856,
        -0.4265854060649872,
        0.1243847981095314,
        -0.3364730775356293,
        0.9334421157836914,
        2.12809419631958
    ],
    [
        0.991040825843811,
        0.0875052884221077,
        -0.10090108215808868,
        -0.49433594942092896,
        -0.04753083735704422,
        0.9370899796485901,
        0.3458370268344879,
        -0.4280511736869812,
        0.12481594830751419,
        -0.33794263005256653,
        0.932853639125824,
        2.1405608654022217
    ],
    [
        0.990862250328064,
        0.08727804571390152,
        -0.10283270478248596,
        -0.49732279777526855,
        -0.046549465507268906,
        0.9368541240692139,
        0.346608430147171,
        -0.42599034309387207,
        0.1265905648469925,
        -0.338654488325119,
        0.9323561191558838,
        2.154644727706909
    ],
    [
        0.9906944036483765,
        0.08747124671936035,
        -0.10427538305521011,
        -0.5023244023323059,
        -0.04595891758799553,
        0.9361331462860107,
        0.34862956404685974,
        -0.4288356304168701,
        0.12811070680618286,
        -0.34059298038482666,
        0.9314418435096741,
        2.167825937271118
    ],
    [
        0.990625262260437,
        0.0883832573890686,
        -0.10416387021541595,
        -0.5095014572143555,
        -0.04673408716917038,
        0.9357560276985168,
        0.3495376408100128,
        -0.4292738139629364,
        0.12836523354053497,
        -0.34139284491539,
        0.9311140775680542,
        2.17964506149292
    ],
    [
        0.9905768036842346,
        0.08844292163848877,
        -0.10457179695367813,
        -0.5160265564918518,
        -0.046443723142147064,
        0.9352146983146667,
        0.35102227330207825,
        -0.4309161305427551,
        0.12884248793125153,
        -0.3428577482700348,
        0.9305095672607422,
        2.1933484077453613
    ],
    [
        0.990405261516571,
        0.08842092007398605,
        -0.10620381683111191,
        -0.5207824110984802,
        -0.045665446668863297,
        0.9347439408302307,
        0.3523753881454468,
        -0.43251681327819824,
        0.13043072819709778,
        -0.3441446125507355,
        0.929813027381897,
        2.2063419818878174
    ],
    [
        0.9903876185417175,
        0.08894632011651993,
        -0.10592862218618393,
        -0.5285317301750183,
        -0.04598037153482437,
        0.9339815974235535,
        0.3543502986431122,
        -0.43671900033950806,
        0.13045352697372437,
        -0.34607359766960144,
        0.9290937185287476,
        2.217756748199463
    ],
    [
        0.9903095364570618,
        0.08905673027038574,
        -0.10656441748142242,
        -0.5342400670051575,
        -0.045639559626579285,
        0.933401346206665,
        0.35591980814933777,
        -0.4383952021598816,
        0.13116441667079926,
        -0.347607284784317,
        0.9284207820892334,
        2.231461763381958
    ],
    [
        0.9901983737945557,
        0.08934255689382553,
        -0.10735458135604858,
        -0.5397603511810303,
        -0.045451726764440536,
        0.9329313635826111,
        0.3571738302707672,
        -0.44032344222068787,
        0.1320653110742569,
        -0.3487934470176697,
        0.9278478622436523,
        2.243999481201172
    ],
    [
        0.9901809692382812,
        0.08991779386997223,
        -0.10703423619270325,
        -0.5483313798904419,
        -0.045924343168735504,
        0.9324154853820801,
        0.3584583103656769,
        -0.44367715716362,
        0.13203215599060059,
        -0.35002318024635315,
        0.9273895025253296,
        2.2556722164154053
    ],
    [
        0.9901187419891357,
        0.09034949541091919,
        -0.1072472557425499,
        -0.5550287961959839,
        -0.04613038897514343,
        0.9320688247680664,
        0.35933223366737366,
        -0.44671595096588135,
        0.13242730498313904,
        -0.3508341312408447,
        0.927026629447937,
        2.268488883972168
    ],
    [
        0.9900557994842529,
        0.09069618582725525,
        -0.10753492265939713,
        -0.5610690116882324,
        -0.046269793063402176,
        0.9318344593048096,
        0.35992181301116943,
        -0.44786372780799866,
        0.13284827768802643,
        -0.35136693716049194,
        0.9267645478248596,
        2.2812960147857666
    ],
    [
        0.9900055527687073,
        0.09083989262580872,
        -0.1078750342130661,
        -0.566224217414856,
        -0.04609911888837814,
        0.9313462376594543,
        0.3612051010131836,
        -0.4513465166091919,
        0.13328084349632263,
        -0.3526221215724945,
        0.9262256026268005,
        2.292479991912842
    ],
    [
        0.9899218678474426,
        0.09102322161197662,
        -0.10848693549633026,
        -0.5708135366439819,
        -0.04586934670805931,
        0.9308657646179199,
        0.3624706268310547,
        -0.4534820318222046,
        0.13398002088069916,
        -0.3538413643836975,
        0.9256595373153687,
        2.303673267364502
    ],
    [
        0.989922821521759,
        0.09136424213647842,
        -0.10819171369075775,
        -0.57839035987854,
        -0.04613291844725609,
        0.9304124712944031,
        0.36359915137290955,
        -0.45379167795181274,
        0.13388288021087646,
        -0.3549438714981079,
        0.9252514839172363,
        2.31577730178833
    ],
    [
        0.989812433719635,
        0.09148449450731277,
        -0.109096460044384,
        -0.5817960500717163,
        -0.04566275700926781,
        0.9297450184822083,
        0.3653617799282074,
        -0.4578479826450348,
        0.13485683500766754,
        -0.3566579222679138,
        0.9244503974914551,
        2.3265738487243652
    ],
    [
        0.9897584319114685,
        0.09196798503398895,
        -0.10917901992797852,
        -0.5868954062461853,
        -0.0459330789744854,
        0.9293171763420105,
        0.36641454696655273,
        -0.46055999398231506,
        0.13516037166118622,
        -0.35764697194099426,
        0.9240239262580872,
        2.3373024463653564
    ],
    [
        0.9896645545959473,
        0.09163077920675278,
        -0.11030794680118561,
        -0.5884173512458801,
        -0.04523618519306183,
        0.9294319748878479,
        0.3662104606628418,
        -0.46063661575317383,
        0.13607986271381378,
        -0.35743552446365356,
        0.9239708185195923,
        2.3481688499450684
    ],
    [
        0.9896472096443176,
        0.09168136119842529,
        -0.11042104661464691,
        -0.5924639105796814,
        -0.04511736333370209,
        0.9291025400161743,
        0.36705976724624634,
        -0.46511948108673096,
        0.136244997382164,
        -0.3582777976989746,
        0.9236202836036682,
        2.3568780422210693
    ],
    [
        0.9896400570869446,
        0.09146265685558319,
        -0.11066717654466629,
        -0.5949572324752808,
        -0.04479771852493286,
        0.9290519952774048,
        0.3672266900539398,
        -0.46515417098999023,
        0.13640309870243073,
        -0.35846468806266785,
        0.9235243797302246,
        2.367502212524414
    ],
    [
        0.9897007346153259,
        0.09125319123268127,
        -0.11029671132564545,
        -0.598373293876648,
        -0.044567808508872986,
        0.9286108016967773,
        0.36836904287338257,
        -0.46829676628112793,
        0.13603755831718445,
        -0.35965946316719055,
        0.9231137037277222,
        2.3775691986083984
    ],
    [
        0.9896605610847473,
        0.09182136505842209,
        -0.11018499732017517,
        -0.6017646789550781,
        -0.04503874108195305,
        0.928310751914978,
        0.36906740069389343,
        -0.4703821539878845,
        0.13617418706417084,
        -0.3602887690067291,
        0.9228481650352478,
        2.386741876602173
    ],
    [
        0.9895866513252258,
        0.09156322479248047,
        -0.11106014996767044,
        -0.6015346050262451,
        -0.04435856640338898,
        0.9280281662940979,
        0.3698592185974121,
        -0.4723653495311737,
        0.13693246245384216,
        -0.3610813021659851,
        0.9224260449409485,
        2.395324230194092
    ],
    [
        0.9895268678665161,
        0.09215331077575684,
        -0.11110518872737885,
        -0.6039299964904785,
        -0.044712040573358536,
        0.9275192618370056,
        0.37109166383743286,
        -0.4757239520549774,
        0.13724952936172485,
        -0.3622373640537262,
        0.9219254851341248,
        2.4035613536834717
    ],
    [
        0.9895218014717102,
        0.09170881658792496,
        -0.11151757091283798,
        -0.6051968336105347,
        -0.044069234281778336,
        0.9273505806922913,
        0.3715893030166626,
        -0.4761694371700287,
        0.13749390840530396,
        -0.3627813160419464,
        0.9216752052307129,
        2.4128546714782715
    ],
    [
        0.9895612597465515,
        0.0920432060956955,
        -0.1108897477388382,
        -0.6077785491943359,
        -0.04436790198087692,
        0.9266713261604309,
        0.3732449412345886,
        -0.4819340705871582,
        0.13711299002170563,
        -0.3644287884235382,
        0.9210819005966187,
        2.420069694519043
    ],
    [
        0.9895266890525818,
        0.09197917580604553,
        -0.11125069856643677,
        -0.6076427698135376,
        -0.04409055784344673,
        0.9264585375785828,
        0.3738054037094116,
        -0.483763188123703,
        0.13745146989822388,
        -0.36498531699180603,
        0.9208109378814697,
        2.4279778003692627
    ],
    [
        0.9894940853118896,
        0.0927017331123352,
        -0.11094105243682861,
        -0.6084375381469727,
        -0.04472697526216507,
        0.9260085821151733,
        0.37484344840049744,
        -0.4873327612876892,
        0.13748100399971008,
        -0.3659433424472809,
        0.9204262495040894,
        2.435608386993408
    ],
    [
        0.9895408749580383,
        0.09297248721122742,
        -0.1102944165468216,
        -0.6106770634651184,
        -0.04510588198900223,
        0.9256770014762878,
        0.3756162226200104,
        -0.49125292897224426,
        0.13701899349689484,
        -0.36671268939971924,
        0.920188844203949,
        2.4427385330200195
    ],
    [
        0.9895960092544556,
        0.09258914738893509,
        -0.11012222617864609,
        -0.6124151349067688,
        -0.04475291818380356,
        0.9255340099334717,
        0.37601038813591003,
        -0.4943522810935974,
        0.13673636317253113,
        -0.36717018485069275,
        0.9200484752655029,
        2.450371265411377
    ],
    [
        0.9895520806312561,
        0.0928213968873024,
        -0.11032113432884216,
        -0.6136441230773926,
        -0.04478280618786812,
        0.9252238273620605,
        0.37676969170570374,
        -0.499600350856781,
        0.1370440274477005,
        -0.36789265275001526,
        0.9197140336036682,
        2.4569997787475586
    ],
    [
        0.989528477191925,
        0.09254763275384903,
        -0.11076223105192184,
        -0.6142162084579468,
        -0.04422938823699951,
        0.9248889684677124,
        0.37765616178512573,
        -0.5042533874511719,
        0.13739395141601562,
        -0.36880257725715637,
        0.9192972779273987,
        2.463372230529785
    ],
    [
        0.9895392656326294,
        0.09274175018072128,
        -0.11050437390804291,
        -0.6166085600852966,
        -0.044379327446222305,
        0.9245307445526123,
        0.3785145878791809,
        -0.5081454515457153,
        0.1372687965631485,
        -0.3696509599685669,
        0.9189751744270325,
        2.4706227779388428
    ],
    [
        0.9895178079605103,
        0.09287028759717941,
        -0.11058741062879562,
        -0.6178874373435974,
        -0.04440911486744881,
        0.9243674278259277,
        0.3789098262786865,
        -0.5114985108375549,
        0.1374128758907318,
        -0.37002700567245483,
        0.9188023209571838,
        2.4768824577331543
    ],
    [
        0.9894700050354004,
        0.0928272232413292,
        -0.11105041950941086,
        -0.6180099248886108,
        -0.04397915303707123,
        0.923798143863678,
        0.38034579157829285,
        -0.518198549747467,
        0.1378946304321289,
        -0.3714568316936493,
        0.918152928352356,
        2.482187271118164
    ],
    [
        0.9894285798072815,
        0.09326466917991638,
        -0.11105304956436157,
        -0.6194729804992676,
        -0.044308457523584366,
        0.9235683679580688,
        0.3808649778366089,
        -0.5226417779922485,
        0.13808636367321014,
        -0.3719181716442108,
        0.9179373383522034,
        2.487226724624634
    ],
    [
        0.9893926382064819,
        0.09314578771591187,
        -0.1114722415804863,
        -0.620462954044342,
        -0.04390418902039528,
        0.9232187271118164,
        0.3817584812641144,
        -0.5275735259056091,
        0.13847245275974274,
        -0.37281492352485657,
        0.9175153374671936,
        2.4922523498535156
    ],
    [
        0.9893717169761658,
        0.0935494676232338,
        -0.11132019013166428,
        -0.6216428875923157,
        -0.04417857155203819,
        0.922766923904419,
        0.38281771540641785,
        -0.5333849191665649,
        0.13853497803211212,
        -0.37383100390434265,
        0.9170924425125122,
        2.4965789318084717
    ],
    [
        0.9893959164619446,
        0.09364169090986252,
        -0.11102676391601562,
        -0.622520387172699,
        -0.04422052949666977,
        0.9223363995552063,
        0.38384902477264404,
        -0.5391083359718323,
        0.1383482962846756,
        -0.37486913800239563,
        0.9166967868804932,
        2.500932455062866
    ],
    [
        0.9894266128540039,
        0.09344328939914703,
        -0.11092041432857513,
        -0.6227027177810669,
        -0.04393773153424263,
        0.9219674468040466,
        0.38476690649986267,
        -0.5451776385307312,
        0.13821887969970703,
        -0.37582501769065857,
        0.91632479429245,
        2.5045154094696045
    ],
    [
        0.9894504547119141,
        0.09389403462409973,
        -0.11032510548830032,
        -0.6244789361953735,
        -0.044479165226221085,
        0.9216469526290894,
        0.38547182083129883,
        -0.551017701625824,
        0.1378742903470993,
        -0.37649813294410706,
        0.9161003828048706,
        2.507800340652466
    ],
    [
        0.9894444346427917,
        0.09377774596214294,
        -0.11047833412885666,
        -0.6245809197425842,
        -0.04419455677270889,
        0.9213337302207947,
        0.38625261187553406,
        -0.5572444200515747,
        0.13800929486751556,
        -0.3772929310798645,
        0.9157529473304749,
        2.5113954544067383
    ],
    [
        0.9894682168960571,
        0.09424923360347748,
        -0.10986222326755524,
        -0.626828670501709,
        -0.04475920647382736,
        0.9209973812103271,
        0.38698896765708923,
        -0.5636297464370728,
        0.13765624165534973,
        -0.3779959976673126,
        0.9155161380767822,
        2.5148332118988037
    ],
    [
        0.9894840717315674,
        0.09426912665367126,
        -0.10970204323530197,
        -0.6276543736457825,
        -0.04478038102388382,
        0.9208314418792725,
        0.3873811662197113,
        -0.569400429725647,
        0.13753516972064972,
        -0.3783950209617615,
        0.91536945104599,
        2.517803192138672
    ],
    [
        0.9894521236419678,
        0.09440115094184875,
        -0.10987716913223267,
        -0.6276451945304871,
        -0.044690050184726715,
        0.9204277396202087,
        0.38834986090660095,
        -0.5753360390663147,
        0.13779465854167938,
        -0.3793432116508484,
        0.9149379730224609,
        2.5213253498077393
    ],
    [
        0.9894338846206665,
        0.09451860934495926,
        -0.10994023829698563,
        -0.6283029317855835,
        -0.044589512050151825,
        0.9199128150939941,
        0.38957977294921875,
        -0.5817602276802063,
        0.13795797526836395,
        -0.3805611729621887,
        0.9144073128700256,
        2.524836301803589
    ],
    [
        0.9894494414329529,
        0.09478521347045898,
        -0.10957040637731552,
        -0.6299483776092529,
        -0.04486830532550812,
        0.9195834994316101,
        0.39032429456710815,
        -0.5872505903244019,
        0.1377561092376709,
        -0.38128983974456787,
        0.9141342043876648,
        2.5279316902160645
    ],
    [
        0.9894434213638306,
        0.0948571115732193,
        -0.10956166684627533,
        -0.630086362361908,
        -0.04480325058102608,
        0.919205367565155,
        0.3912215232849121,
        -0.59421306848526,
        0.1378197968006134,
        -0.3821828067302704,
        0.9137516021728516,
        2.530860424041748
    ],
    [
        0.9894701242446899,
        0.09495371580123901,
        -0.10923682898283005,
        -0.631293535232544,
        -0.044876258820295334,
        0.9187971353530884,
        0.3921707272529602,
        -0.6024996638298035,
        0.13760453462600708,
        -0.38313916325569153,
        0.9133836030960083,
        2.533029317855835
    ],
    [
        0.9894749522209167,
        0.09498254209756851,
        -0.10916834324598312,
        -0.6316241025924683,
        -0.0448603481054306,
        0.9186013340950012,
        0.3926311731338501,
        -0.6092503666877747,
        0.13757529854774475,
        -0.3836013376712799,
        0.9131938219070435,
        2.5351200103759766
    ],
    [
        0.9894692897796631,
        0.09499192237854004,
        -0.10921148955821991,
        -0.63108229637146,
        -0.044707685708999634,
        0.9181983470916748,
        0.39358991384506226,
        -0.6175925731658936,
        0.13766567409038544,
        -0.38456255197525024,
        0.9127758741378784,
        2.537283182144165
    ],
    [
        0.9894618988037109,
        0.09512026607990265,
        -0.10916616767644882,
        -0.6314467787742615,
        -0.04468551650643349,
        0.9177470803260803,
        0.3946436941623688,
        -0.6260251998901367,
        0.13772553205490112,
        -0.38560664653778076,
        0.9123262166976929,
        2.5387420654296875
    ],
    [
        0.9894497990608215,
        0.09516315907239914,
        -0.1092388778924942,
        -0.6316828727722168,
        -0.044582996517419815,
        0.9174277782440186,
        0.3953966796398163,
        -0.6336063146591187,
        0.1378459930419922,
        -0.3863550126552582,
        0.9119914174079895,
        2.539982318878174
    ],
    [
        0.989400327205658,
        0.09535202383995056,
        -0.10952203720808029,
        -0.6309090852737427,
        -0.04451180621981621,
        0.9170467257499695,
        0.39628785848617554,
        -0.6415137052536011,
        0.13822366297245026,
        -0.3872123658657074,
        0.9115704894065857,
        2.5416224002838135
    ],
    [
        0.9894327521324158,
        0.09537992626428604,
        -0.10920444130897522,
        -0.6319671869277954,
        -0.04456103593111038,
        0.9167538285255432,
        0.396959513425827,
        -0.6500701308250427,
        0.1379755437374115,
        -0.38789844512939453,
        0.9113163948059082,
        2.542161464691162
    ],
    [
        0.9894149303436279,
        0.09552667289972305,
        -0.10923726111650467,
        -0.6318432688713074,
        -0.04459046199917793,
        0.9164846539497375,
        0.39757728576660156,
        -0.6584828495979309,
        0.1380934864282608,
        -0.388497918844223,
        0.911043107509613,
        2.542890787124634
    ],
    [
        0.9894065856933594,
        0.09580173343420029,
        -0.10907147079706192,
        -0.6317490935325623,
        -0.04485525190830231,
        0.9163127541542053,
        0.39794331789016724,
        -0.66631019115448,
        0.13806723058223724,
        -0.3888353407382965,
        0.9109031558036804,
        2.5430471897125244
    ],
    [
        0.9893713593482971,
        0.09581281244754791,
        -0.10938086360692978,
        -0.6309291124343872,
        -0.044611431658267975,
        0.9159476161003113,
        0.3988105356693268,
        -0.6752534508705139,
        0.13839830458164215,
        -0.389692097902298,
        0.91048663854599,
        2.543083429336548
    ],
    [
        0.9893480539321899,
        0.09613063931465149,
        -0.10931351035833359,
        -0.6313902735710144,
        -0.0447922945022583,
        0.915537416934967,
        0.3997311592102051,
        -0.6837046146392822,
        0.13850700855255127,
        -0.3905768394470215,
        0.9100910425186157,
        2.5429906845092773
    ]
]