[
    [
        0.8404369950294495,
        0.02999262697994709,
        -0.5410786867141724,
        -0.6148918271064758,
        -0.052399978041648865,
        0.9982861280441284,
        -0.026054713875055313,
        0.04278293997049332,
        0.5393699407577515,
        0.0502498596906662,
        0.8405681848526001,
        0.298010915517807
    ],
    [
        0.8350293040275574,
        0.027736147865653038,
        -0.5495060086250305,
        -0.6430166959762573,
        -0.053044117987155914,
        0.9981346130371094,
        -0.030225299298763275,
        0.04994545131921768,
        0.5476425886154175,
        0.05438707396388054,
        0.8349429368972778,
        0.32745304703712463
    ],
    [
        0.8300006985664368,
        0.02556910552084446,
        -0.5571759939193726,
        -0.6716579794883728,
        -0.05369040369987488,
        0.9979724884033203,
        -0.03418276458978653,
        0.05605042353272438,
        0.5551722049713135,
        0.058286722749471664,
        0.8296906352043152,
        0.35757559537887573
    ],
    [
        0.825585663318634,
        0.022894807159900665,
        -0.5638119578361511,
        -0.7011775374412537,
        -0.054387178272008896,
        0.9977532029151917,
        -0.039122823625802994,
        0.06416187435388565,
        0.5616495609283447,
        0.06296338886022568,
        0.8249760270118713,
        0.3870932459831238
    ],
    [
        0.8224047422409058,
        0.021039212122559547,
        -0.5685136914253235,
        -0.7321725487709045,
        -0.05540759861469269,
        0.9975273013114929,
        -0.04323604702949524,
        0.07059772312641144,
        0.5661982297897339,
        0.06705750524997711,
        0.8215369582176208,
        0.412136435508728
    ],
    [
        0.8191077709197998,
        0.01865118183195591,
        -0.5733364820480347,
        -0.7614915370941162,
        -0.055436428636312485,
        0.9973669648170471,
        -0.04675498232245445,
        0.07633879035711288,
        0.5709547400474548,
        0.07008109986782074,
        0.817984938621521,
        0.43866094946861267
    ],
    [
        0.8166583180427551,
        0.017267799004912376,
        -0.5768631100654602,
        -0.7909334301948547,
        -0.05605771020054817,
        0.9971991777420044,
        -0.04951012507081032,
        0.08014161139726639,
        0.5743924975395203,
        0.07277047634124756,
        0.8153390288352966,
        0.4619017243385315
    ],
    [
        0.8146013021469116,
        0.01642058603465557,
        -0.579788863658905,
        -0.8218934535980225,
        -0.05635179951786995,
        0.9971108436584473,
        -0.050934240221977234,
        0.08202382922172546,
        0.577277421951294,
        0.07416324317455292,
        0.8131731748580933,
        0.4860544502735138
    ],
    [
        0.8121694922447205,
        0.012524053454399109,
        -0.5832871198654175,
        -0.8496511578559875,
        -0.05630435049533844,
        0.9967854619026184,
        -0.05699573829770088,
        0.09284214675426483,
        0.5806983113288879,
        0.07913180440664291,
        0.8102639317512512,
        0.511265754699707
    ],
    [
        0.8100726008415222,
        0.010677438229322433,
        -0.5862323641777039,
        -0.8787940144538879,
        -0.05646081641316414,
        0.9966081976890564,
        -0.05986727774143219,
        0.0980498269200325,
        0.5836047530174255,
        0.0815960019826889,
        0.8079279065132141,
        0.5362864136695862
    ],
    [
        0.8082745671272278,
        0.008617875166237354,
        -0.588742733001709,
        -0.9072762131690979,
        -0.056047044694423676,
        0.996478796005249,
        -0.062359798699617386,
        0.10232437402009964,
        0.5861321687698364,
        0.0834011361002922,
        0.8059114813804626,
        0.5594784617424011
    ],
    [
        0.8066726922988892,
        0.0078024971298873425,
        -0.5909470915794373,
        -0.9364886283874512,
        -0.05546022579073906,
        0.99649977684021,
        -0.06254883855581284,
        0.10236041992902756,
        0.588390588760376,
        0.08323049545288086,
        0.8042817711830139,
        0.5828486680984497
    ],
    [
        0.8041655421257019,
        0.005539913661777973,
        -0.5943796038627625,
        -0.9737980365753174,
        -0.054514896124601364,
        0.9964295625686646,
        -0.06446868181228638,
        0.10443340241909027,
        0.5919002294540405,
        0.08424603193998337,
        0.8015963435173035,
        0.6144052743911743
    ],
    [
        0.8026015758514404,
        0.002714979462325573,
        -0.5965093970298767,
        -1.001516342163086,
        -0.05410334840416908,
        0.996199369430542,
        -0.06826174259185791,
        0.1086825430393219,
        0.5940569043159485,
        0.08706013113260269,
        0.799697995185852,
        0.6373002529144287
    ],
    [
        0.8016678690910339,
        0.00034301052801311016,
        -0.5977696776390076,
        -1.0298821926116943,
        -0.05338779464364052,
        0.9960446953773499,
        -0.0710267424583435,
        0.1103239357471466,
        0.5953808426856995,
        0.08885345607995987,
        0.7985152006149292,
        0.6585846543312073
    ],
    [
        0.8005164265632629,
        -0.001429375959560275,
        -0.5993090867996216,
        -1.056870460510254,
        -0.052649009972810745,
        0.9959631562232971,
        -0.0727003887295723,
        0.10923583805561066,
        0.5969937443733215,
        0.08975087851285934,
        0.7972096800804138,
        0.6796874403953552
    ],
    [
        0.7990082502365112,
        -0.0029687336646020412,
        -0.6013126373291016,
        -1.0812928676605225,
        -0.05226844921708107,
        0.9958599805831909,
        -0.07436957955360413,
        0.10747542977333069,
        0.5990440845489502,
        0.09085159003734589,
        0.7955451011657715,
        0.7003518342971802
    ],
    [
        0.7986200451850891,
        -0.004084068816155195,
        -0.6018217206001282,
        -1.1071478128433228,
        -0.05235083028674126,
        0.995715320110321,
        -0.07622687518596649,
        0.10524991154670715,
        0.5995543599128723,
        0.09238217771053314,
        0.7949842810630798,
        0.7192305326461792
    ],
    [
        0.7980167269706726,
        -0.00518233235925436,
        -0.6026130318641663,
        -1.1312189102172852,
        -0.052261848002672195,
        0.9956005215644836,
        -0.07777024060487747,
        0.10223626345396042,
        0.6003648638725281,
        0.09355562180280685,
        0.7942350506782532,
        0.7381321787834167
    ],
    [
        0.7974053621292114,
        -0.006886213552206755,
        -0.6034048199653625,
        -1.1542096138000488,
        -0.05247555673122406,
        0.9953557252883911,
        -0.08070622384548187,
        0.10121174156665802,
        0.601158082485199,
        0.09601958096027374,
        0.7933405041694641,
        0.7571788430213928
    ],
    [
        0.7974244952201843,
        -0.009405945427715778,
        -0.6033453941345215,
        -1.1773325204849243,
        -0.05281313508749008,
        0.9949535727500916,
        -0.08531259745359421,
        0.10276918113231659,
        0.6011030673980713,
        0.0998949185013771,
        0.7929036021232605,
        0.7752520442008972
    ],
    [
        0.797212541103363,
        -0.010646595619618893,
        -0.603604793548584,
        -1.1996108293533325,
        -0.05291515216231346,
        0.9947639107704163,
        -0.0874338150024414,
        0.10057263821363449,
        0.601375162601471,
        0.1016431674361229,
        0.7924749255180359,
        0.7934040427207947
    ],
    [
        0.7974088191986084,
        -0.01253607776015997,
        -0.6033092737197876,
        -1.2212456464767456,
        -0.05314423516392708,
        0.9944404363632202,
        -0.09090539813041687,
        0.10018113255500793,
        0.601094663143158,
        0.10455118864774704,
        0.7923094630241394,
        0.8104301691055298
    ],
    [
        0.7977349758148193,
        -0.013013931922614574,
        -0.6028677225112915,
        -1.2429463863372803,
        -0.053781215101480484,
        0.9942472577095032,
        -0.09262765944004059,
        0.09840462356805801,
        0.6006050705909729,
        0.10631529241800308,
        0.7924458980560303,
        0.8267870545387268
    ],
    [
        0.7968285083770752,
        -0.013122178614139557,
        -0.604063093662262,
        -1.267526388168335,
        -0.054336775094270706,
        0.9941567778587341,
        -0.09327270835638046,
        0.09475059807300568,
        0.601757287979126,
        0.10714519023895264,
        0.7914595007896423,
        0.8510711193084717
    ]
]