[
    [
        0.9974201917648315,
        0.0074093821458518505,
        -0.07140076160430908,
        -0.010454882867634296,
        -0.007635133340954781,
        0.9999666810035706,
        -0.0028893337585031986,
        -0.09086376428604126,
        0.07137696444988251,
        0.003427033545449376,
        0.9974435567855835,
        0.41724106669425964
    ],
    [
        0.9944624900817871,
        0.014231663197278976,
        -0.10412353277206421,
        -0.03242814540863037,
        -0.014836521819233894,
        0.9998771548271179,
        -0.005036802496761084,
        -0.11382423341274261,
        0.10403906553983688,
        0.006553742568939924,
        0.9945515990257263,
        0.565233588218689
    ],
    [
        0.9900838136672974,
        0.022307682782411575,
        -0.1386956423521042,
        -0.07513788342475891,
        -0.023335836827754974,
        0.9997108578681946,
        -0.005791106261312962,
        -0.14329217374324799,
        0.13852635025978088,
        0.008970258757472038,
        0.9903181791305542,
        0.7139906883239746
    ],
    [
        0.9842368364334106,
        0.030644766986370087,
        -0.174180269241333,
        -0.11963094025850296,
        -0.03243066743016243,
        0.999446451663971,
        -0.007415588945150375,
        -0.16915583610534668,
        0.17385661602020264,
        0.012947477400302887,
        0.9846858978271484,
        0.8615809082984924
    ],
    [
        0.976110577583313,
        0.04137740284204483,
        -0.21329785883426666,
        -0.17377585172653198,
        -0.04437816143035889,
        0.9989715814590454,
        -0.009297550655901432,
        -0.1941545605659485,
        0.21269378066062927,
        0.018541205674409866,
        0.9769431352615356,
        0.9991165399551392
    ],
    [
        0.9668557643890381,
        0.04991694167256355,
        -0.25039634108543396,
        -0.22183732688426971,
        -0.05419039726257324,
        0.9984785914421082,
        -0.01019703596830368,
        -0.2190934121608734,
        0.2495063692331314,
        0.023428140208125114,
        0.968089759349823,
        1.1082006692886353
    ],
    [
        0.9540673494338989,
        0.05987849086523056,
        -0.29354771971702576,
        -0.2867821455001831,
        -0.06694535911083221,
        0.997657299041748,
        -0.01407662220299244,
        -0.23921380937099457,
        0.2920171022415161,
        0.033081699162721634,
        0.9558408260345459,
        1.2522954940795898
    ],
    [
        0.9356308579444885,
        0.06744534522294998,
        -0.34647658467292786,
        -0.3214711844921112,
        -0.07857099920511246,
        0.9967432618141174,
        -0.01814769022166729,
        -0.2598138451576233,
        0.3441242575645447,
        0.04420255124568939,
        0.9378831386566162,
        1.4057928323745728
    ],
    [
        0.9172481894493103,
        0.07369065284729004,
        -0.39144033193588257,
        -0.35708391666412354,
        -0.08920188248157501,
        0.9957801103591919,
        -0.02156287245452404,
        -0.2763470411300659,
        0.38819947838783264,
        0.054695721715688705,
        0.9199507236480713,
        1.5354018211364746
    ],
    [
        0.895707905292511,
        0.0780491754412651,
        -0.43773922324180603,
        -0.3740043342113495,
        -0.09873189777135849,
        0.9948086738586426,
        -0.024651532992720604,
        -0.28866079449653625,
        0.4335426986217499,
        0.06529939919710159,
        0.8987640142440796,
        1.6619763374328613
    ],
    [
        0.8803830146789551,
        0.08191603422164917,
        -0.46713539958000183,
        -0.42051467299461365,
        -0.10487183183431625,
        0.9942126274108887,
        -0.023302465677261353,
        -0.31037548184394836,
        0.46252313256263733,
        0.06950444728136063,
        0.8838786482810974,
        1.7708388566970825
    ],
    [
        0.8656616806983948,
        0.08589309453964233,
        -0.49320611357688904,
        -0.4640234708786011,
        -0.11056038737297058,
        0.9936473965644836,
        -0.021006332710385323,
        -0.332433819770813,
        0.4882686138153076,
        0.07271343469619751,
        0.8696587681770325,
        1.8719552755355835
    ],
    [
        0.8490974307060242,
        0.09074708819389343,
        -0.5203831791877747,
        -0.45494207739830017,
        -0.1170945018529892,
        0.9929593801498413,
        -0.017903050407767296,
        -0.3526311218738556,
        0.5150946974754333,
        0.07613544911146164,
        0.8537452816963196,
        1.975216269493103
    ],
    [
        0.8344845175743103,
        0.09461873024702072,
        -0.5428470373153687,
        -0.4176669418811798,
        -0.12169033288955688,
        0.9924682974815369,
        -0.014078760519623756,
        -0.37268882989883423,
        0.5374262928962708,
        0.07780776172876358,
        0.8397135138511658,
        2.072253704071045
    ],
    [
        0.829578161239624,
        0.09928369522094727,
        -0.5494931936264038,
        -0.439125657081604,
        -0.1228465884923935,
        0.9924065470695496,
        -0.006153082940727472,
        -0.4133046269416809,
        0.5447098612785339,
        0.0726078674197197,
        0.8354753851890564,
        2.184358596801758
    ],
    [
        0.8328591585159302,
        0.10267665982246399,
        -0.543877899646759,
        -0.4735569655895233,
        -0.12225891649723053,
        0.9924981594085693,
        0.0001505949185229838,
        -0.44929489493370056,
        0.5398133397102356,
        0.0663684830069542,
        0.8391643762588501,
        2.2714896202087402
    ],
    [
        0.8369429111480713,
        0.10648197680711746,
        -0.5368313193321228,
        -0.5125157237052917,
        -0.12361747026443481,
        0.9923215508460999,
        0.004104760941118002,
        -0.48300641775131226,
        0.5331467390060425,
        0.06292630732059479,
        0.8436794281005859,
        2.3629093170166016
    ],
    [
        0.8402377963066101,
        0.10918256640434265,
        -0.5311115980148315,
        -0.5441463589668274,
        -0.1261427104473114,
        0.9920024275779724,
        0.004367202054709196,
        -0.5195878744125366,
        0.5273408889770508,
        0.06332634389400482,
        0.8472906351089478,
        2.4490139484405518
    ],
    [
        0.8401877284049988,
        0.11268527805805206,
        -0.530458927154541,
        -0.5606740713119507,
        -0.12893003225326538,
        0.9916328191757202,
        0.0064417337998747826,
        -0.583439826965332,
        0.5267463326454163,
        0.06297972798347473,
        0.8476860523223877,
        2.5517563819885254
    ],
    [
        0.8411107063293457,
        0.11097096651792526,
        -0.5293561816215515,
        -0.5916039943695068,
        -0.128325417637825,
        0.9917240738868713,
        0.003998719155788422,
        -0.6580801010131836,
        0.525419294834137,
        0.0645664781332016,
        0.8483902215957642,
        2.6542232036590576
    ],
    [
        0.843576192855835,
        0.10537727922201157,
        -0.5265689492225647,
        -0.6306299567222595,
        -0.12583108246326447,
        0.9920469522476196,
        -0.0030553333926945925,
        -0.7342961430549622,
        0.5220592021942139,
        0.06883613765239716,
        0.8501269221305847,
        2.728639841079712
    ],
    [
        0.8509346842765808,
        0.09876599162817001,
        -0.5159026384353638,
        -0.694191575050354,
        -0.12525391578674316,
        0.9919843673706055,
        -0.016686197370290756,
        -0.8185999393463135,
        0.5101194977760315,
        0.07881772518157959,
        0.8564844727516174,
        2.7824959754943848
    ],
    [
        0.8584499955177307,
        0.08747341483831406,
        -0.5053829550743103,
        -0.7675473093986511,
        -0.1185421347618103,
        0.9925086498260498,
        -0.029570411890745163,
        -0.915397584438324,
        0.4990103244781494,
        0.08529388159513474,
        0.8623884320259094,
        2.8289475440979004
    ],
    [
        0.8655418753623962,
        0.07107188552618027,
        -0.495768278837204,
        -0.856316089630127,
        -0.10503698140382767,
        0.9936253428459167,
        -0.040936585515737534,
        -1.0330448150634766,
        0.48969849944114685,
        0.08750633150339127,
        0.8674893975257874,
        2.889622688293457
    ],
    [
        0.8718767166137695,
        0.05459381267428398,
        -0.48667293787002563,
        -0.9275843501091003,
        -0.09095495194196701,
        0.9945286512374878,
        -0.051382359117269516,
        -1.1399919986724854,
        0.4812049865722656,
        0.08906440436840057,
        0.8720719218254089,
        2.940937042236328
    ]
]