[
    [
        0.9999026656150818,
        -3.2204873150476487e-06,
        0.013953459449112415,
        -0.01041310466825962,
        0.00033324549440294504,
        0.9997202157974243,
        -0.023649543523788452,
        -0.09067036211490631,
        -0.013949480839073658,
        0.023651892319321632,
        0.9996229410171509,
        0.06545335799455643
    ],
    [
        0.9992900490760803,
        -0.001369111007079482,
        0.037650495767593384,
        -0.01809409074485302,
        0.002726652193814516,
        0.9993470907211304,
        -0.036028724163770676,
        -0.13218706846237183,
        -0.0375765860080719,
        0.03610580042004585,
        0.998641312122345,
        0.1606985181570053
    ],
    [
        0.9976589679718018,
        -0.0022818229626864195,
        0.06834714859724045,
        -0.03513369709253311,
        0.005901744589209557,
        0.9985872507095337,
        -0.05280878394842148,
        -0.18093344569206238,
        -0.06813009083271027,
        0.05308853089809418,
        0.9962629675865173,
        0.3054746985435486
    ],
    [
        0.995952308177948,
        -0.0023481929674744606,
        0.08985306322574615,
        -0.037314239889383316,
        0.00868670828640461,
        0.9974938035011292,
        -0.0702173039317131,
        -0.21838603913784027,
        -0.0894629955291748,
        0.07071360945701599,
        0.9934766888618469,
        0.4372939467430115
    ],
    [
        0.9939066171646118,
        -0.004175337962806225,
        0.11014600098133087,
        0.009027781896293163,
        0.012848648242652416,
        0.9968586564064026,
        -0.07815203815698624,
        -0.23483790457248688,
        -0.10947368294000626,
        0.07909106463193893,
        0.9908381104469299,
        0.6087949275970459
    ],
    [
        0.9927946925163269,
        -0.004820895381271839,
        0.11973114311695099,
        0.06618237495422363,
        0.015309460461139679,
        0.996104896068573,
        -0.08683648705482483,
        -0.25316688418388367,
        -0.11884616315364838,
        0.08804381638765335,
        0.9890015125274658,
        0.7741861939430237
    ],
    [
        0.9918099045753479,
        -0.004458093084394932,
        0.12764514982700348,
        0.11258558928966522,
        0.016122926026582718,
        0.9957660436630249,
        -0.09049820154905319,
        -0.2553598880767822,
        -0.1267012655735016,
        0.0918150246143341,
        0.9876825213432312,
        0.9665115475654602
    ],
    [
        0.9903174638748169,
        -0.004168536514043808,
        0.1387590914964676,
        0.15739469230175018,
        0.0174733754247427,
        0.995342493057251,
        -0.09480506181716919,
        -0.27549153566360474,
        -0.1377176195383072,
        0.09631169587373734,
        0.985777735710144,
        1.1990503072738647
    ],
    [
        0.9887945055961609,
        -0.004750613123178482,
        0.1492072194814682,
        0.20738962292671204,
        0.018888426944613457,
        0.9954420328140259,
        -0.09347948431968689,
        -0.28444474935531616,
        -0.14808306097984314,
        0.09525029361248016,
        0.984377384185791,
        1.3967620134353638
    ],
    [
        0.9876405596733093,
        -0.006424975581467152,
        0.15660372376441956,
        0.304156631231308,
        0.02140851877629757,
        0.9953249096870422,
        -0.09418027848005295,
        -0.2912241220474243,
        -0.15526649355888367,
        0.09636892378330231,
        0.9831607937812805,
        1.6354544162750244
    ],
    [
        0.9872393012046814,
        -0.006171149201691151,
        0.15912407636642456,
        0.3838932514190674,
        0.02191241830587387,
        0.9950079321861267,
        -0.09736085683107376,
        -0.3113211989402771,
        -0.1577288806438446,
        0.0996052622795105,
        0.9824460744857788,
        1.8449630737304688
    ],
    [
        0.9870386719703674,
        -0.005390160717070103,
        0.1603918820619583,
        0.4573993682861328,
        0.021463779732584953,
        0.994890570640564,
        -0.09865190088748932,
        -0.3127502501010895,
        -0.15904060006141663,
        0.10081586241722107,
        0.9821111559867859,
        2.092442750930786
    ],
    [
        0.9871736168861389,
        -0.0048652696423232555,
        0.15957608819007874,
        0.5138359665870667,
        0.020686006173491478,
        0.9950076341629028,
        -0.0976317748427391,
        -0.3301984965801239,
        -0.15830442309379578,
        0.09968051314353943,
        0.9823458790779114,
        2.345766067504883
    ],
    [
        0.9871365427970886,
        -0.0052000074647367,
        0.15979501605033875,
        0.5841519832611084,
        0.021212857216596603,
        0.9948943853378296,
        -0.0986672043800354,
        -0.3188266158103943,
        -0.15846611559391022,
        0.1007877066731453,
        0.9822067618370056,
        2.571380615234375
    ],
    [
        0.9860279560089111,
        -0.004930481314659119,
        0.16650710999965668,
        0.6701727509498596,
        0.021779898554086685,
        0.9947972297668457,
        -0.09951980412006378,
        -0.3213265538215637,
        -0.16515015065670013,
        0.10175582766532898,
        0.9810052514076233,
        2.8230419158935547
    ],
    [
        0.9849381446838379,
        -0.004456263035535812,
        0.1728496253490448,
        0.7210519909858704,
        0.02165006287395954,
        0.9949789047241211,
        -0.09771550446748734,
        -0.3227030634880066,
        -0.17154625058174133,
        0.09998591989278793,
        0.9800890684127808,
        3.051495313644409
    ],
    [
        0.9829317331314087,
        -0.0026603457517921925,
        0.18395167589187622,
        0.7518059611320496,
        0.021574582904577255,
        0.9946628212928772,
        -0.10089711844921112,
        -0.34798651933670044,
        -0.1827014982700348,
        0.10314365476369858,
        0.9777432084083557,
        3.303684949874878
    ],
    [
        0.9797626733779907,
        -0.0030281401704996824,
        0.20013964176177979,
        0.7945150136947632,
        0.023247426375746727,
        0.9948403835296631,
        -0.09875326603651047,
        -0.34579747915267944,
        -0.1988079696893692,
        0.1014075055718422,
        0.9747779369354248,
        3.5101253986358643
    ],
    [
        0.9764193892478943,
        -0.004176692105829716,
        0.21584177017211914,
        0.8669977188110352,
        0.026145143434405327,
        0.9947413206100464,
        -0.09902577102184296,
        -0.3616813123226166,
        -0.21429312229156494,
        0.1023339033126831,
        0.9713940024375916,
        3.7175447940826416
    ],
    [
        0.9740152359008789,
        -0.004509641323238611,
        0.2264377623796463,
        0.9293528199195862,
        0.02756405621767044,
        0.9947299361228943,
        -0.09875531494617462,
        -0.3789944350719452,
        -0.22479906678199768,
        0.10243072360754013,
        0.969006359577179,
        3.8973891735076904
    ],
    [
        0.9719603657722473,
        -0.004389922134578228,
        0.23510392010211945,
        0.9763312935829163,
        0.02829001471400261,
        0.9947466254234314,
        -0.0983816608786583,
        -0.41371822357177734,
        -0.2334369271993637,
        0.10227416455745697,
        0.9669783711433411,
        4.067722797393799
    ],
    [
        0.9699369072914124,
        -0.004269394092261791,
        0.24331887066364288,
        1.0132379531860352,
        0.0292168240994215,
        0.994657039642334,
        -0.09901365637779236,
        -0.45195749402046204,
        -0.24159611761569977,
        0.1031460091471672,
        0.9648793339729309,
        4.222501754760742
    ],
    [
        0.9676252007484436,
        -0.004468346945941448,
        0.252352237701416,
        1.050957202911377,
        0.030508631840348244,
        0.9945825338363647,
        -0.09937212616205215,
        -0.4733412265777588,
        -0.2505411207675934,
        0.10385389626026154,
        0.9625194668769836,
        4.353469371795654
    ],
    [
        0.9655799269676208,
        -0.0044111451134085655,
        0.2600692808628082,
        1.101346492767334,
        0.03185243532061577,
        0.9943361282348633,
        -0.10139570385217667,
        -0.5159210562705994,
        -0.25814902782440186,
        0.10618949681520462,
        0.96025151014328,
        4.522197246551514
    ],
    [
        0.9638350009918213,
        -0.0045738788321614265,
        0.2664605975151062,
        1.1514986753463745,
        0.03289838880300522,
        0.9942471981048584,
        -0.10193269699811935,
        -0.5559505820274353,
        -0.264461487531662,
        0.10701243579387665,
        0.9584406018257141,
        4.658313751220703
    ]
]