[
    [
        0.9536707401275635,
        0.01293523982167244,
        -0.30057430267333984,
        -0.13550825417041779,
        -0.011533190496265888,
        0.9999127984046936,
        0.006438499316573143,
        -0.10893064737319946,
        0.30063140392303467,
        -0.002673625946044922,
        0.9537366628646851,
        0.5521000623703003
    ],
    [
        0.9091941714286804,
        0.02197619155049324,
        -0.41579198837280273,
        -0.2469726949930191,
        -0.01871420070528984,
        0.9997537732124329,
        0.011919273063540459,
        -0.15166209638118744,
        0.41595157980918884,
        -0.0030557182617485523,
        0.9093815088272095,
        0.7217324376106262
    ],
    [
        0.8518474698066711,
        0.03265329450368881,
        -0.5227712392807007,
        -0.4103056788444519,
        -0.025951135903596878,
        0.9994602799415588,
        0.020141247659921646,
        -0.2000943273305893,
        0.5231467485427856,
        -0.0035907654091715813,
        0.8522350192070007,
        0.8961309790611267
    ],
    [
        0.7964932322502136,
        0.041283149272203445,
        -0.6032363772392273,
        -0.5348750948905945,
        -0.030132904648780823,
        0.9991368651390076,
        0.028590554371476173,
        -0.25176313519477844,
        0.6038960814476013,
        -0.004594918806105852,
        0.797049880027771,
        1.0162361860275269
    ],
    [
        0.7231549024581909,
        0.05506906285881996,
        -0.6884870529174805,
        -0.6755983829498291,
        -0.034507181495428085,
        0.9984523057937622,
        0.04361706227064133,
        -0.28343886137008667,
        0.6898233294487,
        -0.007784142624586821,
        0.7239359021186829,
        1.1678589582443237
    ],
    [
        0.6524725556373596,
        0.0691504254937172,
        -0.7546507716178894,
        -0.8393732309341431,
        -0.03823692351579666,
        0.9975636601448059,
        0.0583493746817112,
        -0.28540530800819397,
        0.7568470239639282,
        -0.00921584665775299,
        0.653527021408081,
        1.3319902420043945
    ],
    [
        0.5863221883773804,
        0.08164888620376587,
        -0.8059526681900024,
        -1.0081509351730347,
        -0.041093047708272934,
        0.9966245293617249,
        0.07107055932283401,
        -0.27598217129707336,
        0.8090350031852722,
        -0.00855119526386261,
        0.5876982808113098,
        1.503065824508667
    ],
    [
        0.541158139705658,
        0.0900275707244873,
        -0.8360878229141235,
        -1.1697580814361572,
        -0.043437451124191284,
        0.9959180951118469,
        0.07912272959947586,
        -0.2547883093357086,
        0.8397982120513916,
        -0.006500393617898226,
        0.5428597927093506,
        1.666090965270996
    ],
    [
        0.5134525299072266,
        0.09481139481067657,
        -0.8528642058372498,
        -1.3322540521621704,
        -0.04464639350771904,
        0.9954829216003418,
        0.0837874636054039,
        -0.21915660798549652,
        0.8569558262825012,
        -0.004943603649735451,
        0.5153661370277405,
        1.8242822885513306
    ],
    [
        0.4969889223575592,
        0.0984099879860878,
        -0.8621587157249451,
        -1.4734420776367188,
        -0.04621307924389839,
        0.9951402544975281,
        0.08694959431886673,
        -0.18136106431484222,
        0.8665254712104797,
        -0.0033699260093271732,
        0.4991213381290436,
        1.9839493036270142
    ],
    [
        0.48903098702430725,
        0.10191893577575684,
        -0.8662916421890259,
        -1.576460838317871,
        -0.04837352782487869,
        0.9947906732559204,
        0.0897294133901596,
        -0.1549730747938156,
        0.8709240555763245,
        -0.0019748646300286055,
        0.4914136230945587,
        2.0908594131469727
    ],
    [
        0.48330917954444885,
        0.10539445281028748,
        -0.8690824508666992,
        -1.6578359603881836,
        -0.0508941151201725,
        0.9944304823875427,
        0.09229259938001633,
        -0.1386462152004242,
        0.8739690780639648,
        -0.0003746959555428475,
        0.485981285572052,
        2.1781017780303955
    ],
    [
        0.4781024754047394,
        0.10753940790891647,
        -0.8716955780982971,
        -1.7009773254394531,
        -0.0528792142868042,
        0.9942000508308411,
        0.09364961832761765,
        -0.12934622168540955,
        0.8767107725143433,
        0.0013204540591686964,
        0.48101603984832764,
        2.218855142593384
    ],
    [
        0.47563520073890686,
        0.1092890202999115,
        -0.8728271126747131,
        -1.7169896364212036,
        -0.05431940034031868,
        0.9940073490142822,
        0.09486173838376999,
        -0.12682600319385529,
        0.8779638409614563,
        0.002291859360411763,
        0.47872135043144226,
        2.2125258445739746
    ],
    [
        0.4739069938659668,
        0.11056946218013763,
        -0.8736055493354797,
        -1.693867564201355,
        -0.05590473860502243,
        0.9938618540763855,
        0.09546316415071487,
        -0.13655979931354523,
        0.8787984848022461,
        0.003597995499148965,
        0.4771795868873596,
        2.1815030574798584
    ],
    [
        0.4732733964920044,
        0.11059275269508362,
        -0.8739458918571472,
        -1.616660475730896,
        -0.057031601667404175,
        0.9938535690307617,
        0.09488168358802795,
        -0.15786778926849365,
        0.8790675401687622,
        0.004937530495226383,
        0.4766716957092285,
        2.1320791244506836
    ],
    [
        0.47300800681114197,
        0.10978953540325165,
        -0.8741908073425293,
        -1.4868643283843994,
        -0.05766410753130913,
        0.9939359426498413,
        0.09362737834453583,
        -0.18633052706718445,
        0.8791690468788147,
        0.006122933235019445,
        0.4764705300331116,
        2.042163610458374
    ],
    [
        0.47320371866226196,
        0.10964565724134445,
        -0.8741030693054199,
        -1.3513948917388916,
        -0.05818580090999603,
        0.9939478039741516,
        0.09317930042743683,
        -0.217078298330307,
        0.8790293335914612,
        0.006767587270587683,
        0.4767197370529175,
        1.9381393194198608
    ],
    [
        0.4756523370742798,
        0.10981057584285736,
        -0.87275230884552,
        -1.1931955814361572,
        -0.05903934687376022,
        0.9939252734184265,
        0.09288009256124496,
        -0.23751136660575867,
        0.8776497840881348,
        0.007348120212554932,
        0.4792460501194,
        1.8131486177444458
    ],
    [
        0.48137563467025757,
        0.11048051714897156,
        -0.8695235848426819,
        -1.0808967351913452,
        -0.05999435856938362,
        0.9938508868217468,
        0.09306397289037704,
        -0.24080243706703186,
        0.8744587302207947,
        0.0073678260669112206,
        0.4850437641143799,
        1.6453335285186768
    ],
    [
        0.4910517632961273,
        0.11036019027233124,
        -0.864111602306366,
        -0.9682295918464661,
        -0.06170986592769623,
        0.9938576817512512,
        0.09186266362667084,
        -0.22718191146850586,
        0.8689419031143188,
        0.008214881643652916,
        0.4948459565639496,
        1.4576698541641235
    ],
    [
        0.5232064127922058,
        0.1087484285235405,
        -0.8452388644218445,
        -0.8029081225395203,
        -0.06308628618717194,
        0.9940457940101624,
        0.08884324133396149,
        -0.23048387467861176,
        0.8498677611351013,
        0.006839624140411615,
        0.5269516706466675,
        1.1875505447387695
    ],
    [
        0.5628983974456787,
        0.10591886937618256,
        -0.8197112679481506,
        -0.6366844177246094,
        -0.06256703287363052,
        0.9943698048591614,
        0.08552234619855881,
        -0.21719451248645782,
        0.8241544961929321,
        0.003146506380289793,
        0.5663561820983887,
        0.9524635672569275
    ],
    [
        0.5914300084114075,
        0.10378000885248184,
        -0.7996500134468079,
        -0.41788551211357117,
        -0.06235043331980705,
        0.9945999383926392,
        0.08296586573123932,
        -0.19831019639968872,
        0.8039421439170837,
        0.0007900128839537501,
        0.5947070717811584,
        0.6825273036956787
    ],
    [
        0.6098421812057495,
        0.10268071293830872,
        -0.7858429551124573,
        -0.24105891585350037,
        -0.061873581260442734,
        0.9947134256362915,
        0.08195627480745316,
        -0.17807498574256897,
        0.7901039123535156,
        -0.0013574771583080292,
        0.6129714250564575,
        0.4080613851547241
    ]
]