[
    [
        0.9752565622329712,
        -0.023918243125081062,
        0.2197786569595337,
        0.08693587779998779,
        0.021524198353290558,
        0.9996801018714905,
        0.013281443156301975,
        -0.0469537116587162,
        -0.22002603113651276,
        -0.008222253993153572,
        0.9754593372344971,
        0.2001560628414154
    ],
    [
        0.9650728106498718,
        -0.0304116141051054,
        0.26021063327789307,
        0.12521523237228394,
        0.0267888605594635,
        0.9994886517524719,
        0.017458397895097733,
        -0.06557188928127289,
        -0.2606084942817688,
        -0.009877880103886127,
        0.9653940200805664,
        0.25086116790771484
    ],
    [
        0.9505847692489624,
        -0.03729410097002983,
        0.3082170784473419,
        0.1805666983127594,
        0.03212185949087143,
        0.999245285987854,
        0.021839838474988937,
        -0.08575891703367233,
        -0.3087989389896393,
        -0.010860112495720387,
        0.9510653018951416,
        0.30139341950416565
    ],
    [
        0.9365949034690857,
        -0.0421280674636364,
        0.3478725254535675,
        0.24644771218299866,
        0.03565359488129616,
        0.999051570892334,
        0.024995189160108566,
        -0.10172093659639359,
        -0.3485955595970154,
        -0.0110074607655406,
        0.9372086524963379,
        0.3446279764175415
    ],
    [
        0.91839998960495,
        -0.0482134148478508,
        0.3927047550678253,
        0.34827786684036255,
        0.04205780103802681,
        0.9988203644752502,
        0.02426927722990513,
        -0.10547974705696106,
        -0.3934116065502167,
        -0.005772603675723076,
        0.9193443655967712,
        0.41092970967292786
    ],
    [
        0.9001844525337219,
        -0.05102301388978958,
        0.4325096905231476,
        0.47357726097106934,
        0.04532669484615326,
        0.9986962676048279,
        0.023477178066968918,
        -0.1113235205411911,
        -0.4331437051296234,
        -0.0015295546036213636,
        0.9013236165046692,
        0.4754377603530884
    ],
    [
        0.8849482536315918,
        -0.05618233233690262,
        0.46228793263435364,
        0.6048016548156738,
        0.05113958567380905,
        0.9984163641929626,
        0.023443110287189484,
        -0.11330915242433548,
        -0.4628729224205017,
        0.002895273035392165,
        0.886419951915741,
        0.5424209237098694
    ],
    [
        0.866386890411377,
        -0.0605432502925396,
        0.4956896901130676,
        0.7464988231658936,
        0.055579934269189835,
        0.9981469511985779,
        0.02476818673312664,
        -0.11723430454730988,
        -0.4962707459926605,
        0.00609156908467412,
        0.8681464195251465,
        0.627655029296875
    ],
    [
        0.8488627076148987,
        -0.06487080454826355,
        0.5246178507804871,
        0.8876882791519165,
        0.06006750836968422,
        0.9978505969047546,
        0.02619485929608345,
        -0.12192192673683167,
        -0.5251895189285278,
        0.009276649914681911,
        0.8509346842765808,
        0.7230068445205688
    ],
    [
        0.8320227265357971,
        -0.06851758062839508,
        0.5504938960075378,
        0.9945768713951111,
        0.06210482865571976,
        0.9976094961166382,
        0.030302170664072037,
        -0.13303905725479126,
        -0.5512542128562927,
        0.008976235054433346,
        0.8342889547348022,
        0.8213575482368469
    ],
    [
        0.8109602928161621,
        -0.07431972771883011,
        0.5803618431091309,
        1.1100492477416992,
        0.06584671139717102,
        0.9971913695335388,
        0.03568792715668678,
        -0.14855152368545532,
        -0.5813841819763184,
        0.00927343126386404,
        0.813576340675354,
        0.9472031593322754
    ],
    [
        0.796715259552002,
        -0.0788453221321106,
        0.5991895794868469,
        1.2153936624526978,
        0.06698203086853027,
        0.9968652129173279,
        0.042111098766326904,
        -0.1671586036682129,
        -0.6006314158439636,
        0.0065843695774674416,
        0.7994990348815918,
        1.0418519973754883
    ],
    [
        0.7799190282821655,
        -0.0787491649389267,
        0.6209064722061157,
        1.3348742723464966,
        0.06668322533369064,
        0.9968613982200623,
        0.042670633643865585,
        -0.167928546667099,
        -0.6223179697990417,
        0.008124402724206448,
        0.7827223539352417,
        1.1643517017364502
    ],
    [
        0.765396237373352,
        -0.07905476540327072,
        0.6386852860450745,
        1.4630545377731323,
        0.06788057833909988,
        0.9968075156211853,
        0.04203455522656441,
        -0.17154118418693542,
        -0.6399694085121155,
        0.011181242763996124,
        0.7683190107345581,
        1.2890795469284058
    ],
    [
        0.7579007744789124,
        -0.08230205625295639,
        0.6471574306488037,
        1.5890378952026367,
        0.0706283375620842,
        0.996531069278717,
        0.044019073247909546,
        -0.18527314066886902,
        -0.6485353112220764,
        0.012345567345619202,
        0.7610844373703003,
        1.389102578163147
    ],
    [
        0.7507181167602539,
        -0.08707352727651596,
        0.654859185218811,
        1.7302167415618896,
        0.07450708746910095,
        0.9961106181144714,
        0.0470346100628376,
        -0.2048526555299759,
        -0.6564076542854309,
        0.013481914065778255,
        0.754285991191864,
        1.5072524547576904
    ],
    [
        0.7431879639625549,
        -0.0888160839676857,
        0.6631617546081543,
        1.85916268825531,
        0.07594893127679825,
        0.9959425926208496,
        0.04827087000012398,
        -0.21347454190254211,
        -0.6647582054138184,
        0.014492112211883068,
        0.7469177842140198,
        1.636091709136963
    ],
    [
        0.7370883226394653,
        -0.09245317429304123,
        0.6694424152374268,
        1.958786964416504,
        0.07791011035442352,
        0.9956180453300476,
        0.05171680450439453,
        -0.2276831418275833,
        -0.6712903380393982,
        0.014036478474736214,
        0.7410615086555481,
        1.7431625127792358
    ],
    [
        0.7320417165756226,
        -0.09795621037483215,
        0.6741806268692017,
        2.071850538253784,
        0.07980023324489594,
        0.9951256513595581,
        0.05793942138552666,
        -0.25020545721054077,
        -0.676569938659668,
        0.011385692283511162,
        0.7362903952598572,
        1.8589566946029663
    ],
    [
        0.7325802445411682,
        -0.10023213922977448,
        0.6732605695724487,
        2.1857187747955322,
        0.08247639238834381,
        0.9948821067810059,
        0.05837056040763855,
        -0.2557458281517029,
        -0.6756654977798462,
        0.012766986154019833,
        0.7370977401733398,
        1.9500683546066284
    ],
    [
        0.7376010417938232,
        -0.10294505208730698,
        0.667343258857727,
        2.33830189704895,
        0.0851924791932106,
        0.9946002960205078,
        0.05926651880145073,
        -0.26066529750823975,
        -0.6698410511016846,
        0.013137580826878548,
        0.7423884272575378,
        2.0625407695770264
    ],
    [
        0.7414952516555786,
        -0.10607011616230011,
        0.6625208854675293,
        2.4839560985565186,
        0.08791860193014145,
        0.9942713379859924,
        0.060784902423620224,
        -0.2709167003631592,
        -0.6651729345321655,
        0.01317618414759636,
        0.7465731501579285,
        2.179800510406494
    ],
    [
        0.7430166006088257,
        -0.10771475732326508,
        0.6605481505393982,
        2.5943515300750732,
        0.08919014781713486,
        0.9940967559814453,
        0.06178067997097969,
        -0.2828550636768341,
        -0.6633033752441406,
        0.013010318391025066,
        0.7482374310493469,
        2.2798848152160645
    ],
    [
        0.742718517780304,
        -0.10663269460201263,
        0.6610587239265442,
        2.714064121246338,
        0.0852428525686264,
        0.9942632913589478,
        0.06460776925086975,
        -0.29752084612846375,
        -0.6641557812690735,
        0.008365143090486526,
        0.7475475668907166,
        2.4010415077209473
    ],
    [
        0.7393679618835449,
        -0.11022231727838516,
        0.6642184257507324,
        2.8280787467956543,
        0.08639134466648102,
        0.9938853979110718,
        0.06876255571842194,
        -0.3183385729789734,
        -0.6677361726760864,
        0.006541894748806953,
        0.7443692088127136,
        2.5228233337402344
    ]
]