[
    [
        0.9960653781890869,
        0.026503274217247963,
        -0.08456602692604065,
        0.006078751292079687,
        -0.027252107858657837,
        0.9995988011360168,
        -0.007712769787758589,
        -0.04721942916512489,
        0.08432767540216446,
        0.00998702459037304,
        0.9963880777359009,
        0.3358740508556366
    ],
    [
        0.9940488338470459,
        0.028638377785682678,
        -0.10510309785604477,
        0.003419003216549754,
        -0.029816938564181328,
        0.999508798122406,
        -0.009658959694206715,
        -0.05684230476617813,
        0.1047748476266861,
        0.012735331431031227,
        0.9944143295288086,
        0.3899209499359131
    ],
    [
        0.9904981255531311,
        0.03303944319486618,
        -0.13349904119968414,
        0.001438354724086821,
        -0.035118911415338516,
        0.9992952942848206,
        -0.01325144711881876,
        -0.06758672744035721,
        0.13296718895435333,
        0.017813874408602715,
        0.9909602999687195,
        0.45323172211647034
    ],
    [
        0.9854719638824463,
        0.034869514405727386,
        -0.1662198305130005,
        0.0015328610315918922,
        -0.03792737051844597,
        0.9991639852523804,
        -0.015256860293447971,
        -0.07888595014810562,
        0.1655488759279251,
        0.02133948914706707,
        0.985970675945282,
        0.5214709043502808
    ],
    [
        0.9787338376045227,
        0.035686444491147995,
        -0.20200605690479279,
        0.0011432846076786518,
        -0.03997865319252014,
        0.9990523457527161,
        -0.017206579446792603,
        -0.09075901657342911,
        0.20120058953762054,
        0.02491658926010132,
        0.9792330861091614,
        0.5993362665176392
    ],
    [
        0.9698141813278198,
        0.03879019618034363,
        -0.24074043333530426,
        0.0012499857693910599,
        -0.04470625892281532,
        0.9988163709640503,
        -0.019159527495503426,
        -0.10483314096927643,
        0.23971231281757355,
        0.029343783855438232,
        0.9704003930091858,
        0.6788251399993896
    ],
    [
        0.9571788311004639,
        0.04624330624938011,
        -0.28577983379364014,
        0.008754685521125793,
        -0.055174604058265686,
        0.9982053637504578,
        -0.023275431245565414,
        -0.11557630449533463,
        0.28419065475463867,
        0.038046542555093765,
        0.9580126404762268,
        0.7589653134346008
    ],
    [
        0.946245551109314,
        0.043965958058834076,
        -0.32044708728790283,
        0.009808460250496864,
        -0.05375097692012787,
        0.9983174800872803,
        -0.02174973301589489,
        -0.12208291888237,
        0.31895169615745544,
        0.03780493140220642,
        0.947016716003418,
        0.8225956559181213
    ],
    [
        0.9320011138916016,
        0.0468987375497818,
        -0.35940852761268616,
        0.003725722897797823,
        -0.05899845436215401,
        0.9979985356330872,
        -0.022764509543776512,
        -0.13099917769432068,
        0.3576214909553528,
        0.042421091347932816,
        0.9329026341438293,
        0.8829975128173828
    ],
    [
        0.9158087968826294,
        0.05165284499526024,
        -0.3982790410518646,
        -0.010686475783586502,
        -0.06740492582321167,
        0.9973962306976318,
        -0.025639500468969345,
        -0.13574187457561493,
        0.3959176540374756,
        0.05032685399055481,
        0.9169058799743652,
        0.9476929306983948
    ],
    [
        0.8980767130851746,
        0.05641498044133186,
        -0.43620580434799194,
        -0.031028134748339653,
        -0.0755046010017395,
        0.9967923164367676,
        -0.02653542533516884,
        -0.1432400345802307,
        0.4333095848560333,
        0.05676639452576637,
        0.8994554877281189,
        1.0149730443954468
    ],
    [
        0.8778331279754639,
        0.0645216777920723,
        -0.47460082173347473,
        -0.05365222692489624,
        -0.08812709152698517,
        0.9957258105278015,
        -0.027633706107735634,
        -0.1518448144197464,
        0.4707893133163452,
        0.06608296930789948,
        0.8797673583030701,
        1.087660312652588
    ],
    [
        0.8565815091133118,
        0.06777390837669373,
        -0.5115415453910828,
        -0.07736987620592117,
        -0.09368448704481125,
        0.9952877163887024,
        -0.025010384619235992,
        -0.1597617119550705,
        0.5074360370635986,
        0.06934694945812225,
        0.858894407749176,
        1.1580601930618286
    ],
    [
        0.8395628333091736,
        0.06885849684476852,
        -0.5388808846473694,
        -0.09155341237783432,
        -0.09593745321035385,
        0.9951373338699341,
        -0.022308986634016037,
        -0.16614776849746704,
        0.5347244143486023,
        0.07042866200208664,
        0.8420864939689636,
        1.2004246711730957
    ],
    [
        0.8182380795478821,
        0.07058176398277283,
        -0.5705301761627197,
        -0.11077813059091568,
        -0.09863517433404922,
        0.994953989982605,
        -0.018371406942605972,
        -0.17230068147182465,
        0.5663546323776245,
        0.07130653411149979,
        0.821071207523346,
        1.2462472915649414
    ],
    [
        0.795818567276001,
        0.0711560845375061,
        -0.6013399362564087,
        -0.12540562450885773,
        -0.09882423281669617,
        0.9950194358825684,
        -0.013044994324445724,
        -0.18200068175792694,
        0.5974166393280029,
        0.06980840116739273,
        0.798886775970459,
        1.2889963388442993
    ],
    [
        0.7722599506378174,
        0.07328961789608002,
        -0.6310651898384094,
        -0.14217668771743774,
        -0.10078413784503937,
        0.9948778748512268,
        -0.007792122662067413,
        -0.1904551088809967,
        0.6272615790367126,
        0.06961890310049057,
        0.7756906151771545,
        1.3358789682388306
    ],
    [
        0.747168242931366,
        0.07568945735692978,
        -0.6603111028671265,
        -0.16625532507896423,
        -0.10307694226503372,
        0.9946699142456055,
        -0.002619644394144416,
        -0.1987724006175995,
        0.6565932631492615,
        0.07002018392086029,
        0.7509875893592834,
        1.3844919204711914
    ],
    [
        0.7196146249771118,
        0.07732176780700684,
        -0.6900550723075867,
        -0.18800336122512817,
        -0.10477498918771744,
        0.9944935441017151,
        0.0021713997703045607,
        -0.20680229365825653,
        0.6864233613014221,
        0.07073795795440674,
        0.7237535119056702,
        1.442551612854004
    ],
    [
        0.6986688375473022,
        0.07883644849061966,
        -0.7110884189605713,
        -0.21195106208324432,
        -0.10617603361606598,
        0.9943296313285828,
        0.005917017348110676,
        -0.21244239807128906,
        0.7075227499008179,
        0.07136650383472443,
        0.7030776739120483,
        1.4829670190811157
    ],
    [
        0.6720824241638184,
        0.07934705168008804,
        -0.7362128496170044,
        -0.2437579333782196,
        -0.10803060978651047,
        0.9941110610961914,
        0.008522403426468372,
        -0.21691270172595978,
        0.7325534820556641,
        0.07380577176809311,
        0.6766965389251709,
        1.5385946035385132
    ],
    [
        0.6488217115402222,
        0.08165998011827469,
        -0.7565460801124573,
        -0.2883673310279846,
        -0.11295000463724136,
        0.9935465455055237,
        0.01037424337118864,
        -0.2189202755689621,
        0.7525109648704529,
        0.07872084528207779,
        0.6538580656051636,
        1.5855717658996582
    ],
    [
        0.6277613043785095,
        0.08331510424613953,
        -0.7739343047142029,
        -0.33168140053749084,
        -0.11732087284326553,
        0.9930245876312256,
        0.011738010682165623,
        -0.22157491743564606,
        0.7695137858390808,
        0.08342999964952469,
        0.6331570148468018,
        1.6201093196868896
    ],
    [
        0.6088348627090454,
        0.08500132709741592,
        -0.7887299060821533,
        -0.37733131647109985,
        -0.12059438973665237,
        0.992604672908783,
        0.013883902691304684,
        -0.22620083391666412,
        0.7840772867202759,
        0.0866633951663971,
        0.6145830750465393,
        1.6493821144104004
    ],
    [
        0.5933614373207092,
        0.08795962482690811,
        -0.8001158833503723,
        -0.42834383249282837,
        -0.12467598915100098,
        0.9920585751533508,
        0.016601568087935448,
        -0.2337055504322052,
        0.7952219843864441,
        0.08990449458360672,
        0.5996156334877014,
        1.6714345216751099
    ]
]