[
    [
        0.999755859375,
        -0.017366981133818626,
        0.01365711074322462,
        0.32844194769859314,
        0.017426051199436188,
        0.9998392462730408,
        -0.004218250047415495,
        0.015579603612422943,
        -0.013581656850874424,
        0.004455209709703922,
        0.999897837638855,
        -0.0432739295065403
    ],
    [
        0.9992461800575256,
        -0.020310334861278534,
        0.033086225390434265,
        0.33813410997390747,
        0.0204760804772377,
        0.9997794032096863,
        -0.004678408615291119,
        0.018216963857412338,
        -0.03298391029238701,
        0.00535235833376646,
        0.9994415640830994,
        -0.041653186082839966
    ],
    [
        0.9974532127380371,
        -0.025596167892217636,
        0.06657416373491287,
        0.3516647219657898,
        0.026025867089629173,
        0.9996457099914551,
        -0.0055950419045984745,
        0.02220383659005165,
        -0.06640736013650894,
        0.007313442882150412,
        0.9977657794952393,
        -0.04070238023996353
    ],
    [
        0.993744969367981,
        -0.032163720577955246,
        0.10694096237421036,
        0.366550087928772,
        0.03304338455200195,
        0.9994329214096069,
        -0.006463468540459871,
        0.02581598423421383,
        -0.10667243599891663,
        0.009956730529665947,
        0.994244396686554,
        -0.041589878499507904
    ],
    [
        0.9875794053077698,
        -0.03883737698197365,
        0.15224528312683105,
        0.38110437989234924,
        0.040221549570560455,
        0.9991726875305176,
        -0.006021413020789623,
        0.028730519115924835,
        -0.15188543498516083,
        0.012070165015757084,
        0.9883244037628174,
        -0.04422695189714432
    ],
    [
        0.9788358211517334,
        -0.04617544636130333,
        0.19936944544315338,
        0.3927130103111267,
        0.047804202884435654,
        0.9988511204719543,
        -0.0033609699457883835,
        0.027905549854040146,
        -0.19898520410060883,
        0.012820536270737648,
        0.9799185991287231,
        -0.048696573823690414
    ],
    [
        0.9684284925460815,
        -0.053369298577308655,
        0.24351145327091217,
        0.4068891704082489,
        0.05494016036391258,
        0.9984896183013916,
        0.0003411244251765311,
        0.02673782967031002,
        -0.2431618720293045,
        0.013048205524682999,
        0.969897985458374,
        -0.053473278880119324
    ],
    [
        0.9562508463859558,
        -0.05957534536719322,
        0.286417692899704,
        0.4184492528438568,
        0.060731880366802216,
        0.9981423616409302,
        0.00485222227871418,
        0.023973742499947548,
        -0.2861746847629547,
        0.012754742056131363,
        0.9580925703048706,
        -0.06024320796132088
    ],
    [
        0.9435580968856812,
        -0.06595002114772797,
        0.32457461953163147,
        0.4323051869869232,
        0.06615298241376877,
        0.9977551102638245,
        0.010422238148748875,
        0.021204808726906776,
        -0.32453325390815735,
        0.01163758896291256,
        0.945802628993988,
        -0.06778787821531296
    ],
    [
        0.9269136190414429,
        -0.073667973279953,
        0.3679730296134949,
        0.44446349143981934,
        0.07210415601730347,
        0.9972343444824219,
        0.018017377704381943,
        0.01560808066278696,
        -0.368282675743103,
        0.009831830859184265,
        0.9296619296073914,
        -0.07888432592153549
    ],
    [
        0.9094761610031128,
        -0.08061007410287857,
        0.40786653757095337,
        0.4506446123123169,
        0.07736560702323914,
        0.9967023134231567,
        0.024473901838064194,
        0.012591270729899406,
        -0.40849438309669495,
        0.009296407923102379,
        0.9127134680747986,
        -0.08953577280044556
    ],
    [
        0.895193874835968,
        -0.08648622781038284,
        0.4372047483921051,
        0.45298224687576294,
        0.08121118694543839,
        0.9962213039398193,
        0.03078572079539299,
        0.008280514739453793,
        -0.4382152855396271,
        0.007946732454001904,
        0.8988350033760071,
        -0.09765937179327011
    ],
    [
        0.8813742995262146,
        -0.09283503144979477,
        0.4632072448730469,
        0.45796531438827515,
        0.08516493439674377,
        0.9956609010696411,
        0.03749946504831314,
        0.0037101658526808023,
        -0.4646786153316498,
        0.006397950928658247,
        0.8854562640190125,
        -0.10447097569704056
    ],
    [
        0.8709763884544373,
        -0.09686043113470078,
        0.48168256878852844,
        0.4623097777366638,
        0.08767806738615036,
        0.9952797889709473,
        0.04159942641854286,
        0.00137533457018435,
        -0.48343828320503235,
        0.0060008675791323185,
        0.875357985496521,
        -0.1093922033905983
    ],
    [
        0.8566849827766418,
        -0.10289639234542847,
        0.505473256111145,
        0.46778663992881775,
        0.09081143885850906,
        0.994682788848877,
        0.04857324808835983,
        -0.0028483096975833178,
        -0.5077835917472839,
        0.004290785640478134,
        0.8614739775657654,
        -0.11764362454414368
    ],
    [
        0.8415086269378662,
        -0.10876720398664474,
        0.5291812419891357,
        0.47308358550071716,
        0.09399198740720749,
        0.9940608143806458,
        0.05485103651881218,
        -0.00754207419231534,
        -0.5320044159889221,
        0.0035811683628708124,
        0.8467340469360352,
        -0.12693162262439728
    ],
    [
        0.8246824145317078,
        -0.1142023429274559,
        0.5539465546607971,
        0.4794003665447235,
        0.09671849012374878,
        0.9934516549110413,
        0.06082259863615036,
        -0.011081501841545105,
        -0.5572651624679565,
        0.003417539643123746,
        0.8303275108337402,
        -0.1366603672504425
    ],
    [
        0.806688666343689,
        -0.11918236315250397,
        0.5788341164588928,
        0.4871863126754761,
        0.0990230068564415,
        0.9928654432296753,
        0.06642885506153107,
        -0.012846309691667557,
        -0.5826215744018555,
        0.0037305117584764957,
        0.8127350807189941,
        -0.14629599452018738
    ],
    [
        0.78812575340271,
        -0.12484835833311081,
        0.6027194261550903,
        0.49319204688072205,
        0.10110257565975189,
        0.9921707510948181,
        0.07331661880016327,
        -0.015032468363642693,
        -0.6071540713310242,
        0.003153774421662092,
        0.7945778369903564,
        -0.15516702830791473
    ],
    [
        0.7704187631607056,
        -0.12915875017642975,
        0.6243179440498352,
        0.49972590804100037,
        0.10298489034175873,
        0.9916151762008667,
        0.07806003838777542,
        -0.015821967273950577,
        -0.6291653513908386,
        0.004156388342380524,
        0.777260422706604,
        -0.16213813424110413
    ],
    [
        0.752498209476471,
        -0.1331971436738968,
        0.6449844837188721,
        0.507826566696167,
        0.10494977235794067,
        0.9910724759101868,
        0.08222448080778122,
        -0.014932824298739433,
        -0.6501783728599548,
        0.005817203316837549,
        0.759759247303009,
        -0.17036519944667816
    ],
    [
        0.7319904565811157,
        -0.13702327013015747,
        0.6673938632011414,
        0.5171453952789307,
        0.10708660632371902,
        0.9905306696891785,
        0.08591535687446594,
        -0.012955358251929283,
        -0.6728464961051941,
        0.008579710498452187,
        0.7397323846817017,
        -0.1796143352985382
    ],
    [
        0.7089338302612305,
        -0.14033658802509308,
        0.6911718845367432,
        0.5272557735443115,
        0.10919374227523804,
        0.9900267124176025,
        0.08901668339967728,
        -0.008610405959188938,
        -0.6967707872390747,
        0.012364701367914677,
        0.7171872854232788,
        -0.19183467328548431
    ],
    [
        0.6847069263458252,
        -0.14319612085819244,
        0.7146127223968506,
        0.5363692045211792,
        0.1112675666809082,
        0.9895527362823486,
        0.09167826175689697,
        -0.0018980142194777727,
        -0.7202748656272888,
        0.016740471124649048,
        0.6934866905212402,
        -0.2047920674085617
    ],
    [
        0.6612833738327026,
        -0.14472857117652893,
        0.7360420823097229,
        0.5448541045188904,
        0.11302275210618973,
        0.9892332553863525,
        0.09297053515911102,
        0.004651614464819431,
        -0.7415727376937866,
        0.02170962654054165,
        0.6705211400985718,
        -0.21611392498016357
    ]
]