[
    [
        0.9773361682891846,
        0.03182440623641014,
        -0.2092871367931366,
        -0.12284649908542633,
        -0.030702540650963783,
        0.9994915127754211,
        0.00860788207501173,
        -0.042387645691633224,
        0.20945464074611664,
        -0.0019871490076184273,
        0.9778163433074951,
        0.0755719318985939
    ],
    [
        0.966504693031311,
        0.03686049208045006,
        -0.25398820638656616,
        -0.1658715009689331,
        -0.03537924215197563,
        0.9993199110031128,
        0.010398966260254383,
        -0.05653366446495056,
        0.25419875979423523,
        -0.0010647379094734788,
        0.9671515226364136,
        0.09426890313625336
    ],
    [
        0.9534940719604492,
        0.043850671499967575,
        -0.2982049584388733,
        -0.21479621529579163,
        -0.042459771037101746,
        0.9990360140800476,
        0.011144214309751987,
        -0.0737408697605133,
        0.298406183719635,
        0.0020357733592391014,
        0.9544367790222168,
        0.11242231726646423
    ],
    [
        0.9385536909103394,
        0.04975531995296478,
        -0.3415280282497406,
        -0.26861780881881714,
        -0.04836073890328407,
        0.9987504482269287,
        0.012602175585925579,
        -0.0913887545466423,
        0.3417282700538635,
        0.00468872906640172,
        0.9397871494293213,
        0.14330202341079712
    ],
    [
        0.9219874143600464,
        0.05499250441789627,
        -0.3832952082157135,
        -0.3297842741012573,
        -0.054443616420030594,
        0.9984411597251892,
        0.012289369478821754,
        -0.1098269447684288,
        0.38337355852127075,
        0.009537335485219955,
        0.92354416847229,
        0.18938830494880676
    ],
    [
        0.9016668200492859,
        0.06437461823225021,
        -0.42761310935020447,
        -0.3874830901622772,
        -0.06809841096401215,
        0.9976568222045898,
        0.006598705891519785,
        -0.11704559624195099,
        0.4270358979701996,
        0.02316994033753872,
        0.903937816619873,
        0.2561686336994171
    ],
    [
        0.8735809922218323,
        0.07473568618297577,
        -0.48090630769729614,
        -0.4477996826171875,
        -0.0837349221110344,
        0.9964841604232788,
        0.0027525313198566437,
        -0.13272680342197418,
        0.47942134737968445,
        0.03786409646272659,
        0.8767675757408142,
        0.333449125289917
    ],
    [
        0.8468017578125,
        0.07957766205072403,
        -0.5259221196174622,
        -0.49906355142593384,
        -0.09398219734430313,
        0.9955735802650452,
        -0.0006823677686043084,
        -0.14353099465370178,
        0.5235399603843689,
        0.050005145370960236,
        0.8505324721336365,
        0.412453293800354
    ],
    [
        0.8208919763565063,
        0.0846375972032547,
        -0.5647768378257751,
        -0.5410096645355225,
        -0.10384216904640198,
        0.994592010974884,
        -0.0018827292369678617,
        -0.15510159730911255,
        0.5615631937980652,
        0.060193177312612534,
        0.8252415657043457,
        0.48147889971733093
    ],
    [
        0.7982979416847229,
        0.08682891726493835,
        -0.5959708094596863,
        -0.5820794701576233,
        -0.11190573871135712,
        0.9937055706977844,
        -0.0051206001080572605,
        -0.16211822628974915,
        0.5917749404907227,
        0.07078032195568085,
        0.8029897212982178,
        0.5437637567520142
    ],
    [
        0.7818803787231445,
        0.08496155589818954,
        -0.6176121234893799,
        -0.6333334445953369,
        -0.11451705545186996,
        0.9933863878250122,
        -0.008320719003677368,
        -0.16796588897705078,
        0.612820565700531,
        0.07723291963338852,
        0.7864388227462769,
        0.5968133807182312
    ],
    [
        0.7741231918334961,
        0.08209123462438583,
        -0.6276895999908447,
        -0.7151068449020386,
        -0.11396723240613937,
        0.9934276342391968,
        -0.010631012730300426,
        -0.17779499292373657,
        0.6226915121078491,
        0.07976576685905457,
        0.7783911824226379,
        0.6531847715377808
    ],
    [
        0.7716989517211914,
        0.07923273742198944,
        -0.631033182144165,
        -0.8175613284111023,
        -0.11256067454814911,
        0.9935611486434937,
        -0.012900088913738728,
        -0.18988333642482758,
        0.625947892665863,
        0.08098451048135757,
        0.7756485939025879,
        0.7106354236602783
    ],
    [
        0.7697681784629822,
        0.07711447030305862,
        -0.6336483955383301,
        -0.9002177119255066,
        -0.11105736345052719,
        0.9937157034873962,
        -0.013980253599584103,
        -0.20380611717700958,
        0.6285882592201233,
        0.08113287389278412,
        0.7734948396682739,
        0.7687938213348389
    ],
    [
        0.7678245306015015,
        0.0755053237080574,
        -0.636195182800293,
        -0.9780111908912659,
        -0.10929569602012634,
        0.9939114451408386,
        -0.013949054293334484,
        -0.22242294251918793,
        0.6312685012817383,
        0.08024382591247559,
        0.7714020013809204,
        0.8346511125564575
    ],
    [
        0.7676234841346741,
        0.07355393469333649,
        -0.6366662979125977,
        -1.0602298974990845,
        -0.10690979659557343,
        0.9941694736480713,
        -0.0140440808609128,
        -0.2410806566476822,
        0.6319212317466736,
        0.07884643971920013,
        0.771011471748352,
        0.9023292660713196
    ],
    [
        0.7694032788276672,
        0.07151706516742706,
        -0.6347470283508301,
        -1.145064115524292,
        -0.10458910465240479,
        0.9944064021110535,
        -0.014736871235072613,
        -0.2594343423843384,
        0.6301425099372864,
        0.07772623002529144,
        0.7725794315338135,
        0.9707683324813843
    ],
    [
        0.7702378630638123,
        0.07150972634553909,
        -0.6337348818778992,
        -1.2210620641708374,
        -0.1042720302939415,
        0.9944427609443665,
        -0.014520128257572651,
        -0.2815444767475128,
        0.6291748285293579,
        0.07726477831602097,
        0.7734140157699585,
        1.0514816045761108
    ],
    [
        0.7748503684997559,
        0.07168930768966675,
        -0.6280665397644043,
        -1.3075898885726929,
        -0.10460609197616577,
        0.9943922162055969,
        -0.015550579875707626,
        -0.30205416679382324,
        0.6234295964241028,
        0.07774896919727325,
        0.7780042290687561,
        1.138904333114624
    ],
    [
        0.7873391509056091,
        0.07099330425262451,
        -0.612419068813324,
        -1.4022045135498047,
        -0.1022835299372673,
        0.9946233630180359,
        -0.016198396682739258,
        -0.3181639611721039,
        0.6079763770103455,
        0.07539401203393936,
        0.7903673052787781,
        1.198810338973999
    ],
    [
        0.8026835322380066,
        0.07321228086948395,
        -0.5918944478034973,
        -1.4935824871063232,
        -0.10052501410245895,
        0.994845986366272,
        -0.013270656578242779,
        -0.3399423658847809,
        0.5878722667694092,
        0.07015233486890793,
        0.8059062361717224,
        1.2622125148773193
    ],
    [
        0.8216325044631958,
        0.07457657158374786,
        -0.5651179552078247,
        -1.584337830543518,
        -0.09816307574510574,
        0.995104968547821,
        -0.011400215327739716,
        -0.3591485619544983,
        0.5615015029907227,
        0.06484050303697586,
        0.8249313235282898,
        1.3308520317077637
    ],
    [
        0.8414074182510376,
        0.07303555309772491,
        -0.5354430675506592,
        -1.663387656211853,
        -0.09472960978746414,
        0.995417058467865,
        -0.013083305209875107,
        -0.3695565164089203,
        0.5320336222648621,
        0.06173071265220642,
        0.8444699645042419,
        1.4059538841247559
    ],
    [
        0.8628308176994324,
        0.07015310227870941,
        -0.5006012320518494,
        -1.7430074214935303,
        -0.08875218778848648,
        0.9959635734558105,
        -0.013400270603597164,
        -0.38616204261779785,
        0.497640460729599,
        0.05599162355065346,
        0.8655743598937988,
        1.4833146333694458
    ],
    [
        0.8850418329238892,
        0.06729723513126373,
        -0.4606212377548218,
        -1.8234202861785889,
        -0.08202263712882996,
        0.9965581893920898,
        -0.012000876478850842,
        -0.4096686840057373,
        0.4582282602787018,
        0.04840264096856117,
        0.887515664100647,
        1.5689231157302856
    ]
]