[
    [
        0.9273748397827148,
        0.07871226221323013,
        -0.3657597601413727,
        -0.6606498956680298,
        -0.09273584187030792,
        0.9954713582992554,
        -0.020901933312416077,
        -0.17279554903507233,
        0.36245810985565186,
        0.053302962332963943,
        0.930474579334259,
        0.23586370050907135
    ],
    [
        0.9061952233314514,
        0.08081136643886566,
        -0.41506606340408325,
        -0.7135396599769592,
        -0.10019620507955551,
        0.9946510791778564,
        -0.025100134313106537,
        -0.19041438400745392,
        0.4108174741268158,
        0.06433366239070892,
        0.9094449877738953,
        0.28583773970603943
    ],
    [
        0.8785741329193115,
        0.0811467319726944,
        -0.4706617593765259,
        -0.7709024548530579,
        -0.10734259337186813,
        0.9937980771064758,
        -0.02903350628912449,
        -0.21558831632137299,
        0.4653867781162262,
        0.07603015005588531,
        0.8818358182907104,
        0.3345833122730255
    ],
    [
        0.8460359573364258,
        0.07869425415992737,
        -0.5272858142852783,
        -0.8370640277862549,
        -0.11414586007595062,
        0.9928483366966248,
        -0.034971632063388824,
        -0.23567813634872437,
        0.5207628011703491,
        0.08977475017309189,
        0.8489680290222168,
        0.3903157711029053
    ],
    [
        0.811456024646759,
        0.07617390155792236,
        -0.57942795753479,
        -0.9066103100776672,
        -0.12222455441951752,
        0.9916635155677795,
        -0.040800534188747406,
        -0.24564816057682037,
        0.5714895725250244,
        0.10392816364765167,
        0.8140016198158264,
        0.43043410778045654
    ],
    [
        0.773961067199707,
        0.07329723238945007,
        -0.6289767622947693,
        -0.9831410050392151,
        -0.1306614726781845,
        0.9903885126113892,
        -0.04536600410938263,
        -0.25234168767929077,
        0.6196061968803406,
        0.1172945573925972,
        0.776099443435669,
        0.4724910855293274
    ],
    [
        0.7331440448760986,
        0.07194782793521881,
        -0.6762568354606628,
        -1.058485507965088,
        -0.13839085400104523,
        0.9893651604652405,
        -0.044772569090127945,
        -0.272220641374588,
        0.665843665599823,
        0.126412495970726,
        0.7353039979934692,
        0.5241984128952026
    ],
    [
        0.6966780424118042,
        0.07200484722852707,
        -0.7137612700462341,
        -1.134211778640747,
        -0.14737924933433533,
        0.9880931377410889,
        -0.04417219012975693,
        -0.28545084595680237,
        0.7020819783210754,
        0.1359674036502838,
        0.6989947557449341,
        0.5687779784202576
    ],
    [
        0.653442919254303,
        0.07125891745090485,
        -0.7536143064498901,
        -1.217223882675171,
        -0.15726590156555176,
        0.9866165518760681,
        -0.043071161955595016,
        -0.30367329716682434,
        0.7404592037200928,
        0.1466623842716217,
        0.6559041738510132,
        0.6235781311988831
    ],
    [
        0.613030195236206,
        0.07017442584037781,
        -0.7869367003440857,
        -1.3152616024017334,
        -0.16574659943580627,
        0.9853050708770752,
        -0.0412541888654232,
        -0.31923946738243103,
        0.7724778652191162,
        0.15572218596935272,
        0.615652859210968,
        0.6594758033752441
    ],
    [
        0.5717255473136902,
        0.0667421892285347,
        -0.817725658416748,
        -1.4186301231384277,
        -0.1734796166419983,
        0.9839845299720764,
        -0.0409788116812706,
        -0.3275354504585266,
        0.80189448595047,
        0.16528737545013428,
        0.5741474628448486,
        0.7070317268371582
    ],
    [
        0.5334994196891785,
        0.06373544037342072,
        -0.8433957099914551,
        -1.5187420845031738,
        -0.17986787855625153,
        0.9828974604606628,
        -0.039499878883361816,
        -0.33593490719795227,
        0.8264538049697876,
        0.17277292907238007,
        0.5358392000198364,
        0.7420148253440857
    ],
    [
        0.4998103976249695,
        0.06320925056934357,
        -0.8638253211975098,
        -1.6142454147338867,
        -0.1852482259273529,
        0.9820566177368164,
        -0.03532417491078377,
        -0.35139286518096924,
        0.8460925817489624,
        0.17767749726772308,
        0.5025514960289001,
        0.7736900448799133
    ],
    [
        0.47386497259140015,
        0.06279237568378448,
        -0.878355860710144,
        -1.695082426071167,
        -0.1897474229335785,
        0.9813043475151062,
        -0.03221501037478447,
        -0.3605279326438904,
        0.8599116206169128,
        0.18193133175373077,
        0.4769204556941986,
        0.8017881512641907
    ],
    [
        0.4466678202152252,
        0.06294693797826767,
        -0.8924828171730042,
        -1.7987064123153687,
        -0.19429489970207214,
        0.9805411696434021,
        -0.028082584962248802,
        -0.37332385778427124,
        0.8733482956886292,
        0.1859484314918518,
        0.4502064287662506,
        0.8497644066810608
    ],
    [
        0.425952285528183,
        0.06169513985514641,
        -0.9026397466659546,
        -1.9400115013122559,
        -0.1974959373474121,
        0.9799529910087585,
        -0.02621811255812645,
        -0.37997421622276306,
        0.8829269409179688,
        0.18943533301353455,
        0.42959779500961304,
        0.9260764122009277
    ],
    [
        0.4069301187992096,
        0.06402014940977097,
        -0.9112131595611572,
        -2.059114456176758,
        -0.20017880201339722,
        0.9795432686805725,
        -0.020575078204274178,
        -0.4019591212272644,
        0.8912554383277893,
        0.19077813625335693,
        0.41142117977142334,
        1.0043367147445679
    ],
    [
        0.39053308963775635,
        0.06635838747024536,
        -0.918194055557251,
        -2.1667163372039795,
        -0.2023775279521942,
        0.9791879057884216,
        -0.015310261398553848,
        -0.4235856533050537,
        0.8980686068534851,
        0.1918010264635086,
        0.395834743976593,
        1.0827176570892334
    ],
    [
        0.38199493288993835,
        0.06807753443717957,
        -0.9216535687446594,
        -2.2632932662963867,
        -0.20413757860660553,
        0.978864848613739,
        -0.01230484340339899,
        -0.44009339809417725,
        0.9013367295265198,
        0.19284452497959137,
        0.3878185749053955,
        1.1468831300735474
    ],
    [
        0.3810325562953949,
        0.06759339570999146,
        -0.9220873713493347,
        -2.347921133041382,
        -0.20610027015209198,
        0.9784386157989502,
        -0.013442250899970531,
        -0.4442351460456848,
        0.9012972712516785,
        0.19516442716121674,
        0.38674792647361755,
        1.1964677572250366
    ],
    [
        0.3900097906589508,
        0.067682646214962,
        -0.9183198809623718,
        -2.4379141330718994,
        -0.20835906267166138,
        0.9779146909713745,
        -0.016415009275078773,
        -0.4450601637363434,
        0.8969274759292603,
        0.19774229824543,
        0.3954985737800598,
        1.2153147459030151
    ],
    [
        0.40308430790901184,
        0.06896202266216278,
        -0.9125609397888184,
        -2.548304319381714,
        -0.20878919959068298,
        0.9777889251708984,
        -0.018332311883568764,
        -0.4561143219470978,
        0.8910275101661682,
        0.19792231917381287,
        0.4085298776626587,
        1.2412471771240234
    ],
    [
        0.4206169843673706,
        0.0699104517698288,
        -0.9045406579971313,
        -2.6515448093414307,
        -0.20746348798274994,
        0.9780198931694031,
        -0.0208822563290596,
        -0.4706632196903229,
        0.8831988573074341,
        0.1964425891637802,
        0.4258756637573242,
        1.2710965871810913
    ],
    [
        0.442846417427063,
        0.07028546929359436,
        -0.8938382863998413,
        -2.746715784072876,
        -0.20482684671878815,
        0.9784905910491943,
        -0.024538177996873856,
        -0.4855872094631195,
        0.8728877305984497,
        0.19394873082637787,
        0.4477173984050751,
        1.30815589427948
    ],
    [
        0.4723213315010071,
        0.06801547855138779,
        -0.8787981867790222,
        -2.855269432067871,
        -0.20191249251365662,
        0.9788554906845093,
        -0.03276092931628227,
        -0.4872726798057556,
        0.8579882979393005,
        0.19291403889656067,
        0.476067453622818,
        1.35691237449646
    ]
]