[
    [
        0.9776153564453125,
        0.00240081618539989,
        0.21038661897182465,
        0.02336917631328106,
        -0.0013680631527677178,
        0.9999862909317017,
        -0.005054235924035311,
        0.002715273527428508,
        -0.21039587259292603,
        0.00465327687561512,
        0.9776052832603455,
        0.028835540637373924
    ],
    [
        0.9755909442901611,
        0.0024545316118746996,
        0.21958233416080475,
        0.030733918771147728,
        -0.0013347386848181486,
        0.9999853372573853,
        -0.005247855093330145,
        0.002697690622881055,
        -0.21959199011325836,
        0.0048266747035086155,
        0.9755799174308777,
        0.02900724858045578
    ],
    [
        0.9723522067070007,
        0.003007186809554696,
        0.23349978029727936,
        0.04187465086579323,
        -0.0015508352080360055,
        0.999978244304657,
        -0.006420402321964502,
        0.004139481578022242,
        -0.2335139811038971,
        0.005880771204829216,
        0.9723356366157532,
        0.029892558231949806
    ],
    [
        0.9688950181007385,
        0.003456966020166874,
        0.24744759500026703,
        0.052667077630758286,
        -0.001639939029701054,
        0.9999702572822571,
        -0.007548805791884661,
        0.005281099583953619,
        -0.2474663108587265,
        0.006908202078193426,
        0.9688718914985657,
        0.03042573109269142
    ],
    [
        0.965396523475647,
        0.0035873178858309984,
        0.26076140999794006,
        0.0647875964641571,
        -0.0016022094059735537,
        0.9999681711196899,
        -0.00782491359859705,
        0.005132611375302076,
        -0.2607811689376831,
        0.0071363504976034164,
        0.9653716087341309,
        0.032140102237463
    ],
    [
        0.9629938006401062,
        0.00397237204015255,
        0.2694943845272064,
        0.07287285476922989,
        -0.0017344584921374917,
        0.9999620318412781,
        -0.008541732095181942,
        0.005862018093466759,
        -0.26951807737350464,
        0.0077582066878676414,
        0.9629641771316528,
        0.032646629959344864
    ],
    [
        0.9591540098190308,
        0.00445711612701416,
        0.2828492820262909,
        0.08463209867477417,
        -0.001813878188841045,
        0.9999523162841797,
        -0.009606228210031986,
        0.0066643948666751385,
        -0.2828786075115204,
        0.008700799196958542,
        0.9591162204742432,
        0.03463226184248924
    ],
    [
        0.9551329016685486,
        0.004606843926012516,
        0.2961415946483612,
        0.0966774970293045,
        -0.0016619603848084807,
        0.9999467134475708,
        -0.010195137932896614,
        0.0069311088882386684,
        -0.29617276787757874,
        0.009245536290109158,
        0.9550896883010864,
        0.03718947619199753
    ],
    [
        0.9509158134460449,
        0.004898552782833576,
        0.30941107869148254,
        0.10864132642745972,
        -0.0018445601454004645,
        0.9999467134475708,
        -0.0101621113717556,
        0.0061601013876497746,
        -0.3094443082809448,
        0.009092584252357483,
        0.9508741497993469,
        0.039773717522621155
    ],
    [
        0.948083221912384,
        0.005148924887180328,
        0.3179805278778076,
        0.11669386923313141,
        -0.0018673299346119165,
        0.9999418258666992,
        -0.010624049231410027,
        0.006528671830892563,
        -0.3180167078971863,
        0.009478709660470486,
        0.9480376839637756,
        0.041079431772232056
    ],
    [
        0.9436869621276855,
        0.005781054031103849,
        0.3307890295982361,
        0.12831488251686096,
        -0.002184408949688077,
        0.9999343752861023,
        -0.011243652552366257,
        0.006988099310547113,
        -0.3308323323726654,
        0.009887909516692162,
        0.9436377882957458,
        0.04247249290347099
    ],
    [
        0.9391937851905823,
        0.005955128464847803,
        0.3433360755443573,
        0.14002595841884613,
        -0.0023556496016681194,
        0.9999377727508545,
        -0.010899953544139862,
        0.005767910275608301,
        -0.3433796465396881,
        0.009428387507796288,
        0.9391494989395142,
        0.04321562498807907
    ],
    [
        0.9346415400505066,
        0.00645479466766119,
        0.3555328845977783,
        0.15193775296211243,
        -0.0026294102426618338,
        0.9999333620071411,
        -0.011241740547120571,
        0.005853116512298584,
        -0.35558173060417175,
        0.009572154842317104,
        0.9345962405204773,
        0.04325774312019348
    ],
    [
        0.9316008687019348,
        0.006472656968981028,
        0.3634253144264221,
        0.15963906049728394,
        -0.002769639017060399,
        0.9999388456344604,
        -0.010709388181567192,
        0.004663229454308748,
        -0.3634723722934723,
        0.008970317430794239,
        0.9315617084503174,
        0.04298039898276329
    ],
    [
        0.9267390370368958,
        0.007255746982991695,
        0.37563562393188477,
        0.17029321193695068,
        -0.0034850677475333214,
        0.9999365210533142,
        -0.010716603137552738,
        0.004380741156637669,
        -0.3756895065307617,
        0.00862237811088562,
        0.9267054200172424,
        0.04196178913116455
    ],
    [
        0.9219710230827332,
        0.007666673976927996,
        0.38718292117118835,
        0.18140845000743866,
        -0.004102793987840414,
        0.999941349029541,
        -0.01003031525760889,
        0.002823889022693038,
        -0.3872371315956116,
        0.007659127004444599,
        0.9219483733177185,
        0.040244895964860916
    ],
    [
        0.9170083999633789,
        0.008618819527328014,
        0.3987747132778168,
        0.19189517199993134,
        -0.004832688253372908,
        0.9999333024024963,
        -0.010498732328414917,
        0.003096889005973935,
        -0.3988385796546936,
        0.007700270973145962,
        0.9169889092445374,
        0.0382721871137619
    ],
    [
        0.9137001633644104,
        0.009025258012115955,
        0.4062888026237488,
        0.1989971548318863,
        -0.00490219984203577,
        0.999925434589386,
        -0.011187715455889702,
        0.00379024725407362,
        -0.40635946393013,
        0.008230509236454964,
        0.9136762619018555,
        0.03673900291323662
    ],
    [
        0.9084388017654419,
        0.009549030102789402,
        0.4179088771343231,
        0.20877590775489807,
        -0.0052419002167880535,
        0.9999207854270935,
        -0.011453037150204182,
        0.0037432045210152864,
        -0.41798511147499084,
        0.008213747292757034,
        0.9084168076515198,
        0.034820619970560074
    ],
    [
        0.9029837846755981,
        0.009910224005579948,
        0.4295603632926941,
        0.21785898506641388,
        -0.0055378801189363,
        0.9999194145202637,
        -0.011427517049014568,
        0.0032105452846735716,
        -0.42963898181915283,
        0.00794000644236803,
        0.9029659628868103,
        0.03302864357829094
    ],
    [
        0.8973971009254456,
        0.010331311263144016,
        0.44110286235809326,
        0.22618338465690613,
        -0.005718726199120283,
        0.9999141693115234,
        -0.011785130947828293,
        0.0033623273484408855,
        -0.4411868453025818,
        0.00805339589715004,
        0.8973790407180786,
        0.030587855726480484
    ],
    [
        0.8934860825538635,
        0.010510634630918503,
        0.4489678740501404,
        0.23101137578487396,
        -0.005784519482403994,
        0.9999125003814697,
        -0.01189690176397562,
        0.00310169137082994,
        -0.4490536153316498,
        0.008032653480768204,
        0.8934687376022339,
        0.02904652990400791
    ],
    [
        0.8873905539512634,
        0.011289386078715324,
        0.4608802795410156,
        0.23772330582141876,
        -0.006206584628671408,
        0.999902069568634,
        -0.01254255324602127,
        0.003566449973732233,
        -0.4609767496585846,
        0.008269649930298328,
        0.887373685836792,
        0.027346132323145866
    ],
    [
        0.8812989592552185,
        0.011497851461172104,
        0.472419410943985,
        0.2443827986717224,
        -0.006197841838002205,
        0.99989914894104,
        -0.012773696333169937,
        0.0033792098984122276,
        -0.4725186228752136,
        0.008329463191330433,
        0.8812813758850098,
        0.025548070669174194
    ],
    [
        0.8751556873321533,
        0.012110847048461437,
        0.4836898744106293,
        0.2510629892349243,
        -0.006308947689831257,
        0.9998873472213745,
        -0.013620647601783276,
        0.004007576499134302,
        -0.48380035161972046,
        0.008868612349033356,
        0.8751333951950073,
        0.025019416585564613
    ]
]