[
    [
        0.9822579622268677,
        0.030185533687472343,
        -0.18508970737457275,
        -0.3262826204299927,
        -0.030687401071190834,
        0.9995290040969849,
        0.00015330970927607268,
        -0.032351236790418625,
        0.18500715494155884,
        0.005529331974685192,
        0.9827216267585754,
        0.5603671073913574
    ],
    [
        0.9743959903717041,
        0.03713694587349892,
        -0.22175052762031555,
        -0.39273467659950256,
        -0.03818666934967041,
        0.9992706179618835,
        -0.000446823425590992,
        -0.05320323258638382,
        0.22157219052314758,
        0.008903298527002335,
        0.9751033186912537,
        0.6783574819564819
    ],
    [
        0.9654951095581055,
        0.04319431260228157,
        -0.2568139135837555,
        -0.4492553770542145,
        -0.045134421437978745,
        0.9989795684814453,
        -0.0016620138194411993,
        -0.07639020681381226,
        0.25648006796836853,
        0.01319581363350153,
        0.9664594531059265,
        0.7875911593437195
    ],
    [
        0.9546523094177246,
        0.04821862280368805,
        -0.29379239678382874,
        -0.505109429359436,
        -0.051465827971696854,
        0.9986691474914551,
        -0.0033272276632487774,
        -0.09682664275169373,
        0.2932409942150116,
        0.018296614289283752,
        0.955863356590271,
        0.8895869255065918
    ],
    [
        0.9422054886817932,
        0.053337641060352325,
        -0.33076250553131104,
        -0.5680295825004578,
        -0.058364927768707275,
        0.9982813596725464,
        -0.005278079770505428,
        -0.1005556657910347,
        0.3299125134944916,
        0.02427796460688114,
        0.943699300289154,
        0.9940209984779358
    ],
    [
        0.9286993741989136,
        0.05856846272945404,
        -0.3661791682243347,
        -0.640060544013977,
        -0.0656806007027626,
        0.9978163242340088,
        -0.006982850842177868,
        -0.09487546980381012,
        0.3649705946445465,
        0.030535845085978508,
        0.9305180907249451,
        1.0978107452392578
    ],
    [
        0.915148138999939,
        0.06283695995807648,
        -0.3981902301311493,
        -0.7209033966064453,
        -0.07144362479448318,
        0.9974214434623718,
        -0.0067971753887832165,
        -0.0991317629814148,
        0.39673635363578796,
        0.03466857597231865,
        0.9172775745391846,
        1.2040326595306396
    ],
    [
        0.9016359448432922,
        0.06743305176496506,
        -0.4272066354751587,
        -0.811650812625885,
        -0.07788051664829254,
        0.996938169002533,
        -0.007006674539297819,
        -0.1066136434674263,
        0.42542606592178345,
        0.03958854079246521,
        0.9041269421577454,
        1.3095378875732422
    ],
    [
        0.8847141861915588,
        0.07121751457452774,
        -0.460661381483078,
        -0.9160460829734802,
        -0.08385640382766724,
        0.9964532852172852,
        -0.006998683791607618,
        -0.11436303704977036,
        0.4585290253162384,
        0.04482123628258705,
        0.8875484466552734,
        1.435890793800354
    ],
    [
        0.871100902557373,
        0.07460704445838928,
        -0.4854039251804352,
        -0.9904965162277222,
        -0.08924482017755508,
        0.9959846138954163,
        -0.007074085529893637,
        -0.11984875053167343,
        0.4829271137714386,
        0.04948202893137932,
        0.8742614388465881,
        1.5295411348342896
    ],
    [
        0.8559503555297852,
        0.0772261768579483,
        -0.5112583637237549,
        -1.0686357021331787,
        -0.09386391192674637,
        0.9955620169639587,
        -0.006766438949853182,
        -0.11993960291147232,
        0.5084668397903442,
        0.053780440241098404,
        0.8594004511833191,
        1.6257522106170654
    ],
    [
        0.8385525941848755,
        0.0807579755783081,
        -0.5388020277023315,
        -1.1498351097106934,
        -0.09918507933616638,
        0.9950553774833679,
        -0.0052213361486792564,
        -0.11680880188941956,
        0.53571617603302,
        0.05781949684023857,
        0.8424161672592163,
        1.7293763160705566
    ],
    [
        0.8195319771766663,
        0.08475231379270554,
        -0.566731333732605,
        -1.2383804321289062,
        -0.10492602735757828,
        0.9944753646850586,
        -0.003010497661307454,
        -0.11913687735795975,
        0.5633452534675598,
        0.06193206459283829,
        0.8238972425460815,
        1.8395920991897583
    ],
    [
        0.7981493473052979,
        0.0889190137386322,
        -0.5958614945411682,
        -1.3201369047164917,
        -0.11067712306976318,
        0.9938563704490662,
        6.0158392443554476e-05,
        -0.12971624732017517,
        0.5922061800956726,
        0.06590022146701813,
        0.8030872344970703,
        1.9452850818634033
    ],
    [
        0.77449631690979,
        0.09212479740381241,
        -0.6258342266082764,
        -1.393825888633728,
        -0.11595468968153,
        0.9932507872581482,
        0.0027108725626021624,
        -0.14304442703723907,
        0.6218600273132324,
        0.07046885043382645,
        0.7799514532089233,
        2.046067237854004
    ],
    [
        0.7485010623931885,
        0.09613745659589767,
        -0.6561278700828552,
        -1.4696041345596313,
        -0.122618667781353,
        0.9924384951591492,
        0.005532935727387667,
        -0.15345464646816254,
        0.6516984105110168,
        0.0763121247291565,
        0.7546294927597046,
        2.1362547874450684
    ],
    [
        0.7120612263679504,
        0.1010865718126297,
        -0.6948022842407227,
        -1.5588189363479614,
        -0.1302841156721115,
        0.9914187788963318,
        0.010720837861299515,
        -0.16634300351142883,
        0.6899238228797913,
        0.08288781344890594,
        0.7191208600997925,
        2.2434301376342773
    ],
    [
        0.6824147701263428,
        0.10498981177806854,
        -0.7233858704566956,
        -1.639063835144043,
        -0.1361907720565796,
        0.9905646443367004,
        0.01529004704207182,
        -0.16806043684482574,
        0.7181658744812012,
        0.08808432519435883,
        0.6902745962142944,
        2.331582546234131
    ],
    [
        0.6519696712493896,
        0.10884222388267517,
        -0.7503926157951355,
        -1.7315020561218262,
        -0.1416815221309662,
        0.9897009134292603,
        0.02045487053692341,
        -0.1721588671207428,
        0.744890570640564,
        0.09298080950975418,
        0.6606759428977966,
        2.424287796020508
    ],
    [
        0.6190363764762878,
        0.11323767155408859,
        -0.7771560549736023,
        -1.8252661228179932,
        -0.1473729908466339,
        0.9887212514877319,
        0.026675809174776077,
        -0.18314947187900543,
        0.7714110612869263,
        0.09801851958036423,
        0.6287426352500916,
        2.5100064277648926
    ],
    [
        0.5850687026977539,
        0.1168009415268898,
        -0.802528977394104,
        -1.9094421863555908,
        -0.15250973403453827,
        0.9877649545669556,
        0.032576095312833786,
        -0.1942538022994995,
        0.7965145707130432,
        0.1033342182636261,
        0.595723569393158,
        2.5893430709838867
    ],
    [
        0.5516414046287537,
        0.12088698148727417,
        -0.825274646282196,
        -1.9860363006591797,
        -0.15725766122341156,
        0.9867702126502991,
        0.03942665457725525,
        -0.2108568251132965,
        0.8191225528717041,
        0.10803136229515076,
        0.5633538961410522,
        2.658651113510132
    ],
    [
        0.5182400345802307,
        0.12271657586097717,
        -0.8463851809501648,
        -2.0521485805511475,
        -0.16119877994060516,
        0.9859296083450317,
        0.044247254729270935,
        -0.2190478891134262,
        0.8399060964584351,
        0.1135055273771286,
        0.5307301878929138,
        2.7220873832702637
    ],
    [
        0.4819760024547577,
        0.12527011334896088,
        -0.8671831488609314,
        -2.1227176189422607,
        -0.1655862033367157,
        0.9849145412445068,
        0.05024520680308342,
        -0.2177896648645401,
        0.8603954315185547,
        0.11937660723924637,
        0.49544796347618103,
        2.7889482975006104
    ],
    [
        0.4302712082862854,
        0.12848536670207977,
        -0.8935088515281677,
        -2.2149715423583984,
        -0.16997304558753967,
        0.9836448431015015,
        0.05959596112370491,
        -0.21803969144821167,
        0.8865528106689453,
        0.12623003125190735,
        0.44507303833961487,
        2.8764755725860596
    ]
]