[
    [
        0.9995725154876709,
        -0.00041894588503055274,
        0.029234351590275764,
        0.03589587286114693,
        0.0007620702381245792,
        0.9999309778213501,
        -0.011726866476237774,
        -0.05206282064318657,
        -0.029227420687675476,
        0.01174413226544857,
        0.9995038509368896,
        0.34715455770492554
    ],
    [
        0.9993377327919006,
        5.700235874428472e-07,
        0.03638705611228943,
        0.03830643743276596,
        0.0005187730421312153,
        0.9998981952667236,
        -0.014263298362493515,
        -0.06702419370412827,
        -0.036383356899023056,
        0.014272728934884071,
        0.999235987663269,
        0.43957117199897766
    ],
    [
        0.9988148212432861,
        -0.0002982993610203266,
        0.04867129400372505,
        0.02940208837389946,
        0.001214820658788085,
        0.9998224377632141,
        -0.018802331760525703,
        -0.08294990658760071,
        -0.048657044768333435,
        0.018839174881577492,
        0.998637855052948,
        0.5757531523704529
    ],
    [
        0.9982485771179199,
        -0.0010142934042960405,
        0.059150729328393936,
        0.020031757652759552,
        0.0023279055021703243,
        0.9997521042823792,
        -0.022143187001347542,
        -0.0968615934252739,
        -0.05911361053586006,
        0.022242102771997452,
        0.9980034232139587,
        0.6897794008255005
    ],
    [
        0.9970746040344238,
        -0.002093361224979162,
        0.07640539109706879,
        0.0045031108893454075,
        0.003986400552093983,
        0.9996886849403381,
        -0.024632157757878304,
        -0.11463744938373566,
        -0.07633005082607269,
        0.02486468106508255,
        0.9967724680900574,
        0.7880101203918457
    ],
    [
        0.9961464405059814,
        -0.002192629734054208,
        0.08767833560705185,
        -0.004013826604932547,
        0.004441441968083382,
        0.9996659159660339,
        -0.025461580604314804,
        -0.13058973848819733,
        -0.08759322017431259,
        0.025752879679203033,
        0.9958233833312988,
        0.875286340713501
    ],
    [
        0.9950802326202393,
        0.00027947608032263815,
        0.09907246381044388,
        -0.008643495850265026,
        0.0026857375632971525,
        0.9995524883270264,
        -0.02979511395096779,
        -0.1480923891067505,
        -0.09903644770383835,
        0.02991461008787155,
        0.9946341514587402,
        0.9857430458068848
    ],
    [
        0.994325578212738,
        0.005444537848234177,
        0.1062409058213234,
        -0.00854127760976553,
        -0.001856053713709116,
        0.9994252920150757,
        -0.03384654223918915,
        -0.15813204646110535,
        -0.10636412352323532,
        0.03345729038119316,
        0.9937641024589539,
        1.0673125982284546
    ],
    [
        0.9933121204376221,
        0.012858598493039608,
        0.11474145948886871,
        -0.007919476367533207,
        -0.008853327482938766,
        0.9993358850479126,
        -0.035348501056432724,
        -0.17096593976020813,
        -0.11511978507041931,
        0.034096259623765945,
        0.992766261100769,
        1.1680047512054443
    ],
    [
        0.9922380447387695,
        0.011127330362796783,
        0.12385392934083939,
        -0.008244751021265984,
        -0.006682094186544418,
        0.9993205070495605,
        -0.036248669028282166,
        -0.18354354798793793,
        -0.1241731196641922,
        0.03513970971107483,
        0.9916381239891052,
        1.2320502996444702
    ],
    [
        0.9912774562835693,
        0.004246954806149006,
        0.13172310590744019,
        -0.004557493142783642,
        0.0006943006301298738,
        0.9992985129356384,
        -0.03744382783770561,
        -0.20098069310188293,
        -0.13178974390029907,
        0.0372086726129055,
        0.9905790686607361,
        1.3252909183502197
    ],
    [
        0.9907836318016052,
        0.00023654918186366558,
        0.13545392453670502,
        7.632317283423617e-05,
        0.004797958303242922,
        0.9993097186088562,
        -0.03684002161026001,
        -0.21546804904937744,
        -0.13536910712718964,
        0.03715038672089577,
        0.9900984168052673,
        1.4067710638046265
    ],
    [
        0.9903120398521423,
        -0.002721474738791585,
        0.13883396983146667,
        0.009504211135208607,
        0.007794966455549002,
        0.9993209838867188,
        -0.03601294755935669,
        -0.23289871215820312,
        -0.13864168524742126,
        0.03674626722931862,
        0.9896606206893921,
        1.5365890264511108
    ],
    [
        0.9893825650215149,
        -0.005639123730361462,
        0.14522552490234375,
        0.019612235948443413,
        0.010795360431075096,
        0.9993380308151245,
        -0.03474149852991104,
        -0.25186431407928467,
        -0.14493347704410553,
        0.03594039008021355,
        0.9887884259223938,
        1.661949872970581
    ],
    [
        0.988666296005249,
        -0.012755855917930603,
        0.14958660304546356,
        0.04698016121983528,
        0.017852073535323143,
        0.9993032813072205,
        -0.03277548775076866,
        -0.27582743763923645,
        -0.1490643322467804,
        0.03507445380091667,
        0.9882053136825562,
        1.819454312324524
    ],
    [
        0.988535463809967,
        -0.014273496344685555,
        0.1503128707408905,
        0.07082543522119522,
        0.019149281084537506,
        0.9993346929550171,
        -0.03104020282626152,
        -0.29215240478515625,
        -0.14976981282234192,
        0.03356272354722023,
        0.9881510734558105,
        1.9379565715789795
    ],
    [
        0.9890539050102234,
        -0.013421961106359959,
        0.1469426155090332,
        0.11004490405321121,
        0.01785733737051487,
        0.9994224905967712,
        -0.02890690602362156,
        -0.31170159578323364,
        -0.14646978676319122,
        0.031214499846100807,
        0.988722562789917,
        2.0790457725524902
    ],
    [
        0.989732027053833,
        -0.011757172644138336,
        0.14245069026947021,
        0.14186634123325348,
        0.015792623162269592,
        0.9995044469833374,
        -0.027231331914663315,
        -0.32694050669670105,
        -0.14205993711948395,
        0.029201393947005272,
        0.9894271492958069,
        2.190247058868408
    ],
    [
        0.9909701943397522,
        -0.007569193374365568,
        0.13386817276477814,
        0.18713398277759552,
        0.011047727428376675,
        0.9996198415756226,
        -0.02526106871664524,
        -0.3471265733242035,
        -0.1336260735988617,
        0.026511915028095245,
        0.9906770586967468,
        2.330064058303833
    ],
    [
        0.9917614459991455,
        -0.002638167468830943,
        0.1280716210603714,
        0.20572413504123688,
        0.005923518445342779,
        0.9996629357337952,
        -0.025278352200984955,
        -0.35419002175331116,
        -0.12796175479888916,
        0.02582872472703457,
        0.9914427399635315,
        2.42783260345459
    ],
    [
        0.9921828508377075,
        6.726156425429508e-05,
        0.12479224801063538,
        0.2175261229276657,
        0.002980184741318226,
        0.9997018575668335,
        -0.024233318865299225,
        -0.3670889437198639,
        -0.12475667148828506,
        0.02441578544676304,
        0.9918869137763977,
        2.539889335632324
    ],
    [
        0.9923438429832458,
        -3.437425766605884e-05,
        0.12350647896528244,
        0.22916646301746368,
        0.0028817758429795504,
        0.9997341632843018,
        -0.02287609875202179,
        -0.3788359463214874,
        -0.12347285449504852,
        0.023056872189044952,
        0.9920800924301147,
        2.6267967224121094
    ],
    [
        0.9927283525466919,
        0.002027468755841255,
        0.12035912275314331,
        0.2450389415025711,
        0.0005790123832412064,
        0.9997661709785461,
        -0.021616952493786812,
        -0.3961270749568939,
        -0.12037479877471924,
        0.02152945101261139,
        0.992495059967041,
        2.768451690673828
    ],
    [
        0.9928768873214722,
        0.0015729250153526664,
        0.11913448572158813,
        0.25252506136894226,
        0.0007641268894076347,
        0.9998081922531128,
        -0.019568704068660736,
        -0.42138463258743286,
        -0.11914241313934326,
        0.01952034793794155,
        0.9926853179931641,
        2.882436990737915
    ],
    [
        0.9930404424667358,
        0.0006603611982427537,
        0.11777248978614807,
        0.255859375,
        0.0012359012616798282,
        0.999870777130127,
        -0.016027309000492096,
        -0.4646865129470825,
        -0.11776784807443619,
        0.016061317175626755,
        0.9929113388061523,
        3.042855739593506
    ]
]