[
    [
        0.8816841244697571,
        0.00447067990899086,
        0.4718189835548401,
        -36.56788635253906,
        0.0034397002309560776,
        0.9998677372932434,
        -0.015901895239949226,
        -0.7433668375015259,
        -0.47182759642601013,
        0.015643365681171417,
        0.88155198097229,
        78.74506378173828
    ],
    [
        0.8783320188522339,
        0.0044910055585205555,
        0.47802987694740295,
        -36.56425094604492,
        0.0035754323471337557,
        0.9998661875724792,
        -0.015963062644004822,
        -0.7438510656356812,
        -0.47803762555122375,
        0.015730032697319984,
        0.8781984448432922,
        78.85330200195312
    ],
    [
        0.8749729990959167,
        0.004267800599336624,
        0.4841530919075012,
        -36.55982208251953,
        0.0038703586906194687,
        0.9998674988746643,
        -0.01580842211842537,
        -0.744652271270752,
        -0.4841563403606415,
        0.015705788508057594,
        0.8748404383659363,
        78.96142578125
    ],
    [
        0.871870756149292,
        0.004246240481734276,
        0.4897177517414093,
        -36.557010650634766,
        0.0040829419158399105,
        0.9998645782470703,
        -0.01593870110809803,
        -0.7481455206871033,
        -0.4897190034389496,
        0.01589597389101982,
        0.8717353940010071,
        79.0700912475586
    ],
    [
        0.8690875768661499,
        0.004113517235964537,
        0.49464112520217896,
        -36.5496940612793,
        0.004341420251876116,
        0.9998635053634644,
        -0.015942931175231934,
        -0.7572330832481384,
        -0.49463921785354614,
        0.01600324735045433,
        0.8689510226249695,
        79.17508697509766
    ],
    [
        0.8659122586250305,
        0.003920987714082003,
        0.500180721282959,
        -36.53473663330078,
        0.004779904615134001,
        0.9998587369918823,
        -0.016113001853227615,
        -0.7671847343444824,
        -0.5001731514930725,
        0.016343260183930397,
        0.8657711744308472,
        79.30535125732422
    ],
    [
        0.8627761602401733,
        0.003492634044960141,
        0.5055739283561707,
        -36.51984786987305,
        0.005273817572742701,
        0.999859631061554,
        -0.015907205641269684,
        -0.7763843536376953,
        -0.5055585503578186,
        0.016390662640333176,
        0.8626366257667542,
        79.41033935546875
    ],
    [
        0.8585024476051331,
        0.003036987269297242,
        0.5128005743026733,
        -36.497135162353516,
        0.005659801419824362,
        0.9998654127120972,
        -0.015396888367831707,
        -0.7858737707138062,
        -0.5127782821655273,
        0.01612061634659767,
        0.858369767665863,
        79.54325866699219
    ],
    [
        0.8548343181610107,
        0.002901677042245865,
        0.5188930034637451,
        -36.481468200683594,
        0.005902323871850967,
        0.9998652935028076,
        -0.015314899384975433,
        -0.7864733934402466,
        -0.5188676714897156,
        0.016154374927282333,
        0.8547019958496094,
        79.65425109863281
    ],
    [
        0.8511723875999451,
        0.0028430025558918715,
        0.5248786211013794,
        -36.46437072753906,
        0.00594176584854722,
        0.9998691082000732,
        -0.015051281079649925,
        -0.7856178879737854,
        -0.5248527526855469,
        0.015929942950606346,
        0.8510439991950989,
        79.76961517333984
    ],
    [
        0.8454636335372925,
        0.002679313998669386,
        0.5340262651443481,
        -36.438785552978516,
        0.006211277563124895,
        0.9998705387115479,
        -0.014850164763629436,
        -0.7910470366477966,
        -0.5339967608451843,
        0.015872260555624962,
        0.8453375101089478,
        79.94515991210938
    ],
    [
        0.8417230844497681,
        0.002633549738675356,
        0.5399031639099121,
        -36.411956787109375,
        0.006316321901977062,
        0.9998717308044434,
        -0.01472450140863657,
        -0.8067639470100403,
        -0.5398727059364319,
        0.015804152935743332,
        0.8415983319282532,
        80.09033203125
    ],
    [
        0.8400137424468994,
        0.002713581547141075,
        0.5425584316253662,
        -36.39348602294922,
        0.006393440067768097,
        0.999868631362915,
        -0.01489941868931055,
        -0.8172942996025085,
        -0.5425274968147278,
        0.01598452962934971,
        0.839885950088501,
        80.19573211669922
    ],
    [
        0.8369100093841553,
        0.002407641150057316,
        0.547335147857666,
        -36.358394622802734,
        0.006767012644559145,
        0.9998683929443359,
        -0.014745454303920269,
        -0.8310582041740417,
        -0.5472986698150635,
        0.016044441610574722,
        0.8367835879325867,
        80.33024597167969
    ],
    [
        0.8334523439407349,
        0.00260819005779922,
        0.5525851845741272,
        -36.33378982543945,
        0.006795903202146292,
        0.9998648762702942,
        -0.014969458803534508,
        -0.8321349024772644,
        -0.5525494813919067,
        0.01623164862394333,
        0.8333219885826111,
        80.43799591064453
    ],
    [
        0.8292052149772644,
        0.0024707973934710026,
        0.55893874168396,
        -36.306243896484375,
        0.007129690609872341,
        0.9998621344566345,
        -0.014997052028775215,
        -0.8301844596862793,
        -0.5588988065719604,
        0.016420695930719376,
        0.8290733098983765,
        80.57434844970703
    ],
    [
        0.8253535628318787,
        0.0028693738859146833,
        0.5646089315414429,
        -36.277584075927734,
        0.006960560567677021,
        0.9998593330383301,
        -0.01525638997554779,
        -0.8294045925140381,
        -0.5645732879638672,
        0.016521912068128586,
        0.8252174258232117,
        80.71829986572266
    ],
    [
        0.823603630065918,
        0.003193247364833951,
        0.5671567916870117,
        -36.266441345214844,
        0.006926173809915781,
        0.9998528957366943,
        -0.015687370672822,
        -0.8299627304077148,
        -0.5671234726905823,
        0.016848400235176086,
        0.8234605193138123,
        80.82108306884766
    ],
    [
        0.8213297128677368,
        0.0032692616805434227,
        0.5704445838928223,
        -36.24225616455078,
        0.0066708228550851345,
        0.9998602271080017,
        -0.015334968455135822,
        -0.8421679139137268,
        -0.5704149007797241,
        0.016400400549173355,
        0.8211929798126221,
        80.9589614868164
    ],
    [
        0.8184123039245605,
        0.0032737175934016705,
        0.5746222138404846,
        -36.212642669677734,
        0.006784104276448488,
        0.999859094619751,
        -0.0153586994856596,
        -0.8535403609275818,
        -0.5745915770530701,
        0.016468044370412827,
        0.8182746171951294,
        81.07440948486328
    ],
    [
        0.814226508140564,
        0.0033586472272872925,
        0.5805376172065735,
        -36.179893493652344,
        0.006895704660564661,
        0.9998568296432495,
        -0.015456072986125946,
        -0.861725389957428,
        -0.580506443977356,
        0.016587961465120316,
        0.8140867352485657,
        81.21604919433594
    ],
    [
        0.810541033744812,
        0.003396853106096387,
        0.5856720209121704,
        -36.16053009033203,
        0.007033505942672491,
        0.9998546242713928,
        -0.015533102676272392,
        -0.862188458442688,
        -0.5856395959854126,
        0.016709543764591217,
        0.8103993535041809,
        81.32925415039062
    ],
    [
        0.8070177435874939,
        0.0033593247644603252,
        0.5905176401138306,
        -36.137935638427734,
        0.0071957106702029705,
        0.9998537302017212,
        -0.015521806664764881,
        -0.8588001132011414,
        -0.5904832482337952,
        0.016775568947196007,
        0.806875467300415,
        81.44145202636719
    ],
    [
        0.8037970662117004,
        0.003538255114108324,
        0.5948930382728577,
        -36.11434555053711,
        0.0073019759729504585,
        0.9998482465744019,
        -0.015812966972589493,
        -0.8574951887130737,
        -0.5948587656021118,
        0.01705431193113327,
        0.8036493062973022,
        81.55137634277344
    ],
    [
        0.800364077091217,
        0.003821127349510789,
        0.5995020866394043,
        -36.09919357299805,
        0.007124597672373056,
        0.999848484992981,
        -0.01588454842567444,
        -0.8523820042610168,
        -0.5994719862937927,
        0.01698463410139084,
        0.8002155423164368,
        81.68920135498047
    ]
]