[
    [
        0.999997079372406,
        0.0012293618638068438,
        -0.0020938613452017307,
        -0.0031263900455087423,
        -0.0012278840877115726,
        0.9999990463256836,
        0.0007069481071084738,
        0.09133078902959824,
        0.0020947284065186977,
        -0.0007043749210424721,
        0.999997615814209,
        0.0023590545170009136
    ],
    [
        0.9999968409538269,
        0.0014210565714165568,
        -0.0020795855671167374,
        -0.0034453626722097397,
        -0.0014196047559380531,
        0.9999988079071045,
        0.0006997204036451876,
        0.09626993536949158,
        0.002080577192828059,
        -0.0006967665976844728,
        0.999997615814209,
        0.0028736621607095003
    ],
    [
        0.9999967813491821,
        0.0014102950226515532,
        -0.0021199649199843407,
        -0.003543859114870429,
        -0.0014089408796280622,
        0.9999987483024597,
        0.0006400970160029829,
        0.1035388931632042,
        0.0021208650432527065,
        -0.0006371080526150763,
        0.999997615814209,
        0.003702697576954961
    ],
    [
        0.9999968409538269,
        0.0014557507820427418,
        -0.0020778507459908724,
        -0.0038523846305906773,
        -0.0014544844161719084,
        0.9999988079071045,
        0.0006105081993155181,
        0.10954722762107849,
        0.0020787371322512627,
        -0.0006074838456697762,
        0.999997615814209,
        0.004682575818151236
    ],
    [
        0.9999959468841553,
        0.001712612109258771,
        -0.002273299265652895,
        -0.004226528108119965,
        -0.0017113599460572004,
        0.9999983906745911,
        0.0005526067106984556,
        0.11673404276371002,
        0.002274241764098406,
        -0.000548714364413172,
        0.9999972581863403,
        0.006087773479521275
    ],
    [
        0.9999955296516418,
        0.001883991644717753,
        -0.002337106503546238,
        -0.004339476116001606,
        -0.0018824072321876884,
        0.9999979734420776,
        0.0006800834089517593,
        0.12387146055698395,
        0.002338382415473461,
        -0.0006756805232726038,
        0.9999970197677612,
        0.00724188145250082
    ],
    [
        0.9999951124191284,
        0.0019886784721165895,
        -0.0024168207310140133,
        -0.004515588283538818,
        -0.0019870675168931484,
        0.9999977946281433,
        0.00066856958437711,
        0.13113637268543243,
        0.0024181450717151165,
        -0.0006637642509303987,
        0.9999967813491821,
        0.00851471722126007
    ],
    [
        0.9999946355819702,
        0.0021305133122950792,
        -0.002517283195629716,
        -0.004670042544603348,
        -0.002128702588379383,
        0.9999974370002747,
        0.0007216105586849153,
        0.13746099174022675,
        0.0025188142899423838,
        -0.0007162475376389921,
        0.9999966621398926,
        0.009798782877624035
    ],
    [
        0.9999938011169434,
        0.0022877389565110207,
        -0.002694520400837064,
        -0.004435261245816946,
        -0.002285575494170189,
        0.999997079372406,
        0.0008058466482907534,
        0.14497704803943634,
        0.0026963569689542055,
        -0.0007996825152076781,
        0.9999960660934448,
        0.01102278009057045
    ],
    [
        0.9999927282333374,
        0.002466810867190361,
        -0.0029060523957014084,
        -0.004283145070075989,
        -0.0024647729005664587,
        0.9999966621398926,
        0.0007046768441796303,
        0.15261246263980865,
        0.002907782094553113,
        -0.0006975091528147459,
        0.9999955892562866,
        0.012645081616938114
    ],
    [
        0.9999920725822449,
        0.0026294563431292772,
        -0.0029992260970175266,
        -0.004463471006602049,
        -0.002626802073791623,
        0.9999962449073792,
        0.0008888454176485538,
        0.16026882827281952,
        0.003001551376655698,
        -0.0008809605496935546,
        0.9999949932098389,
        0.01439385674893856
    ],
    [
        0.9999920129776001,
        0.0026442292146384716,
        -0.0030130487866699696,
        -0.004013423807919025,
        -0.0026418690104037523,
        0.9999961853027344,
        0.0007869593100622296,
        0.16688650846481323,
        0.003015117719769478,
        -0.0007789926021359861,
        0.9999951124191284,
        0.01566120609641075
    ],
    [
        0.999992311000824,
        0.0027460758574306965,
        -0.0028354250825941563,
        -0.003923072945326567,
        -0.0027439589612185955,
        0.9999960064888,
        0.0007503941305913031,
        0.1745905727148056,
        0.0028374746907502413,
        -0.0007426079246215522,
        0.9999957084655762,
        0.017139857634902
    ],
    [
        0.9999920129776001,
        0.0029556455556303263,
        -0.002683510072529316,
        -0.003729024203494191,
        -0.002953603630885482,
        0.9999953508377075,
        0.0007647930760867894,
        0.1795993447303772,
        0.002685758052393794,
        -0.0007568608853034675,
        0.9999960660934448,
        0.018168747425079346
    ],
    [
        0.9999918341636658,
        0.0032147893216460943,
        -0.0024336313363164663,
        -0.0036380882374942303,
        -0.0032128142192959785,
        0.9999944567680359,
        0.0008152553928084671,
        0.18702121078968048,
        0.0024362385738641024,
        -0.0008074304787442088,
        0.9999966621398926,
        0.01923992857336998
    ],
    [
        0.9999918341636658,
        0.003254269016906619,
        -0.0024194864090532064,
        -0.0033306542318314314,
        -0.00325204711407423,
        0.9999942779541016,
        0.000921707833185792,
        0.1931903064250946,
        0.0024224715307354927,
        -0.0009138311725109816,
        0.9999966621398926,
        0.020517874509096146
    ],
    [
        0.9999913573265076,
        0.003516035620123148,
        -0.0022669374011456966,
        -0.0033372235484421253,
        -0.0035139250103384256,
        0.9999933838844299,
        0.0009342170669697225,
        0.20098146796226501,
        0.002270207041874528,
        -0.0009262430830858648,
        0.9999970197677612,
        0.021956831216812134
    ],
    [
        0.9999908208847046,
        0.0036553724203258753,
        -0.0022405763156712055,
        -0.0035580750554800034,
        -0.003652658313512802,
        0.9999925494194031,
        0.0012139722239226103,
        0.20879673957824707,
        0.0022449970711022615,
        -0.0012057768180966377,
        0.9999967813491821,
        0.023619892075657845
    ],
    [
        0.9999902248382568,
        0.003800290171056986,
        -0.0022953790612518787,
        -0.0036441932898014784,
        -0.003797651967033744,
        0.9999921321868896,
        0.0011525372974574566,
        0.21690784394741058,
        0.0022997420746833086,
        -0.0011438095243647695,
        0.9999966621398926,
        0.025703895837068558
    ],
    [
        0.9999896883964539,
        0.003947190474718809,
        -0.0022970610298216343,
        -0.00373249058611691,
        -0.003944563679397106,
        0.9999915361404419,
        0.0011467428412288427,
        0.22359222173690796,
        0.0023015679325908422,
        -0.0011376700131222606,
        0.9999966621398926,
        0.02744496427476406
    ],
    [
        0.9999889731407166,
        0.004066255409270525,
        -0.002368261804804206,
        -0.004188764840364456,
        -0.004063821397721767,
        0.9999911785125732,
        0.001031453488394618,
        0.232011079788208,
        0.0023724345955997705,
        -0.0010218174429610372,
        0.9999966621398926,
        0.029777048155665398
    ],
    [
        0.9999889135360718,
        0.004160184878855944,
        -0.0022156781051307917,
        -0.004268248099833727,
        -0.0041578589007258415,
        0.9999908208847046,
        0.0010534272296354175,
        0.24029062688350677,
        0.0022200404200702906,
        -0.0010442028287798166,
        0.9999970197677612,
        0.03192715719342232
    ],
    [
        0.9999881982803345,
        0.00442419433966279,
        -0.0020280962344259024,
        -0.004742179997265339,
        -0.004421893507242203,
        0.9999895095825195,
        0.001137364306487143,
        0.2486581653356552,
        0.002033107914030552,
        -0.0011283822823315859,
        0.9999972581863403,
        0.034363798797130585
    ],
    [
        0.9999872446060181,
        0.004696214571595192,
        -0.0018442929722368717,
        -0.004961827304214239,
        -0.004694109782576561,
        0.999988317489624,
        0.0011442479444667697,
        0.2552942633628845,
        0.0018496450502425432,
        -0.0011355760507285595,
        0.999997615814209,
        0.03607172518968582
    ],
    [
        0.9999871253967285,
        0.004724499769508839,
        -0.0018880084389820695,
        -0.005072177853435278,
        -0.004722277168184519,
        0.9999881386756897,
        0.0011797880288213491,
        0.26350489258766174,
        0.001893559587188065,
        -0.0011708569945767522,
        0.9999974966049194,
        0.03766407445073128
    ]
]