[
    [
        0.9890109300613403,
        -0.028752990067005157,
        0.14501968026161194,
        0.01711236499249935,
        0.026465311646461487,
        0.999493420124054,
        0.017679963260889053,
        -0.03211861103773117,
        -0.14545458555221558,
        -0.013647685758769512,
        0.989270806312561,
        0.3396173417568207
    ],
    [
        0.9843056201934814,
        -0.03372497111558914,
        0.17321966588497162,
        0.04628886282444,
        0.030703868716955185,
        0.9993265271186829,
        0.020091639831662178,
        -0.03408682346343994,
        -0.17378060519695282,
        -0.01445780135691166,
        0.9846782684326172,
        0.4256775975227356
    ],
    [
        0.9788812398910522,
        -0.03884810954332352,
        0.200704887509346,
        0.09187214821577072,
        0.035065654665231705,
        0.9991346597671509,
        0.022368071600794792,
        -0.034183476120233536,
        -0.20140019059181213,
        -0.014857836067676544,
        0.9793963432312012,
        0.5135794281959534
    ],
    [
        0.9723990559577942,
        -0.04542742297053337,
        0.2288588434457779,
        0.14176298677921295,
        0.04056865721940994,
        0.9988412857055664,
        0.025893066078424454,
        -0.038142044097185135,
        -0.22976988554000854,
        -0.015893898904323578,
        0.9731151461601257,
        0.6006594300270081
    ],
    [
        0.9647725224494934,
        -0.053456950932741165,
        0.2575973570346832,
        0.19820496439933777,
        0.04690442606806755,
        0.9984019994735718,
        0.03151983395218849,
        -0.04937995225191116,
        -0.2588706612586975,
        -0.0183270126581192,
        0.9657381176948547,
        0.697659432888031
    ],
    [
        0.956447422504425,
        -0.05986331030726433,
        0.285700261592865,
        0.26190510392189026,
        0.051874738186597824,
        0.9980239272117615,
        0.03545519337058067,
        -0.057635873556137085,
        -0.2872581481933594,
        -0.019090404734015465,
        0.9576628804206848,
        0.7898547053337097
    ],
    [
        0.9464548230171204,
        -0.06682391464710236,
        0.31584441661834717,
        0.32094618678092957,
        0.056996311992406845,
        0.9975621700286865,
        0.040262140333652496,
        -0.0718662291765213,
        -0.31776493787765503,
        -0.020104331895709038,
        0.947956383228302,
        0.89979088306427
    ],
    [
        0.9354796409606934,
        -0.0737709328532219,
        0.3455948531627655,
        0.38458451628685,
        0.061718013137578964,
        0.9970438480377197,
        0.045767173171043396,
        -0.08827418088912964,
        -0.34794947504997253,
        -0.02148483507335186,
        0.9372671246528625,
        1.0129128694534302
    ],
    [
        0.9204081892967224,
        -0.08135253190994263,
        0.3824009895324707,
        0.464205265045166,
        0.06673585623502731,
        0.9964480400085449,
        0.05135798081755638,
        -0.10425447672605515,
        -0.38522079586982727,
        -0.02175045572221279,
        0.9225682020187378,
        1.1437666416168213
    ],
    [
        0.906450092792511,
        -0.08774302899837494,
        0.41309720277786255,
        0.520684540271759,
        0.07082005590200424,
        0.9959083199501038,
        0.056134890764951706,
        -0.1149454414844513,
        -0.4163323640823364,
        -0.021627917885780334,
        0.9089551568031311,
        1.2381528615951538
    ],
    [
        0.8912535309791565,
        -0.09475138038396835,
        0.4434965252876282,
        0.5757947564125061,
        0.0752672478556633,
        0.9952725172042847,
        0.06137869507074356,
        -0.12922817468643188,
        -0.44721564650535583,
        -0.02132321707904339,
        0.8941720128059387,
        1.3241028785705566
    ],
    [
        0.875810980796814,
        -0.0998355895280838,
        0.47221609950065613,
        0.6290993094444275,
        0.07782162725925446,
        0.994781494140625,
        0.06598160415887833,
        -0.14194048941135406,
        -0.4763391315937042,
        -0.02103879302740097,
        0.8790098428726196,
        1.4069644212722778
    ],
    [
        0.8613693714141846,
        -0.1050005853176117,
        0.4970087707042694,
        0.6865620613098145,
        0.07975217700004578,
        0.9942235946655273,
        0.07182566821575165,
        -0.15551677346229553,
        -0.5016795992851257,
        -0.022230898961424828,
        0.864767849445343,
        1.4829204082489014
    ],
    [
        0.8504678606987,
        -0.10955509543418884,
        0.5144920349121094,
        0.7606799006462097,
        0.08156081289052963,
        0.9937067627906799,
        0.07677627354860306,
        -0.16694997251033783,
        -0.5196654200553894,
        -0.023333359509706497,
        0.8540510535240173,
        1.5542049407958984
    ],
    [
        0.841239869594574,
        -0.11030763387680054,
        0.5292897820472717,
        0.8461523056030273,
        0.08072955161333084,
        0.9936188459396362,
        0.07876750826835632,
        -0.17211683094501495,
        -0.5346009731292725,
        -0.023533038794994354,
        0.8447769284248352,
        1.6350551843643188
    ],
    [
        0.834247350692749,
        -0.10808048397302628,
        0.540693998336792,
        0.9385569095611572,
        0.0798189789056778,
        0.9939439296722412,
        0.07552731782197952,
        -0.17655864357948303,
        -0.5455825328826904,
        -0.01985080912709236,
        0.837821900844574,
        1.7169773578643799
    ],
    [
        0.8288844227790833,
        -0.11090246587991714,
        0.5483165979385376,
        1.0622414350509644,
        0.0842757597565651,
        0.9937212467193604,
        0.07359118014574051,
        -0.18943199515342712,
        -0.5530353784561157,
        -0.014788785949349403,
        0.8330264687538147,
        1.8079349994659424
    ],
    [
        0.8241104483604431,
        -0.11605796217918396,
        0.554411768913269,
        1.164914608001709,
        0.09143141657114029,
        0.9932048320770264,
        0.07200375199317932,
        -0.20188497006893158,
        -0.5590010285377502,
        -0.008648388087749481,
        0.8291218280792236,
        1.901586890220642
    ],
    [
        0.820469856262207,
        -0.12182474881410599,
        0.5585586428642273,
        1.2711213827133179,
        0.09910092502832413,
        0.9925475120544434,
        0.07091024518013,
        -0.2110428810119629,
        -0.5630347728729248,
        -0.0028260399121791124,
        0.8264284729957581,
        1.9973517656326294
    ],
    [
        0.8169594407081604,
        -0.12495006620883942,
        0.5629962086677551,
        1.3619086742401123,
        0.104092538356781,
        0.9921607375144958,
        0.0691499412059784,
        -0.2198789417743683,
        -0.5672231316566467,
        0.002111006760969758,
        0.8235614895820618,
        2.088940143585205
    ],
    [
        0.815232515335083,
        -0.12239893525838852,
        0.5660515427589417,
        1.4495984315872192,
        0.10239768028259277,
        0.9924757480621338,
        0.06713178753852844,
        -0.22402308881282806,
        -0.5700093507766724,
        0.003234355477616191,
        0.8216317892074585,
        2.1783461570739746
    ],
    [
        0.8140358924865723,
        -0.11841116100549698,
        0.5686163306236267,
        1.5236436128616333,
        0.0968284159898758,
        0.992964506149292,
        0.06815896928310394,
        -0.23909324407577515,
        -0.5726865530014038,
        -0.000425633043050766,
        0.8197742700576782,
        2.2636709213256836
    ],
    [
        0.8139069676399231,
        -0.11545790731906891,
        0.5694075226783752,
        1.5989067554473877,
        0.09118068963289261,
        0.9932947754859924,
        0.07107584923505783,
        -0.252854585647583,
        -0.573795735836029,
        -0.005930157843977213,
        0.8189770579338074,
        2.3505501747131348
    ],
    [
        0.814682126045227,
        -0.11630851775407791,
        0.5681244730949402,
        1.6811970472335815,
        0.09009411931037903,
        0.9931703805923462,
        0.07413182407617569,
        -0.26561349630355835,
        -0.5728665590286255,
        -0.009209200739860535,
        0.8195968866348267,
        2.447326898574829
    ],
    [
        0.8192154765129089,
        -0.11676278710365295,
        0.5614734888076782,
        1.7758760452270508,
        0.08920569717884064,
        0.9930815696716309,
        0.07636386156082153,
        -0.2745026648044586,
        -0.5665053725242615,
        -0.012471817433834076,
        0.8239635229110718,
        2.553041696548462
    ]
]