[
    [
        0.9754447340965271,
        -0.011734657920897007,
        0.2199312001466751,
        0.18632304668426514,
        0.01193208247423172,
        0.9999287128448486,
        0.0004307464696466923,
        0.016827402636408806,
        -0.2199205905199051,
        0.0022040673065930605,
        0.9755152463912964,
        0.42180728912353516
    ],
    [
        0.9638475179672241,
        -0.013353181071579456,
        0.2661198079586029,
        0.23049956560134888,
        0.013565627858042717,
        0.9999074339866638,
        0.001039939932525158,
        0.017788540571928024,
        -0.26610904932022095,
        0.002607738832011819,
        0.963939368724823,
        0.48002779483795166
    ],
    [
        0.9459694623947144,
        -0.015561086125671864,
        0.3238818049430847,
        0.2832861840724945,
        0.016354653984308243,
        0.999866247177124,
        0.00027170448447577655,
        0.01909778080880642,
        -0.32384273409843445,
        0.005039950367063284,
        0.9460975527763367,
        0.5449467301368713
    ],
    [
        0.9298653602600098,
        -0.017819814383983612,
        0.3674681782722473,
        0.3270069360733032,
        0.01828221045434475,
        0.9998303651809692,
        0.0022227708250284195,
        0.023651808500289917,
        -0.3674454689025879,
        0.004651252645999193,
        0.9300333857536316,
        0.5990305542945862
    ],
    [
        0.9070936441421509,
        -0.020263245329260826,
        0.4204407036304474,
        0.3845535218715668,
        0.020724104717373848,
        0.999779224395752,
        0.0034727042075246572,
        0.031018588691949844,
        -0.42041826248168945,
        0.005563189275562763,
        0.9073134064674377,
        0.668982207775116
    ],
    [
        0.8851159811019897,
        -0.022480713203549385,
        0.4648273289203644,
        0.4317745268344879,
        0.022715173661708832,
        0.9997290372848511,
        0.0050966450944542885,
        0.03154661878943443,
        -0.4648159146308899,
        0.006047512404620647,
        0.8853867053985596,
        0.7299110293388367
    ],
    [
        0.8546354174613953,
        -0.024429667741060257,
        0.5186535120010376,
        0.4909609854221344,
        0.024989943951368332,
        0.9996702075004578,
        0.005908225197345018,
        0.032963063567876816,
        -0.5186268091201782,
        0.0079117426648736,
        0.8549641966819763,
        0.7981899380683899
    ],
    [
        0.8299217224121094,
        -0.02601049840450287,
        0.5572732090950012,
        0.5339348912239075,
        0.026969637721776962,
        0.9996152520179749,
        0.006491971667855978,
        0.03477466478943825,
        -0.5572275519371033,
        0.009641626849770546,
        0.8303037881851196,
        0.844741702079773
    ],
    [
        0.8022507429122925,
        -0.02776246890425682,
        0.5963413715362549,
        0.5911397337913513,
        0.029322026297450066,
        0.9995447993278503,
        0.007086909841746092,
        0.04151158034801483,
        -0.5962668061256409,
        0.011800456792116165,
        0.8026995658874512,
        0.8950022459030151
    ],
    [
        0.7830471992492676,
        -0.028367115184664726,
        0.621315062046051,
        0.6390731930732727,
        0.030009480193257332,
        0.9995191097259521,
        0.00781348254531622,
        0.04818442463874817,
        -0.6212379336357117,
        0.012527016922831535,
        0.783521831035614,
        0.9318321943283081
    ],
    [
        0.7633530497550964,
        -0.029287299141287804,
        0.6453172564506531,
        0.7039487957954407,
        0.03125685453414917,
        0.9994761943817139,
        0.008386475965380669,
        0.06140543520450592,
        -0.6452248692512512,
        0.013768747448921204,
        0.7638686299324036,
        0.9725939631462097
    ],
    [
        0.7496082186698914,
        -0.02987723983824253,
        0.6612071394920349,
        0.7618417143821716,
        0.03235699236392975,
        0.9994404911994934,
        0.008477605879306793,
        0.07169647514820099,
        -0.6610903739929199,
        0.015039791353046894,
        0.750155508518219,
        1.0049301385879517
    ],
    [
        0.7353987097740173,
        -0.03119559772312641,
        0.6769161820411682,
        0.833490252494812,
        0.033470816910266876,
        0.9993926286697388,
        0.009694339707493782,
        0.08077563345432281,
        -0.6768075227737427,
        0.015527736395597458,
        0.7359962463378906,
        1.0440702438354492
    ],
    [
        0.7266780138015747,
        -0.03152015432715416,
        0.6862547397613525,
        0.8946700096130371,
        0.034035660326480865,
        0.9993719458580017,
        0.009861341677606106,
        0.08682098239660263,
        -0.6861346364021301,
        0.016191111877560616,
        0.7272943258285522,
        1.0720407962799072
    ],
    [
        0.7179178595542908,
        -0.032104723155498505,
        0.6953871250152588,
        0.9694896340370178,
        0.034678954631090164,
        0.999345064163208,
        0.01033533364534378,
        0.09888648986816406,
        -0.6952634453773499,
        0.016695374622941017,
        0.7185611128807068,
        1.1050342321395874
    ],
    [
        0.7134800553321838,
        -0.0324627086520195,
        0.6999231576919556,
        1.020668387413025,
        0.035276126116514206,
        0.9993235468864441,
        0.010389628820121288,
        0.11514720320701599,
        -0.6997869610786438,
        0.017277786508202553,
        0.7141426205635071,
        1.1281758546829224
    ],
    [
        0.7099295854568481,
        -0.03253430128097534,
        0.7035208344459534,
        1.0777236223220825,
        0.03507791459560394,
        0.9993261098861694,
        0.010816349647939205,
        0.13617278635501862,
        -0.7033985257148743,
        0.016999196261167526,
        0.7105923295021057,
        1.155841588973999
    ],
    [
        0.7074536681175232,
        -0.03236648067831993,
        0.7060182094573975,
        1.1164990663528442,
        0.035042162984609604,
        0.99932861328125,
        0.010699495673179626,
        0.1581418216228485,
        -0.705890417098999,
        0.01717100664973259,
        0.7081128358840942,
        1.1773698329925537
    ],
    [
        0.7039970755577087,
        -0.03155938535928726,
        0.7095012068748474,
        1.1587005853652954,
        0.034752942621707916,
        0.9993462562561035,
        0.009968670085072517,
        0.19198685884475708,
        -0.7093520760536194,
        0.017639348283410072,
        0.7046336531639099,
        1.2041280269622803
    ],
    [
        0.7006361484527588,
        -0.03428911790251732,
        0.7126943469047546,
        1.1916173696517944,
        0.03444960340857506,
        0.9993053674697876,
        0.014211788773536682,
        0.2217073142528534,
        -0.7126865983009338,
        0.014594743959605694,
        0.7013306617736816,
        1.2256056070327759
    ],
    [
        0.6942496299743652,
        -0.042439304292201996,
        0.7184819579124451,
        1.235504150390625,
        0.0343460813164711,
        0.9990763068199158,
        0.025825774297118187,
        0.25520390272140503,
        -0.7189143300056458,
        0.006747507024556398,
        0.6950660347938538,
        1.2574009895324707
    ],
    [
        0.6883368492126465,
        -0.04990426450967789,
        0.7236725687980652,
        1.2685413360595703,
        0.03425535187125206,
        0.9987539649009705,
        0.036291081458330154,
        0.27897459268569946,
        -0.7245818376541138,
        -0.00019083128427155316,
        0.6891886591911316,
        1.2814035415649414
    ],
    [
        0.6808441877365112,
        -0.057425498962402344,
        0.7301735877990723,
        1.3071585893630981,
        0.03425469622015953,
        0.9983273148536682,
        0.046574320644140244,
        0.30369865894317627,
        -0.7316268086433411,
        -0.006697976961731911,
        0.6816723942756653,
        1.3096877336502075
    ],
    [
        0.6747019290924072,
        -0.06252840906381607,
        0.7354369759559631,
        1.3340950012207031,
        0.03391581028699875,
        0.9979790449142456,
        0.0537353940308094,
        0.3217771649360657,
        -0.7373107075691223,
        -0.011312426999211311,
        0.6754591464996338,
        1.327810525894165
    ],
    [
        0.6686196327209473,
        -0.06730969995260239,
        0.7405519485473633,
        1.3575294017791748,
        0.03355558589100838,
        0.997611403465271,
        0.06037795916199684,
        0.34026679396629333,
        -0.7428471446037292,
        -0.015520223416388035,
        0.6692812442779541,
        1.341983437538147
    ]
]