[
    [
        0.9946459531784058,
        -0.01692371629178524,
        0.10194636136293411,
        -0.06378492712974548,
        0.016625136137008667,
        0.9998546242713928,
        0.0037778045516461134,
        -0.03268007934093475,
        -0.10199546813964844,
        -0.00206270650960505,
        0.9947827458381653,
        0.4409131705760956
    ],
    [
        0.9917729496955872,
        -0.021964430809020996,
        0.1261105090379715,
        -0.07445142418146133,
        0.02139930985867977,
        0.9997539520263672,
        0.005834330804646015,
        -0.03802667558193207,
        -0.1262076199054718,
        -0.003087654709815979,
        0.9919989705085754,
        0.491644024848938
    ],
    [
        0.9886413812637329,
        -0.026012631133198738,
        0.14802561700344086,
        -0.08102119714021683,
        0.025221697986125946,
        0.9996557831764221,
        0.0072181085124611855,
        -0.04218181222677231,
        -0.14816242456436157,
        -0.003402663627639413,
        0.9889572262763977,
        0.5495670437812805
    ],
    [
        0.9851816892623901,
        -0.029336126521229744,
        0.16898620128631592,
        -0.08571093529462814,
        0.028389615938067436,
        0.9995647668838501,
        0.008015014231204987,
        -0.04435330629348755,
        -0.1691478043794632,
        -0.003098792163655162,
        0.9855857491493225,
        0.6095452904701233
    ],
    [
        0.9810564517974854,
        -0.03385227173566818,
        0.19074156880378723,
        -0.08884043991565704,
        0.032407455146312714,
        0.9994175434112549,
        0.01068993378430605,
        -0.04837591201066971,
        -0.1909923404455185,
        -0.004305979236960411,
        0.9815820455551147,
        0.6619327664375305
    ],
    [
        0.9756682515144348,
        -0.039960190653800964,
        0.2155795395374298,
        -0.0935840979218483,
        0.03728492558002472,
        0.999169111251831,
        0.016463838517665863,
        -0.05587729066610336,
        -0.21605831384658813,
        -0.008025380782783031,
        0.9763473868370056,
        0.7022088766098022
    ],
    [
        0.9695017337799072,
        -0.047186318784952164,
        0.24049939215183258,
        -0.09773965924978256,
        0.04297739267349243,
        0.9988176822662354,
        0.02271886169910431,
        -0.06354393810033798,
        -0.24128706753253937,
        -0.011689936742186546,
        0.97038334608078,
        0.7409194111824036
    ],
    [
        0.9626376628875732,
        -0.05317971482872963,
        0.26551997661590576,
        -0.10136888176202774,
        0.04731279984116554,
        0.9984748959541321,
        0.028448086231946945,
        -0.07193319499492645,
        -0.2666279077529907,
        -0.0148227009922266,
        0.9636855721473694,
        0.7771209478378296
    ],
    [
        0.9546432495117188,
        -0.06028309464454651,
        0.29158565402030945,
        -0.10689470916986465,
        0.05269842967391014,
        0.9980381727218628,
        0.0338035486638546,
        -0.07866087555885315,
        -0.2930513918399811,
        -0.016904223710298538,
        0.95594722032547,
        0.8112185001373291
    ],
    [
        0.9473258256912231,
        -0.06525850296020508,
        0.31355223059654236,
        -0.10223550349473953,
        0.056601665914058685,
        0.9977241158485413,
        0.03664383664727211,
        -0.08202062547206879,
        -0.31522995233535767,
        -0.0169660747051239,
        0.948863685131073,
        0.8684520721435547
    ],
    [
        0.9380312561988831,
        -0.06900271028280258,
        0.3396115005016327,
        -0.10041089355945587,
        0.05900147557258606,
        0.9974682331085205,
        0.039700597524642944,
        -0.08508523553609848,
        -0.34149107336997986,
        -0.017202820628881454,
        0.9397276043891907,
        0.935672402381897
    ],
    [
        0.9273951053619385,
        -0.07417753338813782,
        0.3666553199291229,
        -0.09808116406202316,
        0.062761090695858,
        0.9971027374267578,
        0.042978525161743164,
        -0.08931376785039902,
        -0.36878105998039246,
        -0.01684638485312462,
        0.9293636083602905,
        1.000006914138794
    ],
    [
        0.9116659760475159,
        -0.07940839976072311,
        0.4031865894794464,
        -0.09773597121238708,
        0.06561724841594696,
        0.9966930747032166,
        0.04793015867471695,
        -0.09764008224010468,
        -0.4056592881679535,
        -0.017240304499864578,
        0.9138618111610413,
        1.0878705978393555
    ],
    [
        0.8982974290847778,
        -0.08335486799478531,
        0.43140897154808044,
        -0.09563202410936356,
        0.06747201085090637,
        0.9963641166687012,
        0.052019938826560974,
        -0.10389916598796844,
        -0.4341764748096466,
        -0.017621353268623352,
        0.9006555080413818,
        1.1504590511322021
    ],
    [
        0.884619414806366,
        -0.0870504081249237,
        0.4581165909767151,
        -0.09093637764453888,
        0.06900520622730255,
        0.9960423111915588,
        0.05601750686764717,
        -0.11016369611024857,
        -0.4611799120903015,
        -0.017941739410161972,
        0.8871253132820129,
        1.2078465223312378
    ],
    [
        0.8717055916786194,
        -0.09072005748748779,
        0.48155903816223145,
        -0.07927493005990982,
        0.07152557373046875,
        0.9957444071769714,
        0.058112796396017075,
        -0.11444646120071411,
        -0.48478177189826965,
        -0.016213469207286835,
        0.8744849562644958,
        1.257399320602417
    ],
    [
        0.8589057922363281,
        -0.09336567670106888,
        0.5035511255264282,
        -0.06530776619911194,
        0.07389795035123825,
        0.9955461025238037,
        0.05854114145040512,
        -0.11613330990076065,
        -0.5067740678787231,
        -0.01306992582976818,
        0.8619797825813293,
        1.3025749921798706
    ],
    [
        0.8461153507232666,
        -0.09579268097877502,
        0.5243210792541504,
        -0.050939999520778656,
        0.07649730145931244,
        0.9953578114509583,
        0.05840400233864784,
        -0.11939162015914917,
        -0.527481734752655,
        -0.009307377971708775,
        0.849515438079834,
        1.3442096710205078
    ],
    [
        0.8331582546234131,
        -0.09747234731912613,
        0.5443769693374634,
        -0.03897680714726448,
        0.07847120612859726,
        0.9952220320701599,
        0.05809883400797844,
        -0.12408868223428726,
        -0.5474389791488647,
        -0.0056876083835959435,
        0.8368263244628906,
        1.3821125030517578
    ],
    [
        0.8194212913513184,
        -0.09902819991111755,
        0.5645724534988403,
        -0.029479436576366425,
        0.0802740752696991,
        0.9950821399688721,
        0.058031342923641205,
        -0.13077405095100403,
        -0.5675428509712219,
        -0.0022315902169793844,
        0.8233409523963928,
        1.420523762702942
    ],
    [
        0.805537760257721,
        -0.10053523629903793,
        0.5839534401893616,
        -0.02333054505288601,
        0.08210736513137817,
        0.9949328303337097,
        0.05802728235721588,
        -0.14071641862392426,
        -0.5868281126022339,
        0.0012037089327350259,
        0.8097105622291565,
        1.4558476209640503
    ],
    [
        0.7929860353469849,
        -0.10164358466863632,
        0.6007009744644165,
        -0.012926493771374226,
        0.08345266431570053,
        0.9948127865791321,
        0.05816461145877838,
        -0.1507514864206314,
        -0.6034971475601196,
        0.004006361123174429,
        0.7973551154136658,
        1.4858627319335938
    ],
    [
        0.7796949148178101,
        -0.10168534517288208,
        0.6178479194641113,
        -0.009765274822711945,
        0.08433863520622253,
        0.9947887063026428,
        0.05729084834456444,
        -0.16087360680103302,
        -0.6204537153244019,
        0.00743905222043395,
        0.7842078804969788,
        1.5149950981140137
    ],
    [
        0.7659233808517456,
        -0.10161201655864716,
        0.6348515152931213,
        -0.010400375351309776,
        0.08528879284858704,
        0.994763195514679,
        0.05632060393691063,
        -0.17241184413433075,
        -0.637249767780304,
        0.01100843958556652,
        0.7705788016319275,
        1.5441005229949951
    ],
    [
        0.7502774000167847,
        -0.09989120811223984,
        0.6535331606864929,
        -0.012027726508677006,
        0.08619989454746246,
        0.9948617219924927,
        0.0531022734940052,
        -0.18554018437862396,
        -0.6554795503616333,
        0.0164930522441864,
        0.7550328373908997,
        1.573373556137085
    ]
]