[
    [
        0.8433367013931274,
        0.007430016063153744,
        -0.537334144115448,
        -0.08059917390346527,
        -0.013274573720991611,
        0.9998873472213745,
        -0.007008222863078117,
        0.03621550649404526,
        0.5372215509414673,
        0.013043172657489777,
        0.8433403372764587,
        1.0963847637176514
    ],
    [
        0.8382152318954468,
        0.007794206030666828,
        -0.545283854007721,
        -0.11740792542695999,
        -0.014812425710260868,
        0.9998543858528137,
        -0.00847802683711052,
        0.04413110762834549,
        0.5451383590698242,
        0.015183385461568832,
        0.8382085561752319,
        1.1422784328460693
    ],
    [
        0.8346460461616516,
        0.008167948573827744,
        -0.5507262349128723,
        -0.1599264293909073,
        -0.01589313894510269,
        0.9998309016227722,
        -0.009257911704480648,
        0.05142819136381149,
        0.5505573749542236,
        0.016479846090078354,
        0.8346346020698547,
        1.1993478536605835
    ],
    [
        0.8329115509986877,
        0.009067300707101822,
        -0.5533317923545837,
        -0.19936656951904297,
        -0.01694352738559246,
        0.9998148679733276,
        -0.009120816364884377,
        0.053778477013111115,
        0.5531465411186218,
        0.01697222702205181,
        0.8329110145568848,
        1.2446269989013672
    ],
    [
        0.8326124548912048,
        0.009112570434808731,
        -0.5537810921669006,
        -0.23607049882411957,
        -0.01720101200044155,
        0.9998078346252441,
        -0.009409775026142597,
        0.055003438144922256,
        0.5535888671875,
        0.01736028864979744,
        0.8326090574264526,
        1.2859305143356323
    ],
    [
        0.8328486084938049,
        0.00940715428441763,
        -0.5534208416938782,
        -0.26940444111824036,
        -0.018219875171780586,
        0.9997796416282654,
        -0.010424830950796604,
        0.06207549571990967,
        0.5532008409500122,
        0.018765566870570183,
        0.8328364491462708,
        1.3346647024154663
    ],
    [
        0.8346430659294128,
        0.009306206367909908,
        -0.550712525844574,
        -0.30041685700416565,
        -0.018540972843766212,
        0.9997653365135193,
        -0.011205615475773811,
        0.06648236513137817,
        0.550478994846344,
        0.01956343650817871,
        0.8346197009086609,
        1.3826879262924194
    ],
    [
        0.8379705548286438,
        0.009172100573778152,
        -0.5456382632255554,
        -0.3281589150428772,
        -0.018295420333743095,
        0.999768853187561,
        -0.011291444301605225,
        0.06752382218837738,
        0.5454086661338806,
        0.019444581121206284,
        0.8379448056221008,
        1.428381323814392
    ],
    [
        0.8440515398979187,
        0.009538255631923676,
        -0.5361772775650024,
        -0.35837167501449585,
        -0.018670564517378807,
        0.9997583627700806,
        -0.011606178246438503,
        0.06846632063388824,
        0.5359370112419128,
        0.01980694569647312,
        0.8440255522727966,
        1.4697502851486206
    ],
    [
        0.8513240218162537,
        0.00953315757215023,
        -0.5245537757873535,
        -0.38396844267845154,
        -0.018564632162451744,
        0.9997561573982239,
        -0.011960037983953953,
        0.06978661566972733,
        0.5243118405342102,
        0.019920015707612038,
        0.8512933254241943,
        1.5156803131103516
    ],
    [
        0.8607438802719116,
        0.009354962036013603,
        -0.508952260017395,
        -0.4087097942829132,
        -0.018601063638925552,
        0.9997414350509644,
        -0.013082189485430717,
        0.07449829578399658,
        0.5086982846260071,
        0.020727472379803658,
        0.8606953620910645,
        1.5675933361053467
    ],
    [
        0.8725703954696655,
        0.00982490461319685,
        -0.48838934302330017,
        -0.4358682930469513,
        -0.01915758103132248,
        0.9997168183326721,
        -0.014116231352090836,
        0.07827916741371155,
        0.4881123900413513,
        0.021673765033483505,
        0.872511625289917,
        1.6171979904174805
    ],
    [
        0.8862966299057007,
        0.010338694788515568,
        -0.46300259232521057,
        -0.4629281163215637,
        -0.01914350502192974,
        0.999714195728302,
        -0.014321916736662388,
        0.07871968299150467,
        0.46272221207618713,
        0.021556958556175232,
        0.8862411975860596,
        1.6681737899780273
    ],
    [
        0.9012089967727661,
        0.010784472338855267,
        -0.43325042724609375,
        -0.4885062873363495,
        -0.018829749897122383,
        0.9997206926345825,
        -0.014282921329140663,
        0.079236701130867,
        0.4329753816127777,
        0.021029897034168243,
        0.9011602997779846,
        1.722878098487854
    ],
    [
        0.9169226884841919,
        0.01187050435692072,
        -0.39888840913772583,
        -0.5147651433944702,
        -0.018546488136053085,
        0.9997450113296509,
        -0.012881338596343994,
        0.07639194279909134,
        0.398633748292923,
        0.01920916885137558,
        0.9169090390205383,
        1.779083490371704
    ],
    [
        0.9325742125511169,
        0.013138005509972572,
        -0.36073923110961914,
        -0.539105236530304,
        -0.018341975286602974,
        0.999771237373352,
        -0.011005881242454052,
        0.07225079089403152,
        0.3605121076107025,
        0.016880473122000694,
        0.9326016902923584,
        1.8366502523422241
    ],
    [
        0.9481604695320129,
        0.014025077223777771,
        -0.3174821436405182,
        -0.5650709271430969,
        -0.018364347517490387,
        0.9997742772102356,
        -0.01067914254963398,
        0.06954213976860046,
        0.3172607123851776,
        0.015955893322825432,
        0.9482041001319885,
        1.8914798498153687
    ],
    [
        0.9613924026489258,
        0.0139051778241992,
        -0.2748298943042755,
        -0.5821273326873779,
        -0.017284177243709564,
        0.9998018145561218,
        -0.009876839816570282,
        0.06480283290147781,
        0.2746381163597107,
        0.01424572616815567,
        0.9614421725273132,
        1.9479169845581055
    ],
    [
        0.9723601341247559,
        0.014159837737679482,
        -0.23305641114711761,
        -0.5932756662368774,
        -0.016615258529782295,
        0.9998251795768738,
        -0.008575832471251488,
        0.0609242245554924,
        0.23289424180984497,
        0.0122110890224576,
        0.9724253416061401,
        2.0087695121765137
    ],
    [
        0.9812437891960144,
        0.015286128968000412,
        -0.1921638697385788,
        -0.6023551225662231,
        -0.017014235258102417,
        0.9998282194137573,
        -0.007345861755311489,
        0.05797523260116577,
        0.19201858341693878,
        0.010477603413164616,
        0.9813352823257446,
        2.0701987743377686
    ],
    [
        0.9881035685539246,
        0.01726815477013588,
        -0.15281744301319122,
        -0.6107971668243408,
        -0.01845584809780121,
        0.9998095035552979,
        -0.006356765050441027,
        0.054937370121479034,
        0.15267857909202576,
        0.00910151842981577,
        0.9882339239120483,
        2.1290693283081055
    ],
    [
        0.9932315945625305,
        0.017006216570734978,
        -0.1148986667394638,
        -0.6190527677536011,
        -0.017625784501433372,
        0.9998350739479065,
        -0.004378432873636484,
        0.04598891735076904,
        0.11480525135993958,
        0.006373977288603783,
        0.993367612361908,
        2.1821815967559814
    ],
    [
        0.9965741634368896,
        0.016586707904934883,
        -0.08102405071258545,
        -0.6234626173973083,
        -0.01680169068276882,
        0.9998569488525391,
        -0.0019721724092960358,
        0.03678622096776962,
        0.08097975701093674,
        0.003326757112517953,
        0.9967103004455566,
        2.235243558883667
    ],
    [
        0.9986213445663452,
        0.017008602619171143,
        -0.049659162759780884,
        -0.6283590793609619,
        -0.017053961753845215,
        0.9998543858528137,
        -0.0004898125771433115,
        0.03009389340877533,
        0.04964359849691391,
        0.0013360230950638652,
        0.9987660646438599,
        2.286259174346924
    ],
    [
        0.9997722506523132,
        0.016659149900078773,
        -0.013335328549146652,
        -0.63468998670578,
        -0.016656024381518364,
        0.9998611807823181,
        0.0003452542005106807,
        0.02469388209283352,
        0.013339228928089142,
        -0.00012306179269216955,
        0.9999110698699951,
        2.34950852394104
    ]
]