[
    [
        0.9841310381889343,
        0.020547645166516304,
        -0.17624984681606293,
        -0.07481367141008377,
        -0.019270524382591248,
        0.9997742176055908,
        0.00895481463521719,
        0.01888902857899666,
        0.1763940304517746,
        -0.005416282918304205,
        0.9843047261238098,
        0.5053619146347046
    ],
    [
        0.9816931486129761,
        0.021909529343247414,
        -0.18920479714870453,
        -0.08147204667329788,
        -0.020436108112335205,
        0.9997437000274658,
        0.009735106490552425,
        0.021568557247519493,
        0.18936960399150848,
        -0.0056902761571109295,
        0.9818893671035767,
        0.5239370465278625
    ],
    [
        0.9777135252952576,
        0.02390497364103794,
        -0.20857784152030945,
        -0.08821821957826614,
        -0.022062694653868675,
        0.9996944069862366,
        0.01115492358803749,
        0.022652847692370415,
        0.20878073573112488,
        -0.0063045332208275795,
        0.977942168712616,
        0.5558192729949951
    ],
    [
        0.9731458425521851,
        0.025105953216552734,
        -0.2288161963224411,
        -0.09367489069700241,
        -0.022782061249017715,
        0.9996587038040161,
        0.012792430818080902,
        0.02503998950123787,
        0.22905923426151276,
        -0.00723599549382925,
        0.9733856320381165,
        0.5910638570785522
    ],
    [
        0.9675461649894714,
        0.027097780257463455,
        -0.2512372136116028,
        -0.0964198037981987,
        -0.024297570809721947,
        0.999603271484375,
        0.014241568744182587,
        0.02960825152695179,
        0.2515234351158142,
        -0.00767492176964879,
        0.9678207635879517,
        0.6307135224342346
    ],
    [
        0.9608856439590454,
        0.028609802946448326,
        -0.27546387910842896,
        -0.09986420720815659,
        -0.025109408423304558,
        0.9995530247688293,
        0.016226254403591156,
        0.031715620309114456,
        0.27580496668815613,
        -0.008674840442836285,
        0.961174488067627,
        0.6675326228141785
    ],
    [
        0.9532659649848938,
        0.030375966802239418,
        -0.3006017208099365,
        -0.09767450392246246,
        -0.025988006964325905,
        0.9994894862174988,
        0.01858597993850708,
        0.03585229814052582,
        0.3010128438472748,
        -0.00990533921867609,
        0.9535686373710632,
        0.7032277584075928
    ],
    [
        0.944522500038147,
        0.03285758197307587,
        -0.3267992436885834,
        -0.08853000402450562,
        -0.027585336938500404,
        0.9994038939476013,
        0.020755959674715996,
        0.04034806042909622,
        0.32728642225265503,
        -0.010589603334665298,
        0.944865882396698,
        0.7430484890937805
    ],
    [
        0.9349783062934875,
        0.03509290888905525,
        -0.35296475887298584,
        -0.08101439476013184,
        -0.02896828204393387,
        0.9993243217468262,
        0.02262118272483349,
        0.04342310130596161,
        0.35352012515068054,
        -0.010925529524683952,
        0.9353630542755127,
        0.7750488519668579
    ],
    [
        0.9234552383422852,
        0.03749311342835426,
        -0.3818698823451996,
        -0.071306973695755,
        -0.030161911621689796,
        0.9992280602455139,
        0.025168253108859062,
        0.041282955557107925,
        0.3825187385082245,
        -0.011723832227289677,
        0.9238733053207397,
        0.8094417452812195
    ],
    [
        0.9105265140533447,
        0.040025629103183746,
        -0.41150858998298645,
        -0.06056083366274834,
        -0.03152472525835037,
        0.9991265535354614,
        0.027427300810813904,
        0.03680478036403656,
        0.4122469425201416,
        -0.012000590562820435,
        0.9109930396080017,
        0.8462709188461304
    ],
    [
        0.8965308666229248,
        0.04239831492304802,
        -0.4409477412700653,
        -0.05232325568795204,
        -0.032447610050439835,
        0.9990204572677612,
        0.030086344107985497,
        0.03011307679116726,
        0.4417914152145386,
        -0.012665634043514729,
        0.8970284461975098,
        0.8799067735671997
    ],
    [
        0.8815708160400391,
        0.045028265565633774,
        -0.4698994755744934,
        -0.04612027853727341,
        -0.03356023132801056,
        0.9988997578620911,
        0.03275807946920395,
        0.023890960961580276,
        0.4708574414253235,
        -0.013108630664646626,
        0.8821119070053101,
        0.9122540950775146
    ],
    [
        0.8716367483139038,
        0.04659312218427658,
        -0.48793283104896545,
        -0.04255656525492668,
        -0.034177180379629135,
        0.9988262057304382,
        0.034325096756219864,
        0.020455338060855865,
        0.488959401845932,
        -0.01324284914880991,
        0.8722060322761536,
        0.933643639087677
    ],
    [
        0.8574698567390442,
        0.04847663268446922,
        -0.5122454762458801,
        -0.037176962941884995,
        -0.03491685166954994,
        0.9987391829490662,
        0.03606740012764931,
        0.019105762243270874,
        0.5133481025695801,
        -0.013040710240602493,
        0.8580814599990845,
        0.9634518027305603
    ],
    [
        0.8441109657287598,
        0.050593677908182144,
        -0.5337761044502258,
        -0.030399348586797714,
        -0.035788148641586304,
        0.9986344575881958,
        0.03805980831384659,
        0.01723354496061802,
        0.5349727272987366,
        -0.013023842126131058,
        0.8447689414024353,
        0.9923951029777527
    ],
    [
        0.8313341736793518,
        0.05271587520837784,
        -0.5532670617103577,
        -0.02537396550178528,
        -0.037103071808815,
        0.9985347986221313,
        0.03939070552587509,
        0.015710223466157913,
        0.5545330047607422,
        -0.01221893448382616,
        0.8320721387863159,
        1.020362377166748
    ],
    [
        0.8199853301048279,
        0.0542106069624424,
        -0.5698116421699524,
        -0.023143788799643517,
        -0.03798174485564232,
        0.9984641075134277,
        0.040334153920412064,
        0.015294469892978668,
        0.5711230635643005,
        -0.011430969461798668,
        0.8207848072052002,
        1.047132134437561
    ],
    [
        0.8099929690361023,
        0.05529092252254486,
        -0.5838272571563721,
        -0.02424495480954647,
        -0.038187649101018906,
        0.998405396938324,
        0.04157228767871857,
        0.01674792170524597,
        0.5851949453353882,
        -0.011378268711268902,
        0.8108128309249878,
        1.0713361501693726
    ],
    [
        0.8012063503265381,
        0.05663086101412773,
        -0.5957024097442627,
        -0.02776273712515831,
        -0.038782332092523575,
        0.9983329176902771,
        0.04274584725499153,
        0.019323183223605156,
        0.5971300601959229,
        -0.011145513504743576,
        0.8020670413970947,
        1.0933812856674194
    ],
    [
        0.7936522364616394,
        0.05774573236703873,
        -0.6056249141693115,
        -0.033795300871133804,
        -0.03941768407821655,
        0.9982742667198181,
        0.04352883622050285,
        0.021407192572951317,
        0.6070933938026428,
        -0.010674425400793552,
        0.7945588231086731,
        1.1137737035751343
    ],
    [
        0.7872853875160217,
        0.05857564136385918,
        -0.6138001680374146,
        -0.04196923226118088,
        -0.03997965157032013,
        0.9982320070266724,
        0.043982863426208496,
        0.02331891655921936,
        0.615291178226471,
        -0.01008755061775446,
        0.7882352471351624,
        1.132978081703186
    ],
    [
        0.7816184163093567,
        0.059339553117752075,
        -0.6209279894828796,
        -0.05297272652387619,
        -0.04053725302219391,
        0.998192548751831,
        0.0443652868270874,
        0.025392036885023117,
        0.6224383115768433,
        -0.009506011381745338,
        0.7826110124588013,
        1.1511675119400024
    ],
    [
        0.7761576771736145,
        0.06031585857272148,
        -0.6276475191116333,
        -0.06558988988399506,
        -0.04118746146559715,
        0.9981381297111511,
        0.04498639702796936,
        0.02656891942024231,
        0.6291922926902771,
        -0.00906533095985651,
        0.7771968245506287,
        1.1701200008392334
    ],
    [
        0.7709947228431702,
        0.0609159879386425,
        -0.6339215040206909,
        -0.07851410657167435,
        -0.04146469756960869,
        0.9981043338775635,
        0.04548110440373421,
        0.02767278254032135,
        0.6354902386665344,
        -0.008780332282185555,
        0.7720589637756348,
        1.1914277076721191
    ]
]