[
    [
        0.9994491934776306,
        0.006114374380558729,
        -0.03261720761656761,
        0.02421780675649643,
        -0.005820810794830322,
        0.9999417662620544,
        0.009087665006518364,
        -0.03907441720366478,
        0.03267086669802666,
        -0.008892800658941269,
        0.9994266033172607,
        0.28611046075820923
    ],
    [
        0.999364972114563,
        0.006171519868075848,
        -0.035092875361442566,
        0.02878832072019577,
        -0.0058525316417217255,
        0.9999407529830933,
        0.009185271337628365,
        -0.04109826311469078,
        0.03514747694134712,
        -0.00897405669093132,
        0.9993419051170349,
        0.31392744183540344
    ],
    [
        0.9992461800575256,
        0.006241507828235626,
        -0.038317449390888214,
        0.033985745161771774,
        -0.005878932308405638,
        0.9999369382858276,
        0.009567818604409695,
        -0.04507790505886078,
        0.03837474808096886,
        -0.009335339069366455,
        0.9992197751998901,
        0.3572444021701813
    ],
    [
        0.9991721510887146,
        0.005910718347877264,
        -0.04025121405720711,
        0.03578732907772064,
        -0.005507614929229021,
        0.9999336004257202,
        0.01011822372674942,
        -0.04822492599487305,
        0.040308352559804916,
        -0.009888158179819584,
        0.999138355255127,
        0.39874598383903503
    ],
    [
        0.9991112947463989,
        0.005445702932775021,
        -0.04179761931300163,
        0.03757935017347336,
        -0.005027832463383675,
        0.9999364018440247,
        0.010096096433699131,
        -0.05083420127630234,
        0.04184994474053383,
        -0.009876972995698452,
        0.9990750551223755,
        0.4371705949306488
    ],
    [
        0.9990755915641785,
        0.004600755870342255,
        -0.04274026304483414,
        0.038507129997015,
        -0.004156788811087608,
        0.999936580657959,
        0.010470656678080559,
        -0.05507955700159073,
        0.04278571903705597,
        -0.010283315554261208,
        0.9990313053131104,
        0.47461098432540894
    ],
    [
        0.9990569353103638,
        0.003709132317453623,
        -0.04325820878148079,
        0.039109647274017334,
        -0.0032352537382394075,
        0.9999340176582336,
        0.011019525118172169,
        -0.059330958873033524,
        0.04329622536897659,
        -0.010869181714951992,
        0.9990031123161316,
        0.509113609790802
    ],
    [
        0.9990441203117371,
        0.0027256456669420004,
        -0.04362842068076134,
        0.041185345500707626,
        -0.002242945833131671,
        0.9999357461929321,
        0.011109014973044395,
        -0.0628468319773674,
        0.04365589842200279,
        -0.011000540107488632,
        0.9989860653877258,
        0.5438768863677979
    ],
    [
        0.9990652203559875,
        0.001704585854895413,
        -0.04319339618086815,
        0.04100465774536133,
        -0.001217715092934668,
        0.9999354481697083,
        0.011295691132545471,
        -0.06607991456985474,
        0.04320985823869705,
        -0.011232535354793072,
        0.999002993106842,
        0.5761503577232361
    ],
    [
        0.9990943670272827,
        0.0007651598425582051,
        -0.042541518807411194,
        0.03961850330233574,
        -0.0002812371531035751,
        0.9999352097511292,
        0.011380105279386044,
        -0.06789235025644302,
        0.04254746809601784,
        -0.011357836425304413,
        0.9990299940109253,
        0.5959512591362
    ],
    [
        0.9991265535354614,
        -0.00036526023177430034,
        -0.0417829230427742,
        0.039274800568819046,
        0.0008411596645601094,
        0.99993497133255,
        0.011372776702046394,
        -0.07030569016933441,
        0.04177604988217354,
        -0.01139799039810896,
        0.9990620017051697,
        0.622684121131897
    ],
    [
        0.9991323947906494,
        -0.0018606313969939947,
        -0.04160452261567116,
        0.041662927716970444,
        0.0023293306585401297,
        0.9999344348907471,
        0.011219934560358524,
        -0.0726928561925888,
        0.041580915451049805,
        -0.011307111009955406,
        0.9990711212158203,
        0.647687554359436
    ],
    [
        0.9991472959518433,
        -0.003442722838371992,
        -0.04114323854446411,
        0.04351659491658211,
        0.003900877432897687,
        0.9999312162399292,
        0.0110605014488101,
        -0.07466542720794678,
        0.0411023311316967,
        -0.011211564764380455,
        0.9990921020507812,
        0.6730383038520813
    ],
    [
        0.9991361498832703,
        -0.004932132083922625,
        -0.04126293957233429,
        0.048293765634298325,
        0.005377722904086113,
        0.9999284148216248,
        0.010694787837564945,
        -0.07607603073120117,
        0.04120723530650139,
        -0.010907449759542942,
        0.9990911483764648,
        0.696153461933136
    ],
    [
        0.9991170763969421,
        -0.0060676089487969875,
        -0.041572343558073044,
        0.05360002443194389,
        0.006502098869532347,
        0.9999256730079651,
        0.010324179194867611,
        -0.0770055502653122,
        0.04150661081075668,
        -0.01058537233620882,
        0.9990822076797485,
        0.7188588380813599
    ],
    [
        0.9991195201873779,
        -0.00672029796987772,
        -0.04141306132078171,
        0.05755985155701637,
        0.007146856281906366,
        0.9999228119850159,
        0.010160653851926327,
        -0.07891438901424408,
        0.04134158417582512,
        -0.01044768001884222,
        0.9990904331207275,
        0.7384775280952454
    ],
    [
        0.9991195797920227,
        -0.006853907834738493,
        -0.04139092192053795,
        0.06205892935395241,
        0.007292614784091711,
        0.9999188184738159,
        0.01045744027942419,
        -0.08257890492677689,
        0.04131588339805603,
        -0.010750080458819866,
        0.9990882873535156,
        0.7562363147735596
    ],
    [
        0.9991170167922974,
        -0.006705832667648792,
        -0.04147446155548096,
        0.06529401242733002,
        0.007156761363148689,
        0.9999167919158936,
        0.010733534581959248,
        -0.08496738225221634,
        0.0413990281522274,
        -0.011020881123840809,
        0.9990819692611694,
        0.7687358856201172
    ],
    [
        0.9991262555122375,
        -0.006849182769656181,
        -0.04122745990753174,
        0.0692979171872139,
        0.007337774150073528,
        0.999904453754425,
        0.011711491271853447,
        -0.09004924446344376,
        0.04114331305027008,
        -0.012003777548670769,
        0.9990812540054321,
        0.7892121076583862
    ],
    [
        0.9991393089294434,
        -0.007136166095733643,
        -0.04086153581738472,
        0.07362718880176544,
        0.007633911911398172,
        0.999898374080658,
        0.012038210406899452,
        -0.09243964403867722,
        0.040771473199129105,
        -0.012339781038463116,
        0.9990923404693604,
        0.8102710843086243
    ],
    [
        0.9991679787635803,
        -0.007209539879113436,
        -0.04014077037572861,
        0.0784139409661293,
        0.007699838373810053,
        0.9998974800109863,
        0.012073326855897903,
        -0.0952645093202591,
        0.040049608796834946,
        -0.01237235963344574,
        0.9991211295127869,
        0.8310724496841431
    ],
    [
        0.9992071986198425,
        -0.007393410429358482,
        -0.03911946341395378,
        0.08357381075620651,
        0.007866932079195976,
        0.9998974800109863,
        0.011964436620473862,
        -0.09841415286064148,
        0.03902699053287506,
        -0.012262700125575066,
        0.9991629123687744,
        0.852139949798584
    ],
    [
        0.9992436766624451,
        -0.00732825743034482,
        -0.03818966820836067,
        0.0908329114317894,
        0.0077740405686199665,
        0.9999032616615295,
        0.011537500657141209,
        -0.10232391953468323,
        0.038101423531770706,
        -0.011825661174952984,
        0.9992039799690247,
        0.8730103373527527
    ],
    [
        0.9992992281913757,
        -0.007194140460342169,
        -0.03673161566257477,
        0.09832043200731277,
        0.007619257550686598,
        0.9999054670333862,
        0.01144677959382534,
        -0.10850124806165695,
        0.0366457924246788,
        -0.011718626134097576,
        0.9992596507072449,
        0.8974815011024475
    ],
    [
        0.999374508857727,
        -0.00702926330268383,
        -0.03465921804308891,
        0.10765568166971207,
        0.007418627850711346,
        0.9999107122421265,
        0.011118301190435886,
        -0.11508016288280487,
        0.03457796946167946,
        -0.011368471197783947,
        0.9993372559547424,
        0.9236632585525513
    ]
]