[
    [
        0.9998038411140442,
        -0.001110114622861147,
        -0.01977251097559929,
        -0.03875824436545372,
        0.0014102003769949079,
        0.9998840093612671,
        0.01516942959278822,
        0.002600898966193199,
        0.01975337602198124,
        -0.01519433781504631,
        0.9996894598007202,
        0.4922446608543396
    ],
    [
        0.999765157699585,
        0.003136084880679846,
        -0.021440966054797173,
        -0.14859898388385773,
        -0.0026010216679424047,
        0.9996855854988098,
        0.02493768371641636,
        -0.02075221762061119,
        0.021512432023882866,
        -0.02487606182694435,
        0.9994590878486633,
        0.8498198986053467
    ],
    [
        0.9995205402374268,
        0.004144868813455105,
        -0.030682427808642387,
        -0.2505621612071991,
        -0.0029997171368449926,
        0.9993005394935608,
        0.03727509453892708,
        -0.032565370202064514,
        0.03081546537578106,
        -0.037165187299251556,
        0.998833954334259,
        1.2791441679000854
    ],
    [
        0.9994141459465027,
        0.01293217297643423,
        -0.031686440110206604,
        -0.37720751762390137,
        -0.011504002846777439,
        0.9989275932312012,
        0.04484699293971062,
        -0.038962215185165405,
        0.03223242610692978,
        -0.044456202536821365,
        0.9984911680221558,
        1.6807578802108765
    ],
    [
        0.9995477795600891,
        0.01846279576420784,
        -0.023731248453259468,
        -0.5085808634757996,
        -0.01734323985874653,
        0.9987655282020569,
        0.04654648154973984,
        -0.0739118680357933,
        0.024561326950788498,
        -0.04611385613679886,
        0.9986341595649719,
        2.0956645011901855
    ],
    [
        0.9997442364692688,
        0.0195680670440197,
        -0.011329172179102898,
        -0.5977883338928223,
        -0.019053969532251358,
        0.9988571405410767,
        0.04383399710059166,
        -0.0947737917304039,
        0.012173974886536598,
        -0.04360692575573921,
        0.9989745020866394,
        2.486053705215454
    ],
    [
        0.9997014999389648,
        0.019473884254693985,
        0.014752392657101154,
        -0.715653121471405,
        -0.020009880885481834,
        0.9991111159324646,
        0.037101320922374725,
        -0.1337718665599823,
        -0.014016778208315372,
        -0.03738543763756752,
        0.9992026686668396,
        2.899911880493164
    ],
    [
        0.9980455636978149,
        0.016604110598564148,
        0.06024343892931938,
        -0.8245553970336914,
        -0.01836375519633293,
        0.9994171857833862,
        0.028773222118616104,
        -0.16898798942565918,
        -0.059730399399995804,
        -0.02982328273355961,
        0.9977689385414124,
        3.2812418937683105
    ],
    [
        0.9943472743034363,
        0.01106494851410389,
        0.10559798032045364,
        -0.8863954544067383,
        -0.013195469044148922,
        0.9997228384017944,
        0.019498394802212715,
        -0.18780089914798737,
        -0.10535325109958649,
        -0.02078160084784031,
        0.9942178726196289,
        3.6206655502319336
    ],
    [
        0.9867843985557556,
        0.005734735634177923,
        0.16193722188472748,
        -0.9602463841438293,
        -0.007215627934783697,
        0.9999372363090515,
        0.008558263070881367,
        -0.20515483617782593,
        -0.16187776625156403,
        -0.009613639675080776,
        0.9867640137672424,
        3.976011037826538
    ],
    [
        0.9752314686775208,
        0.0005840243538841605,
        0.22118620574474335,
        -1.0143827199935913,
        -0.0007366156205534935,
        0.9999995231628418,
        0.0006074173143133521,
        -0.23212997615337372,
        -0.22118572890758514,
        -0.0007553005125373602,
        0.975231409072876,
        4.273773193359375
    ],
    [
        0.9583089351654053,
        -0.006571695674210787,
        0.2856583595275879,
        -1.026880145072937,
        0.008624628186225891,
        0.9999452233314514,
        -0.005929154809564352,
        -0.24998806416988373,
        -0.2856038510799408,
        0.008145663887262344,
        0.9583131670951843,
        4.577009677886963
    ],
    [
        0.937943696975708,
        -0.012423384003341198,
        0.3465648889541626,
        -1.0223253965377808,
        0.016889745369553566,
        0.9998085498809814,
        -0.009870065376162529,
        -0.2838488817214966,
        -0.3463760018348694,
        0.015110956504940987,
        0.9379740953445435,
        4.859353542327881
    ],
    [
        0.9155060052871704,
        -0.014669165015220642,
        0.40203675627708435,
        -1.020958423614502,
        0.020470838993787766,
        0.9997391104698181,
        -0.0101379519328475,
        -0.3101242184638977,
        -0.4017832279205322,
        0.017511392012238503,
        0.9155672788619995,
        5.123960018157959
    ],
    [
        0.891261875629425,
        -0.02223626710474491,
        0.45294347405433655,
        -0.9810295104980469,
        0.027203164994716644,
        0.9996199011802673,
        -0.004453826695680618,
        -0.3121550381183624,
        -0.45267224311828613,
        0.016291024163365364,
        0.8915280699729919,
        5.347570896148682
    ],
    [
        0.8717542886734009,
        -0.0278947651386261,
        0.48914864659309387,
        -0.8872025012969971,
        0.0297870934009552,
        0.9995485544204712,
        0.003915256820619106,
        -0.31800219416618347,
        -0.48903703689575195,
        0.011157173663377762,
        0.8721916675567627,
        5.52085018157959
    ],
    [
        0.8542291522026062,
        -0.0288850050419569,
        0.5190936326980591,
        -0.7604110240936279,
        0.02791070006787777,
        0.999563455581665,
        0.009690464474260807,
        -0.3261236846446991,
        -0.5191469192504883,
        0.006210398860275745,
        0.8546624183654785,
        5.686192989349365
    ],
    [
        0.8385289311408997,
        -0.028899818658828735,
        0.544090211391449,
        -0.6410248875617981,
        0.02395075373351574,
        0.9995821118354797,
        0.01618180051445961,
        -0.33954980969429016,
        -0.5443305373191833,
        -0.0005375475739128888,
        0.8388707041740417,
        5.8457536697387695
    ],
    [
        0.8300821781158447,
        -0.02627057582139969,
        0.5570220351219177,
        -0.5024237632751465,
        0.019329871982336044,
        0.999644935131073,
        0.01834017224609852,
        -0.3355323374271393,
        -0.5573059320449829,
        -0.004456682596355677,
        0.8302950859069824,
        5.98902702331543
    ],
    [
        0.8323363065719604,
        -0.023302145302295685,
        0.5537808537483215,
        -0.3317336440086365,
        0.015059471130371094,
        0.999697744846344,
        0.019431091845035553,
        -0.3348773419857025,
        -0.5540662407875061,
        -0.007833557203412056,
        0.8324357271194458,
        6.128969669342041
    ],
    [
        0.8358656167984009,
        -0.01965472660958767,
        0.548582136631012,
        -0.1932712346315384,
        0.010731406509876251,
        0.9997527599334717,
        0.019468097016215324,
        -0.3296552002429962,
        -0.5488292574882507,
        -0.010385647416114807,
        0.8358699679374695,
        6.244865894317627
    ],
    [
        0.8356083631515503,
        -0.016336705535650253,
        0.5490825772285461,
        -0.04499443620443344,
        0.00564750749617815,
        0.9997603893280029,
        0.021151069551706314,
        -0.3278527557849884,
        -0.549296498298645,
        -0.014573055319488049,
        0.8355002999305725,
        6.384057521820068
    ],
    [
        0.8321061730384827,
        -0.015326820313930511,
        0.5544045567512512,
        0.09322662651538849,
        0.0036450691986829042,
        0.999747633934021,
        0.022167706862092018,
        -0.3368200361728668,
        -0.5546044111251831,
        -0.01642504520714283,
        0.8319519758224487,
        6.491596221923828
    ],
    [
        0.8312517404556274,
        -0.017570041120052338,
        0.5556185245513916,
        0.2713851034641266,
        0.005915729328989983,
        0.9997233152389526,
        0.0227633286267519,
        -0.3462861180305481,
        -0.5558647513389587,
        -0.015635168179869652,
        0.8311257362365723,
        6.596586227416992
    ],
    [
        0.8313602805137634,
        -0.019943609833717346,
        0.555375874042511,
        0.4345858693122864,
        0.008190108463168144,
        0.9996870160102844,
        0.023638859391212463,
        -0.34494468569755554,
        -0.5556735396385193,
        -0.015103822574019432,
        0.8312634229660034,
        6.713337421417236
    ]
]