[
    [
        0.9984034895896912,
        -0.017907755449414253,
        0.0535702221095562,
        0.22282110154628754,
        0.017597699537873268,
        0.9998255372047424,
        0.0062539950013160706,
        -0.07163431495428085,
        -0.053672872483730316,
        -0.005301297176629305,
        0.998544454574585,
        0.5892125964164734
    ],
    [
        0.9982266426086426,
        -0.016834167763590813,
        0.05709619075059891,
        0.2691573202610016,
        0.016282513737678528,
        0.9998162984848022,
        0.01011335663497448,
        -0.08830996602773666,
        -0.05725594982504845,
        -0.009165753610432148,
        0.9983174800872803,
        0.7193793058395386
    ],
    [
        0.998149573802948,
        -0.016376828774809837,
        0.058559101074934006,
        0.3138783872127533,
        0.015669023618102074,
        0.9997987151145935,
        0.012525868602097034,
        -0.098763108253479,
        -0.058752454817295074,
        -0.01158512756228447,
        0.998205304145813,
        0.8780202269554138
    ],
    [
        0.9985030889511108,
        -0.01495317928493023,
        0.05261160060763359,
        0.3634893596172333,
        0.01444428600370884,
        0.9998452067375183,
        0.010039652697741985,
        -0.09208156168460846,
        -0.05275359004735947,
        -0.009264684282243252,
        0.9985644817352295,
        1.0271114110946655
    ],
    [
        0.9993142485618591,
        -0.012345915660262108,
        0.03490767255425453,
        0.41323551535606384,
        0.012311350554227829,
        0.9999234676361084,
        0.0012049623765051365,
        -0.06825408339500427,
        -0.03491988405585289,
        -0.0007743750466033816,
        0.9993897676467896,
        1.1462000608444214
    ],
    [
        0.9999516606330872,
        -0.009818214923143387,
        0.0005088552134111524,
        0.4846591055393219,
        0.009821786545217037,
        0.9999231100082397,
        -0.007570434827357531,
        -0.043903086334466934,
        -0.0004344887565821409,
        0.007575066294521093,
        0.9999711513519287,
        1.2635873556137085
    ],
    [
        0.9988501071929932,
        -0.004414502531290054,
        -0.047739725559949875,
        0.5729342103004456,
        0.0038205799646675587,
        0.999914288520813,
        -0.012524942867457867,
        -0.03693515062332153,
        0.04779091849923134,
        0.012328147888183594,
        0.9987813830375671,
        1.362261176109314
    ],
    [
        0.9963304996490479,
        0.002926852786913514,
        -0.08553925156593323,
        0.6177943348884583,
        -0.004160001873970032,
        0.9998899698257446,
        -0.014241487719118595,
        -0.042877018451690674,
        0.08548814803361893,
        0.014545071870088577,
        0.9962330460548401,
        1.4495872259140015
    ],
    [
        0.9913561344146729,
        0.014347529970109463,
        -0.1304115206003189,
        0.6595693230628967,
        -0.01584353856742382,
        0.9998199939727783,
        -0.010441116988658905,
        -0.06639803200960159,
        0.13023822009563446,
        0.012417049147188663,
        0.9914048910140991,
        1.5520745515823364
    ],
    [
        0.9830492734909058,
        0.02513751946389675,
        -0.18161028623580933,
        0.6959333419799805,
        -0.027104919776320457,
        0.9995976686477661,
        -0.008358877152204514,
        -0.08576198667287827,
        0.1813271939754486,
        0.013139721006155014,
        0.983335018157959,
        1.6798545122146606
    ],
    [
        0.9718730449676514,
        0.0370197594165802,
        -0.23257745802402496,
        0.7244731187820435,
        -0.03895736113190651,
        0.9992338418960571,
        -0.003741602413356304,
        -0.10728819668292999,
        0.23226067423820496,
        0.012696969322860241,
        0.9725707173347473,
        1.8009744882583618
    ],
    [
        0.9564278721809387,
        0.04711923375725746,
        -0.2881413996219635,
        0.7671787738800049,
        -0.04861638695001602,
        0.998815655708313,
        0.00196209829300642,
        -0.12644146382808685,
        0.28789258003234863,
        0.012131787836551666,
        0.957585871219635,
        1.9054726362228394
    ],
    [
        0.9332460761070251,
        0.05455002188682556,
        -0.3550718426704407,
        0.8456607460975647,
        -0.056182559579610825,
        0.9984040260314941,
        0.005719427950680256,
        -0.14041584730148315,
        0.35481733083724976,
        0.01461121253669262,
        0.9348214268684387,
        1.9967325925827026
    ],
    [
        0.9106766581535339,
        0.05988411232829094,
        -0.40875640511512756,
        0.9016481041908264,
        -0.062240876257419586,
        0.9980325698852539,
        0.007547231391072273,
        -0.14611300826072693,
        0.408404141664505,
        0.01856827177107334,
        0.9126123189926147,
        2.0692384243011475
    ],
    [
        0.8845273852348328,
        0.06431438773870468,
        -0.4620334208011627,
        0.9493154287338257,
        -0.06793589890003204,
        0.997650682926178,
        0.008813485503196716,
        -0.14955367147922516,
        0.4615148603916168,
        0.023592889308929443,
        0.8868187069892883,
        2.132290840148926
    ],
    [
        0.8523086309432983,
        0.06983344256877899,
        -0.5183562636375427,
        1.0173004865646362,
        -0.07535174489021301,
        0.9971023797988892,
        0.010433265008032322,
        -0.15536712110042572,
        0.517582893371582,
        0.03016669489443302,
        0.8551011085510254,
        2.180187940597534
    ],
    [
        0.816555917263031,
        0.07563545554876328,
        -0.5722900032997131,
        1.0886255502700806,
        -0.08375107496976852,
        0.9964121580123901,
        0.012190774083137512,
        -0.16071917116641998,
        0.5711586475372314,
        0.03797544911503792,
        0.8199607133865356,
        2.2160634994506836
    ],
    [
        0.7815163731575012,
        0.08127805590629578,
        -0.6185676455497742,
        1.153288722038269,
        -0.09226718544960022,
        0.9956323504447937,
        0.014250225387513638,
        -0.15840254724025726,
        0.6170241832733154,
        0.0459367111325264,
        0.785602331161499,
        2.2197794914245605
    ],
    [
        0.7428526878356934,
        0.08698955923318863,
        -0.663779079914093,
        1.2259191274642944,
        -0.10266100615262985,
        0.9945963025093079,
        0.015453167259693146,
        -0.14815236628055573,
        0.6615365743637085,
        0.056664809584617615,
        0.7477690577507019,
        2.2104601860046387
    ],
    [
        0.7055402994155884,
        0.09322191029787064,
        -0.7025115489959717,
        1.2931978702545166,
        -0.11354441940784454,
        0.9933737516403198,
        0.017784789204597473,
        -0.1349635124206543,
        0.6995144486427307,
        0.06721838563680649,
        0.7114500403404236,
        2.1972126960754395
    ],
    [
        0.6613567471504211,
        0.09844522923231125,
        -0.743583083152771,
        1.3684194087982178,
        -0.12357433140277863,
        0.9921037554740906,
        0.02143830806016922,
        -0.12160865217447281,
        0.7398220300674438,
        0.07770942151546478,
        0.6682997345924377,
        2.171206474304199
    ],
    [
        0.6177730560302734,
        0.10146690905094147,
        -0.7797825932502747,
        1.4364949464797974,
        -0.13282430171966553,
        0.9908560514450073,
        0.023703845217823982,
        -0.10373225808143616,
        0.7750575542449951,
        0.08893048018217087,
        0.6256014108657837,
        2.1348512172698975
    ],
    [
        0.5768802165985107,
        0.10312507301568985,
        -0.8102927803993225,
        1.5029535293579102,
        -0.1395673304796219,
        0.9898548722267151,
        0.026614125818014145,
        -0.08578099310398102,
        0.8048169016838074,
        0.09773723781108856,
        0.5854204893112183,
        2.0788393020629883
    ],
    [
        0.5407296419143677,
        0.10431209206581116,
        -0.8347038626670837,
        1.5483808517456055,
        -0.1416301280260086,
        0.9894055724143982,
        0.031895581632852554,
        -0.08124507963657379,
        0.8291876912117004,
        0.10097231715917587,
        0.549774706363678,
        2.027717351913452
    ],
    [
        0.5079861283302307,
        0.10572510212659836,
        -0.8548521399497986,
        1.5654888153076172,
        -0.14275617897510529,
        0.9890475869178772,
        0.03749069198966026,
        -0.0794241800904274,
        0.8494531512260437,
        0.10299066454172134,
        0.5175153613090515,
        1.9930847883224487
    ]
]