[
    [
        0.985144317150116,
        -0.04927210882306099,
        0.16450782120227814,
        -0.09830546379089355,
        0.04626832529902458,
        0.9986857771873474,
        0.02204379066824913,
        -0.10288214683532715,
        -0.16537776589393616,
        -0.014104815199971199,
        0.9861294627189636,
        0.37525084614753723
    ],
    [
        0.9832472205162048,
        -0.05182068049907684,
        0.17475558817386627,
        -0.10162381082773209,
        0.04833819717168808,
        0.9985395073890686,
        0.02412855438888073,
        -0.11013375967741013,
        -0.1757507175207138,
        -0.015276961959898472,
        0.9843161702156067,
        0.4079936444759369
    ],
    [
        0.9810322523117065,
        -0.05428058281540871,
        0.18608982861042023,
        -0.10390844941139221,
        0.05025879666209221,
        0.998390793800354,
        0.02626548707485199,
        -0.11786417663097382,
        -0.18721607327461243,
        -0.016414640471339226,
        0.9821816086769104,
        0.4505801796913147
    ],
    [
        0.9798803329467773,
        -0.055777810513973236,
        0.19163291156291962,
        -0.10089975595474243,
        0.05168763920664787,
        0.9983174204826355,
        0.0262807235121727,
        -0.1206759661436081,
        -0.1927763670682907,
        -0.015846913680434227,
        0.9811148047447205,
        0.48032233119010925
    ],
    [
        0.9780424237251282,
        -0.056246764957904816,
        0.2006719410419464,
        -0.10551436245441437,
        0.0521966926753521,
        0.9983132481575012,
        0.025421123951673508,
        -0.12477414309978485,
        -0.201763316988945,
        -0.01438852772116661,
        0.9793286323547363,
        0.5194754600524902
    ],
    [
        0.9770323038101196,
        -0.0566842183470726,
        0.2054135799407959,
        -0.10625401884317398,
        0.05260298773646355,
        0.9982954859733582,
        0.025279656052589417,
        -0.12899091839790344,
        -0.20649640262126923,
        -0.0138936722651124,
        0.9783486723899841,
        0.5452563762664795
    ],
    [
        0.9761282801628113,
        -0.0562601312994957,
        0.20978175103664398,
        -0.10709883272647858,
        0.05211986228823662,
        0.9983223080635071,
        0.025217071175575256,
        -0.1351652592420578,
        -0.21084854006767273,
        -0.013681300915777683,
        0.9774230122566223,
        0.5800402164459229
    ],
    [
        0.9765857458114624,
        -0.05561623349785805,
        0.2078152894973755,
        -0.09563717991113663,
        0.05130765959620476,
        0.9983425140380859,
        0.026069924235343933,
        -0.14309310913085938,
        -0.20892076194286346,
        -0.014796998351812363,
        0.9778205156326294,
        0.6162785887718201
    ],
    [
        0.9774632453918457,
        -0.05412385240197182,
        0.20404919981956482,
        -0.08409129828214645,
        0.049877893179655075,
        0.9984195232391357,
        0.025898177176713943,
        -0.14774872362613678,
        -0.20512840151786804,
        -0.015136973932385445,
        0.9786179065704346,
        0.6446307301521301
    ],
    [
        0.9789578914642334,
        -0.05187157168984413,
        0.1973598599433899,
        -0.06852321326732635,
        0.04774818196892738,
        0.9985314011573792,
        0.02559756301343441,
        -0.15546663105487823,
        -0.19839778542518616,
        -0.015635360032320023,
        0.9799968004226685,
        0.679547905921936
    ],
    [
        0.980323314666748,
        -0.04928748309612274,
        0.1911463588476181,
        -0.05710211396217346,
        0.04546304792165756,
        0.9986692667007446,
        0.024344777688384056,
        -0.15932272374629974,
        -0.1920918971300125,
        -0.015175657346844673,
        0.9812596440315247,
        0.7062049508094788
    ],
    [
        0.9822826981544495,
        -0.045447979122400284,
        0.18181072175502777,
        -0.04245487228035927,
        0.042060669511556625,
        0.9988629221916199,
        0.022445525974035263,
        -0.1632300466299057,
        -0.18262410163879395,
        -0.014400772750377655,
        0.983077347278595,
        0.7415319681167603
    ],
    [
        0.9848942160606384,
        -0.041872989386320114,
        0.16801747679710388,
        -0.020754219964146614,
        0.03916450962424278,
        0.9990444183349609,
        0.01940317079424858,
        -0.16478826105594635,
        -0.16866938769817352,
        -0.012529750354588032,
        0.9855930209159851,
        0.7724246978759766
    ],
    [
        0.9871561527252197,
        -0.03943636640906334,
        0.1548144370317459,
        -0.0027319916989654303,
        0.03710220754146576,
        0.9991505146026611,
        0.01793886162340641,
        -0.16671958565711975,
        -0.15539038181304932,
        -0.011964499950408936,
        0.9877806901931763,
        0.7988093495368958
    ],
    [
        0.9903287291526794,
        -0.036047935485839844,
        0.13397589325904846,
        0.023039735853672028,
        0.03397635743021965,
        0.9992655515670776,
        0.017717357724905014,
        -0.17362667620182037,
        -0.134516179561615,
        -0.01299399882555008,
        0.9908261895179749,
        0.837399423122406
    ],
    [
        0.9922921657562256,
        -0.032539624720811844,
        0.11957172304391861,
        0.036758698523044586,
        0.030791597440838814,
        0.9993906021118164,
        0.016438115388154984,
        -0.17634443938732147,
        -0.12003375589847565,
        -0.012629611417651176,
        0.9926894307136536,
        0.8654000759124756
    ],
    [
        0.994498610496521,
        -0.027960965409874916,
        0.10094885528087616,
        0.04922735318541527,
        0.026679938659071922,
        0.999545693397522,
        0.014017985202372074,
        -0.17777693271636963,
        -0.10129495710134506,
        -0.011247556656599045,
        0.9947927594184875,
        0.9003861546516418
    ],
    [
        0.9959893822669983,
        -0.024962428957223892,
        0.0859188437461853,
        0.05818915739655495,
        0.023954056203365326,
        0.9996318221092224,
        0.012747524306178093,
        -0.17944949865341187,
        -0.08620541542768478,
        -0.01063829381018877,
        0.9962205290794373,
        0.9257851243019104
    ],
    [
        0.9975574016571045,
        -0.0199979729950428,
        0.0669272318482399,
        0.06686285138130188,
        0.019319914281368256,
        0.9997554421424866,
        0.010763310827314854,
        -0.1808423101902008,
        -0.06712609529495239,
        -0.00944399181753397,
        0.9976997971534729,
        0.9555148482322693
    ],
    [
        0.9989542365074158,
        -0.01562143862247467,
        0.04297063872218132,
        0.08257560431957245,
        0.015192536637187004,
        0.9998317360877991,
        0.010289815254509449,
        -0.1843593865633011,
        -0.04312415048480034,
        -0.009626221843063831,
        0.9990233182907104,
        0.9863787889480591
    ],
    [
        0.9996904134750366,
        -0.013117687776684761,
        0.021140189841389656,
        0.1005130186676979,
        0.012928563170135021,
        0.9998753666877747,
        0.009058226831257343,
        -0.18479833006858826,
        -0.021256381645798683,
        -0.008782105520367622,
        0.999735414981842,
        1.0129258632659912
    ],
    [
        0.99994295835495,
        -0.008764959871768951,
        -0.00611858582124114,
        0.12112578749656677,
        0.008819833397865295,
        0.999920666217804,
        0.00899959821254015,
        -0.18959328532218933,
        0.006039222702383995,
        -0.009053055197000504,
        0.999940812587738,
        1.0402612686157227
    ],
    [
        0.9996339678764343,
        -0.005667715799063444,
        -0.0264520812779665,
        0.13430412113666534,
        0.0058780270628631115,
        0.9999517202377319,
        0.007879674434661865,
        -0.19111379981040955,
        0.026406142860651016,
        -0.00803227536380291,
        0.9996190071105957,
        1.062467336654663
    ],
    [
        0.9986370801925659,
        -0.0016551903681829572,
        -0.05216621607542038,
        0.14730201661586761,
        0.0019432060653343797,
        0.9999832510948181,
        0.005470883101224899,
        -0.1912066787481308,
        0.05215628072619438,
        -0.005564796272665262,
        0.9986234903335571,
        1.089235544204712
    ],
    [
        0.9969763159751892,
        0.001801827340386808,
        -0.07768513262271881,
        0.1585080921649933,
        -0.0015311685856431723,
        0.9999926090240479,
        0.0035434828605502844,
        -0.19222822785377502,
        0.07769093662500381,
        -0.003413816913962364,
        0.996971607208252,
        1.1159917116165161
    ]
]