[
    [
        0.9999682307243347,
        0.007260508835315704,
        0.003319311421364546,
        -0.11024041473865509,
        -0.007277738302946091,
        0.9999600052833557,
        0.0052085090428590775,
        -0.01537779625505209,
        -0.0032813616562634706,
        -0.005232500843703747,
        0.9999809265136719,
        0.39738744497299194
    ],
    [
        0.9999813437461853,
        0.0060452623292803764,
        -0.0009949961677193642,
        -0.1439329981803894,
        -0.00604435708373785,
        0.9999812841415405,
        0.0009105531498789787,
        -0.026491008698940277,
        0.0010004820069298148,
        -0.0009045216720551252,
        0.9999990463256836,
        0.5114397406578064
    ],
    [
        0.9999746084213257,
        0.004225529730319977,
        -0.00573596078902483,
        -0.17604124546051025,
        -0.004256141372025013,
        0.9999767541885376,
        -0.005335093941539526,
        -0.03235284611582756,
        0.005713283084332943,
        0.005359371192753315,
        0.9999693632125854,
        0.6239022612571716
    ],
    [
        0.9999428391456604,
        0.005116181913763285,
        -0.009384718723595142,
        -0.21351154148578644,
        -0.0051902467384934425,
        0.9999554753303528,
        -0.007884777151048183,
        -0.03755704686045647,
        0.009343959391117096,
        0.007933035492897034,
        0.9999247789382935,
        0.7491708993911743
    ],
    [
        0.9998658895492554,
        0.012093202210962772,
        -0.011047513224184513,
        -0.25924772024154663,
        -0.012146404944360256,
        0.9999149441719055,
        -0.004761546850204468,
        -0.05289840325713158,
        0.010988989844918251,
        0.004895095247775316,
        0.9999275207519531,
        0.8877042531967163
    ],
    [
        0.9998093843460083,
        0.015848755836486816,
        -0.01139298640191555,
        -0.29931020736694336,
        -0.015894874930381775,
        0.9998657703399658,
        -0.0039687384851276875,
        -0.06675653904676437,
        0.011328560300171375,
        0.004149072803556919,
        0.999927282333374,
        1.0174529552459717
    ],
    [
        0.9998106956481934,
        0.015502030961215496,
        -0.011762067675590515,
        -0.3324163854122162,
        -0.01557458471506834,
        0.9998601078987122,
        -0.006102234590798616,
        -0.07746785879135132,
        0.011665822006762028,
        0.006284267175942659,
        0.9999121427536011,
        1.1436572074890137
    ],
    [
        0.999800443649292,
        0.01595275104045868,
        -0.01202524732798338,
        -0.3667682707309723,
        -0.016078509390354156,
        0.9998162984848022,
        -0.010434688068926334,
        -0.08857204765081406,
        0.011856576427817345,
        0.01062595285475254,
        0.9998732805252075,
        1.2838102579116821
    ],
    [
        0.9997763633728027,
        0.015293540433049202,
        -0.014603196643292904,
        -0.4008658230304718,
        -0.015585602261126041,
        0.9996764659881592,
        -0.020100027322769165,
        -0.11279906332492828,
        0.014291079714894295,
        0.0203231330960989,
        0.9996913075447083,
        1.4550666809082031
    ],
    [
        0.9997542500495911,
        0.013513656333088875,
        -0.01757323369383812,
        -0.4245198369026184,
        -0.014067444019019604,
        0.9993958473205566,
        -0.031780973076820374,
        -0.1241568922996521,
        0.017133144661784172,
        0.03202037513256073,
        0.9993403553962708,
        1.5914088487625122
    ],
    [
        0.9997395277023315,
        0.01112176664173603,
        -0.019930513575673103,
        -0.4538425803184509,
        -0.011976176872849464,
        0.9989914298057556,
        -0.04327574744820595,
        -0.12769797444343567,
        0.01942911185324192,
        0.04350316897034645,
        0.9988643527030945,
        1.7279834747314453
    ],
    [
        0.9997370839118958,
        0.008638544008135796,
        -0.02124025858938694,
        -0.4901181757450104,
        -0.00971901509910822,
        0.9986358284950256,
        -0.05130358040332794,
        -0.1364896446466446,
        0.020768091082572937,
        0.05149653181433678,
        0.9984571933746338,
        1.8676837682724
    ],
    [
        0.999765157699585,
        0.008017378859221935,
        -0.020131945610046387,
        -0.5305696129798889,
        -0.009089133702218533,
        0.9985145330429077,
        -0.05372204631567001,
        -0.1487296223640442,
        0.019671328365802765,
        0.053892411291599274,
        0.9983530044555664,
        2.017016649246216
    ],
    [
        0.9998165965080261,
        0.0077754477970302105,
        -0.01750219240784645,
        -0.5692906975746155,
        -0.008662497624754906,
        0.9986513257026672,
        -0.0511905737221241,
        -0.15548810362815857,
        0.017080562189221382,
        0.05133280158042908,
        0.9985355138778687,
        2.16788387298584
    ],
    [
        0.9998921155929565,
        0.004727703053504229,
        -0.013907346874475479,
        -0.6054093241691589,
        -0.005354668479412794,
        0.9989546537399292,
        -0.0453953891992569,
        -0.1615147441625595,
        0.013678189367055893,
        0.04546496272087097,
        0.9988722801208496,
        2.323505163192749
    ],
    [
        0.9999467134475708,
        -0.0005444553680717945,
        -0.01031709834933281,
        -0.6441351175308228,
        0.0001610934268683195,
        0.9993106722831726,
        -0.03712233901023865,
        -0.17610497772693634,
        0.01033020205795765,
        0.03711869567632675,
        0.999257504940033,
        2.486884832382202
    ],
    [
        0.9999009370803833,
        -0.010271887294948101,
        -0.009631313383579254,
        -0.6872195601463318,
        0.009987949393689632,
        0.9995272755622864,
        -0.02907923422753811,
        -0.1948443204164505,
        0.00992546509951353,
        0.028980156406760216,
        0.9995306134223938,
        2.682997226715088
    ],
    [
        0.9997887015342712,
        -0.017728254199028015,
        -0.010408462956547737,
        -0.7253621220588684,
        0.017438944429159164,
        0.9994762539863586,
        -0.0272578876465559,
        -0.20020708441734314,
        0.010886250995099545,
        0.02707061357796192,
        0.9995741844177246,
        2.8500559329986572
    ],
    [
        0.9997433423995972,
        -0.020506422966718674,
        -0.009632758796215057,
        -0.7733365297317505,
        0.020245077088475227,
        0.9994441866874695,
        -0.02648693509399891,
        -0.21851977705955505,
        0.010170561261475086,
        0.026285117492079735,
        0.999602735042572,
        3.019805669784546
    ],
    [
        0.9997822046279907,
        -0.01952742040157318,
        -0.007362897973507643,
        -0.8276128768920898,
        0.019298791885375977,
        0.9993653893470764,
        -0.029939327389001846,
        -0.23802581429481506,
        0.007942858152091503,
        0.029790708795189857,
        0.9995245933532715,
        3.185438871383667
    ],
    [
        0.9998109936714172,
        -0.018400048837065697,
        -0.006272812373936176,
        -0.8688082098960876,
        0.018168004229664803,
        0.9992139339447021,
        -0.03523390367627144,
        -0.24824167788028717,
        0.0069161937572062016,
        0.03511328250169754,
        0.9993594288825989,
        3.346797466278076
    ],
    [
        0.9998365044593811,
        -0.01770215481519699,
        -0.003693578066304326,
        -0.9048192501068115,
        0.017540697008371353,
        0.9990485310554504,
        -0.03992944583296776,
        -0.255941241979599,
        0.004396896809339523,
        0.039858128875494,
        0.9991956949234009,
        3.516425848007202
    ],
    [
        0.9998850226402283,
        -0.01513346191495657,
        0.0009011964430101216,
        -0.9426655173301697,
        0.015158197842538357,
        0.9989636540412903,
        -0.04291769117116928,
        -0.27120739221572876,
        -0.00025076972087845206,
        0.04292641580104828,
        0.9990781545639038,
        3.6841468811035156
    ],
    [
        0.9999252557754517,
        -0.010536269284784794,
        0.006193533074110746,
        -0.9773087501525879,
        0.01080671139061451,
        0.9989109039306641,
        -0.045389872044324875,
        -0.2783723771572113,
        -0.005708548706024885,
        0.04545341432094574,
        0.998950183391571,
        3.847205400466919
    ],
    [
        0.9999052286148071,
        -0.0022578842472285032,
        0.01357661560177803,
        -1.0145838260650635,
        0.00285715633071959,
        0.9990149140357971,
        -0.04428456723690033,
        -0.28585806488990784,
        -0.013463160023093224,
        0.04431915283203125,
        0.9989267587661743,
        4.045027256011963
    ]
]