[
    [
        0.992072343826294,
        -0.01012323796749115,
        0.12525886297225952,
        0.17018970847129822,
        0.010822060517966747,
        0.9999294877052307,
        -0.004899811465293169,
        -0.09655087441205978,
        -0.12520043551921844,
        0.0062165274284780025,
        0.9921119213104248,
        0.7520379424095154
    ],
    [
        0.9918320178985596,
        -0.012186035513877869,
        0.12696677446365356,
        0.31318676471710205,
        0.013147260993719101,
        0.9998908638954163,
        -0.006735385395586491,
        -0.12211709469556808,
        -0.12687084078788757,
        0.008349636569619179,
        0.9918839931488037,
        0.9901987910270691
    ],
    [
        0.9922427535057068,
        -0.014514878392219543,
        0.12346545606851578,
        0.5227735042572021,
        0.015316599979996681,
        0.9998672604560852,
        -0.005546752829104662,
        -0.1391887664794922,
        -0.12336855381727219,
        0.007394793909043074,
        0.9923334121704102,
        1.2619892358779907
    ],
    [
        0.9947764277458191,
        -0.015108251012861729,
        0.10095297545194626,
        0.7316777110099792,
        0.015864480286836624,
        0.9998517036437988,
        -0.006692221388220787,
        -0.15358483791351318,
        -0.10083688795566559,
        0.008258827961981297,
        0.9948687553405762,
        1.4840023517608643
    ],
    [
        0.9993200898170471,
        -0.015874680131673813,
        0.033277880400419235,
        1.0297186374664307,
        0.016141660511493683,
        0.9998394846916199,
        -0.007769501302391291,
        -0.14971522986888885,
        -0.033149201422929764,
        0.008301379159092903,
        0.9994158148765564,
        1.714962124824524
    ],
    [
        0.9975700378417969,
        -0.014605890028178692,
        -0.06812410056591034,
        1.2787948846817017,
        0.013992487452924252,
        0.9998572468757629,
        -0.009472646750509739,
        -0.12689091265201569,
        0.06825295835733414,
        0.008496399037539959,
        0.997631847858429,
        1.9477990865707397
    ],
    [
        0.9824321866035461,
        -0.012426312081515789,
        -0.18620581924915314,
        1.501522421836853,
        0.010771026834845543,
        0.9998929500579834,
        -0.0098986541852355,
        -0.14245229959487915,
        0.1863088756799698,
        0.007719133049249649,
        0.9824608564376831,
        2.2426199913024902
    ],
    [
        0.9546765089035034,
        -0.009215190075337887,
        -0.2975025177001953,
        1.6744179725646973,
        0.006475432310253382,
        0.9999271035194397,
        -0.010193460620939732,
        -0.1571243405342102,
        0.29757484793663025,
        0.007804999127984047,
        0.9546665549278259,
        2.5294759273529053
    ],
    [
        0.9196897149085999,
        -0.0070449127815663815,
        -0.3925825357437134,
        1.8220335245132446,
        0.0033324973192065954,
        0.9999430179595947,
        -0.010137094184756279,
        -0.16226626932621002,
        0.39263173937797546,
        0.008014700375497341,
        0.9196608662605286,
        2.825476884841919
    ],
    [
        0.8692499995231628,
        -0.003135462524369359,
        -0.49436289072036743,
        1.8708698749542236,
        -0.0011063998099416494,
        0.9999650716781616,
        -0.008287623524665833,
        -0.14673614501953125,
        0.4943716526031494,
        0.007750978693366051,
        0.8692160844802856,
        3.186504602432251
    ],
    [
        0.814873456954956,
        0.0009090747334994376,
        -0.5796381235122681,
        1.8480323553085327,
        -0.004773425403982401,
        0.999975323677063,
        -0.005142329726368189,
        -0.17170017957687378,
        0.5796192288398743,
        0.006957208272069693,
        0.8148578405380249,
        3.5527520179748535
    ],
    [
        0.751533567905426,
        0.0035210868809372187,
        -0.659685492515564,
        1.7891347408294678,
        -0.0068130712024867535,
        0.9999738931655884,
        -0.002424269914627075,
        -0.18507610261440277,
        0.6596595644950867,
        0.006316401530057192,
        0.7515379190444946,
        3.963348865509033
    ],
    [
        0.6954042911529541,
        0.0048040058463811874,
        -0.71860271692276,
        1.7144657373428345,
        -0.008440086618065834,
        0.9999632835388184,
        -0.0014826542465016246,
        -0.20854419469833374,
        0.7185691595077515,
        0.007096107117831707,
        0.6954193115234375,
        4.378297328948975
    ],
    [
        0.6377010941505432,
        0.00722937285900116,
        -0.7702499032020569,
        1.5549818277359009,
        -0.011350633576512337,
        0.9999356269836426,
        -1.2213059562782291e-05,
        -0.20434220135211945,
        0.7702003121376038,
        0.008750613778829575,
        0.6377421021461487,
        4.72084379196167
    ],
    [
        0.5762614011764526,
        0.009953600354492664,
        -0.8172048330307007,
        1.329398512840271,
        -0.014477548189461231,
        0.9998931288719177,
        0.0019697481766343117,
        -0.24766376614570618,
        0.8171372413635254,
        0.010696029290556908,
        0.5763438940048218,
        5.043067932128906
    ],
    [
        0.5276067852973938,
        0.011918211355805397,
        -0.8494051098823547,
        1.0989021062850952,
        -0.016200710088014603,
        0.9998608827590942,
        0.003966245334595442,
        -0.2420201599597931,
        0.8493342995643616,
        0.011668349616229534,
        0.5277264714241028,
        5.3304948806762695
    ],
    [
        0.46631065011024475,
        0.013286986388266087,
        -0.8845213055610657,
        0.8170357346534729,
        -0.017810741439461708,
        0.9998254776000977,
        0.005629411432892084,
        -0.25490230321884155,
        0.8844417333602905,
        0.013128919526934624,
        0.46646592020988464,
        5.620458126068115
    ],
    [
        0.4194611608982086,
        0.016329417005181313,
        -0.9076263904571533,
        0.4718666970729828,
        -0.02055135741829872,
        0.9997527599334717,
        0.008489047177135944,
        -0.23540326952934265,
        0.9075406193733215,
        0.015092125162482262,
        0.4196930527687073,
        5.817634582519531
    ],
    [
        0.3738441467285156,
        0.01759655401110649,
        -0.9273245334625244,
        0.0845072865486145,
        -0.023355957120656967,
        0.9996815323829651,
        0.009553786367177963,
        -0.23290841281414032,
        0.9271974563598633,
        0.018086930736899376,
        0.3741360604763031,
        5.9637932777404785
    ],
    [
        0.3350506126880646,
        0.018646083772182465,
        -0.942015528678894,
        -0.29969698190689087,
        -0.02406739816069603,
        0.9996472001075745,
        0.011226683855056763,
        -0.18495246767997742,
        0.9418928027153015,
        0.01891035959124565,
        0.33538123965263367,
        6.094160079956055
    ],
    [
        0.2937548756599426,
        0.017916450276970863,
        -0.9557128548622131,
        -0.6411569714546204,
        -0.024352489039301872,
        0.9996400475502014,
        0.011254783719778061,
        -0.11662299185991287,
        0.9555705189704895,
        0.019967839121818542,
        0.29408544301986694,
        6.175563812255859
    ],
    [
        0.26710081100463867,
        0.01878088340163231,
        -0.963485598564148,
        -1.0329750776290894,
        -0.02655980922281742,
        0.999573826789856,
        0.012121334671974182,
        0.0037075660657137632,
        0.9633026719093323,
        0.022352375090122223,
        0.2674858272075653,
        6.199883937835693
    ],
    [
        0.26139307022094727,
        0.01856120489537716,
        -0.9650538563728333,
        -1.356145977973938,
        -0.026897355914115906,
        0.9995667934417725,
        0.01193962711840868,
        0.10218461602926254,
        0.9648576974868774,
        0.022836467251181602,
        0.26177912950515747,
        6.21915340423584
    ],
    [
        0.26075372099876404,
        0.01844005472958088,
        -0.9652292132377625,
        -1.7155354022979736,
        -0.025696242228150368,
        0.9995959997177124,
        0.012154845520853996,
        0.1879485845565796,
        0.9650633931159973,
        0.021633345633745193,
        0.2611221671104431,
        6.289132595062256
    ],
    [
        0.26148521900177,
        0.01909421756863594,
        -0.9650185704231262,
        -2.0514957904815674,
        -0.02372707426548004,
        0.9996293783187866,
        0.013349858112633228,
        0.23183730244636536,
        0.9649157524108887,
        0.019406277686357498,
        0.261841356754303,
        6.392645359039307
    ]
]