[
    [
        0.8316879272460938,
        0.05701040104031563,
        -0.5523089170455933,
        3.7673091888427734,
        -0.07356307655572891,
        0.9972598552703857,
        -0.007834989577531815,
        -1.7725214958190918,
        0.5503486394882202,
        0.04714580625295639,
        0.8336027264595032,
        14.590787887573242
    ],
    [
        0.849190890789032,
        0.05452300235629082,
        -0.5252638459205627,
        3.6815428733825684,
        -0.06845631450414658,
        0.9976286888122559,
        -0.007117873523384333,
        -1.7894448041915894,
        0.5236303806304932,
        0.04200205206871033,
        0.8509095907211304,
        14.665372848510742
    ],
    [
        0.8611432909965515,
        0.051754336804151535,
        -0.5057209134101868,
        3.6030964851379395,
        -0.06912659853696823,
        0.9974854588508606,
        -0.015628604218363762,
        -1.8016862869262695,
        0.5036402940750122,
        0.048417236655950546,
        0.8625556230545044,
        14.754476547241211
    ],
    [
        0.8719975352287292,
        0.05060730129480362,
        -0.4868871867656708,
        3.531383991241455,
        -0.06905637681484222,
        0.9974122643470764,
        -0.02000596933066845,
        -1.822562336921692,
        0.48461490869522095,
        0.051067810505628586,
        0.873235821723938,
        14.841468811035156
    ],
    [
        0.886088490486145,
        0.052639856934547424,
        -0.46051734685897827,
        3.4588372707366943,
        -0.06981819868087769,
        0.9973524212837219,
        -0.020335011184215546,
        -1.8420689105987549,
        0.45822766423225403,
        0.05017111077904701,
        0.887417733669281,
        14.926523208618164
    ],
    [
        0.9015277624130249,
        0.053217560052871704,
        -0.42943641543388367,
        3.385685443878174,
        -0.06875649839639664,
        0.9974178671836853,
        -0.020738201215863228,
        -1.8530617952346802,
        0.42722374200820923,
        0.0482226200401783,
        0.9028588533401489,
        15.009697914123535
    ],
    [
        0.9173848032951355,
        0.051786620169878006,
        -0.39461785554885864,
        3.3132829666137695,
        -0.06227422505617142,
        0.997963547706604,
        -0.013806406408548355,
        -1.879564642906189,
        0.39309918880462646,
        0.037240296602249146,
        0.9187415838241577,
        15.099637031555176
    ],
    [
        0.9266188144683838,
        0.04672671854496002,
        -0.3730875253677368,
        3.262469530105591,
        -0.05682790279388428,
        0.9982540011405945,
        -0.016116062179207802,
        -1.8899813890457153,
        0.3716828525066376,
        0.0361352302134037,
        0.9276562333106995,
        15.189765930175781
    ],
    [
        0.9341560006141663,
        0.03897564485669136,
        -0.3547300100326538,
        3.2170333862304688,
        -0.04965553805232048,
        0.9985445737838745,
        -0.021050119772553444,
        -1.905022382736206,
        0.35339322686195374,
        0.03727841004729271,
        0.9347318410873413,
        15.290177345275879
    ],
    [
        0.9438149333000183,
        0.03150879591703415,
        -0.3289688527584076,
        3.1722025871276855,
        -0.0414394736289978,
        0.9988712072372437,
        -0.023217929527163506,
        -1.9264400005340576,
        0.3278660774230957,
        0.03554572910070419,
        0.9440551996231079,
        15.382243156433105
    ],
    [
        0.9554095268249512,
        0.026769205927848816,
        -0.2940683960914612,
        3.1266300678253174,
        -0.036040689796209335,
        0.999008059501648,
        -0.026153605431318283,
        -1.9389537572860718,
        0.29307666420936584,
        0.03558582067489624,
        0.9554265141487122,
        15.471343994140625
    ],
    [
        0.9671362042427063,
        0.021589146926999092,
        -0.25334078073501587,
        3.0776407718658447,
        -0.02900315821170807,
        0.9992523193359375,
        -0.02556634321808815,
        -1.9485665559768677,
        0.2525992691516876,
        0.03207380697131157,
        0.9670392274856567,
        15.550561904907227
    ],
    [
        0.9773579239845276,
        0.014727883040904999,
        -0.21107976138591766,
        3.01175856590271,
        -0.01909218169748783,
        0.9996436834335327,
        -0.01865278370678425,
        -1.9710524082183838,
        0.21072997152805328,
        0.022260408848524094,
        0.9772909283638,
        15.67148494720459
    ],
    [
        0.9850954413414001,
        0.006532078143209219,
        -0.17188487946987152,
        2.974207639694214,
        -0.009519172832369804,
        0.9998176097869873,
        -0.01655987836420536,
        -1.9751168489456177,
        0.17174504697322845,
        0.01794925518333912,
        0.9849778413772583,
        15.753984451293945
    ],
    [
        0.9920171499252319,
        -0.003212377894669771,
        -0.1260618269443512,
        2.9246792793273926,
        0.001550779095850885,
        0.9999106526374817,
        -0.013277055695652962,
        -1.9867674112319946,
        0.1260928064584732,
        0.012975570745766163,
        0.9919335842132568,
        15.864737510681152
    ],
    [
        0.9971085786819458,
        -0.010412462055683136,
        -0.07527269423007965,
        2.885997772216797,
        0.009764343500137329,
        0.9999120831489563,
        -0.008973164483904839,
        -1.9999170303344727,
        0.07535941153764725,
        0.00821223296225071,
        0.997122585773468,
        15.961771011352539
    ],
    [
        0.999747097492218,
        -0.017121264711022377,
        -0.014574321918189526,
        2.8488447666168213,
        0.01696169376373291,
        0.9997955560684204,
        -0.011003704741597176,
        -2.011258840560913,
        0.014759247191250324,
        0.010753722861409187,
        0.9998332262039185,
        16.052894592285156
    ],
    [
        0.9981215000152588,
        -0.028338154777884483,
        0.05431751906871796,
        2.8146533966064453,
        0.029055479913949966,
        0.9995000958442688,
        -0.012460851110517979,
        -2.031067132949829,
        -0.053937751799821854,
        0.014015664346516132,
        0.9984459280967712,
        16.144489288330078
    ],
    [
        0.9910315871238708,
        -0.0369839109480381,
        0.1284075230360031,
        2.7899906635284424,
        0.03909499943256378,
        0.9991379380226135,
        -0.013957172632217407,
        -2.047271251678467,
        -0.12778064608573914,
        0.01885306090116501,
        0.9916232228279114,
        16.25694465637207
    ],
    [
        0.9823601841926575,
        -0.03764267638325691,
        0.183170884847641,
        2.7803657054901123,
        0.042179424315690994,
        0.9988906979560852,
        -0.020932920277118683,
        -2.055833339691162,
        -0.18217971920967102,
        0.028290627524256706,
        0.9828582406044006,
        16.3543701171875
    ],
    [
        0.9731874465942383,
        -0.03667495772242546,
        0.2270708680152893,
        2.774601697921753,
        0.04381595551967621,
        0.9986885190010071,
        -0.02648635022342205,
        -2.071237325668335,
        -0.22580133378505707,
        0.0357256755232811,
        0.9735180139541626,
        16.449377059936523
    ],
    [
        0.9627699255943298,
        -0.03578174114227295,
        0.26794442534446716,
        2.7744381427764893,
        0.045088596642017365,
        0.9985716938972473,
        -0.02866019681096077,
        -2.086491584777832,
        -0.26653534173965454,
        0.039674434810876846,
        0.9630080461502075,
        16.545604705810547
    ],
    [
        0.9491432905197144,
        -0.03739200532436371,
        0.31261584162712097,
        2.775787353515625,
        0.048145998269319534,
        0.9984821677207947,
        -0.026749182492494583,
        -2.097479820251465,
        -0.31114110350608826,
        0.040440015494823456,
        0.9495029449462891,
        16.640871047973633
    ],
    [
        0.933480441570282,
        -0.042884379625320435,
        0.35605520009994507,
        2.7839643955230713,
        0.0526169091463089,
        0.9984580874443054,
        -0.01768989861011505,
        -2.112363815307617,
        -0.3547474443912506,
        0.03524770215153694,
        0.9342974424362183,
        16.732879638671875
    ],
    [
        0.9158284664154053,
        -0.04569040611386299,
        0.39896202087402344,
        2.8063695430755615,
        0.05462774634361267,
        0.9984456300735474,
        -0.01105442363768816,
        -2.128674268722534,
        -0.3978366553783417,
        0.03191836178302765,
        0.9169009327888489,
        16.833341598510742
    ]
]