[
    [
        0.9933195114135742,
        0.003788330592215061,
        -0.11533437669277191,
        -0.26490119099617004,
        -0.0032533255871385336,
        0.9999830722808838,
        0.0048266202211380005,
        0.01600475423038006,
        0.11535070091485977,
        -0.0044191558845341206,
        0.9933150410652161,
        0.13290417194366455
    ],
    [
        0.9904289245605469,
        0.004208291415125132,
        -0.1379590779542923,
        -0.30472612380981445,
        -0.0035750647075474262,
        0.9999819993972778,
        0.004837434738874435,
        0.018393972888588905,
        0.13797692954540253,
        -0.004297922365367413,
        0.9904261231422424,
        0.16796019673347473
    ],
    [
        0.9854291081428528,
        0.005251742899417877,
        -0.17000555992126465,
        -0.3551384210586548,
        -0.004595904611051083,
        0.9999803900718689,
        0.0042510442435741425,
        0.02434275485575199,
        0.1700245589017868,
        -0.0034077728632837534,
        0.9854339361190796,
        0.22095538675785065
    ],
    [
        0.9806841611862183,
        0.0059255980886518955,
        -0.19550801813602448,
        -0.38931068778038025,
        -0.005416859872639179,
        0.9999804496765137,
        0.00313671980984509,
        0.029845962300896645,
        0.19552280008792877,
        -0.002017092192545533,
        0.9806970357894897,
        0.2603040337562561
    ],
    [
        0.9728980660438538,
        0.006502008065581322,
        -0.23114299774169922,
        -0.42913928627967834,
        -0.006080601364374161,
        0.9999783039093018,
        0.0025354940444231033,
        0.03242472559213638,
        0.23115447163581848,
        -0.0010612886399030685,
        0.9729164242744446,
        0.30735117197036743
    ],
    [
        0.9658451080322266,
        0.006681919097900391,
        -0.25903400778770447,
        -0.4566175937652588,
        -0.006207809783518314,
        0.9999772310256958,
        0.0026482415851205587,
        0.03291240334510803,
        0.25904580950737,
        -0.00094975670799613,
        0.9658645391464233,
        0.3405216932296753
    ],
    [
        0.9548208713531494,
        0.006920595187693834,
        -0.2971014380455017,
        -0.4894852340221405,
        -0.005981673952192068,
        0.9999738335609436,
        0.004069278482347727,
        0.03037918731570244,
        0.2971218228340149,
        -0.0021082679741084576,
        0.9548372626304626,
        0.3846624195575714
    ],
    [
        0.9453182816505432,
        0.007360508199781179,
        -0.32606619596481323,
        -0.5124692916870117,
        -0.005807522684335709,
        0.9999666810035706,
        0.005735969636589289,
        0.027832986786961555,
        0.3260975182056427,
        -0.0035286799538880587,
        0.9453296065330505,
        0.4215681850910187
    ],
    [
        0.9309024810791016,
        0.00948349665850401,
        -0.3651444911956787,
        -0.5390374660491943,
        -0.006580940447747707,
        0.9999361038208008,
        0.009192735888063908,
        0.0198849868029356,
        0.36520832777023315,
        -0.0061545465141534805,
        0.9309054017066956,
        0.473641574382782
    ],
    [
        0.9189866185188293,
        0.011290288530290127,
        -0.39412692189216614,
        -0.5606756806373596,
        -0.007349715102463961,
        0.9999068379402161,
        0.011506312526762486,
        0.016056543216109276,
        0.39422011375427246,
        -0.007677427493035793,
        0.918984055519104,
        0.5177178382873535
    ],
    [
        0.9018434882164001,
        0.013371333479881287,
        -0.4318559765815735,
        -0.5882599949836731,
        -0.008347718045115471,
        0.9998737573623657,
        0.01352605689316988,
        0.012745551764965057,
        0.43198227882385254,
        -0.008593373000621796,
        0.9018411636352539,
        0.5727316737174988
    ],
    [
        0.8889167308807373,
        0.015518609434366226,
        -0.4578058123588562,
        -0.6088882088661194,
        -0.009343679063022137,
        0.999832272529602,
        0.01574959047138691,
        0.010129979811608791,
        0.4579734802246094,
        -0.009722485207021236,
        0.8889127373695374,
        0.6071264147758484
    ],
    [
        0.871085524559021,
        0.018320083618164062,
        -0.4907894432544708,
        -0.640229344367981,
        -0.01067446544766426,
        0.9997742176055908,
        0.018373610451817513,
        0.00931776873767376,
        0.4910152852535248,
        -0.010766071267426014,
        0.8710843920707703,
        0.653056263923645
    ],
    [
        0.857354462146759,
        0.0207781083881855,
        -0.5143069624900818,
        -0.6666672825813293,
        -0.011643371544778347,
        0.9997121095657349,
        0.02097897045314312,
        0.005178297869861126,
        0.5145947933197021,
        -0.011998144909739494,
        0.8573494553565979,
        0.6859545707702637
    ],
    [
        0.8391206860542297,
        0.024984516203403473,
        -0.5433710217475891,
        -0.7090415358543396,
        -0.013632236048579216,
        0.9995967745780945,
        0.02490995265543461,
        0.0015186938690021634,
        0.5437743067741394,
        -0.013495095074176788,
        0.839123010635376,
        0.7325945496559143
    ],
    [
        0.8253867030143738,
        0.028529347851872444,
        -0.5638464689254761,
        -0.7468400001525879,
        -0.015443278476595879,
        0.9994896054267883,
        0.027965247631072998,
        -0.0005619934527203441,
        0.5643565654754639,
        -0.01437450759112835,
        0.825406014919281,
        0.7728816866874695
    ],
    [
        0.8067640662193298,
        0.03341420367360115,
        -0.5899280905723572,
        -0.7997411489486694,
        -0.017501531168818474,
        0.9993129968643188,
        0.03266778215765953,
        -0.006389324087649584,
        0.5906144380569458,
        -0.016030550003051758,
        0.8067946434020996,
        0.8272189497947693
    ],
    [
        0.7929946184158325,
        0.03694167360663414,
        -0.6081076860427856,
        -0.8419246077537537,
        -0.019268613308668137,
        0.9991813898086548,
        0.0355718694627285,
        -0.008420512080192566,
        0.6089239716529846,
        -0.016490906476974487,
        0.7930570840835571,
        0.8679352402687073
    ],
    [
        0.7747862935066223,
        0.04358784481883049,
        -0.6307188272476196,
        -0.8992228507995605,
        -0.02304982580244541,
        0.9989048838615417,
        0.04071769490838051,
        -0.013664424419403076,
        0.6318027973175049,
        -0.01700955256819725,
        0.7749424576759338,
        0.9194728136062622
    ],
    [
        0.7610142827033997,
        0.048952002078294754,
        -0.6468856334686279,
        -0.9385048747062683,
        -0.026029694825410843,
        0.998650074005127,
        0.044949132949113846,
        -0.02055184543132782,
        0.648212730884552,
        -0.01736868917942047,
        0.7612611055374146,
        0.9511634111404419
    ],
    [
        0.7422955632209778,
        0.05745817348361015,
        -0.6676045656204224,
        -0.9900191426277161,
        -0.031053248792886734,
        0.9981961250305176,
        0.05138346925377846,
        -0.03017086535692215,
        0.669352650642395,
        -0.017410436645150185,
        0.74274080991745,
        0.9912193417549133
    ],
    [
        0.7283582091331482,
        0.06221531331539154,
        -0.682366132736206,
        -1.0286740064620972,
        -0.03310469165444374,
        0.9979014992713928,
        0.05564853549003601,
        -0.03507024794816971,
        0.6843963861465454,
        -0.01794254779815674,
        0.7288893461227417,
        1.0213578939437866
    ],
    [
        0.7104516625404358,
        0.06770189851522446,
        -0.7004818916320801,
        -1.078450322151184,
        -0.035708460956811905,
        0.9975475668907166,
        0.06019674614071846,
        -0.03349549323320389,
        0.7028395533561707,
        -0.01775374449789524,
        0.7111268043518066,
        1.0579543113708496
    ],
    [
        0.6970104575157166,
        0.07025554776191711,
        -0.7136108875274658,
        -1.1073672771453857,
        -0.03570478409528732,
        0.9973546862602234,
        0.06331615149974823,
        -0.03628169000148773,
        0.716171383857727,
        -0.018652699887752533,
        0.6976750493049622,
        1.077406644821167
    ],
    [
        0.6792075634002686,
        0.07390396296977997,
        -0.7302159667015076,
        -1.1474660634994507,
        -0.036506589502096176,
        0.9970877766609192,
        0.06695716828107834,
        -0.03351827710866928,
        0.7330377697944641,
        -0.01882012188434601,
        0.6799274682998657,
        1.1066879034042358
    ]
]