[
    [
        0.9931561350822449,
        -0.02249973826110363,
        0.11460647732019424,
        0.17661236226558685,
        0.022179540246725082,
        0.9997457265853882,
        0.004068444948643446,
        -0.04813747480511665,
        -0.11466888338327408,
        -0.0014986814931035042,
        0.9934025406837463,
        0.48845675587654114
    ],
    [
        0.991631031036377,
        -0.025151124224066734,
        0.12662991881370544,
        0.21362511813640594,
        0.024594223126769066,
        0.9996798038482666,
        0.005959689151495695,
        -0.05763768404722214,
        -0.1267392486333847,
        -0.0027954501565545797,
        0.9919320940971375,
        0.5554413199424744
    ],
    [
        0.9888426065444946,
        -0.026664527133107185,
        0.1465582698583603,
        0.26065298914909363,
        0.025760814547538757,
        0.9996355772018433,
        0.008061114698648453,
        -0.06844355911016464,
        -0.1467198133468628,
        -0.004195713438093662,
        0.9891692399978638,
        0.6555860042572021
    ],
    [
        0.985275387763977,
        -0.028841963037848473,
        0.16852450370788574,
        0.3060433864593506,
        0.027316035702824593,
        0.9995622634887695,
        0.011366399936378002,
        -0.08293085545301437,
        -0.16877858340740204,
        -0.006595612969249487,
        0.9856318235397339,
        0.7545064091682434
    ],
    [
        0.9813675284385681,
        -0.029560532420873642,
        0.18985243141651154,
        0.3528215289115906,
        0.027278628200292587,
        0.9995208978652954,
        0.014621938578784466,
        -0.09741786122322083,
        -0.19019371271133423,
        -0.00917058251798153,
        0.9817036986351013,
        0.8497171998023987
    ],
    [
        0.9784115552902222,
        -0.03024621680378914,
        0.20444072782993317,
        0.3834651708602905,
        0.027277138084173203,
        0.9994776844978333,
        0.017326069995760918,
        -0.10776746273040771,
        -0.20485800504684448,
        -0.011375468224287033,
        0.9787254929542542,
        0.9143174290657043
    ],
    [
        0.9734526872634888,
        -0.03170459344983101,
        0.22668221592903137,
        0.426813006401062,
        0.027521740645170212,
        0.9993879795074463,
        0.021590067073702812,
        -0.1259753555059433,
        -0.22722798585891724,
        -0.014778218232095242,
        0.9737294316291809,
        1.0119853019714355
    ],
    [
        0.968367338180542,
        -0.03257400542497635,
        0.24739371240139008,
        0.47528961300849915,
        0.027139754965901375,
        0.9993102550506592,
        0.025345368310809135,
        -0.14368164539337158,
        -0.24804867804050446,
        -0.017829421907663345,
        0.9685834646224976,
        1.1123360395431519
    ],
    [
        0.9627951979637146,
        -0.031903233379125595,
        0.2683424651622772,
        0.5232172608375549,
        0.02563517913222313,
        0.9993112087249756,
        0.02683078683912754,
        -0.1582423448562622,
        -0.2690136134624481,
        -0.01895354501903057,
        0.9629498720169067,
        1.2139164209365845
    ],
    [
        0.9585724472999573,
        -0.032463498413562775,
        0.28299325704574585,
        0.5521247386932373,
        0.025630293413996696,
        0.9992843270301819,
        0.02781614102423191,
        -0.16909092664718628,
        -0.28369373083114624,
        -0.01941058225929737,
        0.9587185382843018,
        1.2818297147750854
    ],
    [
        0.951655387878418,
        -0.034260403364896774,
        0.3052509129047394,
        0.5938096642494202,
        0.02655542455613613,
        0.9992160797119141,
        0.02935924381017685,
        -0.1867140829563141,
        -0.30601751804351807,
        -0.019833816215395927,
        0.951819121837616,
        1.3823200464248657
    ],
    [
        0.9428461790084839,
        -0.04072762653231621,
        0.33073002099990845,
        0.6278311014175415,
        0.03127097338438034,
        0.9989370703697205,
        0.03386635333299637,
        -0.20853693783283234,
        -0.33175772428512573,
        -0.021588513627648354,
        0.943117618560791,
        1.4827070236206055
    ],
    [
        0.933424711227417,
        -0.04784037917852402,
        0.35556939244270325,
        0.6556791067123413,
        0.03621293231844902,
        0.9985714554786682,
        0.039289094507694244,
        -0.23325292766094208,
        -0.3569410443305969,
        -0.023797200992703438,
        0.9338237643241882,
        1.572433352470398
    ],
    [
        0.927229642868042,
        -0.05466587096452713,
        0.3704818785190582,
        0.6735761165618896,
        0.04106346517801285,
        0.9981646537780762,
        0.044510338455438614,
        -0.2516709566116333,
        -0.37223508954048157,
        -0.02605803869664669,
        0.9277726411819458,
        1.6219098567962646
    ],
    [
        0.9184774160385132,
        -0.06376750767230988,
        0.39029860496520996,
        0.7075061798095703,
        0.046948373317718506,
        0.9975171089172363,
        0.05249354615807533,
        -0.27244800329208374,
        -0.3926768898963928,
        -0.02989025227725506,
        0.9191905856132507,
        1.7002688646316528
    ],
    [
        0.9099833965301514,
        -0.0729033425450325,
        0.4081853926181793,
        0.7448307871818542,
        0.05261329188942909,
        0.9967663884162903,
        0.060733161866664886,
        -0.29136985540390015,
        -0.4112931787967682,
        -0.033790189772844315,
        0.9108765721321106,
        1.7788076400756836
    ],
    [
        0.9023144245147705,
        -0.07892434298992157,
        0.42379194498062134,
        0.7864006161689758,
        0.05669073760509491,
        0.9962841868400574,
        0.06483889371156693,
        -0.30541807413101196,
        -0.4273345172405243,
        -0.03447999060153961,
        0.9034357666969299,
        1.8517485857009888
    ],
    [
        0.8983256816864014,
        -0.08133585751056671,
        0.43173545598983765,
        0.8180567026138306,
        0.058866411447525024,
        0.9961357116699219,
        0.06517961621284485,
        -0.31024935841560364,
        -0.4353685975074768,
        -0.03313780948519707,
        0.8996422290802002,
        1.8990647792816162
    ],
    [
        0.8937652707099915,
        -0.08389288932085037,
        0.44061964750289917,
        0.8709205985069275,
        0.06189662590622902,
        0.9960229396820068,
        0.06408743560314178,
        -0.3203255236148834,
        -0.44424372911453247,
        -0.03000625967979431,
        0.8954034447669983,
        1.9633402824401855
    ],
    [
        0.8903125524520874,
        -0.08556503802537918,
        0.44723832607269287,
        0.9324781894683838,
        0.06481219828128815,
        0.9959986209869385,
        0.0615321546792984,
        -0.3289235830307007,
        -0.45071378350257874,
        -0.025796344503760338,
        0.8922957181930542,
        2.0384130477905273
    ],
    [
        0.8868718147277832,
        -0.09192860126495361,
        0.45277759432792664,
        1.0003389120101929,
        0.07258971780538559,
        0.9955586791038513,
        0.05994676798582077,
        -0.33510348200798035,
        -0.4562775194644928,
        -0.020298101007938385,
        0.8896059393882751,
        2.1491267681121826
    ],
    [
        0.8850938677787781,
        -0.09492824971675873,
        0.45562851428985596,
        1.0473426580429077,
        0.07662568241357803,
        0.9953409433364868,
        0.05852363631129265,
        -0.34278059005737305,
        -0.45906132459640503,
        -0.016886064782738686,
        0.8882440328598022,
        2.2189838886260986
    ],
    [
        0.8828142881393433,
        -0.09419337660074234,
        0.46018096804618835,
        1.1150908470153809,
        0.07794696092605591,
        0.9954814910888672,
        0.054228853434324265,
        -0.3571270704269409,
        -0.4632096588611603,
        -0.0120043084025383,
        0.8861674666404724,
        2.315235137939453
    ],
    [
        0.8812602162361145,
        -0.09294607490301132,
        0.46340203285217285,
        1.1777366399765015,
        0.07810942083597183,
        0.9956315159797668,
        0.05115495249629021,
        -0.37193021178245544,
        -0.4661323130130768,
        -0.008884764276444912,
        0.8846704959869385,
        2.3964295387268066
    ],
    [
        0.8794872164726257,
        -0.09319166839122772,
        0.46670928597450256,
        1.2354710102081299,
        0.07937006652355194,
        0.9956285357475281,
        0.04923690855503082,
        -0.38511353731155396,
        -0.46925756335258484,
        -0.006260471884161234,
        0.8830392360687256,
        2.472365140914917
    ]
]