[
    [
        0.9593825936317444,
        -0.054952021688222885,
        -0.2767046093940735,
        -0.9724087715148926,
        0.05463843420147896,
        0.998466968536377,
        -0.008849221281707287,
        -0.025762537494301796,
        0.27676674723625183,
        -0.006628920324146748,
        0.9609142541885376,
        -0.22454498708248138
    ],
    [
        0.9589869976043701,
        -0.05527445301413536,
        -0.27800866961479187,
        -0.9759036302566528,
        0.054798197001218796,
        0.998452365398407,
        -0.00948950182646513,
        -0.0252574160695076,
        0.27810293436050415,
        -0.006134063005447388,
        0.9605316519737244,
        -0.22589828073978424
    ],
    [
        0.958259105682373,
        -0.055702708661556244,
        -0.2804221510887146,
        -0.9829302430152893,
        0.05522296577692032,
        0.9984277486801147,
        -0.009618397802114487,
        -0.0257031861692667,
        0.28051698207855225,
        -0.006268824450671673,
        0.9598285555839539,
        -0.22783415019512177
    ],
    [
        0.957729160785675,
        -0.05629368871450424,
        -0.2821098268032074,
        -0.9855652451515198,
        0.05557632818818092,
        0.9983986616134644,
        -0.010550804436206818,
        -0.02456461451947689,
        0.2822520136833191,
        -0.00557381147518754,
        0.959324061870575,
        -0.2288883477449417
    ],
    [
        0.9568142294883728,
        -0.05690314248204231,
        -0.2850760221481323,
        -0.9921545386314392,
        0.05611802637577057,
        0.9983643293380737,
        -0.010928787291049957,
        -0.02454959601163864,
        0.2852315902709961,
        -0.00554108340293169,
        0.9584426283836365,
        -0.2313746064901352
    ],
    [
        0.956368088722229,
        -0.05727174133062363,
        -0.28649622201919556,
        -0.9955843091011047,
        0.05622951686382294,
        0.9983473420143127,
        -0.011870919726788998,
        -0.023512527346611023,
        0.28670263290405273,
        -0.0047565787099301815,
        0.9580078721046448,
        -0.232746884226799
    ],
    [
        0.9555243253707886,
        -0.05772436410188675,
        -0.28920778632164,
        -1.0021098852157593,
        0.056530799716711044,
        0.9983227252960205,
        -0.012485815212130547,
        -0.0231032632291317,
        0.2894434928894043,
        -0.004418648313730955,
        0.9571849703788757,
        -0.23498095571994781
    ],
    [
        0.9551151394844055,
        -0.057979196310043335,
        -0.29050546884536743,
        -1.0053287744522095,
        0.05673794820904732,
        0.9983083605766296,
        -0.012701421044766903,
        -0.02312479354441166,
        0.2907504439353943,
        -0.004351366311311722,
        0.9567890167236328,
        -0.23603804409503937
    ],
    [
        0.9544110298156738,
        -0.058443814516067505,
        -0.2927178144454956,
        -1.0123049020767212,
        0.05680965259671211,
        0.9982856512069702,
        -0.014088161289691925,
        -0.02164699323475361,
        0.29303932189941406,
        -0.0031833003740757704,
        0.9560950398445129,
        -0.2383064478635788
    ],
    [
        0.9538983702659607,
        -0.058977026492357254,
        -0.29427802562713623,
        -1.0149656534194946,
        0.05704975873231888,
        0.9982565641403198,
        -0.015137143433094025,
        -0.020434046164155006,
        0.29465770721435547,
        -0.0023491939064115286,
        0.9556000232696533,
        -0.23941649496555328
    ],
    [
        0.9530201554298401,
        -0.059597939252853394,
        -0.2969859540462494,
        -1.021972417831421,
        0.057434942573308945,
        0.9982208013534546,
        -0.016011714935302734,
        -0.01998109370470047,
        0.29741182923316956,
        -0.001797883422113955,
        0.9547476172447205,
        -0.24175068736076355
    ],
    [
        0.952564537525177,
        -0.060005176812410355,
        -0.2983625829219818,
        -1.0252010822296143,
        0.05757962539792061,
        0.9981975555419922,
        -0.0169213879853487,
        -0.01899479329586029,
        0.29884013533592224,
        -0.001060890150256455,
        0.9543025493621826,
        -0.24318818747997284
    ],
    [
        0.9517236948013306,
        -0.06068500131368637,
        -0.3008977472782135,
        -1.032180666923523,
        0.057969074696302414,
        0.9981568455696106,
        -0.017954982817173004,
        -0.018195662647485733,
        0.3014327585697174,
        -0.000354582181898877,
        0.9534873962402344,
        -0.24566924571990967
    ],
    [
        0.9511703848838806,
        -0.06120092421770096,
        -0.30253806710243225,
        -1.0348881483078003,
        0.05817357823252678,
        0.9981253147125244,
        -0.019016483798623085,
        -0.01702682301402092,
        0.3031347393989563,
        0.0004881955683231354,
        0.9529476165771484,
        -0.24710798263549805
    ],
    [
        0.9504192471504211,
        -0.06157265976071358,
        -0.3048148453235626,
        -1.0419061183929443,
        0.05861261859536171,
        0.9981026649475098,
        -0.018861524760723114,
        -0.01781490631401539,
        0.30539780855178833,
        6.036243212292902e-05,
        0.9522249102592468,
        -0.24963776767253876
    ],
    [
        0.9500064849853516,
        -0.062158290296792984,
        -0.3059803545475006,
        -1.045252799987793,
        0.0587276890873909,
        0.9980652332305908,
        -0.020414214581251144,
        -0.015750747174024582,
        0.30665725469589233,
        0.0014241209719330072,
        0.9518188238143921,
        -0.2509128153324127
    ],
    [
        0.9490162134170532,
        -0.06311594694852829,
        -0.3088439404964447,
        -1.0514932870864868,
        0.059178080409765244,
        0.9980024695396423,
        -0.022111201658844948,
        -0.013970616273581982,
        0.309622585773468,
        0.0027070981450378895,
        0.9508556127548218,
        -0.2533779740333557
    ],
    [
        0.9486820101737976,
        -0.06335525214672089,
        -0.30981990694999695,
        -1.0557217597961426,
        0.05938322842121124,
        0.9979873895645142,
        -0.022244969382882118,
        -0.014104747213423252,
        0.31060561537742615,
        0.002705299761146307,
        0.950534999370575,
        -0.25493746995925903
    ],
    [
        0.9478843808174133,
        -0.06416228413581848,
        -0.31208717823028564,
        -1.0636706352233887,
        0.05977724492549896,
        0.997932493686676,
        -0.02360786683857441,
        -0.012859010137617588,
        0.31295669078826904,
        0.00372181530110538,
        0.9497601389884949,
        -0.2579340934753418
    ],
    [
        0.9473719596862793,
        -0.06466132402420044,
        -0.31353670358657837,
        -1.0670819282531738,
        0.06013410538434982,
        0.9978993535041809,
        -0.024099666625261307,
        -0.01252655778080225,
        0.3144364356994629,
        0.003977098967880011,
        0.9492702484130859,
        -0.2592358887195587
    ],
    [
        0.9464982151985168,
        -0.06527900695800781,
        -0.3160378038883209,
        -1.0745435953140259,
        0.06040279567241669,
        0.9978556036949158,
        -0.025211822241544724,
        -0.011716698296368122,
        0.31700587272644043,
        0.004773374646902084,
        0.9484115242958069,
        -0.2622060477733612
    ],
    [
        0.9460178017616272,
        -0.06559813022613525,
        -0.3174070715904236,
        -1.0778863430023193,
        0.060770973563194275,
        0.997836172580719,
        -0.025096366181969643,
        -0.012310445308685303,
        0.31836655735969543,
        0.004452470224350691,
        0.9479572772979736,
        -0.26316699385643005
    ],
    [
        0.9451767802238464,
        -0.0663227066397667,
        -0.31975314021110535,
        -1.084983468055725,
        0.06137834116816521,
        0.9977880716323853,
        -0.025527840480208397,
        -0.012578709982335567,
        0.32073894143104553,
        0.004502405878156424,
        0.9471569657325745,
        -0.2660515606403351
    ],
    [
        0.9447040557861328,
        -0.0668184831738472,
        -0.32104459404945374,
        -1.088472604751587,
        0.06162266805768013,
        0.9977521300315857,
        -0.026329973712563515,
        -0.0118821170181036,
        0.3220822811126709,
        0.005090407095849514,
        0.946698009967804,
        -0.2672775387763977
    ],
    [
        0.9436059594154358,
        -0.0676393136382103,
        -0.32408761978149414,
        -1.0955053567886353,
        0.06210038438439369,
        0.9976933002471924,
        -0.027415407821536064,
        -0.01130770891904831,
        0.32519441843032837,
        0.005743373651057482,
        0.9456297159194946,
        -0.27019044756889343
    ]
]