[
    [
        0.9999914169311523,
        0.003741991939023137,
        -0.0018079198198392987,
        -0.06310869008302689,
        -0.0037351660430431366,
        0.9999859929084778,
        0.0037639655638486147,
        -0.00016407365910708904,
        0.0018219784833490849,
        -0.003757180878892541,
        0.9999912977218628,
        0.0037058384623378515
    ],
    [
        0.9999912977218628,
        0.003838974516838789,
        -0.001664236537180841,
        -0.06578479707241058,
        -0.0038327237125486135,
        0.9999856352806091,
        0.0037433335091918707,
        -0.0001478753547417,
        0.0016785828629508615,
        -0.0037369218189269304,
        0.9999916553497314,
        0.0035867972765117884
    ],
    [
        0.9999908208847046,
        0.0040895286947488785,
        -0.0013435789151117206,
        -0.07113680988550186,
        -0.004084455780684948,
        0.9999845623970032,
        0.0037573715671896935,
        -0.00011646259372355416,
        0.001358924200758338,
        -0.0037518483586609364,
        0.9999920129776001,
        0.0030873161740601063
    ],
    [
        0.9999902248382568,
        0.004261563532054424,
        -0.0012431710492819548,
        -0.07405028492212296,
        -0.004256917629390955,
        0.999984085559845,
        0.0037162129301577806,
        -0.00016265652084257454,
        0.0012589881662279367,
        -0.003710884368047118,
        0.9999923706054688,
        0.002795041771605611
    ],
    [
        0.9999889135360718,
        0.004637534264475107,
        -0.0008850678568705916,
        -0.08004403114318848,
        -0.004634291864931583,
        0.9999826550483704,
        0.003630728228017688,
        8.98093858268112e-05,
        0.000901890336535871,
        -0.003626585938036442,
        0.999993085861206,
        0.002545349532738328
    ],
    [
        0.9999877214431763,
        0.0049337707459926605,
        -0.00062339729629457,
        -0.0856165662407875,
        -0.004931489937007427,
        0.9999812841415405,
        0.0036088868509978056,
        0.00010956607002299279,
        0.0006411907961592078,
        -0.0036057669203728437,
        0.9999933242797852,
        0.0020867865532636642
    ],
    [
        0.9999869465827942,
        0.005091531202197075,
        -0.0004310552030801773,
        -0.0884115993976593,
        -0.005089971236884594,
        0.9999808073043823,
        0.0035427745897322893,
        0.0002650258247740567,
        0.00044908589916303754,
        -0.003540533594787121,
        0.9999936819076538,
        0.0018837389070540667
    ],
    [
        0.9999853372573853,
        0.005428171716630459,
        -0.00011000296217389405,
        -0.09347082674503326,
        -0.005427751690149307,
        0.9999791383743286,
        0.0035082409158349037,
        0.00035095633938908577,
        0.0001290430227527395,
        -0.0035075913183391094,
        0.9999938011169434,
        0.0015724154654890299
    ],
    [
        0.999984085559845,
        0.00564734498038888,
        0.00016959133790805936,
        -0.09831952303647995,
        -0.005647917743772268,
        0.9999775290489197,
        0.0035920466762036085,
        0.00017029387527145445,
        -0.0001493016752647236,
        -0.0035929474979639053,
        0.9999935626983643,
        0.0011830941075459123
    ],
    [
        0.9999830722808838,
        0.005806718021631241,
        0.00038211356149986386,
        -0.10051696747541428,
        -0.005808038171380758,
        0.9999768733978271,
        0.0035494582261890173,
        0.00038233050145208836,
        -0.0003614944580476731,
        -0.003551617730408907,
        0.9999936819076538,
        0.001100894995033741
    ],
    [
        0.9999809861183167,
        0.006141149904578924,
        0.0005862278048880398,
        -0.10523553937673569,
        -0.006143124308437109,
        0.9999752640724182,
        0.003428237745538354,
        0.0006016807164996862,
        -0.0005651601823046803,
        -0.0034317728132009506,
        0.9999939203262329,
        0.0006249730940908194
    ],
    [
        0.999980092048645,
        0.00627010827884078,
        0.0008217166760005057,
        -0.10746406018733978,
        -0.006272884551435709,
        0.9999744296073914,
        0.003421108704060316,
        0.0006753335474058986,
        -0.0008002453832887113,
        -0.0034261951223015785,
        0.9999938011169434,
        0.000606525398325175
    ],
    [
        0.9999786615371704,
        0.006457593757659197,
        0.000993569614365697,
        -0.11188909411430359,
        -0.0064609721302986145,
        0.9999732971191406,
        0.003434870857745409,
        0.0006582440109923482,
        -0.0009713623439893126,
        -0.003441217355430126,
        0.9999935626983643,
        0.00030132755637168884
    ],
    [
        0.9999762177467346,
        0.006794570945203304,
        0.0012241363292559981,
        -0.116607166826725,
        -0.006798621267080307,
        0.999971330165863,
        0.0033363797701895237,
        0.0008761801291257143,
        -0.0012014327803626657,
        -0.0033446226734668016,
        0.9999936819076538,
        -3.036130510736257e-05
    ],
    [
        0.9999750852584839,
        0.006927811075001955,
        0.0013645908329635859,
        -0.11877360194921494,
        -0.006932418327778578,
        0.9999701380729675,
        0.0034003781620413065,
        0.0008152616792358458,
        -0.0013409930979833007,
        -0.003409752156585455,
        0.9999933242797852,
        -0.00017530300829093903
    ],
    [
        0.9999725222587585,
        0.007225312292575836,
        0.0016356038395315409,
        -0.12331965565681458,
        -0.007230445742607117,
        0.9999688863754272,
        0.0031548873521387577,
        0.0013417522422969341,
        -0.0016127589624375105,
        -0.0031666276045143604,
        0.9999936819076538,
        -0.0005550033529289067
    ],
    [
        0.9999703764915466,
        0.007483172696083784,
        0.0018597595626488328,
        -0.12777279317378998,
        -0.00748912338167429,
        0.9999667406082153,
        0.0032134074717760086,
        0.0011882740072906017,
        -0.001835650997236371,
        -0.003227240638807416,
        0.9999932050704956,
        -0.0008804589160718024
    ],
    [
        0.9999696016311646,
        0.007556879427284002,
        0.001954055158421397,
        -0.12974700331687927,
        -0.007563208695501089,
        0.9999661445617676,
        0.0032527593430131674,
        0.0011850094888359308,
        -0.0019294071244075894,
        -0.003267439315095544,
        0.999992847442627,
        -0.0008792892913334072
    ],
    [
        0.9999667406082153,
        0.007857621647417545,
        0.00219142297282815,
        -0.1341121792793274,
        -0.007864621467888355,
        0.9999639391899109,
        0.003203435568138957,
        0.0013154929038137197,
        -0.002166172256693244,
        -0.003220563754439354,
        0.9999923706054688,
        -0.0012688799761235714
    ],
    [
        0.9999657273292542,
        0.007945893332362175,
        0.0023488032165914774,
        -0.1362570971250534,
        -0.007953613065183163,
        0.9999629855155945,
        0.0032958276569843292,
        0.0011689444072544575,
        -0.0023225275799632072,
        -0.0033143952023237944,
        0.999991774559021,
        -0.001385867828503251
    ],
    [
        0.9999634623527527,
        0.0081743523478508,
        0.0025469078682363033,
        -0.140620619058609,
        -0.008182474412024021,
        0.9999613761901855,
        0.0031956490129232407,
        0.0013859261525794864,
        -0.0025206878781318665,
        -0.003216371638700366,
        0.9999916553497314,
        -0.0016698010731488466
    ],
    [
        0.9999603629112244,
        0.008443628437817097,
        0.0028372351080179214,
        -0.14512500166893005,
        -0.008452448062598705,
        0.9999594688415527,
        0.003110859077423811,
        0.0017201048322021961,
        -0.002810853533446789,
        -0.0031347163021564484,
        0.9999911785125732,
        -0.001851423759944737
    ],
    [
        0.9999590516090393,
        0.00857166200876236,
        0.0029120699036866426,
        -0.14759103953838348,
        -0.008580729365348816,
        0.9999582767486572,
        0.003116013016551733,
        0.0016741427825763822,
        -0.0028852385003119707,
        -0.0031408730428665876,
        0.9999909400939941,
        -0.002042842097580433
    ],
    [
        0.9999562501907349,
        0.008825661614537239,
        0.003115997649729252,
        -0.15234696865081787,
        -0.00883529894053936,
        0.9999561309814453,
        0.003092316910624504,
        0.0018090398516505957,
        -0.0030885690357536077,
        -0.0031197124626487494,
        0.9999904632568359,
        -0.0024150540120899677
    ],
    [
        0.99995356798172,
        0.009061616845428944,
        0.0032932106405496597,
        -0.15696382522583008,
        -0.009071936830878258,
        0.9999539852142334,
        0.0031322166323661804,
        0.0018346618162468076,
        -0.0032646753825247288,
        -0.003161946078762412,
        0.9999896287918091,
        -0.0027004436124116182
    ]
]