[
    [
        0.97601717710495,
        -0.0066667902283370495,
        0.21759122610092163,
        -0.08078213781118393,
        0.008170120418071747,
        0.9999485015869141,
        -0.00601003086194396,
        -0.00011631360393948853,
        -0.217539981007576,
        0.007643640507012606,
        0.9760214686393738,
        0.5768465399742126
    ],
    [
        0.9740047454833984,
        -0.007647993043065071,
        0.22639818489551544,
        -0.08564016222953796,
        0.00945146381855011,
        0.9999316334724426,
        -0.006883004680275917,
        0.0008014308987185359,
        -0.22633005678653717,
        0.008843873627483845,
        0.9740105271339417,
        0.6020413041114807
    ],
    [
        0.9720579385757446,
        -0.008846010081470013,
        0.2345740795135498,
        -0.08938948810100555,
        0.010814597830176353,
        0.9999162554740906,
        -0.007107121869921684,
        -0.0004802426556125283,
        -0.23449158668518066,
        0.009445358999073505,
        0.9720723032951355,
        0.6286063194274902
    ],
    [
        0.9700551629066467,
        -0.010260050185024738,
        0.24266797304153442,
        -0.09384976327419281,
        0.012401501648128033,
        0.9998964071273804,
        -0.007298663724213839,
        -0.0007463435176759958,
        -0.24256795644760132,
        0.010089552961289883,
        0.9700820446014404,
        0.6539360880851746
    ],
    [
        0.9680051803588867,
        -0.01162433810532093,
        0.25066086649894714,
        -0.09703344106674194,
        0.01372101902961731,
        0.9998839497566223,
        -0.006618620362132788,
        -0.0028284303843975067,
        -0.2505548596382141,
        0.009846179746091366,
        0.9680524468421936,
        0.6818202137947083
    ],
    [
        0.964727520942688,
        -0.013847781345248222,
        0.2628859281539917,
        -0.10252536088228226,
        0.01625262014567852,
        0.9998435378074646,
        -0.006975407712161541,
        -0.003600716358050704,
        -0.26274821162223816,
        0.011001953855156898,
        0.9648016691207886,
        0.724000096321106
    ],
    [
        0.962497889995575,
        -0.015352343209087849,
        0.2708542048931122,
        -0.10573576390743256,
        0.017660466954112053,
        0.9998254179954529,
        -0.006086290348321199,
        -0.005369890946894884,
        -0.2707135081291199,
        0.010641452856361866,
        0.9626011848449707,
        0.7528610229492188
    ],
    [
        0.9603049159049988,
        -0.017359167337417603,
        0.2784118950366974,
        -0.10825702548027039,
        0.019456271082162857,
        0.9997993111610413,
        -0.004770871251821518,
        -0.009586717933416367,
        -0.27827322483062744,
        0.009998348541557789,
        0.9604499340057373,
        0.7816177010536194
    ],
    [
        0.9578423500061035,
        -0.018652256578207016,
        0.2866882085800171,
        -0.1127297580242157,
        0.020846694707870483,
        0.9997721910476685,
        -0.004603761713951826,
        -0.010618291795253754,
        -0.2865369915962219,
        0.010386178269982338,
        0.9580128788948059,
        0.8093173503875732
    ],
    [
        0.9554540514945984,
        -0.01999298296868801,
        0.2944616675376892,
        -0.11668640375137329,
        0.022271525114774704,
        0.999742329120636,
        -0.004386269487440586,
        -0.010939046740531921,
        -0.29429808259010315,
        0.010748989880084991,
        0.9556533098220825,
        0.836626410484314
    ],
    [
        0.9519129395484924,
        -0.022029101848602295,
        0.305575430393219,
        -0.12210271507501602,
        0.02437744475901127,
        0.9996953010559082,
        -0.003870780114084482,
        -0.012211297638714314,
        -0.30539706349372864,
        0.01113379467278719,
        0.9521599411964417,
        0.8768407106399536
    ],
    [
        0.949421226978302,
        -0.022847162559628487,
        0.31317275762557983,
        -0.12699836492538452,
        0.02531285025179386,
        0.9996722936630249,
        -0.0038090187590569258,
        -0.011531858704984188,
        -0.31298306584358215,
        0.011543656699359417,
        0.9496886134147644,
        0.9032278656959534
    ],
    [
        0.9468464255332947,
        -0.023756306618452072,
        0.32080766558647156,
        -0.13291707634925842,
        0.02633623033761978,
        0.9996462464332581,
        -0.003704594913870096,
        -0.010864799842238426,
        -0.32060617208480835,
        0.01195654645562172,
        0.9471371173858643,
        0.9296323657035828
    ],
    [
        0.9443172216415405,
        -0.02432510256767273,
        0.32813602685928345,
        -0.13818883895874023,
        0.02684207819402218,
        0.9996348023414612,
        -0.0031426562927663326,
        -0.010571709834039211,
        -0.3279397189617157,
        0.011775517836213112,
        0.944625198841095,
        0.956595778465271
    ],
    [
        0.9414688944816589,
        -0.0251825712621212,
        0.33615779876708984,
        -0.1451241821050644,
        0.02769356034696102,
        0.9996129274368286,
        -0.00267673353664577,
        -0.011288159526884556,
        -0.3359602391719818,
        0.011829467490315437,
        0.9418017864227295,
        0.9858919382095337
    ],
    [
        0.9372552633285522,
        -0.025934988632798195,
        0.3476778268814087,
        -0.15626725554466248,
        0.028281113132834435,
        0.999598503112793,
        -0.0016740892315283418,
        -0.012315325438976288,
        -0.34749487042427063,
        0.01140176597982645,
        0.9376125931739807,
        1.0285147428512573
    ],
    [
        0.9345383048057556,
        -0.025954725220799446,
        0.35491490364074707,
        -0.1642242670059204,
        0.028298471122980118,
        0.999598503112793,
        -0.0014135686215013266,
        -0.011526900343596935,
        -0.35473567247390747,
        0.011364581994712353,
        0.9348976016044617,
        1.0554486513137817
    ],
    [
        0.9316244125366211,
        -0.026658695191144943,
        0.3624434769153595,
        -0.1733332872390747,
        0.02900959923863411,
        0.9995785355567932,
        -0.0010445434600114822,
        -0.011855506338179111,
        -0.36226287484169006,
        0.011487461626529694,
        0.9320052266120911,
        1.0829817056655884
    ],
    [
        0.9286063313484192,
        -0.02752581797540188,
        0.37004420161247253,
        -0.1831192970275879,
        0.029991377145051956,
        0.9995496869087219,
        -0.0009100495371967554,
        -0.013319237157702446,
        -0.36985254287719727,
        0.011943214572966099,
        0.9290136694908142,
        1.109972596168518
    ],
    [
        0.9257122278213501,
        -0.028156569227576256,
        0.37717923521995544,
        -0.19202329218387604,
        0.03051176853477955,
        0.9995344281196594,
        -0.00026952021289616823,
        -0.014966756105422974,
        -0.37699607014656067,
        0.011757904663681984,
        0.9261401891708374,
        1.135223627090454
    ],
    [
        0.9211781620979309,
        -0.02888444997370243,
        0.3880675435066223,
        -0.20312854647636414,
        0.031475652009248734,
        0.9995045065879822,
        -0.00032094077323563397,
        -0.01652209833264351,
        -0.38786596059799194,
        0.012510323897004128,
        0.9216307997703552,
        1.1729977130889893
    ],
    [
        0.9181029200553894,
        -0.03036281280219555,
        0.39517733454704285,
        -0.2104787826538086,
        0.0331658311188221,
        0.9994497895240784,
        -0.00026200333377346396,
        -0.017188141122460365,
        -0.3949519693851471,
        0.013346930034458637,
        0.9186047911643982,
        1.1973966360092163
    ],
    [
        0.9149692058563232,
        -0.03184080868959427,
        0.4022655487060547,
        -0.2169502079486847,
        0.034730199724435806,
        0.9993966817855835,
        0.00011071791959693655,
        -0.01846291683614254,
        -0.40202629566192627,
        0.013869456946849823,
        0.9155229926109314,
        1.2220332622528076
    ],
    [
        0.9117791652679443,
        -0.03330250084400177,
        0.4093283712863922,
        -0.22278280556201935,
        0.036415934562683105,
        0.9993366003036499,
        0.00018840523262042552,
        -0.018433330580592155,
        -0.4090631306171417,
        0.014734290540218353,
        0.9123870730400085,
        1.2454168796539307
    ],
    [
        0.9066512584686279,
        -0.03522850200533867,
        0.42040756344795227,
        -0.23024994134902954,
        0.03858444094657898,
        0.9992552995681763,
        0.0005224393680691719,
        -0.01835477538406849,
        -0.42011284828186035,
        0.015747519209980965,
        0.9073352217674255,
        1.2822612524032593
    ]
]