[
    [
        0.9961797595024109,
        0.025500979274511337,
        -0.08351940661668777,
        -0.04676404595375061,
        -0.02486860379576683,
        0.999653697013855,
        0.008603369817137718,
        -0.09479907155036926,
        0.08370988070964813,
        -0.006493492517620325,
        0.9964690208435059,
        0.5141649842262268
    ],
    [
        0.995553195476532,
        0.027553755789995193,
        -0.09008114784955978,
        -0.04773234948515892,
        -0.026907648891210556,
        0.9996028542518616,
        0.00837925635278225,
        -0.09722808748483658,
        0.09027626365423203,
        -0.005918123293668032,
        0.9958991408348083,
        0.5389857888221741
    ],
    [
        0.994896650314331,
        0.029290638864040375,
        -0.09655454009771347,
        -0.049656979739665985,
        -0.028576117008924484,
        0.9995532035827637,
        0.00877497997134924,
        -0.10120193660259247,
        0.09676841646432877,
        -0.005971044301986694,
        0.9952889680862427,
        0.5619504451751709
    ],
    [
        0.9942293763160706,
        0.03171045705676079,
        -0.10248104482889175,
        -0.0541718490421772,
        -0.03093590773642063,
        0.9994796514511108,
        0.009138903580605984,
        -0.10585497319698334,
        0.10271751880645752,
        -0.005915823858231306,
        0.994692862033844,
        0.5829088687896729
    ],
    [
        0.9925740957260132,
        0.03778756409883499,
        -0.11562332510948181,
        -0.06304074078798294,
        -0.03719719499349594,
        0.9992815256118774,
        0.007260141894221306,
        -0.10945455729961395,
        0.11581458896398544,
        -0.002905364381149411,
        0.9932667016983032,
        0.6284517645835876
    ],
    [
        0.9916345477104187,
        0.0401604138314724,
        -0.12267053872346878,
        -0.06563343107700348,
        -0.039547864347696304,
        0.999190092086792,
        0.0074251797050237656,
        -0.1142408475279808,
        0.12286938726902008,
        -0.002511705970391631,
        0.9924196600914001,
        0.6494646072387695
    ],
    [
        0.9907315373420715,
        0.042873989790678024,
        -0.12889091670513153,
        -0.07256414741277695,
        -0.04238690435886383,
        0.9990799427032471,
        0.006521015893667936,
        -0.11557275056838989,
        0.12905192375183105,
        -0.0009972883854061365,
        0.9916372895240784,
        0.6677797436714172
    ],
    [
        0.989693284034729,
        0.045314304530620575,
        -0.13584506511688232,
        -0.0774531364440918,
        -0.04494704306125641,
        0.9989727139472961,
        0.00577102554962039,
        -0.11676153540611267,
        0.13596700131893158,
        0.0003942887997254729,
        0.9907132387161255,
        0.6887513399124146
    ],
    [
        0.9874589443206787,
        0.0510377399623394,
        -0.14939872920513153,
        -0.08774379640817642,
        -0.050945114344358444,
        0.9986915588378906,
        0.004449500702321529,
        -0.12092456221580505,
        0.14943033456802368,
        0.003217436373233795,
        0.9887669682502747,
        0.7241597771644592
    ],
    [
        0.9862643480300903,
        0.053739577531814575,
        -0.1561879962682724,
        -0.09426068514585495,
        -0.053745198994874954,
        0.9985458254814148,
        0.004190250765532255,
        -0.12469233572483063,
        0.1561860591173172,
        0.004261658526957035,
        0.9877184629440308,
        0.7418415546417236
    ],
    [
        0.9850384593009949,
        0.056288108229637146,
        -0.1628827452659607,
        -0.10112461447715759,
        -0.056387949734926224,
        0.998400866985321,
        0.00401390390470624,
        -0.1280679851770401,
        0.16284821927547455,
        0.00523077417165041,
        0.9866372346878052,
        0.7578506469726562
    ],
    [
        0.9836844801902771,
        0.05901113525032997,
        -0.16994887590408325,
        -0.1071392223238945,
        -0.059171825647354126,
        0.9982393383979797,
        0.00412376131862402,
        -0.13281360268592834,
        0.16989299654960632,
        0.005999705288559198,
        0.9854442477226257,
        0.7741732597351074
    ],
    [
        0.9810176491737366,
        0.06410415470600128,
        -0.1830165982246399,
        -0.12435253709554672,
        -0.0646004006266594,
        0.9979059100151062,
        0.0032553323544561863,
        -0.13743390142917633,
        0.18284203112125397,
        0.008629408665001392,
        0.9831044673919678,
        0.803977906703949
    ],
    [
        0.979657769203186,
        0.06585952639579773,
        -0.18956032395362854,
        -0.13261371850967407,
        -0.06645845621824265,
        0.9977840781211853,
        0.00320235057733953,
        -0.13986818492412567,
        0.1893511712551117,
        0.00946067925542593,
        0.9818638563156128,
        0.8183439373970032
    ],
    [
        0.9783881306648254,
        0.06797347962856293,
        -0.19528533518314362,
        -0.14483733475208282,
        -0.0686105266213417,
        0.9976373314857483,
        0.003508537309244275,
        -0.14483921229839325,
        0.19506241381168365,
        0.00996591616421938,
        0.9807403087615967,
        0.8303331732749939
    ],
    [
        0.976548433303833,
        0.07019767165184021,
        -0.2035326063632965,
        -0.14646898210048676,
        -0.07098918408155441,
        0.9974712133407593,
        0.0034185857512056828,
        -0.14778561890125275,
        0.20325790345668793,
        0.011110196821391582,
        0.9790621995925903,
        0.8469514846801758
    ],
    [
        0.9731855392456055,
        0.07460571080446243,
        -0.21758659183979034,
        -0.16069477796554565,
        -0.07562057673931122,
        0.9971299171447754,
        0.0036708556581288576,
        -0.1549222469329834,
        0.21723595261573792,
        0.012881599366664886,
        0.9760342240333557,
        0.8715086579322815
    ],
    [
        0.9711785316467285,
        0.07675305008888245,
        -0.22565729916095734,
        -0.16304491460323334,
        -0.07794146984815598,
        0.9969512820243835,
        0.003651374951004982,
        -0.1578654795885086,
        0.22524958848953247,
        0.014041927643120289,
        0.9741999506950378,
        0.8858752250671387
    ],
    [
        0.9691665768623352,
        0.07851166278123856,
        -0.2335638552904129,
        -0.16536366939544678,
        -0.07979901880025864,
        0.9968031644821167,
        0.003948089201003313,
        -0.16090025007724762,
        0.233127161860466,
        0.014811811037361622,
        0.9723334908485413,
        0.8975952863693237
    ],
    [
        0.96699059009552,
        0.08007514476776123,
        -0.241903156042099,
        -0.16738852858543396,
        -0.08158052712678909,
        0.9966594576835632,
        0.0038033430464565754,
        -0.16226649284362793,
        0.2413996160030365,
        0.016056790947914124,
        0.9702929854393005,
        0.9122320413589478
    ],
    [
        0.9627315998077393,
        0.08354797214269638,
        -0.25723087787628174,
        -0.172963485121727,
        -0.08508619666099548,
        0.9963602423667908,
        0.005165399517863989,
        -0.17233753204345703,
        0.25672614574432373,
        0.01691390387713909,
        0.966336190700531,
        0.9305718541145325
    ],
    [
        0.9605574607849121,
        0.08453316986560822,
        -0.2649216651916504,
        -0.17742851376533508,
        -0.08600760996341705,
        0.9962761402130127,
        0.006051315926015377,
        -0.17733629047870636,
        0.2644466757774353,
        0.01697264239192009,
        0.964250922203064,
        0.9414811134338379
    ],
    [
        0.9582244157791138,
        0.08588209748268127,
        -0.27281877398490906,
        -0.1835663914680481,
        -0.08764424175024033,
        0.9961352348327637,
        0.0057449620217084885,
        -0.1774449646472931,
        0.27225783467292786,
        0.018406031653285027,
        0.9620482921600342,
        0.9570689797401428
    ],
    [
        0.9558365941047668,
        0.08687601238489151,
        -0.28076499700546265,
        -0.19170069694519043,
        -0.08857577294111252,
        0.9960472583770752,
        0.006655555218458176,
        -0.18249721825122833,
        0.2802334129810333,
        0.01850735768675804,
        0.9597534537315369,
        0.975456178188324
    ],
    [
        0.9479836225509644,
        0.0897827222943306,
        -0.3053949177265167,
        -0.2179836481809616,
        -0.09160847961902618,
        0.995759904384613,
        0.008378286845982075,
        -0.19383692741394043,
        0.3048522174358368,
        0.02003427967429161,
        0.9521889090538025,
        1.037094235420227
    ]
]