[
    [
        0.9963370561599731,
        0.008475428447127342,
        -0.0850915014743805,
        -0.08654802292585373,
        -0.008665375411510468,
        0.999960720539093,
        -0.0018631747225299478,
        -0.059906624257564545,
        0.08507236838340759,
        0.0025936991441994905,
        0.9963713884353638,
        0.11880532652139664
    ],
    [
        0.9934704303741455,
        0.01220006961375475,
        -0.11343617737293243,
        -0.13538134098052979,
        -0.012226752005517483,
        0.9999250769615173,
        0.0004605269350577146,
        -0.0905129611492157,
        0.11343330144882202,
        0.0009294359479099512,
        0.9935452938079834,
        0.18680967390537262
    ],
    [
        0.9905912280082703,
        0.01518202293664217,
        -0.13600951433181763,
        -0.19833621382713318,
        -0.0151893962174654,
        0.9998841285705566,
        0.0009836329845711589,
        -0.1153874322772026,
        0.13600869476795197,
        0.0010915237944573164,
        0.9907070398330688,
        0.2946639358997345
    ],
    [
        0.9881917238235474,
        0.01809031516313553,
        -0.1521504819393158,
        -0.2867676317691803,
        -0.017948992550373077,
        0.9998362064361572,
        0.0023023795802146196,
        -0.16305185854434967,
        0.1521672159433365,
        0.0004557547508738935,
        0.9883546829223633,
        0.4374202787876129
    ],
    [
        0.9871032238006592,
        0.01963350549340248,
        -0.15887592732906342,
        -0.35699647665023804,
        -0.019143471494317055,
        0.9998060464859009,
        0.0046143801882863045,
        -0.19787411391735077,
        0.15893572568893433,
        -0.001513432594947517,
        0.9872877597808838,
        0.5645949244499207
    ],
    [
        0.9865594506263733,
        0.020685818046331406,
        -0.16208823025226593,
        -0.44984200596809387,
        -0.020451487973332405,
        0.9997860193252563,
        0.003114245366305113,
        -0.21858622133731842,
        0.16211797297000885,
        0.00024255833704955876,
        0.9867714047431946,
        0.6961743831634521
    ],
    [
        0.98671555519104,
        0.022035829722881317,
        -0.16095587611198425,
        -0.5890311598777771,
        -0.021590281277894974,
        0.9997566938400269,
        0.0045167673379182816,
        -0.2274695485830307,
        0.16101624071598053,
        -0.0009816813981160522,
        0.9869512319564819,
        0.8602551817893982
    ],
    [
        0.9871596097946167,
        0.022374222055077553,
        -0.15816214680671692,
        -0.7055419087409973,
        -0.02202446013689041,
        0.9997495412826538,
        0.003964035306125879,
        -0.2525862157344818,
        0.15821124613285065,
        -0.0004297009436413646,
        0.9874051213264465,
        0.9787881374359131
    ],
    [
        0.9889597296714783,
        0.02052822709083557,
        -0.14675545692443848,
        -0.8041295409202576,
        -0.020083589479327202,
        0.9997881054878235,
        0.004511011764407158,
        -0.25313812494277954,
        0.14681695401668549,
        -0.0015138349262997508,
        0.9891624450683594,
        1.1167666912078857
    ],
    [
        0.9914244413375854,
        0.01910676620900631,
        -0.129276841878891,
        -0.9082601070404053,
        -0.01851685345172882,
        0.9998118877410889,
        0.00576370395720005,
        -0.2442435622215271,
        0.12936264276504517,
        -0.0033204786013811827,
        0.9915918111801147,
        1.2906688451766968
    ],
    [
        0.9952267408370972,
        0.012919842265546322,
        -0.09673042595386505,
        -0.9922540783882141,
        -0.012666754424571991,
        0.9999146461486816,
        0.0032300616148859262,
        -0.24621665477752686,
        0.09676388651132584,
        -0.0019893841817975044,
        0.9953054189682007,
        1.4246028661727905
    ],
    [
        0.9991707801818848,
        0.005959297996014357,
        -0.04027726128697395,
        -1.0918127298355103,
        -0.005940635222941637,
        0.9999822974205017,
        0.0005836061900481582,
        -0.23875123262405396,
        0.04028001427650452,
        -0.00034385270555503666,
        0.9991883635520935,
        1.5256707668304443
    ],
    [
        0.9984093308448792,
        -0.00441933935508132,
        0.0562056340277195,
        -1.2380226850509644,
        0.004513166379183531,
        0.9999886155128479,
        -0.0015427654143422842,
        -0.2396542727947235,
        -0.056198056787252426,
        0.0017939785029739141,
        0.9984179735183716,
        1.6412537097930908
    ],
    [
        0.9836827516555786,
        -0.02058805525302887,
        0.17873011529445648,
        -1.347393274307251,
        0.020785609260201454,
        0.9997836351394653,
        0.0007674117223359644,
        -0.22337989509105682,
        -0.1787073165178299,
        0.0029601252172142267,
        0.9838978052139282,
        1.7589062452316284
    ],
    [
        0.9546632766723633,
        -0.03604330122470856,
        0.29549792408943176,
        -1.4316684007644653,
        0.03695748373866081,
        0.9993137121200562,
        0.002492801286280155,
        -0.20312021672725677,
        -0.2953849136829376,
        0.008541072718799114,
        0.9553402066230774,
        1.8940635919570923
    ],
    [
        0.8976529836654663,
        -0.054831258952617645,
        0.4372785985469818,
        -1.539928913116455,
        0.05621393397450447,
        0.9983706474304199,
        0.009790808893740177,
        -0.21379126608371735,
        -0.4371030032634735,
        0.015792399644851685,
        0.8992727994918823,
        2.027003526687622
    ],
    [
        0.8248008489608765,
        -0.0691317617893219,
        0.5611812472343445,
        -1.669914960861206,
        0.07068711519241333,
        0.9973181486129761,
        0.018966367468237877,
        -0.24192950129508972,
        -0.5609874725341797,
        0.024024805054068565,
        0.8274756073951721,
        2.13957142829895
    ],
    [
        0.7335088849067688,
        -0.08223126828670502,
        0.6746870875358582,
        -1.8384703397750854,
        0.08613181859254837,
        0.9958975315093994,
        0.027739474549889565,
        -0.27902719378471375,
        -0.6742003560066223,
        0.03776486590504646,
        0.7375823855400085,
        2.2447030544281006
    ],
    [
        0.6341348886489868,
        -0.09339133650064468,
        0.7675617337226868,
        -1.9744209051132202,
        0.10027968138456345,
        0.994228720664978,
        0.03812267258763313,
        -0.300686776638031,
        -0.7666922211647034,
        0.05279591679573059,
        0.6398403644561768,
        2.280301094055176
    ],
    [
        0.519196629524231,
        -0.10259266942739487,
        0.8484748005867004,
        -2.1502251625061035,
        0.11225005239248276,
        0.9923547506332397,
        0.05130201205611229,
        -0.3389740288257599,
        -0.847251296043396,
        0.06860551238059998,
        0.5267433524131775,
        2.270556926727295
    ],
    [
        0.4075337052345276,
        -0.11355786770582199,
        0.9061019420623779,
        -2.3184010982513428,
        0.12137128412723541,
        0.9901706576347351,
        0.06950517743825912,
        -0.3953416049480438,
        -0.9050886034965515,
        0.08164907246828079,
        0.4173106253147125,
        2.2857985496520996
    ],
    [
        0.32524755597114563,
        -0.12546133995056152,
        0.9372690916061401,
        -2.437657117843628,
        0.12505078315734863,
        0.9881613850593567,
        0.08887902647256851,
        -0.44633784890174866,
        -0.9373239874839783,
        0.08829856663942337,
        0.33708617091178894,
        2.320388078689575
    ],
    [
        0.25144198536872864,
        -0.13517405092716217,
        0.9583866000175476,
        -2.5429883003234863,
        0.1265956312417984,
        0.9862857460975647,
        0.10589545220136642,
        -0.5066710114479065,
        -0.9595573544502258,
        0.09470099955797195,
        0.26510608196258545,
        2.3631112575531006
    ],
    [
        0.1984928399324417,
        -0.14400973916053772,
        0.9694646596908569,
        -2.6133909225463867,
        0.1266125738620758,
        0.9846256971359253,
        0.12033860385417938,
        -0.5646426677703857,
        -0.9718899130821228,
        0.09886006265878677,
        0.21367453038692474,
        2.3824477195739746
    ],
    [
        0.16385115683078766,
        -0.14938153326511383,
        0.9751091003417969,
        -2.643420934677124,
        0.1284419745206833,
        0.9832844734191895,
        0.1290513426065445,
        -0.6223747134208679,
        -0.9780876040458679,
        0.10409974306821823,
        0.18029922246932983,
        2.384377956390381
    ]
]