[
    [
        0.9999861121177673,
        -0.0009933925466611981,
        -0.0051930490881204605,
        -0.0974203571677208,
        0.0010122315725311637,
        0.9999929070472717,
        0.003626461373642087,
        -0.008461473509669304,
        0.005189410410821438,
        -0.0036316670011729,
        0.9999799728393555,
        -0.268637090921402
    ],
    [
        0.9999801516532898,
        -0.0014882805990055203,
        -0.006127774715423584,
        -0.11337438225746155,
        0.0015194916632026434,
        0.999985933303833,
        0.005091944709420204,
        -0.008801695890724659,
        0.006120110396295786,
        -0.005101155024021864,
        0.9999681711196899,
        -0.31409916281700134
    ],
    [
        0.999972939491272,
        -0.002121505094692111,
        -0.0070442319847643375,
        -0.13325700163841248,
        0.0021741981618106365,
        0.9999696612358093,
        0.00748108746483922,
        -0.006003820337355137,
        0.007028146646916866,
        -0.007496200501918793,
        0.999947190284729,
        -0.3712785840034485
    ],
    [
        0.9999730587005615,
        -0.0029576285742223263,
        -0.006728888489305973,
        -0.15068475902080536,
        0.0030193962156772614,
        0.9999533295631409,
        0.009187926538288593,
        -0.0028694141656160355,
        0.006701399106532335,
        -0.009207995608448982,
        0.9999351501464844,
        -0.4193730652332306
    ],
    [
        0.9999687075614929,
        -0.0035253099631518126,
        -0.0070833852514624596,
        -0.17309688031673431,
        0.0036010106559842825,
        0.9999362826347351,
        0.010702990926802158,
        -0.0030240535270422697,
        0.007045202422887087,
        -0.010728162713348866,
        0.9999176263809204,
        -0.4802713692188263
    ],
    [
        0.999960720539093,
        -0.004046487156301737,
        -0.00788863468915224,
        -0.1931389421224594,
        0.00414314866065979,
        0.999916136264801,
        0.012275762856006622,
        -0.005064272787421942,
        0.007838300429284573,
        -0.012307964265346527,
        0.9998935461044312,
        -0.5263294577598572
    ],
    [
        0.9999671578407288,
        -0.004248218610882759,
        -0.0069038355723023415,
        -0.2195032387971878,
        0.004352952353656292,
        0.9998745918273926,
        0.015226688235998154,
        -0.004815874621272087,
        0.006838284432888031,
        -0.015256240963935852,
        0.9998601675033569,
        -0.5797675848007202
    ],
    [
        0.999962568283081,
        -0.004522973671555519,
        -0.00738404830917716,
        -0.24497926235198975,
        0.004648061469197273,
        0.9998444318771362,
        0.01701185293495655,
        -0.0008931020856834948,
        0.007305956445634365,
        -0.017045537009835243,
        0.9998279809951782,
        -0.6238065361976624
    ],
    [
        0.9999487400054932,
        -0.004573432728648186,
        -0.009033330716192722,
        -0.27768054604530334,
        0.004729676991701126,
        0.9998382329940796,
        0.017351452261209488,
        0.0012164076324552298,
        0.008952513337135315,
        -0.017393285408616066,
        0.9998086094856262,
        -0.6842162013053894
    ],
    [
        0.9999597072601318,
        -0.004574041813611984,
        -0.007730655372142792,
        -0.30110034346580505,
        0.004709493834525347,
        0.9998341202735901,
        0.017595071345567703,
        -0.0015751076862215996,
        0.007648892235010862,
        -0.017630768939852715,
        0.9998154044151306,
        -0.7330930829048157
    ],
    [
        0.9999404549598694,
        -0.0043898033909499645,
        -0.009993061423301697,
        -0.32865145802497864,
        0.004566654097288847,
        0.9998320937156677,
        0.01774389110505581,
        -0.00533522292971611,
        0.009913490153849125,
        -0.017788469791412354,
        0.9997926354408264,
        -0.7948198318481445
    ],
    [
        0.9999191164970398,
        -0.004327901639044285,
        -0.01195535622537136,
        -0.3481775224208832,
        0.004539302084594965,
        0.9998328685760498,
        0.017712311819195747,
        -0.003806430846452713,
        0.011876699514687061,
        -0.01776515133678913,
        0.9997716546058655,
        -0.8444761037826538
    ],
    [
        0.9998951554298401,
        -0.0045881615951657295,
        -0.013731680810451508,
        -0.37184855341911316,
        0.0048264265060424805,
        0.9998374581336975,
        0.0173688605427742,
        -0.001989999320358038,
        0.013649757951498032,
        -0.01743331551551819,
        0.9997548460960388,
        -0.9077284336090088
    ],
    [
        0.9998604655265808,
        -0.004217925015836954,
        -0.016160108149051666,
        -0.38772475719451904,
        0.004492542706429958,
        0.9998454451560974,
        0.0169951431453228,
        -0.004752281587570906,
        0.016085926443338394,
        -0.017065372318029404,
        0.9997249245643616,
        -0.9583171606063843
    ],
    [
        0.9997863173484802,
        -0.0050204237923026085,
        -0.020051006227731705,
        -0.4076734483242035,
        0.005360933020710945,
        0.9998416900634766,
        0.016964610666036606,
        -0.01126853097230196,
        0.019962670281529427,
        -0.017068475484848022,
        0.9996551275253296,
        -1.0151265859603882
    ],
    [
        0.9997337460517883,
        -0.005468185991048813,
        -0.02241954766213894,
        -0.4232112169265747,
        0.005862051621079445,
        0.9998289942741394,
        0.01754002459347248,
        -0.013944999314844608,
        0.02231980860233307,
        -0.017666777595877647,
        0.9995948672294617,
        -1.056955099105835
    ],
    [
        0.9995812773704529,
        -0.005469839088618755,
        -0.0284135565161705,
        -0.44255462288856506,
        0.005993168335407972,
        0.999813437461853,
        0.018365897238254547,
        -0.012778570875525475,
        0.028307801112532616,
        -0.018528494983911514,
        0.9994276762008667,
        -1.1081736087799072
    ],
    [
        0.9993882775306702,
        -0.0053336285054683685,
        -0.03456340730190277,
        -0.4571307599544525,
        0.005991043988615274,
        0.9998025894165039,
        0.01894499734044075,
        -0.009965629316866398,
        0.0344555489718914,
        -0.01914047822356224,
        0.9992229342460632,
        -1.1528315544128418
    ],
    [
        0.9990197420120239,
        -0.0056830355897545815,
        -0.04390188306570053,
        -0.4768058955669403,
        0.006525679491460323,
        0.9997968077659607,
        0.019074391573667526,
        -0.009489407762885094,
        0.04378456994891167,
        -0.01934218220412731,
        0.9988538026809692,
        -1.2123485803604126
    ],
    [
        0.9986960291862488,
        -0.005979885812848806,
        -0.05070028081536293,
        -0.4892694652080536,
        0.0069749196991324425,
        0.9997860193252563,
        0.019471649080514908,
        -0.011623565107584,
        0.05057300254702568,
        -0.019799888134002686,
        0.9985241293907166,
        -1.2585889101028442
    ],
    [
        0.9982165098190308,
        -0.006517089903354645,
        -0.05934004858136177,
        -0.5017796158790588,
        0.007738629821687937,
        0.9997624158859253,
        0.020378921180963516,
        -0.012063422240316868,
        0.05919313803315163,
        -0.020801784470677376,
        0.998029887676239,
        -1.3150739669799805
    ],
    [
        0.9977840185165405,
        -0.00689020985737443,
        -0.06617897003889084,
        -0.5096883773803711,
        0.008276009000837803,
        0.9997517466545105,
        0.020688915625214577,
        -0.009412873536348343,
        0.06601998955011368,
        -0.021190764382481575,
        0.9975932240486145,
        -1.3628063201904297
    ],
    [
        0.9974403977394104,
        -0.007924488745629787,
        -0.07106257975101471,
        -0.5180153846740723,
        0.00937945581972599,
        0.9997527003288269,
        0.020164180546998978,
        -0.0067784544080495834,
        0.07088522613048553,
        -0.020779097452759743,
        0.9972680807113647,
        -1.4267936944961548
    ],
    [
        0.9970141053199768,
        -0.008357291109859943,
        -0.07676640897989273,
        -0.5234634876251221,
        0.009897012263536453,
        0.9997569918632507,
        0.019698720425367355,
        -0.006927713751792908,
        0.0765831395983696,
        -0.020399661734700203,
        0.9968544840812683,
        -1.4776657819747925
    ],
    [
        0.9965634942054749,
        -0.00905567966401577,
        -0.08233527839183807,
        -0.5334411263465881,
        0.01069566048681736,
        0.9997527003288269,
        0.019499126821756363,
        -0.010940572246909142,
        0.08213832974433899,
        -0.020312750712037086,
        0.9964139461517334,
        -1.5355347394943237
    ]
]