[
    [
        0.9953035712242126,
        -0.004720216616988182,
        -0.09668733179569244,
        -0.18445420265197754,
        0.004006275441497564,
        0.9999632835388184,
        -0.007576827425509691,
        -0.27131813764572144,
        0.09671953320503235,
        0.007153887767344713,
        0.9952859282493591,
        0.2784299850463867
    ],
    [
        0.99524986743927,
        -0.004807311110198498,
        -0.0972345620393753,
        -0.1880510449409485,
        0.004084302112460136,
        0.999962568283081,
        -0.007633385248482227,
        -0.2727951407432556,
        0.09726760536432266,
        0.007199989631772041,
        0.9952322840690613,
        0.2805677652359009
    ],
    [
        0.9950752854347229,
        -0.00491831311956048,
        -0.09899953007698059,
        -0.19806717336177826,
        0.004179146606475115,
        0.9999618530273438,
        -0.0076723587699234486,
        -0.2772205173969269,
        0.09903348237276077,
        0.00722084054723382,
        0.9950579404830933,
        0.28760695457458496
    ],
    [
        0.9949011206626892,
        -0.004984340630471706,
        -0.10073207318782806,
        -0.20831942558288574,
        0.004234476946294308,
        0.9999617338180542,
        -0.007656587287783623,
        -0.28216779232025146,
        0.1007663905620575,
        0.007191000040620565,
        0.9948840737342834,
        0.29492196440696716
    ],
    [
        0.9947230815887451,
        -0.0050797900184988976,
        -0.10247036069631577,
        -0.21782416105270386,
        0.004299889784306288,
        0.9999601244926453,
        -0.00783043634146452,
        -0.28625956177711487,
        0.10250604897737503,
        0.0073485043831169605,
        0.9947052597999573,
        0.30285367369651794
    ],
    [
        0.9946699142456055,
        -0.005116951186209917,
        -0.10298343002796173,
        -0.22175465524196625,
        0.0043260762467980385,
        0.9999594688415527,
        -0.007901509292423725,
        -0.28761154413223267,
        0.10301968455314636,
        0.007413879036903381,
        0.9946516752243042,
        0.30606213212013245
    ],
    [
        0.9945155382156372,
        -0.005215280223637819,
        -0.10445895791053772,
        -0.231739804148674,
        0.004408688750118017,
        0.9999586939811707,
        -0.007951030507683754,
        -0.2917722463607788,
        0.10449610650539398,
        0.007446895819157362,
        0.9944974780082703,
        0.3141133487224579
    ],
    [
        0.99436354637146,
        -0.005332795437425375,
        -0.1058906614780426,
        -0.24233201146125793,
        0.004501144867390394,
        0.9999571442604065,
        -0.008091293275356293,
        -0.29529517889022827,
        0.10592927038669586,
        0.007569056935608387,
        0.9943448305130005,
        0.3218960762023926
    ],
    [
        0.9942081570625305,
        -0.005395771004259586,
        -0.10733627527952194,
        -0.2514473795890808,
        0.00454706372693181,
        0.9999565482139587,
        -0.00815016869455576,
        -0.29901763796806335,
        0.10737557709217072,
        0.007614898961037397,
        0.9941893815994263,
        0.3301246166229248
    ],
    [
        0.994166910648346,
        -0.005548416171222925,
        -0.10770983248949051,
        -0.2548627257347107,
        0.004701508209109306,
        0.9999560117721558,
        -0.00811521615833044,
        -0.3003331124782562,
        0.10775011032819748,
        0.00756148062646389,
        0.9941492080688477,
        0.33280813694000244
    ],
    [
        0.9940418601036072,
        -0.0055709839798510075,
        -0.10885658115148544,
        -0.2646799087524414,
        0.004694719798862934,
        0.9999545216560364,
        -0.00830434262752533,
        -0.30341851711273193,
        0.10889789462089539,
        0.007743813097476959,
        0.994022786617279,
        0.3412143886089325
    ],
    [
        0.9939407110214233,
        -0.005555787589401007,
        -0.109777070581913,
        -0.2751223146915436,
        0.004664063919335604,
        0.9999540448188782,
        -0.008378160186111927,
        -0.3068719804286957,
        0.10981857031583786,
        0.007815387099981308,
        0.9939209222793579,
        0.3493254780769348
    ],
    [
        0.9938488602638245,
        -0.0055703273974359035,
        -0.11060480773448944,
        -0.28582432866096497,
        0.004668822046369314,
        0.9999538064002991,
        -0.008408008143305779,
        -0.309968501329422,
        0.11064652353525162,
        0.00783989392220974,
        0.9938289523124695,
        0.3569996953010559
    ],
    [
        0.9938063025474548,
        -0.005715148523449898,
        -0.11097948253154755,
        -0.28884637355804443,
        0.004815729800611734,
        0.9999533891677856,
        -0.008370734751224518,
        -0.3111736476421356,
        0.11102213710546494,
        0.0077844406478106976,
        0.9937875270843506,
        0.3603209853172302
    ],
    [
        0.9937207698822021,
        -0.005773399490863085,
        -0.11173909157514572,
        -0.29892876744270325,
        0.0048609706573188305,
        0.9999526143074036,
        -0.008436421863734722,
        -0.3140735924243927,
        0.111782506108284,
        0.007840287871658802,
        0.9937018156051636,
        0.36906886100769043
    ],
    [
        0.9936403036117554,
        -0.005861752200871706,
        -0.1124478280544281,
        -0.30921441316604614,
        0.0049382890574634075,
        0.9999517798423767,
        -0.008489158935844898,
        -0.3169286251068115,
        0.1124921664595604,
        0.007879870943725109,
        0.9936214089393616,
        0.3779313564300537
    ],
    [
        0.9935793876647949,
        -0.005908175837248564,
        -0.11298307031393051,
        -0.3198704719543457,
        0.0049619111232459545,
        0.9999502301216125,
        -0.00865465309470892,
        -0.31923195719718933,
        0.11302857846021652,
        0.008038472384214401,
        0.9935592412948608,
        0.38613322377204895
    ],
    [
        0.993562638759613,
        -0.006060759536921978,
        -0.11312215030193329,
        -0.32352980971336365,
        0.005109342280775309,
        0.9999491572380066,
        -0.008698548190295696,
        -0.32025146484375,
        0.1131691187620163,
        0.008064571768045425,
        0.9935430288314819,
        0.3893938660621643
    ],
    [
        0.9935293793678284,
        -0.006205122452229261,
        -0.11340624839067459,
        -0.3340756893157959,
        0.005249119363725185,
        0.9999481439590454,
        -0.008726561442017555,
        -0.3223511576652527,
        0.11345451325178146,
        0.008074811659753323,
        0.9935103058815002,
        0.3981512784957886
    ],
    [
        0.9934858679771423,
        -0.006430209614336491,
        -0.11377335339784622,
        -0.3443010747432709,
        0.0054391962476074696,
        0.9999445676803589,
        -0.00901870895177126,
        -0.3238207697868347,
        0.11382503807544708,
        0.008341124281287193,
        0.9934658408164978,
        0.40728893876075745
    ],
    [
        0.9934712052345276,
        -0.006488208193331957,
        -0.11389846354722977,
        -0.35480454564094543,
        0.005497138947248459,
        0.9999443292617798,
        -0.00901327095925808,
        -0.3260180652141571,
        0.11395060271024704,
        0.00832830835133791,
        0.9934514760971069,
        0.4155055284500122
    ],
    [
        0.9934651851654053,
        -0.006490417756140232,
        -0.1139511689543724,
        -0.3576270639896393,
        0.0054901279509067535,
        0.9999436140060425,
        -0.009089875034987926,
        -0.3263668119907379,
        0.1140037402510643,
        0.008404867723584175,
        0.9934448003768921,
        0.4186030328273773
    ],
    [
        0.9934598207473755,
        -0.006654746830463409,
        -0.11398854106664658,
        -0.36827561259269714,
        0.005663010757416487,
        0.9999433159828186,
        -0.00902192760258913,
        -0.3286871910095215,
        0.11404208838939667,
        0.008317403495311737,
        0.9934410452842712,
        0.4263249337673187
    ],
    [
        0.9934539794921875,
        -0.006698574870824814,
        -0.1140364333987236,
        -0.3787534832954407,
        0.005693934857845306,
        0.9999421238899231,
        -0.009133264422416687,
        -0.3300829231739044,
        0.11409101635217667,
        0.008424161933362484,
        0.9934345483779907,
        0.4351346790790558
    ],
    [
        0.9934400916099548,
        -0.00682934932410717,
        -0.11414897441864014,
        -0.38905152678489685,
        0.005812191404402256,
        0.9999404549598694,
        -0.009241233579814434,
        -0.3319511413574219,
        0.11420529335737228,
        0.008517159149050713,
        0.9934206604957581,
        0.44495826959609985
    ]
]