[
    [
        0.999403178691864,
        -0.003988758660852909,
        -0.03431171178817749,
        -0.10175637155771255,
        0.0036989154759794474,
        0.9999569654464722,
        -0.00850670039653778,
        0.005407471209764481,
        0.03434417024254799,
        0.008374706842005253,
        0.99937504529953,
        0.32764557003974915
    ],
    [
        0.9991462230682373,
        -0.006580985151231289,
        -0.040786221623420715,
        -0.14498735964298248,
        0.006230405531823635,
        0.9999426603317261,
        -0.008716699667274952,
        0.008635456673800945,
        0.040841244161129,
        0.008455140516161919,
        0.9991299510002136,
        0.4453119933605194
    ],
    [
        0.9989097714424133,
        -0.009185791015625,
        -0.04576943442225456,
        -0.19350378215312958,
        0.008880211971700191,
        0.9999369382858276,
        -0.006875343155115843,
        0.009930851869285107,
        0.045829709619283676,
        0.006461405660957098,
        0.9989283680915833,
        0.5651697516441345
    ],
    [
        0.9986516833305359,
        -0.011971365660429,
        -0.050511740148067474,
        -0.24061016738414764,
        0.011870810762047768,
        0.9999268651008606,
        -0.0022902751807123423,
        0.006604482419788837,
        0.05053547024726868,
        0.0016875716391950846,
        0.9987208247184753,
        0.6866223812103271
    ],
    [
        0.9982205629348755,
        -0.015461664646863937,
        -0.057592153549194336,
        -0.2888857126235962,
        0.015706826001405716,
        0.9998694062232971,
        0.0038065630942583084,
        0.004150787368416786,
        0.05752577260136604,
        -0.004704379942268133,
        0.9983329176902771,
        0.8347062468528748
    ],
    [
        0.9977459907531738,
        -0.018535157665610313,
        -0.06449364870786667,
        -0.32265836000442505,
        0.01912751793861389,
        0.9997802376747131,
        0.008579439483582973,
        0.004866759292781353,
        0.06432045996189117,
        -0.009793703444302082,
        0.9978812336921692,
        0.9597781300544739
    ],
    [
        0.9972355365753174,
        -0.02172507904469967,
        -0.07105900347232819,
        -0.3535371422767639,
        0.022815220057964325,
        0.9996335506439209,
        0.014565759338438511,
        0.002611028030514717,
        0.07071653753519058,
        -0.016146719455718994,
        0.9973656535148621,
        1.0861364603042603
    ],
    [
        0.9967213869094849,
        -0.025859056040644646,
        -0.07666632533073425,
        -0.3923705220222473,
        0.02762763202190399,
        0.9993740320205688,
        0.02209816500544548,
        -0.00153324194252491,
        0.076046884059906,
        -0.024143822491168976,
        0.9968119859695435,
        1.232860803604126
    ],
    [
        0.9963889122009277,
        -0.028752710670232773,
        -0.0798901841044426,
        -0.42750436067581177,
        0.031024565920233727,
        0.9991445541381836,
        0.027342766523361206,
        -0.001253803726285696,
        0.0790356695652008,
        -0.029722586274147034,
        0.9964285492897034,
        1.3544707298278809
    ],
    [
        0.9961419105529785,
        -0.031352367252111435,
        -0.08196543157100677,
        -0.46387574076652527,
        0.03416624292731285,
        0.998866081237793,
        0.033155567944049835,
        -0.003127671778202057,
        0.08083298802375793,
        -0.03582809865474701,
        0.9960834980010986,
        1.4762217998504639
    ],
    [
        0.995974063873291,
        -0.03340781107544899,
        -0.08318538963794708,
        -0.4995562434196472,
        0.036762263625860214,
        0.9985578656196594,
        0.039124954491853714,
        -0.0061071813106536865,
        0.08175834268331528,
        -0.04202551767230034,
        0.995765745639801,
        1.5989749431610107
    ],
    [
        0.9957658648490906,
        -0.034842316061258316,
        -0.08506700396537781,
        -0.5359572768211365,
        0.03880409896373749,
        0.9982162117958069,
        0.045371636748313904,
        -0.007820047438144684,
        0.08333440870046616,
        -0.04848047345876694,
        0.9953416585922241,
        1.7421002388000488
    ],
    [
        0.9956473112106323,
        -0.03462070971727371,
        -0.08653192967176437,
        -0.562487781047821,
        0.03894253075122833,
        0.9980508089065552,
        0.04876580089330673,
        -0.004847399890422821,
        0.08467494696378708,
        -0.05192331224679947,
        0.9950547218322754,
        1.8635772466659546
    ],
    [
        0.9955734014511108,
        -0.03480971232056618,
        -0.08730338513851166,
        -0.5865539312362671,
        0.039634786546230316,
        0.9977454543113708,
        0.05415717139840126,
        -0.010553568601608276,
        0.08522136509418488,
        -0.05737769603729248,
        0.9947085976600647,
        1.979595422744751
    ],
    [
        0.9957658052444458,
        -0.03345222771167755,
        -0.08562424033880234,
        -0.617429256439209,
        0.038598716259002686,
        0.9975012540817261,
        0.059172943234443665,
        -0.014486968517303467,
        0.08343081921339035,
        -0.06222738325595856,
        0.9945688247680664,
        2.111999750137329
    ],
    [
        0.9960545301437378,
        -0.0312562994658947,
        -0.08305682986974716,
        -0.6421487331390381,
        0.03641633316874504,
        0.9974514842033386,
        0.06135572865605354,
        -0.014921054244041443,
        0.08092740178108215,
        -0.06413827836513519,
        0.9946542978286743,
        2.2177038192749023
    ],
    [
        0.9963775277137756,
        -0.028865501284599304,
        -0.07999157160520554,
        -0.6645564436912537,
        0.033988043665885925,
        0.9974070191383362,
        0.06343500316143036,
        -0.016866534948349,
        0.07795305550098419,
        -0.06592396646738052,
        0.9947749972343445,
        2.316690683364868
    ],
    [
        0.9966144561767578,
        -0.02660684660077095,
        -0.07779140770435333,
        -0.6793299913406372,
        0.0316617414355278,
        0.9974161982536316,
        0.06448592990636826,
        -0.019874900579452515,
        0.07587465643882751,
        -0.06673063337802887,
        0.9948818683624268,
        2.41072940826416
    ],
    [
        0.9968517422676086,
        -0.022551657631993294,
        -0.0760134607553482,
        -0.6967560648918152,
        0.027518877759575844,
        0.9975091814994812,
        0.06494574248790741,
        -0.020234301686286926,
        0.07435949891805649,
        -0.06683307886123657,
        0.9949894547462463,
        2.545247793197632
    ],
    [
        0.9970594644546509,
        -0.01879333332180977,
        -0.07429105043411255,
        -0.7167831063270569,
        0.023822017014026642,
        0.9974420070648193,
        0.06739313900470734,
        -0.026451990008354187,
        0.07283446192741394,
        -0.06896472722291946,
        0.9949567914009094,
        2.6840336322784424
    ],
    [
        0.9972837567329407,
        -0.01537699718028307,
        -0.07203284651041031,
        -0.7377144694328308,
        0.020341679453849792,
        0.9974296689033508,
        0.06870409846305847,
        -0.03268398344516754,
        0.07079124450683594,
        -0.06998275965452194,
        0.9950332045555115,
        2.807756185531616
    ],
    [
        0.9975699186325073,
        -0.011217588558793068,
        -0.0687650814652443,
        -0.7654134035110474,
        0.0159516129642725,
        0.9975107908248901,
        0.06868573278188705,
        -0.035852983593940735,
        0.06782342493534088,
        -0.06961573660373688,
        0.9952656030654907,
        2.960383892059326
    ],
    [
        0.9978516697883606,
        -0.008061369881033897,
        -0.06501570343971252,
        -0.7942616939544678,
        0.012511646375060081,
        0.9975839853286743,
        0.06833542138338089,
        -0.04034847021102905,
        0.06430775672197342,
        -0.06900206208229065,
        0.9955415725708008,
        3.0887229442596436
    ],
    [
        0.998108983039856,
        -0.006129002198576927,
        -0.061162639409303665,
        -0.8223510384559631,
        0.010325527749955654,
        0.9975953102111816,
        0.06853427737951279,
        -0.04903680086135864,
        0.060595523566007614,
        -0.06903621554374695,
        0.9957721829414368,
        3.212883472442627
    ],
    [
        0.9983878135681152,
        -0.004482152406126261,
        -0.05658281594514847,
        -0.8524855971336365,
        0.008308934047818184,
        0.9976793527603149,
        0.06757862865924835,
        -0.05477125942707062,
        0.056148599833250046,
        -0.06793982535600662,
        0.9961082339286804,
        3.362856388092041
    ]
]