[
    [
        0.9945068955421448,
        0.02345750667154789,
        -0.1020086407661438,
        -0.018265467137098312,
        -0.024732353165745735,
        0.9996307492256165,
        -0.011250531300902367,
        -0.00512594822794199,
        0.10170706361532211,
        0.01371164619922638,
        0.9947198629379272,
        0.22294503450393677
    ],
    [
        0.9939462542533875,
        0.02395271696150303,
        -0.10722418874502182,
        -0.01816033571958542,
        -0.025397172197699547,
        0.9996039271354675,
        -0.012125954031944275,
        -0.003632244886830449,
        0.10689126700162888,
        0.01477573812007904,
        0.9941609501838684,
        0.2281694859266281
    ],
    [
        0.9933791756629944,
        0.0243762768805027,
        -0.11226553469896317,
        -0.01868058741092682,
        -0.025985563173890114,
        0.999579131603241,
        -0.01289352960884571,
        -0.0026083430275321007,
        0.11190398782491684,
        0.015725446864962578,
        0.9935945868492126,
        0.23340153694152832
    ],
    [
        0.992708683013916,
        0.024883974343538284,
        -0.11794224381446838,
        -0.01864425279200077,
        -0.02664804831147194,
        0.9995551109313965,
        -0.013403561897575855,
        -0.0019453885033726692,
        0.11755622178316116,
        0.01644876040518284,
        0.9929301142692566,
        0.2391001582145691
    ],
    [
        0.9919619560241699,
        0.02555633895099163,
        -0.12392909079790115,
        -0.01826522685587406,
        -0.027501890435814857,
        0.9995235204696655,
        -0.01401339191943407,
        -0.0010127468267455697,
        0.123511902987957,
        0.01730903424322605,
        0.9921920895576477,
        0.24487970769405365
    ],
    [
        0.9911423921585083,
        0.026077574118971825,
        -0.13021796941757202,
        -0.017411286011338234,
        -0.028232363983988762,
        0.999492883682251,
        -0.014728725887835026,
        0.00024712455342523754,
        0.12976783514022827,
        0.01827462762594223,
        0.9913759827613831,
        0.25080835819244385
    ],
    [
        0.9903140664100647,
        0.026662573218345642,
        -0.13626183569431305,
        -0.01706523820757866,
        -0.029008757323026657,
        0.9994626641273499,
        -0.015261305496096611,
        0.00104909751098603,
        0.13578172028064728,
        0.01906627044081688,
        0.9905553460121155,
        0.2561975419521332
    ],
    [
        0.9894494414329529,
        0.026985812932252884,
        -0.14234349131584167,
        -0.01635728031396866,
        -0.02955816499888897,
        0.9994351267814636,
        -0.01598764769732952,
        0.0022509603295475245,
        0.1418316513299942,
        0.020026378333568573,
        0.9896882176399231,
        0.2611212730407715
    ],
    [
        0.9885704517364502,
        0.027449944987893105,
        -0.1482388973236084,
        -0.016233129426836967,
        -0.030252831056714058,
        0.9994029402732849,
        -0.016685906797647476,
        0.003313276916742325,
        0.14769236743450165,
        0.02097984217107296,
        0.9888108968734741,
        0.2664657235145569
    ],
    [
        0.9876912832260132,
        0.02758016064763069,
        -0.15396571159362793,
        -0.01649956963956356,
        -0.030597208067774773,
        0.9993827939033508,
        -0.017260048538446426,
        0.0045252954587340355,
        0.1533946692943573,
        0.021758519113063812,
        0.9879254102706909,
        0.2716311812400818
    ],
    [
        0.9867019057273865,
        0.027937214821577072,
        -0.16012102365493774,
        -0.016277587041258812,
        -0.031194547191262245,
        0.9993537068367004,
        -0.017865030094981194,
        0.005633918568491936,
        0.15951845049858093,
        0.0226223636418581,
        0.9869356751441956,
        0.2771463990211487
    ],
    [
        0.9856541752815247,
        0.028298310935497284,
        -0.16638827323913574,
        -0.015923701226711273,
        -0.03180025890469551,
        0.9993245005607605,
        -0.01841992698609829,
        0.006665836554020643,
        0.16575463116168976,
        0.02344686910510063,
        0.9858883023262024,
        0.28259047865867615
    ],
    [
        0.9834498167037964,
        0.02884107269346714,
        -0.1788703203201294,
        -0.015389260835945606,
        -0.03282645344734192,
        0.9992734789848328,
        -0.01936068758368492,
        0.008367870934307575,
        0.17818200588226318,
        0.024911947548389435,
        0.9836820960044861,
        0.2932571470737457
    ],
    [
        0.9822974801063538,
        0.029113275930285454,
        -0.18505173921585083,
        -0.015299119986593723,
        -0.03333429619669914,
        0.9992492198944092,
        -0.01973920315504074,
        0.008986560627818108,
        0.18433815240859985,
        0.025558337569236755,
        0.9825305342674255,
        0.2980289161205292
    ],
    [
        0.9810628890991211,
        0.029389522969722748,
        -0.19144701957702637,
        -0.014864028431475163,
        -0.03389003500342369,
        0.9992199540138245,
        -0.020275363698601723,
        0.00971103087067604,
        0.19070176780223846,
        0.026379549875855446,
        0.9812936186790466,
        0.30312207341194153
    ],
    [
        0.9798538684844971,
        0.029313234612345695,
        -0.1975526362657547,
        -0.015067360363900661,
        -0.034041546285152435,
        0.9992085099220276,
        -0.020580388605594635,
        0.010235408321022987,
        0.19679300487041473,
        0.026890771463513374,
        0.980076253414154,
        0.3081448972225189
    ],
    [
        0.9785392880439758,
        0.029282309114933014,
        -0.20396924018859863,
        -0.014627048745751381,
        -0.03426403924822807,
        0.999193549156189,
        -0.020934592932462692,
        0.01079598069190979,
        0.20319174230098724,
        0.02747413143515587,
        0.9787533283233643,
        0.31271907687187195
    ],
    [
        0.9772062301635742,
        0.02943253144621849,
        -0.21024177968502045,
        -0.014625800773501396,
        -0.03467584028840065,
        0.9991716742515564,
        -0.02129594422876835,
        0.011077452450990677,
        0.20944084227085114,
        0.028100837022066116,
        0.9774174690246582,
        0.31699854135513306
    ],
    [
        0.9759527444839478,
        0.029650777578353882,
        -0.21595606207847595,
        -0.01577378250658512,
        -0.035175491124391556,
        0.9991437196731567,
        -0.021783288568258286,
        0.011633341200649738,
        0.21512526273727417,
        0.02885582111775875,
        0.9761600494384766,
        0.3211911618709564
    ],
    [
        0.9746109247207642,
        0.029842237010598183,
        -0.221907839179039,
        -0.016421198844909668,
        -0.03566993772983551,
        0.9991147518157959,
        -0.022299744188785553,
        0.012224541045725346,
        0.22104594111442566,
        0.02964900992810726,
        0.9748125672340393,
        0.3254295587539673
    ],
    [
        0.9732337594032288,
        0.030264196917414665,
        -0.2278161495923996,
        -0.01713000424206257,
        -0.03635196015238762,
        0.9990841150283813,
        -0.02257293276488781,
        0.012357286177575588,
        0.22692431509494781,
        0.030250301584601402,
        0.973442554473877,
        0.32971128821372986
    ],
    [
        0.9717689156532288,
        0.030582599341869354,
        -0.23394407331943512,
        -0.017527710646390915,
        -0.03699905052781105,
        0.9990485310554504,
        -0.023086823523044586,
        0.012811502441763878,
        0.23301541805267334,
        0.031090768054127693,
        0.9719759225845337,
        0.33385592699050903
    ],
    [
        0.9702815413475037,
        0.031037209555506706,
        -0.2399800419807434,
        -0.018245834857225418,
        -0.0377449207007885,
        0.9990133047103882,
        -0.023404503241181374,
        0.012831248342990875,
        0.2390168309211731,
        0.03176698088645935,
        0.9704957604408264,
        0.3376540243625641
    ],
    [
        0.9687687158584595,
        0.03169817104935646,
        -0.2459315061569214,
        -0.019102152436971664,
        -0.03868641331791878,
        0.9989719390869141,
        -0.023635054007172585,
        0.0128195034340024,
        0.24492941796779633,
        0.032411109656095505,
        0.9689990282058716,
        0.3414519429206848
    ],
    [
        0.9655817151069641,
        0.033031363040208817,
        -0.2579937279224396,
        -0.02030761167407036,
        -0.04060307890176773,
        0.9988852143287659,
        -0.024074412882328033,
        0.012488538399338722,
        0.25691092014312744,
        0.03372114896774292,
        0.9658466577529907,
        0.34749647974967957
    ]
]