[
    [
        0.9897962212562561,
        -0.012465100735425949,
        0.1419438123703003,
        0.3119877278804779,
        0.01532890647649765,
        0.9997000694274902,
        -0.019100043922662735,
        -0.0007621038239449263,
        -0.14166314899921417,
        0.021080993115901947,
        0.9896904230117798,
        0.5862690210342407
    ],
    [
        0.9921349287033081,
        -0.011658187955617905,
        0.12462892383337021,
        0.3178509771823883,
        0.013998890295624733,
        0.9997414350509644,
        -0.017922131344676018,
        0.0013420421164482832,
        -0.12438774853944778,
        0.019525839015841484,
        0.9920415282249451,
        0.6202699542045593
    ],
    [
        0.9947661757469177,
        -0.01008074264973402,
        0.10167800635099411,
        0.32356610894203186,
        0.011750685051083565,
        0.9998055696487427,
        -0.015838271006941795,
        -0.00032865232788026333,
        -0.1014985591173172,
        0.01695016399025917,
        0.9946913123130798,
        0.6655265092849731
    ],
    [
        0.9969376921653748,
        -0.007847858592867851,
        0.07780501991510391,
        0.33194079995155334,
        0.009065385907888412,
        0.9998417496681213,
        -0.015307592228055,
        -0.0008316191961057484,
        -0.077672578394413,
        0.01596604660153389,
        0.9968510270118713,
        0.7091888189315796
    ],
    [
        0.9981731176376343,
        -0.0056304000318050385,
        0.06015722081065178,
        0.33797428011894226,
        0.006592378485947847,
        0.9998533129692078,
        -0.01580456830561161,
        0.00024904668680392206,
        -0.06005941331386566,
        0.016172274947166443,
        0.9980637431144714,
        0.740777313709259
    ],
    [
        0.9993253350257874,
        -0.0032395462039858103,
        0.03658318892121315,
        0.34528258442878723,
        0.0037962691858410835,
        0.9998779892921448,
        -0.01515880785882473,
        -0.0005141200963407755,
        -0.03652960807085037,
        0.015287461690604687,
        0.9992156028747559,
        0.7846807241439819
    ],
    [
        0.9999357461929321,
        -0.0031227259896695614,
        0.010901641100645065,
        0.3534142076969147,
        0.0032570587936788797,
        0.9999187588691711,
        -0.012326301075518131,
        -0.0028228997252881527,
        -0.010862264782190323,
        0.012361017987132072,
        0.9998645782470703,
        0.8326642513275146
    ],
    [
        0.9999486207962036,
        -0.0031649006996303797,
        -0.00963605660945177,
        0.36395442485809326,
        0.0030630421824753284,
        0.9999394416809082,
        -0.010567053221166134,
        -0.002738331677392125,
        0.009668916463851929,
        0.010536995716392994,
        0.9998977184295654,
        0.8708457946777344
    ],
    [
        0.999316394329071,
        -0.003471602685749531,
        -0.036803439259529114,
        0.3768945336341858,
        0.0031722804997116327,
        0.9999614357948303,
        -0.008188269101083279,
        -0.003263611812144518,
        0.03683045133948326,
        0.008065922185778618,
        0.9992889165878296,
        0.921108603477478
    ],
    [
        0.997875988483429,
        -0.0032933440525084734,
        -0.06505884975194931,
        0.391733318567276,
        0.0028893735725432634,
        0.9999760389328003,
        -0.00630240049213171,
        -0.004211679100990295,
        0.06507803499698639,
        0.006101034581661224,
        0.9978615641593933,
        0.9688671827316284
    ],
    [
        0.9963151216506958,
        -0.002398928627371788,
        -0.0857350304722786,
        0.40006691217422485,
        0.001902126707136631,
        0.9999809861183167,
        -0.005875847768038511,
        -0.004248440265655518,
        0.08574748039245605,
        0.005691115744411945,
        0.9963005781173706,
        1.0031288862228394
    ],
    [
        0.9937198162078857,
        5.795629840577021e-05,
        -0.1118970438838005,
        0.4045087397098541,
        -0.0005953427171334624,
        0.9999884963035583,
        -0.004769092425704002,
        -0.005115990526974201,
        0.11189550161361694,
        0.004805759061127901,
        0.9937083125114441,
        1.0481220483779907
    ],
    [
        0.9904019236564636,
        0.0031331833451986313,
        -0.13818193972110748,
        0.40484851598739624,
        -0.0037359760608524084,
        0.999984622001648,
        -0.0041031613945961,
        -0.0060606468468904495,
        0.13816694915294647,
        0.004580023232847452,
        0.9903984069824219,
        1.0925965309143066
    ],
    [
        0.9870747327804565,
        0.005071064457297325,
        -0.16018061339855194,
        0.4063209295272827,
        -0.00565334502607584,
        0.9999789595603943,
        -0.0031796377152204514,
        -0.005541839636862278,
        0.1601611077785492,
        0.004044095985591412,
        0.9870826005935669,
        1.1284962892532349
    ],
    [
        0.9819191694259644,
        0.007794319652020931,
        -0.1891402006149292,
        0.4035206735134125,
        -0.008437500335276127,
        0.9999610185623169,
        -0.0025955713354051113,
        -0.0037664358969777822,
        0.189112588763237,
        0.004144512116909027,
        0.981946587562561,
        1.1773529052734375
    ],
    [
        0.9758748412132263,
        0.010676806792616844,
        -0.21806949377059937,
        0.4004364311695099,
        -0.011019302532076836,
        0.9999392628669739,
        -0.00035449053393676877,
        -0.005675560794770718,
        0.2180524468421936,
        0.0027489126659929752,
        0.9759331345558167,
        1.2278233766555786
    ],
    [
        0.9708941578865051,
        0.011144124902784824,
        -0.2392493486404419,
        0.39391031861305237,
        -0.01112340483814478,
        0.9999369978904724,
        0.0014368885895237327,
        -0.006881886161863804,
        0.2392503172159195,
        0.0012662007939070463,
        0.9709571003913879,
        1.263183355331421
    ],
    [
        0.9636936783790588,
        0.012181514874100685,
        -0.2667323350906372,
        0.3843201696872711,
        -0.011672270484268665,
        0.9999257922172546,
        0.003494581440463662,
        -0.007495992351323366,
        0.2667551040649414,
        -0.00025433453265577555,
        0.9637642502784729,
        1.3086217641830444
    ],
    [
        0.954990565776825,
        0.012510583736002445,
        -0.2963721752166748,
        0.3827507197856903,
        -0.011427177116274834,
        0.9999202489852905,
        0.0053876121528446674,
        -0.007106600794941187,
        0.29641589522361755,
        -0.0017584210727363825,
        0.9550573825836182,
        1.3562724590301514
    ],
    [
        0.9477410912513733,
        0.012820870615541935,
        -0.3187827467918396,
        0.37935373187065125,
        -0.010833289474248886,
        0.9999092817306519,
        0.008007188327610493,
        -0.007626640610396862,
        0.31885644793510437,
        -0.004135275725275278,
        0.9477939605712891,
        1.393502116203308
    ],
    [
        0.9383258819580078,
        0.013486664742231369,
        -0.34548884630203247,
        0.36951711773872375,
        -0.010142825543880463,
        0.9998826384544373,
        0.011484610848128796,
        -0.008730627596378326,
        0.34560319781303406,
        -0.007272074930369854,
        0.9383525848388672,
        1.4435608386993408
    ],
    [
        0.9271570444107056,
        0.013134317472577095,
        -0.37444254755973816,
        0.3664148449897766,
        -0.008736249059438705,
        0.999871551990509,
        0.01344065647572279,
        -0.010290568694472313,
        0.37457096576690674,
        -0.009190374985337257,
        0.927152693271637,
        1.49553644657135
    ],
    [
        0.9181869029998779,
        0.013606096617877483,
        -0.39591366052627563,
        0.36401277780532837,
        -0.008771399036049843,
        0.9998632669448853,
        0.014019349589943886,
        -0.010857969522476196,
        0.39605018496513367,
        -0.00939966645091772,
        0.9181807041168213,
        1.5319830179214478
    ],
    [
        0.9060668349266052,
        0.01511609461158514,
        -0.42286425828933716,
        0.3535895049571991,
        -0.009474300779402256,
        0.9998358488082886,
        0.015440557152032852,
        -0.01400116179138422,
        0.4230284094810486,
        -0.009983831085264683,
        0.9060614109039307,
        1.5791596174240112
    ],
    [
        0.8934614658355713,
        0.017131535336375237,
        -0.4488130807876587,
        0.3388132154941559,
        -0.010985047556459904,
        0.999806821346283,
        0.01629522256553173,
        -0.015524029731750488,
        0.44900545477867126,
        -0.009628921747207642,
        0.8934771418571472,
        1.6246553659439087
    ]
]