[
    [
        0.9999959468841553,
        9.680594303063117e-06,
        -0.0028456877917051315,
        -0.05342265963554382,
        -1.355840595351765e-05,
        0.9999991059303284,
        -0.0013625387800857425,
        0.006968995556235313,
        0.0028456721920520067,
        0.0013625719584524632,
        0.9999949932098389,
        -0.028512997552752495
    ],
    [
        0.999995231628418,
        7.256324170157313e-05,
        -0.0030846779700368643,
        -0.05781156197190285,
        -7.677777466597036e-05,
        0.9999991059303284,
        -0.0013662585988640785,
        0.007047710008919239,
        0.0030845757573843002,
        0.001366488286294043,
        0.9999942779541016,
        -0.028471391648054123
    ],
    [
        0.999993085861206,
        0.00024992923135869205,
        -0.0037307199090719223,
        -0.06418011337518692,
        -0.0002547568001318723,
        0.9999991655349731,
        -0.0012936516432091594,
        0.0072033340111374855,
        0.0037303927820175886,
        0.0012945923954248428,
        0.9999922513961792,
        -0.02812091074883938
    ],
    [
        0.9999908804893494,
        0.0004215590306557715,
        -0.0042575947009027,
        -0.070586197078228,
        -0.0004266720497980714,
        0.9999992847442627,
        -0.0012000843416899443,
        0.007190008647739887,
        0.0042570848017930984,
        0.0012018897105008364,
        0.9999902248382568,
        -0.02843947522342205
    ],
    [
        0.9999881386756897,
        0.0005936594679951668,
        -0.004827542696148157,
        -0.07706421613693237,
        -0.0005991834914311767,
        0.9999991655349731,
        -0.0011428049765527248,
        0.00740588316693902,
        0.004826859571039677,
        0.0011456840438768268,
        0.9999877214431763,
        -0.02773781679570675
    ],
    [
        0.9999853372573853,
        0.0007769244257360697,
        -0.00537281995639205,
        -0.08344613760709763,
        -0.0007830056711100042,
        0.9999991059303284,
        -0.0011297226883471012,
        0.007466306444257498,
        0.00537193613126874,
        0.0011339132906869054,
        0.999984860420227,
        -0.027857720851898193
    ],
    [
        0.9999823570251465,
        0.0009168597753159702,
        -0.005878575146198273,
        -0.08973066508769989,
        -0.0009235763573087752,
        0.999998927116394,
        -0.0011398878414183855,
        0.007451034151017666,
        0.0058775232173502445,
        0.001145297079347074,
        0.9999821186065674,
        -0.027399487793445587
    ],
    [
        0.9999801516532898,
        0.0009294397896155715,
        -0.006223221775144339,
        -0.09409761428833008,
        -0.0009365981677547097,
        0.999998927116394,
        -0.0011474259663373232,
        0.007498833816498518,
        0.006222149357199669,
        0.001153231947682798,
        0.9999799728393555,
        -0.027478734031319618
    ],
    [
        0.9999780058860779,
        0.0009438332635909319,
        -0.006579008884727955,
        -0.10069335997104645,
        -0.0009512999677099288,
        0.999998927116394,
        -0.0011317572789266706,
        0.007434628438204527,
        0.006577932741492987,
        0.001137990620918572,
        0.999977707862854,
        -0.027687547728419304
    ],
    [
        0.999975323677063,
        0.0010525070829316974,
        -0.006953574251383543,
        -0.10748648643493652,
        -0.001060468959622085,
        0.9999988079071045,
        -0.001141427201218903,
        0.007512602489441633,
        0.006952363532036543,
        0.001148772775195539,
        0.9999752044677734,
        -0.027352506294846535
    ],
    [
        0.9999724626541138,
        0.001259492477402091,
        -0.007320197764784098,
        -0.1142922192811966,
        -0.0012676098849624395,
        0.9999986290931702,
        -0.0011044065468013287,
        0.007627051789313555,
        0.007318796124309301,
        0.0011136559769511223,
        0.9999727010726929,
        -0.02753331884741783
    ],
    [
        0.9999715089797974,
        0.0013500081840902567,
        -0.007436299696564674,
        -0.12131819874048233,
        -0.0013577620266005397,
        0.9999985694885254,
        -0.0010377699509263039,
        0.007711478509008884,
        0.007434888277202845,
        0.0010478371987119317,
        0.999971866607666,
        -0.027095649391412735
    ],
    [
        0.9999698996543884,
        0.0013888872927054763,
        -0.007635005749762058,
        -0.128024622797966,
        -0.0013962548691779375,
        0.9999985694885254,
        -0.0009596305317245424,
        0.007509504910558462,
        0.00763366324827075,
        0.0009702625684440136,
        0.9999704360961914,
        -0.027488788589835167
    ],
    [
        0.9999695420265198,
        0.0014653189573436975,
        -0.007671447936445475,
        -0.13237418234348297,
        -0.001473272917792201,
        0.9999983310699463,
        -0.001031289342790842,
        0.007562799844890833,
        0.007669923827052116,
        0.0010425597429275513,
        0.9999700784683228,
        -0.027349073439836502
    ],
    [
        0.9999697208404541,
        0.0015392364002764225,
        -0.0076361363753676414,
        -0.13886108994483948,
        -0.001547388848848641,
        0.9999982714653015,
        -0.0010618470842018723,
        0.007759546395391226,
        0.007634488400071859,
        0.0010736307594925165,
        0.9999701976776123,
        -0.02656092867255211
    ],
    [
        0.9999703764915466,
        0.0015636326279491186,
        -0.0075505515560507774,
        -0.14554725587368011,
        -0.0015712995082139969,
        0.9999982714653015,
        -0.0010095367906615138,
        0.007725344970822334,
        0.00754895992577076,
        0.0010213712230324745,
        0.9999709129333496,
        -0.02672886662185192
    ],
    [
        0.999970018863678,
        0.0017552557401359081,
        -0.007554038427770138,
        -0.15193183720111847,
        -0.0017616295954212546,
        0.9999980926513672,
        -0.0008371387957595289,
        0.007878221571445465,
        0.007552553899586201,
        0.0008504213183186948,
        0.9999711513519287,
        -0.026170523837208748
    ],
    [
        0.9999697208404541,
        0.001947856042534113,
        -0.007543302606791258,
        -0.15874671936035156,
        -0.0019533680751919746,
        0.9999977946281433,
        -0.0007234241347759962,
        0.007862660102546215,
        0.007541877683252096,
        0.0007381369359791279,
        0.9999713897705078,
        -0.026448914781212807
    ],
    [
        0.9999700784683228,
        0.0020343998912721872,
        -0.007460816763341427,
        -0.16516774892807007,
        -0.0020400278735905886,
        0.999997615814209,
        -0.000746831065043807,
        0.007921773009002209,
        0.007459278684109449,
        0.0007620289688929915,
        0.999971866607666,
        -0.02560197189450264
    ],
    [
        0.9999702572822571,
        0.0020683298353105783,
        -0.007424653973430395,
        -0.16945654153823853,
        -0.002073724986985326,
        0.9999975562095642,
        -0.0007190126925706863,
        0.007963788695633411,
        0.0074231489561498165,
        0.000734387373086065,
        0.9999722242355347,
        -0.02535279281437397
    ],
    [
        0.9999706745147705,
        0.0021167269442230463,
        -0.007366789970546961,
        -0.17618852853775024,
        -0.002122065983712673,
        0.9999974370002747,
        -0.0007169882883317769,
        0.007975620217621326,
        0.0073652551509439945,
        0.0007325997576117516,
        0.9999727010726929,
        -0.02584443986415863
    ],
    [
        0.9999701976776123,
        0.002204688498750329,
        -0.007399250753223896,
        -0.1827445924282074,
        -0.002209747675806284,
        0.9999973773956299,
        -0.0006756696384400129,
        0.007986673153936863,
        0.007397742010653019,
        0.0006920002633705735,
        0.9999723434448242,
        -0.025665299966931343
    ],
    [
        0.999969482421875,
        0.0023093761410564184,
        -0.007472519297152758,
        -0.1892911046743393,
        -0.002314229030162096,
        0.999997079372406,
        -0.0006408714107237756,
        0.008058985695242882,
        0.007471017073839903,
        0.0006581455236300826,
        0.999971866607666,
        -0.02608889527618885
    ],
    [
        0.9999687671661377,
        0.0024373738560825586,
        -0.007527440320700407,
        -0.1953718662261963,
        -0.0024415012449026108,
        0.9999968409538269,
        -0.0005391535814851522,
        0.008152690716087818,
        0.007526102941483259,
        0.0005575143732130527,
        0.9999715089797974,
        -0.02543269284069538
    ],
    [
        0.9999666213989258,
        0.0024843106511980295,
        -0.007780925836414099,
        -0.20207861065864563,
        -0.0024875684175640345,
        0.9999968409538269,
        -0.0004089910944458097,
        0.007995366118848324,
        0.007779885083436966,
        0.0004283329762984067,
        0.9999697208404541,
        -0.026049263775348663
    ]
]