[
    [
        0.9520586133003235,
        -0.1971503645181656,
        0.23391437530517578,
        0.9111865758895874,
        0.1622418761253357,
        0.9736471772193909,
        0.1602770984172821,
        -0.8759843707084656,
        -0.2593487799167633,
        -0.11464250087738037,
        0.9589554071426392,
        0.35852134227752686
    ],
    [
        0.9477353096008301,
        -0.1979789137840271,
        0.2502042353153229,
        0.9283810257911682,
        0.1611698418855667,
        0.9738550782203674,
        0.16009505093097687,
        -0.8596582412719727,
        -0.2753581702709198,
        -0.11140236258506775,
        0.9548651576042175,
        0.40645623207092285
    ],
    [
        0.9404704570770264,
        -0.20260141789913177,
        0.27288818359375,
        0.95042884349823,
        0.16274197399616241,
        0.973318874835968,
        0.16175761818885803,
        -0.8509302139282227,
        -0.2983795404434204,
        -0.10771788656711578,
        0.9483493566513062,
        0.4717951714992523
    ],
    [
        0.9334450960159302,
        -0.20503844320774078,
        0.29434603452682495,
        0.9721618890762329,
        0.16272230446338654,
        0.9732900261878967,
        0.1619507074356079,
        -0.8374466300010681,
        -0.31969013810157776,
        -0.10327541083097458,
        0.9418771266937256,
        0.5354764461517334
    ],
    [
        0.9286238551139832,
        -0.2062937170267105,
        0.308383971452713,
        0.990839958190918,
        0.16222842037677765,
        0.9732710719108582,
        0.16255883872509003,
        -0.8279256820678711,
        -0.3336760401725769,
        -0.10092737525701523,
        0.937269389629364,
        0.5810679197311401
    ],
    [
        0.9203460216522217,
        -0.2107103019952774,
        0.32949119806289673,
        1.0096722841262817,
        0.16340221464633942,
        0.9725717306137085,
        0.16554108262062073,
        -0.8259918689727783,
        -0.3553350567817688,
        -0.09851547330617905,
        0.9295330047607422,
        0.6445001363754272
    ],
    [
        0.9126783013343811,
        -0.21440553665161133,
        0.3479205071926117,
        1.036478042602539,
        0.1648678332567215,
        0.972144365310669,
        0.16659510135650635,
        -0.8184623718261719,
        -0.3739478588104248,
        -0.0946868285536766,
        0.9226036071777344,
        0.7021896243095398
    ],
    [
        0.9075525403022766,
        -0.21690693497657776,
        0.359582781791687,
        1.0500215291976929,
        0.165694922208786,
        0.971764087677002,
        0.16798776388168335,
        -0.8168680667877197,
        -0.38586726784706116,
        -0.09287668019533157,
        0.9178672432899475,
        0.735033392906189
    ],
    [
        0.9002212882041931,
        -0.2198294848203659,
        0.3758677542209625,
        1.0738275051116943,
        0.16638080775737762,
        0.9713631272315979,
        0.16962014138698578,
        -0.813747227191925,
        -0.40239158272743225,
        -0.09015850722789764,
        0.9110172986984253,
        0.7823120355606079
    ],
    [
        0.892413854598999,
        -0.22320686280727386,
        0.3921431601047516,
        1.0942282676696777,
        0.167538583278656,
        0.9708623886108398,
        0.17133894562721252,
        -0.8111152052879333,
        -0.4189611077308655,
        -0.0872061476111412,
        0.9038068056106567,
        0.827752947807312
    ],
    [
        0.8872026801109314,
        -0.22545915842056274,
        0.4025413393974304,
        1.1086894273757935,
        0.1684534251689911,
        0.9705316424369812,
        0.17231258749961853,
        -0.8091893792152405,
        -0.4295285940170288,
        -0.08506672084331512,
        0.8990377187728882,
        0.857196033000946
    ],
    [
        0.8786340951919556,
        -0.22854018211364746,
        0.4192512333393097,
        1.1278103590011597,
        0.16898903250694275,
        0.9700257778167725,
        0.17462165653705597,
        -0.8102494478225708,
        -0.4465925693511963,
        -0.08257966488599777,
        0.8909184336662292,
        0.9042519330978394
    ],
    [
        0.8696366548538208,
        -0.23154887557029724,
        0.4360242784023285,
        1.147526741027832,
        0.16926603019237518,
        0.9695000052452087,
        0.17725327610969543,
        -0.8108466267585754,
        -0.4637683928012848,
        -0.08034180849790573,
        0.8823060989379883,
        0.952546238899231
    ],
    [
        0.8628031015396118,
        -0.23290689289569855,
        0.44869279861450195,
        1.157705307006836,
        0.16885460913181305,
        0.9693480134010315,
        0.17847295105457306,
        -0.8091344237327576,
        -0.4765070676803589,
        -0.07822319120168686,
        0.8756839036941528,
        0.9881716370582581
    ],
    [
        0.8526014089584351,
        -0.23728124797344208,
        0.4655841290950775,
        1.1751182079315186,
        0.16962379217147827,
        0.9683867692947388,
        0.18290694057941437,
        -0.816770613193512,
        -0.4942658245563507,
        -0.07697252929210663,
        0.8658964037895203,
        1.039040446281433
    ],
    [
        0.8419160842895508,
        -0.23981726169586182,
        0.4833890497684479,
        1.1905512809753418,
        0.16899701952934265,
        0.9679327011108398,
        0.1858660876750946,
        -0.8172520399093628,
        -0.5124619603157043,
        -0.07479237765073776,
        0.855446457862854,
        1.092079997062683
    ],
    [
        0.8353456854820251,
        -0.24209876358509064,
        0.4935441017150879,
        1.2060093879699707,
        0.16905538737773895,
        0.9674286246299744,
        0.18841993808746338,
        -0.8199046850204468,
        -0.5230849385261536,
        -0.07395955175161362,
        0.8490654230117798,
        1.1247873306274414
    ],
    [
        0.8257739543914795,
        -0.2455185204744339,
        0.5077577829360962,
        1.2307425737380981,
        0.16996167600154877,
        0.9667542576789856,
        0.19104798138141632,
        -0.8213337659835815,
        -0.5377828478813171,
        -0.07146313786506653,
        0.8400492668151855,
        1.1699167490005493
    ],
    [
        0.8166584372520447,
        -0.2473188042640686,
        0.521442711353302,
        1.2562670707702637,
        0.16992098093032837,
        0.9665144681930542,
        0.1922929883003235,
        -0.818871796131134,
        -0.5515395402908325,
        -0.06843368709087372,
        0.8313368558883667,
        1.2127035856246948
    ],
    [
        0.8109098076820374,
        -0.24919991195201874,
        0.5294569730758667,
        1.2758591175079346,
        0.17035402357578278,
        0.9661334753036499,
        0.19381867349147797,
        -0.8207986950874329,
        -0.5598257184028625,
        -0.06697431951761246,
        0.8258993029594421,
        1.2388519048690796
    ],
    [
        0.8024461269378662,
        -0.25136297941207886,
        0.5411994457244873,
        1.3067362308502197,
        0.17064929008483887,
        0.965738832950592,
        0.19551783800125122,
        -0.8208774924278259,
        -0.5718033909797668,
        -0.0645371749997139,
        0.817848265171051,
        1.2785643339157104
    ],
    [
        0.7940321564674377,
        -0.25315219163894653,
        0.5526544451713562,
        1.3391411304473877,
        0.17110903561115265,
        0.9654766917228699,
        0.19640928506851196,
        -0.8161494135856628,
        -0.5832964181900024,
        -0.061391107738018036,
        0.8099361062049866,
        1.31879460811615
    ],
    [
        0.7888011932373047,
        -0.2549225091934204,
        0.5592917799949646,
        1.3640694618225098,
        0.17160268127918243,
        0.9650920033454895,
        0.19786320626735687,
        -0.8141331076622009,
        -0.5902078747749329,
        -0.06009887903928757,
        0.8050110936164856,
        1.3447259664535522
    ],
    [
        0.7813194394111633,
        -0.2563795745372772,
        0.5690427422523499,
        1.3985120058059692,
        0.17172810435295105,
        0.9648524522781372,
        0.19891998171806335,
        -0.8093920946121216,
        -0.6000412702560425,
        -0.05769939720630646,
        0.797885537147522,
        1.3833123445510864
    ],
    [
        0.7740841507911682,
        -0.2590996026992798,
        0.5776341557502747,
        1.428910732269287,
        0.17186442017555237,
        0.9641544818878174,
        0.20216004550457,
        -0.8112980723381042,
        -0.609308123588562,
        -0.057214122265577316,
        0.7908667325973511,
        1.4194055795669556
    ]
]