[
    [
        0.9997631311416626,
        0.005339182447642088,
        0.021098894998431206,
        -0.03889615088701248,
        -0.004987764172255993,
        0.9998485445976257,
        -0.016673412173986435,
        0.019579332321882248,
        -0.02118472196161747,
        0.016564227640628815,
        0.9996383190155029,
        0.8568441867828369
    ],
    [
        0.9996504783630371,
        0.0053666927851736546,
        0.025888023898005486,
        -0.04030967876315117,
        -0.004880041349679232,
        0.9998108744621277,
        -0.018825020641088486,
        0.016007181257009506,
        -0.025984156876802444,
        0.018692106008529663,
        0.9994876384735107,
        0.9639463424682617
    ],
    [
        0.9994387030601501,
        0.00429220637306571,
        0.03322644904255867,
        -0.03490094840526581,
        -0.0035816915333271027,
        0.9997643232345581,
        -0.021414082497358322,
        0.011299816891551018,
        -0.033310528844594955,
        0.02128305472433567,
        0.9992184638977051,
        1.1258989572525024
    ],
    [
        0.9991520047187805,
        0.003506723325699568,
        0.041024141013622284,
        -0.024096911773085594,
        -0.0025188326835632324,
        0.9997061491012573,
        -0.024107662960886955,
        0.00642148032784462,
        -0.041096631437540054,
        0.02398388460278511,
        0.9988672137260437,
        1.2889714241027832
    ],
    [
        0.9989310503005981,
        0.002849507611244917,
        0.04613921046257019,
        -0.012621728703379631,
        -0.0016582267126068473,
        0.9996647834777832,
        -0.02583698369562626,
        0.0018410943448543549,
        -0.04619736596941948,
        0.02573285438120365,
        0.9986007809638977,
        1.4012261629104614
    ],
    [
        0.9985510110855103,
        0.001890302635729313,
        0.053780797868967056,
        0.005536241922527552,
        -0.000381082616513595,
        0.9996062517166138,
        -0.028058867901563644,
        -0.009902078658342361,
        -0.0538126565515995,
        0.027997717261314392,
        0.9981584548950195,
        1.5705714225769043
    ],
    [
        0.9980805516242981,
        0.002505874028429389,
        0.061877839267253876,
        0.022522931918501854,
        -0.0006128575187176466,
        0.9995317459106445,
        -0.030592847615480423,
        -0.02766413986682892,
        -0.061925530433654785,
        0.030496202409267426,
        0.997614860534668,
        1.741247296333313
    ],
    [
        0.9976529479026794,
        0.003809035522863269,
        0.06836644560098648,
        0.031136298552155495,
        -0.0016808906802907586,
        0.9995130300521851,
        -0.031159067526459694,
        -0.04254357889294624,
        -0.06845183670520782,
        0.030971020460128784,
        0.9971736669540405,
        1.8542113304138184
    ],
    [
        0.9969505667686462,
        0.004601567517966032,
        0.07789931446313858,
        0.045506801456213,
        -0.001990220043808222,
        0.9994344711303711,
        -0.03356658294796944,
        -0.0657779723405838,
        -0.07800973206758499,
        0.033309195190668106,
        0.9963959455490112,
        2.0199954509735107
    ],
    [
        0.9961633682250977,
        0.006208439357578754,
        0.08729266375303268,
        0.05820715054869652,
        -0.0030782553367316723,
        0.9993489384651184,
        -0.03594748303294182,
        -0.09402509033679962,
        -0.0874590054154396,
        0.035540856420993805,
        0.9955339431762695,
        2.1862828731536865
    ],
    [
        0.9955723881721497,
        0.007752747740596533,
        0.09367809444665909,
        0.06697974354028702,
        -0.004277493339031935,
        0.9992970824241638,
        -0.03724183514714241,
        -0.11693619936704636,
        -0.09390097856521606,
        0.03667623922228813,
        0.9949057102203369,
        2.297717571258545
    ],
    [
        0.9944446682929993,
        0.009381568990647793,
        0.10484200716018677,
        0.07546183466911316,
        -0.005616890732198954,
        0.9993307590484619,
        -0.03614584729075432,
        -0.1625460982322693,
        -0.10511094331741333,
        0.03535615652799606,
        0.9938317537307739,
        2.460730791091919
    ],
    [
        0.993090033531189,
        0.010876699350774288,
        0.11684971302747726,
        0.08796845376491547,
        -0.007123569957911968,
        0.9994467496871948,
        -0.032489024102687836,
        -0.22874189913272858,
        -0.11713844537734985,
        0.0314321406185627,
        0.9926180243492126,
        2.618309736251831
    ],
    [
        0.9922093152999878,
        0.011411440558731556,
        0.12405826896429062,
        0.1011304035782814,
        -0.007476077415049076,
        0.9994553327560425,
        -0.032141271978616714,
        -0.2774156928062439,
        -0.12435749173164368,
        0.03096339851617813,
        0.9917541742324829,
        2.7125563621520996
    ],
    [
        0.9907805323600769,
        0.012149871326982975,
        0.1349305659532547,
        0.12592072784900665,
        -0.007820278406143188,
        0.9994388222694397,
        -0.03257136791944504,
        -0.3532627522945404,
        -0.13525058329105377,
        0.031215885654091835,
        0.990319550037384,
        2.8377883434295654
    ],
    [
        0.9890798330307007,
        0.012717475183308125,
        0.14683131873607635,
        0.15410129725933075,
        -0.007910010404884815,
        0.9994148015975952,
        -0.03327900543808937,
        -0.43106138706207275,
        -0.14716863632202148,
        0.031754158437252045,
        0.9886015057563782,
        2.9479494094848633
    ],
    [
        0.9876222610473633,
        0.011994794011116028,
        0.15639162063598633,
        0.1741005778312683,
        -0.00695059122517705,
        0.999439001083374,
        -0.03276074305176735,
        -0.4845254719257355,
        -0.1566968709230423,
        0.03126823157072067,
        0.987151563167572,
        3.0206897258758545
    ],
    [
        0.9849492907524109,
        0.012517309747636318,
        0.17239023745059967,
        0.2021886706352234,
        -0.00717720203101635,
        0.9994759559631348,
        -0.03156541287899017,
        -0.5687840580940247,
        -0.17269504070281982,
        0.02985304966568947,
        0.984522819519043,
        3.1295135021209717
    ],
    [
        0.9823710918426514,
        0.012458781711757183,
        0.18652574717998505,
        0.23110763728618622,
        -0.006896298378705978,
        0.999512791633606,
        -0.03044075146317482,
        -0.6631192564964294,
        -0.18681414425373077,
        0.028617778792977333,
        0.9819784760475159,
        3.231036424636841
    ],
    [
        0.9803171157836914,
        0.013415798544883728,
        0.1969732791185379,
        0.24591267108917236,
        -0.007582913618534803,
        0.9995109438896179,
        -0.030337003991007805,
        -0.725608229637146,
        -0.19728393852710724,
        0.02824624814093113,
        0.9799394011497498,
        3.2952117919921875
    ],
    [
        0.9768211841583252,
        0.014263788238167763,
        0.213580921292305,
        0.2626904547214508,
        -0.008268781006336212,
        0.999547004699707,
        -0.028936132788658142,
        -0.8150807619094849,
        -0.2138969600200653,
        0.026499377563595772,
        0.976496696472168,
        3.3860855102539062
    ],
    [
        0.9731310606002808,
        0.01483542937785387,
        0.22977373003959656,
        0.2748861312866211,
        -0.008957996033132076,
        0.9996059536933899,
        -0.026601310819387436,
        -0.8982661366462708,
        -0.2300778329372406,
        0.02382824569940567,
        0.9728805422782898,
        3.4780056476593018
    ],
    [
        0.9706401824951172,
        0.014532380737364292,
        0.24009686708450317,
        0.28289100527763367,
        -0.008792594075202942,
        0.9996497631072998,
        -0.02496011182665825,
        -0.9521903991699219,
        -0.24037550389766693,
        0.022116217762231827,
        0.9704280495643616,
        3.538334369659424
    ],
    [
        0.9664931893348694,
        0.01562213059514761,
        0.256216436624527,
        0.294225811958313,
        -0.01019744761288166,
        0.9996951222419739,
        -0.02248724363744259,
        -1.0313911437988281,
        -0.256489634513855,
        0.019121022894978523,
        0.9663577675819397,
        3.6294467449188232
    ],
    [
        0.9614283442497253,
        0.015634888783097267,
        0.27461063861846924,
        0.30892878770828247,
        -0.010677752085030079,
        0.9997521638870239,
        -0.01953742653131485,
        -1.11405348777771,
        -0.27484801411628723,
        0.015851346775889397,
        0.9613571166992188,
        3.7167725563049316
    ]
]