[
    [
        0.9755048751831055,
        0.008874793536961079,
        -0.21979877352714539,
        -0.03770728409290314,
        -0.008179130032658577,
        0.9999582171440125,
        0.004074826370924711,
        -0.0030404834542423487,
        0.21982575953006744,
        -0.002177249174565077,
        0.9755368232727051,
        0.06243707984685898
    ],
    [
        0.9644118547439575,
        0.009629623964428902,
        -0.26422908902168274,
        -0.08619470149278641,
        -0.00881896261125803,
        0.9999520182609558,
        0.004254071973264217,
        -0.005332035478204489,
        0.26425740122795105,
        -0.0017724507488310337,
        0.9644505977630615,
        0.1006581112742424
    ],
    [
        0.951003909111023,
        0.009956302121281624,
        -0.30901864171028137,
        -0.13585831224918365,
        -0.008974318392574787,
        0.9999490976333618,
        0.004599025007337332,
        -0.007025516591966152,
        0.30904871225357056,
        -0.001600458868779242,
        0.9510449171066284,
        0.13426129519939423
    ],
    [
        0.9327307343482971,
        0.010611576028168201,
        -0.3604176938533783,
        -0.18255388736724854,
        -0.009237787686288357,
        0.9999420642852783,
        0.0055341157130897045,
        -0.004224532749503851,
        0.3604554831981659,
        -0.001832377165555954,
        0.9327746033668518,
        0.16770011186599731
    ],
    [
        0.9095022082328796,
        0.011414497159421444,
        -0.415542334318161,
        -0.23356066644191742,
        -0.00981687381863594,
        0.9999339580535889,
        0.0059807985089719296,
        0.0008474442292936146,
        0.41558319330215454,
        -0.0013602232793346047,
        0.9095542430877686,
        0.20999330282211304
    ],
    [
        0.8833478689193726,
        0.012590168975293636,
        -0.46854883432388306,
        -0.29522252082824707,
        -0.010216979309916496,
        0.9999188780784607,
        0.00760646490380168,
        0.004171293694525957,
        0.4686065912246704,
        -0.0019320000428706408,
        0.8834047913551331,
        0.2610912621021271
    ],
    [
        0.8546364903450012,
        0.013365382328629494,
        -0.5190547704696655,
        -0.3630621135234833,
        -0.010841093957424164,
        0.9999099969863892,
        0.007897021248936653,
        0.014375513419508934,
        0.5191136002540588,
        -0.0011219608131796122,
        0.8547044396400452,
        0.33024463057518005
    ],
    [
        0.8225885033607483,
        0.014656865037977695,
        -0.5684482455253601,
        -0.44078540802001953,
        -0.011334768496453762,
        0.9998918175697327,
        0.009378919377923012,
        0.010173647664487362,
        0.5685242414474487,
        -0.0012717617210000753,
        0.8226655721664429,
        0.39533594250679016
    ],
    [
        0.7837244868278503,
        0.0143431406468153,
        -0.620943009853363,
        -0.511113166809082,
        -0.011784001253545284,
        0.999896764755249,
        0.008223379962146282,
        0.0168888121843338,
        0.6209967732429504,
        0.0008723272476345301,
        0.7838126420974731,
        0.44847750663757324
    ],
    [
        0.7435638308525085,
        0.016228685155510902,
        -0.6684680581092834,
        -0.5941480398178101,
        -0.012888281606137753,
        0.9998674988746643,
        0.009938065893948078,
        0.024561554193496704,
        0.6685407757759094,
        0.0012258163187652826,
        0.7436745762825012,
        0.5039284229278564
    ],
    [
        0.7045450210571289,
        0.01754806935787201,
        -0.7094423770904541,
        -0.7026421427726746,
        -0.013676207512617111,
        0.9998443722724915,
        0.011149370111525059,
        0.03687691688537598,
        0.7095274925231934,
        0.00184724573045969,
        0.7046753168106079,
        0.5641066431999207
    ],
    [
        0.6682597994804382,
        0.017713868990540504,
        -0.7437170743942261,
        -0.8234474062919617,
        -0.013496767729520798,
        0.9998406171798706,
        0.011686835438013077,
        0.04302215203642845,
        0.7438055872917175,
        0.0022279347758740187,
        0.6683924198150635,
        0.6335731744766235
    ],
    [
        0.6370745897293091,
        0.01881876029074192,
        -0.7705723643302917,
        -0.942647397518158,
        -0.013537335209548473,
        0.99982088804245,
        0.013225361704826355,
        0.03514580801129341,
        0.7706832885742188,
        0.002005956834182143,
        0.6372151374816895,
        0.6969078183174133
    ],
    [
        0.6090546250343323,
        0.019772062078118324,
        -0.7928817272186279,
        -1.0549966096878052,
        -0.01397726871073246,
        0.9998015761375427,
        0.014195329509675503,
        0.03477328270673752,
        0.793005108833313,
        0.002436592010781169,
        0.6092100739479065,
        0.7637574672698975
    ],
    [
        0.5850722193717957,
        0.021050702780485153,
        -0.8107079267501831,
        -1.1743824481964111,
        -0.014126883819699287,
        0.9997758865356445,
        0.015764912590384483,
        0.04254738613963127,
        0.8108581900596619,
        0.002229164820164442,
        0.585238516330719,
        0.8356560468673706
    ],
    [
        0.5616218447685242,
        0.020648563280701637,
        -0.8271363377571106,
        -1.3023560047149658,
        -0.013639610260725021,
        0.9997837543487549,
        0.015697283670306206,
        0.05656590312719345,
        0.827281653881073,
        0.0024658802431076765,
        0.5617820620536804,
        0.9213578104972839
    ],
    [
        0.5374442338943481,
        0.0202177707105875,
        -0.843056857585907,
        -1.4270110130310059,
        -0.013794617727398872,
        0.9997895359992981,
        0.015182462520897388,
        0.06445388495922089,
        0.8431864380836487,
        0.00346992164850235,
        0.5376100540161133,
        0.9981899261474609
    ],
    [
        0.51641845703125,
        0.020409852266311646,
        -0.8560931086540222,
        -1.5491242408752441,
        -0.014164873398840427,
        0.9997828006744385,
        0.015290874987840652,
        0.08063196390867233,
        0.8562191724777222,
        0.004229958169162273,
        0.5165953636169434,
        1.060675024986267
    ],
    [
        0.5008217096328735,
        0.020951123908162117,
        -0.8652969598770142,
        -1.6807606220245361,
        -0.01508522592484951,
        0.9997664093971252,
        0.015475871972739697,
        0.10655055940151215,
        0.8654189705848694,
        0.005302545614540577,
        0.5010207891464233,
        1.117398738861084
    ],
    [
        0.4903184473514557,
        0.021081963554024696,
        -0.8712882995605469,
        -1.817544937133789,
        -0.014784439466893673,
        0.9997647404670715,
        0.015870658680796623,
        0.12758418917655945,
        0.8714179396629333,
        0.005099833477288485,
        0.4905148148536682,
        1.170167088508606
    ],
    [
        0.48311129212379456,
        0.020953359082341194,
        -0.8753081560134888,
        -1.9387505054473877,
        -0.015096654184162617,
        0.9997643828392029,
        0.01560028363019228,
        0.14053648710250854,
        0.8754287958145142,
        0.0056775519624352455,
        0.48331373929977417,
        1.2198914289474487
    ],
    [
        0.47854310274124146,
        0.021151432767510414,
        -0.8778092861175537,
        -2.05289626121521,
        -0.014242843724787235,
        0.9997652769088745,
        0.01632547564804554,
        0.1570560783147812,
        0.8779484629631042,
        0.0046900552697479725,
        0.47873207926750183,
        1.27145516872406
    ],
    [
        0.47487932443618774,
        0.021253805607557297,
        -0.8797942996025085,
        -2.170442819595337,
        -0.013637213036417961,
        0.9997660517692566,
        0.016791202127933502,
        0.18160021305084229,
        0.8799452185630798,
        0.004024147987365723,
        0.47505807876586914,
        1.337695598602295
    ],
    [
        0.47285765409469604,
        0.02162391133606434,
        -0.880873441696167,
        -2.292142868041992,
        -0.013423746451735497,
        0.9997595548629761,
        0.017336418852210045,
        0.21055015921592712,
        0.881036639213562,
        0.0036269633565098047,
        0.47303423285484314,
        1.413773775100708
    ],
    [
        0.4705461859703064,
        0.020497305318713188,
        -0.8821371793746948,
        -2.4299635887145996,
        -0.012963793240487576,
        0.9997828006744385,
        0.016315815970301628,
        0.25248420238494873,
        0.8822801113128662,
        0.0037584996316581964,
        0.4707097113132477,
        1.4986226558685303
    ]
]