[
    [
        0.9995064735412598,
        -0.031304724514484406,
        -0.002609261777251959,
        -0.00033332049497403204,
        0.031023861840367317,
        0.9967432022094727,
        -0.07443463802337646,
        -0.17880186438560486,
        0.0049309199675917625,
        0.07431695610284805,
        0.9972225427627563,
        0.015385818667709827
    ],
    [
        0.9995014667510986,
        -0.03144696354866028,
        -0.002809966681525111,
        0.00035766843939200044,
        0.031126096844673157,
        0.9963762760162354,
        -0.07915490120649338,
        -0.19283507764339447,
        0.005288964603096247,
        0.07902798801660538,
        0.9968583583831787,
        0.013853160664439201
    ],
    [
        0.9995007514953613,
        -0.031513165682554245,
        -0.002269497374072671,
        -0.00014005444245412946,
        0.031215282157063484,
        0.9960443377494812,
        -0.08319449424743652,
        -0.2048218846321106,
        0.004882241133600473,
        0.08308212459087372,
        0.9965307116508484,
        0.012259780429303646
    ],
    [
        0.9994999766349792,
        -0.031558483839035034,
        -0.002011115662753582,
        -8.600288856541738e-05,
        0.0312640443444252,
        0.9957183599472046,
        -0.08699167519807816,
        -0.21538889408111572,
        0.004747830796986818,
        0.08688530325889587,
        0.9962069988250732,
        0.010909290052950382
    ],
    [
        0.9994952082633972,
        -0.03171159327030182,
        -0.0019304221495985985,
        0.00014620937872678041,
        0.031400974839925766,
        0.9952888488769531,
        -0.0917283147573471,
        -0.22549644112586975,
        0.004830179736018181,
        0.09162138402462006,
        0.9957821369171143,
        0.009667398408055305
    ],
    [
        0.9994943737983704,
        -0.03176892176270485,
        -0.0013329357607290149,
        -0.00021753225883003324,
        0.031487952917814255,
        0.9947432279586792,
        -0.09743984788656235,
        -0.24093759059906006,
        0.004421486984938383,
        0.09734859317541122,
        0.9952405691146851,
        0.007533692754805088
    ],
    [
        0.9994939565658569,
        -0.031798966228961945,
        -0.0009004059247672558,
        -0.0005254647112451494,
        0.03154239431023598,
        0.9943103194236755,
        -0.10174474120140076,
        -0.25156015157699585,
        0.004130661021918058,
        0.10166484862565994,
        0.9948102235794067,
        0.005956991109997034
    ],
    [
        0.999491810798645,
        -0.031856149435043335,
        -0.0011200219159945846,
        0.00016722864529583603,
        0.03155888244509697,
        0.9938852190971375,
        -0.1058121919631958,
        -0.26271292567253113,
        0.004483942873775959,
        0.1057230681180954,
        0.9943856000900269,
        0.00436575198546052
    ],
    [
        0.9994915723800659,
        -0.03186899051070213,
        -0.001033782958984375,
        0.0003999224863946438,
        0.03156281262636185,
        0.9934511780738831,
        -0.10981227457523346,
        -0.27384063601493835,
        0.004526618868112564,
        0.10972380638122559,
        0.9939517378807068,
        0.0027191098779439926
    ],
    [
        0.9994911551475525,
        -0.03188474476337433,
        -0.0009335348149761558,
        0.0005563126760534942,
        0.03156907111406326,
        0.992942750453949,
        -0.11431614309549332,
        -0.284786581993103,
        0.004571886733174324,
        0.1142285019159317,
        0.9934439659118652,
        0.0009287411230616271
    ],
    [
        0.999492347240448,
        -0.03182640299201012,
        -0.0014225434279069304,
        0.0016715466044843197,
        0.03142180293798447,
        0.9921839237213135,
        -0.12076350301504135,
        -0.299475759267807,
        0.005254891701042652,
        0.12065750360488892,
        0.9926803112030029,
        -0.0014252178370952606
    ],
    [
        0.999495804309845,
        -0.03172530606389046,
        -0.0013076546601951122,
        0.0019515061285346746,
        0.03131553530693054,
        0.9917197227478027,
        -0.12454488128423691,
        -0.31217435002326965,
        0.0052480511367321014,
        0.12444113940000534,
        0.9922130703926086,
        -0.0032588692847639322
    ],
    [
        0.9994964003562927,
        -0.03172536939382553,
        -0.0006573897553607821,
        0.001452622120268643,
        0.031380053609609604,
        0.9912708401679993,
        -0.12805263698101044,
        -0.3237590491771698,
        0.00471416674554348,
        0.12796752154827118,
        0.9917671084403992,
        -0.00542257959023118
    ],
    [
        0.999502420425415,
        -0.031532399356365204,
        -0.000781059090513736,
        0.0019138538045808673,
        0.03115789219737053,
        0.990878701210022,
        -0.1311045140028,
        -0.3351782560348511,
        0.004907974507659674,
        0.13101494312286377,
        0.9913682341575623,
        -0.00740166986361146
    ],
    [
        0.9995085597038269,
        -0.031339459121227264,
        -0.0006363690481521189,
        0.0020174889359623194,
        0.03096734918653965,
        0.9903793931007385,
        -0.13486948609352112,
        -0.34404313564300537,
        0.004856982734054327,
        0.13478349149227142,
        0.9908632040023804,
        -0.009314624592661858
    ],
    [
        0.9995089769363403,
        -0.031332992017269135,
        -0.00012417267134878784,
        0.0017206072807312012,
        0.031014874577522278,
        0.9899091124534607,
        -0.13826723396778107,
        -0.35584521293640137,
        0.004455245565623045,
        0.1381954848766327,
        0.9903950095176697,
        -0.011597046628594398
    ],
    [
        0.999509871006012,
        -0.03130830451846123,
        0.0001346885837847367,
        0.0016179279191419482,
        0.031009593978524208,
        0.9893619418144226,
        -0.14213143289089203,
        -0.3631511330604553,
        0.0043166386894881725,
        0.14206591248512268,
        0.9898478388786316,
        -0.013216585852205753
    ],
    [
        0.9995113611221313,
        -0.03125409036874771,
        0.000485902710352093,
        0.0014603575691580772,
        0.030995862558484077,
        0.9890050888061523,
        -0.14459656178951263,
        -0.3721836507320404,
        0.004038674291223288,
        0.14454098045825958,
        0.9894905686378479,
        -0.015120938420295715
    ],
    [
        0.9995148777961731,
        -0.03114004246890545,
        0.0005549763445742428,
        0.001666047959588468,
        0.030883152037858963,
        0.9886489510536194,
        -0.14703571796417236,
        -0.38071495294570923,
        0.004030021373182535,
        0.14698150753974915,
        0.9891310930252075,
        -0.01675564981997013
    ],
    [
        0.9995173215866089,
        -0.03105405531823635,
        0.0008320379420183599,
        0.0015497563872486353,
        0.030826276168227196,
        0.988158643245697,
        -0.1503070741891861,
        -0.38751164078712463,
        0.003845459083095193,
        0.15026018023490906,
        0.9886389970779419,
        -0.01831807568669319
    ],
    [
        0.9995229840278625,
        -0.030859488993883133,
        0.0012107007205486298,
        0.0014387258561328053,
        0.030678072944283485,
        0.9876087307929993,
        -0.15390846133232117,
        -0.3982654809951782,
        0.0035538377705961466,
        0.15387219190597534,
        0.9880843758583069,
        -0.020482776686549187
    ],
    [
        0.9995285868644714,
        -0.030678456649184227,
        0.0012395937228575349,
        0.001712957862764597,
        0.03049442358314991,
        0.9872097969055176,
        -0.15648314356803894,
        -0.4057931900024414,
        0.0035769229289144278,
        0.156447172164917,
        0.9876798391342163,
        -0.021924372762441635
    ],
    [
        0.999531626701355,
        -0.030585166066884995,
        0.0010588291333988309,
        0.0022168359719216824,
        0.03036496601998806,
        0.9868362545967102,
        -0.15884624421596527,
        -0.41314032673835754,
        0.003813448129221797,
        0.15880398452281952,
        0.9873027801513672,
        -0.02344966121017933
    ],
    [
        0.9995341897010803,
        -0.030506711453199387,
        0.0009402866708114743,
        0.0026018726639449596,
        0.030255798250436783,
        0.9863182306289673,
        -0.16205205023288727,
        -0.4185864329338074,
        0.004016252234578133,
        0.1620049923658371,
        0.9867817759513855,
        -0.024672318249940872
    ],
    [
        0.9995419383049011,
        -0.03025825135409832,
        0.0006996755255386233,
        0.0031657663639634848,
        0.029956961050629616,
        0.9857634902000427,
        -0.16544775664806366,
        -0.42778584361076355,
        0.004316444043070078,
        0.1653929203748703,
        0.986218273639679,
        -0.026666566729545593
    ]
]