[
    [
        0.9933076500892639,
        -0.0038885895628482103,
        0.11543276906013489,
        0.02755718119442463,
        0.004216719418764114,
        0.999987781047821,
        -0.0025985469110310078,
        -0.034762609750032425,
        -0.11542124301195145,
        0.003067904384806752,
        0.993311882019043,
        -0.18173056840896606
    ],
    [
        0.9839629530906677,
        -0.006319243926554918,
        0.1782611906528473,
        -0.008861308917403221,
        0.007029522210359573,
        0.9999697208404541,
        -0.0033531489316374063,
        -0.03735778108239174,
        -0.17823459208011627,
        0.004552464932203293,
        0.9839774966239929,
        -0.2776772975921631
    ],
    [
        0.9691863656044006,
        -0.009003587998449802,
        0.24616414308547974,
        -0.05122154578566551,
        0.010146449320018291,
        0.9999428391456604,
        -0.0033746904227882624,
        -0.03110339306294918,
        -0.24611972272396088,
        0.005768396891653538,
        0.9692222476005554,
        -0.3663804233074188
    ],
    [
        0.9531605243682861,
        -0.011371658183634281,
        0.3022511601448059,
        -0.059593502432107925,
        0.012886014766991138,
        0.999912440776825,
        -0.0030166259966790676,
        -0.02721554972231388,
        -0.302190363407135,
        0.006770141888409853,
        0.9532235264778137,
        -0.44464680552482605
    ],
    [
        0.9322075247764587,
        -0.013296262361109257,
        0.36167997121810913,
        -0.03038552962243557,
        0.015167361125349998,
        0.9998822212219238,
        -0.002334747463464737,
        -0.03152651712298393,
        -0.36160629987716675,
        0.007662199437618256,
        0.9322993755340576,
        -0.5241294503211975
    ],
    [
        0.9062519073486328,
        -0.015041816048324108,
        0.42247042059898376,
        0.030712435021996498,
        0.017259707674384117,
        0.9998500347137451,
        -0.0014251446118578315,
        -0.042206812649965286,
        -0.4223856031894684,
        0.008583255112171173,
        0.906375527381897,
        -0.602478563785553
    ],
    [
        0.8768126368522644,
        -0.016701016575098038,
        0.48054200410842896,
        0.08547946810722351,
        0.019403653219342232,
        0.999811589717865,
        -0.0006565535441040993,
        -0.04938862845301628,
        -0.48044049739837646,
        0.009899944998323917,
        0.876971423625946,
        -0.6859270930290222
    ],
    [
        0.8372328281402588,
        -0.018568573519587517,
        0.5465311408042908,
        0.14299382269382477,
        0.021813781931996346,
        0.9997618794441223,
        0.000550628814380616,
        -0.04913542419672012,
        -0.5464113354682922,
        0.011460908688604832,
        0.8374385833740234,
        -0.7730419635772705
    ],
    [
        0.7938272953033447,
        -0.020864935591816902,
        0.6077852845191956,
        0.20534060895442963,
        0.024769745767116547,
        0.9996913075447083,
        0.0019671295303851366,
        -0.041750431060791016,
        -0.6076386570930481,
        0.013493124395608902,
        0.794098973274231,
        -0.8521137237548828
    ],
    [
        0.750446081161499,
        -0.022600555792450905,
        0.6605451703071594,
        0.268485963344574,
        0.02700493112206459,
        0.9996290802955627,
        0.003521982114762068,
        -0.032064277678728104,
        -0.6603797078132629,
        0.01519492082297802,
        0.7507781386375427,
        -0.9230564832687378
    ],
    [
        0.702014684677124,
        -0.023368343710899353,
        0.7117788791656494,
        0.33657220005989075,
        0.02851826511323452,
        0.9995822310447693,
        0.00469013350084424,
        -0.015825564041733742,
        -0.7115910649299622,
        0.017006153240799904,
        0.7023879289627075,
        -0.9960361123085022
    ],
    [
        0.6495680809020996,
        -0.02434098906815052,
        0.7599137425422668,
        0.39677694439888,
        0.030268358066678047,
        0.9995229840278625,
        0.006142826750874519,
        0.0016260900301858783,
        -0.7597007155418396,
        0.019011156633496284,
        0.6499949097633362,
        -1.0671460628509521
    ],
    [
        0.5836471319198608,
        -0.025233328342437744,
        0.8116152882575989,
        0.4857914447784424,
        0.0319075845181942,
        0.9994577765464783,
        0.00812807958573103,
        0.023951858282089233,
        -0.8113802671432495,
        0.02115275338292122,
        0.5841357707977295,
        -1.1226396560668945
    ],
    [
        0.5077310800552368,
        -0.025743994861841202,
        0.8611308932304382,
        0.6796862483024597,
        0.03353940695524216,
        0.9993863701820374,
        0.01010205876082182,
        0.04610535129904747,
        -0.8608624339103699,
        0.023752694949507713,
        0.5082829594612122,
        -1.1701395511627197
    ],
    [
        0.45580723881721497,
        -0.02683253400027752,
        0.8896740078926086,
        0.8573339581489563,
        0.03535768389701843,
        0.9993023872375488,
        0.012024099007248878,
        0.045449599623680115,
        -0.8893759250640869,
        0.025976140052080154,
        0.45643794536590576,
        -1.2189435958862305
    ],
    [
        0.42169904708862305,
        -0.02763460949063301,
        0.9063146114349365,
        1.1016093492507935,
        0.03803419694304466,
        0.9991947412490845,
        0.012769710272550583,
        0.0483623705804348,
        -0.9059378504753113,
        0.029085973277688026,
        0.4224105775356293,
        -1.311037540435791
    ],
    [
        0.4134279489517212,
        -0.02824237383902073,
        0.9100988507270813,
        1.3556934595108032,
        0.039805006235837936,
        0.9991238713264465,
        0.012922915630042553,
        0.05007074028253555,
        -0.9096665382385254,
        0.030883796513080597,
        0.41418978571891785,
        -1.4140931367874146
    ],
    [
        0.41154855489730835,
        -0.028318174183368683,
        0.9109477400779724,
        1.5825735330581665,
        0.041105080395936966,
        0.9990768432617188,
        0.01248730905354023,
        0.0680614784359932,
        -0.9104602932929993,
        0.03230544924736023,
        0.4123327136039734,
        -1.4601972103118896
    ],
    [
        0.41110852360725403,
        -0.028265999630093575,
        0.911147952079773,
        1.8813683986663818,
        0.04197732359170914,
        0.9990458488464355,
        0.012052702717483044,
        0.07081840187311172,
        -0.91061931848526,
        0.033292584121227264,
        0.4119028151035309,
        -1.501135230064392
    ],
    [
        0.4112578332424164,
        -0.027909131720662117,
        0.911091685295105,
        2.184539556503296,
        0.04224042221903801,
        0.9990409016609192,
        0.011536335572600365,
        0.08086159825325012,
        -0.9105397462844849,
        0.033740490674972534,
        0.4120423495769501,
        -1.5359114408493042
    ],
    [
        0.4101148843765259,
        -0.027308091521263123,
        0.9116249680519104,
        2.485489845275879,
        0.04132033884525299,
        0.9990816712379456,
        0.01133901160210371,
        0.09416645020246506,
        -0.9110974073410034,
        0.033018361777067184,
        0.4108666181564331,
        -1.5323234796524048
    ],
    [
        0.40805914998054504,
        -0.025814367458224297,
        0.9125903248786926,
        2.7830448150634766,
        0.04072338342666626,
        0.9991198182106018,
        0.010052802972495556,
        0.0946466326713562,
        -0.9120467305183411,
        0.03306163102388382,
        0.4087512791156769,
        -1.4665194749832153
    ],
    [
        0.4058997333049774,
        -0.0245058611035347,
        0.9135889410972595,
        3.034357786178589,
        0.040173400193452835,
        0.999152660369873,
        0.008952300995588303,
        0.09562729299068451,
        -0.9130343198776245,
        0.03306823968887329,
        0.406540185213089,
        -1.4110608100891113
    ],
    [
        0.4052869379520416,
        -0.0230157021433115,
        0.9138997793197632,
        3.2892086505889893,
        0.039409980177879333,
        0.9991936087608337,
        0.007686608470976353,
        0.09223370254039764,
        -0.9133396744728088,
        0.03290148451924324,
        0.40586721897125244,
        -1.3559138774871826
    ],
    [
        0.40419402718544006,
        -0.021915974095463753,
        0.9144107103347778,
        3.524205446243286,
        0.03834237530827522,
        0.9992401003837585,
        0.007000748999416828,
        0.09143739938735962,
        -0.9138692617416382,
        0.03223101794719696,
        0.40472719073295593,
        -1.2945542335510254
    ]
]