[
    [
        0.9992418885231018,
        0.0026076287031173706,
        0.03884146735072136,
        0.2310207635164261,
        -0.0029444904066622257,
        0.9999585747718811,
        0.008618074469268322,
        -0.008423659950494766,
        -0.0388173833489418,
        -0.00872590858489275,
        0.9992082715034485,
        -0.046580005437135696
    ],
    [
        0.9985882639884949,
        0.0020238705910742283,
        0.05307990312576294,
        0.26458409428596497,
        -0.002503457944840193,
        0.9999567270278931,
        0.008970271795988083,
        -0.007608809042721987,
        -0.053059447556734085,
        -0.009090489707887173,
        0.9985499978065491,
        -0.04806380346417427
    ],
    [
        0.997599720954895,
        0.0016864095814526081,
        0.06922464072704315,
        0.29973161220550537,
        -0.002377553842961788,
        0.9999482035636902,
        0.009902910329401493,
        -0.007299147546291351,
        -0.06920435279607773,
        -0.01004372350871563,
        0.9975519776344299,
        -0.04954756051301956
    ],
    [
        0.9962966442108154,
        0.0010966529371216893,
        0.08597613871097565,
        0.335903525352478,
        -0.0019864803180098534,
        0.999945342540741,
        0.010264829732477665,
        -0.007569420151412487,
        -0.08596018701791763,
        -0.010397604666650295,
        0.9962443113327026,
        -0.051488589495420456
    ],
    [
        0.9948573708534241,
        0.0009537558071315289,
        0.10128114372491837,
        0.3758310079574585,
        -0.0017758229514583945,
        0.9999662041664124,
        0.008026832714676857,
        -0.0024401647970080376,
        -0.10127006471157074,
        -0.008165411651134491,
        0.9948253631591797,
        -0.05776074901223183
    ],
    [
        0.9924880266189575,
        -6.451878289226443e-05,
        0.1223413422703743,
        0.41574880480766296,
        -0.0011624316684901714,
        0.9999496936798096,
        0.00995751190930605,
        -0.005414699669927359,
        -0.12233583629131317,
        -0.010024924762547016,
        0.9924381375312805,
        -0.05909156799316406
    ],
    [
        0.9902019500732422,
        -0.0010896872263401747,
        0.13963887095451355,
        0.4480801820755005,
        -0.00014777206524740905,
        0.9999607801437378,
        0.008851178921759129,
        -0.0026291217654943466,
        -0.13964302837848663,
        -0.00878508947789669,
        0.9901629686355591,
        -0.06116442754864693
    ],
    [
        0.9872985482215881,
        -0.0012592050479725003,
        0.15887120366096497,
        0.4764922857284546,
        -7.253789954120293e-05,
        0.9999650120735168,
        0.008376454934477806,
        -0.0011069421889260411,
        -0.1588761806488037,
        -0.0082815857604146,
        0.9872637391090393,
        -0.060030996799468994
    ],
    [
        0.9848529696464539,
        -0.0011064583668485284,
        0.1733880490064621,
        0.5070652961730957,
        -0.0001874421286629513,
        0.9999723434448242,
        0.007445902563631535,
        0.001401344547048211,
        -0.17339147627353668,
        -0.007365620229393244,
        0.9848255515098572,
        -0.06359070539474487
    ],
    [
        0.982138991355896,
        -0.0009040327277034521,
        0.18815480172634125,
        0.5384423732757568,
        -0.00041718981810845435,
        0.9999755024909973,
        0.006982279475778341,
        0.004500349052250385,
        -0.18815650045871735,
        -0.006936064455658197,
        0.9821146130561829,
        -0.06871464848518372
    ],
    [
        0.978525698184967,
        -0.0007415685686282814,
        0.20612353086471558,
        0.5732357501983643,
        -0.0010425124783068895,
        0.9999629855155945,
        0.008546655997633934,
        0.005987065378576517,
        -0.20612221956253052,
        -0.008578008972108364,
        0.9784886837005615,
        -0.07532011717557907
    ],
    [
        0.9749259352684021,
        -0.001141840242780745,
        0.22252660989761353,
        0.6036049127578735,
        -0.0011364059755578637,
        0.9999482035636902,
        0.01010976918041706,
        0.005091659724712372,
        -0.2225266396999359,
        -0.010109156370162964,
        0.9748741984367371,
        -0.08130041509866714
    ],
    [
        0.971370279788971,
        -0.0010010848054662347,
        0.23756851255893707,
        0.6361411213874817,
        -0.0015439464477822185,
        0.9999434947967529,
        0.010526531375944614,
        0.005488874856382608,
        -0.23756559193134308,
        -0.010591953061521053,
        0.9713137149810791,
        -0.09060366451740265
    ],
    [
        0.9671785235404968,
        -0.0010810851817950606,
        0.25409528613090515,
        0.6653233766555786,
        -0.002102443017065525,
        0.9999226331710815,
        0.01225697435438633,
        0.00617589894682169,
        -0.2540888786315918,
        -0.012388903647661209,
        0.9671015739440918,
        -0.09742754697799683
    ],
    [
        0.9622357487678528,
        -0.001306529506109655,
        0.27221423387527466,
        0.6964734196662903,
        -0.003055548295378685,
        0.9998736381530762,
        0.015599923208355904,
        0.00418322067707777,
        -0.27220022678375244,
        -0.01584256812930107,
        0.9621102809906006,
        -0.10586922615766525
    ],
    [
        0.9562104344367981,
        -0.0012296864297240973,
        0.29267728328704834,
        0.7309764623641968,
        -0.004012937657535076,
        0.9998420476913452,
        0.0173115786164999,
        0.004364492371678352,
        -0.2926523685455322,
        -0.017728008329868317,
        0.9560545682907104,
        -0.11569670587778091
    ],
    [
        0.9516803622245789,
        -0.0012906899210065603,
        0.3070877492427826,
        0.7588996291160583,
        -0.0045468127354979515,
        0.9998222589492798,
        0.018293054774403572,
        0.005001107230782509,
        -0.3070567846298218,
        -0.01880541257560253,
        0.9515053033828735,
        -0.12543433904647827
    ],
    [
        0.9474431276321411,
        -0.0012753342743963003,
        0.3199215829372406,
        0.7848983407020569,
        -0.005224016960710287,
        0.9997971057891846,
        0.01945643685758114,
        0.005355837754905224,
        -0.31988149881362915,
        -0.020105144008994102,
        0.9472442865371704,
        -0.13433325290679932
    ],
    [
        0.9425686001777649,
        -0.0014337718021124601,
        0.3340095579624176,
        0.8125686049461365,
        -0.005963847041130066,
        0.9997590780258179,
        0.021121438592672348,
        0.005134345963597298,
        -0.3339593708515167,
        -0.02190038561820984,
        0.9423330426216125,
        -0.14435085654258728
    ],
    [
        0.9377729892730713,
        -0.0014500563265755773,
        0.3472459316253662,
        0.8395993113517761,
        -0.0064741456881165504,
        0.9997444152832031,
        0.02165890298783779,
        0.006057184189558029,
        -0.3471885919570923,
        -0.022559255361557007,
        0.9375239610671997,
        -0.1543436050415039
    ],
    [
        0.9325306415557861,
        -0.0013434310676530004,
        0.36108821630477905,
        0.8682572245597839,
        -0.007630468811839819,
        0.9996964335441589,
        0.023425493389368057,
        0.00613977387547493,
        -0.3610101044178009,
        -0.024600261822342873,
        0.9322373270988464,
        -0.16489514708518982
    ],
    [
        0.9284378886222839,
        -0.0011640316806733608,
        0.37148571014404297,
        0.8911293745040894,
        -0.008647358044981956,
        0.9996563792228699,
        0.02474433183670044,
        0.006422456353902817,
        -0.37138691544532776,
        -0.02618594653904438,
        0.9281088709831238,
        -0.17366518080234528
    ],
    [
        0.9249346256256104,
        -0.0008533945074304938,
        0.380125492811203,
        0.9114519953727722,
        -0.009656109847128391,
        0.9996219873428345,
        0.025739768519997597,
        0.006928036455065012,
        -0.38000378012657166,
        -0.027478134259581566,
        0.9245766401290894,
        -0.18138229846954346
    ],
    [
        0.9211467504501343,
        -0.0008352600852958858,
        0.38921448588371277,
        0.931454062461853,
        -0.010259450413286686,
        0.9995980262756348,
        0.026426000520586967,
        0.0070988186635077,
        -0.38908013701438904,
        -0.02833535149693489,
        0.9207679033279419,
        -0.18891537189483643
    ],
    [
        0.916487991809845,
        -0.0009946230566129088,
        0.40006110072135925,
        0.9547849893569946,
        -0.011098219081759453,
        0.9995487928390503,
        0.02790963649749756,
        0.006381227634847164,
        -0.3999083638191223,
        -0.03001881018280983,
        0.9160634279251099,
        -0.19828632473945618
    ]
]