[
    [
        0.9995641112327576,
        0.001596167916432023,
        0.029479186981916428,
        -0.00583839463070035,
        0.0018852720968425274,
        0.9930481910705566,
        -0.1176939457654953,
        -0.0023293804842978716,
        -0.029462112113833427,
        0.11769822239875793,
        0.9926122426986694,
        0.14212243258953094
    ],
    [
        0.9909422397613525,
        -0.00014597861445508897,
        0.13428950309753418,
        -0.004872283898293972,
        0.015859093517065048,
        0.993128776550293,
        -0.11594704538583755,
        0.008059539832174778,
        -0.13334982097148895,
        0.11702652275562286,
        0.9841355681419373,
        0.18396838009357452
    ],
    [
        0.9747464656829834,
        -0.0024627915117889643,
        0.223300963640213,
        0.008353492245078087,
        0.028165064752101898,
        0.9933100938796997,
        -0.11199002712965012,
        0.01822551339864731,
        -0.22153128683567047,
        0.11545117199420929,
        0.9682947993278503,
        0.2489929348230362
    ],
    [
        0.9548377990722656,
        -0.006114364601671696,
        0.29706448316574097,
        0.04062816500663757,
        0.039757199585437775,
        0.9934269785881042,
        -0.10734203457832336,
        0.033768974244594574,
        -0.29445546865463257,
        0.11430469155311584,
        0.9488046765327454,
        0.35631754994392395
    ],
    [
        0.9398484230041504,
        -0.007694762200117111,
        0.3415051996707916,
        0.08990197628736496,
        0.04550673067569733,
        0.9936554431915283,
        -0.10284904390573502,
        0.04459284991025925,
        -0.33854711055755615,
        0.11220329254865646,
        0.9342356324195862,
        0.5018838047981262
    ],
    [
        0.9280140995979309,
        -0.009362390264868736,
        0.3724275529384613,
        0.1652718037366867,
        0.04977903515100479,
        0.993835985660553,
        -0.09905540943145752,
        0.0327584482729435,
        -0.3692045211791992,
        0.11046389490365982,
        0.9227598905563354,
        0.7005863785743713
    ],
    [
        0.9194679260253906,
        -0.01030920259654522,
        0.3930298984050751,
        0.2261376678943634,
        0.05178891867399216,
        0.9941214323043823,
        -0.09508094191551208,
        0.008778199553489685,
        -0.3897392749786377,
        0.10777846723794937,
        0.9145967364311218,
        0.8836279511451721
    ],
    [
        0.9116724133491516,
        -0.011521314270794392,
        0.4107562005519867,
        0.2807677686214447,
        0.05479515343904495,
        0.9940882325172424,
        -0.09373451769351959,
        -0.018738381564617157,
        -0.407247930765152,
        0.10796261578798294,
        0.9069141149520874,
        1.08763587474823
    ],
    [
        0.9014840126037598,
        -0.010702528059482574,
        0.43268007040023804,
        0.33560243248939514,
        0.055572230368852615,
        0.9942817091941833,
        -0.09119009971618652,
        -0.07964115589857101,
        -0.4292299449443817,
        0.10625141859054565,
        0.8969238996505737,
        1.354520559310913
    ],
    [
        0.8926702737808228,
        -0.012300374917685986,
        0.4505423903465271,
        0.3951456844806671,
        0.05817849934101105,
        0.9944092631340027,
        -0.08812178671360016,
        -0.12481045722961426,
        -0.4469396770000458,
        0.1048755794763565,
        0.8883950710296631,
        1.5797955989837646
    ],
    [
        0.8859482407569885,
        -0.01263272762298584,
        0.46361207962036133,
        0.48583847284317017,
        0.06034223362803459,
        0.9942716360092163,
        -0.08821972459554672,
        -0.1531471163034439,
        -0.45984184741973877,
        0.10613350570201874,
        0.8816354870796204,
        1.8484269380569458
    ],
    [
        0.8837732672691345,
        -0.01279295515269041,
        0.46774038672447205,
        0.5720436573028564,
        0.061148080974817276,
        0.9942113161087036,
        -0.08834417909383774,
        -0.1937580406665802,
        -0.46390262246131897,
        0.10667765885591507,
        0.8794397711753845,
        2.0762248039245605
    ],
    [
        0.8820602893829346,
        -0.013433512300252914,
        0.4709451496601105,
        0.6627027988433838,
        0.06212073192000389,
        0.9941823482513428,
        -0.08799085766077042,
        -0.23182067275047302,
        -0.4670233428478241,
        0.1068686917424202,
        0.8777631521224976,
        2.3332037925720215
    ],
    [
        0.8785012364387512,
        -0.01355736143887043,
        0.47754767537117004,
        0.7471002340316772,
        0.062230292707681656,
        0.994327962398529,
        -0.08625089377164841,
        -0.26022255420684814,
        -0.47366973757743835,
        0.10548944771289825,
        0.874362051486969,
        2.580277681350708
    ],
    [
        0.8726136684417725,
        -0.013907567597925663,
        0.48821312189102173,
        0.826812744140625,
        0.06361750513315201,
        0.9943150877952576,
        -0.08538278192281723,
        -0.3024693429470062,
        -0.4842502176761627,
        0.10556507855653763,
        0.8685376644134521,
        2.805544376373291
    ],
    [
        0.8609390258789062,
        -0.013893540017306805,
        0.508518397808075,
        0.951634407043457,
        0.06630643457174301,
        0.994163990020752,
        -0.08509691804647446,
        -0.323320597410202,
        -0.5043683052062988,
        0.1069812998175621,
        0.8568357229232788,
        3.0747873783111572
    ],
    [
        0.8504945635795593,
        -0.015702197328209877,
        0.5257493257522583,
        1.0898725986480713,
        0.06954291462898254,
        0.9941361546516418,
        -0.08280705660581589,
        -0.34733641147613525,
        -0.5213662385940552,
        0.10698909312486649,
        0.8465995192527771,
        3.3183891773223877
    ],
    [
        0.8399525880813599,
        -0.015972742810845375,
        0.5424249172210693,
        1.2394589185714722,
        0.07127124071121216,
        0.9941553473472595,
        -0.08108974248170853,
        -0.39184820652008057,
        -0.5379592180252075,
        0.10677079856395721,
        0.8361818194389343,
        3.5807974338531494
    ],
    [
        0.8309518098831177,
        -0.016722725704312325,
        0.5560928583145142,
        1.365395188331604,
        0.0738162249326706,
        0.994024932384491,
        -0.08040909469127655,
        -0.40762609243392944,
        -0.5514256358146667,
        0.10786475241184235,
        0.8272213339805603,
        3.8153457641601562
    ],
    [
        0.8204041719436646,
        -0.015654437243938446,
        0.5715696215629578,
        1.487903356552124,
        0.07519599795341492,
        0.9938970804214478,
        -0.08071144670248032,
        -0.43821361660957336,
        -0.5668178796768188,
        0.1091957613825798,
        0.8165743947029114,
        4.056732654571533
    ],
    [
        0.803831160068512,
        -0.016003746539354324,
        0.594642162322998,
        1.634880542755127,
        0.07797347754240036,
        0.9938477873802185,
        -0.07865606248378754,
        -0.47719141840934753,
        -0.5897250771522522,
        0.1095925122499466,
        0.8001337051391602,
        4.304407596588135
    ],
    [
        0.7877262830734253,
        -0.018015973269939423,
        0.615761935710907,
        1.7891178131103516,
        0.0817374512553215,
        0.9937909841537476,
        -0.07548800110816956,
        -0.4781304895877838,
        -0.6105785965919495,
        0.10979469120502472,
        0.7843080163002014,
        4.520978927612305
    ],
    [
        0.7771897315979004,
        -0.01906604692339897,
        0.6289777755737305,
        1.9823075532913208,
        0.08405167609453201,
        0.9937295317649841,
        -0.07373490929603577,
        -0.5059243440628052,
        -0.6236276030540466,
        0.11017265170812607,
        0.7739188075065613,
        4.76951265335083
    ],
    [
        0.7716944813728333,
        -0.01950882188975811,
        0.6356940865516663,
        2.1375534534454346,
        0.0854201391339302,
        0.99365234375,
        -0.07320071011781693,
        -0.5316222310066223,
        -0.6302309036254883,
        0.11078967899084091,
        0.768462598323822,
        4.981321334838867
    ],
    [
        0.7675667405128479,
        -0.019450131803750992,
        0.6406741142272949,
        2.308250904083252,
        0.08573032170534134,
        0.9936739206314087,
        -0.07254338264465332,
        -0.554031252861023,
        -0.635209858417511,
        0.11060705780982971,
        0.7643784880638123,
        5.249941349029541
    ]
]