[
    [
        0.9999901652336121,
        0.003269967157393694,
        0.0030012798961251974,
        -0.0930742397904396,
        -0.003269762033596635,
        0.9999946355819702,
        -7.321218436118215e-05,
        0.001353582483716309,
        -0.0030015024822205305,
        6.33988092886284e-05,
        0.9999954700469971,
        0.0009058848954737186
    ],
    [
        0.999987781047821,
        0.0036614800337702036,
        0.0033029066398739815,
        -0.10213509947061539,
        -0.00366118922829628,
        0.9999933242797852,
        -9.411571227246895e-05,
        0.0016831147950142622,
        -0.0033032293431460857,
        8.202229219023138e-05,
        0.9999945163726807,
        0.000744712189771235
    ],
    [
        0.9999842047691345,
        0.004289359785616398,
        0.0036388912703841925,
        -0.11387167870998383,
        -0.0042909858748316765,
        0.9999907612800598,
        0.00043931748950853944,
        0.00102760992012918,
        -0.003636973677203059,
        -0.00045492546632885933,
        0.9999932050704956,
        0.000586475245654583
    ],
    [
        0.9999819993972778,
        0.004482932388782501,
        0.003978893626481295,
        -0.12157002836465836,
        -0.004485272336751223,
        0.9999897480010986,
        0.0005794598837383091,
        0.0009273356408812106,
        -0.003976256120949984,
        -0.0005972959916107357,
        0.9999918937683105,
        0.000510716054122895
    ],
    [
        0.9999780654907227,
        0.004882080480456352,
        0.0044974214397370815,
        -0.13437214493751526,
        -0.004885014146566391,
        0.9999879002571106,
        0.0006415541283786297,
        0.000997205381281674,
        -0.004494234919548035,
        -0.0006635098834522069,
        0.9999896287918091,
        8.689537207828835e-05
    ],
    [
        0.9999743700027466,
        0.005300859920680523,
        0.0048121255822479725,
        -0.14386457204818726,
        -0.005304667633026838,
        0.9999856352806091,
        0.0007789672235958278,
        0.0008718776516616344,
        -0.004807926714420319,
        -0.0008044737624004483,
        0.9999880790710449,
        -0.00014012549945618957
    ],
    [
        0.9999662041664124,
        0.006233233958482742,
        0.0053710113279521465,
        -0.1585833877325058,
        -0.006239143665879965,
        0.9999799728393555,
        0.0010844282805919647,
        0.0005115357926115394,
        -0.005364143289625645,
        -0.0011179018765687943,
        0.9999849796295166,
        -0.0005328217521309853
    ],
    [
        0.9999591112136841,
        0.006974714808166027,
        0.005740003194659948,
        -0.16798453032970428,
        -0.0069809588603675365,
        0.9999750852584839,
        0.0010684769367799163,
        0.0006734509952366352,
        -0.005732408724725246,
        -0.0011085032019764185,
        0.9999829530715942,
        -0.0006955314893275499
    ],
    [
        0.9999507069587708,
        0.007707755081355572,
        0.006252163555473089,
        -0.1816411316394806,
        -0.007715190760791302,
        0.9999696016311646,
        0.0011659548617899418,
        0.0006808339385315776,
        -0.006242986302822828,
        -0.0012141342740505934,
        0.9999797344207764,
        -0.0008848004508763552
    ],
    [
        0.9999450445175171,
        0.008183715865015984,
        0.006550535559654236,
        -0.1906191110610962,
        -0.008192314766347408,
        0.9999656081199646,
        0.001286886865273118,
        0.00034492136910557747,
        -0.006539779249578714,
        -0.0013404805213212967,
        0.9999778270721436,
        -0.0010743348393589258
    ],
    [
        0.9999337196350098,
        0.009077821858227253,
        0.007079875562340021,
        -0.20393669605255127,
        -0.009088916704058647,
        0.9999575018882751,
        0.0015365551225841045,
        0.00029578397516161203,
        -0.007065625861287117,
        -0.0016008013626560569,
        0.9999736547470093,
        -0.001358950394205749
    ],
    [
        0.9999262690544128,
        0.009552642703056335,
        0.0074912430718541145,
        -0.21298491954803467,
        -0.009564288891851902,
        0.9999530911445618,
        0.0015202807262539864,
        0.0004793168045580387,
        -0.007476368919014931,
        -0.0015918173594400287,
        0.9999707937240601,
        -0.0016551093431189656
    ],
    [
        0.9999139308929443,
        0.010423697531223297,
        0.007976590655744076,
        -0.22636617720127106,
        -0.010436936281621456,
        0.9999442100524902,
        0.0016199613455682993,
        0.0006759431562386453,
        -0.007959258742630482,
        -0.0017030725721269846,
        0.9999668598175049,
        -0.0017391116125509143
    ],
    [
        0.9999042749404907,
        0.011149649508297443,
        0.008200550451874733,
        -0.23476174473762512,
        -0.011165015399456024,
        0.999936044216156,
        0.0018302539829164743,
        0.0002615838311612606,
        -0.008179618045687675,
        -0.0019216377986595035,
        0.9999645948410034,
        -0.0018516684649512172
    ],
    [
        0.9998907446861267,
        0.011909564957022667,
        0.008758561685681343,
        -0.2467704713344574,
        -0.011926200240850449,
        0.9999271035194397,
        0.001849623629823327,
        0.00063165562460199,
        -0.008735896088182926,
        -0.0019538782071322203,
        0.9999599456787109,
        -0.0018816329538822174
    ],
    [
        0.9998829364776611,
        0.012339477427303791,
        0.009052058681845665,
        -0.2544754147529602,
        -0.01235774252563715,
        0.9999216794967651,
        0.0019647381268441677,
        0.0006983783678151667,
        -0.009027105756103992,
        -0.0020763706415891647,
        0.9999570846557617,
        -0.0018627396784722805
    ],
    [
        0.9998710751533508,
        0.013088453561067581,
        0.00929640606045723,
        -0.2661372125148773,
        -0.013107470236718655,
        0.9999121427536011,
        0.0019875969737768173,
        0.0006741161923855543,
        -0.009269573725759983,
        -0.002109193243086338,
        0.9999548196792603,
        -0.0023268861696124077
    ],
    [
        0.9998645186424255,
        0.013389021158218384,
        0.009578081779181957,
        -0.27416566014289856,
        -0.013409781269729137,
        0.999907910823822,
        0.0021064304746687412,
        0.000695264432579279,
        -0.009548996575176716,
        -0.002234584651887417,
        0.999951958656311,
        -0.0024900464341044426
    ],
    [
        0.9998493790626526,
        0.014222235418856144,
        0.00995797012001276,
        -0.2865790128707886,
        -0.014245054684579372,
        0.9998960494995117,
        0.002224511234089732,
        0.0006888770731166005,
        -0.009925296530127525,
        -0.002366028493270278,
        0.9999479055404663,
        -0.0028372223023325205
    ],
    [
        0.9998360276222229,
        0.01489189825952053,
        0.010303996503353119,
        -0.2948486804962158,
        -0.014915557578206062,
        0.9998862147331238,
        0.002223026705905795,
        0.0007874394650571048,
        -0.010269719175994396,
        -0.0023763522040098906,
        0.9999444484710693,
        -0.002895108889788389
    ],
    [
        0.9998157024383545,
        0.01597541756927967,
        0.010637803003191948,
        -0.3060508668422699,
        -0.016004251316189766,
        0.9998683929443359,
        0.0026307201478630304,
        0.0007443952490575612,
        -0.010594378225505352,
        -0.0028004851192235947,
        0.9999399185180664,
        -0.0031696243677288294
    ],
    [
        0.9997975826263428,
        0.016878606751561165,
        0.010941675864160061,
        -0.3135131895542145,
        -0.016909288242459297,
        0.9998533725738525,
        0.0027175559662282467,
        0.000608336937148124,
        -0.010894203558564186,
        -0.00290202209725976,
        0.9999364614486694,
        -0.0030863594729453325
    ],
    [
        0.9997745752334595,
        0.018055150285363197,
        0.011170928366482258,
        -0.32362425327301025,
        -0.018086938187479973,
        0.9998326301574707,
        0.0027511483058333397,
        0.0005448345327749848,
        -0.011119387112557888,
        -0.0029525759164243937,
        0.9999338388442993,
        -0.0032983017154037952
    ],
    [
        0.9997537732124329,
        0.019039727747440338,
        0.011396845802664757,
        -0.32954272627830505,
        -0.01907297782599926,
        0.9998141527175903,
        0.002815884305164218,
        0.0005572186200879514,
        -0.011341112665832043,
        -0.003032563254237175,
        0.9999309778213501,
        -0.003438903484493494
    ],
    [
        0.9997224807739258,
        0.020462483167648315,
        0.01167221274226904,
        -0.33776408433914185,
        -0.020499110221862793,
        0.9997852444648743,
        0.0030271548312157393,
        0.00024562556063756347,
        -0.011607765220105648,
        -0.003265584819018841,
        0.999927282333374,
        -0.0033506450708955526
    ]
]