[
    [
        0.9999945759773254,
        -0.003137635998427868,
        -0.0010188299929723144,
        0.15522736310958862,
        0.003137157764285803,
        0.9999948740005493,
        -0.00047050678404048085,
        -0.001523436396382749,
        0.0010203012498095632,
        0.00046730818576179445,
        0.9999994039535522,
        -0.0020867709536105394
    ],
    [
        0.9999927282333374,
        -0.003586737671867013,
        -0.0013008896494284272,
        0.1704760491847992,
        0.003585872473195195,
        0.9999933838844299,
        -0.0006671607261523604,
        -0.0010467347456142306,
        0.0013032741844654083,
        0.0006624913075938821,
        0.999998927116394,
        -0.0008470946340821683
    ],
    [
        0.999990701675415,
        -0.003986296243965626,
        -0.0016987095586955547,
        0.1909300833940506,
        0.003984773997217417,
        0.9999917149543762,
        -0.0008982034050859511,
        -0.000792143342550844,
        0.0017022762913256884,
        0.0008914265781641006,
        0.9999980926513672,
        -2.659270649019163e-05
    ],
    [
        0.9999886155128479,
        -0.004406066611409187,
        -0.0018842833815142512,
        0.20327693223953247,
        0.004404221195727587,
        0.9999898672103882,
        -0.0009822851279750466,
        -0.0007460285560227931,
        0.001888591912575066,
        0.0009739749366417527,
        0.9999977350234985,
        0.00040722035919316113
    ],
    [
        0.9999844431877136,
        -0.005117635242640972,
        -0.0022629143204540014,
        0.22138307988643646,
        0.005114891100674868,
        0.9999861121177673,
        -0.0012167124077677727,
        -0.0002704606158658862,
        0.002269110409542918,
        0.0012051193043589592,
        0.9999966621398926,
        0.0010983296670019627
    ],
    [
        0.9999819397926331,
        -0.005457026418298483,
        -0.002498568268492818,
        0.23346325755119324,
        0.005453892983496189,
        0.9999843835830688,
        -0.0012591095874086022,
        -0.00017292407574132085,
        0.0025054006837308407,
        0.0012454604730010033,
        0.9999960660934448,
        0.0016166456043720245
    ],
    [
        0.9999785423278809,
        -0.00596612598747015,
        -0.002761966548860073,
        0.2516195476055145,
        0.005962454713881016,
        0.9999812841415405,
        -0.0013357008574530482,
        0.00022104638628661633,
        0.0027698834892362356,
        0.001319203875027597,
        0.999995231628418,
        0.002489005448296666
    ],
    [
        0.9999751448631287,
        -0.006431481335312128,
        -0.002906049834564328,
        0.26412495970726013,
        0.006427542772144079,
        0.9999783635139465,
        -0.0013626866275444627,
        0.0004098665958736092,
        0.002914751647040248,
        0.0013439743779599667,
        0.9999948740005493,
        0.0030602908227592707
    ],
    [
        0.9999696016311646,
        -0.007141523063182831,
        -0.0031467906665056944,
        0.28211069107055664,
        0.007136178202927113,
        0.9999730587005615,
        -0.0017068430315703154,
        0.001263800892047584,
        0.0031588950660079718,
        0.001684335176832974,
        0.9999936819076538,
        0.003774430835619569
    ],
    [
        0.9999678730964661,
        -0.007326298858970404,
        -0.003240849357098341,
        0.2930692434310913,
        0.007320606615394354,
        0.9999716281890869,
        -0.0017648086650297046,
        0.0015821915585547686,
        0.0032536876387894154,
        0.0017410262953490019,
        0.9999932050704956,
        0.004541740287095308
    ],
    [
        0.9999609589576721,
        -0.008173568174242973,
        -0.00337146851234138,
        0.3089313209056854,
        0.00816711038351059,
        0.9999648928642273,
        -0.0019246204756200314,
        0.0020985263399779797,
        0.0033870800398290157,
        0.0018970107194036245,
        0.9999923706054688,
        0.005537506192922592
    ],
    [
        0.9999601244926453,
        -0.008254080079495907,
        -0.0034233720507472754,
        0.3198724687099457,
        0.008247374556958675,
        0.9999639987945557,
        -0.0019684021826833487,
        0.0022165703121572733,
        0.003439495339989662,
        0.001940090791322291,
        0.9999922513961792,
        0.0061421869322657585
    ],
    [
        0.9999551773071289,
        -0.008709406480193138,
        -0.00373198464512825,
        0.337205171585083,
        0.008701314218342304,
        0.9999598264694214,
        -0.0021791004110127687,
        0.002453391905874014,
        0.003750812727957964,
        0.002146529033780098,
        0.999990701675415,
        0.006285698153078556
    ],
    [
        0.9999498128890991,
        -0.009234977886080742,
        -0.0038845455273985863,
        0.352832555770874,
        0.009225974790751934,
        0.9999547004699707,
        -0.002329242415726185,
        0.003214075695723295,
        0.0039058804977685213,
        0.002293287543579936,
        0.9999897480010986,
        0.007122327573597431
    ],
    [
        0.9999480247497559,
        -0.009418812580406666,
        -0.00389841734431684,
        0.36222973465919495,
        0.009409630671143532,
        0.9999528527259827,
        -0.0023673486430197954,
        0.002948416629806161,
        0.003920531366020441,
        0.0023305434733629227,
        0.9999896287918091,
        0.007389494683593512
    ],
    [
        0.9999439716339111,
        -0.009818854741752148,
        -0.00397083442658186,
        0.37507665157318115,
        0.00980844721198082,
        0.9999485015869141,
        -0.0026320244651287794,
        0.0037798117846250534,
        0.003996473271399736,
        0.00259292870759964,
        0.9999886751174927,
        0.007796249818056822
    ],
    [
        0.999940037727356,
        -0.010094355791807175,
        -0.004241560120135546,
        0.3831551671028137,
        0.010083187371492386,
        0.9999456405639648,
        -0.002646505134180188,
        0.003902084892615676,
        0.0042680432088673115,
        0.002603577682748437,
        0.9999874830245972,
        0.008135922253131866
    ],
    [
        0.9999319911003113,
        -0.01076688151806593,
        -0.004471159540116787,
        0.395175039768219,
        0.010754925198853016,
        0.9999385476112366,
        -0.0026899445801973343,
        0.004159159958362579,
        0.0044998470693826675,
        0.002641674829646945,
        0.9999862909317017,
        0.008762662298977375
    ],
    [
        0.999930202960968,
        -0.010942867025732994,
        -0.004440639168024063,
        0.40346020460128784,
        0.010931208729743958,
        0.9999367594718933,
        -0.0026409628335386515,
        0.00416364474222064,
        0.004469258710741997,
        0.002592237666249275,
        0.9999867677688599,
        0.009127878583967686
    ],
    [
        0.9999165534973145,
        -0.011992492713034153,
        -0.004817458335310221,
        0.41704586148262024,
        0.011979282833635807,
        0.9999244809150696,
        -0.0027615923900157213,
        0.0047189523465931416,
        0.004850213415920734,
        0.0027036515530198812,
        0.9999845027923584,
        0.009359288029372692
    ],
    [
        0.9999099969863892,
        -0.012548190541565418,
        -0.004754672292619944,
        0.4248848855495453,
        0.012534244917333126,
        0.9999170899391174,
        -0.002951446920633316,
        0.005402863956987858,
        0.004791314247995615,
        0.0028915847651660442,
        0.9999842643737793,
        0.009996524080634117
    ],
    [
        0.9999002814292908,
        -0.013288763351738453,
        -0.00477911252528429,
        0.4353099763393402,
        0.013275278732180595,
        0.9999078512191772,
        -0.002842241432517767,
        0.005804832559078932,
        0.0048164427280426025,
        0.002778514288365841,
        0.9999845027923584,
        0.010280780494213104
    ],
    [
        0.9998977780342102,
        -0.013520218431949615,
        -0.004654231481254101,
        0.44123852252960205,
        0.013506937772035599,
        0.9999046921730042,
        -0.002873281016945839,
        0.005997814703732729,
        0.004692635498940945,
        0.002810122910887003,
        0.9999849796295166,
        0.010610089637339115
    ],
    [
        0.999890923500061,
        -0.0139739029109478,
        -0.004791904706507921,
        0.4499530494213104,
        0.013960165902972221,
        0.999898374080658,
        -0.002888336079195142,
        0.006614821031689644,
        0.0048317802138626575,
        0.002821125090122223,
        0.9999843835830688,
        0.011515393853187561
    ],
    [
        0.9998856782913208,
        -0.014377200976014137,
        -0.004683053120970726,
        0.45912107825279236,
        0.014363665133714676,
        0.99989253282547,
        -0.002911298768594861,
        0.006866346579045057,
        0.004724406637251377,
        0.0028436994180083275,
        0.999984860420227,
        0.011597888544201851
    ]
]