[
    [
        0.999797523021698,
        -0.0010744588216766715,
        -0.020093325525522232,
        0.08089836686849594,
        0.001236528274603188,
        0.9999668598175049,
        0.008055142126977444,
        0.002839997410774231,
        0.02008400298655033,
        -0.008078357204794884,
        0.9997656941413879,
        0.4077027440071106
    ],
    [
        0.9997413754463196,
        -0.0006986353546380997,
        -0.022733548656105995,
        0.09050766378641129,
        0.0008782497607171535,
        0.9999685287475586,
        0.00789179839193821,
        0.003749951021745801,
        0.022727319970726967,
        -0.007909722626209259,
        0.9997103810310364,
        0.44891002774238586
    ],
    [
        0.9996538758277893,
        7.591809117002413e-05,
        -0.02630952186882496,
        0.10223732888698578,
        0.00012181609781691805,
        0.9999717473983765,
        0.007514000870287418,
        0.0031571784056723118,
        0.02630935050547123,
        -0.0075146048329770565,
        0.999625563621521,
        0.5017266869544983
    ],
    [
        0.9995483756065369,
        0.0012362407287582755,
        -0.030026430264115334,
        0.11120110005140305,
        -0.0010379682062193751,
        0.9999775290489197,
        0.006617930252104998,
        0.003607228398323059,
        0.030033938586711884,
        -0.00658377492800355,
        0.9995272159576416,
        0.5562725067138672
    ],
    [
        0.9994386434555054,
        0.0023751987610012293,
        -0.033418357372283936,
        0.1192568838596344,
        -0.002192304702475667,
        0.999982476234436,
        0.005508456379175186,
        0.0039113974198699,
        0.03343085199594498,
        -0.005432100035250187,
        0.9994263648986816,
        0.6081937551498413
    ],
    [
        0.9993294477462769,
        0.003549340181052685,
        -0.03644111007452011,
        0.12553025782108307,
        -0.003392110811546445,
        0.9999847412109375,
        0.004375526215881109,
        0.00343496585264802,
        0.03645608201622963,
        -0.004248981364071369,
        0.999326229095459,
        0.6594386696815491
    ],
    [
        0.999214231967926,
        0.004331229254603386,
        -0.039396047592163086,
        0.12958113849163055,
        -0.004210383165627718,
        0.9999861717224121,
        0.0031499494798481464,
        0.0026395670138299465,
        0.03940914571285248,
        -0.0029816024471074343,
        0.9992187023162842,
        0.7124083638191223
    ],
    [
        0.9991022348403931,
        0.004755296278744936,
        -0.042095426470041275,
        0.13231106102466583,
        -0.004685175605118275,
        0.9999874830245972,
        0.0017642293823882937,
        0.0031294473446905613,
        0.04210329055786133,
        -0.0015654207672923803,
        0.999112069606781,
        0.763581395149231
    ],
    [
        0.9989895224571228,
        0.004801584407687187,
        -0.044686056673526764,
        0.13557685911655426,
        -0.0047819167375564575,
        0.9999883770942688,
        0.0005470096948556602,
        0.002992425113916397,
        0.044688161462545395,
        -0.0003327722370158881,
        0.9990009665489197,
        0.8145224452018738
    ],
    [
        0.9988683462142944,
        0.004656216129660606,
        -0.04733256995677948,
        0.1390424370765686,
        -0.004691506735980511,
        0.999988853931427,
        -0.0006345129222609103,
        0.004675315693020821,
        0.04732908681035042,
        0.0008558559347875416,
        0.9988788962364197,
        0.8668156862258911
    ],
    [
        0.9987576603889465,
        0.004479455295950174,
        -0.04962883144617081,
        0.14179563522338867,
        -0.00455092266201973,
        0.9999887347221375,
        -0.0013271387433633208,
        0.004386921878904104,
        0.04962233081459999,
        0.0015513473190367222,
        0.9987668991088867,
        0.9181945323944092
    ],
    [
        0.9986681938171387,
        0.004633083939552307,
        -0.05138351768255234,
        0.14168326556682587,
        -0.004718765616416931,
        0.9999877214431763,
        -0.001546330633573234,
        0.0040432121604681015,
        0.05137572064995766,
        0.0017867375863716006,
        0.9986777901649475,
        0.9705830216407776
    ],
    [
        0.9986027479171753,
        0.005155832506716251,
        -0.0525907501578331,
        0.14139237999916077,
        -0.005235488060861826,
        0.9999853372573853,
        -0.0013769733486697078,
        0.003975991625338793,
        0.05258287861943245,
        0.0016503882361575961,
        0.9986151456832886,
        1.0236256122589111
    ],
    [
        0.9985822439193726,
        0.0057436092756688595,
        -0.05292021110653877,
        0.1396726816892624,
        -0.0057945046573877335,
        0.9999828934669495,
        -0.0008083617431111634,
        0.003054596483707428,
        0.052914660423994064,
        0.0011138622649013996,
        0.9985983967781067,
        1.0648478269577026
    ],
    [
        0.9985828995704651,
        0.006510949227958918,
        -0.05281807854771614,
        0.13688655197620392,
        -0.006500899791717529,
        0.99997878074646,
        0.00036208712845109403,
        0.0009637481416575611,
        0.05281931906938553,
        -1.820890247472562e-05,
        0.9986040592193604,
        1.1149095296859741
    ],
    [
        0.9985835552215576,
        0.007224821951240301,
        -0.05271192267537117,
        0.1342516839504242,
        -0.007140368688851595,
        0.999972939491272,
        0.0017902872059494257,
        -7.92602077126503e-06,
        0.05272343009710312,
        -0.0014113684883341193,
        0.9986081123352051,
        1.164972186088562
    ],
    [
        0.9985584616661072,
        0.007693576626479626,
        -0.053120486438274384,
        0.13344985246658325,
        -0.007523407228291035,
        0.9999659657478333,
        0.00340267107822001,
        0.0009805248118937016,
        0.053144849836826324,
        -0.0029981201514601707,
        0.9985823035240173,
        1.2167985439300537
    ],
    [
        0.9985259771347046,
        0.008153718896210194,
        -0.053659744560718536,
        0.13357864320278168,
        -0.007868802174925804,
        0.9999537467956543,
        0.0055188387632369995,
        0.0013188077136874199,
        0.05370226502418518,
        -0.00508846715092659,
        0.9985440373420715,
        1.2702394723892212
    ],
    [
        0.9985033869743347,
        0.008677751757204533,
        -0.05399772524833679,
        0.13285613059997559,
        -0.008248858153820038,
        0.9999326467514038,
        0.008160636760294437,
        0.0012319469824433327,
        0.054064903408288956,
        -0.007703005336225033,
        0.9985076785087585,
        1.3232311010360718
    ],
    [
        0.9984863996505737,
        0.009202620014548302,
        -0.05422365665435791,
        0.13165335357189178,
        -0.0086217587813735,
        0.9999030232429504,
        0.010936529375612736,
        0.001760878600180149,
        0.05431904271245003,
        -0.010452473536133766,
        0.9984688758850098,
        1.3769258260726929
    ],
    [
        0.9984931349754333,
        0.009815697558224201,
        -0.053990911692380905,
        0.12847620248794556,
        -0.009100460447371006,
        0.9998677968978882,
        0.01347729004919529,
        0.002194240689277649,
        0.05411606281995773,
        -0.012965641915798187,
        0.998450517654419,
        1.4305545091629028
    ],
    [
        0.9985209107398987,
        0.010063732974231243,
        -0.05342811346054077,
        0.12404008209705353,
        -0.009240198880434036,
        0.9998350143432617,
        0.0156385600566864,
        0.0011934861540794373,
        0.05357668548822403,
        -0.015121744014322758,
        0.9984492659568787,
        1.4824669361114502
    ],
    [
        0.998528778553009,
        0.010011358186602592,
        -0.053292516618967056,
        0.12041657418012619,
        -0.00912690069526434,
        0.9998170137405396,
        0.01681387610733509,
        0.00148821622133255,
        0.05345108360052109,
        -0.016302740201354027,
        0.9984373450279236,
        1.53307044506073
    ],
    [
        0.9985201954841614,
        0.00951033178716898,
        -0.05354300141334534,
        0.11828874051570892,
        -0.008597931824624538,
        0.9998143315315247,
        0.017245130613446236,
        0.0017226394265890121,
        0.053697068244218826,
        -0.016759252175688744,
        0.9984166622161865,
        1.58403480052948
    ],
    [
        0.9984741806983948,
        0.009044943377375603,
        -0.05447494611144066,
        0.11884354054927826,
        -0.008125328458845615,
        0.999821126461029,
        0.017079303041100502,
        0.0039613316766917706,
        0.0546196848154068,
        -0.016610614955425262,
        0.9983690977096558,
        1.636760950088501
    ]
]