[
    [
        0.9351953268051147,
        -0.009731689468026161,
        -0.35399848222732544,
        -0.5959131717681885,
        0.024103812873363495,
        0.9990533590316772,
        0.03621285781264305,
        0.057486627250909805,
        0.3533109724521637,
        -0.042398806661367416,
        0.9345446228981018,
        0.13759978115558624
    ],
    [
        0.922527015209198,
        -0.011974611319601536,
        -0.3857467770576477,
        -0.6697489023208618,
        0.02970418892800808,
        0.9987567067146301,
        0.04003453254699707,
        0.057292640209198,
        0.38478776812553406,
        -0.04839123412966728,
        0.9217357039451599,
        0.19365066289901733
    ],
    [
        0.9089897274971008,
        -0.010385126806795597,
        -0.41668909788131714,
        -0.7425174117088318,
        0.03136493265628815,
        0.9985594749450684,
        0.043534211814403534,
        0.05908260866999626,
        0.4156367778778076,
        -0.052641578018665314,
        0.9080060124397278,
        0.24872945249080658
    ],
    [
        0.8935035467147827,
        -0.008503898978233337,
        -0.44897568225860596,
        -0.8218850493431091,
        0.0333489291369915,
        0.9983164072036743,
        0.0474587120115757,
        0.06561487168073654,
        0.4478161931037903,
        -0.05737738311290741,
        0.8922827243804932,
        0.30658596754074097
    ],
    [
        0.8786888718605042,
        -0.0012787719024345279,
        -0.4773932099342346,
        -0.9167218208312988,
        0.02888435870409012,
        0.9983067512512207,
        0.0504903644323349,
        0.075900599360466,
        0.47652027010917664,
        -0.05815451964735985,
        0.8772380352020264,
        0.37177592515945435
    ],
    [
        0.8597637414932251,
        0.004241093993186951,
        -0.5106743574142456,
        -1.028694748878479,
        0.025575116276741028,
        0.9983532428741455,
        0.05134909972548485,
        0.0824551060795784,
        0.5100511908531189,
        -0.057208649814128876,
        0.8582394123077393,
        0.4429751932621002
    ],
    [
        0.8410206437110901,
        0.004978640004992485,
        -0.5409801602363586,
        -1.120123028755188,
        0.02630043402314186,
        0.998399019241333,
        0.05007554963231087,
        0.08613699674606323,
        0.5403633713722229,
        -0.056342583149671555,
        0.8395432829856873,
        0.5116182565689087
    ],
    [
        0.8207792043685913,
        0.0036052989307790995,
        -0.5712342858314514,
        -1.2117267847061157,
        0.02888760156929493,
        0.9984386563301086,
        0.047808773815631866,
        0.08593333512544632,
        0.5705147385597229,
        -0.055742036551237106,
        0.8193935751914978,
        0.5881378054618835
    ],
    [
        0.7995003461837769,
        0.005688536446541548,
        -0.6006386876106262,
        -1.3030847311019897,
        0.028031915426254272,
        0.9985122084617615,
        0.04676954075694084,
        0.08526242524385452,
        0.6000111699104309,
        -0.054229315370321274,
        0.7981515526771545,
        0.6710659265518188
    ],
    [
        0.7777052521705627,
        0.011273868381977081,
        -0.6285279393196106,
        -1.3902844190597534,
        0.02395738661289215,
        0.9985812902450562,
        0.047555021941661835,
        0.08001979440450668,
        0.6281723380088806,
        -0.0520416796207428,
        0.7763320207595825,
        0.7489014863967896
    ],
    [
        0.7538900971412659,
        0.01867544651031494,
        -0.6567350625991821,
        -1.5050138235092163,
        0.016827045008540154,
        0.9987190961837769,
        0.04771675541996956,
        0.0805322676897049,
        0.6567850708961487,
        -0.04702410101890564,
        0.7526103854179382,
        0.8278945088386536
    ],
    [
        0.7351861596107483,
        0.02063467726111412,
        -0.6775511503219604,
        -1.6093220710754395,
        0.013326341286301613,
        0.9989033937454224,
        0.04488132521510124,
        0.0813327431678772,
        0.6777342557907104,
        -0.042025405913591385,
        0.7341050505638123,
        0.8910607695579529
    ],
    [
        0.7184788584709167,
        0.019544044509530067,
        -0.6952739953994751,
        -1.706992745399475,
        0.011826027184724808,
        0.999117374420166,
        0.04030575230717659,
        0.08197643607854843,
        0.6954481601715088,
        -0.03718116506934166,
        0.717613697052002,
        0.9536790251731873
    ],
    [
        0.7064051032066345,
        0.02030215784907341,
        -0.7075164318084717,
        -1.8131446838378906,
        0.010663320310413837,
        0.9991698265075684,
        0.03931770846247673,
        0.08047651499509811,
        0.7077274918556213,
        -0.035318706184625626,
        0.70560222864151,
        1.0204830169677734
    ],
    [
        0.6933954358100891,
        0.019405191764235497,
        -0.7202959060668945,
        -1.9194289445877075,
        0.01227163802832365,
        0.9991742372512817,
        0.03873167186975479,
        0.07825271040201187,
        0.7204527258872986,
        -0.035695578902959824,
        0.6925848722457886,
        1.0983489751815796
    ],
    [
        0.6861396431922913,
        0.01859726943075657,
        -0.7272321581840515,
        -2.0328612327575684,
        0.014712217263877392,
        0.9991139769554138,
        0.03943091630935669,
        0.0722387433052063,
        0.7273210883140564,
        -0.03775431215763092,
        0.6852580308914185,
        1.1783696413040161
    ],
    [
        0.6923527717590332,
        0.019132649526000023,
        -0.7213054895401001,
        -2.1345837116241455,
        0.012466982938349247,
        0.9991819858551025,
        0.03846989572048187,
        0.0756959393620491,
        0.7214515209197998,
        -0.03562723845243454,
        0.6915479302406311,
        1.2496949434280396
    ],
    [
        0.7110687494277954,
        0.01968834549188614,
        -0.7028467059135437,
        -2.240983486175537,
        0.011036667972803116,
        0.9991721510887146,
        0.03915487974882126,
        0.07792361825704575,
        0.703035831451416,
        -0.03559889644384384,
        0.7102628350257874,
        1.3218365907669067
    ],
    [
        0.7295987606048584,
        0.01703244261443615,
        -0.6836632490158081,
        -2.3407602310180664,
        0.011170296929776669,
        0.9992597103118896,
        0.03681587427854538,
        0.08285455405712128,
        0.6837841868400574,
        -0.03449754789471626,
        0.7288682460784912,
        1.387529969215393
    ],
    [
        0.7479214072227478,
        0.012215892784297466,
        -0.6636751294136047,
        -2.4436206817626953,
        0.014820724725723267,
        0.9992740750312805,
        0.03509513661265373,
        0.08640675991773605,
        0.6636218428611755,
        -0.036084551364183426,
        0.7471972703933716,
        1.4687845706939697
    ],
    [
        0.7689192891120911,
        0.00783974677324295,
        -0.6392977833747864,
        -2.5552005767822266,
        0.01811261661350727,
        0.9992563128471375,
        0.03403899073600769,
        0.08124467730522156,
        0.6390893459320068,
        -0.03775259479880333,
        0.768205463886261,
        1.5564872026443481
    ],
    [
        0.7882969975471497,
        0.005201221909373999,
        -0.6152727007865906,
        -2.644216299057007,
        0.019490012899041176,
        0.9992514252662659,
        0.033418089151382446,
        0.07462950050830841,
        0.6149861216545105,
        -0.038335058838129044,
        0.7876057624816895,
        1.6258368492126465
    ],
    [
        0.8094954490661621,
        0.0026898961514234543,
        -0.5871202349662781,
        -2.7326478958129883,
        0.01949124038219452,
        0.999315083026886,
        0.03145204111933708,
        0.0719454362988472,
        0.5868024826049805,
        -0.0369039885699749,
        0.8088884949684143,
        1.6896564960479736
    ],
    [
        0.8283361196517944,
        -0.003706155112013221,
        -0.5602190494537354,
        -2.8057126998901367,
        0.022921878844499588,
        0.9993650317192078,
        0.027280783280730247,
        0.0716526210308075,
        0.5597622394561768,
        -0.035438939929008484,
        0.8278952240943909,
        1.754992961883545
    ],
    [
        0.8489608764648438,
        -0.011629512533545494,
        -0.528327226638794,
        -2.8806395530700684,
        0.027889467775821686,
        0.9993506073951721,
        0.022817492485046387,
        0.06769510358572006,
        0.5277191996574402,
        -0.03410593047738075,
        0.8487339615821838,
        1.839281439781189
    ]
]