[
    [
        0.6658228635787964,
        0.024822518229484558,
        -0.7456967234611511,
        -0.35622164607048035,
        -0.02352830208837986,
        0.9996479153633118,
        0.01226785033941269,
        0.05382003262639046,
        0.7457387447357178,
        0.009376762434840202,
        0.666172444820404,
        -0.3488354980945587
    ],
    [
        0.6458039879798889,
        0.02734130248427391,
        -0.7630135416984558,
        -0.36205875873565674,
        -0.02706337533891201,
        0.9995503425598145,
        0.012911136262118816,
        0.05569002777338028,
        0.7630234360694885,
        0.012311653234064579,
        0.6462535858154297,
        -0.36581185460090637
    ],
    [
        0.6254734396934509,
        0.02943830005824566,
        -0.7796899080276489,
        -0.3666987121105194,
        -0.029741361737251282,
        0.9994612336158752,
        0.01387732569128275,
        0.05752934515476227,
        0.779678463935852,
        0.014509140513837337,
        0.6260120272636414,
        -0.38228458166122437
    ],
    [
        0.5979376435279846,
        0.031503163278102875,
        -0.800923228263855,
        -0.37597933411598206,
        -0.03235962986946106,
        0.9993613958358765,
        0.01515002641826868,
        0.06086073815822601,
        0.8008891940116882,
        0.016858810558915138,
        0.598575234413147,
        -0.40731748938560486
    ],
    [
        0.5780698657035828,
        0.03246651589870453,
        -0.8153411149978638,
        -0.38459447026252747,
        -0.034684985876083374,
        0.999282717704773,
        0.015199635177850723,
        0.06400960683822632,
        0.8152498006820679,
        0.019493645057082176,
        0.578781247138977,
        -0.4308803975582123
    ],
    [
        0.558147668838501,
        0.03334813192486763,
        -0.8290712237358093,
        -0.39479556679725647,
        -0.03615965321660042,
        0.9992203116416931,
        0.015848707407712936,
        0.06577638536691666,
        0.8289532661437988,
        0.02113300934433937,
        0.5589183568954468,
        -0.45399126410484314
    ],
    [
        0.5319802165031433,
        0.03338109701871872,
        -0.8460984826087952,
        -0.41278111934661865,
        -0.03755003958940506,
        0.9991697072982788,
        0.015810806304216385,
        0.06966127455234528,
        0.8459237813949585,
        0.0233599990606308,
        0.5327919125556946,
        -0.48426535725593567
    ],
    [
        0.5129310488700867,
        0.033877551555633545,
        -0.8577611446380615,
        -0.4246601462364197,
        -0.039286136627197266,
        0.999100387096405,
        0.015967149287462234,
        0.07188185304403305,
        0.8575303554534912,
        0.025508075952529907,
        0.5138005018234253,
        -0.5147431492805481
    ],
    [
        0.49603471159935,
        0.03437909111380577,
        -0.8676217794418335,
        -0.43921685218811035,
        -0.04026512801647186,
        0.9990516901016235,
        0.01656665839254856,
        0.07240638136863708,
        0.8673685789108276,
        0.02671727165579796,
        0.49694857001304626,
        -0.5498682856559753
    ],
    [
        0.47551870346069336,
        0.03439434617757797,
        -0.8790329694747925,
        -0.46440404653549194,
        -0.04153994843363762,
        0.9989986419677734,
        0.01661699265241623,
        0.07441018521785736,
        0.8787242770195007,
        0.028613293543457985,
        0.47647130489349365,
        -0.6014833450317383
    ],
    [
        0.46106553077697754,
        0.03476240485906601,
        -0.8866849541664124,
        -0.48306530714035034,
        -0.04401043802499771,
        0.9988985061645508,
        0.016276827082037926,
        0.07873983681201935,
        0.886273980140686,
        0.03151870518922806,
        0.46208757162094116,
        -0.6427769660949707
    ],
    [
        0.4487721025943756,
        0.03587674722075462,
        -0.8929257392883301,
        -0.5014006495475769,
        -0.045565664768218994,
        0.998812735080719,
        0.017230495810508728,
        0.08062802255153656,
        0.8924838304519653,
        0.03295418992638588,
        0.44987398386001587,
        -0.6880954504013062
    ],
    [
        0.43341773748397827,
        0.037382375448942184,
        -0.9004174470901489,
        -0.5261419415473938,
        -0.046088818460702896,
        0.9987512826919556,
        0.019279925152659416,
        0.08402393758296967,
        0.9000136852264404,
        0.033142924308776855,
        0.43459945917129517,
        -0.7453133463859558
    ],
    [
        0.4213044047355652,
        0.0380978137254715,
        -0.9061187505722046,
        -0.544868528842926,
        -0.046218208968639374,
        0.9987209439277649,
        0.020501889288425446,
        0.09021025896072388,
        0.9057407379150391,
        0.03324165567755699,
        0.42252638936042786,
        -0.7854874730110168
    ],
    [
        0.4108186960220337,
        0.039552249014377594,
        -0.910858690738678,
        -0.5628597736358643,
        -0.04570145905017853,
        0.998695969581604,
        0.022753972560167313,
        0.09438379853963852,
        0.9105708599090576,
        0.03227981925010681,
        0.41209056973457336,
        -0.8264290690422058
    ],
    [
        0.3972294330596924,
        0.0416741706430912,
        -0.9167726039886475,
        -0.5837588310241699,
        -0.04535134509205818,
        0.9986392855644226,
        0.02574528567492962,
        0.0981752946972847,
        0.9165979623794556,
        0.031350087374448776,
        0.398578941822052,
        -0.8773950338363647
    ],
    [
        0.38675183057785034,
        0.04271265119314194,
        -0.9211941957473755,
        -0.592919111251831,
        -0.0448150560259819,
        0.9986170530319214,
        0.02748744748532772,
        0.10079328715801239,
        0.9210942387580872,
        0.03065255470573902,
        0.38813120126724243,
        -0.9138461947441101
    ],
    [
        0.3739098310470581,
        0.04232360050082207,
        -0.9264988899230957,
        -0.6020504832267761,
        -0.04116862639784813,
        0.9987309575080872,
        0.029008710756897926,
        0.10192316770553589,
        0.9265509247779846,
        0.027296043932437897,
        0.3751777708530426,
        -0.934922993183136
    ],
    [
        0.3597683906555176,
        0.04180510342121124,
        -0.9321045875549316,
        -0.6110913753509521,
        -0.03645952045917511,
        0.9988625645637512,
        0.030726775527000427,
        0.10517334192991257,
        0.932328999042511,
        0.022929565981030464,
        0.3608834147453308,
        -0.9681209325790405
    ],
    [
        0.3520503640174866,
        0.041551150381565094,
        -0.9350583553314209,
        -0.6186085939407349,
        -0.032754238694906235,
        0.9989491701126099,
        0.03205826133489609,
        0.10741984844207764,
        0.935407817363739,
        0.0193409975618124,
        0.353041410446167,
        -0.9959506988525391
    ],
    [
        0.3484259247779846,
        0.04097644239664078,
        -0.9364402890205383,
        -0.6314812302589417,
        -0.02988727204501629,
        0.9990217089653015,
        0.03259455785155296,
        0.11195200681686401,
        0.9368597269058228,
        0.016630854457616806,
        0.3493097126483917,
        -1.0310187339782715
    ],
    [
        0.3486032485961914,
        0.04072469472885132,
        -0.9363851547241211,
        -0.6542598009109497,
        -0.02649577148258686,
        0.99908447265625,
        0.033587563782930374,
        0.11734646558761597,
        0.9368957281112671,
        0.013101514428853989,
        0.34936320781707764,
        -1.0782164335250854
    ],
    [
        0.3513789772987366,
        0.04057036712765694,
        -0.9353538155555725,
        -0.6768857836723328,
        -0.024380816146731377,
        0.9991183280944824,
        0.034177109599113464,
        0.12054257094860077,
        0.9359159469604492,
        0.01079557090997696,
        0.35205820202827454,
        -1.110921859741211
    ],
    [
        0.3554421067237854,
        0.040644217282533646,
        -0.9338141679763794,
        -0.7019696831703186,
        -0.02226105146110058,
        0.9991388916969299,
        0.035014137625694275,
        0.12198664993047714,
        0.9344331622123718,
        0.008342184126377106,
        0.3560408055782318,
        -1.1405339241027832
    ],
    [
        0.36190763115882874,
        0.04100744053721428,
        -0.9313116073608398,
        -0.7373939156532288,
        -0.02069365791976452,
        0.999139130115509,
        0.03595246747136116,
        0.12431973218917847,
        0.9319842457771301,
        0.006260774098336697,
        0.362444669008255,
        -1.173564076423645
    ]
]