[
    [
        0.9999815821647644,
        0.004275823477655649,
        -0.0042986492626369,
        0.0025109571870416403,
        -0.004292255267500877,
        0.999983549118042,
        -0.003820559475570917,
        0.0721840038895607,
        0.004282241687178612,
        0.0038389398250728846,
        0.9999834299087524,
        0.8438480496406555
    ],
    [
        0.9999821186065674,
        0.004832192789763212,
        -0.0035223830491304398,
        0.0018943421309813857,
        -0.004845540039241314,
        0.9999810457229614,
        -0.0037906398065388203,
        0.07945157587528229,
        0.003503999672830105,
        0.003807638306170702,
        0.9999866485595703,
        1.1348907947540283
    ],
    [
        0.9999793767929077,
        0.005144714843481779,
        -0.00385020743124187,
        0.0017667326610535383,
        -0.005157992243766785,
        0.9999808073043823,
        -0.003446756862103939,
        0.08523979783058167,
        0.0038324003107845783,
        0.0034665463026612997,
        0.9999866485595703,
        1.4657360315322876
    ],
    [
        0.9999778866767883,
        0.005487031303346157,
        -0.0037752450443804264,
        6.547025986947119e-05,
        -0.005499538965523243,
        0.9999794363975525,
        -0.0033107956405729055,
        0.08987675607204437,
        0.003757000667974353,
        0.0033314840402454138,
        0.9999873638153076,
        1.777947187423706
    ],
    [
        0.9999773502349854,
        0.0054998500272631645,
        -0.0038756290450692177,
        -0.003247095737606287,
        -0.005511968396604061,
        0.9999799132347107,
        -0.003122978378087282,
        0.09760794043540955,
        0.003858375595882535,
        0.0031442700419574976,
        0.9999877214431763,
        2.1244795322418213
    ],
    [
        0.9999768137931824,
        0.005605093669146299,
        -0.0038554759230464697,
        -0.009163952432572842,
        -0.005617484450340271,
        0.9999790191650391,
        -0.003210544353350997,
        0.10778535902500153,
        0.003837399650365114,
        0.003232126822695136,
        0.9999873638153076,
        2.4452457427978516
    ],
    [
        0.9999749660491943,
        0.006058817729353905,
        -0.0036534303799271584,
        -0.013883163221180439,
        -0.0060701738111674786,
        0.9999766945838928,
        -0.0031049512326717377,
        0.12020931392908096,
        0.0036345343105494976,
        0.0031270491890609264,
        0.9999885559082031,
        2.7987558841705322
    ],
    [
        0.9999715089797974,
        0.006638435646891594,
        -0.003593714442104101,
        -0.020508645102381706,
        -0.006650323513895273,
        0.999972403049469,
        -0.0033063048031181097,
        0.1352844387292862,
        0.0035716663114726543,
        0.0033301094081252813,
        0.9999880194664001,
        3.158169984817505
    ],
    [
        0.9999703764915466,
        0.006774595007300377,
        -0.003645321587100625,
        -0.03347592055797577,
        -0.0067862216383218765,
        0.999971866607666,
        -0.0031866685021668673,
        0.13755550980567932,
        0.003623631549999118,
        0.0032113108318299055,
        0.999988317489624,
        3.492002248764038
    ],
    [
        0.999971330165863,
        0.0066496809013187885,
        -0.0036075443495064974,
        -0.05037654936313629,
        -0.006661674007773399,
        0.9999722838401794,
        -0.0033226662781089544,
        0.12952905893325806,
        0.0035853502340614796,
        0.0033466031309217215,
        0.9999879002571106,
        3.860159397125244
    ],
    [
        0.9999679923057556,
        0.00642094062641263,
        -0.004783654119819403,
        -0.06360069662332535,
        -0.006436842028051615,
        0.9999737739562988,
        -0.0033161675091832876,
        0.11485636234283447,
        0.0047622364945709705,
        0.003346852259710431,
        0.9999830722808838,
        4.200088024139404
    ],
    [
        0.9999252557754517,
        0.00609200494363904,
        -0.010607981123030186,
        -0.07634436339139938,
        -0.0061293914914131165,
        0.9999751448631287,
        -0.0034954985603690147,
        0.08895391970872879,
        0.010586422868072987,
        0.0035602571442723274,
        0.9999376535415649,
        4.572249889373779
    ],
    [
        0.9997789859771729,
        0.005815795157104731,
        -0.020205821841955185,
        -0.09024634957313538,
        -0.005886582192033529,
        0.9999767541885376,
        -0.0034455854911357164,
        0.05795014649629593,
        0.020185314118862152,
        0.003563766600564122,
        0.9997898936271667,
        4.94613790512085
    ],
    [
        0.9994800090789795,
        0.005515751428902149,
        -0.031768858432769775,
        -0.10676322132349014,
        -0.005623151548206806,
        0.99997878074646,
        -0.00329233193770051,
        0.024470040574669838,
        0.03175002336502075,
        0.003469260176643729,
        0.9994898438453674,
        5.293366432189941
    ],
    [
        0.9987030029296875,
        0.005179210100322962,
        -0.050651323050260544,
        -0.13026979565620422,
        -0.005364926066249609,
        0.9999794363975525,
        -0.0035312986001372337,
        -0.019796043634414673,
        0.050631992518901825,
        0.0037984587252140045,
        0.9987101554870605,
        5.672454357147217
    ],
    [
        0.9975169897079468,
        0.004559697583317757,
        -0.07027767598628998,
        -0.15450192987918854,
        -0.004820011090487242,
        0.9999821186065674,
        -0.003534930059686303,
        -0.0682595819234848,
        0.07026029378175735,
        0.003864892292767763,
        0.9975212216377258,
        6.016866683959961
    ],
    [
        0.9957375526428223,
        0.0041331457905471325,
        -0.09213999658823013,
        -0.1842423975467682,
        -0.004480002447962761,
        0.9999837279319763,
        -0.003557937452569604,
        -0.13012588024139404,
        0.09212378412485123,
        0.0039555588737130165,
        0.9957396984100342,
        6.385050296783447
    ],
    [
        0.9936544895172119,
        0.003940214868634939,
        -0.1124066486954689,
        -0.21605221927165985,
        -0.004390580113977194,
        0.9999833106994629,
        -0.0037593021988868713,
        -0.19631578028202057,
        0.1123899593949318,
        0.004228976555168629,
        0.993655264377594,
        6.716988563537598
    ],
    [
        0.9913005828857422,
        0.0037504262290894985,
        -0.13156427443027496,
        -0.2594379186630249,
        -0.004300304222851992,
        0.9999831914901733,
        -0.0038956699427217245,
        -0.27649152278900146,
        0.1315474659204483,
        0.004427545703947544,
        0.991300106048584,
        7.076095104217529
    ],
    [
        0.9888566136360168,
        0.0036347422283142805,
        -0.1488266885280609,
        -0.31382831931114197,
        -0.00430203415453434,
        0.9999821186065674,
        -0.004162009339779615,
        -0.3697737157344818,
        0.14880892634391785,
        0.004755887668579817,
        0.9888544678688049,
        7.433922290802002
    ],
    [
        0.9865509867668152,
        0.0030311811715364456,
        -0.1634255349636078,
        -0.3675919771194458,
        -0.0037580090574920177,
        0.9999843239784241,
        -0.004138489719480276,
        -0.46159684658050537,
        0.16341042518615723,
        0.004696983844041824,
        0.9865469932556152,
        7.758232116699219
    ],
    [
        0.982819676399231,
        0.0020465897396206856,
        -0.18455708026885986,
        -0.42618921399116516,
        -0.0028386693447828293,
        0.9999878406524658,
        -0.004027750808745623,
        -0.5677042007446289,
        0.18454642593860626,
        0.004482450429350138,
        0.9828135967254639,
        8.105586051940918
    ],
    [
        0.9781522750854492,
        0.0010017284657806158,
        -0.2078877091407776,
        -0.48082369565963745,
        -0.001858101924881339,
        0.9999904632568359,
        -0.003924235235899687,
        -0.6709370017051697,
        0.20788130164146423,
        0.004224793054163456,
        0.9781447649002075,
        8.414657592773438
    ],
    [
        0.9731245040893555,
        0.0003856484545394778,
        -0.23027895390987396,
        -0.5469403266906738,
        -0.0013050622073933482,
        0.999991774559021,
        -0.0038402343634516,
        -0.7855389714241028,
        0.2302761822938919,
        0.004037559498101473,
        0.9731170535087585,
        8.740312576293945
    ],
    [
        0.9685739874839783,
        0.00027853084611706436,
        -0.24872566759586334,
        -0.6249906420707703,
        -0.001364511321298778,
        0.9999903440475464,
        -0.004193704109638929,
        -0.9012084603309631,
        0.24872204661369324,
        0.004401290323585272,
        0.9685649275779724,
        9.056696891784668
    ]
]