[
    [
        0.9987313747406006,
        -0.004909023176878691,
        0.05011563375592232,
        0.033669669181108475,
        0.004412205424159765,
        0.9999400973320007,
        0.010019253008067608,
        0.0002780832874123007,
        -0.05016181245446205,
        -0.009785422123968601,
        0.9986931681632996,
        0.3502524197101593
    ],
    [
        0.9983178973197937,
        -0.0060224998742341995,
        0.0576648935675621,
        0.04000766947865486,
        0.005313149653375149,
        0.9999083876609802,
        0.01244666613638401,
        0.0003604456433095038,
        -0.057734571397304535,
        -0.012119346298277378,
        0.9982584118843079,
        0.40220993757247925
    ],
    [
        0.9976679682731628,
        -0.00712108239531517,
        0.06788115203380585,
        0.04777640849351883,
        0.006108999252319336,
        0.9998672604560852,
        0.015105546452105045,
        0.0008755985763855278,
        -0.06797970831394196,
        -0.01465563289821148,
        0.997579038143158,
        0.4727134108543396
    ],
    [
        0.9970974922180176,
        -0.00803979393094778,
        0.07570913434028625,
        0.053475264459848404,
        0.006704716011881828,
        0.9998177886009216,
        0.017872000113129616,
        0.002916611498221755,
        -0.07583902776241302,
        -0.017312519252300262,
        0.9969697594642639,
        0.5279247164726257
    ],
    [
        0.996222734451294,
        -0.008964385837316513,
        0.08637075126171112,
        0.0609954372048378,
        0.007079957984387875,
        0.9997307062149048,
        0.022099588066339493,
        0.007083888631314039,
        -0.08654560893774033,
        -0.021404609084129333,
        0.9960178732872009,
        0.6033827066421509
    ],
    [
        0.9956296682357788,
        -0.010508755221962929,
        0.09279616177082062,
        0.06868688017129898,
        0.008193201385438442,
        0.9996463656425476,
        0.02529892511665821,
        0.00855999905616045,
        -0.0930292084813118,
        -0.02442806586623192,
        0.995363712310791,
        0.6585744619369507
    ],
    [
        0.9948477149009705,
        -0.01386992633342743,
        0.10042724758386612,
        0.08182170987129211,
        0.011018148623406887,
        0.9995216727256775,
        0.02889566868543625,
        0.009290404617786407,
        -0.10077998787164688,
        -0.027640266343951225,
        0.9945247173309326,
        0.7301977276802063
    ],
    [
        0.9940317869186401,
        -0.01785917393863201,
        0.10761909186840057,
        0.09710143506526947,
        0.014403610490262508,
        0.999358057975769,
        0.032801464200019836,
        0.01232166588306427,
        -0.10813580453395844,
        -0.031055593863129616,
        0.9936509728431702,
        0.8040155172348022
    ],
    [
        0.9934085607528687,
        -0.02104772999882698,
        0.11267846822738647,
        0.10864225029945374,
        0.017144056037068367,
        0.9992225170135498,
        0.03550205007195473,
        0.013884817250072956,
        -0.11333810538053513,
        -0.033336274325847626,
        0.9929971098899841,
        0.859017014503479
    ],
    [
        0.9925692081451416,
        -0.024132419377565384,
        0.11926458775997162,
        0.12206629663705826,
        0.01972711645066738,
        0.9990838170051575,
        0.03798092156648636,
        0.013697458431124687,
        -0.1200718879699707,
        -0.03534594178199768,
        0.992135763168335,
        0.931468665599823
    ],
    [
        0.9919053912162781,
        -0.02515214867889881,
        0.12446384876966476,
        0.13010291755199432,
        0.020320622250437737,
        0.9989956021308899,
        0.03993728756904602,
        0.014174616895616055,
        -0.12534335255622864,
        -0.037084825336933136,
        0.9914200305938721,
        0.9863144159317017
    ],
    [
        0.9911648631095886,
        -0.02661704272031784,
        0.12993790209293365,
        0.13946448266506195,
        0.02088577300310135,
        0.9987562894821167,
        0.045273128896951675,
        0.016847360879182816,
        -0.13098132610321045,
        -0.04215927794575691,
        0.9904879331588745,
        1.062290072441101
    ],
    [
        0.9903809428215027,
        -0.028281062841415405,
        0.13544650375843048,
        0.14940020442008972,
        0.021587472409009933,
        0.9984838962554932,
        0.05063521862030029,
        0.02194732427597046,
        -0.13667315244674683,
        -0.04722420871257782,
        0.9894899725914001,
        1.1393628120422363
    ],
    [
        0.9897836446762085,
        -0.03042859211564064,
        0.13929282128810883,
        0.1583583801984787,
        0.023229651153087616,
        0.9983232617378235,
        0.05301953852176666,
        0.024896126240491867,
        -0.14067256450653076,
        -0.04924214631319046,
        0.9888308048248291,
        1.1945959329605103
    ],
    [
        0.9889468550682068,
        -0.032802145928144455,
        0.14459656178951263,
        0.1704573631286621,
        0.02501079998910427,
        0.9981523156166077,
        0.05537602677941322,
        0.027594834566116333,
        -0.14614585041999817,
        -0.0511474683880806,
        0.9879399538040161,
        1.2677503824234009
    ],
    [
        0.9883424639701843,
        -0.03437859192490578,
        0.14831477403640747,
        0.18035437166690826,
        0.026230478659272194,
        0.9980551600456238,
        0.05654888227581978,
        0.029140615835785866,
        -0.1499704122543335,
        -0.0519992969930172,
        0.9873221516609192,
        1.3240065574645996
    ],
    [
        0.9876708984375,
        -0.03683638572692871,
        0.15214920043945312,
        0.19325970113277435,
        0.02814929559826851,
        0.9978691935539246,
        0.058861009776592255,
        0.032618556171655655,
        -0.15399324893951416,
        -0.05385240912437439,
        0.9866032600402832,
        1.4007033109664917
    ],
    [
        0.9872230887413025,
        -0.03849072381854057,
        0.1546255648136139,
        0.20248617231845856,
        0.029572993516921997,
        0.997786283493042,
        0.059565648436546326,
        0.03431207314133644,
        -0.1565759927034378,
        -0.05423184484243393,
        0.9861757755279541,
        1.457313895225525
    ],
    [
        0.9866225719451904,
        -0.04002407193183899,
        0.15803128480911255,
        0.21428081393241882,
        0.030863134190440178,
        0.9977208971977234,
        0.06000448018312454,
        0.035246171057224274,
        -0.16007275879383087,
        -0.0543244369328022,
        0.9856092929840088,
        1.5312564373016357
    ],
    [
        0.9861247539520264,
        -0.04082467034459114,
        0.16090795397758484,
        0.22453702986240387,
        0.030970916152000427,
        0.9975152611732483,
        0.06327870488166809,
        0.035261623561382294,
        -0.16309143602848053,
        -0.05741722881793976,
        0.9849387407302856,
        1.6052647829055786
    ],
    [
        0.9857147932052612,
        -0.041618481278419495,
        0.16320021450519562,
        0.23244646191596985,
        0.031195882707834244,
        0.9973374009132385,
        0.06591551750898361,
        0.03738965094089508,
        -0.16550900042057037,
        -0.059882719069719315,
        0.9843885898590088,
        1.6615688800811768
    ],
    [
        0.9851807355880737,
        -0.0422404445707798,
        0.1662362962961197,
        0.2438390552997589,
        0.03122566267848015,
        0.9971742630004883,
        0.06832540035247803,
        0.04158751666545868,
        -0.16865266859531403,
        -0.062122032046318054,
        0.9837160110473633,
        1.735901951789856
    ],
    [
        0.9847841858863831,
        -0.043486252427101135,
        0.16825269162654877,
        0.25395482778549194,
        0.032500069588422775,
        0.9971891641616821,
        0.06750839203596115,
        0.04434970021247864,
        -0.17071545124053955,
        -0.06101297214627266,
        0.9834294319152832,
        1.7875920534133911
    ],
    [
        0.9842806458473206,
        -0.045109670609235764,
        0.17075343430042267,
        0.2671806514263153,
        0.034096717834472656,
        0.9971776604652405,
        0.06688951700925827,
        0.04961535334587097,
        -0.17328886687755585,
        -0.06001592054963112,
        0.9830406904220581,
        1.8571090698242188
    ],
    [
        0.9837564826011658,
        -0.04685002937912941,
        0.17328688502311707,
        0.2802000045776367,
        0.03586127981543541,
        0.9971742033958435,
        0.06601123511791229,
        0.05650125443935394,
        -0.17588983476161957,
        -0.05872469022870064,
        0.9826566576957703,
        1.92802095413208
    ]
]