[
    [
        0.9999988675117493,
        0.001353255589492619,
        0.0006613137666136026,
        -0.3079606592655182,
        -0.0013546745758503675,
        0.9999967813491821,
        0.0021508075296878815,
        -0.015527157112956047,
        -0.0006584013462997973,
        -0.0021517015993595123,
        0.9999974966049194,
        0.8084350824356079
    ],
    [
        0.9999900460243225,
        0.0006706086569465697,
        0.00441537331789732,
        -0.3292124271392822,
        -0.0006818533292971551,
        0.9999964833259583,
        0.0025458522140979767,
        -0.002708079293370247,
        -0.004413649905472994,
        -0.0025488375686109066,
        0.9999871253967285,
        0.8960437178611755
    ],
    [
        0.999941349029541,
        -0.0008403638494201005,
        0.010802412405610085,
        -0.3559795320034027,
        0.0008080402621999383,
        0.999995231628418,
        0.0029962908010929823,
        0.004858166910707951,
        -0.010804885067045689,
        -0.0029873866587877274,
        0.9999371767044067,
        1.0216138362884521
    ],
    [
        0.999823272228241,
        -0.001851727836765349,
        0.01870538666844368,
        -0.3815709352493286,
        0.0017885429551824927,
        0.9999926686286926,
        0.0033940656576305628,
        -0.0035302843898534775,
        -0.018711525946855545,
        -0.0033600106835365295,
        0.9998191595077515,
        1.1499290466308594
    ],
    [
        0.9995474815368652,
        -0.003308594925329089,
        0.029898211359977722,
        -0.3980828523635864,
        0.003203008323907852,
        0.9999884963035583,
        0.0035787427332252264,
        -0.009837498888373375,
        -0.029909711331129074,
        -0.0034813592210412025,
        0.999546468257904,
        1.276242733001709
    ],
    [
        0.9990330934524536,
        -0.004518802743405104,
        0.043730445206165314,
        -0.4095554053783417,
        0.0043878816068172455,
        0.9999856948852539,
        0.003089326433837414,
        -0.013818786479532719,
        -0.04374377056956291,
        -0.002894455101341009,
        0.9990386366844177,
        1.3835117816925049
    ],
    [
        0.9982048869132996,
        -0.0076725841499865055,
        0.059397224336862564,
        -0.4189346730709076,
        0.0074975760653615,
        0.9999669194221497,
        0.0031687214504927397,
        -0.018837852403521538,
        -0.05941957235336304,
        -0.0027176986914128065,
        0.9982293844223022,
        1.476220726966858
    ],
    [
        0.9973471164703369,
        -0.008981208316981792,
        0.07223602384328842,
        -0.4265162944793701,
        0.008791805244982243,
        0.9999569654464722,
        0.0029395350720733404,
        -0.01966896466910839,
        -0.0722593292593956,
        -0.0022966526448726654,
        0.997383177280426,
        1.5456552505493164
    ],
    [
        0.9957494735717773,
        -0.010808167047798634,
        0.09146752953529358,
        -0.43995001912117004,
        0.010555601678788662,
        0.99993896484375,
        0.0032445911783725023,
        -0.013020407408475876,
        -0.0914970114827156,
        -0.0022653047926723957,
        0.9958027601242065,
        1.6434710025787354
    ],
    [
        0.9932277202606201,
        -0.014391322620213032,
        0.11528949439525604,
        -0.4643365442752838,
        0.014109557494521141,
        0.9998951554298401,
        0.0032597212120890617,
        -0.0011475114151835442,
        -0.11532431095838547,
        -0.001610962557606399,
        0.9933265447616577,
        1.749345064163208
    ],
    [
        0.9898019433021545,
        -0.017970720306038857,
        0.14131246507167816,
        -0.4953063130378723,
        0.017571352422237396,
        0.9998372197151184,
        0.004073536489158869,
        0.005970584228634834,
        -0.14136269688606262,
        -0.0015489424113184214,
        0.9899566769599915,
        1.8593860864639282
    ],
    [
        0.9848652482032776,
        -0.021144086495041847,
        0.17202730476856232,
        -0.5196952819824219,
        0.020747754722833633,
        0.9997763633728027,
        0.004101757425814867,
        0.00445465836673975,
        -0.1720755696296692,
        -0.00047049770364537835,
        0.9850835204124451,
        1.9640312194824219
    ],
    [
        0.9778144955635071,
        -0.025137515738606453,
        0.2079588919878006,
        -0.5382075905799866,
        0.024762429296970367,
        0.9996836185455322,
        0.004407116211950779,
        0.0008351020514965057,
        -0.20800386369228363,
        0.0008402245584875345,
        0.9781275391578674,
        2.0510056018829346
    ],
    [
        0.9711765646934509,
        -0.028545783832669258,
        0.23664557933807373,
        -0.548271894454956,
        0.028208384290337563,
        0.9995904564857483,
        0.004812140949070454,
        -0.0018042032606899738,
        -0.2366860955953598,
        0.002001950517296791,
        0.9715840816497803,
        2.101630926132202
    ],
    [
        0.9604780673980713,
        -0.03351052105426788,
        0.27633121609687805,
        -0.5594652891159058,
        0.03352642431855202,
        0.9994269609451294,
        0.004668026231229305,
        -0.003324392018839717,
        -0.2763291299343109,
        0.004780860617756844,
        0.9610511660575867,
        2.1643190383911133
    ],
    [
        0.9484975934028625,
        -0.03829475864768028,
        0.3144611716270447,
        -0.5604185461997986,
        0.03854947164654732,
        0.9992420673370361,
        0.005411324556916952,
        -0.0011974958470091224,
        -0.3144300580024719,
        0.006989693269133568,
        0.9492548108100891,
        2.224656343460083
    ],
    [
        0.934799075126648,
        -0.04232509061694145,
        0.35264599323272705,
        -0.5548566579818726,
        0.042731139808893204,
        0.9990645051002502,
        0.006636882666498423,
        0.005848984234035015,
        -0.35259705781936646,
        0.00886481162160635,
        0.9357333183288574,
        2.2860524654388428
    ],
    [
        0.9197508096694946,
        -0.04722682759165764,
        0.38965123891830444,
        -0.5483019948005676,
        0.047684669494628906,
        0.9988262057304382,
        0.008503444492816925,
        0.013478127308189869,
        -0.3895954489707947,
        0.010759339667856693,
        0.9209232926368713,
        2.3560168743133545
    ],
    [
        0.9041773676872253,
        -0.05198604613542557,
        0.4239821135997772,
        -0.5418408513069153,
        0.05251866951584816,
        0.9985654354095459,
        0.01043739914894104,
        0.009655403904616833,
        -0.4239164888858795,
        0.012829718180000782,
        0.9056104421615601,
        2.4306671619415283
    ],
    [
        0.8911097645759583,
        -0.05500761792063713,
        0.4504415988922119,
        -0.5379237532615662,
        0.05547153949737549,
        0.9983859062194824,
        0.012182727456092834,
        -0.0012100475141778588,
        -0.45038464665412903,
        0.014130541123449802,
        0.8927227854728699,
        2.483250617980957
    ],
    [
        0.8730148673057556,
        -0.060855213552713394,
        0.4838820993900299,
        -0.5333768725395203,
        0.060010120272636414,
        0.998048722743988,
        0.01724955439567566,
        -0.014280883595347404,
        -0.4839876592159271,
        0.013978701084852219,
        0.8749632835388184,
        2.5509541034698486
    ],
    [
        0.8529831171035767,
        -0.06712640821933746,
        0.5176039338111877,
        -0.5260131359100342,
        0.06433641910552979,
        0.997654914855957,
        0.023359784856438637,
        -0.020429734140634537,
        -0.5179581642150879,
        0.013375286012887955,
        0.8553014397621155,
        2.606959104537964
    ],
    [
        0.8315617442131042,
        -0.07357656955718994,
        0.5505377054214478,
        -0.5202367305755615,
        0.06761207431554794,
        0.997225284576416,
        0.03114919923245907,
        -0.026930272579193115,
        -0.5513017177581787,
        0.011320503428578377,
        0.8342289328575134,
        2.6513028144836426
    ],
    [
        0.809432864189148,
        -0.08091547340154648,
        0.5816108584403992,
        -0.5199640989303589,
        0.07128730416297913,
        0.9966753721237183,
        0.03944937884807587,
        -0.0353357307612896,
        -0.5828693509101868,
        0.009529843926429749,
        0.8125099539756775,
        2.6877541542053223
    ],
    [
        0.7857903838157654,
        -0.09002852439880371,
        0.6119055151939392,
        -0.5309364795684814,
        0.07535875588655472,
        0.9959145188331604,
        0.049753639847040176,
        -0.038969747722148895,
        -0.6138848662376404,
        0.007016511633992195,
        0.7893645167350769,
        2.732583999633789
    ]
]