[
    [
        0.9984662532806396,
        0.0002134034293703735,
        0.05536222830414772,
        -0.0753953605890274,
        -0.0006384555599652231,
        0.9999704957008362,
        0.007660090923309326,
        -0.028915634378790855,
        -0.05535895749926567,
        -0.007683689706027508,
        0.9984369874000549,
        0.28374919295310974
    ],
    [
        0.9976503252983093,
        -0.0011294673895463347,
        0.06850115954875946,
        -0.08686942607164383,
        0.0005808175774291158,
        0.9999676942825317,
        0.008028733544051647,
        -0.03242373839020729,
        -0.06850800663232803,
        -0.007970082573592663,
        0.9976187348365784,
        0.3338559865951538
    ],
    [
        0.9964986443519592,
        -0.0027632948476821184,
        0.08356247842311859,
        -0.10138202458620071,
        0.0020185180474072695,
        0.9999575614929199,
        0.008995984680950642,
        -0.03933273255825043,
        -0.08358379453420639,
        -0.008795814588665962,
        0.9964620471000671,
        0.3802834153175354
    ],
    [
        0.9950385093688965,
        -0.0048425267450511456,
        0.09937307983636856,
        -0.11527333408594131,
        0.003813812742009759,
        0.9999372959136963,
        0.010539389215409756,
        -0.0473448783159256,
        -0.09941788017749786,
        -0.010108108632266521,
        0.9949944019317627,
        0.4238763451576233
    ],
    [
        0.9934837818145752,
        -0.00630703940987587,
        0.11379975080490112,
        -0.1241781935095787,
        0.005133438389748335,
        0.9999306201934814,
        0.010602952912449837,
        -0.05202120915055275,
        -0.11385872960090637,
        -0.009949675761163235,
        0.9934471249580383,
        0.4683126211166382
    ],
    [
        0.9917604923248291,
        -0.007608118932694197,
        0.12788009643554688,
        -0.13130652904510498,
        0.0063726166263222694,
        0.9999290704727173,
        0.010067787952721119,
        -0.05603402480483055,
        -0.1279476135969162,
        -0.00916990265250206,
        0.9917386174201965,
        0.5157424211502075
    ],
    [
        0.9898074865341187,
        -0.009462598711252213,
        0.14209744334220886,
        -0.13741062581539154,
        0.008144421502947807,
        0.9999183416366577,
        0.00985531136393547,
        -0.05985575169324875,
        -0.14217908680438995,
        -0.008597559295594692,
        0.989803671836853,
        0.5627761483192444
    ],
    [
        0.9875191450119019,
        -0.011408417485654354,
        0.1570851057767868,
        -0.14438606798648834,
        0.009949051775038242,
        0.9998998045921326,
        0.010073481127619743,
        -0.06428687274456024,
        -0.15718428790569305,
        -0.00838490854948759,
        0.9875335693359375,
        0.6074100136756897
    ],
    [
        0.9849962592124939,
        -0.013098031282424927,
        0.17207768559455872,
        -0.15205393731594086,
        0.011243260465562344,
        0.9998677372932434,
        0.011748931370675564,
        -0.07115557044744492,
        -0.17220883071422577,
        -0.009637938812375069,
        0.9850133061408997,
        0.6578273773193359
    ],
    [
        0.9821392297744751,
        -0.015232717618346214,
        0.1875378042459488,
        -0.1601242870092392,
        0.01296186726540327,
        0.9998272061347961,
        0.01332918368279934,
        -0.07774246484041214,
        -0.18770842254161835,
        -0.010660274885594845,
        0.9821668863296509,
        0.7099285125732422
    ],
    [
        0.9786719083786011,
        -0.017630714923143387,
        0.20467154681682587,
        -0.16911594569683075,
        0.014927866868674755,
        0.9997799396514893,
        0.014742394909262657,
        -0.08319757878780365,
        -0.20488640666007996,
        -0.011372659355401993,
        0.9787196516990662,
        0.7547072768211365
    ],
    [
        0.9748963117599487,
        -0.020843030884861946,
        0.22168183326721191,
        -0.17568658292293549,
        0.01780945435166359,
        0.9997184872627258,
        0.015674686059355736,
        -0.08665770292282104,
        -0.221946120262146,
        -0.011333161033689976,
        0.9749930500984192,
        0.798324465751648
    ],
    [
        0.9689986705780029,
        -0.02427494339644909,
        0.24587050080299377,
        -0.1881140172481537,
        0.020556924864649773,
        0.9996324181556702,
        0.01767754927277565,
        -0.09244310110807419,
        -0.24620920419692993,
        -0.012075179256498814,
        0.96914142370224,
        0.8550586700439453
    ],
    [
        0.963354766368866,
        -0.027409948408603668,
        0.26682615280151367,
        -0.20157356560230255,
        0.023105673491954803,
        0.99954754114151,
        0.01925816386938095,
        -0.0969909280538559,
        -0.26723331212997437,
        -0.012387247756123543,
        0.9635522961616516,
        0.9000088572502136
    ],
    [
        0.9565991163253784,
        -0.02962913177907467,
        0.289897084236145,
        -0.22335302829742432,
        0.024902237579226494,
        0.9994901418685913,
        0.019981468096375465,
        -0.10015232115983963,
        -0.2903413474559784,
        -0.011895167641341686,
        0.956849217414856,
        0.9434088468551636
    ],
    [
        0.9491025805473328,
        -0.031349729746580124,
        0.3134029507637024,
        -0.24474425613880157,
        0.026156404986977577,
        0.9994421601295471,
        0.02076282724738121,
        -0.10422320663928986,
        -0.31387901306152344,
        -0.011508558876812458,
        0.9493932723999023,
        0.9874006509780884
    ],
    [
        0.9417468905448914,
        -0.033518094569444656,
        0.3346480131149292,
        -0.2568504214286804,
        0.02787141501903534,
        0.9993767738342285,
        0.021662717685103416,
        -0.1070561334490776,
        -0.3351655602455139,
        -0.01107367966324091,
        0.9420941472053528,
        1.0346461534500122
    ],
    [
        0.9344573616981506,
        -0.03556831181049347,
        0.354294091463089,
        -0.26410797238349915,
        0.029511677101254463,
        0.9993115067481995,
        0.022485341876745224,
        -0.10966867953538895,
        -0.3548499643802643,
        -0.010555778630077839,
        0.9348636269569397,
        1.0796159505844116
    ],
    [
        0.9269570708274841,
        -0.037150099873542786,
        0.37332358956336975,
        -0.2695280909538269,
        0.03099663369357586,
        0.9992668032646179,
        0.022474640980362892,
        -0.11111214756965637,
        -0.37388479709625244,
        -0.00926125142723322,
        0.9274289608001709,
        1.1179125308990479
    ],
    [
        0.9186091423034668,
        -0.038148295134305954,
        0.39332157373428345,
        -0.2780221700668335,
        0.03192374110221863,
        0.9992401003837585,
        0.022357972338795662,
        -0.11518403887748718,
        -0.3938756287097931,
        -0.007981947623193264,
        0.9191290736198425,
        1.1591665744781494
    ],
    [
        0.9102495908737183,
        -0.039568159729242325,
        0.4121650457382202,
        -0.2798994183540344,
        0.033398229628801346,
        0.9991962909698486,
        0.02216498740017414,
        -0.1198974996805191,
        -0.41271087527275085,
        -0.006410085596144199,
        0.9108394980430603,
        1.1996275186538696
    ],
    [
        0.9012200236320496,
        -0.0404333621263504,
        0.4314713478088379,
        -0.2836713492870331,
        0.03481980040669441,
        0.9991748929023743,
        0.02090451493859291,
        -0.12163465470075607,
        -0.4319606125354767,
        -0.0038158248644322157,
        0.9018844962120056,
        1.241716742515564
    ],
    [
        0.8919403553009033,
        -0.04201024770736694,
        0.45019710063934326,
        -0.2842669188976288,
        0.03669917955994606,
        0.9991155862808228,
        0.020523488521575928,
        -0.12541799247264862,
        -0.45066115260124207,
        -0.001783865736797452,
        0.8926933407783508,
        1.2872647047042847
    ],
    [
        0.8820655345916748,
        -0.04383303225040436,
        0.46908313035964966,
        -0.28328514099121094,
        0.03924272209405899,
        0.9990381598472595,
        0.01956203579902649,
        -0.1283983290195465,
        -0.4694894254207611,
        0.0011531001655384898,
        0.8829373717308044,
        1.3256741762161255
    ],
    [
        0.8686552047729492,
        -0.0466325506567955,
        0.4932175576686859,
        -0.2822006940841675,
        0.04292810708284378,
        0.9989006519317627,
        0.018838677555322647,
        -0.1312776505947113,
        -0.4935538172721863,
        0.004808568861335516,
        0.8697020411491394,
        1.3679540157318115
    ]
]