[
    [
        0.9999160170555115,
        0.0023097030352801085,
        0.012759922072291374,
        -0.07028288394212723,
        -0.0024080874864012003,
        0.9999675154685974,
        0.007700431160628796,
        0.01399024948477745,
        -0.012741722166538239,
        -0.007730509620159864,
        0.9998890161514282,
        -0.0162308719009161
    ],
    [
        0.9998790621757507,
        0.004857424646615982,
        0.014771574176847935,
        -0.09230256825685501,
        -0.0048168376088142395,
        0.9999845623970032,
        -0.0027820407412946224,
        0.010735448449850082,
        -0.0147848604246974,
        0.00271055125631392,
        0.9998869895935059,
        -0.014416231773793697
    ],
    [
        0.9999416470527649,
        0.0033497049007564783,
        0.010266583412885666,
        -0.10888443142175674,
        -0.0033531237859278917,
        0.9999942779541016,
        0.0003158312465529889,
        0.002242932328954339,
        -0.010265466757118702,
        -0.00035023767850361764,
        0.999947190284729,
        -0.00864546187222004
    ],
    [
        0.9999731779098511,
        -0.000640573853161186,
        0.0072982823476195335,
        -0.10722750425338745,
        0.0006942972540855408,
        0.9999727010726929,
        -0.007360921707004309,
        -0.002554766833782196,
        -0.007293367758393288,
        0.007365790661424398,
        0.9999462366104126,
        -0.0044670081697404385
    ],
    [
        0.9999898672103882,
        0.003108950098976493,
        -0.0032745604403316975,
        -0.09096036851406097,
        -0.003143992740660906,
        0.9999373555183411,
        -0.010751152411103249,
        -0.0009719840018078685,
        0.0032409299165010452,
        0.010761338286101818,
        0.9999368190765381,
        -0.00404157442972064
    ],
    [
        0.999927282333374,
        0.005124208051711321,
        -0.0109165720641613,
        -0.061057258397340775,
        -0.005224625114351511,
        0.9999440908432007,
        -0.009190022014081478,
        -0.002388562774285674,
        0.010868869721889496,
        0.009246389381587505,
        0.9998981952667236,
        -0.0027851713821291924
    ],
    [
        0.9999057650566101,
        0.009665393270552158,
        -0.009755170904099941,
        -0.026615116745233536,
        -0.00976343173533678,
        0.9999017715454102,
        -0.010052832774817944,
        -0.0014188640052452683,
        0.009657048620283604,
        0.010147130116820335,
        0.9999018907546997,
        -0.006281670648604631
    ],
    [
        0.9999082088470459,
        0.008304604329168797,
        -0.010706109926104546,
        0.0013890122063457966,
        -0.008376674726605415,
        0.999942421913147,
        -0.006704569328576326,
        0.0014941111439839005,
        0.010649814270436764,
        0.006793634500354528,
        0.9999202489852905,
        -0.008854519575834274
    ],
    [
        0.9999263286590576,
        0.0065476419404149055,
        -0.010219101794064045,
        0.02849409356713295,
        -0.006548590958118439,
        0.9999785423278809,
        -5.940266419202089e-05,
        0.0037463486660271883,
        0.010218493640422821,
        0.00012631835124921054,
        0.9999477863311768,
        -0.006558666937053204
    ],
    [
        0.9997828006744385,
        0.011714491061866283,
        -0.017239173874258995,
        0.04849874600768089,
        -0.011638958007097244,
        0.9999222159385681,
        0.0044753109104931355,
        0.005261758342385292,
        0.017290260642766953,
        -0.004273692611604929,
        0.9998413324356079,
        -0.003224323969334364
    ],
    [
        0.9994835257530212,
        0.014065609313547611,
        -0.028893928974866867,
        0.06931258738040924,
        -0.013700228184461594,
        0.9998241662979126,
        0.012804915197193623,
        0.007157347165048122,
        0.029068956151604652,
        -0.012402449734508991,
        0.9995003938674927,
        -0.0009784467983990908
    ],
    [
        0.9993754625320435,
        0.014926575124263763,
        -0.03202890232205391,
        0.09349503368139267,
        -0.014306830242276192,
        0.9997076392173767,
        0.019492266699671745,
        0.010023985058069229,
        0.03231048956513405,
        -0.019021861255168915,
        0.9992969036102295,
        0.0017762510105967522
    ],
    [
        0.9991163015365601,
        0.019041189923882484,
        -0.03747154772281647,
        0.11314677447080612,
        -0.018161023035645485,
        0.9995543956756592,
        0.02369084022939205,
        0.012884690426290035,
        0.037905946373939514,
        -0.022989384829998016,
        0.9990168809890747,
        0.0032769946847110987
    ],
    [
        0.9986326098442078,
        0.01862375997006893,
        -0.0488484725356102,
        0.1300026774406433,
        -0.01724693924188614,
        0.9994462132453918,
        0.02845723181962967,
        0.016986310482025146,
        0.04935140162706375,
        -0.02757583186030388,
        0.9984007477760315,
        0.007519407197833061
    ],
    [
        0.9979891777038574,
        0.02453940361738205,
        -0.058440521359443665,
        0.1451042741537094,
        -0.022282160818576813,
        0.9989920258522034,
        0.03896799311041832,
        0.020434623584151268,
        0.05933786556124687,
        -0.03758745640516281,
        0.9975300431251526,
        0.02047780528664589
    ],
    [
        0.997114360332489,
        0.03271256014704704,
        -0.06850472092628479,
        0.1581362783908844,
        -0.02983792871236801,
        0.9986476898193359,
        0.04257366061210632,
        0.021409112960100174,
        0.06980477273464203,
        -0.040406763553619385,
        0.9967419505119324,
        0.03349829465150833
    ],
    [
        0.9962207674980164,
        0.03865080699324608,
        -0.07778297364711761,
        0.1746685653924942,
        -0.035287726670503616,
        0.9984011650085449,
        0.0441567525267601,
        0.020866869017481804,
        0.0793653056025505,
        -0.04124509170651436,
        0.9959920048713684,
        0.045238930732011795
    ],
    [
        0.9957499504089355,
        0.0353655070066452,
        -0.08503791689872742,
        0.19133253395557404,
        -0.03206668794155121,
        0.9986910223960876,
        0.039850566536188126,
        0.014737091027200222,
        0.08633594214916229,
        -0.03695431351661682,
        0.9955804944038391,
        0.053418900817632675
    ],
    [
        0.9952021837234497,
        0.03346514701843262,
        -0.09193865209817886,
        0.20911265909671783,
        -0.030330492183566093,
        0.9989170432090759,
        0.035283684730529785,
        0.005886476021260023,
        0.09301984310150146,
        -0.032325856387615204,
        0.9951393604278564,
        0.06165115162730217
    ],
    [
        0.9951457977294922,
        0.02903742901980877,
        -0.09402957558631897,
        0.22509819269180298,
        -0.026029787957668304,
        0.999114453792572,
        0.03305640444159508,
        -0.0018495457479730248,
        0.09490618109703064,
        -0.030448375269770622,
        0.9950205087661743,
        0.07380133122205734
    ],
    [
        0.9952051639556885,
        0.03059263527393341,
        -0.0929013341665268,
        0.2324448525905609,
        -0.027215031906962395,
        0.9989293217658997,
        0.0374089814722538,
        -0.004698527976870537,
        0.09394631534814835,
        -0.03470130264759064,
        0.9949723482131958,
        0.0945085808634758
    ],
    [
        0.9948546290397644,
        0.03150803968310356,
        -0.0962887778878212,
        0.23961660265922546,
        -0.028053242713212967,
        0.9989205002784729,
        0.03702535852789879,
        -0.010193010792136192,
        0.09735143184661865,
        -0.034133635461330414,
        0.9946645498275757,
        0.12108688056468964
    ],
    [
        0.9940534234046936,
        0.03800738602876663,
        -0.10204529017210007,
        0.2541561722755432,
        -0.03501452878117561,
        0.9989070892333984,
        0.030962089076638222,
        -0.017084704712033272,
        0.10311053693294525,
        -0.027204902842640877,
        0.9942978024482727,
        0.15172632038593292
    ],
    [
        0.9924706816673279,
        0.04052573814988136,
        -0.11558350175619125,
        0.28345850110054016,
        -0.03722040355205536,
        0.9988380074501038,
        0.030614161863923073,
        -0.024778185412287712,
        0.11668986827135086,
        -0.026081591844558716,
        0.9928258657455444,
        0.17356769740581512
    ],
    [
        0.9911060929298401,
        0.0341322161257267,
        -0.12862247228622437,
        0.3246197998523712,
        -0.030924435704946518,
        0.999160885810852,
        0.026855165138840675,
        -0.03461556136608124,
        0.12943117320537567,
        -0.02263874188065529,
        0.9913299083709717,
        0.1928221881389618
    ]
]