[
    [
        0.9908994436264038,
        0.011506845243275166,
        -0.13411137461662292,
        -0.11441157013177872,
        -0.013369939289987087,
        0.9998260736465454,
        -0.012999802827835083,
        -0.016167325899004936,
        0.1339384913444519,
        0.014674559235572815,
        0.9908809661865234,
        0.2941516637802124
    ],
    [
        0.9816121459007263,
        0.0171173345297575,
        -0.19011735916137695,
        -0.1714593917131424,
        -0.0203238632529974,
        0.9996820092201233,
        -0.014928983524441719,
        -0.0250705536454916,
        0.18980136513710022,
        0.018518391996622086,
        0.9816478490829468,
        0.4426189661026001
    ],
    [
        0.9666287302970886,
        0.021760784089565277,
        -0.25525543093681335,
        -0.23177340626716614,
        -0.02657943405210972,
        0.9995273947715759,
        -0.015443148091435432,
        -0.030538290739059448,
        0.2547987401485443,
        0.02171233482658863,
        0.9667502641677856,
        0.5949299931526184
    ],
    [
        0.9464705586433411,
        0.025792157277464867,
        -0.321757972240448,
        -0.2773003876209259,
        -0.03178932145237923,
        0.999404788017273,
        -0.013397803530097008,
        -0.03612252697348595,
        0.32122087478637695,
        0.022909097373485565,
        0.9467272162437439,
        0.7633023858070374
    ],
    [
        0.9194182753562927,
        0.02738579921424389,
        -0.3923264443874359,
        -0.3156421482563019,
        -0.03468150272965431,
        0.999332070350647,
        -0.011519241146743298,
        -0.036048825830221176,
        0.39174890518188477,
        0.024197470396757126,
        0.919753909111023,
        0.956436812877655
    ],
    [
        0.8863479495048523,
        0.032649580389261246,
        -0.461867094039917,
        -0.38055306673049927,
        -0.04163841903209686,
        0.9990896582603455,
        -0.009280326776206493,
        -0.037814751267433167,
        0.4611436724662781,
        0.027457015588879585,
        0.8869006633758545,
        1.112051248550415
    ],
    [
        0.8482824563980103,
        0.04053676128387451,
        -0.5279902219772339,
        -0.4710679054260254,
        -0.05098856985569,
        0.9986854195594788,
        -0.005244863219559193,
        -0.030711211264133453,
        0.5270835757255554,
        0.03137059137225151,
        0.8492342233657837,
        1.2453590631484985
    ],
    [
        0.8068680167198181,
        0.048754412680864334,
        -0.5887163877487183,
        -0.575356662273407,
        -0.05863875523209572,
        0.9982765316963196,
        0.0023044252302497625,
        -0.0346953421831131,
        0.5878141522407532,
        0.032662227749824524,
        0.8083363175392151,
        1.359840750694275
    ],
    [
        0.7615280747413635,
        0.05501144379377365,
        -0.6457930207252502,
        -0.6652379035949707,
        -0.06342318654060364,
        0.9979343414306641,
        0.010218868963420391,
        -0.03229581564664841,
        0.6450213193893433,
        0.03317629545927048,
        0.763444185256958,
        1.4443607330322266
    ],
    [
        0.7089735269546509,
        0.06010165438055992,
        -0.7026695013046265,
        -0.7445784211158752,
        -0.06537225842475891,
        0.9976728558540344,
        0.019375519827008247,
        -0.02294044941663742,
        0.7021987438201904,
        0.03219836205244064,
        0.7112525701522827,
        1.521762728691101
    ],
    [
        0.6510811448097229,
        0.0668996274471283,
        -0.7560540437698364,
        -0.8246633410453796,
        -0.0676192119717598,
        0.9972597360610962,
        0.030012015253305435,
        -0.023935744538903236,
        0.7559900879859924,
        0.031583525240421295,
        0.6538206934928894,
        1.5962700843811035
    ],
    [
        0.5913623571395874,
        0.0746484324336052,
        -0.8029434680938721,
        -0.907973051071167,
        -0.07125943899154663,
        0.996648371219635,
        0.04017480090260506,
        -0.024225808680057526,
        0.8032513856887817,
        0.033459439873695374,
        0.5946997404098511,
        1.6554473638534546
    ],
    [
        0.5334571599960327,
        0.07924211025238037,
        -0.8421069383621216,
        -0.9884017705917358,
        -0.07524576783180237,
        0.9961004257202148,
        0.04606623202562332,
        -0.01282690092921257,
        0.8424733877182007,
        0.038790613412857056,
        0.5373393893241882,
        1.7094427347183228
    ],
    [
        0.4896048307418823,
        0.0850391685962677,
        -0.8677875995635986,
        -1.0764415264129639,
        -0.08185754716396332,
        0.995320200920105,
        0.05135283246636391,
        0.0041099232621490955,
        0.8680935502052307,
        0.045892369002103806,
        0.49427464604377747,
        1.751848816871643
    ],
    [
        0.446594774723053,
        0.09135572612285614,
        -0.8900601863861084,
        -1.195864200592041,
        -0.08911537379026413,
        0.9943689703941345,
        0.057347629219293594,
        0.010407548397779465,
        0.8902873992919922,
        0.053706903010606766,
        0.4522213935852051,
        1.7979732751846313
    ],
    [
        0.4048253297805786,
        0.09443078190088272,
        -0.9095049500465393,
        -1.2999963760375977,
        -0.09749231487512589,
        0.993441104888916,
        0.05975126475095749,
        0.016328828409314156,
        0.9091818928718567,
        0.06448093056678772,
        0.41137632727622986,
        1.8495641946792603
    ],
    [
        0.3599410951137543,
        0.09173155575990677,
        -0.9284545183181763,
        -1.3838557004928589,
        -0.09984119981527328,
        0.9932273030281067,
        0.05942491814494133,
        0.03287683054804802,
        0.9276174306869507,
        0.07130853086709976,
        0.36666181683540344,
        1.9225075244903564
    ],
    [
        0.319952130317688,
        0.08622082322835922,
        -0.9435022473335266,
        -1.450979471206665,
        -0.10258069634437561,
        0.9931487441062927,
        0.05597144737839699,
        0.06090657040476799,
        0.941864013671875,
        0.07887694239616394,
        0.32660460472106934,
        1.9847605228424072
    ],
    [
        0.2851243317127228,
        0.08085766434669495,
        -0.9550740122795105,
        -1.529532790184021,
        -0.10388319939374924,
        0.9931726455688477,
        0.053070224821567535,
        0.1041017696261406,
        0.9528443217277527,
        0.08408452570438385,
        0.2915774881839752,
        2.0394091606140137
    ],
    [
        0.25681811571121216,
        0.07609555125236511,
        -0.963459312915802,
        -1.6113014221191406,
        -0.10264408588409424,
        0.9934046864509583,
        0.05110004544258118,
        0.14080338180065155,
        0.9609935879707336,
        0.08576998114585876,
        0.26293516159057617,
        2.078364133834839
    ],
    [
        0.23480989038944244,
        0.070155568420887,
        -0.9695062637329102,
        -1.6988632678985596,
        -0.10098456591367722,
        0.9937557578086853,
        0.047452304512262344,
        0.16728056967258453,
        0.9667815566062927,
        0.08676290512084961,
        0.2404283732175827,
        2.107395887374878
    ],
    [
        0.21736016869544983,
        0.06495896726846695,
        -0.9739274978637695,
        -1.782850742340088,
        -0.10010174661874771,
        0.9940057992935181,
        0.043957535177469254,
        0.18500259518623352,
        0.9709450602531433,
        0.08793722838163376,
        0.22255972027778625,
        2.1246354579925537
    ],
    [
        0.20513825118541718,
        0.06482019275426865,
        -0.9765840768814087,
        -1.8740006685256958,
        -0.10063347220420837,
        0.993912935256958,
        0.04483160749077797,
        0.21087788045406342,
        0.9735456705093384,
        0.08908036351203918,
        0.2104126513004303,
        2.1429646015167236
    ],
    [
        0.19799590110778809,
        0.06937117129564285,
        -0.9777449369430542,
        -1.9705309867858887,
        -0.10010294616222382,
        0.9937083125114441,
        0.050232645124197006,
        0.22798189520835876,
        0.9750779867172241,
        0.08792930841445923,
        0.20369446277618408,
        2.1537418365478516
    ],
    [
        0.1890547126531601,
        0.07446248084306717,
        -0.9791392683982849,
        -2.072006940841675,
        -0.09836302697658539,
        0.9935417175292969,
        0.05656559765338898,
        0.23940517008304596,
        0.9770276546478271,
        0.08561711013317108,
        0.19515812397003174,
        2.161863327026367
    ]
]