[
    [
        0.9995081424713135,
        0.0051681604236364365,
        -0.03093358874320984,
        -0.03908750042319298,
        -0.00513120461255312,
        0.999985933303833,
        0.0012739303056150675,
        -0.10987868160009384,
        0.03093974106013775,
        -0.0011145776370540261,
        0.9995206594467163,
        0.36457428336143494
    ],
    [
        0.9985040426254272,
        0.009078571572899818,
        -0.05391814187169075,
        -0.05531250685453415,
        -0.00915153231471777,
        0.9999575614929199,
        -0.001106413546949625,
        -0.20036374032497406,
        0.053905803710222244,
        0.0015981924952939153,
        0.9985446929931641,
        0.4880320131778717
    ],
    [
        0.9964585900306702,
        0.01386116724461317,
        -0.08293464779853821,
        -0.059420615434646606,
        -0.013831635005772114,
        0.9999038577079773,
        0.0009306756546720862,
        -0.27265042066574097,
        0.08293956518173218,
        0.0002197415306000039,
        0.9965546131134033,
        0.6292716860771179
    ],
    [
        0.9926924705505371,
        0.02081597037613392,
        -0.11886284500360489,
        -0.049941327422857285,
        -0.019614726305007935,
        0.9997440576553345,
        0.011267215013504028,
        -0.3713705241680145,
        0.11906696110963821,
        -0.008853415958583355,
        0.9928467869758606,
        0.7824289202690125
    ],
    [
        0.9856971502304077,
        0.029860205948352814,
        -0.1658594161272049,
        -0.016599932685494423,
        -0.026800772175192833,
        0.9994274377822876,
        0.02065400406718254,
        -0.5014941096305847,
        0.16638118028640747,
        -0.015913434326648712,
        0.9859331250190735,
        0.8879600763320923
    ],
    [
        0.9788681864738464,
        0.03678534924983978,
        -0.20115673542022705,
        0.02733323723077774,
        -0.03173965588212013,
        0.9990967512130737,
        0.028252502903342247,
        -0.5893628001213074,
        0.20201429724693298,
        -0.02127082832157612,
        0.9791514873504639,
        0.9673824906349182
    ],
    [
        0.9717773795127869,
        0.04429803788661957,
        -0.23170331120491028,
        0.09436605125665665,
        -0.036254607141017914,
        0.9985867738723755,
        0.03886015713214874,
        -0.6638616323471069,
        0.23309727013111115,
        -0.029363097622990608,
        0.9720100164413452,
        1.1097701787948608
    ],
    [
        0.9652109146118164,
        0.0481136292219162,
        -0.25700753927230835,
        0.1814880669116974,
        -0.038225699216127396,
        0.9983291029930115,
        0.043334804475307465,
        -0.746295690536499,
        0.2586630880832672,
        -0.03200294449925423,
        0.9654374122619629,
        1.245806336402893
    ],
    [
        0.9583072066307068,
        0.05195994675159454,
        -0.2809757888317108,
        0.27928823232650757,
        -0.040847789496183395,
        0.998139500617981,
        0.04526562988758087,
        -0.7921932935714722,
        0.28280505537986755,
        -0.03190115466713905,
        0.9586467742919922,
        1.3717707395553589
    ],
    [
        0.947887659072876,
        0.05719664320349693,
        -0.3134287893772125,
        0.4378184378147125,
        -0.04454242065548897,
        0.9978826642036438,
        0.04739300161600113,
        -0.8533711433410645,
        0.3154758810997009,
        -0.03096236288547516,
        0.9484283328056335,
        1.527561068534851
    ],
    [
        0.9387549757957458,
        0.061468884348869324,
        -0.33905842900276184,
        0.5603139400482178,
        -0.04771292582154274,
        0.9976699352264404,
        0.04876714572310448,
        -0.9029333591461182,
        0.34126612544059753,
        -0.029602956026792526,
        0.9395004510879517,
        1.6570841073989868
    ],
    [
        0.9308201670646667,
        0.06753325462341309,
        -0.3591840863227844,
        0.6822343468666077,
        -0.05218008905649185,
        0.9972682595252991,
        0.052281107753515244,
        -0.9652720093727112,
        0.361733615398407,
        -0.029922040179371834,
        0.9318011403083801,
        1.8369884490966797
    ],
    [
        0.9227193593978882,
        0.07196546345949173,
        -0.3786947429180145,
        0.7852832078933716,
        -0.055064644664525986,
        0.9969509840011597,
        0.05528659746050835,
        -1.038409948348999,
        0.3815189003944397,
        -0.030161332339048386,
        0.9238689541816711,
        2.011204957962036
    ],
    [
        0.9157422184944153,
        0.07661375403404236,
        -0.3943939805030823,
        0.8498851656913757,
        -0.05891787260770798,
        0.9966453313827515,
        0.05680405721068382,
        -1.0892852544784546,
        0.3974228799343109,
        -0.028781035915017128,
        0.9171841740608215,
        2.1938812732696533
    ],
    [
        0.9073848724365234,
        0.08137103915214539,
        -0.4123487174510956,
        0.8942180871963501,
        -0.0634065717458725,
        0.9963535666465759,
        0.05708814412355423,
        -1.1497986316680908,
        0.41549044847488403,
        -0.02565533109009266,
        0.9092356562614441,
        2.389585494995117
    ],
    [
        0.9010754227638245,
        0.08522025495767593,
        -0.42520666122436523,
        0.891826868057251,
        -0.0674871951341629,
        0.9961119890213013,
        0.05662624537944794,
        -1.1952587366104126,
        0.4283791184425354,
        -0.02232852578163147,
        0.9033232927322388,
        2.5787742137908936
    ],
    [
        0.8956547975540161,
        0.08672989159822464,
        -0.4362115263938904,
        0.8547540903091431,
        -0.07075759768486023,
        0.9960969686508179,
        0.05276578664779663,
        -1.2620707750320435,
        0.43908536434173584,
        -0.016394680365920067,
        0.8982957601547241,
        2.7868239879608154
    ],
    [
        0.8934835195541382,
        0.08451250195503235,
        -0.44107237458229065,
        0.8580206036567688,
        -0.07215418666601181,
        0.9963890910148621,
        0.04475179314613342,
        -1.2914769649505615,
        0.4432617425918579,
        -0.008159767836332321,
        0.8963550329208374,
        2.966564655303955
    ],
    [
        0.8890975713729858,
        0.0793696939945221,
        -0.45078372955322266,
        0.9023213982582092,
        -0.07109136879444122,
        0.996845006942749,
        0.03529881313443184,
        -1.3347153663635254,
        0.4521631598472595,
        0.0006627648253925145,
        0.8919349908828735,
        3.175448417663574
    ],
    [
        0.8852787017822266,
        0.0757942944765091,
        -0.45884284377098083,
        0.9463934302330017,
        -0.07121288776397705,
        0.9970872402191162,
        0.02730843424797058,
        -1.3517825603485107,
        0.45957615971565247,
        0.008499952964484692,
        0.8880977034568787,
        3.366225242614746
    ],
    [
        0.8835431933403015,
        0.07445792853832245,
        -0.4623930752277374,
        0.9865875244140625,
        -0.07136736065149307,
        0.9971565008163452,
        0.024200405925512314,
        -1.3634378910064697,
        0.46288031339645386,
        0.011617639102041721,
        0.8863447308540344,
        3.567842483520508
    ],
    [
        0.8831456303596497,
        0.07050075381994247,
        -0.4637709856033325,
        1.0440024137496948,
        -0.07073519378900528,
        0.9973517060279846,
        0.016914937645196915,
        -1.3770315647125244,
        0.4637354016304016,
        0.01786653883755207,
        0.8857935667037964,
        3.767932653427124
    ],
    [
        0.8833154439926147,
        0.06806855648756027,
        -0.4638109505176544,
        1.1189000606536865,
        -0.07043439149856567,
        0.997441291809082,
        0.012243391014635563,
        -1.3540544509887695,
        0.46345749497413635,
        0.02185346931219101,
        0.8858495354652405,
        3.928189754486084
    ],
    [
        0.8965991735458374,
        0.06119781732559204,
        -0.43859410285949707,
        1.2345863580703735,
        -0.0646132230758667,
        0.9978847503662109,
        0.007150584366172552,
        -1.3308579921722412,
        0.43810394406318665,
        0.021927764639258385,
        0.8986567854881287,
        4.111083984375
    ],
    [
        0.9373476505279541,
        0.046005960553884506,
        -0.3453444838523865,
        1.3681031465530396,
        -0.049280956387519836,
        0.9987846612930298,
        -0.000704663572832942,
        -1.3054124116897583,
        0.3448922634124756,
        0.017679443582892418,
        0.9384757280349731,
        4.250979423522949
    ]
]