[
    [
        0.9901689291000366,
        0.002716392744332552,
        -0.1398504376411438,
        -0.21997462213039398,
        -0.002541786292567849,
        0.9999957084655762,
        0.0014271220425143838,
        0.008865946903824806,
        0.13985373079776764,
        -0.0010576220229268074,
        0.9901716113090515,
        -0.0402458980679512
    ],
    [
        0.989674985408783,
        0.002693797927349806,
        -0.14330428838729858,
        -0.22438906133174896,
        -0.0025194997433573008,
        0.9999958276748657,
        0.0013977298513054848,
        0.008931925520300865,
        0.14330744743347168,
        -0.0010222424753010273,
        0.9896777868270874,
        -0.041523706167936325
    ],
    [
        0.9891749620437622,
        0.003066504141315818,
        -0.1467088907957077,
        -0.22903886437416077,
        -0.0028728393372148275,
        0.9999947547912598,
        0.0015319251688197255,
        0.009020419791340828,
        0.14671280980110168,
        -0.0010938708437606692,
        0.9891785383224487,
        -0.04275580495595932
    ],
    [
        0.9886218905448914,
        0.0032254301477223635,
        -0.1503869593143463,
        -0.2341267317533493,
        -0.0030209312681108713,
        0.999994158744812,
        0.001588255981914699,
        0.008868852630257607,
        0.15039122104644775,
        -0.0011158761335536838,
        0.9886259436607361,
        -0.043726447969675064
    ],
    [
        0.9881631731987,
        0.0032826086971908808,
        -0.1533709317445755,
        -0.23981550335884094,
        -0.0031227143481373787,
        0.9999943375587463,
        0.0012834100052714348,
        0.009847627952694893,
        0.15337426960468292,
        -0.0007892848225310445,
        0.9881678223609924,
        -0.04501337930560112
    ],
    [
        0.9872979521751404,
        0.003597612725570798,
        -0.1588388979434967,
        -0.24663496017456055,
        -0.0033901710994541645,
        0.9999930262565613,
        0.0015769362216815352,
        0.009777617640793324,
        0.15884345769882202,
        -0.001018414506688714,
        0.9873031973838806,
        -0.046662718057632446
    ],
    [
        0.9867222309112549,
        0.0037734622601419687,
        -0.16237309575080872,
        -0.2519815266132355,
        -0.0035477636847645044,
        0.999992311000824,
        0.0016799322329461575,
        0.009516781195998192,
        0.162378191947937,
        -0.001081564580090344,
        0.9867278933525085,
        -0.048088062554597855
    ],
    [
        0.9861740469932556,
        0.00370199978351593,
        -0.16567087173461914,
        -0.25735190510749817,
        -0.0034703335259109735,
        0.9999925494194031,
        0.0016877974849194288,
        0.009826052002608776,
        0.16567589342594147,
        -0.0010895285522565246,
        0.9861796498298645,
        -0.04904819652438164
    ],
    [
        0.9855674505233765,
        0.003894994966685772,
        -0.1692384034395218,
        -0.26222485303878784,
        -0.0036856038495898247,
        0.9999920129776001,
        0.0015513759572058916,
        0.010385032743215561,
        0.16924311220645905,
        -0.0009052399545907974,
        0.985573947429657,
        -0.05018814653158188
    ],
    [
        0.9849623441696167,
        0.0043283808045089245,
        -0.1727146953344345,
        -0.26783016324043274,
        -0.004092299845069647,
        0.9999901652336121,
        0.0017229372169822454,
        0.010326987132430077,
        0.17272044718265533,
        -0.0009902287274599075,
        0.9849703311920166,
        -0.051519352942705154
    ],
    [
        0.9839556813240051,
        0.004420542158186436,
        -0.17835822701454163,
        -0.2743275463581085,
        -0.004160452168434858,
        0.9999896883964539,
        0.001832243986427784,
        0.010240604169666767,
        0.17836447060108185,
        -0.0010607960866764188,
        0.9839639067649841,
        -0.05368554964661598
    ],
    [
        0.9833041429519653,
        0.004634038079530001,
        -0.18191103637218475,
        -0.2792636454105377,
        -0.004384044092148542,
        0.999988853931427,
        0.0017763528740033507,
        0.010532802902162075,
        0.1819172203540802,
        -0.0009491893579252064,
        0.9833133816719055,
        -0.054503150284290314
    ],
    [
        0.9826012253761292,
        0.00492904195562005,
        -0.18566255271434784,
        -0.28397130966186523,
        -0.004663094878196716,
        0.9999874234199524,
        0.001869073836132884,
        0.010492903180420399,
        0.1856694370508194,
        -0.0009707922581583261,
        0.9826117753982544,
        -0.05550060421228409
    ],
    [
        0.9818517565727234,
        0.004850074183195829,
        -0.18958793580532074,
        -0.28846675157546997,
        -0.00459723174571991,
        0.9999879598617554,
        0.0017734038410708308,
        0.010925301350653172,
        0.18959422409534454,
        -0.0008696397417224944,
        0.9818622469902039,
        -0.05705713480710983
    ],
    [
        0.9811659455299377,
        0.005090884864330292,
        -0.1930995136499405,
        -0.2944059669971466,
        -0.004833883140236139,
        0.9999866485595703,
        0.0018020534189417958,
        0.0113154212012887,
        0.19310609996318817,
        -0.0008346937247551978,
        0.981177568435669,
        -0.05793656036257744
    ],
    [
        0.9799154996871948,
        0.005286453291773796,
        -0.19934339821338654,
        -0.30168479681015015,
        -0.0050525846891105175,
        0.9999858140945435,
        0.0016818884760141373,
        0.011868715286254883,
        0.19934946298599243,
        -0.0006409089546650648,
        0.9799283742904663,
        -0.0595196932554245
    ],
    [
        0.9790511131286621,
        0.0052582924254238605,
        -0.2035466730594635,
        -0.30622878670692444,
        -0.0050062453374266624,
        0.9999858736991882,
        0.0017531521152704954,
        0.012271948158740997,
        0.20355305075645447,
        -0.0006974203861318529,
        0.9790635704994202,
        -0.060838352888822556
    ],
    [
        0.9782184958457947,
        0.005625744815915823,
        -0.2075015902519226,
        -0.31167906522750854,
        -0.005359380040317774,
        0.9999839067459106,
        0.0018458134727552533,
        0.012316239066421986,
        0.2075086534023285,
        -0.0006935283890925348,
        0.9782329797744751,
        -0.0617363341152668
    ],
    [
        0.9772710204124451,
        0.005740152206271887,
        -0.2119160294532776,
        -0.31583118438720703,
        -0.005445066839456558,
        0.9999831914901733,
        0.00197602272965014,
        0.012256978079676628,
        0.21192382276058197,
        -0.0007772131939418614,
        0.9772859215736389,
        -0.06275271624326706
    ],
    [
        0.9763205647468567,
        0.005799814127385616,
        -0.21625091135501862,
        -0.31986546516418457,
        -0.00556681165471673,
        0.9999831318855286,
        0.001686575124040246,
        0.012635204009711742,
        0.2162570357322693,
        -0.0004428098618518561,
        0.9763362407684326,
        -0.06391188502311707
    ],
    [
        0.9749493598937988,
        0.006081604398787022,
        -0.22234366834163666,
        -0.32702890038490295,
        -0.005808231886476278,
        0.9999814033508301,
        0.001883385470137,
        0.013096350245177746,
        0.22235096991062164,
        -0.0005447815055958927,
        0.9749665260314941,
        -0.06548906862735748
    ],
    [
        0.9740244150161743,
        0.006504708901047707,
        -0.22634975612163544,
        -0.3316902220249176,
        -0.006194105837494135,
        0.9999786615371704,
        0.0020824428647756577,
        0.013053813949227333,
        0.22635845839977264,
        -0.0006263162358663976,
        0.9740438461303711,
        -0.06632699817419052
    ],
    [
        0.9731017351150513,
        0.006537799257785082,
        -0.23028330504894257,
        -0.33584362268447876,
        -0.006226807367056608,
        0.9999784827232361,
        0.0020771885756403208,
        0.013347417116165161,
        0.2302919179201126,
        -0.0005873864283785224,
        0.9731214046478271,
        -0.06727995723485947
    ],
    [
        0.9721909761428833,
        0.006721431389451027,
        -0.23409295082092285,
        -0.3398919105529785,
        -0.006425938569009304,
        0.9999773502349854,
        0.0020250033121556044,
        0.013743099756538868,
        0.23410126566886902,
        -0.00046442297752946615,
        0.9722121357917786,
        -0.06817943602800369
    ],
    [
        0.9708833694458008,
        0.0070771281607449055,
        -0.23944798111915588,
        -0.3455745279788971,
        -0.006770355626940727,
        0.9999749064445496,
        0.0021036923862993717,
        0.013392707332968712,
        0.23945681750774384,
        -0.0004212931089568883,
        0.9709069728851318,
        -0.06953158229589462
    ]
]