[
    [
        0.9999280571937561,
        0.0015200080815702677,
        0.011906606145203114,
        -0.07381795346736908,
        -0.001526825362816453,
        0.9999987483024597,
        0.0005634843255393207,
        -0.002269816817715764,
        -0.011905734427273273,
        -0.0005816227057948709,
        0.9999289512634277,
        -0.15933972597122192
    ],
    [
        0.9998957514762878,
        0.001496308483183384,
        0.01435796357691288,
        -0.09465869516134262,
        -0.0015006574103608727,
        0.9999988079071045,
        0.00029216305119916797,
        -3.472722164588049e-05,
        -0.014357510954141617,
        -0.0003136789600830525,
        0.9998968839645386,
        -0.20191581547260284
    ],
    [
        0.999853253364563,
        0.0015956592978909612,
        0.017059385776519775,
        -0.11871848255395889,
        -0.001591922016814351,
        0.9999987483024597,
        -0.00023270637029781938,
        0.0008332489524036646,
        -0.01705973595380783,
        0.00020551466150209308,
        0.9998544454574585,
        -0.2546604871749878
    ],
    [
        0.9998043179512024,
        0.0021854217629879713,
        0.019661957398056984,
        -0.1385945975780487,
        -0.0021888422779738903,
        0.999997615814209,
        0.00015243391680996865,
        0.0011861295206472278,
        -0.01966157741844654,
        -0.0001954410836333409,
        0.9998067021369934,
        -0.30333471298217773
    ],
    [
        0.9997603893280029,
        0.002458064816892147,
        0.021749652922153473,
        -0.1545058935880661,
        -0.0024595085997134447,
        0.9999970197677612,
        3.960603862651624e-05,
        0.0028045864310115576,
        -0.02174948900938034,
        -9.308995504397899e-05,
        0.9997634291648865,
        -0.34181392192840576
    ],
    [
        0.9997002482414246,
        0.0024172374978661537,
        0.02436576597392559,
        -0.17389515042304993,
        -0.0024184281937777996,
        0.9999970197677612,
        1.9423963749432005e-05,
        0.006706254556775093,
        -0.02436564862728119,
        -7.834505231585354e-05,
        0.9997031092643738,
        -0.3915479779243469
    ],
    [
        0.9996217489242554,
        0.0025233665946871042,
        0.0273879524320364,
        -0.19475029408931732,
        -0.00251622567884624,
        0.9999968409538269,
        -0.0002952169452328235,
        0.010668158531188965,
        -0.027388611808419228,
        0.00022619105584453791,
        0.9996247291564941,
        -0.44491490721702576
    ],
    [
        0.9995716214179993,
        0.0021660218480974436,
        0.029186995700001717,
        -0.21096034348011017,
        -0.002159115392714739,
        0.9999976754188538,
        -0.0002681539626792073,
        0.011066344566643238,
        -0.029187507927417755,
        0.0002050210750894621,
        0.9995740056037903,
        -0.48690763115882874
    ],
    [
        0.9995062947273254,
        0.002233141101896763,
        0.03134056553244591,
        -0.23105241358280182,
        -0.002227337099611759,
        0.9999974370002747,
        -0.00022010167594999075,
        0.008279481902718544,
        -0.03134097903966904,
        0.00015018631529528648,
        0.9995087385177612,
        -0.5363860726356506
    ],
    [
        0.999423623085022,
        0.002760042203590274,
        0.03383572772145271,
        -0.25061357021331787,
        -0.002753935754299164,
        0.9999961256980896,
        -0.00022707127209287137,
        0.0069066970609128475,
        -0.03383621945977211,
        0.0001337586872978136,
        0.9994274377822876,
        -0.5843488574028015
    ],
    [
        0.9993466138839722,
        0.002861443441361189,
        0.03602895513176918,
        -0.27181944251060486,
        -0.0028632334433496,
        0.9999959468841553,
        -1.9275564682175172e-06,
        0.008365540765225887,
        -0.03602880984544754,
        -0.00010123254469363019,
        0.9993507266044617,
        -0.6354563236236572
    ],
    [
        0.999296247959137,
        0.0031257369555532932,
        0.03738025948405266,
        -0.2869420647621155,
        -0.0031191811431199312,
        0.9999951124191284,
        -0.00023367123503703624,
        0.009523492306470871,
        -0.03738080710172653,
        0.00011691071267705411,
        0.9993010759353638,
        -0.6777791976928711
    ],
    [
        0.9992327690124512,
        0.0031162449158728123,
        0.03903908655047417,
        -0.30414965748786926,
        -0.0031022357288748026,
        0.9999951124191284,
        -0.0004194452485535294,
        0.009184524416923523,
        -0.039040204137563705,
        0.0002980158315040171,
        0.9992376565933228,
        -0.7289027571678162
    ],
    [
        0.9991757273674011,
        0.003325925674289465,
        0.040458325296640396,
        -0.31893426179885864,
        -0.003326298203319311,
        0.9999945163726807,
        -5.8103338233195245e-05,
        0.009231173433363438,
        -0.04045829549431801,
        -7.652035128558055e-05,
        0.9991812109947205,
        -0.7770711779594421
    ],
    [
        0.9991008639335632,
        0.0035623167641460896,
        0.042246006429195404,
        -0.3311889171600342,
        -0.0035697731655091047,
        0.9999936819076538,
        0.00010105717956321314,
        0.011609701439738274,
        -0.04224538058042526,
        -0.0002517747925594449,
        0.9991071820259094,
        -0.8156110048294067
    ],
    [
        0.9990426898002625,
        0.003508156631141901,
        0.043604739010334015,
        -0.3477248549461365,
        -0.003514924319460988,
        0.9999938011169434,
        7.855385047150776e-05,
        0.016316549852490425,
        -0.04360419139266014,
        -0.00023174617672339082,
        0.9990488886833191,
        -0.8679192662239075
    ],
    [
        0.9989319443702698,
        0.003195629920810461,
        0.046095967292785645,
        -0.36531198024749756,
        -0.0031959705520421267,
        0.9999948740005493,
        -6.631517317146063e-05,
        0.019023945555090904,
        -0.046095944941043854,
        -8.107616304187104e-05,
        0.9989370703697205,
        -0.9224528670310974
    ],
    [
        0.9988368153572083,
        0.0033677970059216022,
        0.048100851476192474,
        -0.38374289870262146,
        -0.0033551922533661127,
        0.9999943375587463,
        -0.000342788320267573,
        0.017372969537973404,
        -0.04810173064470291,
        0.00018100166926160455,
        0.9988424181938171,
        -0.9742978811264038
    ],
    [
        0.9988295435905457,
        0.0032893908210098743,
        0.048256512731313705,
        -0.399838924407959,
        -0.003296604845672846,
        0.9999945163726807,
        6.990927795413882e-05,
        0.0165850929915905,
        -0.048256028443574905,
        -0.00022890986292622983,
        0.998835027217865,
        -1.0134750604629517
    ],
    [
        0.9988224506378174,
        0.0035044685937464237,
        0.04838895797729492,
        -0.41914984583854675,
        -0.003538878634572029,
        0.9999935626983643,
        0.0006254728650674224,
        0.019300905987620354,
        -0.048386454582214355,
        -0.0007959791691973805,
        0.9988284707069397,
        -1.0624401569366455
    ],
    [
        0.9988004565238953,
        0.0036993236280977726,
        0.04882793128490448,
        -0.4400983452796936,
        -0.003742380766198039,
        0.9999926686286926,
        0.0007904341327957809,
        0.024420874193310738,
        -0.04882464557886124,
        -0.0009722185204736888,
        0.9988069534301758,
        -1.115553379058838
    ],
    [
        0.9988080263137817,
        0.003440878354012966,
        0.04868847504258156,
        -0.4565661549568176,
        -0.003485417226329446,
        0.9999935626983643,
        0.0008298919419758022,
        0.025597283616662025,
        -0.04868531599640846,
        -0.000998602481558919,
        0.9988135695457458,
        -1.1590631008148193
    ],
    [
        0.998783528804779,
        0.0035964096896350384,
        0.04917723685503006,
        -0.47342926263809204,
        -0.0036644949577748775,
        0.9999924898147583,
        0.0012943948386237025,
        0.025615815073251724,
        -0.04917220026254654,
        -0.0014730303082615137,
        0.9987892508506775,
        -1.212143063545227
    ],
    [
        0.998773992061615,
        0.00413609528914094,
        0.049329400062561035,
        -0.4884016215801239,
        -0.004238093737512827,
        0.9999890327453613,
        0.0019632915500551462,
        0.02526012621819973,
        -0.04932074621319771,
        -0.002169947838410735,
        0.9987806677818298,
        -1.263546109199524
    ],
    [
        0.9987878799438477,
        0.0040785325691103935,
        0.0490519255399704,
        -0.5009636878967285,
        -0.004203964024782181,
        0.9999880790710449,
        0.0024542114697396755,
        0.02905067801475525,
        -0.04904133826494217,
        -0.002657448872923851,
        0.9987932443618774,
        -1.316207766532898
    ]
]