[
    [
        0.9995509386062622,
        -0.0024424970615655184,
        0.029864013195037842,
        -0.14128468930721283,
        0.002463948680087924,
        0.9999967217445374,
        -0.0006815316737629473,
        -0.028028039261698723,
        -0.02986225299537182,
        0.0007548094145022333,
        0.9995537400245667,
        -0.022705834358930588
    ],
    [
        0.9991989135742188,
        -0.003613898530602455,
        0.03985471650958061,
        -0.21161291003227234,
        0.0036580085288733244,
        0.999992847442627,
        -0.0010338934371247888,
        -0.037717100232839584,
        -0.03985069319605827,
        0.0011788548436015844,
        0.9992050528526306,
        -0.019820794463157654
    ],
    [
        0.9987884759902954,
        -0.004956099670380354,
        0.04895928502082825,
        -0.28518393635749817,
        0.0050069475546479225,
        0.999987006187439,
        -0.0009159851470030844,
        -0.04516086354851723,
        -0.048954110592603683,
        0.001160011743195355,
        0.9988003969192505,
        -0.016932396218180656
    ],
    [
        0.9983271956443787,
        -0.0067292326129972935,
        0.05742427334189415,
        -0.36211395263671875,
        0.006750740576535463,
        0.9999772310256958,
        -0.0001805527281248942,
        -0.05247887596487999,
        -0.057421743869781494,
        0.0005679073510691524,
        0.9983499050140381,
        -0.01424402091652155
    ],
    [
        0.9978054761886597,
        -0.008782277815043926,
        0.0656282901763916,
        -0.44309887290000916,
        0.008718608878552914,
        0.999961256980896,
        0.0012564908247441053,
        -0.06217322126030922,
        -0.0656367838382721,
        -0.0006815462838858366,
        0.9978433847427368,
        -0.012242492288351059
    ],
    [
        0.9970940947532654,
        -0.01105901226401329,
        0.07537227123975754,
        -0.5408949255943298,
        0.010888527147471905,
        0.999937117099762,
        0.002672461559996009,
        -0.07222723960876465,
        -0.07539709657430649,
        -0.0018440026324242353,
        0.9971517324447632,
        -0.01067007053643465
    ],
    [
        0.9963529109954834,
        -0.013147671706974506,
        0.08430822938680649,
        -0.6295886635780334,
        0.012878145091235638,
        0.9999101161956787,
        0.0037399905268102884,
        -0.08004119992256165,
        -0.08434982597827911,
        -0.0026406177785247564,
        0.9964327812194824,
        -0.009449295699596405
    ],
    [
        0.9954876899719238,
        -0.015166670083999634,
        0.09367116540670395,
        -0.7194067239761353,
        0.014772951602935791,
        0.9998788833618164,
        0.004895226564258337,
        -0.08819648623466492,
        -0.09373405575752258,
        -0.0034893385600298643,
        0.9955911636352539,
        -0.008878251537680626
    ],
    [
        0.9945114850997925,
        -0.01716226525604725,
        0.10321028530597687,
        -0.808935284614563,
        0.016583440825343132,
        0.999841570854187,
        0.0064637381583452225,
        -0.09797805547714233,
        -0.10330486297607422,
        -0.004716680385172367,
        0.9946385025978088,
        -0.008538425900042057
    ],
    [
        0.9934154748916626,
        -0.019253619015216827,
        0.11293788999319077,
        -0.898178219795227,
        0.018382040783762932,
        0.9997926354408264,
        0.008753686212003231,
        -0.10948781669139862,
        -0.11308301240205765,
        -0.00662001920863986,
        0.9935634136199951,
        -0.007733101025223732
    ],
    [
        0.992051899433136,
        -0.021654179319739342,
        0.12395220994949341,
        -0.9993817806243896,
        0.020320961251854897,
        0.9997214078903198,
        0.012010271660983562,
        -0.12205790728330612,
        -0.1241777315735817,
        -0.009395984001457691,
        0.9922154545783997,
        -0.005627518054097891
    ],
    [
        0.9907709360122681,
        -0.023889882490038872,
        0.13342469930648804,
        -1.0874873399734497,
        0.022054264321923256,
        0.9996410012245178,
        0.01521889865398407,
        -0.1300985962152481,
        -0.1337403655052185,
        -0.012135856784880161,
        0.9909420609474182,
        -0.003930896054953337
    ],
    [
        0.989495575428009,
        -0.026048807427287102,
        0.14219723641872406,
        -1.1767538785934448,
        0.023632682859897614,
        0.9995466470718384,
        0.01865416392683983,
        -0.13447162508964539,
        -0.14261871576309204,
        -0.01509771030396223,
        0.9896626472473145,
        0.00038899562787264585
    ],
    [
        0.9882150888442993,
        -0.028419429436326027,
        0.15041063725948334,
        -1.2675015926361084,
        0.02536543272435665,
        0.9994320869445801,
        0.022184520959854126,
        -0.13626325130462646,
        -0.1509556919336319,
        -0.01810784637928009,
        0.9883747100830078,
        0.005683926399797201
    ],
    [
        0.9869229197502136,
        -0.03090074472129345,
        0.15820357203483582,
        -1.3599013090133667,
        0.02715153619647026,
        0.9992981553077698,
        0.025805843994021416,
        -0.1372603178024292,
        -0.1588899791240692,
        -0.021172909066081047,
        0.9870692491531372,
        0.011148301884531975
    ],
    [
        0.9854335188865662,
        -0.03345150500535965,
        0.16673819720745087,
        -1.4676541090011597,
        0.02890383079648018,
        0.9991430640220642,
        0.029627477750182152,
        -0.13939793407917023,
        -0.16758637130260468,
        -0.024376535788178444,
        0.9855560064315796,
        0.015647342428565025
    ],
    [
        0.9840625524520874,
        -0.03573842719197273,
        0.1741940677165985,
        -1.5622366666793823,
        0.03054921329021454,
        0.9990085959434509,
        0.03238144516944885,
        -0.1425156593322754,
        -0.1751786172389984,
        -0.026543879881501198,
        0.9841788411140442,
        0.019981546327471733
    ],
    [
        0.9825882315635681,
        -0.03779130056500435,
        0.18191204965114594,
        -1.6563820838928223,
        0.03196476399898529,
        0.9988810420036316,
        0.034856460988521576,
        -0.14933599531650543,
        -0.1830257773399353,
        -0.02843477949500084,
        0.9826967716217041,
        0.02406904101371765
    ],
    [
        0.9809685945510864,
        -0.03989546000957489,
        0.19002476334571838,
        -1.749786615371704,
        0.03355860337615013,
        0.9987718462944031,
        0.036450766026973724,
        -0.15694941580295563,
        -0.19124558568000793,
        -0.029380084946751595,
        0.981102466583252,
        0.026630522683262825
    ],
    [
        0.979245662689209,
        -0.04198707267642021,
        0.19828052818775177,
        -1.8417621850967407,
        0.03519328683614731,
        0.9986705780029297,
        0.03766568377614021,
        -0.16529355943202972,
        -0.19959835708141327,
        -0.029905814677476883,
        0.9794213771820068,
        0.02878793142735958
    ],
    [
        0.9771567583084106,
        -0.04414604231715202,
        0.20788437128067017,
        -1.9476041793823242,
        0.03695311397314072,
        0.9985804557800293,
        0.03835974261164665,
        -0.17411139607429504,
        -0.20928268134593964,
        -0.02980150282382965,
        0.9774008989334106,
        0.03099575638771057
    ],
    [
        0.9752611517906189,
        -0.04595774784684181,
        0.21622596681118011,
        -2.041820526123047,
        0.03843807801604271,
        0.998505175113678,
        0.03885698691010475,
        -0.1822691410779953,
        -0.21768851578235626,
        -0.02958439476788044,
        0.9755698442459106,
        0.034477606415748596
    ],
    [
        0.9733485579490662,
        -0.047728825360536575,
        0.22430889308452606,
        -2.1380786895751953,
        0.03989718481898308,
        0.9984297752380371,
        0.039320822805166245,
        -0.19016645848751068,
        -0.22583338618278503,
        -0.029323576018214226,
        0.9737244844436646,
        0.03952450677752495
    ],
    [
        0.9714444279670715,
        -0.04951367899775505,
        0.23204317688941956,
        -2.235790252685547,
        0.04136377573013306,
        0.9983487129211426,
        0.03986028581857681,
        -0.19778215885162354,
        -0.2336336225271225,
        -0.02912387251853943,
        0.9718884229660034,
        0.04629519209265709
    ],
    [
        0.9692889451980591,
        -0.05163872614502907,
        0.24044165015220642,
        -2.348755121231079,
        0.043196309357881546,
        0.9982552528381348,
        0.04025477543473244,
        -0.20527099072933197,
        -0.24210084974765778,
        -0.02863232232630253,
        0.9698286056518555,
        0.05470060929656029
    ]
]