[
    [
        0.3730190396308899,
        -0.15017254650592804,
        0.9155899882316589,
        1.4842325448989868,
        0.1292063146829605,
        0.9856069087982178,
        0.10901681333780289,
        -0.2846350371837616,
        -0.9187832474708557,
        0.07763465493917465,
        0.38705337047576904,
        2.0245440006256104
    ],
    [
        0.3685881197452545,
        -0.151309072971344,
        0.9171959161758423,
        1.5490487813949585,
        0.1271418333053589,
        0.9855978488922119,
        0.11149951070547104,
        -0.28602439165115356,
        -0.9208571314811707,
        0.07551654428243637,
        0.38251739740371704,
        2.0455703735351562
    ],
    [
        0.36277106404304504,
        -0.1525820642709732,
        0.9193019270896912,
        1.6389129161834717,
        0.12632204592227936,
        0.9854503273963928,
        0.11371241509914398,
        -0.28243276476860046,
        -0.9232766628265381,
        0.07487648725509644,
        0.37676724791526794,
        2.0713160037994385
    ],
    [
        0.3544371426105499,
        -0.15536808967590332,
        0.9220818281173706,
        1.723668098449707,
        0.12925539910793304,
        0.9847739338874817,
        0.1162472739815712,
        -0.2801516354084015,
        -0.9261032342910767,
        0.07798172533512115,
        0.3691225051879883,
        2.1004364490509033
    ],
    [
        0.34777724742889404,
        -0.15735577046871185,
        0.924278199672699,
        1.7765884399414062,
        0.13129998743534088,
        0.9842749834060669,
        0.11816594749689102,
        -0.2800315320491791,
        -0.9283379912376404,
        0.08026224374771118,
        0.3629692494869232,
        2.1171956062316895
    ],
    [
        0.33818429708480835,
        -0.1599733978509903,
        0.9273834824562073,
        1.855825662612915,
        0.1321217268705368,
        0.9837567210197449,
        0.12151757627725601,
        -0.2778471112251282,
        -0.9317591190338135,
        0.08143214881420135,
        0.3538270592689514,
        2.143317222595215
    ],
    [
        0.32608261704444885,
        -0.16444112360477448,
        0.9309291839599609,
        1.9280378818511963,
        0.13277874886989594,
        0.9829596281051636,
        0.12712259590625763,
        -0.2815507650375366,
        -0.9359700679779053,
        0.08215513080358505,
        0.3423604667186737,
        2.168947458267212
    ],
    [
        0.31620681285858154,
        -0.16693291068077087,
        0.9338880181312561,
        1.9766721725463867,
        0.13323521614074707,
        0.9824548363685608,
        0.13050197064876556,
        -0.28166836500167847,
        -0.9392878413200378,
        0.08316117525100708,
        0.3329003155231476,
        2.1874592304229736
    ],
    [
        0.30135470628738403,
        -0.16974134743213654,
        0.9382818937301636,
        2.054079055786133,
        0.13321100175380707,
        0.9818717837333679,
        0.1348426789045334,
        -0.2852548062801361,
        -0.944161057472229,
        0.08435402065515518,
        0.3185030519962311,
        2.2203240394592285
    ],
    [
        0.2815049886703491,
        -0.17046216130256653,
        0.9442972540855408,
        2.128356456756592,
        0.13389524817466736,
        0.9814448356628418,
        0.1372523456811905,
        -0.2900780141353607,
        -0.9501721262931824,
        0.08779972791671753,
        0.2991057336330414,
        2.2581355571746826
    ],
    [
        0.26463407278060913,
        -0.16987818479537964,
        0.9492681622505188,
        2.1810245513916016,
        0.13512058556079865,
        0.9811830520629883,
        0.1379210501909256,
        -0.29253897070884705,
        -0.9548355937004089,
        0.0917670950293541,
        0.282608300447464,
        2.287449836730957
    ],
    [
        0.2410811185836792,
        -0.1689399927854538,
        0.9556877017021179,
        2.2487118244171143,
        0.13614968955516815,
        0.9808815121650696,
        0.1390485316514969,
        -0.2994149327278137,
        -0.960907518863678,
        0.09659462422132492,
        0.2594732642173767,
        2.3254756927490234
    ],
    [
        0.2166759967803955,
        -0.1678488850593567,
        0.9617059230804443,
        2.31136417388916,
        0.13751624524593353,
        0.9805338382720947,
        0.14015205204486847,
        -0.3047049939632416,
        -0.9665096402168274,
        0.10188262164592743,
        0.23554006218910217,
        2.3616724014282227
    ],
    [
        0.19893862307071686,
        -0.16678619384765625,
        0.9657151699066162,
        2.360761880874634,
        0.13796687126159668,
        0.9803641438484192,
        0.1408948302268982,
        -0.30650976300239563,
        -0.970251739025116,
        0.10520728677511215,
        0.21804329752922058,
        2.386408567428589
    ],
    [
        0.17664700746536255,
        -0.16525569558143616,
        0.9703021049499512,
        2.4253268241882324,
        0.13720332086086273,
        0.980314314365387,
        0.1419825553894043,
        -0.30794253945350647,
        -0.9746646285057068,
        0.10804786533117294,
        0.19584323465824127,
        2.414013385772705
    ],
    [
        0.1553538292646408,
        -0.1635720282793045,
        0.9742225408554077,
        2.484855890274048,
        0.13692209124565125,
        0.9802424311637878,
        0.14274854958057404,
        -0.3058611750602722,
        -0.9783238172531128,
        0.11121603101491928,
        0.17468112707138062,
        2.4355409145355225
    ],
    [
        0.1390589028596878,
        -0.16394148766994476,
        0.9766194224357605,
        2.5273141860961914,
        0.13772056996822357,
        0.9798193573951721,
        0.1448688805103302,
        -0.30681583285331726,
        -0.9806607961654663,
        0.11435530334711075,
        0.1588306874036789,
        2.4506900310516357
    ],
    [
        0.11691220104694366,
        -0.16417871415615082,
        0.9794778227806091,
        2.603785514831543,
        0.13751983642578125,
        0.9794167280197144,
        0.14775381982326508,
        -0.3053550124168396,
        -0.9835750460624695,
        0.1174233928322792,
        0.13708367943763733,
        2.476234197616577
    ],
    [
        0.09402205795049667,
        -0.1645105630159378,
        0.9818839430809021,
        2.6836071014404297,
        0.13963615894317627,
        0.9786830544471741,
        0.15060319006443024,
        -0.2986883223056793,
        -0.9857289791107178,
        0.12294645607471466,
        0.11498936265707016,
        2.5009570121765137
    ],
    [
        0.07669752091169357,
        -0.1673683524131775,
        0.9829066395759583,
        2.7368693351745605,
        0.14041578769683838,
        0.9777985215187073,
        0.15554174780845642,
        -0.30011844635009766,
        -0.9871174097061157,
        0.12608595192432404,
        0.09849585592746735,
        2.5159730911254883
    ],
    [
        0.05322234705090523,
        -0.16991202533245087,
        0.9840210676193237,
        2.8046724796295166,
        0.14068087935447693,
        0.9768654108047485,
        0.16106750071048737,
        -0.29950380325317383,
        -0.9886233806610107,
        0.12986056506633759,
        0.07589435577392578,
        2.533633232116699
    ],
    [
        0.02835349552333355,
        -0.1719575673341751,
        0.9846962690353394,
        2.8676366806030273,
        0.1396583914756775,
        0.9761117696762085,
        0.16643711924552917,
        -0.3014744222164154,
        -0.9897937178611755,
        0.13280199468135834,
        0.05169152840971947,
        2.5461208820343018
    ],
    [
        0.00819515809416771,
        -0.17294730246067047,
        0.9848969578742981,
        2.918363571166992,
        0.13938294351100922,
        0.9755126237869263,
        0.17013965547084808,
        -0.3020116090774536,
        -0.9902046322822571,
        0.13588351011276245,
        0.032100360840559006,
        2.557250499725342
    ],
    [
        -0.019860323518514633,
        -0.17430174350738525,
        0.9844919443130493,
        2.9873898029327393,
        0.13829399645328522,
        0.9747419953346252,
        0.17536529898643494,
        -0.30405041575431824,
        -0.990192174911499,
        0.13963213562965393,
        0.004746236838400364,
        2.5735394954681396
    ],
    [
        -0.04970297962427139,
        -0.17513465881347656,
        0.9832891225814819,
        3.0597381591796875,
        0.13732337951660156,
        0.9739574193954468,
        0.18041397631168365,
        -0.3046756386756897,
        -0.9892784357070923,
        0.1439957320690155,
        -0.024358412250876427,
        2.5908095836639404
    ]
]