[
    [
        0.9139079451560974,
        -0.02071334607899189,
        0.40539270639419556,
        0.02851092629134655,
        0.010214905254542828,
        0.999554455280304,
        0.02804352156817913,
        0.06282395124435425,
        -0.4057929813861847,
        -0.021488146856427193,
        0.9137123227119446,
        -0.325903981924057
    ],
    [
        0.8376833200454712,
        -0.022559521719813347,
        0.5456902384757996,
        0.21699778735637665,
        0.008509425446391106,
        0.9995643496513367,
        0.028260523453354836,
        0.08210308849811554,
        -0.5460900068283081,
        -0.019029857590794563,
        0.8375104069709778,
        -0.3438228964805603
    ],
    [
        0.7648554444313049,
        0.010033201426267624,
        0.6441238522529602,
        0.43776193261146545,
        0.007874778471887112,
        0.9996584057807922,
        -0.02492198348045349,
        0.04527756944298744,
        -0.6441538333892822,
        0.024134047329425812,
        0.7645151615142822,
        -0.2989988327026367
    ],
    [
        0.7229594588279724,
        0.06854163855314255,
        0.6874821186065674,
        0.6750372052192688,
        0.008040308021008968,
        0.9941646456718445,
        -0.10757297277450562,
        -0.00662209652364254,
        -0.6908437013626099,
        0.083298459649086,
        0.7181897163391113,
        -0.1726015955209732
    ],
    [
        0.6860153675079346,
        0.1301644742488861,
        0.7158492207527161,
        0.9913724064826965,
        0.00936382357031107,
        0.9822064638137817,
        -0.18757039308547974,
        -0.07324398308992386,
        -0.7275267839431763,
        0.13537923991680145,
        0.6725899577140808,
        0.04928422346711159
    ],
    [
        0.6654704213142395,
        0.18023131787776947,
        0.724338173866272,
        1.3398540019989014,
        0.013569899834692478,
        0.967329204082489,
        -0.25315994024276733,
        -0.1038370132446289,
        -0.7463008165359497,
        0.17829962074756622,
        0.641283392906189,
        0.22414062917232513
    ],
    [
        0.6605708003044128,
        0.23059450089931488,
        0.7144734859466553,
        1.803611159324646,
        0.01814640685915947,
        0.9464802145957947,
        -0.32225143909454346,
        -0.20026622712612152,
        -0.7505443096160889,
        0.22583499550819397,
        0.6210328936576843,
        0.3950152099132538
    ],
    [
        0.6630197763442993,
        0.2817896604537964,
        0.6935411691665649,
        2.242558479309082,
        0.02130715921521187,
        0.9189696907997131,
        -0.39375200867652893,
        -0.2961663603782654,
        -0.7482985854148865,
        0.2758427560329437,
        0.6032909750938416,
        0.5868377685546875
    ],
    [
        0.6752353310585022,
        0.2999022603034973,
        0.6738812327384949,
        2.6032400131225586,
        0.02391696721315384,
        0.9042277932167053,
        -0.42638009786605835,
        -0.45606058835983276,
        -0.7372145652770996,
        0.3040241003036499,
        0.6033937335014343,
        0.7806204557418823
    ],
    [
        0.699560821056366,
        0.2999511659145355,
        0.6485707759857178,
        2.917057514190674,
        0.02761356346309185,
        0.8956083059310913,
        -0.44398558139801025,
        -0.64694744348526,
        -0.7140393257141113,
        0.32850420475006104,
        0.618249773979187,
        0.958063542842865
    ],
    [
        0.7526440620422363,
        0.2820763885974884,
        0.5949451327323914,
        3.136453866958618,
        0.033891819417476654,
        0.8857897520065308,
        -0.46284741163253784,
        -0.8673934936523438,
        -0.6575546860694885,
        0.3685232400894165,
        0.6571242213249207,
        1.0802409648895264
    ],
    [
        0.8150924444198608,
        0.24849624931812286,
        0.5233296751976013,
        3.2851486206054688,
        0.036239661276340485,
        0.8796950578689575,
        -0.47415539622306824,
        -1.002510666847229,
        -0.5781964063644409,
        0.40544581413269043,
        0.7080273628234863,
        1.2453608512878418
    ],
    [
        0.8591597676277161,
        0.21765564382076263,
        0.46310973167419434,
        3.4095253944396973,
        0.03529564291238785,
        0.8776655793190002,
        -0.47797200083732605,
        -1.1770296096801758,
        -0.5104886889457703,
        0.42700010538101196,
        0.7463725805282593,
        1.3947794437408447
    ],
    [
        0.8809188008308411,
        0.19783174991607666,
        0.42993560433387756,
        3.5499744415283203,
        0.03638902306556702,
        0.8774387240409851,
        -0.4783065617084503,
        -1.2700854539871216,
        -0.4718663990497589,
        0.43699413537979126,
        0.7657533884048462,
        1.5362411737442017
    ],
    [
        0.9091035723686218,
        0.1666286438703537,
        0.38179275393486023,
        3.7193682193756104,
        0.040083445608615875,
        0.877271294593811,
        -0.4783184230327606,
        -1.4477818012237549,
        -0.41463738679885864,
        0.45014455914497375,
        0.7908511757850647,
        1.6910064220428467
    ],
    [
        0.9317629933357239,
        0.13946206867694855,
        0.3352133631706238,
        3.8472299575805664,
        0.04061881825327873,
        0.8774440884590149,
        -0.47795599699020386,
        -1.5899150371551514,
        -0.3607877790927887,
        0.4589577317237854,
        0.8119050860404968,
        1.8639568090438843
    ],
    [
        0.9423423409461975,
        0.12622854113578796,
        0.30993086099624634,
        3.968214511871338,
        0.03936154767870903,
        0.8778975009918213,
        -0.4772281348705292,
        -1.812449336051941,
        -0.3323274254798889,
        0.4619116485118866,
        0.8223114013671875,
        2.0606400966644287
    ],
    [
        0.948891818523407,
        0.11602783203125,
        0.293499231338501,
        4.093817234039307,
        0.040305912494659424,
        0.8778007626533508,
        -0.4773274064064026,
        -1.9451044797897339,
        -0.3130171000957489,
        0.4647618532180786,
        0.8282611966133118,
        2.2333714962005615
    ],
    [
        0.9610469341278076,
        0.09326672554016113,
        0.26017293334007263,
        4.215670108795166,
        0.04420468211174011,
        0.8773553371429443,
        -0.47780078649520874,
        -2.1671104431152344,
        -0.27282702922821045,
        0.47068995237350464,
        0.8390568494796753,
        2.419945478439331
    ],
    [
        0.9730334281921387,
        0.07074876874685287,
        0.21954631805419922,
        4.292968273162842,
        0.04387081786990166,
        0.87766432762146,
        -0.4772636890411377,
        -2.2932004928588867,
        -0.22645366191864014,
        0.47402524948120117,
        0.850892961025238,
        2.6388492584228516
    ],
    [
        0.9775136113166809,
        0.06228770688176155,
        0.20146259665489197,
        4.34166955947876,
        0.04235447198152542,
        0.8779152631759644,
        -0.4769391715526581,
        -2.4780995845794678,
        -0.20657451450824738,
        0.47474735975265503,
        0.8555359840393066,
        2.8236615657806396
    ],
    [
        0.9798688292503357,
        0.05587899312376976,
        0.19166231155395508,
        4.423421382904053,
        0.04307011142373085,
        0.8782548308372498,
        -0.4762491285800934,
        -2.600987672805786,
        -0.1949407309293747,
        0.4749166667461395,
        0.8581680059432983,
        3.0329689979553223
    ],
    [
        0.9833788275718689,
        0.04496627300977707,
        0.17590950429439545,
        4.482534885406494,
        0.045030828565359116,
        0.8781754374504089,
        -0.47621434926986694,
        -2.796398401260376,
        -0.17589296400547028,
        0.47622042894363403,
        0.8615542650222778,
        3.2255165576934814
    ],
    [
        0.9879959225654602,
        0.03113560937345028,
        0.15130972862243652,
        4.492642879486084,
        0.04504818096756935,
        0.8788377046585083,
        -0.4749894440174103,
        -2.934793472290039,
        -0.1477658450603485,
        0.47610390186309814,
        0.8668854832649231,
        3.475159168243408
    ],
    [
        0.9904465079307556,
        0.023487504571676254,
        0.1358819305896759,
        4.482737064361572,
        0.04431083798408508,
        0.8789204955101013,
        -0.4749056100845337,
        -3.1494333744049072,
        -0.13058388233184814,
        0.47638970613479614,
        0.8694828748703003,
        3.706068515777588
    ]
]