[
    [
        0.9999072551727295,
        0.002006426453590393,
        0.013471821323037148,
        0.003988295793533325,
        -0.0011310932459309697,
        0.9979060292243958,
        -0.06467106938362122,
        0.016677547246217728,
        -0.013573368079960346,
        0.06464982777833939,
        0.997815728187561,
        -0.08576059341430664
    ],
    [
        0.9999129176139832,
        0.002085116459056735,
        0.013032672926783562,
        0.006018500309437513,
        -0.0012181466445326805,
        0.9978069067001343,
        -0.0661800354719162,
        0.016483210027217865,
        -0.013142083771526814,
        0.06615840643644333,
        0.9977225661277771,
        -0.08565500378608704
    ],
    [
        0.9999151825904846,
        0.0020963894203305244,
        0.012857028283178806,
        0.007654160726815462,
        -0.001220631180331111,
        0.9977016448974609,
        -0.06774847209453583,
        0.01636550761759281,
        -0.012969506904482841,
        0.06772702187299728,
        0.9976195693016052,
        -0.08529908955097198
    ],
    [
        0.9999197125434875,
        0.0019835110288113356,
        0.012512797489762306,
        0.009575466625392437,
        -0.0011099920375272632,
        0.9975858330726624,
        -0.06943447142839432,
        0.01658761501312256,
        -0.01262031588703394,
        0.06941501796245575,
        0.9975079298019409,
        -0.0850885733962059
    ],
    [
        0.9999274015426636,
        0.002003172179684043,
        0.01188680436462164,
        0.011931614018976688,
        -0.0011545171728357673,
        0.9974772930145264,
        -0.07097665220499039,
        0.016441695392131805,
        -0.011998995207250118,
        0.07095777988433838,
        0.9974071383476257,
        -0.08511265367269516
    ],
    [
        0.999930739402771,
        0.0018959653098136187,
        0.011616179719567299,
        0.013591805472970009,
        -0.00104868586640805,
        0.9973667860031128,
        -0.07251603156328201,
        0.01641716994345188,
        -0.011723077856004238,
        0.07249882072210312,
        0.9972996115684509,
        -0.08485405892133713
    ],
    [
        0.9999376535415649,
        0.0018964456394314766,
        0.011005631648004055,
        0.015852881595492363,
        -0.0010773501126095653,
        0.9972606897354126,
        -0.07395922392606735,
        0.016224591061472893,
        -0.011115743778645992,
        0.07394275069236755,
        0.9972004890441895,
        -0.08474531024694443
    ],
    [
        0.9999427795410156,
        0.0018209670670330524,
        0.010547341778874397,
        0.017846379429101944,
        -0.0010201488621532917,
        0.9971498250961304,
        -0.07543953508138657,
        0.01612933538854122,
        -0.010654653422534466,
        0.07542446255683899,
        0.9970946311950684,
        -0.08446015417575836
    ],
    [
        0.9999498724937439,
        0.0017902004765346646,
        0.009860677644610405,
        0.020109133794903755,
        -0.0010265506571158767,
        0.9970373511314392,
        -0.07691138237714767,
        0.0161006897687912,
        -0.009969151578843594,
        0.07689739763736725,
        0.9969891905784607,
        -0.0844040960073471
    ],
    [
        0.9999555945396423,
        0.0018570460379123688,
        0.009245018474757671,
        0.02225961536169052,
        -0.001128984265960753,
        0.9969416260719299,
        -0.07814288139343262,
        0.01567263714969158,
        -0.009361857548356056,
        0.07812897115945816,
        0.9968993663787842,
        -0.08416526019573212
    ],
    [
        0.9999619722366333,
        0.0017085884464904666,
        0.00855274684727192,
        0.024494687095284462,
        -0.0010210416512563825,
        0.9968137741088867,
        -0.07975710183382034,
        0.0158558152616024,
        -0.008661767467856407,
        0.0797453373670578,
        0.9967775940895081,
        -0.08409927785396576
    ],
    [
        0.9999675750732422,
        0.001774693955667317,
        0.007861405611038208,
        0.026632152497768402,
        -0.0011321459896862507,
        0.9967136383056641,
        -0.0809972807765007,
        0.015499434433877468,
        -0.007979316636919975,
        0.08098575472831726,
        0.9966832995414734,
        -0.08422993123531342
    ],
    [
        0.9999735951423645,
        0.0016044810181483626,
        0.007082722149789333,
        0.02890576422214508,
        -0.001014328096061945,
        0.9965861439704895,
        -0.08255331218242645,
        0.015724297612905502,
        -0.007190997712314129,
        0.08254395425319672,
        0.9965614676475525,
        -0.0840669646859169
    ],
    [
        0.9999784827232361,
        0.0015910713700577617,
        0.0063570295460522175,
        0.03105049766600132,
        -0.0010530377039685845,
        0.9964853525161743,
        -0.08375987410545349,
        0.015372592955827713,
        -0.006467954721301794,
        0.0837513878941536,
        0.9964656829833984,
        -0.08388230949640274
    ],
    [
        0.9999837279319763,
        0.0015469719655811787,
        0.005508657544851303,
        0.033360593020915985,
        -0.0010732272639870644,
        0.9963815212249756,
        -0.08498707413673401,
        0.015132431872189045,
        -0.005620197393000126,
        0.08497976511716843,
        0.9963668584823608,
        -0.08391658216714859
    ],
    [
        0.9999881386756897,
        0.0014728307723999023,
        0.004633908625692129,
        0.03561879321932793,
        -0.0010675631929188967,
        0.9962707757949829,
        -0.08627448230981827,
        0.014999442733824253,
        -0.004743694793432951,
        0.08626851439476013,
        0.9962605834007263,
        -0.08388113975524902
    ],
    [
        0.9999914765357971,
        0.0014498884556815028,
        0.00385155132971704,
        0.037619225680828094,
        -0.001107395626604557,
        0.9961655139923096,
        -0.08748216927051544,
        0.014700891450047493,
        -0.003963621333241463,
        0.0874771699309349,
        0.9961586594581604,
        -0.08385930955410004
    ],
    [
        0.9999949932098389,
        0.0012877180706709623,
        0.0029026202391833067,
        0.039913058280944824,
        -0.0010250081541016698,
        0.9960526823997498,
        -0.0887584537267685,
        0.014701757580041885,
        -0.003005458740517497,
        0.0887550339102745,
        0.9960489869117737,
        -0.08363097161054611
    ],
    [
        0.9999974370002747,
        0.0012961236061528325,
        0.0018747852882370353,
        0.042205892503261566,
        -0.0011221253080293536,
        0.9959406852722168,
        -0.09000455588102341,
        0.014602383598685265,
        -0.0019838325679302216,
        0.09000222384929657,
        0.9959396123886108,
        -0.08363377302885056
    ],
    [
        0.9999988079071045,
        0.001372206024825573,
        0.0007442001951858401,
        0.04463527724146843,
        -0.0012986657675355673,
        0.9958368539810181,
        -0.0911436676979065,
        0.014370053075253963,
        -0.0008661696338094771,
        0.09114258736371994,
        0.9958374500274658,
        -0.08347038179636002
    ],
    [
        0.9999994039535522,
        0.0010664520086720586,
        -0.00018243961676489562,
        0.0466807521879673,
        -0.00107874209061265,
        0.995727002620697,
        -0.09233894944190979,
        0.014304440468549728,
        8.318538311868906e-05,
        0.09233909100294113,
        0.9957276582717896,
        -0.0833204835653305
    ],
    [
        0.9999985694885254,
        0.0010106756817549467,
        -0.0013919719494879246,
        0.04906865581870079,
        -0.001136453473009169,
        0.9956147074699402,
        -0.09354203939437866,
        0.014257651753723621,
        0.0012913272948935628,
        0.09354348480701447,
        0.9956144094467163,
        -0.08311786502599716
    ],
    [
        0.9999970197677612,
        0.000771726539824158,
        -0.002342162188142538,
        0.050941795110702515,
        -0.0009904074249789119,
        0.9954909086227417,
        -0.0948513075709343,
        0.01449319627135992,
        0.0022584018297493458,
        0.09485332667827606,
        0.995488703250885,
        -0.08310374617576599
    ],
    [
        0.9999934434890747,
        0.0007934268214739859,
        -0.003554039169102907,
        0.05321719869971275,
        -0.0011304973158985376,
        0.9953934550285339,
        -0.09586775302886963,
        0.014287951402366161,
        0.0034616030752658844,
        0.09587113559246063,
        0.9953877329826355,
        -0.08295344561338425
    ],
    [
        0.9999877214431763,
        0.0007942426600493491,
        -0.004893186967819929,
        0.055593714118003845,
        -0.0012650304706767201,
        0.9952860474586487,
        -0.09697502106428146,
        0.014251777902245522,
        0.004793098662048578,
        0.096980020403862,
        0.9952747821807861,
        -0.0828961506485939
    ]
]