[
    [
        0.9206026792526245,
        0.005124926101416349,
        -0.3904668390750885,
        -0.22734157741069794,
        0.0027953796088695526,
        0.9998018145561218,
        0.019713183864951134,
        0.010869025252759457,
        0.39049050211906433,
        -0.0192395132035017,
        0.920405924320221,
        0.06736692041158676
    ],
    [
        0.9131067991256714,
        0.004867122042924166,
        -0.40769127011299133,
        -0.247664675116539,
        0.0038232957012951374,
        0.9997825026512146,
        0.02049870230257511,
        0.01344028115272522,
        0.40770238637924194,
        -0.020276229828596115,
        0.9128896594047546,
        0.07286234945058823
    ],
    [
        0.9056340456008911,
        0.005124429240822792,
        -0.424029141664505,
        -0.26833078265190125,
        0.0045638056471943855,
        0.9997513294219971,
        0.021829374134540558,
        0.014299842528998852,
        0.42403557896614075,
        -0.02170461229979992,
        0.905385434627533,
        0.07579295337200165
    ],
    [
        0.8982121348381042,
        0.0055847917683422565,
        -0.4395267367362976,
        -0.29042643308639526,
        0.0051619005389511585,
        0.9997162222862244,
        0.023251576349139214,
        0.01486970204859972,
        0.4395318925380707,
        -0.0231536403298378,
        0.8979285359382629,
        0.0783754512667656
    ],
    [
        0.8905482292175293,
        0.006051572971045971,
        -0.45484861731529236,
        -0.3106818199157715,
        0.005652830936014652,
        0.9996870160102844,
        0.024368105456233025,
        0.016779614612460136,
        0.45485374331474304,
        -0.02427215315401554,
        0.890235424041748,
        0.08031795918941498
    ],
    [
        0.8802477121353149,
        0.0072138262912631035,
        -0.47445952892303467,
        -0.33799922466278076,
        0.005707167088985443,
        0.9996511936187744,
        0.02578730136156082,
        0.019695540890097618,
        0.4744800925254822,
        -0.025407034903764725,
        0.8798995614051819,
        0.07861033082008362
    ],
    [
        0.8722597360610962,
        0.008290736004710197,
        -0.48897263407707214,
        -0.35765644907951355,
        0.005831377115100622,
        0.9996089339256287,
        0.02735115960240364,
        0.020214596763253212,
        0.4890081584453583,
        -0.026708699762821198,
        0.8718701601028442,
        0.07623112946748734
    ],
    [
        0.8638290166854858,
        0.009388905949890614,
        -0.5036975145339966,
        -0.37593379616737366,
        0.005958996247500181,
        0.9995660185813904,
        0.02885141223669052,
        0.020718906074762344,
        0.5037498474121094,
        -0.02792421728372574,
        0.8633982539176941,
        0.07394884526729584
    ],
    [
        0.85515958070755,
        0.010368479415774345,
        -0.5182611346244812,
        -0.39313802123069763,
        0.005987356882542372,
        0.9995356202125549,
        0.02987646870315075,
        0.022599373012781143,
        0.5183302760124207,
        -0.028652163222432137,
        0.8547003865242004,
        0.07140917330980301
    ],
    [
        0.8465425968170166,
        0.011856603436172009,
        -0.5321887731552124,
        -0.4109889566898346,
        0.005768813192844391,
        0.9994888305664062,
        0.031443893909454346,
        0.023007452487945557,
        0.5322896838188171,
        -0.029688695445656776,
        0.8460415601730347,
        0.06792262941598892
    ],
    [
        0.8353157639503479,
        0.014171604998409748,
        -0.5495877265930176,
        -0.4356410503387451,
        0.005138598382472992,
        0.9994227886199951,
        0.03358112648129463,
        0.023748289793729782,
        0.5497464537620544,
        -0.030874954536557198,
        0.8347607851028442,
        0.060572341084480286
    ],
    [
        0.8270183205604553,
        0.016167569905519485,
        -0.5619425177574158,
        -0.4544917941093445,
        0.004541975911706686,
        0.9993616342544556,
        0.03543698042631149,
        0.023635273799300194,
        0.5621566772460938,
        -0.03185935690999031,
        0.8264167904853821,
        0.055026084184646606
    ],
    [
        0.8188109993934631,
        0.018268853425979614,
        -0.5737723112106323,
        -0.4737766981124878,
        0.0040042889304459095,
        0.9992873668670654,
        0.037531591951847076,
        0.022968770936131477,
        0.5740490555763245,
        -0.03302884101867676,
        0.818154513835907,
        0.04952790215611458
    ],
    [
        0.810311496257782,
        0.01990302838385105,
        -0.5856614112854004,
        -0.4922090470790863,
        0.003698241664096713,
        0.9992294311523438,
        0.03907449170947075,
        0.024206897243857384,
        0.5859877467155457,
        -0.03382842615246773,
        0.8096134066581726,
        0.04724096134305
    ],
    [
        0.8016736507415771,
        0.021344047039747238,
        -0.5973806977272034,
        -0.5095006227493286,
        0.0034522702917456627,
        0.9991803169250488,
        0.04033298417925835,
        0.02630043216049671,
        0.5977519750595093,
        -0.0343962088227272,
        0.8009429574012756,
        0.045483775436878204
    ],
    [
        0.7899990677833557,
        0.023203618824481964,
        -0.6126688122749329,
        -0.5314226150512695,
        0.003013148671016097,
        0.9991245865821838,
        0.04172514006495476,
        0.02982451021671295,
        0.6131006479263306,
        -0.03480888158082962,
        0.7892375588417053,
        0.04179282486438751
    ],
    [
        0.7811325192451477,
        0.024298841133713722,
        -0.6238922476768494,
        -0.5472509264945984,
        0.0027200845070183277,
        0.9991005659103394,
        0.042317770421504974,
        0.0339171327650547,
        0.6243593692779541,
        -0.034752827137708664,
        0.7803637385368347,
        0.03836211562156677
    ],
    [
        0.7719466686248779,
        0.025531498715281487,
        -0.6351744532585144,
        -0.561744749546051,
        0.0023600903805345297,
        0.9990711808204651,
        0.043026991188526154,
        0.03816836327314377,
        0.635683000087738,
        -0.03471360728144646,
        0.7711694240570068,
        0.034058503806591034
    ],
    [
        0.7625236511230469,
        0.026915080845355988,
        -0.6464001536369324,
        -0.5750859379768372,
        0.001979448599740863,
        0.9990324974060059,
        0.04393317922949791,
        0.041698209941387177,
        0.6469573378562927,
        -0.03477960079908371,
        0.7617327570915222,
        0.028388354927301407
    ],
    [
        0.7528500556945801,
        0.028096618130803108,
        -0.6575920581817627,
        -0.5864585638046265,
        0.001695537124760449,
        0.9990023374557495,
        0.044625043869018555,
        0.04616545885801315,
        0.6581898331642151,
        -0.03471093997359276,
        0.7520512938499451,
        0.022558685392141342
    ],
    [
        0.7400870323181152,
        0.03001261316239834,
        -0.6718411445617676,
        -0.6022093296051025,
        0.0012391689233481884,
        0.9989411234855652,
        0.04598994553089142,
        0.05086193606257439,
        0.6725099682807922,
        -0.034869082272052765,
        0.7392662167549133,
        0.012865881435573101
    ],
    [
        0.7305854558944702,
        0.03161422908306122,
        -0.6820890307426453,
        -0.6140109300613403,
        0.0010167669970542192,
        0.9988760948181152,
        0.04738609492778778,
        0.053208135068416595,
        0.6828204989433289,
        -0.035313114523887634,
        0.7297322750091553,
        0.0042328620329499245
    ],
    [
        0.7208240032196045,
        0.03349157050251961,
        -0.6923084259033203,
        -0.6247567534446716,
        0.0004850578843615949,
        0.9988073110580444,
        0.048823993653059006,
        0.05564954876899719,
        0.6931179761886597,
        -0.03552931919693947,
        0.7199480533599854,
        -0.0033521719742566347
    ],
    [
        0.7110968232154846,
        0.03496891260147095,
        -0.7022239565849304,
        -0.6351572275161743,
        -2.1665058739017695e-05,
        0.9987634420394897,
        0.0497138686478138,
        0.059844717383384705,
        0.7030940651893616,
        -0.035336170345544815,
        0.7102182507514954,
        -0.011867491528391838
    ],
    [
        0.6982597708702087,
        0.036926139146089554,
        -0.7148914933204651,
        -0.6483949422836304,
        -0.0008096093661151826,
        0.9987086653709412,
        0.05079532787203789,
        0.0659884661436081,
        0.7158440351486206,
        -0.034889549016952515,
        0.6973881125450134,
        -0.025248054414987564
    ]
]