[
    [
        0.9953811168670654,
        -0.0111320735886693,
        0.09535413235425949,
        -0.21040251851081848,
        0.012010205537080765,
        0.9998905062675476,
        -0.008640178479254246,
        0.20119181275367737,
        -0.09524751454591751,
        0.009745492599904537,
        0.995405912399292,
        0.9743406772613525
    ],
    [
        0.9939232468605042,
        -0.012169412337243557,
        0.10940057039260864,
        -0.22591815888881683,
        0.012870224192738533,
        0.9999008774757385,
        -0.0057020592503249645,
        0.21328100562095642,
        -0.10932033509016037,
        0.007075421512126923,
        0.9939813613891602,
        1.0209205150604248
    ],
    [
        0.9921724200248718,
        -0.013237856328487396,
        0.12417198717594147,
        -0.23725812137126923,
        0.013728860765695572,
        0.9999009370803833,
        -0.003099351655691862,
        0.22402244806289673,
        -0.12411866337060928,
        0.004779832437634468,
        0.9922559261322021,
        1.0692282915115356
    ],
    [
        0.9894112944602966,
        -0.01512536033987999,
        0.1443483531475067,
        -0.24562968313694,
        0.015463152900338173,
        0.9998796582221985,
        -0.0012184258084744215,
        0.23715415596961975,
        -0.1443125456571579,
        0.0034376056864857674,
        0.9895261526107788,
        1.1312240362167358
    ],
    [
        0.9868566393852234,
        -0.016363713890314102,
        0.16076716780662537,
        -0.2489689141511917,
        0.0166192464530468,
        0.9998618364334106,
        -0.00024482703884132206,
        0.2453286349773407,
        -0.1607409566640854,
        0.002913437318056822,
        0.986992359161377,
        1.176693320274353
    ],
    [
        0.9829168319702148,
        -0.017857814207673073,
        0.18318189680576324,
        -0.24932852387428284,
        0.01815793663263321,
        0.9998351335525513,
        3.890696098096669e-05,
        0.2529619038105011,
        -0.18315237760543823,
        0.0032879638019949198,
        0.9830790758132935,
        1.236545205116272
    ],
    [
        0.9795879125595093,
        -0.019010471180081367,
        0.20011505484580994,
        -0.24661904573440552,
        0.019490433856844902,
        0.9998099207878113,
        -0.0004284562892280519,
        0.2590646743774414,
        -0.2000688910484314,
        0.004320034757256508,
        0.9797723293304443,
        1.2825385332107544
    ],
    [
        0.9744777083396912,
        -0.02090405486524105,
        0.2235085666179657,
        -0.23611678183078766,
        0.02120242826640606,
        0.9997746348381042,
        0.001065064687281847,
        0.26498571038246155,
        -0.2234804630279541,
        0.0037010444793850183,
        0.9747014045715332,
        1.3394815921783447
    ],
    [
        0.9701589345932007,
        -0.02204279415309429,
        0.24146559834480286,
        -0.22315393388271332,
        0.022293254733085632,
        0.9997500777244568,
        0.0016949918353930116,
        0.2668174207210541,
        -0.24144259095191956,
        0.003738642204552889,
        0.9704078435897827,
        1.3801372051239014
    ],
    [
        0.9638271927833557,
        -0.023823564872145653,
        0.26546093821525574,
        -0.20209026336669922,
        0.023742131888866425,
        0.9997119307518005,
        0.003516105003654957,
        0.2709275484085083,
        -0.26546820998191833,
        0.0029136950615793467,
        0.9641152024269104,
        1.4342862367630005
    ],
    [
        0.9587364196777344,
        -0.025058383122086525,
        0.2831900417804718,
        -0.18827594816684723,
        0.02421431429684162,
        0.9996858239173889,
        0.006481033284217119,
        0.27454671263694763,
        -0.2832634449005127,
        0.0006436480325646698,
        0.9590418934822083,
        1.4745383262634277
    ],
    [
        0.9516840577125549,
        -0.026428231969475746,
        0.3059397041797638,
        -0.16744402050971985,
        0.024841919541358948,
        0.999650239944458,
        0.009078029543161392,
        0.2785429358482361,
        -0.30607256293296814,
        -0.001039282651618123,
        0.9520077109336853,
        1.524821400642395
    ],
    [
        0.9461954236030579,
        -0.027764929458498955,
        0.3224022686481476,
        -0.15145574510097504,
        0.025689782574772835,
        0.9996127486228943,
        0.010690445080399513,
        0.2819661498069763,
        -0.3225742280483246,
        -0.0018328081350773573,
        0.9465422630310059,
        1.5617001056671143
    ],
    [
        0.9411938190460205,
        -0.030183570459485054,
        0.33651620149612427,
        -0.13541078567504883,
        0.027271818369627,
        0.9995385408401489,
        0.01337698195129633,
        0.2855922281742096,
        -0.33676469326019287,
        -0.00341292517259717,
        0.9415826201438904,
        1.602701187133789
    ],
    [
        0.9344492554664612,
        -0.03312627971172333,
        0.3545522689819336,
        -0.1147008165717125,
        0.029331844300031662,
        0.9994405508041382,
        0.016072742640972137,
        0.28803551197052,
        -0.35488635301589966,
        -0.004619488958269358,
        0.9348980188369751,
        1.6653530597686768
    ],
    [
        0.9293398261070251,
        -0.03500159829854965,
        0.3675628900527954,
        -0.09869078546762466,
        0.030438879504799843,
        0.999370813369751,
        0.018205085769295692,
        0.2871852517127991,
        -0.367968887090683,
        -0.005730499979108572,
        0.9298204183578491,
        1.7191098928451538
    ],
    [
        0.9232081770896912,
        -0.038064759224653244,
        0.38241046667099,
        -0.07971752434968948,
        0.0309384036809206,
        0.9992142915725708,
        0.024769892916083336,
        0.2892419397830963,
        -0.38305285573005676,
        -0.011036599054932594,
        0.9236605167388916,
        1.8025627136230469
    ],
    [
        0.9185291528701782,
        -0.039910752326250076,
        0.3933335840702057,
        -0.06472603231668472,
        0.030779343098402023,
        0.999090850353241,
        0.02949848584830761,
        0.28869304060935974,
        -0.39415329694747925,
        -0.014988666400313377,
        0.918922483921051,
        1.8654026985168457
    ],
    [
        0.9119043946266174,
        -0.04224107041954994,
        0.4082229733467102,
        -0.038944609463214874,
        0.03132801130414009,
        0.9989514946937561,
        0.03338523954153061,
        0.2834053635597229,
        -0.4092051684856415,
        -0.01765533536672592,
        0.9122715592384338,
        1.9426089525222778
    ],
    [
        0.9068215489387512,
        -0.0435372032225132,
        0.419260174036026,
        -0.01866031065583229,
        0.03128160536289215,
        0.9988597631454468,
        0.03606525436043739,
        0.27717411518096924,
        -0.4203522801399231,
        -0.0195896178483963,
        0.9071494936943054,
        1.9950735569000244
    ],
    [
        0.9004687070846558,
        -0.04456181079149246,
        0.4326319694519043,
        0.008956413716077805,
        0.031003592535853386,
        0.9987834692001343,
        0.0383463017642498,
        0.2726060152053833,
        -0.4338144361972809,
        -0.02111649699509144,
        0.9007546901702881,
        2.062375545501709
    ],
    [
        0.8955720663070679,
        -0.044642750173807144,
        0.44267117977142334,
        0.03114415891468525,
        0.030749863013625145,
        0.9987847208976746,
        0.038515690714120865,
        0.27038130164146423,
        -0.4438524842262268,
        -0.020881513133645058,
        0.8958565592765808,
        2.1112864017486572
    ],
    [
        0.8896595239639282,
        -0.045018136501312256,
        0.45439979434013367,
        0.06278980523347855,
        0.0307253897190094,
        0.9987747669219971,
        0.03879367932677269,
        0.26985663175582886,
        -0.4555896818637848,
        -0.020551534369587898,
        0.8899526596069336,
        2.1793336868286133
    ],
    [
        0.8860818147659302,
        -0.04653199389576912,
        0.4611872732639313,
        0.09249719232320786,
        0.03191148489713669,
        0.9987117052078247,
        0.0394543819129467,
        0.26966404914855957,
        -0.4624289870262146,
        -0.02024262771010399,
        0.8864251971244812,
        2.224438190460205
    ],
    [
        0.8811776041984558,
        -0.048014089465141296,
        0.47034111618995667,
        0.13452258706092834,
        0.033679548650979996,
        0.9986772537231445,
        0.038850344717502594,
        0.2723996639251709,
        -0.4715842604637146,
        -0.01839316636323929,
        0.8816291093826294,
        2.2841908931732178
    ]
]