[
    [
        0.8591096997261047,
        -0.012672586366534233,
        0.5116345882415771,
        -1.3097214698791504,
        0.04467432573437691,
        0.9977344274520874,
        -0.05030205100774765,
        0.10313864797353745,
        -0.5098379850387573,
        0.06607191264629364,
        0.8577293753623962,
        2.5360119342803955
    ],
    [
        0.8518754839897156,
        -0.014940190128982067,
        0.5235311985015869,
        -1.2603967189788818,
        0.04781925305724144,
        0.9976366758346558,
        -0.04934025555849075,
        0.10045363754034042,
        -0.5215568542480469,
        0.06706662476062775,
        0.8505765795707703,
        2.6054835319519043
    ],
    [
        0.8443900942802429,
        -0.016169138252735138,
        0.5354847311973572,
        -1.2126704454421997,
        0.04892422631382942,
        0.9976950883865356,
        -0.04702142998576164,
        0.10094364732503891,
        -0.5334901809692383,
        0.06590260565280914,
        0.8432348966598511,
        2.6793882846832275
    ],
    [
        0.837363600730896,
        -0.01760828122496605,
        0.5463626980781555,
        -1.1637109518051147,
        0.05069310963153839,
        0.9976754188537598,
        -0.045539744198322296,
        0.09801143407821655,
        -0.5442907810211182,
        0.06583014130592346,
        0.8363096117973328,
        2.7637956142425537
    ],
    [
        0.8299331068992615,
        -0.01844802498817444,
        0.5575577616691589,
        -1.114557147026062,
        0.05189778655767441,
        0.9976720213890076,
        -0.04424046725034714,
        0.08980793505907059,
        -0.555443525314331,
        0.06565264612436295,
        0.8289585113525391,
        2.850719928741455
    ],
    [
        0.8228020668029785,
        -0.019462203606963158,
        0.5679947733879089,
        -1.068153738975525,
        0.05392530560493469,
        0.9975779056549072,
        -0.0439348965883255,
        0.08131702244281769,
        -0.5657637715339661,
        0.0667790025472641,
        0.8218587636947632,
        2.9299263954162598
    ],
    [
        0.8165109753608704,
        -0.020425470545887947,
        0.5769685506820679,
        -1.0240721702575684,
        0.056324541568756104,
        0.997424840927124,
        -0.044398847967386246,
        0.07389406114816666,
        -0.5745759010314941,
        0.06874963641166687,
        0.8155587315559387,
        3.0127780437469482
    ],
    [
        0.810494601726532,
        -0.0214184932410717,
        0.5853543877601624,
        -0.974865198135376,
        0.05840599909424782,
        0.9973059892654419,
        -0.04437817260622978,
        0.062413495033979416,
        -0.5828269720077515,
        0.07015648484230042,
        0.809562087059021,
        3.1015267372131348
    ],
    [
        0.8078433275222778,
        -0.021093124523758888,
        0.5890198349952698,
        -0.9216962456703186,
        0.06066837161779404,
        0.9970269799232483,
        -0.04750285670161247,
        0.05802329257130623,
        -0.5862666964530945,
        0.07410974055528641,
        0.8067212104797363,
        3.19731068611145
    ],
    [
        0.8058786988258362,
        -0.020439060404896736,
        0.5917279720306396,
        -0.866428554058075,
        0.06288962811231613,
        0.996705174446106,
        -0.051222361624240875,
        0.054029081016778946,
        -0.5887314677238464,
        0.07849255949258804,
        0.8045088052749634,
        3.287348508834839
    ],
    [
        0.8041772246360779,
        -0.020611871033906937,
        0.5940320491790771,
        -0.806071937084198,
        0.06556514650583267,
        0.9963759779930115,
        -0.054186996072530746,
        0.04271464794874191,
        -0.5907623767852783,
        0.08252375572919846,
        0.8026142120361328,
        3.365165948867798
    ],
    [
        0.8013588786125183,
        -0.018833015114068985,
        0.5978873372077942,
        -0.7520219087600708,
        0.06639236211776733,
        0.9961292147636414,
        -0.05760952830314636,
        0.035314660519361496,
        -0.5944880247116089,
        0.08586106449365616,
        0.799507200717926,
        3.443060874938965
    ],
    [
        0.7986809611320496,
        -0.01734013296663761,
        0.6015048027038574,
        -0.700263500213623,
        0.0665622130036354,
        0.9959964752197266,
        -0.05966909974813461,
        0.02574634552001953,
        -0.5980621576309204,
        0.08769407123327255,
        0.7966375946998596,
        3.5228090286254883
    ],
    [
        0.7952772378921509,
        -0.014508911408483982,
        0.606072187423706,
        -0.6511427760124207,
        0.06502368301153183,
        0.9959880113601685,
        -0.06147973611950874,
        0.018191909417510033,
        -0.6027486324310303,
        0.08830248564481735,
        0.7930300831794739,
        3.598693370819092
    ],
    [
        0.7923508882522583,
        -0.011363339610397816,
        0.6099596619606018,
        -0.6092108488082886,
        0.0639817863702774,
        0.9958605766296387,
        -0.06456121057271957,
        0.014333079569041729,
        -0.6067012548446655,
        0.09018145501613617,
        0.7897980213165283,
        3.6642305850982666
    ],
    [
        0.7906287312507629,
        -0.008369316346943378,
        0.6122385859489441,
        -0.5663188099861145,
        0.06250838935375214,
        0.9957857131958008,
        -0.06710925698280334,
        0.010686053894460201,
        -0.609096884727478,
        0.09132855385541916,
        0.7878198623657227,
        3.721365451812744
    ],
    [
        0.7899892330169678,
        -0.005640022922307253,
        0.6130947470664978,
        -0.5242690443992615,
        0.060507215559482574,
        0.9957935810089111,
        -0.06880462914705276,
        0.0019262925488874316,
        -0.6101278066635132,
        0.09145157784223557,
        0.7870074510574341,
        3.7823925018310547
    ],
    [
        0.792198896408081,
        -0.004127281252294779,
        0.6102489233016968,
        -0.4777620732784271,
        0.05894642323255539,
        0.9958188533782959,
        -0.0697866827249527,
        -0.0029524588026106358,
        -0.6074094176292419,
        0.09125692397356033,
        0.7891298532485962,
        3.8407795429229736
    ],
    [
        0.7949986457824707,
        -0.0027461692225188017,
        0.6066049933433533,
        -0.42702043056488037,
        0.05692919343709946,
        0.995914101600647,
        -0.07010108977556229,
        -0.008250351063907146,
        -0.6039338707923889,
        0.09026379883289337,
        0.7919066548347473,
        3.8931119441986084
    ],
    [
        0.799825131893158,
        -0.0018014836823567748,
        0.6002304553985596,
        -0.3706561028957367,
        0.0550311878323555,
        0.9960038065910339,
        -0.07034136354923248,
        -0.01712166890501976,
        -0.5977051258087158,
        0.08929217606782913,
        0.7967280745506287,
        3.9416697025299072
    ],
    [
        0.8054177761077881,
        -0.0009545517386868596,
        0.5927068591117859,
        -0.31042352318763733,
        0.052987027913331985,
        0.9961106181144714,
        -0.07039882242679596,
        -0.020812902599573135,
        -0.5903342962265015,
        0.08810623735189438,
        0.802335798740387,
        3.983623504638672
    ],
    [
        0.8117377161979675,
        0.0006599486223421991,
        0.5840218663215637,
        -0.25471100211143494,
        0.050519827753305435,
        0.9961715936660767,
        -0.07134371250867844,
        -0.02345246635377407,
        -0.5818329453468323,
        0.08741706609725952,
        0.8085967898368835,
        4.022814750671387
    ],
    [
        0.8185557723045349,
        0.003014366375282407,
        0.5744190812110901,
        -0.2039317488670349,
        0.04729500040411949,
        0.9962373375892639,
        -0.07262400537729263,
        -0.026160376146435738,
        -0.572476863861084,
        0.0866139605641365,
        0.815333366394043,
        4.0593061447143555
    ],
    [
        0.8264225125312805,
        0.005338997580111027,
        0.563025176525116,
        -0.15216375887393951,
        0.044993869960308075,
        0.9961310029029846,
        -0.07548914104700089,
        -0.03090015798807144,
        -0.561249852180481,
        0.08771859109401703,
        0.8229849338531494,
        4.10150671005249
    ],
    [
        0.8351161479949951,
        0.0075017306953668594,
        0.5500224828720093,
        -0.09311739355325699,
        0.04238010570406914,
        0.9960574507713318,
        -0.0779321938753128,
        -0.0329928956925869,
        -0.548438549041748,
        0.08839243650436401,
        0.8315057158470154,
        4.162990093231201
    ]
]