[
    [
        0.9766584038734436,
        -0.028667006641626358,
        0.21287721395492554,
        0.11425747722387314,
        0.028346629813313484,
        0.9995877146720886,
        0.004557641688734293,
        -0.012675708159804344,
        -0.21292008459568024,
        0.0015830921474844217,
        0.977068305015564,
        0.10716984421014786
    ],
    [
        0.9348323941230774,
        -0.045242033898830414,
        0.3521953821182251,
        0.1918925940990448,
        0.044712260365486145,
        0.9989534020423889,
        0.009642982855439186,
        -0.04167962819337845,
        -0.35226306319236755,
        0.006732879672199488,
        0.9358769059181213,
        0.19596098363399506
    ],
    [
        0.8785571455955505,
        -0.06037011370062828,
        0.4738066792488098,
        0.2841494083404541,
        0.059593938291072845,
        0.9980834722518921,
        0.016668684780597687,
        -0.06762244552373886,
        -0.47390496730804443,
        0.013591614551842213,
        0.8804710507392883,
        0.2797318994998932
    ],
    [
        0.8173923492431641,
        -0.07239874452352524,
        0.5715139508247375,
        0.4122934341430664,
        0.07164064049720764,
        0.9971452355384827,
        0.023855159059166908,
        -0.10192020237445831,
        -0.5716094374656677,
        0.021444600075483322,
        0.8202455639839172,
        0.3841102421283722
    ],
    [
        0.7484356164932251,
        -0.08366512507200241,
        0.6579090356826782,
        0.5525535941123962,
        0.08151061832904816,
        0.996094286441803,
        0.03394526243209839,
        -0.14818863570690155,
        -0.6581794023513794,
        0.028220729902386665,
        0.7523320913314819,
        0.4857955276966095
    ],
    [
        0.6761407852172852,
        -0.09410584717988968,
        0.7307378053665161,
        0.6744335889816284,
        0.09194140136241913,
        0.9948335886001587,
        0.04304463043808937,
        -0.1860053986310959,
        -0.7310132384300232,
        0.038080837577581406,
        0.6812998056411743,
        0.573776364326477
    ],
    [
        0.5888935327529907,
        -0.10131099075078964,
        0.8018356561660767,
        0.8253452181816101,
        0.09941644221544266,
        0.993658185005188,
        0.05253296345472336,
        -0.2218293845653534,
        -0.8020728230476379,
        0.04877933859825134,
        0.5952309370040894,
        0.6966210603713989
    ],
    [
        0.4939981698989868,
        -0.10882849246263504,
        0.8626251816749573,
        0.9525632858276367,
        0.10720928758382797,
        0.9921886324882507,
        0.063778817653656,
        -0.24961143732070923,
        -0.8628278970718384,
        0.060974810272455215,
        0.5018068552017212,
        0.814690887928009
    ],
    [
        0.38570794463157654,
        -0.11466202139854431,
        0.915468156337738,
        1.0721750259399414,
        0.11472798883914948,
        0.990506649017334,
        0.07572301477193832,
        -0.27406948804855347,
        -0.9154599905014038,
        0.0758228600025177,
        0.3952012062072754,
        0.9124171733856201
    ],
    [
        0.2776440382003784,
        -0.11954869329929352,
        0.9532166123390198,
        1.2137980461120605,
        0.11902429908514023,
        0.9888627529144287,
        0.08935100585222244,
        -0.29338595271110535,
        -0.9532822370529175,
        0.08864817023277283,
        0.288781076669693,
        1.0341084003448486
    ],
    [
        0.17995098233222961,
        -0.12374764680862427,
        0.9758607149124146,
        1.3533858060836792,
        0.11965977400541306,
        0.9874418377876282,
        0.10315070301294327,
        -0.3279029130935669,
        -0.9763704538345337,
        0.0982092022895813,
        0.19249877333641052,
        1.173384189605713
    ],
    [
        0.10904696583747864,
        -0.1253913938999176,
        0.9860963225364685,
        1.4698315858840942,
        0.1201862096786499,
        0.9863976240158081,
        0.11213898658752441,
        -0.3491354286670685,
        -0.9867441654205322,
        0.10628674924373627,
        0.12263399362564087,
        1.3229396343231201
    ],
    [
        0.05313015729188919,
        -0.12650097906589508,
        0.9905426502227783,
        1.5903234481811523,
        0.11883813887834549,
        0.985695481300354,
        0.11950775235891342,
        -0.3616338074207306,
        -0.9914911985397339,
        0.1113647073507309,
        0.0674034133553505,
        1.5357722043991089
    ],
    [
        0.01219605840742588,
        -0.12750853598117828,
        0.9917624592781067,
        1.6830137968063354,
        0.1191289946436882,
        0.9849573373794556,
        0.12516866624355316,
        -0.37137383222579956,
        -0.9928039908409119,
        0.11662109941244125,
        0.02720264345407486,
        1.7484468221664429
    ],
    [
        -0.013018322177231312,
        -0.12685582041740417,
        0.9918357729911804,
        1.7809343338012695,
        0.1185699999332428,
        0.9847254157066345,
        0.12750272452831268,
        -0.3651008605957031,
        -0.9928603172302246,
        0.11926183104515076,
        0.0022218101657927036,
        1.9405434131622314
    ],
    [
        -0.02109663188457489,
        -0.12878158688545227,
        0.9914485216140747,
        1.8934123516082764,
        0.11879133433103561,
        0.9843215346336365,
        0.13038355112075806,
        -0.3598291873931885,
        -0.9926950931549072,
        0.12052614986896515,
        -0.005467775743454695,
        2.135448455810547
    ],
    [
        -0.02249438501894474,
        -0.12768049538135529,
        0.9915602803230286,
        1.9867624044418335,
        0.11974772810935974,
        0.9843268394470215,
        0.12946563959121704,
        -0.367003858089447,
        -0.9925495386123657,
        0.12164931744337082,
        -0.006852308753877878,
        2.3271267414093018
    ],
    [
        -0.022688616067171097,
        -0.12753650546073914,
        0.9915742874145508,
        2.0596561431884766,
        0.12064722925424576,
        0.9842318296432495,
        0.12935267388820648,
        -0.37174591422080994,
        -0.9924361705780029,
        0.12256552278995514,
        -0.006943921092897654,
        2.52143931388855
    ],
    [
        -0.008033877238631248,
        -0.12724938988685608,
        0.9918381571769714,
        2.1127254962921143,
        0.12129223346710205,
        0.9844226241111755,
        0.12728045880794525,
        -0.38211703300476074,
        -0.9925844073295593,
        0.1213248148560524,
        0.0075256056152284145,
        2.773711681365967
    ],
    [
        0.028862833976745605,
        -0.12738767266273499,
        0.9914329051971436,
        2.1376185417175293,
        0.12206965684890747,
        0.9848716259002686,
        0.12299089878797531,
        -0.3995380699634552,
        -0.992101788520813,
        0.11747400462627411,
        0.04397637024521828,
        2.996211051940918
    ],
    [
        0.09148772060871124,
        -0.12620551884174347,
        0.9877762794494629,
        2.1683576107025146,
        0.12126659601926804,
        0.9859657883644104,
        0.11474250257015228,
        -0.39984673261642456,
        -0.9883949160575867,
        0.10928674787282944,
        0.10550828278064728,
        3.218231678009033
    ],
    [
        0.19151745736598969,
        -0.12585370242595673,
        0.9733867645263672,
        2.2192776203155518,
        0.11939448118209839,
        0.9873669743537903,
        0.10416993498802185,
        -0.40225955843925476,
        -0.9742002487182617,
        0.09626662731170654,
        0.20412439107894897,
        3.4653072357177734
    ],
    [
        0.3139541447162628,
        -0.12140779942274094,
        0.9416437149047852,
        2.2684273719787598,
        0.11780795454978943,
        0.9891074895858765,
        0.08824893087148666,
        -0.42877185344696045,
        -0.9421008229255676,
        0.08322702348232269,
        0.3248370885848999,
        3.7062535285949707
    ],
    [
        0.42821159958839417,
        -0.11574162542819977,
        0.8962358832359314,
        2.3062584400177,
        0.11356684565544128,
        0.9907937049865723,
        0.07369203120470047,
        -0.4428568482398987,
        -0.8965140581130981,
        0.07022689282894135,
        0.4374137818813324,
        3.9771971702575684
    ],
    [
        0.5335416197776794,
        -0.10910257697105408,
        0.8387073874473572,
        2.333730459213257,
        0.10705403238534927,
        0.9923807382583618,
        0.06099090725183487,
        -0.4916000962257385,
        -0.8389713168144226,
        0.05724580958485603,
        0.5411562919616699,
        4.297210693359375
    ]
]