[
    [
        0.9890100359916687,
        0.019869063049554825,
        -0.14650724828243256,
        0.18378295004367828,
        -0.019882284104824066,
        0.9998013377189636,
        0.0013742649462074041,
        -0.053303398191928864,
        0.1465054452419281,
        0.0015537368599325418,
        0.9892086386680603,
        0.36296990513801575
    ],
    [
        0.978257417678833,
        0.03308626264333725,
        -0.20473794639110565,
        0.22393326461315155,
        -0.03316550329327583,
        0.9994451999664307,
        0.0030454006046056747,
        -0.08129569888114929,
        0.20472513139247894,
        0.003811049973592162,
        0.9788121581077576,
        0.4973573684692383
    ],
    [
        0.9632300734519958,
        0.044479623436927795,
        -0.2649705111980438,
        0.27561384439468384,
        -0.04518725350499153,
        0.9989726543426514,
        0.0034275702200829983,
        -0.09994633495807648,
        0.26485076546669006,
        0.008671751245856285,
        0.964250385761261,
        0.6311973333358765
    ],
    [
        0.9437379240989685,
        0.05330246314406395,
        -0.3263702392578125,
        0.32972002029418945,
        -0.053751371800899506,
        0.998525083065033,
        0.007649708539247513,
        -0.12636931240558624,
        0.3262966275215149,
        0.010323530063033104,
        0.9452111124992371,
        0.7823196649551392
    ],
    [
        0.9172793030738831,
        0.06218225136399269,
        -0.3933599591255188,
        0.38821062445640564,
        -0.06224549561738968,
        0.9979811906814575,
        0.012609856203198433,
        -0.1516057401895523,
        0.39334994554519653,
        0.012918127700686455,
        0.919297993183136,
        0.9389880299568176
    ],
    [
        0.8920437693595886,
        0.07328403741121292,
        -0.4459679126739502,
        0.4111679792404175,
        -0.07244990766048431,
        0.9971920847892761,
        0.018947040662169456,
        -0.17565050721168518,
        0.4461041986942291,
        0.015408746898174286,
        0.8948484063148499,
        1.0829730033874512
    ],
    [
        0.8626492619514465,
        0.08417351543903351,
        -0.49874961376190186,
        0.4407999515533447,
        -0.08256927132606506,
        0.9962634444236755,
        0.025324691087007523,
        -0.19878531992435455,
        0.499017596244812,
        0.019335057586431503,
        0.8663761019706726,
        1.2435952425003052
    ],
    [
        0.8273770809173584,
        0.10066215693950653,
        -0.5525524616241455,
        0.4535033106803894,
        -0.09826634079217911,
        0.9945774674415588,
        0.034047432243824005,
        -0.24010920524597168,
        0.5529836416244507,
        0.026127254590392113,
        0.8327823877334595,
        1.4215407371520996
    ],
    [
        0.7979486584663391,
        0.10935376584529877,
        -0.5927222371101379,
        0.4429457187652588,
        -0.10673411935567856,
        0.9934985637664795,
        0.039604492485523224,
        -0.2666718065738678,
        0.5931997299194336,
        0.03166133910417557,
        0.8044325709342957,
        1.569981336593628
    ],
    [
        0.7704063653945923,
        0.11541853100061417,
        -0.6270188689231873,
        0.40538132190704346,
        -0.11413780599832535,
        0.9925569295883179,
        0.04246601089835167,
        -0.28400760889053345,
        0.6272532343864441,
        0.03885045647621155,
        0.7778456807136536,
        1.7200030088424683
    ],
    [
        0.7438035011291504,
        0.1202770322561264,
        -0.6574873328208923,
        0.3593690097332001,
        -0.12024436146020889,
        0.9917062520980835,
        0.045386847108602524,
        -0.30788642168045044,
        0.6574933528900146,
        0.04530024901032448,
        0.7520973086357117,
        1.8687673807144165
    ],
    [
        0.7159690260887146,
        0.12470347434282303,
        -0.68690425157547,
        0.2876330614089966,
        -0.12534257769584656,
        0.9908906817436218,
        0.04924430325627327,
        -0.3428116738796234,
        0.6867878437042236,
        0.05084095150232315,
        0.7250776886940002,
        2.0300352573394775
    ],
    [
        0.6935972571372986,
        0.12554042041301727,
        -0.7093393802642822,
        0.21663898229599,
        -0.1288500279188156,
        0.990437924861908,
        0.049299322068691254,
        -0.362307071685791,
        0.7087455987930298,
        0.057204537093639374,
        0.703140914440155,
        2.1662485599517822
    ],
    [
        0.6724424958229065,
        0.12704432010650635,
        -0.7291643619537354,
        0.13850973546504974,
        -0.13303005695343018,
        0.9898607730865479,
        0.04978454113006592,
        -0.386823445558548,
        0.7280962467193604,
        0.06352352350950241,
        0.6825253367424011,
        2.2981786727905273
    ],
    [
        0.651087760925293,
        0.1323639303445816,
        -0.7473717331886292,
        0.03267257660627365,
        -0.1385621428489685,
        0.9888574481010437,
        0.05442126467823982,
        -0.4262496531009674,
        0.7462474703788757,
        0.06812437623739243,
        0.6621735692024231,
        2.441131830215454
    ],
    [
        0.6390832662582397,
        0.13496720790863037,
        -0.7572029829025269,
        -0.07635699212551117,
        -0.1424998641014099,
        0.9882165789604187,
        0.05587344616651535,
        -0.44975247979164124,
        0.7558216452598572,
        0.07219354063272476,
        0.6507854461669922,
        2.5527398586273193
    ],
    [
        0.6299259662628174,
        0.13937407732009888,
        -0.7640471458435059,
        -0.18415187299251556,
        -0.14568693935871124,
        0.9875082969665527,
        0.06002383679151535,
        -0.4742588400840759,
        0.7628687024116516,
        0.0735011175274849,
        0.6423620581626892,
        2.654543399810791
    ],
    [
        0.6247855424880981,
        0.1438571959733963,
        -0.7674294114112854,
        -0.3122532367706299,
        -0.14839226007461548,
        0.9868438839912415,
        0.06417687237262726,
        -0.4994339048862457,
        0.7665655016899109,
        0.07378382235765457,
        0.637913167476654,
        2.7577083110809326
    ],
    [
        0.619002103805542,
        0.14441204071044922,
        -0.7719985246658325,
        -0.4594475328922272,
        -0.14790305495262146,
        0.9867970943450928,
        0.06600157171487808,
        -0.5148850679397583,
        0.7713372111320496,
        0.07332582026720047,
        0.6321883201599121,
        2.8815829753875732
    ],
    [
        0.6101565361022949,
        0.14202630519866943,
        -0.7794469594955444,
        -0.5774096846580505,
        -0.14619652926921844,
        0.9870902299880981,
        0.06541819125413895,
        -0.5221053957939148,
        0.7786754369735718,
        0.0740370973944664,
        0.6230432987213135,
        2.9996755123138428
    ],
    [
        0.5984413027763367,
        0.14657823741436005,
        -0.7876438498497009,
        -0.6913039088249207,
        -0.14563056826591492,
        0.9866449236869812,
        0.07296360284090042,
        -0.5460343360900879,
        0.7878196835517883,
        0.07104051858186722,
        0.6117953658103943,
        3.127336025238037
    ],
    [
        0.5900037288665771,
        0.1479044407606125,
        -0.7937379479408264,
        -0.838302493095398,
        -0.13807718455791473,
        0.987079381942749,
        0.08129557222127914,
        -0.5760863423347473,
        0.7955062389373779,
        0.0616324208676815,
        0.6028028130531311,
        3.263415813446045
    ],
    [
        0.5855183601379395,
        0.1487720012664795,
        -0.7968908548355103,
        -0.9533608555793762,
        -0.13622993230819702,
        0.9870937466621399,
        0.0841856524348259,
        -0.5863333940505981,
        0.7991306185722351,
        0.059268124401569366,
        0.5982288122177124,
        3.354761838912964
    ],
    [
        0.5798338651657104,
        0.15325705707073212,
        -0.8001905083656311,
        -1.0629864931106567,
        -0.13874192535877228,
        0.9863768219947815,
        0.08838140964508057,
        -0.5968139171600342,
        0.8028346300125122,
        0.05977347120642662,
        0.5931978821754456,
        3.4430205821990967
    ],
    [
        0.574421763420105,
        0.15710365772247314,
        -0.803341805934906,
        -1.1859490871429443,
        -0.14018529653549194,
        0.9857906699180603,
        0.0925457701086998,
        -0.6080164313316345,
        0.8064661622047424,
        0.05945642665028572,
        0.5882831811904907,
        3.535186529159546
    ]
]