[
    [
        0.9998264908790588,
        0.00204186188057065,
        -0.018512623384594917,
        -0.2449115663766861,
        -0.001687253825366497,
        0.9998152256011963,
        0.019150299951434135,
        -0.07197529822587967,
        0.018548304215073586,
        -0.019115744158625603,
        0.9996452331542969,
        0.4104127883911133
    ],
    [
        0.9973630905151367,
        -0.018470730632543564,
        0.07018382847309113,
        -0.4167642295360565,
        0.01731639727950096,
        0.9997051954269409,
        0.017020290717482567,
        -0.1288311630487442,
        -0.07047752290964127,
        -0.01576007716357708,
        0.9973888993263245,
        0.6813430786132812
    ],
    [
        0.9645770192146301,
        -0.06025959551334381,
        0.2568269670009613,
        -0.4832642078399658,
        0.052694957703351974,
        0.9979527592658997,
        0.03624187037348747,
        -0.15376929938793182,
        -0.2584851086139679,
        -0.021424584090709686,
        0.965777575969696,
        0.9899842739105225
    ],
    [
        0.911270260810852,
        -0.09756007045507431,
        0.4000856280326843,
        -0.4557955265045166,
        0.07693393528461456,
        0.9947595596313477,
        0.06733860075473785,
        -0.19782690703868866,
        -0.4045586884021759,
        -0.03058350831270218,
        0.9140004515647888,
        1.2447426319122314
    ],
    [
        0.8309105038642883,
        -0.1388436108827591,
        0.5388044118881226,
        -0.38097116351127625,
        0.10252852737903595,
        0.9899897575378418,
        0.0969957560300827,
        -0.21544155478477478,
        -0.5468780398368835,
        -0.02535194903612137,
        0.8368282914161682,
        1.497734546661377
    ],
    [
        0.7442561984062195,
        -0.17663301527500153,
        0.6441146731376648,
        -0.3232288360595703,
        0.11910071223974228,
        0.9840375185012817,
        0.13223126530647278,
        -0.23077884316444397,
        -0.6571894884109497,
        -0.021699443459510803,
        0.7534130811691284,
        1.666608214378357
    ],
    [
        0.6712779402732849,
        -0.21707269549369812,
        0.7087069153785706,
        -0.22663623094558716,
        0.13007408380508423,
        0.9758158922195435,
        0.17568211257457733,
        -0.12313110381364822,
        -0.7297032475471497,
        -0.025747153908014297,
        0.6832792162895203,
        1.8288828134536743
    ],
    [
        0.6280874609947205,
        -0.24103981256484985,
        0.7398688197135925,
        -0.12207847088575363,
        0.135772705078125,
        0.9701756238937378,
        0.2008109837770462,
        -0.03267667070031166,
        -0.7662062048912048,
        -0.025672856718301773,
        0.6420817971229553,
        1.9686262607574463
    ],
    [
        0.5908290147781372,
        -0.25941210985183716,
        0.7639544010162354,
        -0.0355561226606369,
        0.13848210871219635,
        0.9654527902603149,
        0.22073428332805634,
        0.07886984944343567,
        -0.7948231101036072,
        -0.024622179567813873,
        0.6063414216041565,
        2.117189407348633
    ],
    [
        0.5530134439468384,
        -0.27362173795700073,
        0.7869607210159302,
        0.056808508932590485,
        0.14112217724323273,
        0.9616495966911316,
        0.23519055545330048,
        0.1787298023700714,
        -0.8211337924003601,
        -0.01900593191385269,
        0.5704192519187927,
        2.290440797805786
    ],
    [
        0.5217078924179077,
        -0.28598594665527344,
        0.8037617206573486,
        0.1635739654302597,
        0.1434602588415146,
        0.9581319689750671,
        0.2477947473526001,
        0.32641127705574036,
        -0.8409755825996399,
        -0.013968627899885178,
        0.5408926010131836,
        2.4624180793762207
    ],
    [
        0.49081823229789734,
        -0.2959451675415039,
        0.8194594979286194,
        0.2766195833683014,
        0.14525790512561798,
        0.9551748037338257,
        0.2579556405544281,
        0.4364040195941925,
        -0.8590678572654724,
        -0.007576339412480593,
        0.5118057131767273,
        2.6429057121276855
    ],
    [
        0.4585862159729004,
        -0.3050941526889801,
        0.8346353769302368,
        0.3797798454761505,
        0.14670132100582123,
        0.9523220658302307,
        0.2675093114376068,
        0.5788627862930298,
        -0.8764572739601135,
        -0.00023399664496537298,
        0.4814795255661011,
        2.838841199874878
    ],
    [
        0.43758106231689453,
        -0.3126985728740692,
        0.8430553674697876,
        0.49213719367980957,
        0.14849717915058136,
        0.9498404264450073,
        0.2752300798892975,
        0.7336850762367249,
        -0.8868322372436523,
        0.0047558811493217945,
        0.46206700801849365,
        3.0116686820983887
    ],
    [
        0.4176780581474304,
        -0.3171013593673706,
        0.8514644503593445,
        0.6288614273071289,
        0.1504899561405182,
        0.9483224153518677,
        0.2793515920639038,
        0.8884365558624268,
        -0.8960456252098083,
        0.011457827873528004,
        0.44381406903266907,
        3.2011451721191406
    ],
    [
        0.3873937129974365,
        -0.3232547640800476,
        0.8633843064308167,
        0.7610320448875427,
        0.15228193998336792,
        0.9460849761962891,
        0.2858906090259552,
        1.0057332515716553,
        -0.9092504382133484,
        0.020725613459944725,
        0.41573330760002136,
        3.3454506397247314
    ],
    [
        0.36250942945480347,
        -0.3248642385005951,
        0.8735273480415344,
        0.92425537109375,
        0.15449963510036469,
        0.9452601075172424,
        0.28742504119873047,
        1.1529521942138672,
        -0.9190847277641296,
        0.030765369534492493,
        0.39285704493522644,
        3.478647232055664
    ],
    [
        0.3433794677257538,
        -0.32543864846229553,
        0.8810109496116638,
        1.0255773067474365,
        0.15470002591609955,
        0.9448330402374268,
        0.2887187600135803,
        1.2470520734786987,
        -0.9263682961463928,
        0.03715234249830246,
        0.3747815191745758,
        3.6076974868774414
    ],
    [
        0.31742164492607117,
        -0.31461411714553833,
        0.8945732712745667,
        1.1554641723632812,
        0.15586544573307037,
        0.9478391408920288,
        0.27804145216941833,
        1.3464641571044922,
        -0.9353874325752258,
        0.05117667466402054,
        0.34990209341049194,
        3.743454933166504
    ],
    [
        0.29393354058265686,
        -0.2878888249397278,
        0.9114400744438171,
        1.3023000955581665,
        0.15817058086395264,
        0.9550663828849792,
        0.250659704208374,
        1.4715358018875122,
        -0.9426478743553162,
        0.07048573344945908,
        0.3262615501880646,
        3.8730454444885254
    ],
    [
        0.2676222622394562,
        -0.2658693492412567,
        0.9261165261268616,
        1.4319605827331543,
        0.1591111570596695,
        0.9601750373840332,
        0.22966809570789337,
        1.6173380613327026,
        -0.950295627117157,
        0.08589112758636475,
        0.2992669343948364,
        4.028549671173096
    ],
    [
        0.23504294455051422,
        -0.24243991076946259,
        0.9412639141082764,
        1.6032804250717163,
        0.1612807810306549,
        0.9646970629692078,
        0.20820215344429016,
        1.7538259029388428,
        -0.9585109353065491,
        0.10287133604288101,
        0.2658461332321167,
        4.181911945343018
    ],
    [
        0.20431366562843323,
        -0.22052066028118134,
        0.9537433981895447,
        1.774905800819397,
        0.1638040691614151,
        0.9682601690292358,
        0.188786581158638,
        1.870932698249817,
        -0.9651032090187073,
        0.11765541136264801,
        0.23395097255706787,
        4.296793460845947
    ],
    [
        0.14599286019802094,
        -0.20776550471782684,
        0.9672225713729858,
        1.9537163972854614,
        0.16724401712417603,
        0.9688089489936829,
        0.18286243081092834,
        2.0305569171905518,
        -0.9750463366508484,
        0.13506555557250977,
        0.17618663609027863,
        4.447918891906738
    ],
    [
        0.04883679747581482,
        -0.2005990743637085,
        0.9784553647041321,
        2.1115105152130127,
        0.17119339108467102,
        0.9668088555335999,
        0.1896667331457138,
        2.1665852069854736,
        -0.984026312828064,
        0.1582423448562622,
        0.08155708760023117,
        4.52643346786499
    ]
]