[
    [
        0.9684104323387146,
        0.03205975890159607,
        0.2472917139530182,
        0.25345948338508606,
        -0.028483500704169273,
        0.9994316697120667,
        -0.01802656054496765,
        0.009561227634549141,
        -0.24772909283638,
        0.010413377545773983,
        0.9687734246253967,
        -0.03319168835878372
    ],
    [
        0.9659372568130493,
        0.03340635821223259,
        0.256611168384552,
        0.2612174153327942,
        -0.029613416641950607,
        0.999387800693512,
        -0.01863209158182144,
        0.010213390924036503,
        -0.2570765018463135,
        0.01039829757064581,
        0.9663350582122803,
        -0.03460073843598366
    ],
    [
        0.9631306529045105,
        0.034673672169446945,
        0.2667904198169708,
        0.26704180240631104,
        -0.03059108927845955,
        0.9993429183959961,
        -0.01944473385810852,
        0.011051957495510578,
        -0.26728931069374084,
        0.0105664087459445,
        0.9635584950447083,
        -0.03619646281003952
    ],
    [
        0.9594229459762573,
        0.03620339184999466,
        0.27963727712631226,
        0.27564361691474915,
        -0.03177348151803017,
        0.9992876648902893,
        -0.020359942689538002,
        0.011808016337454319,
        -0.28017517924308777,
        0.010648747906088829,
        0.9598897695541382,
        -0.03828253224492073
    ],
    [
        0.956550121307373,
        0.036917004734277725,
        0.28922131657600403,
        0.28172335028648376,
        -0.03236088901758194,
        0.9992655515670776,
        -0.020520884543657303,
        0.01125580258667469,
        -0.28976646065711975,
        0.010269797407090664,
        0.9570423364639282,
        -0.04007505252957344
    ],
    [
        0.9535620212554932,
        0.037933334708213806,
        0.2987983524799347,
        0.2876902222633362,
        -0.03319726139307022,
        0.9992300271987915,
        -0.020912030711770058,
        0.01104423776268959,
        -0.29936152696609497,
        0.010021630674600601,
        0.9540871381759644,
        -0.0415119007229805
    ],
    [
        0.9495062232017517,
        0.03926732763648033,
        0.31128135323524475,
        0.29577988386154175,
        -0.03430366888642311,
        0.9991821646690369,
        -0.021407216787338257,
        0.01049240306019783,
        -0.311867356300354,
        0.00964819174259901,
        0.950076699256897,
        -0.043754708021879196
    ],
    [
        0.9465465545654297,
        0.04024621844291687,
        0.3200468122959137,
        0.30289503931999207,
        -0.03508526831865311,
        0.9991447329521179,
        -0.021877950057387352,
        0.010318637825548649,
        -0.3206535875797272,
        0.00947957020252943,
        0.9471490383148193,
        -0.04603270813822746
    ],
    [
        0.9426199197769165,
        0.04177812859416008,
        0.3312436044216156,
        0.31262412667274475,
        -0.036116063594818115,
        0.999077558517456,
        -0.023233255371451378,
        0.01110394112765789,
        -0.3319086730480194,
        0.009936913847923279,
        0.9432592391967773,
        -0.04970621317625046
    ],
    [
        0.9396390318870544,
        0.04283605143427849,
        0.33947545289993286,
        0.3201106786727905,
        -0.03673706203699112,
        0.999027669429779,
        -0.024375315755605698,
        0.011854307726025581,
        -0.34018951654434204,
        0.010432667098939419,
        0.9402991533279419,
        -0.052592139691114426
    ],
    [
        0.9366681575775146,
        0.04370832443237305,
        0.347479909658432,
        0.3280940055847168,
        -0.0374038964509964,
        0.9989916682243347,
        -0.02483370713889599,
        0.011408044025301933,
        -0.34821492433547974,
        0.010263843461871147,
        0.9373584985733032,
        -0.05544751137495041
    ],
    [
        0.932246208190918,
        0.04506954923272133,
        0.3590065538883209,
        0.3365130126476288,
        -0.038524080067873,
        0.9989356398582458,
        -0.02536901645362377,
        0.010701700113713741,
        -0.3597678244113922,
        0.009819768369197845,
        0.9329901933670044,
        -0.05876590684056282
    ],
    [
        0.9287729859352112,
        0.04601117596030235,
        0.367782324552536,
        0.34247371554374695,
        -0.03916359320282936,
        0.9988929033279419,
        -0.02606472559273243,
        0.010776186361908913,
        -0.3685743808746338,
        0.009804531000554562,
        0.9295465350151062,
        -0.061256490647792816
    ],
    [
        0.9252346754074097,
        0.04727759584784508,
        0.3764380216598511,
        0.3485913574695587,
        -0.04001367837190628,
        0.9988317489624023,
        -0.027096915990114212,
        0.011673033237457275,
        -0.37727928161621094,
        0.010008334182202816,
        0.9260454773902893,
        -0.06379574537277222
    ],
    [
        0.9205217957496643,
        0.0487305149435997,
        0.3876402974128723,
        0.35770484805107117,
        -0.041006483137607574,
        0.9987615346908569,
        -0.028177674859762192,
        0.01259517204016447,
        -0.3885333240032196,
        0.010042395442724228,
        0.9213798642158508,
        -0.06798114627599716
    ],
    [
        0.9170567989349365,
        0.0495232492685318,
        0.3956693708896637,
        0.3658251464366913,
        -0.0416390635073185,
        0.9987263083457947,
        -0.028495466336607933,
        0.01260583009570837,
        -0.39657652378082275,
        0.009656660258769989,
        0.9179509282112122,
        -0.07150841504335403
    ],
    [
        0.9125593304634094,
        0.04965446889400482,
        0.40591853857040405,
        0.37814369797706604,
        -0.04220687970519066,
        0.9987362623214722,
        -0.02728486992418766,
        0.010267318226397038,
        -0.40676039457321167,
        0.007766507565975189,
        0.9135019183158875,
        -0.0769287496805191
    ],
    [
        0.9088037014007568,
        0.05012829229235649,
        0.4142017364501953,
        0.3862791359424591,
        -0.043062690645456314,
        0.9987238049507141,
        -0.026385197415947914,
        0.00890484917908907,
        -0.41499578952789307,
        0.006142324302345514,
        0.9098026752471924,
        -0.0809718444943428
    ],
    [
        0.9043429493904114,
        0.05087357014417648,
        0.42376378178596497,
        0.3922698199748993,
        -0.04404448717832565,
        0.9986937642097473,
        -0.025900743901729584,
        0.00860084593296051,
        -0.4245278835296631,
        0.00475870119407773,
        0.9054023623466492,
        -0.08424686640501022
    ],
    [
        0.8979150652885437,
        0.05186164006590843,
        0.437102735042572,
        0.40004897117614746,
        -0.04525219649076462,
        0.9986492991447449,
        -0.025529373437166214,
        0.009129755198955536,
        -0.43783634901046753,
        0.003143352223560214,
        0.8990491628646851,
        -0.08864212036132812
    ],
    [
        0.8929080963134766,
        0.05235444754362106,
        0.44718459248542786,
        0.40614643692970276,
        -0.045935917645692825,
        0.998626708984375,
        -0.02519315667450428,
        0.009950357489287853,
        -0.44788938760757446,
        0.001953339669853449,
        0.8940867781639099,
        -0.0925235003232956
    ],
    [
        0.8878576755523682,
        0.052892450243234634,
        0.4570678770542145,
        0.4130876660346985,
        -0.046788956969976425,
        0.9986000061035156,
        -0.02467132918536663,
        0.010926316492259502,
        -0.4577328860759735,
        0.0005189013900235295,
        0.8890895843505859,
        -0.09689928591251373
    ],
    [
        0.8806725144386292,
        0.053219135850667953,
        0.47072669863700867,
        0.42195773124694824,
        -0.0478673093020916,
        0.9985808730125427,
        -0.023343030363321304,
        0.011977709829807281,
        -0.47130104899406433,
        -0.0019748585764318705,
        0.8819701671600342,
        -0.10270199924707413
    ],
    [
        0.8747348189353943,
        0.052843544632196426,
        0.4817121922969818,
        0.4273762106895447,
        -0.04831879958510399,
        0.9985938668251038,
        -0.021803712472319603,
        0.012445398606359959,
        -0.48218706250190735,
        -0.004203286953270435,
        0.8760581612586975,
        -0.10707834362983704
    ],
    [
        0.8667280077934265,
        0.05245602875947952,
        0.4960150420665741,
        0.4353904724121094,
        -0.049478109925985336,
        0.9985916614532471,
        -0.019148798659443855,
        0.013045706786215305,
        -0.4963209629058838,
        -0.007945085875689983,
        0.8681027293205261,
        -0.11274457722902298
    ]
]