[
    [
        0.9985518455505371,
        0.007468236610293388,
        -0.053277671337127686,
        0.03422395884990692,
        -0.008469599299132824,
        0.9997912645339966,
        -0.01859421096742153,
        -0.011353003792464733,
        0.05312768369913101,
        0.019018521532416344,
        0.9984065890312195,
        0.3129592537879944
    ],
    [
        0.995780885219574,
        0.007976613938808441,
        -0.09141448885202408,
        0.05953511223196983,
        -0.009798653423786163,
        0.9997618794441223,
        -0.01950017176568508,
        -0.014716718345880508,
        0.09123717248439789,
        0.02031363919377327,
        0.9956219792366028,
        0.4545758366584778
    ],
    [
        0.9912514686584473,
        0.0055528925731778145,
        -0.13187018036842346,
        0.07881134003400803,
        -0.007669204846024513,
        0.9998497366905212,
        -0.015545984730124474,
        -0.026903707534074783,
        0.13176403939723969,
        0.016421319916844368,
        0.9911450743675232,
        0.5933037400245667
    ],
    [
        0.9847042560577393,
        0.0049200342036783695,
        -0.17416493594646454,
        0.09603053331375122,
        -0.0066499244421720505,
        0.9999342560768127,
        -0.009350324980914593,
        -0.038492344319820404,
        0.17410746216773987,
        0.01036548800766468,
        0.9846720099449158,
        0.7385050058364868
    ],
    [
        0.9775936007499695,
        0.0041754841804504395,
        -0.21045956015586853,
        0.09957323223352432,
        -0.005498838610947132,
        0.9999687075614929,
        -0.0057031214237213135,
        -0.04578983411192894,
        0.2104291468858719,
        0.006732618436217308,
        0.9775859117507935,
        0.8843399882316589
    ],
    [
        0.9701622128486633,
        0.00664979312568903,
        -0.24236536026000977,
        0.08321388810873032,
        -0.007308924570679665,
        0.9999716877937317,
        -0.0018205472733825445,
        -0.04828266054391861,
        0.24234639108181,
        0.003537657205015421,
        0.9701833724975586,
        1.0403627157211304
    ],
    [
        0.9611328840255737,
        0.003974303137511015,
        -0.2760574221611023,
        0.06840895116329193,
        -0.004782308824360371,
        0.9999859929084778,
        -0.002253827638924122,
        -0.056898605078458786,
        0.2760446071624756,
        0.0034864211920648813,
        0.9611385464668274,
        1.1874123811721802
    ],
    [
        0.950587272644043,
        0.0024746230337768793,
        -0.3104472756385803,
        0.07186473906040192,
        -0.003576727118343115,
        0.9999892115592957,
        -0.002980847842991352,
        -0.06984022259712219,
        0.31043654680252075,
        0.003943942487239838,
        0.9505859017372131,
        1.341628074645996
    ],
    [
        0.9382522106170654,
        0.0045602042227983475,
        -0.34592190384864807,
        0.08893652260303497,
        -0.006374594289809465,
        0.9999712109565735,
        -0.004107585642486811,
        -0.09217535704374313,
        0.3458932638168335,
        0.006059062667191029,
        0.9382542967796326,
        1.494337558746338
    ],
    [
        0.9268757700920105,
        0.011529481038451195,
        -0.3751910924911499,
        0.09036631137132645,
        -0.014350015670061111,
        0.9998858571052551,
        -0.004724303260445595,
        -0.10483599454164505,
        0.37509381771087646,
        0.0097628403455019,
        0.9269355535507202,
        1.6425493955612183
    ],
    [
        0.9141305088996887,
        0.019188281148672104,
        -0.40496572852134705,
        0.07852726429700851,
        -0.023473599925637245,
        0.9997087717056274,
        -0.005618366412818432,
        -0.11417435109615326,
        0.40473994612693787,
        0.014641922898590565,
        0.9143145680427551,
        1.789725661277771
    ],
    [
        0.8994531035423279,
        0.024090111255645752,
        -0.43635278940200806,
        0.06050353869795799,
        -0.028989313170313835,
        0.9995692372322083,
        -0.004571480676531792,
        -0.12692521512508392,
        0.43605488538742065,
        0.016761397942900658,
        0.8997639417648315,
        1.9328486919403076
    ],
    [
        0.882684051990509,
        0.029031742364168167,
        -0.4690691828727722,
        0.04399825260043144,
        -0.032560061663389206,
        0.9994695782661438,
        0.0005885756108909845,
        -0.13464893400669098,
        0.46883755922317505,
        0.014753407798707485,
        0.883161187171936,
        2.100132942199707
    ],
    [
        0.8658437132835388,
        0.03561541810631752,
        -0.499045193195343,
        0.025636490434408188,
        -0.03814953565597534,
        0.9992589950561523,
        0.005124780815094709,
        -0.14285406470298767,
        0.4988579750061035,
        0.014601090922951698,
        0.8665607571601868,
        2.2655797004699707
    ],
    [
        0.8508539199829102,
        0.04279681295156479,
        -0.5236562490463257,
        -0.015066859312355518,
        -0.043408751487731934,
        0.9989955425262451,
        0.011112871579825878,
        -0.14815405011177063,
        0.5236059427261353,
        0.013275840319693089,
        0.8518571257591248,
        2.4404988288879395
    ],
    [
        0.8356146216392517,
        0.04947127029299736,
        -0.5470839142799377,
        -0.06798571348190308,
        -0.04709042236208916,
        0.9987214207649231,
        0.01838577352464199,
        -0.16042447090148926,
        0.5472940802574158,
        0.010399000719189644,
        0.836875855922699,
        2.614609479904175
    ],
    [
        0.8190398216247559,
        0.0519447885453701,
        -0.5713803172111511,
        -0.10660215467214584,
        -0.04797711223363876,
        0.9986059069633484,
        0.022011950612068176,
        -0.17168329656124115,
        0.5717272162437439,
        0.009384524077177048,
        0.8203901052474976,
        2.7853362560272217
    ],
    [
        0.8008170127868652,
        0.05544441193342209,
        -0.5963371992111206,
        -0.13930930197238922,
        -0.049097590148448944,
        0.9984317421913147,
        0.02689632587134838,
        -0.1914668083190918,
        0.5968931913375854,
        0.007739689666777849,
        0.8022833466529846,
        2.965703248977661
    ],
    [
        0.7852472066879272,
        0.06101168692111969,
        -0.6161690950393677,
        -0.19020190834999084,
        -0.051721878349781036,
        0.9981188774108887,
        0.032917022705078125,
        -0.20288603007793427,
        0.617018461227417,
        0.006021431647241116,
        0.786925733089447,
        3.137587308883667
    ],
    [
        0.7708786129951477,
        0.0651412382721901,
        -0.6336425542831421,
        -0.2683260142803192,
        -0.05325924977660179,
        0.9978653788566589,
        0.03779067471623421,
        -0.2091241180896759,
        0.6347516179084778,
        0.004615287762135267,
        0.7727023959159851,
        3.3070435523986816
    ],
    [
        0.7581258416175842,
        0.06510460376739502,
        -0.64885014295578,
        -0.34579595923423767,
        -0.05202716961503029,
        0.9978707432746887,
        0.03933549299836159,
        -0.21813316643238068,
        0.6500295400619507,
        0.003936588764190674,
        0.7598987817764282,
        3.4600601196289062
    ],
    [
        0.7465061545372009,
        0.06173442676663399,
        -0.6625083088874817,
        -0.420781672000885,
        -0.047751348465681076,
        0.9980898499488831,
        0.039199233055114746,
        -0.2265246957540512,
        0.6636629104614258,
        0.0023732108529657125,
        0.7480281591415405,
        3.6165547370910645
    ],
    [
        0.7400402426719666,
        0.05862034857273102,
        -0.6700030565261841,
        -0.49966350197792053,
        -0.04567484185099602,
        0.9982748627662659,
        0.03689239174127579,
        -0.22960525751113892,
        0.67100989818573,
        0.0033004404976963997,
        0.7414409518241882,
        3.7584071159362793
    ],
    [
        0.7389184236526489,
        0.05899603292346001,
        -0.6712071299552917,
        -0.6026748418807983,
        -0.047873713076114655,
        0.9982388019561768,
        0.03503738343715668,
        -0.22889387607574463,
        0.6720920205116272,
        0.0062434133142232895,
        0.7404413223266602,
        3.8920042514801025
    ],
    [
        0.7433692812919617,
        0.060244254767894745,
        -0.6661627888679504,
        -0.7155147790908813,
        -0.05240052193403244,
        0.9981199502944946,
        0.03179109841585159,
        -0.23343685269355774,
        0.666825532913208,
        0.011274744756519794,
        0.7451286315917969,
        4.008268356323242
    ]
]