[
    [
        0.9991467595100403,
        0.0011219644220545888,
        -0.041286077350378036,
        0.2986224293708801,
        -0.0016188968438655138,
        0.9999266862869263,
        -0.012004860676825047,
        -0.059916310012340546,
        0.04126958176493645,
        0.012061456218361855,
        0.999075174331665,
        0.9967349767684937
    ],
    [
        0.9991271495819092,
        0.0013780377339571714,
        -0.04174909368157387,
        0.29306986927986145,
        -0.0019033823627978563,
        0.9999195337295532,
        -0.012546258047223091,
        -0.06006831303238869,
        0.04172844439744949,
        0.012614772655069828,
        0.9990493655204773,
        0.9731045365333557
    ],
    [
        0.999117910861969,
        0.0011861607199534774,
        -0.0419764406979084,
        0.28618720173835754,
        -0.0017274243291467428,
        0.9999158978462219,
        -0.012860532850027084,
        -0.05982663109898567,
        0.04195765033364296,
        0.012921699322760105,
        0.9990358352661133,
        0.9416091442108154
    ],
    [
        0.9991137981414795,
        0.0005068290047347546,
        -0.04208808392286301,
        0.276429146528244,
        -0.001058346126228571,
        0.9999138116836548,
        -0.013082628138363361,
        -0.05781276151537895,
        0.04207782819867134,
        0.013115577399730682,
        0.999028205871582,
        0.9047940373420715
    ],
    [
        0.9991457462310791,
        0.0004722942830994725,
        -0.04132251814007759,
        0.2674099802970886,
        -0.0010355617851018906,
        0.9999068975448608,
        -0.013610671274363995,
        -0.05310644209384918,
        0.041312240064144135,
        0.013641834259033203,
        0.9990531802177429,
        0.8631696701049805
    ],
    [
        0.9991257786750793,
        0.0008995371172204614,
        -0.041795507073402405,
        0.26023486256599426,
        -0.0014659840380772948,
        0.9999074339866638,
        -0.013524148613214493,
        -0.047387804836034775,
        0.041779473423957825,
        0.013573596253991127,
        0.9990346431732178,
        0.8204068541526794
    ],
    [
        0.9991884827613831,
        0.0007966311532072723,
        -0.04027055203914642,
        0.25221261382102966,
        -0.001352091901935637,
        0.9999043345451355,
        -0.013767873868346214,
        -0.04236043989658356,
        0.04025572910904884,
        0.013811152428388596,
        0.9990940093994141,
        0.7779114842414856
    ],
    [
        0.999187707901001,
        0.00040406861808151007,
        -0.04029686748981476,
        0.24078673124313354,
        -0.0009847532492130995,
        0.9998959898948669,
        -0.01439137663692236,
        -0.04104839637875557,
        0.04028685763478279,
        0.014419369399547577,
        0.9990841150283813,
        0.7377508282661438
    ],
    [
        0.9992755651473999,
        -2.7879894332727417e-05,
        -0.03805666044354439,
        0.2208566665649414,
        -0.0005083909491077065,
        0.9999006986618042,
        -0.014081629924476147,
        -0.039523471146821976,
        0.03805328160524368,
        0.01409077551215887,
        0.9991763234138489,
        0.687725305557251
    ],
    [
        0.9997128844261169,
        -0.0005842315149493515,
        -0.023953400552272797,
        0.2054019421339035,
        0.00024015041708480567,
        0.9998968243598938,
        -0.014364982023835182,
        -0.032197821885347366,
        0.023959321901202202,
        0.01435510627925396,
        0.9996098875999451,
        0.6534180641174316
    ],
    [
        0.9999173283576965,
        -0.0024633712600916624,
        0.012617168016731739,
        0.18776580691337585,
        0.0026476846542209387,
        0.9998897910118103,
        -0.014612349681556225,
        -0.023590756580233574,
        -0.012579781003296375,
        0.01464454922825098,
        0.9998136162757874,
        0.6251706480979919
    ],
    [
        0.9976519346237183,
        -0.00586650101467967,
        0.0682361051440239,
        0.16206872463226318,
        0.006772945635020733,
        0.9998918175697327,
        -0.013060195371508598,
        -0.015687784180045128,
        -0.06815210729837418,
        0.01349168922752142,
        0.9975837469100952,
        0.5966355204582214
    ],
    [
        0.9906320571899414,
        -0.010133209638297558,
        0.1361819952726364,
        0.13735944032669067,
        0.011983643285930157,
        0.9998466372489929,
        -0.012775016017258167,
        -0.010711563751101494,
        -0.1360316276550293,
        0.014287294819951057,
        0.9906015396118164,
        0.5727299451828003
    ],
    [
        0.9762981534004211,
        -0.015433212742209435,
        0.2158791422843933,
        0.10659970343112946,
        0.018113503232598305,
        0.9997814297676086,
        -0.010442616418004036,
        -0.005247271154075861,
        -0.21567077934741974,
        0.014105436392128468,
        0.9763641953468323,
        0.5441978573799133
    ],
    [
        0.953716516494751,
        -0.022346174344420433,
        0.2998755872249603,
        0.07754746079444885,
        0.025459811091423035,
        0.9996548295021057,
        -0.006479294039309025,
        -0.0025635864585638046,
        -0.29962730407714844,
        0.013814186677336693,
        0.9539564251899719,
        0.5135741233825684
    ],
    [
        0.9230456352233887,
        -0.03032655641436577,
        0.3834930956363678,
        0.0506545715034008,
        0.034043923020362854,
        0.9994160532951355,
        -0.0029081362299621105,
        -0.0010891032870858908,
        -0.38318097591400146,
        0.015739955008029938,
        0.9235391616821289,
        0.47835421562194824
    ],
    [
        0.8766392469406128,
        -0.037627220153808594,
        0.479674756526947,
        0.024488946422934532,
        0.04135957732796669,
        0.9991404414176941,
        0.002788238227367401,
        -0.002726594917476177,
        -0.47936734557151794,
        0.017394866794347763,
        0.877441942691803,
        0.42376500368118286
    ],
    [
        0.8339918255805969,
        -0.04331943765282631,
        0.5500737428665161,
        0.010478961281478405,
        0.046298231929540634,
        0.9988917112350464,
        0.008469918742775917,
        0.0006810505874454975,
        -0.5498310327529907,
        0.01840360090136528,
        0.8350732326507568,
        0.3754393756389618
    ],
    [
        0.7877858877182007,
        -0.04979413002729416,
        0.6139331459999084,
        -0.0052628046832978725,
        0.051813479512929916,
        0.9985514283180237,
        0.01450332161039114,
        0.006033281330019236,
        -0.613766074180603,
        0.020384501665830612,
        0.7892248034477234,
        0.3254298269748688
    ],
    [
        0.7361218929290771,
        -0.055238593369722366,
        0.6745912432670593,
        -0.02588508278131485,
        0.056685976684093475,
        0.9981940984725952,
        0.019880259409546852,
        0.009927629493176937,
        -0.6744711995124817,
        0.02360556647181511,
        0.7379237413406372,
        0.27742138504981995
    ],
    [
        0.6794333457946777,
        -0.06020954251289368,
        0.7312626242637634,
        -0.04779486730694771,
        0.060965392738580704,
        0.9978138208389282,
        0.02551202103495598,
        0.011098439805209637,
        -0.731200098991394,
        0.027247997000813484,
        0.6816186904907227,
        0.23000650107860565
    ],
    [
        0.620547890663147,
        -0.0650123730301857,
        0.7814689874649048,
        -0.0759550929069519,
        0.06448874622583389,
        0.9974126815795898,
        0.03176812082529068,
        0.011211891658604145,
        -0.7815123200416565,
        0.03068232163786888,
        0.6231348514556885,
        0.18550442159175873
    ],
    [
        0.5616356730461121,
        -0.0688810795545578,
        0.8245123624801636,
        -0.09856633096933365,
        0.06767689436674118,
        0.9970138669013977,
        0.03719242662191391,
        0.015961138531565666,
        -0.8246121406555176,
        0.03491184860467911,
        0.5646201968193054,
        0.1425321102142334
    ],
    [
        0.5018594264984131,
        -0.07354286313056946,
        0.8618170022964478,
        -0.1182568296790123,
        0.0702294111251831,
        0.9965536594390869,
        0.044144075363874435,
        0.020281853154301643,
        -0.8620933890342712,
        0.03837078437209129,
        0.5052946209907532,
        0.09973694384098053
    ],
    [
        0.424981951713562,
        -0.07860562205314636,
        0.9017823934555054,
        -0.13860797882080078,
        0.0733945369720459,
        0.9959346652030945,
        0.05222402885556221,
        0.025063764303922653,
        -0.9022215008735657,
        0.04399162903428078,
        0.42902350425720215,
        0.04880574718117714
    ]
]