[
    [
        0.9502251744270325,
        0.03169214352965355,
        -0.3099479377269745,
        -0.175105020403862,
        -0.06225447356700897,
        0.99406498670578,
        -0.08921409398317337,
        0.0013325146865099669,
        0.30528098344802856,
        0.10406912118196487,
        0.9465585350990295,
        -0.07936623692512512
    ],
    [
        0.9460979700088501,
        0.03359892591834068,
        -0.32213330268859863,
        -0.2364920675754547,
        -0.06585285067558289,
        0.9937843680381775,
        -0.08975526690483093,
        0.030836554244160652,
        0.3171153664588928,
        0.1061306744813919,
        0.9424299001693726,
        -0.07718095183372498
    ],
    [
        0.9357936382293701,
        0.03797834366559982,
        -0.3504966199398041,
        -0.35758262872695923,
        -0.07322309911251068,
        0.9934384822845459,
        -0.08785410225391388,
        0.07642971724271774,
        0.3448602855205536,
        0.10787776857614517,
        0.9324343204498291,
        -0.05077487602829933
    ],
    [
        0.912830650806427,
        0.04494158923625946,
        -0.405857652425766,
        -0.5319392681121826,
        -0.0855463519692421,
        0.9929161667823792,
        -0.08245772123336792,
        0.13882769644260406,
        0.39927685260772705,
        0.10998957604169846,
        0.9102088809013367,
        0.007621331140398979
    ],
    [
        0.875852108001709,
        0.05268002301454544,
        -0.479695588350296,
        -0.7514451742172241,
        -0.1004163846373558,
        0.992160975933075,
        -0.07438645511865616,
        0.18919400870800018,
        0.47201648354530334,
        0.11332083493471146,
        0.8742761611938477,
        0.08427222073078156
    ],
    [
        0.8278791308403015,
        0.058699894696474075,
        -0.5578265190124512,
        -0.9665342569351196,
        -0.11366499960422516,
        0.9914320707321167,
        -0.06436394900083542,
        0.21965277194976807,
        0.5492690205574036,
        0.11669092625379562,
        0.8274580836296082,
        0.17228172719478607
    ],
    [
        0.7627365589141846,
        0.06464900821447372,
        -0.6434697508811951,
        -1.2038415670394897,
        -0.12664246559143066,
        0.9906578063964844,
        -0.050584834069013596,
        0.2586190402507782,
        0.6341881155967712,
        0.12007348984479904,
        0.7637983560562134,
        0.3179813325405121
    ],
    [
        0.6804504990577698,
        0.07166584581136703,
        -0.7292813062667847,
        -1.441079020500183,
        -0.13979947566986084,
        0.989623486995697,
        -0.033189427107572556,
        0.2689877152442932,
        0.71933513879776,
        0.124536894261837,
        0.6834086179733276,
        0.5142341256141663
    ],
    [
        0.5991610884666443,
        0.07534561306238174,
        -0.7970752120018005,
        -1.6786221265792847,
        -0.14924123883247375,
        0.988623321056366,
        -0.018732374534010887,
        0.24927297234535217,
        0.78659588098526,
        0.130180224776268,
        0.6035892963409424,
        0.6979517340660095
    ],
    [
        0.5267947316169739,
        0.07850608229637146,
        -0.8463593125343323,
        -1.9822595119476318,
        -0.15627358853816986,
        0.9876976013183594,
        -0.005652241408824921,
        0.25115126371383667,
        0.8355034589767456,
        0.13524116575717926,
        0.5325823426246643,
        0.8712419867515564
    ],
    [
        0.46062690019607544,
        0.0830206498503685,
        -0.88370281457901,
        -2.3178417682647705,
        -0.16115272045135498,
        0.986890971660614,
        0.008714518509805202,
        0.2183968424797058,
        0.8728417158126831,
        0.1383969634771347,
        0.46796754002571106,
        1.012840986251831
    ],
    [
        0.4079880118370056,
        0.08618468791246414,
        -0.9089102149009705,
        -2.6315155029296875,
        -0.16566503047943115,
        0.9859965443611145,
        0.019131097942590714,
        0.19277074933052063,
        0.8978312611579895,
        0.14276939630508423,
        0.4165525734424591,
        1.1420493125915527
    ],
    [
        0.34776005148887634,
        0.0873250663280487,
        -0.9335079193115234,
        -2.9663915634155273,
        -0.16759097576141357,
        0.9854077100753784,
        0.02974730171263218,
        0.1909140944480896,
        0.9224837422370911,
        0.14610260725021362,
        0.35732030868530273,
        1.3098326921463013
    ],
    [
        0.2720804214477539,
        0.08859839290380478,
        -0.9581870436668396,
        -3.2915399074554443,
        -0.17014949023723602,
        0.9844920039176941,
        0.042716141790151596,
        0.14713120460510254,
        0.9471121430397034,
        0.15141284465789795,
        0.2829359471797943,
        1.464792013168335
    ],
    [
        0.1882752925157547,
        0.09064394235610962,
        -0.9779244065284729,
        -3.642350435256958,
        -0.17295220494270325,
        0.9832305908203125,
        0.057838074862957,
        0.13038048148155212,
        0.9667677879333496,
        0.15824469923973083,
        0.20079509913921356,
        1.583522081375122
    ],
    [
        0.11351276189088821,
        0.090848907828331,
        -0.9893742203712463,
        -4.0239996910095215,
        -0.1748236119747162,
        0.9820995330810547,
        0.07012303173542023,
        0.1189432218670845,
        0.9780344367027283,
        0.1650061309337616,
        0.12736329436302185,
        1.687140703201294
    ],
    [
        0.0557406023144722,
        0.09048895537853241,
        -0.9943362474441528,
        -4.350904941558838,
        -0.17539402842521667,
        0.9812857508659363,
        0.07946914434432983,
        0.08983178436756134,
        0.9829190969467163,
        0.1699710190296173,
        0.07056853920221329,
        1.7752320766448975
    ],
    [
        0.011879568919539452,
        0.08954058587551117,
        -0.9959123134613037,
        -4.648840427398682,
        -0.17517252266407013,
        0.9807666540145874,
        0.0860893651843071,
        0.09203022718429565,
        0.984466016292572,
        0.17343375086784363,
        0.02733609825372696,
        1.8602052927017212
    ],
    [
        -0.037454698234796524,
        0.08885818719863892,
        -0.9953398108482361,
        -4.934829235076904,
        -0.174716055393219,
        0.9801145195960999,
        0.09407351911067963,
        0.06351782381534576,
        0.9839062094688416,
        0.1774253398180008,
        -0.021184921264648438,
        1.9503251314163208
    ],
    [
        -0.08559928089380264,
        0.08824320137500763,
        -0.9924142360687256,
        -5.194397449493408,
        -0.17364545166492462,
        0.9795041084289551,
        0.1020728275179863,
        0.026499832049012184,
        0.9810811281204224,
        0.18106557428836823,
        -0.06852174550294876,
        2.0334291458129883
    ],
    [
        -0.12470362335443497,
        0.08693350851535797,
        -0.9883783459663391,
        -5.466803550720215,
        -0.17273056507110596,
        0.9790406227111816,
        0.10790564119815826,
        0.04561788961291313,
        0.9770430326461792,
        0.1841793805360794,
        -0.10707378387451172,
        2.1108474731445312
    ],
    [
        -0.15594594180583954,
        0.08719005435705185,
        -0.9839099645614624,
        -5.70812463760376,
        -0.1724587082862854,
        0.9783934950828552,
        0.11403530091047287,
        0.051626529544591904,
        0.9725938439369202,
        0.18746717274188995,
        -0.13753992319107056,
        2.1513493061065674
    ],
    [
        -0.18989714980125427,
        0.08534426987171173,
        -0.9780875444412231,
        -5.895751476287842,
        -0.17223511636257172,
        0.9778701066970825,
        0.11876500397920609,
        0.06172311305999756,
        0.9665785431861877,
        0.1910141557455063,
        -0.17099565267562866,
        2.180079936981201
    ],
    [
        -0.23067604005336761,
        0.08436041325330734,
        -0.969366729259491,
        -6.108695030212402,
        -0.17059648036956787,
        0.9772971868515015,
        0.1256466507911682,
        0.09414996951818466,
        0.9579590559005737,
        0.19435425102710724,
        -0.2110472172498703,
        2.1996243000030518
    ],
    [
        -0.2705661356449127,
        0.08422922343015671,
        -0.9590095281600952,
        -6.348056316375732,
        -0.16907711327075958,
        0.9765238761901855,
        0.1334693878889084,
        0.11030886322259903,
        0.9477378726005554,
        0.19825886189937592,
        -0.24997301399707794,
        2.1768810749053955
    ]
]