[
    [
        0.9998119473457336,
        0.0008190855733118951,
        -0.01937173120677471,
        0.000197520392248407,
        -0.0008344463421963155,
        0.9999993443489075,
        -0.0007848578970879316,
        -0.010698153637349606,
        0.019371075555682182,
        0.0008008751319721341,
        0.9998120665550232,
        0.273159384727478
    ],
    [
        0.9995735287666321,
        0.0010556189808994532,
        -0.02918265201151371,
        0.0019050088012591004,
        -0.0011188019998371601,
        0.999997079372406,
        -0.0021488440688699484,
        -0.0084984777495265,
        0.029180297628045082,
        0.0021805777214467525,
        0.9995718598365784,
        0.3791065812110901
    ],
    [
        0.9993473887443542,
        0.0012566079385578632,
        -0.036102063953876495,
        0.005514414515346289,
        -0.0014056881191208959,
        0.9999905824661255,
        -0.0041043502278625965,
        -0.004735294729471207,
        0.036096565425395966,
        0.0041524204425513744,
        0.9993396401405334,
        0.4859580397605896
    ],
    [
        0.9992178678512573,
        0.0018137943698093295,
        -0.03950298950076103,
        -0.0005629415391013026,
        -0.0019967358093708754,
        0.9999874830245972,
        -0.004592128563672304,
        -0.004537978209555149,
        0.039494164288043976,
        0.004667414352297783,
        0.9992088675498962,
        0.5905572772026062
    ],
    [
        0.9991078972816467,
        0.0018866966711357236,
        -0.04218808561563492,
        -0.0021894853562116623,
        -0.00213989126496017,
        0.9999799728393555,
        -0.0059572067111730576,
        0.0008031761972233653,
        0.04217599704861641,
        0.006042168941348791,
        0.9990919828414917,
        0.697327733039856
    ],
    [
        0.9989912509918213,
        0.0015706579433754086,
        -0.044878385961055756,
        0.004611625801771879,
        -0.0018909618956968188,
        0.9999729990959167,
        -0.0070955934934318066,
        0.006247890647500753,
        0.04486602917313576,
        0.007173299323767424,
        0.9989672899246216,
        0.7945712208747864
    ],
    [
        0.9988464117050171,
        0.0014965315349400043,
        -0.04799521714448929,
        0.010796220041811466,
        -0.0018989753443747759,
        0.9999634027481079,
        -0.008340595290064812,
        0.012892993167042732,
        0.04798097535967827,
        0.008422115817666054,
        0.9988126754760742,
        0.8922803401947021
    ],
    [
        0.9987081289291382,
        0.0022488110698759556,
        -0.050765421241521835,
        0.00815322995185852,
        -0.0026938943192362785,
        0.9999585151672363,
        -0.008700729347765446,
        0.018450748175382614,
        0.05074375122785568,
        0.008826245553791523,
        0.9986727237701416,
        0.9957418441772461
    ],
    [
        0.9985783100128174,
        0.002621038118377328,
        -0.05323963239789009,
        0.0022848155349493027,
        -0.003168779658153653,
        0.9999428391456604,
        -0.010206427425146103,
        0.021645918488502502,
        0.05320983752608299,
        0.010360621847212315,
        0.9985295534133911,
        1.0783699750900269
    ],
    [
        0.9984492659568787,
        0.0025688963942229748,
        -0.055610254406929016,
        0.00030062985024414957,
        -0.0031810698565095663,
        0.9999353885650635,
        -0.010922552086412907,
        0.028208239004015923,
        0.05557859316468239,
        0.011082514189183712,
        0.9983928203582764,
        1.1732789278030396
    ],
    [
        0.9983837604522705,
        0.002241554670035839,
        -0.056787773966789246,
        0.0030939895659685135,
        -0.0029008155688643456,
        0.9999294281005859,
        -0.011529446579515934,
        0.03474419564008713,
        0.056757912039756775,
        0.011675543151795864,
        0.9983197450637817,
        1.2578091621398926
    ],
    [
        0.9983296394348145,
        0.0018073844257742167,
        -0.0577474981546402,
        0.01145213283598423,
        -0.002492808271199465,
        0.9999272227287292,
        -0.011799504049122334,
        0.04552233964204788,
        0.05772196874022484,
        0.011923746205866337,
        0.9982615113258362,
        1.3527719974517822
    ],
    [
        0.9982946515083313,
        0.0017705605132505298,
        -0.05834940820932388,
        0.016137585043907166,
        -0.002499993657693267,
        0.9999197125434875,
        -0.012430486269295216,
        0.04826557636260986,
        0.058322712779045105,
        0.012555161491036415,
        0.9982187151908875,
        1.4465181827545166
    ],
    [
        0.9982173442840576,
        0.0014333982253447175,
        -0.05966703221201897,
        0.024879924952983856,
        -0.002201153663918376,
        0.9999156594276428,
        -0.012803598307073116,
        0.05688539892435074,
        0.05964364483952522,
        0.012912108562886715,
        0.9981361627578735,
        1.5317784547805786
    ],
    [
        0.9981884956359863,
        0.0007113947067409754,
        -0.06016027554869652,
        0.04547615721821785,
        -0.0015083663165569305,
        0.9999117255210876,
        -0.013203092850744724,
        0.06537166237831116,
        0.06014556810259819,
        0.013269918039441109,
        0.9981013536453247,
        1.6268396377563477
    ],
    [
        0.9981625080108643,
        0.0004122795653529465,
        -0.060592152178287506,
        0.06517980992794037,
        -0.001244417275302112,
        0.9999054074287415,
        -0.013696327805519104,
        0.0791880264878273,
        0.060580767691135406,
        0.013746560551226139,
        0.9980686902999878,
        1.7091246843338013
    ],
    [
        0.9981829524040222,
        0.00044411112321540713,
        -0.06025378778576851,
        0.0835549458861351,
        -0.0012567810481414199,
        0.9999087452888489,
        -0.01345022488385439,
        0.09629102051258087,
        0.06024231016635895,
        0.013501509092748165,
        0.9980924129486084,
        1.8084216117858887
    ],
    [
        0.998153805732727,
        0.00015398541290778667,
        -0.06073682755231857,
        0.1088995411992073,
        -0.0009962685871869326,
        0.9999037384986877,
        -0.01383769977837801,
        0.10795985162258148,
        0.06072884798049927,
        0.013872665353119373,
        0.9980579614639282,
        1.8960931301116943
    ],
    [
        0.9981107115745544,
        2.2754491510568187e-05,
        -0.06144068017601967,
        0.13903045654296875,
        -0.0009506805217824876,
        0.9998859763145447,
        -0.015073614194989204,
        0.11319512128829956,
        0.061433326452970505,
        0.015103545039892197,
        0.9979968667030334,
        1.9866762161254883
    ],
    [
        0.9981080293655396,
        0.0010989001020789146,
        -0.061475638300180435,
        0.1570899486541748,
        -0.002040719147771597,
        0.9998814463615417,
        -0.015259508043527603,
        0.12319555878639221,
        0.061451587826013565,
        0.015356090851128101,
        0.9979920387268066,
        2.0738251209259033
    ],
    [
        0.9983600378036499,
        0.001773294061422348,
        -0.05721881613135338,
        0.16867463290691376,
        -0.0026684205513447523,
        0.9998751878738403,
        -0.015571310184895992,
        0.12579001486301422,
        0.05718406289815903,
        0.01569845713675022,
        0.9982401132583618,
        2.1577889919281006
    ],
    [
        0.9988254904747009,
        0.0018545232014730573,
        -0.04841659963130951,
        0.18316258490085602,
        -0.0026565026491880417,
        0.9998602271080017,
        -0.016505060717463493,
        0.13129764795303345,
        0.04837922379374504,
        0.016614295542240143,
        0.9986908435821533,
        2.243259906768799
    ],
    [
        0.9990676045417786,
        0.0019732387736439705,
        -0.04312695562839508,
        0.20265500247478485,
        -0.002702473197132349,
        0.9998542666435242,
        -0.01685725525021553,
        0.13392534852027893,
        0.04308741167187691,
        0.016958087682724,
        0.9989272952079773,
        2.322143077850342
    ],
    [
        0.9991249442100525,
        0.0024570338428020477,
        -0.041753049939870834,
        0.2163841277360916,
        -0.003176322439685464,
        0.9998475909233093,
        -0.01716960035264492,
        0.14198943972587585,
        0.04170449823141098,
        0.017287198454141617,
        0.9989803433418274,
        2.406198263168335
    ],
    [
        0.9992220401763916,
        0.003083418123424053,
        -0.039318446069955826,
        0.22447285056114197,
        -0.00372799439355731,
        0.9998597502708435,
        -0.01633097231388092,
        0.14864039421081543,
        0.039262570440769196,
        0.016464846208691597,
        0.9990932941436768,
        2.5003135204315186
    ]
]