[
    [
        0.9936438798904419,
        0.0036965180188417435,
        0.1125091165304184,
        -0.05227484554052353,
        -0.003533437382429838,
        0.9999924302101135,
        -0.0016488626133650541,
        0.03671996667981148,
        -0.11251436173915863,
        0.0012408378534018993,
        0.993649423122406,
        0.8768551349639893
    ],
    [
        0.9916203618049622,
        0.0033719304483383894,
        0.12914295494556427,
        -0.025403471663594246,
        -0.0033012672793120146,
        0.9999942779541016,
        -0.0007612298941239715,
        0.030932670459151268,
        -0.1291447877883911,
        0.0003285157436039299,
        0.9916257262229919,
        1.0107131004333496
    ],
    [
        0.9893447756767273,
        0.002528622979298234,
        0.14556998014450073,
        0.0029784487560391426,
        -0.0026504499837756157,
        0.9999962449073792,
        0.000642956409137696,
        0.018915165215730667,
        -0.14556780457496643,
        -0.001021931879222393,
        0.9893476963043213,
        1.1448272466659546
    ],
    [
        0.9869385957717896,
        0.0015747088473290205,
        0.16108950972557068,
        0.0323810949921608,
        -0.0017594922101125121,
        0.9999978542327881,
        0.001004440593533218,
        0.01108641643077135,
        -0.16108761727809906,
        -0.0012747563887387514,
        0.9869393110275269,
        1.2749053239822388
    ],
    [
        0.9844146966934204,
        0.000568385876249522,
        0.1758618801832199,
        0.0623578317463398,
        -0.0007671152125112712,
        0.9999992251396179,
        0.0010620489483699203,
        0.006544156465679407,
        -0.17586113512516022,
        -0.001180402934551239,
        0.9844142198562622,
        1.4039498567581177
    ],
    [
        0.9819092750549316,
        -0.00015741163224447519,
        0.18935199081897736,
        0.09121476113796234,
        -0.00013730855425819755,
        0.9999987483024597,
        0.00154334947001189,
        0.002980243181809783,
        -0.18935202062129974,
        -0.0015414294321089983,
        0.9819080233573914,
        1.5395724773406982
    ],
    [
        0.9787636995315552,
        -0.0010717889526858926,
        0.20498888194561005,
        0.12649132311344147,
        0.0006968469824641943,
        0.9999979734420776,
        0.0019012647680938244,
        0.00027885567396879196,
        -0.20499052107334137,
        -0.001718043233267963,
        0.9787624478340149,
        1.7131155729293823
    ],
    [
        0.9764593839645386,
        -0.002360223326832056,
        0.2156885415315628,
        0.1583966314792633,
        0.002024218440055847,
        0.9999963045120239,
        0.0017787147080525756,
        -0.001157168997451663,
        -0.2156919538974762,
        -0.0013002422638237476,
        0.9764605760574341,
        1.8447685241699219
    ],
    [
        0.9745165705680847,
        -0.005286545492708683,
        0.22425341606140137,
        0.19432425498962402,
        0.0050116837956011295,
        0.9999858736991882,
        0.0017948521999642253,
        -0.0047681089490652084,
        -0.22425973415374756,
        -0.0006252258899621665,
        0.9745292663574219,
        1.9680298566818237
    ],
    [
        0.9726712107658386,
        -0.007846973836421967,
        0.23205426335334778,
        0.23714829981327057,
        0.0077525777742266655,
        0.9999691247940063,
        0.0013187536969780922,
        -0.011847525835037231,
        -0.23205743730068207,
        0.0005163055611774325,
        0.9727019667625427,
        2.0851993560791016
    ],
    [
        0.9708571434020996,
        -0.010306531563401222,
        0.23943711817264557,
        0.2838645577430725,
        0.010522126220166683,
        0.9999445676803589,
        0.000377884425688535,
        -0.019847914576530457,
        -0.23942776024341583,
        0.002152515109628439,
        0.9709117412567139,
        2.204801082611084
    ],
    [
        0.9691290259361267,
        -0.012456103228032589,
        0.2462390661239624,
        0.33463072776794434,
        0.012935773469507694,
        0.9999163150787354,
        -0.00033046636963263154,
        -0.030320171266794205,
        -0.2462143450975418,
        0.003505556844174862,
        0.9692090749740601,
        2.3255982398986816
    ],
    [
        0.967193067073822,
        -0.014351537451148033,
        0.25363689661026,
        0.4026624858379364,
        0.015530402772128582,
        0.9998759031295776,
        -0.00264606811106205,
        -0.04644846171140671,
        -0.2535674571990967,
        0.006498340982943773,
        0.9672959446907043,
        2.467249870300293
    ],
    [
        0.9656214714050293,
        -0.013535186648368835,
        0.259599506855011,
        0.45410653948783875,
        0.01527452189475298,
        0.9998722672462463,
        -0.004683940205723047,
        -0.055981896817684174,
        -0.25950300693511963,
        0.00848817266523838,
        0.9657049775123596,
        2.5756757259368896
    ],
    [
        0.964077889919281,
        -0.012484175153076649,
        0.2653261125087738,
        0.5024058222770691,
        0.01496296375989914,
        0.9998612403869629,
        -0.007323134690523148,
        -0.05988024175167084,
        -0.26519787311553955,
        0.011030137538909912,
        0.9641308784484863,
        2.6823785305023193
    ],
    [
        0.9630240201950073,
        -0.011759186163544655,
        0.26915866136550903,
        0.5453638434410095,
        0.014600373804569244,
        0.9998568296432495,
        -0.008556325919926167,
        -0.06207914650440216,
        -0.2690195143222809,
        0.012169763445854187,
        0.963057816028595,
        2.7878451347351074
    ],
    [
        0.9622799158096313,
        -0.010754709132015705,
        0.2718488276004791,
        0.5846113562583923,
        0.013962565921247005,
        0.999853789806366,
        -0.009868571534752846,
        -0.062014807015657425,
        -0.27170297503471375,
        0.013292034156620502,
        0.9622893333435059,
        2.8932058811187744
    ],
    [
        0.961628258228302,
        -0.010218093171715736,
        0.27416548132896423,
        0.6200079321861267,
        0.013713017106056213,
        0.9998472929000854,
        -0.010833934880793095,
        -0.06121060252189636,
        -0.2740129232406616,
        0.014177853241562843,
        0.9616215229034424,
        2.99372935295105
    ],
    [
        0.9615151286125183,
        -0.01052884291857481,
        0.27455002069473267,
        0.6629971861839294,
        0.014377858489751816,
        0.9998245239257812,
        -0.012010687962174416,
        -0.061724111437797546,
        -0.2743753492832184,
        0.015495900064706802,
        0.9614978432655334,
        3.103511333465576
    ],
    [
        0.9617010354995728,
        -0.011826017871499062,
        0.2738456726074219,
        0.7007138729095459,
        0.015880391001701355,
        0.999794602394104,
        -0.012593214400112629,
        -0.06498757004737854,
        -0.27364054322242737,
        0.01645968109369278,
        0.96169114112854,
        3.1895062923431396
    ],
    [
        0.9626150727272034,
        -0.01231249887496233,
        0.2705931067466736,
        0.735212504863739,
        0.01652994379401207,
        0.9997747540473938,
        -0.013312418945133686,
        -0.06194824352860451,
        -0.27036821842193604,
        0.01728762499988079,
        0.9626018404960632,
        3.2731189727783203
    ],
    [
        0.9637442231178284,
        -0.012755916453897953,
        0.26652243733406067,
        0.7723348736763,
        0.016936618834733963,
        0.9997668266296387,
        -0.013393353670835495,
        -0.0627291202545166,
        -0.26628944277763367,
        0.01742175780236721,
        0.9637356996536255,
        3.361192464828491
    ],
    [
        0.9649154543876648,
        -0.01177237369120121,
        0.2622966170310974,
        0.8100999593734741,
        0.015838580206036568,
        0.9997848868370056,
        -0.013393433764576912,
        -0.06669436395168304,
        -0.2620824873447418,
        0.017077937722206116,
        0.9648943543434143,
        3.445697069168091
    ],
    [
        0.9664738178253174,
        -0.012462344951927662,
        0.25646260380744934,
        0.848958432674408,
        0.016124365851283073,
        0.9997957944869995,
        -0.012181024067103863,
        -0.07171355187892914,
        -0.25625839829444885,
        0.01590793766081333,
        0.9664773941040039,
        3.521437168121338
    ],
    [
        0.9686072468757629,
        -0.012273523956537247,
        0.2482927143573761,
        0.8887108564376831,
        0.015806980431079865,
        0.9998001456260681,
        -0.012242347933351994,
        -0.06775733083486557,
        -0.24809283018112183,
        0.015782784670591354,
        0.9686076045036316,
        3.608959674835205
    ]
]