[
    [
        0.9978006482124329,
        0.01257145032286644,
        0.06508418172597885,
        0.41873109340667725,
        -0.013679059222340584,
        0.9997687339782715,
        0.016600536182522774,
        -0.08560280501842499,
        -0.06486044079065323,
        -0.017454316839575768,
        0.9977416396141052,
        3.227451801300049
    ],
    [
        0.9974954724311829,
        0.015168583020567894,
        0.06908463686704636,
        0.4546853303909302,
        -0.016606144607067108,
        0.9996563196182251,
        0.020282112061977386,
        -0.10712677985429764,
        -0.06875323504209518,
        -0.021378546953201294,
        0.9974045753479004,
        3.6093063354492188
    ],
    [
        0.9972942471504211,
        0.012251675128936768,
        0.0724857747554779,
        0.49951279163360596,
        -0.013598312623798847,
        0.9997434616088867,
        0.01811371184885502,
        -0.13768063485622406,
        -0.07224524766206741,
        -0.01905038394033909,
        0.9972048997879028,
        4.136558532714844
    ],
    [
        0.9972220063209534,
        0.011473026126623154,
        0.07359865307807922,
        0.5310624837875366,
        -0.012601176276803017,
        0.9998098611831665,
        0.014882410876452923,
        -0.16057834029197693,
        -0.0734139159321785,
        -0.015768498182296753,
        0.9971769452095032,
        4.602294445037842
    ],
    [
        0.9971713423728943,
        0.01581176184117794,
        0.07347996532917023,
        0.5562993288040161,
        -0.016746776178479195,
        0.9997861385345459,
        0.012126050889492035,
        -0.18431690335273743,
        -0.07327252626419067,
        -0.01332230307161808,
        0.9972229599952698,
        5.132822513580322
    ],
    [
        0.9971786141395569,
        0.0177776962518692,
        0.07292929291725159,
        0.579978883266449,
        -0.018782587721943855,
        0.9997376203536987,
        0.013116332702338696,
        -0.20144978165626526,
        -0.07267696410417557,
        -0.014449126087129116,
        0.9972508549690247,
        5.589961051940918
    ],
    [
        0.9971687197685242,
        0.019116193056106567,
        0.07272649556398392,
        0.6068539619445801,
        -0.020134776830673218,
        0.999708890914917,
        0.013298320583999157,
        -0.22876185178756714,
        -0.07245110720396042,
        -0.014725003391504288,
        0.9972631931304932,
        6.128320217132568
    ],
    [
        0.9972053170204163,
        0.018718888983130455,
        0.0723276361823082,
        0.635201632976532,
        -0.019694002345204353,
        0.9997241497039795,
        0.01279226504266262,
        -0.25680893659591675,
        -0.0720682442188263,
        -0.014180936850607395,
        0.9972988963127136,
        6.59066915512085
    ],
    [
        0.9973105788230896,
        0.016159234568476677,
        0.07148733735084534,
        0.6638608574867249,
        -0.017073826864361763,
        0.9997798204421997,
        0.012201213277876377,
        -0.28317713737487793,
        -0.07127442210912704,
        -0.013388961553573608,
        0.9973668456077576,
        7.126715183258057
    ],
    [
        0.9973793625831604,
        0.013375374488532543,
        0.07110278308391571,
        0.6902410387992859,
        -0.0142855579033494,
        0.9998221397399902,
        0.012307878583669662,
        -0.3031802177429199,
        -0.0709255188703537,
        -0.013291365467011929,
        0.9973931312561035,
        7.585429668426514
    ],
    [
        0.9974467158317566,
        0.012792656198143959,
        0.07026027143001556,
        0.7169347405433655,
        -0.01379307545721531,
        0.9998100399971008,
        0.013772109523415565,
        -0.32699063420295715,
        -0.07007073611021042,
        -0.014706051908433437,
        0.997433602809906,
        8.109498023986816
    ],
    [
        0.9975082278251648,
        0.012422093190252781,
        0.06944800913333893,
        0.7419408559799194,
        -0.013526985421776772,
        0.9997889995574951,
        0.015462055802345276,
        -0.3444160223007202,
        -0.06924128532409668,
        -0.016362950205802917,
        0.9974657297134399,
        8.566335678100586
    ],
    [
        0.997546374797821,
        0.012632145546376705,
        0.06886062026023865,
        0.7702051997184753,
        -0.014032806269824505,
        0.999703586101532,
        0.019894858822226524,
        -0.3627927303314209,
        -0.06858889758586884,
        -0.020812353119254112,
        0.9974279403686523,
        9.086624145507812
    ],
    [
        0.9975754618644714,
        0.013631626963615417,
        0.06824426352977753,
        0.7882725596427917,
        -0.015098966658115387,
        0.9996647238731384,
        0.0210318211466074,
        -0.37920868396759033,
        -0.06793469190597534,
        -0.022011246532201767,
        0.9974468350410461,
        9.480891227722168
    ],
    [
        0.9976491928100586,
        0.01236230693757534,
        0.06740302592515945,
        0.8111419081687927,
        -0.013754925690591335,
        0.9997006058692932,
        0.020236287266016006,
        -0.40169191360473633,
        -0.06713268905878067,
        -0.02111584134399891,
        0.9975206851959229,
        9.94970703125
    ],
    [
        0.9976721405982971,
        0.01388994324952364,
        0.0667632594704628,
        0.8347864747047424,
        -0.015011562965810299,
        0.9997540712356567,
        0.016327733173966408,
        -0.43174275755882263,
        -0.06652004271745682,
        -0.017291944473981857,
        0.9976350665092468,
        10.498872756958008
    ],
    [
        0.9977473020553589,
        0.013946753926575184,
        0.06561873108148575,
        0.8585502505302429,
        -0.015030639246106148,
        0.9997581243515015,
        0.016053343191742897,
        -0.4457624554634094,
        -0.06537896394729614,
        -0.017003469169139862,
        0.9977155923843384,
        10.971336364746094
    ],
    [
        0.9977505207061768,
        0.015401515178382397,
        0.06524472683668137,
        0.8798999786376953,
        -0.016724228858947754,
        0.9996646046638489,
        0.019775675609707832,
        -0.4688555598258972,
        -0.06491825729608536,
        -0.02082236111164093,
        0.9976733326911926,
        11.504515647888184
    ],
    [
        0.9977707266807556,
        0.0164109505712986,
        0.06468575447797775,
        0.9015284180641174,
        -0.01787792332470417,
        0.999594509601593,
        0.022165212780237198,
        -0.48604273796081543,
        -0.06429576128721237,
        -0.02327224798500538,
        0.9976595044136047,
        11.972153663635254
    ],
    [
        0.9978092312812805,
        0.014972723089158535,
        0.06443917006254196,
        0.9284600019454956,
        -0.01641138643026352,
        0.9996264576911926,
        0.021854810416698456,
        -0.5066460967063904,
        -0.0640878677368164,
        -0.022864466533064842,
        0.9976822137832642,
        12.52015495300293
    ],
    [
        0.9978602528572083,
        0.010979907587170601,
        0.06445322185754776,
        0.9541174173355103,
        -0.012319253757596016,
        0.9997156262397766,
        0.02041962742805481,
        -0.5314955115318298,
        -0.0642106905579567,
        -0.02116994746029377,
        0.9977118372917175,
        13.001497268676758
    ],
    [
        0.9978323578834534,
        0.012783177196979523,
        0.06455257534980774,
        0.9827486276626587,
        -0.013900856487452984,
        0.999760627746582,
        0.016894884407520294,
        -0.559768795967102,
        -0.06432115286588669,
        -0.017755599692463875,
        0.9977712631225586,
        13.55329704284668
    ],
    [
        0.9977976679801941,
        0.0126588623970747,
        0.06511244922876358,
        1.0105470418930054,
        -0.013607808388769627,
        0.9998072981834412,
        0.014151178300380707,
        -0.585561215877533,
        -0.06492076069116592,
        -0.015006048604846,
        0.9977776408195496,
        14.04389476776123
    ],
    [
        0.9976696968078613,
        0.015191572718322277,
        0.06651560217142105,
        1.0503977537155151,
        -0.016068384051322937,
        0.9997907280921936,
        0.012666924856603146,
        -0.6128982305526733,
        -0.06630925834178925,
        -0.013706205412745476,
        0.9977050423622131,
        14.60996150970459
    ],
    [
        0.997443437576294,
        0.018996356055140495,
        0.06888925284147263,
        1.0834665298461914,
        -0.0199445653706789,
        0.999715268611908,
        0.01310260221362114,
        -0.6370341777801514,
        -0.06862073391675949,
        -0.01444307155907154,
        0.9975383877754211,
        15.098238945007324
    ]
]