[
    [
        0.9999942183494568,
        4.6220875447033904e-06,
        -0.0033903326839208603,
        0.010808191262185574,
        -1.1659126357699279e-06,
        0.9999995827674866,
        0.001019395887851715,
        -0.0026826094835996628,
        0.003390335477888584,
        -0.0010193862253800035,
        0.9999936819076538,
        0.0179050974547863
    ],
    [
        0.9999618530273438,
        -0.00018198747420683503,
        -0.008732435293495655,
        0.012053003534674644,
        0.00018658350745681673,
        0.9999998211860657,
        0.0005255616852082312,
        -0.0004996512434445322,
        0.008732338435947895,
        -0.0005271712434478104,
        0.9999617338180542,
        0.05996403843164444
    ],
    [
        0.9998330473899841,
        0.0003971313126385212,
        -0.01826779730618,
        0.008756476454436779,
        -0.0003898286959156394,
        0.9999998211860657,
        0.00040329666808247566,
        0.00064276740886271,
        0.018267953768372536,
        -0.0003961084003094584,
        0.9998331069946289,
        0.10700813680887222
    ],
    [
        0.999567449092865,
        0.0009109749225899577,
        -0.029396677389740944,
        0.005058377981185913,
        -0.0009022361482493579,
        0.9999995827674866,
        0.00031053609563969076,
        0.0009624336380511522,
        0.029396945610642433,
        -0.00028387896600179374,
        0.9995678067207336,
        0.1451788991689682
    ],
    [
        0.9990545511245728,
        0.002504867734387517,
        -0.04340123385190964,
        -0.005936570931226015,
        -0.002477680565789342,
        0.9999966025352478,
        0.0006801934796385467,
        0.002851274562999606,
        0.04340279474854469,
        -0.000572015589568764,
        0.9990575909614563,
        0.19241465628147125
    ],
    [
        0.998358964920044,
        0.004125748295336962,
        -0.057116273790597916,
        -0.01898779720067978,
        -0.004044864792376757,
        0.9999906420707703,
        0.0015316640492528677,
        0.004378946963697672,
        0.05712205916643143,
        -0.0012981228064745665,
        0.9983662962913513,
        0.23529690504074097
    ],
    [
        0.9972176551818848,
        0.005221138242632151,
        -0.07436180114746094,
        -0.037251852452754974,
        -0.0050909752026200294,
        0.9999851584434509,
        0.0019398335134610534,
        0.0025114091113209724,
        0.07437083125114441,
        -0.0015558627201244235,
        0.9972295165061951,
        0.293867826461792
    ],
    [
        0.9960525035858154,
        0.006153277587145567,
        -0.08855234831571579,
        -0.05391468480229378,
        -0.005930333863943815,
        0.9999786019325256,
        0.0027805299032479525,
        -0.0014349890407174826,
        0.08856756240129471,
        -0.002244408940896392,
        0.9960676431655884,
        0.34737643599510193
    ],
    [
        0.9944677948951721,
        0.0070857699029147625,
        -0.10480285435914993,
        -0.07481236755847931,
        -0.00678634038195014,
        0.9999718070030212,
        0.0032134021166712046,
        -0.006944195833057165,
        0.10482267290353775,
        -0.002484397031366825,
        0.9944878220558167,
        0.4159539043903351
    ],
    [
        0.9930012226104736,
        0.007710760459303856,
        -0.11785180866718292,
        -0.09314142167568207,
        -0.0073607852682471275,
        0.9999671578407288,
        0.003404588671401143,
        -0.012308789417147636,
        0.11787419021129608,
        -0.0025132789742201567,
        0.9930253028869629,
        0.47243550419807434
    ],
    [
        0.9909976720809937,
        0.008521991781890392,
        -0.13360700011253357,
        -0.1181444376707077,
        -0.008066375739872456,
        0.9999597072601318,
        0.003951048944145441,
        -0.015917768701910973,
        0.1336352825164795,
        -0.0028377564158290625,
        0.9910264611244202,
        0.5397237539291382
    ],
    [
        0.9892833828926086,
        0.009055900387465954,
        -0.14572644233703613,
        -0.1374184638261795,
        -0.008521839044988155,
        0.9999545812606812,
        0.00428867107257247,
        -0.017067421227693558,
        0.14575862884521484,
        -0.003000854281708598,
        0.9893156290054321,
        0.5962582230567932
    ],
    [
        0.9868361353874207,
        0.009450464509427547,
        -0.16144676506519318,
        -0.1576751470565796,
        -0.00872176606208086,
        0.9999483823776245,
        0.0052216812036931515,
        -0.01603514701128006,
        0.16148778796195984,
        -0.0037448436487466097,
        0.9868676662445068,
        0.6669397354125977
    ],
    [
        0.9846369028091431,
        0.009872924536466599,
        -0.17433516681194305,
        -0.1739833950996399,
        -0.009019414894282818,
        0.9999431371688843,
        0.005687403026968241,
        -0.016813090071082115,
        0.17438140511512756,
        -0.004027626011520624,
        0.9846700429916382,
        0.7293952703475952
    ],
    [
        0.981641411781311,
        0.01043946947902441,
        -0.19044987857341766,
        -0.19280725717544556,
        -0.00948310736566782,
        0.9999374747276306,
        0.005932289641350508,
        -0.02098209410905838,
        0.1904999017715454,
        -0.004017323721200228,
        0.9816790223121643,
        0.8061343431472778
    ],
    [
        0.9789186716079712,
        0.010937513783574104,
        -0.2039572298526764,
        -0.20961026847362518,
        -0.009911268018186092,
        0.999932587146759,
        0.006052494049072266,
        -0.02425484172999859,
        0.20400966703891754,
        -0.0039034250658005476,
        0.9789611101150513,
        0.8709006309509277
    ],
    [
        0.9751822352409363,
        0.011513328179717064,
        -0.22110457718372345,
        -0.2262025773525238,
        -0.010465407744050026,
        0.999927818775177,
        0.005910409148782492,
        -0.029706206172704697,
        0.22115667164325714,
        -0.003449777141213417,
        0.9752321839332581,
        0.9424337148666382
    ],
    [
        0.9719343781471252,
        0.012115300633013248,
        -0.23493994772434235,
        -0.2415780872106552,
        -0.010983890853822231,
        0.9999209642410278,
        0.006123782601207495,
        -0.03458313271403313,
        0.2349955290555954,
        -0.0033713604789227247,
        0.9719906449317932,
        0.9983848333358765
    ],
    [
        0.9678271412849426,
        0.012929591350257397,
        -0.25128376483917236,
        -0.26099348068237305,
        -0.011753103695809841,
        0.9999117255210876,
        0.006182179786264896,
        -0.03797013312578201,
        0.2513415217399597,
        -0.0030299187637865543,
        0.9678937196731567,
        1.0631814002990723
    ],
    [
        0.9638388752937317,
        0.013982176780700684,
        -0.2661185562610626,
        -0.2772429287433624,
        -0.012774757109582424,
        0.9998987913131714,
        0.006267709191888571,
        -0.039252422749996185,
        0.26617923378944397,
        -0.0026414624880999327,
        0.9639199376106262,
        1.121277928352356
    ],
    [
        0.9588345885276794,
        0.015166553668677807,
        -0.2835600972175598,
        -0.3013377785682678,
        -0.013883731327950954,
        0.9998822212219238,
        0.006533246021717787,
        -0.04364815726876259,
        0.2836257517337799,
        -0.0023274298291653395,
        0.9589321613311768,
        1.1979761123657227
    ],
    [
        0.953555703163147,
        0.01615547202527523,
        -0.30078333616256714,
        -0.3215949833393097,
        -0.014629799872636795,
        0.9998661875724792,
        0.007324147503823042,
        -0.051809828728437424,
        0.3008613884449005,
        -0.0025835807900875807,
        0.9536643028259277,
        1.2661794424057007
    ],
    [
        0.9469478130340576,
        0.016486920416355133,
        -0.32096409797668457,
        -0.3532540202140808,
        -0.014849848113954067,
        0.9998612403869629,
        0.007547890767455101,
        -0.06262223422527313,
        0.32104402780532837,
        -0.002381191123276949,
        0.9470613598823547,
        1.346544623374939
    ],
    [
        0.9412063360214233,
        0.01702047325670719,
        -0.33740323781967163,
        -0.3785007894039154,
        -0.01551412045955658,
        0.9998539686203003,
        0.007160571403801441,
        -0.07070297002792358,
        0.33747583627700806,
        -0.0015050590736791492,
        0.941332995891571,
        1.4122434854507446
    ],
    [
        0.934201180934906,
        0.016650918871164322,
        -0.3563578128814697,
        -0.4133271276950836,
        -0.015818128362298012,
        0.9998610615730286,
        0.00525116128847003,
        -0.07702663540840149,
        0.35639578104019165,
        0.0007312748348340392,
        0.9343347549438477,
        1.4943842887878418
    ]
]