[
    [
        0.9997943639755249,
        -0.0030657267197966576,
        -0.02004518173635006,
        0.03436768800020218,
        0.003798836376518011,
        0.999321460723877,
        0.03663766011595726,
        -0.0584770031273365,
        0.01991925947368145,
        -0.03670627251267433,
        0.9991275668144226,
        -0.08329752832651138
    ],
    [
        0.9995613098144531,
        -0.002227280056104064,
        -0.02953363209962845,
        0.047039858996868134,
        0.0033161453902721405,
        0.999314546585083,
        0.036871086806058884,
        -0.07271932065486908,
        0.029431266710162163,
        -0.036952849477529526,
        0.9988835453987122,
        -0.10064143687486649
    ],
    [
        0.9989637136459351,
        -3.6776840715901926e-05,
        -0.04551426321268082,
        0.05980885401368141,
        0.0020473930053412914,
        0.9990237355232239,
        0.04412968456745148,
        -0.09458310902118683,
        0.04546820744872093,
        -0.04417714104056358,
        0.9979884624481201,
        -0.12211273610591888
    ],
    [
        0.9980008602142334,
        0.002307557500898838,
        -0.06315851211547852,
        0.07082100212574005,
        0.000820733024738729,
        0.9987757205963135,
        0.049460068345069885,
        -0.11446720361709595,
        0.06319531798362732,
        -0.04941302537918091,
        0.9967771172523499,
        -0.14032994210720062
    ],
    [
        0.9967310428619385,
        0.004795619752258062,
        -0.08064880967140198,
        0.08112692832946777,
        -0.0003862867597490549,
        0.9985082149505615,
        0.05460019409656525,
        -0.13034671545028687,
        0.08079034090042114,
        -0.0543905533850193,
        0.9952459931373596,
        -0.15614299476146698
    ],
    [
        0.9951795935630798,
        0.007487134076654911,
        -0.09778279066085815,
        0.09402666985988617,
        -0.001326102064922452,
        0.9980177283287048,
        0.06292089074850082,
        -0.14084845781326294,
        0.09806005656719208,
        -0.06248793005943298,
        0.9932168126106262,
        -0.16879436373710632
    ],
    [
        0.9930722713470459,
        0.010088633745908737,
        -0.11707108467817307,
        0.10736844688653946,
        -0.0018664626404643059,
        0.9975360631942749,
        0.07013040781021118,
        -0.1541787087917328,
        0.11749015003442764,
        -0.06942605972290039,
        0.9906443357467651,
        -0.17891858518123627
    ],
    [
        0.9910432696342468,
        0.01389054860919714,
        -0.13281744718551636,
        0.11464359611272812,
        -0.0032355906441807747,
        0.9967812299728394,
        0.08010414987802505,
        -0.16399714350700378,
        0.13350263237953186,
        -0.07895693928003311,
        0.9878982901573181,
        -0.1856781244277954
    ],
    [
        0.9889234304428101,
        0.017687296494841576,
        -0.14736895263195038,
        0.12011565268039703,
        -0.004342298023402691,
        0.995897114276886,
        0.0903889611363411,
        -0.17274773120880127,
        0.14836303889751434,
        -0.08874784409999847,
        0.9849427938461304,
        -0.19269593060016632
    ],
    [
        0.9868239164352417,
        0.02218978852033615,
        -0.1602688431739807,
        0.12661212682724,
        -0.006052862852811813,
        0.9949206113815308,
        0.10048095881938934,
        -0.18244750797748566,
        0.16168442368507385,
        -0.0981869325041771,
        0.981945812702179,
        -0.1999635547399521
    ],
    [
        0.983814537525177,
        0.025775698944926262,
        -0.17732645571231842,
        0.13722576200962067,
        -0.007116931490600109,
        0.9944400787353516,
        0.10506410151720047,
        -0.19260486960411072,
        0.17904862761497498,
        -0.10210157185792923,
        0.9785279631614685,
        -0.21004971861839294
    ],
    [
        0.9792073369026184,
        0.028702622279524803,
        -0.20082122087478638,
        0.15128949284553528,
        -0.007494206540286541,
        0.9943824410438538,
        0.10558146238327026,
        -0.20586639642715454,
        0.20272356271743774,
        -0.10188114643096924,
        0.9739215970039368,
        -0.22399379312992096
    ],
    [
        0.9732820987701416,
        0.0336429663002491,
        -0.22713503241539001,
        0.16193848848342896,
        -0.008981362916529179,
        0.9940286874771118,
        0.10874885320663452,
        -0.2249232679605484,
        0.22943736612796783,
        -0.10380332171916962,
        0.9677724242210388,
        -0.23891805112361908
    ],
    [
        0.9684789180755615,
        0.03715188801288605,
        -0.24630935490131378,
        0.1694161593914032,
        -0.010611153207719326,
        0.9940706491470337,
        0.10821724683046341,
        -0.23987950384616852,
        0.248869389295578,
        -0.10219249874353409,
        0.9631306529045105,
        -0.2506660223007202
    ],
    [
        0.9626576900482178,
        0.041545480489730835,
        -0.26751473546028137,
        0.17996746301651,
        -0.011778449639678001,
        0.9936463236808777,
        0.11192991584539413,
        -0.2558378577232361,
        0.2704651653766632,
        -0.10459928959608078,
        0.9570306539535522,
        -0.26187849044799805
    ],
    [
        0.9576106071472168,
        0.04433741420507431,
        -0.28463318943977356,
        0.19105778634548187,
        -0.012742157094180584,
        0.9936367273330688,
        0.11190982162952423,
        -0.26689621806144714,
        0.28778374195098877,
        -0.10353919118642807,
        0.9520820379257202,
        -0.2710285186767578
    ],
    [
        0.9520503878593445,
        0.04644809663295746,
        -0.30239492654800415,
        0.20662586390972137,
        -0.012835787609219551,
        0.9936020374298096,
        0.11220627278089523,
        -0.27937668561935425,
        0.30567196011543274,
        -0.10294454544782639,
        0.9465553164482117,
        -0.27767178416252136
    ],
    [
        0.9457715749740601,
        0.050864752382040024,
        -0.3208252191543579,
        0.2192145138978958,
        -0.014193090610206127,
        0.9931917190551758,
        0.11562378704547882,
        -0.2962453067302704,
        0.32452207803726196,
        -0.10480020195245743,
        0.9400543570518494,
        -0.28543680906295776
    ],
    [
        0.9397004246711731,
        0.05336352065205574,
        -0.33780965209007263,
        0.23137100040912628,
        -0.01490458007901907,
        0.9932032227516174,
        0.11543480306863785,
        -0.31206363439559937,
        0.3416736125946045,
        -0.10343922674655914,
        0.9341089725494385,
        -0.2953604757785797
    ],
    [
        0.9350354075431824,
        0.054644644260406494,
        -0.3503183126449585,
        0.24090474843978882,
        -0.015690181404352188,
        0.9934611916542053,
        0.11308703571557999,
        -0.32224956154823303,
        0.35420727729797363,
        -0.10024382174015045,
        0.9297786355018616,
        -0.3026837408542633
    ],
    [
        0.9304599761962891,
        0.057683315128088,
        -0.36182427406311035,
        0.2514658570289612,
        -0.016934802755713463,
        0.9932445287704468,
        0.11479738354682922,
        -0.3349701762199402,
        0.3660019040107727,
        -0.1006869524717331,
        0.9251512289047241,
        -0.312941312789917
    ],
    [
        0.9247787594795227,
        0.05861300975084305,
        -0.37596380710601807,
        0.2703414559364319,
        -0.01666642725467682,
        0.993355929851532,
        0.11386953294277191,
        -0.3420737087726593,
        0.380140095949173,
        -0.09903814643621445,
        0.9196113348007202,
        -0.3205789029598236
    ],
    [
        0.9179611206054688,
        0.06016820669174194,
        -0.39208051562309265,
        0.29173195362091064,
        -0.01690330170094967,
        0.9934647083282471,
        0.11288096010684967,
        -0.3537009358406067,
        0.3963100016117096,
        -0.0969928726553917,
        0.912979006767273,
        -0.3285336196422577
    ],
    [
        0.9094161987304688,
        0.06398718059062958,
        -0.4109354019165039,
        0.30983349680900574,
        -0.017735138535499573,
        0.9931610226631165,
        0.11539760231971741,
        -0.3707066774368286,
        0.4155089855194092,
        -0.09765644371509552,
        0.9043315052986145,
        -0.33984896540641785
    ],
    [
        0.8999731540679932,
        0.06741438806056976,
        -0.4307011663913727,
        0.32445794343948364,
        -0.019739264622330666,
        0.9932592511177063,
        0.11422105878591537,
        -0.3899531960487366,
        0.43549811840057373,
        -0.09429416805505753,
        0.895237386226654,
        -0.34886276721954346
    ]
]