[
    [
        0.9999887347221375,
        0.004652302246540785,
        0.0010079724015668035,
        -0.08600514382123947,
        -0.004653983749449253,
        0.999987781047821,
        0.001672956976108253,
        0.07917517423629761,
        -0.0010001775808632374,
        -0.0016776291886344552,
        0.9999980926513672,
        -0.2727624773979187
    ],
    [
        0.9999872446060181,
        0.005060519557446241,
        0.0002128547930624336,
        -0.09944979101419449,
        -0.005061296280473471,
        0.9999799132347107,
        0.0038172979839146137,
        0.088154636323452,
        -0.00019353321113158017,
        -0.0038183266296982765,
        0.9999927282333374,
        -0.32752349972724915
    ],
    [
        0.9999843239784241,
        0.005512619391083717,
        -0.0009358319221064448,
        -0.1138186976313591,
        -0.0055068437941372395,
        0.9999664425849915,
        0.0060656205751001835,
        0.09736335277557373,
        0.0009692379971966147,
        -0.006060373038053513,
        0.999981164932251,
        -0.38195496797561646
    ],
    [
        0.9999781250953674,
        0.006275832187384367,
        -0.0020961167756468058,
        -0.1292419135570526,
        -0.0062581500969827175,
        0.9999457001686096,
        0.008337873965501785,
        0.10332087427377701,
        0.0021483302116394043,
        -0.008324573747813702,
        0.9999630451202393,
        -0.43663153052330017
    ],
    [
        0.9999707937240601,
        0.006916014011949301,
        -0.0032538510859012604,
        -0.14504018425941467,
        -0.006880804896354675,
        0.9999189972877502,
        0.010710403323173523,
        0.10761330276727676,
        0.0033276614267379045,
        -0.010687700472772121,
        0.9999372959136963,
        -0.49057435989379883
    ],
    [
        0.9999642372131348,
        0.007419489324092865,
        -0.004069419112056494,
        -0.1608199030160904,
        -0.007365132682025433,
        0.999885618686676,
        0.013213389553129673,
        0.112826406955719,
        0.004166990518569946,
        -0.013182945549488068,
        0.9999043941497803,
        -0.5425875782966614
    ],
    [
        0.9999676942825317,
        0.0072555881924927235,
        -0.003482820698991418,
        -0.17768925428390503,
        -0.007200025953352451,
        0.9998507499694824,
        0.01570921391248703,
        0.1203770712018013,
        0.003596279537305236,
        -0.015683630481362343,
        0.9998705387115479,
        -0.5921695828437805
    ],
    [
        0.9999706745147705,
        0.007348330691456795,
        -0.0021538282744586468,
        -0.1941714882850647,
        -0.007308454718440771,
        0.9998118281364441,
        0.017971711233258247,
        0.12758734822273254,
        0.002285484690219164,
        -0.017955442890524864,
        0.9998362064361572,
        -0.6403502225875854
    ],
    [
        0.9999723434448242,
        0.007274992298334837,
        -0.0015390769112855196,
        -0.21048523485660553,
        -0.007242386694997549,
        0.9997692704200745,
        0.020223980769515038,
        0.13532300293445587,
        0.0016858511371538043,
        -0.02021227590739727,
        0.9997943043708801,
        -0.6877661943435669
    ],
    [
        0.9999679327011108,
        0.0077966805547475815,
        -0.0018424391746520996,
        -0.2270108461380005,
        -0.0077527351677417755,
        0.9997108578681946,
        0.02276257611811161,
        0.1433270275592804,
        0.0020193797536194324,
        -0.02274756133556366,
        0.9997392296791077,
        -0.7349416017532349
    ],
    [
        0.9999632239341736,
        0.008303231559693813,
        -0.0021512031089514494,
        -0.24396538734436035,
        -0.008246500045061111,
        0.9996494054794312,
        0.025159522891044617,
        0.15217220783233643,
        0.0023593546357005835,
        -0.025140857324004173,
        0.9996812343597412,
        -0.781960129737854
    ],
    [
        0.9999555945396423,
        0.008933091536164284,
        -0.002985929138958454,
        -0.2612704336643219,
        -0.008844783529639244,
        0.9995579719543457,
        0.028383532539010048,
        0.1602814495563507,
        0.0032381617929786444,
        -0.02835586480796337,
        0.9995926022529602,
        -0.8283485770225525
    ],
    [
        0.9999513626098633,
        0.009249457158148289,
        -0.0034514188300818205,
        -0.27855899930000305,
        -0.00914251059293747,
        0.9995136857032776,
        0.029812078922986984,
        0.16830122470855713,
        0.003725485410541296,
        -0.029779070988297462,
        0.9995495676994324,
        -0.8741151094436646
    ],
    [
        0.9999532699584961,
        0.009006922133266926,
        -0.0035117603838443756,
        -0.2967770993709564,
        -0.008897299878299236,
        0.9995080828666687,
        0.030072756111621857,
        0.17747171223163605,
        0.003780896542593837,
        -0.030040105804800987,
        0.9995415210723877,
        -0.9194045662879944
    ],
    [
        0.999946117401123,
        0.00966067984700203,
        -0.0038188821636140347,
        -0.3141986131668091,
        -0.009542078711092472,
        0.9995060563087463,
        0.02994222193956375,
        0.1862022578716278,
        0.004106257110834122,
        -0.029904166236519814,
        0.9995443224906921,
        -0.9650076031684875
    ],
    [
        0.9999443292617798,
        0.009737958200275898,
        -0.0040650502778589725,
        -0.33223941922187805,
        -0.009610920213162899,
        0.999498188495636,
        0.03018106147646904,
        0.19519837200641632,
        0.004356910474598408,
        -0.030140310525894165,
        0.9995362162590027,
        -1.0116850137710571
    ],
    [
        0.9999421834945679,
        0.009886277839541435,
        -0.004247862379997969,
        -0.3501090407371521,
        -0.00975322537124157,
        0.9994938969612122,
        0.030277414247393608,
        0.20449599623680115,
        0.0045450543984770775,
        -0.030234234407544136,
        0.9995324611663818,
        -1.060782790184021
    ],
    [
        0.9999401569366455,
        0.009958592243492603,
        -0.004547751042991877,
        -0.36843764781951904,
        -0.0098143070936203,
        0.9994798898696899,
        0.030717158690094948,
        0.2119588404893875,
        0.004851288162171841,
        -0.030670685693621635,
        0.9995177984237671,
        -1.1120538711547852
    ],
    [
        0.9999406933784485,
        0.009760151617228985,
        -0.004820607602596283,
        -0.38825446367263794,
        -0.009606894105672836,
        0.9994778037071228,
        0.030853047966957092,
        0.21903859078884125,
        0.005119215697050095,
        -0.03080490417778492,
        0.9995123147964478,
        -1.1638380289077759
    ],
    [
        0.9999501705169678,
        0.009193578734993935,
        -0.00390323786996305,
        -0.4093407094478607,
        -0.009067971259355545,
        0.9994762539863586,
        0.03106292523443699,
        0.22590680420398712,
        0.004186778329312801,
        -0.03102598525583744,
        0.9995098114013672,
        -1.2160608768463135
    ],
    [
        0.9999555349349976,
        0.00879853218793869,
        -0.0034145256504416466,
        -0.43097954988479614,
        -0.008686973713338375,
        0.9994686841964722,
        0.031415730714797974,
        0.23454512655735016,
        0.0036891154013574123,
        -0.0313846692442894,
        0.9995006322860718,
        -1.2681777477264404
    ],
    [
        0.9999638199806213,
        0.008326878771185875,
        -0.00176255835685879,
        -0.45166781544685364,
        -0.008266919292509556,
        0.9994645118713379,
        0.031658995896577835,
        0.24129214882850647,
        0.002025231020525098,
        -0.031643275171518326,
        0.9994971752166748,
        -1.319743275642395
    ],
    [
        0.9999740123748779,
        0.006481614429503679,
        0.003150991629809141,
        -0.47031018137931824,
        -0.0065789236687123775,
        0.9994688034057617,
        0.031920887529850006,
        0.24718232452869415,
        -0.0029424233362078667,
        -0.03194079175591469,
        0.9994853734970093,
        -1.3700107336044312
    ],
    [
        0.9999220967292786,
        0.0030448921024799347,
        0.012106056325137615,
        -0.48866307735443115,
        -0.0034321921411901712,
        0.9994786977767944,
        0.03210125491023064,
        0.253054141998291,
        -0.012002002447843552,
        -0.032140299677848816,
        0.9994112849235535,
        -1.418271541595459
    ],
    [
        0.9998147487640381,
        8.614835678599775e-05,
        0.019247006624937057,
        -0.5057057738304138,
        -0.0007075640605762601,
        0.9994785785675049,
        0.03228191286325455,
        0.25822925567626953,
        -0.019234182313084602,
        -0.03228955343365669,
        0.9992935061454773,
        -1.4640978574752808
    ]
]