[
    [
        0.9999952912330627,
        0.0029822445940226316,
        -0.0007826683577150106,
        0.07803996652364731,
        -0.002978838514536619,
        0.9999862313270569,
        0.00431701960042119,
        0.08870735764503479,
        0.0007955326000228524,
        -0.004314668010920286,
        0.9999903440475464,
        0.40631791949272156
    ],
    [
        0.9999898076057434,
        0.003688113996759057,
        -0.0025823484174907207,
        0.0583762601017952,
        -0.0036776422057300806,
        0.9999850988388062,
        0.004048204515129328,
        0.0992116928100586,
        0.002597240498289466,
        -0.004038666840642691,
        0.9999884366989136,
        0.47700873017311096
    ],
    [
        0.9999801516532898,
        0.0047218408435583115,
        -0.004163473844528198,
        0.02057349868118763,
        -0.004700719844549894,
        0.9999762177467346,
        0.005068329628556967,
        0.10869096964597702,
        0.004187306389212608,
        -0.005048657767474651,
        0.9999785423278809,
        0.5657614469528198
    ],
    [
        0.9999658465385437,
        0.006584932096302509,
        -0.004994622897356749,
        -0.03263986110687256,
        -0.006553343031555414,
        0.9999585151672363,
        0.00631491094827652,
        0.11039027571678162,
        0.005035999231040478,
        -0.006281962618231773,
        0.9999675750732422,
        0.656416118144989
    ],
    [
        0.999957263469696,
        0.00704680010676384,
        -0.005989293102174997,
        -0.09638058394193649,
        -0.007010472472757101,
        0.9999570250511169,
        0.00606501754373312,
        0.09826228767633438,
        0.006031774450093508,
        -0.006022770889103413,
        0.999963641166687,
        0.7418724298477173
    ],
    [
        0.9999498128890991,
        0.007892744615674019,
        -0.0061694784089922905,
        -0.1591614931821823,
        -0.007864926010370255,
        0.9999588131904602,
        0.00452024070546031,
        0.09138564765453339,
        0.0062049017287790775,
        -0.004471492022275925,
        0.9999706745147705,
        0.8228276371955872
    ],
    [
        0.9999448657035828,
        0.00799563154578209,
        -0.006811417639255524,
        -0.21807549893856049,
        -0.007950910367071629,
        0.9999468326568604,
        0.006567668169736862,
        0.08856400102376938,
        0.006863567046821117,
        -0.006513148546218872,
        0.9999551773071289,
        0.8958261013031006
    ],
    [
        0.9999432563781738,
        0.007788484916090965,
        -0.007264526095241308,
        -0.2820119857788086,
        -0.007742938119918108,
        0.9999503493309021,
        0.0062768603675067425,
        0.08840285241603851,
        0.007313052657991648,
        -0.006220255047082901,
        0.9999538660049438,
        0.9656836986541748
    ],
    [
        0.9999247789382935,
        0.008055507205426693,
        -0.009250153787434101,
        -0.35894665122032166,
        -0.007987260818481445,
        0.999940812587738,
        0.007391407620161772,
        0.07168838381767273,
        0.009309140034019947,
        -0.007316965609788895,
        0.9999299645423889,
        1.0513348579406738
    ],
    [
        0.9999006986618042,
        0.008442997932434082,
        -0.011283613741397858,
        -0.42653781175613403,
        -0.008364692330360413,
        0.9999407529830933,
        0.0069689201191067696,
        0.04477567970752716,
        0.011341782286763191,
        -0.006873844191431999,
        0.9999120235443115,
        1.131091833114624
    ],
    [
        0.9998430609703064,
        0.007980714552104473,
        -0.01581386849284172,
        -0.4820297658443451,
        -0.007907794788479805,
        0.999957799911499,
        0.004668211564421654,
        0.02752712555229664,
        0.015850462019443512,
        -0.004542425740510225,
        0.9998641014099121,
        1.1961256265640259
    ],
    [
        0.9997402429580688,
        0.00837837252765894,
        -0.021197812631726265,
        -0.5389962792396545,
        -0.008275975473225117,
        0.9999536871910095,
        0.004913742188364267,
        0.011701415292918682,
        0.021237995475530624,
        -0.0047370330430567265,
        0.9997631907463074,
        1.2593519687652588
    ],
    [
        0.9996370673179626,
        0.009086685255169868,
        -0.025359272956848145,
        -0.6098393201828003,
        -0.008941230364143848,
        0.99994295835495,
        0.005843289662152529,
        -0.005198162514716387,
        0.025410912930965424,
        -0.005614425055682659,
        0.9996613264083862,
        1.3276519775390625
    ],
    [
        0.9995577335357666,
        0.010475825518369675,
        -0.027830196544528008,
        -0.6887856721878052,
        -0.010326433926820755,
        0.9999315738677979,
        0.005506317596882582,
        -0.02492463029921055,
        0.027885980904102325,
        -0.0052164955995976925,
        0.9995974898338318,
        1.4009909629821777
    ],
    [
        0.9995319247245789,
        0.010281802155077457,
        -0.028815193101763725,
        -0.7644438147544861,
        -0.010098986327648163,
        0.9999280571937561,
        0.006482746452093124,
        -0.05465288087725639,
        0.028879765421152115,
        -0.006188708823174238,
        0.9995636343955994,
        1.4663074016571045
    ],
    [
        0.9995200037956238,
        0.009595038369297981,
        -0.029455801472067833,
        -0.8216808438301086,
        -0.009432959370315075,
        0.9999396204948425,
        0.0056365132331848145,
        -0.09037113189697266,
        0.029508106410503387,
        -0.005355952773243189,
        0.9995502829551697,
        1.5310583114624023
    ],
    [
        0.9995409846305847,
        0.008206984959542751,
        -0.02916216477751732,
        -0.8609974384307861,
        -0.008027477189898491,
        0.9999481439590454,
        0.006267251446843147,
        -0.12714247405529022,
        0.02921208180487156,
        -0.006030275486409664,
        0.9995550513267517,
        1.597824215888977
    ],
    [
        0.9995412826538086,
        0.006872767582535744,
        -0.02949356660246849,
        -0.8954139947891235,
        -0.006628786213696003,
        0.9999430179595947,
        0.008362204767763615,
        -0.17282560467720032,
        0.02954934351146221,
        -0.008162863552570343,
        0.9995299577713013,
        1.6697869300842285
    ],
    [
        0.9995861053466797,
        0.0056225270964205265,
        -0.028215227648615837,
        -0.9138062000274658,
        -0.005409216973930597,
        0.9999563097953796,
        0.007630719803273678,
        -0.2320772260427475,
        0.028256895020604134,
        -0.007474938873201609,
        0.9995726943016052,
        1.7498220205307007
    ],
    [
        0.9997061491012573,
        0.004046646878123283,
        -0.023898543789982796,
        -0.9188385009765625,
        -0.0038611029740422964,
        0.9999620914459229,
        0.007804874796420336,
        -0.2868233919143677,
        0.023929208517074585,
        -0.007710311561822891,
        0.9996839761734009,
        1.8246572017669678
    ],
    [
        0.9998498558998108,
        0.002264253329485655,
        -0.01718120090663433,
        -0.9101399183273315,
        -0.0021328420843929052,
        0.9999683499336243,
        0.00766301155090332,
        -0.34106510877609253,
        0.017198020592331886,
        -0.007625211030244827,
        0.9998230338096619,
        1.885980248451233
    ],
    [
        0.9999868869781494,
        0.0006680387305095792,
        -0.00508975749835372,
        -0.8795500993728638,
        -0.0006400014390237629,
        0.9999846816062927,
        0.005508268252015114,
        -0.3938036262989044,
        0.005093373358249664,
        -0.005504933651536703,
        0.999971866607666,
        1.9324524402618408
    ],
    [
        0.9997243285179138,
        -0.0028804726898670197,
        0.02330385521054268,
        -0.8321706056594849,
        0.0028209532611072063,
        0.9999926686286926,
        0.00258653424680233,
        -0.4444461762905121,
        -0.02331114001572132,
        -0.002520086010918021,
        0.9997251033782959,
        1.9659950733184814
    ],
    [
        0.9964694380760193,
        -0.0092728640884161,
        0.08344244956970215,
        -0.7783775925636292,
        0.009447954595088959,
        0.9999539256095886,
        -0.0017036994686350226,
        -0.4947483539581299,
        -0.08342281728982925,
        0.0024860394187271595,
        0.9965111017227173,
        1.9898837804794312
    ],
    [
        0.9818899631500244,
        -0.016384007409214973,
        0.18874236941337585,
        -0.7271451354026794,
        0.017446566373109818,
        0.9998399019241333,
        -0.003969433251768351,
        -0.5407270193099976,
        -0.18864722549915314,
        0.007190436590462923,
        0.9820186495780945,
        2.002410411834717
    ]
]