[
    [
        0.9999484419822693,
        -0.009643209166824818,
        -0.0031874815467745066,
        -0.7566213607788086,
        0.009645907208323479,
        0.9999531507492065,
        0.000832516816444695,
        -0.009507588110864162,
        0.0031793045345693827,
        -0.0008632192038930953,
        0.9999945163726807,
        -0.03985416516661644
    ],
    [
        0.9999381303787231,
        -0.010044306516647339,
        -0.004772758111357689,
        -0.7530366778373718,
        0.010047759860754013,
        0.9999492764472961,
        0.0006997418240644038,
        -0.008652595803141594,
        0.0047654882073402405,
        -0.0007476542377844453,
        0.9999884366989136,
        -0.04175635427236557
    ],
    [
        0.9999268054962158,
        -0.010319865308701992,
        -0.006325117312371731,
        -0.7492642402648926,
        0.010323340073227882,
        0.9999465346336365,
        0.000517157546710223,
        -0.008335709571838379,
        0.006319442298263311,
        -0.0005824154359288514,
        0.9999798536300659,
        -0.04367051646113396
    ],
    [
        0.999907910823822,
        -0.011129185557365417,
        -0.007766702212393284,
        -0.7456458806991577,
        0.011131707578897476,
        0.9999380111694336,
        0.0002815252810250968,
        -0.007436877582222223,
        0.0077630882151424885,
        -0.0003679557703435421,
        0.9999698400497437,
        -0.0454021580517292
    ],
    [
        0.9998822808265686,
        -0.011550660245120525,
        -0.010110093280673027,
        -0.7401162981987,
        0.01155151054263115,
        0.9999332427978516,
        2.5713172362884507e-05,
        -0.00703447125852108,
        0.010109120979905128,
        -0.00014249679225031286,
        0.9999488592147827,
        -0.0476575642824173
    ],
    [
        0.9998601078987122,
        -0.012019778601825237,
        -0.011640175245702267,
        -0.7368646860122681,
        0.01201662514358759,
        0.9999276995658875,
        -0.00034100632183253765,
        -0.005704338662326336,
        0.011643433943390846,
        0.00020108364697080106,
        0.9999321699142456,
        -0.048832107335329056
    ],
    [
        0.9998401999473572,
        -0.011970004998147488,
        -0.01327946875244379,
        -0.7325425744056702,
        0.011967310681939125,
        0.9999282956123352,
        -0.0002824216498993337,
        -0.005475188139826059,
        0.013281897641718388,
        0.00012345635332167149,
        0.9999117851257324,
        -0.0513167530298233
    ],
    [
        0.9998136758804321,
        -0.012147354893386364,
        -0.015002327971160412,
        -0.7284031510353088,
        0.012140721082687378,
        0.9999261498451233,
        -0.0005331434076651931,
        -0.004940464161336422,
        0.015007696114480495,
        0.0003509055241011083,
        0.999887228012085,
        -0.05317724868655205
    ],
    [
        0.999765932559967,
        -0.012624888680875301,
        -0.01757003925740719,
        -0.7225012183189392,
        0.012614094652235508,
        0.999920129776001,
        -0.0007250388152897358,
        -0.0038351649418473244,
        0.01757778972387314,
        0.0005032391054555774,
        0.9998453855514526,
        -0.05625211074948311
    ],
    [
        0.9997206926345825,
        -0.013303318060934544,
        -0.01953130215406418,
        -0.7180545926094055,
        0.013284352608025074,
        0.9999111890792847,
        -0.001100484048947692,
        -0.0027330464217811823,
        0.01954420655965805,
        0.0008407160639762878,
        0.9998086094856262,
        -0.05803938955068588
    ],
    [
        0.9996729493141174,
        -0.013844710774719715,
        -0.021500924602150917,
        -0.7130109071731567,
        0.013823405839502811,
        0.9999037981033325,
        -0.001139219501055777,
        -0.002090975409373641,
        0.02151462808251381,
        0.0008416313794441521,
        0.9997681975364685,
        -0.06072787940502167
    ],
    [
        0.9996231198310852,
        -0.01411545928567648,
        -0.023549191653728485,
        -0.7079132795333862,
        0.014092369936406612,
        0.9998999834060669,
        -0.0011461969697847962,
        -0.0018023033626377583,
        0.023563018068671227,
        0.0008139008423313498,
        0.9997219443321228,
        -0.06303119659423828
    ],
    [
        0.9995453357696533,
        -0.014368104748427868,
        -0.026505932211875916,
        -0.7005917429924011,
        0.014329672791063786,
        0.9998959898948669,
        -0.0016393588157370687,
        -0.000327956338878721,
        0.02652672864496708,
        0.001258791540749371,
        0.9996473789215088,
        -0.06606492400169373
    ],
    [
        0.9994843602180481,
        -0.014552928507328033,
        -0.028623005375266075,
        -0.6956662535667419,
        0.014503516256809235,
        0.9998930096626282,
        -0.0019331519724801183,
        0.0004393440030980855,
        0.028648072853684425,
        0.0015170217957347631,
        0.9995883107185364,
        -0.06760644167661667
    ],
    [
        0.999413788318634,
        -0.015366975218057632,
        -0.03059009648859501,
        -0.690896213054657,
        0.015310611575841904,
        0.9998806715011597,
        -0.0020759007893502712,
        0.001632487983442843,
        0.030618345364928246,
        0.0016063312068581581,
        0.9995298385620117,
        -0.06984440237283707
    ],
    [
        0.9993417859077454,
        -0.01566002145409584,
        -0.03272422030568123,
        -0.6853398084640503,
        0.015597379766404629,
        0.9998760223388672,
        -0.0021685906685888767,
        0.002302434528246522,
        0.03275412693619728,
        0.0016567511484026909,
        0.9994620680809021,
        -0.07265333086252213
    ],
    [
        0.9992260336875916,
        -0.01630060374736786,
        -0.035802338272333145,
        -0.677706778049469,
        0.01622629724442959,
        0.9998655915260315,
        -0.0023650762159377337,
        0.0033266921527683735,
        0.03583608195185661,
        0.0017823058879002929,
        0.9993560910224915,
        -0.07599476724863052
    ],
    [
        0.9991503357887268,
        -0.016284117475152016,
        -0.03786187246441841,
        -0.6724090576171875,
        0.016202662140130997,
        0.9998656511306763,
        -0.002457245020195842,
        0.0038850377313792706,
        0.03789680451154709,
        0.00184169365093112,
        0.9992799162864685,
        -0.07886010408401489
    ],
    [
        0.9990853071212769,
        -0.016203470528125763,
        -0.03957407549023628,
        -0.667974591255188,
        0.0161183699965477,
        0.9998670816421509,
        -0.0024685359094291925,
        0.004664395470172167,
        0.03960881009697914,
        0.0018284075194969773,
        0.9992135763168335,
        -0.08158039301633835
    ],
    [
        0.999008297920227,
        -0.016266942024230957,
        -0.04144584760069847,
        -0.6631146669387817,
        0.016176549717783928,
        0.9998658895492554,
        -0.002515419153496623,
        0.005334008485078812,
        0.04148121178150177,
        0.0018424743320792913,
        0.9991375207901001,
        -0.08402172476053238
    ],
    [
        0.9988879561424255,
        -0.017273640260100365,
        -0.04386875405907631,
        -0.6569479703903198,
        0.017168449237942696,
        0.9998487234115601,
        -0.0027735026087611914,
        0.006653458345681429,
        0.04391002282500267,
        0.0020172600634396076,
        0.9990334510803223,
        -0.0869644358754158
    ],
    [
        0.9988019466400146,
        -0.017976393923163414,
        -0.04551423341035843,
        -0.6532911062240601,
        0.017855308949947357,
        0.9998358488082886,
        -0.0030655283480882645,
        0.007488772738724947,
        0.04556187242269516,
        0.0022491845302283764,
        0.998958945274353,
        -0.08786354959011078
    ],
    [
        0.9987256526947021,
        -0.017780378460884094,
        -0.0472315177321434,
        -0.6485375761985779,
        0.017654160037636757,
        0.9998393654823303,
        -0.003088184865191579,
        0.007550475653260946,
        0.04727884382009506,
        0.00225041713565588,
        0.9988792538642883,
        -0.09003692865371704
    ],
    [
        0.9986390471458435,
        -0.01838614232838154,
        -0.048807259649038315,
        -0.6449015736579895,
        0.018239835277199745,
        0.9998276829719543,
        -0.0034413926769047976,
        0.008924813941121101,
        0.04886212199926376,
        0.0025464724749326706,
        0.9988021850585938,
        -0.09117573499679565
    ],
    [
        0.9985082149505615,
        -0.01830919273197651,
        -0.05144069343805313,
        -0.6379226446151733,
        0.018152501434087753,
        0.9998290538787842,
        -0.0035116947256028652,
        0.009706453420221806,
        0.05149619281291962,
        0.0025726782623678446,
        0.9986698627471924,
        -0.0943048745393753
    ]
]