[
    [
        0.9960508942604065,
        0.0050605484284460545,
        -0.08863973617553711,
        0.12725622951984406,
        -0.005167995113879442,
        0.9999861717224121,
        -0.000982720055617392,
        0.02361258678138256,
        0.08863353729248047,
        0.001436928752809763,
        0.9960631728172302,
        0.20163314044475555
    ],
    [
        0.9876468181610107,
        0.0080962423235178,
        -0.1564875841140747,
        0.1563974767923355,
        -0.008395934477448463,
        0.9999639987945557,
        -0.0012541997712105513,
        0.010698490776121616,
        0.15647177398204803,
        0.002552565885707736,
        0.9876790642738342,
        0.3544268012046814
    ],
    [
        0.9758166074752808,
        0.012549391016364098,
        -0.21823038160800934,
        0.15699882805347443,
        -0.012942265719175339,
        0.9999161958694458,
        -0.00037089496618136764,
        -0.001727804890833795,
        0.218207448720932,
        0.0031863213516771793,
        0.9758972525596619,
        0.4853072464466095
    ],
    [
        0.9640911817550659,
        0.015048169530928135,
        -0.26514482498168945,
        0.13561564683914185,
        -0.015625206753611565,
        0.9998778700828552,
        -6.709803710691631e-05,
        -0.010783558711409569,
        0.26511144638061523,
        0.004207631107419729,
        0.9642084836959839,
        0.5846481919288635
    ],
    [
        0.9470216631889343,
        0.01664966531097889,
        -0.32073771953582764,
        0.09771113097667694,
        -0.017856953665614128,
        0.9998401999473572,
        -0.000822854635771364,
        -0.04145558550953865,
        0.3206727206707001,
        0.006506660021841526,
        0.9471677541732788,
        0.7047504782676697
    ],
    [
        0.9281324744224548,
        0.018628433346748352,
        -0.37178370356559753,
        0.057528477162122726,
        -0.019258612766861916,
        0.9998124837875366,
        0.002018365543335676,
        -0.07297543436288834,
        0.3717515766620636,
        0.005286728963255882,
        0.9283172488212585,
        0.8109681010246277
    ],
    [
        0.9050519466400146,
        0.02084100991487503,
        -0.42478999495506287,
        -0.006484992802143097,
        -0.021292710676789284,
        0.9997665286064148,
        0.003684485098347068,
        -0.0938258171081543,
        0.4247675836086273,
        0.005710281431674957,
        0.9052844047546387,
        0.9194151163101196
    ],
    [
        0.887133777141571,
        0.023282812908291817,
        -0.46092474460601807,
        -0.11552883684635162,
        -0.023327354341745377,
        0.9997122287750244,
        0.0056009734980762005,
        -0.10641445219516754,
        0.4609224796295166,
        0.0057833390310406685,
        0.8874214887619019,
        1.0460652112960815
    ],
    [
        0.8741615414619446,
        0.024923868477344513,
        -0.48499536514282227,
        -0.23975436389446259,
        -0.025276953354477882,
        0.9996634721755981,
        0.005813139490783215,
        -0.13209551572799683,
        0.484977126121521,
        0.007177581544965506,
        0.8744973540306091,
        1.1498138904571533
    ],
    [
        0.8589268922805786,
        0.02637568674981594,
        -0.5114184617996216,
        -0.3657980263233185,
        -0.026463452726602554,
        0.999624490737915,
        0.0071088774129748344,
        -0.1417531669139862,
        0.5114139318466187,
        0.007427897769957781,
        0.8593024015426636,
        1.255210518836975
    ],
    [
        0.8367105722427368,
        0.028064152225852013,
        -0.5469257235527039,
        -0.4979507327079773,
        -0.027528295293450356,
        0.9995788931846619,
        0.009176962077617645,
        -0.13896054029464722,
        0.546953022480011,
        0.007377468515187502,
        0.8371309041976929,
        1.3844724893569946
    ],
    [
        0.8034505844116211,
        0.029192935675382614,
        -0.5946552157402039,
        -0.6400753259658813,
        -0.028895458206534386,
        0.9995321035385132,
        0.010028000921010971,
        -0.1434420645236969,
        0.5946698188781738,
        0.009125834330916405,
        0.8039183020591736,
        1.524627923965454
    ],
    [
        0.7739577889442444,
        0.03065829537808895,
        -0.6324946880340576,
        -0.809110164642334,
        -0.031172331422567368,
        0.9994609951972961,
        0.010301590897142887,
        -0.1255425214767456,
        0.6324695348739624,
        0.011743335984647274,
        0.7744962573051453,
        1.6497550010681152
    ],
    [
        0.7484344244003296,
        0.031970780342817307,
        -0.6624376773834229,
        -0.9925874471664429,
        -0.032397251576185226,
        0.9994073510169983,
        0.011630702763795853,
        -0.10424666106700897,
        0.6624170541763306,
        0.012756348587572575,
        0.7490266561508179,
        1.756901502609253
    ],
    [
        0.725195586681366,
        0.03149360045790672,
        -0.6878222823143005,
        -1.1610052585601807,
        -0.032580096274614334,
        0.9994040131568909,
        0.011409761384129524,
        -0.07599318772554398,
        0.6877716779708862,
        0.014135006815195084,
        0.7257894277572632,
        1.8799751996994019
    ],
    [
        0.7054466009140015,
        0.031209571287035942,
        -0.708075761795044,
        -1.2862030267715454,
        -0.03264516592025757,
        0.9994005560874939,
        0.011526227928698063,
        -0.030397474765777588,
        0.7080109119415283,
        0.014984112232923508,
        0.706042468547821,
        2.0168423652648926
    ],
    [
        0.6800493001937866,
        0.02951030246913433,
        -0.7325721979141235,
        -1.396309494972229,
        -0.03220989555120468,
        0.9994273781776428,
        0.010359514504671097,
        0.019339893013238907,
        0.7324585318565369,
        0.016551097854971886,
        0.6806104779243469,
        2.167271137237549
    ],
    [
        0.6543729305267334,
        0.029105765745043755,
        -0.7556114196777344,
        -1.489286184310913,
        -0.032772257924079895,
        0.9994117021560669,
        0.01011546142399311,
        0.06958866119384766,
        0.7554614543914795,
        0.01814381591975689,
        0.6549419164657593,
        2.2711567878723145
    ],
    [
        0.6308382749557495,
        0.04851088300347328,
        -0.7743962407112122,
        -1.6091134548187256,
        -0.03446881100535393,
        0.9988104701042175,
        0.03449000045657158,
        0.1447426825761795,
        0.7751484513282776,
        0.004934919066727161,
        0.6317601203918457,
        2.383089303970337
    ],
    [
        0.613288164138794,
        0.06133028492331505,
        -0.7874747514724731,
        -1.7258625030517578,
        -0.03535033017396927,
        0.9981131553649902,
        0.0502043254673481,
        0.2024185210466385,
        0.7890678644180298,
        -0.0029522357508540154,
        0.6142991781234741,
        2.480393171310425
    ],
    [
        0.5993378162384033,
        0.06972654908895493,
        -0.7974535822868347,
        -1.8262732028961182,
        -0.03629457205533981,
        0.9975416660308838,
        0.05994383618235588,
        0.2484249472618103,
        0.7996729612350464,
        -0.006983358878642321,
        0.6003953814506531,
        2.549980401992798
    ],
    [
        0.5825803279876709,
        0.07757795602083206,
        -0.8090626001358032,
        -1.9387218952178955,
        -0.036564845591783524,
        0.9969280958175659,
        0.06926251947879791,
        0.31422704458236694,
        0.8119502067565918,
        -0.01076775137335062,
        0.5836273431777954,
        2.626420259475708
    ],
    [
        0.565345287322998,
        0.08454065024852753,
        -0.8205106258392334,
        -2.0353074073791504,
        -0.03658929839730263,
        0.9963250160217285,
        0.07744491845369339,
        0.35838907957077026,
        0.8240423798561096,
        -0.01376121025532484,
        0.5663607120513916,
        2.7060837745666504
    ],
    [
        0.552095353603363,
        0.08938361704349518,
        -0.8289763927459717,
        -2.1309564113616943,
        -0.03679434582591057,
        0.9958804249763489,
        0.08287502825260162,
        0.38659149408340454,
        0.8329687714576721,
        -0.015253278426826,
        0.5531098246574402,
        2.7777678966522217
    ],
    [
        0.5448019504547119,
        0.09432414919137955,
        -0.8332430124282837,
        -2.236494541168213,
        -0.03826327994465828,
        0.9954149723052979,
        0.0876644179224968,
        0.41148003935813904,
        0.8376912474632263,
        -0.01587715372443199,
        0.5459128618240356,
        2.84084153175354
    ]
]