[
    [
        0.6086511015892029,
        -0.06633393466472626,
        0.7906603217124939,
        0.49980008602142334,
        0.0498335137963295,
        0.9977276921272278,
        0.04534434899687767,
        0.007878527976572514,
        -0.7918714880943298,
        0.011802487075328827,
        0.6105736494064331,
        0.0801711231470108
    ],
    [
        0.563132107257843,
        -0.06960052251815796,
        0.8234307169914246,
        0.540381669998169,
        0.0547032356262207,
        0.9974009394645691,
        0.046894628554582596,
        0.006832849234342575,
        -0.8245543241500854,
        0.01863645389676094,
        0.5654758810997009,
        0.1083725169301033
    ],
    [
        0.5245439410209656,
        -0.07271992415189743,
        0.8482720255851746,
        0.5892082452774048,
        0.060218967497348785,
        0.9970192313194275,
        0.04823412373661995,
        0.010431728325784206,
        -0.8492510318756104,
        0.02578115090727806,
        0.5273594856262207,
        0.14132674038410187
    ],
    [
        0.48534518480300903,
        -0.07485067844390869,
        0.8711127042770386,
        0.6482778787612915,
        0.06402689218521118,
        0.9966963529586792,
        0.049968570470809937,
        0.009099630638957024,
        -0.8719751238822937,
        0.031522639095783234,
        0.48853424191474915,
        0.17672398686408997
    ],
    [
        0.45092707872390747,
        -0.07535445690155029,
        0.8893741369247437,
        0.7057158350944519,
        0.06702075153589249,
        0.996475338935852,
        0.05044826865196228,
        0.005657631903886795,
        -0.8900409936904907,
        0.03685804083943367,
        0.4543880224227905,
        0.20824751257896423
    ],
    [
        0.41874662041664124,
        -0.0735558345913887,
        0.9051192402839661,
        0.7602739334106445,
        0.06845959275960922,
        0.9964348673820496,
        0.04930441826581955,
        -0.0044631678611040115,
        -0.9055189490318298,
        0.04131803289055824,
        0.42228931188583374,
        0.23387305438518524
    ],
    [
        0.3893906772136688,
        -0.0710444375872612,
        0.9183286428451538,
        0.8228307366371155,
        0.0681135356426239,
        0.9965119957923889,
        0.04821134731173515,
        -0.014714150689542294,
        -0.9185506701469421,
        0.04377755895256996,
        0.39287155866622925,
        0.2669433355331421
    ],
    [
        0.36226361989974976,
        -0.06797883659601212,
        0.9295933842658997,
        0.8902772665023804,
        0.06718659400939941,
        0.9966469407081604,
        0.04669959843158722,
        -0.023408126085996628,
        -0.9296510815620422,
        0.045538656413555145,
        0.36561617255210876,
        0.300935834646225
    ],
    [
        0.3390273153781891,
        -0.06334184110164642,
        0.9386417269706726,
        0.9515891671180725,
        0.06597349047660828,
        0.9968753457069397,
        0.04344266653060913,
        -0.025336841121315956,
        -0.9384604096412659,
        0.04719722270965576,
        0.3421468138694763,
        0.3238368332386017
    ],
    [
        0.3228716552257538,
        -0.0575021393597126,
        0.9446943402290344,
        1.01580810546875,
        0.06447892636060715,
        0.9971699118614197,
        0.038659051060676575,
        -0.026054412126541138,
        -0.9442437887191772,
        0.04843096435070038,
        0.3256656229496002,
        0.3388220965862274
    ],
    [
        0.30880895256996155,
        -0.053547024726867676,
        0.949615478515625,
        1.0861570835113525,
        0.06189868971705437,
        0.9974288940429688,
        0.03611405938863754,
        -0.02643810212612152,
        -0.949107825756073,
        0.04762761667370796,
        0.3113294839859009,
        0.35109516978263855
    ],
    [
        0.29984214901924133,
        -0.05121134966611862,
        0.9526132941246033,
        1.1515392065048218,
        0.06075136736035347,
        0.9975563883781433,
        0.03450548276305199,
        -0.022130850702524185,
        -0.9520524740219116,
        0.04752635955810547,
        0.3022206127643585,
        0.3521219491958618
    ],
    [
        0.2954487204551697,
        -0.05289650335907936,
        0.9538931846618652,
        1.2068226337432861,
        0.061647992581129074,
        0.9974405765533447,
        0.03621716424822807,
        -0.015923481434583664,
        -0.9533675312995911,
        0.04810527712106705,
        0.2979535162448883,
        0.3458182215690613
    ],
    [
        0.29323679208755493,
        -0.05514339730143547,
        0.9544482231140137,
        1.2615195512771606,
        0.062402963638305664,
        0.997310221195221,
        0.038447584956884384,
        -0.010161854326725006,
        -0.9540010690689087,
        0.048286158591508865,
        0.29588913917541504,
        0.33506929874420166
    ],
    [
        0.29347825050354004,
        -0.05777030065655708,
        0.9542185664176941,
        1.319642186164856,
        0.06337342411279678,
        0.9971522688865662,
        0.040878549218177795,
        -0.011449746787548065,
        -0.9538627862930298,
        0.04847513511776924,
        0.2963036000728607,
        0.32348328828811646
    ],
    [
        0.2936127781867981,
        -0.05935288220643997,
        0.9540799856185913,
        1.3845815658569336,
        0.06291988492012024,
        0.9971061944961548,
        0.042666275054216385,
        -0.008767135441303253,
        -0.9538514018058777,
        0.04750325158238411,
        0.2964976131916046,
        0.312874436378479
    ],
    [
        0.2939987778663635,
        -0.060121480375528336,
        0.9539130330085754,
        1.4417829513549805,
        0.0633276104927063,
        0.9970520734786987,
        0.0433226116001606,
        -6.882846355438232e-05,
        -0.9537056088447571,
        0.047672245651483536,
        0.2969394624233246,
        0.29984501004219055
    ],
    [
        0.298313170671463,
        -0.05865107476711273,
        0.952664315700531,
        1.4994728565216064,
        0.0635194182395935,
        0.9971174597740173,
        0.04149765521287918,
        0.03063315525650978,
        -0.9523521065711975,
        0.04813338816165924,
        0.3011787533760071,
        0.28636908531188965
    ],
    [
        0.307918518781662,
        -0.05590048432350159,
        0.9497690796852112,
        1.5637527704238892,
        0.06456725299358368,
        0.997198760509491,
        0.037759117782115936,
        0.09099933505058289,
        -0.9492192268371582,
        0.04969724640250206,
        0.3106652796268463,
        0.2654314339160919
    ],
    [
        0.3187347948551178,
        -0.05148760601878166,
        0.946444571018219,
        1.627156376838684,
        0.06388261169195175,
        0.9974200129508972,
        0.03274694085121155,
        0.16307860612869263,
        -0.9456887245178223,
        0.05002375692129135,
        0.3212015926837921,
        0.24070343375205994
    ],
    [
        0.3303193151950836,
        -0.048407357186079025,
        0.9426271319389343,
        1.683137059211731,
        0.06234877184033394,
        0.9976217150688171,
        0.029383018612861633,
        0.21786047518253326,
        -0.9418076872825623,
        0.049065861850976944,
        0.3325519561767578,
        0.2245573103427887
    ],
    [
        0.3431478440761566,
        -0.04571069777011871,
        0.938168466091156,
        1.7459676265716553,
        0.05917278304696083,
        0.997883141040802,
        0.02697695605456829,
        0.27112913131713867,
        -0.9374157190322876,
        0.046256955713033676,
        0.34512633085250854,
        0.21819616854190826
    ],
    [
        0.36132386326789856,
        -0.04482463374733925,
        0.9313624501228333,
        1.812557578086853,
        0.0582575723528862,
        0.997977614402771,
        0.025429559871554375,
        0.3134985864162445,
        -0.9306187033653259,
        0.045070599764585495,
        0.3632045090198517,
        0.20750932395458221
    ],
    [
        0.3800095021724701,
        -0.04398106411099434,
        0.9239364266395569,
        1.8760462999343872,
        0.05668526515364647,
        0.9980987906455994,
        0.024197015911340714,
        0.3458620011806488,
        -0.923244059085846,
        0.04317848011851311,
        0.38178008794784546,
        0.18887542188167572
    ],
    [
        0.4044242203235626,
        -0.05061466991901398,
        0.913169801235199,
        1.938598394393921,
        0.061079271137714386,
        0.9977330565452576,
        0.028251035138964653,
        0.3617435395717621,
        -0.9125295877456665,
        0.04435034841299057,
        0.40659892559051514,
        0.16432629525661469
    ]
]