[
    [
        0.9999910593032837,
        -0.0015598027966916561,
        -0.003926503472030163,
        0.01722821407020092,
        0.001558450167067349,
        0.9999986886978149,
        -0.00034731137566268444,
        -0.03510436788201332,
        0.003927039913833141,
        0.00034118961775675416,
        0.9999922513961792,
        0.3146924376487732
    ],
    [
        0.9999876022338867,
        -0.0022297033574432135,
        -0.004454019013792276,
        0.03205304220318794,
        0.002248975681141019,
        0.9999881386756897,
        0.004326733760535717,
        -0.05489622429013252,
        0.004444318823516369,
        -0.004336697515100241,
        0.9999806880950928,
        0.5672777891159058
    ],
    [
        0.9999898076057434,
        -0.002119205193594098,
        -0.003997442778199911,
        0.0216022077947855,
        0.0021309899166226387,
        0.9999934434890747,
        0.0029461670201271772,
        -0.09907820075750351,
        0.003991172183305025,
        -0.00295465555973351,
        0.9999877214431763,
        0.7838748097419739
    ],
    [
        0.9999929666519165,
        -0.0017772192368283868,
        -0.003324957098811865,
        -0.016179770231246948,
        0.001801846083253622,
        0.9999709129333496,
        0.007418425288051367,
        -0.10911557078361511,
        0.003311675973236561,
        -0.007424362935125828,
        0.9999668598175049,
        0.9962104558944702
    ],
    [
        0.9999604225158691,
        -0.002873747842386365,
        0.008419260382652283,
        -0.08021845668554306,
        0.002782571129500866,
        0.9999376535415649,
        0.01082118321210146,
        -0.20367515087127686,
        -0.008449831046164036,
        -0.01079732645303011,
        0.9999059438705444,
        1.1917011737823486
    ],
    [
        0.9992746710777283,
        -0.006982292048633099,
        0.03743397071957588,
        -0.10599136352539062,
        0.00645290594547987,
        0.9998778104782104,
        0.01424408983439207,
        -0.28599298000335693,
        -0.03752885386347771,
        -0.013992196880280972,
        0.9991976618766785,
        1.3450031280517578
    ],
    [
        0.9976438879966736,
        -0.011024179868400097,
        0.06771445274353027,
        -0.12148304283618927,
        0.010019413195550442,
        0.9998348355293274,
        0.01516003254801035,
        -0.3233714997768402,
        -0.06787040084600449,
        -0.014445849694311619,
        0.9975895881652832,
        1.5794874429702759
    ],
    [
        0.9952032566070557,
        -0.014215853996574879,
        0.09679003059864044,
        -0.1590677797794342,
        0.012395871803164482,
        0.999735414981842,
        0.01937882788479328,
        -0.35967764258384705,
        -0.09703990072011948,
        -0.01808607392013073,
        0.995116114616394,
        1.7711330652236938
    ],
    [
        0.9913424849510193,
        -0.018439022824168205,
        0.12999993562698364,
        -0.2189883440732956,
        0.015870921313762665,
        0.999658465385437,
        0.020763136446475983,
        -0.3946464955806732,
        -0.1303383857011795,
        -0.018520155921578407,
        0.9912965893745422,
        1.940549612045288
    ],
    [
        0.9828808903694153,
        -0.025053707882761955,
        0.18253082036972046,
        -0.26332902908325195,
        0.02130499854683876,
        0.999520480632782,
        0.022469740360975266,
        -0.4718116521835327,
        -0.18300625681877136,
        -0.018196256831288338,
        0.9829432964324951,
        2.102006196975708
    ],
    [
        0.9734265208244324,
        -0.03110070340335369,
        0.22687788307666779,
        -0.2628197968006134,
        0.026128225028514862,
        0.9993487000465393,
        0.024888018146157265,
        -0.5455398559570312,
        -0.227504163980484,
        -0.018298739567399025,
        0.9736050963401794,
        2.255743980407715
    ],
    [
        0.9657068252563477,
        -0.03578447550535202,
        0.25715702772140503,
        -0.21506279706954956,
        0.030098900198936462,
        0.9992084503173828,
        0.02601303532719612,
        -0.6519849896430969,
        -0.25788429379463196,
        -0.017380820587277412,
        0.9660193920135498,
        2.4406166076660156
    ],
    [
        0.9605491757392883,
        -0.03841698542237282,
        0.2754439413547516,
        -0.1648276299238205,
        0.03245450556278229,
        0.9991304278373718,
        0.026173850521445274,
        -0.7502642869949341,
        -0.2762099802494049,
        -0.01620187610387802,
        0.9609607458114624,
        2.5827202796936035
    ],
    [
        0.9580067992210388,
        -0.03963230177760124,
        0.2839933931827545,
        -0.10813122987747192,
        0.033532336354255676,
        0.9990912079811096,
        0.026310764253139496,
        -0.8358535170555115,
        -0.28477805852890015,
        -0.015682922676205635,
        0.9584651589393616,
        2.7414133548736572
    ],
    [
        0.9551705121994019,
        -0.04081021621823311,
        0.293230265378952,
        -0.04105257987976074,
        0.03437766805291176,
        0.9990425705909729,
        0.027059461921453476,
        -0.9326785206794739,
        -0.2940537929534912,
        -0.015765726566314697,
        0.9556587934494019,
        2.9454429149627686
    ],
    [
        0.9516083598136902,
        -0.042123064398765564,
        0.30441293120384216,
        0.02042585425078869,
        0.035867106169462204,
        0.999015212059021,
        0.026116203516721725,
        -0.9873344898223877,
        -0.3052133321762085,
        -0.013933904469013214,
        0.9521819949150085,
        3.102621555328369
    ],
    [
        0.9440553784370422,
        -0.046106092631816864,
        0.32654812932014465,
        0.11894086748361588,
        0.03930055350065231,
        0.9988514184951782,
        0.02741149254143238,
        -0.9832704663276672,
        -0.32743677496910095,
        -0.01304451934993267,
        0.9447830319404602,
        3.248394727706909
    ],
    [
        0.9333371520042419,
        -0.05141119286417961,
        0.35530078411102295,
        0.24312341213226318,
        0.04327462613582611,
        0.9985879063606262,
        0.030815642327070236,
        -0.963165283203125,
        -0.35638323426246643,
        -0.013385731726884842,
        0.9342439770698547,
        3.3854081630706787
    ],
    [
        0.9086688160896301,
        -0.05759682133793831,
        0.4135257303714752,
        0.38962796330451965,
        0.050711750984191895,
        0.9983313679695129,
        0.027617627754807472,
        -0.9121394157409668,
        -0.4144265055656433,
        -0.004124693106859922,
        0.9100735783576965,
        3.4863345623016357
    ],
    [
        0.8507199287414551,
        -0.0706585943698883,
        0.5208482146263123,
        0.5242620706558228,
        0.062487464398145676,
        0.9974914789199829,
        0.03325718268752098,
        -0.8538532257080078,
        -0.521891713142395,
        0.004253943916410208,
        0.8530011773109436,
        3.559861421585083
    ],
    [
        0.7609964609146118,
        -0.08443553000688553,
        0.6432378888130188,
        0.6273561716079712,
        0.07497359812259674,
        0.996297299861908,
        0.04208119958639145,
        -0.7908865809440613,
        -0.6444091796875,
        0.016202224418520927,
        0.7645091414451599,
        3.6508960723876953
    ],
    [
        0.6218409538269043,
        -0.0989452600479126,
        0.7768678665161133,
        0.7002741098403931,
        0.08759795129299164,
        0.9945493340492249,
        0.05655258521437645,
        -0.7235233187675476,
        -0.7782289981842041,
        0.0328853502869606,
        0.6271190047264099,
        3.75583815574646
    ],
    [
        0.47614187002182007,
        -0.11106497049331665,
        0.8723265528678894,
        0.7447254061698914,
        0.09804482012987137,
        0.9925118684768677,
        0.07285122573375702,
        -0.6459633708000183,
        -0.873885452747345,
        0.05083959177136421,
        0.4834657907485962,
        3.8095762729644775
    ],
    [
        0.3381410241127014,
        -0.12162993103265762,
        0.93320232629776,
        0.8178915977478027,
        0.105260469019413,
        0.9902788400650024,
        0.09092845022678375,
        -0.5600246787071228,
        -0.9351902604103088,
        0.06748268008232117,
        0.3476567268371582,
        3.832284927368164
    ],
    [
        0.2193865180015564,
        -0.12975244224071503,
        0.9669715762138367,
        0.9398522973060608,
        0.10919809341430664,
        0.9881551265716553,
        0.10782010108232498,
        -0.47711876034736633,
        -0.9695077538490295,
        0.08193716406822205,
        0.23095664381980896,
        3.863950729370117
    ]
]