[
    [
        0.9999991655349731,
        -0.0005531833739951253,
        0.001222145976498723,
        0.0774882435798645,
        0.0005545706953853369,
        0.9999991655349731,
        -0.001135342288762331,
        0.004689900670200586,
        -0.001221516984514892,
        0.0011360187781974673,
        0.9999985694885254,
        -0.010847136378288269
    ],
    [
        0.9999985098838806,
        -0.0005988776683807373,
        0.0016384469345211983,
        0.08658004552125931,
        0.0006008214550092816,
        0.9999991655349731,
        -0.0011864852858707309,
        0.005126152187585831,
        -0.0016377349384129047,
        0.0011874685296788812,
        0.9999978542327881,
        -0.012570980004966259
    ],
    [
        0.9999971389770508,
        -0.0007393763517029583,
        0.002272683894261718,
        0.09532341361045837,
        0.0007427586824633181,
        0.9999986290931702,
        -0.0014874802436679602,
        0.005019373260438442,
        -0.0022715809755027294,
        0.0014891638420522213,
        0.9999963045120239,
        -0.014222279191017151
    ],
    [
        0.9999963045120239,
        -0.0008209696388803422,
        0.0026214735116809607,
        0.10343935340642929,
        0.000825236551463604,
        0.9999984502792358,
        -0.0016272409120574594,
        0.005277925170958042,
        -0.0026201328728348017,
        0.0016293983208015561,
        0.999995231628418,
        -0.015744106844067574
    ],
    [
        0.9999943971633911,
        -0.000666246225591749,
        0.003273347858339548,
        0.11078832298517227,
        0.0006720297387801111,
        0.9999982118606567,
        -0.0017661480233073235,
        0.0054032751359045506,
        -0.003272164613008499,
        0.00176833791192621,
        0.999993085861206,
        -0.017654599621891975
    ],
    [
        0.9999927878379822,
        -0.0008287790114991367,
        0.0037118413019925356,
        0.1182580292224884,
        0.0008350420976057649,
        0.9999982118606567,
        -0.0016863496275618672,
        0.005182483233511448,
        -0.0037104368675500154,
        0.001689437311142683,
        0.9999916553497314,
        -0.020139023661613464
    ],
    [
        0.9999904036521912,
        -0.000779259717091918,
        0.00432192487642169,
        0.12554433941841125,
        0.0007878282922320068,
        0.9999977350234985,
        -0.0019811701495200396,
        0.004883665591478348,
        -0.004320370499044657,
        0.001984556671231985,
        0.9999886751174927,
        -0.021803857758641243
    ],
    [
        0.9999875426292419,
        -0.0009386532474309206,
        0.004911907482892275,
        0.13262785971164703,
        0.0009496197453700006,
        0.9999970197677612,
        -0.0022306223399937153,
        0.004581134766340256,
        -0.004909798968583345,
        0.002235258463770151,
        0.9999854564666748,
        -0.023862453177571297
    ],
    [
        0.9999845027923584,
        -0.001142553985118866,
        0.0054505872540175915,
        0.14014242589473724,
        0.0011551540810614824,
        0.9999966621398926,
        -0.00230909651145339,
        0.004404518287628889,
        -0.0054479301907122135,
        0.0023153566289693117,
        0.999982476234436,
        -0.02620616927742958
    ],
    [
        0.9999808669090271,
        -0.001172343036159873,
        0.006078551523387432,
        0.1473507434129715,
        0.001188645139336586,
        0.999995768070221,
        -0.002678982215002179,
        0.0040823910385370255,
        -0.006075385492295027,
        0.002686156192794442,
        0.9999779462814331,
        -0.02857551909983158
    ],
    [
        0.9999754428863525,
        -0.001155118108727038,
        0.006912429351359606,
        0.1545577049255371,
        0.0011734099825844169,
        0.9999958276748657,
        -0.0026427649427205324,
        0.004360379185527563,
        -0.006909347139298916,
        0.0026508113369345665,
        0.9999725818634033,
        -0.030647147446870804
    ],
    [
        0.9999687671661377,
        -0.0014178712153807282,
        0.007782678119838238,
        0.16161884367465973,
        0.001440777094103396,
        0.999994695186615,
        -0.002938375109806657,
        0.004879677668213844,
        -0.007778470404446125,
        0.002949496265500784,
        0.9999654293060303,
        -0.032696984708309174
    ],
    [
        0.999958872795105,
        -0.0014669903321191669,
        0.008948647417128086,
        0.17112767696380615,
        0.0014955716906115413,
        0.9999938607215881,
        -0.0031881206668913364,
        0.004835440777242184,
        -0.00894391443580389,
        0.003201373154297471,
        0.9999548196792603,
        -0.034882351756095886
    ],
    [
        0.9999505281448364,
        -0.0015339597593992949,
        0.009829088114202023,
        0.17812758684158325,
        0.0015678881900385022,
        0.999992847442627,
        -0.003445031587034464,
        0.004385264590382576,
        -0.009823733009397984,
        0.003460272680968046,
        0.9999457597732544,
        -0.036520082503557205
    ],
    [
        0.9999390244483948,
        -0.00155691709369421,
        0.010928276926279068,
        0.1854126751422882,
        0.001593796769157052,
        0.9999930262565613,
        -0.0033668174874037504,
        0.004062191117554903,
        -0.010922959074378014,
        0.0033840290270745754,
        0.9999345541000366,
        -0.03825179859995842
    ],
    [
        0.9999233484268188,
        -0.0016521252691745758,
        0.012271509505808353,
        0.1925792545080185,
        0.0016974179306998849,
        0.9999918341636658,
        -0.003681397996842861,
        0.0035925221163779497,
        -0.01226532831788063,
        0.003701945301145315,
        0.9999179840087891,
        -0.039120864123106
    ],
    [
        0.9999096393585205,
        -0.0018090951489284635,
        0.013320138677954674,
        0.19973620772361755,
        0.0018589210230857134,
        0.9999913573265076,
        -0.003729221411049366,
        0.003938812296837568,
        -0.013313275761902332,
        0.003753644647076726,
        0.9999043941497803,
        -0.04059473052620888
    ],
    [
        0.9998906254768372,
        -0.0016646330477669835,
        0.014697243459522724,
        0.20698903501033783,
        0.001724463189020753,
        0.9999903440475464,
        -0.004059104714542627,
        0.004823197145015001,
        -0.014690345153212547,
        0.004084005486220121,
        0.999883770942688,
        -0.04217919707298279
    ],
    [
        0.9998697638511658,
        -0.0016930410638451576,
        0.01605588011443615,
        0.21427132189273834,
        0.0017635095864534378,
        0.9999889731407166,
        -0.00437586335465312,
        0.00592960836365819,
        -0.016048293560743332,
        0.00440360838547349,
        0.999861478805542,
        -0.04476584121584892
    ],
    [
        0.9998452663421631,
        -0.0016344577306881547,
        0.0175185427069664,
        0.22102707624435425,
        0.001709623378701508,
        0.9999894499778748,
        -0.004276554100215435,
        0.006055921781808138,
        -0.017511365935206413,
        0.00430584279820323,
        0.9998372793197632,
        -0.04574790969491005
    ],
    [
        0.9998212456703186,
        -0.0018509647343307734,
        0.018815936520695686,
        0.22768652439117432,
        0.0019332080846652389,
        0.9999886155128479,
        -0.004353681113570929,
        0.005663885269314051,
        -0.01880766451358795,
        0.004389277659356594,
        0.9998134970664978,
        -0.047042366117239
    ],
    [
        0.9997969269752502,
        -0.001954908948391676,
        0.02005767822265625,
        0.2343786358833313,
        0.0020496740471571684,
        0.9999868273735046,
        -0.004705158527940512,
        0.004619681276381016,
        -0.020048215985298157,
        0.004745315294712782,
        0.9997878670692444,
        -0.04877852275967598
    ],
    [
        0.9997652769088745,
        -0.001918075722642243,
        0.021582815796136856,
        0.2415194809436798,
        0.0020176342222839594,
        0.9999874234199524,
        -0.004592019598931074,
        0.003070707432925701,
        -0.021573737263679504,
        0.004634489305317402,
        0.9997565150260925,
        -0.05087621510028839
    ],
    [
        0.9997268319129944,
        -0.002021172782406211,
        0.0232846736907959,
        0.24865688383579254,
        0.0021319924853742123,
        0.9999865293502808,
        -0.004735482856631279,
        0.0017180907307192683,
        -0.02327478863298893,
        0.004783832002431154,
        0.999717652797699,
        -0.052681613713502884
    ],
    [
        0.9996671080589294,
        -0.002060375176370144,
        0.02571726217865944,
        0.25844332575798035,
        0.00218793167732656,
        0.99998539686203,
        -0.004932768177241087,
        0.0003685730625875294,
        -0.02570672519505024,
        0.004987393971532583,
        0.9996570348739624,
        -0.05531973019242287
    ]
]