[
    [
        0.969978928565979,
        -0.036957062780857086,
        0.24036429822444916,
        0.06406092643737793,
        0.022214965894818306,
        0.9977182149887085,
        0.06375609338283539,
        0.013748683035373688,
        -0.24217207729816437,
        -0.056502390652894974,
        0.9685866236686707,
        0.012429848313331604
    ],
    [
        0.9669028520584106,
        -0.03907579928636551,
        0.2521347105503082,
        0.06792537122964859,
        0.023299310356378555,
        0.9975963830947876,
        0.06525762379169464,
        0.013726282864809036,
        -0.25407862663269043,
        -0.05722321942448616,
        0.965489387512207,
        0.014467003755271435
    ],
    [
        0.9625783562660217,
        -0.042222168296575546,
        0.26769405603408813,
        0.07318941503763199,
        0.0250529982149601,
        0.9974227547645569,
        0.06723298132419586,
        0.013807877898216248,
        -0.26984283328056335,
        -0.05801048129796982,
        0.9611552953720093,
        0.020000550895929337
    ],
    [
        0.9580379128456116,
        -0.04532529041171074,
        0.2830352187156677,
        0.07828819006681442,
        0.02674178034067154,
        0.9972456097602844,
        0.06918152421712875,
        0.013430103659629822,
        -0.28539130091667175,
        -0.058709658682346344,
        0.9566110968589783,
        0.02576497010886669
    ],
    [
        0.95331209897995,
        -0.048749394714832306,
        0.29802626371383667,
        0.08390908688306808,
        0.028759578242897987,
        0.9970545768737793,
        0.07109764218330383,
        0.013241138309240341,
        -0.30061444640159607,
        -0.05920713394880295,
        0.9519062042236328,
        0.0333060584962368
    ],
    [
        0.9496815800666809,
        -0.051143843680620193,
        0.3090132474899292,
        0.0883542075753212,
        0.030072184279561043,
        0.9969094395637512,
        0.07257546484470367,
        0.012944536283612251,
        -0.3117700517177582,
        -0.0596308708190918,
        0.9482845664024353,
        0.0405106246471405
    ],
    [
        0.9444546103477478,
        -0.0540681891143322,
        0.32416367530822754,
        0.09215248376131058,
        0.031479693949222565,
        0.9967218041419983,
        0.07452964782714844,
        0.01177290454506874,
        -0.3271307051181793,
        -0.060185302048921585,
        0.943060576915741,
        0.051621004939079285
    ],
    [
        0.9391052722930908,
        -0.05675976350903511,
        0.338909387588501,
        0.09659059345722198,
        0.032817501574754715,
        0.9965701699256897,
        0.07596718519926071,
        0.010935324244201183,
        -0.34205883741378784,
        -0.06021903082728386,
        0.937747061252594,
        0.06380175799131393
    ],
    [
        0.9336753487586975,
        -0.05930168926715851,
        0.353176474571228,
        0.10081303119659424,
        0.03408145532011986,
        0.9964321255683899,
        0.0772109404206276,
        0.009885151870548725,
        -0.3564951419830322,
        -0.060053177177906036,
        0.9323651790618896,
        0.07543502002954483
    ],
    [
        0.9294981360435486,
        -0.06106540933251381,
        0.3637363612651825,
        0.10410936176776886,
        0.035043321549892426,
        0.9963590502738953,
        0.07772213965654373,
        0.009455854073166847,
        -0.36715808510780334,
        -0.05949605628848076,
        0.9282537698745728,
        0.0850980207324028
    ],
    [
        0.9236959218978882,
        -0.06341438740491867,
        0.37784188985824585,
        0.10732164233922958,
        0.036431893706321716,
        0.9962762594223022,
        0.07814446091651917,
        0.008941229432821274,
        -0.3813903033733368,
        -0.058416228741407394,
        0.9225664734840393,
        0.09867153316736221
    ],
    [
        0.9176496863365173,
        -0.06546299159526825,
        0.39196133613586426,
        0.10952634364366531,
        0.03762117028236389,
        0.9962193369865417,
        0.07830480486154556,
        0.008203128352761269,
        -0.39560553431510925,
        -0.05711033567786217,
        0.9166432023048401,
        0.1131155714392662
    ],
    [
        0.9116575717926025,
        -0.0672314316034317,
        0.4054138958454132,
        0.11178210377693176,
        0.038593485951423645,
        0.996173620223999,
        0.07841400057077408,
        0.00688348151743412,
        -0.40913450717926025,
        -0.055840376764535904,
        0.9107638597488403,
        0.12715968489646912
    ],
    [
        0.9071641564369202,
        -0.06866448372602463,
        0.4151366651058197,
        0.11283145099878311,
        0.03946556895971298,
        0.9961309432983398,
        0.07852132618427277,
        0.005544222891330719,
        -0.4189221262931824,
        -0.05484812334179878,
        0.9063640832901001,
        0.1369810849428177
    ],
    [
        0.901088535785675,
        -0.07058096677064896,
        0.4278525114059448,
        0.11340951174497604,
        0.040813665837049484,
        0.9960889220237732,
        0.07836391776800156,
        0.004004984628409147,
        -0.4317101836204529,
        -0.05315059795975685,
        0.9004450440406799,
        0.14931659400463104
    ],
    [
        0.8949419260025024,
        -0.07222699373960495,
        0.4402979016304016,
        0.11352481693029404,
        0.04189033433794975,
        0.9960534572601318,
        0.07824822515249252,
        0.0017449355218559504,
        -0.4442118704319,
        -0.051583386957645416,
        0.8944355845451355,
        0.16288860142230988
    ],
    [
        0.8889784812927246,
        -0.07388554513454437,
        0.4519492983818054,
        0.11391019076108932,
        0.04307061806321144,
        0.9960137605667114,
        0.07811092585325241,
        5.3584248234983534e-05,
        -0.455919086933136,
        -0.04997319355607033,
        0.8886171579360962,
        0.1771019548177719
    ],
    [
        0.8845764994621277,
        -0.07499726861715317,
        0.46032580733299255,
        0.11464424431324005,
        0.043947733938694,
        0.9959985017776489,
        0.07781883329153061,
        -0.000810338940937072,
        -0.46432000398635864,
        -0.04860642924904823,
        0.8843326568603516,
        0.18759281933307648
    ],
    [
        0.8786603212356567,
        -0.07607131451368332,
        0.471348375082016,
        0.11520005762577057,
        0.04476071894168854,
        0.9960022568702698,
        0.07730530947446823,
        -0.002111402340233326,
        -0.475344717502594,
        -0.046827204525470734,
        0.8785525560379028,
        0.20182308554649353
    ],
    [
        0.8725759983062744,
        -0.07737951725721359,
        0.48231059312820435,
        0.11595458537340164,
        0.04589618369936943,
        0.9959927797317505,
        0.07675868272781372,
        -0.003042495111003518,
        -0.4863174557685852,
        -0.044841568917036057,
        0.8726307153701782,
        0.21679410338401794
    ],
    [
        0.8662546873092651,
        -0.07803379744291306,
        0.49347084760665894,
        0.1170135885477066,
        0.04636221006512642,
        0.9960204362869263,
        0.07611750811338425,
        -0.0039777630008757114,
        -0.49744683504104614,
        -0.04305875301361084,
        0.8664251565933228,
        0.23281319439411163
    ],
    [
        0.8614082336425781,
        -0.07884513586759567,
        0.5017561316490173,
        0.1175888404250145,
        0.04686864838004112,
        0.9960020780563354,
        0.07604669034481049,
        -0.005078942980617285,
        -0.505746066570282,
        -0.04199061170220375,
        0.8616598844528198,
        0.24550609290599823
    ],
    [
        0.8547407388687134,
        -0.07986867427825928,
        0.5128734707832336,
        0.11851111054420471,
        0.04732505604624748,
        0.9959666132926941,
        0.07622907310724258,
        -0.006789970211684704,
        -0.516893208026886,
        -0.04088432714343071,
        0.8550729751586914,
        0.2635064721107483
    ],
    [
        0.8477630019187927,
        -0.08053429424762726,
        0.5242252945899963,
        0.11901139467954636,
        0.04741358757019043,
        0.9959548115730286,
        0.07632793486118317,
        -0.008083644323050976,
        -0.5282517075538635,
        -0.03985258936882019,
        0.8481519818305969,
        0.28223171830177307
    ],
    [
        0.8406304717063904,
        -0.08044439554214478,
        0.5356017351150513,
        0.1203405037522316,
        0.04660136625170708,
        0.9959837198257446,
        0.07645007967948914,
        -0.009632058441638947,
        -0.539600670337677,
        -0.039306484162807465,
        0.8410030007362366,
        0.3022238612174988
    ]
]