[
    [
        0.9999976754188538,
        0.0012617000611498952,
        0.0017694298876449466,
        -0.02056596614420414,
        -0.0012559668393805623,
        0.9999939203262329,
        -0.003237496130168438,
        0.008181111887097359,
        -0.0017735040746629238,
        0.003235264914110303,
        0.9999932050704956,
        0.0930323451757431
    ],
    [
        0.9999957084655762,
        0.002038973616436124,
        0.0021116193383932114,
        -0.029254235327243805,
        -0.002030143514275551,
        0.9999892711639404,
        -0.004175689071416855,
        0.010438566096127033,
        -0.002120111370459199,
        0.004171384498476982,
        0.9999890327453613,
        0.1539621502161026
    ],
    [
        0.9999963045120239,
        0.002053691539913416,
        0.0018304713303223252,
        -0.033551741391420364,
        -0.002044722903519869,
        0.9999859929084778,
        -0.004887998569756746,
        0.012133320793509483,
        -0.0018404838629066944,
        0.004884236957877874,
        0.9999864101409912,
        0.21742451190948486
    ],
    [
        0.9999971985816956,
        0.0018470167415216565,
        0.001445908099412918,
        -0.0377039909362793,
        -0.0018395263468846679,
        0.9999850392341614,
        -0.005164862144738436,
        0.010898745618760586,
        -0.001455425750464201,
        0.005162188317626715,
        0.9999855756759644,
        0.2855191230773926
    ],
    [
        0.9999971389770508,
        0.002082064049318433,
        0.001187630812637508,
        -0.04249890148639679,
        -0.0020752951968461275,
        0.9999817609786987,
        -0.0056726038455963135,
        0.013158723711967468,
        -0.0011994200758635998,
        0.005670122802257538,
        0.9999831914901733,
        0.3477154076099396
    ],
    [
        0.999993085861206,
        0.0032679459545761347,
        0.0017970724729821086,
        -0.053411923348903656,
        -0.003256923519074917,
        0.9999760389328003,
        -0.0061028203926980495,
        0.015682345256209373,
        -0.0018169728573411703,
        0.0060969251208007336,
        0.9999797344207764,
        0.4151906669139862
    ],
    [
        0.9999892115592957,
        0.003987165167927742,
        0.002364965621381998,
        -0.06272666901350021,
        -0.00397198973223567,
        0.9999716877937317,
        -0.006386466324329376,
        0.018149351701140404,
        -0.002390362787991762,
        0.006377005483955145,
        0.9999767541885376,
        0.4761725962162018
    ],
    [
        0.9999880194664001,
        0.004280016291886568,
        0.0024235956370830536,
        -0.06870123744010925,
        -0.004263731185346842,
        0.9999685883522034,
        -0.0066846986301243305,
        0.020664043724536896,
        -0.0024521297309547663,
        0.006674285512417555,
        0.9999747276306152,
        0.5428647994995117
    ],
    [
        0.9999873042106628,
        0.004362962674349546,
        0.0025074558798223734,
        -0.07302779704332352,
        -0.004346781875938177,
        0.999970018863678,
        -0.006422664504498243,
        0.019788622856140137,
        -0.002535402774810791,
        0.0064116837456822395,
        0.9999762773513794,
        0.6024163961410522
    ],
    [
        0.9999880790710449,
        0.004314081743359566,
        0.0022786457557231188,
        -0.07490295171737671,
        -0.004299168474972248,
        0.9999696016311646,
        -0.006509758532047272,
        0.022648228332400322,
        -0.0023066606372594833,
        0.006499884650111198,
        0.9999762773513794,
        0.6694571375846863
    ],
    [
        0.9999855160713196,
        0.004741825629025698,
        0.0025598148349672556,
        -0.07934415340423584,
        -0.00472545949742198,
        0.9999686479568481,
        -0.006362054031342268,
        0.025797268375754356,
        -0.0025899026077240705,
        0.0063498662784695625,
        0.9999765157699585,
        0.731793999671936
    ],
    [
        0.9999801516532898,
        0.00550608616322279,
        0.0030686405953019857,
        -0.08558197319507599,
        -0.005488099064677954,
        0.9999679327011108,
        -0.00583929568529129,
        0.028557579964399338,
        -0.0031006939243525267,
        0.005822338629513979,
        0.9999781847000122,
        0.7990090250968933
    ],
    [
        0.9999803900718689,
        0.005648943595588207,
        0.002700560726225376,
        -0.0875183492898941,
        -0.005634806118905544,
        0.9999704957008362,
        -0.005214586853981018,
        0.03095846436917782,
        -0.0027299372013658285,
        0.005199267063289881,
        0.9999827146530151,
        0.8613394498825073
    ],
    [
        0.9999803304672241,
        0.0058503407053649426,
        0.0023004852700978518,
        -0.09038113802671432,
        -0.005841027479618788,
        0.9999748468399048,
        -0.004034428391605616,
        0.030384184792637825,
        -0.0023240300361067057,
        0.004020910710096359,
        0.9999891519546509,
        0.9218786954879761
    ],
    [
        0.9999774694442749,
        0.006222959142178297,
        0.0025126952677965164,
        -0.0970650240778923,
        -0.006215020548552275,
        0.9999758005142212,
        -0.0031548584811389446,
        0.03356553241610527,
        -0.0025322672445327044,
        0.0031391712836921215,
        0.999991774559021,
        0.9887456893920898
    ],
    [
        0.9999692440032959,
        0.007115338463336229,
        0.0033168455120176077,
        -0.10702916234731674,
        -0.007108915131539106,
        0.9999728798866272,
        -0.0019441931508481503,
        0.03614114224910736,
        -0.0033305888064205647,
        0.0019205550197511911,
        0.9999926090240479,
        1.051196575164795
    ],
    [
        0.9999608993530273,
        0.007934784516692162,
        0.003913362044841051,
        -0.115994393825531,
        -0.007933875545859337,
        0.9999684691429138,
        -0.0002475907967891544,
        0.03822611644864082,
        -0.003915200009942055,
        0.00021653223666362464,
        0.999992311000824,
        1.117550253868103
    ],
    [
        0.9999577403068542,
        0.008197516202926636,
        0.004167648497968912,
        -0.12057413905858994,
        -0.008203087374567986,
        0.9999654293060303,
        0.0013217576779425144,
        0.03923327848315239,
        -0.00415666913613677,
        -0.0013558886712417006,
        0.9999904632568359,
        1.1777293682098389
    ],
    [
        0.9999532699584961,
        0.008531098254024982,
        0.004547118209302425,
        -0.12377449870109558,
        -0.008547093719244003,
        0.999957263469696,
        0.003509997855871916,
        0.03800256922841072,
        -0.0045169806107878685,
        -0.0035486973356455564,
        0.999983549118042,
        1.2437739372253418
    ],
    [
        0.9999468922615051,
        0.008900433778762817,
        0.00518841715529561,
        -0.12627752125263214,
        -0.008925125934183598,
        0.9999489188194275,
        0.004755416419357061,
        0.04092944785952568,
        -0.005145828705281019,
        -0.004801470786333084,
        0.9999752044677734,
        1.3051875829696655
    ],
    [
        0.9999326467514038,
        0.00967995822429657,
        0.006387647241353989,
        -0.13194814324378967,
        -0.009721032343804836,
        0.9999321103096008,
        0.006430889945477247,
        0.04124901443719864,
        -0.0063249641098082066,
        -0.006492551416158676,
        0.9999589323997498,
        1.3705449104309082
    ],
    [
        0.9999211430549622,
        0.010362531989812851,
        0.007087924983352423,
        -0.1349586695432663,
        -0.010411893017590046,
        0.9999215602874756,
        0.006963110063225031,
        0.043730221688747406,
        -0.0070152124390006065,
        -0.0070363599807024,
        0.999950647354126,
        1.4322036504745483
    ],
    [
        0.9999193549156189,
        0.010490762069821358,
        0.007164656184613705,
        -0.13363869488239288,
        -0.010543080978095531,
        0.99991774559021,
        0.007304246537387371,
        0.04411963373422623,
        -0.007087437901645899,
        -0.007379195187240839,
        0.9999476671218872,
        1.5027352571487427
    ],
    [
        0.9999215602874756,
        0.010414710268378258,
        0.006964546162635088,
        -0.13221484422683716,
        -0.010466575622558594,
        0.9999174475669861,
        0.007452520076185465,
        0.04242036119103432,
        -0.0068863555788993835,
        -0.007524831220507622,
        0.9999480247497559,
        1.5657464265823364
    ],
    [
        0.999916136264801,
        0.010782831348478794,
        0.007185826543718576,
        -0.13316595554351807,
        -0.010832097381353378,
        0.9999178051948547,
        0.006852646823972464,
        0.04472513496875763,
        -0.007111342623829842,
        -0.006929911207407713,
        0.9999507069587708,
        1.6366511583328247
    ]
]