[
    [
        0.9999657869338989,
        0.00768359936773777,
        -0.0030753931496292353,
        -0.08701962232589722,
        -0.007704035844653845,
        0.9999479651451111,
        -0.006689389236271381,
        0.03376339375972748,
        0.003023834666237235,
        0.006712852045893669,
        0.999972939491272,
        0.009042249992489815
    ],
    [
        0.9999577403068542,
        0.008521027863025665,
        -0.0034629120491445065,
        -0.1152406856417656,
        -0.008546273224055767,
        0.999936580657959,
        -0.007342224940657616,
        0.03809836134314537,
        0.003400128800421953,
        0.007371509913355112,
        0.9999669790267944,
        0.0054726870730519295
    ],
    [
        0.999959409236908,
        0.008245698176324368,
        -0.003659701207652688,
        -0.1550723761320114,
        -0.008269895799458027,
        0.9999436736106873,
        -0.006646841298788786,
        0.038002002984285355,
        0.0036046875175088644,
        0.006676835939288139,
        0.9999712705612183,
        0.0004857348103541881
    ],
    [
        0.999966561794281,
        0.007308932952582836,
        -0.0037019504234194756,
        -0.18606449663639069,
        -0.007329193409532309,
        0.9999580383300781,
        -0.005489177070558071,
        0.034614019095897675,
        0.0036616758443415165,
        0.005516125820577145,
        0.9999780654907227,
        -0.004366263747215271
    ],
    [
        0.9999719858169556,
        0.006411549169570208,
        -0.0038816093001514673,
        -0.22509637475013733,
        -0.006429689005017281,
        0.9999683499336243,
        -0.0046789925545454025,
        0.03268710523843765,
        0.003851486835628748,
        0.00470381835475564,
        0.9999815225601196,
        -0.008216017857193947
    ],
    [
        0.9999701976776123,
        0.006728777661919594,
        -0.0037586067337542772,
        -0.25508391857147217,
        -0.006745968945324421,
        0.9999667406082153,
        -0.004579688888043165,
        0.03390791267156601,
        0.003727666102349758,
        0.004604908637702465,
        0.999982476234436,
        -0.011845366097986698
    ],
    [
        0.9999563694000244,
        0.00840723142027855,
        -0.004089017864316702,
        -0.29293668270111084,
        -0.008434989489614964,
        0.9999412298202515,
        -0.0068191527388989925,
        0.040760546922683716,
        0.004031446762382984,
        0.0068533457815647125,
        0.9999682903289795,
        -0.016562417149543762
    ],
    [
        0.9999513030052185,
        0.008626616559922695,
        -0.004780326504260302,
        -0.3209022879600525,
        -0.008660896681249142,
        0.999936580657959,
        -0.007197406142950058,
        0.04381771385669708,
        0.004717934411019087,
        0.007238457910716534,
        0.9999626874923706,
        -0.020001105964183807
    ],
    [
        0.9999375343322754,
        0.009779190644621849,
        -0.005417989566922188,
        -0.359108567237854,
        -0.009818852879106998,
        0.9999248385429382,
        -0.007343163713812828,
        0.04936676844954491,
        0.005345772951841354,
        0.007395902648568153,
        0.9999583959579468,
        -0.02572944015264511
    ],
    [
        0.9999337196350098,
        0.01000745315104723,
        -0.005687144584953785,
        -0.38644468784332275,
        -0.010047543793916702,
        0.9999245405197144,
        -0.007065083831548691,
        0.051198720932006836,
        0.005616012495011091,
        0.007121757138520479,
        0.999958872795105,
        -0.028588557615876198
    ],
    [
        0.9999325275421143,
        0.009984209202229977,
        -0.005963027011603117,
        -0.4250374138355255,
        -0.010025140829384327,
        0.9999260902404785,
        -0.006874147802591324,
        0.050656210631132126,
        0.005893954075872898,
        0.006933463271707296,
        0.9999586343765259,
        -0.033427782356739044
    ],
    [
        0.9999293684959412,
        0.010083157569169998,
        -0.006296894978731871,
        -0.45489758253097534,
        -0.010123238898813725,
        0.9999285340309143,
        -0.006366206333041191,
        0.04962317273020744,
        0.0062322537414729595,
        0.006429501809179783,
        0.9999599456787109,
        -0.03784146532416344
    ],
    [
        0.9999276399612427,
        0.010335361585021019,
        -0.006166731473058462,
        -0.4916861057281494,
        -0.010375144891440868,
        0.9999252557754517,
        -0.006454232148826122,
        0.05070720240473747,
        0.0060995640233159065,
        0.006517746485769749,
        0.99996018409729,
        -0.04376603290438652
    ],
    [
        0.9999236464500427,
        0.010646279901266098,
        -0.0062673804350197315,
        -0.5303424596786499,
        -0.010687557980418205,
        0.9999212026596069,
        -0.0065901014022529125,
        0.053153131157159805,
        0.00619672704488039,
        0.006656581535935402,
        0.9999586343765259,
        -0.04982061684131622
    ],
    [
        0.9999197721481323,
        0.010810667648911476,
        -0.006624720059335232,
        -0.5604885220527649,
        -0.010853196494281292,
        0.9999205470085144,
        -0.006417918484658003,
        0.055096451193094254,
        0.00655481219291687,
        0.0064893015660345554,
        0.9999575614929199,
        -0.054657623171806335
    ],
    [
        0.9999163746833801,
        0.010909773409366608,
        -0.006945980712771416,
        -0.5982851982116699,
        -0.010958988219499588,
        0.9999147653579712,
        -0.007087354082614183,
        0.05741075053811073,
        0.006868067197501659,
        0.007162882015109062,
        0.9999507665634155,
        -0.05883537232875824
    ],
    [
        0.9999083280563354,
        0.01128818653523922,
        -0.007465379778295755,
        -0.629949688911438,
        -0.011344828642904758,
        0.9999068379402161,
        -0.00758901285007596,
        0.05934049189090729,
        0.007379018235951662,
        0.007673010230064392,
        0.9999433755874634,
        -0.06381449848413467
    ],
    [
        0.9999065399169922,
        0.011452685110270977,
        -0.007454315200448036,
        -0.6703359484672546,
        -0.011512795463204384,
        0.9999011158943176,
        -0.008071372285485268,
        0.06061427667737007,
        0.007361139170825481,
        0.00815643835812807,
        0.9999396800994873,
        -0.07003360241651535
    ],
    [
        0.9999067187309265,
        0.011324618943035603,
        -0.007631296291947365,
        -0.6996497511863708,
        -0.011386213824152946,
        0.999902606010437,
        -0.00807676836848259,
        0.06051337346434593,
        0.007539086975157261,
        0.008162908256053925,
        0.9999382495880127,
        -0.07378238439559937
    ],
    [
        0.9999034404754639,
        0.011428390629589558,
        -0.007917145267128944,
        -0.7385210394859314,
        -0.011493414640426636,
        0.9999002814292908,
        -0.008216997608542442,
        0.061390332877635956,
        0.007822449319064617,
        0.008307198993861675,
        0.9999349117279053,
        -0.08020216226577759
    ],
    [
        0.999905526638031,
        0.011361673474311829,
        -0.007738118525594473,
        -0.7667744159698486,
        -0.01143238041549921,
        0.9998927116394043,
        -0.009155429899692535,
        0.062024470418691635,
        0.0076332674361765385,
        0.009243031032383442,
        0.9999281167984009,
        -0.08519931137561798
    ],
    [
        0.9999035596847534,
        0.011469712480902672,
        -0.00783349759876728,
        -0.805241048336029,
        -0.01153993047773838,
        0.999893069267273,
        -0.008978009223937988,
        0.06343560665845871,
        0.007729686331003904,
        0.009067541919648647,
        0.9999289512634277,
        -0.09082368016242981
    ],
    [
        0.9998925924301147,
        0.011937537230551243,
        -0.008507836610078812,
        -0.8373040556907654,
        -0.01200946792960167,
        0.9998921155929565,
        -0.008454306982457638,
        0.06585244089365005,
        0.008405993692576885,
        0.008555574342608452,
        0.9999281167984009,
        -0.09474685043096542
    ],
    [
        0.9998903870582581,
        0.012059464119374752,
        -0.008600729517638683,
        -0.8770495653152466,
        -0.012126034125685692,
        0.9998966455459595,
        -0.007730505894869566,
        0.06732729822397232,
        0.008506613783538342,
        0.007833949290215969,
        0.999933123588562,
        -0.09942068159580231
    ],
    [
        0.9998900294303894,
        0.012065586633980274,
        -0.008615671657025814,
        -0.9151725769042969,
        -0.012134837917983532,
        0.9998941421508789,
        -0.008031222969293594,
        0.06831513345241547,
        0.008517858572304249,
        0.008134891279041767,
        0.9999306201934814,
        -0.1039198562502861
    ]
]