[
    [
        0.6849958896636963,
        0.08642775565385818,
        -0.7234023213386536,
        0.32853320240974426,
        -0.08073478937149048,
        0.9958279728889465,
        0.04252706840634346,
        -0.13939161598682404,
        0.7240598201751709,
        0.02927287481725216,
        0.6891157627105713,
        0.4652097821235657
    ],
    [
        0.6895824670791626,
        0.0889497697353363,
        -0.7187238931655884,
        0.33743366599082947,
        -0.08323310315608978,
        0.9955865740776062,
        0.04335615783929825,
        -0.1469648778438568,
        0.7194082736968994,
        0.029923968017101288,
        0.6939426064491272,
        0.48822930455207825
    ],
    [
        0.6938279867172241,
        0.09171002358198166,
        -0.7142773270606995,
        0.346286803483963,
        -0.08536069840192795,
        0.9953388571739197,
        0.04488019645214081,
        -0.15533298254013062,
        0.7150638103485107,
        0.029832065105438232,
        0.6984223127365112,
        0.5114144682884216
    ],
    [
        0.6977571845054626,
        0.0945725068449974,
        -0.710064172744751,
        0.3546222150325775,
        -0.08695510029792786,
        0.9950987100601196,
        0.04708794504404068,
        -0.16277502477169037,
        0.7110370993614197,
        0.02888774499297142,
        0.7025608420372009,
        0.5366383790969849
    ],
    [
        0.7037864923477173,
        0.09794765710830688,
        -0.7036269307136536,
        0.3645535409450531,
        -0.08796985447406769,
        0.9948424100875854,
        0.05049620568752289,
        -0.17397382855415344,
        0.7049438953399658,
        0.02635941281914711,
        0.708773136138916,
        0.5688474774360657
    ],
    [
        0.7087364196777344,
        0.10048177093267441,
        -0.6982807517051697,
        0.3720748722553253,
        -0.08860905468463898,
        0.9946450591087341,
        0.053192414343357086,
        -0.18244466185569763,
        0.6998865008354187,
        0.024174600839614868,
        0.7138448357582092,
        0.5940164923667908
    ],
    [
        0.7134241461753845,
        0.10176942497491837,
        -0.6933029294013977,
        0.3789495825767517,
        -0.08832352608442307,
        0.9945664405822754,
        0.05510478466749191,
        -0.19057802855968475,
        0.6951438188552856,
        0.021921858191490173,
        0.718536376953125,
        0.6203281283378601
    ],
    [
        0.7197620868682861,
        0.10424402356147766,
        -0.6863495707511902,
        0.38859322667121887,
        -0.08865032345056534,
        0.9943690896034241,
        0.0580606572329998,
        -0.20158632099628448,
        0.6885373592376709,
        0.019055239856243134,
        0.7249506115913391,
        0.6547560095787048
    ],
    [
        0.7248268127441406,
        0.10683050006628036,
        -0.6805977821350098,
        0.39621418714523315,
        -0.09022650867700577,
        0.9941151142120361,
        0.0599520243704319,
        -0.21073181927204132,
        0.6829972863197327,
        0.01795314811170101,
        0.7302002310752869,
        0.683738112449646
    ],
    [
        0.7300692200660706,
        0.11004731804132462,
        -0.6744542121887207,
        0.40326938033103943,
        -0.09276092052459717,
        0.9937724471092224,
        0.061738960444927216,
        -0.22001458704471588,
        0.6770482063293457,
        0.017489271238446236,
        0.7357308864593506,
        0.7124028205871582
    ],
    [
        0.735431432723999,
        0.11195855587720871,
        -0.6682858467102051,
        0.4103063642978668,
        -0.09432971477508545,
        0.993567943572998,
        0.06264598667621613,
        -0.2287340611219406,
        0.6710012555122375,
        0.01696738414466381,
        0.7412620782852173,
        0.7398410439491272
    ],
    [
        0.741607129573822,
        0.1145995482802391,
        -0.6609733700752258,
        0.418169230222702,
        -0.09563241899013519,
        0.9932975769042969,
        0.06491903960704803,
        -0.24079525470733643,
        0.6639828681945801,
        0.015066052787005901,
        0.7475959658622742,
        0.7751301527023315
    ],
    [
        0.7464612126350403,
        0.11699263751506805,
        -0.6550636887550354,
        0.42382973432540894,
        -0.09600485861301422,
        0.9930583238601685,
        0.06795769929885864,
        -0.25060853362083435,
        0.6584669947624207,
        0.012161502614617348,
        0.7525114417076111,
        0.8042102456092834
    ],
    [
        0.751110315322876,
        0.11963547766208649,
        -0.649246096611023,
        0.42950987815856934,
        -0.09648440778255463,
        0.9927764534950256,
        0.0713147297501564,
        -0.2622012794017792,
        0.6530879735946655,
        0.009076925925910473,
        0.7572275996208191,
        0.8343667387962341
    ],
    [
        0.7576578855514526,
        0.12087526172399521,
        -0.6413608193397522,
        0.4351233243942261,
        -0.09593565762042999,
        0.9926515817642212,
        0.07375041395425797,
        -0.27424389123916626,
        0.6455625295639038,
        0.005651759449392557,
        0.7636865973472595,
        0.8689150810241699
    ],
    [
        0.7625561356544495,
        0.12191867083311081,
        -0.6353298425674438,
        0.4387747347354889,
        -0.09621871262788773,
        0.9925321936607361,
        0.07497842609882355,
        -0.28474122285842896,
        0.6397266387939453,
        0.003955352120101452,
        0.7685924172401428,
        0.9001508951187134
    ],
    [
        0.7673667669296265,
        0.1246221587061882,
        -0.628981351852417,
        0.44266045093536377,
        -0.09794016182422638,
        0.9922013282775879,
        0.07709968090057373,
        -0.2977496385574341,
        0.6336845755577087,
        0.0024387789890170097,
        0.7735877633094788,
        0.9314702749252319
    ],
    [
        0.7719672918319702,
        0.1271071881055832,
        -0.6228244304656982,
        0.4465136229991913,
        -0.10035662353038788,
        0.9918864369392395,
        0.07803784310817719,
        -0.30854561924934387,
        0.6276902556419373,
        0.0022619066294282675,
        0.7784598469734192,
        0.9640256762504578
    ],
    [
        0.7752373218536377,
        0.12814562022686005,
        -0.6185352802276611,
        0.45066821575164795,
        -0.1022462472319603,
        0.9917498826980591,
        0.07731703668832779,
        -0.32320234179496765,
        0.6233401298522949,
        0.0033038794063031673,
        0.7819438576698303,
        1.0056639909744263
    ],
    [
        0.7776011228561401,
        0.12884606420993805,
        -0.6154146194458008,
        0.45367616415023804,
        -0.1036241203546524,
        0.9916560053825378,
        0.07668437063694,
        -0.3339313566684723,
        0.6201601028442383,
        0.004141927696764469,
        0.784464418888092,
        1.0373066663742065
    ],
    [
        0.7794182896614075,
        0.1301356852054596,
        -0.6128391623497009,
        0.45476365089416504,
        -0.10520293563604355,
        0.9914852380752563,
        0.07674204558134079,
        -0.34630584716796875,
        0.617607831954956,
        0.004658310674130917,
        0.7864724397659302,
        1.072903037071228
    ],
    [
        0.7811872363090515,
        0.1326543092727661,
        -0.610040545463562,
        0.45672306418418884,
        -0.10772152245044708,
        0.9911492466926575,
        0.07758428901433945,
        -0.3607619106769562,
        0.6149330735206604,
        0.005106659606099129,
        0.7885627746582031,
        1.1196820735931396
    ],
    [
        0.7822262644767761,
        0.13402605056762695,
        -0.6084071397781372,
        0.4571842849254608,
        -0.10950950533151627,
        0.990959644317627,
        0.07750274240970612,
        -0.37269291281700134,
        0.613294243812561,
        0.006001695524901152,
        0.7898316383361816,
        1.156920313835144
    ],
    [
        0.7824011445045471,
        0.13541939854621887,
        -0.6078732013702393,
        0.45756781101226807,
        -0.11114859580993652,
        0.9907650351524353,
        0.07765769213438034,
        -0.3881203532218933,
        0.612775981426239,
        0.0068047973327338696,
        0.7902274131774902,
        1.1969125270843506
    ],
    [
        0.7831335663795471,
        0.13708004355430603,
        -0.6065564751625061,
        0.4570254385471344,
        -0.11390168964862823,
        0.9905195832252502,
        0.07679454982280731,
        -0.403678834438324,
        0.6113331913948059,
        0.008947392925620079,
        0.7913227677345276,
        1.244926929473877
    ]
]