[
    [
        0.981833279132843,
        0.03512941300868988,
        -0.18646521866321564,
        0.32135632634162903,
        -0.029759099707007408,
        0.9990598559379578,
        0.031522851437330246,
        0.002193356864154339,
        0.1873973160982132,
        -0.025401150807738304,
        0.9819557070732117,
        -0.1955346167087555
    ],
    [
        0.9666455984115601,
        0.04840190336108208,
        -0.2515026926994324,
        0.4714584946632385,
        -0.040299296379089355,
        0.9984921813011169,
        0.03727114573121071,
        0.02693113125860691,
        0.2529275119304657,
        -0.025892600417137146,
        0.9671387076377869,
        -0.34788841009140015
    ],
    [
        0.9506036043167114,
        0.05573755502700806,
        -0.3053620457649231,
        0.6120036244392395,
        -0.04367625340819359,
        0.9979771971702576,
        0.04619433730840683,
        0.03818776458501816,
        0.30731913447380066,
        -0.03057543933391571,
        0.9511152505874634,
        -0.4889848530292511
    ],
    [
        0.9471313953399658,
        0.052680253982543945,
        -0.31649160385131836,
        0.6929469704627991,
        -0.039430394768714905,
        0.9980625510215759,
        0.04812900349497795,
        0.04650944843888283,
        0.3184138536453247,
        -0.03310510143637657,
        0.9473735094070435,
        -0.672846257686615
    ],
    [
        0.948936402797699,
        0.048879895359277725,
        -0.3116576373577118,
        0.7518985867500305,
        -0.03580344840884209,
        0.9982271790504456,
        0.047545913606882095,
        0.0469566285610199,
        0.31342920660972595,
        -0.03395962715148926,
        0.9490042328834534,
        -0.8716169595718384
    ],
    [
        0.9515290856361389,
        0.043274711817502975,
        -0.3044991195201874,
        0.7967681288719177,
        -0.032335493713617325,
        0.9986406564712524,
        0.04087936133146286,
        0.048685502260923386,
        0.3058542311191559,
        -0.029051780700683594,
        0.9516350626945496,
        -1.0925639867782593
    ],
    [
        0.9493482112884521,
        0.03598575294017792,
        -0.3121585547924042,
        0.8587929606437683,
        -0.02589675597846508,
        0.9990014433860779,
        0.03640707582235336,
        0.03960736095905304,
        0.31315696239471436,
        -0.026479097083210945,
        0.949332058429718,
        -1.2808555364608765
    ],
    [
        0.945959746837616,
        0.02599899098277092,
        -0.3232400417327881,
        0.9330434203147888,
        -0.016756782308220863,
        0.9993682503700256,
        0.03134302794933319,
        0.031080149114131927,
        0.32385072112083435,
        -0.0242327768355608,
        0.9457978010177612,
        -1.4774657487869263
    ],
    [
        0.9444014430046082,
        0.01728302426636219,
        -0.328340083360672,
        0.991521954536438,
        -0.00788095686584711,
        0.9995204210281372,
        0.02994440868496895,
        0.023828942328691483,
        0.3287002146244049,
        -0.025691909715533257,
        0.9440847635269165,
        -1.706014633178711
    ],
    [
        0.9416981935501099,
        0.013214760459959507,
        -0.33619892597198486,
        1.0471138954162598,
        -0.0021813653875142336,
        0.999447226524353,
        0.033174604177474976,
        0.01967119425535202,
        0.3364514708518982,
        -0.030507097020745277,
        0.9412064552307129,
        -1.9264345169067383
    ],
    [
        0.9337924718856812,
        0.01700648106634617,
        -0.3574105501174927,
        1.1457083225250244,
        -0.00046633125748485327,
        0.9989269375801086,
        0.046313051134347916,
        -0.0033117756247520447,
        0.35781461000442505,
        -0.043080106377601624,
        0.9327983260154724,
        -2.169893264770508
    ],
    [
        0.9294067025184631,
        0.02605380490422249,
        -0.3681362271308899,
        1.2042560577392578,
        -0.004353363532572985,
        0.9982095956802368,
        0.0596548430621624,
        -0.029803402721881866,
        0.3690313696861267,
        -0.053840987384319305,
        0.9278560876846313,
        -2.3977108001708984
    ],
    [
        0.9256442785263062,
        0.0327017605304718,
        -0.3769790828227997,
        1.2690951824188232,
        -0.009069801308214664,
        0.9978897571563721,
        0.06429360061883926,
        -0.042462632060050964,
        0.37828609347343445,
        -0.05609388276934624,
        0.9239875674247742,
        -2.6564197540283203
    ],
    [
        0.9224966764450073,
        0.03679739683866501,
        -0.3842470943927765,
        1.3459205627441406,
        -0.01268962025642395,
        0.9977987408638,
        0.06508901715278625,
        -0.056971535086631775,
        0.3857963979244232,
        -0.05516846105456352,
        0.9209330081939697,
        -2.8973076343536377
    ],
    [
        0.921692430973053,
        0.039212554693222046,
        -0.3859345614910126,
        1.4198485612869263,
        -0.015677258372306824,
        0.9978303909301758,
        0.06394313275814056,
        -0.07666650414466858,
        0.38760462403297424,
        -0.0528855100274086,
        0.9203073978424072,
        -3.149031162261963
    ],
    [
        0.920870304107666,
        0.042496658861637115,
        -0.38754603266716003,
        1.493708610534668,
        -0.020257994532585144,
        0.9979142546653748,
        0.06129087507724762,
        -0.09584012627601624,
        0.38934242725372314,
        -0.0485900454223156,
        0.9198105335235596,
        -3.403736114501953
    ],
    [
        0.919975996017456,
        0.046742092818021774,
        -0.38917768001556396,
        1.554483413696289,
        -0.02626674994826317,
        0.9979842901229858,
        0.057770755141973495,
        -0.10322605818510056,
        0.39109349250793457,
        -0.04292527958750725,
        0.9193493723869324,
        -3.6289803981781006
    ],
    [
        0.9183245301246643,
        0.05195552483201027,
        -0.39240366220474243,
        1.6171441078186035,
        -0.03131044656038284,
        0.9977766275405884,
        0.05883445963263512,
        -0.11882102489471436,
        0.3945879638195038,
        -0.04174279794096947,
        0.9179096817970276,
        -3.871448040008545
    ],
    [
        0.9166703820228577,
        0.05554047226905823,
        -0.39576590061187744,
        1.681555151939392,
        -0.03388013690710068,
        0.9975308179855347,
        0.06151720881462097,
        -0.12320487201213837,
        0.398205429315567,
        -0.042982399463653564,
        0.9162886738777161,
        -4.10267448425293
    ],
    [
        0.9161127209663391,
        0.05769284814596176,
        -0.3967481553554535,
        1.7484233379364014,
        -0.034173328429460526,
        0.9972274303436279,
        0.06610309332609177,
        -0.1283111423254013,
        0.3994618356227875,
        -0.04699966683983803,
        0.9155442118644714,
        -4.32309103012085
    ],
    [
        0.9165552258491516,
        0.06101866066455841,
        -0.3952258229255676,
        1.8294349908828735,
        -0.03488753363490105,
        0.9967232942581177,
        0.07297694683074951,
        -0.13053394854068756,
        0.3983837068080902,
        -0.05309893935918808,
        0.9156806468963623,
        -4.555881023406982
    ],
    [
        0.9188701510429382,
        0.0629267767071724,
        -0.38950979709625244,
        1.8901766538619995,
        -0.0361790731549263,
        0.9964789152145386,
        0.07563692331314087,
        -0.11921939253807068,
        0.3928978443145752,
        -0.055408407002687454,
        0.9179112911224365,
        -4.774177074432373
    ],
    [
        0.9216665625572205,
        0.06434236466884613,
        -0.3826105296611786,
        1.9531080722808838,
        -0.03727863356471062,
        0.9962764382362366,
        0.07774041593074799,
        -0.11369159817695618,
        0.3861878514289856,
        -0.057387541979551315,
        0.9206331372261047,
        -5.006442070007324
    ],
    [
        0.923222005367279,
        0.06399203091859818,
        -0.3789011240005493,
        2.021451473236084,
        -0.037482187151908875,
        0.9963308572769165,
        0.07694052904844284,
        -0.10610345005989075,
        0.3824344575405121,
        -0.056831154972314835,
        0.9222331643104553,
        -5.213624954223633
    ],
    [
        0.9249433279037476,
        0.06206480786204338,
        -0.3750036656856537,
        2.077803611755371,
        -0.03628593310713768,
        0.9964910745620728,
        0.07542484998703003,
        -0.11003109812736511,
        0.3783690333366394,
        -0.05615634843707085,
        0.9239498376846313,
        -5.426784515380859
    ]
]