[
    [
        0.9999443888664246,
        -0.00041470577707514167,
        -0.010547032579779625,
        0.026514004915952682,
        0.0005500313127413392,
        0.9999175071716309,
        0.012830984778702259,
        -0.057806625962257385,
        0.010540842078626156,
        -0.012836070731282234,
        0.9998620748519897,
        0.47282323241233826
    ],
    [
        0.9998970627784729,
        0.00033154370612464845,
        -0.014351502992212772,
        0.0339924693107605,
        -0.00012591935228556395,
        0.9998974204063416,
        0.014326280914247036,
        -0.06607755273580551,
        0.01435477752238512,
        -0.014322996139526367,
        0.9997944235801697,
        0.520465612411499
    ],
    [
        0.9997634291648865,
        0.001453089527785778,
        -0.021699558943510056,
        0.0457911491394043,
        -0.0011313211871311069,
        0.9998893737792969,
        0.014833272434771061,
        -0.07377427816390991,
        0.0217187087982893,
        -0.014805213548243046,
        0.9996545314788818,
        0.5894220471382141
    ],
    [
        0.9995244741439819,
        0.00329753034748137,
        -0.030658897012472153,
        0.0538959875702858,
        -0.0028448360972106457,
        0.9998865127563477,
        0.014797420240938663,
        -0.08237162977457047,
        0.030704209581017494,
        -0.01470316294580698,
        0.9994204044342041,
        0.6599628329277039
    ],
    [
        0.9992249608039856,
        0.006155285052955151,
        -0.03887941688299179,
        0.06129391863942146,
        -0.005553744733333588,
        0.9998634457588196,
        0.015561041422188282,
        -0.09338738024234772,
        0.03896990045905113,
        -0.015333053655922413,
        0.999122679233551,
        0.7272223830223083
    ],
    [
        0.998992383480072,
        0.007733180653303862,
        -0.04420839622616768,
        0.06464345008134842,
        -0.0070536271668970585,
        0.9998549818992615,
        0.015506964176893234,
        -0.10072913765907288,
        0.044321898370981216,
        -0.015179510228335857,
        0.9989019632339478,
        0.7740715742111206
    ],
    [
        0.9986207485198975,
        0.010190743952989578,
        -0.05150367319583893,
        0.06695114821195602,
        -0.009443804621696472,
        0.9998469352722168,
        0.0147252781316638,
        -0.11204346269369125,
        0.05164584890007973,
        -0.014218579046428204,
        0.9985643029212952,
        0.8433884382247925
    ],
    [
        0.9982449412345886,
        0.012335299514234066,
        -0.05792186036705971,
        0.07021169364452362,
        -0.011670377105474472,
        0.9998621940612793,
        0.011803951114416122,
        -0.1220351830124855,
        0.058059487491846085,
        -0.011107265017926693,
        0.9982512593269348,
        0.9118993282318115
    ],
    [
        0.9979036450386047,
        0.01404966227710247,
        -0.06317349523305893,
        0.07204623520374298,
        -0.013564014807343483,
        0.9998751282691956,
        0.008109867572784424,
        -0.13067568838596344,
        0.06327953934669495,
        -0.0072359805926680565,
        0.9979695677757263,
        0.9804814457893372
    ],
    [
        0.9975588917732239,
        0.014812072739005089,
        -0.06824152916669846,
        0.07473096996545792,
        -0.014473091810941696,
        0.9998803734779358,
        0.00545914750546217,
        -0.1424277275800705,
        0.06831423193216324,
        -0.004458156879991293,
        0.9976539015769958,
        1.046142816543579
    ],
    [
        0.9973146915435791,
        0.01522558368742466,
        -0.07163640856742859,
        0.07594290375709534,
        -0.014998761005699635,
        0.9998806118965149,
        0.0037031874526292086,
        -0.14895978569984436,
        0.07168424874544144,
        -0.0026187857147306204,
        0.9974238872528076,
        1.090174913406372
    ],
    [
        0.9968336224555969,
        0.01609651930630207,
        -0.07786940038204193,
        0.0783253163099289,
        -0.01604454219341278,
        0.9998704791069031,
        0.0012931477976962924,
        -0.15977174043655396,
        0.0778801366686821,
        -3.9676604501437396e-05,
        0.9969627261161804,
        1.1621088981628418
    ],
    [
        0.9962658286094666,
        0.01707257330417633,
        -0.08463366329669952,
        0.08226064592599869,
        -0.017179787158966064,
        0.999852180480957,
        -0.0005385946715250611,
        -0.16900885105133057,
        0.08461194485425949,
        0.001990573015064001,
        0.996411919593811,
        1.2308368682861328
    ],
    [
        0.9954841732978821,
        0.018441446125507355,
        -0.09311891347169876,
        0.08847814798355103,
        -0.018839525058865547,
        0.9998166561126709,
        -0.003397648222744465,
        -0.1750073879957199,
        0.09303919970989227,
        0.0051366230472922325,
        0.9956491589546204,
        1.2999262809753418
    ],
    [
        0.9944524168968201,
        0.02027951180934906,
        -0.10321395099163055,
        0.09688808768987656,
        -0.02097300812602043,
        0.9997642040252686,
        -0.00563811045140028,
        -0.18212729692459106,
        0.10307526588439941,
        0.0077715422958135605,
        0.9946430921554565,
        1.3694813251495361
    ],
    [
        0.9937954545021057,
        0.02218635194003582,
        -0.10898761451244354,
        0.0982072502374649,
        -0.02297673560678959,
        0.9997180104255676,
        -0.006001453381031752,
        -0.18886739015579224,
        0.1088237315416336,
        0.00846839789301157,
        0.9940248727798462,
        1.4157418012619019
    ],
    [
        0.9925830364227295,
        0.023570872843265533,
        -0.119261734187603,
        0.1035226434469223,
        -0.02470014989376068,
        0.9996629357337952,
        -0.007999383844435215,
        -0.19611243903636932,
        0.11903297156095505,
        0.010885835625231266,
        0.9928306341171265,
        1.4804296493530273
    ],
    [
        0.9909623265266418,
        0.026810623705387115,
        -0.13143391907215118,
        0.11270885169506073,
        -0.028163166716694832,
        0.9995677471160889,
        -0.008442305959761143,
        -0.20613597333431244,
        0.1311507672071457,
        0.012067599222064018,
        0.9912890195846558,
        1.5412222146987915
    ],
    [
        0.9892227053642273,
        0.029390430077910423,
        -0.1434379518032074,
        0.1181325614452362,
        -0.031053593382239342,
        0.9994737505912781,
        -0.009369635954499245,
        -0.21422907710075378,
        0.14308707416057587,
        0.013722922652959824,
        0.9896148443222046,
        1.604882836341858
    ],
    [
        0.9873926043510437,
        0.030371714383363724,
        -0.155349001288414,
        0.12052252888679504,
        -0.0323079377412796,
        0.9994284510612488,
        -0.009953501634299755,
        -0.22436873614788055,
        0.15495792031288147,
        0.014847018755972385,
        0.9878095984458923,
        1.668227195739746
    ],
    [
        0.985830545425415,
        0.02989961765706539,
        -0.16505788266658783,
        0.1255786269903183,
        -0.0321180485188961,
        0.9994258284568787,
        -0.010787143371999264,
        -0.22866931557655334,
        0.16464057564735413,
        0.015935633331537247,
        0.986224889755249,
        1.7060470581054688
    ],
    [
        0.9834352135658264,
        0.028127925470471382,
        -0.17906425893306732,
        0.12828698754310608,
        -0.030560797080397606,
        0.9994741082191467,
        -0.010842102579772472,
        -0.23978085815906525,
        0.1786651313304901,
        0.016134856268763542,
        0.9837775826454163,
        1.7633304595947266
    ],
    [
        0.980605959892273,
        0.02703442983329296,
        -0.1941159963607788,
        0.13107353448867798,
        -0.029826823621988297,
        0.9994892477989197,
        -0.01147636491805315,
        -0.24834415316581726,
        0.19370655715465546,
        0.01704365387558937,
        0.9809114933013916,
        1.8298777341842651
    ],
    [
        0.9774263501167297,
        0.02733551524579525,
        -0.20950102806091309,
        0.1341034322977066,
        -0.030649458989501,
        0.9994510412216187,
        -0.012587426230311394,
        -0.2562785744667053,
        0.20904190838336945,
        0.01872437819838524,
        0.9777273535728455,
        1.895410418510437
    ],
    [
        0.974051296710968,
        0.028020933270454407,
        -0.22458593547344208,
        0.13690690696239471,
        -0.03193012252449989,
        0.9993948936462402,
        -0.013792506419122219,
        -0.263835072517395,
        0.22406357526779175,
        0.020605670288205147,
        0.9743567109107971,
        1.946586012840271
    ]
]