[
    [
        0.9985352158546448,
        0.0061596292071044445,
        -0.053754426538944244,
        -0.13203386962413788,
        -0.005528947804123163,
        0.999914288520813,
        0.011873488314449787,
        0.007607315666973591,
        0.053822945803403854,
        -0.011558890342712402,
        0.9984835982322693,
        0.6567628979682922
    ],
    [
        0.9971038699150085,
        0.012991710565984249,
        -0.07493406534194946,
        -0.16361655294895172,
        -0.011775711551308632,
        0.9997920989990234,
        0.01664665713906288,
        0.016676602885127068,
        0.0751347541809082,
        -0.01571604423224926,
        0.9970494508743286,
        0.8450130224227905
    ],
    [
        0.9954451322555542,
        0.020162386819720268,
        -0.09317918866872787,
        -0.20279617607593536,
        -0.01823481172323227,
        0.9996027946472168,
        0.021492142230272293,
        0.020535459741950035,
        0.09357549995183945,
        -0.01969514600932598,
        0.9954174757003784,
        1.0365108251571655
    ],
    [
        0.9935125708580017,
        0.026665419340133667,
        -0.11055145412683487,
        -0.24560241401195526,
        -0.02368675358593464,
        0.9993224740028381,
        0.028170259669423103,
        0.0245070680975914,
        0.11122772097587585,
        -0.02536890283226967,
        0.9934710264205933,
        1.2532094717025757
    ],
    [
        0.9913593530654907,
        0.03185754641890526,
        -0.12724676728248596,
        -0.2702401876449585,
        -0.028027161955833435,
        0.9991018176078796,
        0.03178030997514725,
        0.03098559007048607,
        0.12814491987228394,
        -0.027939340099692345,
        0.9913617968559265,
        1.4364193677902222
    ],
    [
        0.9891557693481445,
        0.03561209514737129,
        -0.14248721301555634,
        -0.29752710461616516,
        -0.030776910483837128,
        0.9988779425621033,
        0.03599606826901436,
        0.037602461874485016,
        0.14360922574996948,
        -0.03122040629386902,
        0.9891418814659119,
        1.6190470457077026
    ],
    [
        0.9860373139381409,
        0.03849788382649422,
        -0.16201375424861908,
        -0.33963558077812195,
        -0.032098859548568726,
        0.9986047744750977,
        0.04193161427974701,
        0.05052831768989563,
        0.1634020060300827,
        -0.03614567592740059,
        0.9858972430229187,
        1.8197695016860962
    ],
    [
        0.9831055402755737,
        0.03994056582450867,
        -0.17862902581691742,
        -0.3757273256778717,
        -0.031776875257492065,
        0.9983257055282593,
        0.04833299666643143,
        0.05487402155995369,
        0.18026039004325867,
        -0.04184016212821007,
        0.9827286601066589,
        1.9838831424713135
    ],
    [
        0.9796294569969177,
        0.04039071127772331,
        -0.19670943915843964,
        -0.3909129798412323,
        -0.031169459223747253,
        0.9982751607894897,
        0.049751147627830505,
        0.06199894845485687,
        0.19837962090969086,
        -0.04260636493563652,
        0.9791988134384155,
        2.13053560256958
    ],
    [
        0.9750134348869324,
        0.03964928537607193,
        -0.21857872605323792,
        -0.40555405616760254,
        -0.029703661799430847,
        0.9983764290809631,
        0.04860236868262291,
        0.0906202644109726,
        0.220150887966156,
        -0.04089537635445595,
        0.9746082425117493,
        2.2823686599731445
    ],
    [
        0.9708441495895386,
        0.040786124765872955,
        -0.2362164705991745,
        -0.4398998022079468,
        -0.030751140788197517,
        0.9984674453735352,
        0.04601309821009636,
        0.1377224624156952,
        0.23773112893104553,
        -0.03740761801600456,
        0.9706103801727295,
        2.3992440700531006
    ],
    [
        0.9663460850715637,
        0.04312267526984215,
        -0.25360551476478577,
        -0.48272860050201416,
        -0.033747389912605286,
        0.9985806345939636,
        0.041204992681741714,
        0.19446685910224915,
        0.25502240657806396,
        -0.03125975653529167,
        0.9664297103881836,
        2.505922555923462
    ],
    [
        0.9620092511177063,
        0.04320177435874939,
        -0.26957711577415466,
        -0.5220286250114441,
        -0.035444460809230804,
        0.998807430267334,
        0.03357980400323868,
        0.2565942704677582,
        0.27070626616477966,
        -0.02274906262755394,
        0.9623932242393494,
        2.6233956813812256
    ],
    [
        0.9593692421913147,
        0.04025449603796005,
        -0.27926722168922424,
        -0.5459927320480347,
        -0.033767011016607285,
        0.9990372657775879,
        0.028004413470625877,
        0.29871198534965515,
        0.2801256775856018,
        -0.0174365546554327,
        0.9598049521446228,
        2.7157254219055176
    ],
    [
        0.9589741826057434,
        0.03591467812657356,
        -0.2812092900276184,
        -0.5613247752189636,
        -0.028875824064016342,
        0.9991582632064819,
        0.029135890305042267,
        0.34137868881225586,
        0.2820189893245697,
        -0.01982041448354721,
        0.9592040777206421,
        2.8042516708374023
    ],
    [
        0.9591760635375977,
        0.03071119450032711,
        -0.28113704919815063,
        -0.578924298286438,
        -0.02247581072151661,
        0.9992198944091797,
        0.03247161582112312,
        0.3800879120826721,
        0.28191494941711426,
        -0.02482721209526062,
        0.959118127822876,
        2.896970748901367
    ],
    [
        0.9607191681861877,
        0.027445603162050247,
        -0.27616190910339355,
        -0.5952312350273132,
        -0.01828691177070141,
        0.9991957545280457,
        0.035685375332832336,
        0.4166167974472046,
        0.2769192159175873,
        -0.029233478009700775,
        0.9604483842849731,
        2.9736649990081787
    ],
    [
        0.9631680250167847,
        0.024296700954437256,
        -0.26780033111572266,
        -0.6095271706581116,
        -0.015091151930391788,
        0.9992241263389587,
        0.03637984022498131,
        0.44755983352661133,
        0.2684764564037323,
        -0.030998488888144493,
        0.962787389755249,
        3.050905466079712
    ],
    [
        0.967322826385498,
        0.022021252661943436,
        -0.25258976221084595,
        -0.6284745335578918,
        -0.013858573511242867,
        0.9993240833282471,
        0.0340498685836792,
        0.4743088483810425,
        0.25316888093948364,
        -0.029436687007546425,
        0.966974139213562,
        3.143449306488037
    ],
    [
        0.9703823924064636,
        0.021883627399802208,
        -0.24058084189891815,
        -0.6441146731376648,
        -0.015617414377629757,
        0.999488115310669,
        0.027922263368964195,
        0.4958289861679077,
        0.2410687357187271,
        -0.023338019847869873,
        0.9702274203300476,
        3.216944694519043
    ],
    [
        0.9729102849960327,
        0.023362284526228905,
        -0.22999940812587738,
        -0.6617209315299988,
        -0.019261186942458153,
        0.9996132850646973,
        0.0200602225959301,
        0.5187401175498962,
        0.2303791046142578,
        -0.015086734667420387,
        0.9729839563369751,
        3.2877748012542725
    ],
    [
        0.9755620360374451,
        0.02466375008225441,
        -0.2183356136083603,
        -0.6842432618141174,
        -0.02338280715048313,
        0.99969083070755,
        0.008449140936136246,
        0.5403440594673157,
        0.2184765338897705,
        -0.00313736405223608,
        0.9758370518684387,
        3.3625168800354004
    ],
    [
        0.977741003036499,
        0.025557884946465492,
        -0.20825313031673431,
        -0.7045048475265503,
        -0.026616623625159264,
        0.9996432065963745,
        -0.0022828078363090754,
        0.5504841804504395,
        0.2081204652786255,
        0.007774986792355776,
        0.9780722260475159,
        3.41813063621521
    ],
    [
        0.9797582626342773,
        0.026224616914987564,
        -0.19845937192440033,
        -0.7304602861404419,
        -0.029203416779637337,
        0.9995002746582031,
        -0.012097055092453957,
        0.5629120469093323,
        0.19804295897483826,
        0.017647884786128998,
        0.9800345301628113,
        3.4707298278808594
    ],
    [
        0.9811334609985352,
        0.025731395930051804,
        -0.19161193072795868,
        -0.7521961331367493,
        -0.03020058572292328,
        0.9993347525596619,
        -0.02043984644114971,
        0.5719455480575562,
        0.19095851480960846,
        0.025841008871793747,
        0.9812578558921814,
        3.5269813537597656
    ]
]