[
    [
        0.998956561088562,
        0.03985895216464996,
        -0.022294217720627785,
        -0.246897354722023,
        -0.03990330547094345,
        0.9992023706436157,
        -0.0015479549765586853,
        -0.020366746932268143,
        0.0222147349268198,
        0.0024359538219869137,
        0.9997501969337463,
        0.033154405653476715
    ],
    [
        0.9987950325012207,
        0.04262135177850723,
        -0.024331405758857727,
        -0.261566698551178,
        -0.04268724471330643,
        0.9990860819816589,
        -0.0021949412766844034,
        -0.02026715688407421,
        0.024215618148446083,
        0.0032309365924447775,
        0.9997014403343201,
        0.03495168313384056
    ],
    [
        0.9986565113067627,
        0.04521576315164566,
        -0.02531149797141552,
        -0.2782263159751892,
        -0.045282796025276184,
        0.9989719986915588,
        -0.0020813988521695137,
        -0.021095119416713715,
        0.02519136667251587,
        0.0032247784547507763,
        0.9996775388717651,
        0.03598806634545326
    ],
    [
        0.9985032081604004,
        0.04791725426912308,
        -0.026367509737610817,
        -0.29471874237060547,
        -0.04796987026929855,
        0.9988478422164917,
        -0.0013662020210176706,
        -0.022763021290302277,
        0.026271669194102287,
        0.002629003254696727,
        0.9996514320373535,
        0.03683919832110405
    ],
    [
        0.9983202815055847,
        0.05060266703367233,
        -0.02821202762424946,
        -0.3099859058856964,
        -0.050678037106990814,
        0.9987131357192993,
        -0.0019625071436166763,
        -0.02251560427248478,
        0.02807641588151455,
        0.003388940589502454,
        0.9995999932289124,
        0.03822926804423332
    ],
    [
        0.9981489777565002,
        0.053211767226457596,
        -0.029445791617035866,
        -0.3265014588832855,
        -0.05327330157160759,
        0.998579204082489,
        -0.001308795646764338,
        -0.02389553003013134,
        0.029334308579564095,
        0.002875047270208597,
        0.9995654225349426,
        0.03900871425867081
    ],
    [
        0.9978902339935303,
        0.056822892278432846,
        -0.03140130266547203,
        -0.34791064262390137,
        -0.056898247450590134,
        0.9983788728713989,
        -0.001510737231001258,
        -0.024256553500890732,
        0.03126455098390579,
        0.0032942292746156454,
        0.9995057582855225,
        0.04055803269147873
    ],
    [
        0.9976913332939148,
        0.059563811868429184,
        -0.03262142837047577,
        -0.3642365038394928,
        -0.0596047081053257,
        0.9982219934463501,
        -0.00028173148166388273,
        -0.026274098083376884,
        0.03254665061831474,
        0.002225472591817379,
        0.9994677901268005,
        0.04084530100226402
    ],
    [
        0.9974700212478638,
        0.0623587965965271,
        -0.03413192927837372,
        -0.3799903094768524,
        -0.062426771968603134,
        0.9980491399765015,
        -0.0009283397230319679,
        -0.02578963153064251,
        0.03400745242834091,
        0.0030567366629838943,
        0.9994169473648071,
        0.04207370802760124
    ],
    [
        0.9972338080406189,
        0.06504009664058685,
        -0.03598034381866455,
        -0.39487817883491516,
        -0.06512635201215744,
        0.9978762865066528,
        -0.0012290835147723556,
        -0.02570716105401516,
        0.03582398593425751,
        0.003568952204659581,
        0.9993516802787781,
        0.04309660196304321
    ],
    [
        0.9970121383666992,
        0.06768279522657394,
        -0.03722621500492096,
        -0.4104295074939728,
        -0.06774582713842392,
        0.9977025985717773,
        -0.0004328758514020592,
        -0.027152689173817635,
        0.03711139038205147,
        0.002953503280878067,
        0.9993066787719727,
        0.04358522221446037
    ],
    [
        0.9967986941337585,
        0.070211261510849,
        -0.038248460739851,
        -0.4263777434825897,
        -0.07025700062513351,
        0.9975289702415466,
        0.00014869775623083115,
        -0.028338177129626274,
        0.03816438838839531,
        0.002539000939577818,
        0.9992682337760925,
        0.044209398329257965
    ],
    [
        0.9964607954025269,
        0.07370994240045547,
        -0.04040630906820297,
        -0.4456201493740082,
        -0.07377158105373383,
        0.997275173664093,
        -3.4441949537722394e-05,
        -0.028511803597211838,
        0.040293674916028976,
        0.003015156602486968,
        0.9991832375526428,
        0.04533058777451515
    ],
    [
        0.9962292313575745,
        0.07619854062795639,
        -0.04148589074611664,
        -0.46067750453948975,
        -0.07624301314353943,
        0.997089147567749,
        0.0005111493519507349,
        -0.029475223273038864,
        0.041404083371162415,
        0.002653788309544325,
        0.9991388320922852,
        0.04555197060108185
    ],
    [
        0.9959884285926819,
        0.07856061309576035,
        -0.04284147918224335,
        -0.47528544068336487,
        -0.07861215621232986,
        0.9969050884246826,
        0.0004828201199416071,
        -0.029608584940433502,
        0.04274682700634003,
        0.0028869782108813524,
        0.9990817308425903,
        0.046339672058820724
    ],
    [
        0.9957202672958374,
        0.08104575425386429,
        -0.04441666975617409,
        -0.4891338348388672,
        -0.08108565211296082,
        0.9967067241668701,
        0.0009058139403350651,
        -0.030344674363732338,
        0.04434380680322647,
        0.002699617063626647,
        0.9990127086639404,
        0.04694027081131935
    ],
    [
        0.9954692721366882,
        0.08347541838884354,
        -0.045527759939432144,
        -0.5037614107131958,
        -0.08349152654409409,
        0.9965073466300964,
        0.0015509693184867501,
        -0.031285226345062256,
        0.04549821466207504,
        0.0022572402376681566,
        0.9989619255065918,
        0.04699796065688133
    ],
    [
        0.9952077269554138,
        0.08584670722484589,
        -0.04681776091456413,
        -0.5177767276763916,
        -0.0858527272939682,
        0.9963060617446899,
        0.0018859065603464842,
        -0.03173728659749031,
        0.04680671915411949,
        0.00214256439357996,
        0.9989016056060791,
        0.04742337763309479
    ],
    [
        0.9948389530181885,
        0.08918606489896774,
        -0.0483856201171875,
        -0.5370310544967651,
        -0.08917567133903503,
        0.9960130453109741,
        0.002377650700509548,
        -0.03224653750658035,
        0.04840477183461189,
        0.0019494410371407866,
        0.9988258481025696,
        0.04776569828391075
    ],
    [
        0.9945351481437683,
        0.09168858826160431,
        -0.049931734800338745,
        -0.5510496497154236,
        -0.0916871502995491,
        0.995785117149353,
        0.002324126660823822,
        -0.03207891434431076,
        0.049934376031160355,
        0.002266672905534506,
        0.998749852180481,
        0.04835694655776024
    ],
    [
        0.994236946105957,
        0.09426185488700867,
        -0.05106379836797714,
        -0.5663371086120605,
        -0.09423454105854034,
        0.9955456256866455,
        0.0029475423507392406,
        -0.03265516087412834,
        0.05111418664455414,
        0.0018814181676134467,
        0.9986911416053772,
        0.04856576398015022
    ],
    [
        0.993926465511322,
        0.09684957563877106,
        -0.052253447473049164,
        -0.5818599462509155,
        -0.09681162238121033,
        0.9952974319458008,
        0.0032628346234560013,
        -0.03261842951178551,
        0.05232371762394905,
        0.001815723953768611,
        0.9986286163330078,
        0.048658572137355804
    ],
    [
        0.9935668110847473,
        0.09954045712947845,
        -0.05400652065873146,
        -0.5967321991920471,
        -0.09948358684778214,
        0.9950321316719055,
        0.0037471235264092684,
        -0.03276655822992325,
        0.05411121994256973,
        0.0016497448086738586,
        0.9985334873199463,
        0.04872681573033333
    ],
    [
        0.9932135939598083,
        0.10236786305904388,
        -0.05520406737923622,
        -0.6130876541137695,
        -0.10226966440677643,
        0.9947460293769836,
        0.004608284682035446,
        -0.0333724319934845,
        0.0553857684135437,
        0.0010686905588954687,
        0.9984644651412964,
        0.04867204651236534
    ],
    [
        0.9927304983139038,
        0.10594777762889862,
        -0.05710657313466072,
        -0.6346017718315125,
        -0.1058114692568779,
        0.9943714141845703,
        0.005413922015577555,
        -0.03356921672821045,
        0.05735873430967331,
        0.0006679646321572363,
        0.9983534812927246,
        0.048688288778066635
    ]
]