[
    [
        0.9962841868400574,
        -0.06289735436439514,
        0.05883686617016792,
        0.13155411183834076,
        0.06247553601861,
        0.9980061054229736,
        0.008983410894870758,
        -0.047771502286195755,
        -0.05928458273410797,
        -0.005274164490401745,
        0.9982271790504456,
        0.021672679111361504
    ],
    [
        0.9956320524215698,
        -0.06861455738544464,
        0.06331556290388107,
        0.14309179782867432,
        0.06813953071832657,
        0.9976292252540588,
        0.009634288027882576,
        -0.0605454295873642,
        -0.06382651627063751,
        -0.005277913063764572,
        0.9979471564292908,
        0.022383173927664757
    ],
    [
        0.9946887493133545,
        -0.07647017389535904,
        0.06889490783214569,
        0.15962772071361542,
        0.07596477121114731,
        0.9970610737800598,
        0.009929973632097244,
        -0.08151888102293015,
        -0.06945177912712097,
        -0.004643647465854883,
        0.997574508190155,
        0.023492176085710526
    ],
    [
        0.9936069250106812,
        -0.08440586179494858,
        0.07497245073318481,
        0.17585885524749756,
        0.08396203815937042,
        0.9964277744293213,
        0.009057892486453056,
        -0.10560710728168488,
        -0.07546916604042053,
        -0.0027051446959376335,
        0.9971445202827454,
        0.023808786645531654
    ],
    [
        0.9927017688751221,
        -0.09020005166530609,
        0.08004492521286011,
        0.18811333179473877,
        0.08985714614391327,
        0.9959234595298767,
        0.007882987149059772,
        -0.1261068731546402,
        -0.08042965829372406,
        -0.0006328467861749232,
        0.9967601895332336,
        0.02398541383445263
    ],
    [
        0.9913794994354248,
        -0.09806971997022629,
        0.08688617497682571,
        0.20726792514324188,
        0.09796945750713348,
        0.9951745867729187,
        0.005427731201052666,
        -0.15485312044620514,
        -0.08699920028448105,
        0.003131250152364373,
        0.9962033629417419,
        0.024984918534755707
    ],
    [
        0.989910900592804,
        -0.10550987720489502,
        0.0945732593536377,
        0.22733451426029205,
        0.10579802095890045,
        0.9943856596946716,
        0.001976318657398224,
        -0.1842637062072754,
        -0.09425082057714462,
        0.008049284107983112,
        0.9955158829689026,
        0.025897599756717682
    ],
    [
        0.9887174963951111,
        -0.11072900146245956,
        0.10088049620389938,
        0.24294531345367432,
        0.11138734966516495,
        0.9937766790390015,
        -0.0008993013761937618,
        -0.20684915781021118,
        -0.10015310347080231,
        0.01212596520781517,
        0.9948981404304504,
        0.02667751908302307
    ],
    [
        0.9871081709861755,
        -0.11701105535030365,
        0.10920578986406326,
        0.2658155858516693,
        0.1182401031255722,
        0.992973268032074,
        -0.004825029522180557,
        -0.23672637343406677,
        -0.10787386447191238,
        0.017675330862402916,
        0.9940074682235718,
        0.027710674330592155
    ],
    [
        0.9853889346122742,
        -0.12261347472667694,
        0.11821360141038895,
        0.2888903021812439,
        0.12453392148017883,
        0.9921748042106628,
        -0.008969897404313087,
        -0.265806645154953,
        -0.11618872731924057,
        0.02356044016778469,
        0.9929475784301758,
        0.028779562562704086
    ],
    [
        0.9836359024047852,
        -0.12784011662006378,
        0.12695427238941193,
        0.3134332001209259,
        0.13052664697170258,
        0.9913591146469116,
        -0.0130380280315876,
        -0.29439815878868103,
        -0.12419047951698303,
        0.029395587742328644,
        0.9918228983879089,
        0.0290178582072258
    ],
    [
        0.9822702407836914,
        -0.13190539181232452,
        0.13321511447429657,
        0.33256763219833374,
        0.13516829907894135,
        0.9906980395317078,
        -0.01571429707109928,
        -0.31540101766586304,
        -0.1299031525850296,
        0.033442143350839615,
        0.990962564945221,
        0.029241280630230904
    ],
    [
        0.9804679155349731,
        -0.13726148009300232,
        0.1408618539571762,
        0.3580515384674072,
        0.14124256372451782,
        0.989799976348877,
        -0.01861678808927536,
        -0.3418170213699341,
        -0.13686968386173248,
        0.038148846477270126,
        0.9898541569709778,
        0.030660931020975113
    ],
    [
        0.9786083698272705,
        -0.1428067833185196,
        0.14809376001358032,
        0.3821195662021637,
        0.1474960297346115,
        0.9888370633125305,
        -0.021123185753822327,
        -0.36703547835350037,
        -0.14342406392097473,
        0.04251457005739212,
        0.9887475967407227,
        0.032127562910318375
    ],
    [
        0.9771987199783325,
        -0.14733771979808807,
        0.15288646519184113,
        0.4001322388648987,
        0.15248601138591766,
        0.9880506992340088,
        -0.02244827337563038,
        -0.3860013782978058,
        -0.14775210618972778,
        0.04524947330355644,
        0.9879887104034424,
        0.03338165208697319
    ],
    [
        0.9753282070159912,
        -0.15358689427375793,
        0.15857477486133575,
        0.4233776330947876,
        0.1593213826417923,
        0.986934244632721,
        -0.02402951568365097,
        -0.4107756018638611,
        -0.15281227231025696,
        0.04870101809501648,
        0.9870545268058777,
        0.03502705693244934
    ],
    [
        0.9734746813774109,
        -0.15955756604671478,
        0.1639774739742279,
        0.44504544138908386,
        0.16601134836673737,
        0.9857717752456665,
        -0.026347963139414787,
        -0.43288078904151917,
        -0.15744034945964813,
        0.05287119373679161,
        0.9861121773719788,
        0.03642197698354721
    ],
    [
        0.9715511798858643,
        -0.1656629592180252,
        0.16924597322940826,
        0.46487507224082947,
        0.17292149364948273,
        0.9845090508460999,
        -0.028983816504478455,
        -0.45381996035575867,
        -0.16182266175746918,
        0.05742552876472473,
        0.9851475358009338,
        0.037850864231586456
    ],
    [
        0.9701516628265381,
        -0.1700308471918106,
        0.17290255427360535,
        0.4791606664657593,
        0.17795772850513458,
        0.9835399389266968,
        -0.031311776489019394,
        -0.46815311908721924,
        -0.16473257541656494,
        0.06114652007818222,
        0.9844410419464111,
        0.03891872987151146
    ],
    [
        0.9683157205581665,
        -0.1757034957408905,
        0.177462637424469,
        0.49625810980796814,
        0.18458892405033112,
        0.982201874256134,
        -0.03473448008298874,
        -0.4862930178642273,
        -0.16820116341114044,
        0.06639158725738525,
        0.9835143089294434,
        0.03995094448328018
    ],
    [
        0.9665789604187012,
        -0.18123669922351837,
        0.18132446706295013,
        0.5119852423667908,
        0.19106848537921906,
        0.9808346629142761,
        -0.038161057978868484,
        -0.5038089156150818,
        -0.17093311250209808,
        0.07153106480836868,
        0.9826825857162476,
        0.04080425202846527
    ],
    [
        0.9653486609458923,
        -0.18510769307613373,
        0.18394894897937775,
        0.521773636341095,
        0.19562596082687378,
        0.9798370599746704,
        -0.04061936214566231,
        -0.5163297653198242,
        -0.1727210283279419,
        0.07519703358411789,
        0.9820961952209473,
        0.04168034717440605
    ],
    [
        0.9640229940414429,
        -0.1897185742855072,
        0.1861894428730011,
        0.5340481400489807,
        0.2011454701423645,
        0.9785565733909607,
        -0.044355347752571106,
        -0.5311009287834167,
        -0.1737818717956543,
        0.08021073788404465,
        0.9815121293067932,
        0.04285307228565216
    ],
    [
        0.9630404710769653,
        -0.19401799142360687,
        0.18684236705303192,
        0.5447168350219727,
        0.20622482895851135,
        0.9773222804069519,
        -0.04808725416660309,
        -0.5448393225669861,
        -0.173275426030159,
        0.08484151214361191,
        0.9812121987342834,
        0.04340868070721626
    ],
    [
        0.9623340368270874,
        -0.19803519546985626,
        0.186266228556633,
        0.5535418391227722,
        0.21087110042572021,
        0.9761496186256409,
        -0.05162758007645607,
        -0.5573608875274658,
        -0.1715996116399765,
        0.08896113932132721,
        0.981141984462738,
        0.04420002922415733
    ]
]