[
    [
        0.9999969005584717,
        0.0013383410405367613,
        -0.002121521392837167,
        0.03446146473288536,
        -0.0013527283445000648,
        0.9999760985374451,
        -0.006794651038944721,
        -0.029489032924175262,
        0.002112375805154443,
        0.006797500886023045,
        0.9999747276306152,
        1.4028446674346924
    ],
    [
        0.9999972581863403,
        0.0014289059909060597,
        -0.0018594617722555995,
        0.03520389273762703,
        -0.0014420830411836505,
        0.999973714351654,
        -0.007104556076228619,
        -0.02976168878376484,
        0.0018492612289264798,
        0.007107217330485582,
        0.9999728798866272,
        1.4253098964691162
    ],
    [
        0.9999985098838806,
        0.0012174579314887524,
        -0.0013071303255856037,
        0.03496503457427025,
        -0.0012267434503883123,
        0.9999738931655884,
        -0.007126420270651579,
        -0.031013790518045425,
        0.0012984208296984434,
        0.007128012366592884,
        0.9999737739562988,
        1.447696328163147
    ],
    [
        0.9999991655349731,
        0.0013001258485019207,
        -0.00034570926800370216,
        0.035426024347543716,
        -0.0013025664957240224,
        0.9999735951423645,
        -0.007155092898756266,
        -0.032202593982219696,
        0.0003363963041920215,
        0.007155537139624357,
        0.9999743103981018,
        1.4796802997589111
    ],
    [
        0.9999992847442627,
        0.0011495142243802547,
        0.00037578766932711005,
        0.03522419184446335,
        -0.0011468377197161317,
        0.9999745488166809,
        -0.007046093232929707,
        -0.03349241614341736,
        -0.0003838780103251338,
        0.007045656908303499,
        0.9999752044677734,
        1.5009044408798218
    ],
    [
        0.9999992251396179,
        0.0009468865464441478,
        0.0007455393788404763,
        0.036134734749794006,
        -0.0009415835374966264,
        0.9999745488166809,
        -0.007082055322825909,
        -0.03543670475482941,
        -0.0007522258092649281,
        0.007081347983330488,
        0.9999746084213257,
        1.5442702770233154
    ],
    [
        0.9999992251396179,
        0.001013706554658711,
        0.0008018227526918054,
        0.03680168092250824,
        -0.001007683458738029,
        0.9999715089797974,
        -0.007476148661226034,
        -0.03571094945073128,
        -0.000809377757832408,
        0.007475333753973246,
        0.9999717473983765,
        1.5656522512435913
    ],
    [
        0.9999989867210388,
        0.0013233450008556247,
        0.0005799134960398078,
        0.03808970749378204,
        -0.001318619935773313,
        0.9999665021896362,
        -0.008073748089373112,
        -0.03563359007239342,
        -0.0005905789439566433,
        0.008072975091636181,
        0.9999671578407288,
        1.5868443250656128
    ],
    [
        0.9999990463256836,
        0.0013920791679993272,
        6.968046363908798e-05,
        0.03899450600147247,
        -0.001391434925608337,
        0.9999627470970154,
        -0.008530872873961926,
        -0.03660759702324867,
        -8.155405521392822e-05,
        0.008530767634510994,
        0.9999635815620422,
        1.6197868585586548
    ],
    [
        0.9999995231628418,
        0.000991170760244131,
        -2.7463667720439844e-05,
        0.03847523033618927,
        -0.0009913613321259618,
        0.9999666213989258,
        -0.008119799196720123,
        -0.03903775289654732,
        1.9414970665820874e-05,
        0.008119822479784489,
        0.9999670386314392,
        1.6417042016983032
    ],
    [
        0.999998927116394,
        0.0014657663414254785,
        -0.0005500661209225655,
        0.040344297885894775,
        -0.0014705260982736945,
        0.9999606609344482,
        -0.008755171671509743,
        -0.03994191437959671,
        0.0005372103187255561,
        0.008755970746278763,
        0.9999614357948303,
        1.6842210292816162
    ],
    [
        0.9999986290931702,
        0.001604009885340929,
        -0.00026071391766890883,
        0.040410757064819336,
        -0.0016065650852397084,
        0.9999476075172424,
        -0.010115156881511211,
        -0.03889539837837219,
        0.00024447552277706563,
        0.010115562006831169,
        0.9999488592147827,
        1.7065248489379883
    ],
    [
        0.9999991059303284,
        0.001254616305232048,
        -0.00036602054024115205,
        0.04034559801220894,
        -0.001257952768355608,
        0.9999563694000244,
        -0.009263310581445694,
        -0.042371612042188644,
        0.000354382093064487,
        0.009263762272894382,
        0.9999570846557617,
        1.7380132675170898
    ],
    [
        0.9999987483024597,
        0.0015215401072055101,
        -0.00046729069435968995,
        0.040577102452516556,
        -0.0015258521307259798,
        0.9999549984931946,
        -0.009370313957333565,
        -0.043002694845199585,
        0.0004530115984380245,
        0.00937101524323225,
        0.9999558329582214,
        1.7594448328018188
    ],
    [
        0.9999986886978149,
        0.001614208915270865,
        -0.0004359814338386059,
        0.04068553447723389,
        -0.0016184471314772964,
        0.9999496340751648,
        -0.009901952929794788,
        -0.043233923614025116,
        0.0004199752293061465,
        0.009902644902467728,
        0.9999508261680603,
        1.7808103561401367
    ],
    [
        0.999998927116394,
        0.001429551630280912,
        -0.0002784206881187856,
        0.04018723964691162,
        -0.001432210672646761,
        0.9999510645866394,
        -0.009798625484108925,
        -0.045350078493356705,
        0.000264398695435375,
        0.009799012914299965,
        0.999951958656311,
        1.8229060173034668
    ],
    [
        0.9999993443489075,
        0.0012292201863601804,
        -0.0001637928799027577,
        0.03996676951646805,
        -0.0012307771248742938,
        0.9999505877494812,
        -0.009871523827314377,
        -0.04639986902475357,
        0.0001516506017651409,
        0.009871718473732471,
        0.999951183795929,
        1.8437354564666748
    ],
    [
        0.9999982118606567,
        0.0014049246674403548,
        -0.0013246734160929918,
        0.04151491820812225,
        -0.0014189084758982062,
        0.9999427199363708,
        -0.010614978149533272,
        -0.046795330941677094,
        0.001309684943407774,
        0.010616838932037354,
        0.9999427795410156,
        1.874643325805664
    ],
    [
        0.9999984502792358,
        0.0012737142387777567,
        -0.001229397370480001,
        0.04090212285518646,
        -0.001286926562897861,
        0.9999407529830933,
        -0.010806124657392502,
        -0.04752478748559952,
        0.001215561293065548,
        0.010807688347995281,
        0.9999409317970276,
        1.8953830003738403
    ],
    [
        0.999998152256012,
        0.0014390225987881422,
        -0.0012488473439589143,
        0.041454166173934937,
        -0.001453016302548349,
        0.9999353885650635,
        -0.011277403682470322,
        -0.047896504402160645,
        0.0012325376737862825,
        0.011279196478426456,
        0.9999355673789978,
        1.9164179563522339
    ],
    [
        0.9999989867210388,
        0.001401031157001853,
        1.840526965679601e-05,
        0.041485585272312164,
        -0.0014007427962496877,
        0.9999381899833679,
        -0.011028661392629147,
        -0.049914948642253876,
        -3.385435775271617e-05,
        0.011028624139726162,
        0.9999392032623291,
        1.9587327241897583
    ],
    [
        0.9999991655349731,
        0.001195599208585918,
        0.0004884421941824257,
        0.04099021852016449,
        -0.0011899098753929138,
        0.9999333620071411,
        -0.011486271396279335,
        -0.05039940029382706,
        -0.0005021434044465423,
        0.011485681869089603,
        0.9999338984489441,
        1.9797159433364868
    ],
    [
        0.999998927116394,
        0.0012600873596966267,
        0.0008548492332920432,
        0.041044723242521286,
        -0.001249820925295353,
        0.99992835521698,
        -0.011906660161912441,
        -0.050963133573532104,
        -0.0008697911398485303,
        0.011905577965080738,
        0.9999287128448486,
        2.010596990585327
    ],
    [
        0.9999966025352478,
        0.001298526767641306,
        0.002273718360811472,
        0.0389249250292778,
        -0.001270590233616531,
        0.9999242424964905,
        -0.012244965881109238,
        -0.05136352777481079,
        -0.002289447234943509,
        0.012242035008966923,
        0.9999223947525024,
        2.030639886856079
    ],
    [
        0.9999960660934448,
        0.0008371011936105788,
        0.0026756322477012873,
        0.03946110978722572,
        -0.0007962429081089795,
        0.9998836517333984,
        -0.015235226601362228,
        -0.04851315915584564,
        -0.00268807471729815,
        0.015233034268021584,
        0.999880313873291,
        2.0717945098876953
    ]
]