[
    [
        0.9675534963607788,
        -0.06458438187837601,
        0.24427276849746704,
        -0.017880670726299286,
        0.06229330971837044,
        0.9979113340377808,
        0.017101308330893517,
        -0.0767098218202591,
        -0.24486705660820007,
        -0.0013298698468133807,
        0.9695557355880737,
        0.2068559229373932
    ],
    [
        0.9643661975860596,
        -0.0663805827498436,
        0.2561083137989044,
        -0.018143724650144577,
        0.06396793574094772,
        0.9977940917015076,
        0.017748869955539703,
        -0.07811018824577332,
        -0.25672152638435364,
        -0.0007336887065321207,
        0.9664851427078247,
        0.22114995121955872
    ],
    [
        0.9603174328804016,
        -0.06874371320009232,
        0.27030491828918457,
        -0.01713055558502674,
        0.06603232026100159,
        0.99763423204422,
        0.019123191013932228,
        -0.08076366037130356,
        -0.27098003029823303,
        -0.0005154727259650826,
        0.962584912776947,
        0.23779800534248352
    ],
    [
        0.9568437933921814,
        -0.07060793787240982,
        0.28189408779144287,
        -0.016647819429636,
        0.06763425469398499,
        0.9975039958953857,
        0.020278139039874077,
        -0.08305434882640839,
        -0.2826223075389862,
        -0.00033731511211954057,
        0.9592311978340149,
        0.2509186267852783
    ],
    [
        0.9521769881248474,
        -0.07293055951595306,
        0.29671552777290344,
        -0.016230035573244095,
        0.0699889287352562,
        0.9973362684249878,
        0.02053971216082573,
        -0.08335833996534348,
        -0.2974231243133545,
        0.0012093593832105398,
        0.9547449946403503,
        0.26788264513015747
    ],
    [
        0.9482210278511047,
        -0.07487750053405762,
        0.3086585998535156,
        -0.015978088602423668,
        0.07171112298965454,
        0.9971913695335388,
        0.02160703018307686,
        -0.0853772908449173,
        -0.30940958857536316,
        0.0016460135811939836,
        0.9509274959564209,
        0.280874639749527
    ],
    [
        0.9429491758346558,
        -0.07728689163923264,
        0.32384181022644043,
        -0.015573285520076752,
        0.07386469841003418,
        0.9970060586929321,
        0.022865604609251022,
        -0.08769069612026215,
        -0.3246394693851471,
        0.0023593762889504433,
        0.9458348155021667,
        0.2967858612537384
    ],
    [
        0.9383735656738281,
        -0.07934298366308212,
        0.3363921642303467,
        -0.015713591128587723,
        0.07562163472175598,
        0.9968434572219849,
        0.024171756580471992,
        -0.09012654423713684,
        -0.33724820613861084,
        0.00275638815946877,
        0.9414117932319641,
        0.3096368908882141
    ],
    [
        0.9324665069580078,
        -0.08174861967563629,
        0.3518854081630707,
        -0.014803851023316383,
        0.07772643864154816,
        0.9966468214988708,
        0.025568541139364243,
        -0.09267101436853409,
        -0.35279566049575806,
        0.00350898876786232,
        0.9356938600540161,
        0.3253534138202667
    ],
    [
        0.9274988174438477,
        -0.08386329561471939,
        0.3642978072166443,
        -0.013489077799022198,
        0.07965357601642609,
        0.9964677095413208,
        0.026594944298267365,
        -0.09464418888092041,
        -0.3652413785457611,
        0.004350841045379639,
        0.9309026598930359,
        0.3377783000469208
    ],
    [
        0.9208930134773254,
        -0.08648457378149033,
        0.3801005482673645,
        -0.011585740372538567,
        0.08191119134426117,
        0.9962399005889893,
        0.028223944827914238,
        -0.09764506667852402,
        -0.38111230731010437,
        0.005143257789313793,
        0.9245143532752991,
        0.35387399792671204
    ],
    [
        0.91559898853302,
        -0.08865915238857269,
        0.3921964466571808,
        -0.008204832673072815,
        0.08383788913488388,
        0.996044397354126,
        0.02944077178835869,
        -0.10003945976495743,
        -0.3932552635669708,
        0.005924984812736511,
        0.9194101095199585,
        0.3663252294063568
    ],
    [
        0.9087852835655212,
        -0.09123171120882034,
        0.40716835856437683,
        -0.0027514167595654726,
        0.08614074438810349,
        0.9958048462867737,
        0.030860822647809982,
        -0.10270130634307861,
        -0.4082757234573364,
        0.007027923595160246,
        0.9128316640853882,
        0.3818988502025604
    ],
    [
        0.9030511379241943,
        -0.09322391450405121,
        0.41929447650909424,
        0.0019283180590718985,
        0.08795196563005447,
        0.9956127405166626,
        0.03193408623337746,
        -0.10473506897687912,
        -0.4204319715499878,
        0.008039656095206738,
        0.9072884917259216,
        0.39474722743034363
    ],
    [
        0.8955062627792358,
        -0.09591816365718842,
        0.4345897138118744,
        0.007773160934448242,
        0.09018252044916153,
        0.995349645614624,
        0.033855147659778595,
        -0.10835334658622742,
        -0.43581604957580566,
        0.008874902501702309,
        0.8999919295310974,
        0.4112967550754547
    ],
    [
        0.8892562985420227,
        -0.09803133457899094,
        0.446780800819397,
        0.012942848727107048,
        0.09210611134767532,
        0.9951329827308655,
        0.03502450883388519,
        -0.11046987026929855,
        -0.44803985953330994,
        0.01000547781586647,
        0.8939575552940369,
        0.4249350428581238
    ],
    [
        0.8812608122825623,
        -0.10052910447120667,
        0.4618150293827057,
        0.020164556801319122,
        0.09462052583694458,
        0.9948621392250061,
        0.03600408136844635,
        -0.11204060912132263,
        -0.4630618095397949,
        0.01196819357573986,
        0.8862451314926147,
        0.4419390857219696
    ],
    [
        0.8748043179512024,
        -0.10247483104467392,
        0.4735148251056671,
        0.02641654759645462,
        0.09651140868663788,
        0.9946457147598267,
        0.036952465772628784,
        -0.11367835849523544,
        -0.47476622462272644,
        0.013373414985835552,
        0.8800103664398193,
        0.45545947551727295
    ],
    [
        0.8667309284210205,
        -0.10473985224962234,
        0.4876546263694763,
        0.035284433513879776,
        0.09862533211708069,
        0.9943879246711731,
        0.03828612342476845,
        -0.11576882004737854,
        -0.4889278709888458,
        0.01491133589297533,
        0.8721967935562134,
        0.47183340787887573
    ],
    [
        0.8601150512695312,
        -0.10646925866603851,
        0.49886515736579895,
        0.042562343180179596,
        0.10047364234924316,
        0.994176983833313,
        0.038949210196733475,
        -0.11672955006361008,
        -0.5001071691513062,
        0.016621991991996765,
        0.8658040165901184,
        0.4851324260234833
    ],
    [
        0.8514955043792725,
        -0.1084621399641037,
        0.5130218267440796,
        0.05137798562645912,
        0.10261701047420502,
        0.9939237833023071,
        0.039813484996557236,
        -0.1180010661482811,
        -0.5142228007316589,
        0.01874375343322754,
        0.8574517965316772,
        0.5017741322517395
    ],
    [
        0.8443176746368408,
        -0.11004656553268433,
        0.5244211554527283,
        0.058198295533657074,
        0.10419466346502304,
        0.9937208294868469,
        0.04077288135886192,
        -0.11943124979734421,
        -0.5256151556968689,
        0.02021663263440132,
        0.8504821062088013,
        0.5153996348381042
    ],
    [
        0.8350440263748169,
        -0.11230780929327011,
        0.5385985374450684,
        0.06714021414518356,
        0.10637201368808746,
        0.9934292435646057,
        0.04222915694117546,
        -0.12180943787097931,
        -0.5398021936416626,
        0.0220286026597023,
        0.8415035605430603,
        0.5326293110847473
    ],
    [
        0.827376663684845,
        -0.11408837139606476,
        0.5499377846717834,
        0.07451822608709335,
        0.10800961405038834,
        0.9931957125663757,
        0.04354570060968399,
        -0.12394990772008896,
        -0.5511639714241028,
        0.02336988039314747,
        0.834069550037384,
        0.546371340751648
    ],
    [
        0.8175783157348633,
        -0.11604373157024384,
        0.5640031695365906,
        0.08438423275947571,
        0.10992968827486038,
        0.9929229021072388,
        0.04494006186723709,
        -0.12608212232589722,
        -0.5652266144752502,
        0.02525867149233818,
        0.8245488405227661,
        0.5635818839073181
    ]
]