[
    [
        0.9991425275802612,
        0.005149343982338905,
        -0.04108138754963875,
        0.03317994624376297,
        -0.00579557241871953,
        0.9998611211776733,
        -0.015626881271600723,
        -0.04426403343677521,
        0.04099521413445473,
        0.015851570293307304,
        0.9990335702896118,
        0.6285892724990845
    ],
    [
        0.998633861541748,
        0.013464108109474182,
        -0.0504889041185379,
        0.006940067745745182,
        -0.014658356085419655,
        0.999619722366333,
        -0.023358462378382683,
        -0.06319957226514816,
        0.05015520378947258,
        0.024066634476184845,
        0.9984513521194458,
        0.8548194766044617
    ],
    [
        0.9980911612510681,
        0.024316901341080666,
        -0.05677008256316185,
        -0.0382176898419857,
        -0.025943629443645477,
        0.9992685317993164,
        -0.028095602989196777,
        -0.06414994597434998,
        0.05604536086320877,
        0.029514793306589127,
        0.9979919195175171,
        1.1168102025985718
    ],
    [
        0.9975479245185852,
        0.03396586701273918,
        -0.061192866414785385,
        -0.04932239651679993,
        -0.03601069375872612,
        0.9988186359405518,
        -0.03262883052229881,
        -0.07868122309446335,
        0.06001230329275131,
        0.03475242108106613,
        0.997592568397522,
        1.3748846054077148
    ],
    [
        0.9972368478775024,
        0.03894936665892601,
        -0.06325909495353699,
        -0.022784041240811348,
        -0.041151728481054306,
        0.9985779523849487,
        -0.03389311954379082,
        -0.09434201568365097,
        0.061849016696214676,
        0.036402683705091476,
        0.9974215030670166,
        1.6171778440475464
    ],
    [
        0.9973090291023254,
        0.042198482900857925,
        -0.05995062366127968,
        0.00872147735208273,
        -0.04431898146867752,
        0.9984217882156372,
        -0.03449225798249245,
        -0.11087575554847717,
        0.05840048938989639,
        0.03705638647079468,
        0.9976052641868591,
        1.8514785766601562
    ],
    [
        0.9977495074272156,
        0.047994326800107956,
        -0.04682178050279617,
        0.023443669080734253,
        -0.049527451395988464,
        0.9982551336288452,
        -0.032151978462934494,
        -0.12503904104232788,
        0.04519697278738022,
        0.034398581832647324,
        0.9983856678009033,
        2.0989465713500977
    ],
    [
        0.99826580286026,
        0.05107871815562248,
        -0.029262205585837364,
        0.044346265494823456,
        -0.051932595670223236,
        0.9982235431671143,
        -0.02920350804924965,
        -0.1374206840991974,
        0.027718544006347656,
        0.030672527849674225,
        0.9991450309753418,
        2.2947051525115967
    ],
    [
        0.9986407160758972,
        0.05198798328638077,
        -0.003759484039619565,
        0.08090858906507492,
        -0.05206397920846939,
        0.9983505606651306,
        -0.024199778214097023,
        -0.15048520267009735,
        0.0024951838422566652,
        0.02436261624097824,
        0.9997000098228455,
        2.4841418266296387
    ],
    [
        0.9981583952903748,
        0.05118213966488838,
        0.03256336227059364,
        0.12482739239931107,
        -0.0506095327436924,
        0.9985532164573669,
        -0.018172433599829674,
        -0.16229447722434998,
        -0.03344635292887688,
        0.01649094931781292,
        0.9993044137954712,
        2.655484914779663
    ],
    [
        0.9963567852973938,
        0.04756573587656021,
        0.07078669965267181,
        0.16066239774227142,
        -0.046677228063344955,
        0.9988097548484802,
        -0.014154455624520779,
        -0.1750401258468628,
        -0.07137572020292282,
        0.010798759758472443,
        0.9973909854888916,
        2.7759175300598145
    ],
    [
        0.9933270812034607,
        0.0400666780769825,
        0.10814887285232544,
        0.20784123241901398,
        -0.03902481868863106,
        0.9991694092750549,
        -0.011733726598322392,
        -0.18336553871631622,
        -0.10852916538715363,
        0.007434936240315437,
        0.9940654039382935,
        2.8561689853668213
    ],
    [
        0.9873486757278442,
        0.03481834754347801,
        0.154694065451622,
        0.2503269910812378,
        -0.03423519805073738,
        0.9993931651115417,
        -0.00643291138112545,
        -0.17914825677871704,
        -0.1548241525888443,
        0.0010555429616943002,
        0.9879414439201355,
        2.9203994274139404
    ],
    [
        0.9802824258804321,
        0.029030628502368927,
        0.1954570710659027,
        0.28249412775039673,
        -0.028897512704133987,
        0.9995761513710022,
        -0.0035332522820681334,
        -0.17487506568431854,
        -0.19547680020332336,
        -0.002184636890888214,
        0.9807059168815613,
        2.9565646648406982
    ],
    [
        0.9720795154571533,
        0.022687021642923355,
        0.23355256021022797,
        0.3084110617637634,
        -0.022192006930708885,
        0.9997425079345703,
        -0.004747470375150442,
        -0.17377904057502747,
        -0.23360009491443634,
        -0.00056808115914464,
        0.9723325967788696,
        2.96553373336792
    ],
    [
        0.9613967537879944,
        0.0150045370683074,
        0.2747567594051361,
        0.33986926078796387,
        -0.013221119530498981,
        0.9998777508735657,
        -0.008341788314282894,
        -0.17450961470603943,
        -0.2748483419418335,
        0.004387175664305687,
        0.961477518081665,
        2.954331636428833
    ],
    [
        0.948693573474884,
        0.008022905327379704,
        0.3160952627658844,
        0.36505773663520813,
        -0.00497893150895834,
        0.9999331831932068,
        -0.010436372831463814,
        -0.17435812950134277,
        -0.31615787744522095,
        0.008327102288603783,
        0.9486701488494873,
        2.9402430057525635
    ],
    [
        0.9326735138893127,
        0.002350339898839593,
        0.3607138395309448,
        0.38676220178604126,
        0.0019434404093772173,
        0.9999315738677979,
        -0.011540379375219345,
        -0.17654308676719666,
        -0.3607162833213806,
        0.011464432813227177,
        0.9326050281524658,
        2.9170236587524414
    ],
    [
        0.9121856093406677,
        -0.002768378471955657,
        0.40976786613464355,
        0.4079897403717041,
        0.008558622561395168,
        0.9998877644538879,
        -0.012297168374061584,
        -0.17488962411880493,
        -0.4096878468990326,
        0.01472434587776661,
        0.9121068120002747,
        2.8886945247650146
    ],
    [
        0.8910167813301086,
        -0.006529644131660461,
        0.45392340421676636,
        0.42670968174934387,
        0.014149635098874569,
        0.9998101592063904,
        -0.01339243445545435,
        -0.1726624220609665,
        -0.45374995470046997,
        0.018355727195739746,
        0.8909400701522827,
        2.859661817550659
    ],
    [
        0.8676847219467163,
        -0.009937608614563942,
        0.49701550602912903,
        0.448060542345047,
        0.019685201346874237,
        0.9997028112411499,
        -0.014377603307366371,
        -0.16838960349559784,
        -0.4967249929904938,
        0.022259077057242393,
        0.8676225543022156,
        2.830458641052246
    ],
    [
        0.8400688767433167,
        -0.013364375568926334,
        0.5423150062561035,
        0.4700937569141388,
        0.025339802727103233,
        0.9995719790458679,
        -0.014619783498346806,
        -0.1664789915084839,
        -0.5418875217437744,
        0.026023784652352333,
        0.8400479555130005,
        2.799661874771118
    ],
    [
        0.8139146566390991,
        -0.013883673585951328,
        0.5808185338973999,
        0.4836425483226776,
        0.028162740170955658,
        0.9994819164276123,
        -0.01557384617626667,
        -0.16424404084682465,
        -0.5803015232086182,
        0.029033225029706955,
        0.8138840198516846,
        2.7749247550964355
    ],
    [
        0.791023313999176,
        -0.011314332485198975,
        0.6116811633110046,
        0.49340397119522095,
        0.028506992384791374,
        0.9994245767593384,
        -0.018378637731075287,
        -0.15986448526382446,
        -0.611121416091919,
        0.03197512775659561,
        0.7908908128738403,
        2.750486373901367
    ],
    [
        0.7726475596427917,
        -0.007449917495250702,
        0.6347915530204773,
        0.5006032586097717,
        0.0284913070499897,
        0.9993306398391724,
        -0.02295052632689476,
        -0.15640531480312347,
        -0.6341955661773682,
        0.035818714648485184,
        0.7723424434661865,
        2.729950428009033
    ]
]