[
    [
        0.9997872114181519,
        0.017449580132961273,
        -0.011001911014318466,
        -0.020110594108700752,
        -0.017765406519174576,
        0.9994129538536072,
        -0.029294220730662346,
        -0.1300482600927353,
        0.010484280064702034,
        0.02948344126343727,
        0.9995102882385254,
        0.003239536890760064
    ],
    [
        0.9989409446716309,
        0.03410482406616211,
        -0.03088328242301941,
        -0.077571801841259,
        -0.03551648184657097,
        0.9982924461364746,
        -0.04637731984257698,
        -0.2506136894226074,
        0.029248856008052826,
        0.04742507264018059,
        0.998446524143219,
        -0.024861974641680717
    ],
    [
        0.9973568320274353,
        0.04180113598704338,
        -0.05943167954683304,
        -0.14820562303066254,
        -0.04540114104747772,
        0.9971306324005127,
        -0.060572732239961624,
        -0.36259934306144714,
        0.05672914907336235,
        0.06311088800430298,
        0.9963929057121277,
        -0.052490442991256714
    ],
    [
        0.9943498969078064,
        0.04880031570792198,
        -0.09427008777856827,
        -0.2445872575044632,
        -0.05531367287039757,
        0.9961671233177185,
        -0.06776151061058044,
        -0.44066908955574036,
        0.09060198068618774,
        0.0725930705666542,
        0.9932378530502319,
        -0.05772969871759415
    ],
    [
        0.9886502623558044,
        0.05620947852730751,
        -0.13932372629642487,
        -0.3945854604244232,
        -0.0663299486041069,
        0.9954028129577637,
        -0.06909121572971344,
        -0.5021253824234009,
        0.13479964435100555,
        0.07754838466644287,
        0.9878337383270264,
        -0.037512339651584625
    ],
    [
        0.9809831380844116,
        0.052296340465545654,
        -0.18691475689411163,
        -0.54880291223526,
        -0.06588583439588547,
        0.9955588579177856,
        -0.06724358350038528,
        -0.5475600361824036,
        0.1825680285692215,
        0.07827985286712646,
        0.980072021484375,
        -0.019317064434289932
    ],
    [
        0.9682124257087708,
        0.04569520428776741,
        -0.24591998755931854,
        -0.6850919723510742,
        -0.06257355958223343,
        0.9961585998535156,
        -0.061259083449840546,
        -0.5627995729446411,
        0.24217605590820312,
        0.07469988614320755,
        0.9673523902893066,
        0.021813374012708664
    ],
    [
        0.9492654800415039,
        0.04113380238413811,
        -0.31177419424057007,
        -0.8014946579933167,
        -0.05965201184153557,
        0.9969616532325745,
        -0.0500900074839592,
        -0.5746917724609375,
        0.30876654386520386,
        0.06614667177200317,
        0.9488350749015808,
        0.11872244626283646
    ],
    [
        0.9261665940284729,
        0.04041336849331856,
        -0.3749428391456604,
        -0.9258389472961426,
        -0.058855634182691574,
        0.9975482225418091,
        -0.03786134347319603,
        -0.5869158506393433,
        0.3724934756755829,
        0.05713341012597084,
        0.9262744188308716,
        0.2318054586648941
    ],
    [
        0.8957096934318542,
        0.04226594790816307,
        -0.44262585043907166,
        -1.1096374988555908,
        -0.059931591153144836,
        0.9978640675544739,
        -0.025994054973125458,
        -0.5843256711959839,
        0.44058170914649963,
        0.049810394644737244,
        0.8963297009468079,
        0.37173452973365784
    ],
    [
        0.8627105951309204,
        0.043601203709840775,
        -0.5038148164749146,
        -1.2637258768081665,
        -0.061138544231653214,
        0.9979611039161682,
        -0.018325315788388252,
        -0.6011882424354553,
        0.5019885301589966,
        0.04661194607615471,
        0.8636173605918884,
        0.48706933856010437
    ],
    [
        0.8190689086914062,
        0.04779103025794029,
        -0.5717009902000427,
        -1.4210165739059448,
        -0.06510575115680695,
        0.9978296160697937,
        -0.009863192215561867,
        -0.632742702960968,
        0.5699889063835144,
        0.04529966041445732,
        0.8204026222229004,
        0.6377866268157959
    ],
    [
        0.7720816731452942,
        0.05676235631108284,
        -0.6329833269119263,
        -1.6207250356674194,
        -0.07518112659454346,
        0.9971672892570496,
        -0.0022818860597908497,
        -0.6374777555465698,
        0.6310608386993408,
        0.04935019835829735,
        0.7741621136665344,
        0.8224644660949707
    ],
    [
        0.7221831679344177,
        0.06432022899389267,
        -0.6887048482894897,
        -1.8007152080535889,
        -0.08305847644805908,
        0.9965267777442932,
        0.005972676444798708,
        -0.651249885559082,
        0.6866970658302307,
        0.0528893917798996,
        0.725017249584198,
        1.0118147134780884
    ],
    [
        0.6556091904640198,
        0.07184866815805435,
        -0.751674473285675,
        -2.003633975982666,
        -0.0886482447385788,
        0.9959026575088501,
        0.01787431910634041,
        -0.6691163778305054,
        0.7498787045478821,
        0.05491604283452034,
        0.6592921614646912,
        1.2336715459823608
    ],
    [
        0.5884888768196106,
        0.0809464380145073,
        -0.8044429421424866,
        -2.222271680831909,
        -0.10092476010322571,
        0.9945478439331055,
        0.026244258508086205,
        -0.6723126769065857,
        0.8021813631057739,
        0.06574376672506332,
        0.5934497714042664,
        1.3852406740188599
    ],
    [
        0.5050646066665649,
        0.0807584673166275,
        -0.8592949509620667,
        -2.4507675170898438,
        -0.10580269992351532,
        0.9938968420028687,
        0.03122139535844326,
        -0.6924640536308289,
        0.8565719723701477,
        0.07514689117670059,
        0.5105265974998474,
        1.5160129070281982
    ],
    [
        0.4186473786830902,
        0.07866478711366653,
        -0.9047355055809021,
        -2.6735732555389404,
        -0.11017849296331406,
        0.9932817816734314,
        0.03538092225790024,
        -0.7229322195053101,
        0.9014406204223633,
        0.08487025648355484,
        0.42450201511383057,
        1.6353386640548706
    ],
    [
        0.3211688995361328,
        0.07558533549308777,
        -0.9440007209777832,
        -2.949815034866333,
        -0.11843565851449966,
        0.9921896457672119,
        0.03914947807788849,
        -0.7232159376144409,
        0.939586877822876,
        0.09922975301742554,
        0.3276124894618988,
        1.7314095497131348
    ],
    [
        0.2376231998205185,
        0.06760845333337784,
        -0.9690017104148865,
        -3.224118709564209,
        -0.12414593994617462,
        0.9915076494216919,
        0.038735076785087585,
        -0.7330966591835022,
        0.9633913040161133,
        0.11109336465597153,
        0.2439982146024704,
        1.7955740690231323
    ],
    [
        0.1762661337852478,
        0.06277245283126831,
        -0.9823390245437622,
        -3.476597309112549,
        -0.12415643781423569,
        0.9914122223854065,
        0.04107416421175003,
        -0.7287174463272095,
        0.9764810800552368,
        0.11472379416227341,
        0.18254606425762177,
        1.8509533405303955
    ],
    [
        0.12939229607582092,
        0.06008458510041237,
        -0.9897714257240295,
        -3.771881103515625,
        -0.11925186961889267,
        0.9918608665466309,
        0.044621650129556656,
        -0.7249616980552673,
        0.9843966364860535,
        0.11225838214159012,
        0.13550467789173126,
        1.8965870141983032
    ],
    [
        0.09337460249662399,
        0.06091473996639252,
        -0.9937658905982971,
        -4.067986011505127,
        -0.11714618653059006,
        0.9918657541275024,
        0.04979114234447479,
        -0.7144634127616882,
        0.9887153506278992,
        0.11176662147045135,
        0.09975125640630722,
        1.9134830236434937
    ],
    [
        0.04931621253490448,
        0.06331029534339905,
        -0.9967746734619141,
        -4.370763301849365,
        -0.11492005735635757,
        0.9917205572128296,
        0.057303499430418015,
        -0.7173913717269897,
        0.992149829864502,
        0.11172346025705338,
        0.05618348345160484,
        1.9515098333358765
    ],
    [
        -0.00036339976941235363,
        0.06697561591863632,
        -0.9977545738220215,
        -4.660390853881836,
        -0.1128741130232811,
        0.9913754463195801,
        0.06658855080604553,
        -0.7351861000061035,
        0.9936091303825378,
        0.11264489591121674,
        0.007199433632194996,
        2.0083086490631104
    ]
]