[
    [
        0.9979172945022583,
        -0.0055454629473388195,
        0.06426597386598587,
        -0.5185778737068176,
        0.005738878156989813,
        0.999979555606842,
        -0.002825423376634717,
        -0.013179401867091656,
        -0.06424898654222488,
        0.003188354428857565,
        0.9979287385940552,
        0.13767704367637634
    ],
    [
        0.9931982755661011,
        -0.008884141221642494,
        0.11609674245119095,
        -0.8715314865112305,
        0.010097509250044823,
        0.9999004006385803,
        -0.009867398999631405,
        -0.02347411774098873,
        -0.11599749326705933,
        0.010972571559250355,
        0.9931888580322266,
        0.23551282286643982
    ],
    [
        0.9847099184989929,
        -0.013897809199988842,
        0.1736469715833664,
        -1.1543482542037964,
        0.01605779491364956,
        0.9998100996017456,
        -0.0110402163118124,
        -0.006970095448195934,
        -0.17346058785915375,
        0.013659797608852386,
        0.9847460985183716,
        0.3808823525905609
    ],
    [
        0.9750339984893799,
        -0.016914313659071922,
        0.22141025960445404,
        -1.3993295431137085,
        0.020447324961423874,
        0.9996973872184753,
        -0.013674363493919373,
        -0.007895166054368019,
        -0.2211119681596756,
        0.01786021888256073,
        0.9750848412513733,
        0.6176003813743591
    ],
    [
        0.9613083600997925,
        -0.019628981128335,
        0.2747742235660553,
        -1.6362870931625366,
        0.024630511179566383,
        0.9995875358581543,
        -0.014763513579964638,
        -0.043947793543338776,
        -0.27437105774879456,
        0.020960120484232903,
        0.9613954424858093,
        0.8558070063591003
    ],
    [
        0.9439866542816162,
        -0.023713061586022377,
        0.3291303515434265,
        -1.7636332511901855,
        0.030769551172852516,
        0.9993944764137268,
        -0.016246888786554337,
        -0.07057543843984604,
        -0.32854580879211426,
        0.025464041158556938,
        0.944144606590271,
        1.0214606523513794
    ],
    [
        0.9192493557929993,
        -0.02647995389997959,
        0.39278432726860046,
        -1.8680827617645264,
        0.03624700382351875,
        0.9991901516914368,
        -0.01746893674135208,
        -0.10129014402627945,
        -0.3920036554336548,
        0.030295560136437416,
        0.9194647073745728,
        1.2625486850738525
    ],
    [
        0.8902862071990967,
        -0.030085748061537743,
        0.45440661907196045,
        -1.978208065032959,
        0.04098420962691307,
        0.9990596175193787,
        -0.014150812290608883,
        -0.10914722084999084,
        -0.45355355739593506,
        0.031221769750118256,
        0.8906819820404053,
        1.5142697095870972
    ],
    [
        0.8646106123924255,
        -0.03255710378289223,
        0.5013867020606995,
        -1.9933924674987793,
        0.045647814869880676,
        0.9988614916801453,
        -0.013856668956577778,
        -0.07869887351989746,
        -0.5003647208213806,
        0.03486783429980278,
        0.8651123642921448,
        1.7486778497695923
    ],
    [
        0.8431665897369385,
        -0.035936497151851654,
        0.5364500284194946,
        -1.9050674438476562,
        0.04965120553970337,
        0.9987044930458069,
        -0.011136719956994057,
        -0.03237832710146904,
        -0.5353547930717468,
        0.03602549806237221,
        0.843858540058136,
        2.065321445465088
    ],
    [
        0.8263280391693115,
        -0.038885314017534256,
        0.561845064163208,
        -1.7775360345840454,
        0.05277665704488754,
        0.9985701441764832,
        -0.008509676903486252,
        0.011510881595313549,
        -0.5607107281684875,
        0.03668408840894699,
        0.8271987438201904,
        2.3455007076263428
    ],
    [
        0.8132244944572449,
        -0.041171394288539886,
        0.5804917812347412,
        -1.6389567852020264,
        0.05486040934920311,
        0.9984757304191589,
        -0.006038310006260872,
        0.05196483060717583,
        -0.5793583393096924,
        0.03675651550292969,
        0.8142437934875488,
        2.605395555496216
    ],
    [
        0.8044114112854004,
        -0.040592800825834274,
        0.5926840305328369,
        -1.5479254722595215,
        0.05561091750860214,
        0.9984273314476013,
        -0.007095005828887224,
        0.061720069497823715,
        -0.5914638638496399,
        0.03866700455546379,
        0.8054037094116211,
        2.852996826171875
    ],
    [
        0.7946736216545105,
        -0.03941173106431961,
        0.6057561635971069,
        -1.485458254814148,
        0.055772267282009125,
        0.9984096884727478,
        -0.008207413367927074,
        0.07202751189470291,
        -0.6044694781303406,
        0.040306609123945236,
        0.7956079840660095,
        3.149948835372925
    ],
    [
        0.7812409400939941,
        -0.03910093382000923,
        0.6230037808418274,
        -1.4502503871917725,
        0.0562170036137104,
        0.99838787317276,
        -0.00783483311533928,
        0.08112971484661102,
        -0.6216930747032166,
        0.04114430025219917,
        0.7821795344352722,
        3.474838972091675
    ],
    [
        0.768193781375885,
        -0.037872932851314545,
        0.6390962600708008,
        -1.4237910509109497,
        0.05705099552869797,
        0.99832683801651,
        -0.00941431988030672,
        0.08483056724071503,
        -0.6376702785491943,
        0.043693095445632935,
        0.7690691947937012,
        3.7465660572052
    ],
    [
        0.7538205981254578,
        -0.0384913831949234,
        0.6559518575668335,
        -1.3903157711029053,
        0.05821633338928223,
        0.9982693195343018,
        -0.008323630318045616,
        0.07445532083511353,
        -0.6544963121414185,
        0.04446164146065712,
        0.7547568082809448,
        4.069864749908447
    ],
    [
        0.7424021363258362,
        -0.03806876763701439,
        0.6688721179962158,
        -1.409409761428833,
        0.058284077793359756,
        0.9982689619064331,
        -0.007874978706240654,
        0.03798667713999748,
        -0.6674145460128784,
        0.04483099281787872,
        0.7433357238769531,
        4.365689277648926
    ],
    [
        0.728534460067749,
        -0.035809226334095,
        0.6840726137161255,
        -1.473140835762024,
        0.058830708265304565,
        0.9982138276100159,
        -0.010400847531855106,
        -0.009323573671281338,
        -0.6824782490730286,
        0.047821853309869766,
        0.7293397784233093,
        4.626469612121582
    ],
    [
        0.7124911546707153,
        -0.03800620883703232,
        0.7006510496139526,
        -1.64235520362854,
        0.0586729496717453,
        0.9982620477676392,
        -0.005514593794941902,
        -0.031296513974666595,
        -0.6992236971855164,
        0.045038364827632904,
        0.7134827375411987,
        4.924718379974365
    ],
    [
        0.6905909776687622,
        -0.03491643816232681,
        0.7224022746086121,
        -1.8192784786224365,
        0.059147510677576065,
        0.9982147216796875,
        -0.008295411244034767,
        -0.08625417947769165,
        -0.7208229303359985,
        0.04845702275633812,
        0.6914232969284058,
        5.220651626586914
    ],
    [
        0.6558831334114075,
        -0.03710132837295532,
        0.7539501786231995,
        -1.9364399909973145,
        0.06254156678915024,
        0.9980283379554749,
        -0.0052944933995604515,
        -0.11755472421646118,
        -0.7522671222686768,
        0.050625789910554886,
        0.6569103598594666,
        5.490050792694092
    ],
    [
        0.6276744604110718,
        -0.03884265199303627,
        0.7775063514709473,
        -2.009183883666992,
        0.06493023782968521,
        0.9978865385055542,
        -0.002565243747085333,
        -0.13577412068843842,
        -0.7757635116577148,
        0.05209381505846977,
        0.628869891166687,
        5.780589580535889
    ],
    [
        0.601661205291748,
        -0.04089910164475441,
        0.7977036237716675,
        -2.07698655128479,
        0.06708163022994995,
        0.9977473616600037,
        0.0005597972776740789,
        -0.18063008785247803,
        -0.7959296703338623,
        0.0531744584441185,
        0.6030493974685669,
        6.041397571563721
    ],
    [
        0.5762314200401306,
        -0.040663719177246094,
        0.8162743449211121,
        -2.1426477432250977,
        0.06907644867897034,
        0.9976109862327576,
        0.0009341861587017775,
        -0.20678198337554932,
        -0.8143622279167175,
        0.05584702268242836,
        0.5776637196540833,
        6.292328357696533
    ]
]