[
    [
        0.9356324076652527,
        0.027461113408207893,
        -0.3519062101840973,
        0.008304898627102375,
        -0.03483233600854874,
        0.9992861151695251,
        -0.014631046913564205,
        -0.07163949310779572,
        0.3512531816959381,
        0.025946997106075287,
        0.9359208345413208,
        0.7204809188842773
    ],
    [
        0.9386406540870667,
        0.026374580338597298,
        -0.34388697147369385,
        0.01338245440274477,
        -0.033538755029439926,
        0.9993263483047485,
        -0.014900305308401585,
        -0.07435080409049988,
        0.34326228499412537,
        0.02551957033574581,
        0.9388929009437561,
        0.7475139498710632
    ],
    [
        0.9419052004814148,
        0.025141801685094833,
        -0.3349364399909973,
        0.017275847494602203,
        -0.03200265392661095,
        0.999375581741333,
        -0.014980046078562737,
        -0.07922884821891785,
        0.33435067534446716,
        0.024828637018799782,
        0.942121684551239,
        0.7790623307228088
    ],
    [
        0.9448472857475281,
        0.023595908656716347,
        -0.3266601860523224,
        0.02645883895456791,
        -0.03071509674191475,
        0.9993894100189209,
        -0.016652081161737442,
        -0.07905890047550201,
        0.32606780529022217,
        0.025767071172595024,
        0.9449952244758606,
        0.8070425391197205
    ],
    [
        0.9492083787918091,
        0.0222997535020113,
        -0.3138570487499237,
        0.03948723524808884,
        -0.029495056718587875,
        0.9993993043899536,
        -0.01819489523768425,
        -0.08314488083124161,
        0.31326279044151306,
        0.026527980342507362,
        0.9492959976196289,
        0.852942168712616
    ],
    [
        0.9526398777961731,
        0.02202087640762329,
        -0.3033021092414856,
        0.04594467207789421,
        -0.0287270937114954,
        0.9994311332702637,
        -0.01766631007194519,
        -0.0902654156088829,
        0.30274051427841187,
        0.025542618706822395,
        0.9527307152748108,
        0.881568968296051
    ],
    [
        0.9561393857002258,
        0.021304501220583916,
        -0.29213616251945496,
        0.05353858694434166,
        -0.027821296826004982,
        0.9994477033615112,
        -0.01817064732313156,
        -0.0937984436750412,
        0.2915877401828766,
        0.025501277297735214,
        0.9562040567398071,
        0.9109298586845398
    ],
    [
        0.9614892601966858,
        0.020335694774985313,
        -0.274088978767395,
        0.06486616283655167,
        -0.026345493271946907,
        0.9994860291481018,
        -0.018262919038534164,
        -0.09966155886650085,
        0.2735767364501953,
        0.02478061057627201,
        0.961530864238739,
        0.9538963437080383
    ],
    [
        0.9649478197097778,
        0.018028998747467995,
        -0.2618217468261719,
        0.07391877472400665,
        -0.024029815569519997,
        0.999516487121582,
        -0.01973571628332138,
        -0.0999566987156868,
        0.26133930683135986,
        0.025335464626550674,
        0.9649144411087036,
        0.9820308685302734
    ],
    [
        0.9681294560432434,
        0.016873324289917946,
        -0.2498813420534134,
        0.08393539488315582,
        -0.022218190133571625,
        0.999580442905426,
        -0.018584180623292923,
        -0.10566642135381699,
        0.24946291744709015,
        0.02354380674660206,
        0.9680981040000916,
        1.0150829553604126
    ],
    [
        0.9711809158325195,
        0.01386614516377449,
        -0.23793989419937134,
        0.09438537806272507,
        -0.019136210903525352,
        0.9996197819709778,
        -0.019853128120303154,
        -0.10435505211353302,
        0.23757413029670715,
        0.02383424900472164,
        0.9710769057273865,
        1.0478909015655518
    ],
    [
        0.97552490234375,
        0.010921033099293709,
        -0.21961753070354462,
        0.10958787053823471,
        -0.015062522143125534,
        0.9997387528419495,
        -0.017192095518112183,
        -0.11423908174037933,
        0.21937239170074463,
        0.02007931098341942,
        0.9754346609115601,
        1.1054171323776245
    ],
    [
        0.978120744228363,
        0.008802785538136959,
        -0.20785145461559296,
        0.1213846430182457,
        -0.012361377477645874,
        0.9997983574867249,
        -0.01582818105816841,
        -0.12021549791097641,
        0.207670196890831,
        0.018051205202937126,
        0.9780323505401611,
        1.1443976163864136
    ],
    [
        0.9805977940559387,
        0.007748408708721399,
        -0.1958770602941513,
        0.1344432234764099,
        -0.010680118575692177,
        0.9998461604118347,
        -0.01391529105603695,
        -0.12749914824962616,
        0.19573910534381866,
        0.015737295150756836,
        0.9805296659469604,
        1.1811130046844482
    ],
    [
        0.984177827835083,
        0.005015308037400246,
        -0.1771126240491867,
        0.15309005975723267,
        -0.007339045871049166,
        0.999895453453064,
        -0.012467446736991405,
        -0.13339689373970032,
        0.17703156173229218,
        0.013570025563240051,
        0.9841116070747375,
        1.2353732585906982
    ],
    [
        0.9862626791000366,
        0.0032269225921481848,
        -0.1651529222726822,
        0.16642756760120392,
        -0.005273685324937105,
        0.9999146461486816,
        -0.011956138536334038,
        -0.13644008338451385,
        0.16510023176670074,
        0.012662858702242374,
        0.9861953854560852,
        1.2704339027404785
    ],
    [
        0.9882241487503052,
        0.002787803066894412,
        -0.15298767387866974,
        0.17837366461753845,
        -0.004387841559946537,
        0.9999392032623291,
        -0.010121984407305717,
        -0.14245586097240448,
        0.15295015275478363,
        0.010674073360860348,
        0.9881762266159058,
        1.307380199432373
    ],
    [
        0.9900592565536499,
        0.0017706399085000157,
        -0.14063994586467743,
        0.18998047709465027,
        -0.003116255858913064,
        0.9999514818191528,
        -0.009348154999315739,
        -0.14542998373508453,
        0.1406165510416031,
        0.009693499654531479,
        0.9900165796279907,
        1.341676950454712
    ],
    [
        0.9926124811172485,
        0.0005637880531139672,
        -0.12132660299539566,
        0.203981414437294,
        -0.0015386143932119012,
        0.9999672770500183,
        -0.007941191084682941,
        -0.15034137666225433,
        0.12131816893815994,
        0.008069200441241264,
        0.992580771446228,
        1.3949799537658691
    ],
    [
        0.9941213726997375,
        -0.00020198003039695323,
        -0.10827172547578812,
        0.21175910532474518,
        -0.0005890447064302862,
        0.9999734163284302,
        -0.007273892406374216,
        -0.15305262804031372,
        0.1082703098654747,
        0.007294908631592989,
        0.994094729423523,
        1.4298663139343262
    ],
    [
        0.995339572429657,
        -0.0008424711413681507,
        -0.09642855823040009,
        0.22232358157634735,
        0.000300553219858557,
        0.9999841451644897,
        -0.00563427759334445,
        -0.15896697342395782,
        0.09643175452947617,
        0.005579039454460144,
        0.995323896408081,
        1.4645226001739502
    ],
    [
        0.997063934803009,
        -0.0023419130593538284,
        -0.0765375867486,
        0.2286119908094406,
        0.0021234487649053335,
        0.9999933838844299,
        -0.0029355953447520733,
        -0.16886480152606964,
        0.07654395699501038,
        0.002764454111456871,
        0.9970623850822449,
        1.5191650390625
    ],
    [
        0.9979132413864136,
        -0.0037520192563533783,
        -0.0644604042172432,
        0.23544864356517792,
        0.0036083164159208536,
        0.9999907612800598,
        -0.002345599699765444,
        -0.17210683226585388,
        0.06446859240531921,
        0.002108111744746566,
        0.9979174733161926,
        1.5583126544952393
    ],
    [
        0.9986082911491394,
        -0.005825404077768326,
        -0.05241730809211731,
        0.2420598417520523,
        0.005763891153037548,
        0.9999824166297913,
        -0.0013246068265289068,
        -0.1773189753293991,
        0.052424103021621704,
        0.0010206378065049648,
        0.9986244440078735,
        1.5955241918563843
    ],
    [
        0.9993765950202942,
        -0.00849528145045042,
        -0.03427005931735039,
        0.24837706983089447,
        0.008588677272200584,
        0.9999598264694214,
        0.0025789979845285416,
        -0.19186356663703918,
        0.034246765077114105,
        -0.0028717201203107834,
        0.9994092583656311,
        1.6503820419311523
    ]
]