[
    [
        0.9798225164413452,
        -0.013372538611292839,
        0.1994214653968811,
        0.028143612667918205,
        0.01238164771348238,
        0.9999039769172668,
        0.0062151639722287655,
        -0.006734400987625122,
        -0.1994854360818863,
        -0.003620590316131711,
        0.9798939824104309,
        0.41179928183555603
    ],
    [
        0.9643166661262512,
        -0.016420910134911537,
        0.2642419934272766,
        0.03782477602362633,
        0.014929691329598427,
        0.9998592734336853,
        0.007650761865079403,
        -0.0008890103199519217,
        -0.2643304467201233,
        -0.0034327050670981407,
        0.9644261002540588,
        0.5216225385665894
    ],
    [
        0.9463425874710083,
        -0.018295830115675926,
        0.32264697551727295,
        0.06252830475568771,
        0.01692461408674717,
        0.9998319149017334,
        0.007054993417114019,
        0.013852094300091267,
        -0.32272180914878845,
        -0.0012157646706327796,
        0.9464930295944214,
        0.6395466327667236
    ],
    [
        0.9273883104324341,
        -0.019691558554768562,
        0.3735816180706024,
        0.09758779406547546,
        0.01810154691338539,
        0.9998059868812561,
        0.007764236070215702,
        0.019323820248246193,
        -0.3736620247364044,
        -0.0004380559839773923,
        0.9275648593902588,
        0.759350061416626
    ],
    [
        0.9051247239112854,
        -0.021885083988308907,
        0.4245825409889221,
        0.1410192847251892,
        0.01928597129881382,
        0.9997597336769104,
        0.010418739169836044,
        0.021443303674459457,
        -0.4247085452079773,
        -0.0012417729012668133,
        0.9053293466567993,
        0.8714123368263245
    ],
    [
        0.8743723034858704,
        -0.02343590371310711,
        0.4846893846988678,
        0.18664658069610596,
        0.020365366712212563,
        0.999725341796875,
        0.011600318364799023,
        0.02249283529818058,
        -0.4848281145095825,
        -0.00027212046552449465,
        0.8746092915534973,
        0.9496731162071228
    ],
    [
        0.8328092098236084,
        -0.025703199207782745,
        0.5529630780220032,
        0.22945189476013184,
        0.021719424054026604,
        0.9996693730354309,
        0.013756012544035912,
        0.03530719876289368,
        -0.5531339049339294,
        0.0005539067788049579,
        0.8330921530723572,
        1.005561351776123
    ],
    [
        0.7794644832611084,
        -0.025930266827344894,
        0.6259095668792725,
        0.282771497964859,
        0.023241419345140457,
        0.9996521472930908,
        0.012470459565520287,
        0.05620662868022919,
        -0.6260151863098145,
        0.004826745484024286,
        0.7797960042953491,
        1.0588808059692383
    ],
    [
        0.7098245024681091,
        -0.029647544026374817,
        0.7037544250488281,
        0.34989649057388306,
        0.02398398518562317,
        0.9995517730712891,
        0.017917953431606293,
        0.06709682941436768,
        -0.7039701342582703,
        0.004160232841968536,
        0.710217297077179,
        1.122723937034607
    ],
    [
        0.6506600975990295,
        -0.032089151442050934,
        0.7586908340454102,
        0.3962302505970001,
        0.024557052180171013,
        0.9994733929634094,
        0.021212801337242126,
        0.06892818957567215,
        -0.7589719295501709,
        0.004828884266316891,
        0.6511054039001465,
        1.1893411874771118
    ],
    [
        0.596934974193573,
        -0.033072229474782944,
        0.801607608795166,
        0.42783671617507935,
        0.024210559204220772,
        0.9994375705718994,
        0.023205243051052094,
        0.06942480057477951,
        -0.8019242286682129,
        0.005555352196097374,
        0.597399890422821,
        1.2625958919525146
    ],
    [
        0.5473076105117798,
        -0.03335791081190109,
        0.8362664580345154,
        0.4447670578956604,
        0.023376550525426865,
        0.9994247555732727,
        0.024567002430558205,
        0.07318060845136642,
        -0.8366050720214844,
        0.006103326100856066,
        0.5477727055549622,
        1.334562063217163
    ],
    [
        0.5043640732765198,
        -0.03280973434448242,
        0.8628676533699036,
        0.45690399408340454,
        0.022554267197847366,
        0.9994375109672546,
        0.02481924369931221,
        0.07777094841003418,
        -0.8631963729858398,
        0.006943404674530029,
        0.5048202872276306,
        1.398589015007019
    ],
    [
        0.4727027118206024,
        -0.03298736736178398,
        0.8806043267250061,
        0.464595228433609,
        0.022501837462186813,
        0.9994251132011414,
        0.02535955421626568,
        0.08305466920137405,
        -0.8809345960617065,
        0.007827681489288807,
        0.47317323088645935,
        1.4547386169433594
    ],
    [
        0.450716495513916,
        -0.03229229897260666,
        0.8920828104019165,
        0.47050461173057556,
        0.02214689552783966,
        0.9994423389434814,
        0.024989068508148193,
        0.09046044945716858,
        -0.8923924565315247,
        0.008493881672620773,
        0.4511803984642029,
        1.497531771659851
    ],
    [
        0.4355265498161316,
        -0.032930418848991394,
        0.8995733857154846,
        0.4675038456916809,
        0.02222459949553013,
        0.9994193911552429,
        0.025825470685958862,
        0.09829521924257278,
        -0.8999014496803284,
        0.00874497089534998,
        0.43600547313690186,
        1.5233268737792969
    ],
    [
        0.42300477623939514,
        -0.03302718698978424,
        0.9055253267288208,
        0.45888492465019226,
        0.022642832249403,
        0.9994086623191833,
        0.025874080136418343,
        0.10522890090942383,
        -0.9058444499969482,
        0.009558781050145626,
        0.42350247502326965,
        1.5402257442474365
    ],
    [
        0.41569557785987854,
        -0.03246121481060982,
        0.9089242815971375,
        0.4538208842277527,
        0.022833336144685745,
        0.9994203448295593,
        0.025250380858778954,
        0.10916538536548615,
        -0.909217119216919,
        0.010257300920784473,
        0.4161957800388336,
        1.5535935163497925
    ],
    [
        0.4109480381011963,
        -0.03300153464078903,
        0.9110612273216248,
        0.44502460956573486,
        0.02283845655620098,
        0.9994036555290222,
        0.025899941101670265,
        0.11008317768573761,
        -0.9113726019859314,
        0.010163705796003342,
        0.4114566743373871,
        1.5641496181488037
    ],
    [
        0.40837374329566956,
        -0.032490141689777374,
        0.9122364521026611,
        0.4304228127002716,
        0.02278989925980568,
        0.9994177222251892,
        0.02539299614727497,
        0.10966260731220245,
        -0.9125303626060486,
        0.010419949889183044,
        0.4088764190673828,
        1.5753809213638306
    ],
    [
        0.4079236686229706,
        -0.03253377974033356,
        0.9124361276626587,
        0.4071371853351593,
        0.022581037133932114,
        0.9994187355041504,
        0.025539899244904518,
        0.10898138582706451,
        -0.9127368330955505,
        0.01018542516976595,
        0.40842124819755554,
        1.5891295671463013
    ],
    [
        0.409848690032959,
        -0.03175683692097664,
        0.9116005301475525,
        0.3799196481704712,
        0.022529909387230873,
        0.9994412064552307,
        0.024687614291906357,
        0.10312470048666,
        -0.9118751287460327,
        0.010420084930956364,
        0.4103351831436157,
        1.6058409214019775
    ],
    [
        0.42501068115234375,
        -0.03161751106381416,
        0.904636025428772,
        0.34643813967704773,
        0.02148625999689102,
        0.9994605183601379,
        0.02483714185655117,
        0.10075121372938156,
        -0.9049333333969116,
        0.00888119637966156,
        0.4254608154296875,
        1.631005883216858
    ],
    [
        0.46375253796577454,
        -0.0302383154630661,
        0.8854486346244812,
        0.30253931879997253,
        0.020436307415366173,
        0.9995165467262268,
        0.02343028038740158,
        0.1097356304526329,
        -0.8857289552688599,
        0.007229440845549107,
        0.46414628624916077,
        1.6671767234802246
    ],
    [
        0.5302530527114868,
        -0.025546839460730553,
        0.8474543690681458,
        0.24411135911941528,
        0.01896441914141178,
        0.9996532797813416,
        0.018268873915076256,
        0.11551866680383682,
        -0.8476273417472839,
        0.006384358741343021,
        0.5305537581443787,
        1.7253899574279785
    ]
]