[
    [
        0.9999800324440002,
        -0.0017084607388824224,
        0.0060904743149876595,
        0.20785343647003174,
        0.0017234706319868565,
        0.9999955892562866,
        -0.0024600187316536903,
        -0.36623382568359375,
        -0.006086242850869894,
        0.0024704637471586466,
        0.9999784231185913,
        2.4723963737487793
    ],
    [
        0.9999845623970032,
        -0.0014998355181887746,
        0.005355396308004856,
        0.20018982887268066,
        0.0015126076759770513,
        0.9999961256980896,
        -0.0023815634194761515,
        -0.3761582374572754,
        -0.005351801868528128,
        0.002389625646173954,
        0.9999828338623047,
        2.5284993648529053
    ],
    [
        0.999987781047821,
        -0.0013938106130808592,
        0.004750419408082962,
        0.19171254336833954,
        0.0014051623875275254,
        0.9999961853027344,
        -0.002387256594374776,
        -0.38559141755104065,
        -0.004747074097394943,
        0.002393903909251094,
        0.9999858140945435,
        2.5850400924682617
    ],
    [
        0.9999906420707703,
        -0.001104737282730639,
        0.004188627004623413,
        0.1839115172624588,
        0.0011151228100061417,
        0.9999963641166687,
        -0.002478002803400159,
        -0.39474666118621826,
        -0.0041858721524477005,
        0.0024826456792652607,
        0.9999881386756897,
        2.6421849727630615
    ],
    [
        0.9999923706054688,
        -0.0010759873548522592,
        0.003765067318454385,
        0.17567633092403412,
        0.0010850147809833288,
        0.9999964833259583,
        -0.002396536758169532,
        -0.4042017459869385,
        -0.0037624745164066553,
        0.0024006038438528776,
        0.9999901056289673,
        2.700416088104248
    ],
    [
        0.9999937415122986,
        -0.0008970893686637282,
        0.003410020377486944,
        0.16768763959407806,
        0.0009053846006281674,
        0.9999966025352478,
        -0.0024316490162163973,
        -0.41387882828712463,
        -0.0034078280441462994,
        0.0024347249418497086,
        0.9999911785125732,
        2.7588918209075928
    ],
    [
        0.999994695186615,
        -0.0007758920546621084,
        0.0031747929751873016,
        0.15583184361457825,
        0.0007838390301913023,
        0.9999966025352478,
        -0.0025026665534824133,
        -0.4280528426170349,
        -0.003172839991748333,
        0.0025051399134099483,
        0.999991774559021,
        2.849199056625366
    ],
    [
        0.9999951720237732,
        -0.0006563951610587537,
        0.0030752273742109537,
        0.14858461916446686,
        0.0006639199564233422,
        0.9999968409538269,
        -0.0024465713649988174,
        -0.43890807032585144,
        -0.0030736105982214212,
        0.0024486000183969736,
        0.9999923706054688,
        2.9100663661956787
    ],
    [
        0.9999950528144836,
        -0.0005705095827579498,
        0.0030989183578640223,
        0.14124198257923126,
        0.0005782115622423589,
        0.9999967813491821,
        -0.0024852179922163486,
        -0.45021218061447144,
        -0.0030974908731877804,
        0.002487000310793519,
        0.9999920129776001,
        2.9715566635131836
    ],
    [
        0.9999949932098389,
        -0.0006080293678678572,
        0.003112246049568057,
        0.1342456042766571,
        0.0006153096328489482,
        0.9999971389770508,
        -0.00233893352560699,
        -0.46131283044815063,
        -0.0031108148396015167,
        0.002340832259505987,
        0.9999924302101135,
        3.033838987350464
    ],
    [
        0.9999948143959045,
        -0.0006882756133563817,
        0.0031584599055349827,
        0.1273413449525833,
        0.0006957364385016263,
        0.9999970197677612,
        -0.0023618764244019985,
        -0.47194668650627136,
        -0.003156825667247176,
        0.0023640652652829885,
        0.9999921321868896,
        3.096705913543701
    ],
    [
        0.9999948143959045,
        -0.0008301378693431616,
        0.0031176917254924774,
        0.12100712209939957,
        0.0008374700555577874,
        0.9999968409538269,
        -0.0023512013722211123,
        -0.4832315742969513,
        -0.0031157301273196936,
        0.0023537958040833473,
        0.9999924898147583,
        3.160935640335083
    ],
    [
        0.9999944567680359,
        -0.0006113200215622783,
        0.003263744292780757,
        0.11153241246938705,
        0.0006193589651957154,
        0.9999967813491821,
        -0.002462663222104311,
        -0.500325083732605,
        -0.003262228798121214,
        0.0024646706879138947,
        0.9999916553497314,
        3.258283853530884
    ],
    [
        0.9999939203262329,
        -0.0005638524889945984,
        0.0034538842737674713,
        0.10592392832040787,
        0.0005731065757572651,
        0.9999962449073792,
        -0.0026790499687194824,
        -0.5113438963890076,
        -0.0034523606300354004,
        0.002681017154827714,
        0.9999904632568359,
        3.3241755962371826
    ],
    [
        0.9999939203262329,
        -0.000420919997850433,
        0.003465170506387949,
        0.10056504607200623,
        0.0004301359585952014,
        0.9999963641166687,
        -0.002659290097653866,
        -0.5227892398834229,
        -0.0034640382509678602,
        0.00266076042316854,
        0.9999905228614807,
        3.390484571456909
    ],
    [
        0.9999942779541016,
        -0.00042814339394681156,
        0.0033541875891387463,
        0.09585162252187729,
        0.0004365566128399223,
        0.9999967813491821,
        -0.002507761586457491,
        -0.5342068076133728,
        -0.0033531037624925375,
        0.0025092146825045347,
        0.9999911189079285,
        3.4571986198425293
    ],
    [
        0.9999943971633911,
        -0.0006098290323279798,
        0.003296265844255686,
        0.0924379825592041,
        0.0006178209441713989,
        0.9999968409538269,
        -0.0024240678176283836,
        -0.5450863838195801,
        -0.0032947775907814503,
        0.0024260880891233683,
        0.9999917149543762,
        3.5252106189727783
    ],
    [
        0.9999949336051941,
        -0.0005092332721687853,
        0.0031546384561806917,
        0.09019123762845993,
        0.0005167098133824766,
        0.9999971389770508,
        -0.00236941478215158,
        -0.556056797504425,
        -0.003153422614559531,
        0.002371030393987894,
        0.999992311000824,
        3.593355417251587
    ],
    [
        0.999995231628418,
        -0.0003436699917074293,
        0.0030661083292216063,
        0.08666666597127914,
        0.0003506830253172666,
        0.9999973773956299,
        -0.002287026960402727,
        -0.5719538927078247,
        -0.003065314143896103,
        0.0022880914621055126,
        0.9999927282333374,
        3.6973092555999756
    ],
    [
        0.9999949932098389,
        -0.0001395388535456732,
        0.0031689212191849947,
        0.08562229573726654,
        0.00014657514111604542,
        0.9999975562095642,
        -0.0022205531131476164,
        -0.583005428314209,
        -0.003168603638187051,
        0.0022210036404430866,
        0.9999926090240479,
        3.7674317359924316
    ],
    [
        0.9999954104423523,
        -0.00021604778885375708,
        0.0030534479301422834,
        0.08498561382293701,
        0.0002229492529295385,
        0.9999973773956299,
        -0.0022603049874305725,
        -0.594506561756134,
        -0.003052951768040657,
        0.0022609769366681576,
        0.9999926686286926,
        3.839036703109741
    ],
    [
        0.9999952912330627,
        -0.0001902685617096722,
        0.0030658056493848562,
        0.08405403792858124,
        0.00019660643010865897,
        0.9999978542327881,
        -0.002066971966996789,
        -0.6071220636367798,
        -0.0030654044821858406,
        0.002067561261355877,
        0.9999932646751404,
        3.910220146179199
    ],
    [
        0.9999947547912598,
        -0.00021977527649141848,
        0.003225943073630333,
        0.08505389839410782,
        0.00022661675757262856,
        0.9999977946281433,
        -0.0021206452511250973,
        -0.6191699504852295,
        -0.0032254685647785664,
        0.002121361205354333,
        0.9999925494194031,
        3.9829213619232178
    ],
    [
        0.9999942183494568,
        -0.00025008764350786805,
        0.003419706830754876,
        0.08594205230474472,
        0.00025697736418806016,
        0.9999979734420776,
        -0.0020143163856118917,
        -0.6316377520561218,
        -0.0034191955346614122,
        0.0020151850767433643,
        0.9999921321868896,
        4.0554986000061035
    ],
    [
        0.9999923706054688,
        -0.00029022578382864594,
        0.0038987156003713608,
        0.08814795315265656,
        0.0002975542447529733,
        0.9999982714653015,
        -0.0018792154733091593,
        -0.6493083834648132,
        -0.0038981621619313955,
        0.0018803577404469252,
        0.9999905824661255,
        4.166836261749268
    ]
]