[
    [
        0.9996914267539978,
        -0.006453138310462236,
        -0.02398962713778019,
        1.1044092178344727,
        0.007410330697894096,
        0.9991708993911743,
        0.04003387317061424,
        -0.8974874019622803,
        0.023711495101451874,
        -0.04019928351044655,
        0.9989102482795715,
        2.559455394744873
    ],
    [
        0.9998039603233337,
        -0.008434386923909187,
        -0.01791231520473957,
        1.0792127847671509,
        0.0091474037617445,
        0.999153733253479,
        0.04010114446282387,
        -0.9064041376113892,
        0.01755891554057598,
        -0.04025715962052345,
        0.9990350604057312,
        2.5731849670410156
    ],
    [
        0.9998759031295776,
        -0.010402453131973743,
        -0.011826692149043083,
        1.0542267560958862,
        0.010872713290154934,
        0.9991234540939331,
        0.04042333364486694,
        -0.9154947996139526,
        0.011395547538995743,
        -0.04054690897464752,
        0.9991127252578735,
        2.587094306945801
    ],
    [
        0.9999038577079773,
        -0.012628201395273209,
        -0.005735235288739204,
        1.0285545587539673,
        0.012850349768996239,
        0.9990968704223633,
        0.040501732379198074,
        -0.9245498180389404,
        0.005218359641730785,
        -0.04057152196764946,
        0.9991629123687744,
        2.6004669666290283
    ],
    [
        0.9998926520347595,
        -0.01465256605297327,
        0.00046504646888934076,
        1.0034228563308716,
        0.014621304348111153,
        0.999058187007904,
        0.04085303097963333,
        -0.9335930943489075,
        -0.0010632268385961652,
        -0.04084189981222153,
        0.9991650581359863,
        2.6139047145843506
    ],
    [
        0.9998358488082886,
        -0.016834434121847153,
        0.006708587519824505,
        0.9779306650161743,
        0.016546068713068962,
        0.9990244507789612,
        0.0409432128071785,
        -0.9427489042282104,
        -0.007391286548227072,
        -0.040825579315423965,
        0.9991390109062195,
        2.6278722286224365
    ],
    [
        0.9997414946556091,
        -0.01879389025270939,
        0.012793593108654022,
        0.9523512721061707,
        0.018252208828926086,
        0.9989835619926453,
        0.04121490567922592,
        -0.9518852829933167,
        -0.013555174693465233,
        -0.0409708246588707,
        0.9990684390068054,
        2.6413369178771973
    ],
    [
        0.9995999932289124,
        -0.020986434072256088,
        0.01896330527961254,
        0.9268561005592346,
        0.020189305767416954,
        0.9989430904388428,
        0.04129268229007721,
        -0.9614530205726624,
        -0.019809836521744728,
        -0.0408933162689209,
        0.998967170715332,
        2.6550960540771484
    ],
    [
        0.9994140863418579,
        -0.023093407973647118,
        0.02526210993528366,
        0.9011287689208984,
        0.022029729560017586,
        0.998891294002533,
        0.041604168713092804,
        -0.9708808660507202,
        -0.026194889098405838,
        -0.04102329909801483,
        0.9988147020339966,
        2.6688785552978516
    ],
    [
        0.9991880059242249,
        -0.025116296485066414,
        0.03150391951203346,
        0.8755583763122559,
        0.023791678249835968,
        0.9988452196121216,
        0.04173917695879936,
        -0.980497419834137,
        -0.03251585736870766,
        -0.040955688804388046,
        0.9986317753791809,
        2.6832079887390137
    ],
    [
        0.9989193081855774,
        -0.02717970311641693,
        0.037701696157455444,
        0.8502038717269897,
        0.02559037320315838,
        0.9987891912460327,
        0.042016103863716125,
        -0.9900956749916077,
        -0.03879803046584129,
        -0.04100591316819191,
        0.998405396938324,
        2.697019338607788
    ],
    [
        0.9985955357551575,
        -0.02945922315120697,
        0.044036876410245895,
        0.8248038291931152,
        0.02759798988699913,
        0.998724102973938,
        0.04229191318154335,
        -1.0002607107162476,
        -0.0452265664935112,
        -0.041017189621925354,
        0.9981343746185303,
        2.711111545562744
    ],
    [
        0.9982373118400574,
        -0.03142626956105232,
        0.05034555494785309,
        0.7993459105491638,
        0.029291335493326187,
        0.9986628293991089,
        0.042596690356731415,
        -1.0104262828826904,
        -0.051616910845041275,
        -0.041046835482120514,
        0.9978229999542236,
        2.7252328395843506
    ],
    [
        0.9978238940238953,
        -0.033643852919340134,
        0.0567057728767395,
        0.773756206035614,
        0.031240636482834816,
        0.9985973834991455,
        0.042747143656015396,
        -1.0206077098846436,
        -0.05806441605091095,
        -0.04088260978460312,
        0.9974754452705383,
        2.739659070968628
    ],
    [
        0.9973646402359009,
        -0.03586161509156227,
        0.06306874752044678,
        0.7482497096061707,
        0.033183276653289795,
        0.9985232353210449,
        0.043013911694288254,
        -1.0311436653137207,
        -0.06451815366744995,
        -0.04080776870250702,
        0.9970817565917969,
        2.7541885375976562
    ],
    [
        0.9968669414520264,
        -0.03795958682894707,
        0.06939209997653961,
        0.7230837345123291,
        0.03501879796385765,
        0.9984561204910278,
        0.04311586171388626,
        -1.0416336059570312,
        -0.0709216296672821,
        -0.040550749748945236,
        0.9966573119163513,
        2.768834114074707
    ],
    [
        0.9963222742080688,
        -0.040101829916238785,
        0.0757218673825264,
        0.6979172825813293,
        0.036874834448099136,
        0.9983707070350647,
        0.04354412853717804,
        -1.052490234375,
        -0.07734471559524536,
        -0.040591947734355927,
        0.9961777329444885,
        2.7833046913146973
    ],
    [
        0.9957388639450073,
        -0.042269058525562286,
        0.08195992559194565,
        0.6727887392044067,
        0.03876890987157822,
        0.9982861280441284,
        0.04383733123540878,
        -1.0634105205535889,
        -0.0836724117398262,
        -0.040472909808158875,
        0.9956711530685425,
        2.7980918884277344
    ],
    [
        0.9951038956642151,
        -0.044360850006341934,
        0.08832063525915146,
        0.6480477452278137,
        0.040576253086328506,
        0.9981986284255981,
        0.044195108115673065,
        -1.0740995407104492,
        -0.09012206643819809,
        -0.04039502143859863,
        0.9951112270355225,
        2.812657594680786
    ],
    [
        0.9944211840629578,
        -0.04650530219078064,
        0.09467717260122299,
        0.623112142086029,
        0.042425982654094696,
        0.9981012344360352,
        0.044653862714767456,
        -1.0849604606628418,
        -0.09657403826713562,
        -0.0403880700469017,
        0.9945060014724731,
        2.8278417587280273
    ],
    [
        0.9937078356742859,
        -0.04863959923386574,
        0.10089030116796494,
        0.5986300706863403,
        0.044281553477048874,
        0.9980053305625916,
        0.04499570652842522,
        -1.0957101583480835,
        -0.10287762433290482,
        -0.04024513065814972,
        0.993879497051239,
        2.8429131507873535
    ],
    [
        0.9929186105728149,
        -0.050977278500795364,
        0.10730309039354324,
        0.573815107345581,
        0.04636204615235329,
        0.9979071617126465,
        0.04507641866803169,
        -1.1068699359893799,
        -0.10937640070915222,
        -0.03978254273533821,
        0.9932039976119995,
        2.8578081130981445
    ],
    [
        0.9921061992645264,
        -0.05311184376478195,
        0.11359754204750061,
        0.5493553876876831,
        0.048192575573921204,
        0.9977956414222717,
        0.04562244936823845,
        -1.1179797649383545,
        -0.11577023565769196,
        -0.039787910878658295,
        0.9924787878990173,
        2.873034715652466
    ],
    [
        0.9912335872650146,
        -0.055269546806812286,
        0.12000485509634018,
        0.5246955752372742,
        0.0500829741358757,
        0.9976935982704163,
        0.04581592604517937,
        -1.128936529159546,
        -0.12226030975580215,
        -0.03940417245030403,
        0.9917154908180237,
        2.8880903720855713
    ],
    [
        0.9903304576873779,
        -0.05741001293063164,
        0.12629248201847076,
        0.5006225109100342,
        0.05191726237535477,
        0.9975745677947998,
        0.04636477306485176,
        -1.1399636268615723,
        -0.12864798307418823,
        -0.03935973346233368,
        0.9909089803695679,
        2.9031577110290527
    ]
]