[
    [
        0.9994609355926514,
        0.015264174900949001,
        -0.029065242037177086,
        0.38002118468284607,
        -0.015438532456755638,
        0.9998640418052673,
        -0.00578386802226305,
        -0.03720256686210632,
        0.028973005712032318,
        0.006229475140571594,
        0.9995607733726501,
        -0.009755564853549004
    ],
    [
        0.999372661113739,
        0.01615302823483944,
        -0.03151603043079376,
        0.4349481165409088,
        -0.01638995297253132,
        0.9998391270637512,
        -0.007273759692907333,
        -0.04592522978782654,
        0.031393472105264664,
        0.007785743568092585,
        0.9994767308235168,
        0.07202032208442688
    ],
    [
        0.9992544054985046,
        0.01834147609770298,
        -0.033973462879657745,
        0.4875718355178833,
        -0.018618350848555565,
        0.9997958540916443,
        -0.007851324044167995,
        -0.05988530069589615,
        0.033822521567344666,
        0.008477999828755856,
        0.9993919134140015,
        0.15063437819480896
    ],
    [
        0.9991536736488342,
        0.01895700767636299,
        -0.036504946649074554,
        0.5442565679550171,
        -0.019341707229614258,
        0.9997608065605164,
        -0.010214061476290226,
        -0.07723856717348099,
        0.036302585154771805,
        0.010911484248936176,
        0.9992813467979431,
        0.2346787005662918
    ],
    [
        0.9990134239196777,
        0.019154639914631844,
        -0.040065791457891464,
        0.5946716666221619,
        -0.01963791437447071,
        0.9997386932373047,
        -0.011703393422067165,
        -0.09317250549793243,
        0.039831142872571945,
        0.012478657066822052,
        0.999128520488739,
        0.3092899024486542
    ],
    [
        0.9988558888435364,
        0.020190853625535965,
        -0.043351028114557266,
        0.6481685638427734,
        -0.020767010748386383,
        0.9997013807296753,
        -0.012881455942988396,
        -0.11044331640005112,
        0.043077994138002396,
        0.013766988180577755,
        0.9989769458770752,
        0.3913884162902832
    ],
    [
        0.998757004737854,
        0.019802989438176155,
        -0.04574032127857208,
        0.6957413554191589,
        -0.02036583051085472,
        0.9997221231460571,
        -0.01187202986329794,
        -0.1246524453163147,
        0.0454925075173378,
        0.012788813561201096,
        0.9988827109336853,
        0.46488693356513977
    ],
    [
        0.9976121783256531,
        0.02455558255314827,
        -0.0645514503121376,
        0.7384495735168457,
        -0.02527805231511593,
        0.9996263980865479,
        -0.010399224236607552,
        -0.139302060008049,
        0.0642719715833664,
        0.012006128206849098,
        0.9978602528572083,
        0.536541223526001
    ],
    [
        0.9945977926254272,
        0.03608452528715134,
        -0.09733036905527115,
        0.7866367101669312,
        -0.03708885237574577,
        0.9992755055427551,
        -0.008528671227395535,
        -0.1543591320514679,
        0.09695211052894592,
        0.01209246926009655,
        0.9952155351638794,
        0.615106999874115
    ],
    [
        0.9918263554573059,
        0.04398152977228165,
        -0.11977565288543701,
        0.8324202299118042,
        -0.04534972459077835,
        0.9989330768585205,
        -0.008720015175640583,
        -0.16629566252231598,
        0.11926433444023132,
        0.01408053282648325,
        0.9927627444267273,
        0.6860337257385254
    ],
    [
        0.9903769493103027,
        0.04600667208433151,
        -0.13052527606487274,
        0.8818402886390686,
        -0.04854203015565872,
        0.9986880421638489,
        -0.016307931393384933,
        -0.1755072921514511,
        0.12960375845432281,
        0.022486962378025055,
        0.9913109540939331,
        0.7662477493286133
    ],
    [
        0.9901957511901855,
        0.04518752545118332,
        -0.13217563927173615,
        0.9255053400993347,
        -0.047902073711156845,
        0.9987000226974487,
        -0.017428617924451828,
        -0.18408328294754028,
        0.13121627271175385,
        0.023589225485920906,
        0.9910730123519897,
        0.8373104929924011
    ],
    [
        0.9906231164932251,
        0.0438031405210495,
        -0.12941010296344757,
        0.9704756140708923,
        -0.046763550490140915,
        0.9987072944641113,
        -0.01992548257112503,
        -0.1886339634656906,
        0.12836994230747223,
        0.025790322571992874,
        0.9913909435272217,
        0.9178107380867004
    ],
    [
        0.9907993078231812,
        0.04386061057448387,
        -0.12803475558757782,
        1.008783221244812,
        -0.046829063445329666,
        0.9986972808837891,
        -0.020265858620405197,
        -0.1942845582962036,
        0.12697908282279968,
        0.026075145229697227,
        0.99156254529953,
        0.988128125667572
    ],
    [
        0.9903530478477478,
        0.049428850412368774,
        -0.12945151329040527,
        1.0468339920043945,
        -0.05256132781505585,
        0.9983991384506226,
        -0.020892485976219177,
        -0.197287917137146,
        0.12821154296398163,
        0.027495091781020164,
        0.9913656115531921,
        1.0568138360977173
    ],
    [
        0.9896442890167236,
        0.058661941438913345,
        -0.1310073286294937,
        1.0882943868637085,
        -0.06201030686497688,
        0.9978412389755249,
        -0.021623531356453896,
        -0.2011202871799469,
        0.12945601344108582,
        0.02952340431511402,
        0.9911456108093262,
        1.1317558288574219
    ],
    [
        0.9892599582672119,
        0.06578969955444336,
        -0.1305238902568817,
        1.122451663017273,
        -0.0693991407752037,
        0.9973168969154358,
        -0.023295367136597633,
        -0.2019650936126709,
        0.12864117324352264,
        0.03210340812802315,
        0.9911714792251587,
        1.1981983184814453
    ],
    [
        0.9886289834976196,
        0.07269860059022903,
        -0.13163532316684723,
        1.1585153341293335,
        -0.0766122043132782,
        0.9967498183250427,
        -0.02490760013461113,
        -0.19999754428863525,
        0.12939681112766266,
        0.034709252417087555,
        0.9909851551055908,
        1.2701014280319214
    ],
    [
        0.9873213768005371,
        0.08231671154499054,
        -0.1357222944498062,
        1.1871230602264404,
        -0.08649697154760361,
        0.9959337115287781,
        -0.02518613450229168,
        -0.19720475375652313,
        0.13309721648693085,
        0.03660636395215988,
        0.990426778793335,
        1.3311123847961426
    ],
    [
        0.9862973093986511,
        0.09165450930595398,
        -0.13717490434646606,
        1.2138102054595947,
        -0.09604187309741974,
        0.9950454831123352,
        -0.02570037730038166,
        -0.19311560690402985,
        0.13413970172405243,
        0.03852275386452675,
        0.9902133345603943,
        1.3921138048171997
    ],
    [
        0.9849136471748352,
        0.10305944085121155,
        -0.1390104740858078,
        1.2390437126159668,
        -0.10835951566696167,
        0.9936254024505615,
        -0.031093234196305275,
        -0.1864725649356842,
        0.13492000102996826,
        0.045687269419431686,
        0.9898026585578918,
        1.456164002418518
    ],
    [
        0.9836676120758057,
        0.11484915763139725,
        -0.13859164714813232,
        1.2564533948898315,
        -0.12062700092792511,
        0.9921150803565979,
        -0.034008365124464035,
        -0.18089298903942108,
        0.13359303772449493,
        0.05017083138227463,
        0.989765465259552,
        1.5107765197753906
    ],
    [
        0.9797766208648682,
        0.13427379727363586,
        -0.14835254848003387,
        1.2688710689544678,
        -0.14169429242610931,
        0.9890779256820679,
        -0.04058901593089104,
        -0.17527100443840027,
        0.14128220081329346,
        0.06078887730836868,
        0.9881012439727783,
        1.5650261640548706
    ],
    [
        0.974881649017334,
        0.15293419361114502,
        -0.16191621124744415,
        1.2744280099868774,
        -0.1620907187461853,
        0.9857556819915771,
        -0.0448598749935627,
        -0.17024345695972443,
        0.15274906158447266,
        0.06997818499803543,
        0.9857842326164246,
        1.608492136001587
    ],
    [
        0.9666840434074402,
        0.1805824488401413,
        -0.18141622841358185,
        1.2751070261001587,
        -0.19316962361335754,
        0.9796702265739441,
        -0.05414470657706261,
        -0.16295552253723145,
        0.1679506003856659,
        0.08738494664430618,
        0.9819146990776062,
        1.653328537940979
    ]
]