[
    [
        0.23802100121974945,
        0.2421899139881134,
        -0.9405796527862549,
        1.6539080142974854,
        -0.08955086022615433,
        0.9697591066360474,
        0.2270417958498001,
        -1.4824992418289185,
        0.9671229124069214,
        0.030189018696546555,
        0.2525113821029663,
        5.439028739929199
    ],
    [
        0.22908222675323486,
        0.24285520613193512,
        -0.9426254630088806,
        1.578101396560669,
        -0.08875664323568344,
        0.9695548415184021,
        0.22822310030460358,
        -1.4696779251098633,
        0.9693520665168762,
        0.03138240799307823,
        0.2436627596616745,
        5.443251132965088
    ],
    [
        0.21916517615318298,
        0.24211563169956207,
        -0.9451702237129211,
        1.4811954498291016,
        -0.08788463473320007,
        0.9696829915046692,
        0.22801624238491058,
        -1.452222228050232,
        0.9717217087745667,
        0.0330926738679409,
        0.23379895091056824,
        5.448442459106445
    ],
    [
        0.21105286478996277,
        0.2419077306985855,
        -0.9470677375793457,
        1.3901423215866089,
        -0.08654691278934479,
        0.9697117805480957,
        0.22840479016304016,
        -1.4342213869094849,
        0.9736354947090149,
        0.03376031294465065,
        0.2255968302488327,
        5.453096866607666
    ],
    [
        0.2021096795797348,
        0.24198120832443237,
        -0.9489977359771729,
        1.3046852350234985,
        -0.08489242196083069,
        0.9696765542030334,
        0.22917431592941284,
        -1.4146654605865479,
        0.9756767153739929,
        0.0342443622648716,
        0.21652336418628693,
        5.4629316329956055
    ],
    [
        0.1974850594997406,
        0.24123628437519073,
        -0.9501602649688721,
        1.238939881324768,
        -0.0850449651479721,
        0.9698106646537781,
        0.22854922711849213,
        -1.3946459293365479,
        0.976610004901886,
        0.03567128628492355,
        0.2120390236377716,
        5.4682817459106445
    ],
    [
        0.18982656300067902,
        0.24064570665359497,
        -0.9518694877624512,
        1.1494381427764893,
        -0.08351613581180573,
        0.9699410796165466,
        0.22855927050113678,
        -1.376876950263977,
        0.9782590866088867,
        0.03610984981060028,
        0.20421837270259857,
        5.476491928100586
    ],
    [
        0.18232637643814087,
        0.2409832775592804,
        -0.9532492160797119,
        1.0692354440689087,
        -0.08278104662895203,
        0.9698200225830078,
        0.22933901846408844,
        -1.3705012798309326,
        0.9797469973564148,
        0.03709642216563225,
        0.19677264988422394,
        5.4783172607421875
    ],
    [
        0.17411822080612183,
        0.23964613676071167,
        -0.9551190733909607,
        0.9857420921325684,
        -0.08138167858123779,
        0.9701191186904907,
        0.22857384383678436,
        -1.3690166473388672,
        0.9813560247421265,
        0.03793034702539444,
        0.18841823935508728,
        5.47673225402832
    ],
    [
        0.16691558063030243,
        0.23977497220039368,
        -0.9563718438148499,
        0.9274150133132935,
        -0.08020690083503723,
        0.9700668454170227,
        0.22920995950698853,
        -1.3705288171768188,
        0.982703447341919,
        0.03844892233610153,
        0.181150883436203,
        5.478130340576172
    ],
    [
        0.15722276270389557,
        0.24014775454998016,
        -0.9579195976257324,
        0.856033980846405,
        -0.079477958381176,
        0.9699137806892395,
        0.23010997474193573,
        -1.3723866939544678,
        0.9843598008155823,
        0.03995499014854431,
        0.17157897353172302,
        5.479669570922852
    ],
    [
        0.14846083521842957,
        0.23989903926849365,
        -0.9593788981437683,
        0.7843788266181946,
        -0.07812324166297913,
        0.9699428081512451,
        0.23045127093791962,
        -1.3711971044540405,
        0.9858277440071106,
        0.04073679447174072,
        0.16274018585681915,
        5.4832763671875
    ],
    [
        0.13953229784965515,
        0.23983079195022583,
        -0.960735023021698,
        0.7047892808914185,
        -0.07657672464847565,
        0.9699342250823975,
        0.23100556433200836,
        -1.3727052211761475,
        0.9872519969940186,
        0.04133721813559532,
        0.15370264649391174,
        5.487016201019287
    ],
    [
        0.133930966258049,
        0.2400556206703186,
        -0.9614759087562561,
        0.643509566783905,
        -0.07567717880010605,
        0.9698612689971924,
        0.2316076159477234,
        -1.3760665655136108,
        0.9880968332290649,
        0.04174235835671425,
        0.14806120097637177,
        5.492921352386475
    ],
    [
        0.12944205105304718,
        0.23999576270580292,
        -0.962105393409729,
        0.5567154288291931,
        -0.07505743950605392,
        0.9698561429977417,
        0.2318309098482132,
        -1.3848828077316284,
        0.9887421727180481,
        0.042204488068819046,
        0.14355362951755524,
        5.503108978271484
    ],
    [
        0.12684927880764008,
        0.24187558889389038,
        -0.9619799852371216,
        0.472369909286499,
        -0.07505480200052261,
        0.969374418258667,
        0.23383784294128418,
        -1.3961856365203857,
        0.9890782833099365,
        0.04253905266523361,
        0.1411183625459671,
        5.510972023010254
    ],
    [
        0.12503749132156372,
        0.24144983291625977,
        -0.9623240232467651,
        0.39189720153808594,
        -0.07517746835947037,
        0.9694533348083496,
        0.2334705889225006,
        -1.4049688577651978,
        0.9892997145652771,
        0.04315251111984253,
        0.13936962187290192,
        5.524219036102295
    ],
    [
        0.1230701208114624,
        0.24132061004638672,
        -0.9626100659370422,
        0.33993664383888245,
        -0.07472631335258484,
        0.9694836139678955,
        0.2334899753332138,
        -1.4121499061584473,
        0.9895805716514587,
        0.043196652084589005,
        0.13734745979309082,
        5.539910316467285
    ],
    [
        0.12253264337778091,
        0.2402617335319519,
        -0.9629433751106262,
        0.28085628151893616,
        -0.07528950273990631,
        0.9697092175483704,
        0.23236940801143646,
        -1.4214414358139038,
        0.9896045327186584,
        0.044026706367731094,
        0.13691021502017975,
        5.560206413269043
    ],
    [
        0.12358316034078598,
        0.23950794339179993,
        -0.9629970192909241,
        0.22418737411499023,
        -0.07659701257944107,
        0.9698430895805359,
        0.23138085007667542,
        -1.4326897859573364,
        0.9893735647201538,
        0.04516792669892311,
        0.13820189237594604,
        5.5762200355529785
    ],
    [
        0.12328953295946121,
        0.23920150101184845,
        -0.9631107449531555,
        0.17330677807331085,
        -0.07823671400547028,
        0.9698371887207031,
        0.23085688054561615,
        -1.4425097703933716,
        0.9892820119857788,
        0.046888358891010284,
        0.13828511536121368,
        5.5970458984375
    ],
    [
        0.12324148416519165,
        0.23903757333755493,
        -0.9631576538085938,
        0.14064334332942963,
        -0.07837948203086853,
        0.9698690176010132,
        0.2306741327047348,
        -1.444434404373169,
        0.989276647567749,
        0.04706317558884621,
        0.1382637768983841,
        5.619036674499512
    ],
    [
        0.12455122172832489,
        0.23867352306842804,
        -0.9630794525146484,
        0.09803624451160431,
        -0.07922512292861938,
        0.9699307084083557,
        0.2301255613565445,
        -1.450716495513916,
        0.9890450835227966,
        0.0476377047598362,
        0.13971500098705292,
        5.651337623596191
    ],
    [
        0.12780870497226715,
        0.2381349802017212,
        -0.9627858996391296,
        0.05362895503640175,
        -0.0795363038778305,
        0.9700815081596375,
        0.22938115894794464,
        -1.4590387344360352,
        0.9886045455932617,
        0.047259509563446045,
        0.1429252326488495,
        5.684709548950195
    ],
    [
        0.13383685052394867,
        0.23820839822292328,
        -0.9619482755661011,
        0.012160957790911198,
        -0.08052690327167511,
        0.9700853228569031,
        0.22901958227157593,
        -1.466557264328003,
        0.9877261519432068,
        0.04681145027279854,
        0.14901535212993622,
        5.721220016479492
    ]
]