[
    [
        0.9953382015228271,
        0.002365958411246538,
        -0.09641695022583008,
        0.0764065757393837,
        -0.0026244535110890865,
        0.9999933242797852,
        -0.002554288599640131,
        0.0072850328870117664,
        0.09641025960445404,
        0.002795423613861203,
        0.995337724685669,
        0.4501282274723053
    ],
    [
        0.9907810091972351,
        0.005363067612051964,
        -0.13536740839481354,
        0.08231296390295029,
        -0.005711545702069998,
        0.9999813437461853,
        -0.0021860755514353514,
        0.0015848975162953138,
        0.13535314798355103,
        0.002939078724011779,
        0.9907930493354797,
        0.6981515288352966
    ],
    [
        0.9856307506561279,
        0.0069000911898911,
        -0.16877330839633942,
        0.10214538127183914,
        -0.00753125362098217,
        0.9999668598175049,
        -0.0030998557340353727,
        0.002992209978401661,
        0.16874630749225616,
        0.004326387774199247,
        0.9856500029563904,
        0.9801013469696045
    ],
    [
        0.9809333086013794,
        0.00824624951928854,
        -0.19416968524456024,
        0.12015756219625473,
        -0.009029434062540531,
        0.9999542832374573,
        -0.0031487937085330486,
        0.00468500517308712,
        0.19413481652736664,
        0.004841998685151339,
        0.980962872505188,
        1.2203227281570435
    ],
    [
        0.9763485193252563,
        0.009883659891784191,
        -0.21597658097743988,
        0.1218375712633133,
        -0.01110206451267004,
        0.9999285936355591,
        -0.004428864922374487,
        0.011082582175731659,
        0.21591736376285553,
        0.00672190124168992,
        0.9763883948326111,
        1.4527642726898193
    ],
    [
        0.9748981595039368,
        0.011073751375079155,
        -0.22237569093704224,
        0.1038762629032135,
        -0.012461706064641476,
        0.9999105930328369,
        -0.0048392522148787975,
        0.002054112032055855,
        0.22230225801467896,
        0.007488959468901157,
        0.9749489426612854,
        1.6598016023635864
    ],
    [
        0.9753687977790833,
        0.011705749668180943,
        -0.22026917338371277,
        0.07216206192970276,
        -0.013254573568701744,
        0.9998967051506042,
        -0.005554826930165291,
        -0.0020723408088088036,
        0.220181405544281,
        0.008337578736245632,
        0.9754233956336975,
        1.84294855594635
    ],
    [
        0.9761248826980591,
        0.011490659788250923,
        -0.21690590679645538,
        0.06487751752138138,
        -0.013030863367021084,
        0.9998989701271057,
        -0.005671822000294924,
        9.662844240665436e-05,
        0.21681883931159973,
        0.008362877182662487,
        0.9761759638786316,
        2.0404398441314697
    ],
    [
        0.9831418991088867,
        0.009381297044456005,
        -0.18260352313518524,
        0.07467880845069885,
        -0.010853922925889492,
        0.999916136264801,
        -0.007066875230520964,
        -0.007323663681745529,
        0.18252190947532654,
        0.008929706178605556,
        0.9831612706184387,
        2.2110021114349365
    ],
    [
        0.9930005669593811,
        0.006393549498170614,
        -0.11793623119592667,
        0.097000353038311,
        -0.007289075758308172,
        0.9999478459358215,
        -0.007163556758314371,
        -0.013187665492296219,
        0.11788427084684372,
        0.007973061874508858,
        0.9929953217506409,
        2.3947041034698486
    ],
    [
        0.9986189007759094,
        0.0036073450464755297,
        -0.05241382122039795,
        0.11538907140493393,
        -0.003988950047641993,
        0.9999662637710571,
        -0.007177830208092928,
        -0.03073614276945591,
        0.052386168390512466,
        0.007376994006335735,
        0.9985997080802917,
        2.6109232902526855
    ],
    [
        0.9996560215950012,
        0.00010109292634297162,
        0.0262278001755476,
        0.1254614293575287,
        6.673694588243961e-05,
        0.999979555606842,
        -0.0063979788683354855,
        -0.059806741774082184,
        -0.026227910071611404,
        0.006397527176886797,
        0.9996354579925537,
        2.841374158859253
    ],
    [
        0.9949484467506409,
        -0.004011832643300295,
        0.10030658543109894,
        0.1584160029888153,
        0.004590616095811129,
        0.9999741315841675,
        -0.005540004465728998,
        -0.0667736604809761,
        -0.10028176009654999,
        0.005972487851977348,
        0.994941234588623,
        3.0886874198913574
    ],
    [
        0.9870748519897461,
        -0.007601279765367508,
        0.16007930040359497,
        0.22948743402957916,
        0.008505766279995441,
        0.9999515414237976,
        -0.004965764470398426,
        -0.09133698791265488,
        -0.16003377735614777,
        0.006263178773224354,
        0.987091600894928,
        3.3433666229248047
    ],
    [
        0.9791664481163025,
        -0.009500456042587757,
        0.20283661782741547,
        0.29672831296920776,
        0.010674559511244297,
        0.999932050704956,
        -0.004695215728133917,
        -0.1012803390622139,
        -0.20277823507785797,
        0.006762590259313583,
        0.9792013168334961,
        3.598376512527466
    ],
    [
        0.9730345606803894,
        -0.01027157437056303,
        0.2304307371377945,
        0.3623191714286804,
        0.01141662523150444,
        0.9999281764030457,
        -0.0036363843828439713,
        -0.11664450913667679,
        -0.23037686944007874,
        0.006169069558382034,
        0.9730818867683411,
        3.8586673736572266
    ],
    [
        0.9677330255508423,
        -0.011403480544686317,
        0.25171959400177,
        0.4291103780269623,
        0.012765767984092236,
        0.9999114274978638,
        -0.003779543098062277,
        -0.116319939494133,
        -0.2516542077064514,
        0.0068709831684827805,
        0.9677927494049072,
        4.091746807098389
    ],
    [
        0.9643039703369141,
        -0.012286155484616756,
        0.26451271772384644,
        0.5296730995178223,
        0.013886954635381699,
        0.9998947978019714,
        -0.004182723350822926,
        -0.1270868480205536,
        -0.26443350315093994,
        0.007706691510975361,
        0.9643731117248535,
        4.305389881134033
    ],
    [
        0.962299644947052,
        -0.013368896208703518,
        0.2716629207134247,
        0.6472680568695068,
        0.015409749932587147,
        0.9998668432235718,
        -0.005380500108003616,
        -0.144790917634964,
        -0.2715547978878021,
        0.009363911114633083,
        0.9623775482177734,
        4.497398853302002
    ],
    [
        0.9612109661102295,
        -0.013704600743949413,
        0.27547359466552734,
        0.7646298408508301,
        0.015562771819531918,
        0.9998685121536255,
        -0.0045605371706187725,
        -0.14212046563625336,
        -0.2753748893737793,
        0.008670772425830364,
        0.961297869682312,
        4.691065788269043
    ],
    [
        0.9601497650146484,
        -0.013591417111456394,
        0.27915552258491516,
        0.8685634732246399,
        0.015738772228360176,
        0.9998612999916077,
        -0.0054523223079741,
        -0.15863171219825745,
        -0.27904272079467773,
        0.00962861254811287,
        0.9602303504943848,
        4.8755292892456055
    ],
    [
        0.9591503143310547,
        -0.013011080212891102,
        0.28259772062301636,
        0.9641082286834717,
        0.01515932846814394,
        0.9998704195022583,
        -0.0054164608009159565,
        -0.16585952043533325,
        -0.28249064087867737,
        0.009479190222918987,
        0.9592232704162598,
        5.077967643737793
    ],
    [
        0.9580236077308655,
        -0.01306966319680214,
        0.2863914370536804,
        1.0661343336105347,
        0.015192312188446522,
        0.999871015548706,
        -0.005190851632505655,
        -0.18401581048965454,
        -0.28628668189048767,
        0.009323906153440475,
        0.9580987095832825,
        5.273315906524658
    ],
    [
        0.9567903876304626,
        -0.012620051391422749,
        0.2905045747756958,
        1.153338074684143,
        0.014773402363061905,
        0.9998772144317627,
        -0.005220387130975723,
        -0.18798625469207764,
        -0.2904030680656433,
        0.009286555461585522,
        0.9568594694137573,
        5.4558796882629395
    ],
    [
        0.9555496573448181,
        -0.0126310670748353,
        0.294559508562088,
        1.2311729192733765,
        0.014563476666808128,
        0.9998844265937805,
        -0.004367599729448557,
        -0.1810920387506485,
        -0.29447028040885925,
        0.008463270030915737,
        0.9556231498718262,
        5.68448543548584
    ]
]