[
    [
        0.9816249012947083,
        -0.023319020867347717,
        0.1893903911113739,
        0.26374074816703796,
        0.023144688457250595,
        0.999727189540863,
        0.0031324666924774647,
        0.034404776990413666,
        -0.18941175937652588,
        0.0013084729434922338,
        0.9818969964981079,
        0.18714672327041626
    ],
    [
        0.9749014377593994,
        -0.027333645150065422,
        0.22095251083374023,
        0.32140156626701355,
        0.027054131031036377,
        0.9996247291564941,
        0.004291785415261984,
        0.03006887063384056,
        -0.22098693251609802,
        0.001793610048480332,
        0.9752751588821411,
        0.223888099193573
    ],
    [
        0.9654688239097595,
        -0.03126364201307297,
        0.2586359679698944,
        0.3946003019809723,
        0.03110988810658455,
        0.9995049834251404,
        0.00468821544200182,
        0.02363494597375393,
        -0.25865450501441956,
        0.0035198088735342026,
        0.9659634232521057,
        0.27087756991386414
    ],
    [
        0.9577085971832275,
        -0.03389211744070053,
        0.2857367992401123,
        0.4446229338645935,
        0.03347354754805565,
        0.9994193911552429,
        0.00635036313906312,
        0.015697015449404716,
        -0.28578612208366394,
        0.00348282721824944,
        0.9582870602607727,
        0.30427882075309753
    ],
    [
        0.9461403489112854,
        -0.038372594863176346,
        0.3214745819568634,
        0.5068684220314026,
        0.03821422904729843,
        0.99924635887146,
        0.006805048324167728,
        0.009829784743487835,
        -0.3214934468269348,
        0.005846373271197081,
        0.9468938112258911,
        0.3610471785068512
    ],
    [
        0.9361250400543213,
        -0.04072318971157074,
        0.3493013381958008,
        0.5531172156333923,
        0.04044492915272713,
        0.9991490244865417,
        0.00809335894882679,
        0.0050773294642567635,
        -0.34933367371559143,
        0.006551070138812065,
        0.9369754195213318,
        0.40679818391799927
    ],
    [
        0.9199429750442505,
        -0.04428534209728241,
        0.3895430564880371,
        0.6089668869972229,
        0.04478731006383896,
        0.9989660978317261,
        0.007798332720994949,
        -0.001615355839021504,
        -0.3894856572151184,
        0.010272563435137272,
        0.9209752082824707,
        0.47703036665916443
    ],
    [
        0.9056519269943237,
        -0.04892686381936073,
        0.42118969559669495,
        0.6428960561752319,
        0.04918640851974487,
        0.9987369179725647,
        0.010255007073283195,
        -0.004163422156125307,
        -0.4211594760417938,
        0.011429340578615665,
        0.9069145917892456,
        0.5313294529914856
    ],
    [
        0.8843746781349182,
        -0.05369977280497551,
        0.4636784791946411,
        0.6831431984901428,
        0.05488955229520798,
        0.9984323978424072,
        0.010940048843622208,
        -0.008525826968252659,
        -0.46353915333747864,
        0.015776002779603004,
        0.8859359622001648,
        0.6025257110595703
    ],
    [
        0.8667298555374146,
        -0.05726025998592377,
        0.4954802095890045,
        0.7085294723510742,
        0.058517612516880035,
        0.9982019066810608,
        0.01299411989748478,
        -0.014735519886016846,
        -0.4953332841396332,
        0.0177319273352623,
        0.8685221076011658,
        0.6503363847732544
    ],
    [
        0.8416350483894348,
        -0.06098778173327446,
        0.5365918874740601,
        0.7369570136070251,
        0.06362840533256531,
        0.997880756855011,
        0.01361673790961504,
        -0.02372748963534832,
        -0.5362852215766907,
        0.02268216386437416,
        0.8437320590019226,
        0.7064288258552551
    ],
    [
        0.8219438195228577,
        -0.06342332810163498,
        0.5660263895988464,
        0.7562563419342041,
        0.06714746356010437,
        0.99764084815979,
        0.01427894551306963,
        -0.031605903059244156,
        -0.5655966401100159,
        0.026270749047398567,
        0.8242635130882263,
        0.7410981059074402
    ],
    [
        0.7955753803253174,
        -0.06728070974349976,
        0.6021071672439575,
        0.7914042472839355,
        0.07180562615394592,
        0.9972811937332153,
        0.016560154035687447,
        -0.04080305993556976,
        -0.6015843152999878,
        0.030059831216931343,
        0.798243522644043,
        0.7827000021934509
    ],
    [
        0.7749218940734863,
        -0.07104208320379257,
        0.6280518770217896,
        0.8248564004898071,
        0.07532430440187454,
        0.9969618916511536,
        0.019832419231534004,
        -0.052500709891319275,
        -0.6275526285171509,
        0.03193898871541023,
        0.7779186367988586,
        0.8127475380897522
    ],
    [
        0.7498621344566345,
        -0.07374021410942078,
        0.657471776008606,
        0.8851890563964844,
        0.07863382250070572,
        0.9966586232185364,
        0.0220987256616354,
        -0.05710144713521004,
        -0.6569044589996338,
        0.03512851893901825,
        0.7531551122665405,
        0.8526092767715454
    ],
    [
        0.7328187823295593,
        -0.07602272927761078,
        0.6761635541915894,
        0.9361729025840759,
        0.08129213005304337,
        0.9964030981063843,
        0.02392451837658882,
        -0.06477254629135132,
        -0.6755502820014954,
        0.03743443638086319,
        0.7363630533218384,
        0.8900921940803528
    ],
    [
        0.7118885517120361,
        -0.07813940197229385,
        0.6979318857192993,
        1.0103486776351929,
        0.08412017673254013,
        0.9961235523223877,
        0.025722147896885872,
        -0.06092330440878868,
        -0.6972363591194153,
        0.04039885848760605,
        0.7157019972801208,
        0.9395492076873779
    ],
    [
        0.6978614330291748,
        -0.07963082194328308,
        0.7117923498153687,
        1.0709730386734009,
        0.0861988216638565,
        0.99591463804245,
        0.026904836297035217,
        -0.06978739798069,
        -0.7110268473625183,
        0.042579811066389084,
        0.7018744349479675,
        0.9743068218231201
    ],
    [
        0.6816458702087402,
        -0.08142903447151184,
        0.7271369695663452,
        1.152245044708252,
        0.08858752250671387,
        0.9956619143486023,
        0.02845468744635582,
        -0.08198091387748718,
        -0.7262995839118958,
        0.0450192354619503,
        0.68590247631073,
        1.010669469833374
    ],
    [
        0.6701774597167969,
        -0.08261393010616302,
        0.7375887036323547,
        1.2047977447509766,
        0.09048570692539215,
        0.9954671263694763,
        0.0292818583548069,
        -0.09081600606441498,
        -0.736664354801178,
        0.04711718112230301,
        0.6746150851249695,
        1.031853199005127
    ],
    [
        0.6575422286987305,
        -0.08348559588193893,
        0.7487780451774597,
        1.26083242893219,
        0.09226518869400024,
        0.9952840805053711,
        0.029946956783533096,
        -0.10368908941745758,
        -0.7477468848228455,
        0.04939476028084755,
        0.6621440052986145,
        1.0543521642684937
    ],
    [
        0.6502787470817566,
        -0.08404408395290375,
        0.7550325393676758,
        1.2936187982559204,
        0.09370522201061249,
        0.9951459169387817,
        0.030067041516304016,
        -0.11884720623493195,
        -0.7538943886756897,
        0.051198530942201614,
        0.6549975872039795,
        1.0680783987045288
    ],
    [
        0.6413370370864868,
        -0.08387627452611923,
        0.7626609206199646,
        1.330915927886963,
        0.09454426914453506,
        0.9950705766677856,
        0.029932131990790367,
        -0.13407593965530396,
        -0.7614119052886963,
        0.052908625453710556,
        0.6461055874824524,
        1.0838322639465332
    ],
    [
        0.6354794502258301,
        -0.08410058915615082,
        0.7675239443778992,
        1.3519026041030884,
        0.09551741182804108,
        0.9949774146080017,
        0.029938917607069016,
        -0.14635644853115082,
        -0.7661868929862976,
        0.05428631603717804,
        0.6403208374977112,
        1.0943036079406738
    ],
    [
        0.6283391118049622,
        -0.08388084918260574,
        0.7734041810035706,
        1.3727689981460571,
        0.09644047915935516,
        0.9948999285697937,
        0.029552116990089417,
        -0.15877895057201385,
        -0.7719385623931885,
        0.05601872503757477,
        0.6332240700721741,
        1.104274034500122
    ]
]