[
    [
        0.9999653697013855,
        0.002050227951258421,
        -0.008079681545495987,
        -0.024672389030456543,
        -0.002033465774729848,
        0.9999958276748657,
        0.00208232831209898,
        -0.07466024160385132,
        0.008083916269242764,
        -0.0020658259745687246,
        0.9999651908874512,
        -0.00853434856981039
    ],
    [
        0.9999606609344482,
        0.0022477228194475174,
        -0.008585295639932156,
        -0.030887799337506294,
        -0.0022190494928508997,
        0.9999919533729553,
        0.003347908379510045,
        -0.09186958521604538,
        0.008592750877141953,
        -0.0033287249971181154,
        0.9999575614929199,
        -0.009486834518611431
    ],
    [
        0.9999566674232483,
        0.002600976498797536,
        -0.008933795616030693,
        -0.03575929254293442,
        -0.0025592497549951077,
        0.9999858736991882,
        0.004678863100707531,
        -0.10675397515296936,
        0.008945838548243046,
        -0.0046557956375181675,
        0.9999490976333618,
        -0.010097266174852848
    ],
    [
        0.9999550580978394,
        0.003631283063441515,
        -0.008759376592934132,
        -0.03900215029716492,
        -0.0035745929926633835,
        0.9999726414680481,
        0.006478915456682444,
        -0.12361183762550354,
        0.008782662451267242,
        -0.006447313819080591,
        0.9999407529830933,
        -0.010129491798579693
    ],
    [
        0.9999561309814453,
        0.00405519362539053,
        -0.008449234068393707,
        -0.04029867425560951,
        -0.0039892131462693214,
        0.9999615550041199,
        0.00781128229573369,
        -0.13833892345428467,
        0.008480585180222988,
        -0.007777232211083174,
        0.9999337196350098,
        -0.011330235749483109
    ],
    [
        0.9999597668647766,
        0.004224203061312437,
        -0.007926840335130692,
        -0.040893588215112686,
        -0.004152901004999876,
        0.9999510645866394,
        0.008989966474473476,
        -0.15520046651363373,
        0.007964426651597023,
        -0.008956684730947018,
        0.9999281167984009,
        -0.013503395020961761
    ],
    [
        0.9999567270278931,
        0.003656047862023115,
        -0.008556898683309555,
        -0.04193456470966339,
        -0.003567188046872616,
        0.9999398589134216,
        0.010376903228461742,
        -0.1703822761774063,
        0.008594322949647903,
        -0.01034592930227518,
        0.999909520149231,
        -0.014422341249883175
    ],
    [
        0.9999544620513916,
        0.003575296141207218,
        -0.008850796148180962,
        -0.044503334909677505,
        -0.0034654405899345875,
        0.9999171495437622,
        0.012396411038935184,
        -0.18692956864833832,
        0.008894383907318115,
        -0.012365173548460007,
        0.9998838901519775,
        -0.014058391563594341
    ],
    [
        0.9999524354934692,
        0.0033761020749807358,
        -0.009151033125817776,
        -0.04785197600722313,
        -0.0032429127022624016,
        0.9998891949653625,
        0.014530527405440807,
        -0.2070586234331131,
        0.00919907446950674,
        -0.01450015977025032,
        0.9998525381088257,
        -0.011897353455424309
    ],
    [
        0.9999496340751648,
        0.003455576952546835,
        -0.009425410069525242,
        -0.05161672458052635,
        -0.0033038847614079714,
        0.9998654723167419,
        0.016062306240200996,
        -0.224801167845726,
        0.009479646570980549,
        -0.01603035442531109,
        0.9998266100883484,
        -0.009210774675011635
    ],
    [
        0.9999437928199768,
        0.003755001351237297,
        -0.00991971604526043,
        -0.0565335676074028,
        -0.003575229551643133,
        0.9998301863670349,
        0.01807861030101776,
        -0.24654585123062134,
        0.009985917247831821,
        -0.018042128533124924,
        0.9997873902320862,
        -0.004851981997489929
    ],
    [
        0.9999378323554993,
        0.004387821536511183,
        -0.010253376327455044,
        -0.060495227575302124,
        -0.0041826264932751656,
        0.9997922778129578,
        0.01994883269071579,
        -0.2645368278026581,
        0.010338777676224709,
        -0.01990470290184021,
        0.9997484087944031,
        0.0006996988668106496
    ],
    [
        0.9999322891235352,
        0.004535061772912741,
        -0.010722232051193714,
        -0.06331110745668411,
        -0.004299733322113752,
        0.999751627445221,
        0.02186984196305275,
        -0.2846108376979828,
        0.01081874966621399,
        -0.021822256967425346,
        0.9997033476829529,
        0.0074983020313084126
    ],
    [
        0.9999129772186279,
        0.0047015477903187275,
        -0.012332535348832607,
        -0.06521951407194138,
        -0.0044106123968958855,
        0.9997138977050781,
        0.02351284958422184,
        -0.3008388578891754,
        0.012439552694559097,
        -0.023456405848264694,
        0.9996474981307983,
        0.014699125662446022
    ],
    [
        0.999893069267273,
        0.005619932897388935,
        -0.013500591740012169,
        -0.06650121510028839,
        -0.005289606284350157,
        0.9996887445449829,
        0.02437993884086609,
        -0.3167153596878052,
        0.01363340299576521,
        -0.02430591732263565,
        0.9996116757392883,
        0.023836234584450722
    ],
    [
        0.9998538494110107,
        0.007075656671077013,
        -0.015563278459012508,
        -0.06800033152103424,
        -0.006672571413218975,
        0.9996448159217834,
        0.025800997391343117,
        -0.33484652638435364,
        0.01574030891060829,
        -0.025693379342556,
        0.9995458722114563,
        0.0295342318713665
    ],
    [
        0.9997766613960266,
        0.008644812740385532,
        -0.01928185299038887,
        -0.07048498839139938,
        -0.008108663372695446,
        0.9995830655097961,
        0.02771289087831974,
        -0.35137122869491577,
        0.019513387233018875,
        -0.0275503508746624,
        0.9994298815727234,
        0.03130703419446945
    ],
    [
        0.9996349811553955,
        0.009982473216950893,
        -0.025105062872171402,
        -0.07655298709869385,
        -0.009244841523468494,
        0.999527096748352,
        0.02932809852063656,
        -0.37084099650382996,
        0.025385959073901176,
        -0.029085302725434303,
        0.9992545247077942,
        0.031012089923024178
    ],
    [
        0.9994263052940369,
        0.011272521689534187,
        -0.03193916007876396,
        -0.08121553808450699,
        -0.010295003652572632,
        0.9994784593582153,
        0.030606525018811226,
        -0.38767704367637634,
        0.03226751089096069,
        -0.030260149389505386,
        0.999021053314209,
        0.03088170289993286
    ],
    [
        0.9992045760154724,
        0.012486472725868225,
        -0.03787223622202873,
        -0.08598336577415466,
        -0.011267287656664848,
        0.9994167685508728,
        0.03223639354109764,
        -0.40463489294052124,
        0.03825266659259796,
        -0.03178403154015541,
        0.9987626075744629,
        0.03197111934423447
    ],
    [
        0.9993326663970947,
        0.011342775076627731,
        -0.03472235053777695,
        -0.08849741518497467,
        -0.010178477503359318,
        0.9993860125541687,
        0.03352665528655052,
        -0.4229471683502197,
        0.03508131578564644,
        -0.03315085917711258,
        0.9988344311714172,
        0.035008735954761505
    ],
    [
        0.9995124936103821,
        0.00983413215726614,
        -0.029631370678544044,
        -0.08944187313318253,
        -0.008808751590549946,
        0.9993645548820496,
        0.03453858569264412,
        -0.43752261996269226,
        0.029952198266983032,
        -0.03426073491573334,
        0.9989639520645142,
        0.039252642542123795
    ],
    [
        0.9996970295906067,
        0.008334421552717686,
        -0.023162053897976875,
        -0.08916673809289932,
        -0.0075112804770469666,
        0.9993448853492737,
        0.03540090471506119,
        -0.45366179943084717,
        0.023441927507519722,
        -0.035216204822063446,
        0.9991046786308289,
        0.0468614362180233
    ],
    [
        0.9998107552528381,
        0.007377148140221834,
        -0.018001176416873932,
        -0.08727943152189255,
        -0.006712351925671101,
        0.9993031620979309,
        0.036715712398290634,
        -0.4666799008846283,
        0.01825948804616928,
        -0.03658793494105339,
        0.9991636276245117,
        0.05540463700890541
    ],
    [
        0.9999151229858398,
        0.005626448895782232,
        -0.011757015250623226,
        -0.0849696695804596,
        -0.005179576575756073,
        0.9992757439613342,
        0.03769972175359726,
        -0.4816899001598358,
        0.01196061447262764,
        -0.037635624408721924,
        0.9992200136184692,
        0.0634223148226738
    ]
]