[
    [
        0.9904186725616455,
        0.007573963608592749,
        -0.13788971304893494,
        -0.015373957343399525,
        -0.007794729433953762,
        0.9999690055847168,
        -0.001061110757291317,
        -0.06924580782651901,
        0.1378774344921112,
        0.0021257561165839434,
        0.9904470443725586,
        0.061182308942079544
    ],
    [
        0.989798903465271,
        0.007818690501153469,
        -0.14225676655769348,
        -0.015368442982435226,
        -0.008061323314905167,
        0.9999669194221497,
        -0.0011293558636680245,
        -0.0682956874370575,
        0.14224323630332947,
        0.0022646132856607437,
        0.9898291230201721,
        0.05378992483019829
    ],
    [
        0.9892150163650513,
        0.00800276454538107,
        -0.1462521106004715,
        -0.0163095872849226,
        -0.008282848633825779,
        0.9999648928642273,
        -0.001306198537349701,
        -0.0663933977484703,
        0.14623649418354034,
        0.002503495430573821,
        0.9892465472221375,
        0.04360819607973099
    ],
    [
        0.9885784983634949,
        0.0082491934299469,
        -0.150480717420578,
        -0.017966723069548607,
        -0.008536657318472862,
        0.9999628067016602,
        -0.0012644152157008648,
        -0.06290463358163834,
        0.15046466886997223,
        0.0025345757603645325,
        0.9886121153831482,
        0.030173471197485924
    ],
    [
        0.9878292083740234,
        0.00863146036863327,
        -0.1553027182817459,
        -0.017621401697397232,
        -0.008993212133646011,
        0.9999582171440125,
        -0.0016268721083179116,
        -0.0580618791282177,
        0.15528219938278198,
        0.003003742080181837,
        0.9878656268119812,
        0.01466947328299284
    ],
    [
        0.9868811368942261,
        0.008754121139645576,
        -0.1612105369567871,
        -0.017369935289025307,
        -0.009096465073525906,
        0.9999576210975647,
        -0.0013856467558071017,
        -0.052533093839883804,
        0.16119158267974854,
        0.002833915175870061,
        0.986919105052948,
        -0.0022064547520130873
    ],
    [
        0.985675573348999,
        0.009241963736712933,
        -0.16839934885501862,
        -0.01905568689107895,
        -0.009565635584294796,
        0.9999536871910095,
        -0.0011109189363196492,
        -0.044688593596220016,
        0.16838125884532928,
        0.0027058525010943413,
        0.9857182502746582,
        -0.022925257682800293
    ],
    [
        0.9841605424880981,
        0.009575508534908295,
        -0.17702046036720276,
        -0.01994260773062706,
        -0.009935486130416393,
        0.9999500513076782,
        -0.0011472409823909402,
        -0.03612157329916954,
        0.17700064182281494,
        0.0028878538869321346,
        0.9842064380645752,
        -0.046202752739191055
    ],
    [
        0.9813499450683594,
        0.010003234259784222,
        -0.19196948409080505,
        -0.020995663478970528,
        -0.01043480820953846,
        0.999944806098938,
        -0.0012372609926387668,
        -0.025830071419477463,
        0.19194650650024414,
        0.0032173506915569305,
        0.9814000129699707,
        -0.07796672731637955
    ],
    [
        0.9788548350334167,
        0.010638939216732979,
        -0.20427930355072021,
        -0.021251574158668518,
        -0.011154274456202984,
        0.9999368786811829,
        -0.001371399499475956,
        -0.01814398169517517,
        0.20425181090831757,
        0.0036209882237017155,
        0.9789117574691772,
        -0.10897789150476456
    ],
    [
        0.9760957360267639,
        0.011121891438961029,
        -0.21705617010593414,
        -0.020815175026655197,
        -0.011836424469947815,
        0.9999279379844666,
        -0.0019920803606510162,
        -0.010566849261522293,
        0.21701836585998535,
        0.004513629712164402,
        0.9761571288108826,
        -0.14207491278648376
    ],
    [
        0.9728981256484985,
        0.011875404044985771,
        -0.23092864453792572,
        -0.018456751480698586,
        -0.012490975670516491,
        0.9999213218688965,
        -0.001203745836392045,
        -0.0027332655154168606,
        0.23089617490768433,
        0.004055645316839218,
        0.9729700088500977,
        -0.17568381130695343
    ],
    [
        0.9692356586456299,
        0.011570561677217484,
        -0.24586240947246552,
        -0.014639132656157017,
        -0.01260803546756506,
        0.9999169707298279,
        -0.0026460213121026754,
        -0.0005357397603802383,
        0.24581138789653778,
        0.005664459895342588,
        0.9693011045455933,
        -0.2100658416748047
    ],
    [
        0.9644376635551453,
        0.012577936053276062,
        -0.26401084661483765,
        -0.01070605032145977,
        -0.013264637440443039,
        0.9999117255210876,
        -0.0008184932521544397,
        0.001088897231966257,
        0.2639772295951843,
        0.004291393794119358,
        0.9645193219184875,
        -0.2443224936723709
    ],
    [
        0.9587838053703308,
        0.013164707459509373,
        -0.283831387758255,
        -0.004533504135906696,
        -0.014022869057953358,
        0.9999011754989624,
        -0.0009917609859257936,
        0.003175735240802169,
        0.2837902903556824,
        0.004931014031171799,
        0.9588737487792969,
        -0.27560558915138245
    ],
    [
        0.9516042470932007,
        0.013632155954837799,
        -0.3070234954357147,
        0.004604339133948088,
        -0.014476027339696884,
        0.9998950362205505,
        -0.00047137567889876664,
        0.004300263244658709,
        0.30698487162590027,
        0.004893043544143438,
        0.951701819896698,
        -0.304101824760437
    ],
    [
        0.9400557279586792,
        0.013919039629399776,
        -0.34073683619499207,
        0.018443286418914795,
        -0.014589625410735607,
        0.9998933672904968,
        0.0005942833959124982,
        0.009175319224596024,
        0.34070876240730286,
        0.004412563052028418,
        0.9401585459709167,
        -0.33459025621414185
    ],
    [
        0.9268487095832825,
        0.014578172005712986,
        -0.3751518130302429,
        0.03490452468395233,
        -0.015083134174346924,
        0.9998849630355835,
        0.0015905856853350997,
        0.01405431143939495,
        0.37513184547424316,
        0.004184231627732515,
        0.9269620776176453,
        -0.35529762506484985
    ],
    [
        0.9093172550201416,
        0.015387448482215405,
        -0.4158189296722412,
        0.056432418525218964,
        -0.015731284394860268,
        0.9998728036880493,
        0.002599125960841775,
        0.01978570595383644,
        0.41580602526664734,
        0.004177934490144253,
        0.909443736076355,
        -0.37513741850852966
    ],
    [
        0.8871124982833862,
        0.01674903742969036,
        -0.46124938130378723,
        0.0810324102640152,
        -0.016817506402730942,
        0.9998506307601929,
        0.003962098620831966,
        0.021234147250652313,
        0.4612468183040619,
        0.004242236725986004,
        0.8872617483139038,
        -0.39567479491233826
    ],
    [
        0.8604164719581604,
        0.01792309805750847,
        -0.5092761516571045,
        0.10123775899410248,
        -0.01789543591439724,
        0.9998276233673096,
        0.00495306309312582,
        0.02227039821445942,
        0.5092771053314209,
        0.004852020647376776,
        0.8605889678001404,
        -0.4159378111362457
    ],
    [
        0.8298789858818054,
        0.019603338092565536,
        -0.5575989484786987,
        0.11528933048248291,
        -0.019162354990839958,
        0.9997943639755249,
        0.006629983428865671,
        0.024457916617393494,
        0.557614266872406,
        0.005182825494557619,
        0.830083966255188,
        -0.43708571791648865
    ],
    [
        0.7971508502960205,
        0.022081023082137108,
        -0.6033763289451599,
        0.12484098225831985,
        -0.020777685567736626,
        0.9997423887252808,
        0.009135900065302849,
        0.02688121236860752,
        0.6034226417541504,
        0.005254073068499565,
        0.7974041700363159,
        -0.461166113615036
    ],
    [
        0.7625102400779724,
        0.024378739297389984,
        -0.646516740322113,
        0.12953120470046997,
        -0.022488510236144066,
        0.9996846914291382,
        0.011172693222761154,
        0.02909237891435623,
        0.64658522605896,
        0.006019905675202608,
        0.7628179788589478,
        -0.4867473542690277
    ],
    [
        0.7151173949241638,
        0.02744445390999317,
        -0.6984654068946838,
        0.13133032619953156,
        -0.024582168087363243,
        0.9995982050895691,
        0.01410849392414093,
        0.03539406880736351,
        0.6985719799995422,
        0.007080565672367811,
        0.7155047655105591,
        -0.5231034159660339
    ]
]