[
    [
        0.9984185099601746,
        0.000653605442494154,
        -0.05621601641178131,
        -0.00203024223446846,
        -0.0007225147564895451,
        0.9999991059303284,
        -0.0012054677354171872,
        0.011749407276511192,
        0.05621517449617386,
        0.0012441782746464014,
        0.998417854309082,
        0.30181872844696045
    ],
    [
        0.998103141784668,
        0.0004156790382694453,
        -0.061562176793813705,
        -0.0008851556922309101,
        -0.00042749600834213197,
        0.9999999403953552,
        -0.000178780552232638,
        0.01220024935901165,
        0.06156209111213684,
        0.00020475948986131698,
        0.9981032609939575,
        0.33679184317588806
    ],
    [
        0.9977979063987732,
        0.0002869671443477273,
        -0.06632550805807114,
        0.000636180629953742,
        -0.00019090484420303255,
        0.9999989867210388,
        0.0014546771999448538,
        0.012139381840825081,
        0.0663258507847786,
        -0.0014388118870556355,
        0.9977970123291016,
        0.3733079433441162
    ],
    [
        0.9974473714828491,
        -3.7343936128308997e-05,
        -0.07140475511550903,
        0.003968084696680307,
        0.00018613407155498862,
        0.9999977946281433,
        0.002077102893963456,
        0.009808399714529514,
        0.07140452414751053,
        -0.002085091546177864,
        0.9974452257156372,
        0.4118553400039673
    ],
    [
        0.9968915581703186,
        -0.00025160188670270145,
        -0.07878506928682327,
        0.01081794686615467,
        0.0005948750767856836,
        0.9999904036521912,
        0.004333642777055502,
        0.005025305785238743,
        0.07878323644399643,
        -0.004367039538919926,
        0.9968822002410889,
        0.456516832113266
    ],
    [
        0.9964730143547058,
        -0.00023191244690679014,
        -0.08391349017620087,
        0.016741758212447166,
        0.0006020355504006147,
        0.9999902248382568,
        0.004385486710816622,
        0.001778824022039771,
        0.08391164243221283,
        -0.00442053796723485,
        0.9964633584022522,
        0.48979082703590393
    ],
    [
        0.9958821535110474,
        -0.00041890048305504024,
        -0.0906573012471199,
        0.022900380194187164,
        0.0008569355122745037,
        0.9999881982803345,
        0.004792902152985334,
        -0.0022491489071398973,
        0.09065422415733337,
        -0.00485085416585207,
        0.9958705306053162,
        0.5207547545433044
    ],
    [
        0.9952207207679749,
        4.541123053058982e-05,
        -0.09765179455280304,
        0.028151649981737137,
        0.00045507517643272877,
        0.9999868273735046,
        0.0051029338501393795,
        -0.004628415685147047,
        0.09765074402093887,
        -0.005122984293848276,
        0.9952076077461243,
        0.5528861880302429
    ],
    [
        0.9943295121192932,
        0.0006514666019938886,
        -0.10634055733680725,
        0.03274482488632202,
        -3.183626540703699e-05,
        0.9999830722808838,
        0.005828446708619595,
        -0.004332100972533226,
        0.10634254664182663,
        -0.005792010109871626,
        0.9943127632141113,
        0.5951335430145264
    ],
    [
        0.9934377074241638,
        0.0010238077957183123,
        -0.1143697202205658,
        0.03425682336091995,
        -0.00020940435933880508,
        0.9999745488166809,
        0.007132585626095533,
        -0.003165945876389742,
        0.11437410116195679,
        -0.007061831187456846,
        0.9934126734733582,
        0.6338415741920471
    ],
    [
        0.9923331141471863,
        0.001209694892168045,
        -0.12358595430850983,
        0.03545502573251724,
        -0.00024010997731238604,
        0.9999690651893616,
        0.007860023528337479,
        -0.004532502498477697,
        0.12359163910150528,
        -0.007770087104290724,
        0.9923027753829956,
        0.6734210252761841
    ],
    [
        0.9911525249481201,
        0.0017461155075579882,
        -0.13271589577198029,
        0.03535963222384453,
        -0.0006656445912085474,
        0.9999662637710571,
        0.008185160346329212,
        -0.0072149429470300674,
        0.13272570073604584,
        -0.008024401031434536,
        0.9911202788352966,
        0.7096661925315857
    ],
    [
        0.9896204471588135,
        0.002426603576168418,
        -0.14368532598018646,
        0.031981486827135086,
        -0.0011711673578247428,
        0.9999604225158691,
        0.0088213374838233,
        -0.009503570385277271,
        0.14370104670524597,
        -0.008561495691537857,
        0.9895841479301453,
        0.7493965029716492
    ],
    [
        0.9881060123443604,
        0.0027736551128327847,
        -0.15374872088432312,
        0.029575860127806664,
        -0.0013717323308810592,
        0.999956488609314,
        0.009223608300089836,
        -0.009572907350957394,
        0.15376761555671692,
        -0.008903000503778458,
        0.9880669116973877,
        0.78106689453125
    ],
    [
        0.9863185882568359,
        0.0029159802943468094,
        -0.16482433676719666,
        0.029874462634325027,
        -0.0013788637006655335,
        0.9999545812606812,
        0.009439432993531227,
        -0.009039112366735935,
        0.16484434902668,
        -0.009083017706871033,
        0.9862777590751648,
        0.8140020370483398
    ],
    [
        0.9843881130218506,
        0.0025432598777115345,
        -0.1759926974773407,
        0.03176562488079071,
        -0.0007870217668823898,
        0.9999492168426514,
        0.010048124939203262,
        -0.009230075404047966,
        0.17600932717323303,
        -0.009752745740115643,
        0.9843401908874512,
        0.8503743410110474
    ],
    [
        0.9819540977478027,
        0.0026861808728426695,
        -0.189099982380867,
        0.0364861860871315,
        -0.0006432808586396277,
        0.9999407529830933,
        0.010863827541470528,
        -0.010806497186422348,
        0.18911796808242798,
        -0.010546134784817696,
        0.98189777135849,
        0.8953624963760376
    ],
    [
        0.9798839092254639,
        0.0027370245661586523,
        -0.199549600481987,
        0.04195624962449074,
        -0.0005083403084427118,
        0.9999369382858276,
        0.01121895108371973,
        -0.011898942291736603,
        0.1995677649974823,
        -0.010891832411289215,
        0.9798234701156616,
        0.9296974539756775
    ],
    [
        0.9775049090385437,
        0.003182564163580537,
        -0.21088871359825134,
        0.045626718550920486,
        -0.0007277639233507216,
        0.9999310374259949,
        0.01171684730798006,
        -0.01248240377753973,
        0.21091145277023315,
        -0.0112997991964221,
        0.9774398803710938,
        0.9613604545593262
    ],
    [
        0.9747413396835327,
        0.003776571713387966,
        -0.22330503165721893,
        0.048224519938230515,
        -0.0011630734661594033,
        0.9999292492866516,
        0.011834073811769485,
        -0.011256163939833641,
        0.2233339250087738,
        -0.011275441385805607,
        0.9746767282485962,
        0.992604672908783
    ],
    [
        0.9714066982269287,
        0.004747589118778706,
        -0.23737409710884094,
        0.04842035472393036,
        -0.001911121653392911,
        0.9999240040779114,
        0.012178042903542519,
        -0.00986915361136198,
        0.23741386830806732,
        -0.011376180686056614,
        0.9713419079780579,
        1.032177209854126
    ],
    [
        0.9685259461402893,
        0.005201609339565039,
        -0.24885867536067963,
        0.04620541259646416,
        -0.002056979341432452,
        0.999914824962616,
        0.012894579209387302,
        -0.009270727634429932,
        0.24890457093715668,
        -0.011976836249232292,
        0.9684540033340454,
        1.068975567817688
    ],
    [
        0.9656171798706055,
        0.006352387368679047,
        -0.2598905861377716,
        0.04488420858979225,
        -0.0027117887511849403,
        0.9998931884765625,
        0.01436434406787157,
        -0.010397933423519135,
        0.2599540650844574,
        -0.013165690004825592,
        0.9655311703681946,
        1.106921911239624
    ],
    [
        0.9630565643310547,
        0.006480210926383734,
        -0.2692214548587799,
        0.041695673018693924,
        -0.002584775211289525,
        0.9998868703842163,
        0.014821227639913559,
        -0.012543007731437683,
        0.26928699016571045,
        -0.01357780210673809,
        0.9629642963409424,
        1.1409260034561157
    ],
    [
        0.9598036408424377,
        0.006872178055346012,
        -0.28058838844299316,
        0.03805094584822655,
        -0.0028117974288761616,
        0.9998854994773865,
        0.014870954677462578,
        -0.01462968997657299,
        0.28065845370292664,
        -0.013484236784279346,
        0.9597130417823792,
        1.1777570247650146
    ]
]