[
    [
        0.9876914620399475,
        0.01326750498265028,
        -0.15585042536258698,
        0.14161939918994904,
        -0.011144343763589859,
        0.9998329281806946,
        0.014488971792161465,
        0.015904586762189865,
        0.15601661801338196,
        -0.012573784217238426,
        0.9876742959022522,
        0.33418014645576477
    ],
    [
        0.982423722743988,
        0.015436481684446335,
        -0.18602508306503296,
        0.15580101311206818,
        -0.01231128629297018,
        0.9997632503509521,
        0.01794341765344143,
        0.016607748344540596,
        0.186258003115654,
        -0.015337832272052765,
        0.9823810458183289,
        0.38690516352653503
    ],
    [
        0.9759729504585266,
        0.017290586605668068,
        -0.2172047346830368,
        0.1698717325925827,
        -0.012935337610542774,
        0.999686062335968,
        0.021457264199852943,
        0.014581228606402874,
        0.21750757098197937,
        -0.01813209243118763,
        0.9758901000022888,
        0.43573468923568726
    ],
    [
        0.96844482421875,
        0.018862077966332436,
        -0.2485133409500122,
        0.18423311412334442,
        -0.013072020374238491,
        0.9996038675308228,
        0.024928534403443336,
        0.016461394727230072,
        0.24888505041599274,
        -0.020893337205052376,
        0.9683076739311218,
        0.48370200395584106
    ],
    [
        0.96001797914505,
        0.0199270136654377,
        -0.2792282998561859,
        0.19979892671108246,
        -0.012619083747267723,
        0.9995297789573669,
        0.02794521115720272,
        0.02314862236380577,
        0.2796538770198822,
        -0.023304298520088196,
        0.9598180055618286,
        0.5332880616188049
    ],
    [
        0.9509785175323486,
        0.020861871540546417,
        -0.3085525333881378,
        0.21177418529987335,
        -0.011813568882644176,
        0.9994444847106934,
        0.03116432949900627,
        0.02934962883591652,
        0.30903124809265137,
        -0.025991501286625862,
        0.950696587562561,
        0.5838742256164551
    ],
    [
        0.9376799464225769,
        0.02186688594520092,
        -0.3468115031719208,
        0.2252512276172638,
        -0.010334808379411697,
        0.9993316531181335,
        0.035066671669483185,
        0.034139685332775116,
        0.3473464548587799,
        -0.029297081753611565,
        0.9372790455818176,
        0.6500347852706909
    ],
    [
        0.9254692792892456,
        0.022089354693889618,
        -0.3781780004501343,
        0.23548713326454163,
        -0.008435818366706371,
        0.9992526769638062,
        0.03772232308983803,
        0.033053431659936905,
        0.37872862815856934,
        -0.031720612198114395,
        0.9249640107154846,
        0.698988139629364
    ],
    [
        0.9111453294754028,
        0.0224678423255682,
        -0.4114723801612854,
        0.24607589840888977,
        -0.006488361861556768,
        0.9991709589958191,
        0.04019073396921158,
        0.029521342366933823,
        0.4120342433452606,
        -0.03394981473684311,
        0.9105356931686401,
        0.7460609674453735
    ],
    [
        0.8951587677001953,
        0.022692976519465446,
        -0.4451695680618286,
        0.255740761756897,
        -0.004423818551003933,
        0.9991063475608826,
        0.04203494265675545,
        0.024991465732455254,
        0.44572558999061584,
        -0.035658594220876694,
        0.8944591283798218,
        0.7913041710853577
    ],
    [
        0.8767850399017334,
        0.022331440821290016,
        -0.4803636968135834,
        0.2693774104118347,
        -0.001654860912822187,
        0.9990552663803101,
        0.043424151837825775,
        0.022150125354528427,
        0.48087963461875916,
        -0.03727871924638748,
        0.8759938478469849,
        0.8383651375770569
    ],
    [
        0.8564693927764893,
        0.02197747491300106,
        -0.5157297253608704,
        0.2829618752002716,
        0.0014193807728588581,
        0.9989892244338989,
        0.0449284091591835,
        0.022285738959908485,
        0.5161958932876587,
        -0.03921182081103325,
        0.8555724620819092,
        0.8888927698135376
    ],
    [
        0.8272902965545654,
        0.020599089562892914,
        -0.5613969564437866,
        0.30516695976257324,
        0.006114789750427008,
        0.9989380836486816,
        0.04566451907157898,
        0.020296132192015648,
        0.5617414116859436,
        -0.04121064022183418,
        0.826285719871521,
        0.9549345374107361
    ],
    [
        0.8004733324050903,
        0.0189152080565691,
        -0.5990697741508484,
        0.3246905505657196,
        0.010114001110196114,
        0.9989331960678101,
        0.04505488649010658,
        0.017175568267703056,
        0.5992829203605652,
        -0.042124226689338684,
        0.7994282245635986,
        1.0080267190933228
    ],
    [
        0.7720133662223816,
        0.017451360821723938,
        -0.635366678237915,
        0.34131038188934326,
        0.013617769815027714,
        0.9989393949508667,
        0.043983977288007736,
        0.014809541404247284,
        0.6354603171348572,
        -0.04260849580168724,
        0.7709569334983826,
        1.0613746643066406
    ],
    [
        0.7422151565551758,
        0.01582513190805912,
        -0.669974684715271,
        0.35613709688186646,
        0.01690458506345749,
        0.9989609718322754,
        0.0423232801258564,
        0.01636277697980404,
        0.669948399066925,
        -0.04273862764239311,
        0.7411765456199646,
        1.1132283210754395
    ],
    [
        0.7112739086151123,
        0.014433581382036209,
        -0.7027666568756104,
        0.36691486835479736,
        0.019718864932656288,
        0.998986005783081,
        0.040474969893693924,
        0.022237645462155342,
        0.7026382684707642,
        -0.042646557092666626,
        0.7102680206298828,
        1.1643322706222534
    ],
    [
        0.6776263117790222,
        0.012594765983521938,
        -0.7352986335754395,
        0.3794003427028656,
        0.022554684430360794,
        0.9990269541740417,
        0.0378977507352829,
        0.025924861431121826,
        0.735060453414917,
        -0.042264942079782486,
        0.6766829490661621,
        1.2172642946243286
    ],
    [
        0.631750762462616,
        0.009971984662115574,
        -0.7751075029373169,
        0.3946741223335266,
        0.025825947523117065,
        0.999091386795044,
        0.03390301764011383,
        0.024542802944779396,
        0.7747412919998169,
        -0.04143613576889038,
        0.6309191584587097,
        1.2839670181274414
    ],
    [
        0.5925842523574829,
        0.008084475994110107,
        -0.8054680228233337,
        0.4017702639102936,
        0.027495818212628365,
        0.9991639256477356,
        0.030257321894168854,
        0.022192243486642838,
        0.80503910779953,
        -0.04007701203227043,
        0.5918664336204529,
        1.3358408212661743
    ],
    [
        0.5525714755058289,
        0.0058578792959451675,
        -0.8334449529647827,
        0.40912243723869324,
        0.029035476967692375,
        0.999233067035675,
        0.026273556053638458,
        0.021106837317347527,
        0.8329596519470215,
        -0.03871748968958855,
        0.5519776344299316,
        1.3884875774383545
    ],
    [
        0.5101497769355774,
        0.0041564940474927425,
        -0.8600755333900452,
        0.41418978571891785,
        0.030065549537539482,
        0.9992910027503967,
        0.02266252227127552,
        0.021537763997912407,
        0.8595598936080933,
        -0.03741992637515068,
        0.5096630454063416,
        1.4419499635696411
    ],
    [
        0.45278123021125793,
        0.001177958445623517,
        -0.891620934009552,
        0.4215368628501892,
        0.031026901677250862,
        0.999372661113739,
        0.017076333984732628,
        0.020003192126750946,
        0.8910817503929138,
        -0.03539607301354408,
        0.4524605870246887,
        1.5088061094284058
    ],
    [
        0.40324318408966064,
        -0.0006708381697535515,
        -0.9150926470756531,
        0.4264608919620514,
        0.031060518696904182,
        0.9994335770606995,
        0.01295440923422575,
        0.01707201451063156,
        0.9145655632019043,
        -0.03364703059196472,
        0.40303564071655273,
        1.5600411891937256
    ],
    [
        0.3232726454734802,
        -0.003923336043953896,
        -0.9462977647781372,
        0.4276074171066284,
        0.029954522848129272,
        0.9995327591896057,
        0.006088965572416782,
        0.01902659423649311,
        0.9458315968513489,
        -0.030314287170767784,
        0.3232390880584717,
        1.6254600286483765
    ]
]