[
    [
        0.9725637435913086,
        -0.017065785825252533,
        0.23200982809066772,
        0.36447012424468994,
        0.019320210441946983,
        0.9997856616973877,
        -0.0074479952454566956,
        0.038267213851213455,
        -0.23183299601078033,
        0.011726128868758678,
        0.972684919834137,
        -0.07366379350423813
    ],
    [
        0.9430788159370422,
        -0.022890804335474968,
        0.33178073167800903,
        0.4611338973045349,
        0.02570146881043911,
        0.9996612668037415,
        -0.004085397347807884,
        0.047314319759607315,
        -0.3315748870372772,
        0.012380103580653667,
        0.943347692489624,
        -0.07324080169200897
    ],
    [
        0.904274046421051,
        -0.030371444299817085,
        0.4258708953857422,
        0.5636911392211914,
        0.03341705724596977,
        0.999441385269165,
        0.0003200551145710051,
        0.04161640256643295,
        -0.4256427586078644,
        0.013941934332251549,
        0.9047839045524597,
        -0.052328404039144516
    ],
    [
        0.8713294863700867,
        -0.035457972437143326,
        0.48941555619239807,
        0.6592970490455627,
        0.037506166845560074,
        0.9992806315422058,
        0.0056235105730593204,
        0.03817189857363701,
        -0.4892628788948059,
        0.01345616951584816,
        0.8720324635505676,
        -0.021099667996168137
    ],
    [
        0.8375029563903809,
        -0.040110327303409576,
        0.5449587106704712,
        0.7691241502761841,
        0.04144889861345291,
        0.9990922212600708,
        0.009836225770413876,
        0.048081669956445694,
        -0.544858455657959,
        0.01435006968677044,
        0.838405191898346,
        0.024967379868030548
    ],
    [
        0.8192991018295288,
        -0.0451144240796566,
        0.5715886950492859,
        0.8955961465835571,
        0.04307818040251732,
        0.9989254474639893,
        0.01709626242518425,
        0.06875241547822952,
        -0.571745753288269,
        0.010616048239171505,
        0.8203621506690979,
        0.07823227345943451
    ],
    [
        0.8139307498931885,
        -0.04603991284966469,
        0.5791347026824951,
        1.0323119163513184,
        0.043713364750146866,
        0.9988824725151062,
        0.0179730374366045,
        0.08922561258077621,
        -0.5793149471282959,
        0.010687117464840412,
        0.8150337934494019,
        0.14015743136405945
    ],
    [
        0.8122490048408508,
        -0.04515324905514717,
        0.5815606713294983,
        1.1400507688522339,
        0.0421670600771904,
        0.9989361763000488,
        0.01866539753973484,
        0.1106051579117775,
        -0.5817847847938538,
        0.00936175137758255,
        0.8132889866828918,
        0.23047219216823578
    ],
    [
        0.8095881342887878,
        -0.04502706974744797,
        0.5852687358856201,
        1.2436563968658447,
        0.041245318949222565,
        0.9989528059959412,
        0.019799798727035522,
        0.12391141057014465,
        -0.5855474472045898,
        0.008109910413622856,
        0.8105975985527039,
        0.36869847774505615
    ],
    [
        0.8035953640937805,
        -0.04584895446896553,
        0.593407392501831,
        1.3416163921356201,
        0.041256312280893326,
        0.998921275138855,
        0.021311020478606224,
        0.11388538032770157,
        -0.5937443971633911,
        0.007356361020356417,
        0.8046200275421143,
        0.519628643989563
    ],
    [
        0.7980164885520935,
        -0.047173723578453064,
        0.6007864475250244,
        1.439278244972229,
        0.04281887039542198,
        0.9988503456115723,
        0.021553946658968925,
        0.11470147967338562,
        -0.6011124849319458,
        0.008524592965841293,
        0.7991189956665039,
        0.6445329785346985
    ],
    [
        0.7908011674880981,
        -0.04929591715335846,
        0.6100847125053406,
        1.5668162107467651,
        0.0441773422062397,
        0.9987487196922302,
        0.02343730628490448,
        0.10563596338033676,
        -0.6104767322540283,
        0.008417671546339989,
        0.7919894456863403,
        0.7950507998466492
    ],
    [
        0.7822972536087036,
        -0.049883320927619934,
        0.6209046244621277,
        1.6817675828933716,
        0.04419849067926407,
        0.9987211227416992,
        0.024549931287765503,
        0.10061150044202805,
        -0.6213352084159851,
        0.008237705565989017,
        0.7835016250610352,
        0.9432588219642639
    ],
    [
        0.7660626173019409,
        -0.05073365569114685,
        0.640760600566864,
        1.7751173973083496,
        0.04492733255028725,
        0.9986682534217834,
        0.025358840823173523,
        0.10085989534854889,
        -0.6411938667297363,
        0.00936119630932808,
        0.7673219442367554,
        1.1105036735534668
    ],
    [
        0.7412995100021362,
        -0.052691515535116196,
        0.6691027879714966,
        1.8599038124084473,
        0.046535201370716095,
        0.9985495805740356,
        0.027078893035650253,
        0.07992132008075714,
        -0.6695591807365417,
        0.01106326375156641,
        0.742676317691803,
        1.2865022420883179
    ],
    [
        0.7161172032356262,
        -0.0563773438334465,
        0.6956995129585266,
        1.956445574760437,
        0.04941342771053314,
        0.9983266592025757,
        0.030037686228752136,
        0.07830940186977386,
        -0.6962286829948425,
        0.012866388075053692,
        0.7177046537399292,
        1.423521637916565
    ],
    [
        0.6848100423812866,
        -0.06054951250553131,
        0.7262017726898193,
        2.090954542160034,
        0.053314656019210815,
        0.9980343580245972,
        0.03293862193822861,
        0.07351000607013702,
        -0.7267687916755676,
        0.016160504892468452,
        0.6866920590400696,
        1.5774661302566528
    ],
    [
        0.6518638134002686,
        -0.06242937222123146,
        0.7557620406150818,
        2.191645383834839,
        0.05467475950717926,
        0.9978811144828796,
        0.03527114912867546,
        0.0722547322511673,
        -0.7563624978065491,
        0.01832912303507328,
        0.6538958549499512,
        1.7056562900543213
    ],
    [
        0.6075950264930725,
        -0.06464754045009613,
        0.7916116714477539,
        2.2882707118988037,
        0.05651821196079254,
        0.9976744651794434,
        0.03809572383761406,
        0.07018289715051651,
        -0.7922335863113403,
        0.02159370295703411,
        0.6098357439041138,
        1.8759942054748535
    ],
    [
        0.5391236543655396,
        -0.06677769869565964,
        0.8395751118659973,
        2.361016035079956,
        0.059478867799043655,
        0.9973816871643066,
        0.04113554209470749,
        0.04785218834877014,
        -0.8401237726211548,
        0.027759838849306107,
        0.5416838526725769,
        2.046431303024292
    ],
    [
        0.46905821561813354,
        -0.07051588594913483,
        0.8803475499153137,
        2.4303548336029053,
        0.06271075457334518,
        0.9969505667686462,
        0.04644285887479782,
        0.05204598605632782,
        -0.880937933921814,
        0.033422864973545074,
        0.4720499515533447,
        2.166703224182129
    ],
    [
        0.3843875527381897,
        -0.07609955966472626,
        0.9200297594070435,
        2.523730516433716,
        0.06648682057857513,
        0.9962906241416931,
        0.05462928116321564,
        0.05107935145497322,
        -0.920774519443512,
        0.040171053260564804,
        0.3880215585231781,
        2.297234296798706
    ],
    [
        0.29820749163627625,
        -0.07974717766046524,
        0.9511639475822449,
        2.5927321910858154,
        0.06897866725921631,
        0.9956986904144287,
        0.06185498088598251,
        0.044902630150318146,
        -0.9520053863525391,
        0.047164399176836014,
        0.3024255931377411,
        2.3979945182800293
    ],
    [
        0.19446367025375366,
        -0.08213794976472855,
        0.9774647355079651,
        2.6456642150878906,
        0.0703408420085907,
        0.9950902462005615,
        0.06962497532367706,
        0.04075457155704498,
        -0.9783844351768494,
        0.055216167122125626,
        0.19928649067878723,
        2.5018091201782227
    ],
    [
        0.07531598955392838,
        -0.08366855978965759,
        0.9936433434486389,
        2.6773836612701416,
        0.07053087651729584,
        0.9944248199462891,
        0.0783882662653923,
        0.026013879105448723,
        -0.9946622252464294,
        0.06417863816022873,
        0.08079731464385986,
        2.629307508468628
    ]
]