[
    [
        0.9595421552658081,
        -0.024921951815485954,
        0.2804599702358246,
        0.17014025151729584,
        0.028979219496250153,
        0.9995266795158386,
        -0.010328145697712898,
        -0.0174939576536417,
        -0.2800697982311249,
        0.01803780160844326,
        0.9598101377487183,
        -0.09176837652921677
    ],
    [
        0.9530960321426392,
        -0.02697685733437538,
        0.30146324634552,
        0.18818426132202148,
        0.031106771901249886,
        0.999476432800293,
        -0.008906585164368153,
        -0.018023770302534103,
        -0.3010651171207428,
        0.017866380512714386,
        0.9534361958503723,
        -0.09698862582445145
    ],
    [
        0.9462789297103882,
        -0.028789250180125237,
        0.32206737995147705,
        0.20603999495506287,
        0.03294038400053978,
        0.9994295239448547,
        -0.007445524446666241,
        -0.016890715807676315,
        -0.3216692805290222,
        0.01765456609427929,
        0.9466874599456787,
        -0.10216432064771652
    ],
    [
        0.9375165700912476,
        -0.030276769772171974,
        0.34662073850631714,
        0.2265487164258957,
        0.03436264395713806,
        0.9993934631347656,
        -0.005646347533911467,
        -0.013609184883534908,
        -0.3462395668029785,
        0.017204351723194122,
        0.9379883408546448,
        -0.10961609333753586
    ],
    [
        0.9297263026237488,
        -0.031241632997989655,
        0.36692380905151367,
        0.24416354298591614,
        0.03516407683491707,
        0.9993734955787659,
        -0.004008746240288019,
        -0.012815346010029316,
        -0.3665686845779419,
        0.016629576683044434,
        0.9302423000335693,
        -0.11691368371248245
    ],
    [
        0.9199819564819336,
        -0.031825918704271317,
        0.39066657423973083,
        0.2644214630126953,
        0.03553943708539009,
        0.9993657469749451,
        -0.0022779095452278852,
        -0.013033224269747734,
        -0.3903462886810303,
        0.01597970351576805,
        0.920529305934906,
        -0.1272193044424057
    ],
    [
        0.9117220044136047,
        -0.031836070120334625,
        0.4095723330974579,
        0.28167152404785156,
        0.035381004214286804,
        0.9993732571601868,
        -0.0010780012235045433,
        -0.010932568460702896,
        -0.40928131341934204,
        0.015473918057978153,
        0.9122770428657532,
        -0.13555803894996643
    ],
    [
        0.9031857252120972,
        -0.03154121711850166,
        0.42808961868286133,
        0.29913657903671265,
        0.03532183915376663,
        0.9993756413459778,
        -0.0008892109035514295,
        -0.0100097069516778,
        -0.4277942478656769,
        0.015924034640192986,
        0.9037357568740845,
        -0.144536092877388
    ],
    [
        0.892815351486206,
        -0.030524304136633873,
        0.44938743114471436,
        0.3198726773262024,
        0.03487664833664894,
        0.9993906021118164,
        -0.001407919218763709,
        -0.009460379369556904,
        -0.4490705728530884,
        0.016930140554904938,
        0.8933358192443848,
        -0.15660697221755981
    ],
    [
        0.8839309215545654,
        -0.029369590803980827,
        0.4666942358016968,
        0.3374313414096832,
        0.03424756973981857,
        0.9994113445281982,
        -0.001971700694411993,
        -0.008736195974051952,
        -0.4663616716861725,
        0.0177259910851717,
        0.8844165802001953,
        -0.1671500951051712
    ],
    [
        0.8726544380187988,
        -0.02767270617187023,
        0.4875534474849701,
        0.3571736514568329,
        0.032946426421403885,
        0.9994546175003052,
        -0.0022422855254262686,
        -0.006667481269687414,
        -0.4872255325317383,
        0.01801988296210766,
        0.8730903267860413,
        -0.18142026662826538
    ],
    [
        0.8629168272018433,
        -0.025350498035550117,
        0.5047097206115723,
        0.371768057346344,
        0.030385667458176613,
        0.9995366930961609,
        -0.0017466405406594276,
        -0.00523105775937438,
        -0.5044316053390503,
        0.016843147575855255,
        0.8632873296737671,
        -0.1940392553806305
    ],
    [
        0.8505533933639526,
        -0.022483989596366882,
        0.5254078507423401,
        0.38713008165359497,
        0.027277877554297447,
        0.9996269941329956,
        -0.0013811929384246469,
        -0.00391233479604125,
        -0.5251808166503906,
        0.015506790950894356,
        0.850849449634552,
        -0.21102358400821686
    ],
    [
        0.8405098915100098,
        -0.020023930817842484,
        0.5414260625839233,
        0.40001505613327026,
        0.024716192856431007,
        0.9996935725212097,
        -0.0013970641884952784,
        -0.002669851528480649,
        -0.541232168674469,
        0.014556236565113068,
        0.8407472968101501,
        -0.22597675025463104
    ],
    [
        0.8321331143379211,
        -0.018224453553557396,
        0.5542764067649841,
        0.412784218788147,
        0.022516557946801186,
        0.9997460842132568,
        -0.0009326609433628619,
        -0.0007674533990211785,
        -0.5541186332702637,
        0.01325649581849575,
        0.8323320746421814,
        -0.23928935825824738
    ],
    [
        0.8218038082122803,
        -0.01642001047730446,
        0.5695338845252991,
        0.42994990944862366,
        0.020368553698062897,
        0.9997924566268921,
        -0.0005659978487528861,
        0.0032133397180587053,
        -0.5694063901901245,
        0.012065722607076168,
        0.8219675421714783,
        -0.2568790316581726
    ],
    [
        0.8127930164337158,
        -0.015420287847518921,
        0.5823484659194946,
        0.4447952210903168,
        0.019176391884684563,
        0.9998161196708679,
        -0.0002901787229347974,
        0.00658006826415658,
        -0.5822368860244751,
        0.011403198353946209,
        0.8129391670227051,
        -0.2734244763851166
    ],
    [
        0.8036693930625916,
        -0.014528916217386723,
        0.5948985815048218,
        0.463687926530838,
        0.017925726249814034,
        0.9998393058776855,
        0.00020209139620419592,
        0.009857782162725925,
        -0.594805896282196,
        0.010501575656235218,
        0.8038007616996765,
        -0.29324159026145935
    ],
    [
        0.7960076332092285,
        -0.013554258272051811,
        0.6051347851753235,
        0.4787527024745941,
        0.016703592613339424,
        0.9998603463172913,
        0.00042334001045674086,
        0.012058081105351448,
        -0.6050559878349304,
        0.009770942851901054,
        0.7961230278015137,
        -0.30885249376296997
    ],
    [
        0.7877321243286133,
        -0.012826699763536453,
        0.6158844232559204,
        0.4933415651321411,
        0.01590302214026451,
        0.9998734593391418,
        0.0004834588908124715,
        0.01422381866723299,
        -0.6158127188682556,
        0.009413587860763073,
        0.787836492061615,
        -0.3246971666812897
    ],
    [
        0.7770094871520996,
        -0.01264948956668377,
        0.6293617486953735,
        0.5118116736412048,
        0.015710176900029182,
        0.9998763203620911,
        0.0007006639498285949,
        0.01628001593053341,
        -0.6292927861213684,
        0.009342960081994534,
        0.7771121859550476,
        -0.3435710668563843
    ],
    [
        0.7678796648979187,
        -0.012791065499186516,
        0.6404663324356079,
        0.5263893008232117,
        0.015880079939961433,
        0.9998735189437866,
        0.00092972262063995,
        0.017563946545124054,
        -0.6403972506523132,
        0.00945674255490303,
        0.7679856419563293,
        -0.35966578125953674
    ],
    [
        0.7569634914398193,
        -0.013588203117251396,
        0.6533157825469971,
        0.5424320697784424,
        0.016813797876238823,
        0.9998577237129211,
        0.001314583932980895,
        0.01861768215894699,
        -0.6532407402992249,
        0.009989629499614239,
        0.757084310054779,
        -0.3778015375137329
    ],
    [
        0.7476159334182739,
        -0.01450341660529375,
        0.6639728546142578,
        0.5541137456893921,
        0.017978765070438385,
        0.9998371601104736,
        0.0015962108736857772,
        0.020342634990811348,
        -0.6638879179954529,
        0.010744059458374977,
        0.7477549314498901,
        -0.39326176047325134
    ],
    [
        0.7362623810768127,
        -0.01612284779548645,
        0.6765040159225464,
        0.5671413540840149,
        0.01996575854718685,
        0.9997984766960144,
        0.002098374767228961,
        0.020934760570526123,
        -0.6764014959335327,
        0.011961962096393108,
        0.7364358901977539,
        -0.4107034206390381
    ]
]