[
    [
        0.999823272228241,
        0.016422998160123825,
        0.009149152785539627,
        -0.0982382744550705,
        -0.01649046689271927,
        0.9998370409011841,
        0.007348245475441217,
        -0.015165863558650017,
        -0.009026980958878994,
        -0.007497820537537336,
        0.9999312162399292,
        0.06583736836910248
    ],
    [
        0.9998278617858887,
        0.01622135564684868,
        0.009011602029204369,
        -0.09933708608150482,
        -0.016295308247208595,
        0.9998336434364319,
        0.008194525726139545,
        -0.0440107099711895,
        -0.00887717679142952,
        -0.008339961059391499,
        0.9999258518218994,
        0.08693984895944595
    ],
    [
        0.9998266696929932,
        0.016271833330392838,
        0.009048090316355228,
        -0.10206710547208786,
        -0.01635470613837242,
        0.9998242259025574,
        0.009161675348877907,
        -0.08284346759319305,
        -0.008897422812879086,
        -0.00930806715041399,
        0.9999170303344727,
        0.11598635464906693
    ],
    [
        0.9998191595077515,
        0.016551272943615913,
        0.00935367215424776,
        -0.10581957548856735,
        -0.016642682254314423,
        0.9998136758804321,
        0.00978042371571064,
        -0.12135908752679825,
        -0.009190051816403866,
        -0.009934326633810997,
        0.999908447265625,
        0.14605087041854858
    ],
    [
        0.9998143315315247,
        0.01683509163558483,
        0.009379468858242035,
        -0.11006080359220505,
        -0.016936106607317924,
        0.9997982978820801,
        0.0107964389026165,
        -0.1585972011089325,
        -0.009195816703140736,
        -0.010953285731375217,
        0.9998977184295654,
        0.17765699326992035
    ],
    [
        0.9998090863227844,
        0.01715349778532982,
        0.0093580586835742,
        -0.11451012641191483,
        -0.017263581976294518,
        0.9997811913490295,
        0.011812470853328705,
        -0.19514456391334534,
        -0.009153385646641254,
        -0.01197176892310381,
        0.9998863935470581,
        0.2101437896490097
    ],
    [
        0.9998050332069397,
        0.017487943172454834,
        0.009163716807961464,
        -0.11900027841329575,
        -0.0176012571901083,
        0.9997677206993103,
        0.012434304691851139,
        -0.23055773973464966,
        -0.008944138884544373,
        -0.012593175284564495,
        0.9998807907104492,
        0.24469204246997833
    ],
    [
        0.9997976422309875,
        0.017995111644268036,
        0.008997327648103237,
        -0.12415515631437302,
        -0.018109740689396858,
        0.9997536540031433,
        0.01282535307109356,
        -0.2665574252605438,
        -0.008764319121837616,
        -0.012985696084797382,
        0.9998772144317627,
        0.2810206115245819
    ],
    [
        0.999794065952301,
        0.018095100298523903,
        0.009182346053421497,
        -0.13040193915367126,
        -0.01821722462773323,
        0.9997442960739136,
        0.013395254500210285,
        -0.30170607566833496,
        -0.008937611244618893,
        -0.013559774495661259,
        0.9998681545257568,
        0.3183704912662506
    ],
    [
        0.9997929334640503,
        0.018239330500364304,
        0.0090235136449337,
        -0.13330839574337006,
        -0.01836247183382511,
        0.9997367262840271,
        0.013757321052253246,
        -0.3290850818157196,
        -0.008770215325057507,
        -0.013920165598392487,
        0.9998645782470703,
        0.3451003432273865
    ],
    [
        0.9997875690460205,
        0.01845293864607811,
        0.009180678054690361,
        -0.1382412314414978,
        -0.018588658422231674,
        0.9997158646583557,
        0.014924079179763794,
        -0.36413517594337463,
        -0.008902675472199917,
        -0.015091565437614918,
        0.9998464584350586,
        0.38306641578674316
    ],
    [
        0.999777615070343,
        0.0189543217420578,
        0.009237917140126228,
        -0.14237110316753387,
        -0.01909908466041088,
        0.9996920824050903,
        0.015842918306589127,
        -0.3991888761520386,
        -0.008934780023992062,
        -0.016015831381082535,
        0.9998317956924438,
        0.4218785762786865
    ],
    [
        0.9997708201408386,
        0.019257886335253716,
        0.009349298663437366,
        -0.14741826057434082,
        -0.019407767802476883,
        0.9996801614761353,
        0.01621459424495697,
        -0.43482765555381775,
        -0.00903404876589775,
        -0.01639232598245144,
        0.9998248219490051,
        0.4624496102333069
    ],
    [
        0.9997628927230835,
        0.01960335113108158,
        0.009470289573073387,
        -0.1521034687757492,
        -0.019762439653277397,
        0.9996600151062012,
        0.017007753252983093,
        -0.47079020738601685,
        -0.009133662097156048,
        -0.017190875485539436,
        0.999810516834259,
        0.5036827325820923
    ],
    [
        0.9997563362121582,
        0.019796481356024742,
        0.009765909053385258,
        -0.1572251170873642,
        -0.019972993060946465,
        0.9996326565742493,
        0.018320439383387566,
        -0.5077548027038574,
        -0.009399641305208206,
        -0.018511028960347176,
        0.999784529209137,
        0.5471051931381226
    ],
    [
        0.9997486472129822,
        0.020028922706842422,
        0.010073823854327202,
        -0.16337791085243225,
        -0.02021697536110878,
        0.9996163845062256,
        0.018925582990050316,
        -0.5453127026557922,
        -0.009690901264548302,
        -0.019124487414956093,
        0.9997701048851013,
        0.5909441113471985
    ],
    [
        0.9997425675392151,
        0.02026333473622799,
        0.01021263375878334,
        -0.17123247683048248,
        -0.020459935069084167,
        0.9995998740196228,
        0.019528675824403763,
        -0.5818319320678711,
        -0.00981283187866211,
        -0.01973259635269642,
        0.9997571110725403,
        0.6368090510368347
    ],
    [
        0.9997356534004211,
        0.020512636750936508,
        0.010385096073150635,
        -0.17637605965137482,
        -0.02071775496006012,
        0.9995844960212708,
        0.020044971257448196,
        -0.6104567050933838,
        -0.009969605132937431,
        -0.020254826173186302,
        0.9997451901435852,
        0.6715757846832275
    ],
    [
        0.999726414680481,
        0.020966283977031708,
        0.010365743190050125,
        -0.18248997628688812,
        -0.0211768988519907,
        0.9995626211166382,
        0.02064388617873192,
        -0.6474049091339111,
        -0.00992838479578495,
        -0.02085775136947632,
        0.9997331500053406,
        0.7197673916816711
    ],
    [
        0.9997162818908691,
        0.021373705938458443,
        0.010505947284400463,
        -0.1884489506483078,
        -0.02159738540649414,
        0.9995321035385132,
        0.02165989577770233,
        -0.6843029856681824,
        -0.010038078762590885,
        -0.021880654618144035,
        0.9997101426124573,
        0.7678591012954712
    ],
    [
        0.9997045993804932,
        0.02177201770246029,
        0.010810863226652145,
        -0.1957501918077469,
        -0.02201235666871071,
        0.9995015263557434,
        0.022633736953139305,
        -0.7212967872619629,
        -0.010312691330909729,
        -0.022865021601319313,
        0.9996854066848755,
        0.8165021538734436
    ],
    [
        0.9996895790100098,
        0.022375741973519325,
        0.010957309044897556,
        -0.20218852162361145,
        -0.022629622370004654,
        0.9994648694992065,
        0.023622026666998863,
        -0.7578867077827454,
        -0.010422885417938232,
        -0.023862658068537712,
        0.999660849571228,
        0.8657494187355042
    ],
    [
        0.9996808767318726,
        0.022641517221927643,
        0.011199048720300198,
        -0.20778046548366547,
        -0.022911187261343002,
        0.9994356036186218,
        0.0245680995285511,
        -0.793391227722168,
        -0.010636468417942524,
        -0.02481684461236,
        0.9996353387832642,
        0.9154701232910156
    ],
    [
        0.9996646046638489,
        0.023147044703364372,
        0.011606584303081036,
        -0.21459685266017914,
        -0.023434951901435852,
        0.999404788017273,
        0.02531548961997032,
        -0.8297927379608154,
        -0.011013695038855076,
        -0.025578998029232025,
        0.9996121525764465,
        0.9646705389022827
    ],
    [
        0.9996549487113953,
        0.023364322260022163,
        0.011994678527116776,
        -0.21995730698108673,
        -0.02366741932928562,
        0.9993873834609985,
        0.025781963020563126,
        -0.8647682070732117,
        -0.01138495746999979,
        -0.02605697140097618,
        0.999595582485199,
        1.014410138130188
    ]
]