[
    [
        0.996487021446228,
        -0.0015880075516179204,
        0.08373236656188965,
        0.02356514148414135,
        0.0009228453855030239,
        0.9999677538871765,
        0.007982006296515465,
        -0.035754043608903885,
        -0.08374234288930893,
        -0.007876692339777946,
        0.9964563250541687,
        0.32324671745300293
    ],
    [
        0.9948457479476929,
        -0.004834257531911135,
        0.10128526389598846,
        0.02668929286301136,
        0.003935195039957762,
        0.9999510645866394,
        0.009074470028281212,
        -0.04493438079953194,
        -0.1013241782784462,
        -0.008629120886325836,
        0.99481600522995,
        0.3679218888282776
    ],
    [
        0.9927849173545837,
        -0.007446915842592716,
        0.11967714130878448,
        0.030137497931718826,
        0.006320009473711252,
        0.9999321699142456,
        0.009793004021048546,
        -0.05160781368613243,
        -0.11974193155765533,
        -0.008965986780822277,
        0.9927645325660706,
        0.4068606197834015
    ],
    [
        0.9894012808799744,
        -0.011415507644414902,
        0.14475741982460022,
        0.03539912775158882,
        0.010028868913650513,
        0.9998966455459595,
        0.010305177420377731,
        -0.058685630559921265,
        -0.14486008882522583,
        -0.008744203485548496,
        0.9894134998321533,
        0.4531707465648651
    ],
    [
        0.9863532781600952,
        -0.014661196619272232,
        0.16398872435092926,
        0.04096139222383499,
        0.013218594714999199,
        0.9998638033866882,
        0.00988479983061552,
        -0.06216201186180115,
        -0.16411131620407104,
        -0.007582204882055521,
        0.9864126443862915,
        0.4855401813983917
    ],
    [
        0.982835590839386,
        -0.017566358670592308,
        0.18364538252353668,
        0.047959502786397934,
        0.016149170696735382,
        0.9998270869255066,
        0.009209824725985527,
        -0.06542854756116867,
        -0.1837754100561142,
        -0.0060860225930809975,
        0.9829493761062622,
        0.5137650370597839
    ],
    [
        0.9774084687232971,
        -0.022375445812940598,
        0.21017149090766907,
        0.05909658968448639,
        0.021029680967330933,
        0.9997416138648987,
        0.008636168204247952,
        -0.07305224984884262,
        -0.2103104144334793,
        -0.00402122363448143,
        0.977626383304596,
        0.5536877512931824
    ],
    [
        0.9727357625961304,
        -0.025667289271950722,
        0.23049134016036987,
        0.0680370107293129,
        0.024465901777148247,
        0.9996681213378906,
        0.008069336414337158,
        -0.07713732868432999,
        -0.23062196373939514,
        -0.002210154663771391,
        0.9730408787727356,
        0.5825214982032776
    ],
    [
        0.9675601124763489,
        -0.029424604028463364,
        0.2509215474128723,
        0.07769757509231567,
        0.028466474264860153,
        0.9995669722557068,
        0.007447897456586361,
        -0.08195801824331284,
        -0.2510320842266083,
        -6.343590939650312e-05,
        0.967978835105896,
        0.6111348867416382
    ],
    [
        0.9598047137260437,
        -0.033537108451128006,
        0.27865779399871826,
        0.09252747893333435,
        0.03276197239756584,
        0.999435544013977,
        0.007439514622092247,
        -0.09015088528394699,
        -0.2787499725818634,
        0.0019888977985829115,
        0.9603615999221802,
        0.6484383344650269
    ],
    [
        0.953365683555603,
        -0.03680159151554108,
        0.2995654046535492,
        0.10577009618282318,
        0.036204006522893906,
        0.9993159174919128,
        0.007546801585704088,
        -0.09505151212215424,
        -0.29963821172714233,
        0.0036506049800664186,
        0.9540458917617798,
        0.6811681985855103
    ],
    [
        0.9462531805038452,
        -0.039704885333776474,
        0.32098034024238586,
        0.11727602779865265,
        0.03946099802851677,
        0.9991946816444397,
        0.007267775479704142,
        -0.09924023598432541,
        -0.32101044058799744,
        0.005789048969745636,
        0.9470580220222473,
        0.7144986987113953
    ],
    [
        0.9357032775878906,
        -0.04219554364681244,
        0.3502553105354309,
        0.12525178492069244,
        0.04264991730451584,
        0.9990694522857666,
        0.006419904064387083,
        -0.10319151729345322,
        -0.35020026564598083,
        0.0089312344789505,
        0.9366322755813599,
        0.7532442212104797
    ],
    [
        0.927546501159668,
        -0.04534164071083069,
        0.3709469437599182,
        0.1313306838274002,
        0.046454817056655884,
        0.9989027380943298,
        0.005938553251326084,
        -0.10673997551202774,
        -0.3708091974258423,
        0.011723987758159637,
        0.9286351203918457,
        0.7774592041969299
    ],
    [
        0.9189617037773132,
        -0.04854608327150345,
        0.391347199678421,
        0.13748057186603546,
        0.05052051693201065,
        0.9987092018127441,
        0.005256196018308401,
        -0.11084581166505814,
        -0.39109718799591064,
        0.014940817840397358,
        0.920228123664856,
        0.799164891242981
    ],
    [
        0.9069703221321106,
        -0.05223151296377182,
        0.41794347763061523,
        0.14535225927829742,
        0.054958000779151917,
        0.9984734058380127,
        0.005518696270883083,
        -0.11750685423612595,
        -0.41759368777275085,
        0.017964044585824013,
        0.9084562659263611,
        0.8313776254653931
    ],
    [
        0.8976197242736816,
        -0.055230721831321716,
        0.43729662895202637,
        0.14901724457740784,
        0.05861395224928856,
        0.9982640743255615,
        0.005766803398728371,
        -0.12293780595064163,
        -0.4368560016155243,
        0.020455285906791687,
        0.899298906326294,
        0.8554443717002869
    ],
    [
        0.8879797458648682,
        -0.056356657296419144,
        0.45641645789146423,
        0.1500348299741745,
        0.060303591191768646,
        0.9981625080108643,
        0.005926030222326517,
        -0.12851053476333618,
        -0.455911785364151,
        0.022261355072259903,
        0.8897465467453003,
        0.8809911012649536
    ],
    [
        0.8750500679016113,
        -0.05819566920399666,
        0.4805212914943695,
        0.15272049605846405,
        0.06290963292121887,
        0.9979992508888245,
        0.0063059949316084385,
        -0.13533419370651245,
        -0.4799268841743469,
        0.024711355566978455,
        0.8769603371620178,
        0.916057825088501
    ],
    [
        0.8655211925506592,
        -0.058740291744470596,
        0.4974159896373749,
        0.15217217803001404,
        0.06383159011602402,
        0.9979376196861267,
        0.006778143811970949,
        -0.14174708724021912,
        -0.4967883229255676,
        0.025884224101901054,
        0.8674856424331665,
        0.9425452351570129
    ],
    [
        0.8560832738876343,
        -0.06007212772965431,
        0.5133348107337952,
        0.15069976449012756,
        0.06585999578237534,
        0.9978048205375671,
        0.0069323270581662655,
        -0.1462058424949646,
        -0.5126244425773621,
        0.027873588725924492,
        0.8581603765487671,
        0.9666757583618164
    ],
    [
        0.844003438949585,
        -0.06189196929335594,
        0.5327546000480652,
        0.14760050177574158,
        0.06881023198366165,
        0.9976059198379517,
        0.006884475238621235,
        -0.1511487364768982,
        -0.5319053530693054,
        0.030848447233438492,
        0.8462417125701904,
        0.993658185005188
    ],
    [
        0.8355014324188232,
        -0.06281721591949463,
        0.5458858609199524,
        0.14340192079544067,
        0.07068315893411636,
        0.9974769949913025,
        0.006599978543817997,
        -0.15479792654514313,
        -0.5449231863021851,
        0.0330706462264061,
        0.8378336429595947,
        1.0092662572860718
    ],
    [
        0.8278060555458069,
        -0.06342088431119919,
        0.557418167591095,
        0.13877663016319275,
        0.07218638062477112,
        0.9973713755607605,
        0.006275083404034376,
        -0.15800970792770386,
        -0.5563508868217468,
        0.03504344820976257,
        0.8302082419395447,
        1.0232126712799072
    ],
    [
        0.8186747431755066,
        -0.06357468664646149,
        0.570727527141571,
        0.1368122398853302,
        0.07388491183519363,
        0.9972537159919739,
        0.005102907307446003,
        -0.15969815850257874,
        -0.5694844722747803,
        0.03799052536487579,
        0.8211237192153931,
        1.044579029083252
    ]
]