[
    [
        0.9997373223304749,
        -0.003849581116810441,
        0.02259618416428566,
        0.09711667895317078,
        0.003477355930954218,
        0.999858021736145,
        0.01648915559053421,
        0.006569108460098505,
        -0.022656451910734177,
        -0.016406245529651642,
        0.9996086955070496,
        0.08692597597837448
    ],
    [
        0.9996353387832642,
        -0.004631260875612497,
        0.02660330757498741,
        0.1133720651268959,
        0.0040998938493430614,
        0.99979168176651,
        0.019993649795651436,
        0.006810552906244993,
        -0.026690363883972168,
        -0.01987728849053383,
        0.9994460940361023,
        0.09914274513721466
    ],
    [
        0.9995118975639343,
        -0.005562192760407925,
        0.030738189816474915,
        0.13356603682041168,
        0.004830014891922474,
        0.9997040629386902,
        0.023842964321374893,
        0.007500242441892624,
        -0.030861709266901016,
        -0.023682860657572746,
        0.9992430210113525,
        0.11340081691741943
    ],
    [
        0.9993679523468018,
        -0.0066315107978880405,
        0.034925587475299835,
        0.15233121812343597,
        0.005666345823556185,
        0.9996012449264526,
        0.02766174077987671,
        0.008271075785160065,
        -0.03509509563446045,
        -0.027446355670690536,
        0.9990070462226868,
        0.1264965683221817
    ],
    [
        0.9992038607597351,
        -0.007604191545397043,
        0.0391627661883831,
        0.17124409973621368,
        0.006368144880980253,
        0.9994806051254272,
        0.03159039467573166,
        0.008885223418474197,
        -0.03938264027237892,
        -0.03131585195660591,
        0.9987333416938782,
        0.13954463601112366
    ],
    [
        0.999023973941803,
        -0.00880408100783825,
        0.04328405112028122,
        0.1910090148448944,
        0.007265601307153702,
        0.9993406534194946,
        0.035573508590459824,
        0.009838384576141834,
        -0.04356870800256729,
        -0.0352243036031723,
        0.9984292387962341,
        0.15325932204723358
    ],
    [
        0.9988262057304382,
        -0.010052808560431004,
        0.04738408699631691,
        0.20986934006214142,
        0.008181333541870117,
        0.9991850852966309,
        0.03952564299106598,
        0.010644245892763138,
        -0.0477428175508976,
        -0.039091579616069794,
        0.9980944991111755,
        0.16654132306575775
    ],
    [
        0.9986393451690674,
        -0.011126757599413395,
        0.05094679817557335,
        0.2264145463705063,
        0.008924395777285099,
        0.9990242123603821,
        0.043253928422927856,
        0.010847180150449276,
        -0.051378361880779266,
        -0.04274040088057518,
        0.9977642297744751,
        0.17788468301296234
    ],
    [
        0.9984128475189209,
        -0.012440546415746212,
        0.05492730066180229,
        0.24520942568778992,
        0.00984342023730278,
        0.9988320469856262,
        0.04730288311839104,
        0.011511148884892464,
        -0.05545162782073021,
        -0.046687137335538864,
        0.9973692893981934,
        0.19113926589488983
    ],
    [
        0.998167097568512,
        -0.013791537843644619,
        0.058926135301589966,
        0.2645823657512665,
        0.010763821192085743,
        0.9986205101013184,
        0.05139351636171341,
        0.012541384436190128,
        -0.059553638100624084,
        -0.05066504329442978,
        0.9969385862350464,
        0.2053418755531311
    ],
    [
        0.9979146718978882,
        -0.015155036002397537,
        0.06274418532848358,
        0.28480473160743713,
        0.01166918221861124,
        0.9983874559402466,
        0.05555494874715805,
        0.013312244787812233,
        -0.06348494440317154,
        -0.05470691993832588,
        0.996482253074646,
        0.21963588893413544
    ],
    [
        0.9976339340209961,
        -0.016676204279065132,
        0.06669753044843674,
        0.30341172218322754,
        0.012683024629950523,
        0.9981266856193542,
        0.05985155329108238,
        0.013830138370394707,
        -0.06757067888975143,
        -0.058864012360572815,
        0.9959765076637268,
        0.23303014039993286
    ],
    [
        0.9973300099372864,
        -0.018389854580163956,
        0.07067135721445084,
        0.32263582944869995,
        0.01385152991861105,
        0.9978421926498413,
        0.06417916715145111,
        0.01482291892170906,
        -0.0716991052031517,
        -0.06302890926599503,
        0.99543297290802,
        0.24668052792549133
    ],
    [
        0.99701988697052,
        -0.019999289885163307,
        0.07450776547193527,
        0.3415304124355316,
        0.01489420048892498,
        0.9975430965423584,
        0.06845380365848541,
        0.015667838975787163,
        -0.07569373399019241,
        -0.06714006513357162,
        0.9948681592941284,
        0.2602827250957489
    ]
]