[
    [
        0.9997373223304749,
        -0.003849581116810441,
        0.02259618416428566,
        0.09711667895317078,
        0.003477355930954218,
        0.999858021736145,
        0.01648915559053421,
        0.006569108460098505,
        -0.022656451910734177,
        -0.016406245529651642,
        0.9996086955070496,
        0.08692597597837448
    ],
    [
        0.9996801614761353,
        -0.004487975034862757,
        0.02488718554377556,
        0.10595623403787613,
        0.004028787836432457,
        0.9998213648796082,
        0.018470335751771927,
        0.006950184237211943,
        -0.02496563084423542,
        -0.018364161252975464,
        0.9995195865631104,
        0.09357256442308426
    ],
    [
        0.9996205568313599,
        -0.004692400805652142,
        0.027142155915498734,
        0.11562785506248474,
        0.004138191696256399,
        0.9997824430465698,
        0.020439008250832558,
        0.006953579373657703,
        -0.027232162654399872,
        -0.020318930968642235,
        0.9994226694107056,
        0.10062745958566666
    ],
    [
        0.9995607137680054,
        -0.005110948346555233,
        0.029192021116614342,
        0.1258281022310257,
        0.004459008574485779,
        0.9997400641441345,
        0.022354383021593094,
        0.007596452720463276,
        -0.02929868921637535,
        -0.02221439592540264,
        0.999323844909668,
        0.1077374592423439
    ],
    [
        0.9994765520095825,
        -0.0058344206772744656,
        0.031820714473724365,
        0.13794641196727753,
        0.005045535042881966,
        0.9996793270111084,
        0.024815747514367104,
        0.007651725318282843,
        -0.0319552943110466,
        -0.024642204865813255,
        0.9991853833198547,
        0.11626837402582169
    ],
    [
        0.9994044899940491,
        -0.006339115556329489,
        0.03391828015446663,
        0.1471671164035797,
        0.0054317316971719265,
        0.9996266961097717,
        0.026777654886245728,
        0.008044308982789516,
        -0.03407536447048187,
        -0.026577474549412727,
        0.9990658164024353,
        0.1226963922381401
    ],
    [
        0.9993274807929993,
        -0.006875621620565653,
        0.0360194593667984,
        0.1570749133825302,
        0.0058454908430576324,
        0.9995730519294739,
        0.02862696349620819,
        0.008461585268378258,
        -0.036200910806655884,
        -0.028397157788276672,
        0.9989410042762756,
        0.12992864847183228
    ],
    [
        0.9992443919181824,
        -0.007353243883699179,
        0.03816406428813934,
        0.1665193736553192,
        0.006186460144817829,
        0.9995125532150269,
        0.03060135431587696,
        0.008818601258099079,
        -0.03837048262357712,
        -0.030342133715748787,
        0.9988027811050415,
        0.13646820187568665
    ],
    [
        0.9991393089294434,
        -0.00801389291882515,
        0.04070020839571953,
        0.17880366742610931,
        0.006666524801403284,
        0.9994286894798279,
        0.03313320875167847,
        0.00924139004200697,
        -0.0409424789249897,
        -0.03283335641026497,
        0.998621940612793,
        0.14456290006637573
    ],
    [
        0.9990463256835938,
        -0.00863654538989067,
        0.04280222952365875,
        0.18869221210479736,
        0.007136073429137468,
        0.9993588328361511,
        0.035085562616586685,
        0.009787403047084808,
        -0.04307780787348747,
        -0.03474666178226471,
        0.9984672665596008,
        0.15162093937397003
    ],
    [
        0.9989460706710815,
        -0.009328074753284454,
        0.04494108632206917,
        0.19767136871814728,
        0.007661257870495319,
        0.9992814660072327,
        0.03711944818496704,
        0.010081118904054165,
        -0.04525505006313324,
        -0.03673601895570755,
        0.9982998967170715,
        0.15825824439525604
    ],
    [
        0.9988491535186768,
        -0.009890813380479813,
        0.046932514756917953,
        0.20738033950328827,
        0.008056609891355038,
        0.9992023706436157,
        0.039111196994781494,
        0.0104253264144063,
        -0.04728192090988159,
        -0.038688063621520996,
        0.998132050037384,
        0.16483767330646515
    ],
    [
        0.9987117648124695,
        -0.010757677257061005,
        0.049588777124881744,
        0.21851220726966858,
        0.008692090399563313,
        0.9990930557250977,
        0.041683379560709,
        0.010718501172959805,
        -0.04999222233891487,
        -0.04119865223765373,
        0.9978994131088257,
        0.17280364036560059
    ],
    [
        0.9986129403114319,
        -0.011309722438454628,
        0.05142197385430336,
        0.22888052463531494,
        0.009062576107680798,
        0.9990024566650391,
        0.04372519999742508,
        0.010998405516147614,
        -0.05186520144343376,
        -0.04319853335618973,
        0.9977193474769592,
        0.17963650822639465
    ],
    [
        0.9985083937644958,
        -0.011990319006145,
        0.053265530616045,
        0.23831677436828613,
        0.009558228775858879,
        0.9989102482795715,
        0.04568209499120712,
        0.0112786665558815,
        -0.05375523492693901,
        -0.04510483518242836,
        0.997534990310669,
        0.1858513355255127
    ],
    [
        0.9983808398246765,
        -0.012655487284064293,
        0.05545921251177788,
        0.2479240894317627,
        0.010007903911173344,
        0.9988088011741638,
        0.047759633511304855,
        0.011687254533171654,
        -0.055997561663389206,
        -0.04712727293372154,
        0.9973180890083313,
        0.1931983381509781
    ],
    [
        0.9982314109802246,
        -0.013431831263005733,
        0.05791013687849045,
        0.2599928379058838,
        0.010519764386117458,
        0.9986786842346191,
        0.050300780683755875,
        0.012422896921634674,
        -0.05850925296545029,
        -0.04960261657834053,
        0.9970537424087524,
        0.20190612971782684
    ],
    [
        0.9981023669242859,
        -0.01414116844534874,
        0.05993121862411499,
        0.26929381489753723,
        0.010997919365763664,
        0.9985626339912415,
        0.052456699311733246,
        0.012507803738117218,
        -0.060586877167224884,
        -0.05169803276658058,
        0.9968231916427612,
        0.2088404893875122
    ],
    [
        0.9979777336120605,
        -0.014793135225772858,
        0.061818912625312805,
        0.28000330924987793,
        0.011423870921134949,
        0.9984481334686279,
        0.05450451746582985,
        0.013110384345054626,
        -0.06252927333116531,
        -0.053688082844018936,
        0.9965980648994446,
        0.21627241373062134
    ],
    [
        0.9978499412536621,
        -0.01552600972354412,
        0.06367451697587967,
        0.28948652744293213,
        0.011922657489776611,
        0.9983265995979309,
        0.05658474564552307,
        0.013410419225692749,
        -0.06444650143384933,
        -0.055703919380903244,
        0.9963653087615967,
        0.22287510335445404
    ],
    [
        0.9976714849472046,
        -0.01649022474884987,
        0.06618065387010574,
        0.30116379261016846,
        0.012568128295242786,
        0.998164176940918,
        0.05924827978014946,
        0.01382381934672594,
        -0.06703617423772812,
        -0.05827854946255684,
        0.9960470795631409,
        0.23137898743152618
    ],
    [
        0.9975241422653198,
        -0.017332812771201134,
        0.06815674901008606,
        0.31069305539131165,
        0.013146903365850449,
        0.9980272054672241,
        0.06139177456498146,
        0.014236684888601303,
        -0.06908638775348663,
        -0.060343723744153976,
        0.9957838654518127,
        0.23805083334445953
    ],
    [
        0.9973738789558411,
        -0.018126528710126877,
        0.07011919468641281,
        0.3205546438694,
        0.013663885183632374,
        0.9978814125061035,
        0.06360776722431183,
        0.014662214554846287,
        -0.0711236298084259,
        -0.06248262897133827,
        0.9955085515975952,
        0.24499240517616272
    ],
    [
        0.9972070455551147,
        -0.019019991159439087,
        0.07222374528646469,
        0.32963430881500244,
        0.014269341714680195,
        0.9977352023124695,
        0.06573223322629929,
        0.015257888473570347,
        -0.07331040501594543,
        -0.06451807171106339,
        0.9952201247215271,
        0.25190097093582153
    ],
    [
        0.99701988697052,
        -0.019999289885163307,
        0.07450776547193527,
        0.3415304124355316,
        0.01489420048892498,
        0.9975430965423584,
        0.06845380365848541,
        0.015667838975787163,
        -0.07569373399019241,
        -0.06714006513357162,
        0.9948681592941284,
        0.2602827250957489
    ]
]