[
    [
        0.9997373223304749,
        -0.003849581116810441,
        0.02259618416428566,
        0.09711667895317078,
        0.003477355930954218,
        0.999858021736145,
        0.01648915559053421,
        0.006569108460098505,
        -0.022656451910734177,
        -0.016406245529651642,
        0.9996086955070496,
        0.08692597597837448
    ],
    [
        0.9997227191925049,
        -0.004071454517543316,
        0.023193225264549255,
        0.0994514748454094,
        0.0036780540831387043,
        0.9998491406440735,
        0.016979331150650978,
        0.006722162943333387,
        -0.02325885370373726,
        -0.016889316961169243,
        0.9995868802070618,
        0.08864736557006836
    ],
    [
        0.9997076392173767,
        -0.004221617244184017,
        0.023807359859347343,
        0.1015716940164566,
        0.0038058687932789326,
        0.9998399615287781,
        0.01748141460120678,
        0.006842085160315037,
        -0.023877350613474846,
        -0.01738569512963295,
        0.9995637536048889,
        0.09035372734069824
    ],
    [
        0.9996956586837769,
        -0.004305150359869003,
        0.02429182268679142,
        0.1038752868771553,
        0.0038682937156409025,
        0.9998304843902588,
        0.018002094700932503,
        0.006869451608508825,
        -0.02436520718038082,
        -0.017902646213769913,
        0.9995427131652832,
        0.0918671190738678
    ],
    [
        0.9996801614761353,
        -0.004487975034862757,
        0.02488718554377556,
        0.10595623403787613,
        0.004028787836432457,
        0.9998213648796082,
        0.018470335751771927,
        0.006950184237211943,
        -0.02496563084423542,
        -0.018364161252975464,
        0.9995195865631104,
        0.09357256442308426
    ],
    [
        0.9996629357337952,
        -0.004486544523388147,
        0.025567227974534035,
        0.10782428830862045,
        0.0040013473480939865,
        0.999811589717865,
        0.018996987491846085,
        0.007117808796465397,
        -0.025647642090916634,
        -0.018888285383582115,
        0.9994925260543823,
        0.09546113014221191
    ],
    [
        0.9996500015258789,
        -0.0045473906211555,
        0.02606397680938244,
        0.11050818860530853,
        0.004040617495775223,
        0.9998024702072144,
        0.019463224336504936,
        0.0070613534189760685,
        -0.026147332042455673,
        -0.01935109682381153,
        0.9994708895683289,
        0.09739633649587631
    ],
    [
        0.9996353387832642,
        -0.004631260875612497,
        0.02660330757498741,
        0.1133720651268959,
        0.0040998938493430614,
        0.99979168176651,
        0.019993649795651436,
        0.006810552906244993,
        -0.026690363883972168,
        -0.01987728849053383,
        0.9994460940361023,
        0.09914274513721466
    ],
    [
        0.9996205568313599,
        -0.004692400805652142,
        0.027142155915498734,
        0.11562785506248474,
        0.004138191696256399,
        0.9997824430465698,
        0.020439008250832558,
        0.006953579373657703,
        -0.027232162654399872,
        -0.020318930968642235,
        0.9994226694107056,
        0.10062745958566666
    ],
    [
        0.9996072053909302,
        -0.004878769628703594,
        0.027599388733506203,
        0.11808168143033981,
        0.004301033448427916,
        0.999771237373352,
        0.02095370925962925,
        0.007025685161352158,
        -0.027695301920175552,
        -0.02082677185535431,
        0.9993994235992432,
        0.10201352089643478
    ],
    [
        0.9995891451835632,
        -0.004965746775269508,
        0.028226906433701515,
        0.12001965939998627,
        0.004360166843980551,
        0.9997598528862,
        0.021475207060575485,
        0.007143051829189062,
        -0.028326770290732384,
        -0.021343311294913292,
        0.9993708729743958,
        0.10382235050201416
    ],
    [
        0.9995747804641724,
        -0.005007068160921335,
        0.028727149590849876,
        0.12299396842718124,
        0.004380139987915754,
        0.9997518062591553,
        0.021845132112503052,
        0.00757705420255661,
        -0.02882939949631691,
        -0.02171001210808754,
        0.9993484616279602,
        0.10582942515611649
    ],
    [
        0.9995607137680054,
        -0.005110948346555233,
        0.029192021116614342,
        0.1258281022310257,
        0.004459008574485779,
        0.9997400641441345,
        0.022354383021593094,
        0.007596452720463276,
        -0.02929868921637535,
        -0.02221439592540264,
        0.999323844909668,
        0.1077374592423439
    ],
    [
        0.9995443820953369,
        -0.005266891326755285,
        0.029723647981882095,
        0.1283452957868576,
        0.004588988609611988,
        0.999728798866272,
        0.02282913587987423,
        0.007719236426055431,
        -0.029835829511284828,
        -0.02268233336508274,
        0.9992973804473877,
        0.10958258807659149
    ],
    [
        0.9995286464691162,
        -0.005401205271482468,
        0.03022073768079281,
        0.1306116282939911,
        0.004698364529758692,
        0.9997180104255676,
        0.023279748857021332,
        0.00783386081457138,
        -0.030337952077388763,
        -0.023126788437366486,
        0.9992720484733582,
        0.11124816536903381
    ],
    [
        0.9995118975639343,
        -0.005562192760407925,
        0.030738189816474915,
        0.13356603682041168,
        0.004830014891922474,
        0.9997040629386902,
        0.023842964321374893,
        0.007500242441892624,
        -0.030861709266901016,
        -0.023682860657572746,
        0.9992430210113525,
        0.11340081691741943
    ],
    [
        0.9994943737983704,
        -0.005653658416122198,
        0.03129027783870697,
        0.13560259342193604,
        0.004895584192126989,
        0.9996939301490784,
        0.024250896647572517,
        0.00767935486510396,
        -0.03141780197620392,
        -0.024085450917482376,
        0.9992160797119141,
        0.11473391205072403
    ],
    [
        0.9994765520095825,
        -0.0058344206772744656,
        0.031820714473724365,
        0.13794641196727753,
        0.005045535042881966,
        0.9996793270111084,
        0.024815747514367104,
        0.007651725318282843,
        -0.0319552943110466,
        -0.024642204865813255,
        0.9991853833198547,
        0.11626837402582169
    ],
    [
        0.9994600415229797,
        -0.006028527859598398,
        0.032300036400556564,
        0.1402198076248169,
        0.00521135376766324,
        0.9996656775474548,
        0.025324169546365738,
        0.0077073583379387856,
        -0.03244190290570259,
        -0.025142166763544083,
        0.9991574287414551,
        0.11778461188077927
    ],
    [
        0.9994396567344666,
        -0.006091096438467503,
        0.03291236609220505,
        0.1423625648021698,
        0.005244843196123838,
        0.9996549487113953,
        0.02573774755001068,
        0.00798542145639658,
        -0.03305778279900551,
        -0.025550704449415207,
        0.9991268515586853,
        0.11946926265954971
    ],
    [
        0.9994236826896667,
        -0.006246744189411402,
        0.03336774557828903,
        0.14488491415977478,
        0.005371473263949156,
        0.9996407628059387,
        0.026256553828716278,
        0.008019352331757545,
        -0.03351977840065956,
        -0.026062186807394028,
        0.9990981817245483,
        0.12114671617746353
    ],
    [
        0.9994044899940491,
        -0.006339115556329489,
        0.03391828015446663,
        0.1471671164035797,
        0.0054317316971719265,
        0.9996266961097717,
        0.026777654886245728,
        0.008044308982789516,
        -0.03407536447048187,
        -0.026577474549412727,
        0.9990658164024353,
        0.1226963922381401
    ],
    [
        0.9993855357170105,
        -0.0064745135605335236,
        0.03444819897413254,
        0.14960917830467224,
        0.00553730595856905,
        0.9996138215065002,
        0.027232496067881584,
        0.008112777955830097,
        -0.034611210227012634,
        -0.0270250104367733,
        0.9990354776382446,
        0.12458811700344086
    ],
    [
        0.9993679523468018,
        -0.0066315107978880405,
        0.034925587475299835,
        0.15233121812343597,
        0.005666345823556185,
        0.9996012449264526,
        0.02766174077987671,
        0.008271075785160065,
        -0.03509509563446045,
        -0.027446355670690536,
        0.9990070462226868,
        0.1264965683221817
    ],
    [
        0.9993476867675781,
        -0.006766599137336016,
        0.03547252342104912,
        0.154769167304039,
        0.0057688066735863686,
        0.9995869398117065,
        0.028155872598290443,
        0.008324340917170048,
        -0.03564838320016861,
        -0.027932871133089066,
        0.9989738464355469,
        0.12828564643859863
    ],
    [
        0.9993274807929993,
        -0.006875621620565653,
        0.0360194593667984,
        0.1570749133825302,
        0.0058454908430576324,
        0.9995730519294739,
        0.02862696349620819,
        0.008461585268378258,
        -0.036200910806655884,
        -0.028397157788276672,
        0.9989410042762756,
        0.12992864847183228
    ],
    [
        0.9993075132369995,
        -0.007001952268183231,
        0.03654434159398079,
        0.15966777503490448,
        0.005939581897109747,
        0.9995589852333069,
        0.029098747298121452,
        0.008533566258847713,
        -0.03673196956515312,
        -0.02886153943836689,
        0.998908281326294,
        0.1315307915210724
    ],
    [
        0.9992844462394714,
        -0.007138250395655632,
        0.03714374080300331,
        0.1620721071958542,
        0.006037783343344927,
        0.9995419383049011,
        0.029655518010258675,
        0.008622434921562672,
        -0.03733842074871063,
        -0.02941003628075123,
        0.9988697171211243,
        0.13336877524852753
    ],
    [
        0.9992660284042358,
        -0.007263172883540392,
        0.03761328011751175,
        0.16440396010875702,
        0.006132516544312239,
        0.9995284676551819,
        0.030088622123003006,
        0.008821663446724415,
        -0.03781408071517944,
        -0.02983587048947811,
        0.9988393187522888,
        0.13485853374004364
    ],
    [
        0.9992443919181824,
        -0.007353243883699179,
        0.03816406428813934,
        0.1665193736553192,
        0.006186460144817829,
        0.9995125532150269,
        0.03060135431587696,
        0.008818601258099079,
        -0.03837048262357712,
        -0.030342133715748787,
        0.9988027811050415,
        0.13646820187568665
    ],
    [
        0.9992232322692871,
        -0.007509942166507244,
        0.03868531808257103,
        0.16885285079479218,
        0.006308877840638161,
        0.9994970560073853,
        0.0310760997235775,
        0.008928143419325352,
        -0.0388992503285408,
        -0.030807901173830032,
        0.998768150806427,
        0.13801166415214539
    ],
    [
        0.9992038607597351,
        -0.007604191545397043,
        0.0391627661883831,
        0.17124409973621368,
        0.006368144880980253,
        0.9994806051254272,
        0.03159039467573166,
        0.008885223418474197,
        -0.03938264027237892,
        -0.03131585195660591,
        0.9987333416938782,
        0.13954463601112366
    ],
    [
        0.9991833567619324,
        -0.007788718678057194,
        0.03964976966381073,
        0.17405620217323303,
        0.0065176417119801044,
        0.9994637966156006,
        0.032086584717035294,
        0.009103857912123203,
        -0.03987842798233032,
        -0.03180195763707161,
        0.9986982345581055,
        0.14120009541511536
    ],
    [
        0.9991607666015625,
        -0.007916771806776524,
        0.040187135338783264,
        0.1762154996395111,
        0.006608945783227682,
        0.9994474649429321,
        0.03257260099053383,
        0.009184093214571476,
        -0.04042280837893486,
        -0.03227967396378517,
        0.9986611604690552,
        0.14273007214069366
    ],
    [
        0.9991393089294434,
        -0.00801389291882515,
        0.04070020839571953,
        0.17880366742610931,
        0.006666524801403284,
        0.9994286894798279,
        0.03313320875167847,
        0.00924139004200697,
        -0.0409424789249897,
        -0.03283335641026497,
        0.998621940612793,
        0.14456290006637573
    ],
    [
        0.999117910861969,
        -0.008113471791148186,
        0.041201524436473846,
        0.1813300997018814,
        0.006732429377734661,
        0.9994144439697266,
        0.033548057079315186,
        0.00948906596750021,
        -0.04144958779215813,
        -0.03324107453227043,
        0.9985874891281128,
        0.14636391401290894
    ],
    [
        0.9990948438644409,
        -0.008271152153611183,
        0.04172547906637192,
        0.18370145559310913,
        0.006851062644273043,
        0.9993962645530701,
        0.03406297788023949,
        0.009608241729438305,
        -0.041982024908065796,
        -0.033746279776096344,
        0.9985483288764954,
        0.1480903923511505
    ],
    [
        0.9990724325180054,
        -0.0083584263920784,
        0.042243316769599915,
        0.18634453415870667,
        0.0069017293862998486,
        0.9993804693222046,
        0.034512460231781006,
        0.009677325375378132,
        -0.042505618184804916,
        -0.0341888926923275,
        0.9985111355781555,
        0.1498163789510727
    ],
    [
        0.9990463256835938,
        -0.00863654538989067,
        0.04280222952365875,
        0.18869221210479736,
        0.007136073429137468,
        0.9993588328361511,
        0.035085562616586685,
        0.009787403047084808,
        -0.04307780787348747,
        -0.03474666178226471,
        0.9984672665596008,
        0.15162093937397003
    ],
    [
        0.999023973941803,
        -0.00880408100783825,
        0.04328405112028122,
        0.1910090148448944,
        0.007265601307153702,
        0.9993406534194946,
        0.035573508590459824,
        0.009838384576141834,
        -0.04356870800256729,
        -0.0352243036031723,
        0.9984292387962341,
        0.15325932204723358
    ],
    [
        0.9989982843399048,
        -0.008984565734863281,
        0.04383683577179909,
        0.19317328929901123,
        0.0074053299613296986,
        0.9993223547935486,
        0.03605567291378975,
        0.009992704726755619,
        -0.0441310741007328,
        -0.03569492697715759,
        0.9983879327774048,
        0.1549176275730133
    ],
    [
        0.9989713430404663,
        -0.00917346216738224,
        0.04440831020474434,
        0.19536177814006805,
        0.007550801616162062,
        0.9993025064468384,
        0.036570414900779724,
        0.010074825026094913,
        -0.04471281170845032,
        -0.036197479814291,
        0.9983439445495605,
        0.15662285685539246
    ],
    [
        0.9989460706710815,
        -0.009328074753284454,
        0.04494108632206917,
        0.19767136871814728,
        0.007661257870495319,
        0.9992814660072327,
        0.03711944818496704,
        0.010081118904054165,
        -0.04525505006313324,
        -0.03673601895570755,
        0.9982998967170715,
        0.15825824439525604
    ],
    [
        0.9989252686500549,
        -0.009455440565943718,
        0.04537456855177879,
        0.20062603056430817,
        0.007749766111373901,
        0.9992620348930359,
        0.037620753049850464,
        0.010109319351613522,
        -0.04569680616259575,
        -0.03722868114709854,
        0.9982613921165466,
        0.15996341407299042
    ],
    [
        0.9988999366760254,
        -0.009600645862519741,
        0.045898668467998505,
        0.20291884243488312,
        0.00785254780203104,
        0.9992424249649048,
        0.03811577335000038,
        0.010234000161290169,
        -0.04622983932495117,
        -0.0377134308218956,
        0.9982187151908875,
        0.1616481989622116
    ],
    [
        0.9988741874694824,
        -0.009716236032545567,
        0.04643132537603378,
        0.2050914466381073,
        0.00792647060006857,
        0.9992241859436035,
        0.038576386868953705,
        0.010376299731433392,
        -0.0467701181769371,
        -0.038164928555488586,
        0.9981763362884521,
        0.1632029116153717
    ],
    [
        0.9988491535186768,
        -0.009890813380479813,
        0.046932514756917953,
        0.20738033950328827,
        0.008056609891355038,
        0.9992023706436157,
        0.039111196994781494,
        0.0104253264144063,
        -0.04728192090988159,
        -0.038688063621520996,
        0.998132050037384,
        0.16483767330646515
    ],
    [
        0.9988262057304382,
        -0.010052808560431004,
        0.04738408699631691,
        0.20986934006214142,
        0.008181333541870117,
        0.9991850852966309,
        0.03952564299106598,
        0.010644245892763138,
        -0.0477428175508976,
        -0.039091579616069794,
        0.9980944991111755,
        0.16654132306575775
    ],
    [
        0.998797595500946,
        -0.010224617086350918,
        0.04794487729668617,
        0.21192967891693115,
        0.00830241572111845,
        0.9991602897644043,
        0.040121059864759445,
        0.01058219000697136,
        -0.04831484332680702,
        -0.03967476263642311,
        0.9980438947677612,
        0.16804707050323486
    ],
    [
        0.9987648129463196,
        -0.010425832122564316,
        0.048582397401332855,
        0.21389111876487732,
        0.008452928625047207,
        0.9991381764411926,
        0.04063938930630684,
        0.010725416243076324,
        -0.04896422475576401,
        -0.04017852246761322,
        0.9979920387268066,
        0.1697182059288025
    ],
    [
        0.9987381100654602,
        -0.010626248084008694,
        0.04908326640725136,
        0.21603061258792877,
        0.008605951443314552,
        0.9991142153739929,
        0.04119011387228966,
        0.010724461637437344,
        -0.049477484077215195,
        -0.04071572795510292,
        0.9979450106620789,
        0.1712525486946106
    ],
    [
        0.9987117648124695,
        -0.010757677257061005,
        0.049588777124881744,
        0.21851220726966858,
        0.008692090399563313,
        0.9990930557250977,
        0.041683379560709,
        0.010718501172959805,
        -0.04999222233891487,
        -0.04119865223765373,
        0.9978994131088257,
        0.17280364036560059
    ],
    [
        0.9986878633499146,
        -0.010901118628680706,
        0.05003654956817627,
        0.22104956209659576,
        0.008790447376668453,
        0.9990701079368591,
        0.04221050813794136,
        0.010731084272265434,
        -0.0504501610994339,
        -0.04171527922153473,
        0.997855007648468,
        0.17446723580360413
    ],
    [
        0.9986631274223328,
        -0.01100233942270279,
        0.05050693824887276,
        0.223398819565773,
        0.00884903222322464,
        0.9990503787994385,
        0.04266123101115227,
        0.010927608236670494,
        -0.050928350538015366,
        -0.04215726628899574,
        0.9978121519088745,
        0.1760355830192566
    ],
    [
        0.9986393451690674,
        -0.011126757599413395,
        0.05094679817557335,
        0.2264145463705063,
        0.008924395777285099,
        0.9990242123603821,
        0.043253928422927856,
        0.010847180150449276,
        -0.051378361880779266,
        -0.04274040088057518,
        0.9977642297744751,
        0.17788468301296234
    ],
    [
        0.9986129403114319,
        -0.011309722438454628,
        0.05142197385430336,
        0.22888052463531494,
        0.009062576107680798,
        0.9990024566650391,
        0.04372519999742508,
        0.010998405516147614,
        -0.05186520144343376,
        -0.04319853335618973,
        0.9977193474769592,
        0.17963650822639465
    ],
    [
        0.9985891580581665,
        -0.011420619674026966,
        0.05185861513018608,
        0.23133531212806702,
        0.009129582904279232,
        0.9989808797836304,
        0.04420248791575432,
        0.011065327562391758,
        -0.052310578525066376,
        -0.04366667568683624,
        0.9976757168769836,
        0.1811709851026535
    ],
    [
        0.9985629916191101,
        -0.011554242111742496,
        0.052329253405332565,
        0.23372061550617218,
        0.009215877391397953,
        0.9989575147628784,
        0.04470852017402649,
        0.01105398777872324,
        -0.05279127135872841,
        -0.04416201263666153,
        0.9976286292076111,
        0.18274331092834473
    ],
    [
        0.9985344409942627,
        -0.011718357913196087,
        0.05283631011843681,
        0.23590466380119324,
        0.009328600950539112,
        0.9989321231842041,
        0.04525133594870567,
        0.011117412708699703,
        -0.05331015959382057,
        -0.04469212517142296,
        0.9975774884223938,
        0.18432678282260895
    ],
    [
        0.9985083937644958,
        -0.011990319006145,
        0.053265530616045,
        0.23831677436828613,
        0.009558228775858879,
        0.9989102482795715,
        0.04568209499120712,
        0.0112786665558815,
        -0.05375523492693901,
        -0.04510483518242836,
        0.997534990310669,
        0.1858513355255127
    ],
    [
        0.9984761476516724,
        -0.012068619020283222,
        0.053850892931222916,
        0.2401987612247467,
        0.00957641750574112,
        0.9988815784454346,
        0.04630005732178688,
        0.011228051967918873,
        -0.05434945225715637,
        -0.04571380093693733,
        0.9974749684333801,
        0.1874115914106369
    ],
    [
        0.9984462261199951,
        -0.012265264987945557,
        0.054357703775167465,
        0.24256592988967896,
        0.009723013266921043,
        0.9988574385643005,
        0.04678906500339508,
        0.01141576748341322,
        -0.054869476705789566,
        -0.04618784412741661,
        0.9974246025085449,
        0.18918673694133759
    ],
    [
        0.9984128475189209,
        -0.012440546415746212,
        0.05492730066180229,
        0.24520942568778992,
        0.00984342023730278,
        0.9988320469856262,
        0.04730288311839104,
        0.011511148884892464,
        -0.05545162782073021,
        -0.046687137335538864,
        0.9973692893981934,
        0.19113926589488983
    ],
    [
        0.9983808398246765,
        -0.012655487284064293,
        0.05545921251177788,
        0.2479240894317627,
        0.010007903911173344,
        0.9988088011741638,
        0.047759633511304855,
        0.011687254533171654,
        -0.055997561663389206,
        -0.04712727293372154,
        0.9973180890083313,
        0.1931983381509781
    ],
    [
        0.9983515739440918,
        -0.012797671370208263,
        0.055949848145246506,
        0.2503049373626709,
        0.010096944868564606,
        0.9987823963165283,
        0.04828944802284241,
        0.01171259768307209,
        -0.05649971589446068,
        -0.047644924372434616,
        0.997265100479126,
        0.1948121190071106
    ],
    [
        0.9983224272727966,
        -0.012984164990484715,
        0.05642542988061905,
        0.2525981068611145,
        0.010230397805571556,
        0.998755156993866,
        0.04882137104868889,
        0.011769184842705727,
        -0.056989092379808426,
        -0.04816221073269844,
        0.9972124695777893,
        0.1964665800333023
    ],
    [
        0.9982900023460388,
        -0.01315920427441597,
        0.056955236941576004,
        0.2551288306713104,
        0.010351656936109066,
        0.9987297654151917,
        0.04931126907467842,
        0.012071235105395317,
        -0.05753178521990776,
        -0.04863736778497696,
        0.9971581697463989,
        0.1983569860458374
    ],
    [
        0.9982621073722839,
        -0.013295662589371204,
        0.05741085112094879,
        0.257720023393631,
        0.010437442921102047,
        0.9987046718597412,
        0.04980132728815079,
        0.012240034528076649,
        -0.057998623698949814,
        -0.049115557223558426,
        0.9971076846122742,
        0.20029912889003754
    ],
    [
        0.9982314109802246,
        -0.013431831263005733,
        0.05791013687849045,
        0.2599928379058838,
        0.010519764386117458,
        0.9986786842346191,
        0.050300780683755875,
        0.012422896921634674,
        -0.05850925296545029,
        -0.04960261657834053,
        0.9970537424087524,
        0.20190612971782684
    ],
    [
        0.998198390007019,
        -0.013622982427477837,
        0.058431997895240784,
        0.262101411819458,
        0.010653306730091572,
        0.9986501932144165,
        0.050836484879255295,
        0.012488194741308689,
        -0.05904567241668701,
        -0.05012241005897522,
        0.9969961643218994,
        0.20349769294261932
    ],
    [
        0.998167097568512,
        -0.013791537843644619,
        0.058926135301589966,
        0.2645823657512665,
        0.010763821192085743,
        0.9986205101013184,
        0.05139351636171341,
        0.012541384436190128,
        -0.059553638100624084,
        -0.05066504329442978,
        0.9969385862350464,
        0.2053418755531311
    ],
    [
        0.9981347322463989,
        -0.013947736471891403,
        0.059435904026031494,
        0.26671937108039856,
        0.010861189104616642,
        0.9985911250114441,
        0.051940903067588806,
        0.012493204325437546,
        -0.06007662042975426,
        -0.05119847506284714,
        0.9968799352645874,
        0.20698419213294983
    ],
    [
        0.9981023669242859,
        -0.01414116844534874,
        0.05993121862411499,
        0.26929381489753723,
        0.010997919365763664,
        0.9985626339912415,
        0.052456699311733246,
        0.012507803738117218,
        -0.060586877167224884,
        -0.05169803276658058,
        0.9968231916427612,
        0.2088404893875122
    ],
    [
        0.9980709552764893,
        -0.014302625320851803,
        0.06041444465517998,
        0.27196556329727173,
        0.011104684323072433,
        0.9985358119010925,
        0.05294136703014374,
        0.012656578794121742,
        -0.06108318641781807,
        -0.0521683543920517,
        0.9967684745788574,
        0.21069766581058502
    ],
    [
        0.9980396032333374,
        -0.014470717869699001,
        0.060889676213264465,
        0.2747116684913635,
        0.0112179359421134,
        0.9985086917877197,
        0.05342768505215645,
        0.012998649850487709,
        -0.06157200038433075,
        -0.05263988673686981,
        0.9967135190963745,
        0.2125743180513382
    ],
    [
        0.9980043172836304,
        -0.01466161198914051,
        0.06141966953873634,
        0.27729538083076477,
        0.011348948813974857,
        0.9984796047210693,
        0.05394072085618973,
        0.013024471700191498,
        -0.06211714819073677,
        -0.05313602462410927,
        0.9966534972190857,
        0.21446844935417175
    ],
    [
        0.9979777336120605,
        -0.014793135225772858,
        0.061818912625312805,
        0.28000330924987793,
        0.011423870921134949,
        0.9984481334686279,
        0.05450451746582985,
        0.013110384345054626,
        -0.06252927333116531,
        -0.053688082844018936,
        0.9965980648994446,
        0.21627241373062134
    ],
    [
        0.9979497194290161,
        -0.014985277317464352,
        0.06222349405288696,
        0.282321959733963,
        0.011557682417333126,
        0.9984147548675537,
        0.05508428439497948,
        0.013079533353447914,
        -0.06295032054185867,
        -0.05425218865275383,
        0.9965408444404602,
        0.2178393304347992
    ],
    [
        0.9979146718978882,
        -0.015155036002397537,
        0.06274418532848358,
        0.28480473160743713,
        0.01166918221861124,
        0.9983874559402466,
        0.05555494874715805,
        0.013312244787812233,
        -0.06348494440317154,
        -0.05470691993832588,
        0.996482253074646,
        0.21963588893413544
    ],
    [
        0.9978823065757751,
        -0.01531896460801363,
        0.06321535259485245,
        0.28726744651794434,
        0.01177662331610918,
        0.9983594417572021,
        0.05603305995464325,
        0.013393525965511799,
        -0.06397001445293427,
        -0.05516993999481201,
        0.9964256882667542,
        0.22141024470329285
    ],
    [
        0.9978499412536621,
        -0.01552600972354412,
        0.06367451697587967,
        0.28948652744293213,
        0.011922657489776611,
        0.9983265995979309,
        0.05658474564552307,
        0.013410419225692749,
        -0.06444650143384933,
        -0.055703919380903244,
        0.9963653087615967,
        0.22287510335445404
    ],
    [
        0.9978166222572327,
        -0.015719814226031303,
        0.06414669007062912,
        0.29178401827812195,
        0.012053574435412884,
        0.9982930421829224,
        0.05714594945311546,
        0.013478091917932034,
        -0.06493552029132843,
        -0.05624798312783241,
        0.9963029623031616,
        0.22464820742607117
    ],
    [
        0.9977811574935913,
        -0.015933861956000328,
        0.06464380770921707,
        0.29431408643722534,
        0.012203728780150414,
        0.9982597827911377,
        0.05769279599189758,
        0.013584588654339314,
        -0.06545058637857437,
        -0.056775886565446854,
        0.9962393045425415,
        0.2263205200433731
    ],
    [
        0.9977436065673828,
        -0.016094237565994263,
        0.06518243253231049,
        0.29642122983932495,
        0.01230120100080967,
        0.9982302784919739,
        0.05817994102835655,
        0.013701812364161015,
        -0.06600344926118851,
        -0.05724683776497841,
        0.9961757659912109,
        0.22802451252937317
    ],
    [
        0.9977074861526489,
        -0.01629742980003357,
        0.06568083167076111,
        0.29870638251304626,
        0.012438233010470867,
        0.9981955885887146,
        0.05874321609735489,
        0.013651684857904911,
        -0.06651967763900757,
        -0.05779159814119339,
        0.9961100220680237,
        0.229618102312088
    ],
    [
        0.9976714849472046,
        -0.01649022474884987,
        0.06618065387010574,
        0.30116379261016846,
        0.012568128295242786,
        0.998164176940918,
        0.05924827978014946,
        0.01382381934672594,
        -0.06703617423772812,
        -0.05827854946255684,
        0.9960470795631409,
        0.23137898743152618
    ],
    [
        0.9976339340209961,
        -0.016676204279065132,
        0.06669753044843674,
        0.30341172218322754,
        0.012683024629950523,
        0.9981266856193542,
        0.05985155329108238,
        0.013830138370394707,
        -0.06757067888975143,
        -0.058864012360572815,
        0.9959765076637268,
        0.23303014039993286
    ],
    [
        0.9976001977920532,
        -0.016945533454418182,
        0.06713177263736725,
        0.30574122071266174,
        0.012890487909317017,
        0.9980919361114502,
        0.06038345396518707,
        0.01390760950744152,
        -0.06802692264318466,
        -0.05937318503856659,
        0.9959153532981873,
        0.23460625112056732
    ],
    [
        0.9975638389587402,
        -0.017102854326367378,
        0.06763055175542831,
        0.3081897795200348,
        0.012978918850421906,
        0.9980562329292297,
        0.06095339357852936,
        0.01391083374619484,
        -0.06854157149791718,
        -0.05992712825536728,
        0.9958468079566956,
        0.2363058626651764
    ],
    [
        0.9975241422653198,
        -0.017332812771201134,
        0.06815674901008606,
        0.31069305539131165,
        0.013146903365850449,
        0.9980272054672241,
        0.06139177456498146,
        0.014236684888601303,
        -0.06908638775348663,
        -0.060343723744153976,
        0.9957838654518127,
        0.23805083334445953
    ],
    [
        0.9974839091300964,
        -0.01756475120782852,
        0.06868293881416321,
        0.3130260705947876,
        0.013303589075803757,
        0.9979866743087769,
        0.06201356276869774,
        0.014257180504500866,
        -0.06963390111923218,
        -0.06094380468130112,
        0.9957093000411987,
        0.2396661788225174
    ],
    [
        0.997445821762085,
        -0.017725955694913864,
        0.06919261068105698,
        0.31519806385040283,
        0.013397440314292908,
        0.9979532957077026,
        0.06252770125865936,
        0.014302192255854607,
        -0.07015935331583023,
        -0.06144098564982414,
        0.995641827583313,
        0.24123217165470123
    ],
    [
        0.9974109530448914,
        -0.01793273165822029,
        0.06964045763015747,
        0.31785887479782104,
        0.013539974577724934,
        0.9979187846183777,
        0.06304511427879333,
        0.014577459543943405,
        -0.07062610238790512,
        -0.06193895637989044,
        0.9955780506134033,
        0.24311517179012299
    ],
    [
        0.9973738789558411,
        -0.018126528710126877,
        0.07011919468641281,
        0.3205546438694,
        0.013663885183632374,
        0.9978814125061035,
        0.06360776722431183,
        0.014662214554846287,
        -0.0711236298084259,
        -0.06248262897133827,
        0.9955085515975952,
        0.24499240517616272
    ],
    [
        0.9973300099372864,
        -0.018389854580163956,
        0.07067135721445084,
        0.32263582944869995,
        0.01385152991861105,
        0.9978421926498413,
        0.06417916715145111,
        0.01482291892170906,
        -0.0716991052031517,
        -0.06302890926599503,
        0.99543297290802,
        0.24668052792549133
    ],
    [
        0.9972863793373108,
        -0.018614977598190308,
        0.0712272897362709,
        0.32473066449165344,
        0.014001339673995972,
        0.9978043437004089,
        0.06473308801651001,
        0.014819197356700897,
        -0.07227589935064316,
        -0.06356014311313629,
        0.9953573346138,
        0.2482767254114151
    ],
    [
        0.997247576713562,
        -0.018847402185201645,
        0.07170814275741577,
        0.32709255814552307,
        0.01416702102869749,
        0.997769832611084,
        0.06522751599550247,
        0.01502827275544405,
        -0.07277759164571762,
        -0.06403209269046783,
        0.9952906370162964,
        0.2500060796737671
    ],
    [
        0.9972070455551147,
        -0.019019991159439087,
        0.07222374528646469,
        0.32963430881500244,
        0.014269341714680195,
        0.9977352023124695,
        0.06573223322629929,
        0.015257888473570347,
        -0.07331040501594543,
        -0.06451807171106339,
        0.9952201247215271,
        0.25190097093582153
    ],
    [
        0.9971683025360107,
        -0.019166061654686928,
        0.07271815091371536,
        0.33207574486732483,
        0.014345748350024223,
        0.9977005124092102,
        0.06624021381139755,
        0.015497160144150257,
        -0.07382050901651382,
        -0.0650094598531723,
        0.9951504468917847,
        0.25375786423683167
    ],
    [
        0.9971272945404053,
        -0.019393999129533768,
        0.07321851700544357,
        0.334453284740448,
        0.014492036774754524,
        0.9976546764373779,
        0.06689710170030594,
        0.015364409424364567,
        -0.0743441954255104,
        -0.06564383208751678,
        0.9950697422027588,
        0.25549745559692383
    ],
    [
        0.9970943927764893,
        -0.019628312438726425,
        0.07360363006591797,
        0.3367553651332855,
        0.014661379158496857,
        0.9976165294647217,
        0.06742537766695023,
        0.015382189303636551,
        -0.07475164532661438,
        -0.06615033000707626,
        0.9950057864189148,
        0.25692427158355713
    ],
    [
        0.9970570802688599,
        -0.019780246540904045,
        0.07406627386808395,
        0.3390783667564392,
        0.014739388599991798,
        0.9975766539573669,
        0.06799715757369995,
        0.015408003702759743,
        -0.07523178309202194,
        -0.0667053610086441,
        0.9949323534965515,
        0.2586619257926941
    ],
    [
        0.99701988697052,
        -0.019999289885163307,
        0.07450776547193527,
        0.3415304124355316,
        0.01489420048892498,
        0.9975430965423584,
        0.06845380365848541,
        0.015667838975787163,
        -0.07569373399019241,
        -0.06714006513357162,
        0.9948681592941284,
        0.2602827250957489
    ]
]