[
    [
        0.9990074634552002,
        -0.03558158501982689,
        0.026796311140060425,
        0.043251123279333115,
        0.035080913454294205,
        0.9992051720619202,
        0.018928375095129013,
        -0.25863128900527954,
        -0.027448516339063644,
        -0.01796954870223999,
        0.9994615912437439,
        0.09771022945642471
    ],
    [
        0.9989403486251831,
        -0.036794405430555344,
        0.027648285031318665,
        0.049643006175756454,
        0.03614136949181557,
        0.9990642070770264,
        0.02375936694443226,
        -0.3018161952495575,
        -0.028496624901890755,
        -0.02273494377732277,
        0.9993353486061096,
        0.17271357774734497
    ],
    [
        0.9981821775436401,
        -0.0456584170460701,
        0.03933855891227722,
        0.05745770037174225,
        0.044486790895462036,
        0.998554527759552,
        0.030161185190081596,
        -0.35144421458244324,
        -0.04065881296992302,
        -0.028356315568089485,
        0.9987706542015076,
        0.2580944299697876
    ],
    [
        0.9966856837272644,
        -0.05824548006057739,
        0.05678906291723251,
        0.06445225328207016,
        0.056248538196086884,
        0.9977620840072632,
        0.03615156561136246,
        -0.393331378698349,
        -0.05876763537526131,
        -0.03283745050430298,
        0.9977315068244934,
        0.33147990703582764
    ],
    [
        0.994773268699646,
        -0.07069665193557739,
        0.07367561757564545,
        0.07176399976015091,
        0.067667156457901,
        0.9967878460884094,
        0.042837563902139664,
        -0.4390981197357178,
        -0.07646743208169937,
        -0.03762824460864067,
        0.9963619112968445,
        0.40902236104011536
    ],
    [
        0.9930011034011841,
        -0.08046974241733551,
        0.08644843101501465,
        0.08178608864545822,
        0.07643480598926544,
        0.9958689212799072,
        0.049017321318387985,
        -0.4806009531021118,
        -0.09003572165966034,
        -0.04206658899784088,
        0.995049774646759,
        0.48016050457954407
    ],
    [
        0.9918219447135925,
        -0.08660760521888733,
        0.09374679625034332,
        0.09483247250318527,
        0.08165072649717331,
        0.995115339756012,
        0.05548541992902756,
        -0.5284150838851929,
        -0.09809432923793793,
        -0.04737715795636177,
        0.9940488338470459,
        0.5619014501571655
    ],
    [
        0.9908592104911804,
        -0.09129928052425385,
        0.09930995106697083,
        0.11007732152938843,
        0.08546571433544159,
        0.9944413900375366,
        0.06149724870920181,
        -0.5721938014030457,
        -0.10437257587909698,
        -0.05244751647114754,
        0.9931544065475464,
        0.6369463801383972
    ],
    [
        0.9902687668800354,
        -0.09444911032915115,
        0.10221068561077118,
        0.1271296590566635,
        0.08791683614253998,
        0.9938961863517761,
        0.06664001196622849,
        -0.6123939752578735,
        -0.10788090527057648,
        -0.05700547993183136,
        0.9925282001495361,
        0.7058940529823303
    ],
    [
        0.9896016120910645,
        -0.09814658761024475,
        0.10514795035123825,
        0.14873559772968292,
        0.0908382311463356,
        0.9932460784912109,
        0.07218471169471741,
        -0.6577812433242798,
        -0.11152247339487076,
        -0.06188264489173889,
        0.9918333292007446,
        0.7846090197563171
    ],
    [
        0.988773763179779,
        -0.10207812488079071,
        0.10911660641431808,
        0.16773101687431335,
        0.09397190809249878,
        0.9925907254219055,
        0.07702614367008209,
        -0.6958782076835632,
        -0.11617080867290497,
        -0.0659075453877449,
        0.991040050983429,
        0.8523330688476562
    ],
    [
        0.9877352118492126,
        -0.10668393224477768,
        0.11400783807039261,
        0.1871803104877472,
        0.0976465716958046,
        0.9918268322944641,
        0.0821261778473854,
        -0.7369257211685181,
        -0.1218375712633133,
        -0.06998644024133682,
        0.9900796413421631,
        0.924736738204956
    ],
    [
        0.986406683921814,
        -0.11261386424303055,
        0.11966598033905029,
        0.21001459658145905,
        0.10247860103845596,
        0.9908586740493774,
        0.08773460239171982,
        -0.7801565527915955,
        -0.12845218181610107,
        -0.07427879422903061,
        0.9889300465583801,
        1.0004793405532837
    ],
    [
        0.9809675216674805,
        -0.13106220960617065,
        0.1432671993970871,
        0.2290273755788803,
        0.11828453838825226,
        0.9884854555130005,
        0.09436757117509842,
        -0.8172410726547241,
        -0.15398555994033813,
        -0.0756252110004425,
        0.9851747155189514,
        1.0647680759429932
    ],
    [
        0.97676020860672,
        -0.14380230009555817,
        0.15893489122390747,
        0.24866701662540436,
        0.12879334390163422,
        0.9865084886550903,
        0.10106012970209122,
        -0.8577417135238647,
        -0.17132332921028137,
        -0.07824178040027618,
        0.9821032285690308,
        1.1337130069732666
    ],
    [
        0.9756578803062439,
        -0.1475747972726822,
        0.16221435368061066,
        0.2696911692619324,
        0.13138122856616974,
        0.9856006503105164,
        0.10644375532865524,
        -0.8950104117393494,
        -0.175586998462677,
        -0.08254076540470123,
        0.9809974431991577,
        1.1976228952407837
    ],
    [
        0.9739017486572266,
        -0.15342047810554504,
        0.16726501286029816,
        0.29611408710479736,
        0.13568231463432312,
        0.9843074083328247,
        0.11282482743263245,
        -0.9383119344711304,
        -0.18194982409477234,
        -0.087185338139534,
        0.9794350862503052,
        1.2718634605407715
    ],
    [
        0.9726775288581848,
        -0.1575249433517456,
        0.17054137587547302,
        0.31988710165023804,
        0.13853058218955994,
        0.9832872152328491,
        0.11813362687826157,
        -0.9766472578048706,
        -0.186300128698349,
        -0.09128075838088989,
        0.9782434701919556,
        1.336828589439392
    ],
    [
        0.9714725613594055,
        -0.16205962002277374,
        0.17314095795154572,
        0.3466486632823944,
        0.14135634899139404,
        0.9819154143333435,
        0.12593816220760345,
        -1.0170050859451294,
        -0.1904192715883255,
        -0.09787077456712723,
        0.9768120646476746,
        1.4078279733657837
    ],
    [
        0.9712608456611633,
        -0.16531918942928314,
        0.1712365299463272,
        0.3757987916469574,
        0.1418362259864807,
        0.9797413945198059,
        0.14138375222682953,
        -1.0610237121582031,
        -0.19114097952842712,
        -0.11303303390741348,
        0.9750325679779053,
        1.4843417406082153
    ],
    [
        0.971241295337677,
        -0.16802452504634857,
        0.1686953455209732,
        0.40129464864730835,
        0.1417257934808731,
        0.9773040413856506,
        0.15745021402835846,
        -1.0981324911117554,
        -0.19132216274738312,
        -0.12901373207569122,
        0.9730114340782166,
        1.5499814748764038
    ],
    [
        0.9713648557662964,
        -0.1745346635580063,
        0.1612081080675125,
        0.4294264018535614,
        0.1419873833656311,
        0.9704470038414001,
        0.19512103497982025,
        -1.1364023685455322,
        -0.19049929082393646,
        -0.16664420068264008,
        0.9674398303031921,
        1.620066523551941
    ],
    [
        0.9729622602462769,
        -0.17870932817459106,
        0.1463124006986618,
        0.4563540816307068,
        0.1392558515071869,
        0.9592982530593872,
        0.245671808719635,
        -1.1724833250045776,
        -0.18426108360290527,
        -0.2186545878648758,
        0.9582474231719971,
        1.6809905767440796
    ],
    [
        0.9750611782073975,
        -0.1812366098165512,
        0.1280977427959442,
        0.48858243227005005,
        0.13543061912059784,
        0.9431508779525757,
        0.3035208284854889,
        -1.2071954011917114,
        -0.1758245825767517,
        -0.27860307693481445,
        0.9441748857498169,
        1.738263726234436
    ],
    [
        0.9762236475944519,
        -0.18377315998077393,
        0.11495552957057953,
        0.5168210864067078,
        0.1326306015253067,
        0.925866425037384,
        0.3538086712360382,
        -1.2309720516204834,
        -0.17145401239395142,
        -0.3301498293876648,
        0.9282266497612,
        1.7775585651397705
    ]
]