[
    [
        0.9195787906646729,
        -0.05252720043063164,
        -0.38937869668006897,
        -0.17249387502670288,
        0.037434499710798264,
        0.9982280731201172,
        -0.04625358432531357,
        0.679803729057312,
        0.3911183178424835,
        0.0279576163738966,
        0.9199156761169434,
        0.1646084189414978
    ],
    [
        0.9112352132797241,
        -0.051401861011981964,
        -0.4086664319038391,
        -0.18270495533943176,
        0.036113567650318146,
        0.9983319640159607,
        -0.04504448175430298,
        0.6772856116294861,
        0.4103001654148102,
        0.02628771960735321,
        0.9115715622901917,
        0.17985793948173523
    ],
    [
        0.8998544812202454,
        -0.05005408823490143,
        -0.43330875039100647,
        -0.19677835702896118,
        0.03447497636079788,
        0.998447835445404,
        -0.04374232515692711,
        0.676106870174408,
        0.43482568860054016,
        0.024423424154520035,
        0.9001832604408264,
        0.19851054251194
    ],
    [
        0.8908897042274475,
        -0.04915989935398102,
        -0.45155155658721924,
        -0.20891810953617096,
        0.03328366205096245,
        0.9985187649726868,
        -0.04304050654172897,
        0.6754679083824158,
        0.4529986083507538,
        0.023315055295825005,
        0.8912063241004944,
        0.21622924506664276
    ],
    [
        0.8786210417747498,
        -0.04788989573717117,
        -0.47511234879493713,
        -0.22675243020057678,
        0.03159588947892189,
        0.9986082911491394,
        -0.042226724326610565,
        0.6746084094047546,
        0.4764733910560608,
        0.02208968810737133,
        0.8789113163948059,
        0.24410325288772583
    ],
    [
        0.8691126108169556,
        -0.047025758773088455,
        -0.4923737049102783,
        -0.24008327722549438,
        0.03033532202243805,
        0.9986639618873596,
        -0.04183431714773178,
        0.6735405325889587,
        0.4936830997467041,
        0.02142241783440113,
        0.8693779706954956,
        0.2668256461620331
    ],
    [
        0.8559772968292236,
        -0.04544931277632713,
        -0.5150119066238403,
        -0.2593448758125305,
        0.028172921389341354,
        0.9987488985061646,
        -0.04131375253200531,
        0.6703450083732605,
        0.5162452459335327,
        0.020854249596595764,
        0.8561868667602539,
        0.3019849359989166
    ],
    [
        0.8425037860870361,
        -0.04423104599118233,
        -0.5368714928627014,
        -0.2784358561038971,
        0.026261845603585243,
        0.9988108277320862,
        -0.041076384484767914,
        0.6671128869056702,
        0.5380499362945557,
        0.020507771521806717,
        0.842663586139679,
        0.3382056951522827
    ],
    [
        0.8323591947555542,
        -0.04372351989150047,
        -0.5525092482566833,
        -0.2932770252227783,
        0.02507784776389599,
        0.998833417892456,
        -0.04126400128006935,
        0.6645223498344421,
        0.5536689162254333,
        0.020490728318691254,
        0.8324847221374512,
        0.36472228169441223
    ],
    [
        0.8193033933639526,
        -0.042698752135038376,
        -0.571768045425415,
        -0.31705066561698914,
        0.02308409847319126,
        0.9988711476325989,
        -0.0415162555873394,
        0.6617773175239563,
        0.5728952884674072,
        0.020815664902329445,
        0.8193641901016235,
        0.4016348421573639
    ],
    [
        0.8096800446510315,
        -0.04260917380452156,
        -0.5853227972984314,
        -0.33766257762908936,
        0.021889083087444305,
        0.9988595247268677,
        -0.0424337238073349,
        0.661040186882019,
        0.5864632725715637,
        0.02154555730521679,
        0.8096893429756165,
        0.43032294511795044
    ],
    [
        0.7971140146255493,
        -0.04337093234062195,
        -0.6022692918777466,
        -0.3681139051914215,
        0.020790955051779747,
        0.9987971782684326,
        -0.04440870136022568,
        0.6591114401817322,
        0.6034708023071289,
        0.02287703938782215,
        0.7970567941665649,
        0.4687371551990509
    ],
    [
        0.7849736213684082,
        -0.042822424322366714,
        -0.6180475950241089,
        -0.4045819938182831,
        0.01859775371849537,
        0.9987874627113342,
        -0.04558185860514641,
        0.654704213142395,
        0.6192501187324524,
        0.024286262691020966,
        0.7848180532455444,
        0.5106200575828552
    ],
    [
        0.7760339975357056,
        -0.0424443818628788,
        -0.6292611956596375,
        -0.4318203032016754,
        0.017002047970891,
        0.9987782835960388,
        -0.0464010089635849,
        0.6501726508140564,
        0.6304618120193481,
        0.025310032069683075,
        0.7758075594902039,
        0.5410517454147339
    ],
    [
        0.7642373442649841,
        -0.042283374816179276,
        -0.643547534942627,
        -0.4660138785839081,
        0.01505774911493063,
        0.9987462759017944,
        -0.04773956164717674,
        0.6446914672851562,
        0.6447592973709106,
        0.026793980970978737,
        0.7639160752296448,
        0.5808205604553223
    ],
    [
        0.7554990649223328,
        -0.04263591766357422,
        -0.6537609696388245,
        -0.4914855360984802,
        0.01382932998239994,
        0.9986956715583801,
        -0.04914985969662666,
        0.6418448090553284,
        0.6550037860870361,
        0.02809159643948078,
        0.7551032304763794,
        0.6108960509300232
    ],
    [
        0.7442556619644165,
        -0.042998164892196655,
        -0.6665093898773193,
        -0.5260809659957886,
        0.012023495510220528,
        0.9986262917518616,
        -0.050997860729694366,
        0.63934326171875,
        0.6677865982055664,
        0.029941676184535027,
        0.7437503337860107,
        0.6521112322807312
    ],
    [
        0.7359892725944519,
        -0.04342055320739746,
        -0.6755993962287903,
        -0.5511595606803894,
        0.010809071362018585,
        0.998567521572113,
        -0.05240234360098839,
        0.6374800801277161,
        0.676906943321228,
        0.03126496821641922,
        0.7354043126106262,
        0.6828891634941101
    ],
    [
        0.7255476117134094,
        -0.04405050352215767,
        -0.6867606043815613,
        -0.5837666392326355,
        0.009197145700454712,
        0.9984807968139648,
        -0.054328419268131256,
        0.6331802606582642,
        0.6881104707717896,
        0.03310161828994751,
        0.7248505353927612,
        0.7240708470344543
    ],
    [
        0.715949296951294,
        -0.044408947229385376,
        -0.6967383623123169,
        -0.6174570322036743,
        0.0077463178895413876,
        0.9984187483787537,
        -0.05567764490842819,
        0.6259953379631042,
        0.6981093287467957,
        0.03446521237492561,
        0.7151612043380737,
        0.7637884616851807
    ],
    [
        0.7092693448066711,
        -0.04478002339601517,
        -0.7035138010978699,
        -0.6421504616737366,
        0.006787099875509739,
        0.9983679056167603,
        -0.05670543015003204,
        0.6219058036804199,
        0.7049048542976379,
        0.035444606095552444,
        0.7084156274795532,
        0.7937819957733154
    ],
    [
        0.7018704414367676,
        -0.045365843921899796,
        -0.7108585238456726,
        -0.6848536133766174,
        0.005441875662654638,
        0.9982821941375732,
        -0.05833569914102554,
        0.6174091100692749,
        0.7122837901115417,
        0.0370757021009922,
        0.7009116411209106,
        0.8406507968902588
    ],
    [
        0.6972198486328125,
        -0.04543851688504219,
        -0.7154157757759094,
        -0.7230923771858215,
        0.003928821533918381,
        0.9982162714004517,
        -0.059571247547864914,
        0.6153877973556519,
        0.7168465852737427,
        0.03872351348400116,
        0.6961548328399658,
        0.8755922317504883
    ],
    [
        0.6917685270309448,
        -0.045594729483127594,
        -0.7206783890724182,
        -0.7853502631187439,
        0.0024933037348091602,
        0.998149573802948,
        -0.06075604632496834,
        0.60858154296875,
        0.7221150398254395,
        0.040232252329587936,
        0.6906021237373352,
        0.9285076856613159
    ],
    [
        0.6867130994796753,
        -0.046212032437324524,
        -0.7254582047462463,
        -0.8419071435928345,
        0.0017565770540386438,
        0.9980798959732056,
        -0.06191539764404297,
        0.6036400198936462,
        0.7269265055656433,
        0.041243791580200195,
        0.6854756474494934,
        0.9803444147109985
    ]
]