[
    [
        0.9998844265937805,
        0.00196523847989738,
        -0.015076168812811375,
        0.014905917458236217,
        -0.00196221680380404,
        0.9999980330467224,
        0.00021518660651054233,
        0.020916134119033813,
        0.015076562762260437,
        -0.00018557942530605942,
        0.9998863935470581,
        0.2609378397464752
    ],
    [
        0.9998824000358582,
        0.002197900554165244,
        -0.015178686007857323,
        0.014925519935786724,
        -0.002196151064708829,
        0.999997615814209,
        0.00013190819299779832,
        0.02101106010377407,
        0.015178940258920193,
        -9.855781536316499e-05,
        0.999884843826294,
        0.26321646571159363
    ],
    [
        0.9998795390129089,
        0.0019207552541047335,
        -0.015402070246636868,
        0.015606124885380268,
        -0.0019186800345778465,
        0.9999982118606567,
        0.0001495026663178578,
        0.021084357053041458,
        0.015402328222990036,
        -0.00011993235966656357,
        0.999881386756897,
        0.26625239849090576
    ],
    [
        0.9998717904090881,
        0.002310102107003331,
        -0.015841951593756676,
        0.016350090503692627,
        -0.002303880639374256,
        0.9999971985816956,
        0.00041094364132732153,
        0.020754758268594742,
        0.015842854976654053,
        -0.00037439336301758885,
        0.999874472618103,
        0.27165400981903076
    ],
    [
        0.9998708367347717,
        0.0023921611718833447,
        -0.01589062064886093,
        0.01698465459048748,
        -0.0023860258515924215,
        0.9999971389770508,
        0.0004050267452839762,
        0.02095843479037285,
        0.01589154452085495,
        -0.0003670592559501529,
        0.9998736381530762,
        0.273631751537323
    ],
    [
        0.9998682737350464,
        0.002549964003264904,
        -0.01602836698293686,
        0.017234601080417633,
        -0.0025439162272959948,
        0.9999967813491821,
        0.0003977032611146569,
        0.02074609324336052,
        0.016029328107833862,
        -0.0003568758547771722,
        0.9998714923858643,
        0.2759098708629608
    ],
    [
        0.999866247177124,
        0.002408879343420267,
        -0.016176022589206696,
        0.01799987629055977,
        -0.002400812925770879,
        0.9999970197677612,
        0.0005181199521757662,
        0.020784398540854454,
        0.0161772221326828,
        -0.00047921514487825334,
        0.9998689889907837,
        0.28123748302459717
    ],
    [
        0.99986332654953,
        0.002354505006223917,
        -0.016362110152840614,
        0.01873704604804516,
        -0.002347840927541256,
        0.9999971985816956,
        0.0004264849121682346,
        0.02093341387808323,
        0.016363069415092468,
        -0.00038801110349595547,
        0.9998660087585449,
        0.28421011567115784
    ],
    [
        0.9998579621315002,
        0.0026941944379359484,
        -0.01663866825401783,
        0.01915799453854561,
        -0.002686962252482772,
        0.9999962449073792,
        0.00045701934141106904,
        0.020565709099173546,
        0.016639836132526398,
        -0.0004122465325053781,
        0.9998613595962524,
        0.2887668311595917
    ],
    [
        0.9998581409454346,
        0.002557533560320735,
        -0.01664719358086586,
        0.019553009420633316,
        -0.00254980381578207,
        0.9999966621398926,
        0.0004855099250562489,
        0.020813031122088432,
        0.01664837822318077,
        -0.0004429940599948168,
        0.9998612403869629,
        0.29177823662757874
    ],
    [
        0.9998553395271301,
        0.002662772312760353,
        -0.016796378418803215,
        0.02044650726020336,
        -0.0026541801635175943,
        0.9999963045120239,
        0.0005338467308320105,
        0.02077174186706543,
        0.016797740012407303,
        -0.0004891891730949283,
        0.9998587369918823,
        0.29401448369026184
    ],
    [
        0.9998545050621033,
        0.0026542849373072386,
        -0.016855385154485703,
        0.021025972440838814,
        -0.0026455058250576258,
        0.9999963641166687,
        0.0005430961027741432,
        0.021137632429599762,
        0.016856763511896133,
        -0.0004984259139746428,
        0.9998577833175659,
        0.2994284927845001
    ],
    [
        0.9998542070388794,
        0.0026355062145739794,
        -0.016864942386746407,
        0.02095901034772396,
        -0.002624217653647065,
        0.9999963045120239,
        0.000691440945956856,
        0.021355215460062027,
        0.01686670258641243,
        -0.0006470829248428345,
        0.9998574256896973,
        0.30170562863349915
    ],
    [
        0.9998534917831421,
        0.0028148924466222525,
        -0.016883715987205505,
        0.021763646975159645,
        -0.002801896771416068,
        0.9999957084655762,
        0.0007933246670290828,
        0.021175183355808258,
        0.016885880380868912,
        -0.0007459024200215936,
        0.9998571872711182,
        0.3045361340045929
    ],
    [
        0.9998553395271301,
        0.00241695623844862,
        -0.016836564987897873,
        0.022067861631512642,
        -0.0024004920851439238,
        0.9999966621398926,
        0.000998006435111165,
        0.02180882915854454,
        0.01683892123401165,
        -0.0009574465802870691,
        0.9998576641082764,
        0.3102623224258423
    ],
    [
        0.9998539686203003,
        0.002525421092286706,
        -0.016901297494769096,
        0.022464152425527573,
        -0.0025107399560511112,
        0.9999964833259583,
        0.0008898007799871266,
        0.021781884133815765,
        0.016903486102819443,
        -0.0008472364279441535,
        0.9998568296432495,
        0.31243500113487244
    ],
    [
        0.9998539090156555,
        0.002407929627224803,
        -0.016928017139434814,
        0.022854622453451157,
        -0.002396219875663519,
        0.9999969005584717,
        0.0007120313821360469,
        0.022463714703917503,
        0.01692967861890793,
        -0.0006713637267239392,
        0.9998564720153809,
        0.318061500787735
    ],
    [
        0.9998533725738525,
        0.0026826877146959305,
        -0.016915783286094666,
        0.02289767935872078,
        -0.0026681125164031982,
        0.9999960660934448,
        0.0008841038797982037,
        0.02250049263238907,
        0.016918089240789413,
        -0.0008388410788029432,
        0.9998564720153809,
        0.3202783167362213
    ],
    [
        0.9998477697372437,
        0.0025488552637398243,
        -0.017263192683458328,
        0.023387979716062546,
        -0.0025343981105834246,
        0.9999964237213135,
        0.000859281572047621,
        0.02288581058382988,
        0.01726531982421875,
        -0.0008153982926160097,
        0.9998505115509033,
        0.32338908314704895
    ],
    [
        0.9998451471328735,
        0.0026000693906098604,
        -0.017404045909643173,
        0.023433297872543335,
        -0.0025861747562885284,
        0.9999963641166687,
        0.0008208020590245724,
        0.02322644740343094,
        0.017406117171049118,
        -0.0007756651029922068,
        0.9998482465744019,
        0.32814112305641174
    ],
    [
        0.9998456239700317,
        0.002666002605110407,
        -0.017370184883475304,
        0.02360772155225277,
        -0.002651720540598035,
        0.9999961256980896,
        0.0008451533503830433,
        0.023506157100200653,
        0.0173723716288805,
        -0.0007989626028575003,
        0.9998487234115601,
        0.33159154653549194
    ],
    [
        0.9998458027839661,
        0.002413191832602024,
        -0.017394686117768288,
        0.022904086858034134,
        -0.002398386364802718,
        0.9999967813491821,
        0.0008719827164895833,
        0.023676497861742973,
        0.017396733164787292,
        -0.0008301284397020936,
        0.9998483657836914,
        0.33454054594039917
    ],
    [
        0.9998477697372437,
        0.0022181454114615917,
        -0.017304543405771255,
        0.023361023515462875,
        -0.0022062030620872974,
        0.9999972581863403,
        0.0007091450970619917,
        0.02437361143529415,
        0.017306070774793625,
        -0.0006708595901727676,
        0.9998499155044556,
        0.34002915024757385
    ],
    [
        0.9998449087142944,
        0.0022448247764259577,
        -0.017466958612203598,
        0.023611776530742645,
        -0.0022338537964969873,
        0.9999971985816956,
        0.0006475840345956385,
        0.024810567498207092,
        0.017468366771936417,
        -0.0006084649357944727,
        0.9998472929000854,
        0.3426196575164795
    ],
    [
        0.9998477697372437,
        0.0022417064756155014,
        -0.017301462590694427,
        0.022769611328840256,
        -0.0022330896463245153,
        0.9999973773956299,
        0.0005173164536245167,
        0.02530503459274769,
        0.017302576452493668,
        -0.00047860253835096955,
        0.9998501539230347,
        0.34868723154067993
    ]
]