[
    [
        0.9999333024024963,
        -0.004112801980227232,
        -0.010789446532726288,
        0.024717463180422783,
        0.0042448206804692745,
        0.9999160766601562,
        0.01224169135093689,
        -0.11280408501625061,
        0.010738193988800049,
        -0.012286676093935966,
        0.9998668432235718,
        -0.2234892100095749
    ],
    [
        0.9999517202377319,
        -0.004556903149932623,
        -0.008704738691449165,
        0.02858559973537922,
        0.00466279499232769,
        0.9999149441719055,
        0.012183533981442451,
        -0.12994953989982605,
        0.008648478426039219,
        -0.012223535217344761,
        0.9998879432678223,
        -0.2266947478055954
    ],
    [
        0.9999628663063049,
        -0.005407244898378849,
        -0.006715751253068447,
        0.0325452983379364,
        0.0054880063980817795,
        0.9999121427536011,
        0.012066119350492954,
        -0.14757227897644043,
        0.006649917457252741,
        -0.012102526612579823,
        0.9999046325683594,
        -0.23004329204559326
    ],
    [
        0.9999740719795227,
        -0.005622529424726963,
        -0.004487104248255491,
        0.03681621700525284,
        0.005677379202097654,
        0.9999082088470459,
        0.012306448072195053,
        -0.16890035569667816,
        0.004417498130351305,
        -0.012331604957580566,
        0.9999141693115234,
        -0.23446762561798096
    ],
    [
        0.9999790191650391,
        -0.00582184549421072,
        -0.00285438378341496,
        0.039629753679037094,
        0.005858559161424637,
        0.9998980164527893,
        0.013027352280914783,
        -0.18929517269134521,
        0.002778249094262719,
        -0.013043801300227642,
        0.9999110698699951,
        -0.23924554884433746
    ],
    [
        0.9999759793281555,
        -0.006452891044318676,
        -0.002535237930715084,
        0.04083149507641792,
        0.006489381659775972,
        0.9998714923858643,
        0.014659342356026173,
        -0.21502001583576202,
        0.0024403163697570562,
        -0.014675443060696125,
        0.9998893737792969,
        -0.244992196559906
    ],
    [
        0.9999790787696838,
        -0.005923561751842499,
        -0.002573797246441245,
        0.04062444344162941,
        0.005963831674307585,
        0.9998553395271301,
        0.01593109779059887,
        -0.2393941432237625,
        0.002479056129232049,
        -0.01594611629843712,
        0.9998698234558105,
        -0.25098511576652527
    ],
    [
        0.9999958276748657,
        -0.0018980568274855614,
        -0.0021732414606958628,
        0.039774924516677856,
        0.0019327802583575249,
        0.9998687505722046,
        0.01608862914144993,
        -0.26675644516944885,
        0.002142418408766389,
        -0.016092762351036072,
        0.9998681545257568,
        -0.2583056390285492
    ],
    [
        0.9999898672103882,
        -0.0009385799057781696,
        -0.004415270872414112,
        0.037840377539396286,
        0.001005421276204288,
        0.9998846054077148,
        0.015161089599132538,
        -0.2897932231426239,
        0.004400530830025673,
        -0.015165374614298344,
        0.9998753070831299,
        -0.26576051115989685
    ],
    [
        0.9999768137931824,
        -0.0014485226711258292,
        -0.006646225694566965,
        0.0361953005194664,
        0.001536777475848794,
        0.9999105334281921,
        0.013293042778968811,
        -0.3155463933944702,
        0.006626375950872898,
        -0.013302949257194996,
        0.9998894929885864,
        -0.27428704500198364
    ],
    [
        0.9999220371246338,
        -0.006805412005633116,
        -0.010470358654856682,
        0.0344044491648674,
        0.006914022844284773,
        0.9999223947525024,
        0.010372176766395569,
        -0.33487069606781006,
        0.010398956947028637,
        -0.010443761013448238,
        0.9998914003372192,
        -0.28135016560554504
    ],
    [
        0.9999114274978638,
        -0.006658405996859074,
        -0.011525447480380535,
        0.03365534171462059,
        0.006732056848704815,
        0.9999570846557617,
        0.006363276857882738,
        -0.35544484853744507,
        0.011482584290206432,
        -0.006440303288400173,
        0.9999133348464966,
        -0.2891836166381836
    ],
    [
        0.9998676180839539,
        -0.009424065239727497,
        -0.013267148286104202,
        0.034962430596351624,
        0.0094744972884655,
        0.9999480843544006,
        0.0037435635458678007,
        -0.37417125701904297,
        0.013231180608272552,
        -0.0038687672931700945,
        0.9999048709869385,
        -0.29674264788627625
    ],
    [
        0.9998567700386047,
        -0.01046585850417614,
        -0.013302608393132687,
        0.036514777690172195,
        0.010480756871402264,
        0.9999445080757141,
        0.0010507401311770082,
        -0.39280247688293457,
        0.013290874660015106,
        -0.0011900109238922596,
        0.9999110698699951,
        -0.30484041571617126
    ],
    [
        0.9998390674591064,
        -0.011848880909383297,
        -0.013463395647704601,
        0.03731917217373848,
        0.011808185838162899,
        0.999925434589386,
        -0.003098125569522381,
        -0.4120357036590576,
        0.013499102555215359,
        0.00293864868581295,
        0.9999046325683594,
        -0.3143656849861145
    ],
    [
        0.9998644590377808,
        -0.010992288589477539,
        -0.012255745939910412,
        0.037887681275606155,
        0.010898377746343613,
        0.9999109506607056,
        -0.007703247480094433,
        -0.42729198932647705,
        0.012339332140982151,
        0.0075686355121433735,
        0.9998952150344849,
        -0.32160934805870056
    ],
    [
        0.99983149766922,
        -0.012670974247157574,
        -0.013279689475893974,
        0.03908306360244751,
        0.0125598618760705,
        0.9998857378959656,
        -0.00841737911105156,
        -0.4443301558494568,
        0.013384828343987465,
        0.00824916921555996,
        0.9998763799667358,
        -0.32973405718803406
    ],
    [
        0.9998693466186523,
        -0.011484756134450436,
        -0.011366840451955795,
        0.04186652600765228,
        0.01141547504812479,
        0.9999160170555115,
        -0.0061412681825459,
        -0.4581354856491089,
        0.011436416767537594,
        0.006010707933455706,
        0.9999164342880249,
        -0.3365628123283386
    ],
    [
        0.9998175501823425,
        -0.014308208599686623,
        -0.012663445435464382,
        0.044740092009305954,
        0.014258223585784435,
        0.9998902082443237,
        -0.004028760828077793,
        -0.47460800409317017,
        0.012719701044261456,
        0.003847467014566064,
        0.9999116659164429,
        -0.3455828130245209
    ],
    [
        0.9997774958610535,
        -0.016038427129387856,
        -0.013695450499653816,
        0.0474105179309845,
        0.01601261831820011,
        0.9998697638511658,
        -0.0019921150524169207,
        -0.4889642596244812,
        0.01372561790049076,
        0.0017723717028275132,
        0.9999041557312012,
        -0.35156843066215515
    ],
    [
        0.9997116327285767,
        -0.016855159774422646,
        -0.017100930213928223,
        0.048437271267175674,
        0.016885560005903244,
        0.9998560547828674,
        0.0016349044162780046,
        -0.5051397085189819,
        0.017070909962058067,
        -0.0019231925252825022,
        0.9998524188995361,
        -0.3593650460243225
    ],
    [
        0.9997181296348572,
        -0.01606627181172371,
        -0.017478829249739647,
        0.04902271553874016,
        0.01609833352267742,
        0.9998689889907837,
        0.001695048762485385,
        -0.5206746459007263,
        0.017449306324124336,
        -0.00197595008648932,
        0.9998457431793213,
        -0.36878305673599243
    ],
    [
        0.9996554851531982,
        -0.016531385481357574,
        -0.020384592935442924,
        0.04794282838702202,
        0.01652214676141739,
        0.9998632073402405,
        -0.0006216334295459092,
        -0.5387029647827148,
        0.020392082631587982,
        0.0002846216084435582,
        0.9997920393943787,
        -0.3792252242565155
    ],
    [
        0.9996920824050903,
        -0.0143710533156991,
        -0.020229700952768326,
        0.04559549316763878,
        0.014182892628014088,
        0.999855101108551,
        -0.009414114989340305,
        -0.552064836025238,
        0.020362066105008125,
        0.009124300442636013,
        0.9997510313987732,
        -0.390139102935791
    ],
    [
        0.9998207092285156,
        -0.0102671654894948,
        -0.015904519706964493,
        0.04286261275410652,
        0.009925131686031818,
        0.9997208714485168,
        -0.0214371420443058,
        -0.5653575658798218,
        0.01612018048763275,
        0.021275445818901062,
        0.9996436834335327,
        -0.4040791094303131
    ]
]