[
    [
        0.9835309386253357,
        0.03648467734456062,
        -0.1770191788673401,
        -0.15445663034915924,
        -0.03395592421293259,
        0.9992737770080566,
        0.017294595018029213,
        -0.047799188643693924,
        0.17752158641815186,
        -0.010998920537531376,
        0.9840553998947144,
        0.07971435785293579
    ],
    [
        0.9673588275909424,
        0.05010730400681496,
        -0.24840743839740753,
        -0.26691195368766785,
        -0.045896999537944794,
        0.9986878633499146,
        0.022715454921126366,
        -0.08263470977544785,
        0.24921970069408417,
        -0.010572836734354496,
        0.9683892726898193,
        0.15172211825847626
    ],
    [
        0.9407215714454651,
        0.06158647686243057,
        -0.3335416615009308,
        -0.3911605775356293,
        -0.05549898371100426,
        0.9980728626251221,
        0.027758721262216568,
        -0.12231738865375519,
        0.3346084952354431,
        -0.007602001540362835,
        0.942326545715332,
        0.20970645546913147
    ],
    [
        0.9052085876464844,
        0.06746139377355576,
        -0.4195787310600281,
        -0.4943453073501587,
        -0.06182811036705971,
        0.9977208971977234,
        0.02702781744301319,
        -0.13764774799346924,
        0.4204457402229309,
        0.0014759458135813475,
        0.9073164463043213,
        0.3143324851989746
    ],
    [
        0.8595320582389832,
        0.0761890560388565,
        -0.50537109375,
        -0.6393652558326721,
        -0.07216773927211761,
        0.9970115423202515,
        0.02756565250456333,
        -0.16358467936515808,
        0.5059609413146973,
        0.012777930125594139,
        0.8624617457389832,
        0.4494834542274475
    ],
    [
        0.8125157952308655,
        0.08406142145395279,
        -0.5768464803695679,
        -0.773815393447876,
        -0.08224038779735565,
        0.9961808919906616,
        0.029329761862754822,
        -0.188284769654274,
        0.5771088600158691,
        0.02360917627811432,
        0.8163259029388428,
        0.5957831144332886
    ],
    [
        0.7629029750823975,
        0.0923662856221199,
        -0.639880895614624,
        -0.9418365955352783,
        -0.0940650925040245,
        0.9950678944587708,
        0.031487416476011276,
        -0.2179996371269226,
        0.6396333575248718,
        0.036168619990348816,
        0.7678288221359253,
        0.7609834671020508
    ],
    [
        0.7150084376335144,
        0.09928004443645477,
        -0.6920305490493774,
        -1.114719033241272,
        -0.10444851219654083,
        0.9939256310462952,
        0.03467392176389694,
        -0.25044387578964233,
        0.6912694573402405,
        0.047489412128925323,
        0.7210350036621094,
        0.9319801330566406
    ],
    [
        0.6723543405532837,
        0.10448388755321503,
        -0.7328184247016907,
        -1.2721176147460938,
        -0.11028507351875305,
        0.993078351020813,
        0.040405694395303726,
        -0.2768573462963104,
        0.7319678068161011,
        0.05365198105573654,
        0.6792235374450684,
        1.098952054977417
    ],
    [
        0.6136932373046875,
        0.10899391025304794,
        -0.7819851040840149,
        -1.3926358222961426,
        -0.10748612880706787,
        0.9927382469177246,
        0.05401496961712837,
        -0.3146621882915497,
        0.7821938991546631,
        0.05090394243597984,
        0.6209520101547241,
        1.3189386129379272
    ],
    [
        0.569058895111084,
        0.11875655502080917,
        -0.8136762380599976,
        -1.5420171022415161,
        -0.11280656605958939,
        0.9914353489875793,
        0.06580731272697449,
        -0.3574430048465729,
        0.814522385597229,
        0.05433976650238037,
        0.5775815844535828,
        1.50534188747406
    ],
    [
        0.5338014960289001,
        0.1201619878411293,
        -0.8370286226272583,
        -1.7195149660110474,
        -0.1136522889137268,
        0.9910659790039062,
        0.06979532539844513,
        -0.3853793144226074,
        0.8379374146461487,
        0.05787337198853493,
        0.5426892042160034,
        1.6790958642959595
    ],
    [
        0.5011895895004272,
        0.1149163693189621,
        -0.8576730489730835,
        -1.8095543384552002,
        -0.11108990013599396,
        0.991486132144928,
        0.06792900711297989,
        -0.41062596440315247,
        0.858177125453949,
        0.0612335167825222,
        0.5096884965896606,
        1.797986388206482
    ],
    [
        0.47985953092575073,
        0.11918845772743225,
        -0.8692115545272827,
        -1.9790191650390625,
        -0.11923520267009735,
        0.9903967380523682,
        0.06998033821582794,
        -0.4344801902770996,
        0.8692052364349365,
        0.07005990296602249,
        0.4894627630710602,
        1.9571185111999512
    ],
    [
        0.45968809723854065,
        0.120331309735775,
        -0.8798907399177551,
        -2.170664072036743,
        -0.12422006577253342,
        0.9897500872612,
        0.07045812159776688,
        -0.45999887585639954,
        0.8793497681617737,
        0.07691124826669693,
        0.46992355585098267,
        2.1410043239593506
    ],
    [
        0.45219993591308594,
        0.12108463048934937,
        -0.8836594820022583,
        -2.347477674484253,
        -0.12861302495002747,
        0.9892399907112122,
        0.06973607838153839,
        -0.4841172993183136,
        0.882594883441925,
        0.08211547136306763,
        0.4629072844982147,
        2.2745163440704346
    ],
    [
        0.4499804377555847,
        0.12165477871894836,
        -0.884713351726532,
        -2.5797927379608154,
        -0.1284983903169632,
        0.9891889691352844,
        0.07066454738378525,
        -0.517913818359375,
        0.8837453126907349,
        0.08188655972480774,
        0.46074792742729187,
        2.4301295280456543
    ],
    [
        0.45254576206207275,
        0.12294154614210129,
        -0.8832256197929382,
        -2.7702605724334717,
        -0.12706917524337769,
        0.9892341494560242,
        0.07258997857570648,
        -0.5457722544670105,
        0.8826413154602051,
        0.07938051223754883,
        0.4632958173751831,
        2.5696213245391846
    ],
    [
        0.4529150426387787,
        0.12478315085172653,
        -0.882777988910675,
        -2.9718966484069824,
        -0.12793269753456116,
        0.9890062212944031,
        0.0741620808839798,
        -0.5664601922035217,
        0.882327139377594,
        0.07934695482254028,
        0.46389973163604736,
        2.735370397567749
    ],
    [
        0.45223143696784973,
        0.1293649524450302,
        -0.8824689388275146,
        -3.1634061336517334,
        -0.1290251612663269,
        0.9885063171386719,
        0.07878894358873367,
        -0.5973604917526245,
        0.8825186491012573,
        0.07822985202074051,
        0.4637249708175659,
        2.9100217819213867
    ],
    [
        0.4417128562927246,
        0.136671781539917,
        -0.8866850733757019,
        -3.326314687728882,
        -0.131341814994812,
        0.9875308871269226,
        0.08678646385669708,
        -0.6373680233955383,
        0.8874903321266174,
        0.07812415063381195,
        0.4541555643081665,
        3.086827278137207
    ],
    [
        0.4289717376232147,
        0.14106130599975586,
        -0.8922359347343445,
        -3.4997739791870117,
        -0.13488593697547913,
        0.9866607785224915,
        0.09113888442516327,
        -0.6796289086341858,
        0.8931905031204224,
        0.0812540128827095,
        0.44227704405784607,
        3.2826099395751953
    ],
    [
        0.4030301570892334,
        0.14253094792366028,
        -0.9040196537971497,
        -3.6345484256744385,
        -0.13964228332042694,
        0.9858089089393616,
        0.09317084401845932,
        -0.7129067778587341,
        0.9044704437255859,
        0.08868873864412308,
        0.41721397638320923,
        3.4903829097747803
    ],
    [
        0.3706399202346802,
        0.14276830852031708,
        -0.9177382588386536,
        -3.792192220687866,
        -0.14569531381130219,
        0.9848190546035767,
        0.09436290711164474,
        -0.7468028664588928,
        0.9172778725624084,
        0.09873553365468979,
        0.3858136832714081,
        3.712894916534424
    ],
    [
        0.3392089903354645,
        0.14508061110973358,
        -0.9294561147689819,
        -3.9640750885009766,
        -0.15199585258960724,
        0.9835061430931091,
        0.09804580360651016,
        -0.7855525612831116,
        0.9283503890037537,
        0.1080155149102211,
        0.3556661009788513,
        3.9206130504608154
    ]
]