[
    [
        0.9997852444648743,
        -0.004718044772744179,
        0.02017655223608017,
        0.020358778536319733,
        0.0047073024325072765,
        0.9999887347221375,
        0.0005799256614409387,
        0.015534156933426857,
        -0.020179063081741333,
        -0.000484823394799605,
        0.9997963309288025,
        0.503166675567627
    ],
    [
        0.9997743964195251,
        -0.004994075279682875,
        0.020643137395381927,
        0.020802918821573257,
        0.004986677784472704,
        0.9999874830245972,
        0.00040983714279718697,
        0.015258877538144588,
        -0.02064492553472519,
        -0.0003068039077334106,
        0.999786913394928,
        0.5113059878349304
    ],
    [
        0.9997649788856506,
        -0.004854910541325808,
        0.021127572283148766,
        0.021093890070915222,
        0.004848983138799667,
        0.9999881386756897,
        0.00033178215380758047,
        0.014787781983613968,
        -0.021128932014107704,
        -0.00022925675148144364,
        0.9997766613960266,
        0.51926589012146
    ],
    [
        0.9997545480728149,
        -0.004866413306444883,
        0.021616343408823013,
        0.021412033587694168,
        0.004860014654695988,
        0.9999881386756897,
        0.0003485103079583496,
        0.014234942384064198,
        -0.02161778323352337,
        -0.00024336969363503158,
        0.9997662901878357,
        0.5280829668045044
    ],
    [
        0.9997444152832031,
        -0.005157196894288063,
        0.022013595327734947,
        0.022958336398005486,
        0.005144420079886913,
        0.9999865293502808,
        0.0006369579350575805,
        0.012574656866490841,
        -0.022016586735844612,
        -0.0005235479329712689,
        0.9997574687004089,
        0.5459771752357483
    ],
    [
        0.9997276067733765,
        -0.004883234854787588,
        0.022823110222816467,
        0.021483082324266434,
        0.004876337945461273,
        0.9999881386756897,
        0.00035785065847449005,
        0.013157648034393787,
        -0.02282458357512951,
        -0.0002464603167027235,
        0.9997393488883972,
        0.5536371469497681
    ],
    [
        0.9997203946113586,
        -0.004803948104381561,
        0.023153267800807953,
        0.02157226763665676,
        0.004797861911356449,
        0.9999884963035583,
        0.000318414211506024,
        0.012222515419125557,
        -0.023154526948928833,
        -0.00020723881607409567,
        0.9997318387031555,
        0.5628224015235901
    ],
    [
        0.9997049570083618,
        -0.0046364725567400455,
        0.023844122886657715,
        0.021391479298472404,
        0.004624716937541962,
        0.9999891519546509,
        0.000548152020201087,
        0.010889912024140358,
        -0.023846402764320374,
        -0.00043771794298663735,
        0.9997155070304871,
        0.5798569321632385
    ],
    [
        0.9997038245201111,
        -0.004572485573589802,
        0.023904837667942047,
        0.022034483030438423,
        0.004552667960524559,
        0.9999892115592957,
        0.0008833874017000198,
        0.009112254716455936,
        -0.023908620700240135,
        -0.0007742954767309129,
        0.9997138381004333,
        0.5883952379226685
    ],
    [
        0.9996951222419739,
        -0.004515274427831173,
        0.024277057498693466,
        0.021133674308657646,
        0.00449548102915287,
        0.9999895691871643,
        0.000869820243678987,
        0.008881726302206516,
        -0.02428073063492775,
        -0.0007604176644235849,
        0.9997047781944275,
        0.5964168906211853
    ],
    [
        0.9996931552886963,
        -0.004560887813568115,
        0.024347132071852684,
        0.021564869210124016,
        0.004531073849648237,
        0.9999889731407166,
        0.0012795920483767986,
        0.007735967170447111,
        -0.024352699518203735,
        -0.0011688807280734181,
        0.9997026324272156,
        0.6052863001823425
    ],
    [
        0.9996849894523621,
        -0.004617236088961363,
        0.024671155959367752,
        0.022460991516709328,
        0.004573816899210215,
        0.9999878406524658,
        0.001816059579141438,
        0.007043944671750069,
        -0.024679243564605713,
        -0.0017026454443112016,
        0.9996939897537231,
        0.6240670084953308
    ],
    [
        0.9996818900108337,
        -0.004582129418849945,
        0.024801552295684814,
        0.023126399144530296,
        0.004529949743300676,
        0.9999873638153076,
        0.002159630646929145,
        0.006530523765832186,
        -0.024811137467622757,
        -0.0020465943962335587,
        0.999690055847168,
        0.6330467462539673
    ],
    [
        0.9996798634529114,
        -0.004733390174806118,
        0.02485671266913414,
        0.02401980571448803,
        0.004671622533351183,
        0.9999858736991882,
        0.0025424452032893896,
        0.005757112521678209,
        -0.024868397042155266,
        -0.0024255106691271067,
        0.9996877908706665,
        0.642582893371582
    ],
    [
        0.9996680617332458,
        -0.004898745566606522,
        0.025295093655586243,
        0.024685535579919815,
        0.004825640469789505,
        0.9999840259552002,
        0.00295032630674541,
        0.005146076437085867,
        -0.025309141725301743,
        -0.0028272815980017185,
        0.9996756315231323,
        0.660304844379425
    ],
    [
        0.9996533989906311,
        -0.005181481596082449,
        0.02581249736249447,
        0.023346159607172012,
        0.005094870459288359,
        0.9999811053276062,
        0.003420058637857437,
        0.0038817820604890585,
        -0.025829732418060303,
        -0.0032873619347810745,
        0.9996609687805176,
        0.6687612533569336
    ],
    [
        0.9996551275253296,
        -0.0053425622172653675,
        0.02570917457342148,
        0.025035692378878593,
        0.005247082561254501,
        0.9999790787696838,
        0.0037798623088747263,
        0.002674306742846966,
        -0.025728831067681313,
        -0.0036436603404581547,
        0.9996622800827026,
        0.6786273717880249
    ],
    [
        0.9996441006660461,
        -0.005335479509085417,
        0.02614007331430912,
        0.02413039095699787,
        0.005231899209320545,
        0.999978244304657,
        0.004029287025332451,
        0.0013832657132297754,
        -0.02616100199520588,
        -0.0038910903967916965,
        0.9996501207351685,
        0.6871333718299866
    ],
    [
        0.9996333122253418,
        -0.004986108746379614,
        0.026617970317602158,
        0.02419384941458702,
        0.004860493820160627,
        0.9999768137931824,
        0.004781778436154127,
        -0.0018088179640471935,
        -0.02664119563996792,
        -0.004650647286325693,
        0.9996341466903687,
        0.7059886455535889
    ],
    [
        0.9996289014816284,
        -0.0049534146673977375,
        0.0267885010689497,
        0.023965958505868912,
        0.004815059248358011,
        0.99997478723526,
        0.005226765759289265,
        -0.003811839036643505,
        -0.026813717558979988,
        -0.005095838103443384,
        0.9996273517608643,
        0.7147976160049438
    ],
    [
        0.9996296167373657,
        -0.00475092139095068,
        0.02679896354675293,
        0.0239267535507679,
        0.004608442075550556,
        0.9999749660491943,
        0.005375848151743412,
        -0.005590763408690691,
        -0.02682383358478546,
        -0.0052503552287817,
        0.9996263980865479,
        0.7238070368766785
    ],
    [
        0.9996297359466553,
        -0.00431553041562438,
        0.026864919811487198,
        0.024937795475125313,
        0.004167655948549509,
        0.9999759197235107,
        0.005557927768677473,
        -0.00911220908164978,
        -0.026888256892561913,
        -0.005443906877189875,
        0.9996236562728882,
        0.741741418838501
    ],
    [
        0.9996193647384644,
        -0.004289658740162849,
        0.027255138382315636,
        0.023658618330955505,
        0.004137442912906408,
        0.9999755024909973,
        0.005638828966766596,
        -0.010366322472691536,
        -0.027278656139969826,
        -0.0055239154025912285,
        0.9996126294136047,
        0.749575138092041
    ],
    [
        0.9996256828308105,
        -0.004074414726346731,
        0.027052734047174454,
        0.025012105703353882,
        0.003916962072253227,
        0.9999750852584839,
        0.0058706155978143215,
        -0.012111367657780647,
        -0.027075981721282005,
        -0.005762454587966204,
        0.9996167421340942,
        0.7592431306838989
    ],
    [
        0.9996152520179749,
        -0.0037278509698808193,
        0.027486976236104965,
        0.024529488757252693,
        0.0035579379182308912,
        0.9999743103981018,
        0.006227903068065643,
        -0.014377303421497345,
        -0.027509484440088272,
        -0.006127709988504648,
        0.9996028542518616,
        0.7768413424491882
    ]
]