[
    [
        0.9808362722396851,
        -0.024122240021824837,
        0.19333478808403015,
        -0.0648622214794159,
        0.024836434051394463,
        0.99969083070755,
        -0.0012708340073004365,
        0.01934242434799671,
        -0.1932443231344223,
        0.00604822626337409,
        0.9811320304870605,
        0.2522934079170227
    ],
    [
        0.956811249256134,
        -0.03760650381445885,
        0.28826725482940674,
        -0.04685944318771362,
        0.03888477012515068,
        0.999242901802063,
        0.0012927190400660038,
        0.0484364815056324,
        -0.2880975902080536,
        0.009972318075597286,
        0.9575490951538086,
        0.3821503520011902
    ],
    [
        0.9250448942184448,
        -0.04887380823493004,
        0.3767004609107971,
        -0.017956819385290146,
        0.050707872956991196,
        0.998700737953186,
        0.005052408203482628,
        0.056486330926418304,
        -0.37645795941352844,
        0.014427974820137024,
        0.9263213872909546,
        0.5520246028900146
    ],
    [
        0.89000403881073,
        -0.057187024503946304,
        0.4523521661758423,
        0.017766157165169716,
        0.05992129445075989,
        0.9981685876846313,
        0.008294654078781605,
        0.05032869055867195,
        -0.45199811458587646,
        0.019723251461982727,
        0.8918007612228394,
        0.7129586338996887
    ],
    [
        0.8522549271583557,
        -0.06431225687265396,
        0.5191584229469299,
        0.04126393049955368,
        0.06815207004547119,
        0.9976062178611755,
        0.011702356860041618,
        0.040556494146585464,
        -0.5186683535575867,
        0.02540833130478859,
        0.8545979857444763,
        0.8640800714492798
    ],
    [
        0.8127992749214172,
        -0.07096000760793686,
        0.578205943107605,
        0.04759170487523079,
        0.07567986845970154,
        0.9970042705535889,
        0.01597161777317524,
        0.019959749653935432,
        -0.5776070356369019,
        0.03077682852745056,
        0.8157344460487366,
        1.0032031536102295
    ],
    [
        0.7681232690811157,
        -0.07670953124761581,
        0.6356905102729797,
        0.050606440752744675,
        0.08336475491523743,
        0.9963284134864807,
        0.01949607953429222,
        -0.011953400447964668,
        -0.6348519325256348,
        0.038018789142370224,
        0.7716979384422302,
        1.1312239170074463
    ],
    [
        0.7293564677238464,
        -0.08172275871038437,
        0.6792352795600891,
        0.0762292668223381,
        0.09030544757843018,
        0.9956525564193726,
        0.022823626175522804,
        -0.03561485558748245,
        -0.6781476140022278,
        0.04469209164381027,
        0.733565628528595,
        1.2272285223007202
    ],
    [
        0.6979609131813049,
        -0.08629168570041656,
        0.7109178304672241,
        0.12956051528453827,
        0.09586313366889954,
        0.995037317276001,
        0.026662327349185944,
        -0.05730447545647621,
        -0.7096905708312988,
        0.049541573971509933,
        0.70276939868927,
        1.323511004447937
    ],
    [
        0.6674339175224304,
        -0.09114368259906769,
        0.7390702962875366,
        0.20230957865715027,
        0.10078389197587967,
        0.9944058656692505,
        0.03161703422665596,
        -0.09671735763549805,
        -0.7378174662590027,
        0.05338409170508385,
        0.6728860139846802,
        1.431907057762146
    ],
    [
        0.6409639716148376,
        -0.09383134543895721,
        0.7618141770362854,
        0.2682202458381653,
        0.10400444269180298,
        0.9939637184143066,
        0.03491908684372902,
        -0.13434389233589172,
        -0.7604921460151672,
        0.056850187480449677,
        0.6468538045883179,
        1.52010178565979
    ],
    [
        0.6194694638252258,
        -0.09936933219432831,
        0.7787060737609863,
        0.3193955719470978,
        0.1062912791967392,
        0.9934384226799011,
        0.042215026915073395,
        -0.1738004982471466,
        -0.7777915596961975,
        0.056618768721818924,
        0.6259669661521912,
        1.5869451761245728
    ],
    [
        0.6059930920600891,
        -0.10321730375289917,
        0.7887449264526367,
        0.3565758764743805,
        0.10786605626344681,
        0.9930501580238342,
        0.04707969352602959,
        -0.21621116995811462,
        -0.7881225347518921,
        0.0565488375723362,
        0.6129151582717896,
        1.626007080078125
    ],
    [
        0.5923545360565186,
        -0.10932132601737976,
        0.7982261180877686,
        0.38587984442710876,
        0.10910986363887787,
        0.9925091862678528,
        0.0549602285027504,
        -0.2667413651943207,
        -0.7982550859451294,
        0.05453842133283615,
        0.599845290184021,
        1.6843888759613037
    ],
    [
        0.5745701193809509,
        -0.11674746870994568,
        0.8100858330726624,
        0.41651690006256104,
        0.11083920300006866,
        0.9917551875114441,
        0.06431419402360916,
        -0.3380047380924225,
        -0.8109153509140015,
        0.05283624306321144,
        0.5827730894088745,
        1.7566983699798584
    ],
    [
        0.555912971496582,
        -0.12323631346225739,
        0.8220545649528503,
        0.4439209997653961,
        0.11296192556619644,
        0.9909748435020447,
        0.07216930389404297,
        -0.3955771327018738,
        -0.8235293030738831,
        0.05274104326963425,
        0.5648167729377747,
        1.8132354021072388
    ],
    [
        0.5326932668685913,
        -0.12887610495090485,
        0.8364381194114685,
        0.4732055962085724,
        0.11551845073699951,
        0.9901595115661621,
        0.0789920911192894,
        -0.44721919298171997,
        -0.8383873105049133,
        0.054545458406209946,
        0.5423389673233032,
        1.8772764205932617
    ],
    [
        0.5029528737068176,
        -0.13378964364528656,
        0.8538963198661804,
        0.5014640092849731,
        0.11882993578910828,
        0.9892690777778625,
        0.08500811457633972,
        -0.5004810094833374,
        -0.8561062812805176,
        0.05871335417032242,
        0.5134539008140564,
        1.9282208681106567
    ],
    [
        0.47325754165649414,
        -0.13690632581710815,
        0.8702206611633301,
        0.5242703557014465,
        0.12153580784797668,
        0.9885503053665161,
        0.08942682296037674,
        -0.5426072478294373,
        -0.8725000619888306,
        0.06344107538461685,
        0.4844778776168823,
        1.9572712182998657
    ],
    [
        0.44887128472328186,
        -0.13852860033512115,
        0.8827934265136719,
        0.5386548042297363,
        0.1238054484128952,
        0.9880240559577942,
        0.09209044277667999,
        -0.5763823986053467,
        -0.8849785327911377,
        0.06795789301395416,
        0.4606463313102722,
        1.9709389209747314
    ],
    [
        0.42881518602371216,
        -0.13934314250946045,
        0.8925811648368835,
        0.537584662437439,
        0.12609368562698364,
        0.9875929355621338,
        0.09359753876924515,
        -0.6074739098548889,
        -0.8945490121841431,
        0.07241282612085342,
        0.4410651624202728,
        1.9536086320877075
    ],
    [
        0.39885249733924866,
        -0.1403142213821411,
        0.9062166810035706,
        0.5323407649993896,
        0.13040658831596375,
        0.9868595600128174,
        0.09540483355522156,
        -0.6246331930160522,
        -0.9076952338218689,
        0.08012421429157257,
        0.4119093716144562,
        1.901753306388855
    ],
    [
        0.336399644613266,
        -0.14256376028060913,
        0.9308656454086304,
        0.527082085609436,
        0.136259526014328,
        0.9854413866996765,
        0.10168014466762543,
        -0.6230579614639282,
        -0.9318092465400696,
        0.09263413399457932,
        0.3509277403354645,
        1.8473262786865234
    ],
    [
        0.24036696553230286,
        -0.1471381038427353,
        0.9594656229019165,
        0.5236252546310425,
        0.1420609951019287,
        0.9831341505050659,
        0.1151784211397171,
        -0.6100741624832153,
        -0.9602304697036743,
        0.10861750692129135,
        0.25721555948257446,
        1.8075077533721924
    ],
    [
        0.13546901941299438,
        -0.1501176655292511,
        0.9793429970741272,
        0.533464252948761,
        0.14698994159698486,
        0.9805617332458496,
        0.12997187674045563,
        -0.5913988947868347,
        -0.9798175096511841,
        0.1263463944196701,
        0.15490151941776276,
        1.7593238353729248
    ]
]