[
    [
        0.6362698078155518,
        0.049887802451848984,
        -0.7698519825935364,
        -1.0718613862991333,
        -0.03364139422774315,
        0.9987518787384033,
        0.036916885524988174,
        -0.027119353413581848,
        0.7707327604293823,
        0.0024097897112369537,
        0.6371539235115051,
        0.503695011138916
    ],
    [
        0.6141297221183777,
        0.050434816628694534,
        -0.787591814994812,
        -1.1751272678375244,
        -0.028448812663555145,
        0.9987220764160156,
        0.04177176579833031,
        -0.026088286191225052,
        0.7886922359466553,
        -0.0032472340390086174,
        0.6147797703742981,
        0.583625853061676
    ],
    [
        0.5954694747924805,
        0.053246065974235535,
        -0.8016114830970764,
        -1.2861692905426025,
        -0.028538864105939865,
        0.9985734224319458,
        0.0451292023062706,
        -0.020197654142975807,
        0.8028708100318909,
        -0.003995977807790041,
        0.5961395502090454,
        0.6544684171676636
    ],
    [
        0.5821595191955566,
        0.057573240250349045,
        -0.8110337257385254,
        -1.4099234342575073,
        -0.032207392156124115,
        0.9983398914337158,
        0.04775119945406914,
        -0.014278367161750793,
        0.8124364018440247,
        -0.001677532447502017,
        0.5830473899841309,
        0.7248998880386353
    ],
    [
        0.5702623724937439,
        0.06116008758544922,
        -0.8191826939582825,
        -1.5274379253387451,
        -0.037692729383707047,
        0.9981222748756409,
        0.04828043654561043,
        -0.012933045625686646,
        0.8205974102020264,
        0.0033447088208049536,
        0.5714969038963318,
        0.7922020554542542
    ],
    [
        0.558845043182373,
        0.06594646722078323,
        -0.8266459107398987,
        -1.6325749158859253,
        -0.04192646965384483,
        0.9978050589561462,
        0.05125690996646881,
        -0.006528325378894806,
        0.8282116055488586,
        0.006013665348291397,
        0.5603832602500916,
        0.8626543879508972
    ],
    [
        0.5488952398300171,
        0.07076891511678696,
        -0.8328899145126343,
        -1.740936040878296,
        -0.04669561982154846,
        0.9974497556686401,
        0.05397762358188629,
        -0.0038712769746780396,
        0.8345858454704285,
        0.009264247491955757,
        0.550800085067749,
        0.9424083232879639
    ],
    [
        0.5401716232299805,
        0.07553423941135406,
        -0.8381582498550415,
        -1.8426976203918457,
        -0.05319851264357567,
        0.9970366358757019,
        0.055567167699337006,
        -0.009441792964935303,
        0.8398717045783997,
        0.01457295473664999,
        0.5425892472267151,
        1.0218065977096558
    ],
    [
        0.5362789630889893,
        0.08142092823982239,
        -0.8401045203208923,
        -1.9380569458007812,
        -0.062283992767333984,
        0.996440052986145,
        0.05681374669075012,
        -0.012340694665908813,
        0.8417395353317261,
        0.021857041865587234,
        0.5394411683082581,
        1.0924710035324097
    ],
    [
        0.5349627137184143,
        0.08412965387105942,
        -0.8406765460968018,
        -2.03816294670105,
        -0.06790008395910263,
        0.9960923790931702,
        0.056474652141332626,
        -0.009379804134368896,
        0.8421428203582764,
        0.026870176196098328,
        0.5385846495628357,
        1.1648645401000977
    ],
    [
        0.5355212092399597,
        0.08516283333301544,
        -0.8402168154716492,
        -2.141622304916382,
        -0.07203925400972366,
        0.9958827495574951,
        0.0550258606672287,
        -0.013970037922263145,
        0.841443657875061,
        0.0310610793530941,
        0.5394514203071594,
        1.232711672782898
    ],
    [
        0.5370053052902222,
        0.0867437794804573,
        -0.8391071557998657,
        -2.2337164878845215,
        -0.07555776834487915,
        0.9956470131874084,
        0.05457140877842903,
        -0.012048110365867615,
        0.8401882648468018,
        0.034095924347639084,
        0.5412219166755676,
        1.2942465543746948
    ],
    [
        0.5372253060340881,
        0.08986066281795502,
        -0.838638186454773,
        -2.3261313438415527,
        -0.07649095356464386,
        0.9954017400741577,
        0.05765845626592636,
        -0.013950243592262268,
        0.8399631381034851,
        0.03317265585064888,
        0.5416284799575806,
        1.3631131649017334
    ],
    [
        0.5371748805046082,
        0.09010887145996094,
        -0.8386439681053162,
        -2.416220188140869,
        -0.0753791481256485,
        0.9954273104667664,
        0.05867215618491173,
        -0.01798515021800995,
        0.8400958776473999,
        0.031699053943157196,
        0.5415109395980835,
        1.4386544227600098
    ],
    [
        0.539016604423523,
        0.08987082540988922,
        -0.837486982345581,
        -2.496624231338501,
        -0.0739530697464943,
        0.9955012798309326,
        0.0592302642762661,
        -0.0227174311876297,
        0.8390423655509949,
        0.030008628964424133,
        0.5432379245758057,
        1.5106523036956787
    ],
    [
        0.545111358165741,
        0.09116032719612122,
        -0.8333926796913147,
        -2.5709807872772217,
        -0.07313157618045807,
        0.995451807975769,
        0.06105268746614456,
        -0.025758087635040283,
        0.8351677656173706,
        0.02766680344939232,
        0.549298882484436,
        1.580053687095642
    ],
    [
        0.5607754588127136,
        0.09499422460794449,
        -0.822500467300415,
        -2.6457107067108154,
        -0.07485923916101456,
        0.9951449632644653,
        0.06389516592025757,
        -0.029301226139068604,
        0.8245768547058105,
        0.025740910321474075,
        0.5651641488075256,
        1.6471999883651733
    ],
    [
        0.5782930254936218,
        0.09554091095924377,
        -0.8102154731750488,
        -2.7111732959747314,
        -0.07654702663421631,
        0.9950922727584839,
        0.06270604580640793,
        -0.024608224630355835,
        0.8122300505638123,
        0.02575712464749813,
        0.5827682614326477,
        1.710058569908142
    ],
    [
        0.599220335483551,
        0.09327102452516556,
        -0.7951323390007019,
        -2.765613555908203,
        -0.07487989962100983,
        0.9953660368919373,
        0.06032862141728401,
        -0.02575431764125824,
        0.7970746159553528,
        0.023389287292957306,
        0.6034276485443115,
        1.7752946615219116
    ],
    [
        0.6221522092819214,
        0.08805613219738007,
        -0.777928352355957,
        -2.8060476779937744,
        -0.07119106501340866,
        0.9959011077880859,
        0.05579371377825737,
        -0.03053148090839386,
        0.7796527743339539,
        0.020669376477599144,
        0.6258708834648132,
        1.8408212661743164
    ],
    [
        0.6483389735221863,
        0.08164829015731812,
        -0.7569612264633179,
        -2.834465980529785,
        -0.06815120577812195,
        0.9964655637741089,
        0.04911035671830177,
        -0.03603973984718323,
        0.7582954168319702,
        0.01974765956401825,
        0.6516118049621582,
        1.89934504032135
    ],
    [
        0.6745186448097229,
        0.07763806730508804,
        -0.7341641187667847,
        -2.8543012142181396,
        -0.06545031815767288,
        0.9968277812004089,
        0.045281875878572464,
        -0.037108778953552246,
        0.7353508472442627,
        0.017507800832390785,
        0.6774603724479675,
        1.9455454349517822
    ],
    [
        0.701274573802948,
        0.07763457298278809,
        -0.7086513638496399,
        -2.8744664192199707,
        -0.06523910164833069,
        0.9968701601028442,
        0.04464969411492348,
        -0.03578945994377136,
        0.70989990234375,
        0.014920085668563843,
        0.7041445970535278,
        1.9871500730514526
    ],
    [
        0.731084406375885,
        0.08031925559043884,
        -0.677543044090271,
        -2.8957479000091553,
        -0.06719277054071426,
        0.9966951012611389,
        0.045650631189346313,
        -0.03429098799824715,
        0.6789703965187073,
        0.012151556089520454,
        0.7340651750564575,
        2.0265612602233887
    ],
    [
        0.764224112033844,
        0.08278045803308487,
        -0.6396162509918213,
        -2.9205219745635986,
        -0.06947958469390869,
        0.9965242147445679,
        0.04595682770013809,
        -0.03435676917433739,
        0.6411973834037781,
        0.009318932890892029,
        0.7673195600509644,
        2.071613311767578
    ]
]