[
    [
        0.9989590048789978,
        -0.008147644810378551,
        0.044882599264383316,
        -0.006663505453616381,
        0.008522064425051212,
        0.9999304413795471,
        -0.008157176896929741,
        0.010127339512109756,
        -0.04481301084160805,
        0.0085311783477664,
        0.998958945274353,
        0.21212850511074066
    ],
    [
        0.998723030090332,
        -0.011392103508114815,
        0.04921828210353851,
        -0.000538631051313132,
        0.011782670393586159,
        0.9999013543128967,
        -0.007652536500245333,
        0.010986301116645336,
        -0.04912624508142471,
        0.008222688920795918,
        0.9987587928771973,
        0.2537083923816681
    ],
    [
        0.9983753561973572,
        -0.015915704891085625,
        0.05471309274435043,
        0.011677802540361881,
        0.016332032158970833,
        0.9998408555984497,
        -0.0071705905720591545,
        0.009085736237466335,
        -0.05459025874733925,
        0.008052515797317028,
        0.9984763264656067,
        0.3075692057609558
    ],
    [
        0.997984766960144,
        -0.019265305250883102,
        0.060458168387413025,
        0.02655085362493992,
        0.01973242126405239,
        0.9997798204421997,
        -0.0071387095376849174,
        0.006335102487355471,
        -0.060307327657938004,
        0.008317308500409126,
        0.9981452226638794,
        0.36712750792503357
    ],
    [
        0.9975419044494629,
        -0.02177843637764454,
        0.06660241633653641,
        0.04316522553563118,
        0.022391825914382935,
        0.9997133612632751,
        -0.008476999588310719,
        -0.003531087888404727,
        -0.06639871746301651,
        0.009947511367499828,
        0.9977436065673828,
        0.4246705174446106
    ],
    [
        0.997137188911438,
        -0.022196130827069283,
        0.07228142768144608,
        0.053930990397930145,
        0.0230296328663826,
        0.9996774196624756,
        -0.010718347504734993,
        -0.011436165310442448,
        -0.07202021032571793,
        0.01235228031873703,
        0.9973266124725342,
        0.46871039271354675
    ],
    [
        0.996680736541748,
        -0.02090049721300602,
        0.07868044823408127,
        0.06641547381877899,
        0.021968968212604523,
        0.9996774792671204,
        -0.012738741934299469,
        -0.017630888149142265,
        -0.07838881760835648,
        0.014424988068640232,
        0.9968184232711792,
        0.5217155814170837
    ],
    [
        0.9962481260299683,
        -0.018971553072333336,
        0.08443810790777206,
        0.07485271990299225,
        0.019998136907815933,
        0.9997357726097107,
        -0.011328578926622868,
        -0.02094930037856102,
        -0.08420088142156601,
        0.01297468040138483,
        0.9963642954826355,
        0.58393394947052
    ],
    [
        0.9958816766738892,
        -0.016371548175811768,
        0.08917151391506195,
        0.08540273457765579,
        0.017301786690950394,
        0.9998035430908203,
        -0.009669034741818905,
        -0.02644645795226097,
        -0.08899570256471634,
        0.011172041296958923,
        0.995969295501709,
        0.6499384641647339
    ],
    [
        0.9953995943069458,
        -0.011241716332733631,
        0.09514900296926498,
        0.09293994307518005,
        0.012152266688644886,
        0.9998857378959656,
        -0.00899567361921072,
        -0.032191988080739975,
        -0.09503700584173203,
        0.010110563598573208,
        0.9954223036766052,
        0.7177612781524658
    ],
    [
        0.9948820471763611,
        -0.006545471493154764,
        0.1008312851190567,
        0.09894968569278717,
        0.007631226442754269,
        0.9999169707298279,
        -0.010386084206402302,
        -0.034940801560878754,
        -0.10075492411851883,
        0.011102394200861454,
        0.9948493838310242,
        0.7685678601264954
    ],
    [
        0.9943905472755432,
        -0.002341496990993619,
        0.10574483871459961,
        0.11080139130353928,
        0.0034801543224602938,
        0.9999379515647888,
        -0.01058473251760006,
        -0.039588987827301025,
        -0.10571350157260895,
        0.010893366299569607,
        0.9943370223045349,
        0.833308756351471
    ],
    [
        0.9939131140708923,
        0.0019195113563910127,
        0.11015001684427261,
        0.12472961843013763,
        -0.0009465027251280844,
        0.9999601244926453,
        -0.008885100483894348,
        -0.04535077512264252,
        -0.11016268283128738,
        0.008726760745048523,
        0.9938753247261047,
        0.9035969972610474
    ],
    [
        0.9935861229896545,
        0.005744028836488724,
        0.11293196678161621,
        0.14325153827667236,
        -0.004730003885924816,
        0.9999460577964783,
        -0.009244983084499836,
        -0.04862838611006737,
        -0.1129789724946022,
        0.008651518262922764,
        0.9935595989227295,
        0.9762970209121704
    ],
    [
        0.9933249354362488,
        0.009868908673524857,
        0.11492712050676346,
        0.16244927048683167,
        -0.00876068789511919,
        0.9999102354049683,
        -0.010143921710550785,
        -0.05514836683869362,
        -0.11501691490411758,
        0.009069370105862617,
        0.9933221936225891,
        1.0478260517120361
    ],
    [
        0.9932737946510315,
        0.01241516787558794,
        0.11512152850627899,
        0.17684955894947052,
        -0.011266627348959446,
        0.9998800754547119,
        -0.010622111149132252,
        -0.057411450892686844,
        -0.11523960530757904,
        0.00925363227725029,
        0.9932945966720581,
        1.1052625179290771
    ],
    [
        0.993514358997345,
        0.011971545405685902,
        0.11307494342327118,
        0.19038845598697662,
        -0.011027936823666096,
        0.9998990297317505,
        -0.008966818451881409,
        -0.059065237641334534,
        -0.11317087709903717,
        0.00766167975962162,
        0.9935459494590759,
        1.1827486753463745
    ],
    [
        0.9937299489974976,
        0.011571268551051617,
        0.11120659857988358,
        0.204781636595726,
        -0.010907324030995369,
        0.9999188780784607,
        -0.006576899439096451,
        -0.062727190554142,
        -0.11127367615699768,
        0.00532269524410367,
        0.9937756061553955,
        1.2694973945617676
    ],
    [
        0.994105875492096,
        0.01189222652465105,
        0.10776026546955109,
        0.22329649329185486,
        -0.011422918178141117,
        0.9999224543571472,
        -0.004971334245055914,
        -0.0708574503660202,
        -0.10781101882457733,
        0.003711096942424774,
        0.9941643476486206,
        1.3502006530761719
    ],
    [
        0.9944585561752319,
        0.01023553591221571,
        0.10463042557239532,
        0.23883016407489777,
        -0.009860441088676453,
        0.99994295835495,
        -0.004101618658751249,
        -0.07836487144231796,
        -0.10466644912958145,
        0.0030471866484731436,
        0.9945026636123657,
        1.426055908203125
    ],
    [
        0.9948175549507141,
        0.008299272507429123,
        0.10133691877126694,
        0.25556349754333496,
        -0.007955956272780895,
        0.9999611377716064,
        -0.003791569732129574,
        -0.08393650501966476,
        -0.10136444121599197,
        0.0029656877741217613,
        0.9948450922966003,
        1.4817469120025635
    ],
    [
        0.9951874017715454,
        0.006249892525374889,
        0.09779099375009537,
        0.2797579765319824,
        -0.005849763285368681,
        0.9999733567237854,
        -0.004377858247607946,
        -0.08708727359771729,
        -0.09781574457883835,
        0.003784734522923827,
        0.9951973557472229,
        1.5573961734771729
    ],
    [
        0.9956151843070984,
        0.0031826652120798826,
        0.09349054098129272,
        0.30570632219314575,
        -0.002714823931455612,
        0.9999831914901733,
        -0.005130910314619541,
        -0.09534896165132523,
        -0.09350530058145523,
        0.004854601342231035,
        0.9956070184707642,
        1.6342267990112305
    ],
    [
        0.9960219264030457,
        0.0013925916282460093,
        0.089097760617733,
        0.33114802837371826,
        -0.0009375622612424195,
        0.9999862909317017,
        -0.005148728843778372,
        -0.10315102338790894,
        -0.08910370618104935,
        0.005044712219387293,
        0.9960094690322876,
        1.7064656019210815
    ],
    [
        0.9963107109069824,
        0.0009649370331317186,
        0.08581508696079254,
        0.35655805468559265,
        -0.0005512739880941808,
        0.9999880790710449,
        -0.004843963775783777,
        -0.10669846087694168,
        -0.08581875264644623,
        0.004778786562383175,
        0.996299147605896,
        1.7773945331573486
    ]
]