[
    [
        0.9667893648147583,
        -0.010671938769519329,
        0.25535163283348083,
        -0.19916999340057373,
        0.00850815698504448,
        0.9999179840087891,
        0.009576861746609211,
        -0.053892433643341064,
        -0.2554329037666321,
        -0.007086234632879496,
        0.9668008685112,
        0.6877431869506836
    ],
    [
        0.9601830840110779,
        -0.01112385280430317,
        0.279150128364563,
        -0.21265923976898193,
        0.008714282885193825,
        0.9999132752418518,
        0.009871327318251133,
        -0.05463537573814392,
        -0.27923575043678284,
        -0.0070456890389323235,
        0.9601967334747314,
        0.7296907901763916
    ],
    [
        0.9519376754760742,
        -0.011787055060267448,
        0.3060649037361145,
        -0.23254133760929108,
        0.009060636162757874,
        0.999905526638031,
        0.010327163152396679,
        -0.056651849299669266,
        -0.30615776777267456,
        -0.007057672366499901,
        0.9519546031951904,
        0.7784839272499084
    ],
    [
        0.9448986053466797,
        -0.012101970613002777,
        0.32713931798934937,
        -0.2516908347606659,
        0.00930085126310587,
        0.999905526638031,
        0.010125546716153622,
        -0.05649286136031151,
        -0.32723090052604675,
        -0.006524941883981228,
        0.9449218511581421,
        0.8224374055862427
    ],
    [
        0.9367035627365112,
        -0.012113760225474834,
        0.34991371631622314,
        -0.27837979793548584,
        0.00912646297365427,
        0.9999064207077026,
        0.010184898972511292,
        -0.055526942014694214,
        -0.3500043749809265,
        -0.006346757989376783,
        0.9367265105247498,
        0.8770039677619934
    ],
    [
        0.9282960891723633,
        -0.0123008256778121,
        0.37163853645324707,
        -0.3090256452560425,
        0.009207452647387981,
        0.9999066591262817,
        0.010097003541886806,
        -0.05520550161600113,
        -0.37172797322273254,
        -0.005951163824647665,
        0.9283226132392883,
        0.9324661493301392
    ],
    [
        0.9197813272476196,
        -0.012574996799230576,
        0.3922298550605774,
        -0.3427381217479706,
        0.009177025407552719,
        0.9999024271965027,
        0.010536969639360905,
        -0.05685311183333397,
        -0.3923240602016449,
        -0.006092203315347433,
        0.9198068380355835,
        0.9877827167510986
    ],
    [
        0.9125292897224426,
        -0.012699557468295097,
        0.4088142216205597,
        -0.37280556559562683,
        0.00913237314671278,
        0.999901294708252,
        0.010676595382392406,
        -0.05794594809412956,
        -0.4089094400405884,
        -0.006009262520819902,
        0.9125552177429199,
        1.032597541809082
    ],
    [
        0.9043686985969543,
        -0.012981661595404148,
        0.4265546202659607,
        -0.4037638008594513,
        0.009331362321972847,
        0.9998997449874878,
        0.01064662728458643,
        -0.057710807770490646,
        -0.4266500473022461,
        -0.005648139398545027,
        0.9043991565704346,
        1.0764729976654053
    ],
    [
        0.8961669206619263,
        -0.013441281393170357,
        0.44351357221603394,
        -0.4358873665332794,
        0.009757018648087978,
        0.9998963475227356,
        0.010588115081191063,
        -0.05721283331513405,
        -0.44360992312431335,
        -0.00516134686768055,
        0.8962051272392273,
        1.119289755821228
    ],
    [
        0.88637775182724,
        -0.013760717585682869,
        0.46275821328163147,
        -0.475398987531662,
        0.009962550364434719,
        0.9998936057090759,
        0.010650641284883022,
        -0.05634058639407158,
        -0.4628555476665497,
        -0.004830240271985531,
        0.8864205479621887,
        1.168160080909729
    ],
    [
        0.8759160041809082,
        -0.014004298485815525,
        0.48226025700569153,
        -0.5126665234565735,
        0.010140163823962212,
        0.9998922348022461,
        0.01061844453215599,
        -0.05491826310753822,
        -0.4823569357395172,
        -0.004410668276250362,
        0.8759636878967285,
        1.218626618385315
    ],
    [
        0.8664065599441528,
        -0.01421820092946291,
        0.49913686513900757,
        -0.5403761863708496,
        0.010376469232141972,
        0.9998913407325745,
        0.01047090906649828,
        -0.05304683372378349,
        -0.49923157691955566,
        -0.0038927863352000713,
        0.8664599061012268,
        1.2613471746444702
    ],
    [
        0.8535374999046326,
        -0.014608808793127537,
        0.5208266377449036,
        -0.5774272680282593,
        0.010330865159630775,
        0.999884843826294,
        0.01111568883061409,
        -0.05286066606640816,
        -0.5209291577339172,
        -0.004107065964490175,
        0.8535900712013245,
        1.313733458518982
    ],
    [
        0.8432109951972961,
        -0.014846687205135822,
        0.5373775959014893,
        -0.6063911318778992,
        0.010600581765174866,
        0.9998834729194641,
        0.010991208255290985,
        -0.051881443709135056,
        -0.5374781489372253,
        -0.00357138947583735,
        0.8432700634002686,
        1.3604799509048462
    ],
    [
        0.8299455046653748,
        -0.015199602581560612,
        0.5576374530792236,
        -0.6423560976982117,
        0.010670916177332401,
        0.999878466129303,
        0.011372051201760769,
        -0.05365137755870819,
        -0.5577424764633179,
        -0.0034876824356615543,
        0.8300067782402039,
        1.4139254093170166
    ],
    [
        0.8185645937919617,
        -0.015617595985531807,
        0.5742021203041077,
        -0.6724912524223328,
        0.010705185122787952,
        0.9998714923858643,
        0.011934302747249603,
        -0.05811865255236626,
        -0.5743147730827332,
        -0.0036220583133399487,
        0.8186265826225281,
        1.4582215547561646
    ],
    [
        0.8046867251396179,
        -0.016031546518206596,
        0.5934830904006958,
        -0.7083796262741089,
        0.010824196971952915,
        0.9998654127120972,
        0.012332792393863201,
        -0.06375614553689957,
        -0.5936010479927063,
        -0.00350005691871047,
        0.8047518730163574,
        1.5112111568450928
    ],
    [
        0.7927363514900208,
        -0.016238989308476448,
        0.6093482971191406,
        -0.73713618516922,
        0.010942375287413597,
        0.9998631477355957,
        0.01241055317223072,
        -0.06722116470336914,
        -0.6094664335250854,
        -0.0031705820001661777,
        0.7928054928779602,
        1.5564401149749756
    ],
    [
        0.778192400932312,
        -0.01641993038356304,
        0.6278113722801208,
        -0.7714411020278931,
        0.011002687737345695,
        0.9998611211776733,
        0.012512432411313057,
        -0.06995587795972824,
        -0.6279295682907104,
        -0.0028294625226408243,
        0.7782649993896484,
        1.6127716302871704
    ],
    [
        0.7627755403518677,
        -0.016383785754442215,
        0.6464557647705078,
        -0.8054473996162415,
        0.010946103371679783,
        0.9998629689216614,
        0.012424866668879986,
        -0.0729919821023941,
        -0.6465707421302795,
        -0.002401216421276331,
        0.7628504037857056,
        1.6701737642288208
    ],
    [
        0.7492582201957703,
        -0.016590502113103867,
        0.6620701551437378,
        -0.8344839215278625,
        0.010987591929733753,
        0.9998599886894226,
        0.012620468623936176,
        -0.07671023160219193,
        -0.662186861038208,
        -0.0021814352367073298,
        0.7493355870246887,
        1.718480110168457
    ],
    [
        0.7354903221130371,
        -0.016778163611888885,
        0.6773273944854736,
        -0.8629165291786194,
        0.010960006155073643,
        0.9998572468757629,
        0.012866433709859848,
        -0.07920863479375839,
        -0.6774466037750244,
        -0.002039626706391573,
        0.7355691194534302,
        1.7659859657287598
    ],
    [
        0.7213048934936523,
        -0.01713419146835804,
        0.6924057006835938,
        -0.889792799949646,
        0.011185603216290474,
        0.9998517036437988,
        0.013089749030768871,
        -0.08134500682353973,
        -0.6925273537635803,
        -0.001696723629720509,
        0.721389651298523,
        1.8112541437149048
    ],
    [
        0.6999104022979736,
        -0.01731260120868683,
        0.7140209078788757,
        -0.9251076579093933,
        0.011332472786307335,
        0.9998495578765869,
        0.013134459964931011,
        -0.08391501009464264,
        -0.714140772819519,
        -0.0011013182811439037,
        0.7000011801719666,
        1.8720377683639526
    ]
]