[
    [
        0.9999982714653015,
        -0.0008993109804578125,
        0.0016815235139802098,
        0.03653719648718834,
        0.0009022601880133152,
        0.9999980926513672,
        -0.0017545243026688695,
        -0.0006736853392794728,
        -0.001679943292401731,
        0.001756038167513907,
        0.9999971389770508,
        -0.23725152015686035
    ],
    [
        0.999998152256012,
        -0.0006878175190649927,
        0.0018063854658976197,
        0.03928916156291962,
        0.0006932116230018437,
        0.9999953508377075,
        -0.0029874485917389393,
        -0.002365795196965337,
        -0.0018043218879029155,
        0.002988694701343775,
        0.9999939203262329,
        -0.2653607130050659
    ],
    [
        0.9999986886978149,
        -0.0005111769423820078,
        0.0015388043830171227,
        0.04380972683429718,
        0.0005172311211936176,
        0.9999921321868896,
        -0.003936441615223885,
        -0.005101668182760477,
        -0.0015367796877399087,
        0.00393723277375102,
        0.9999910593032837,
        -0.30091896653175354
    ],
    [
        0.9999986886978149,
        -0.0005237875157035887,
        0.0015606337692588568,
        0.04740535467863083,
        0.000531135534401983,
        0.9999887347221375,
        -0.004711969755589962,
        -0.005927916616201401,
        -0.0015581485349684954,
        0.00471279164776206,
        0.9999877214431763,
        -0.3267275094985962
    ],
    [
        0.999998927116394,
        -0.00048755176248960197,
        0.0014303160132840276,
        0.05335832014679909,
        0.0004953152965754271,
        0.9999851584434509,
        -0.00543233472853899,
        -0.005365080665796995,
        -0.0014276463771238923,
        0.005433037411421537,
        0.9999842643737793,
        -0.3611173927783966
    ],
    [
        0.9999995827674866,
        -0.0006320878746919334,
        0.0007093888125382364,
        0.059647489339113235,
        0.0006366771413013339,
        0.99997878074646,
        -0.006487678736448288,
        -0.004372754599899054,
        -0.0007052731234580278,
        0.006488126702606678,
        0.9999786615371704,
        -0.3968983292579651
    ],
    [
        0.9999993443489075,
        -0.0006332272896543145,
        0.0009683247189968824,
        0.06452828645706177,
        0.000639848702121526,
        0.9999762773513794,
        -0.006853357423096895,
        -0.005523963365703821,
        -0.0009639613563194871,
        0.006853971630334854,
        0.9999760389328003,
        -0.4243823289871216
    ],
    [
        0.999999463558197,
        -0.0008795346948318183,
        0.00044413801515474916,
        0.07042817771434784,
        0.0008832754101604223,
        0.999963641166687,
        -0.008492937311530113,
        -0.007934053428471088,
        -0.00043665195698849857,
        0.008493324741721153,
        0.9999638795852661,
        -0.46031454205513
    ],
    [
        0.9999997019767761,
        -0.000718907336704433,
        0.00031517070601694286,
        0.07474216818809509,
        0.0007217566599138081,
        0.9999579787254333,
        -0.009136752225458622,
        -0.009916908107697964,
        -0.0003085892822127789,
        0.009136976674199104,
        0.9999581575393677,
        -0.4954977333545685
    ],
    [
        0.9999997019767761,
        -0.0008083811844699085,
        -0.00014387512055691332,
        0.07790988683700562,
        0.0008069108007475734,
        0.9999502897262573,
        -0.009940890595316887,
        -0.00966571643948555,
        0.00015190387784969062,
        0.009940770454704762,
        0.9999505281448364,
        -0.521955668926239
    ],
    [
        0.9999999403953552,
        -0.0005317906034179032,
        -0.0001960843801498413,
        0.08181863278150558,
        0.0005297434399835765,
        0.9999468326568604,
        -0.010293577797710896,
        -0.008399334736168385,
        0.00020154860976617783,
        0.010293472558259964,
        0.9999469518661499,
        -0.5568504929542542
    ],
    [
        0.9999995827674866,
        -0.00041889052954502404,
        -0.0008318189647980034,
        0.08442423492670059,
        0.00040938155143521726,
        0.9999350309371948,
        -0.011399585753679276,
        -0.008241148665547371,
        0.0008365401299670339,
        0.011399240233004093,
        0.9999346733093262,
        -0.5837993621826172
    ],
    [
        0.9999984502792358,
        -0.00037391972728073597,
        -0.0017627303022891283,
        0.08867102861404419,
        0.0003504753112792969,
        0.9999117851257324,
        -0.013281822204589844,
        -0.010372435674071312,
        0.001767540699802339,
        0.013281182385981083,
        0.9999102354049683,
        -0.6205131411552429
    ],
    [
        0.9999970197677612,
        -0.00014491566980723292,
        -0.002469358965754509,
        0.09327548742294312,
        0.00010755535186035559,
        0.9998857378959656,
        -0.015123119577765465,
        -0.012363307178020477,
        0.0024712684098631144,
        0.015122807584702969,
        0.9998825788497925,
        -0.6551249623298645
    ],
    [
        0.9999960064888,
        2.9965152862132527e-05,
        -0.002837990876287222,
        0.09677103161811829,
        -7.265283056767657e-05,
        0.9998868107795715,
        -0.015042662620544434,
        -0.01312877144664526,
        0.0028372181113809347,
        0.015042807906866074,
        0.9998828172683716,
        -0.680088996887207
    ],
    [
        0.9999940991401672,
        0.00020642387971747667,
        -0.0034349544439464808,
        0.10238157212734222,
        -0.0002623261825647205,
        0.9998673796653748,
        -0.016282008960843086,
        -0.011608169414103031,
        0.0034311385825276375,
        0.016282813623547554,
        0.999861478805542,
        -0.7135657072067261
    ],
    [
        0.9999910593032837,
        0.0003220226790290326,
        -0.004212240222841501,
        0.10809077322483063,
        -0.00039935234235599637,
        0.9998311400413513,
        -0.018370304256677628,
        -0.010645951144397259,
        0.004205613862723112,
        0.01837182231247425,
        0.9998224377632141,
        -0.7483885288238525
    ],
    [
        0.999991238117218,
        0.0005354052409529686,
        -0.004164303652942181,
        0.11322328448295593,
        -0.000615975761320442,
        0.9998121857643127,
        -0.019370799884200096,
        -0.011245421133935452,
        0.004153150133788586,
        0.019373193383216858,
        0.9998037219047546,
        -0.7749409079551697
    ],
    [
        0.9999889135360718,
        0.0005672070547007024,
        -0.004687351640313864,
        0.11938684433698654,
        -0.0006650229915976524,
        0.9997814893722534,
        -0.020892921835184097,
        -0.013408267870545387,
        0.004674477502703667,
        0.020895807072520256,
        0.9997707009315491,
        -0.81011563539505
    ],
    [
        0.9999876618385315,
        0.0008333884761668742,
        -0.0049048359505832195,
        0.12356936186552048,
        -0.0009412036743015051,
        0.9997571110725403,
        -0.022020388394594193,
        -0.014898710884153843,
        0.004885293077677488,
        0.02202473022043705,
        0.9997454285621643,
        -0.8356411457061768
    ],
    [
        0.999986469745636,
        0.0013023182982578874,
        -0.005029759835451841,
        0.1289413869380951,
        -0.001419317675754428,
        0.9997268915176392,
        -0.02332841046154499,
        -0.015944158658385277,
        0.004998004995286465,
        0.02333523891866207,
        0.9997151494026184,
        -0.8680141568183899
    ],
    [
        0.9999861717224121,
        0.0013095494359731674,
        -0.0050948732532560825,
        0.13484786450862885,
        -0.0014329015975818038,
        0.9997040629386902,
        -0.024283066391944885,
        -0.014140714891254902,
        0.0050615668296813965,
        0.02429003082215786,
        0.9996922016143799,
        -0.9006625413894653
    ],
    [
        0.9999836683273315,
        0.001829673070460558,
        -0.005422985181212425,
        0.13997134566307068,
        -0.001967649208381772,
        0.9996716976165771,
        -0.025547677651047707,
        -0.013525598682463169,
        0.00537446141242981,
        0.025557927787303925,
        0.9996589422225952,
        -0.9255645275115967
    ],
    [
        0.9999773502349854,
        0.001995435915887356,
        -0.006437992677092552,
        0.14650775492191315,
        -0.0021678414195775986,
        0.9996362328529358,
        -0.026884468272328377,
        -0.015471904538571835,
        0.006382005289196968,
        0.026897814124822617,
        0.9996178150177002,
        -0.9589285850524902
    ],
    [
        0.9999698400497437,
        0.0023838041815906763,
        -0.0073884339071810246,
        0.15425056219100952,
        -0.0025917559396475554,
        0.9995970726013184,
        -0.028264882043004036,
        -0.017135407775640488,
        0.00731807854026556,
        0.02828318066895008,
        0.9995731711387634,
        -0.9917258024215698
    ]
]