[
    [
        0.9999946355819702,
        0.00023666823108214885,
        -0.003263787366449833,
        0.02924301102757454,
        -0.00020599378331098706,
        0.9999558329582214,
        0.00939579401165247,
        -0.2359836846590042,
        0.0032658663112670183,
        -0.009395071305334568,
        0.9999505281448364,
        0.050674714148044586
    ],
    [
        0.9999907612800598,
        0.00021849402401130646,
        -0.004279734566807747,
        0.03321440890431404,
        -0.00017361897334922105,
        0.9999450445175171,
        0.010483033023774624,
        -0.2536361813545227,
        0.0042817904613912106,
        -0.01048219297081232,
        0.9999359846115112,
        0.07657358795404434
    ],
    [
        0.9999862909317017,
        -0.00010970951552735642,
        -0.005247637629508972,
        0.03728726506233215,
        0.00017097052477765828,
        0.9999318718910217,
        0.011674894951283932,
        -0.2708059847354889,
        0.0052459994331002235,
        -0.011675630696117878,
        0.9999179840087891,
        0.10384569317102432
    ],
    [
        0.9999828934669495,
        -0.00033724040258675814,
        -0.005843794904649258,
        0.0418366976082325,
        0.0004135076596867293,
        0.9999147653579712,
        0.01305458601564169,
        -0.28792479634284973,
        0.005838893819600344,
        -0.013056778348982334,
        0.9998977184295654,
        0.13200657069683075
    ],
    [
        0.999984085559845,
        -0.0010138663928955793,
        -0.005565982777625322,
        0.04801725223660469,
        0.0010964268585667014,
        0.9998891353607178,
        0.014849972911179066,
        -0.30954739451408386,
        0.005550309084355831,
        -0.01485583744943142,
        0.9998742341995239,
        0.1711927056312561
    ],
    [
        0.9999793767929077,
        -0.001098124892450869,
        -0.006337751168757677,
        0.051658663898706436,
        0.0012011952931061387,
        0.9998667240142822,
        0.016282061114907265,
        -0.3255755305290222,
        0.0063190278597176075,
        -0.01628933660686016,
        0.9998472929000854,
        0.2011588215827942
    ],
    [
        0.9999753832817078,
        -0.0013122936943545938,
        -0.006896928418427706,
        0.054943569004535675,
        0.0014318223111331463,
        0.9998483061790466,
        0.017354384064674377,
        -0.341861367225647,
        0.006873108446598053,
        -0.017363831400871277,
        0.999825656414032,
        0.23204638063907623
    ],
    [
        0.9999681115150452,
        -0.0012256756890565157,
        -0.007902857847511768,
        0.058184217661619186,
        0.0013754656538367271,
        0.9998190402984619,
        0.01897633820772171,
        -0.3651570975780487,
        0.007878167554736137,
        -0.018986601382493973,
        0.9997887015342712,
        0.2745598256587982
    ],
    [
        0.9999644160270691,
        -0.0014719539321959019,
        -0.008311249315738678,
        0.06032567843794823,
        0.0016368251526728272,
        0.9998013377189636,
        0.01986539363861084,
        -0.38233283162117004,
        0.008280356414616108,
        -0.019878288730978966,
        0.999768078327179,
        0.30759841203689575
    ],
    [
        0.9999592304229736,
        -0.0012504308251664042,
        -0.008947785012423992,
        0.06236167252063751,
        0.001440318301320076,
        0.9997732639312744,
        0.02124694734811783,
        -0.4018288552761078,
        0.008919186890125275,
        -0.021258966997265816,
        0.9997342228889465,
        0.341264009475708
    ],
    [
        0.9999440908432007,
        -0.000861267966683954,
        -0.0105385547503829,
        0.06518080830574036,
        0.0010989621514454484,
        0.999744713306427,
        0.02256975695490837,
        -0.42152270674705505,
        0.010516425594687462,
        -0.02258007787168026,
        0.9996898174285889,
        0.3756818175315857
    ],
    [
        0.9999279379844666,
        -0.0006568128592334688,
        -0.011989749036729336,
        0.06848033517599106,
        0.0009467862546443939,
        0.9997068047523499,
        0.02419554628431797,
        -0.4475862383842468,
        0.011970341205596924,
        -0.024205153807997704,
        0.9996353387832642,
        0.42334428429603577
    ],
    [
        0.9999192953109741,
        -0.0005634853732772171,
        -0.012695679441094398,
        0.07016608119010925,
        0.0008834546897560358,
        0.9996817111968994,
        0.025211546570062637,
        -0.4674845039844513,
        0.012677432037889957,
        -0.025220723822712898,
        0.9996015429496765,
        0.45990216732025146
    ],
    [
        0.9999165534973145,
        -0.00040141656063497066,
        -0.012912025675177574,
        0.07076112926006317,
        0.0007456014864146709,
        0.9996442198753357,
        0.026662355288863182,
        -0.48815950751304626,
        0.012896730564534664,
        -0.026669759303331375,
        0.9995610117912292,
        0.496802419424057
    ],
    [
        0.9999011158943176,
        -0.00034139977651648223,
        -0.014059807173907757,
        0.0714256763458252,
        0.0007373493281193078,
        0.9996030330657959,
        0.028166236355900764,
        -0.5134661197662354,
        0.014044610783457756,
        -0.028173817321658134,
        0.9995043277740479,
        0.5466960072517395
    ],
    [
        0.9998907446861267,
        -0.00021206311066634953,
        -0.014781748875975609,
        0.07185227423906326,
        0.0006415668758563697,
        0.999577522277832,
        0.029057683423161507,
        -0.530609130859375,
        0.014769341796636581,
        -0.029063992202281952,
        0.9994685053825378,
        0.5843454599380493
    ],
    [
        0.9998853802680969,
        -0.00010006017691921443,
        -0.015140927396714687,
        0.07141847163438797,
        0.0005523458821699023,
        0.9995536804199219,
        0.02987050823867321,
        -0.5471059083938599,
        0.015131180174648762,
        -0.02987544611096382,
        0.9994390606880188,
        0.6219377517700195
    ],
    [
        0.9998772740364075,
        0.00015479254943784326,
        -0.015662316232919693,
        0.07043677568435669,
        0.0003281795943621546,
        0.9995245933532715,
        0.03082926571369171,
        -0.5637813806533813,
        0.015659645199775696,
        -0.0308306235820055,
        0.9994020462036133,
        0.6597135663032532
    ],
    [
        0.9998629689216614,
        0.00030541844898834825,
        -0.016553007066249847,
        0.06950797140598297,
        0.00022093241568654776,
        0.9994946718215942,
        0.031786780804395676,
        -0.5868604779243469,
        0.016554350033402443,
        -0.03178608417510986,
        0.9993576407432556,
        0.7102359533309937
    ],
    [
        0.999848484992981,
        0.0004460709751583636,
        -0.017404457554221153,
        0.0693122074007988,
        0.00012230096035636961,
        0.9994670748710632,
        0.03264196589589119,
        -0.605746328830719,
        0.01740974560379982,
        -0.03263914957642555,
        0.999315619468689,
        0.7477134466171265
    ],
    [
        0.9998238682746887,
        0.0005404540570452809,
        -0.01876072771847248,
        0.06943470239639282,
        8.798117050901055e-05,
        0.9994393587112427,
        0.03348040208220482,
        -0.6250202059745789,
        0.0187683068215847,
        -0.033476151525974274,
        0.999263346195221,
        0.7849704027175903
    ],
    [
        0.999796986579895,
        0.0006204507662914693,
        -0.020138122141361237,
        0.07045809179544449,
        6.655584729742259e-05,
        0.9994186162948608,
        0.03409615531563759,
        -0.6501540541648865,
        0.020147567614912987,
        -0.03409057483077049,
        0.9992156028747559,
        0.8344296813011169
    ],
    [
        0.9997707605361938,
        0.0006628555129282176,
        -0.021398955956101418,
        0.07273302972316742,
        7.679848931729794e-05,
        0.9994030594825745,
        0.034545619040727615,
        -0.6687285900115967,
        0.021409081295132637,
        -0.034539345651865005,
        0.9991739392280579,
        0.8711889982223511
    ],
    [
        0.9997469186782837,
        0.00048442117986269295,
        -0.022492913529276848,
        0.074703149497509,
        0.000297382241114974,
        0.9993963241577148,
        0.03474140912294388,
        -0.6867016553878784,
        0.022496165707707405,
        -0.03473930433392525,
        0.9991432428359985,
        0.9074065685272217
    ],
    [
        0.9997122287750244,
        0.00010885975643759593,
        -0.02398904226720333,
        0.07908222079277039,
        0.0007260778220370412,
        0.9993942379951477,
        0.03479350730776787,
        -0.7108867764472961,
        0.023978298529982567,
        -0.03480091318488121,
        0.9991065859794617,
        0.9557790756225586
    ]
]