[
    [
        0.9998562335968018,
        0.0022746992763131857,
        -0.016806960105895996,
        0.010691571980714798,
        -0.0022427639923989773,
        0.9999956488609314,
        0.0019187271827831864,
        0.004655694589018822,
        0.016811249777674675,
        -0.0018807570450007915,
        0.9998569488525391,
        0.5586305260658264
    ],
    [
        0.9991034865379333,
        0.004078110214322805,
        -0.0421370305120945,
        0.0013574152253568172,
        -0.00397089309990406,
        0.9999886751174927,
        0.0026278647128492594,
        -0.014490198343992233,
        0.04214727506041527,
        -0.0024581863544881344,
        0.9991083741188049,
        0.8290588855743408
    ],
    [
        0.9963102340698242,
        0.006915940437465906,
        -0.08554629236459732,
        -0.045413143932819366,
        -0.006567042320966721,
        0.9999688863754272,
        0.004359216894954443,
        -0.027370596304535866,
        0.08557378500699997,
        -0.0037813473027199507,
        0.9963247776031494,
        1.14995276927948
    ],
    [
        0.9918167591094971,
        0.010439169593155384,
        -0.12724174559116364,
        -0.12797296047210693,
        -0.009703882969915867,
        0.9999324679374695,
        0.006397191900759935,
        -0.0717906728386879,
        0.1272999346256256,
        -0.0051101017743349075,
        0.9918510317802429,
        1.4401860237121582
    ],
    [
        0.9864468574523926,
        0.013230648823082447,
        -0.16354668140411377,
        -0.18879128992557526,
        -0.01225824374705553,
        0.9999006986618042,
        0.006953542586416006,
        -0.08152030408382416,
        0.1636224240064621,
        -0.004854505881667137,
        0.9865109920501709,
        1.7693592309951782
    ],
    [
        0.9833581447601318,
        0.01433147769421339,
        -0.18111160397529602,
        -0.23425240814685822,
        -0.013356837444007397,
        0.9998890161514282,
        0.0065999748185276985,
        -0.09456115961074829,
        0.18118609488010406,
        -0.004071059636771679,
        0.9834403991699219,
        2.098295211791992
    ],
    [
        0.9816122651100159,
        0.014559428207576275,
        -0.19032976031303406,
        -0.3215863108634949,
        -0.013687320053577423,
        0.9998889565467834,
        0.005895934067666531,
        -0.09741751104593277,
        0.19039446115493774,
        -0.0031824172474443913,
        0.9817025065422058,
        2.4539601802825928
    ],
    [
        0.9809908866882324,
        0.015673445537686348,
        -0.19341959059238434,
        -0.4273492991924286,
        -0.015297519974410534,
        0.9998770952224731,
        0.0034370452631264925,
        -0.1017361730337143,
        0.1934496909379959,
        -0.00041286935447715223,
        0.9811102151870728,
        2.785794973373413
    ],
    [
        0.9808394908905029,
        0.015376897528767586,
        -0.1942099779844284,
        -0.5033968091011047,
        -0.015239459462463856,
        0.999881386756897,
        0.0022018002346158028,
        -0.11109369993209839,
        0.19422081112861633,
        0.0008000428206287324,
        0.9809575080871582,
        3.1115944385528564
    ],
    [
        0.98072749376297,
        0.014782505109906197,
        -0.19482040405273438,
        -0.5739874839782715,
        -0.015032791532576084,
        0.9998869299888611,
        0.00019383277685847133,
        -0.1372366100549698,
        0.19480125606060028,
        0.0027385971043258905,
        0.9808389544487,
        3.4397313594818115
    ],
    [
        0.980635404586792,
        0.013804166577756405,
        -0.19535525143146515,
        -0.6662218570709229,
        -0.014300007373094559,
        0.9998970627784729,
        -0.0011279283789917827,
        -0.14654862880706787,
        0.19531956315040588,
        0.003899667412042618,
        0.9807319641113281,
        3.7600460052490234
    ],
    [
        0.9807724952697754,
        0.013611420057713985,
        -0.19467926025390625,
        -0.7720903158187866,
        -0.014520221389830112,
        0.9998893141746521,
        -0.0032418458722531796,
        -0.16395029425621033,
        0.19461356103420258,
        0.006006299052387476,
        0.9808616042137146,
        4.085240840911865
    ],
    [
        0.9820701479911804,
        0.012657181359827518,
        -0.18809059262275696,
        -0.8385437726974487,
        -0.013894224539399147,
        0.9998896718025208,
        -0.005259797442704439,
        -0.16723695397377014,
        0.18800324201583862,
        0.007778863422572613,
        0.9821375608444214,
        4.387073516845703
    ],
    [
        0.9838707447052002,
        0.0117163872346282,
        -0.1784970611333847,
        -0.8899540305137634,
        -0.01322504598647356,
        0.999886155128479,
        -0.007264438550919294,
        -0.1820443719625473,
        0.17839162051677704,
        0.009507900103926659,
        0.9839136004447937,
        4.6596360206604
    ],
    [
        0.9869911074638367,
        0.010264665819704533,
        -0.16044694185256958,
        -0.955059289932251,
        -0.011958790011703968,
        0.9998824596405029,
        -0.009596696123480797,
        -0.22191935777664185,
        0.16032956540584564,
        0.011390604078769684,
        0.9869977831840515,
        4.96197509765625
    ],
    [
        0.9917631149291992,
        0.007790918927639723,
        -0.12784862518310547,
        -1.021722435951233,
        -0.009504156187176704,
        0.9998729228973389,
        -0.012795927934348583,
        -0.26313716173171997,
        0.12773269414901733,
        0.013905622065067291,
        0.9917111992835999,
        5.225337028503418
    ],
    [
        0.9973504543304443,
        0.003453643061220646,
        -0.07266542315483093,
        -1.071819543838501,
        -0.004743217956274748,
        0.9998341202735901,
        -0.017581675201654434,
        -0.2962302267551422,
        0.07259265333414078,
        0.017879759892821312,
        0.9972014427185059,
        5.50177526473999
    ],
    [
        0.9998108744621277,
        0.00032448890851810575,
        -0.01944289170205593,
        -1.089918613433838,
        -0.00072904780972749,
        0.9997832775115967,
        -0.020804069936275482,
        -0.34464043378829956,
        0.019431928172707558,
        0.020814314484596252,
        0.999594509601593,
        5.756943702697754
    ],
    [
        0.9990710616111755,
        -0.003259183606132865,
        0.042968884110450745,
        -1.0943679809570312,
        0.004321266431361437,
        0.9996868371963501,
        -0.02464788220822811,
        -0.38088366389274597,
        -0.04287511855363846,
        0.02481066808104515,
        0.9987723231315613,
        5.998836040496826
    ],
    [
        0.9925447106361389,
        -0.007678236346691847,
        0.12163913995027542,
        -1.1053662300109863,
        0.011300339363515377,
        0.9995121955871582,
        -0.029115663841366768,
        -0.3956146836280823,
        -0.12135615944862366,
        0.030273161828517914,
        0.9921472668647766,
        6.248510837554932
    ],
    [
        0.9769787192344666,
        -0.011256814002990723,
        0.21303988993167877,
        -1.0999089479446411,
        0.01885308511555195,
        0.9992555379867554,
        -0.03365858644247055,
        -0.391053169965744,
        -0.21250247955322266,
        0.036900173872709274,
        0.9764636754989624,
        6.466001510620117
    ],
    [
        0.9514078497886658,
        -0.01480796281248331,
        0.3075774908065796,
        -1.0690617561340332,
        0.02661191299557686,
        0.9990599751472473,
        -0.034218158572912216,
        -0.4087018668651581,
        -0.3067816495895386,
        0.04074065014719963,
        0.9509075284004211,
        6.733047008514404
    ],
    [
        0.9224695563316345,
        -0.016355659812688828,
        0.3857231140136719,
        -1.0176594257354736,
        0.03268454596400261,
        0.9988238215446472,
        -0.03581344708800316,
        -0.4227825701236725,
        -0.384683758020401,
        0.04564399644732475,
        0.9219192862510681,
        6.943199634552002
    ],
    [
        0.8848402500152588,
        -0.01844172365963459,
        0.46552932262420654,
        -0.9592211246490479,
        0.04012412577867508,
        0.9985202550888062,
        -0.036708764731884,
        -0.44965285062789917,
        -0.4641634523868561,
        0.051160357892513275,
        0.8842707276344299,
        7.180661678314209
    ],
    [
        0.8372949361801147,
        -0.0189557783305645,
        0.5464226603507996,
        -0.8756800293922424,
        0.04658849537372589,
        0.9982375502586365,
        -0.03675897419452667,
        -0.4724619686603546,
        -0.544762909412384,
        0.056235115975141525,
        0.8367024660110474,
        7.3925700187683105
    ]
]