[
    [
        0.9980340600013733,
        -0.0038043810054659843,
        0.0625573918223381,
        -0.07118780165910721,
        0.0038114602211862803,
        0.9999927282333374,
        6.166154435049975e-06,
        0.013759048655629158,
        -0.06255695968866348,
        0.0002322811633348465,
        0.9980412721633911,
        0.43133825063705444
    ],
    [
        0.9973390102386475,
        -0.005283642094582319,
        0.07271181046962738,
        -0.10349081456661224,
        0.005422236863523722,
        0.9999839067459106,
        -0.0017088146414607763,
        0.028489701449871063,
        -0.07270161062479019,
        0.002098528668284416,
        0.9973515272140503,
        0.6224647164344788
    ],
    [
        0.9967595934867859,
        -0.006173889618366957,
        0.08020032197237015,
        -0.12694770097732544,
        0.006368566304445267,
        0.9999773502349854,
        -0.00217181327752769,
        0.028982961550354958,
        -0.08018510788679123,
        0.002675537718459964,
        0.9967764019966125,
        0.8428389430046082
    ],
    [
        0.9965577125549316,
        -0.006489044055342674,
        0.08264770358800888,
        -0.1722460240125656,
        0.0065840184688568115,
        0.9999778866767883,
        -0.0008766426471993327,
        0.04475875571370125,
        -0.08264020085334778,
        0.0014177801785990596,
        0.9965785145759583,
        1.055189847946167
    ],
    [
        0.9965054392814636,
        -0.0057246144860982895,
        0.08333121240139008,
        -0.2459791749715805,
        0.005816034972667694,
        0.9999827742576599,
        -0.0008543642470613122,
        0.05585586652159691,
        -0.08332487940788269,
        0.0013360356679186225,
        0.9965214729309082,
        1.287306308746338
    ],
    [
        0.9969874620437622,
        -0.006614158395677805,
        0.07728007435798645,
        -0.3262201249599457,
        0.006781289819628,
        0.9999752640724182,
        -0.001900439616292715,
        0.044184111058712006,
        -0.07726559787988663,
        0.00241877231746912,
        0.9970074892044067,
        1.5163809061050415
    ],
    [
        0.9984724521636963,
        -0.007152033969759941,
        0.05478743836283684,
        -0.3952566087245941,
        0.007382751442492008,
        0.9999646544456482,
        -0.0040098996832966805,
        0.05250774323940277,
        -0.054756827652454376,
        0.004408256616443396,
        0.9984899759292603,
        1.7419065237045288
    ],
    [
        0.9999263882637024,
        -0.0076677557080984116,
        0.009405669756233692,
        -0.44778919219970703,
        0.007701868191361427,
        0.9999639391899109,
        -0.003596009686589241,
        0.06646031141281128,
        -0.00937775056809187,
        0.003668184159323573,
        0.9999492764472961,
        1.9873652458190918
    ],
    [
        0.9979853630065918,
        -0.008713060058653355,
        -0.06284430623054504,
        -0.48972806334495544,
        0.008327723480761051,
        0.9999448657035828,
        -0.006390957161784172,
        0.06314686685800552,
        0.06289653480052948,
        0.005854730494320393,
        0.998002827167511,
        2.233250856399536
    ],
    [
        0.990140974521637,
        -0.008089940994977951,
        -0.13984018564224243,
        -0.5415841341018677,
        0.007296297233551741,
        0.9999542832374573,
        -0.006187121383845806,
        0.06165438890457153,
        0.1398838460445404,
        0.0051058074459433556,
        0.9901548027992249,
        2.4158475399017334
    ],
    [
        0.975374698638916,
        -0.006261072121560574,
        -0.22046539187431335,
        -0.6339174509048462,
        0.004743235185742378,
        0.9999613165855408,
        -0.007413399871438742,
        0.07641202211380005,
        0.22050327062606812,
        0.006185123231261969,
        0.9753667116165161,
        2.6198315620422363
    ],
    [
        0.72459876537323,
        0.008463277481496334,
        -0.6891190409660339,
        -1.7160736322402954,
        -0.021943697705864906,
        0.9997009038925171,
        -0.010795852169394493,
        0.1176164522767067,
        0.6888214945793152,
        0.022944476455450058,
        0.7245678901672363,
        3.9799091815948486
    ],
    [
        0.7222650647163391,
        0.007264765910804272,
        -0.6915781497955322,
        -1.9528785943984985,
        -0.020835725590586662,
        0.999719500541687,
        -0.011258570477366447,
        0.13326554000377655,
        0.6913024187088013,
        0.022541189566254616,
        0.7222139835357666,
        4.219111442565918
    ],
    [
        0.7312762141227722,
        0.0073809814639389515,
        -0.6820417046546936,
        -2.297030210494995,
        -0.020548135042190552,
        0.9997259378433228,
        -0.011212498880922794,
        0.13119857013225555,
        0.6817718148231506,
        0.022214112803339958,
        0.7312275171279907,
        4.532378673553467
    ],
    [
        0.7595462799072266,
        0.008433477953076363,
        -0.6503981947898865,
        -2.47989559173584,
        -0.021143624559044838,
        0.9997076392173767,
        -0.011729012243449688,
        0.12887270748615265,
        0.6501095294952393,
        0.022660501301288605,
        0.7595025300979614,
        4.679067134857178
    ],
    [
        0.8999041318893433,
        0.0022941462229937315,
        -0.4360816776752472,
        -2.8889005184173584,
        -0.01060196477919817,
        0.999805748462677,
        -0.01661856845021248,
        0.09466567635536194,
        0.43595874309539795,
        0.019578441977500916,
        0.8997535705566406,
        5.2402424812316895
    ],
    [
        0.9289675354957581,
        0.0011690036626532674,
        -0.37015941739082336,
        -2.974606990814209,
        -0.007910504937171936,
        0.9998292922973633,
        -0.016694962978363037,
        0.09036647528409958,
        0.3700767755508423,
        0.018437227234244347,
        0.9288181066513062,
        5.384907245635986
    ],
    [
        0.955202043056488,
        0.0011588778579607606,
        -0.2959519624710083,
        -3.060973882675171,
        -0.005686487071216106,
        0.9998795390129089,
        -0.01443820632994175,
        0.09393353015184402,
        0.2958998680114746,
        0.015474336221814156,
        0.9550938010215759,
        5.511891841888428
    ],
    [
        0.9834993481636047,
        -0.0008885685820132494,
        -0.18090945482254028,
        -3.1588597297668457,
        -0.0018813672941178083,
        0.9998836517333984,
        -0.015138963237404823,
        0.07614311575889587,
        0.18090195953845978,
        0.015229517593979836,
        0.983383297920227,
        5.645664691925049
    ],
    [
        0.9979508519172668,
        -0.004852663725614548,
        -0.06380021572113037,
        -3.2189745903015137,
        0.0038696741685271263,
        0.9998720288276672,
        -0.015521891415119171,
        0.07252035290002823,
        0.06386733800172806,
        0.015243200585246086,
        0.9978420734405518,
        5.7665839195251465
    ],
    [
        0.999424159526825,
        -0.009421046823263168,
        0.03259802609682083,
        -3.2492613792419434,
        0.009934484027326107,
        0.999828577041626,
        -0.0156247578561306,
        0.07297597080469131,
        -0.03244519978761673,
        0.015939602628350258,
        0.9993464350700378,
        5.898571968078613
    ],
    [
        0.9933711290359497,
        -0.011858008801937103,
        0.1143384575843811,
        -3.261186122894287,
        0.013535748235881329,
        0.9998116493225098,
        -0.013908237218856812,
        0.04305598512291908,
        -0.11415194720029831,
        0.015363696031272411,
        0.9933444857597351,
        6.04383659362793
    ],
    [
        0.9819578528404236,
        -0.015839507803320885,
        0.18843549489974976,
        -3.257280111312866,
        0.018491312861442566,
        0.9997530579566956,
        -0.01232300978153944,
        0.011633049696683884,
        -0.18819375336170197,
        0.015585094690322876,
        0.9820082187652588,
        6.166919708251953
    ],
    [
        0.9697349667549133,
        -0.018535904586315155,
        0.2434554100036621,
        -3.241447925567627,
        0.02153952606022358,
        0.999721109867096,
        -0.009681015275418758,
        0.0004392995033413172,
        -0.24320800602436066,
        0.014631930738687515,
        0.9698638319969177,
        6.284987926483154
    ],
    [
        0.9596880674362183,
        -0.021323207765817642,
        0.2802574336528778,
        -3.1979432106018066,
        0.024682331830263138,
        0.9996595978736877,
        -0.008461492136120796,
        -0.004900212399661541,
        -0.2799815535545349,
        0.015037799254059792,
        0.9598875641822815,
        6.419676303863525
    ]
]