[
    [
        0.9996576309204102,
        -0.0027755489572882652,
        0.02601483091711998,
        0.003105130512267351,
        0.002867176430299878,
        0.9999898672103882,
        -0.0034855001140385866,
        0.009267762303352356,
        -0.026004891842603683,
        0.003558896481990814,
        0.9996554851531982,
        0.564761221408844
    ],
    [
        0.9992461800575256,
        -0.0022081101778894663,
        0.03875584527850151,
        0.010438378900289536,
        0.002325516426935792,
        0.999992847442627,
        -0.0029845433309674263,
        0.0023759251926094294,
        -0.03874897584319115,
        0.00307242083363235,
        0.999244213104248,
        0.7296294569969177
    ],
    [
        0.9986357092857361,
        -0.0017449010629206896,
        0.05218945071101189,
        0.020358918234705925,
        0.0019145873375236988,
        0.9999931454658508,
        -0.0032015328761190176,
        -0.0037245070561766624,
        -0.05218350142240524,
        0.0032970865722745657,
        0.99863201379776,
        0.9129634499549866
    ],
    [
        0.9981143474578857,
        -0.0012631855206564069,
        0.061368972063064575,
        0.03167806565761566,
        0.001478507649153471,
        0.9999929070472717,
        -0.003463372588157654,
        -0.0001144707202911377,
        -0.06136416643857956,
        0.0035475760232657194,
        0.9981092214584351,
        1.097846508026123
    ],
    [
        0.9975684881210327,
        -0.0004727809864562005,
        0.06969286501407623,
        0.03488773852586746,
        0.0006669490830972791,
        0.9999960660934448,
        -0.002762811491265893,
        0.005294788628816605,
        -0.0696912631392479,
        0.0028025757055729628,
        0.9975646734237671,
        1.2680119276046753
    ],
    [
        0.9968221783638,
        -0.00045363252866081893,
        0.07965722680091858,
        0.03831464424729347,
        0.0006855994579382241,
        0.9999957084655762,
        -0.002884744666516781,
        0.004698583390563726,
        -0.07965557277202606,
        0.002930191345512867,
        0.9968181848526001,
        1.4609167575836182
    ],
    [
        0.9959810376167297,
        2.8379641662468202e-05,
        0.0895654708147049,
        0.04097931459546089,
        0.00028738760738633573,
        0.9999937415122986,
        -0.00351265212520957,
        0.004638438578695059,
        -0.08956502377986908,
        0.0035242752637714148,
        0.9959747195243835,
        1.6488045454025269
    ],
    [
        0.9952505230903625,
        0.000227564582019113,
        0.09734613448381424,
        0.050273194909095764,
        0.00010244665463687852,
        0.9999942183494568,
        -0.003385073272511363,
        0.004333110526204109,
        -0.09734633564949036,
        0.0033789679873734713,
        0.9952448010444641,
        1.8189036846160889
    ],
    [
        0.9944363832473755,
        0.0011173810344189405,
        0.10533280670642853,
        0.067852683365345,
        -0.0007760659791529179,
        0.9999942779541016,
        -0.0032812796998769045,
        -0.006023868452757597,
        -0.10533587634563446,
        0.0031812789384275675,
        0.9944315552711487,
        2.0059244632720947
    ],
    [
        0.993685245513916,
        0.0013466313248500228,
        0.11219572275876999,
        0.08447518944740295,
        -0.0008830205770209432,
        0.9999909400939941,
        -0.0041817473247647285,
        -0.007830670103430748,
        -0.11220031976699829,
        0.004056268837302923,
        0.9936773180961609,
        2.174422025680542
    ],
    [
        0.9930957555770874,
        0.002502219285815954,
        0.11727944016456604,
        0.09129204601049423,
        -0.002000706270337105,
        0.9999884366989136,
        -0.004393754992634058,
        -0.00843020249158144,
        -0.11728906631469727,
        0.004128778353333473,
        0.9930892586708069,
        2.318607807159424
    ],
    [
        0.992189347743988,
        0.003356696106493473,
        0.12469575554132462,
        0.08271709084510803,
        -0.0027662068605422974,
        0.9999841451644897,
        -0.004908279981464148,
        -0.013312850147485733,
        -0.12471023201942444,
        0.004525009077042341,
        0.9921829700469971,
        2.483351230621338
    ],
    [
        0.9912858009338379,
        0.004305215086787939,
        0.13165810704231262,
        0.07305046170949936,
        -0.0035538137890398502,
        0.9999760985374451,
        -0.00594165688380599,
        -0.01839960180222988,
        -0.13168051838874817,
        0.005421991925686598,
        0.9912773370742798,
        2.6221494674682617
    ],
    [
        0.9900893568992615,
        0.0044741202145814896,
        0.14036762714385986,
        0.06775912642478943,
        -0.0035744458436965942,
        0.9999713897705078,
        -0.00666087819263339,
        -0.019135506823658943,
        -0.14039339125156403,
        0.006093128118664026,
        0.9900770783424377,
        2.7437212467193604
    ],
    [
        0.988507866859436,
        0.004583272617310286,
        0.15110009908676147,
        0.06795956194400787,
        -0.003537842072546482,
        0.9999679923057556,
        -0.007186895236372948,
        -0.02252083458006382,
        -0.15112818777561188,
        0.006569733377546072,
        0.9884923696517944,
        2.889017343521118
    ],
    [
        0.9867802858352661,
        0.005059799645096064,
        0.16198505461215973,
        0.0775628536939621,
        -0.0038756008725613356,
        0.9999635219573975,
        -0.007625688333064318,
        -0.03351259231567383,
        -0.16201771795749664,
        0.00689708860591054,
        0.9867637753486633,
        3.0230023860931396
    ],
    [
        0.9853417873382568,
        0.005241929553449154,
        0.17051148414611816,
        0.08131000399589539,
        -0.0039724488742649555,
        0.999961793422699,
        -0.007785462774336338,
        -0.04474464803934097,
        -0.1705457717180252,
        0.00699399271979928,
        0.9853250980377197,
        3.1278555393218994
    ],
    [
        0.9836454391479492,
        0.005614215042442083,
        0.1800280511379242,
        0.08088120073080063,
        -0.004242515191435814,
        0.9999589920043945,
        -0.008003497496247292,
        -0.044853828847408295,
        -0.1800656020641327,
        0.007108832243829966,
        0.9836289286613464,
        3.252869129180908
    ],
    [
        0.9818171262741089,
        0.006326571572571993,
        0.18972350656986237,
        0.07210490107536316,
        -0.0048798671923577785,
        0.999955415725708,
        -0.008091520518064499,
        -0.04964229837059975,
        -0.18976622819900513,
        0.007018567528575659,
        0.9818041920661926,
        3.388122081756592
    ],
    [
        0.9796595573425293,
        0.006936491001397371,
        0.20054662227630615,
        0.0630425289273262,
        -0.005309289786964655,
        0.9999485015869141,
        -0.008650542236864567,
        -0.052624091506004333,
        -0.20059627294540405,
        0.007409827783703804,
        0.9796460866928101,
        3.490729570388794
    ],
    [
        0.9768707156181335,
        0.007626621052622795,
        0.21369455754756927,
        0.05629977956414223,
        -0.0057300664484500885,
        0.9999384880065918,
        -0.009493074379861355,
        -0.05591273307800293,
        -0.2137538343667984,
        0.00804902333766222,
        0.9768543243408203,
        3.590846538543701
    ],
    [
        0.9737096428871155,
        0.007755781523883343,
        0.2276608794927597,
        0.06074881926178932,
        -0.005631420761346817,
        0.9999343156814575,
        -0.00997933279722929,
        -0.054466430097818375,
        -0.22772331535816193,
        0.008434916846454144,
        0.9736892580986023,
        3.6909332275390625
    ],
    [
        0.9707131385803223,
        0.00737407011911273,
        0.24012838304042816,
        0.07327759265899658,
        -0.005075304768979549,
        0.9999351501464844,
        -0.010190083645284176,
        -0.05534689873456955,
        -0.24018794298171997,
        0.008672923780977726,
        0.9706876277923584,
        3.7832581996917725
    ],
    [
        0.9673582911491394,
        0.007044212426990271,
        0.2533145844936371,
        0.09489668160676956,
        -0.004547813907265663,
        0.9999351501464844,
        -0.010439153760671616,
        -0.05880020186305046,
        -0.2533717155456543,
        0.008946374990046024,
        0.9673276543617249,
        3.880872964859009
    ],
    [
        0.9643478989601135,
        0.007080778945237398,
        0.26454323530197144,
        0.11451812088489532,
        -0.004337996244430542,
        0.9999306797981262,
        -0.010950762778520584,
        -0.05829843133687973,
        -0.2646024227142334,
        0.009412757121026516,
        0.9643115997314453,
        3.963846445083618
    ]
]