[
    [
        0.9999856352806091,
        0.0020574815571308136,
        -0.004958044737577438,
        -0.2762976884841919,
        -0.002092076698318124,
        0.999973475933075,
        -0.006982619408518076,
        -0.164724200963974,
        0.004943547770380974,
        0.006992891896516085,
        0.9999632835388184,
        0.14448611438274384
    ],
    [
        0.9999991655349731,
        -0.0010854169959202409,
        0.0007617659866809845,
        -0.30894461274147034,
        0.0010850692633539438,
        0.9999993443489075,
        0.00045562899322248995,
        -0.18652795255184174,
        -0.000762260053306818,
        -0.0004548020369838923,
        0.9999996423721313,
        0.2792844772338867
    ],
    [
        0.9999370574951172,
        0.001822189660742879,
        0.011071473360061646,
        -0.3449769914150238,
        -0.0018569182138890028,
        0.9999933838844299,
        0.0031272638589143753,
        -0.2146226167678833,
        -0.011065701022744179,
        -0.003147625830024481,
        0.9999337196350098,
        0.4393605887889862
    ],
    [
        0.9999232292175293,
        4.97229557367973e-05,
        0.012389222159981728,
        -0.3642389178276062,
        -0.000188665057066828,
        0.9999371767044067,
        0.011213837191462517,
        -0.2337806224822998,
        -0.01238788478076458,
        -0.011215313337743282,
        0.999860405921936,
        0.5657839775085449
    ],
    [
        0.9998798966407776,
        -0.00284437439404428,
        0.015237296000123024,
        -0.38347166776657104,
        0.0027512391097843647,
        0.9999774694442749,
        0.006129787769168615,
        -0.2555476427078247,
        -0.015254388563334942,
        -0.006087129935622215,
        0.9998650550842285,
        0.7277597784996033
    ],
    [
        0.999840259552002,
        -0.00672498345375061,
        0.016558218747377396,
        -0.3913331627845764,
        0.006729431450366974,
        0.9999772906303406,
        -0.000212912549613975,
        -0.2715560793876648,
        -0.01655641198158264,
        0.0003243063692934811,
        0.999862790107727,
        0.8710029721260071
    ],
    [
        0.9998450875282288,
        -0.007036841940134764,
        0.016131218522787094,
        -0.4038515090942383,
        0.007049168460071087,
        0.9999748468399048,
        -0.0007073848391883075,
        -0.29698026180267334,
        -0.01612582616508007,
        0.0008209939696826041,
        0.9998695850372314,
        1.069192886352539
    ],
    [
        0.9999412894248962,
        0.001938690198585391,
        0.010669594630599022,
        -0.42082977294921875,
        -0.00193803571164608,
        0.9999980926513672,
        -7.166148134274408e-05,
        -0.3200088143348694,
        -0.01066972129046917,
        5.097271059639752e-05,
        0.9999430775642395,
        1.2233006954193115
    ],
    [
        0.9999892115592957,
        0.004162296187132597,
        0.00204094173386693,
        -0.4549667537212372,
        -0.004165487363934517,
        0.9999901652336121,
        0.0015616799937561154,
        -0.35047516226768494,
        -0.0020344234071671963,
        -0.0015701657393947244,
        0.9999966621398926,
        1.4020452499389648
    ],
    [
        0.9999834895133972,
        0.005092056468129158,
        -0.0026391625870019197,
        -0.49437177181243896,
        -0.005113262217491865,
        0.9999542236328125,
        -0.00809167418628931,
        -0.3705320656299591,
        0.0025978428311645985,
        0.008105039596557617,
        0.9999637603759766,
        1.5464154481887817
    ],
    [
        0.9999712109565735,
        0.0022416855208575726,
        0.0072533185593783855,
        -0.5528926253318787,
        -0.0021365750581026077,
        0.999893069267273,
        -0.014466769061982632,
        -0.3994787931442261,
        -0.007284981664270163,
        0.014450849033892155,
        0.9998689889907837,
        1.7406545877456665
    ],
    [
        0.9998720288276672,
        -0.00040115529554896057,
        0.015999143943190575,
        -0.6008462309837341,
        0.0006661389488726854,
        0.9998626112937927,
        -0.01656048186123371,
        -0.42888781428337097,
        -0.015990298241376877,
        0.016569025814533234,
        0.9997348189353943,
        1.8986715078353882
    ],
    [
        0.9998512268066406,
        -0.005925336852669716,
        0.016193661838769913,
        -0.6508579850196838,
        0.006222955416887999,
        0.9998115301132202,
        -0.018390564247965813,
        -0.45932337641716003,
        -0.016081636771559715,
        0.018488604575395584,
        0.9996996521949768,
        2.0808606147766113
    ],
    [
        0.9999206066131592,
        -0.005520350765436888,
        0.011332085356116295,
        -0.6916779279708862,
        0.005709400866180658,
        0.999843955039978,
        -0.016718797385692596,
        -0.47521036863327026,
        -0.011238018050789833,
        0.01678217016160488,
        0.9997959733009338,
        2.2629828453063965
    ],
    [
        0.9999517798423767,
        -0.007564371917396784,
        0.006279755849391222,
        -0.7205783724784851,
        0.007679297123104334,
        0.9997996687889099,
        -0.01848321035504341,
        -0.48269784450531006,
        -0.006138680037111044,
        0.018530547618865967,
        0.9998093843460083,
        2.4142837524414062
    ],
    [
        0.9999463558197021,
        -0.00970493070781231,
        0.0036423145793378353,
        -0.753740668296814,
        0.009766438975930214,
        0.9998032450675964,
        -0.017267480492591858,
        -0.5013450384140015,
        -0.0034740257542580366,
        0.017302121967077255,
        0.9998443722724915,
        2.6114742755889893
    ],
    [
        0.9999487400054932,
        -0.009573230519890785,
        0.0033258460462093353,
        -0.7832934260368347,
        0.009637854993343353,
        0.9997536540031433,
        -0.019991332665085793,
        -0.5205003023147583,
        -0.0031336406245827675,
        0.02002236433327198,
        0.9997946619987488,
        2.7613351345062256
    ],
    [
        0.9999659657478333,
        -0.006651002448052168,
        -0.004892745520919561,
        -0.82704758644104,
        0.006592258345335722,
        0.9999071359634399,
        -0.011926024220883846,
        -0.5404909253120422,
        0.004971607588231564,
        0.011893360875546932,
        0.9999169707298279,
        2.9422545433044434
    ],
    [
        0.9999694228172302,
        -0.006261835806071758,
        -0.004672214854508638,
        -0.8613136410713196,
        0.006227424833923578,
        0.9999536871910095,
        -0.007343566510826349,
        -0.5565784573554993,
        0.0047179777175188065,
        0.007314243819564581,
        0.9999621510505676,
        3.0916671752929688
    ],
    [
        0.9999188780784607,
        -0.010271815583109856,
        0.007539939135313034,
        -0.9088253378868103,
        0.010367147624492645,
        0.9998654723167419,
        -0.012715553864836693,
        -0.5808265805244446,
        -0.007408305536955595,
        0.012792694382369518,
        0.9998906850814819,
        3.2801904678344727
    ],
    [
        0.9996880888938904,
        -0.02019680105149746,
        0.014687852934002876,
        -0.9538018107414246,
        0.02036629244685173,
        0.9997267723083496,
        -0.011479653418064117,
        -0.5998056530952454,
        -0.014451935887336731,
        0.01177520863711834,
        0.9998262524604797,
        3.4313323497772217
    ],
    [
        0.9997541904449463,
        -0.021818481385707855,
        0.003931802231818438,
        -1.0039891004562378,
        0.021829918026924133,
        0.9997576475143433,
        -0.0028823178727179766,
        -0.6161894202232361,
        -0.0038678941782563925,
        0.0029674412216991186,
        0.9999880790710449,
        3.605133295059204
    ],
    [
        0.9997320175170898,
        -0.022038016468286514,
        -0.007085525896400213,
        -1.045902132987976,
        0.022073527798056602,
        0.9997440576553345,
        0.00496711116284132,
        -0.6261147856712341,
        0.006973873823881149,
        -0.005122168455272913,
        0.9999625086784363,
        3.746450424194336
    ],
    [
        0.9995995759963989,
        -0.01703755185008049,
        -0.022592108696699142,
        -1.097872257232666,
        0.017209388315677643,
        0.9998242855072021,
        0.007431451231241226,
        -0.6401130557060242,
        0.022461462765932083,
        -0.007817274890840054,
        0.9997171759605408,
        3.9381115436553955
    ],
    [
        0.999190628528595,
        -0.015886692330241203,
        -0.03695656731724739,
        -1.1380647420883179,
        0.016157906502485275,
        0.999844491481781,
        0.007051588036119938,
        -0.6750299334526062,
        0.036838799715042114,
        -0.00764301884919405,
        0.9992918968200684,
        4.143974781036377
    ]
]