[
    [
        0.9910932779312134,
        -0.029437655583024025,
        0.12987537682056427,
        0.07371373474597931,
        0.027852915227413177,
        0.9995139241218567,
        0.014001966454088688,
        -0.053715258836746216,
        -0.13022443652153015,
        -0.010259848088026047,
        0.991431474685669,
        0.3246540129184723
    ],
    [
        0.9902604222297668,
        -0.03049330972135067,
        0.13584747910499573,
        0.07732031494379044,
        0.028889033943414688,
        0.9994878172874451,
        0.013765646144747734,
        -0.053119923919439316,
        -0.13619765639305115,
        -0.00970707181841135,
        0.9906340837478638,
        0.33798882365226746
    ],
    [
        0.9892839789390564,
        -0.03227746859192848,
        0.14239147305488586,
        0.08000323921442032,
        0.03039901703596115,
        0.9994199872016907,
        0.015348431654274464,
        -0.057002510875463486,
        -0.1428043097257614,
        -0.010855397209525108,
        0.9896913170814514,
        0.3517882823944092
    ],
    [
        0.9883175492286682,
        -0.033611465245485306,
        0.14865586161613464,
        0.08320515602827072,
        0.031751275062561035,
        0.9993851780891418,
        0.014869584701955318,
        -0.055907778441905975,
        -0.14906425774097443,
        -0.009975858964025974,
        0.988777220249176,
        0.36626067757606506
    ],
    [
        0.9872230887413025,
        -0.03556668385863304,
        0.15532375872135162,
        0.0861266478896141,
        0.03341704607009888,
        0.9993064403533936,
        0.016429774463176727,
        -0.059780653566122055,
        -0.15580038726329803,
        -0.011029393412172794,
        0.9877269864082336,
        0.3800797164440155
    ],
    [
        0.986207127571106,
        -0.0369940921664238,
        0.16132867336273193,
        0.08938326686620712,
        0.03487095236778259,
        0.9992641806602478,
        0.015972932800650597,
        -0.05817287787795067,
        -0.16180086135864258,
        -0.010126935318112373,
        0.9867715239524841,
        0.39155909419059753
    ],
    [
        0.9850618839263916,
        -0.03867924585938454,
        0.16780073940753937,
        0.09256644546985626,
        0.03612934425473213,
        0.9991809129714966,
        0.018223589286208153,
        -0.06372895836830139,
        -0.1683681756258011,
        -0.011888831853866577,
        0.9856524467468262,
        0.403762549161911
    ],
    [
        0.9839321374893188,
        -0.0400882214307785,
        0.17398443818092346,
        0.09614711254835129,
        0.037291210144758224,
        0.9991177320480347,
        0.019316870719194412,
        -0.0660632774233818,
        -0.1746053248643875,
        -0.012518397532403469,
        0.9845588803291321,
        0.41489285230636597
    ],
    [
        0.9816924929618835,
        -0.04331778362393379,
        0.18548180162906647,
        0.10586107522249222,
        0.040032077580690384,
        0.9989687204360962,
        0.02142486721277237,
        -0.06939013302326202,
        -0.18621857464313507,
        -0.013607408851385117,
        0.9824140667915344,
        0.4387129843235016
    ],
    [
        0.9804652333259583,
        -0.04470087215304375,
        0.19154585897922516,
        0.10997111350297928,
        0.04112093150615692,
        0.9988979697227478,
        0.02262626402080059,
        -0.07176584750413895,
        -0.19234620034694672,
        -0.01430771965533495,
        0.9812228083610535,
        0.44974157214164734
    ],
    [
        0.979228675365448,
        -0.0458533838391304,
        0.19750623404979706,
        0.11443772166967392,
        0.042063187807798386,
        0.998842179775238,
        0.02334514819085598,
        -0.07259028404951096,
        -0.1983480155467987,
        -0.014552493579685688,
        0.9800236225128174,
        0.4613501727581024
    ],
    [
        0.9779083132743835,
        -0.04737657681107521,
        0.20359466969966888,
        0.11884735524654388,
        0.04321220517158508,
        0.9987567067146301,
        0.024853792041540146,
        -0.07569578289985657,
        -0.20451904833316803,
        -0.015506953932344913,
        0.9787397384643555,
        0.4716620147228241
    ],
    [
        0.976643979549408,
        -0.04901028797030449,
        0.20919939875602722,
        0.12446118146181107,
        0.044440411031246185,
        0.998660683631897,
        0.026492351666092873,
        -0.07866653800010681,
        -0.21021761000156403,
        -0.01657668873667717,
        0.9775140285491943,
        0.48283204436302185
    ],
    [
        0.9753556847572327,
        -0.05022637918591499,
        0.21484549343585968,
        0.1299339383840561,
        0.04552391916513443,
        0.9986041188240051,
        0.026783235371112823,
        -0.07848303765058517,
        -0.21589083969593048,
        -0.01634257100522518,
        0.976280689239502,
        0.4927579164505005
    ],
    [
        0.9739538431167603,
        -0.05153864994645119,
        0.2208116501569748,
        0.13434718549251556,
        0.046492110937833786,
        0.9985262155532837,
        0.027994614094495773,
        -0.08051908016204834,
        -0.22192904353141785,
        -0.016999460756778717,
        0.9749147295951843,
        0.5037989616394043
    ],
    [
        0.9724785685539246,
        -0.05316290259361267,
        0.22684602439403534,
        0.13919326663017273,
        0.047799110412597656,
        0.9984337091445923,
        0.029077092185616493,
        -0.0813218429684639,
        -0.2280365228652954,
        -0.017433812841773033,
        0.9734964370727539,
        0.5143452882766724
    ],
    [
        0.9693571329116821,
        -0.05549786612391472,
        0.23930476605892181,
        0.14804351329803467,
        0.04955020174384117,
        0.9982965588569641,
        0.030803751200437546,
        -0.08343356102705002,
        -0.2406066507101059,
        -0.018002234399318695,
        0.9704557657241821,
        0.5332231521606445
    ],
    [
        0.9677136540412903,
        -0.05650246515870094,
        0.24563759565353394,
        0.15272462368011475,
        0.050444990396499634,
        0.9982490539550781,
        0.030887912958860397,
        -0.08288270980119705,
        -0.24695275723934174,
        -0.017499463632702827,
        0.9688695073127747,
        0.5411272048950195
    ],
    [
        0.9659059643745422,
        -0.058165811002254486,
        0.25227463245391846,
        0.15674519538879395,
        0.05188724026083946,
        0.9981568455696106,
        0.0314752534031868,
        -0.08290798217058182,
        -0.25364038348197937,
        -0.017312299460172653,
        0.9671435952186584,
        0.5499405860900879
    ],
    [
        0.9640001654624939,
        -0.05990049988031387,
        0.2590666115283966,
        0.16059422492980957,
        0.05322880297899246,
        0.9980469346046448,
        0.03269786760210991,
        -0.08413755148649216,
        -0.26051923632621765,
        -0.017730945721268654,
        0.9653059244155884,
        0.5599555969238281
    ],
    [
        0.9619789719581604,
        -0.0618053562939167,
        0.26603829860687256,
        0.16437110304832458,
        0.054739177227020264,
        0.9979250431060791,
        0.03390179201960564,
        -0.08540962636470795,
        -0.2675815522670746,
        -0.018050100654363632,
        0.9633661508560181,
        0.5691579580307007
    ],
    [
        0.9600104093551636,
        -0.06364548206329346,
        0.27263399958610535,
        0.16959524154663086,
        0.056382954120635986,
        0.9978163838386536,
        0.03439882770180702,
        -0.08481927216053009,
        -0.2742280066013336,
        -0.017651325091719627,
        0.9615026712417603,
        0.5780999064445496
    ],
    [
        0.9579601883888245,
        -0.06525158137083054,
        0.27938219904899597,
        0.17372669279575348,
        0.05742388218641281,
        0.9976962804794312,
        0.036120638251304626,
        -0.08747346699237823,
        -0.2810954749584198,
        -0.0185589250177145,
        0.9595003128051758,
        0.587192952632904
    ],
    [
        0.9557424783706665,
        -0.06661374121904373,
        0.2865639925003052,
        0.17753702402114868,
        0.058384008705616,
        0.9976016879081726,
        0.03717810660600662,
        -0.08796814829111099,
        -0.28835329413414,
        -0.018801940605044365,
        0.9573394060134888,
        0.5963143706321716
    ],
    [
        0.9508241415023804,
        -0.07081583887338638,
        0.3015272915363312,
        0.18327449262142181,
        0.06162736564874649,
        0.9973018765449524,
        0.039890214800834656,
        -0.09116068482398987,
        -0.30353856086730957,
        -0.019346250221133232,
        0.9526228308677673,
        0.6143779158592224
    ]
]