[
    [
        0.999885618686676,
        -0.002796555869281292,
        -0.014860996976494789,
        -0.07273144274950027,
        0.003102530725300312,
        0.9997828602790833,
        0.020606115460395813,
        -0.10091039538383484,
        0.014800144359469414,
        -0.02064986526966095,
        0.9996771812438965,
        0.10994233936071396
    ],
    [
        0.9994457364082336,
        -0.006180801894515753,
        -0.03271094709634781,
        -0.11319396644830704,
        0.007299909368157387,
        0.9993882179260254,
        0.034203916788101196,
        -0.12451846897602081,
        0.03247952461242676,
        -0.03442374989390373,
        0.9988793730735779,
        0.2329360395669937
    ],
    [
        0.9983676075935364,
        -0.005565115250647068,
        -0.05684240162372589,
        -0.16925382614135742,
        0.00810602493584156,
        0.9989734888076782,
        0.044568683952093124,
        -0.1349007934331894,
        0.05653601512312889,
        -0.044956695288419724,
        0.9973879456520081,
        0.383867084980011
    ],
    [
        0.9969922304153442,
        -0.0012847152538597584,
        -0.07749154418706894,
        -0.23247362673282623,
        0.005240078084170818,
        0.9986920356750488,
        0.05086079612374306,
        -0.13648678362369537,
        0.07732485234737396,
        -0.051113877445459366,
        0.9956948757171631,
        0.5388714671134949
    ],
    [
        0.9949807524681091,
        0.005581243894994259,
        -0.0999101921916008,
        -0.28776025772094727,
        -0.0003437964478507638,
        0.9986281394958496,
        0.052362192422151566,
        -0.13673540949821472,
        0.10006536543369293,
        -0.05206502228975296,
        0.9936177730560303,
        0.7066602110862732
    ],
    [
        0.992631733417511,
        0.011151350103318691,
        -0.12065598368644714,
        -0.32814857363700867,
        -0.00488304952159524,
        0.9986287951469421,
        0.0521232970058918,
        -0.14038819074630737,
        0.12107178568840027,
        -0.051150064915418625,
        0.9913250207901001,
        0.872348964214325
    ],
    [
        0.9904588460922241,
        0.015390920452773571,
        -0.1369461864233017,
        -0.37247544527053833,
        -0.008990099653601646,
        0.9988433122634888,
        0.047236036509275436,
        -0.14632681012153625,
        0.13751479983329773,
        -0.04555419087409973,
        0.9894515872001648,
        1.039366364479065
    ],
    [
        0.9907689094543457,
        0.019271044060587883,
        -0.134184792637825,
        -0.42788150906562805,
        -0.014261553063988686,
        0.9991685152053833,
        0.03819446638226509,
        -0.15627072751522064,
        0.13480928540229797,
        -0.035928208380937576,
        0.9902200102806091,
        1.2118951082229614
    ],
    [
        0.9914746284484863,
        0.020454373210668564,
        -0.1286838948726654,
        -0.46730560064315796,
        -0.017125235870480537,
        0.9994907379150391,
        0.02692427486181259,
        -0.17073380947113037,
        0.12916907668113708,
        -0.024490997195243835,
        0.9913201332092285,
        1.3645343780517578
    ],
    [
        0.9932824969291687,
        0.01905435509979725,
        -0.11413510888814926,
        -0.5027472376823425,
        -0.017406711354851723,
        0.9997296929359436,
        0.01541526336222887,
        -0.19441251456737518,
        0.11439799517393112,
        -0.013324989937245846,
        0.9933457374572754,
        1.5415151119232178
    ],
    [
        0.9958939552307129,
        0.01485605351626873,
        -0.08930043876171112,
        -0.54302579164505,
        -0.014645443297922611,
        0.9998881816864014,
        0.0030132546089589596,
        -0.20828700065612793,
        0.08933522552251816,
        -0.0016930378042161465,
        0.9960001707077026,
        1.7097097635269165
    ],
    [
        0.9990295171737671,
        0.009222133085131645,
        -0.04306797683238983,
        -0.5852581262588501,
        -0.009597926400601864,
        0.9999175667762756,
        -0.008526897057890892,
        -0.21406012773513794,
        0.04298580437898636,
        0.008931987918913364,
        0.999035656452179,
        1.8867206573486328
    ],
    [
        0.9998404383659363,
        0.0035597968380898237,
        0.01750142127275467,
        -0.6123670339584351,
        -0.003197115147486329,
        0.9997804164886475,
        -0.020707478746771812,
        -0.20779553055763245,
        -0.01757129095494747,
        0.020648224279284477,
        0.9996323585510254,
        2.0494706630706787
    ],
    [
        0.9970700144767761,
        -0.0012347832089290023,
        0.07648450881242752,
        -0.6256404519081116,
        0.0033038239926099777,
        0.9996318221092224,
        -0.026931142434477806,
        -0.22026686370372772,
        -0.07642310857772827,
        0.027104925364255905,
        0.9967069029808044,
        2.1947760581970215
    ],
    [
        0.9895297288894653,
        -0.005368028301745653,
        0.14422963559627533,
        -0.6362661123275757,
        0.00979259517043829,
        0.9995024800300598,
        -0.02998487837612629,
        -0.23112614452838898,
        -0.14399690926074982,
        0.031083306297659874,
        0.9890899062156677,
        2.347074270248413
    ],
    [
        0.9780073761940002,
        -0.007268708664923906,
        0.20844364166259766,
        -0.6381996273994446,
        0.013635174371302128,
        0.9994827508926392,
        -0.029122240841388702,
        -0.24146519601345062,
        -0.20812442898750305,
        0.03132393956184387,
        0.9776006937026978,
        2.4719326496124268
    ],
    [
        0.9621206521987915,
        -0.011196435429155827,
        0.2723938524723053,
        -0.6162999868392944,
        0.018479693681001663,
        0.9995365738868713,
        -0.02418719232082367,
        -0.2455349713563919,
        -0.27199697494506836,
        0.028304751962423325,
        0.9618817567825317,
        2.602844476699829
    ],
    [
        0.945372462272644,
        -0.017666775733232498,
        0.3255131244659424,
        -0.577968955039978,
        0.02399524860084057,
        0.9995927810668945,
        -0.015436764806509018,
        -0.2555024027824402,
        -0.3251078128814697,
        0.0224042646586895,
        0.9454114437103271,
        2.715735673904419
    ],
    [
        0.924454391002655,
        -0.0204161386936903,
        0.38074585795402527,
        -0.5287219882011414,
        0.025943007320165634,
        0.9996194243431091,
        -0.009388848207890987,
        -0.2646210193634033,
        -0.38040900230407715,
        0.018557244911789894,
        0.9246321320533752,
        2.8172175884246826
    ],
    [
        0.9004813432693481,
        -0.022223589941859245,
        0.4343264400959015,
        -0.47361060976982117,
        0.026312435045838356,
        0.9996479749679565,
        -0.0034031628165394068,
        -0.27759411931037903,
        -0.43409812450408936,
        0.014492659829556942,
        0.900749146938324,
        2.92106294631958
    ],
    [
        0.8830220103263855,
        -0.020411234349012375,
        0.4688873887062073,
        -0.4084049463272095,
        0.024479862302541733,
        0.9996969699859619,
        -0.002583140740171075,
        -0.27939373254776,
        -0.46869271993637085,
        0.013759272173047066,
        0.8832541704177856,
        3.0021421909332275
    ],
    [
        0.8645569086074829,
        -0.015307718887925148,
        0.5023017525672913,
        -0.30775922536849976,
        0.01959303766489029,
        0.9998026490211487,
        -0.003254220588132739,
        -0.29189303517341614,
        -0.5021528005599976,
        0.01265508122742176,
        0.8646863102912903,
        3.1001949310302734
    ],
    [
        0.8484297394752502,
        -0.00981976743787527,
        0.5292168855667114,
        -0.21955658495426178,
        0.0142564931884408,
        0.999889075756073,
        -0.004302463494241238,
        -0.2987111210823059,
        -0.5291160345077515,
        0.011195105500519276,
        0.8484756946563721,
        3.1976585388183594
    ],
    [
        0.8334782123565674,
        -0.005232180468738079,
        0.5525275468826294,
        -0.1340303122997284,
        0.008482097648084164,
        0.9999585747718811,
        -0.003325910773128271,
        -0.3034939467906952,
        -0.5524872541427612,
        0.0074586705304682255,
        0.8334879279136658,
        3.3365135192871094
    ],
    [
        0.8224979043006897,
        -0.0019635569769889116,
        0.568764865398407,
        -0.04880330711603165,
        0.005318704526871443,
        0.9999768733978271,
        -0.0042391992174088955,
        -0.3049376308917999,
        -0.5687432885169983,
        0.006511824205517769,
        0.8224893808364868,
        3.465111255645752
    ]
]