[
    [
        0.9428203105926514,
        0.0984356477856636,
        -0.31843405961990356,
        -0.545843243598938,
        -0.19505585730075836,
        0.9376562833786011,
        -0.2876695692539215,
        -0.5351328253746033,
        0.27026480436325073,
        0.33333316445350647,
        0.9032418727874756,
        0.21461635828018188
    ],
    [
        0.9424468278884888,
        0.09960585087537766,
        -0.31917494535446167,
        -0.5565249919891357,
        -0.19600838422775269,
        0.9379512071609497,
        -0.28605642914772034,
        -0.538058876991272,
        0.2708776593208313,
        0.33215394616127014,
        0.90349280834198,
        0.22397956252098083
    ],
    [
        0.9422135949134827,
        0.10087468475103378,
        -0.31946486234664917,
        -0.5674668550491333,
        -0.19695962965488434,
        0.9381757974624634,
        -0.2846631109714508,
        -0.5406500101089478,
        0.27099889516830444,
        0.3311351537704468,
        0.9038301706314087,
        0.2336832880973816
    ],
    [
        0.9420685768127441,
        0.1018390953540802,
        -0.3195865750312805,
        -0.5790979862213135,
        -0.19760560989379883,
        0.9384023547172546,
        -0.2834662199020386,
        -0.5431947112083435,
        0.2710328698158264,
        0.330196738243103,
        0.9041632413864136,
        0.245399609208107
    ],
    [
        0.9418893456459045,
        0.10269804298877716,
        -0.31984004378318787,
        -0.5908051133155823,
        -0.19814659655094147,
        0.9386971592903137,
        -0.2821090817451477,
        -0.5467392802238464,
        0.2712608873844147,
        0.32909074425697327,
        0.9044980406761169,
        0.2576902210712433
    ],
    [
        0.9418842792510986,
        0.10328928381204605,
        -0.3196645975112915,
        -0.6037125587463379,
        -0.1983751654624939,
        0.9389463067054749,
        -0.28111764788627625,
        -0.5496941208839417,
        0.27111145853996277,
        0.3281938135623932,
        0.9048687815666199,
        0.2701275646686554
    ],
    [
        0.941696047782898,
        0.10401307791471481,
        -0.31998422741889954,
        -0.6153510808944702,
        -0.19868405163288116,
        0.9394068121910095,
        -0.2793556749820709,
        -0.5554080009460449,
        0.27153870463371277,
        0.32664385437965393,
        0.9053013324737549,
        0.28414249420166016
    ],
    [
        0.9417011141777039,
        0.10433942824602127,
        -0.3198629319667816,
        -0.6278824806213379,
        -0.1986168920993805,
        0.939766526222229,
        -0.2781912684440613,
        -0.559950053691864,
        0.271570086479187,
        0.32550325989723206,
        0.9057026505470276,
        0.2990117073059082
    ],
    [
        0.9419766664505005,
        0.10431435704231262,
        -0.3190588355064392,
        -0.6470034718513489,
        -0.1980639547109604,
        0.9401200413703918,
        -0.27738961577415466,
        -0.5657114386558533,
        0.271017849445343,
        0.32448863983154297,
        0.9062319993972778,
        0.3242739140987396
    ],
    [
        0.9425531625747681,
        0.10380226373672485,
        -0.3175193667411804,
        -0.6605350375175476,
        -0.19680258631706238,
        0.9405837655067444,
        -0.2767144441604614,
        -0.5709743499755859,
        0.269929975271225,
        0.32330673933029175,
        0.9069787859916687,
        0.34155118465423584
    ],
    [
        0.9433329701423645,
        0.10358185321092606,
        -0.31526774168014526,
        -0.6741785407066345,
        -0.195376917719841,
        0.9412843585014343,
        -0.2753390371799469,
        -0.5779435038566589,
        0.2682364881038666,
        0.3213323652744293,
        0.9081820845603943,
        0.3563881814479828
    ],
    [
        0.9442691206932068,
        0.1031796783208847,
        -0.31258565187454224,
        -0.6876317262649536,
        -0.19364583492279053,
        0.9420256614685059,
        -0.2740236818790436,
        -0.5855959057807922,
        0.2661900520324707,
        0.31928300857543945,
        0.9095060229301453,
        0.3731972575187683
    ],
    [
        0.9452514052391052,
        0.1028507873415947,
        -0.30971193313598633,
        -0.7006202340126038,
        -0.1919773370027542,
        0.9427037239074707,
        -0.27286332845687866,
        -0.5944048762321472,
        0.2639023959636688,
        0.31738215684890747,
        0.9108370542526245,
        0.39226773381233215
    ],
    [
        0.9464583992958069,
        0.10221481323242188,
        -0.30621668696403503,
        -0.7133411765098572,
        -0.1899213045835495,
        0.9433326125144958,
        -0.27212774753570557,
        -0.6027899384498596,
        0.26104870438575745,
        0.31571465730667114,
        0.912237823009491,
        0.4121370017528534
    ],
    [
        0.9477595090866089,
        0.10073965042829514,
        -0.30266082286834717,
        -0.7260696291923523,
        -0.18706418573856354,
        0.9440706968307495,
        -0.27154651284217834,
        -0.612410306930542,
        0.25837770104408264,
        0.31397777795791626,
        0.9135966897010803,
        0.4337647259235382
    ],
    [
        0.9491672515869141,
        0.09940222650766373,
        -0.29866477847099304,
        -0.7379970550537109,
        -0.18418176472187042,
        0.9448298215866089,
        -0.2708759903907776,
        -0.6237189769744873,
        0.25526168942451477,
        0.31211525201797485,
        0.9151095747947693,
        0.4558087885379791
    ],
    [
        0.9512383937835693,
        0.09657161682844162,
        -0.29294976592063904,
        -0.75364750623703,
        -0.17934313416481018,
        0.9458557367324829,
        -0.2705422341823578,
        -0.6409062147140503,
        0.25096145272254944,
        0.309888631105423,
        0.9170535802841187,
        0.48960819840431213
    ],
    [
        0.9535903930664062,
        0.09504112601280212,
        -0.28571411967277527,
        -0.7710699439048767,
        -0.17558185756206512,
        0.9463692903518677,
        -0.27121224999427795,
        -0.6513550281524658,
        0.24461476504802704,
        0.3087916374206543,
        0.9191362261772156,
        0.5113043785095215
    ],
    [
        0.9568648338317871,
        0.09415409713983536,
        -0.27485397458076477,
        -0.7966837286949158,
        -0.1716318577528,
        0.9464995861053467,
        -0.27327847480773926,
        -0.6586803793907166,
        0.23441889882087708,
        0.3086642622947693,
        0.9218319654464722,
        0.5324237942695618
    ],
    [
        0.9600139856338501,
        0.0924653485417366,
        -0.2642408013343811,
        -0.8203824162483215,
        -0.16709476709365845,
        0.9465678930282593,
        -0.27584153413772583,
        -0.6675311923027039,
        0.22461608052253723,
        0.3089649975299835,
        0.9241688847541809,
        0.5561584830284119
    ],
    [
        0.9632061719894409,
        0.09060309082269669,
        -0.25303176045417786,
        -0.8439069986343384,
        -0.1624113917350769,
        0.9463428854942322,
        -0.27938807010650635,
        -0.6746262907981873,
        0.2141413539648056,
        0.31020355224609375,
        0.9262382388114929,
        0.5802950263023376
    ],
    [
        0.9664885997772217,
        0.08898918330669403,
        -0.24079199135303497,
        -0.8681573271751404,
        -0.15737603604793549,
        0.9464498162269592,
        -0.28189608454704285,
        -0.6852384805679321,
        0.20281186699867249,
        0.31034421920776367,
        0.9287376999855042,
        0.6056997179985046
    ],
    [
        0.9698030948638916,
        0.0870961919426918,
        -0.2278076559305191,
        -0.8927853107452393,
        -0.15185925364494324,
        0.9465429186820984,
        -0.28459659218788147,
        -0.6961332559585571,
        0.1908424347639084,
        0.31059736013412476,
        0.9311865568161011,
        0.630846381187439
    ],
    [
        0.9728675484657288,
        0.08461110293865204,
        -0.21533621847629547,
        -0.9144710302352905,
        -0.14587481319904327,
        0.946743905544281,
        -0.28704795241355896,
        -0.7085766792297363,
        0.17958079278469086,
        0.31067177653312683,
        0.9333990216255188,
        0.6547487378120422
    ],
    [
        0.9778208136558533,
        0.07931060343980789,
        -0.19384616613388062,
        -0.9507848024368286,
        -0.13466876745224,
        0.9469254016876221,
        -0.29188451170921326,
        -0.7267472743988037,
        0.16040833294391632,
        0.31151580810546875,
        0.9366040229797363,
        0.6918982863426208
    ]
]