[
    [
        0.9574967622756958,
        -0.04575122147798538,
        0.28479230403900146,
        -0.017678411677479744,
        0.017850035801529884,
        0.9948468208312988,
        0.09980641305446625,
        0.12180300801992416,
        -0.2878909409046173,
        -0.09048076719045639,
        0.9533792734146118,
        -0.24887199699878693
    ],
    [
        0.9590332508087158,
        -0.04462919384241104,
        0.2797558605670929,
        -0.016528982669115067,
        0.017395632341504097,
        0.9949268102645874,
        0.09908568114042282,
        0.12269829213619232,
        -0.2827587425708771,
        -0.09015993028879166,
        0.9549444317817688,
        -0.23843252658843994
    ],
    [
        0.9623799920082092,
        -0.04203464090824127,
        0.2684360444545746,
        -0.014577225781977177,
        0.01615402102470398,
        0.9950647354125977,
        0.09790369868278503,
        0.12314068526029587,
        -0.2712266147136688,
        -0.08988424390554428,
        0.9583094716072083,
        -0.2150653600692749
    ],
    [
        0.9660543203353882,
        -0.04010685905814171,
        0.25520679354667664,
        -0.012201575562357903,
        0.01604136824607849,
        0.9952818751335144,
        0.09569025784730911,
        0.12582850456237793,
        -0.2578405737876892,
        -0.08834811300039291,
        0.9621397852897644,
        -0.1894049048423767
    ],
    [
        0.9698852896690369,
        -0.037431757897138596,
        0.2406686246395111,
        -0.011515040881931782,
        0.015327973291277885,
        0.9955418109893799,
        0.09306781738996506,
        0.1284250169992447,
        -0.24307934939861298,
        -0.08657614886760712,
        0.9661350846290588,
        -0.1613195538520813
    ],
    [
        0.9719405174255371,
        -0.035994596779346466,
        0.2324565201997757,
        -0.010480173863470554,
        0.01478516310453415,
        0.9956172108650208,
        0.09234645962715149,
        0.1282585710287094,
        -0.23476167023181915,
        -0.08631835132837296,
        0.968212902545929,
        -0.14698976278305054
    ],
    [
        0.976609468460083,
        -0.03372833877801895,
        0.2123592048883438,
        -0.005834001582115889,
        0.014735564589500427,
        0.9957970976829529,
        0.0903925970196724,
        0.12623795866966248,
        -0.21451549232006073,
        -0.08514902740716934,
        0.9730018377304077,
        -0.13279253244400024
    ],
    [
        0.9810499548912048,
        -0.03133542090654373,
        0.19120420515537262,
        -0.003207357367500663,
        0.014594413340091705,
        0.9959831833839417,
        0.08834376931190491,
        0.12376624345779419,
        -0.19320446252822876,
        -0.08387913554906845,
        0.9775665402412415,
        -0.11473443359136581
    ],
    [
        0.9853613376617432,
        -0.028645802289247513,
        0.16805513203144073,
        -0.0007311436929740012,
        0.014207748696208,
        0.9961510300636292,
        0.08649414032697678,
        0.12039101123809814,
        -0.16988596320152283,
        -0.08284027874469757,
        0.9819757342338562,
        -0.09401705861091614
    ],
    [
        0.9892444014549255,
        -0.02547076903283596,
        0.1440371870994568,
        -0.0008373116725124419,
        0.013376805000007153,
        0.9963492155075073,
        0.08431745320558548,
        0.11736194789409637,
        -0.1456589549779892,
        -0.08148380368947983,
        0.985973596572876,
        -0.07016212493181229
    ],
    [
        0.9910488724708557,
        -0.024245228618383408,
        0.13127905130386353,
        -0.001250058296136558,
        0.013408854603767395,
        0.9964752793312073,
        0.08280788362026215,
        0.11675433814525604,
        -0.13282404839992523,
        -0.08030635863542557,
        0.9878808259963989,
        -0.056859180331230164
    ],
    [
        0.9944078922271729,
        -0.021655352786183357,
        0.10336340963840485,
        -0.0015572486445307732,
        0.013385375030338764,
        0.9967016577720642,
        0.08004187047481537,
        0.11345432698726654,
        -0.10475581884384155,
        -0.0782107263803482,
        0.9914178848266602,
        -0.036271847784519196
    ],
    [
        0.9970347881317139,
        -0.019567573443055153,
        0.07442203164100647,
        -0.004773075692355633,
        0.01374765019863844,
        0.9968644380569458,
        0.0779249519109726,
        0.10823753476142883,
        -0.07571347802877426,
        -0.07667076587677002,
        0.9941775798797607,
        -0.019361324608325958
    ],
    [
        0.9988540410995483,
        -0.017606209963560104,
        0.04450557380914688,
        -0.008655170910060406,
        0.014249064028263092,
        0.9971076846122742,
        0.07465469092130661,
        0.10543747991323471,
        -0.04569123685359955,
        -0.07393497228622437,
        0.9962157607078552,
        -0.00019783158495556563
    ],
    [
        0.9997520446777344,
        -0.015743745490908623,
        0.01575380004942417,
        -0.017358487471938133,
        0.014591597020626068,
        0.997387170791626,
        0.07075314968824387,
        0.10395856946706772,
        -0.016826558858156204,
        -0.07050572335720062,
        0.9973694086074829,
        0.021557146683335304
    ],
    [
        0.9998914003372192,
        -0.014737426303327084,
        -2.2049525796319358e-05,
        -0.01994401589035988,
        0.014704648405313492,
        0.9975653290748596,
        0.06816969066858292,
        0.10419861972332001,
        -0.0009826505556702614,
        -0.06816261261701584,
        0.9976736903190613,
        0.03367852047085762
    ],
    [
        0.9994598031044006,
        -0.01285584270954132,
        -0.030246170237660408,
        -0.030335230752825737,
        0.014753389172255993,
        0.9978806972503662,
        0.06337399035692215,
        0.10369323939085007,
        0.029367346316576004,
        -0.06378600001335144,
        0.9975314140319824,
        0.053190141916275024
    ],
    [
        0.9981319308280945,
        -0.010954754427075386,
        -0.060104548931121826,
        -0.04437211900949478,
        0.014471808448433876,
        0.9981884956359863,
        0.058395955711603165,
        0.102718286216259,
        0.0593559630215168,
        -0.05915669724345207,
        0.9964824914932251,
        0.07098838686943054
    ],
    [
        0.995586097240448,
        -0.009537776000797749,
        -0.09336695075035095,
        -0.053551383316516876,
        0.014426464214920998,
        0.9985519051551819,
        0.0518258661031723,
        0.10473063588142395,
        0.09273744374513626,
        -0.052944060415029526,
        0.9942820072174072,
        0.08938106894493103
    ],
    [
        0.9921079874038696,
        -0.00785511452704668,
        -0.12514033913612366,
        -0.06818358600139618,
        0.013827810995280743,
        0.9988023638725281,
        0.046931102871894836,
        0.1023617759346962,
        0.12462182343006134,
        -0.04829113557934761,
        0.9910284876823425,
        0.10790710896253586
    ],
    [
        0.9900267124176025,
        -0.007270406000316143,
        -0.14069214463233948,
        -0.07772857695817947,
        0.01337350346148014,
        0.9990077018737793,
        0.04248236492276192,
        0.10535088181495667,
        0.14024366438388824,
        -0.0439402237534523,
        0.989141583442688,
        0.11882141977548599
    ],
    [
        0.9848852157592773,
        -0.006117075681686401,
        -0.17309990525245667,
        -0.0976799726486206,
        0.012784316204488277,
        0.9992175698280334,
        0.03742806613445282,
        0.10641389340162277,
        0.17273551225662231,
        -0.03907531872391701,
        0.9841927886009216,
        0.14340870082378387
    ],
    [
        0.978459358215332,
        -0.004414025694131851,
        -0.20639212429523468,
        -0.11896475404500961,
        0.011649927124381065,
        0.9993588328361511,
        0.033856842666864395,
        0.10445348173379898,
        0.20611034333705902,
        -0.03553200140595436,
        0.9778834581375122,
        0.1673605740070343
    ],
    [
        0.9707608819007874,
        -0.004249370191246271,
        -0.24001093208789825,
        -0.1396128386259079,
        0.011837797239422798,
        0.999474287033081,
        0.03018418326973915,
        0.10270801186561584,
        0.2397564947605133,
        -0.03214282542467117,
        0.9703008532524109,
        0.19120469689369202
    ],
    [
        0.961520254611969,
        -0.002336884615942836,
        -0.27472400665283203,
        -0.16149123013019562,
        0.010793128050863743,
        0.9995132088661194,
        0.029273252934217453,
        0.09691520035266876,
        0.2745218276977539,
        -0.031111957505345345,
        0.9610774517059326,
        0.2151431292295456
    ]
]