[
    [
        0.9999984502792358,
        -0.001800420694053173,
        -0.0004214904911350459,
        -0.12446361780166626,
        0.0018002577126026154,
        0.9999983310699463,
        -0.00038561742985621095,
        0.010696795769035816,
        0.000422183598857373,
        0.00038485857658088207,
        0.9999998807907104,
        0.2959195077419281
    ],
    [
        0.9999957084655762,
        -0.0029531752225011587,
        -0.0002236368163721636,
        -0.1527491807937622,
        0.0029530676547437906,
        0.9999954700469971,
        -0.00047886749962344766,
        0.017089812085032463,
        0.00022505020024254918,
        0.00047820445615798235,
        0.9999998807907104,
        0.3402935564517975
    ],
    [
        0.9999898672103882,
        -0.004515948239713907,
        -2.1633726646541618e-05,
        -0.18923890590667725,
        0.004515930078923702,
        0.9999895095825195,
        -0.0007676135865040123,
        0.029467729851603508,
        2.5100276616285555e-05,
        0.0007675075903534889,
        0.9999997615814209,
        0.41320139169692993
    ],
    [
        0.9999842643737793,
        -0.005617926828563213,
        7.2617563091625925e-06,
        -0.22293755412101746,
        0.005617931950837374,
        0.9999836683273315,
        -0.0010795152047649026,
        0.03941553458571434,
        -1.1972454103670316e-06,
        0.0010795387206599116,
        0.9999994039535522,
        0.49395421147346497
    ],
    [
        0.9999794363975525,
        -0.006407097447663546,
        0.0002571498916950077,
        -0.24963600933551788,
        0.006407443899661303,
        0.9999786019325256,
        -0.0013691606000065804,
        0.045467257499694824,
        -0.0002483721764292568,
        0.0013707797043025494,
        0.9999990463256836,
        0.5493459105491638
    ],
    [
        0.9999746680259705,
        -0.007105040363967419,
        0.0006014478858560324,
        -0.28281882405281067,
        0.007105911150574684,
        0.9999736547470093,
        -0.001460083294659853,
        0.054779261350631714,
        -0.0005910583422519267,
        0.001464319764636457,
        0.9999988079071045,
        0.6113886833190918
    ],
    [
        0.9999668002128601,
        -0.008098075166344643,
        0.0008363441447727382,
        -0.3264279067516327,
        0.008099639788269997,
        0.9999654293060303,
        -0.0018856594106182456,
        0.0663520097732544,
        -0.0008210449013859034,
        0.0018923705210909247,
        0.9999978542327881,
        0.6752768158912659
    ],
    [
        0.9999552369117737,
        -0.009419345296919346,
        0.001029491308145225,
        -0.365085244178772,
        0.009422114118933678,
        0.999951958656311,
        -0.0027175701688975096,
        0.07402700185775757,
        -0.0010038437321782112,
        0.002727148123085499,
        0.9999958276748657,
        0.7279542088508606
    ],
    [
        0.9999421238899231,
        -0.010689020156860352,
        0.001242479425854981,
        -0.39985018968582153,
        0.01069344487041235,
        0.9999363422393799,
        -0.0036107399500906467,
        0.08367478102445602,
        -0.0012038046261295676,
        0.0036238175816833973,
        0.9999927282333374,
        0.7872715592384338
    ],
    [
        0.9999319314956665,
        -0.011574620380997658,
        0.0014606061158701777,
        -0.42743682861328125,
        0.011580885387957096,
        0.9999233484268188,
        -0.004356729798018932,
        0.0957586020231247,
        -0.0014100666157901287,
        0.004373347386717796,
        0.99998939037323,
        0.8538598418235779
    ],
    [
        0.9999194741249084,
        -0.012584326788783073,
        0.0016465630615130067,
        -0.45268604159355164,
        0.012592566199600697,
        0.9999077916145325,
        -0.005093416199088097,
        0.10483316332101822,
        -0.0015823137946426868,
        0.0051137409172952175,
        0.9999855756759644,
        0.9187483191490173
    ],
    [
        0.9999093413352966,
        -0.013356674462556839,
        0.0017695006681606174,
        -0.4726017117500305,
        0.013365929014980793,
        0.9998965263366699,
        -0.005324342753738165,
        0.11076954007148743,
        -0.0016982024535536766,
        0.005347509868443012,
        0.9999842643737793,
        0.9630799293518066
    ],
    [
        0.9999015927314758,
        -0.013806273229420185,
        0.002506301272660494,
        -0.4965617060661316,
        0.013821524567902088,
        0.9998853802680969,
        -0.006173262372612953,
        0.11623963713645935,
        -0.0024207744281738997,
        0.00620729336515069,
        0.9999778270721436,
        1.0099037885665894
    ],
    [
        0.9998477697372437,
        -0.014409788884222507,
        0.009844186715781689,
        -0.5222956538200378,
        0.014476440846920013,
        0.9998725056648254,
        -0.006733356975018978,
        0.12233429402112961,
        -0.009745918214321136,
        0.006874842569231987,
        0.9999290108680725,
        1.0534244775772095
    ],
    [
        0.9993444681167603,
        -0.015704108402132988,
        0.032619718462228775,
        -0.5412474870681763,
        0.015951212495565414,
        0.9998459219932556,
        -0.007328973151743412,
        0.13435828685760498,
        -0.03249960392713547,
        0.00784449465572834,
        0.9994409680366516,
        1.0949350595474243
    ],
    [
        0.9977977275848389,
        -0.016956834122538567,
        0.06412562727928162,
        -0.5474452972412109,
        0.017435509711503983,
        0.9998241066932678,
        -0.00691238371655345,
        0.14400818943977356,
        -0.06399712711572647,
        0.008015220984816551,
        0.9979177713394165,
        1.1272540092468262
    ],
    [
        0.9946907162666321,
        -0.017957309260964394,
        0.10133049637079239,
        -0.5479928851127625,
        0.018673136830329895,
        0.9998068809509277,
        -0.006120138335973024,
        0.1499432474374771,
        -0.10120103508234024,
        0.007979808375239372,
        0.9948340058326721,
        1.1647979021072388
    ],
    [
        0.990053117275238,
        -0.01935715228319168,
        0.13935616612434387,
        -0.5445124506950378,
        0.020317956805229187,
        0.9997786283493042,
        -0.005475103389471769,
        0.15284480154514313,
        -0.13921932876110077,
        0.008252075873315334,
        0.9902271032333374,
        1.1991404294967651
    ],
    [
        0.9827145338058472,
        -0.020942451432347298,
        0.18393953144550323,
        -0.5380590558052063,
        0.02219146490097046,
        0.9997425675392151,
        -0.004734233021736145,
        0.15633909404277802,
        -0.18379303812980652,
        0.008734284900128841,
        0.9829261302947998,
        1.2248331308364868
    ],
    [
        0.9727732539176941,
        -0.023064933717250824,
        0.23060831427574158,
        -0.5340970754623413,
        0.024662189185619354,
        0.999687671661377,
        -0.004045780282467604,
        0.15725663304328918,
        -0.23044297099113464,
        0.009622928686439991,
        0.9730381965637207,
        1.2377747297286987
    ],
    [
        0.9610769152641296,
        -0.02483951672911644,
        0.27516189217567444,
        -0.533827543258667,
        0.026777608320116997,
        0.9996360540390015,
        -0.0032884988468140364,
        0.15707360208034515,
        -0.2749800682067871,
        0.010528679937124252,
        0.9613924026489258,
        1.243159532546997
    ],
    [
        0.9455999135971069,
        -0.0265145692974329,
        0.3242497742176056,
        -0.5366622805595398,
        0.02878454513847828,
        0.9995832443237305,
        -0.0022055308800190687,
        0.15681646764278412,
        -0.32405614852905273,
        0.011418931186199188,
        0.9459689855575562,
        1.248447299003601
    ],
    [
        0.9266059398651123,
        -0.02899693325161934,
        0.37491434812545776,
        -0.5412850379943848,
        0.03160153329372406,
        0.9995001554489136,
        -0.0007994053885340691,
        0.15762095153331757,
        -0.37470388412475586,
        0.012588609009981155,
        0.9270591139793396,
        1.2522042989730835
    ],
    [
        0.9041937589645386,
        -0.03114665299654007,
        0.42598533630371094,
        -0.5472487211227417,
        0.03391588106751442,
        0.9994240999221802,
        0.0010850211838260293,
        0.15778537094593048,
        -0.4257737696170807,
        0.01346659753471613,
        0.9047293066978455,
        1.2513422966003418
    ],
    [
        0.8782132267951965,
        -0.03299814835190773,
        0.47712960839271545,
        -0.5541563034057617,
        0.03580639883875847,
        0.9993536472320557,
        0.0032090870663523674,
        0.15860207378864288,
        -0.4769270718097687,
        0.014266036450862885,
        0.8788270950317383,
        1.2484519481658936
    ]
]