[
    [
        0.9341269135475159,
        -0.038825199007987976,
        0.3548230826854706,
        0.11630241572856903,
        0.1383969783782959,
        0.955699622631073,
        -0.259777694940567,
        0.30834415555000305,
        -0.32901835441589355,
        0.2917718291282654,
        0.8981180787086487,
        0.3172488510608673
    ],
    [
        0.9353092312812805,
        -0.03708674758672714,
        0.3518824279308319,
        0.11833269894123077,
        0.1382347047328949,
        0.9537562727928162,
        -0.2669086456298828,
        0.31089475750923157,
        -0.3257112503051758,
        0.29828453063964844,
        0.8971837759017944,
        0.32283899188041687
    ],
    [
        0.9371528625488281,
        -0.034380953758955,
        0.3472211956977844,
        0.12205248326063156,
        0.13748833537101746,
        0.9510071277618408,
        -0.2769157588481903,
        0.31352800130844116,
        -0.32068923115730286,
        0.3072512745857239,
        0.8959658741950989,
        0.3293817937374115
    ],
    [
        0.938984751701355,
        -0.03178400918841362,
        0.3424869775772095,
        0.1263102889060974,
        0.13691088557243347,
        0.947978675365448,
        -0.28738802671432495,
        0.316593736410141,
        -0.3155360221862793,
        0.31674322485923767,
        0.8944891691207886,
        0.33615705370903015
    ],
    [
        0.9401694536209106,
        -0.03008251078426838,
        0.33937662839889526,
        0.12914389371871948,
        0.13659995794296265,
        0.945812463760376,
        -0.2945833206176758,
        0.31890860199928284,
        -0.3121248185634613,
        0.3233170807361603,
        0.8933331966400146,
        0.3404828906059265
    ],
    [
        0.9419090151786804,
        -0.02749410830438137,
        0.33474093675613403,
        0.1331433206796646,
        0.13609203696250916,
        0.9424044489860535,
        -0.30553701519966125,
        0.3230225443840027,
        -0.3070608973503113,
        0.33334362506866455,
        0.891400933265686,
        0.34660273790359497
    ],
    [
        0.9435301423072815,
        -0.024820389226078987,
        0.3303554952144623,
        0.136334627866745,
        0.13532307744026184,
        0.9390785098075867,
        -0.31594181060791016,
        0.32556578516960144,
        -0.30238795280456543,
        0.34280532598495483,
        0.8894076943397522,
        0.3524188697338104
    ],
    [
        0.9447072148323059,
        -0.0230671688914299,
        0.32710251212120056,
        0.1395025998353958,
        0.13495829701423645,
        0.9364734292030334,
        -0.3237342834472656,
        0.3287947475910187,
        -0.29885515570640564,
        0.34997934103012085,
        0.8878063559532166,
        0.356492280960083
    ],
    [
        0.9463165998458862,
        -0.020718317478895187,
        0.3225765824317932,
        0.14350321888923645,
        0.1347123235464096,
        0.9324278831481934,
        -0.33530691266059875,
        0.3332744836807251,
        -0.2938324511051178,
        0.3607615530490875,
        0.8851630687713623,
        0.3624275028705597
    ],
    [
        0.9479383826255798,
        -0.018326828256249428,
        0.31792598962783813,
        0.14764012396335602,
        0.13442011177539825,
        0.9280727505683899,
        -0.34729263186454773,
        0.3381955623626709,
        -0.2886936664581299,
        0.37194767594337463,
        0.8822192549705505,
        0.3692554235458374
    ],
    [
        0.9491241574287415,
        -0.016581201925873756,
        0.3144652545452118,
        0.15132318437099457,
        0.133991539478302,
        0.9249668717384338,
        -0.3556435704231262,
        0.3421829342842102,
        -0.28497299551963806,
        0.3796856105327606,
        0.8801302909851074,
        0.37342366576194763
    ],
    [
        0.9509839415550232,
        -0.014609867706894875,
        0.3088949918746948,
        0.15805429220199585,
        0.133775532245636,
        0.9200178980827332,
        -0.36833563446998596,
        0.34842947125434875,
        -0.2788075804710388,
        0.39160388708114624,
        0.8768766522407532,
        0.3792787492275238
    ],
    [
        0.9528864026069641,
        -0.012419656850397587,
        0.3030729293823242,
        0.16602738201618195,
        0.13296197354793549,
        0.9151554703712463,
        -0.3805411756038666,
        0.35332542657852173,
        -0.2726327180862427,
        0.40290969610214233,
        0.8736905455589294,
        0.38326191902160645
    ],
    [
        0.9540855288505554,
        -0.010967932641506195,
        0.2993334233760834,
        0.17112930119037628,
        0.13237164914608002,
        0.9118893146514893,
        -0.388504296541214,
        0.3563077747821808,
        -0.2686978578567505,
        0.41028961539268494,
        0.8714722394943237,
        0.38549789786338806
    ],
    [
        0.9559035301208496,
        -0.008829660713672638,
        0.2935480773448944,
        0.17950473725795746,
        0.13150174915790558,
        0.9066129326820374,
        -0.4009493291378021,
        0.361484557390213,
        -0.2625942528247833,
        0.4218709468841553,
        0.8677955269813538,
        0.3890931010246277
    ],
    [
        0.9575117230415344,
        -0.006599316839128733,
        0.28831902146339417,
        0.186931774020195,
        0.13053026795387268,
        0.9013921022415161,
        -0.4128609299659729,
        0.36494651436805725,
        -0.2571638822555542,
        0.43295350670814514,
        0.8639547824859619,
        0.39218735694885254
    ],
    [
        0.9585235118865967,
        -0.005182583350688219,
        0.28496652841567993,
        0.19184347987174988,
        0.12997853755950928,
        0.8977590799331665,
        -0.42087313532829285,
        0.36765173077583313,
        -0.25365006923675537,
        0.4404563307762146,
        0.8611968159675598,
        0.3940146863460541
    ],
    [
        0.9599974155426025,
        -0.002881215652450919,
        0.27999407052993774,
        0.19940334558486938,
        0.1289805918931961,
        0.8920952677726746,
        -0.43304741382598877,
        0.3721521198749542,
        -0.2485336810350418,
        0.4518381655216217,
        0.8567808270454407,
        0.3962225914001465
    ],
    [
        0.9614164233207703,
        -0.0008596033439971507,
        0.2750958502292633,
        0.20714600384235382,
        0.12833426892757416,
        0.8859156370162964,
        -0.4457396864891052,
        0.3789425492286682,
        -0.2433285415172577,
        0.4638456702232361,
        0.851844072341919,
        0.39900580048561096
    ],
    [
        0.962310791015625,
        0.0004916823818348348,
        0.27195167541503906,
        0.2123115211725235,
        0.12783677875995636,
        0.8818093538284302,
        -0.45394930243492126,
        0.3834461569786072,
        -0.24003273248672485,
        0.47160574793815613,
        0.8485117554664612,
        0.4005598723888397
    ],
    [
        0.9635496735572815,
        0.002323444467037916,
        0.2675198018550873,
        0.21979720890522003,
        0.12733395397663116,
        0.8754498958587646,
        -0.46623334288597107,
        0.3904707431793213,
        -0.23528343439102173,
        0.4833032786846161,
        0.8432436585426331,
        0.4027349054813385
    ],
    [
        0.9646905064582825,
        0.003987087868154049,
        0.2633558213710785,
        0.22686302661895752,
        0.12710735201835632,
        0.8686988353729248,
        -0.4787546396255493,
        0.3982371985912323,
        -0.230685755610466,
        0.4953244924545288,
        0.8375187516212463,
        0.4052661061286926
    ],
    [
        0.9653675556182861,
        0.005279371049255133,
        0.2608402371406555,
        0.23116299510002136,
        0.12673580646514893,
        0.8644149899482727,
        -0.48654377460479736,
        0.4030686914920807,
        -0.2280428260564804,
        0.5027514100074768,
        0.8338090777397156,
        0.4059346616268158
    ],
    [
        0.9662152528762817,
        0.006872223690152168,
        0.2576447129249573,
        0.23668727278709412,
        0.12618257105350494,
        0.859035313129425,
        -0.49612125754356384,
        0.40835684537887573,
        -0.2247353494167328,
        0.511870265007019,
        0.8291459679603577,
        0.4060427248477936
    ],
    [
        0.966926097869873,
        0.008072597905993462,
        0.25492897629737854,
        0.24156352877616882,
        0.12566830217838287,
        0.8546807169914246,
        -0.5037145614624023,
        0.4138409495353699,
        -0.22194916009902954,
        0.5190912485122681,
        0.8253985643386841,
        0.4061449468135834
    ]
]