[
    [
        0.9992405772209167,
        0.024477912113070488,
        -0.030318472534418106,
        0.13514462113380432,
        -0.024690141901373863,
        0.999673068523407,
        -0.006645392160862684,
        0.018083928152918816,
        0.03014589659869671,
        0.007388911675661802,
        0.9995182752609253,
        -0.008519834838807583
    ],
    [
        0.9974480271339417,
        0.03908948600292206,
        -0.059745483100414276,
        0.23920822143554688,
        -0.03951878845691681,
        0.9992005825042725,
        -0.006020394153892994,
        0.01078354474157095,
        0.05946239456534386,
        0.008366098627448082,
        0.9981955885887146,
        -0.011007780209183693
    ],
    [
        0.9941825270652771,
        0.05557059496641159,
        -0.09226595610380173,
        0.3524401783943176,
        -0.05621130019426346,
        0.9984093308448792,
        -0.0043578976765275,
        -0.0031976180616766214,
        0.09187702089548111,
        0.009518934413790703,
        0.9957247972488403,
        -0.012076100334525108
    ],
    [
        0.9901161193847656,
        0.07048598676919937,
        -0.12125052511692047,
        0.451748251914978,
        -0.07131126523017883,
        0.9974510073661804,
        -0.002475172281265259,
        -0.023151090368628502,
        0.12076698988676071,
        0.011097235605120659,
        0.9926188588142395,
        -0.009666834026575089
    ],
    [
        0.9839217066764832,
        0.08771590888500214,
        -0.15557606518268585,
        0.5572508573532104,
        -0.08882705867290497,
        0.9960471391677856,
        -0.00019099372730124742,
        -0.04709046706557274,
        0.1549443155527115,
        0.01400728803128004,
        0.9878238439559937,
        -0.0031291034538298845
    ],
    [
        0.9756848216056824,
        0.10606914758682251,
        -0.19180338084697723,
        0.6532062292098999,
        -0.10744963586330414,
        0.9942052960395813,
        0.0032196640968322754,
        -0.07176317274570465,
        0.19103345274925232,
        0.01746782474219799,
        0.9814281463623047,
        0.006139774341136217
    ],
    [
        0.9655623435974121,
        0.12455171346664429,
        -0.22842134535312653,
        0.7565038204193115,
        -0.1262262463569641,
        0.9919743537902832,
        0.007323401980102062,
        -0.09964815527200699,
        0.22750027477741241,
        0.021761566400527954,
        0.9735348224639893,
        0.023997806012630463
    ],
    [
        0.9552000761032104,
        0.1409158706665039,
        -0.26026034355163574,
        0.8582158088684082,
        -0.1428690403699875,
        0.9896748065948486,
        0.01149760466068983,
        -0.12809279561042786,
        0.2591932713985443,
        0.02620062604546547,
        0.965470016002655,
        0.04912802204489708
    ],
    [
        0.944675087928772,
        0.15532177686691284,
        -0.28890159726142883,
        0.9493576884269714,
        -0.15760007500648499,
        0.9873812198638916,
        0.015510238707065582,
        -0.160331130027771,
        0.28766512870788574,
        0.030878785997629166,
        0.9572331309318542,
        0.07622335106134415
    ],
    [
        0.9305064678192139,
        0.17270256578922272,
        -0.3230040967464447,
        1.0458590984344482,
        -0.17534184455871582,
        0.9842804670333862,
        0.021148480474948883,
        -0.19796763360500336,
        0.3215789794921875,
        0.036957331001758575,
        0.9461613297462463,
        0.10906415432691574
    ],
    [
        0.9169970750808716,
        0.18765480816364288,
        -0.3519973158836365,
        1.1329773664474487,
        -0.1906319260597229,
        0.9813031554222107,
        0.026526737958192825,
        -0.2403276264667511,
        0.35039395093917847,
        0.04277697950601578,
        0.9356250762939453,
        0.1421569436788559
    ],
    [
        0.905439019203186,
        0.19878216087818146,
        -0.3750545084476471,
        1.231649398803711,
        -0.20236867666244507,
        0.9788422584533691,
        0.030245941132307053,
        -0.2696954309940338,
        0.37313148379325867,
        0.04851342737674713,
        0.9265092015266418,
        0.1655944287776947
    ],
    [
        0.893550455570221,
        0.20956498384475708,
        -0.39705172181129456,
        1.3391501903533936,
        -0.21339349448680878,
        0.9763363599777222,
        0.035078682005405426,
        -0.2803378403186798,
        0.39500728249549866,
        0.053383685648441315,
        0.9171255230903625,
        0.15712669491767883
    ],
    [
        0.8819046020507812,
        0.21928671002388,
        -0.41732195019721985,
        1.4542548656463623,
        -0.2231338769197464,
        0.9739568829536438,
        0.04023992642760277,
        -0.2693270444869995,
        0.4152776598930359,
        0.057630885392427444,
        0.907867431640625,
        0.11395230144262314
    ],
    [
        0.8712389469146729,
        0.22730083763599396,
        -0.43505987524986267,
        1.6012076139450073,
        -0.23129287362098694,
        0.9718623161315918,
        0.04457723721861839,
        -0.2409677952528,
        0.4329507648944855,
        0.06178881227970123,
        0.899297297000885,
        0.02864077314734459
    ],
    [
        0.859325647354126,
        0.23572024703025818,
        -0.4538670778274536,
        1.7521907091140747,
        -0.23983900249004364,
        0.9695525169372559,
        0.04944918304681778,
        -0.2053067535161972,
        0.45170414447784424,
        0.06636206060647964,
        0.8896962404251099,
        -0.08330413699150085
    ],
    [
        0.8455336093902588,
        0.24497520923614502,
        -0.4744049906730652,
        1.9352173805236816,
        -0.24923844635486603,
        0.9668756723403931,
        0.055060725659132004,
        -0.1554570496082306,
        0.472179114818573,
        0.07168426364660263,
        0.8785831332206726,
        -0.23463007807731628
    ],
    [
        0.8290258049964905,
        0.25534164905548096,
        -0.49751073122024536,
        2.1303799152374268,
        -0.25981345772743225,
        0.9636881351470947,
        0.061662252992391586,
        -0.11823180317878723,
        0.4951901435852051,
        0.07814039289951324,
        0.8652634024620056,
        -0.4039488136768341
    ],
    [
        0.814413845539093,
        0.26453617215156555,
        -0.5164791345596313,
        2.3883543014526367,
        -0.2692708373069763,
        0.9606989622116089,
        0.06746011972427368,
        -0.09873998165130615,
        0.5140265822410583,
        0.08413230627775192,
        0.8536382913589478,
        -0.6258419752120972
    ],
    [
        0.8012830018997192,
        0.27217599749565125,
        -0.5327906608581543,
        2.687295436859131,
        -0.27709275484085083,
        0.9580880999565125,
        0.07270945608615875,
        -0.09419282525777817,
        0.5302501320838928,
        0.08937157690525055,
        0.8431177139282227,
        -0.8733230233192444
    ],
    [
        0.7872770428657532,
        0.27873238921165466,
        -0.5500028133392334,
        2.987755298614502,
        -0.2835639715194702,
        0.955738365650177,
        0.07845751196146011,
        -0.09420327842235565,
        0.5475274324417114,
        0.0941932424902916,
        0.8314692378044128,
        -1.1159379482269287
    ],
    [
        0.7660467028617859,
        0.28867653012275696,
        -0.57431560754776,
        3.340298652648926,
        -0.2931487262248993,
        0.9520518183708191,
        0.08752913773059845,
        -0.11270681023597717,
        0.5720456838607788,
        0.10130846500396729,
        0.8139413595199585,
        -1.3943531513214111
    ],
    [
        0.7475639581680298,
        0.2965066432952881,
        -0.5943329930305481,
        3.6880085468292236,
        -0.30059072375297546,
        0.9489755034446716,
        0.09534505009651184,
        -0.15142464637756348,
        0.5922780632972717,
        0.10737449675798416,
        0.7985470294952393,
        -1.6489088535308838
    ],
    [
        0.7284241914749146,
        0.30494004487991333,
        -0.6135225296020508,
        4.0814008712768555,
        -0.30876895785331726,
        0.9455053806304932,
        0.10335023701190948,
        -0.1978330761194229,
        0.6116044521331787,
        0.11415384709835052,
        0.7828848958015442,
        -1.9102808237075806
    ],
    [
        0.7180023193359375,
        0.30860865116119385,
        -0.6238858699798584,
        4.480752468109131,
        -0.3118882179260254,
        0.943960964679718,
        0.10799737274646759,
        -0.23697827756404877,
        0.6222526431083679,
        0.11704026162624359,
        0.7740173935890198,
        -2.141861915588379
    ]
]