[
    [
        -0.21590988337993622,
        0.04731867089867592,
        -0.9752660989761353,
        -0.28242743015289307,
        -0.0861438438296318,
        0.9940070509910583,
        0.06729897111654282,
        0.08919645100831985,
        0.9726058840751648,
        0.0985436737537384,
        -0.21053975820541382,
        0.6083916425704956
    ],
    [
        -0.21798346936702728,
        0.04752804711461067,
        -0.9747944474220276,
        -0.3087747395038605,
        -0.08609746396541595,
        0.99398273229599,
        0.06771671026945114,
        0.08189289271831512,
        0.9721472859382629,
        0.09868844598531723,
        -0.21257974207401276,
        0.6200066208839417
    ],
    [
        -0.21847882866859436,
        0.04870123788714409,
        -0.9746257662773132,
        -0.3406330645084381,
        -0.08552970737218857,
        0.9939545392990112,
        0.06884001940488815,
        0.07375900447368622,
        0.9720861911773682,
        0.09839952737092972,
        -0.2129926085472107,
        0.634300172328949
    ],
    [
        -0.21869617700576782,
        0.04963071644306183,
        -0.9745301008224487,
        -0.3777904212474823,
        -0.08529307693243027,
        0.9939107894897461,
        0.06975852698087692,
        0.06696423888206482,
        0.9720582365989685,
        0.09837658703327179,
        -0.21313133835792542,
        0.6492698788642883
    ],
    [
        -0.21785089373588562,
        0.050948724150657654,
        -0.9746513962745667,
        -0.43677961826324463,
        -0.08474123477935791,
        0.9938777089118958,
        0.07089483737945557,
        0.05982052534818649,
        0.9722962379455566,
        0.09803766757249832,
        -0.21219968795776367,
        0.6693141460418701
    ],
    [
        -0.21828696131706238,
        0.05141835659742355,
        -0.9745290875434875,
        -0.49578356742858887,
        -0.08419742435216904,
        0.9938948750495911,
        0.071299709379673,
        0.052628275007009506,
        0.9722456932067871,
        0.09761663526296616,
        -0.21262501180171967,
        0.68587726354599
    ],
    [
        -0.2167302817106247,
        0.052644625306129456,
        -0.9748110771179199,
        -0.5644519925117493,
        -0.08393236994743347,
        0.9938426613807678,
        0.07233315706253052,
        0.049084194004535675,
        0.9726167917251587,
        0.09749498218297958,
        -0.210977241396904,
        0.7076858282089233
    ],
    [
        -0.21211643517017365,
        0.05473218113183975,
        -0.9757105708122253,
        -0.6380311846733093,
        -0.08377372473478317,
        0.9937366843223572,
        0.07395551353693008,
        0.045942846685647964,
        0.9736470580101013,
        0.09742608666419983,
        -0.20620277523994446,
        0.7268505096435547
    ],
    [
        -0.20675790309906006,
        0.0555109865963459,
        -0.9768161773681641,
        -0.7409671545028687,
        -0.08376311510801315,
        0.9937192797660828,
        0.07420129328966141,
        0.034565117210149765,
        0.9747999310493469,
        0.09716286510229111,
        -0.2008095383644104,
        0.7408442497253418
    ],
    [
        -0.1989860087633133,
        0.056033819913864136,
        -0.9783990979194641,
        -0.8278913497924805,
        -0.08431579917669296,
        0.9936832189559937,
        0.07405722886323929,
        0.0241038016974926,
        0.9763683676719666,
        0.09723085165023804,
        -0.1930045485496521,
        0.7515631914138794
    ],
    [
        -0.1910821944475174,
        0.05693862959742546,
        -0.9799212217330933,
        -0.9144257307052612,
        -0.08466586470603943,
        0.9936394691467285,
        0.07424536347389221,
        0.012884949333965778,
        0.97791588306427,
        0.09715284407138824,
        -0.18504604697227478,
        0.7602230906486511
    ],
    [
        -0.18223822116851807,
        0.057240258902311325,
        -0.9815868735313416,
        -0.9933533668518066,
        -0.08515842258930206,
        0.9936339855194092,
        0.0737530067563057,
        0.006035313010215759,
        0.9795597195625305,
        0.09703100472688675,
        -0.17620359361171722,
        0.7743855714797974
    ],
    [
        -0.1699642539024353,
        0.05823880434036255,
        -0.9837278127670288,
        -1.0881012678146362,
        -0.08572894334793091,
        0.993593692779541,
        0.07363476604223251,
        -4.374980926513672e-05,
        0.9817141890525818,
        0.09684921056032181,
        -0.16388262808322906,
        0.7943121790885925
    ],
    [
        -0.1618659794330597,
        0.05842400714755058,
        -0.9850817322731018,
        -1.173478603363037,
        -0.08585178852081299,
        0.99362713098526,
        0.0730377584695816,
        -0.00021774065680801868,
        0.9830710887908936,
        0.09639336168766022,
        -0.1558186560869217,
        0.8127157688140869
    ],
    [
        -0.15518148243427277,
        0.0580679252743721,
        -0.986177921295166,
        -1.2675811052322388,
        -0.0859069898724556,
        0.9936960339546204,
        0.07202862203121185,
        0.0015648292610421777,
        0.9841436147689819,
        0.09589708596467972,
        -0.14921486377716064,
        0.832381546497345
    ],
    [
        -0.15075945854187012,
        0.059272706508636475,
        -0.9867919683456421,
        -1.3690986633300781,
        -0.08579998463392258,
        0.9936495423316956,
        0.0727929100394249,
        0.0022854809649288654,
        0.9848400950431824,
        0.09564095735549927,
        -0.14471657574176788,
        0.8562237620353699
    ],
    [
        -0.1470559686422348,
        0.060655415058135986,
        -0.9872667193412781,
        -1.5010688304901123,
        -0.08547305315732956,
        0.9936052560806274,
        0.07377630472183228,
        -0.0036418496165424585,
        0.9854282140731812,
        0.09523394703865051,
        -0.14093129336833954,
        0.8937233686447144
    ],
    [
        -0.14561961591243744,
        0.06062347814440727,
        -0.9874814748764038,
        -1.6125848293304443,
        -0.08496294170618057,
        0.9936671257019043,
        0.07353232800960541,
        -0.014932592399418354,
        0.9856856465339661,
        0.09460708498954773,
        -0.13954663276672363,
        0.9257850050926208
    ],
    [
        -0.14346835017204285,
        0.060997266322374344,
        -0.9877732992172241,
        -1.719232439994812,
        -0.08486821502447128,
        0.9936636090278625,
        0.07368762791156769,
        -0.025474853813648224,
        0.9860092997550964,
        0.09440239518880844,
        -0.13738255202770233,
        0.950072705745697
    ],
    [
        -0.14361703395843506,
        0.062000758945941925,
        -0.987689197063446,
        -1.8191180229187012,
        -0.08517195284366608,
        0.9935580492019653,
        0.0747537836432457,
        -0.02943171188235283,
        0.9859614372253418,
        0.09485933184623718,
        -0.13741116225719452,
        0.9633139967918396
    ],
    [
        -0.14287561178207397,
        0.0610857717692852,
        -0.9878538846969604,
        -1.9518615007400513,
        -0.08576510846614838,
        0.9935750961303711,
        0.07384397089481354,
        -0.02600700967013836,
        0.9860177040100098,
        0.09527388215065002,
        -0.1367185115814209,
        0.9719654321670532
    ],
    [
        -0.1433400809764862,
        0.061572421342134476,
        -0.9877561926841736,
        -2.0638880729675293,
        -0.08619295805692673,
        0.9934938549995422,
        0.07443813234567642,
        -0.02225830964744091,
        0.9859129190444946,
        0.09580760449171066,
        -0.13710039854049683,
        0.9710580110549927
    ],
    [
        -0.1430283784866333,
        0.06270565092563629,
        -0.9877301454544067,
        -2.1749961376190186,
        -0.08659476786851883,
        0.993370771408081,
        0.07560311257839203,
        -0.023208025842905045,
        0.9859230518341064,
        0.09634565562009811,
        -0.1366502046585083,
        0.9625909328460693
    ],
    [
        -0.1430114358663559,
        0.0614614300429821,
        -0.9878109097480774,
        -2.2844088077545166,
        -0.0870375707745552,
        0.9934220910072327,
        0.07441152632236481,
        -0.02735106088221073,
        0.9858865141868591,
        0.09661835432052612,
        -0.1367214173078537,
        0.9502832889556885
    ],
    [
        -0.1430841088294983,
        0.06207430735230446,
        -0.9877619743347168,
        -2.406623125076294,
        -0.08746194839477539,
        0.9933332800865173,
        0.07509391009807587,
        -0.030778847634792328,
        0.9858383536338806,
        0.09713632613420486,
        -0.13670110702514648,
        0.9277772307395935
    ]
]