[
    [
        0.37927553057670593,
        -0.15086567401885986,
        0.912901759147644,
        -0.0850008949637413,
        0.13879671692848206,
        0.9847311973571777,
        0.10507148504257202,
        -0.20080389082431793,
        -0.9148144125938416,
        0.08685672283172607,
        0.39442411065101624,
        1.5841412544250488
    ],
    [
        0.35769787430763245,
        -0.1527383178472519,
        0.9212618470191956,
        -0.07442662864923477,
        0.13918077945709229,
        0.9842343330383301,
        0.10913905501365662,
        -0.20513854920864105,
        -0.923407256603241,
        0.08918312937021255,
        0.37331679463386536,
        1.6003828048706055
    ],
    [
        0.33745697140693665,
        -0.15365324914455414,
        0.9287161231040955,
        -0.06479837745428085,
        0.13904255628585815,
        0.9839026927947998,
        0.11226142942905426,
        -0.20698609948158264,
        -0.9310156106948853,
        0.09124765545129776,
        0.353389173746109,
        1.6128374338150024
    ],
    [
        0.31875041127204895,
        -0.1542656123638153,
        0.9352007508277893,
        -0.0531499870121479,
        0.13876450061798096,
        0.9836305379867554,
        0.11495832353830338,
        -0.20779681205749512,
        -0.9376260638237,
        0.09312963485717773,
        0.33493924140930176,
        1.6215423345565796
    ],
    [
        0.30075737833976746,
        -0.15551163256168365,
        0.940936267375946,
        -0.037153929471969604,
        0.139020636677742,
        0.9832262992858887,
        0.1180649995803833,
        -0.20929142832756042,
        -0.9435138702392578,
        0.09530064463615417,
        0.31733188033103943,
        1.6289180517196655
    ],
    [
        0.28308963775634766,
        -0.1561240702867508,
        0.9463009834289551,
        -0.019475458189845085,
        0.1389036327600479,
        0.9829334020614624,
        0.12061425298452377,
        -0.20882943272590637,
        -0.948981523513794,
        0.09730000048875809,
        0.2999444305896759,
        1.636927604675293
    ],
    [
        0.266988605260849,
        -0.15630923211574554,
        0.9509387612342834,
        0.00011545890447450802,
        0.13908469676971436,
        0.9826775193214417,
        0.12247638404369354,
        -0.20683510601520538,
        -0.9536103010177612,
        0.09956123679876328,
        0.2841039299964905,
        1.6429390907287598
    ],
    [
        0.25173836946487427,
        -0.15751609206199646,
        0.9548908472061157,
        0.018996834754943848,
        0.14026260375976562,
        0.9821869134902954,
        0.12504126131534576,
        -0.20790086686611176,
        -0.9575772881507874,
        0.10245777666568756,
        0.26934775710105896,
        1.6478291749954224
    ],
    [
        0.23759952187538147,
        -0.15881690382957458,
        0.9582920670509338,
        0.03871670365333557,
        0.1420111060142517,
        0.9816227555274963,
        0.12747319042682648,
        -0.20853424072265625,
        -0.9609262943267822,
        0.10580053925514221,
        0.2557868957519531,
        1.651357889175415
    ],
    [
        0.2240513563156128,
        -0.16035789251327515,
        0.9612941145896912,
        0.05760391056537628,
        0.1442084163427353,
        0.980967104434967,
        0.1300286054611206,
        -0.20972351729869843,
        -0.963848888874054,
        0.10949362814426422,
        0.24291196465492249,
        1.6553798913955688
    ],
    [
        0.2108837068080902,
        -0.1614799201488495,
        0.9640811681747437,
        0.07499316334724426,
        0.14640356600284576,
        0.9803540110588074,
        0.13218118250370026,
        -0.21023251116275787,
        -0.9664853811264038,
        0.11327005177736282,
        0.23038195073604584,
        1.6607507467269897
    ],
    [
        0.19909781217575073,
        -0.16190166771411896,
        0.9665132164955139,
        0.09133976697921753,
        0.148187056183815,
        0.9798914194107056,
        0.13361674547195435,
        -0.209451824426651,
        -0.9687107801437378,
        0.11662193387746811,
        0.21908600628376007,
        1.6650947332382202
    ],
    [
        0.1880878210067749,
        -0.16114695370197296,
        0.9688419103622437,
        0.10733535140752792,
        0.1489284187555313,
        0.9797205924987793,
        0.13404393196105957,
        -0.2059422731399536,
        -0.9707950949668884,
        0.11907605081796646,
        0.20827291905879974,
        1.6698881387710571
    ],
    [
        0.17846733331680298,
        -0.1598460078239441,
        0.9708751440048218,
        0.12554383277893066,
        0.14963911473751068,
        0.9796479940414429,
        0.13378354907035828,
        -0.20054742693901062,
        -0.9725006222724915,
        0.12140493094921112,
        0.19875437021255493,
        1.6726888418197632
    ],
    [
        0.17048142850399017,
        -0.15770377218723297,
        0.9726590514183044,
        0.14430296421051025,
        0.1499219387769699,
        0.9797683954238892,
        0.13257911801338196,
        -0.19250619411468506,
        -0.9738888740539551,
        0.12322065979242325,
        0.19067561626434326,
        1.674171805381775
    ],
    [
        0.16360870003700256,
        -0.15581463277339935,
        0.9741427898406982,
        0.16157414019107819,
        0.14996685087680817,
        0.9799004793167114,
        0.1315484493970871,
        -0.18487419188022614,
        -0.9750601649284363,
        0.12456664443016052,
        0.18368729948997498,
        1.6754597425460815
    ],
    [
        0.15778934955596924,
        -0.15364348888397217,
        0.9754466414451599,
        0.17799806594848633,
        0.14971302449703217,
        0.9801243543624878,
        0.13016252219676971,
        -0.17643113434314728,
        -0.9760576486587524,
        0.12549883127212524,
        0.1776556521654129,
        1.6761502027511597
    ],
    [
        0.15249133110046387,
        -0.1513635367155075,
        0.9766450524330139,
        0.1927518993616104,
        0.14895373582839966,
        0.980434000492096,
        0.12869344651699066,
        -0.16768129169940948,
        -0.977015495300293,
        0.12585027515888214,
        0.17205385863780975,
        1.6772476434707642
    ],
    [
        0.148123636841774,
        -0.1492118537425995,
        0.9776477813720703,
        0.20801091194152832,
        0.1482803374528885,
        0.980728805065155,
        0.12721610069274902,
        -0.15915749967098236,
        -0.9777895212173462,
        0.12612222135066986,
        0.16739432513713837,
        1.6771557331085205
    ],
    [
        0.14401689171791077,
        -0.14699746668338776,
        0.9785963296890259,
        0.2223128080368042,
        0.14778050780296326,
        0.9810109734535217,
        0.1256117820739746,
        -0.15064111351966858,
        -0.9784784317016602,
        0.12652724981307983,
        0.1630055457353592,
        1.67800772190094
    ],
    [
        0.1405745893716812,
        -0.14511317014694214,
        0.9793778657913208,
        0.23656712472438812,
        0.14784397184848785,
        0.9811862111091614,
        0.12416038662195206,
        -0.14285357296466827,
        -0.978969395160675,
        0.12734131515026093,
        0.15938393771648407,
        1.6783299446105957
    ],
    [
        0.1376727968454361,
        -0.14329563081264496,
        0.980057418346405,
        0.2501063346862793,
        0.14799821376800537,
        0.981347382068634,
        0.12269429862499237,
        -0.13537760078907013,
        -0.9793583154678345,
        0.12815508246421814,
        0.15631234645843506,
        1.6782474517822266
    ],
    [
        0.13507826626300812,
        -0.1416783332824707,
        0.9806533455848694,
        0.262332946062088,
        0.1483469307422638,
        0.981460452079773,
        0.1213611513376236,
        -0.12873800098896027,
        -0.9796668887138367,
        0.12908366322517395,
        0.15359151363372803,
        1.6784999370574951
    ],
    [
        0.1326165795326233,
        -0.1403413563966751,
        0.9811815023422241,
        0.27354636788368225,
        0.14871320128440857,
        0.9815366864204407,
        0.12029208242893219,
        -0.12306153029203415,
        -0.979947566986084,
        0.12996192276477814,
        0.15103860199451447,
        1.678989291191101
    ],
    [
        0.13036851584911346,
        -0.13917411863803864,
        0.9816489219665527,
        0.28363901376724243,
        0.14916805922985077,
        0.9815821647644043,
        0.11935430020093918,
        -0.11819402128458023,
        -0.9801799058914185,
        0.13087064027786255,
        0.148727685213089,
        1.679779291152954
    ]
]