[
    [
        0.997857391834259,
        0.02089962549507618,
        -0.06199857220053673,
        0.06120577082037926,
        -0.02350299246609211,
        0.9988594055175781,
        -0.041562989354133606,
        0.007238268852233887,
        0.06105921044945717,
        0.04293109104037285,
        0.9972105622291565,
        0.3310664892196655
    ],
    [
        0.9969615340232849,
        0.022664181888103485,
        -0.07452508062124252,
        0.08510424941778183,
        -0.026204602792859077,
        0.9985569715499878,
        -0.04687696695327759,
        0.003562485333532095,
        0.07335510104894638,
        0.04868743568658829,
        0.9961166381835938,
        0.38499289751052856
    ],
    [
        0.9959869384765625,
        0.024101193994283676,
        -0.08619212359189987,
        0.10432252287864685,
        -0.02863793447613716,
        0.9982472062110901,
        -0.05179198086261749,
        0.011437729001045227,
        0.08479279279708862,
        0.054052501916885376,
        0.9949313998222351,
        0.44191327691078186
    ],
    [
        0.9951103329658508,
        0.02594488300383091,
        -0.09530099481344223,
        0.11743146926164627,
        -0.03141718730330467,
        0.9979150891304016,
        -0.05637695640325546,
        0.03252999112010002,
        0.09363961219787598,
        0.059095386415719986,
        0.9938507080078125,
        0.5133030414581299
    ],
    [
        0.9947035908699036,
        0.027554314583539963,
        -0.09902334958314896,
        0.11545071005821228,
        -0.03345673531293869,
        0.9977296590805054,
        -0.058448586612939835,
        0.04705384373664856,
        0.09718801826238632,
        0.06145201250910759,
        0.9933670163154602,
        0.5735044479370117
    ],
    [
        0.9944491982460022,
        0.029701726511120796,
        -0.10093764215707779,
        0.10430095344781876,
        -0.03588208556175232,
        0.9975546598434448,
        -0.059975799173116684,
        0.060102395713329315,
        0.09890943765640259,
        0.06326474249362946,
        0.9930833578109741,
        0.637915849685669
    ],
    [
        0.994311511516571,
        0.0318303145468235,
        -0.10164337605237961,
        0.08320548385381699,
        -0.03809357434511185,
        0.9974539875984192,
        -0.06028535217046738,
        0.07363256812095642,
        0.09946569055318832,
        0.06381437182426453,
        0.992992639541626,
        0.7182225584983826
    ],
    [
        0.9939579367637634,
        0.03352482616901398,
        -0.10451608151197433,
        0.05908851698040962,
        -0.039894841611385345,
        0.9974329471588135,
        -0.05946487933397293,
        0.08766192197799683,
        0.1022542268037796,
        0.06327524036169052,
        0.9927438497543335,
        0.809457004070282
    ],
    [
        0.9935579895973206,
        0.03490549698472023,
        -0.10781532526016235,
        0.028214022517204285,
        -0.0413251593708992,
        0.997467041015625,
        -0.05789398029446602,
        0.1014263778924942,
        0.10552141070365906,
        0.061976514756679535,
        0.992483913898468,
        0.8970396518707275
    ],
    [
        0.9931539297103882,
        0.03624313324689865,
        -0.11104819923639297,
        -0.005271150264889002,
        -0.04262116178870201,
        0.9975424408912659,
        -0.05560923367738724,
        0.10935500264167786,
        0.10875984281301498,
        0.05996153503656387,
        0.9922578930854797,
        0.9772039651870728
    ],
    [
        0.9927524924278259,
        0.03673428297042847,
        -0.11442499607801437,
        -0.03607391566038132,
        -0.043001823127269745,
        0.9976789951324463,
        -0.052795663475990295,
        0.1139705553650856,
        0.11222000420093536,
        0.057333506643772125,
        0.9920279383659363,
        1.0419491529464722
    ],
    [
        0.9921194314956665,
        0.03710927069187164,
        -0.11967423558235168,
        -0.08325076103210449,
        -0.0430874302983284,
        0.9979291558265686,
        -0.04775841906666756,
        0.128525048494339,
        0.11765413731336594,
        0.05253850668668747,
        0.9916638135910034,
        1.1413817405700684
    ],
    [
        0.9915256500244141,
        0.03734647482633591,
        -0.12442748993635178,
        -0.1231314167380333,
        -0.04299174249172211,
        0.9981496930122375,
        -0.04299722984433174,
        0.14736251533031464,
        0.12259146571159363,
        0.04798220470547676,
        0.991296648979187,
        1.2375156879425049
    ],
    [
        0.9912964701652527,
        0.037655510008335114,
        -0.12614795565605164,
        -0.1654190570116043,
        -0.042667318135499954,
        0.9983940720558167,
        -0.037265144288539886,
        0.1612241566181183,
        0.12454213947057724,
        0.04232319816946983,
        0.9913113117218018,
        1.3377363681793213
    ],
    [
        0.9912279844284058,
        0.03664609417319298,
        -0.12698115408420563,
        -0.20594745874404907,
        -0.04085336625576019,
        0.9986938238143921,
        -0.03068779595196247,
        0.1725645810365677,
        0.12569071352481842,
        0.03560621291399002,
        0.9914303421974182,
        1.4380689859390259
    ],
    [
        0.9912357926368713,
        0.03575942665338516,
        -0.12717333436012268,
        -0.23667752742767334,
        -0.03921160101890564,
        0.9989244937896729,
        -0.024745536968111992,
        0.18165896832942963,
        0.1261516809463501,
        0.029515329748392105,
        0.9915717840194702,
        1.5174373388290405
    ],
    [
        0.9912450909614563,
        0.034672658890485764,
        -0.1274009644985199,
        -0.27113640308380127,
        -0.03725500404834747,
        0.9991446733474731,
        -0.017942020669579506,
        0.20213012397289276,
        0.12666989862918854,
        0.022531263530254364,
        0.9916889667510986,
        1.6055914163589478
    ],
    [
        0.9912418723106384,
        0.03318482264876366,
        -0.12782098352909088,
        -0.29439255595207214,
        -0.034971363842487335,
        0.9993191361427307,
        -0.011757462285459042,
        0.22305655479431152,
        0.1273437887430191,
        0.01612456515431404,
        0.9917274713516235,
        1.67499840259552
    ],
    [
        0.991226077079773,
        0.03155055642127991,
        -0.1283574402332306,
        -0.3146938681602478,
        -0.032557450234889984,
        0.9994533061981201,
        -0.005753369070589542,
        0.24882568418979645,
        0.12810571491718292,
        0.009881880134344101,
        0.9917113184928894,
        1.7446293830871582
    ],
    [
        0.9913292527198792,
        0.029822662472724915,
        -0.12797193229198456,
        -0.33730369806289673,
        -0.029785867780447006,
        0.999553918838501,
        0.002201674971729517,
        0.29162663221359253,
        0.12798050045967102,
        0.0016291671199724078,
        0.991775393486023,
        1.8362349271774292
    ],
    [
        0.9918062686920166,
        0.02767377905547619,
        -0.12471770495176315,
        -0.35767456889152527,
        -0.026552299037575722,
        0.9995906949043274,
        0.010645776987075806,
        0.3430805504322052,
        0.12496127188205719,
        -0.007247007451951504,
        0.9921349883079529,
        1.9367530345916748
    ],
    [
        0.992455244064331,
        0.027938585728406906,
        -0.11938212811946869,
        -0.3833290636539459,
        -0.026042304933071136,
        0.9995091557502747,
        0.017415110021829605,
        0.3970675766468048,
        0.1198100820183754,
        -0.014174734242260456,
        0.9926956295967102,
        2.054581880569458
    ],
    [
        0.9928516149520874,
        0.026461010798811913,
        -0.11638469994068146,
        -0.4039200246334076,
        -0.02367541752755642,
        0.9994007349014282,
        0.02525223232805729,
        0.4362408220767975,
        0.11698316037654877,
        -0.02231627143919468,
        0.9928831458091736,
        2.1867623329162598
    ],
    [
        0.9932605028152466,
        0.02624364197254181,
        -0.11289317160844803,
        -0.41653621196746826,
        -0.022832665592432022,
        0.9992460608482361,
        0.031401995569467545,
        0.4708268642425537,
        0.11363215744495392,
        -0.02861270308494568,
        0.9931107759475708,
        2.2871286869049072
    ],
    [
        0.9939171671867371,
        0.025537217035889626,
        -0.10712853819131851,
        -0.42045164108276367,
        -0.02154695615172386,
        0.9990361928939819,
        0.038241129368543625,
        0.5111531615257263,
        0.10800186544656754,
        -0.03570021688938141,
        0.9935095310211182,
        2.3926103115081787
    ]
]