[
    [
        0.999940812587738,
        -0.0051258946768939495,
        0.009600392542779446,
        0.15643346309661865,
        0.003921904601156712,
        0.992586612701416,
        0.12147640436887741,
        0.2439921796321869,
        -0.010151898488402367,
        -0.12143155187368393,
        0.992547869682312,
        2.6158974170684814
    ],
    [
        0.9999380707740784,
        -0.005262416321784258,
        0.00980895385146141,
        0.12239297479391098,
        0.004032714758068323,
        0.9925933480262756,
        0.12141715735197067,
        0.1614529937505722,
        -0.010375249199569225,
        -0.12137007713317871,
        0.9925531148910522,
        2.7745535373687744
    ],
    [
        0.99993896484375,
        -0.005021161399781704,
        0.009847193025052547,
        0.10647201538085938,
        0.0037886155769228935,
        0.9925946593284607,
        0.12141460925340652,
        0.04707232117652893,
        -0.010383914224803448,
        -0.12136989086866379,
        0.9925529360771179,
        2.966308355331421
    ],
    [
        0.9999378323554993,
        -0.004906117916107178,
        0.010009407065808773,
        0.08071394264698029,
        0.003651083679869771,
        0.9925530552864075,
        0.12175799906253815,
        -0.08401286602020264,
        -0.010532226413488388,
        -0.12171389162540436,
        0.9925092458724976,
        3.1686201095581055
    ],
    [
        0.9999337196350098,
        -0.00491540739312768,
        0.010418613441288471,
        0.019256602972745895,
        0.0036085634492337704,
        0.9925317168235779,
        0.12193316966295242,
        -0.22197771072387695,
        -0.010940156877040863,
        -0.12188748270273209,
        0.9924837350845337,
        3.389479637145996
    ],
    [
        0.9999275207519531,
        -0.004941357299685478,
        0.010979966260492802,
        -0.09155470877885818,
        0.0035654394887387753,
        0.9925271272659302,
        0.12197218090295792,
        -0.3791106641292572,
        -0.011500624008476734,
        -0.12192420661449432,
        0.992472767829895,
        3.630901575088501
    ],
    [
        0.9999226331710815,
        -0.005016655661165714,
        0.011382817290723324,
        -0.2137945294380188,
        0.0035908690188080072,
        0.9925251603126526,
        0.12198814004659653,
        -0.5492447018623352,
        -0.011909709312021732,
        -0.12193772196769714,
        0.992466390132904,
        3.889861583709717
    ],
    [
        0.9999162554740906,
        -0.005088276229798794,
        0.01190166361629963,
        -0.32664522528648376,
        0.0035919402725994587,
        0.9924586415290833,
        0.12252724915742874,
        -0.7237417697906494,
        -0.012435364536941051,
        -0.12247418612241745,
        0.9923937916755676,
        4.125698089599609
    ],
    [
        0.9999107718467712,
        -0.005323197226971388,
        0.012255369685590267,
        -0.4577416777610779,
        0.0037774897646158934,
        0.9924171566963196,
        0.12285705655813217,
        -0.9419048428535461,
        -0.01281642448157072,
        -0.12279987335205078,
        0.9923486113548279,
        4.393402576446533
    ],
    [
        0.9999101758003235,
        -0.005447100382298231,
        0.012248794548213482,
        -0.5725380182266235,
        0.0038977288641035557,
        0.9923824667930603,
        0.1231338307261467,
        -1.1685824394226074,
        -0.012826221995055676,
        -0.12307494133710861,
        0.9923145771026611,
        4.658659934997559
    ],
    [
        0.999909520149231,
        -0.005522666499018669,
        0.012271139770746231,
        -0.6764988899230957,
        0.003966466058045626,
        0.9923487305641174,
        0.123401939868927,
        -1.4125001430511475,
        -0.012858767062425613,
        -0.1233423724770546,
        0.992280900478363,
        4.92378044128418
    ],
    [
        0.9999064207077026,
        -0.0052168783731758595,
        0.012650354765355587,
        -0.7911077737808228,
        0.003614298300817609,
        0.9923321604728699,
        0.12354712933301926,
        -1.6860536336898804,
        -0.013197887688875198,
        -0.1234898790717125,
        0.9922581315040588,
        5.197576522827148
    ],
    [
        0.9998977184295654,
        -0.005382984410971403,
        0.013249837793409824,
        -0.9148716926574707,
        0.0036953839007765055,
        0.9922446608543396,
        0.12424562126398087,
        -1.992794394493103,
        -0.013815896585583687,
        -0.12418396025896072,
        0.9921630024909973,
        5.480051040649414
    ],
    [
        0.9998902082443237,
        -0.005575312301516533,
        0.01372920535504818,
        -1.0097423791885376,
        0.003815476316958666,
        0.9921475648880005,
        0.12501463294029236,
        -2.2826712131500244,
        -0.014318739995360374,
        -0.1249484121799469,
        0.9920600056648254,
        5.7353644371032715
    ],
    [
        0.9998789429664612,
        -0.00585129763931036,
        0.014419031329452991,
        -1.1018482446670532,
        0.003985837567597628,
        0.9920006990432739,
        0.12616968154907227,
        -2.624130964279175,
        -0.015041638165712357,
        -0.12609705328941345,
        0.9919037818908691,
        6.0238518714904785
    ],
    [
        0.9998706579208374,
        -0.00633703637868166,
        0.014779254794120789,
        -1.1963595151901245,
        0.0044028800912201405,
        0.9918414354324341,
        0.1274014562368393,
        -3.0078909397125244,
        -0.015466160140931606,
        -0.12731987237930298,
        0.9917411208152771,
        6.320040702819824
    ],
    [
        0.9998614192008972,
        -0.006728511769324541,
        0.015234099701046944,
        -1.2888199090957642,
        0.004710046108812094,
        0.9916521906852722,
        0.1288558393716812,
        -3.41540789604187,
        -0.015973977744579315,
        -0.12876614928245544,
        0.9915462732315063,
        6.6311540603637695
    ],
    [
        0.9998520612716675,
        -0.0069974870420992374,
        0.01571681909263134,
        -1.3949427604675293,
        0.004896562080830336,
        0.9915089011192322,
        0.12994734942913055,
        -3.8203437328338623,
        -0.016492893919348717,
        -0.12985114753246307,
        0.9913963675498962,
        6.9634552001953125
    ],
    [
        0.9998385310173035,
        -0.007356711663305759,
        0.016395121812820435,
        -1.524703025817871,
        0.0051420810632407665,
        0.9913370609283447,
        0.1312418431043625,
        -4.237721920013428,
        -0.01721840351819992,
        -0.13113631308078766,
        0.9912148118019104,
        7.31531286239624
    ],
    [
        0.9998298287391663,
        -0.007752387318760157,
        0.016736743971705437,
        -1.6522433757781982,
        0.005465246737003326,
        0.9911525845527649,
        0.13261449337005615,
        -4.626763343811035,
        -0.017616746947169304,
        -0.132500559091568,
        0.9910262823104858,
        7.640504360198975
    ],
    [
        0.9998246431350708,
        -0.0076397256925702095,
        0.017097150906920433,
        -1.7924050092697144,
        0.005275486968457699,
        0.9909294247627258,
        0.13427986204624176,
        -5.081613540649414,
        -0.017967745661735535,
        -0.13416622579097748,
        0.990795910358429,
        8.018054962158203
    ],
    [
        0.9998173713684082,
        -0.007813428528606892,
        0.017439279705286026,
        -1.9409680366516113,
        0.0053740753792226315,
        0.9907261729240417,
        0.13576802611351013,
        -5.55152702331543,
        -0.018338361755013466,
        -0.13564956188201904,
        0.9905871748924255,
        8.408282279968262
    ],
    [
        0.9998186826705933,
        -0.007602242287248373,
        0.01746063120663166,
        -2.0979034900665283,
        0.005135601386427879,
        0.9905283451080322,
        0.137211874127388,
        -6.018138408660889,
        -0.018338201567530632,
        -0.13709715008735657,
        0.9903878569602966,
        8.812742233276367
    ],
    [
        0.9998130202293396,
        -0.007621641270816326,
        0.017770390957593918,
        -2.274044990539551,
        0.005093345418572426,
        0.9903898239135742,
        0.13820984959602356,
        -6.4640984535217285,
        -0.018652882426977158,
        -0.13809353113174438,
        0.9902434945106506,
        9.23220157623291
    ],
    [
        0.9998071193695068,
        -0.007789178751409054,
        0.018029969185590744,
        -2.4575512409210205,
        0.00520206056535244,
        0.9902325868606567,
        0.13932806253433228,
        -6.887845039367676,
        -0.018939124420285225,
        -0.13920734822750092,
        0.9900820851325989,
        9.66263198852539
    ]
]