[
    [
        0.9998355507850647,
        0.00023702875478193164,
        -0.018134627491235733,
        -0.01191024575382471,
        -0.00011056627408834174,
        0.9999756813049316,
        0.006974236108362675,
        -0.018970774486660957,
        0.018135836347937584,
        -0.006971083581447601,
        0.9998112320899963,
        0.6199244260787964
    ],
    [
        0.9997567534446716,
        0.0014903685078024864,
        -0.022005094215273857,
        -0.009470891207456589,
        -0.0012953566620126367,
        0.9999598860740662,
        0.008873743005096912,
        -0.027863217517733574,
        0.022017434239387512,
        -0.008843080140650272,
        0.9997183680534363,
        0.715417742729187
    ],
    [
        0.9996454119682312,
        0.0014402222586795688,
        -0.026587430387735367,
        -0.014029431156814098,
        -0.0011600516736507416,
        0.999943733215332,
        0.010550114326179028,
        -0.03442492336034775,
        0.026601126417517662,
        -0.010515531525015831,
        0.9995909333229065,
        0.8518587946891785
    ],
    [
        0.9995530843734741,
        0.002106428612023592,
        -0.029820121824741364,
        -0.02220732532441616,
        -0.0017788284458220005,
        0.9999378323554993,
        0.011008160188794136,
        -0.038494985550642014,
        0.029841456562280655,
        -0.010950195603072643,
        0.9994946718215942,
        0.9551792740821838
    ],
    [
        0.9994178414344788,
        0.0038992271292954683,
        -0.03389276564121246,
        -0.03903346136212349,
        -0.00353306089527905,
        0.9999349117279053,
        0.01085684821009636,
        -0.04077162593603134,
        0.0339328870177269,
        -0.010730783455073833,
        0.9993665814399719,
        1.0964797735214233
    ],
    [
        0.9993112683296204,
        0.005010230466723442,
        -0.036767300218343735,
        -0.05126452073454857,
        -0.004597708582878113,
        0.9999256730079651,
        0.011295806616544724,
        -0.04608277603983879,
        0.036821164190769196,
        -0.01111898198723793,
        0.9992600083351135,
        1.199870228767395
    ],
    [
        0.9991462230682373,
        0.007147766649723053,
        -0.04069209098815918,
        -0.06907346099615097,
        -0.006666523404419422,
        0.9999064803123474,
        0.011949898675084114,
        -0.05264253541827202,
        0.04077369347214699,
        -0.011668420396745205,
        0.9991003274917603,
        1.3329471349716187
    ],
    [
        0.9989387392997742,
        0.00985036976635456,
        -0.044992513954639435,
        -0.0840815007686615,
        -0.009294033981859684,
        0.9998779296875,
        0.012557590380311012,
        -0.05955521762371063,
        0.04511072114109993,
        -0.01212610024958849,
        0.9989083409309387,
        1.4614354372024536
    ],
    [
        0.9987940192222595,
        0.011579914949834347,
        -0.047712307423353195,
        -0.09516844898462296,
        -0.010953867807984352,
        0.9998507499694824,
        0.01336190477013588,
        -0.06574951112270355,
        0.04785991460084915,
        -0.012823156081140041,
        0.9987717270851135,
        1.561845064163208
    ],
    [
        0.9985822439193726,
        0.013605435378849506,
        -0.05146181955933571,
        -0.1097729429602623,
        -0.012866182252764702,
        0.9998096823692322,
        0.014669177122414112,
        -0.07511556148529053,
        0.051651597023010254,
        -0.013986261561512947,
        0.9985672235488892,
        1.6943345069885254
    ],
    [
        0.9984582662582397,
        0.015208564698696136,
        -0.05338374897837639,
        -0.12317660450935364,
        -0.014404091984033585,
        0.9997773766517639,
        0.015422169119119644,
        -0.08268219977617264,
        0.05360640957951546,
        -0.014629446901381016,
        0.9984549880027771,
        1.7971758842468262
    ],
    [
        0.9983090758323669,
        0.016964547336101532,
        -0.05559774860739708,
        -0.14142605662345886,
        -0.016052866354584694,
        0.9997299313545227,
        0.016803650185465813,
        -0.09289070218801498,
        0.055867791175842285,
        -0.015882736071944237,
        0.9983118772506714,
        1.9309920072555542
    ],
    [
        0.9981955885887146,
        0.01979934424161911,
        -0.05668766796588898,
        -0.15884774923324585,
        -0.018798066303133965,
        0.9996586441993713,
        0.018142251297831535,
        -0.10249533504247665,
        0.057027529925107956,
        -0.01704389601945877,
        0.9982271790504456,
        2.0506680011749268
    ],
    [
        0.9981290102005005,
        0.021555408835411072,
        -0.057217273861169815,
        -0.17251643538475037,
        -0.02052517794072628,
        0.9996175765991211,
        0.018532652407884598,
        -0.10770125687122345,
        0.057594869285821915,
        -0.017323583364486694,
        0.9981897473335266,
        2.139039993286133
    ],
    [
        0.9981847405433655,
        0.021702060475945473,
        -0.05618055909872055,
        -0.19547583162784576,
        -0.020679006353020668,
        0.9996107816696167,
        0.01872788555920124,
        -0.11256307363510132,
        0.05656512826681137,
        -0.01753213442862034,
        0.9982450008392334,
        2.2554574012756348
    ],
    [
        0.9982922077178955,
        0.022073861211538315,
        -0.05408764258027077,
        -0.21619537472724915,
        -0.021111076697707176,
        0.9996095299720764,
        0.018307633697986603,
        -0.11509533226490021,
        0.05447063967585564,
        -0.017134517431259155,
        0.9983683824539185,
        2.3457601070404053
    ],
    [
        0.998538076877594,
        0.0207078754901886,
        -0.049929648637771606,
        -0.24055245518684387,
        -0.019813846796751022,
        0.9996355175971985,
        0.01833471655845642,
        -0.1223013699054718,
        0.05029112845659256,
        -0.017318611964583397,
        0.9985844492912292,
        2.467653274536133
    ],
    [
        0.9987440705299377,
        0.021191664040088654,
        -0.04539933428168297,
        -0.2641769051551819,
        -0.0203836802393198,
        0.9996267557144165,
        0.018186990171670914,
        -0.12744006514549255,
        0.045767802745103836,
        -0.017238745465874672,
        0.9988033771514893,
        2.5617425441741943
    ],
    [
        0.9990608096122742,
        0.02076885662972927,
        -0.03802710399031639,
        -0.2912124991416931,
        -0.02010934427380562,
        0.9996421337127686,
        0.017644349485635757,
        -0.1341302990913391,
        0.03837994858622551,
        -0.016863081604242325,
        0.9991208910942078,
        2.6913886070251465
    ],
    [
        0.9993520975112915,
        0.021615957841277122,
        -0.028778675943613052,
        -0.31975069642066956,
        -0.021138949319720268,
        0.9996357560157776,
        0.01677745021879673,
        -0.1421455293893814,
        0.029130857437849045,
        -0.016158228740096092,
        0.9994449019432068,
        2.82383131980896
    ],
    [
        0.9995368123054504,
        0.02220054343342781,
        -0.02081112191081047,
        -0.34245750308036804,
        -0.02187061309814453,
        0.9996336102485657,
        0.0159493125975132,
        -0.14945876598358154,
        0.021157581359148026,
        -0.015486775897443295,
        0.9996562004089355,
        2.9256203174591064
    ],
    [
        0.9997430443763733,
        0.020935408771038055,
        -0.008690238930284977,
        -0.3639812171459198,
        -0.020804040133953094,
        0.9996718168258667,
        0.014941377565264702,
        -0.15425504744052887,
        0.00900019146502018,
        -0.014756747521460056,
        0.9998505711555481,
        3.0554468631744385
    ],
    [
        0.9998415112495422,
        0.01766779273748398,
        0.002172707347199321,
        -0.3806759715080261,
        -0.0177005548030138,
        0.9997133612632751,
        0.016118815168738365,
        -0.16822326183319092,
        -0.0018873002845793962,
        -0.016154717653989792,
        0.9998676776885986,
        3.1442759037017822
    ],
    [
        0.9997450709342957,
        0.01168217696249485,
        0.019321506842970848,
        -0.4032385051250458,
        -0.012028454802930355,
        0.9997674226760864,
        0.017903855070471764,
        -0.18573419749736786,
        -0.01910785399377346,
        -0.018131697550415993,
        0.9996529817581177,
        3.2578091621398926
    ],
    [
        0.9992613792419434,
        0.005442868918180466,
        0.03804120048880577,
        -0.4215524196624756,
        -0.006161857396364212,
        0.9998041391372681,
        0.01880865916609764,
        -0.19561854004859924,
        -0.037931378930807114,
        -0.019029168412089348,
        0.9990991950035095,
        3.374588966369629
    ]
]