[
    [
        0.9971004724502563,
        -0.003800709266215563,
        0.0760006457567215,
        0.09117977321147919,
        0.0037606405094265938,
        0.9999927282333374,
        0.0006703186663798988,
        0.03878534957766533,
        -0.07600262761116028,
        -0.0003825643507298082,
        0.9971075654029846,
        0.0865020677447319
    ],
    [
        0.9966919422149658,
        -0.004266251809895039,
        0.08116017282009125,
        0.10615554451942444,
        0.004179142881184816,
        0.9999904036521912,
        0.0012431321665644646,
        0.048818189650774,
        -0.08116471767425537,
        -0.0008998396806418896,
        0.9967003464698792,
        0.08932722359895706
    ],
    [
        0.9961826801300049,
        -0.0045389835722744465,
        0.08717451989650726,
        0.12575818598270416,
        0.00436873733997345,
        0.9999882578849792,
        0.002143633319064975,
        0.06365887075662613,
        -0.08718321472406387,
        -0.001754608703777194,
        0.9961906671524048,
        0.09315615892410278
    ],
    [
        0.9957900643348694,
        -0.00470918882638216,
        0.09154205769300461,
        0.14743618667125702,
        0.004443249199539423,
        0.9999852776527405,
        0.00310869631357491,
        0.07696071267127991,
        -0.09155535697937012,
        -0.0026888642460107803,
        0.9957963228225708,
        0.09865649789571762
    ],
    [
        0.9955273270606995,
        -0.005197302438318729,
        0.09433095157146454,
        0.1686893254518509,
        0.004810826387256384,
        0.9999790787696838,
        0.004323969595134258,
        0.09161823987960815,
        -0.09435144066810608,
        -0.0038508207071572542,
        0.9955314993858337,
        0.1030765250325203
    ],
    [
        0.9954825043678284,
        -0.005714646074920893,
        0.09477207064628601,
        0.189926877617836,
        0.0051977490074932575,
        0.9999701976776123,
        0.005700075067579746,
        0.10983221977949142,
        -0.09480182826519012,
        -0.005181724205613136,
        0.9954826831817627,
        0.10697244852781296
    ],
    [
        0.995462954044342,
        -0.006311860401183367,
        0.09494031965732574,
        0.21180811524391174,
        0.005687088239938021,
        0.9999603629112244,
        0.006849830970168114,
        0.12969547510147095,
        -0.09497980028390884,
        -0.006278818938881159,
        0.9954593777656555,
        0.11198555678129196
    ],
    [
        0.9954458475112915,
        -0.007032726891338825,
        0.09506843239068985,
        0.23450946807861328,
        0.0062708305194973946,
        0.9999458193778992,
        0.008310569450259209,
        0.14937131106853485,
        -0.09512172639369965,
        -0.0076765636913478374,
        0.9954360127449036,
        0.11590714007616043
    ],
    [
        0.9954468011856079,
        -0.0076960003934800625,
        0.0950077697634697,
        0.25888341665267944,
        0.006805913522839546,
        0.9999299645423889,
        0.009689048863947392,
        0.17239870131015778,
        -0.09507568180561066,
        -0.008998318575322628,
        0.9954293966293335,
        0.12186772376298904
    ],
    [
        0.9954375624656677,
        -0.008122012950479984,
        0.09506914764642715,
        0.27724337577819824,
        0.007091138511896133,
        0.999912440776825,
        0.011176233179867268,
        0.19229905307292938,
        -0.09515160322189331,
        -0.01045109424740076,
        0.9954078793525696,
        0.12656158208847046
    ],
    [
        0.9954288005828857,
        -0.008748358115553856,
        0.09510549902915955,
        0.29983967542648315,
        0.007538314443081617,
        0.999886155128479,
        0.013075019232928753,
        0.22071371972560883,
        -0.09520905464887619,
        -0.012298314832150936,
        0.9953813552856445,
        0.13255158066749573
    ],
    [
        0.9954190850257874,
        -0.00960882380604744,
        0.09512260556221008,
        0.3213001787662506,
        0.008244729600846767,
        0.9998576641082764,
        0.014723033644258976,
        0.2525613307952881,
        -0.09525053948163986,
        -0.0138713289052248,
        0.9953566193580627,
        0.13708339631557465
    ],
    [
        0.9953703880310059,
        -0.010255432687699795,
        0.09556413441896439,
        0.34246963262557983,
        0.00872330367565155,
        0.9998269081115723,
        0.016436470672488213,
        0.286817729473114,
        -0.09571615606546402,
        -0.015526743605732918,
        0.9952875375747681,
        0.138607457280159
    ],
    [
        0.9953018426895142,
        -0.010683712549507618,
        0.09622956067323685,
        0.36285915970802307,
        0.008993836119771004,
        0.9997978806495667,
        0.017977546900510788,
        0.3229231834411621,
        -0.09640217572450638,
        -0.017027612775564194,
        0.9951968789100647,
        0.13751697540283203
    ],
    [
        0.9952577948570251,
        -0.011444107629358768,
        0.09659676998853683,
        0.38193684816360474,
        0.009605306200683117,
        0.999764084815979,
        0.019479459151625633,
        0.36130011081695557,
        -0.096796914935112,
        -0.018459241837263107,
        0.9951328635215759,
        0.1325281709432602
    ],
    [
        0.9952004551887512,
        -0.01226868573576212,
        0.09708484262228012,
        0.40057674050331116,
        0.010312749072909355,
        0.9997341632843018,
        0.02062288485467434,
        0.3992733955383301,
        -0.09731204807758331,
        -0.019522691145539284,
        0.9950624108314514,
        0.1271575540304184
    ],
    [
        0.9952000975608826,
        -0.012872996740043163,
        0.0970107689499855,
        0.4198260009288788,
        0.01078055240213871,
        0.9996984601020813,
        0.022062579169869423,
        0.43682101368904114,
        -0.09726553410291672,
        -0.020910849794745445,
        0.9950388073921204,
        0.1222483441233635
    ],
    [
        0.9951775074005127,
        -0.013450897298753262,
        0.09716391563415527,
        0.4373231530189514,
        0.011220207437872887,
        0.9996616840362549,
        0.02346804365515709,
        0.4681115448474884,
        -0.09744670987129211,
        -0.022264668717980385,
        0.9949916005134583,
        0.11877403408288956
    ],
    [
        0.9952003955841064,
        -0.01427485141903162,
        0.09681102633476257,
        0.4594382345676422,
        0.011902227066457272,
        0.9996155500411987,
        0.025041185319423676,
        0.5088919401168823,
        -0.09713126718997955,
        -0.023768732324242592,
        0.9949877262115479,
        0.11583414673805237
    ],
    [
        0.9951616525650024,
        -0.01516643911600113,
        0.09707407653331757,
        0.4836878776550293,
        0.01260421983897686,
        0.9995573163032532,
        0.026953496038913727,
        0.5495248436927795,
        -0.09743989259004593,
        -0.025599541142582893,
        0.9949120879173279,
        0.11150714010000229
    ],
    [
        0.9951267838478088,
        -0.015881840139627457,
        0.09731567651033401,
        0.5086963772773743,
        0.013124093413352966,
        0.999495804309845,
        0.028913065791130066,
        0.5885766744613647,
        -0.09772579371929169,
        -0.027494989335536957,
        0.9948334693908691,
        0.10548959672451019
    ],
    [
        0.9951148629188538,
        -0.01690218783915043,
        0.09726634621620178,
        0.5338521599769592,
        0.013939473778009415,
        0.9994202852249146,
        0.03105919249355793,
        0.6252180337905884,
        -0.09773492813110352,
        -0.029551619663834572,
        0.9947736859321594,
        0.09911377727985382
    ],
    [
        0.9950588345527649,
        -0.01806650497019291,
        0.09762990474700928,
        0.5592173933982849,
        0.014865575358271599,
        0.999330997467041,
        0.033414967358112335,
        0.662524402141571,
        -0.0981682687997818,
        -0.031798530369997025,
        0.9946616291999817,
        0.09231212735176086
    ],
    [
        0.9950209259986877,
        -0.019158784300088882,
        0.0978064090013504,
        0.5863761305809021,
        0.015701517462730408,
        0.9992285966873169,
        0.035996221005916595,
        0.7010027766227722,
        -0.09842061996459961,
        -0.03428128734230995,
        0.9945542812347412,
        0.0839790627360344
    ],
    [
        0.9949946999549866,
        -0.020449165254831314,
        0.09781324863433838,
        0.6139103770256042,
        0.016798585653305054,
        0.9991365075111389,
        0.03800101950764656,
        0.7384650707244873,
        -0.0985058844089508,
        -0.0361676849424839,
        0.9944789409637451,
        0.07117698341608047
    ]
]