[
    [
        0.9986881613731384,
        0.0032884376123547554,
        -0.05109946429729462,
        0.07537185400724411,
        -0.0033979930449277163,
        0.9999920725822449,
        -0.0020572557114064693,
        0.011643100529909134,
        0.05109229311347008,
        0.0022281925193965435,
        0.9986913800239563,
        -0.250417023897171
    ],
    [
        0.9993910193443298,
        0.0028058034367859364,
        -0.034780103713274,
        0.05123038589954376,
        -0.002861084183678031,
        0.9999947547912598,
        -0.0015397579409182072,
        0.008251702412962914,
        0.03477559983730316,
        0.0016383292386308312,
        0.9993938207626343,
        -0.16269417107105255
    ],
    [
        0.9998182654380798,
        0.0025921466294676065,
        -0.01888742297887802,
        0.026424642652273178,
        -0.0026209133211523294,
        0.9999954104423523,
        -0.0014984433073550463,
        0.006622529122978449,
        0.01888345181941986,
        0.0015476731350645423,
        0.9998206496238708,
        -0.07802726328372955
    ],
    [
        0.9999951124191284,
        0.001934247207827866,
        -0.0024540110025554895,
        0.004472836386412382,
        -0.001936679007485509,
        0.9999977350234985,
        -0.0009885813342407346,
        0.0046203043311834335,
        0.0024520934093743563,
        0.0009933289838954806,
        0.999996542930603,
        0.005999505054205656
    ],
    [
        0.9998932480812073,
        0.0015250042779371142,
        0.014528349041938782,
        -0.018043821677565575,
        -0.0015194328734651208,
        0.9999988079071045,
        -0.0003945019270759076,
        0.0016110452124848962,
        -0.014528932981193066,
        0.0003723850823007524,
        0.999894380569458,
        0.0893152505159378
    ],
    [
        0.9995014071464539,
        0.001226521679200232,
        0.031548965722322464,
        -0.040161263197660446,
        -0.0012189302360638976,
        0.9999992251396179,
        -0.0002598645514808595,
        -0.0002794959000311792,
        -0.03154926002025604,
        0.00022127846023067832,
        0.9995021820068359,
        0.17258478701114655
    ],
    [
        0.9988109469413757,
        0.0009160425397567451,
        0.04874230921268463,
        -0.06222635135054588,
        -0.0009147072560153902,
        0.9999995231628418,
        -4.97070504934527e-05,
        -0.002451896434649825,
        -0.04874233156442642,
        5.062971922598081e-06,
        0.9988114833831787,
        0.25372985005378723
    ],
    [
        0.9978227019309998,
        0.0007786760688759387,
        0.06594870984554291,
        -0.08563219755887985,
        -0.0007830137619748712,
        0.9999996423721313,
        3.991314224549569e-05,
        -0.002503827679902315,
        -0.06594865769147873,
        -9.146478259935975e-05,
        0.9978229999542236,
        0.3341052234172821
    ],
    [
        0.9960357546806335,
        0.00023526734730694443,
        0.08895308524370193,
        -0.11623776704072952,
        -0.00027057257830165327,
        0.9999999403953552,
        0.00038484338438138366,
        -0.0026560924015939236,
        -0.08895298838615417,
        -0.0004073867457918823,
        0.9960357546806335,
        0.4393795132637024
    ],
    [
        0.9949111938476562,
        -0.0001300463918596506,
        0.10075532644987106,
        -0.13167327642440796,
        6.549261888721958e-05,
        0.9999998211860657,
        0.0006440019933506846,
        -0.0031182318925857544,
        -0.10075539350509644,
        -0.0006341261323541403,
        0.9949111342430115,
        0.49131327867507935
    ],
    [
        0.9929328560829163,
        -0.0010965355904772878,
        0.11867161840200424,
        -0.1532784402370453,
        0.0009383793803863227,
        0.9999986886978149,
        0.001388585427775979,
        -0.004114886745810509,
        -0.11867297440767288,
        -0.0012674127938225865,
        0.9929325580596924,
        0.5699538588523865
    ],
    [
        0.9905140399932861,
        -0.0017576899845153093,
        0.13740046322345734,
        -0.17482192814350128,
        0.0015456097899004817,
        0.9999973773956299,
        0.0016501920763403177,
        -0.004450646694749594,
        -0.13740302622318268,
        -0.0014221715973690152,
        0.9905141592025757,
        0.6464743614196777
    ],
    [
        0.9865878820419312,
        -0.0024739750660955906,
        0.16321280598640442,
        -0.2055799812078476,
        0.0021853833459317684,
        0.9999957084655762,
        0.0019477157620713115,
        -0.004845356103032827,
        -0.16321691870689392,
        -0.0015649093547835946,
        0.9865889549255371,
        0.7451404929161072
    ],
    [
        0.9843257665634155,
        -0.0029502606485038996,
        0.17633484303951263,
        -0.221221461892128,
        0.0025951373390853405,
        0.9999940991401672,
        0.002244489500299096,
        -0.004659492522478104,
        -0.17634043097496033,
        -0.0017516962252557278,
        0.9843276739120483,
        0.7933736443519592
    ],
    [
        0.9804279804229736,
        -0.0038323344197124243,
        0.19684092700481415,
        -0.24558691680431366,
        0.0033633895218372345,
        0.9999906420707703,
        0.0027166001964360476,
        -0.0052018617279827595,
        -0.1968494951725006,
        -0.00200137821957469,
        0.9804317355155945,
        0.8630765080451965
    ],
    [
        0.9759396910667419,
        -0.004784984979778528,
        0.2179880440235138,
        -0.2687505781650543,
        0.004152681678533554,
        0.9999857544898987,
        0.0033586667850613594,
        -0.006969747599214315,
        -0.21800100803375244,
        -0.0023726210929453373,
        0.975945770740509,
        0.9316114783287048
    ],
    [
        0.9689364433288574,
        -0.00592483626678586,
        0.24723908305168152,
        -0.2988014221191406,
        0.005108851473778486,
        0.9999791383743286,
        0.003941771108657122,
        -0.009323004633188248,
        -0.2472572773694992,
        -0.0025562183000147343,
        0.9689465165138245,
        1.0216410160064697
    ],
    [
        0.9647452235221863,
        -0.006537849083542824,
        0.2631042003631592,
        -0.31271952390670776,
        0.005646803881973028,
        0.9999753832817078,
        0.0041426983661949635,
        -0.010533660650253296,
        -0.26312485337257385,
        -0.0025109504349529743,
        0.9647585153579712,
        1.0659462213516235
    ],
    [
        0.9574697017669678,
        -0.007771356496959925,
        0.2884292006492615,
        -0.33393120765686035,
        0.006641941145062447,
        0.9999659061431885,
        0.004894219804555178,
        -0.01275002583861351,
        -0.2884574234485626,
        -0.0027703375089913607,
        0.9574886560440063,
        1.130671501159668
    ],
    [
        0.9462345242500305,
        -0.009108450263738632,
        0.3233530521392822,
        -0.3615809679031372,
        0.007715689018368721,
        0.9999545216560364,
        0.005588893312960863,
        -0.01577186957001686,
        -0.3233892619609833,
        -0.0027935125399380922,
        0.9462618827819824,
        1.215975046157837
    ],
    [
        0.936630368232727,
        -0.010105600580573082,
        0.3501734137535095,
        -0.382694274187088,
        0.008414995856583118,
        0.9999443888664246,
        0.006349137052893639,
        -0.019381176680326462,
        -0.35021811723709106,
        -0.003000087570399046,
        0.9366633296012878,
        1.2787970304489136
    ],
    [
        0.9296286702156067,
        -0.010779540985822678,
        0.36834007501602173,
        -0.3972589671611786,
        0.00896463356912136,
        0.9999377727508545,
        0.0066381352953612804,
        -0.02171110361814499,
        -0.36838874220848083,
        -0.0028689659666270018,
        0.9296674132347107,
        1.3199657201766968
    ],
    [
        0.9186063408851624,
        -0.011906469240784645,
        0.3949946463108063,
        -0.4187491536140442,
        0.00972536951303482,
        0.99992436170578,
        0.007523610722273588,
        -0.026381677016615868,
        -0.39505431056022644,
        -0.003069768426939845,
        0.9186525940895081,
        1.3801324367523193
    ],
    [
        0.9065684676170349,
        -0.012764987535774708,
        0.42186567187309265,
        -0.43963876366615295,
        0.010485539212822914,
        0.9999152421951294,
        0.007722943555563688,
        -0.029995955526828766,
        -0.42192861437797546,
        -0.0025778878480196,
        0.9066254496574402,
        1.4391932487487793
    ],
    [
        0.8932477831840515,
        -0.013680069707334042,
        0.4493564963340759,
        -0.462005078792572,
        0.011120617389678955,
        0.9999034404754639,
        0.008334762416779995,
        -0.03428450599312782,
        -0.44942715764045715,
        -0.002447884762659669,
        0.8933136463165283,
        1.4980158805847168
    ]
]