[
    [
        0.997826337814331,
        0.01552127581089735,
        -0.06404370069503784,
        0.09900572150945663,
        -0.015154950320720673,
        0.9998658895492554,
        0.006201771087944508,
        -0.044954244047403336,
        0.06413136422634125,
        -0.005217712372541428,
        0.9979277849197388,
        0.4398432672023773
    ],
    [
        0.996819019317627,
        0.018338048830628395,
        -0.07756070792675018,
        0.12184205651283264,
        -0.017800696194171906,
        0.9998124837875366,
        0.0076139080338180065,
        -0.054163962602615356,
        0.07768580317497253,
        -0.006209053099155426,
        0.9969586133956909,
        0.5247470140457153
    ],
    [
        0.9955282807350159,
        0.0226812232285738,
        -0.09169996529817581,
        0.14402785897254944,
        -0.021858762949705124,
        0.9997113943099976,
        0.009963607415556908,
        -0.06805163621902466,
        0.09189949184656143,
        -0.007914607413113117,
        0.995736837387085,
        0.6085840463638306
    ],
    [
        0.9936084747314453,
        0.027824372053146362,
        -0.10939794033765793,
        0.1715395450592041,
        -0.026822317391633987,
        0.9995838403701782,
        0.010620946995913982,
        -0.07972833514213562,
        0.10964792966842651,
        -0.007618756499141455,
        0.9939413070678711,
        0.7224851846694946
    ],
    [
        0.9920878410339355,
        0.031116245314478874,
        -0.12162838131189346,
        0.1898210495710373,
        -0.029947858303785324,
        0.9994862079620361,
        0.011422896757721901,
        -0.09097043424844742,
        0.12192133069038391,
        -0.007690007332712412,
        0.9925099611282349,
        0.8102644085884094
    ],
    [
        0.9904001355171204,
        0.03408433496952057,
        -0.13396233320236206,
        0.20871183276176453,
        -0.03283996134996414,
        0.9993946552276611,
        0.011488279327750206,
        -0.10154798626899719,
        0.13427281379699707,
        -0.006978675257414579,
        0.990919828414917,
        0.9004998207092285
    ],
    [
        0.9879149198532104,
        0.0363796092569828,
        -0.15066766738891602,
        0.23514194786548615,
        -0.03513292595744133,
        0.9993228316307068,
        0.010928920470178127,
        -0.11495576798915863,
        0.15096324682235718,
        -0.005503449123352766,
        0.9885240793228149,
        1.0204445123672485
    ],
    [
        0.9857563972473145,
        0.03720543161034584,
        -0.16401182115077972,
        0.25752946734428406,
        -0.03592822328209877,
        0.9992966055870056,
        0.010747904889285564,
        -0.12622693181037903,
        0.16429629921913147,
        -0.004702165722846985,
        0.98639976978302,
        1.1124634742736816
    ],
    [
        0.9835156798362732,
        0.03786033019423485,
        -0.17681483924388885,
        0.279208779335022,
        -0.03648979961872101,
        0.9992735385894775,
        0.010997566394507885,
        -0.13917438685894012,
        0.17710278928279877,
        -0.004364342894405127,
        0.9841826558113098,
        1.20749032497406
    ],
    [
        0.9801772236824036,
        0.038917798548936844,
        -0.19426299631595612,
        0.30729272961616516,
        -0.03694358840584755,
        0.9992223381996155,
        0.013776575215160847,
        -0.1600027084350586,
        0.19464807212352753,
        -0.006326713133603334,
        0.9808526635169983,
        1.322924017906189
    ],
    [
        0.9785761833190918,
        0.03844347596168518,
        -0.20226451754570007,
        0.32093754410743713,
        -0.0365779809653759,
        0.9992468953132629,
        0.012954244390130043,
        -0.1710163801908493,
        0.20261017978191376,
        -0.005278287921100855,
        0.9792452454566956,
        1.4188909530639648
    ],
    [
        0.9771715402603149,
        0.039542824029922485,
        -0.2087395042181015,
        0.32944366335868835,
        -0.03771907091140747,
        0.9992075562477112,
        0.012711956165730953,
        -0.18247666954994202,
        0.20907673239707947,
        -0.0045482986606657505,
        0.9778885841369629,
        1.5083240270614624
    ],
    [
        0.9761670231819153,
        0.03960152715444565,
        -0.21337659657001495,
        0.33625513315200806,
        -0.03768347203731537,
        0.9992045164108276,
        0.013050451874732971,
        -0.19956083595752716,
        0.21372368931770325,
        -0.0046986485831439495,
        0.9768828749656677,
        1.6225409507751465
    ],
    [
        0.9757972359657288,
        0.04028845205903053,
        -0.21493414044380188,
        0.33895057439804077,
        -0.03814751282334328,
        0.999172568321228,
        0.014101444743573666,
        -0.2136240154504776,
        0.21532443165779114,
        -0.005560948513448238,
        0.9765267372131348,
        1.7009296417236328
    ],
    [
        0.9760692119598389,
        0.04093577340245247,
        -0.21357211470603943,
        0.338516503572464,
        -0.038493141531944275,
        0.999137282371521,
        0.015584801323711872,
        -0.2257860004901886,
        0.21402588486671448,
        -0.0069907838478684425,
        0.9768029451370239,
        1.7691638469696045
    ],
    [
        0.9776999354362488,
        0.042693838477134705,
        -0.20562145113945007,
        0.3305164873600006,
        -0.04017619416117668,
        0.999057948589325,
        0.016405658796429634,
        -0.24125666916370392,
        0.20612812042236328,
        -0.007778721861541271,
        0.9784940481185913,
        1.8590478897094727
    ],
    [
        0.9790897965431213,
        0.040716078132390976,
        -0.1993122696876526,
        0.32634368538856506,
        -0.03843522071838379,
        0.9991438984870911,
        0.015301072970032692,
        -0.25021788477897644,
        0.1997646540403366,
        -0.007320515811443329,
        0.9798166751861572,
        1.9382188320159912
    ],
    [
        0.9813828468322754,
        0.040810443460941315,
        -0.1876758337020874,
        0.3171100914478302,
        -0.0383772999048233,
        0.9991258382797241,
        0.0165814571082592,
        -0.26352956891059875,
        0.18818844854831696,
        -0.009070268832147121,
        0.9820910096168518,
        1.9985852241516113
    ],
    [
        0.9837905764579773,
        0.04020432382822037,
        -0.17475618422031403,
        0.31093594431877136,
        -0.037879206240177155,
        0.9991440176963806,
        0.016621490940451622,
        -0.2818230390548706,
        0.17527486383914948,
        -0.009732440114021301,
        0.9844713807106018,
        2.0828990936279297
    ],
    [
        0.9857693910598755,
        0.039326850324869156,
        -0.1634385883808136,
        0.306702584028244,
        -0.03708349168300629,
        0.9991716742515564,
        0.016755538061261177,
        -0.2949034869670868,
        0.16396217048168182,
        -0.010456223972141743,
        0.9864112734794617,
        2.1431050300598145
    ],
    [
        0.9878773093223572,
        0.037152573466300964,
        -0.15072551369667053,
        0.30338054895401,
        -0.034982793033123016,
        0.9992430210113525,
        0.017022596672177315,
        -0.3064473867416382,
        0.15124383568763733,
        -0.011543436907231808,
        0.9884291291236877,
        2.2018983364105225
    ],
    [
        0.9904465079307556,
        0.033648695796728134,
        -0.13372881710529327,
        0.3031323254108429,
        -0.0316188707947731,
        0.9993506669998169,
        0.01727408915758133,
        -0.32190045714378357,
        0.13422323763370514,
        -0.012880709953606129,
        0.9908673763275146,
        2.2760117053985596
    ],
    [
        0.9924548268318176,
        0.03129163384437561,
        -0.11855029314756393,
        0.2981968820095062,
        -0.029341571033000946,
        0.9994044899940491,
        0.01815948821604252,
        -0.33457428216934204,
        0.11904793232679367,
        -0.014544018544256687,
        0.9927818775177002,
        2.3261353969573975
    ],
    [
        0.9943245053291321,
        0.029496101662516594,
        -0.10221965610980988,
        0.290610134601593,
        -0.027827391400933266,
        0.9994557499885559,
        0.017712779343128204,
        -0.34519141912460327,
        0.10268649458885193,
        -0.014767738990485668,
        0.9946040511131287,
        2.405978202819824
    ],
    [
        0.9964004158973694,
        0.029147787019610405,
        -0.0796041488647461,
        0.28276121616363525,
        -0.027562255039811134,
        0.9994006156921387,
        0.02094462141394615,
        -0.36716216802597046,
        0.08016692101955414,
        -0.01867515593767166,
        0.9966065883636475,
        2.512381076812744
    ]
]