[
    [
        0.9708007574081421,
        0.012652279809117317,
        -0.23955336213111877,
        0.13574159145355225,
        -0.011980077251791954,
        0.9999191164970398,
        0.004262050613760948,
        -0.025247203186154366,
        0.2395879179239273,
        -0.0012677342165261507,
        0.9708738327026367,
        0.7205110788345337
    ],
    [
        0.9646716117858887,
        0.013856134377419949,
        -0.2630908489227295,
        0.12958407402038574,
        -0.013243854977190495,
        0.9999037981033325,
        0.004100607708096504,
        -0.03222089633345604,
        0.26312240958213806,
        -0.00047140277456492186,
        0.9647623896598816,
        0.8008953332901001
    ],
    [
        0.9597613215446472,
        0.01462002657353878,
        -0.2804363965988159,
        0.12062245607376099,
        -0.014181001111865044,
        0.9998928904533386,
        0.0035947109572589397,
        -0.03620185703039169,
        0.2804589569568634,
        0.0005268045933917165,
        0.959865927696228,
        0.8900624513626099
    ],
    [
        0.9553556442260742,
        0.015071174129843712,
        -0.29507365822792053,
        0.10896611958742142,
        -0.014684313908219337,
        0.9998859167098999,
        0.0035269660875201225,
        -0.04042297601699829,
        0.2950931191444397,
        0.000963446800597012,
        0.955467939376831,
        0.9867590665817261
    ],
    [
        0.9516873955726624,
        0.01498328149318695,
        -0.3067029118537903,
        0.09511984139680862,
        -0.014902239665389061,
        0.9998855590820312,
        0.0026060803793370724,
        -0.046830710023641586,
        0.30670687556266785,
        0.002090386115014553,
        0.9518017172813416,
        1.0837290287017822
    ],
    [
        0.9501128792762756,
        0.014835667796432972,
        -0.31155329942703247,
        0.07581336796283722,
        -0.015312783420085907,
        0.9998822808265686,
        0.0009149325778707862,
        -0.051394276320934296,
        0.3115301728248596,
        0.0039014604408293962,
        0.950228214263916,
        1.181855320930481
    ],
    [
        0.9495272636413574,
        0.014054975472390652,
        -0.3133693337440491,
        0.05577131733298302,
        -0.01509688701480627,
        0.999885618686676,
        -0.0008984259329736233,
        -0.052583832293748856,
        0.3133208453655243,
        0.0055839805863797665,
        0.949630856513977,
        1.2675766944885254
    ],
    [
        0.9496416449546814,
        0.013901983387768269,
        -0.31302928924560547,
        0.028725670650601387,
        -0.015301630832254887,
        0.999880850315094,
        -0.002014955971390009,
        -0.058961596339941025,
        0.31296399235725403,
        0.006703344639390707,
        0.9497413039207458,
        1.3606408834457397
    ],
    [
        0.9495627284049988,
        0.0138097470626235,
        -0.31327295303344727,
        -0.003298020688816905,
        -0.015602724626660347,
        0.9998731017112732,
        -0.0032169129699468613,
        -0.07242272794246674,
        0.31318873167037964,
        0.007942569442093372,
        0.9496576189994812,
        1.4538072347640991
    ],
    [
        0.9505687952041626,
        0.012711657211184502,
        -0.31025373935699463,
        -0.03563985973596573,
        -0.014986800029873848,
        0.9998754858970642,
        -0.004950501024723053,
        -0.08397030830383301,
        0.31015217304229736,
        0.009355503134429455,
        0.950640857219696,
        1.5416207313537598
    ],
    [
        0.9535467624664307,
        0.010945589281618595,
        -0.30104613304138184,
        -0.0664701983332634,
        -0.013835571706295013,
        0.9998764395713806,
        -0.0074693746864795685,
        -0.08900429308414459,
        0.30092716217041016,
        0.01128754485398531,
        0.9535802602767944,
        1.638961672782898
    ],
    [
        0.9577875137329102,
        0.008772162720561028,
        -0.2873433530330658,
        -0.08777572959661484,
        -0.012130319140851498,
        0.9998773336410522,
        -0.009908642619848251,
        -0.08865361660718918,
        0.28722119331359863,
        0.01297594141215086,
        0.9577764272689819,
        1.7303441762924194
    ],
    [
        0.9627518057823181,
        0.006878098472952843,
        -0.2702988088130951,
        -0.1024119108915329,
        -0.01060436200350523,
        0.9998677968978882,
        -0.012327759526669979,
        -0.09008794277906418,
        0.27017831802368164,
        0.014734921976923943,
        0.962697446346283,
        1.8228802680969238
    ],
    [
        0.9681265354156494,
        0.004537870176136494,
        -0.25042030215263367,
        -0.11364764720201492,
        -0.008600126020610332,
        0.9998486042022705,
        -0.0151298763230443,
        -0.09525598585605621,
        0.2503136694431305,
        0.01680128090083599,
        0.9680190086364746,
        1.9081147909164429
    ],
    [
        0.9737222790718079,
        0.0021412516944110394,
        -0.22772860527038574,
        -0.12778332829475403,
        -0.006372092757374048,
        0.9998204708099365,
        -0.017844848334789276,
        -0.09995825588703156,
        0.2276494801044464,
        0.018827034160494804,
        0.9735612273216248,
        1.9881322383880615
    ],
    [
        0.9798613786697388,
        -0.0009321921970695257,
        -0.1996769905090332,
        -0.14304880797863007,
        -0.0033211782574653625,
        0.999774694442749,
        -0.020965242758393288,
        -0.1004062369465828,
        0.1996515393257141,
        0.021206190809607506,
        0.9796375632286072,
        2.0861949920654297
    ],
    [
        0.9851315021514893,
        -0.003215204458683729,
        -0.17177250981330872,
        -0.15496383607387543,
        -0.0007772019598633051,
        0.9997313022613525,
        -0.023170096799731255,
        -0.10607721656560898,
        0.17180082201957703,
        0.022959092631936073,
        0.9848641753196716,
        2.1750712394714355
    ],
    [
        0.9900385141372681,
        -0.005865058396011591,
        -0.14067482948303223,
        -0.16534657776355743,
        0.002244920702651143,
        0.9996625781059265,
        -0.025878984481096268,
        -0.11202721297740936,
        0.14077912271022797,
        0.025305384770035744,
        0.9897176623344421,
        2.2639923095703125
    ],
    [
        0.9942505359649658,
        -0.008497015573084354,
        -0.10674107074737549,
        -0.1718253642320633,
        0.0054915412329137325,
        0.999580979347229,
        -0.02841910906136036,
        -0.11778174340724945,
        0.10693782567977905,
        0.027669541537761688,
        0.9938806295394897,
        2.35024356842041
    ],
    [
        0.9969845414161682,
        -0.010693182237446308,
        -0.07685995101928711,
        -0.17461928725242615,
        0.008365842513740063,
        0.9994985461235046,
        -0.030538741499185562,
        -0.12068484723567963,
        0.07714797556400299,
        0.029803656041622162,
        0.9965741038322449,
        2.4452507495880127
    ],
    [
        0.9989802837371826,
        -0.012646431103348732,
        -0.0433398112654686,
        -0.17093238234519958,
        0.01125054620206356,
        0.99941486120224,
        -0.03230183944106102,
        -0.1273045688867569,
        0.043722961097955704,
        0.031781308352947235,
        0.9985380172729492,
        2.5622968673706055
    ],
    [
        0.9998043179512024,
        -0.01376761682331562,
        -0.014201798476278782,
        -0.16658414900302887,
        0.013279850594699383,
        0.999337375164032,
        -0.03388606011867523,
        -0.13685819506645203,
        0.014658917672932148,
        0.033690836280584335,
        0.9993247985839844,
        2.651155948638916
    ],
    [
        0.9998222589492798,
        -0.015485096722841263,
        0.010758750140666962,
        -0.1637178212404251,
        0.015854286029934883,
        0.9992572665214539,
        -0.035122428089380264,
        -0.14426420629024506,
        -0.010206884704530239,
        0.035286761820316315,
        0.999325156211853,
        2.7370684146881104
    ],
    [
        0.9992800951004028,
        -0.01668900065124035,
        0.034066952764987946,
        -0.16669869422912598,
        0.017913606017827988,
        0.999192476272583,
        -0.03596402332186699,
        -0.1483559012413025,
        -0.03343924507498741,
        0.036548394709825516,
        0.9987722635269165,
        2.828489065170288
    ],
    [
        0.9980798959732056,
        -0.01791778765618801,
        0.05929127708077431,
        -0.17323262989521027,
        0.02012024261057377,
        0.9991214871406555,
        -0.03676023334264755,
        -0.15072152018547058,
        -0.05858053267002106,
        0.037882596254348755,
        0.9975636005401611,
        2.9366092681884766
    ]
]