[
    [
        0.9384194016456604,
        0.007022237405180931,
        0.345427006483078,
        0.06021829694509506,
        0.06813963502645493,
        0.9763948321342468,
        -0.204963818192482,
        -0.03583503141999245,
        -0.3387124240398407,
        0.21587929129600525,
        0.9157893061637878,
        -0.008218317292630672
    ],
    [
        0.9379848837852478,
        0.00825565680861473,
        0.34657806158065796,
        0.06084171682596207,
        0.06840306520462036,
        0.9756556153297424,
        -0.20836782455444336,
        -0.03693066164851189,
        -0.33986103534698486,
        0.21915283799171448,
        0.9145854711532593,
        -0.008746663108468056
    ],
    [
        0.9371874928474426,
        0.010576220229268074,
        0.3486657738685608,
        0.06226688250899315,
        0.06869449466466904,
        0.9743708968162537,
        -0.2142016738653183,
        -0.04083089157938957,
        -0.3419952392578125,
        0.2246985137462616,
        0.9124416708946228,
        -0.010261661373078823
    ],
    [
        0.9365212321281433,
        0.01283253449946642,
        0.350376158952713,
        0.06376709789037704,
        0.06903355568647385,
        0.9730186462402344,
        -0.22015675902366638,
        -0.04448046162724495,
        -0.34374770522117615,
        0.2303691804409027,
        0.9103666543960571,
        -0.012007003650069237
    ],
    [
        0.9359396696090698,
        0.015168306417763233,
        0.3518334627151489,
        0.06512024253606796,
        0.06927380710840225,
        0.9716216921806335,
        -0.22616934776306152,
        -0.04819359630346298,
        -0.34527963399887085,
        0.2360537350177765,
        0.9083284735679626,
        -0.01378149539232254
    ],
    [
        0.935698926448822,
        0.01626632735133171,
        0.3524244427680969,
        0.0658823549747467,
        0.06948642432689667,
        0.9708723425865173,
        -0.22929994761943817,
        -0.049871623516082764,
        -0.34588900208473206,
        0.2390443980693817,
        0.9073139429092407,
        -0.014462338760495186
    ],
    [
        0.9353785514831543,
        0.01865057833492756,
        0.35315608978271484,
        0.06767186522483826,
        0.06951586157083511,
        0.9694291949272156,
        -0.2353181540966034,
        -0.053484197705984116,
        -0.34674862027168274,
        0.24466152489185333,
        0.9054867029190063,
        -0.016926918178796768
    ],
    [
        0.9351361989974976,
        0.02112267166376114,
        0.3536582887172699,
        0.06956484168767929,
        0.06962352991104126,
        0.9678000807762146,
        -0.24190013110637665,
        -0.05634848773479462,
        -0.3473801016807556,
        0.2508324682712555,
        0.9035542011260986,
        -0.01879042014479637
    ],
    [
        0.9349361658096313,
        0.023505134508013725,
        0.3540365397930145,
        0.07143566012382507,
        0.06970648467540741,
        0.9661905765533447,
        -0.24822737276554108,
        -0.05952487513422966,
        -0.3479013442993164,
        0.25675541162490845,
        0.9016880989074707,
        -0.020734401419758797
    ],
    [
        0.9347243905067444,
        0.02591964788734913,
        0.3544270098209381,
        0.07272195816040039,
        0.06984254717826843,
        0.9644871354103088,
        -0.25472861528396606,
        -0.062410175800323486,
        -0.34844279289245605,
        0.2628551125526428,
        0.8997193574905396,
        -0.022857051342725754
    ],
    [
        0.9346346259117126,
        0.02701617032289505,
        0.3545818626880646,
        0.07334809750318527,
        0.06993979215621948,
        0.9636699557304382,
        -0.2577763795852661,
        -0.06413375586271286,
        -0.34866398572921753,
        0.26572611927986145,
        0.8987898826599121,
        -0.02413017489016056
    ],
    [
        0.9346294403076172,
        0.029437312856316566,
        0.354402631521225,
        0.07521351426839828,
        0.06986771523952484,
        0.9619460701942444,
        -0.26415589451789856,
        -0.0672835260629654,
        -0.3486922085285187,
        0.27164915204048157,
        0.8970064520835876,
        -0.026625515893101692
    ],
    [
        0.9346283078193665,
        0.03157186508178711,
        0.35422205924987793,
        0.07694781571626663,
        0.06975557655096054,
        0.9604269862174988,
        -0.2696557641029358,
        -0.07204939424991608,
        -0.34871789813041687,
        0.27673688530921936,
        0.895439863204956,
        -0.029484113678336143
    ],
    [
        0.9346562027931213,
        0.03386036679148674,
        0.35393691062927246,
        0.07874897122383118,
        0.0696730837225914,
        0.9587134718894958,
        -0.27570661902427673,
        -0.07581459730863571,
        -0.34865960478782654,
        0.2823508083820343,
        0.8937082886695862,
        -0.03190687671303749
    ],
    [
        0.9346429705619812,
        0.03624282404780388,
        0.35373565554618835,
        0.08019019663333893,
        0.06966207176446915,
        0.9568530917167664,
        -0.2820982336997986,
        -0.07895991206169128,
        -0.34869709610939026,
        0.28830310702323914,
        0.8917911648750305,
        -0.03419075533747673
    ],
    [
        0.9345284700393677,
        0.037396546453237534,
        0.353918194770813,
        0.08028106391429901,
        0.06981690973043442,
        0.9558755159378052,
        -0.2853550910949707,
        -0.0803549736738205,
        -0.34897297620773315,
        0.29138192534446716,
        0.89068204164505,
        -0.03525218740105629
    ],
    [
        0.9344664812088013,
        0.039675358682870865,
        0.3538339138031006,
        0.08128146827220917,
        0.06982899457216263,
        0.9540510177612305,
        -0.2913942337036133,
        -0.08411183208227158,
        -0.3491367697715759,
        0.2970060110092163,
        0.8887580633163452,
        -0.03756175562739372
    ],
    [
        0.9344907402992249,
        0.04177726432681084,
        0.35352766513824463,
        0.08265803754329681,
        0.06994511932134628,
        0.9521843194961548,
        -0.29741013050079346,
        -0.08778910338878632,
        -0.3490484654903412,
        0.30265453457832336,
        0.8868852853775024,
        -0.0400933139026165
    ],
    [
        0.934466540813446,
        0.043968457728624344,
        0.3533255457878113,
        0.08378349989652634,
        0.07008283585309982,
        0.9502184987068176,
        -0.3036002218723297,
        -0.09125441312789917,
        -0.34908533096313477,
        0.3084663450717926,
        0.8848660588264465,
        -0.042393747717142105
    ],
    [
        0.9343512654304504,
        0.04614851996302605,
        0.35335254669189453,
        0.08449354022741318,
        0.07022217661142349,
        0.9482921361923218,
        -0.3095334470272064,
        -0.09495598822832108,
        -0.3493659794330597,
        0.3140261471271515,
        0.8827972412109375,
        -0.04485490918159485
    ],
    [
        0.934295654296875,
        0.047249238938093185,
        0.35335400700569153,
        0.0847533792257309,
        0.07032852619886398,
        0.9472711682319641,
        -0.3126198351383209,
        -0.09672943502664566,
        -0.349493145942688,
        0.31693023443222046,
        0.8817085027694702,
        -0.04584794491529465
    ],
    [
        0.9340844750404358,
        0.04939023032784462,
        0.35361963510513306,
        0.08504905551671982,
        0.07074689120054245,
        0.9451486468315125,
        -0.31888696551322937,
        -0.09976764023303986,
        -0.34997299313545227,
        0.32288485765457153,
        0.8793544769287109,
        -0.04741751030087471
    ],
    [
        0.933837890625,
        0.05162481963634491,
        0.3539515435695648,
        0.08529333025217056,
        0.07112545520067215,
        0.9429712295532227,
        -0.3251868188381195,
        -0.1031758040189743,
        -0.3505537807941437,
        0.3288467228412628,
        0.8769104480743408,
        -0.04833557829260826
    ],
    [
        0.9335104823112488,
        0.054023079574108124,
        0.35445696115493774,
        0.08507702499628067,
        0.07155798375606537,
        0.9406251311302185,
        -0.331819087266922,
        -0.10558302700519562,
        -0.3513370156288147,
        0.33512082695961,
        0.8742174506187439,
        -0.04915779083967209
    ],
    [
        0.9330828785896301,
        0.056515466421842575,
        0.35519346594810486,
        0.08433698117733002,
        0.07192307710647583,
        0.9383089542388916,
        -0.3382358253002167,
        -0.10828890651464462,
        -0.35239672660827637,
        0.3411486744880676,
        0.8714551329612732,
        -0.05019250884652138
    ]
]