[
    [
        0.9996573328971863,
        -0.0016173891490325332,
        0.026128405705094337,
        0.054231829941272736,
        0.0015828179894015193,
        0.9999979138374329,
        0.0013437491143122315,
        -0.007538388017565012,
        -0.026130521669983864,
        -0.0013019319158047438,
        0.9996576309204102,
        0.14498279988765717
    ],
    [
        0.9980263113975525,
        -0.004007255658507347,
        0.06266988068819046,
        0.1554930955171585,
        0.0038927532732486725,
        0.9999904632568359,
        0.00194907421246171,
        -0.0235181525349617,
        -0.06267710030078888,
        -0.0017012684838846326,
        0.9980323910713196,
        0.37965989112854004
    ],
    [
        0.9949939846992493,
        -0.0062120514921844006,
        0.0997418463230133,
        0.28049957752227783,
        0.005951378494501114,
        0.9999780058860779,
        0.002910807030275464,
        -0.04518463835120201,
        -0.09975774586200714,
        -0.0023026333656162024,
        0.9950090646743774,
        0.6965721249580383
    ],
    [
        0.9903316497802734,
        -0.008621984161436558,
        0.1384517401456833,
        0.41196268796920776,
        0.008241471834480762,
        0.9999604821205139,
        0.003321398515254259,
        -0.07143113762140274,
        -0.13847491145133972,
        -0.002148240339010954,
        0.9903636574745178,
        1.0205024480819702
    ],
    [
        0.984473466873169,
        -0.010719669982790947,
        0.175205796957016,
        0.5789017081260681,
        0.010124877095222473,
        0.999939501285553,
        0.004288368858397007,
        -0.11901233345270157,
        -0.17524118721485138,
        -0.0024478489067405462,
        0.9845225214958191,
        1.384385585784912
    ],
    [
        0.9777275919914246,
        -0.012970911338925362,
        0.2094767838716507,
        0.784031867980957,
        0.012283004820346832,
        0.9999140501022339,
        0.00458458811044693,
        -0.17241714894771576,
        -0.20951826870441437,
        -0.001909472863189876,
        0.9778028130531311,
        1.7280175685882568
    ],
    [
        0.9723600149154663,
        -0.014020727016031742,
        0.23306530714035034,
        0.9561810493469238,
        0.013308191671967506,
        0.9999006986618042,
        0.0046295286156237125,
        -0.18856428563594818,
        -0.2331070750951767,
        -0.0013998887734487653,
        0.9724501371383667,
        2.0819458961486816
    ],
    [
        0.9677025675773621,
        -0.014527573250234127,
        0.2516758143901825,
        1.086857795715332,
        0.013898513279855251,
        0.9998942613601685,
        0.004276963882148266,
        -0.22722648084163666,
        -0.25171130895614624,
        -0.0006409110501408577,
        0.9678020477294922,
        2.430523157119751
    ],
    [
        0.9634765982627869,
        -0.015305401757359505,
        0.26735493540763855,
        1.2160320281982422,
        0.014782554470002651,
        0.9998828768730164,
        0.003968375734984875,
        -0.2657504975795746,
        -0.2673843204975128,
        0.00012875394895672798,
        0.9635899662971497,
        2.775343418121338
    ],
    [
        0.9606162905693054,
        -0.016204088926315308,
        0.27740538120269775,
        1.3933589458465576,
        0.015479525551199913,
        0.9998686909675598,
        0.0048019178211688995,
        -0.2883356213569641,
        -0.27744677662849426,
        -0.0003186938993167132,
        0.9607409834861755,
        3.152650833129883
    ],
    [
        0.9589871168136597,
        -0.017214195802807808,
        0.2829265594482422,
        1.6126433610916138,
        0.01654454693198204,
        0.9998518228530884,
        0.004756140988320112,
        -0.32105836272239685,
        -0.2829664945602417,
        0.00011981400166405365,
        0.9591297507286072,
        3.502720355987549
    ],
    [
        0.9591265320777893,
        -0.017151085659861565,
        0.28245747089385986,
        1.8361337184906006,
        0.016561659052968025,
        0.9998527765274048,
        0.004474435467272997,
        -0.3432069420814514,
        -0.28249263763427734,
        0.00038641365244984627,
        0.9592694640159607,
        3.875789165496826
    ],
    [
        0.9592381715774536,
        -0.01778317056596279,
        0.2820388078689575,
        2.053104877471924,
        0.01719636842608452,
        0.9998416900634766,
        0.004555917344987392,
        -0.4021744728088379,
        -0.2820752263069153,
        0.0004798311274498701,
        0.959392249584198,
        4.278106212615967
    ],
    [
        0.959902822971344,
        -0.017912862822413445,
        0.27976006269454956,
        2.2485458850860596,
        0.01764330267906189,
        0.9998382925987244,
        0.0034819471184164286,
        -0.43159371614456177,
        -0.2797771990299225,
        0.00159356277436018,
        0.960063636302948,
        4.592783451080322
    ],
    [
        0.9636797308921814,
        -0.017189037054777145,
        0.26650679111480713,
        2.50980281829834,
        0.017003167420625687,
        0.9998509287834167,
        0.003005012171342969,
        -0.46643781661987305,
        -0.2665187418460846,
        0.0016355868428945541,
        0.9638283252716064,
        4.952242374420166
    ],
    [
        0.9729295372962952,
        -0.01498617883771658,
        0.23061560094356537,
        2.7195122241973877,
        0.01532132737338543,
        0.9998825788497925,
        0.0003374714870005846,
        -0.48398691415786743,
        -0.23059357702732086,
        0.003205005545169115,
        0.9730448722839355,
        5.253092288970947
    ],
    [
        0.98451828956604,
        -0.011470391415059566,
        0.17490608990192413,
        2.879812479019165,
        0.011902469210326672,
        0.9999281167984009,
        -0.0014213206013664603,
        -0.5016804337501526,
        -0.17487703263759613,
        0.0034811284858733416,
        0.9845839738845825,
        5.599549293518066
    ],
    [
        0.9935355186462402,
        -0.00854190532118082,
        0.11320015788078308,
        3.010723114013672,
        0.0088999317958951,
        0.9999569058418274,
        -0.002657817443832755,
        -0.535602331161499,
        -0.11317256093025208,
        0.003648114623501897,
        0.9935685396194458,
        5.939751625061035
    ],
    [
        0.9989371299743652,
        -0.00412834482267499,
        0.04590988531708717,
        3.1214239597320557,
        0.004331441130489111,
        0.9999812245368958,
        -0.004325829911977053,
        -0.5729629993438721,
        -0.045891109853982925,
        0.00452008843421936,
        0.9989361763000488,
        6.22755241394043
    ],
    [
        0.9998318552970886,
        -0.0004878346808254719,
        -0.018333276733756065,
        3.244987726211548,
        0.00039258936885744333,
        0.999986469745636,
        -0.005199176725000143,
        -0.6239105463027954,
        0.018335536122322083,
        0.005191108677536249,
        0.9998183846473694,
        6.503509521484375
    ],
    [
        0.9951714873313904,
        0.0030361260287463665,
        -0.09810414165258408,
        3.3595175743103027,
        -0.0036894718650728464,
        0.9999721646308899,
        -0.006479000672698021,
        -0.6518044471740723,
        0.0980817973613739,
        0.006809667684137821,
        0.9951550960540771,
        6.762237548828125
    ],
    [
        0.9837291836738586,
        0.007920963689684868,
        -0.1794830560684204,
        3.432149648666382,
        -0.009321818128228188,
        0.9999323487281799,
        -0.006962874438613653,
        -0.6577820181846619,
        0.1794157326221466,
        0.008522684685885906,
        0.983736515045166,
        7.030786991119385
    ],
    [
        0.9686421751976013,
        0.011481144465506077,
        -0.2481943517923355,
        3.467221736907959,
        -0.013416002504527569,
        0.9998914003372192,
        -0.0061057195998728275,
        -0.6876319646835327,
        0.24809744954109192,
        0.00924402941018343,
        0.9686910510063171,
        7.330153942108154
    ],
    [
        0.9492096900939941,
        0.01494654081761837,
        -0.3142889738082886,
        3.482572317123413,
        -0.017629114910960197,
        0.9998283386230469,
        -0.0056945509277284145,
        -0.7205193042755127,
        0.31414994597435,
        0.010945960879325867,
        0.9493101239204407,
        7.597532749176025
    ],
    [
        0.9232309460639954,
        0.018627949059009552,
        -0.38379380106925964,
        3.4939539432525635,
        -0.02207132801413536,
        0.9997459053993225,
        -0.004569424781948328,
        -0.7516498565673828,
        0.38361120223999023,
        0.01268947683274746,
        0.9234075546264648,
        7.859484672546387
    ]
]