[
    [
        0.9811950325965881,
        -0.0034948354586958885,
        0.1929871141910553,
        -0.0034630466252565384,
        0.00303130061365664,
        0.9999917149543762,
        0.002697115996852517,
        -0.018169667571783066,
        -0.19299495220184326,
        -0.002061394741758704,
        0.9811976552009583,
        0.28076237440109253
    ],
    [
        0.9665044546127319,
        -0.004151289816945791,
        0.2566162645816803,
        0.025669140741229057,
        0.0034994003362953663,
        0.99998939037323,
        0.0029969257302582264,
        -0.0318489670753479,
        -0.2566259801387787,
        -0.0019985383842140436,
        0.966508686542511,
        0.4060155153274536
    ],
    [
        0.9467335343360901,
        -0.005952594336122274,
        0.3219630718231201,
        0.06434788554906845,
        0.004384647123515606,
        0.99997478723526,
        0.0055949012748897076,
        -0.04284113273024559,
        -0.32198819518089294,
        -0.0038851862773299217,
        0.9467357397079468,
        0.5336557030677795
    ],
    [
        0.9148829579353333,
        -0.008869045414030552,
        0.4036216735839844,
        0.10620705783367157,
        0.0066124312579631805,
        0.9999536871910095,
        0.006984348874539137,
        -0.06430993974208832,
        -0.4036649465560913,
        -0.0037209405563771725,
        0.9148993492126465,
        0.6849012970924377
    ],
    [
        0.8789358735084534,
        -0.01200619712471962,
        0.4767889082431793,
        0.15044943988323212,
        0.009651899337768555,
        0.9999261498451233,
        0.007386732380837202,
        -0.06753618270158768,
        -0.47684240341186523,
        -0.0018905461765825748,
        0.8789868354797363,
        0.8066961169242859
    ],
    [
        0.8376174569129944,
        -0.015413823537528515,
        0.5460397601127625,
        0.22839869558811188,
        0.01187579520046711,
        0.9998793601989746,
        0.010007678531110287,
        -0.07232829183340073,
        -0.5461281538009644,
        -0.001897950074635446,
        0.8376994729042053,
        0.9641948342323303
    ],
    [
        0.800855815410614,
        -0.01668757013976574,
        0.5986247062683105,
        0.3125278651714325,
        0.013690304011106491,
        0.9998606443405151,
        0.009557378478348255,
        -0.08131153136491776,
        -0.598700761795044,
        0.0005412741447798908,
        0.8009726405143738,
        1.0931897163391113
    ],
    [
        0.7581170201301575,
        -0.017726361751556396,
        0.6518774628639221,
        0.399528443813324,
        0.014666457660496235,
        0.9998410940170288,
        0.01013174094259739,
        -0.07687057554721832,
        -0.6519535779953003,
        0.0018796856747940183,
        0.7582566738128662,
        1.2591848373413086
    ],
    [
        0.7120020389556885,
        -0.017745202407240868,
        0.7019530534744263,
        0.4667406678199768,
        0.016316981986165047,
        0.9998288154602051,
        0.008724858984351158,
        -0.07992514967918396,
        -0.7019877433776855,
        0.005241637583822012,
        0.7121697664260864,
        1.409583330154419
    ],
    [
        0.6622284650802612,
        -0.017954519018530846,
        0.7490869164466858,
        0.5562310218811035,
        0.019664056599140167,
        0.9997850060462952,
        0.006579425651580095,
        -0.07874199748039246,
        -0.749043881893158,
        0.010373007506132126,
        0.6624391674995422,
        1.5472238063812256
    ],
    [
        0.6185196042060852,
        -0.017689526081085205,
        0.7855702042579651,
        0.6646882891654968,
        0.021741192787885666,
        0.9997491836547852,
        0.005394467152655125,
        -0.08065265417098999,
        -0.7854685187339783,
        0.013742649927735329,
        0.6187488436698914,
        1.6719540357589722
    ],
    [
        0.5738435387611389,
        -0.01714310795068741,
        0.8187854886054993,
        0.7856134176254272,
        0.02351233921945095,
        0.9997135996818542,
        0.004452679306268692,
        -0.0804004967212677,
        -0.8186274170875549,
        0.016696423292160034,
        0.5740821361541748,
        1.786638617515564
    ],
    [
        0.5306773781776428,
        -0.015960663557052612,
        0.847423791885376,
        0.9028111696243286,
        0.02413024753332138,
        0.9997019171714783,
        0.003717780113220215,
        -0.08329202234745026,
        -0.8472303152084351,
        0.018475597724318504,
        0.530904233455658,
        1.907463788986206
    ],
    [
        0.4872511029243469,
        -0.01393718272447586,
        0.8731507062911987,
        1.0077731609344482,
        0.02582359127700329,
        0.9996653199195862,
        0.0015460640424862504,
        -0.08950552344322205,
        -0.8728800415992737,
        0.021794555708765984,
        0.48744794726371765,
        2.002690553665161
    ],
    [
        0.44463059306144714,
        -0.01305495947599411,
        0.8956189155578613,
        1.1489958763122559,
        0.02673274278640747,
        0.9996417164802551,
        0.0012997605372220278,
        -0.08451265841722488,
        -0.8953150510787964,
        0.023364437744021416,
        0.44482043385505676,
        2.1058006286621094
    ],
    [
        0.4174724221229553,
        -0.011731894686818123,
        0.9086138606071472,
        1.2970327138900757,
        0.02628234215080738,
        0.999654233455658,
        0.0008316911407746375,
        -0.08921315521001816,
        -0.9083093404769897,
        0.023533297702670097,
        0.41763630509376526,
        2.1930429935455322
    ],
    [
        0.4008878767490387,
        -0.010396530851721764,
        0.9160681962966919,
        1.452909231185913,
        0.023663286119699478,
        0.9997195601463318,
        0.000990418717265129,
        -0.08430268615484238,
        -0.9158214330673218,
        0.021280137822031975,
        0.40102139115333557,
        2.2832791805267334
    ],
    [
        0.38651028275489807,
        -0.00937838014215231,
        0.9222373962402344,
        1.5975456237792969,
        0.021124031394720078,
        0.9997760653495789,
        0.0013137839268893003,
        -0.08933857828378677,
        -0.9220432043075562,
        0.0189735796302557,
        0.3866218328475952,
        2.3746845722198486
    ],
    [
        0.3726053535938263,
        -0.008270569145679474,
        0.9279531836509705,
        1.7470301389694214,
        0.019310781732201576,
        0.9998129606246948,
        0.0011570850620046258,
        -0.0846080556511879,
        -0.9277889728546143,
        0.017488358542323112,
        0.3726954460144043,
        2.4564402103424072
    ],
    [
        0.3640235364437103,
        -0.007972300052642822,
        0.9313556551933289,
        1.9102469682693481,
        0.01801181770861149,
        0.9998366236686707,
        0.0015185108641162515,
        -0.09551087766885757,
        -0.9312154650688171,
        0.0162226390093565,
        0.36410754919052124,
        2.5256447792053223
    ],
    [
        0.35949379205703735,
        -0.0065837339498102665,
        0.9331243634223938,
        2.068387508392334,
        0.01532409992069006,
        0.9998819231987,
        0.0011510116746649146,
        -0.09994921088218689,
        -0.933021605014801,
        0.01388550829142332,
        0.35955220460891724,
        2.5829579830169678
    ],
    [
        0.35576608777046204,
        -0.006337649188935757,
        0.9345535039901733,
        2.219855546951294,
        0.012368513271212578,
        0.9999213218688965,
        0.002072489121928811,
        -0.10271987318992615,
        -0.9344931840896606,
        0.010821724310517311,
        0.3558163344860077,
        2.6547136306762695
    ],
    [
        0.35129019618034363,
        -0.002784092677757144,
        0.9362625479698181,
        2.3677008152008057,
        0.009730265475809574,
        0.9999523758888245,
        -0.0006773636559955776,
        -0.11046633124351501,
        -0.9362160563468933,
        0.009348028339445591,
        0.35130056738853455,
        2.7276508808135986
    ],
    [
        0.34773337841033936,
        -0.0008131515351124108,
        0.9375931620597839,
        2.522045135498047,
        0.007364699617028236,
        0.9999711513519287,
        -0.001864159945398569,
        -0.10819213837385178,
        -0.937564492225647,
        0.007553325966000557,
        0.34772926568984985,
        2.8013057708740234
    ],
    [
        0.3461194336414337,
        0.0038849073462188244,
        0.9381824731826782,
        2.6790273189544678,
        0.005020654294639826,
        0.999969482421875,
        -0.005993006285279989,
        -0.11758434027433395,
        -0.9381769299507141,
        0.006784589495509863,
        0.34608912467956543,
        2.8652682304382324
    ]
]