[
    [
        0.9993056058883667,
        0.004357635043561459,
        -0.03700453042984009,
        0.002751006744801998,
        -0.004436500836163759,
        0.9999880790710449,
        -0.002049371600151062,
        0.008007580414414406,
        0.03699515759944916,
        0.002212119521573186,
        0.9993129968643188,
        0.3102928400039673
    ],
    [
        0.9989804625511169,
        0.0050813923589885235,
        -0.044857293367385864,
        0.001405565650202334,
        -0.005178074352443218,
        0.9999845027923584,
        -0.0020393787417560816,
        0.0077932472340762615,
        0.04484623298048973,
        0.0022695742081850767,
        0.9989913105964661,
        0.32991093397140503
    ],
    [
        0.9983749389648438,
        0.0056719970889389515,
        -0.05670469254255295,
        -0.003835615236312151,
        -0.005820937920361757,
        0.9999800324440002,
        -0.002461763098835945,
        0.00854809582233429,
        0.05668959766626358,
        0.002787836827337742,
        0.9983879327774048,
        0.35828977823257446
    ],
    [
        0.9973854422569275,
        0.00624613743275404,
        -0.07199505716562271,
        -0.010399244725704193,
        -0.0064205811358988285,
        0.9999769926071167,
        -0.002191832521930337,
        0.009403100237250328,
        0.07197970896959305,
        0.002648352412506938,
        0.9974024891853333,
        0.3844476640224457
    ],
    [
        0.9960637092590332,
        0.007298005744814873,
        -0.0883382111787796,
        -0.018368009477853775,
        -0.007486649788916111,
        0.9999702572822571,
        -0.0018043185118585825,
        0.01076920423656702,
        0.08832242339849472,
        0.0024585737846791744,
        0.9960888624191284,
        0.4111913740634918
    ],
    [
        0.9944769740104675,
        0.007776080165058374,
        -0.10466619580984116,
        -0.02534130960702896,
        -0.008008691482245922,
        0.9999662637710571,
        -0.001802315702661872,
        0.01231122575700283,
        0.1046486496925354,
        0.0026306011714041233,
        0.9945058226585388,
        0.4375804364681244
    ],
    [
        0.9923542141914368,
        0.008897282183170319,
        -0.12310156971216202,
        -0.031797997653484344,
        -0.00915324967354536,
        0.9999570250511169,
        -0.001513926894403994,
        0.013656807132065296,
        0.12308280915021896,
        0.0026291313115507364,
        0.992392897605896,
        0.46276524662971497
    ],
    [
        0.9897339940071106,
        0.009570623748004436,
        -0.14260050654411316,
        -0.03508326783776283,
        -0.0098772794008255,
        0.9999502301216125,
        -0.0014427208807319403,
        0.014505813829600811,
        0.1425796002149582,
        0.002836415311321616,
        0.9897792935371399,
        0.4873131215572357
    ],
    [
        0.9868102669715881,
        0.010974030941724777,
        -0.16150902211666107,
        -0.03880929946899414,
        -0.011350452899932861,
        0.9999346137046814,
        -0.0014081577537581325,
        0.016493381932377815,
        0.16148298978805542,
        0.0032227851916104555,
        0.9868702292442322,
        0.5101258158683777
    ],
    [
        0.9836798310279846,
        0.01233464665710926,
        -0.17950403690338135,
        -0.04051908478140831,
        -0.012701787985861301,
        0.9999189376831055,
        -0.0008960601990111172,
        0.018757473677396774,
        0.17947843670845032,
        0.003161459695547819,
        0.9837567806243896,
        0.5323380827903748
    ],
    [
        0.9803647994995117,
        0.013326052576303482,
        -0.19674170017242432,
        -0.04324673116207123,
        -0.013628404587507248,
        0.9999070763587952,
        -0.00018293650646228343,
        0.021540464833378792,
        0.19672098755836487,
        0.002860620152205229,
        0.9804553389549255,
        0.5549750924110413
    ],
    [
        0.9772089719772339,
        0.014563792385160923,
        -0.21177947521209717,
        -0.04795224964618683,
        -0.014959870837628841,
        0.9998880624771118,
        -0.000268003495875746,
        0.02557544596493244,
        0.21175186336040497,
        0.0034300885163247585,
        0.9773174524307251,
        0.5795655846595764
    ],
    [
        0.9741258025169373,
        0.015534298494458199,
        -0.22547201812267303,
        -0.05181743577122688,
        -0.015959616750478745,
        0.9998726844787598,
        -6.367288006003946e-05,
        0.029117025434970856,
        0.2254422903060913,
        0.0036604725755751133,
        0.9742496609687805,
        0.6068414449691772
    ],
    [
        0.9714077115058899,
        0.016505006700754166,
        -0.23684321343898773,
        -0.05842943489551544,
        -0.016901656985282898,
        0.9998570680618286,
        0.0003557143500074744,
        0.03200394660234451,
        0.23681522905826569,
        0.0036574983969330788,
        0.9715477824211121,
        0.6353000402450562
    ],
    [
        0.9689139723777771,
        0.01746693067252636,
        -0.24678055942058563,
        -0.06711944192647934,
        -0.017843013629317284,
        0.999840497970581,
        0.0007123667746782303,
        0.03413049876689911,
        0.24675361812114716,
        0.0037130876444280148,
        0.969071090221405,
        0.6652962565422058
    ],
    [
        0.9663951396942139,
        0.018129512667655945,
        -0.2564207911491394,
        -0.07764322310686111,
        -0.018520066514611244,
        0.9998281598091125,
        0.0008918658131733537,
        0.03673603758215904,
        0.2563929259777069,
        0.003887036582455039,
        0.9665647745132446,
        0.6964919567108154
    ],
    [
        0.9641971588134766,
        0.01861266978085041,
        -0.2645323872566223,
        -0.08995293080806732,
        -0.019072264432907104,
        0.9998177289962769,
        0.0008311001001857221,
        0.04073484614491463,
        0.2644996643066406,
        0.004243888426572084,
        0.9643763899803162,
        0.728300929069519
    ],
    [
        0.9624597430229187,
        0.019001202657818794,
        -0.27075889706611633,
        -0.10401489585638046,
        -0.0194912888109684,
        0.9998096823692322,
        0.000879031082149595,
        0.04380201920866966,
        0.2707240581512451,
        0.004431407433003187,
        0.9626467823982239,
        0.7604710459709167
    ],
    [
        0.9609127640724182,
        0.019263392314314842,
        -0.2761804759502411,
        -0.11628951877355576,
        -0.0198675524443388,
        0.9998024106025696,
        0.0006104775238782167,
        0.04822663962841034,
        0.27613770961761475,
        0.00490041496232152,
        0.9611055254936218,
        0.7916992902755737
    ],
    [
        0.9597290754318237,
        0.019472738727927208,
        -0.28025171160697937,
        -0.1278601735830307,
        -0.020086053758859634,
        0.999798059463501,
        0.0006838027038611472,
        0.054148510098457336,
        0.28020843863487244,
        0.004972886294126511,
        0.9599263072013855,
        0.8199505805969238
    ],
    [
        0.9588702321052551,
        0.019704027101397514,
        -0.28316038846969604,
        -0.13722459971904755,
        -0.02023385465145111,
        0.9997947216033936,
        0.001053615240380168,
        0.061818983405828476,
        0.2831229865550995,
        0.004719146527349949,
        0.959071934223175,
        0.8474531769752502
    ],
    [
        0.9581740498542786,
        0.020046530291438103,
        -0.28548306226730347,
        -0.14761844277381897,
        -0.020542016252875328,
        0.9997881650924683,
        0.0012591148260980844,
        0.07037249952554703,
        0.2854478359222412,
        0.0046579474583268166,
        0.9583829641342163,
        0.875691294670105
    ],
    [
        0.9574567079544067,
        0.019923631101846695,
        -0.28788846731185913,
        -0.15738363564014435,
        -0.02040138654410839,
        0.9997909665107727,
        0.00134088727645576,
        0.07810430973768234,
        0.28785502910614014,
        0.004589482210576534,
        0.9576629996299744,
        0.9049844741821289
    ],
    [
        0.9568139910697937,
        0.01987260766327381,
        -0.2900208532810211,
        -0.16693124175071716,
        -0.02032497525215149,
        0.9997923374176025,
        0.0014525129226967692,
        0.08599650859832764,
        0.28998950123786926,
        0.004504882264882326,
        0.9570192694664001,
        0.9351360201835632
    ],
    [
        0.9563506245613098,
        0.01979183778166771,
        -0.2915504574775696,
        -0.17609485983848572,
        -0.020235901698470116,
        0.9997941255569458,
        0.001492522656917572,
        0.09592282772064209,
        0.29151999950408936,
        0.004472410771995783,
        0.9565541744232178,
        0.9650212526321411
    ]
]