[
    [
        0.9998437762260437,
        -0.010872803628444672,
        0.013933571986854076,
        -0.16012561321258545,
        0.010784009471535683,
        0.9999212026596069,
        0.006432130932807922,
        0.005199158098548651,
        -0.01400240883231163,
        -0.006280865520238876,
        0.9998822212219238,
        0.3405921161174774
    ],
    [
        0.9994440674781799,
        -0.023537585511803627,
        0.023612558841705322,
        -0.24371272325515747,
        0.02324996143579483,
        0.9996530413627625,
        0.01238242443650961,
        0.002696755575016141,
        -0.02389581687748432,
        -0.011826549656689167,
        0.99964439868927,
        0.529285728931427
    ],
    [
        0.9985567331314087,
        -0.03754634037613869,
        0.038401227444410324,
        -0.32430678606033325,
        0.03694016486406326,
        0.9991832375526428,
        0.016375252977013588,
        -0.00341876526363194,
        -0.03898469731211662,
        -0.014933072030544281,
        0.9991282820701599,
        0.7387385368347168
    ],
    [
        0.9976202845573425,
        -0.04393153265118599,
        0.05313935875892639,
        -0.38915228843688965,
        0.04284919798374176,
        0.9988536834716797,
        0.021338999271392822,
        0.003104697447270155,
        -0.05401590093970299,
        -0.01901123858988285,
        0.9983590245246887,
        0.943398118019104
    ],
    [
        0.9968565106391907,
        -0.03798424080014229,
        0.06953057646751404,
        -0.4596719741821289,
        0.03618813306093216,
        0.9989825487136841,
        0.02691219374537468,
        0.003248389810323715,
        -0.07048206031322479,
        -0.024311410263180733,
        0.9972167611122131,
        1.1646407842636108
    ],
    [
        0.9961158037185669,
        -0.028228992596268654,
        0.08340520411729813,
        -0.5183422565460205,
        0.02601366490125656,
        0.9992824196815491,
        0.027529660612344742,
        0.0005858801305294037,
        -0.08412248641252518,
        -0.02525305561721325,
        0.996135413646698,
        1.3729089498519897
    ],
    [
        0.9965485334396362,
        -0.023241695016622543,
        0.07969266921281815,
        -0.5533877015113831,
        0.02143835835158825,
        0.9994961619377136,
        0.023410161957144737,
        -0.0007555484771728516,
        -0.08019660413265228,
        -0.02162087894976139,
        0.9965447187423706,
        1.6152243614196777
    ],
    [
        0.9965341687202454,
        -0.014211675152182579,
        0.08196263015270233,
        -0.584844708442688,
        0.012905935756862164,
        0.9997816681861877,
        0.016438785940408707,
        -0.004537476226687431,
        -0.08217834681272507,
        -0.015324006788432598,
        0.99649977684021,
        1.8633525371551514
    ],
    [
        0.9960179924964905,
        -0.008485700935125351,
        0.08874833583831787,
        -0.6032957434654236,
        0.007556833792477846,
        0.999913215637207,
        0.010797067545354366,
        -0.0007760673761367798,
        -0.08883225917816162,
        -0.010083415545523167,
        0.9959955811500549,
        2.097219705581665
    ],
    [
        0.9952058792114258,
        -0.008775284513831139,
        0.09740786999464035,
        -0.6088810563087463,
        0.008047421462833881,
        0.9999367594718933,
        0.00786268524825573,
        0.0032485518604516983,
        -0.09747069329023361,
        -0.007041109260171652,
        0.9952133893966675,
        2.364328622817993
    ],
    [
        0.9943060278892517,
        -0.009488137438893318,
        0.106139175593853,
        -0.613431990146637,
        0.008795390836894512,
        0.9999368190765381,
        0.006992962211370468,
        0.002762426622211933,
        -0.10619882494211197,
        -0.006019608583301306,
        0.994326651096344,
        2.606898069381714
    ],
    [
        0.9931557774543762,
        -0.011185100302100182,
        0.11626080423593521,
        -0.599955677986145,
        0.010514847002923489,
        0.99992436170578,
        0.0063768234103918076,
        0.0039871493354439735,
        -0.11632334440946579,
        -0.00511071365326643,
        0.9931982159614563,
        2.8644356727600098
    ],
    [
        0.992145299911499,
        -0.011805378831923008,
        0.12453256547451019,
        -0.5729091167449951,
        0.010885476134717464,
        0.9999082088470459,
        0.008064714260399342,
        -0.0033577438443899155,
        -0.124616339802742,
        -0.006645772606134415,
        0.9921826720237732,
        3.1259686946868896
    ],
    [
        0.9908081293106079,
        -0.007789876777678728,
        0.13505007326602936,
        -0.5539690256118774,
        0.00651957280933857,
        0.9999302625656128,
        0.009845859371125698,
        -0.00816669687628746,
        -0.13511745631694794,
        -0.00887488853186369,
        0.9907898306846619,
        3.3651838302612305
    ],
    [
        0.9893944263458252,
        -0.00353483809158206,
        0.1452104151248932,
        -0.5215063691139221,
        0.0025927375536412,
        0.9999743103981018,
        0.006676567252725363,
        -0.001403719070367515,
        -0.14523041248321533,
        -0.006229263264685869,
        0.9893782734870911,
        3.6075572967529297
    ],
    [
        0.9884799718856812,
        0.001879415474832058,
        0.1513398140668869,
        -0.48616430163383484,
        -0.0024670513812452555,
        0.9999901652336121,
        0.0036952118389308453,
        0.005521159619092941,
        -0.1513313204050064,
        -0.004026005510240793,
        0.9884748458862305,
        3.835554599761963
    ],
    [
        0.9865946769714355,
        0.007019174285233021,
        0.16303880512714386,
        -0.45309752225875854,
        -0.0077150557190179825,
        0.9999635815620422,
        0.0036354183685034513,
        0.0027568431105464697,
        -0.16300730407238007,
        -0.004844538867473602,
        0.9866129755973816,
        4.08948278427124
    ],
    [
        0.9843712449073792,
        0.006098541896790266,
        0.17600017786026,
        -0.41645270586013794,
        -0.006678426172584295,
        0.9999739527702332,
        0.0027026573661714792,
        0.0021430817432701588,
        -0.1759791225194931,
        -0.0038358233869075775,
        0.9843863248825073,
        4.315745830535889
    ],
    [
        0.9823905229568481,
        0.003128879936411977,
        0.1868131458759308,
        -0.37588438391685486,
        -0.004043403081595898,
        0.9999815821647644,
        0.004514556843787432,
        0.0052462490275502205,
        -0.18679560720920563,
        -0.005190417170524597,
        0.9823850989341736,
        4.569581985473633
    ],
    [
        0.9803749322891235,
        -0.0008215596899390221,
        0.19714058935642242,
        -0.3396929204463959,
        -0.0007706030155532062,
        0.9999677538871765,
        0.007999428547918797,
        0.012476040981709957,
        -0.1971408724784851,
        -0.007994355633854866,
        0.9803425669670105,
        4.830212116241455
    ],
    [
        0.9787787199020386,
        -0.007102306000888348,
        0.2047971785068512,
        -0.29104888439178467,
        0.004686322994530201,
        0.9999136924743652,
        0.012279565446078777,
        0.024489449337124825,
        -0.20486651360988617,
        -0.011059231124818325,
        0.978727400302887,
        5.070462226867676
    ],
    [
        0.9764131903648376,
        -0.01759643852710724,
        0.21519193053245544,
        -0.23804445564746857,
        0.01440666988492012,
        0.9997620582580566,
        0.016382528468966484,
        0.03487873077392578,
        -0.2154291272163391,
        -0.012895922176539898,
        0.9764344096183777,
        5.338536262512207
    ],
    [
        0.9737127423286438,
        -0.027388835325837135,
        0.22612681984901428,
        -0.18920888006687164,
        0.023997852578759193,
        0.9995546340942383,
        0.01773173175752163,
        0.03747533634305,
        -0.22651205956935883,
        -0.011839041486382484,
        0.9739364385604858,
        5.578929901123047
    ],
    [
        0.9712539911270142,
        -0.03613948076963425,
        0.23528620600700378,
        -0.12236630171537399,
        0.03251553326845169,
        0.9992856383323669,
        0.019265098497271538,
        0.04252934828400612,
        -0.2358146458864212,
        -0.011060838587582111,
        0.9717351198196411,
        5.842962741851807
    ],
    [
        0.9693300724029541,
        -0.034449703991413116,
        0.24333590269088745,
        -0.06730418652296066,
        0.031439390033483505,
        0.9993735551834106,
        0.0162449199706316,
        0.04475957900285721,
        -0.24374321103096008,
        -0.008096357807517052,
        0.9698060154914856,
        6.1080522537231445
    ]
]