[
    [
        0.9794071316719055,
        0.0004935070173814893,
        -0.20189440250396729,
        -0.08430550992488861,
        0.00022391007223632187,
        0.9999938011169434,
        0.0035305735655128956,
        -0.000938799639698118,
        0.2018948793411255,
        -0.0035030748695135117,
        0.9794009327888489,
        0.294140100479126
    ],
    [
        0.973448634147644,
        -0.005187570117413998,
        -0.2288467437028885,
        -0.10118808597326279,
        0.006478142458945513,
        0.999967098236084,
        0.004888597875833511,
        -0.0019236652879044414,
        0.22881384193897247,
        -0.006241300608962774,
        0.973450243473053,
        0.3574838936328888
    ],
    [
        0.9682512283325195,
        -0.011742140166461468,
        -0.24970291554927826,
        -0.12796273827552795,
        0.013620971702039242,
        0.9998903274536133,
        0.005797566846013069,
        -0.002767297439277172,
        0.24960750341415405,
        -0.009014696814119816,
        0.9683051109313965,
        0.4341091215610504
    ],
    [
        0.9641448855400085,
        -0.016818417236208916,
        -0.26484280824661255,
        -0.15435169637203217,
        0.01913435384631157,
        0.9997979402542114,
        0.0061669438146054745,
        -0.0029551906045526266,
        0.2646855413913727,
        -0.011013423092663288,
        0.9642719030380249,
        0.5075522661209106
    ],
    [
        0.9602778553962708,
        -0.021536825224757195,
        -0.2782130241394043,
        -0.1772746443748474,
        0.024113956838846207,
        0.9996921420097351,
        0.005844105966389179,
        -0.003826148109510541,
        0.2780015170574188,
        -0.01232078392058611,
        0.9605016112327576,
        0.5874409675598145
    ],
    [
        0.9562946557998657,
        -0.025495383888483047,
        -0.29129108786582947,
        -0.19716200232505798,
        0.028485560789704323,
        0.9995760321617126,
        0.006028385367244482,
        -0.009271535091102123,
        0.2910138964653015,
        -0.014062502421438694,
        0.9566155076026917,
        0.670970618724823
    ],
    [
        0.9526363015174866,
        -0.028238307684659958,
        -0.3027980923652649,
        -0.22028297185897827,
        0.030966974794864655,
        0.9995114803314209,
        0.004213197622448206,
        -0.012501691468060017,
        0.3025311827659607,
        -0.013390383683145046,
        0.9530454874038696,
        0.7471565008163452
    ],
    [
        0.9495100378990173,
        -0.03000578284263611,
        -0.312298446893692,
        -0.24455203115940094,
        0.03166982904076576,
        0.9994983673095703,
        0.00025645774439908564,
        -0.013721434399485588,
        0.31213411688804626,
        -0.010133949108421803,
        0.9499840140342712,
        0.8137662410736084
    ],
    [
        0.9461068511009216,
        -0.0317072719335556,
        -0.3222986161708832,
        -0.27467599511146545,
        0.03175557404756546,
        0.9994826316833496,
        -0.005109221208840609,
        -0.01855110377073288,
        0.32229384779930115,
        -0.00540090911090374,
        0.946624219417572,
        0.885831892490387
    ],
    [
        0.9422023892402649,
        -0.032582901418209076,
        -0.3334563672542572,
        -0.3018048107624054,
        0.030424386262893677,
        0.9994686245918274,
        -0.01169466320425272,
        -0.025586847215890884,
        0.33366021513938904,
        0.0008735331939533353,
        0.9426930546760559,
        0.951532781124115
    ],
    [
        0.9373466968536377,
        -0.032590724527835846,
        -0.34687042236328125,
        -0.3293706178665161,
        0.027580417692661285,
        0.9994319081306458,
        -0.01937263458967209,
        -0.031843215227127075,
        0.34730473160743713,
        0.008592043071985245,
        0.9377129077911377,
        1.0258843898773193
    ],
    [
        0.9327290654182434,
        -0.031100023537874222,
        -0.359234482049942,
        -0.358126699924469,
        0.02317872829735279,
        0.9993842840194702,
        -0.02633768692612648,
        -0.03781626373529434,
        0.35983237624168396,
        0.01623932644724846,
        0.9328756332397461,
        1.1021090745925903
    ],
    [
        0.9284876585006714,
        -0.029115237295627594,
        -0.37022021412849426,
        -0.3901965618133545,
        0.018316540867090225,
        0.9992989897727966,
        -0.032651226967573166,
        -0.04024183377623558,
        0.3709113299846649,
        0.02353510819375515,
        0.9283700585365295,
        1.177212119102478
    ],
    [
        0.924601674079895,
        -0.027679290622472763,
        -0.37992846965789795,
        -0.4184616506099701,
        0.01476448867470026,
        0.9992112517356873,
        -0.03686531260609627,
        -0.042001873254776,
        0.380649209022522,
        0.028476277366280556,
        0.9242808818817139,
        1.2429381608963013
    ],
    [
        0.9197895526885986,
        -0.026238642632961273,
        -0.3915339410305023,
        -0.4507092535495758,
        0.011903170496225357,
        0.9991684556007385,
        -0.03899639844894409,
        -0.04697304219007492,
        0.3922315537929535,
        0.0312079768627882,
        0.9193370342254639,
        1.3186091184616089
    ],
    [
        0.9140777587890625,
        -0.024835530668497086,
        -0.404777854681015,
        -0.48275285959243774,
        0.009355472400784492,
        0.9991487264633179,
        -0.040177006274461746,
        -0.04986889660358429,
        0.4054311513900757,
        0.03293801471590996,
        0.9135319590568542,
        1.3973731994628906
    ],
    [
        0.9075750112533569,
        -0.024116048589348793,
        -0.4191966950893402,
        -0.516944408416748,
        0.007823767140507698,
        0.9991472363471985,
        -0.04054141417145729,
        -0.053076744079589844,
        0.4198169410228729,
        0.03351467847824097,
        0.9069899320602417,
        1.4795626401901245
    ],
    [
        0.9007172584533691,
        -0.02374427579343319,
        -0.4337565302848816,
        -0.5554851293563843,
        0.006783702410757542,
        0.9991521239280701,
        -0.040607910603284836,
        -0.055456969887018204,
        0.43435296416282654,
        0.0336337685585022,
        0.9001145958900452,
        1.550633192062378
    ],
    [
        0.8931379318237305,
        -0.023211345076560974,
        -0.44918349385261536,
        -0.6031615138053894,
        0.005598884075880051,
        0.9991638660430908,
        -0.040498726069927216,
        -0.056979913264513016,
        0.4497480094432831,
        0.03365601971745491,
        0.89252108335495,
        1.6162919998168945
    ],
    [
        0.8863472938537598,
        -0.02206766977906227,
        -0.46249470114707947,
        -0.645899772644043,
        0.003975023049861193,
        0.999189555644989,
        -0.04005782678723335,
        -0.061663687229156494,
        0.46300384402275085,
        0.03366671875119209,
        0.8857166171073914,
        1.6648967266082764
    ],
    [
        0.8774985671043396,
        -0.02013091929256916,
        -0.4791564643383026,
        -0.6886428594589233,
        0.0013762105954810977,
        0.9992201328277588,
        -0.03946017473936081,
        -0.06477505713701248,
        0.4795772135257721,
        0.033966828137636185,
        0.8768420815467834,
        1.719372034072876
    ],
    [
        0.8669308423995972,
        -0.01747015491127968,
        -0.4981222152709961,
        -0.7287190556526184,
        -0.002133955480530858,
        0.9992462396621704,
        -0.038759518414735794,
        -0.06652025133371353,
        0.4984239339828491,
        0.03466479852795601,
        0.8662402033805847,
        1.7810287475585938
    ],
    [
        0.8545331954956055,
        -0.013588634319603443,
        -0.5192189812660217,
        -0.7655840516090393,
        -0.006610461976379156,
        0.999292254447937,
        -0.03703229874372482,
        -0.0716354101896286,
        0.5193547010421753,
        0.03507760912179947,
        0.8538385033607483,
        1.84425950050354
    ],
    [
        0.8413589596748352,
        -0.009306525811553001,
        -0.5403965711593628,
        -0.8010783195495605,
        -0.011462804861366749,
        0.9993194937705994,
        -0.0350567102432251,
        -0.07418867945671082,
        0.5403551459312439,
        0.03568973392248154,
        0.8406797051429749,
        1.8825935125350952
    ],
    [
        0.8265694379806519,
        -0.0040848106145858765,
        -0.5628198981285095,
        -0.8376673460006714,
        -0.016987767070531845,
        0.9993369579315186,
        -0.03220153972506523,
        -0.07524317502975464,
        0.5625783205032349,
        0.0361778661608696,
        0.8259521722793579,
        1.912559151649475
    ]
]