[
    [
        0.998046875,
        0.00789711531251669,
        -0.06196918711066246,
        0.016495777294039726,
        -0.008349795825779438,
        0.9999403357505798,
        -0.007049372885376215,
        -0.03266961872577667,
        0.06190981715917587,
        0.007553034462034702,
        0.9980531930923462,
        0.3297989070415497
    ],
    [
        0.9960483312606812,
        0.013559432700276375,
        -0.08777184784412384,
        0.0021251316647976637,
        -0.014257095754146576,
        0.999871551990509,
        -0.0073265559040009975,
        -0.0449855737388134,
        0.08766122907400131,
        0.008548974990844727,
        0.9961135387420654,
        0.4349748492240906
    ],
    [
        0.9933888912200928,
        0.019971836358308792,
        -0.1130475252866745,
        -0.02596823126077652,
        -0.020951973274350166,
        0.9997524619102478,
        -0.007488572970032692,
        -0.05604686215519905,
        0.11286997050046921,
        0.009807633236050606,
        0.9935613870620728,
        0.5423414707183838
    ],
    [
        0.9901447892189026,
        0.02395850233733654,
        -0.1379828006029129,
        -0.0585399866104126,
        -0.025212768465280533,
        0.9996551275253296,
        -0.0073491246439516544,
        -0.06514271348714828,
        0.13775914907455444,
        0.010755625553429127,
        0.990407407283783,
        0.6462216377258301
    ],
    [
        0.9861090183258057,
        0.026186609640717506,
        -0.16402196884155273,
        -0.08287270367145538,
        -0.027640098705887794,
        0.9995962977409363,
        -0.006585182622075081,
        -0.07530195266008377,
        0.16378331184387207,
        0.011027292348444462,
        0.9864346981048584,
        0.7505171895027161
    ],
    [
        0.9820818901062012,
        0.0283829215914011,
        -0.18630486726760864,
        -0.1120602935552597,
        -0.029908986762166023,
        0.9995380640029907,
        -0.00538506917655468,
        -0.08720284700393677,
        0.18606598675251007,
        0.010860770009458065,
        0.9824772477149963,
        0.8630543351173401
    ],
    [
        0.9782053828239441,
        0.02885357476770878,
        -0.20562481880187988,
        -0.15006184577941895,
        -0.030311165377497673,
        0.9995326399803162,
        -0.00394141161814332,
        -0.10099300742149353,
        0.2054150104522705,
        0.0100882388651371,
        0.9786230325698853,
        1.0016613006591797
    ],
    [
        0.9768233299255371,
        0.026678921654820442,
        -0.21237780153751373,
        -0.18879713118076324,
        -0.027887172996997833,
        0.9996074438095093,
        -0.002695162780582905,
        -0.11270461231470108,
        0.21222251653671265,
        0.008555316366255283,
        0.9771837592124939,
        1.114437460899353
    ],
    [
        0.9777629971504211,
        0.0229631420224905,
        -0.20845192670822144,
        -0.23275640606880188,
        -0.023797744885087013,
        0.9997156858444214,
        -0.001496465178206563,
        -0.12617561221122742,
        0.2083582729101181,
        0.006423871498554945,
        0.978031575679779,
        1.22060227394104
    ],
    [
        0.9807304739952087,
        0.019290974363684654,
        -0.194411039352417,
        -0.28412899374961853,
        -0.01976751536130905,
        0.9998044371604919,
        -0.0005113058141432703,
        -0.13882462680339813,
        0.19436316192150116,
        0.00434447918087244,
        0.9809200763702393,
        1.327526330947876
    ],
    [
        0.9851590394973755,
        0.013428500853478909,
        -0.17111776769161224,
        -0.3410123884677887,
        -0.013253261335194111,
        0.9999098181724548,
        0.0021664577070623636,
        -0.15214818716049194,
        0.1711314171552658,
        0.0001335626729996875,
        0.9852482676506042,
        1.433337688446045
    ],
    [
        0.9899806976318359,
        0.00924143847078085,
        -0.14089976251125336,
        -0.3883032202720642,
        -0.008700225502252579,
        0.9999522566795349,
        0.004456647206097841,
        -0.16627657413482666,
        0.14093421399593353,
        -0.003186136484146118,
        0.990013837814331,
        1.542301058769226
    ],
    [
        0.9946168661117554,
        0.005316001828759909,
        -0.10348355025053024,
        -0.423101544380188,
        -0.004909911192953587,
        0.9999791979789734,
        0.004178536124527454,
        -0.17662233114242554,
        0.10350359976291656,
        -0.0036479495465755463,
        0.9946224689483643,
        1.6724205017089844
    ],
    [
        0.9978512525558472,
        -0.000677912961691618,
        -0.06551573425531387,
        -0.44619041681289673,
        0.0009841109858825803,
        0.9999887943267822,
        0.0046414947137236595,
        -0.18952222168445587,
        0.06551185995340347,
        -0.004695999436080456,
        0.9978406429290771,
        1.7940165996551514
    ],
    [
        0.9997402429580688,
        -0.006765863858163357,
        -0.02176145650446415,
        -0.46650025248527527,
        0.0068989405408501625,
        0.9999578595161438,
        0.006045979913324118,
        -0.20773367583751678,
        0.021719636395573616,
        -0.006194539833813906,
        0.9997449517250061,
        1.9162288904190063
    ],
    [
        0.9994753003120422,
        -0.012410498224198818,
        0.029917944222688675,
        -0.490496426820755,
        0.012251985259354115,
        0.9999099373817444,
        0.005475750658661127,
        -0.2227545827627182,
        -0.02998320199549198,
        -0.005106321070343256,
        0.9995372891426086,
        2.049809217453003
    ],
    [
        0.9962667226791382,
        -0.01779923029243946,
        0.08447347581386566,
        -0.5152156352996826,
        0.017349466681480408,
        0.9998310804367065,
        0.006055496633052826,
        -0.24262098968029022,
        -0.08456699550151825,
        -0.0045673176646232605,
        0.9964073300361633,
        2.174684524536133
    ],
    [
        0.9900640249252319,
        -0.025381382554769516,
        0.13830800354480743,
        -0.5311413407325745,
        0.024428537115454674,
        0.9996647238731384,
        0.008582714945077896,
        -0.2713472545146942,
        -0.13847948610782623,
        -0.005118772853165865,
        0.9903520941734314,
        2.3015682697296143
    ],
    [
        0.980832576751709,
        -0.03069779835641384,
        0.1924189180135727,
        -0.5277273654937744,
        0.02971312403678894,
        0.9995264410972595,
        0.008001548238098621,
        -0.29158079624176025,
        -0.19257354736328125,
        -0.0021308164577931166,
        0.9812802076339722,
        2.4434397220611572
    ],
    [
        0.9728499054908752,
        -0.03424585610628128,
        0.22888964414596558,
        -0.5014296770095825,
        0.0341501384973526,
        0.9994071125984192,
        0.00438008364289999,
        -0.3018156886100769,
        -0.2289036363363266,
        0.003555439179763198,
        0.9734426140785217,
        2.558171033859253
    ],
    [
        0.9639827609062195,
        -0.03809690847992897,
        0.26322200894355774,
        -0.4735007584095001,
        0.03863724693655968,
        0.9992483258247375,
        0.003125241491943598,
        -0.3152512311935425,
        -0.263143390417099,
        0.007157498970627785,
        0.9647303223609924,
        2.677741527557373
    ],
    [
        0.9549410939216614,
        -0.04367867484688759,
        0.2935637831687927,
        -0.44137150049209595,
        0.04472469538450241,
        0.9989944100379944,
        0.0031520016491413116,
        -0.3297457993030548,
        -0.2934061288833618,
        0.010119566693902016,
        0.9559343457221985,
        2.7963993549346924
    ],
    [
        0.9451791644096375,
        -0.050550468266010284,
        0.3226158916950226,
        -0.409002423286438,
        0.051468830555677414,
        0.9986583590507507,
        0.0056890808045864105,
        -0.34560316801071167,
        -0.32247066497802734,
        0.011227462440729141,
        0.9465128779411316,
        2.920083999633789
    ],
    [
        0.9335236549377441,
        -0.057185955345630646,
        0.3539259433746338,
        -0.3841286599636078,
        0.05780431255698204,
        0.9982888698577881,
        0.008833545260131359,
        -0.3585200309753418,
        -0.35382527112960815,
        0.012212105095386505,
        0.9352317452430725,
        3.0475070476531982
    ],
    [
        0.9219701290130615,
        -0.06416358053684235,
        0.38190847635269165,
        -0.34262025356292725,
        0.06475522369146347,
        0.9978369474411011,
        0.011317862197756767,
        -0.37438756227493286,
        -0.381808340549469,
        0.014295831322669983,
        0.9241308569908142,
        3.1882362365722656
    ]
]