[
    [
        0.999964714050293,
        0.0017376187024638057,
        0.008224030025303364,
        -0.006060837768018246,
        -0.0017406486440449953,
        0.9999984502792358,
        0.00036134765832684934,
        -0.008291618898510933,
        -0.008223389275372028,
        -0.0003756493970286101,
        0.9999661445617676,
        0.4036255180835724
    ],
    [
        0.9999309778213501,
        0.0017940127290785313,
        0.011610961519181728,
        -0.01258256658911705,
        -0.0017895742785185575,
        0.9999983310699463,
        -0.0003925787750631571,
        -0.011441522277891636,
        -0.01161164604127407,
        0.0003717732324730605,
        0.9999325275421143,
        0.478057324886322
    ],
    [
        0.9998812675476074,
        0.001665632240474224,
        0.01531954389065504,
        -0.01581459492444992,
        -0.0016549904830753803,
        0.9999983310699463,
        -0.0007072806474752724,
        -0.014339911751449108,
        -0.01532069779932499,
        0.0006818422698415816,
        0.9998823404312134,
        0.552518904209137
    ],
    [
        0.999808669090271,
        0.0013207910815253854,
        0.01951880007982254,
        -0.015989039093255997,
        -0.0013015730073675513,
        0.9999986886978149,
        -0.0009973171399906278,
        -0.022639339789748192,
        -0.019520090892910957,
        0.0009717211360111833,
        0.9998090863227844,
        0.6416490077972412
    ],
    [
        0.9997379779815674,
        0.0011848219437524676,
        0.02286083623766899,
        -0.014089549891650677,
        -0.001159637002274394,
        0.9999986886978149,
        -0.0011148893972858787,
        -0.032008763402700424,
        -0.02286212518811226,
        0.0010880866320803761,
        0.9997380375862122,
        0.7171176075935364
    ],
    [
        0.9996233582496643,
        0.0013091500150039792,
        0.027413368225097656,
        -0.009206599555909634,
        -0.0012730980524793267,
        0.9999982714653015,
        -0.0013325376203283668,
        -0.04055863991379738,
        -0.027415065094828606,
        0.0012971359537914395,
        0.99962317943573,
        0.7949758768081665
    ],
    [
        0.9995117783546448,
        0.0013298098929226398,
        0.03121749870479107,
        -0.008747746236622334,
        -0.001273898291401565,
        0.999997615814209,
        -0.0018108601216226816,
        -0.041936345398426056,
        -0.031219828873872757,
        0.001770207891240716,
        0.9995108842849731,
        0.8604419827461243
    ],
    [
        0.9993926286697388,
        0.0014921135734766722,
        0.034817155450582504,
        -0.00833391584455967,
        -0.0014338616747409105,
        0.9999975562095642,
        -0.001697975443676114,
        -0.042549487203359604,
        -0.034819602966308594,
        0.0016470206901431084,
        0.9993922710418701,
        0.9323612451553345
    ],
    [
        0.9992228746414185,
        0.0016098286723718047,
        0.039383191615343094,
        -0.013314245268702507,
        -0.0015626964159309864,
        0.9999979734420776,
        -0.001227527973242104,
        -0.047309912741184235,
        -0.03938509151339531,
        0.0011650300584733486,
        0.9992234706878662,
        1.022046446800232
    ],
    [
        0.999029815196991,
        0.0014016431523486972,
        0.04401768743991852,
        -0.019046897068619728,
        -0.0013414359418675303,
        0.999998152256012,
        -0.001397300511598587,
        -0.05556396022439003,
        -0.04401956871151924,
        0.0013368993531912565,
        0.9990296959877014,
        1.0934103727340698
    ],
    [
        0.9986346364021301,
        0.0006599589833058417,
        0.052234627306461334,
        -0.02368510700762272,
        -0.0005721068591810763,
        0.9999985098838806,
        -0.001696806401014328,
        -0.06443797796964645,
        -0.052235670387744904,
        0.0016646056901663542,
        0.9986333847045898,
        1.1681984663009644
    ],
    [
        0.9983500242233276,
        -0.00045594535185955465,
        0.05741989240050316,
        -0.022881323471665382,
        0.0005616795970126987,
        0.9999982714653015,
        -0.0018253033049404621,
        -0.06903348118066788,
        -0.057418953627347946,
        0.0018545440398156643,
        0.9983484148979187,
        1.2334707975387573
    ],
    [
        0.9979259967803955,
        -0.0014384646201506257,
        0.06435553729534149,
        -0.01903362385928631,
        0.0015452494844794273,
        0.999997615814209,
        -0.0016095467144623399,
        -0.07523072510957718,
        -0.06435306370258331,
        0.001705653266981244,
        0.9979257583618164,
        1.3190391063690186
    ],
    [
        0.9976644515991211,
        -0.0021910665091127157,
        0.06826931238174438,
        -0.010112762451171875,
        0.0022709043696522713,
        0.9999968409538269,
        -0.0010918638436123729,
        -0.08639359474182129,
        -0.06826669722795486,
        0.0012443461455404758,
        0.9976663589477539,
        1.3949552774429321
    ],
    [
        0.9973718523979187,
        -0.002130749635398388,
        0.07242085039615631,
        0.0005088174948468804,
        0.002225311007350683,
        0.9999967813491821,
        -0.0012250591535121202,
        -0.09458701312541962,
        -0.07241800427436829,
        0.0013829984236508608,
        0.9973734617233276,
        1.4618052244186401
    ],
    [
        0.9972485303878784,
        -0.0016163376858457923,
        0.07411330938339233,
        0.009056725539267063,
        0.0017401522491127253,
        0.9999971985816956,
        -0.0016060665948316455,
        -0.10024258494377136,
        -0.0741105005145073,
        0.0017306155059486628,
        0.9972485899925232,
        1.532780647277832
    ],
    [
        0.9971164464950562,
        -0.001304446836002171,
        0.07587562501430511,
        0.012764833867549896,
        0.0013852422125637531,
        0.9999985098838806,
        -0.001012218650430441,
        -0.10298618674278259,
        -0.0758742019534111,
        0.0011144044110551476,
        0.9971166849136353,
        1.5953539609909058
    ],
    [
        0.9969490766525269,
        -0.001221911865286529,
        0.07804509252309799,
        0.011170945130288601,
        0.0012921090237796307,
        0.9999988079071045,
        -0.0008489519823342562,
        -0.10853365063667297,
        -0.07804396003484726,
        0.0009472036035731435,
        0.9969494342803955,
        1.6748534440994263
    ],
    [
        0.9967983961105347,
        -0.0007071565487422049,
        0.07995287328958511,
        0.00726822204887867,
        0.0007461861823685467,
        0.9999996423721313,
        -0.0004582890833262354,
        -0.1122608631849289,
        -0.07995252311229706,
        0.0005164835602045059,
        0.9967985153198242,
        1.7424131631851196
    ],
    [
        0.996517539024353,
        -0.00028308696346357465,
        0.08338265120983124,
        0.0037001364398747683,
        0.0003057800349779427,
        0.9999999403953552,
        -0.000259386986726895,
        -0.11892580986022949,
        -0.08338256180286407,
        0.00028397844289429486,
        0.996517539024353,
        1.8047313690185547
    ],
    [
        0.9962451457977295,
        -0.0011426369892433286,
        0.08656914532184601,
        0.004613690078258514,
        0.0011994827073067427,
        0.9999991059303284,
        -0.0006046417984180152,
        -0.12577436864376068,
        -0.08656838536262512,
        0.0007062088698148727,
        0.9962456226348877,
        1.8742655515670776
    ],
    [
        0.9958726167678833,
        -0.0012299091322347522,
        0.09075465053319931,
        0.010731969028711319,
        0.0012706330744549632,
        0.9999991059303284,
        -0.0003909500373993069,
        -0.1293472796678543,
        -0.09075409919023514,
        0.0005046522128395736,
        0.9958731532096863,
        1.9418617486953735
    ],
    [
        0.9956070780754089,
        -0.0019080479396507144,
        0.09361054003238678,
        0.021866334602236748,
        0.0018463588785380125,
        0.9999980330467224,
        0.0007456004386767745,
        -0.13492432236671448,
        -0.09361177682876587,
        -0.0005694869323633611,
        0.9956085085868835,
        2.0314643383026123
    ],
    [
        0.9954759478569031,
        -0.0017571572680026293,
        0.09499690681695938,
        0.032646968960762024,
        0.0017145107267424464,
        0.9999983906745911,
        0.0005305546219460666,
        -0.13825786113739014,
        -0.09499768912792206,
        -0.00036527958582155406,
        0.9954773187637329,
        2.0983290672302246
    ],
    [
        0.9953685402870178,
        -0.0016680766129866242,
        0.0961184874176979,
        0.04274442791938782,
        0.0016305214958265424,
        0.9999985694885254,
        0.0004692608490586281,
        -0.14115306735038757,
        -0.09611912816762924,
        -0.0003103664785157889,
        0.9953699111938477,
        2.1665170192718506
    ]
]