[
    [
        0.9971306324005127,
        0.06142175570130348,
        0.04424728453159332,
        -0.032246604561805725,
        -0.06156091019511223,
        0.9981017708778381,
        0.0017880258383229375,
        -0.2434464693069458,
        -0.044053468853235245,
        -0.0045067984610795975,
        0.9990189075469971,
        0.3315645158290863
    ],
    [
        0.9964472651481628,
        0.06576687097549438,
        0.05260802060365677,
        -0.0451001301407814,
        -0.06586338579654694,
        0.9978286623954773,
        0.00010142187238670886,
        -0.2558065950870514,
        -0.052487120032310486,
        -0.003566004568710923,
        0.9986152648925781,
        0.3607916533946991
    ],
    [
        0.9957370758056641,
        0.06984169036149979,
        0.06024643033742905,
        -0.05800769478082657,
        -0.06985123455524445,
        0.9975555539131165,
        -0.001950163976289332,
        -0.26928213238716125,
        -0.06023535504937172,
        -0.002266435883939266,
        0.9981815814971924,
        0.3867819905281067
    ],
    [
        0.994819700717926,
        0.07434384524822235,
        0.06933008134365082,
        -0.07115276902914047,
        -0.07412202656269073,
        0.9972324967384338,
        -0.005770117975771427,
        -0.27767685055732727,
        -0.06956718116998672,
        0.000601341191213578,
        0.9975771307945251,
        0.41500240564346313
    ],
    [
        0.9936650991439819,
        0.0795956403017044,
        0.07933547347784042,
        -0.08490346372127533,
        -0.07910452038049698,
        0.9968227744102478,
        -0.009319241158664227,
        -0.2866596281528473,
        -0.07982517033815384,
        0.002984412480145693,
        0.9968043565750122,
        0.4434868395328522
    ],
    [
        0.9925537109375,
        0.08425264060497284,
        0.0879688635468483,
        -0.09177838265895844,
        -0.08355998247861862,
        0.9964359998703003,
        -0.011533484794199467,
        -0.29542893171310425,
        -0.08862706273794174,
        0.004096927121281624,
        0.9960564374923706,
        0.47064217925071716
    ],
    [
        0.9912250638008118,
        0.0889432355761528,
        0.09778599441051483,
        -0.10065051168203354,
        -0.08806797116994858,
        0.9960264563560486,
        -0.013239608146250248,
        -0.30078521370887756,
        -0.09857501834630966,
        0.004511616658419371,
        0.9951194524765015,
        0.5004736185073853
    ],
    [
        0.989797055721283,
        0.0938122421503067,
        0.10724256932735443,
        -0.1073106974363327,
        -0.09275577962398529,
        0.9955787658691406,
        -0.01480832975357771,
        -0.30333438515663147,
        -0.10815762728452682,
        0.004709875676780939,
        0.9941225647926331,
        0.5278016924858093
    ],
    [
        0.9882726669311523,
        0.09864666312932968,
        0.11655931174755096,
        -0.11256169527769089,
        -0.097372867166996,
        0.9951096773147583,
        -0.01658659614622593,
        -0.3069848120212555,
        -0.11762551218271255,
        0.005042367149144411,
        0.9930451512336731,
        0.5567963123321533
    ],
    [
        0.9864592552185059,
        0.10410205274820328,
        0.12673193216323853,
        -0.11919929832220078,
        -0.10248619318008423,
        0.9945486187934875,
        -0.019222579896450043,
        -0.30791157484054565,
        -0.12804219126701355,
        0.005974015220999718,
        0.9917506575584412,
        0.5871593952178955
    ],
    [
        0.9847779273986816,
        0.10802312195301056,
        0.1361740529537201,
        -0.12731923162937164,
        -0.10606274008750916,
        0.9941249489784241,
        -0.021591706201434135,
        -0.3075791895389557,
        -0.1377064287662506,
        0.0068200440146028996,
        0.9904497265815735,
        0.6140914559364319
    ],
    [
        0.9829458594322205,
        0.11324893683195114,
        0.14488674700260162,
        -0.13139182329177856,
        -0.11088187992572784,
        0.993535578250885,
        -0.02433604933321476,
        -0.30399394035339355,
        -0.14670617878437042,
        0.007855705916881561,
        0.9891490340232849,
        0.6424910426139832
    ],
    [
        0.9809593558311462,
        0.11777947098016739,
        0.15442386269569397,
        -0.13661590218544006,
        -0.11510275304317474,
        0.9930081963539124,
        -0.026193171739578247,
        -0.30464673042297363,
        -0.15642918646335602,
        0.007919826544821262,
        0.9876574277877808,
        0.6717405319213867
    ],
    [
        0.978897750377655,
        0.12279418855905533,
        0.16334268450737,
        -0.1383669078350067,
        -0.11985772103071213,
        0.9924030900001526,
        -0.027750857174396515,
        -0.3074849247932434,
        -0.165509432554245,
        0.0075873699970543385,
        0.986178994178772,
        0.7019989490509033
    ],
    [
        0.9767467379570007,
        0.12606345117092133,
        0.17341801524162292,
        -0.14824439585208893,
        -0.12284179776906967,
        0.9919957518577576,
        -0.029230372980237007,
        -0.3106713593006134,
        -0.17571480572223663,
        0.007247688714414835,
        0.9844144582748413,
        0.7295686602592468
    ],
    [
        0.9744171500205994,
        0.13116109371185303,
        0.18250443041324615,
        -0.15226852893829346,
        -0.1274329572916031,
        0.9913289546966553,
        -0.03205893933773041,
        -0.310968279838562,
        -0.18512681126594543,
        0.007981695234775543,
        0.9826821088790894,
        0.763751208782196
    ],
    [
        0.9722549915313721,
        0.13633057475090027,
        0.1900901198387146,
        -0.15580002963542938,
        -0.13223546743392944,
        0.9906308054924011,
        -0.03412427380681038,
        -0.31390443444252014,
        -0.19296129047870636,
        0.008040841668844223,
        0.9811734557151794,
        0.7968491315841675
    ],
    [
        0.9700846672058105,
        0.14038944244384766,
        0.19805707037448883,
        -0.16136230528354645,
        -0.1358410269021988,
        0.9900603294372559,
        -0.036437589675188065,
        -0.3172510266304016,
        -0.20120389759540558,
        0.00844326801598072,
        0.9795129895210266,
        0.8279138803482056
    ],
    [
        0.967886209487915,
        0.1438288539648056,
        0.2061787247657776,
        -0.16414877772331238,
        -0.13899923861026764,
        0.9895708560943604,
        -0.03779933974146843,
        -0.3242703378200531,
        -0.20946505665779114,
        0.007926778867840767,
        0.9777839779853821,
        0.856654942035675
    ],
    [
        0.9655505418777466,
        0.1472184807062149,
        0.21456654369831085,
        -0.16684003174304962,
        -0.14225192368030548,
        0.989081621170044,
        -0.03849470615386963,
        -0.335113525390625,
        -0.21789096295833588,
        0.0066460794769227505,
        0.9759505391120911,
        0.887607753276825
    ],
    [
        0.9632501006126404,
        0.15018916130065918,
        0.22269360721111298,
        -0.1724560558795929,
        -0.14489440619945526,
        0.988637387752533,
        -0.040023840963840485,
        -0.3409355580806732,
        -0.22617433965206146,
        0.006285918410867453,
        0.9740666151046753,
        0.914458692073822
    ],
    [
        0.9610165357589722,
        0.15320123732089996,
        0.23016662895679474,
        -0.176043301820755,
        -0.14777277410030365,
        0.9881816506385803,
        -0.04074683412909508,
        -0.35046952962875366,
        -0.23368889093399048,
        0.0051460168324410915,
        0.9722979068756104,
        0.9414467215538025
    ],
    [
        0.958879292011261,
        0.1567225307226181,
        0.23661918938159943,
        -0.17744018137454987,
        -0.1510114222764969,
        0.9876313805580139,
        -0.042187534272670746,
        -0.359840452671051,
        -0.24030429124832153,
        0.004720551893115044,
        0.9706860780715942,
        0.9713696241378784
    ],
    [
        0.9565311670303345,
        0.1609303206205368,
        0.24320660531520844,
        -0.17752446234226227,
        -0.15489178895950317,
        0.9869564771652222,
        -0.04388197138905525,
        -0.3693158030509949,
        -0.2470962554216385,
        0.004303769674152136,
        0.9689814448356628,
        1.0017672777175903
    ],
    [
        0.9538041949272156,
        0.16484597325325012,
        0.251164048910141,
        -0.18341489136219025,
        -0.1582491397857666,
        0.9863091111183167,
        -0.04638548940420151,
        -0.3752880394458771,
        -0.2553718388080597,
        0.004496173467487097,
        0.9668325185775757,
        1.0295344591140747
    ],
    [
        0.9512618780136108,
        0.16862675547599792,
        0.25819721817970276,
        -0.18546417355537415,
        -0.16161517798900604,
        0.9856709241867065,
        -0.04830460995435715,
        -0.3837563693523407,
        -0.2626429498195648,
        0.004221752751618624,
        0.9648837447166443,
        1.0584906339645386
    ],
    [
        0.9489027857780457,
        0.1717648208141327,
        0.2647268772125244,
        -0.18918198347091675,
        -0.16446645557880402,
        0.9851313829421997,
        -0.04966723173856735,
        -0.3909040093421936,
        -0.26932182908058167,
        0.003590682987123728,
        0.9630435109138489,
        1.083660364151001
    ],
    [
        0.9463598132133484,
        0.17522136867046356,
        0.2714782655239105,
        -0.19157674908638,
        -0.16776905953884125,
        0.9845262169837952,
        -0.050612229853868484,
        -0.3998033404350281,
        -0.2761458456516266,
        0.0023517413064837456,
        0.9611127972602844,
        1.1129587888717651
    ],
    [
        0.9438385367393494,
        0.17834819853305817,
        0.2781379222869873,
        -0.19352716207504272,
        -0.1706639975309372,
        0.9839663505554199,
        -0.05180658772587776,
        -0.40701380372047424,
        -0.28291794657707214,
        0.0014289303217083216,
        0.9591429829597473,
        1.1408891677856445
    ],
    [
        0.9411924481391907,
        0.18226560950279236,
        0.28449246287345886,
        -0.19533027708530426,
        -0.1741473376750946,
        0.983248770236969,
        -0.0538020133972168,
        -0.40946823358535767,
        -0.2895330786705017,
        0.0010944464011117816,
        0.9571675062179565,
        1.1677753925323486
    ],
    [
        0.938399076461792,
        0.18528994917869568,
        0.2916759252548218,
        -0.20244038105010986,
        -0.17686043679714203,
        0.9826838374137878,
        -0.055252302438020706,
        -0.4134591519832611,
        -0.29686295986175537,
        0.00026277732104063034,
        0.9549200534820557,
        1.1955517530441284
    ],
    [
        0.9356980919837952,
        0.18842241168022156,
        0.29827186465263367,
        -0.20805563032627106,
        -0.17971037328243256,
        0.9820878505706787,
        -0.05663534998893738,
        -0.4179358184337616,
        -0.303600549697876,
        -0.0006089548696763813,
        0.9527993202209473,
        1.223842740058899
    ],
    [
        0.9328558444976807,
        0.19218309223651886,
        0.3047056496143341,
        -0.21147598326206207,
        -0.18321636319160461,
        0.981357753276825,
        -0.0580424927175045,
        -0.4222356379032135,
        -0.3101799786090851,
        -0.0016817781142890453,
        0.9506763219833374,
        1.2516947984695435
    ],
    [
        0.9298179149627686,
        0.1964927315711975,
        0.3111741542816162,
        -0.21453124284744263,
        -0.18698501586914062,
        0.980503261089325,
        -0.06041548028588295,
        -0.4257342517375946,
        -0.31697848439216614,
        -0.0020095165818929672,
        0.948430597782135,
        1.2813791036605835
    ],
    [
        0.9268656969070435,
        0.19977964460849762,
        0.3178175091743469,
        -0.22143995761871338,
        -0.18973535299301147,
        0.9798380732536316,
        -0.06259109824895859,
        -0.42991364002227783,
        -0.32391414046287537,
        -0.0022876730654388666,
        0.9460837841033936,
        1.3104991912841797
    ],
    [
        0.9236860871315002,
        0.20311148464679718,
        0.3248840868473053,
        -0.22966071963310242,
        -0.19278663396835327,
        0.979149341583252,
        -0.06402942538261414,
        -0.43791258335113525,
        -0.331115186214447,
        -0.003490215167403221,
        0.9435839056968689,
        1.340314507484436
    ],
    [
        0.9201871752738953,
        0.20683562755584717,
        0.3323771059513092,
        -0.237594872713089,
        -0.19607746601104736,
        0.9783656001091003,
        -0.06598799675703049,
        -0.4443760812282562,
        -0.3388350009918213,
        -0.004450347274541855,
        0.9408352971076965,
        1.3694571256637573
    ],
    [
        0.9164211750030518,
        0.210812509059906,
        0.3401915729045868,
        -0.24529248476028442,
        -0.19998489320278168,
        0.9775041341781616,
        -0.06702017784118652,
        -0.4558335244655609,
        -0.3466673791408539,
        -0.006614465732127428,
        0.9379648566246033,
        1.398747205734253
    ],
    [
        0.9125902652740479,
        0.2145320028066635,
        0.3480733633041382,
        -0.25096622109413147,
        -0.20338483154773712,
        0.9766836166381836,
        -0.06872942298650742,
        -0.4646894335746765,
        -0.3547022044658661,
        -0.008071043528616428,
        0.9349445104598999,
        1.427624225616455
    ],
    [
        0.9083402752876282,
        0.21797940135002136,
        0.35693544149398804,
        -0.2581748068332672,
        -0.20671240985393524,
        0.9758993983268738,
        -0.0699307918548584,
        -0.4753270149230957,
        -0.3635765612125397,
        -0.010262034833431244,
        0.9315078258514404,
        1.4533528089523315
    ],
    [
        0.9038791656494141,
        0.22270135581493378,
        0.36524859070777893,
        -0.259886234998703,
        -0.21089348196983337,
        0.9748186469078064,
        -0.07247447967529297,
        -0.48358726501464844,
        -0.37219128012657166,
        -0.011520377360284328,
        0.9280845522880554,
        1.4815579652786255
    ],
    [
        0.8993883728981018,
        0.22730128467082977,
        0.3734093904495239,
        -0.2628258466720581,
        -0.21474286913871765,
        0.9737471342086792,
        -0.07551159709692001,
        -0.4909874200820923,
        -0.38077017664909363,
        -0.012272759340703487,
        0.9245882630348206,
        1.5082420110702515
    ],
    [
        0.8950638771057129,
        0.23063769936561584,
        0.3816632330417633,
        -0.26760855317115784,
        -0.2179522067308426,
        0.9729325175285339,
        -0.07680536806583405,
        -0.5048267245292664,
        -0.389046847820282,
        -0.014438631944358349,
        0.921104907989502,
        1.5328351259231567
    ],
    [
        0.8902310729026794,
        0.23595324158668518,
        0.38963407278060913,
        -0.2656172811985016,
        -0.22272445261478424,
        0.9716328978538513,
        -0.07951992750167847,
        -0.5156206488609314,
        -0.3973442316055298,
        -0.01598992571234703,
        0.9175301790237427,
        1.5593266487121582
    ],
    [
        0.884941816329956,
        0.24004875123500824,
        0.3990670442581177,
        -0.26938295364379883,
        -0.22613388299942017,
        0.9706059694290161,
        -0.08238580077886581,
        -0.522552490234375,
        -0.4071134924888611,
        -0.017335927113890648,
        0.9132130742073059,
        1.5863765478134155
    ],
    [
        0.8799528479576111,
        0.24436409771442413,
        0.40739306807518005,
        -0.26498275995254517,
        -0.22986078262329102,
        0.9695010185241699,
        -0.08503974974155426,
        -0.5272296667098999,
        -0.41574862599372864,
        -0.01881270669400692,
        0.9092850089073181,
        1.6129374504089355
    ],
    [
        0.8749039173126221,
        0.24823631346225739,
        0.4158388376235962,
        -0.26196664571762085,
        -0.2336193472146988,
        0.9684635996818542,
        -0.08660412579774857,
        -0.5321171283721924,
        -0.42422306537628174,
        -0.021377719938755035,
        0.9053053259849548,
        1.638161301612854
    ],
    [
        0.8697537779808044,
        0.25188761949539185,
        0.4243595004081726,
        -0.2590668201446533,
        -0.2372473180294037,
        0.9674553871154785,
        -0.08799919486045837,
        -0.5369884967803955,
        -0.4327148199081421,
        -0.024140523746609688,
        0.9012075662612915,
        1.66425359249115
    ],
    [
        0.8646684885025024,
        0.25561219453811646,
        0.4324473738670349,
        -0.25603073835372925,
        -0.24062485992908478,
        0.9664260149002075,
        -0.09011385589838028,
        -0.5382617115974426,
        -0.4409625828266144,
        -0.026138994842767715,
        0.8971448540687561,
        1.6895943880081177
    ],
    [
        0.8594588041305542,
        0.2593633234500885,
        0.44052383303642273,
        -0.2523995041847229,
        -0.24407516419887543,
        0.9653652310371399,
        -0.09218071401119232,
        -0.5418869853019714,
        -0.449174702167511,
        -0.028295408934354782,
        0.8929957151412964,
        1.7146098613739014
    ],
    [
        0.8543527722358704,
        0.26260560750961304,
        0.4484635293483734,
        -0.24792422354221344,
        -0.24693715572357178,
        0.9644314646720886,
        -0.09430788457393646,
        -0.5442579388618469,
        -0.45727819204330444,
        -0.030170148238539696,
        0.8888117671012878,
        1.740332007408142
    ],
    [
        0.8492775559425354,
        0.2664047181606293,
        0.4558027684688568,
        -0.24303773045539856,
        -0.250100314617157,
        0.9633439183235168,
        -0.0970480665564537,
        -0.5454627871513367,
        -0.4649488031864166,
        -0.03157569095492363,
        0.8847743272781372,
        1.766056776046753
    ],
    [
        0.8443281054496765,
        0.26961925625801086,
        0.46305006742477417,
        -0.23927216231822968,
        -0.25274857878685,
        0.9624009132385254,
        -0.09951198101043701,
        -0.5487092137336731,
        -0.472470223903656,
        -0.03301446512341499,
        0.8807280659675598,
        1.7926136255264282
    ],
    [
        0.8394460082054138,
        0.2726660370826721,
        0.470088928937912,
        -0.23363308608531952,
        -0.2552836835384369,
        0.9614890813827515,
        -0.1018286943435669,
        -0.5509843826293945,
        -0.4797506332397461,
        -0.03452634438872337,
        0.8767252564430237,
        1.8191306591033936
    ],
    [
        0.8346189856529236,
        0.2752918004989624,
        0.4771011471748352,
        -0.22681523859500885,
        -0.25801166892051697,
        0.960641622543335,
        -0.10294529795646667,
        -0.5556372404098511,
        -0.4866633117198944,
        -0.03717761114239693,
        0.8727981448173523,
        1.8448809385299683
    ],
    [
        0.8303558230400085,
        0.27761372923851013,
        0.4831559956073761,
        -0.2198459655046463,
        -0.2603837251663208,
        0.9598836898803711,
        -0.10403618961572647,
        -0.5602965354919434,
        -0.49265554547309875,
        -0.03941888362169266,
        0.8693311214447021,
        1.872307300567627
    ],
    [
        0.8259750008583069,
        0.2796030044555664,
        0.48947665095329285,
        -0.21758049726486206,
        -0.26254770159721375,
        0.9592019319534302,
        -0.10488315671682358,
        -0.5671197175979614,
        -0.4988325238227844,
        -0.04188006371259689,
        0.8656858205795288,
        1.9027506113052368
    ],
    [
        0.8219127058982849,
        0.28190842270851135,
        0.49496185779571533,
        -0.21313053369522095,
        -0.2645616829395294,
        0.9584615230560303,
        -0.10657728463411331,
        -0.5743831992149353,
        -0.504446804523468,
        -0.043350700289011,
        0.8623537421226501,
        1.930911660194397
    ],
    [
        0.8182857036590576,
        0.28426650166511536,
        0.49960097670555115,
        -0.20600001513957977,
        -0.2662436068058014,
        0.9577382206916809,
        -0.10886604338884354,
        -0.5811612606048584,
        -0.5094338059425354,
        -0.04393196105957031,
        0.8593875765800476,
        1.9577540159225464
    ],
    [
        0.8143940567970276,
        0.2866385281085968,
        0.5045796632766724,
        -0.20275980234146118,
        -0.2679082155227661,
        0.9570008516311646,
        -0.11124181002378464,
        -0.5889718532562256,
        -0.514769434928894,
        -0.04458640515804291,
        0.8561686277389526,
        1.9853132963180542
    ],
    [
        0.8109994530677795,
        0.288438618183136,
        0.5090019702911377,
        -0.19738028943538666,
        -0.2694300711154938,
        0.9564046263694763,
        -0.11268395185470581,
        -0.5983917117118835,
        -0.5193142294883728,
        -0.04575381055474281,
        0.85335773229599,
        2.0107123851776123
    ],
    [
        0.8078243732452393,
        0.2906307280063629,
        0.5127900838851929,
        -0.1914173662662506,
        -0.2715233564376831,
        0.9556690454483032,
        -0.1138937920331955,
        -0.6069127321243286,
        -0.5231585502624512,
        -0.047228287905454636,
        0.8509256839752197,
        2.0357725620269775
    ],
    [
        0.8048170804977417,
        0.29191428422927856,
        0.5167741775512695,
        -0.187079057097435,
        -0.27303236722946167,
        0.9551849365234375,
        -0.11434588581323624,
        -0.6167729496955872,
        -0.5269942879676819,
        -0.049068551510572433,
        0.8484511971473694,
        2.060689687728882
    ],
    [
        0.8012806177139282,
        0.2929894030094147,
        0.5216383934020996,
        -0.1860305815935135,
        -0.27418142557144165,
        0.9547654390335083,
        -0.11509858071804047,
        -0.6249389052391052,
        -0.5317649841308594,
        -0.050797343254089355,
        0.8453671932220459,
        2.0852627754211426
    ],
    [
        0.7982230186462402,
        0.29509660601615906,
        0.5251264572143555,
        -0.17946995794773102,
        -0.2761186361312866,
        0.9540473818778992,
        -0.1164136528968811,
        -0.6333578824996948,
        -0.5353488922119141,
        -0.05207319185137749,
        0.8430243134498596,
        2.1095259189605713
    ],
    [
        0.7950109839439392,
        0.29679766297340393,
        0.529026210308075,
        -0.17632770538330078,
        -0.2776024341583252,
        0.9534541368484497,
        -0.11773713678121567,
        -0.6422452330589294,
        -0.5393463373184204,
        -0.053256649523973465,
        0.8403983116149902,
        2.1357767581939697
    ],
    [
        0.7923009395599365,
        0.2983764410018921,
        0.5321943759918213,
        -0.17217542231082916,
        -0.2789664566516876,
        0.9529065489768982,
        -0.11894053220748901,
        -0.6501688361167908,
        -0.5426205396652222,
        -0.05422769486904144,
        0.8382257223129272,
        2.1586523056030273
    ],
    [
        0.7895713448524475,
        0.300459623336792,
        0.535071074962616,
        -0.16657070815563202,
        -0.2805479168891907,
        0.9522189497947693,
        -0.12071432918310165,
        -0.6573180556297302,
        -0.5457746982574463,
        -0.05480055883526802,
        0.8361380696296692,
        2.184821367263794
    ],
    [
        0.7864252328872681,
        0.3020348846912384,
        0.5388044118881226,
        -0.16463764011859894,
        -0.28153908252716064,
        0.9516908526420593,
        -0.12255722284317017,
        -0.6609721779823303,
        -0.5497919321060181,
        -0.05531248077750206,
        0.8334683179855347,
        2.2098684310913086
    ],
    [
        0.7832605242729187,
        0.30343642830848694,
        0.5426133275032043,
        -0.16122494637966156,
        -0.2828482687473297,
        0.9511659145355225,
        -0.12361379712820053,
        -0.6645799875259399,
        -0.553624153137207,
        -0.05665537714958191,
        0.8308371305465698,
        2.2348618507385254
    ],
    [
        0.7799783945083618,
        0.3047664761543274,
        0.5465812683105469,
        -0.15836121141910553,
        -0.28405019640922546,
        0.9506614208221436,
        -0.12473296374082565,
        -0.665590226650238,
        -0.5576282739639282,
        -0.05796755477786064,
        0.8280643820762634,
        2.2605972290039062
    ],
    [
        0.7769745588302612,
        0.30690091848373413,
        0.5496566295623779,
        -0.15314917266368866,
        -0.2859405279159546,
        0.9499030709266663,
        -0.12618352472782135,
        -0.6655797958374023,
        -0.5608462691307068,
        -0.05912778526544571,
        0.8258059024810791,
        2.287470817565918
    ],
    [
        0.7740331292152405,
        0.3081940710544586,
        0.5530723333358765,
        -0.15060557425022125,
        -0.2870333790779114,
        0.9494180679321289,
        -0.12734630703926086,
        -0.665626585483551,
        -0.5643443465232849,
        -0.06017998605966568,
        0.8233430981636047,
        2.3137240409851074
    ],
    [
        0.7706054449081421,
        0.31108713150024414,
        0.5562302470207214,
        -0.1451098769903183,
        -0.2889924943447113,
        0.9484531283378601,
        -0.13007637858390808,
        -0.664929211139679,
        -0.5680233836174011,
        -0.06050875782966614,
        0.8207851648330688,
        2.342334270477295
    ],
    [
        0.7670183777809143,
        0.31317850947380066,
        0.5600018501281738,
        -0.14222541451454163,
        -0.29057058691978455,
        0.9477032423019409,
        -0.13201259076595306,
        -0.6647254824638367,
        -0.5720590949058533,
        -0.061464060097932816,
        0.8179062604904175,
        2.3708016872406006
    ],
    [
        0.7633995413780212,
        0.314962774515152,
        0.5639322400093079,
        -0.14141617715358734,
        -0.29202574491500854,
        0.9470316767692566,
        -0.133610799908638,
        -0.6633294820785522,
        -0.5761441588401794,
        -0.06268434971570969,
        0.814940869808197,
        2.398069143295288
    ],
    [
        0.7600671648979187,
        0.3173161745071411,
        0.5671052932739258,
        -0.13550280034542084,
        -0.29464957118034363,
        0.9460970163345337,
        -0.13446947932243347,
        -0.6666648387908936,
        -0.5792060494422913,
        -0.06489154696464539,
        0.8125944137573242,
        2.4254276752471924
    ],
    [
        0.7555199265480042,
        0.31923502683639526,
        0.5720827579498291,
        -0.1359562873840332,
        -0.2968522906303406,
        0.9452691674232483,
        -0.13544397056102753,
        -0.6723647117614746,
        -0.5840106010437012,
        -0.06749353557825089,
        0.808935284614563,
        2.4556827545166016
    ],
    [
        0.7509533166885376,
        0.3206654489040375,
        0.5772718787193298,
        -0.13850422203540802,
        -0.2980932891368866,
        0.9446593523025513,
        -0.13696396350860596,
        -0.6782497763633728,
        -0.5892448425292969,
        -0.06922730803489685,
        0.8049833178520203,
        2.4866278171539307
    ],
    [
        0.7470431327819824,
        0.3231041729450226,
        0.5809734463691711,
        -0.13624927401542664,
        -0.3006473779678345,
        0.9436655044555664,
        -0.1382261961698532,
        -0.6875723004341125,
        -0.5929059982299805,
        -0.07140722125768661,
        0.802099347114563,
        2.5126469135284424
    ],
    [
        0.7422091364860535,
        0.3256525993347168,
        0.5857268571853638,
        -0.13781826198101044,
        -0.3023843467235565,
        0.9427061676979065,
        -0.14095693826675415,
        -0.6941268444061279,
        -0.598071277141571,
        -0.07249515503644943,
        0.7981573939323425,
        2.5405619144439697
    ],
    [
        0.7370389103889465,
        0.3286687135696411,
        0.5905510187149048,
        -0.13810274004936218,
        -0.3045237958431244,
        0.941562831401825,
        -0.14396095275878906,
        -0.7016817927360535,
        -0.6033564209938049,
        -0.07373202592134476,
        0.7940559983253479,
        2.5678296089172363
    ],
    [
        0.7327436208724976,
        0.3307037651538849,
        0.5947449207305908,
        -0.13587629795074463,
        -0.3061545193195343,
        0.9407355189323425,
        -0.14589762687683105,
        -0.7109989523887634,
        -0.6077468395233154,
        -0.075178362429142,
        0.7905644178390503,
        2.5921127796173096
    ],
    [
        0.728472888469696,
        0.3326932191848755,
        0.5988675355911255,
        -0.13269078731536865,
        -0.30786752700805664,
        0.9399018883705139,
        -0.14765506982803345,
        -0.7202708125114441,
        -0.6120006442070007,
        -0.07680916041135788,
        0.7871184945106506,
        2.614854574203491
    ],
    [
        0.7237496376037598,
        0.3343605697154999,
        0.6036468148231506,
        -0.13047023117542267,
        -0.3094974756240845,
        0.9391360878944397,
        -0.14911271631717682,
        -0.7306767702102661,
        -0.6167638897895813,
        -0.07890690863132477,
        0.7831831574440002,
        2.63749623298645
    ],
    [
        0.7189903259277344,
        0.33655858039855957,
        0.6080963015556335,
        -0.12536214292049408,
        -0.31174805760383606,
        0.9381489157676697,
        -0.1506310999393463,
        -0.7410395741462708,
        -0.6211811900138855,
        -0.08127059787511826,
        0.7794415354728699,
        2.65872859954834
    ],
    [
        0.7143431901931763,
        0.3386088013648987,
        0.6124199032783508,
        -0.11869999021291733,
        -0.31339773535728455,
        0.9372702836990356,
        -0.15266399085521698,
        -0.7493503093719482,
        -0.6256961822509766,
        -0.0828765258193016,
        0.7756516933441162,
        2.680582284927368
    ],
    [
        0.7094438076019287,
        0.3409235179424286,
        0.6168147921562195,
        -0.11135303229093552,
        -0.31556031107902527,
        0.9362390041351318,
        -0.154525488615036,
        -0.7580159306526184,
        -0.6301674842834473,
        -0.0850151777267456,
        0.7717909812927246,
        2.702924966812134
    ],
    [
        0.7046462297439575,
        0.34284400939941406,
        0.6212339401245117,
        -0.10308399051427841,
        -0.31734296679496765,
        0.9353506565093994,
        -0.15624529123306274,
        -0.7649068832397461,
        -0.6346393823623657,
        -0.08704660087823868,
        0.767890453338623,
        2.7255544662475586
    ],
    [
        0.6995680928230286,
        0.3442450761795044,
        0.6261785626411438,
        -0.0963384211063385,
        -0.31907978653907776,
        0.934580385684967,
        -0.15731391310691833,
        -0.7715165615081787,
        -0.6393687725067139,
        -0.08974912762641907,
        0.763644278049469,
        2.7496755123138428
    ],
    [
        0.6943720579147339,
        0.34579700231552124,
        0.6310878396034241,
        -0.08829108625650406,
        -0.3207046091556549,
        0.9337748289108276,
        -0.15878650546073914,
        -0.7759703993797302,
        -0.6442017555236816,
        -0.09213580936193466,
        0.7592858076095581,
        2.773300886154175
    ],
    [
        0.6893775463104248,
        0.3475674092769623,
        0.6355749368667603,
        -0.07855790108442307,
        -0.32285523414611816,
        0.9328362941741943,
        -0.15994080901145935,
        -0.7813215851783752,
        -0.6484774351119995,
        -0.09493903815746307,
        0.7552903294563293,
        2.796642780303955
    ],
    [
        0.6844562292098999,
        0.34916943311691284,
        0.6400002837181091,
        -0.06943199038505554,
        -0.32439911365509033,
        0.9320217967033386,
        -0.16155698895454407,
        -0.7857128977775574,
        -0.6529048681259155,
        -0.09703683853149414,
        0.751198410987854,
        2.819708824157715
    ],
    [
        0.6796652674674988,
        0.35088226199150085,
        0.644155740737915,
        -0.059673842042684555,
        -0.32594093680381775,
        0.931176483631134,
        -0.16331852972507477,
        -0.7905417084693909,
        -0.6571283340454102,
        -0.09895485639572144,
        0.747255265712738,
        2.8426523208618164
    ],
    [
        0.6752110719680786,
        0.35286515951156616,
        0.6477469205856323,
        -0.05019105225801468,
        -0.327480673789978,
        0.9302674531936646,
        -0.1654047667980194,
        -0.7950157523155212,
        -0.6609435081481934,
        -0.10044144839048386,
        0.7436835169792175,
        2.865929365158081
    ],
    [
        0.6703965663909912,
        0.35508623719215393,
        0.6515230536460876,
        -0.040640462189912796,
        -0.32932454347610474,
        0.929227888584137,
        -0.1675734519958496,
        -0.8005797266960144,
        -0.6649163365364075,
        -0.10222183912992477,
        0.7398898005485535,
        2.889472007751465
    ],
    [
        0.6659584641456604,
        0.3566637337207794,
        0.6552025675773621,
        -0.03087174892425537,
        -0.330113023519516,
        0.9285226464271545,
        -0.1699150651693344,
        -0.8042780160903931,
        -0.668972909450531,
        -0.10313460230827332,
        0.7360968589782715,
        2.911120891571045
    ],
    [
        0.6615590453147888,
        0.3580193817615509,
        0.6589094400405884,
        -0.022091727703809738,
        -0.3314635753631592,
        0.927783727645874,
        -0.17131607234477997,
        -0.8109220862388611,
        -0.6726599931716919,
        -0.1050688624382019,
        0.7324541807174683,
        2.9354145526885986
    ],
    [
        0.6577617526054382,
        0.3594101369380951,
        0.6619468927383423,
        -0.012354819104075432,
        -0.3333142399787903,
        0.9269747734069824,
        -0.17210260033607483,
        -0.8193303942680359,
        -0.6754635572433472,
        -0.10743376612663269,
        0.729525089263916,
        2.959934711456299
    ],
    [
        0.6535330414772034,
        0.360569030046463,
        0.6654956340789795,
        -0.003986396826803684,
        -0.334324449300766,
        0.9263356328010559,
        -0.17357870936393738,
        -0.8274697065353394,
        -0.6790593266487122,
        -0.10905204713344574,
        0.7259379625320435,
        2.984175443649292
    ],
    [
        0.6495695114135742,
        0.36165449023246765,
        0.6687790751457214,
        0.005099994596093893,
        -0.3354726731777191,
        0.9256996512413025,
        -0.1747521609067917,
        -0.8376380801200867,
        -0.682288408279419,
        -0.11084338277578354,
        0.7226313948631287,
        3.0058717727661133
    ],
    [
        0.6460013389587402,
        0.3627629280090332,
        0.6716288328170776,
        0.013778354041278362,
        -0.3362377882003784,
        0.9251325130462646,
        -0.17627845704555511,
        -0.8478356003761292,
        -0.6852930188179016,
        -0.11195091903209686,
        0.719611406326294,
        3.026082754135132
    ],
    [
        0.6424845457077026,
        0.3641205132007599,
        0.6742624044418335,
        0.022406084463000298,
        -0.33715391159057617,
        0.9244735240936279,
        -0.17797766625881195,
        -0.8582050800323486,
        -0.6881430149078369,
        -0.11298229545354843,
        0.7167246341705322,
        3.0464417934417725
    ],
    [
        0.6389763355255127,
        0.3655295968055725,
        0.6768287420272827,
        0.02961752563714981,
        -0.33806708455085754,
        0.9237972497940063,
        -0.17974761128425598,
        -0.8688107132911682,
        -0.6909556984901428,
        -0.11395901441574097,
        0.7138581275939941,
        3.066986083984375
    ],
    [
        0.6355595588684082,
        0.36723363399505615,
        0.6791197061538696,
        0.03887513279914856,
        -0.33916935324668884,
        0.9230103492736816,
        -0.18170315027236938,
        -0.8798331022262573,
        -0.6935619115829468,
        -0.11485335975885391,
        0.7111824154853821,
        3.08666729927063
    ],
    [
        0.6324859857559204,
        0.36849093437194824,
        0.6813045144081116,
        0.04779971018433571,
        -0.34018632769584656,
        0.9223673343658447,
        -0.18306197226047516,
        -0.8915555477142334,
        -0.6958698034286499,
        -0.11598634719848633,
        0.7087399959564209,
        3.1057732105255127
    ],
    [
        0.6293454766273499,
        0.3692213296890259,
        0.6838129162788391,
        0.05622833967208862,
        -0.3404758870601654,
        0.9219812750816345,
        -0.18446314334869385,
        -0.900917112827301,
        -0.6985703110694885,
        -0.11673074960708618,
        0.7059556841850281,
        3.1267881393432617
    ],
    [
        0.6263390183448792,
        0.37003570795059204,
        0.6861288547515869,
        0.0660170316696167,
        -0.34137219190597534,
        0.921474814414978,
        -0.18533526360988617,
        -0.9105898141860962,
        -0.7008312940597534,
        -0.11814267188310623,
        0.7034755945205688,
        3.1456875801086426
    ],
    [
        0.623275101184845,
        0.3708499073982239,
        0.6884755492210388,
        0.07595494389533997,
        -0.3423241972923279,
        0.9209533333778381,
        -0.18616974353790283,
        -0.9194999933242798,
        -0.7030948400497437,
        -0.11964687705039978,
        0.7009581327438354,
        3.16583251953125
    ],
    [
        0.6203514337539673,
        0.37139710783958435,
        0.6908170580863953,
        0.08609676361083984,
        -0.3430040180683136,
        0.9205541014671326,
        -0.18689188361167908,
        -0.927327036857605,
        -0.7053455710411072,
        -0.12101442366838455,
        0.6984577178955078,
        3.185187816619873
    ],
    [
        0.617274284362793,
        0.3724574148654938,
        0.6929993033409119,
        0.09736241400241852,
        -0.34390488266944885,
        0.9199680685997009,
        -0.18811745941638947,
        -0.9324921369552612,
        -0.7076029181480408,
        -0.12220577895641327,
        0.6959625482559204,
        3.2052512168884277
    ],
    [
        0.614150881767273,
        0.37346866726875305,
        0.6952264308929443,
        0.10969558358192444,
        -0.34496447443962097,
        0.9193622469902039,
        -0.18913660943508148,
        -0.9374439716339111,
        -0.7098015546798706,
