[
    [
        0.9999534487724304,
        0.007326315622776747,
        0.006268876604735851,
        -0.31163907051086426,
        -0.007326674181967974,
        0.9999731779098511,
        3.418456981307827e-05,
        0.0012989682145416737,
        -0.006268457975238562,
        -8.011242607608438e-05,
        0.9999803304672241,
        0.03351786732673645
    ],
    [
        0.9999499917030334,
        0.007575626019388437,
        0.006531754974275827,
        -0.32351693511009216,
        -0.007575884461402893,
        0.9999712705612183,
        1.478492504247697e-05,
        0.001515015261247754,
        -0.0065314555540680885,
        -6.426808249671012e-05,
        0.9999786615371704,
        0.03483046591281891
    ],
    [
        0.9999458193778992,
        0.007847306318581104,
        0.006841962691396475,
        -0.3413105309009552,
        -0.007847746834158897,
        0.9999692440032959,
        3.7505054933717474e-05,
        0.0016700995620340109,
        -0.006841458845883608,
        -9.119696187553927e-05,
        0.999976634979248,
        0.03681023046374321
    ],
    [
        0.9999420642852783,
        0.008044789545238018,
        0.00716183427721262,
        -0.35444971919059753,
        -0.008045637980103493,
        0.9999676942825317,
        8.968568727141246e-05,
        0.0015908416826277971,
        -0.007160880137234926,
        -0.00014730232942383736,
        0.9999743700027466,
        0.03814048320055008
    ],
    [
        0.9999368190765381,
        0.00825559627264738,
        0.007630682550370693,
        -0.3761933445930481,
        -0.008257564157247543,
        0.9999658465385437,
        0.00022635444474872202,
        0.0014461176469922066,
        -0.007628553546965122,
        -0.0002893515338655561,
        0.9999707937240601,
        0.040531132370233536
    ],
    [
        0.9999313950538635,
        0.008436660282313824,
        0.008131070993840694,
        -0.40050655603408813,
        -0.008437986485660076,
        0.9999643564224243,
        0.00012886698823422194,
        0.0019764218013733625,
        -0.008129694499075413,
        -0.00019746801990550011,
        0.9999669790267944,
        0.043058112263679504
    ],
    [
        0.9999270439147949,
        0.008559348061680794,
        0.00852176919579506,
        -0.4177773594856262,
        -0.00856070127338171,
        0.9999634027481079,
        0.00012232059089001268,
        0.002317684004083276,
        -0.00852041132748127,
        -0.00019526340474840254,
        0.999963641166687,
        0.04503336176276207
    ],
    [
        0.9999187588691711,
        0.008849143981933594,
        0.009168466553092003,
        -0.4442882835865021,
        -0.00885160081088543,
        0.9999608397483826,
        0.00022760286810807884,
        0.0024316611234098673,
        -0.009166092611849308,
        -0.00030874015646986663,
        0.9999579191207886,
        0.04786698520183563
    ],
    [
        0.9999116659164429,
        0.009151838719844818,
        0.009637792594730854,
        -0.4690072238445282,
        -0.00915514025837183,
        0.9999580383300781,
        0.0002983630110975355,
        0.002818509005010128,
        -0.009634657762944698,
        -0.0003865719772875309,
        0.9999535083770752,
        0.051110610365867615
    ],
    [
        0.9999070763587952,
        0.009298213757574558,
        0.009970071725547314,
        -0.4844346344470978,
        -0.00930202379822731,
        0.9999567270278931,
        0.0003359123948030174,
        0.0029268069192767143,
        -0.009966515935957432,
        -0.0004286226467229426,
        0.9999502897262573,
        0.05280780419707298
    ],
    [
        0.9998989105224609,
        0.009601732715964317,
        0.010486500337719917,
        -0.506902813911438,
        -0.009606651961803436,
        0.9999537467956543,
        0.0004188431485090405,
        0.00312356511130929,
        -0.010481993667781353,
        -0.000519540801178664,
        0.9999449253082275,
        0.05524478480219841
    ],
    [
        0.9998939633369446,
        0.00976006779819727,
        0.01080388855189085,
        -0.5213320255279541,
        -0.00976504571735859,
        0.9999521970748901,
        0.00040797580732032657,
        0.0034387800842523575,
        -0.010799390263855457,
        -0.0005134332459419966,
        0.9999415874481201,
        0.056898992508649826
    ],
    [
        0.9998867511749268,
        0.010039865970611572,
        0.01121563371270895,
        -0.5444340109825134,
        -0.010046854615211487,
        0.9999493360519409,
        0.0005669143865816295,
        0.003459352534264326,
        -0.01120937429368496,
        -0.0006795326480641961,
        0.9999369382858276,
        0.05967698618769646
    ],
    [
        0.9998770952224731,
        0.010420996695756912,
        0.011716577224433422,
        -0.5688844919204712,
        -0.010428480803966522,
        0.9999454617500305,
        0.0005778880440630019,
        0.0037374114617705345,
        -0.011709916405379772,
        -0.0007000030600465834,
        0.9999312162399292,
        0.06241120025515556
    ],
    [
        0.9998707175254822,
        0.01065011601895094,
        0.012054631486535072,
        -0.5836647152900696,
        -0.010658006183803082,
        0.9999430775642395,
        0.000590573123190552,
        0.004116067197173834,
        -0.012047655880451202,
        -0.0007189749157987535,
        0.9999271631240845,
        0.06431487202644348
    ],
    [
        0.9998599290847778,
        0.011003188788890839,
        0.012610835954546928,
        -0.6058303713798523,
        -0.011011607013642788,
        0.9999391436576843,
        0.0005982921575196087,
        0.004488547798246145,
        -0.012603485956788063,
        -0.000737074704375118,
        0.9999202489852905,
        0.06701311469078064
    ],
    [
        0.9998488426208496,
        0.011493370868265629,
        0.013049647212028503,
        -0.6274136900901794,
        -0.011502595618367195,
        0.9999336004257202,
        0.000632045732345432,
        0.004631924908608198,
        -0.01304151676595211,
        -0.0007820551982149482,
        0.9999146461486816,
        0.0696948766708374
    ],
    [
        0.9998420476913452,
        0.011820221319794655,
        0.013276344165205956,
        -0.6413133144378662,
        -0.011829545721411705,
        0.9999297857284546,
        0.0006240594084374607,
        0.005063236225396395,
        -0.013268036767840385,
        -0.0007810135139152408,
        0.9999116659164429,
        0.07138355821371078
    ],
    [
        0.999828577041626,
        0.012282554060220718,
        0.013857854530215263,
        -0.6628276705741882,
        -0.012293333187699318,
        0.9999241828918457,
        0.0006929204682819545,
        0.005326645448803902,
        -0.013848294503986835,
        -0.0008631613454781473,
        0.999903678894043,
        0.07377129793167114
    ],
    [
        0.9998201727867126,
        0.01265458669513464,
        0.014121420681476593,
        -0.6766590476036072,
        -0.01266708318144083,
        0.9999194741249084,
        0.0007958718342706561,
        0.005260830279439688,
        -0.014110211282968521,
        -0.0009746060241013765,
        0.9998998641967773,
        0.07539250701665878
    ],
    [
        0.9998075366020203,
        0.013212095946073532,
        0.014500572346150875,
        -0.6971012949943542,
        -0.013225994072854519,
        0.9999122023582458,
        0.0008629214717075229,
        0.005474492441862822,
        -0.014487897045910358,
        -0.0010545403929427266,
        0.999894380569458,
        0.07816889882087708
    ],
    [
        0.9997907280921936,
        0.013799683190882206,
        0.01510213129222393,
        -0.7175217866897583,
        -0.013815687969326973,
        0.9999040961265564,
        0.0009559557656757534,
        0.005892936140298843,
        -0.015087490901350975,
        -0.0011644023470580578,
        0.9998855590820312,
        0.0804847702383995
    ],
    [
        0.9997799396514893,
        0.014143441803753376,
        0.015491603873670101,
        -0.7303875684738159,
        -0.014160772785544395,
        0.9998992085456848,
        0.0010095520410686731,
        0.005969035904854536,
        -0.015475762076675892,
        -0.0012287029530853033,
        0.9998794794082642,
        0.08198879659175873
    ],
    [
        0.9997656345367432,
        0.01472658570855856,
        0.01586252637207508,
        -0.7487159967422485,
        -0.014743796549737453,
        0.9998908042907715,
        0.0009685689583420753,
        0.006778929848223925,
        -0.015846531838178635,
        -0.0012022159062325954,
        0.9998736381530762,
        0.08461569994688034
    ],
    [
        0.9997529983520508,
        0.015179864130914211,
        0.016239169985055923,
        -0.7665271759033203,
        -0.015198193490505219,
        0.9998839497566223,
        0.0010058823972940445,
        0.00713728042319417,
        -0.016222020611166954,
        -0.0012524394551292062,
        0.9998675584793091,
        0.08657058328390121
    ]
]