[
    [
        0.9354783296585083,
        -0.07868562638759613,
        0.34451234340667725,
        0.6839499473571777,
        0.08902207016944885,
        0.9959275126457214,
        -0.014260854572057724,
        -0.25028443336486816,
        -0.3419872522354126,
        0.04400992766022682,
        0.9386734366416931,
        1.5176180601119995
    ],
    [
        0.9331930875778198,
        -0.08018225431442261,
        0.3503163754940033,
        0.7292395830154419,
        0.0914963111281395,
        0.9956794381141663,
        -0.015836814418435097,
        -0.26230254769325256,
        -0.3475330173969269,
        0.04683145880699158,
        0.9364975094795227,
        1.6026887893676758
    ],
    [
        0.9310404062271118,
        -0.08023786544799805,
        0.35598549246788025,
        0.7749102115631104,
        0.09154199808835983,
        0.9956883788108826,
        -0.014993325807154179,
        -0.28432974219322205,
        -0.3532475531101227,
        0.046547017991542816,
        0.9343711733818054,
        1.7067956924438477
    ],
    [
        0.9302473664283752,
        -0.0792340636253357,
        0.3582761287689209,
        0.8100885152816772,
        0.0907147154211998,
        0.9957590699195862,
        -0.015320826321840286,
        -0.2990766763687134,
        -0.35554274916648865,
        0.046753063797950745,
        0.933489978313446,
        1.7928869724273682
    ],
    [
        0.9312079548835754,
        -0.07558390498161316,
        0.3565654754638672,
        0.8454415798187256,
        0.08721744269132614,
        0.9960503578186035,
        -0.016637029126286507,
        -0.3144388794898987,
        -0.35389965772628784,
        0.04659126698970795,
        0.9341222047805786,
        1.8891363143920898
    ],
    [
        0.9339773058891296,
        -0.07261505722999573,
        0.3498762845993042,
        0.8736110329627991,
        0.08365050703287125,
        0.9963583946228027,
        -0.01651172526180744,
        -0.33102431893348694,
        -0.3474031686782837,
        0.04468890279531479,
        0.936650276184082,
        1.9626524448394775
    ],
    [
        0.9408720135688782,
        -0.06763916462659836,
        0.3319409191608429,
        0.9167650938034058,
        0.07766775041818619,
        0.9968340396881104,
        -0.0170222669839859,
        -0.3463132381439209,
        -0.3297386169433594,
        0.04179687425494194,
        0.9431465864181519,
        2.02848219871521
    ],
    [
        0.9494385123252869,
        -0.06259939074516296,
        0.3076488971710205,
        0.9606549739837646,
        0.07196620851755142,
        0.9972225427627563,
        -0.019184082746505737,
        -0.35384225845336914,
        -0.3055935502052307,
        0.04035443067550659,
        0.9513065814971924,
        2.076282024383545
    ],
    [
        0.961194634437561,
        -0.05676138401031494,
        0.26996850967407227,
        1.0207136869430542,
        0.06494641304016113,
        0.9976575374603271,
        -0.021475503221154213,
        -0.36162465810775757,
        -0.26811718940734863,
        0.03817562013864517,
        0.9626296758651733,
        2.143622875213623
    ],
    [
        0.9709861874580383,
        -0.04943741485476494,
        0.23396989703178406,
        1.0639370679855347,
        0.05625045299530029,
        0.9981623888015747,
        -0.022532137110829353,
        -0.3719514012336731,
        -0.23242603242397308,
        0.035039305686950684,
        0.9719827771186829,
        2.2111358642578125
    ],
    [
        0.9806026816368103,
        -0.04011893644928932,
        0.19185636937618256,
        1.1032309532165527,
        0.04550130292773247,
        0.99868243932724,
        -0.023729318752884865,
        -0.38502874970436096,
        -0.19065158069133759,
        0.03199875354766846,
        0.98113614320755,
        2.2900662422180176
    ],
    [
        0.9875622987747192,
        -0.03257598355412483,
        0.15381649136543274,
        1.1371924877166748,
        0.03686456382274628,
        0.9990047216415405,
        -0.025111064314842224,
        -0.397024929523468,
        -0.1528453528881073,
        0.03046911396086216,
        0.9877803921699524,
        2.3636672496795654
    ],
    [
        0.9941698312759399,
        -0.023644668981432915,
        0.10520126670598984,
        1.1820571422576904,
        0.02660597302019596,
        0.9992858171463013,
        -0.02683502435684204,
        -0.4118095636367798,
        -0.10449160635471344,
        0.029477547854185104,
        0.994088888168335,
        2.4461348056793213
    ],
    [
        0.9983616471290588,
        -0.01500336267054081,
        0.05521637201309204,
        1.2243869304656982,
        0.016538269817829132,
        0.9994863867759705,
        -0.027446577325463295,
        -0.4294337332248688,
        -0.05477631837129593,
        0.02831479161977768,
        0.9980971217155457,
        2.5227370262145996
    ],
    [
        0.9998927116394043,
        -0.00753203546628356,
        0.012567129917442799,
        1.253483772277832,
        0.007873323746025562,
        0.9995953440666199,
        -0.027334626764059067,
        -0.44606396555900574,
        -0.01235613226890564,
        0.02743062935769558,
        0.9995473027229309,
        2.5827746391296387
    ],
    [
        0.9991586804389954,
        0.0013314615935087204,
        -0.04099011421203613,
        1.289252519607544,
        -0.002501521725207567,
        0.9995904564857483,
        -0.028506366536021233,
        -0.4619956314563751,
        0.040935348719358444,
        0.028584927320480347,
        0.998752772808075,
        2.6535778045654297
    ],
    [
        0.9955121874809265,
        0.008697808720171452,
        -0.09423308819532394,
        1.330472469329834,
        -0.011533675715327263,
        0.9994955658912659,
        -0.029591133818030357,
        -0.47409045696258545,
        0.09392829239368439,
        0.0305451862514019,
        0.995110273361206,
        2.7173593044281006
    ],
    [
        0.9869441390037537,
        0.01760881021618843,
        -0.1600976437330246,
        1.3845720291137695,
        -0.02264099381864071,
        0.9993035793304443,
        -0.029662249609827995,
        -0.48659011721611023,
        0.1594637781381607,
        0.03289974853396416,
        0.9866554141044617,
        2.7851452827453613
    ],
    [
        0.9762637615203857,
        0.025799427181482315,
        -0.2150428295135498,
        1.4186853170394897,
        -0.033159565180540085,
        0.998978853225708,
        -0.030688786879181862,
        -0.49473944306373596,
        0.21403135359287262,
        0.03709108754992485,
        0.9761223196983337,
        2.8399314880371094
    ],
    [
        0.9598842263221741,
        0.03501830995082855,
        -0.27820152044296265,
        1.452713966369629,
        -0.045469582080841064,
        0.9984784126281738,
        -0.031202303245663643,
        -0.503187358379364,
        0.2766854166984558,
        0.04260030761361122,
        0.9600158333778381,
        2.895059108734131
    ],
    [
        0.9419555068016052,
        0.041342537850141525,
        -0.3331823945045471,
        1.485404372215271,
        -0.05480547249317169,
        0.9980124235153198,
        -0.031105881556868553,
        -0.5087298154830933,
        0.33123427629470825,
        0.04756057634949684,
        0.9423491358757019,
        2.938715696334839
    ],
    [
        0.9164974093437195,
        0.04890649765729904,
        -0.39703986048698425,
        1.5193558931350708,
        -0.06537546962499619,
        0.9974666237831116,
        -0.028042158111929893,
        -0.5204949975013733,
        0.39466264843940735,
        0.05165722221136093,
        0.9173728823661804,
        2.990272283554077
    ],
    [
        0.8920559287071228,
        0.05498933419585228,
        -0.448567271232605,
        1.5470225811004639,
        -0.0743580088019371,
        0.9969012141227722,
        -0.0256651584059,
        -0.5266521573066711,
        0.44576603174209595,
        0.056249313056468964,
        0.8933805227279663,
        3.0239570140838623
    ],
    [
        0.8602904677391052,
        0.06291531771421432,
        -0.5059069991111755,
        1.573032259941101,
        -0.08591046184301376,
        0.9960551261901855,
        -0.02221916988492012,
        -0.5343815684318542,
        0.5025133490562439,
        0.06257762759923935,
        0.8623018860816956,
        3.0630571842193604
    ],
    [
        0.8247665762901306,
        0.06961550563573837,
        -0.5611717700958252,
        1.6102735996246338,
        -0.09659212082624435,
        0.995151937007904,
        -0.018511183559894562,
        -0.5426185727119446,
        0.5571625232696533,
        0.06947217136621475,
        0.827492356300354,
        3.0972487926483154
    ]
]