[
    [
        0.9997761845588684,
        -0.00631501292809844,
        0.02019147202372551,
        0.0991290733218193,
        0.006350681185722351,
        0.9999784231185913,
        -0.0017029247246682644,
        0.0032485208939760923,
        -0.02018028125166893,
        0.0018307736609131098,
        0.9997947812080383,
        -0.017119131982326508
    ],
    [
        0.9997120499610901,
        -0.0070167784579098225,
        0.022946607321500778,
        0.10960867255926132,
        0.007050159387290478,
        0.9999741911888123,
        -0.0013741492293775082,
        0.0031798065174371004,
        -0.022936370223760605,
        0.001535530318506062,
        0.9997356534004211,
        -0.017151029780507088
    ],
    [
        0.9996451735496521,
        -0.007711266633123159,
        0.025500239804387093,
        0.120517298579216,
        0.007755123544484377,
        0.9999687075614929,
        -0.0016214471543207765,
        0.003919903188943863,
        -0.025486938655376434,
        0.0018186290981248021,
        0.9996734857559204,
        -0.017210135236382484
    ],
    [
        0.9995661973953247,
        -0.008539559319615364,
        0.028188250958919525,
        0.13111361861228943,
        0.008581981062889099,
        0.9999622106552124,
        -0.0013842904008924961,
        0.003887876868247986,
        -0.028175363317131996,
        0.001625600503757596,
        0.9996016621589661,
        -0.017370009794831276
    ],
    [
        0.9994401931762695,
        -0.00949360802769661,
        0.03208409622311592,
        0.14713290333747864,
        0.009542137384414673,
        0.9999535083770752,
        -0.0013598223449662328,
        0.005046703852713108,
        -0.03206969425082207,
        0.0016652124468237162,
        0.9994841814041138,
        -0.017724407836794853
    ],
    [
        0.9993315935134888,
        -0.010527519509196281,
        0.03500613197684288,
        0.15744447708129883,
        0.010570642538368702,
        0.9999435544013977,
        -0.0010470123961567879,
        0.005007789004594088,
        -0.03499313071370125,
        0.0014163495507091284,
        0.9993865489959717,
        -0.0178822111338377
    ],
    [
        0.9992138743400574,
        -0.011544202454388142,
        0.03792817145586014,
        0.1681603640317917,
        0.011581473983824253,
        0.9999327063560486,
        -0.0007631288608536124,
        0.005480206571519375,
        -0.03791681304574013,
        0.00120179308578372,
        0.9992801547050476,
        -0.01813015155494213
    ],
    [
        0.999039888381958,
        -0.012583448551595211,
        0.041963882744312286,
        0.184388667345047,
        0.01262125838547945,
        0.999920129776001,
        -0.0006361777777783573,
        0.005784229841083288,
        -0.04195253178477287,
        0.0011652042157948017,
        0.999118983745575,
        -0.01875869184732437
    ],
    [
        0.998926043510437,
        -0.013258821330964565,
        0.044394563883543015,
        0.19527721405029297,
        0.013293502852320671,
        0.9999114871025085,
        -0.0004860677581746131,
        0.006184887140989304,
        -0.044384196400642395,
        0.0010757052805274725,
        0.9990140199661255,
        -0.019256046041846275
    ],
    [
        0.9987952709197998,
        -0.013962066732347012,
        0.047042589634656906,
        0.20571866631507874,
        0.01399197056889534,
        0.999902069568634,
        -0.00030642072670161724,
        0.00637700455263257,
        -0.04703370854258537,
        0.0009642694494687021,
        0.9988929629325867,
        -0.01990652270615101
    ],
    [
        0.9986662864685059,
        -0.014737695455551147,
        0.0494803749024868,
        0.21602827310562134,
        0.014751234091818333,
        0.9998912215232849,
        9.1573667305056e-05,
        0.006558647379279137,
        -0.049476344138383865,
        0.0006384447915479541,
        0.998775064945221,
        -0.020305823534727097
    ],
    [
        0.9984891414642334,
        -0.015418324619531631,
        0.05274014174938202,
        0.23226065933704376,
        0.015435939654707909,
        0.999880850315094,
        7.335049303947017e-05,
        0.00714130187407136,
        -0.052734989672899246,
        0.000740854418836534,
        0.9986081719398499,
        -0.02130742371082306
    ],
    [
        0.9983540773391724,
        -0.015970617532730103,
        0.055083028972148895,
        0.24142490327358246,
        0.01598171517252922,
        0.9998722672462463,
        0.0002390336594544351,
        0.007496283855289221,
        -0.055079810321331024,
        0.0006416807882487774,
        0.9984816908836365,
        -0.021848579868674278
    ],
    [
        0.9982258081436157,
        -0.016457805410027504,
        0.05722200870513916,
        0.2507112920284271,
        0.016456127166748047,
        0.9998644590377808,
        0.0005005726707167923,
        0.007732088211923838,
        -0.05722249299287796,
        0.00044196771341376007,
        0.9983614087104797,
        -0.022526705637574196
    ],
    [
        0.9980130195617676,
        -0.017507832497358322,
        0.06052660197019577,
        0.2644886374473572,
        0.017513932660222054,
        0.9998465180397034,
        0.0004297367704566568,
        0.008361496031284332,
        -0.060524832457304,
        0.0006311757606454194,
        0.9981665015220642,
        -0.02336929179728031
    ],
    [
        0.9978663325309753,
        -0.018216224387288094,
        0.06269747763872147,
        0.27333903312683105,
        0.018205884844064713,
        0.9998340010643005,
        0.0007362348842434585,
        0.008779228664934635,
        -0.06270048022270203,
        0.00040679992525838315,
        0.9980323910713196,
        -0.023980552330613136
    ],
    [
        0.9977126121520996,
        -0.019021421670913696,
        0.06486694514751434,
        0.28194284439086914,
        0.0189975555986166,
        0.9998190999031067,
        0.0009847480105236173,
        0.009159496985375881,
        -0.06487393379211426,
        0.00024981802562251687,
        0.9978933930397034,
        -0.024685848504304886
    ],
    [
        0.9975377321243286,
        -0.019772090017795563,
        0.06728697568178177,
        0.2908164858818054,
        0.01973973773419857,
        0.9998045563697815,
        0.0011456742649897933,
        0.009992075152695179,
        -0.06729647517204285,
        0.00018537328287493438,
        0.9977329969406128,
        -0.025278978049755096
    ],
    [
        0.9972711801528931,
        -0.020942410454154015,
        0.07079407572746277,
        0.3047628402709961,
        0.02087939716875553,
        0.9997807145118713,
        0.0016300557181239128,
        0.0105239013209939,
        -0.07081268727779388,
        -0.00014747011300642043,
        0.9974895715713501,
        -0.02679676003754139
    ],
    [
        0.9970785975456238,
        -0.021713919937610626,
        0.07323139905929565,
        0.3143764138221741,
        0.02163182571530342,
        0.9997642636299133,
        0.0019140415824949741,
        0.010864156298339367,
        -0.07325569540262222,
        -0.00032432048465125263,
        0.9973130822181702,
        -0.02774883061647415
    ],
    [
        0.9968910217285156,
        -0.022310413420200348,
        0.0755678340792656,
        0.3239571154117584,
        0.022229308262467384,
        0.999751091003418,
        0.001914297230541706,
        0.011672251857817173,
        -0.07559172064065933,
        -0.00022852589609101415,
        0.9971388578414917,
        -0.028586480766534805
    ],
    [
        0.996602475643158,
        -0.023240258917212486,
        0.07901540398597717,
        0.3394547700881958,
        0.023120485246181488,
        0.9997296929359436,
        0.0024304783437401056,
        0.012094595469534397,
        -0.07905053347349167,
        -0.0005953459185548127,
        0.9968704581260681,
        -0.030311191454529762
    ],
    [
        0.9963665008544922,
        -0.024062011390924454,
        0.08170022815465927,
        0.34956708550453186,
        0.02395891584455967,
        0.9997103810310364,
        0.0022421428002417088,
        0.012908214703202248,
        -0.08173052221536636,
        -0.0002765470708254725,
        0.9966543912887573,
        -0.03130241110920906
    ],
    [
        0.9961472749710083,
        -0.024903466925024986,
        0.08408482372760773,
        0.35986247658729553,
        0.024750959128141403,
        0.999689519405365,
        0.0028558257035911083,
        0.012925451621413231,
        -0.08412984013557434,
        -0.0007636431837454438,
        0.9964545965194702,
        -0.032668374478816986
    ],
    [
        0.9958121180534363,
        -0.025873765349388123,
        0.0876864343881607,
        0.375577837228775,
        0.025738749653100967,
        0.9996651411056519,
        0.0026702540926635265,
        0.014786331914365292,
        -0.0877261683344841,
        -0.000402132049202919,
        0.9961445331573486,
        -0.03437049314379692
    ]
]