[
    [
        0.8414580821990967,
        -0.09733191877603531,
        0.5314836502075195,
        0.3071947693824768,
        0.07915908843278885,
        0.9952349066734314,
        0.0569332055747509,
        -0.12959487736225128,
        -0.5344924926757812,
        -0.0058351485058665276,
        0.8451531529426575,
        1.0333294868469238
    ],
    [
        0.8355203866958618,
        -0.10021185874938965,
        0.5402438640594482,
        0.34046217799186707,
        0.08069369941949844,
        0.9949460029602051,
        0.059758491814136505,
        -0.13251957297325134,
        -0.5435018539428711,
        -0.006335157435387373,
        0.8393840789794922,
        1.0727922916412354
    ],
    [
        0.8290666341781616,
        -0.10316751897335052,
        0.5495496392250061,
        0.3674040734767914,
        0.08254481852054596,
        0.9946447610855103,
        0.06219610571861267,
        -0.13414809107780457,
        -0.5530232787132263,
        -0.006202245131134987,
        0.8331428170204163,
        1.1059714555740356
    ],
    [
        0.820061206817627,
        -0.10685966908931732,
        0.5622104406356812,
        0.39812690019607544,
        0.08463767915964127,
        0.9942551255226135,
        0.06552296876907349,
        -0.13574334979057312,
        -0.5659824013710022,
        -0.006148647982627153,
        0.8243944048881531,
        1.144791603088379
    ],
    [
        0.8130714893341064,
        -0.11016491800546646,
        0.5716454982757568,
        0.41957327723503113,
        0.08645493537187576,
        0.9938932061195374,
        0.06857065856456757,
        -0.13727669417858124,
        -0.5757085680961609,
        -0.006331268697977066,
        0.8176304697990417,
        1.1712231636047363
    ],
    [
        0.801644504070282,
        -0.11533112078905106,
        0.5865703821182251,
        0.43891605734825134,
        0.08975838869810104,
        0.9933114051818848,
        0.07263477146625519,
        -0.1400388777256012,
        -0.5910240411758423,
        -0.0055776601657271385,
        0.8066345453262329,
        1.2036553621292114
    ],
    [
        0.791620671749115,
        -0.11871720850467682,
        0.599368691444397,
        0.4472917318344116,
        0.091724693775177,
        0.9929165244102478,
        0.07552128285169601,
        -0.14158356189727783,
        -0.6040887236595154,
        -0.0048073045909404755,
        0.7969025373458862,
        1.2271620035171509
    ],
    [
        0.776639997959137,
        -0.1238626167178154,
        0.6176474690437317,
        0.45167267322540283,
        0.09501966089010239,
        0.9922946095466614,
        0.07951486110687256,
        -0.1449112445116043,
        -0.6227371692657471,
        -0.0030657602474093437,
        0.7824249863624573,
        1.2576690912246704
    ],
    [
        0.764756977558136,
        -0.12843580543994904,
        0.6313881874084473,
        0.453340619802475,
        0.09749670326709747,
        0.9917148947715759,
        0.08364178240299225,
        -0.14932522177696228,
        -0.6368995904922485,
        -0.002407372696325183,
        0.7709428668022156,
        1.2799724340438843
    ],
    [
        0.7484089136123657,
        -0.13302817940711975,
        0.6497595906257629,
        0.4500371217727661,
        0.09909673035144806,
        0.9911102056503296,
        0.08877238631248474,
        -0.15329496562480927,
        -0.6557926535606384,
        -0.002048992086201906,
        0.7549383044242859,
        1.307576298713684
    ],
    [
        0.7360918521881104,
        -0.13652963936328888,
        0.6629694104194641,
        0.4461685121059418,
        0.09959159791469574,
        0.9906321167945862,
        0.09343132376670837,
        -0.15688955783843994,
        -0.6695150136947632,
        -0.0027478577103465796,
        0.7427933812141418,
        1.326297402381897
    ],
    [
        0.7196779251098633,
        -0.14078839123249054,
        0.6798840761184692,
        0.4418486952781677,
        0.10002187639474869,
        0.9900341033935547,
        0.09913715720176697,
        -0.16124561429023743,
        -0.6870657205581665,
        -0.0033435530494898558,
        0.7265874743461609,
        1.3500944375991821
    ],
    [
        0.7071637511253357,
        -0.14434820413589478,
        0.6921582221984863,
        0.4380966126918793,
        0.10102251172065735,
        0.989522397518158,
        0.10315029323101044,
        -0.16485069692134857,
        -0.6997955441474915,
        -0.0030205952934920788,
        0.7143367528915405,
        1.3665814399719238
    ],
    [
        0.6949602961540222,
        -0.1479039043188095,
        0.7036722302436829,
        0.43402528762817383,
        0.10230880975723267,
        0.9889991283416748,
        0.10683424025774002,
        -0.16779521107673645,
        -0.7117325067520142,
        -0.002253658836707473,
        0.7024470567703247,
        1.3819324970245361
    ],
    [
        0.6793776750564575,
        -0.1516943722963333,
        0.7179379463195801,
        0.42845770716667175,
        0.1033807173371315,
        0.9884268045425415,
        0.11101826280355453,
        -0.17049993574619293,
        -0.7264698147773743,
        -0.0012024026364088058,
        0.6871972680091858,
        1.4007805585861206
    ],
    [
        0.6680215001106262,
        -0.15385563671588898,
        0.7280631065368652,
        0.4219338893890381,
        0.10361069440841675,
        0.9880931377410889,
        0.1137395054101944,
        -0.1718483418226242,
        -0.7368934750556946,
        -0.0005452905315905809,
        0.6760085225105286,
        1.4126213788986206
    ],
    [
        0.6542000770568848,
        -0.15631596744060516,
        0.7399916052818298,
        0.4130430519580841,
        0.10383941978216171,
        0.9877068996429443,
        0.11684267967939377,
        -0.17310214042663574,
        -0.7491593360900879,
        0.00040184304816648364,
        0.6623897552490234,
        1.424557089805603
    ],
    [
        0.6447661519050598,
        -0.15764406323432922,
        0.7479471564292908,
        0.40586239099502563,
        0.10407507419586182,
        0.9874948859214783,
        0.11841565370559692,
        -0.17322535812854767,
        -0.7572615742683411,
        0.0014922624686732888,
        0.6531100273132324,
        1.4306458234786987
    ],
    [
        0.6338416934013367,
        -0.15831924974918365,
        0.7570862174034119,
        0.3982916474342346,
        0.10343264788389206,
        0.9873852729797363,
        0.11988350749015808,
        -0.17246013879776,
        -0.7665156722068787,
        0.002320272848010063,
        0.6422212719917297,
        1.437492847442627
    ],
    [
        0.6264700293540955,
        -0.1585434526205063,
        0.7631509900093079,
        0.39248964190483093,
        0.10280577093362808,
        0.9873479008674622,
        0.12072687596082687,
        -0.172332301735878,
        -0.772635817527771,
        0.0028245567809790373,
        0.634843111038208,
        1.4412565231323242
    ],
    [
        0.6179402470588684,
        -0.15830856561660767,
        0.7701222896575928,
        0.38612231612205505,
        0.10187321901321411,
        0.9873833060264587,
        0.12122710794210434,
        -0.17263822257518768,
        -0.7795972228050232,
        0.003543737344443798,
        0.6262713074684143,
        1.4450169801712036
    ],
    [
        0.6125720739364624,
        -0.15781232714653015,
        0.7745003700256348,
        0.38253992795944214,
        0.10104766488075256,
        0.9874612092971802,
        0.12128408998250961,
        -0.17262417078018188,
        -0.7839289903640747,
        0.0039662206545472145,
        0.6208376288414001,
        1.4471335411071777
    ],
    [
        0.6065182685852051,
        -0.15694347023963928,
        0.7794255614280701,
        0.3768540918827057,
        0.10004894435405731,
        0.9875969290733337,
        0.12100619077682495,
        -0.17312754690647125,
        -0.7887494564056396,
        0.0045882356353104115,
        0.6146976947784424,
        1.4482860565185547
    ],
    [
        0.6026948094367981,
        -0.15582676231861115,
        0.782609224319458,
        0.3727060854434967,
        0.09928905218839645,
        0.9877704381942749,
        0.1202133521437645,
        -0.1727684885263443,
        -0.7917705178260803,
        0.00525256060063839,
        0.6107959151268005,
        1.448737621307373
    ],
    [
        0.598344087600708,
        -0.1546926647424698,
        0.786164402961731,
        0.36819496750831604,
        0.0986819714307785,
        0.987943172454834,
        0.119290292263031,
        -0.17318221926689148,
        -0.7951391339302063,
        0.006203594617545605,
        0.6063953638076782,
        1.4485340118408203
    ]
]