[
    [
        0.9999995827674866,
        0.00063267134828493,
        -0.0005978977424092591,
        -0.0024704430252313614,
        -0.0006313675548881292,
        0.9999973773956299,
        0.0021793274208903313,
        -0.016808928921818733,
        0.0005992742953822017,
        -0.0021789497695863247,
        0.9999974966049194,
        0.4533354640007019
    ],
    [
        0.9999998807907104,
        0.00025744541198946536,
        -0.0005241129547357559,
        -0.002704503247514367,
        -0.0002561305882409215,
        0.9999967813491821,
        0.002508267294615507,
        -0.019340449944138527,
        0.0005247570807114244,
        -0.002508132951334119,
        0.9999966621398926,
        0.5554857850074768
    ],
    [
        0.9999999403953552,
        0.00044472565059550107,
        -0.00011433802865212783,
        -0.0018475234974175692,
        -0.00044443836668506265,
        0.9999968409538269,
        0.0025034623686224222,
        -0.021999012678861618,
        0.0001154509955085814,
        -0.0025034123100340366,
        0.9999969005584717,
        0.6792764067649841
    ],
    [
        1.0,
        7.414373976644129e-05,
        -0.00017093733185902238,
        -0.001594167435541749,
        -7.35972571419552e-05,
        0.9999949336051941,
        0.0031904359348118305,
        -0.026069549843668938,
        0.00017117369861807674,
        -0.003190423594787717,
        0.9999949932098389,
        0.7831653356552124
    ],
    [
        1.0,
        -0.00010054362064693123,
        2.7356494683772326e-05,
        -0.002054209355264902,
        0.00010046037641586736,
        0.9999954104423523,
        0.003039771690964699,
        -0.032541386783123016,
        -2.7661502826958895e-05,
        -0.0030397691298276186,
        0.9999953508377075,
        0.9294539093971252
    ],
    [
        0.9999998211860657,
        -0.00015964089834596962,
        -0.0006507365615107119,
        -0.0020499585662037134,
        0.00016158712969627231,
        0.9999955892562866,
        0.0029916916973888874,
        -0.03558044135570526,
        0.0006502555916085839,
        -0.002991796936839819,
        0.9999953508377075,
        1.0134491920471191
    ],
    [
        0.9999999403953552,
        -0.00044064121902920306,
        0.00018865554011426866,
        -0.0041091833263635635,
        0.00044011580757796764,
        0.9999960660934448,
        0.0027803233824670315,
        -0.04155493900179863,
        -0.00018987938528880477,
        -0.002780241658911109,
        0.9999960660934448,
        1.1651242971420288
    ],
    [
        0.9999997019767761,
        -0.0008015710627660155,
        5.744841109844856e-05,
        -0.007544392254203558,
        0.0008013899205252528,
        0.9999948740005493,
        0.0030861510895192623,
        -0.04788118600845337,
        -5.9922480431851e-05,
        -0.0030861045233905315,
        0.999995231628418,
        1.2748727798461914
    ],
    [
        0.9999998211860657,
        -0.0005290641565807164,
        -0.0003719573433045298,
        -0.010958457365632057,
        0.0005300798220559955,
        0.9999960660934448,
        0.0027363146655261517,
        -0.05570961534976959,
        0.0003705078561324626,
        -0.0027365125715732574,
        0.9999962449073792,
        1.4086480140686035
    ],
    [
        0.9999993443489075,
        -0.0007364337216131389,
        -0.0009018880082294345,
        -0.013596469536423683,
        0.0007387733785435557,
        0.9999963641166687,
        0.002597351558506489,
        -0.06368227303028107,
        0.0008999719866551459,
        -0.0025980158243328333,
        0.9999961853027344,
        1.5207583904266357
    ],
    [
        0.999999463558197,
        -0.0008193189860321581,
        -0.0005535184172913432,
        -0.016370370984077454,
        0.0008206720813177526,
        0.9999967217445374,
        0.002448721555992961,
        -0.07150101661682129,
        0.0005515109514817595,
        -0.002449175575748086,
        0.9999969601631165,
        1.6559003591537476
    ],
    [
        0.9999996423721313,
        -0.0007552634924650192,
        -0.0005217395955696702,
        -0.01781493052840233,
        0.0007565846317447722,
        0.999996542930603,
        0.0025355322286486626,
        -0.07730401307344437,
        0.0005198231665417552,
        -0.0025359245482832193,
        0.9999966025352478,
        1.7694121599197388
    ],
    [
        0.9999989867210388,
        -0.001367669552564621,
        -0.0005790136056020856,
        -0.01972339116036892,
        0.00136930076405406,
        0.9999951124191284,
        0.0028252527117729187,
        -0.08457722514867783,
        0.0005751472199335694,
        -0.002826040843501687,
        0.999995768070221,
        1.9077895879745483
    ],
    [
        0.9999992251396179,
        -0.0010136337950825691,
        -0.000778936839196831,
        -0.0208692979067564,
        0.0010152161121368408,
        0.9999974370002747,
        0.002034862758591771,
        -0.09370119124650955,
        0.0007768713985569775,
        -0.0020356529857963324,
        0.999997615814209,
        2.0731730461120605
    ],
    [
        0.9999992251396179,
        -0.001224706880748272,
        -0.0004839054017793387,
        -0.021919010207057,
        0.0012254893081262708,
        0.9999979734420776,
        0.0016194250201806426,
        -0.09774729609489441,
        0.00048192174290306866,
        -0.0016200175741687417,
        0.9999985694885254,
        2.1915297508239746
    ],
    [
        0.9999989867210388,
        -0.0012138696620240808,
        -0.0007355114794336259,
        -0.024136468768119812,
        0.0012153222924098372,
        0.9999972581863403,
        0.0019773126114159822,
        -0.1026986688375473,
        0.0007331097731366754,
        -0.001978205516934395,
        0.9999977350234985,
        2.33152174949646
    ],
    [
        0.9999985098838806,
        -0.0016076649772003293,
        -0.0007166048162616789,
        -0.027249664068222046,
        0.0016085188835859299,
        0.9999979734420776,
        0.001192697323858738,
        -0.10672187060117722,
        0.0007146861171349883,
        -0.0011938487878069282,
        0.9999990463256836,
        2.4495890140533447
    ],
    [
        0.9999980330467224,
        -0.0016435127472504973,
        -0.0010699835838750005,
        -0.028950564563274384,
        0.0016447353409603238,
        0.9999979734420776,
        0.0011434083571657538,
        -0.11400683969259262,
        0.001068101730197668,
        -0.0011451666941866279,
        0.9999988675117493,
        2.59212064743042
    ],
    [
        0.9999980926513672,
        -0.0014950387412682176,
        -0.0012481806334108114,
        -0.03017875924706459,
        0.0014962665736675262,
        0.9999984502792358,
        0.0009838800178840756,
        -0.12102746218442917,
        0.0012467079795897007,
        -0.0009857447585090995,
        0.9999986886978149,
        2.7102296352386475
    ],
    [
        0.9999969601631165,
        -0.0021994286216795444,
        -0.0010707213077694178,
        -0.030679328367114067,
        0.0021992591209709644,
        0.999997615814209,
        -0.00015969222295098007,
        -0.12659355998039246,
        0.0010710706701502204,
        0.00015733671898487955,
        0.9999994039535522,
        2.8527188301086426
    ],
    [
        0.9999982714653015,
        -0.0017813013400882483,
        -0.0007302843732759356,
        -0.031373489648103714,
        0.0017814348684623837,
        0.9999983906745911,
        0.00018124817870557308,
        -0.13237883150577545,
        0.0007299600983969867,
        -0.00018254961469210684,
        0.9999997615814209,
        2.969451665878296
    ],
    [
        0.9999973773956299,
        -0.0021218787878751755,
        -0.0008242196054197848,
        -0.030759379267692566,
        0.0021219521295279264,
        0.9999977350234985,
        8.792556036496535e-05,
        -0.13862888514995575,
        0.0008240306051447988,
        -8.967571920948103e-05,
        0.9999996423721313,
        3.1345293521881104
    ],
    [
        0.999997079372406,
        -0.0021104023326188326,
        -0.0011380320647731423,
        -0.030383650213479996,
        0.0021102293394505978,
        0.9999978542327881,
        -0.000153234155732207,
        -0.14200270175933838,
        0.0011383527889847755,
        0.000150833060615696,
        0.9999994039535522,
        3.228663682937622
    ],
    [
        0.9999972581863403,
        -0.0018655480816960335,
        -0.0014825918478891253,
        -0.03171534836292267,
        0.0018642321228981018,
        0.9999979138374329,
        -0.0008884815615601838,
        -0.14714479446411133,
        0.001484246226027608,
        0.0008857136126607656,
        0.9999985098838806,
        3.392340660095215
    ],
    [
        0.9999971389770508,
        -0.0020483715925365686,
        -0.0012698809150606394,
        -0.03433097526431084,
        0.0020467995200306177,
        0.9999971389770508,
        -0.0012375002261251211,
        -0.15114054083824158,
        0.0012724122498184443,
        0.0012348960153758526,
        0.9999983310699463,
        3.531933546066284
    ]
]