[
    [
        0.9999698400497437,
        -0.005809256341308355,
        -0.005146940238773823,
        -0.16639795899391174,
        0.005754438228905201,
        0.9999272227287292,
        -0.010601924732327461,
        -0.04645175114274025,
        0.005208154674619436,
        0.010571987368166447,
        0.9999305009841919,
        0.29937246441841125
    ],
    [
        0.9999746680259705,
        -0.006841922178864479,
        -0.001978426706045866,
        -0.2491474747657776,
        0.0068137506023049355,
        0.9998800754547119,
        -0.013911253772675991,
        -0.06381803005933762,
        0.0020733694545924664,
        0.013897420838475227,
        0.999901294708252,
        0.3747318685054779
    ],
    [
        0.9999434947967529,
        -0.008608146570622921,
        0.006261760368943214,
        -0.3315497040748596,
        0.008714455179870129,
        0.9998149275779724,
        -0.017153263092041016,
        -0.07675892114639282,
        -0.0061129434034228325,
        0.017206860706210136,
        0.9998332262039185,
        0.43913254141807556
    ],
    [
        0.9998422265052795,
        -0.012070932425558567,
        0.013031638227403164,
        -0.40406057238578796,
        0.01232751365751028,
        0.9997280836105347,
        -0.019791582599282265,
        -0.0926295816898346,
        -0.012789192609488964,
        0.019949110224843025,
        0.9997192025184631,
        0.4964134395122528
    ],
    [
        0.9996660351753235,
        -0.016583317890763283,
        0.019821323454380035,
        -0.4842332601547241,
        0.01702028140425682,
        0.9996112585067749,
        -0.022083595395088196,
        -0.09715275466442108,
        -0.01944739744067192,
        0.0224135834723711,
        0.9995595812797546,
        0.5700057744979858
    ],
    [
        0.9995171427726746,
        -0.02065453678369522,
        0.023211881518363953,
        -0.555597186088562,
        0.021183984354138374,
        0.9995156526565552,
        -0.02279984951019287,
        -0.09314749389886856,
        -0.022729717195034027,
        0.023280560970306396,
        0.9994705319404602,
        0.654255747795105
    ],
    [
        0.9992743730545044,
        -0.024166207760572433,
        0.029441341757774353,
        -0.6253709197044373,
        0.02482239156961441,
        0.9994468688964844,
        -0.022130033001303673,
        -0.10534491389989853,
        -0.028890257701277733,
        0.02284477837383747,
        0.999321460723877,
        0.7398385405540466
    ],
    [
        0.9988135695457458,
        -0.02813832275569439,
        0.039746325463056564,
        -0.6941790580749512,
        0.028991593047976494,
        0.9993579387664795,
        -0.02105712704360485,
        -0.11968245357275009,
        -0.039128292351961136,
        0.022184452041983604,
        0.9989878535270691,
        0.8178948760032654
    ],
    [
        0.9982674717903137,
        -0.032873302698135376,
        0.04879854992032051,
        -0.7681047320365906,
        0.03393474966287613,
        0.9992015957832336,
        -0.02108471281826496,
        -0.1267578899860382,
        -0.04806646704673767,
        0.022704150527715683,
        0.9985861778259277,
        0.8885536789894104
    ],
    [
        0.9975440502166748,
        -0.03504679352045059,
        0.06064368784427643,
        -0.844205379486084,
        0.03632499277591705,
        0.9991377592086792,
        -0.02010432817041874,
        -0.12875550985336304,
        -0.05988680571317673,
        0.022257836535573006,
        0.9979569911956787,
        0.9466677904129028
    ],
    [
        0.9962177276611328,
        -0.036112602800130844,
        0.07903334498405457,
        -0.9217793941497803,
        0.03775901347398758,
        0.9990978240966797,
        -0.019437000155448914,
        -0.12193537503480911,
        -0.07826027274131775,
        0.0223477054387331,
        0.9966824054718018,
        0.9955911636352539
    ],
    [
        0.9945567846298218,
        -0.03711085021495819,
        0.09736314415931702,
        -0.9930405020713806,
        0.039130523800849915,
        0.999055027961731,
        -0.018916303291916847,
        -0.10689034312963486,
        -0.09656908363103867,
        0.0226232148706913,
        0.995069146156311,
        1.0272579193115234
    ],
    [
        0.9923560619354248,
        -0.038590140640735626,
        0.1172189936041832,
        -1.0651593208312988,
        0.041008345782756805,
        0.9989914298057556,
        -0.018287643790245056,
        -0.07831256091594696,
        -0.11639504879713058,
        0.022954808548092842,
        0.9929377436637878,
        1.0541472434997559
    ],
    [
        0.9899778962135315,
        -0.03904816135764122,
        0.1357170045375824,
        -1.124711036682129,
        0.04176460951566696,
        0.9989789724349976,
        -0.017225129529833794,
        -0.04905147850513458,
        -0.1349058449268341,
        0.022720664739608765,
        0.9905978441238403,
        1.0769280195236206
    ],
    [
        0.9875180721282959,
        -0.03943074494600296,
        0.1524902582168579,
        -1.1807793378829956,
        0.04229593276977539,
        0.9989834427833557,
        -0.015590032562613487,
        -0.011294985190033913,
        -0.15172059834003448,
        0.021845154464244843,
        0.988182008266449,
        1.0995713472366333
    ],
    [
        0.9853512048721313,
        -0.039580874145030975,
        0.1658802628517151,
        -1.2315341234207153,
        0.042416322976350784,
        0.9990077018737793,
        -0.01358434185385704,
        0.026184404268860817,
        -0.16517798602581024,
        0.020421378314495087,
        0.9860523343086243,
        1.1155102252960205
    ],
    [
        0.9835973381996155,
        -0.04010653868317604,
        0.17586369812488556,
        -1.2795966863632202,
        0.04306988790631294,
        0.998986542224884,
        -0.01306422520428896,
        0.07335320115089417,
        -0.17516164481639862,
        0.020424364134669304,
        0.9843277931213379,
        1.1218888759613037
    ],
    [
        0.9826826453208923,
        -0.04025506600737572,
        0.18087144196033478,
        -1.3157109022140503,
        0.043083347380161285,
        0.9990025758743286,
        -0.011734002269804478,
        0.11415702849626541,
        -0.18021878600120544,
        0.019323350861668587,
        0.9834367632865906,
        1.1243913173675537
    ],
    [
        0.9821664690971375,
        -0.04064030572772026,
        0.18356895446777344,
        -1.3521091938018799,
        0.043184954673051834,
        0.9990181922912598,
        -0.009884188883006573,
        0.15382583439350128,
        -0.18298716843128204,
        0.017635341733694077,
        0.9829571843147278,
        1.1302818059921265
    ],
    [
        0.9820566773414612,
        -0.040101684629917145,
        0.18427389860153198,
        -1.386211633682251,
        0.042344458401203156,
        0.9990689158439636,
        -0.008250320330262184,
        0.18980734050273895,
        -0.18377161026000977,
        0.015905261039733887,
        0.9828402996063232,
        1.1343131065368652
    ],
    [
        0.9823920726776123,
        -0.039063211530447006,
        0.1827017366886139,
        -1.4264684915542603,
        0.04090894013643265,
        0.9991427063941956,
        -0.006343119312077761,
        0.23726387321949005,
        -0.1822972446680069,
        0.013705558143556118,
        0.983147919178009,
        1.1431647539138794
    ],
    [
        0.9830281138420105,
        -0.03856251388788223,
        0.1793559193611145,
        -1.4573324918746948,
        0.04024922102689743,
        0.9991730451583862,
        -0.005773436743766069,
        0.28283897042274475,
        -0.17898498475551605,
        0.012894387356936932,
        0.9837672114372253,
        1.1479040384292603
    ],
    [
        0.9843807816505432,
        -0.039105936884880066,
        0.1716540902853012,
        -1.4859213829040527,
        0.04034833237528801,
        0.9991785883903503,
        -0.003753506578505039,
        0.32810381054878235,
        -0.17136633396148682,
        0.010620839893817902,
        0.985150158405304,
        1.1479350328445435
    ],
    [
        0.9863221049308777,
        -0.03844897076487541,
        0.16028176248073578,
        -1.5111199617385864,
        0.03936442360281944,
        0.999221682548523,
        -0.0025387119967490435,
        0.37535715103149414,
        -0.1600593775510788,
        0.008813385851681232,
        0.9870679974555969,
        1.1514118909835815
    ],
    [
        0.9882774949073792,
        -0.03912261500954628,
        0.14757029712200165,
        -1.5345957279205322,
        0.03965343162417412,
        0.9992132782936096,
        -0.0006554633728228509,
        0.4269598424434662,
        -0.1474284827709198,
        0.006499446928501129,
        0.989051342010498,
        1.1620837450027466
    ]
]