[
    [
        0.9997813105583191,
        -0.0041514295153319836,
        0.020500658079981804,
        -0.04389491677284241,
        0.004109121393412352,
        0.9999893307685852,
        0.0021054663229733706,
        -0.017928296700119972,
        -0.020509181544184685,
        -0.0020207655616104603,
        0.9997876286506653,
        0.3951323926448822
    ],
    [
        0.999785840511322,
        -0.004219999071210623,
        0.020256759598851204,
        -0.07176580280065536,
        0.004199148155748844,
        0.9999905824661255,
        0.0010717245750129223,
        -0.030178656801581383,
        -0.020261092111468315,
        -0.0009864333551377058,
        0.9997941851615906,
        0.6823849678039551
    ],
    [
        0.9997557997703552,
        -0.003992101177573204,
        0.021738093346357346,
        -0.10131972283124924,
        0.004011157434433699,
        0.9999915957450867,
        -0.0008330786367878318,
        -0.04954083263874054,
        -0.021734584122896194,
        0.0009200704516842961,
        0.9997634291648865,
        0.9391411542892456
    ],
    [
        0.9999660849571228,
        -0.004010674078017473,
        0.007206530775874853,
        -0.13524997234344482,
        0.004026344045996666,
        0.9999895691871643,
        -0.002161129377782345,
        -0.05689718574285507,
        -0.0071977851912379265,
        0.0021900732535868883,
        0.9999716281890869,
        1.2417365312576294
    ],
    [
        0.9997047185897827,
        -0.0021626660600304604,
        -0.02420455403625965,
        -0.14985200762748718,
        0.0020290690008550882,
        0.9999825358390808,
        -0.005542701110243797,
        -0.09234098345041275,
        0.024216122925281525,
        0.005491952877491713,
        0.9996915459632874,
        1.5313812494277954
    ],
    [
        0.9985944032669067,
        0.0005390640581026673,
        -0.05299869552254677,
        -0.1731070876121521,
        -0.0009804080473259091,
        0.9999650716781616,
        -0.008301784284412861,
        -0.13432809710502625,
        0.05299236997961998,
        0.008342074230313301,
        0.9985600113868713,
        1.7712039947509766
    ],
    [
        0.9965834021568298,
        0.0022169952280819416,
        -0.08256229758262634,
        -0.2412576526403427,
        -0.0030807906296104193,
        0.999941885471344,
        -0.010336427018046379,
        -0.13996659219264984,
        0.08253457397222519,
        0.010555469430983067,
        0.9965322613716125,
        2.068007230758667
    ],
    [
        0.9934311509132385,
        0.005479397252202034,
        -0.11430035531520844,
        -0.3408307731151581,
        -0.00704586785286665,
        0.999886691570282,
        -0.013305372558534145,
        -0.16934643685817719,
        0.11421448737382889,
        0.01402331329882145,
        0.9933571815490723,
        2.3362975120544434
    ],
    [
        0.9897189140319824,
        0.007588292472064495,
        -0.14282438158988953,
        -0.41814741492271423,
        -0.009819164872169495,
        0.999840497970581,
        -0.014921345748007298,
        -0.19598370790481567,
        0.14268837869167328,
        0.016170356422662735,
        0.9896356463432312,
        2.5715174674987793
    ],
    [
        0.9824113845825195,
        0.00936918705701828,
        -0.1864943504333496,
        -0.4868437945842743,
        -0.012597916647791862,
        0.9997904300689697,
        -0.016135137528181076,
        -0.1933051347732544,
        0.18630409240722656,
        0.01820078305900097,
        0.9823234677314758,
        2.8615550994873047
    ],
    [
        0.9680271744728088,
        0.013731074519455433,
        -0.25046926736831665,
        -0.5361396670341492,
        -0.01877986639738083,
        0.9996655583381653,
        -0.01777837984263897,
        -0.22831115126609802,
        0.2501413822174072,
        0.021913735195994377,
        0.9679612517356873,
        3.1227266788482666
    ],
    [
        0.9472525715827942,
        0.018338626250624657,
        -0.3199629783630371,
        -0.6041175723075867,
        -0.02558017522096634,
        0.9995025992393494,
        -0.01844394952058792,
        -0.24843664467334747,
        0.31946560740470886,
        0.02565578930079937,
        0.9472505450248718,
        3.3351387977600098
    ],
    [
        0.9202537536621094,
        0.02335815317928791,
        -0.3906245529651642,
        -0.7327615022659302,
        -0.03341318666934967,
        0.9992616772651672,
        -0.018963735550642014,
        -0.27436935901641846,
        0.38989314436912537,
        0.03050345927476883,
        0.9203548431396484,
        3.5814101696014404
    ],
    [
        0.8926714658737183,
        0.0270405150949955,
        -0.4498961865901947,
        -0.8706861734390259,
        -0.03994060680270195,
        0.9990174174308777,
        -0.019204294309020042,
        -0.34722286462783813,
        0.44893476366996765,
        0.03511224314570427,
        0.8928744196891785,
        3.797218084335327
    ],
    [
        0.871202826499939,
        0.029445206746459007,
        -0.4900391101837158,
        -0.9950003027915955,
        -0.04438435286283493,
        0.9988358616828918,
        -0.018890030682086945,
        -0.4247155785560608,
        0.4889127016067505,
        0.03820714354515076,
        0.8714957237243652,
        3.983628273010254
    ],
    [
        0.8484917283058167,
        0.032173678278923035,
        -0.5282295942306519,
        -1.127989411354065,
        -0.04892043396830559,
        0.9986449480056763,
        -0.017754588276147842,
        -0.4866439402103424,
        0.5269427299499512,
        0.04090583696961403,
        0.8489158749580383,
        4.207582950592041
    ],
    [
        0.8268211483955383,
        0.033373281359672546,
        -0.5614740252494812,
        -1.2675552368164062,
        -0.0522160567343235,
        0.9984816312789917,
        -0.017544398084282875,
        -0.545099139213562,
        0.5600358843803406,
        0.043824031949043274,
        0.8273083567619324,
        4.393580913543701
    ],
    [
        0.801051139831543,
        0.03552470728754997,
        -0.5975407958030701,
        -1.4273134469985962,
        -0.056574299931526184,
        0.9982621669769287,
        -0.016494158655405045,
        -0.5731137990951538,
        0.5959165692329407,
        0.0470181368291378,
        0.8016687035560608,
        4.555567264556885
    ],
    [
        0.7707454562187195,
        0.03823292255401611,
        -0.6359950304031372,
        -1.660836100578308,
        -0.061640456318855286,
        0.997990071773529,
        -0.014706123620271683,
        -0.5633001327514648,
        0.6341544985771179,
        0.05053769052028656,
        0.7715530395507812,
        4.729259014129639
    ],
    [
        0.742911159992218,
        0.0393562838435173,
        -0.668232262134552,
        -1.885424256324768,
        -0.06515195965766907,
        0.9977816939353943,
        -0.013667648658156395,
        -0.5674522519111633,
        0.6662117838859558,
        0.05369048938155174,
        0.7438274025917053,
        4.867490291595459
    ],
    [
        0.7039778232574463,
        0.04129815101623535,
        -0.7090203166007996,
        -2.081512451171875,
        -0.07034245878458023,
        0.9974538087844849,
        -0.011743718758225441,
        -0.5513409972190857,
        0.7067299485206604,
        0.058141548186540604,
        0.7050902843475342,
        4.992939472198486
    ],
    [
        0.635189414024353,
        0.04461032152175903,
        -0.7710670828819275,
        -2.319962501525879,
        -0.0776166096329689,
        0.996963620185852,
        -0.0062593757174909115,
        -0.5048345327377319,
        0.7684464454650879,
        0.06382349878549576,
        0.6367232203483582,
        5.130704402923584
    ],
    [
        0.5414790511131287,
        0.04824917018413544,
        -0.8393286466598511,
        -2.5395219326019287,
        -0.08689301460981369,
        0.9962169528007507,
        0.0012103732442483306,
        -0.4850456118583679,
        0.836211621761322,
        0.07227639853954315,
        0.5436229705810547,
        5.237393856048584
    ],
    [
        0.4280603528022766,
        0.05383289232850075,
        -0.902145504951477,
        -2.7423157691955566,
        -0.0976966917514801,
        0.9951309561729431,
        0.013025297783315182,
        -0.4883114695549011,
        0.8984540700912476,
        0.08256101608276367,
        0.4312352240085602,
        5.28589391708374
    ],
    [
        0.2883991301059723,
        0.051727600395679474,
        -0.9561120271682739,
        -2.9865469932556152,
        -0.10596282035112381,
        0.9941306710243225,
        0.021822145208716393,
        -0.447864830493927,
        0.951629102230072,
        0.09501884132623672,
        0.29218751192092896,
        5.3141632080078125
    ]
]