[
    [
        0.9977946877479553,
        -0.018287112936377525,
        0.0638078972697258,
        0.3678712844848633,
        0.018143940716981888,
        0.9998313784599304,
        0.002822594717144966,
        0.03584787994623184,
        -0.06384875625371933,
        -0.0016586435958743095,
        0.9979583024978638,
        -0.09539467096328735
    ],
    [
        0.9962958097457886,
        -0.021019721403717995,
        0.08338426798582077,
        0.400114506483078,
        0.02058463916182518,
        0.9997696876525879,
        0.006074160803109407,
        0.03608916699886322,
        -0.08349273353815079,
        -0.004335225559771061,
        0.9964990615844727,
        -0.09500626474618912
    ],
    [
        0.9945182204246521,
        -0.02363174594938755,
        0.1018575131893158,
        0.4290142357349396,
        0.0229497030377388,
        0.9997056722640991,
        0.007862851954996586,
        0.038463931530714035,
        -0.10201334208250046,
        -0.005482150707393885,
        0.9947680234909058,
        -0.0959140807390213
    ],
    [
        0.9918715357780457,
        -0.026830844581127167,
        0.12438211590051651,
        0.4635266065597534,
        0.025752434507012367,
        0.9996156096458435,
        0.010270161554217339,
        0.041547991335392,
        -0.12460986524820328,
        -0.006983538158237934,
        0.9921813011169434,
        -0.09753712266683578
    ],
    [
        0.9892385005950928,
        -0.029442960396409035,
        0.14331918954849243,
        0.48843148350715637,
        0.027951184660196304,
        0.999532163143158,
        0.012411490082740784,
        0.04336101561784744,
        -0.14361757040023804,
        -0.008271981962025166,
        0.9895986318588257,
        -0.10048190504312515
    ],
    [
        0.9861869215965271,
        -0.03226156160235405,
        0.16246381402015686,
        0.5168264508247375,
        0.030502742156386375,
        0.9994460344314575,
        0.01330930832773447,
        0.04791829362511635,
        -0.16280320286750793,
        -0.008169873617589474,
        0.9866248369216919,
        -0.10414973646402359
    ],
    [
        0.982002317905426,
        -0.03623252734541893,
        0.18536104261875153,
        0.5544008016586304,
        0.03425759822130203,
        0.9993170499801636,
        0.013847259804606438,
        0.055281978100538254,
        -0.18573616445064545,
        -0.0072480165399611,
        0.9825729131698608,
        -0.10937434434890747
    ],
    [
        0.9784854650497437,
        -0.039255861192941666,
        0.20254667103290558,
        0.5848429799079895,
        0.03712618350982666,
        0.9992080926895142,
        0.014304597862064838,
        0.06155519559979439,
        -0.20294779539108276,
        -0.006477057468146086,
        0.979168176651001,
        -0.11405049264431
    ],
    [
        0.9750335216522217,
        -0.04193596914410591,
        0.21806207299232483,
        0.6150990724563599,
        0.03974964842200279,
        0.9991058707237244,
        0.014405245892703533,
        0.06837516278028488,
        -0.21847118437290192,
        -0.0053777070716023445,
        0.9758285880088806,
        -0.11965485662221909
    ],
    [
        0.9706471562385559,
        -0.045425932854413986,
        0.23617896437644958,
        0.6510603427886963,
        0.04308050125837326,
        0.9989577531814575,
        0.015084419399499893,
        0.07604397088289261,
        -0.2366180121898651,
        -0.004466940648853779,
        0.9715924859046936,
        -0.1267244964838028
    ],
    [
        0.9670206308364868,
        -0.04831887409090996,
        0.25007280707359314,
        0.6808050870895386,
        0.04583863541483879,
        0.9988248944282532,
        0.015736185014247894,
        0.08224843442440033,
        -0.25053930282592773,
        -0.0037542195059359074,
        0.9680991172790527,
        -0.13340654969215393
    ],
    [
        0.9629836082458496,
        -0.05122152343392372,
        0.2646484673023224,
        0.7101364731788635,
        0.048529718071222305,
        0.9986820816993713,
        0.0167040154337883,
        0.08847799897193909,
        -0.2651553153991699,
        -0.0032423774246126413,
        0.9642002582550049,
        -0.1402394324541092
    ],
    [
        0.9580211639404297,
        -0.054830923676490784,
        0.28140559792518616,
        0.744282066822052,
        0.05179523676633835,
        0.9984915256500244,
        0.018220243975520134,
        0.09513578563928604,
        -0.2819801867008209,
        -0.002879907377064228,
        0.9594159126281738,
        -0.14914900064468384
    ],
    [
        0.9539436101913452,
        -0.05735953524708748,
        0.29445117712020874,
        0.7684117555618286,
        0.05393500626087189,
        0.9983491897583008,
        0.019744843244552612,
        0.09952650219202042,
        -0.2950976490974426,
        -0.002954239724203944,
        0.9554624557495117,
        -0.15598101913928986
    ],
    [
        0.9497976303100586,
        -0.06013962998986244,
        0.3070306181907654,
        0.7915632128715515,
        0.05623709037899971,
        0.9981848001480103,
        0.02155035175383091,
        0.10339527577161789,
        -0.3077693581581116,
        -0.0032019636128097773,
        0.9514555931091309,
        -0.16287744045257568
    ],
    [
        0.944405734539032,
        -0.0633947029709816,
        0.32261279225349426,
        0.8182490468025208,
        0.05879431962966919,
        0.9979817271232605,
        0.023994913324713707,
        0.10767955332994461,
        -0.3234827518463135,
        -0.0036931345239281654,
        0.9462268948554993,
        -0.17134736478328705
    ],
    [
        0.9401509761810303,
        -0.06664951145648956,
        0.33417657017707825,
        0.837546169757843,
        0.060968756675720215,
        0.9977615475654602,
        0.02747194468975067,
        0.10803176462650299,
        -0.3352595567703247,
        -0.00545344315469265,
        0.942110002040863,
        -0.17747071385383606
    ],
    [
        0.9358817338943481,
        -0.06936594098806381,
        0.3454180955886841,
        0.8546997904777527,
        0.06269499659538269,
        0.9975676536560059,
        0.030461985617876053,
        0.10893353074789047,
        -0.34669095277786255,
        -0.006852833554148674,
        0.9379543662071228,
        -0.18330660462379456
    ],
    [
        0.9310711622238159,
        -0.0721995010972023,
        0.3576224148273468,
        0.8751603960990906,
        0.06474380195140839,
        0.9973628520965576,
        0.032794442027807236,
        0.11171415448188782,
        -0.3590470552444458,
        -0.007380128838121891,
        0.9332902431488037,
        -0.1912817358970642
    ],
    [
        0.9272136092185974,
        -0.07446520775556564,
        0.3670557141304016,
        0.8902060985565186,
        0.06614748388528824,
        0.9971885681152344,
        0.03520719334483147,
        0.11301638185977936,
        -0.36864545941352844,
        -0.008364778943359852,
        0.929532527923584,
        -0.19680415093898773
    ],
    [
        0.9237620234489441,
        -0.07639697939157486,
        0.3752695620059967,
        0.9039701223373413,
        0.06748855859041214,
        0.9970393776893616,
        0.03684668242931366,
        0.11500738561153412,
        -0.3769734799861908,
        -0.008711167611181736,
        0.9261831045150757,
        -0.20262299478054047
    ],
    [
        0.9194599390029907,
        -0.07886107265949249,
        0.38519376516342163,
        0.9204939007759094,
        0.06923557072877884,
        0.9968448281288147,
        0.038819193840026855,
        0.11764416098594666,
        -0.3870397210121155,
        -0.009023589082062244,
        0.9220188856124878,
        -0.2099727839231491
    ],
    [
        0.9159640669822693,
        -0.08082371205091476,
        0.3930359482765198,
        0.9328027963638306,
        0.07049628347158432,
        0.9966826438903809,
        0.04066682234406471,
        0.11907410621643066,
        -0.39501896500587463,
        -0.00954178161919117,
        0.9186233878135681,
        -0.21553854644298553
    ],
    [
        0.9126508831977844,
        -0.08244797587394714,
        0.400338351726532,
        0.944319486618042,
        0.07167670875787735,
        0.9965502023696899,
        0.04183395206928253,
        0.12146928161382675,
        -0.4024064540863037,
        -0.009484858252108097,
        0.9154119491577148,
        -0.22109445929527283
    ],
    [
        0.9091075658798218,
        -0.08439777791500092,
        0.40792182087898254,
        0.9574517011642456,
        0.07299992442131042,
        0.9963846802711487,
        0.0434589646756649,
        0.1235990896821022,
        -0.4101148545742035,
        -0.00973061565309763,
        0.9119819402694702,
        -0.22752872109413147
    ]
]