[
    [
        0.9999518394470215,
        0.00867729727178812,
        0.004585393238812685,
        0.11401467025279999,
        -0.008590864948928356,
        0.999791145324707,
        -0.01854422315955162,
        -0.12548282742500305,
        -0.004745348356664181,
        0.018503936007618904,
        0.9998175501823425,
        0.7711853384971619
    ],
    [
        0.9998000264167786,
        0.014802039600908756,
        -0.013444929383695126,
        0.1365569829940796,
        -0.015061922371387482,
        0.9996975660324097,
        -0.019438322633504868,
        -0.14221468567848206,
        0.013153137639164925,
        0.019636942073702812,
        0.9997206330299377,
        0.8753489851951599
    ],
    [
        0.999293863773346,
        0.019022947177290916,
        -0.03240085393190384,
        0.15380682051181793,
        -0.019699186086654663,
        0.9995920658111572,
        -0.020681213587522507,
        -0.15826770663261414,
        0.03199421614408493,
        0.021304883062839508,
        0.9992609620094299,
        0.9624983072280884
    ],
    [
        0.9984182119369507,
        0.02373669296503067,
        -0.05096675828099251,
        0.16256892681121826,
        -0.024786408990621567,
        0.9994913935661316,
        -0.02006368339061737,
        -0.17613497376441956,
        0.05046458914875984,
        0.021295230835676193,
        0.998498797416687,
        1.0561492443084717
    ],
    [
        0.9967937469482422,
        0.03008984960615635,
        -0.07414202392101288,
        0.16621209681034088,
        -0.03163875266909599,
        0.9993031024932861,
        -0.019805673509836197,
        -0.19264370203018188,
        0.07349439710378647,
        0.022087931632995605,
        0.9970510005950928,
        1.1525079011917114
    ],
    [
        0.9939960837364197,
        0.038289256393909454,
        -0.10249742865562439,
        0.17896370589733124,
        -0.04040614888072014,
        0.9990090727806091,
        -0.018656380474567413,
        -0.20709170401096344,
        0.10168153047561646,
        0.022685900330543518,
        0.9945583939552307,
        1.2223788499832153
    ],
    [
        0.9903491735458374,
        0.044458746910095215,
        -0.13127046823501587,
        0.18106985092163086,
        -0.04716755822300911,
        0.9987320303916931,
        -0.017597123980522156,
        -0.2182544618844986,
        0.13032166659832,
        0.02361900359392166,
        0.9911903738975525,
        1.2865345478057861
    ],
    [
        0.9841616749763489,
        0.05050903186202049,
        -0.1699255257844925,
        0.1808675229549408,
        -0.05358383059501648,
        0.9984713196754456,
        -0.013554921373724937,
        -0.23143012821674347,
        0.16898113489151,
        0.022445496171712875,
        0.9853636622428894,
        1.3605470657348633
    ],
    [
        0.9757199287414551,
        0.05908838286995888,
        -0.21090082824230194,
        0.1891160011291504,
        -0.06293825805187225,
        0.9979501962661743,
        -0.011582961305975914,
        -0.23891770839691162,
        0.2097841054201126,
        0.024575458839535713,
        0.9774388670921326,
        1.4203904867172241
    ],
    [
        0.9643489122390747,
        0.06941696256399155,
        -0.2553674876689911,
        0.196788027882576,
        -0.07450013607740402,
        0.9971680641174316,
        -0.01027440931648016,
        -0.2454182505607605,
        0.25393110513687134,
        0.028933027759194374,
        0.9667893648147583,
        1.4746239185333252
    ],
    [
        0.950126588344574,
        0.07752139121294022,
        -0.30207598209381104,
        0.2052253782749176,
        -0.08395511656999588,
        0.9964345097541809,
        -0.008352155797183514,
        -0.2503235340118408,
        0.30035144090652466,
        0.03329642862081528,
        0.9532471895217896,
        1.5216705799102783
    ],
    [
        0.9311556816101074,
        0.0839281752705574,
        -0.35483089089393616,
        0.21487411856651306,
        -0.0923316553235054,
        0.9957051873207092,
        -0.006784716155380011,
        -0.25242435932159424,
        0.35273754596710205,
        0.03907974809408188,
        0.9349059462547302,
        1.564929723739624
    ],
    [
        0.913021981716156,
        0.08812805265188217,
        -0.3982766270637512,
        0.21703201532363892,
        -0.09925173223018646,
        0.9950352311134338,
        -0.007352919317781925,
        -0.25052666664123535,
        0.395651251077652,
        0.04624301940202713,
        0.9172358512878418,
        1.599118947982788
    ],
    [
        0.8944711089134216,
        0.09127798676490784,
        -0.4377097189426422,
        0.21079370379447937,
        -0.1051754578948021,
        0.9944249391555786,
        -0.007555879652500153,
        -0.24952425062656403,
        0.4345797300338745,
        0.05279483646154404,
        0.8990845680236816,
        1.6287102699279785
    ],
    [
        0.872420608997345,
        0.09657688438892365,
        -0.47911906242370605,
        0.1964416652917862,
        -0.11320214718580246,
        0.9935546517372131,
        -0.005855474155396223,
        -0.25243088603019714,
        0.4754656255245209,
        0.05934574082493782,
        0.8777304291725159,
        1.6588590145111084
    ],
    [
        0.8540676832199097,
        0.10122252255678177,
        -0.5102180242538452,
        0.1766316294670105,
        -0.11963135004043579,
        0.9928128719329834,
        -0.0032892744056880474,
        -0.25547370314598083,
        0.5062179565429688,
        0.06384733319282532,
        0.8600388169288635,
        1.680780291557312
    ],
    [
        0.836524248123169,
        0.1024986281991005,
        -0.5382574796676636,
        0.15223057568073273,
        -0.12221001833677292,
        0.992503821849823,
        -0.0009314955677837133,
        -0.25976911187171936,
        0.5341272354125977,
        0.06655969470739365,
        0.8427799344062805,
        1.6997439861297607
    ],
    [
        0.8203777074813843,
        0.1045863926410675,
        -0.5621763467788696,
        0.13102969527244568,
        -0.12624050676822662,
        0.9919996857643127,
        0.00032869516871869564,
        -0.26269689202308655,
        0.5577130317687988,
        0.07069975882768631,
        0.8270173668861389,
        1.7058361768722534
    ],
    [
        0.8023159503936768,
        0.10648302733898163,
        -0.587324857711792,
        0.10110481083393097,
        -0.13167992234230042,
        0.9912922978401184,
        -0.00015851616626605392,
        -0.2639428973197937,
        0.5821937322616577,
        0.07746607065200806,
        0.8093513250350952,
        1.7196377515792847
    ],
    [
        0.7872626781463623,
        0.10857042670249939,
        -0.6069843173027039,
        0.07404468208551407,
        -0.13698513805866241,
        0.9905729293823242,
        -0.00048820715164765716,
        -0.26513415575027466,
        0.6012092232704163,
        0.0835321843624115,
        0.7947136759757996,
        1.735913634300232
    ],
    [
        0.7728701233863831,
        0.110092394053936,
        -0.6249411106109619,
        0.04720102995634079,
        -0.1416955292224884,
        0.9899098873138428,
        -0.0008491833577863872,
        -0.26817893981933594,
        0.618541955947876,
        0.08920764923095703,
        0.7806714773178101,
        1.7548441886901855
    ],
    [
        0.7596327662467957,
        0.11176783591508865,
        -0.6406761407852173,
        0.02162540704011917,
        -0.14669959247112274,
        0.9891801476478577,
        -0.0013724749442189932,
        -0.2742903232574463,
        0.6335907578468323,
        0.09502950310707092,
        0.767810046672821,
        1.7679861783981323
    ],
    [
        0.750196635723114,
        0.11279187351465225,
        -0.6515234708786011,
        -0.0005838109063915908,
        -0.1503356695175171,
        0.9886330962181091,
        -0.0019516490865498781,
        -0.27807027101516724,
        0.6438976526260376,
        0.09941136091947556,
        0.758625864982605,
        1.7791662216186523
    ],
    [
        0.7418622374534607,
        0.1133669912815094,
        -0.6608996391296387,
        -0.01974797062575817,
        -0.1538183093070984,
        0.98809415102005,
        -0.0031695121433585882,
        -0.28187498450279236,
        0.652671754360199,
        0.10400982201099396,
        0.7504675388336182,
        1.7909784317016602
    ],
    [
        0.734343945980072,
        0.11416331678628922,
        -0.6691082119941711,
        -0.04069311544299126,
        -0.15659338235855103,
        0.9876575469970703,
        -0.0033464578446000814,
        -0.2873234748840332,
        0.6604677438735962,
        0.10723535716533661,
        0.7431576251983643,
        1.8058061599731445
    ]
]