[
    [
        0.9995980262756348,
        -0.009314487688243389,
        0.026776403188705444,
        0.009078482165932655,
        0.009119587950408459,
        0.9999310970306396,
        0.007391707506030798,
        0.04514075070619583,
        -0.02684340812265873,
        -0.007144547533243895,
        0.9996141195297241,
        0.5424253344535828
    ],
    [
        0.9994029402732849,
        -0.009769910015165806,
        0.03313971683382988,
        0.041051194071769714,
        0.009515593759715557,
        0.9999241232872009,
        0.007823117077350616,
        0.05654294416308403,
        -0.03321363404393196,
        -0.0075031002052128315,
        0.999420166015625,
        0.7256795763969421
    ],
    [
        0.9987592697143555,
        -0.01124901045113802,
        0.048510342836380005,
        0.09465291351079941,
        0.01083628460764885,
        0.9999029040336609,
        0.008762609213590622,
        0.051239512860774994,
        -0.048604197800159454,
        -0.008226065896451473,
        0.9987842440605164,
        0.9064552187919617
    ],
    [
        0.9971912503242493,
        -0.013410965912044048,
        0.07368624210357666,
        0.16376428306102753,
        0.012655554339289665,
        0.999862551689148,
        0.01070910133421421,
        0.05695746839046478,
        -0.07381974160671234,
        -0.009746482595801353,
        0.9972240328788757,
        1.0691169500350952
    ],
    [
        0.9927129745483398,
        -0.017265785485506058,
        0.11925902217626572,
        0.2622295916080475,
        0.016037307679653168,
        0.9998080134391785,
        0.01125304400920868,
        0.0621279701590538,
        -0.11943041533231735,
        -0.009258450008928776,
        0.9927994608879089,
        1.2799060344696045
    ],
    [
        0.984429121017456,
        -0.02199198305606842,
        0.17440083622932434,
        0.3532891273498535,
        0.019680777564644814,
        0.9996942281723022,
        0.014970852062106133,
        0.04705361649394035,
        -0.174676775932312,
        -0.011305398307740688,
        0.9845609664916992,
        1.4425582885742188
    ],
    [
        0.971736490726471,
        -0.02588595636188984,
        0.234644815325737,
        0.410808265209198,
        0.022751951590180397,
        0.9996122717857361,
        0.01605413109064102,
        0.05090911686420441,
        -0.2349693775177002,
        -0.010261756367981434,
        0.9719485640525818,
        1.605252742767334
    ],
    [
        0.9473901391029358,
        -0.031250786036252975,
        0.3185518682003021,
        0.41146519780158997,
        0.02639823593199253,
        0.9994605183601379,
        0.01953999511897564,
        0.040368128567934036,
        -0.31899067759513855,
        -0.010102790780365467,
        0.947704017162323,
        1.8073261976242065
    ],
    [
        0.9133801460266113,
        -0.0368824228644371,
        0.40543368458747864,
        0.4051358699798584,
        0.03047778457403183,
        0.9992879629135132,
        0.02224372699856758,
        0.032970257103443146,
        -0.4059653580188751,
        -0.00796025525778532,
        0.9138538837432861,
        1.967826008796692
    ],
    [
        0.8727508187294006,
        -0.04541604965925217,
        0.48604875802993774,
        0.42323100566864014,
        0.03627941757440567,
        0.9989438056945801,
        0.02819715440273285,
        0.06421884894371033,
        -0.4868159592151642,
        -0.0069755204021930695,
        0.8734768033027649,
        2.1122684478759766
    ],
    [
        0.8255956172943115,
        -0.05239812284708023,
        0.5618241429328918,
        0.4395991563796997,
        0.04178738221526146,
        0.9986225366592407,
        0.03172963857650757,
        0.08812183141708374,
        -0.5627126693725586,
        -0.002718698000535369,
        0.8266479969024658,
        2.2680556774139404
    ],
    [
        0.7491669058799744,
        -0.0595310740172863,
        0.659700870513916,
        0.42733675241470337,
        0.04625624790787697,
        0.998223602771759,
        0.03754987195134163,
        0.09094900637865067,
        -0.6607641577720642,
        0.002384149469435215,
        0.7505896687507629,
        2.4204015731811523
    ],
    [
        0.6667205095291138,
        -0.0671534538269043,
        0.7422764897346497,
        0.3840193450450897,
        0.05038398131728172,
        0.9977152347564697,
        0.04500749707221985,
        0.09682837873697281,
        -0.7436029314994812,
        0.007391416467726231,
        0.6685805320739746,
        2.597234010696411
    ],
    [
        0.5543947815895081,
        -0.07456877082586288,
        0.8289065361022949,
        0.3259465992450714,
        0.05262332782149315,
        0.9971258044242859,
        0.05450596287846565,
        0.07988498359918594,
        -0.8305885195732117,
        0.013401989825069904,
        0.5567255020141602,
        2.774620532989502
    ],
    [
        0.4265298545360565,
        -0.07926815748214722,
        0.900993287563324,
        0.23445633053779602,
        0.05448753014206886,
        0.9965949654579163,
        0.06188467890024185,
        0.0787082388997078,
        -0.9028307199478149,
        0.022697236388921738,
        0.42939653992652893,
        2.924433469772339
    ],
    [
        0.301189124584198,
        -0.08565139025449753,
        0.949709951877594,
        0.08495563268661499,
        0.055837392807006836,
        0.9958330392837524,
        0.07210291922092438,
        0.044770170003175735,
        -0.9519281387329102,
        0.03131271153688431,
        0.30471664667129517,
        3.0402004718780518
    ],
    [
        0.12174459546804428,
        -0.08957710862159729,
        0.9885110855102539,
        -0.09019099175930023,
        0.05864591896533966,
        0.994828462600708,
        0.08292677253484726,
        -0.004530661273747683,
        -0.9908274412155151,
        0.047876257449388504,
        0.12636832892894745,
        3.1676676273345947
    ],
    [
        -0.04590824618935585,
        -0.09164782613515854,
        0.9947327375411987,
        -0.17757461965084076,
        0.057009533047676086,
        0.9939192533493042,
        0.09420395642518997,
        -0.042315803468227386,
        -0.9973174929618835,
        0.061033979058265686,
        -0.04040428623557091,
        3.295968770980835
    ],
    [
        -0.23119212687015533,
        -0.09375167638063431,
        0.9683805704116821,
        -0.23018135130405426,
        0.05168880894780159,
        0.9927570223808289,
        0.10845187306404114,
        -0.06550169736146927,
        -0.9715341329574585,
        0.07512766122817993,
        -0.22467172145843506,
        3.4340221881866455
    ],
    [
        -0.38743728399276733,
        -0.09010875970125198,
        0.9174817800521851,
        -0.24476541578769684,
        0.04690828546881676,
        0.9919958114624023,
        0.11723560094833374,
        -0.0854409709572792,
        -0.9207019209861755,
        0.08845894038677216,
        -0.3801092207431793,
        3.5109174251556396
    ],
    [
        -0.5069833993911743,
        -0.08888866752386093,
        0.8573602437973022,
        -0.253377765417099,
        0.04072524979710579,
        0.9910873174667358,
        0.1268351972103119,
        -0.13925650715827942,
        -0.8609931468963623,
        0.09921953827142715,
        -0.49884480237960815,
        3.5536949634552
    ],
    [
        -0.6001144647598267,
        -0.08660319447517395,
        0.7952121496200562,
        -0.22818490862846375,
        0.0336880125105381,
        0.99050372838974,
        0.13329455256462097,
        -0.17609700560569763,
        -0.7992043495178223,
        0.10678111761808395,
        -0.591498076915741,
        3.5944976806640625
    ],
    [
        -0.6382239460945129,
        -0.087095245718956,
        0.7649081945419312,
        -0.19666481018066406,
        0.030123144388198853,
        0.9899938702583313,
        0.13785843551158905,
        -0.18042969703674316,
        -0.7692612409591675,
        0.11102599650621414,
        -0.6292141079902649,
        3.63346266746521
    ],
    [
        -0.6533344388008118,
        -0.08630936592817307,
        0.7521335482597351,
        -0.15165108442306519,
        0.028039811179041862,
        0.9900398254394531,
        0.1379663199186325,
        -0.16835832595825195,
        -0.7565500140190125,
        0.11122781783342361,
        -0.6444069743156433,
        3.674619436264038
    ],
    [
        -0.654893159866333,
        -0.08767823874950409,
        0.7506179809570312,
        -0.1258341670036316,
        0.0275904331356287,
        0.9898108243942261,
        0.13968977332115173,
        -0.15011894702911377,
        -0.7552176713943481,
        0.11219175159931183,
        -0.6458012461662292,
        3.7229983806610107
    ]
]