[
    [
        0.9999998211860657,
        0.0002638677542563528,
        -0.0007044444791972637,
        -0.002887246897444129,
        -0.000255199265666306,
        0.9999246001243591,
        0.012277619913220406,
        -0.16019240021705627,
        0.0007076316396705806,
        -0.012277435511350632,
        0.9999244213104248,
        -0.06971122324466705
    ],
    [
        0.9999995827674866,
        0.00018923485185950994,
        -0.0008413006435148418,
        -0.0024309223517775536,
        -0.0001782381150405854,
        0.9999147653579712,
        0.013052187860012054,
        -0.17957523465156555,
        0.0008436991483904421,
        -0.013052033260464668,
        0.9999144077301025,
        -0.07668234407901764
    ],
    [
        0.9999998211860657,
        0.00011752272257581353,
        -0.0006457102135755122,
        -0.003345877630636096,
        -0.00010850129910977557,
        0.9999027252197266,
        0.013952529057860374,
        -0.20253770053386688,
        0.0006472869426943362,
        -0.013952457346022129,
        0.9999024868011475,
        -0.08550122380256653
    ],
    [
        0.9999996423721313,
        0.00022593433095607907,
        -0.0007981018861755729,
        -0.002879591193050146,
        -0.0002140536962542683,
        0.9998897314071655,
        0.014854561537504196,
        -0.2281390130519867,
        0.0008013700135052204,
        -0.014854386448860168,
        0.9998892545700073,
        -0.09483364224433899
    ],
    [
        0.9999997615814209,
        6.759537063771859e-05,
        -0.0007688220939598978,
        -0.003955512773245573,
        -5.532863724511117e-05,
        0.9998729825019836,
        0.01594359427690506,
        -0.25540244579315186,
        0.000769802019931376,
        -0.01594354584813118,
        0.9998725652694702,
        -0.10431541502475739
    ],
    [
        0.9999995827674866,
        8.359436469618231e-05,
        -0.0010106699774041772,
        -0.003540358506143093,
        -6.632363511016592e-05,
        0.9998541474342346,
        0.01707601360976696,
        -0.2788979113101959,
        0.001011950196698308,
        -0.01707593910396099,
        0.9998537302017212,
        -0.11217068135738373
    ],
    [
        0.9999992847442627,
        0.00012579435133375227,
        -0.0012367389863356948,
        -0.0019611280877143145,
        -0.0001037506663124077,
        0.9998414516448975,
        0.01780850812792778,
        -0.3064468204975128,
        0.001238783122971654,
        -0.01780836470425129,
        0.9998406171798706,
        -0.12087922543287277
    ],
    [
        0.9999989867210388,
        0.00020511662296485156,
        -0.0013871972914785147,
        -0.00024458725238218904,
        -0.00017890933668240905,
        0.9998220205307007,
        0.018865585327148438,
        -0.3350081741809845,
        0.0013908206019550562,
        -0.018865320831537247,
        0.999821126461029,
        -0.12840504944324493
    ],
    [
        0.9999984502792358,
        0.0002038954698946327,
        -0.0017834454774856567,
        0.002455086912959814,
        -0.00016882653289940208,
        0.9998070001602173,
        0.019641432911157608,
        -0.3637326955795288,
        0.0017871058080345392,
        -0.019641097635030746,
        0.9998055100440979,
        -0.13542601466178894
    ],
    [
        0.9999979734420776,
        0.00013344845501706004,
        -0.002017236314713955,
        0.005550488363951445,
        -9.219855564879254e-05,
        0.9997912049293518,
        0.020434778183698654,
        -0.39319396018981934,
        0.002019542036578059,
        -0.0204345490783453,
        0.9997891783714294,
        -0.1421530693769455
    ],
    [
        0.9999976754188538,
        6.28682246315293e-05,
        -0.0021715210750699043,
        0.006895660422742367,
        -1.6782772945589386e-05,
        0.9997748732566833,
        0.021216057240962982,
        -0.4179847240447998,
        0.002172366250306368,
        -0.021215971559286118,
        0.9997726082801819,
        -0.1480187475681305
    ],
    [
        0.9999971985816956,
        3.598853072617203e-05,
        -0.002350267954170704,
        0.008434008806943893,
        1.671853351581376e-05,
        0.9997486472129822,
        0.02242230996489525,
        -0.4485301971435547,
        0.0023504840210080147,
        -0.022422287613153458,
        0.999745786190033,
        -0.15517067909240723
    ],
    [
        0.9999963641166687,
        2.9298784284037538e-05,
        -0.002733537694439292,
        0.009201937355101109,
        3.46427877957467e-05,
        0.999726414680481,
        0.023388605564832687,
        -0.4805111885070801,
        0.0027334755286574364,
        -0.023388613015413284,
        0.9997226595878601,
        -0.16241554915905
    ],
    [
        0.9999963641166687,
        -6.393071817001328e-05,
        -0.002706460887566209,
        0.008219490759074688,
        0.00013046730600763112,
        0.9996976256370544,
        0.02459121122956276,
        -0.5141560435295105,
        0.002704070648178458,
        -0.0245914738625288,
        0.9996939897537231,
        -0.16998563706874847
    ],
    [
        0.9999953508377075,
        0.00015408379840664566,
        -0.003070115577429533,
        0.007218499202281237,
        -7.544019899796695e-05,
        0.9996722936630249,
        0.02559957280755043,
        -0.5485219955444336,
        0.003073054365813732,
        -0.025599220767617226,
        0.9996675252914429,
        -0.1780063956975937
    ],
    [
        0.9999945759773254,
        0.00033121436717920005,
        -0.003266347572207451,
        0.0058395834639668465,
        -0.00024452057550661266,
        0.9996486306190491,
        0.026506153866648674,
        -0.5773115158081055,
        0.003273979527875781,
        -0.026505211368203163,
        0.9996433258056641,
        -0.18514567613601685
    ],
    [
        0.9999946355819702,
        0.00029132163035683334,
        -0.003273892216384411,
        0.003966573625802994,
        -0.00020085244614165276,
        0.9996190667152405,
        0.027599778026342392,
        -0.6118885278701782,
        0.003280685283243656,
        -0.027598971500992775,
        0.9996137022972107,
        -0.1933886706829071
    ],
    [
        0.9999951720237732,
        0.00019943139341194183,
        -0.003134937724098563,
        0.00043386139441281557,
        -0.00010960166400764138,
        0.9995901584625244,
        0.028628375381231308,
        -0.6485254764556885,
        0.0031393617391586304,
        -0.028627891093492508,
        0.9995852112770081,
        -0.20289310812950134
    ],
    [
        0.9999952912330627,
        0.00030325306579470634,
        -0.0030434902291744947,
        -0.003358576912432909,
        -0.00021252789883874357,
        0.999556839466095,
        0.029765726998448372,
        -0.6836895942687988,
        0.0030511680524796247,
        -0.029764940962195396,
        0.999552309513092,
        -0.21232350170612335
    ],
    [
        0.9999954700469971,
        0.00038115610368549824,
        -0.0029904760885983706,
        -0.008423913270235062,
        -0.0002890048490371555,
        0.999526858329773,
        0.03075500763952732,
        -0.7194920182228088,
        0.0030007835011929274,
        -0.030754003673791885,
        0.9995224475860596,
        -0.2230621874332428
    ],
    [
        0.9999954700469971,
        0.00045641703763976693,
        -0.00300136161968112,
        -0.011720249429345131,
        -0.00036159204319119453,
        0.9995030760765076,
        0.031518980860710144,
        -0.7489780783653259,
        0.003014255315065384,
        -0.03151775524020195,
        0.9994986057281494,
        -0.23249170184135437
    ],
    [
        0.9999945163726807,
        0.0006402636063285172,
        -0.0032444619573652744,
        -0.014404667541384697,
        -0.0005345444078557193,
        0.9994722008705139,
        0.032481078058481216,
        -0.784564197063446,
        0.003263545921072364,
        -0.03247916325926781,
        0.9994670748710632,
        -0.2447630912065506
    ],
    [
        0.999994695186615,
        0.0007395269349217415,
        -0.0031572498846799135,
        -0.01681281067430973,
        -0.0006336499936878681,
        0.9994416832923889,
        0.033404845744371414,
        -0.819567084312439,
        0.003180190920829773,
        -0.03340267017483711,
        0.9994369149208069,
        -0.25735583901405334
    ],
    [
        0.9999940991401672,
        0.0008575709071010351,
        -0.0033397225197404623,
        -0.016376256942749023,
        -0.0007412121049128473,
        0.999397873878479,
        0.03468760848045349,
        -0.8552630543708801,
        0.0033674591686576605,
        -0.0346849299967289,
        0.9993926286697388,
        -0.27072370052337646
    ],
    [
        0.9999933242797852,
        0.0008485146099701524,
        -0.0035527716390788555,
        -0.016089042648673058,
        -0.0007210344774648547,
        0.9993612170219421,
        0.03573078662157059,
        -0.8908712863922119,
        0.003580819582566619,
        -0.035727981477975845,
        0.999355137348175,
        -0.2833141088485718
    ]
]