[
    [
        0.7416072487831116,
        -0.09153036773204803,
        0.6645607948303223,
        0.31988805532455444,
        0.07403639703989029,
        0.9957637190818787,
        0.05452728644013405,
        -0.34752658009529114,
        -0.666736364364624,
        0.008763856254518032,
        0.7452419996261597,
        0.14764530956745148
    ],
    [
        0.7397640347480774,
        -0.0918700248003006,
        0.6665651202201843,
        0.31550654768943787,
        0.07437966018915176,
        0.9957292675971985,
        0.054689742624759674,
        -0.3387352526187897,
        -0.6687427163124084,
        0.009121381677687168,
        0.7434380054473877,
        0.14448027312755585
    ],
    [
        0.7366810441017151,
        -0.09235638380050659,
        0.6699039340019226,
        0.309775173664093,
        0.07487109303474426,
        0.9956789016723633,
        0.054935015738010406,
        -0.32859694957733154,
        -0.6720828413963318,
        0.009686858393251896,
        0.7404125928878784,
        0.13907043635845184
    ],
    [
        0.7327201962471008,
        -0.09305746108293533,
        0.6741375923156738,
        0.3030279576778412,
        0.07543545961380005,
        0.9956081509590149,
        0.05544222518801689,
        -0.317226767539978,
        -0.6763361692428589,
        0.010230240412056446,
        0.7365219593048096,
        0.13231752812862396
    ],
    [
        0.7281374931335449,
        -0.0936543270945549,
        0.679002583026886,
        0.2965361475944519,
        0.0762045681476593,
        0.9955410957336426,
        0.05559525266289711,
        -0.30357691645622253,
        -0.681181788444519,
        0.011262103915214539,
        0.7320277690887451,
        0.12506811320781708
    ],
    [
        0.7217770218849182,
        -0.09437970817089081,
        0.6856605410575867,
        0.28914791345596313,
        0.07677599042654037,
        0.9954630732536316,
        0.05620326101779938,
        -0.2899104654788971,
        -0.6878542304039001,
        0.012076050043106079,
        0.7257484793663025,
        0.11584354937076569
    ],
    [
        0.7132014632225037,
        -0.0957489088177681,
        0.694388747215271,
        0.27950024604797363,
        0.07777094841003418,
        0.9953194856643677,
        0.05736614391207695,
        -0.2776232659816742,
        -0.6966313719749451,
        0.01308964192867279,
        0.717309832572937,
        0.10599975287914276
    ],
    [
        0.7019186019897461,
        -0.09736999869346619,
        0.7055702209472656,
        0.2676236629486084,
        0.0793033167719841,
        0.9951361417770386,
        0.05843774974346161,
        -0.2655048072338104,
        -0.7078285217285156,
        0.01493550930172205,
        0.7062264680862427,
        0.09654577076435089
    ],
    [
        0.6831595301628113,
        -0.10067776590585709,
        0.7232959866523743,
        0.24938830733299255,
        0.08215366303920746,
        0.9947591423988342,
        0.06086866557598114,
        -0.2521003186702728,
        -0.7256333827972412,
        0.017838401719927788,
        0.6878502368927002,
        0.08369877189397812
    ],
    [
        0.6649983525276184,
        -0.10320486128330231,
        0.7396796941757202,
        0.23342140018939972,
        0.08412879705429077,
        0.9944539070129395,
        0.06311780959367752,
        -0.24495911598205566,
        -0.7420913577079773,
        0.02025512047111988,
        0.6699926853179932,
        0.07394948601722717
    ],
    [
        0.6446056962013245,
        -0.10583288222551346,
        0.7571545839309692,
        0.21805989742279053,
        0.08581385016441345,
        0.994129478931427,
        0.06589870154857635,
        -0.2374851405620575,
        -0.7596838474273682,
        0.022495662793517113,
        0.649903416633606,
        0.06456808745861053
    ],
    [
        0.6217887997627258,
        -0.10845362395048141,
        0.7756392955780029,
        0.19982172548770905,
        0.08766459673643112,
        0.9937796592712402,
        0.06867901235818863,
        -0.2300529181957245,
        -0.77826327085495,
        0.025292284786701202,
        0.6274286508560181,
        0.05675692856311798
    ],
    [
        0.598972737789154,
        -0.11114046722650528,
        0.7930192351341248,
        0.1792285442352295,
        0.09000898152589798,
        0.993389904499054,
        0.07123774290084839,
        -0.22451244294643402,
        -0.7956947088241577,
        0.02870938740670681,
        0.6050171852111816,
        0.04877370968461037
    ],
    [
        0.5762180685997009,
        -0.11363442987203598,
        0.809357762336731,
        0.15959709882736206,
        0.09194602817296982,
        0.9930136203765869,
        0.07395932823419571,
        -0.21953949332237244,
        -0.8121076226234436,
        0.0318005234003067,
        0.5826405882835388,
        0.03971312940120697
    ],
    [
        0.5523927807807922,
        -0.11586941033601761,
        0.825491726398468,
        0.1399824619293213,
        0.09389065951108932,
        0.992638885974884,
        0.0765022486448288,
        -0.21505941450595856,
        -0.828279435634613,
        0.03524667024612427,
        0.5592055320739746,
        0.030749255791306496
    ],
    [
        0.5277087092399597,
        -0.11813866347074509,
        0.8411698937416077,
        0.11963772028684616,
        0.09537297487258911,
        0.9922598004341125,
        0.07952626794576645,
        -0.21191853284835815,
        -0.8440542817115784,
        0.03825817257165909,
        0.5348913669586182,
        0.02115224488079548
    ],
    [
        0.4955593943595886,
        -0.1206660270690918,
        0.8601515293121338,
        0.09465870261192322,
        0.09674766659736633,
        0.9918088912963867,
        0.08339627087116241,
        -0.2066158503293991,
        -0.8631690740585327,
        0.04188985005021095,
        0.503174364566803,
        0.011014498770236969
    ],
    [
        0.469957172870636,
        -0.122775599360466,
        0.8741089701652527,
        0.0777997374534607,
        0.09792644530534744,
        0.9914183616638184,
        0.0866033285856247,
        -0.19931282103061676,
        -0.8772404193878174,
        0.04489852115511894,
        0.4779471755027771,
        0.0053034150041639805
    ],
    [
        0.44192245602607727,
        -0.12515419721603394,
        0.8882797360420227,
        0.06198781356215477,
        0.09926854074001312,
        0.9909608364105225,
        0.09023498743772507,
        -0.19016262888908386,
        -0.8915438055992126,
        0.04830136522650719,
        0.4503517746925354,
        0.001144035835750401
    ],
    [
        0.4117956757545471,
        -0.1278630793094635,
        0.9022612571716309,
        0.04588302969932556,
        0.10063749551773071,
        0.9904320240020752,
        0.09442677348852158,
        -0.18183717131614685,
        -0.9057021737098694,
        0.05191677808761597,
        0.42072343826293945,
        0.002021954394876957
    ],
    [
        0.3800550103187561,
        -0.13039039075374603,
        0.9157273173332214,
        0.029338432475924492,
        0.10169561952352524,
        0.9899027347564697,
        0.09874539822340012,
        -0.17624524235725403,
        -0.9193563461303711,
        0.05559677630662918,
        0.38947761058807373,
        0.00769580714404583
    ],
    [
        0.3448653519153595,
        -0.132883682847023,
        0.9291985034942627,
        0.014772316440939903,
        0.10302364081144333,
        0.9893063306808472,
        0.1032431572675705,
        -0.17023088037967682,
        -0.9329812526702881,
        0.06012441962957382,
        0.3548676073551178,
        0.01509381178766489
    ],
    [
        0.3044890761375427,
        -0.1353425532579422,
        0.9428513646125793,
        -0.0011932333000004292,
        0.10378860682249069,
        0.9886743426322937,
        0.10840225219726562,
        -0.1682131439447403,
        -0.9468443989753723,
        0.06484992802143097,
        0.31508755683898926,
        0.023048801347613335
    ],
    [
        0.2580704689025879,
        -0.13744381070137024,
        0.9562995433807373,
        -0.01913825049996376,
        0.10462237894535065,
        0.987983763217926,
        0.11376385390758514,
        -0.1645652949810028,
        -0.9604446291923523,
        0.07069123536348343,
        0.2693491578102112,
        0.03414667397737503
    ],
    [
        0.19269606471061707,
        -0.1398676335811615,
        0.9712391495704651,
        -0.047063589096069336,
        0.10578157007694244,
        0.986981987953186,
        0.12114746868610382,
        -0.1612355262041092,
        -0.9755401015281677,
        0.07939454168081284,
        0.20498298108577728,
        0.044190578162670135
    ]
]