[
    [
        0.9913266897201538,
        0.02810642309486866,
        -0.1283797025680542,
        0.029526447877287865,
        -0.027828063815832138,
        0.9996048808097839,
        0.003961789887398481,
        -0.04435746744275093,
        0.12844032049179077,
        -0.00035486966953612864,
        0.9917171597480774,
        0.33919888734817505
    ],
    [
        0.989290714263916,
        0.031226780265569687,
        -0.14257881045341492,
        0.03153224289417267,
        -0.030948296189308167,
        0.9995123147964478,
        0.004170968662947416,
        -0.04571620002388954,
        0.14263950288295746,
        0.0002862697292584926,
        0.9897745847702026,
        0.3691179156303406
    ],
    [
        0.9858065247535706,
        0.03548493608832359,
        -0.1640925407409668,
        0.03391771763563156,
        -0.0351937897503376,
        0.9993695616722107,
        0.004682089202105999,
        -0.04843232035636902,
        0.16415522992610931,
        0.0011594038223847747,
        0.9864338636398315,
        0.41033974289894104
    ],
    [
        0.9818735122680664,
        0.04006342589855194,
        -0.18525511026382446,
        0.03176695108413696,
        -0.03966303914785385,
        0.99919593334198,
        0.005868248175829649,
        -0.052286647260189056,
        0.1853412538766861,
        0.0015859039267525077,
        0.982672929763794,
        0.4492848515510559
    ],
    [
        0.97719806432724,
        0.04430070146918297,
        -0.2076566517353058,
        0.030619245022535324,
        -0.043732672929763794,
        0.9990164041519165,
        0.007327688857913017,
        -0.056262023746967316,
        0.2077770084142685,
        0.0019207766745239496,
        0.9781743288040161,
        0.48594626784324646
    ],
    [
        0.9737626314163208,
        0.047174450010061264,
        -0.22262269258499146,
        0.029116103425621986,
        -0.046457722783088684,
        0.9988844990730286,
        0.00845838151872158,
        -0.05932851880788803,
        0.22277335822582245,
        0.0021060865838080645,
        0.9748679399490356,
        0.5097078084945679
    ],
    [
        0.9685944318771362,
        0.05127207934856415,
        -0.2433021068572998,
        0.02579609490931034,
        -0.050379686057567596,
        0.9986811876296997,
        0.009892961010336876,
        -0.06345958262681961,
        0.24348847568035126,
        0.0026752157136797905,
        0.9699001312255859,
        0.5379819273948669
    ],
    [
        0.9629177451133728,
        0.055525023490190506,
        -0.2640193998813629,
        0.023254839703440666,
        -0.054425712674856186,
        0.9984517097473145,
        0.011482374742627144,
        -0.06719806045293808,
        0.26424822211265564,
        0.0033128620125353336,
        0.9644490480422974,
        0.5629967451095581
    ],
    [
        0.9569938778877258,
        0.059778954833745956,
        -0.28388240933418274,
        0.01656584069132805,
        -0.05849462375044823,
        0.998202919960022,
        0.013007295317947865,
        -0.07080823183059692,
        0.2841498553752899,
        0.004157691262662411,
        0.9587708115577698,
        0.5919710993766785
    ],
    [
        0.952691912651062,
        0.06264730542898178,
        -0.29741087555885315,
        0.010380079969763756,
        -0.06121312826871872,
        0.9980244636535645,
        0.014143044129014015,
        -0.07345055043697357,
        0.2977093756198883,
        0.004731483291834593,
        0.9546447992324829,
        0.6149142980575562
    ],
    [
        0.9463308453559875,
        0.06703425198793411,
        -0.31617140769958496,
        0.001821388490498066,
        -0.0657719075679779,
        0.9977267980575562,
        0.01467521395534277,
        -0.07525810599327087,
        0.31643638014793396,
        0.006907586939632893,
        0.9485886096954346,
        0.6426751017570496
    ],
    [
        0.9391329288482666,
        0.07165350019931793,
        -0.33599844574928284,
        -0.0075249746441841125,
        -0.07003481686115265,
        0.9974005818367004,
        0.016950130462646484,
        -0.08037783950567245,
        0.33633953332901,
        0.007613164838403463,
        0.9417100548744202,
        0.6722339391708374
    ],
    [
        0.9317107200622559,
        0.07624804228544235,
        -0.3551073968410492,
        -0.019126832485198975,
        -0.07461961358785629,
        0.997044026851654,
        0.018300829455256462,
        -0.0832633301615715,
        0.35545313358306885,
        0.00944689940661192,
        0.9346463680267334,
        0.7018876671791077
    ],
    [
        0.9267475605010986,
        0.07906439155340195,
        -0.36727094650268555,
        -0.026927242055535316,
        -0.07745654135942459,
        0.9968119859695435,
        0.01914028637111187,
        -0.08520601689815521,
        0.36761337518692017,
        0.010709326714277267,
        0.9299169778823853,
        0.719666063785553
    ],
    [
        0.9189534783363342,
        0.08271732926368713,
        -0.3855934739112854,
        -0.0370200090110302,
        -0.08102499693632126,
        0.9964978098869324,
        0.020667938515543938,
        -0.08872155845165253,
        0.3859526813030243,
        0.012249837629497051,
        0.9224371910095215,
        0.745009183883667
    ],
    [
        0.9110152125358582,
        0.08655420690774918,
        -0.40318697690963745,
        -0.04622696712613106,
        -0.08530222624540329,
        0.9961316585540771,
        0.02110128477215767,
        -0.09041138738393784,
        0.4034537374973297,
        0.015169154852628708,
        0.9148743152618408,
        0.7668783068656921
    ],
    [
        0.9030389189720154,
        0.08990705013275146,
        -0.42004451155662537,
        -0.05494800955057144,
        -0.08938374370336533,
        0.995776355266571,
        0.02097472734749317,
        -0.09016914665699005,
        0.4201561510562897,
        0.018604150041937828,
        0.9072610139846802,
        0.7858524322509766
    ],
    [
        0.8974758982658386,
        0.09228018671274185,
        -0.43130192160606384,
        -0.059975236654281616,
        -0.0921531617641449,
        0.9955182075500488,
        0.021241195499897003,
        -0.0905388817191124,
        0.43132907152175903,
        0.02068237215280533,
        0.901957631111145,
        0.7974621057510376
    ],
    [
        0.8886660933494568,
        0.09512654691934586,
        -0.4485795497894287,
        -0.0662982389330864,
        -0.09576214104890823,
        0.9951757192611694,
        0.02132747322320938,
        -0.09027952700853348,
        0.44844430685043335,
        0.02400393597781658,
        0.8934884071350098,
        0.8162292838096619
    ],
    [
        0.8793056607246399,
        0.09811942279338837,
        -0.46604108810424805,
        -0.07136918604373932,
        -0.09947878867387772,
        0.9948018789291382,
        0.021751582622528076,
        -0.09027784317731857,
        0.4657527804374695,
        0.027234917506575584,
        0.8844956159591675,
        0.8348719477653503
    ],
    [
        0.8697683811187744,
        0.10087597370147705,
        -0.4830392897129059,
        -0.0763668566942215,
        -0.10313642024993896,
        0.9944247007369995,
        0.021962517872452736,
        -0.0892794132232666,
        0.4825616776943207,
        0.030716639012098312,
        0.8753232955932617,
        0.8525018095970154
    ],
    [
        0.8632723093032837,
        0.1022648736834526,
        -0.4942699670791626,
        -0.07873107492923737,
        -0.10519815981388092,
        0.9942086338996887,
        0.02196766622364521,
        -0.08764000982046127,
        0.4936539828777313,
        0.033032216131687164,
        0.8690308332443237,
        0.8626844882965088
    ],
    [
        0.8533990979194641,
        0.1036326140165329,
        -0.5108524560928345,
        -0.08193372935056686,
        -0.107772596180439,
        0.993941068649292,
        0.02159462869167328,
        -0.08481544256210327,
        0.5099951028823853,
        0.036627061665058136,
        0.8593971133232117,
        0.8768848776817322
    ],
    [
        0.8435128331184387,
        0.10477101802825928,
        -0.5267913341522217,
        -0.08288167417049408,
        -0.11055167019367218,
        0.9936568140983582,
        0.020605264231562614,
        -0.08074817806482315,
        0.5256086587905884,
        0.04085686057806015,
        0.8497449159622192,
        0.88823401927948
    ],
    [
        0.8340646624565125,
        0.10551025718450546,
        -0.5414828062057495,
        -0.0845894142985344,
        -0.11298692226409912,
        0.9934044480323792,
        0.019531473517417908,
        -0.07637574523687363,
        0.5399722456932068,
        0.04488996043801308,
        0.8404849767684937,
        0.8973906636238098
    ]
]