[
    [
        0.9999983906745911,
        -0.000786180084105581,
        0.001639923662878573,
        -0.013608744367957115,
        0.0007890451815910637,
        0.9999982714653015,
        -0.0017471531173214316,
        -0.05232861638069153,
        -0.0016385475173592567,
        0.0017484442796558142,
        0.9999971389770508,
        -0.11877487599849701
    ],
    [
        0.9999984502792358,
        -0.0005738664185628295,
        0.001685888972133398,
        -0.014446337707340717,
        0.0005769467679783702,
        0.9999982118606567,
        -0.001827432308346033,
        -0.05607175454497337,
        -0.0016848372761160135,
        0.001828401698730886,
        0.9999969005584717,
        -0.12665069103240967
    ],
    [
        0.9999986886978149,
        -0.0002765862154774368,
        0.0016052277060225606,
        -0.015821753069758415,
        0.000279958825558424,
        0.9999978542327881,
        -0.0021013086661696434,
        -0.061502378433942795,
        -0.0016046433011069894,
        0.002101755701005459,
        0.999996542930603,
        -0.13867221772670746
    ],
    [
        0.9999985098838806,
        -0.0006150995031930506,
        0.0016766118351370096,
        -0.01708466187119484,
        0.0006192157161422074,
        0.9999968409538269,
        -0.002455315785482526,
        -0.06691786646842957,
        -0.0016750964568927884,
        0.0024563493207097054,
        0.9999955892562866,
        -0.15082861483097076
    ],
    [
        0.9999986886978149,
        -0.000420018273871392,
        0.00155834446195513,
        -0.018195543438196182,
        0.00042431469773873687,
        0.9999960660934448,
        -0.002757916459813714,
        -0.07195041328668594,
        -0.0015571806579828262,
        0.002758573740720749,
        0.9999949932098389,
        -0.16269029676914215
    ],
    [
        0.9999987483024597,
        -0.00048351610894314945,
        0.0015207757242023945,
        -0.01936904899775982,
        0.00048794594476930797,
        0.9999957084655762,
        -0.0029139388352632523,
        -0.07767240703105927,
        -0.0015193604631349444,
        0.002914677606895566,
        0.9999946355819702,
        -0.1751360446214676
    ],
    [
        0.9999985098838806,
        -0.0004870430857408792,
        0.001633751904591918,
        -0.020799832418560982,
        0.0004921499057672918,
        0.9999949932098389,
        -0.0031269441824406385,
        -0.08373607695102692,
        -0.0016322205774486065,
        0.003127743024379015,
        0.9999936819076538,
        -0.1878037452697754
    ],
    [
        0.9999983310699463,
        -0.0005909614847041667,
        0.0017332424176856875,
        -0.022154364734888077,
        0.000596856523770839,
        0.9999940395355225,
        -0.0034028904046863317,
        -0.08892098069190979,
        -0.0017312216805294156,
        0.003403918817639351,
        0.9999927282333374,
        -0.19975072145462036
    ],
    [
        0.9999986886978149,
        -0.0005251795519143343,
        0.001566179795190692,
        -0.023124804720282555,
        0.0005305545055307448,
        0.9999939203262329,
        -0.0034337674733251333,
        -0.09479108452796936,
        -0.0015643673250451684,
        0.003434593789279461,
        0.999992847442627,
        -0.21222759783267975
    ],
    [
        0.9999985694885254,
        -0.00039773143362253904,
        0.001666714670136571,
        -0.024374477565288544,
        0.00040391061338596046,
        0.9999930262565613,
        -0.003708355128765106,
        -0.10035437345504761,
        -0.0016652275808155537,
        0.003709022654220462,
        0.999991774559021,
        -0.22462128102779388
    ],
    [
        0.9999982714653015,
        -0.00022728423937223852,
        0.0018239928176626563,
        -0.026043862104415894,
        0.00023445476836059242,
        0.999992311000824,
        -0.0039321077056229115,
        -0.10576042532920837,
        -0.0018230840796604753,
        0.003932528663426638,
        0.9999905824661255,
        -0.2365453541278839
    ],
    [
        0.9999982714653015,
        -0.00044279181747697294,
        0.0018644947558641434,
        -0.026943542063236237,
        0.00045054531074129045,
        0.9999912977218628,
        -0.004160539712756872,
        -0.1111762598156929,
        -0.0018626366509124637,
        0.004161372780799866,
        0.9999896287918091,
        -0.24843479692935944
    ],
    [
        0.9999980330467224,
        -0.00026137844542972744,
        0.002017929684370756,
        -0.0284670852124691,
        0.0002696715819183737,
        0.9999915957450867,
        -0.0041102753020823,
        -0.1170322522521019,
        -0.002016838639974594,
        0.004110810812562704,
        0.9999895095825195,
        -0.26067861914634705
    ],
    [
        0.9999977350234985,
        -0.0004136744246352464,
        0.002111805137246847,
        -0.0293396208435297,
        0.00042300461791455746,
        0.9999901056289673,
        -0.004419295117259026,
        -0.12052246183156967,
        -0.002109955996274948,
        0.004420178011059761,
        0.9999879598617554,
        -0.26941898465156555
    ],
    [
        0.9999973177909851,
        -0.0005724221118725836,
        0.002222854644060135,
        -0.030553005635738373,
        0.0005825348780490458,
        0.9999895095825195,
        -0.004551529884338379,
        -0.12672127783298492,
        -0.0022202262189239264,
        0.004552812781184912,
        0.9999871253967285,
        -0.2826487123966217
    ],
    [
        0.9999974966049194,
        -0.0005920925177633762,
        0.0021892793010920286,
        -0.03184980899095535,
        0.0006028696661815047,
        0.999987781047821,
        -0.004925064742565155,
        -0.1321469247341156,
        -0.0021863360889256,
        0.004926372319459915,
        0.9999854564666748,
        -0.2956383526325226
    ],
    [
        0.999997615814209,
        -0.00045134307583794,
        0.0021541921887546778,
        -0.033318616449832916,
        0.0004623990098480135,
        0.9999867677688599,
        -0.005134583450853825,
        -0.1375364065170288,
        -0.0021518461871892214,
        0.0051355669274926186,
        0.9999845027923584,
        -0.3075920045375824
    ],
    [
        0.999997615814209,
        -0.00033913212246261537,
        0.002180722774937749,
        -0.03441660851240158,
        0.0003509939124342054,
        0.9999851584434509,
        -0.005441352725028992,
        -0.14262248575687408,
        -0.002178845228627324,
        0.005442105699330568,
        0.9999828338623047,
        -0.3189335763454437
    ],
    [
        0.9999972581863403,
        -0.0005071586929261684,
        0.002280597807839513,
        -0.03546999394893646,
        0.0005198564031161368,
        0.9999844431877136,
        -0.005570414941757917,
        -0.14769281446933746,
        -0.002277737483382225,
        0.0055715846829116344,
        0.9999818801879883,
        -0.3300281763076782
    ],
    [
        0.9999967813491821,
        -0.0007577305077575147,
        0.002443430246785283,
        -0.03654467687010765,
        0.0007720455178059638,
        0.9999825358390808,
        -0.00586275989189744,
        -0.15271662175655365,
        -0.0024389452300965786,
        0.005864626262336969,
        0.9999798536300659,
        -0.34130269289016724
    ],
    [
        0.999997079372406,
        -0.00036164186894893646,
        0.0024065393954515457,
        -0.0379646010696888,
        0.00037651718594133854,
        0.9999808073043823,
        -0.0061835628002882,
        -0.15750238299369812,
        -0.0024042564909905195,
        0.006184451747685671,
        0.9999779462814331,
        -0.3526265621185303
    ],
    [
        0.999996542930603,
        -0.0004680319398175925,
        0.002591625554487109,
        -0.039383336901664734,
        0.00048504205187782645,
        0.9999783039093018,
        -0.0065667289309203625,
        -0.16239923238754272,
        -0.0025884953793138266,
        0.006567963398993015,
        0.9999750852584839,
        -0.36403581500053406
    ],
    [
        0.9999961853027344,
        -0.0008136780234053731,
        0.0026380366180092096,
        -0.040459852665662766,
        0.0008318150648847222,
        0.9999759793281555,
        -0.006881398614495993,
        -0.16887031495571136,
        -0.002632374409586191,
        0.0068835667334496975,
        0.9999728202819824,
        -0.37862902879714966
    ],
    [
        0.9999963641166687,
        -0.0004883141373284161,
        0.0026671690866351128,
        -0.04200379177927971,
        0.0005069379694759846,
        0.9999755024909973,
        -0.006986452732235193,
        -0.17365778982639313,
        -0.002663691993802786,
        0.00698777986690402,
        0.9999719858169556,
        -0.389550119638443
    ],
    [
        0.9999962449073792,
        -0.0005751764983870089,
        0.002663986524567008,
        -0.0427745059132576,
        0.0005957205430604517,
        0.9999700784683228,
        -0.007717578671872616,
        -0.17707039415836334,
        -0.0026594679802656174,
        0.007719137705862522,
        0.9999666213989258,
        -0.3995899260044098
    ]
]