[
    [
        0.999944806098938,
        -0.0038044597022235394,
        0.009799816645681858,
        -0.0012398897670209408,
        0.0037261913530528545,
        0.9999610781669617,
        0.007992670871317387,
        -0.16668929159641266,
        -0.009829843416810036,
        -0.007955714128911495,
        0.999920129776001,
        0.019242186099290848
    ],
    [
        0.9999498128890991,
        -0.003974603954702616,
        0.009196965023875237,
        -0.0032346087973564863,
        0.0038987002335488796,
        0.999958336353302,
        0.008256332017481327,
        -0.19672882556915283,
        -0.009229397401213646,
        -0.008220060728490353,
        0.999923586845398,
        0.019003551453351974
    ],
    [
        0.999941349029541,
        -0.0041198027320206165,
        0.010016304440796375,
        -0.005413813050836325,
        0.004035688936710358,
        0.9999565482139587,
        0.008403556421399117,
        -0.22751912474632263,
        -0.010050489567220211,
        -0.00836264155805111,
        0.9999144077301025,
        0.018791723996400833
    ],
    [
        0.9999368190765381,
        -0.004295021761208773,
        0.010391706600785255,
        -0.008526523597538471,
        0.004205630626529455,
        0.9999541640281677,
        0.008608643896877766,
        -0.258609414100647,
        -0.010428204201161861,
        -0.00856439583003521,
        0.9999089241027832,
        0.017450910061597824
    ],
    [
        0.9999408721923828,
        -0.0045158034190535545,
        0.009898333810269833,
        -0.011633857153356075,
        0.004424592014402151,
        0.999947726726532,
        0.009217418730258942,
        -0.2896633446216583,
        -0.00993944052606821,
        -0.00917307659983635,
        0.9999085664749146,
        0.014463450759649277
    ],
    [
        0.9999374151229858,
        -0.004743075929582119,
        0.01013140007853508,
        -0.017035894095897675,
        0.004645403940230608,
        0.9999427795410156,
        0.009642270393669605,
        -0.32919222116470337,
        -0.010176554322242737,
        -0.009594603441655636,
        0.9999022483825684,
        0.008223815821111202
    ],
    [
        0.9999407529830933,
        -0.004744191654026508,
        0.009794841520488262,
        -0.020077235996723175,
        0.004643621388822794,
        0.999936580657959,
        0.010264996439218521,
        -0.35809946060180664,
        -0.009842919185757637,
        -0.010218906216323376,
        0.9998992681503296,
        0.0019635737407952547
    ],
    [
        0.9999432563781738,
        -0.00481173163279891,
        0.009504389949142933,
        -0.023330004885792732,
        0.0047146836295723915,
        0.9999368190765381,
        0.010206922888755798,
        -0.38700565695762634,
        -0.009552902542054653,
        -0.010161534883081913,
        0.9999027252197266,
        -0.006461643148213625
    ],
    [
        0.9999415874481201,
        -0.005015763454139233,
        0.009579977951943874,
        -0.024651341140270233,
        0.004917395766824484,
        0.9999353289604187,
        0.010264015756547451,
        -0.41468894481658936,
        -0.00963084027171135,
        -0.010216307826340199,
        0.9999014139175415,
        -0.01610408164560795
    ],
    [
        0.9999412298202515,
        -0.005346909165382385,
        0.009428759105503559,
        -0.02345322072505951,
        0.005245999898761511,
        0.9999290704727173,
        0.010694829747080803,
        -0.44073212146759033,
        -0.009485275484621525,
        -0.01064473856240511,
        0.9998983144760132,
        -0.02703269198536873
    ],
    [
        0.9999393820762634,
        -0.005811745300889015,
        0.00935563538223505,
        -0.020021338015794754,
        0.0057094213552773,
        0.9999240040779114,
        0.010926887392997742,
        -0.4722270667552948,
        -0.009418429806828499,
        -0.01087280921638012,
        0.9998965263366699,
        -0.04476505517959595
    ],
    [
        0.9999550580978394,
        -0.005883267614990473,
        0.007433063816279173,
        -0.017787136137485504,
        0.005800822749733925,
        0.9999219179153442,
        0.011065075173974037,
        -0.4929187595844269,
        -0.0074975816532969475,
        -0.011021459475159645,
        0.9999111890792847,
        -0.06049849092960358
    ],
    [
        0.9999760985374451,
        -0.005690984893590212,
        0.003940755967050791,
        -0.014604159630835056,
        0.005646949168294668,
        0.999922513961792,
        0.011096534319221973,
        -0.5118036270141602,
        -0.004003600217401981,
        -0.011074015870690346,
        0.9999306201934814,
        -0.07723985612392426
    ],
    [
        0.9999861717224121,
        -0.005232837051153183,
        -0.0005484821158461273,
        -0.011488710530102253,
        0.005238351412117481,
        0.999930202960968,
        0.010586017742753029,
        -0.5285062789916992,
        0.0004930488066747785,
        -0.010588743723928928,
        0.9999438524246216,
        -0.09474670141935349
    ],
    [
        0.9999717473983765,
        -0.004628864116966724,
        -0.005935211665928364,
        -0.008204515092074871,
        0.004691332578659058,
        0.9999333620071411,
        0.010554702952504158,
        -0.5431057214736938,
        0.0058859591372311115,
        -0.010582247748970985,
        0.9999266862869263,
        -0.11266174167394638
    ],
    [
        0.9998767971992493,
        -0.003225624794140458,
        -0.01536773331463337,
        -0.004120353609323502,
        0.0033838036470115185,
        0.9999415278434753,
        0.010278039611876011,
        -0.5583466291427612,
        0.015333681367337704,
        -0.010328774340450764,
        0.9998290538787842,
        -0.13859497010707855
    ],
    [
        0.9996764063835144,
        -0.0018878682749345899,
        -0.02536696381866932,
        -0.0012498870491981506,
        0.0021703194361180067,
        0.9999358654022217,
        0.011111666448414326,
        -0.5682134628295898,
        0.02534436248242855,
        -0.01116312574595213,
        0.9996165037155151,
        -0.16016525030136108
    ],
    [
        0.9992011785507202,
        7.62774288887158e-05,
        -0.03996017575263977,
        0.000807511038146913,
        0.00032006134279072285,
        0.9999508857727051,
        0.009911865927278996,
        -0.5752102136611938,
        0.03995896875858307,
        -0.009916741400957108,
        0.9991520643234253,
        -0.18317125737667084
    ],
    [
        0.9984400868415833,
        0.002093573333695531,
        -0.05579296872019768,
        0.002816976048052311,
        -0.0015575920697301626,
        0.9999521970748901,
        0.009648370556533337,
        -0.5797201991081238,
        0.05581049993634224,
        -0.009546416811645031,
        0.9983957409858704,
        -0.20763781666755676
    ],
    [
        0.9972338676452637,
        0.004630570765584707,
        -0.07418294250965118,
        0.004759096074849367,
        -0.003922242671251297,
        0.9999454021453857,
        0.009691216051578522,
        -0.5799047350883484,
        0.07422375679016113,
        -0.009373445063829422,
        0.9971976280212402,
        -0.23385104537010193
    ],
    [
        0.9944249391555786,
        0.009088111110031605,
        -0.105055071413517,
        0.010262970812618732,
        -0.008119266480207443,
        0.9999206066131592,
        0.00964625645428896,
        -0.5747689008712769,
        0.10513437539339066,
        -0.00873950682580471,
        0.9944196343421936,
        -0.26913630962371826
    ],
    [
        0.9913915991783142,
        0.012135493569076061,
        -0.13036668300628662,
        0.0147700859233737,
        -0.011231888085603714,
        0.9999074935913086,
        0.0076643298380076885,
        -0.5683727264404297,
        0.1304476261138916,
        -0.006134087685495615,
        0.9914361834526062,
        -0.2971341907978058
    ],
    [
        0.9870635867118835,
        0.016716409474611282,
        -0.15945547819137573,
        0.019484851509332657,
        -0.015411192551255226,
        0.9998368620872498,
        0.00941865611821413,
        -0.5590049028396606,
        0.15958693623542786,
        -0.006839412730187178,
        0.9871600866317749,
        -0.32521677017211914
    ],
    [
        0.9812170267105103,
        0.02130194753408432,
        -0.19172732532024384,
        0.021788496524095535,
        -0.019897934049367905,
        0.999759316444397,
        0.009245567955076694,
        -0.5532035231590271,
        0.19187812507152557,
        -0.005256931763142347,
        0.981404721736908,
        -0.3541194796562195
    ],
    [
        0.9704222083091736,
        0.02779342792928219,
        -0.2398088276386261,
        0.023864589631557465,
        -0.0266670323908329,
        0.9996128082275391,
        0.007941275835037231,
        -0.5456328392028809,
        0.2399366945028305,
        -0.0013114018365740776,
        0.9707876443862915,
        -0.38866040110588074
    ]
]