[
    [
        0.996847927570343,
        0.011057142168283463,
        -0.07856234163045883,
        0.1566268652677536,
        -0.010369952768087387,
        0.9999043345451355,
        0.009149682708084583,
        -0.03360159322619438,
        0.07865598797798157,
        -0.008306154049932957,
        0.9968671202659607,
        0.47978103160858154
    ],
    [
        0.9931893944740295,
        0.01712501235306263,
        -0.11524606496095657,
        0.22536176443099976,
        -0.01573747955262661,
        0.9997924566268921,
        0.012938919477164745,
        -0.0568276084959507,
        0.11544372886419296,
        -0.011037113144993782,
        0.993252694606781,
        0.6803016662597656
    ],
    [
        0.9888144135475159,
        0.02228337526321411,
        -0.1474766731262207,
        0.2682374119758606,
        -0.020295200869441032,
        0.9996819496154785,
        0.014972519129514694,
        -0.08067601174116135,
        0.14776340126991272,
        -0.01181197352707386,
        0.9889522194862366,
        0.887398898601532
    ],
    [
        0.9844536185264587,
        0.02876734361052513,
        -0.17327257990837097,
        0.28952986001968384,
        -0.025878099724650383,
        0.9994862675666809,
        0.018911084160208702,
        -0.10701339691877365,
        0.17372757196426392,
        -0.014133119024336338,
        0.9846923351287842,
        1.1265802383422852
    ],
    [
        0.9798758029937744,
        0.034265145659446716,
        -0.19664515554904938,
        0.311125248670578,
        -0.030441999435424805,
        0.9992848038673401,
        0.022432569414377213,
        -0.138854518532753,
        0.19727319478988647,
        -0.015994861721992493,
        0.9802181124687195,
        1.3564505577087402
    ],
    [
        0.9740391969680786,
        0.033153146505355835,
        -0.22393885254859924,
        0.34718722105026245,
        -0.02907733805477619,
        0.9993464350700378,
        0.021474681794643402,
        -0.15988150238990784,
        0.22450444102287292,
        -0.014405634254217148,
        0.9743665456771851,
        1.584006667137146
    ],
    [
        0.9680957794189453,
        0.034801121801137924,
        -0.24815185368061066,
        0.37435004115104675,
        -0.030388278886675835,
        0.9993049502372742,
        0.021592287346720695,
        -0.19217218458652496,
        0.24873080849647522,
        -0.013362497091293335,
        0.9684804677963257,
        1.8343816995620728
    ],
    [
        0.9630064964294434,
        0.03744039312005043,
        -0.2668648660182953,
        0.3820939362049103,
        -0.03304341435432434,
        0.9992343187332153,
        0.02094958908855915,
        -0.22166669368743896,
        0.267444908618927,
        -0.011356466449797153,
        0.963506281375885,
        2.076895236968994
    ],
    [
        0.9575082063674927,
        0.04119449853897095,
        -0.2854490280151367,
        0.3793407380580902,
        -0.03634604811668396,
        0.9990911483764648,
        0.022264640778303146,
        -0.2663719654083252,
        0.2861067056655884,
        -0.01094363909214735,
        0.9581353068351746,
        2.3494210243225098
    ],
    [
        0.9502133131027222,
        0.04608713835477829,
        -0.30817317962646484,
        0.38464733958244324,
        -0.04159599170088768,
        0.9989110827445984,
        0.021130578592419624,
        -0.29852041602134705,
        0.3088111877441406,
        -0.0072597963735461235,
        0.9510955810546875,
        2.5810909271240234
    ],
    [
        0.9399333596229553,
        0.05085334554314613,
        -0.33754876255989075,
        0.3964085578918457,
        -0.0472831092774868,
        0.998704731464386,
        0.018795842304825783,
        -0.3238832354545593,
        0.33806735277175903,
        -0.001706485403701663,
        0.9411203265190125,
        2.7829301357269287
    ],
    [
        0.9269509315490723,
        0.05682962387800217,
        -0.3708534240722656,
        0.3991548418998718,
        -0.053896039724349976,
        0.9983792901039124,
        0.018278157338500023,
        -0.3538500666618347,
        0.3712911009788513,
        0.003044598735868931,
        0.9285114407539368,
        2.963893175125122
    ],
    [
        0.9101182818412781,
        0.062266070395708084,
        -0.4096432030200958,
        0.4040628671646118,
        -0.06055060401558876,
        0.9980173707008362,
        0.017172010615468025,
        -0.37679070234298706,
        0.4099002778530121,
        0.009175584651529789,
        0.91208416223526,
        3.1414058208465576
    ],
    [
        0.8895376324653625,
        0.06976543366909027,
        -0.45150384306907654,
        0.401407927274704,
        -0.06781678646802902,
        0.9974867701530457,
        0.020519277080893517,
        -0.4139012396335602,
        0.45180046558380127,
        0.01236686110496521,
        0.8920333385467529,
        3.3665611743927
    ],
    [
        0.8601666688919067,
        0.07813981920480728,
        -0.5039913058280945,
        0.4142134189605713,
        -0.07723990827798843,
        0.9967538118362427,
        0.022712599486112595,
        -0.4400555491447449,
        0.5041300654411316,
        0.019391629844903946,
        0.8634099960327148,
        3.593322992324829
    ],
    [
        0.8208041191101074,
        0.08645984530448914,
        -0.5646284222602844,
        0.44823911786079407,
        -0.0872115045785904,
        0.9958578944206238,
        0.02571275644004345,
        -0.462634801864624,
        0.5645128488540649,
        0.0281369611620903,
        0.8249446153640747,
        3.7930727005004883
    ],
    [
        0.7757425904273987,
        0.09450270235538483,
        -0.6239331960678101,
        0.4508379101753235,
        -0.09670060873031616,
        0.9948474168777466,
        0.030453594401478767,
        -0.4875856339931488,
        0.6235963702201843,
        0.03671056777238846,
        0.7808840274810791,
        3.9921979904174805
    ],
    [
        0.7340691089630127,
        0.10141623020172119,
        -0.6714591383934021,
        0.43027976155281067,
        -0.1036372035741806,
        0.9939334392547607,
        0.03682147338986397,
        -0.5105085372924805,
        0.6711198687553406,
        0.04255865514278412,
        0.7401261329650879,
        4.1661295890808105
    ],
    [
        0.6858934760093689,
        0.10921210050582886,
        -0.7194600105285645,
        0.3935147821903229,
        -0.1107964888215065,
        0.9928200840950012,
        0.04508018121123314,
        -0.538469672203064,
        0.7192177176475525,
        0.04879345744848251,
        0.6930691599845886,
        4.345377445220947
    ],
    [
        0.6312622427940369,
        0.11481416970491409,
        -0.7670238614082336,
        0.3529973030090332,
        -0.11718009412288666,
        0.9917477369308472,
        0.05201315879821777,
        -0.5586597323417664,
        0.766666054725647,
        0.05704599246382713,
        0.6395068168640137,
        4.527929306030273
    ],
    [
        0.5713276863098145,
        0.1202850490808487,
        -0.8118596076965332,
        0.31437966227531433,
        -0.12096872180700302,
        0.9907394647598267,
        0.06165890023112297,
        -0.5898860692977905,
        0.8117581009864807,
        0.06298219412565231,
        0.58058762550354,
        4.707674503326416
    ],
    [
        0.5132595896720886,
        0.12426389753818512,
        -0.8491895794868469,
        0.256763219833374,
        -0.12398213148117065,
        0.9898189902305603,
        0.0699063315987587,
        -0.6075730323791504,
        0.8492308259010315,
        0.0694042444229126,
        0.5234405994415283,
        4.859347820281982
    ],
    [
        0.4557968080043793,
        0.12794098258018494,
        -0.8808407783508301,
        0.19065867364406586,
        -0.12732653319835663,
        0.9888097643852234,
        0.07773741334676743,
        -0.6222968101501465,
        0.8809298276901245,
        0.0767219215631485,
        0.46698662638664246,
        4.995463848114014
    ],
    [
        0.39253711700439453,
        0.13170695304870605,
        -0.9102569818496704,
        0.11735258251428604,
        -0.12832748889923096,
        0.987855851650238,
        0.08759523183107376,
        -0.64163738489151,
        0.9107397198677063,
        0.08242660015821457,
        0.40467172861099243,
        5.129130840301514
    ],
    [
        0.31553491950035095,
        0.13527868688106537,
        -0.9392216205596924,
        0.018802110105752945,
        -0.13596674799919128,
        0.9860180616378784,
        0.09634038060903549,
        -0.6603282690048218,
        0.9391223192214966,
        0.09730416536331177,
        0.3295165002346039,
        5.263377666473389
    ]
]