[
    [
        0.9998692274093628,
        0.0012463964521884918,
        -0.016123004257678986,
        0.022367872297763824,
        -0.0013863005442544818,
        0.9999614953994751,
        -0.00866906251758337,
        0.011867905035614967,
        0.016111576929688454,
        0.00869028177112341,
        0.9998323917388916,
        -0.062371183186769485
    ],
    [
        0.999868631362915,
        0.0012191451387479901,
        -0.01616615243256092,
        0.02245447225868702,
        -0.001360287074930966,
        0.9999610185623169,
        -0.008722583763301373,
        0.011969451792538166,
        0.01615489087998867,
        0.008743426762521267,
        0.9998311996459961,
        -0.06607591360807419
    ],
    [
        0.9998676776885986,
        0.0012566338991746306,
        -0.016218706965446472,
        0.02264322154223919,
        -0.0013985993573442101,
        0.9999608993530273,
        -0.008744874969124794,
        0.012061688117682934,
        0.016207082197070122,
        0.008766400627791882,
        0.9998302459716797,
        -0.07169225066900253
    ],
    [
        0.999866247177124,
        0.0012530554085969925,
        -0.01630976051092148,
        0.022851968184113503,
        -0.001396407838910818,
        0.9999604821205139,
        -0.00878090225160122,
        0.012172411195933819,
        0.016298111528158188,
        0.00880250334739685,
        0.9998283386230469,
        -0.07727908343076706
    ],
    [
        0.9998655319213867,
        0.0012345854192972183,
        -0.01635064370930195,
        0.02294689416885376,
        -0.0013791454257443547,
        0.9999600648880005,
        -0.008832893334329128,
        0.012276474386453629,
        0.016339082270860672,
        0.008854255080223083,
        0.9998273253440857,
        -0.08102713525295258
    ],
    [
        0.9998633861541748,
        0.0012669266434386373,
        -0.016484469175338745,
        0.02321336418390274,
        -0.0014121374115347862,
        0.9999602437019348,
        -0.008800328709185123,
        0.01226136740297079,
        0.01647266559302807,
        0.008822404779493809,
        0.9998254179954529,
        -0.0866389274597168
    ],
    [
        0.9998622536659241,
        0.0012370840413495898,
        -0.016548974439501762,
        0.023413512855768204,
        -0.0013839107705280185,
        0.9999597072601318,
        -0.00886375643312931,
        0.012381582520902157,
        0.016537342220544815,
        0.008885438553988934,
        0.9998237490653992,
        -0.09222874790430069
    ],
    [
        0.9998616576194763,
        0.0012603342765942216,
        -0.016586944460868835,
        0.023501131683588028,
        -0.0014078418025746942,
        0.9999595880508423,
        -0.008884279988706112,
        0.012449214234948158,
        0.016575075685977936,
        0.008906402625143528,
        0.9998229146003723,
        -0.09592355042695999
    ],
    [
        0.9998614192008972,
        0.001226332038640976,
        -0.016602898016572,
        0.02361776866018772,
        -0.001376046217046678,
        0.9999585747718811,
        -0.00900893285870552,
        0.012647734023630619,
        0.016591161489486694,
        0.009030529297888279,
        0.9998214840888977,
        -0.10155118256807327
    ],
    [
        0.9998596906661987,
        0.0012490209192037582,
        -0.01670636236667633,
        0.023862265050411224,
        -0.0013991844607517123,
        0.9999587535858154,
        -0.008979720994830132,
        0.012656769715249538,
        0.016694456338882446,
        0.009001837112009525,
        0.9998201727867126,
        -0.10715258121490479
    ],
    [
        0.9998588562011719,
        0.0012610848061740398,
        -0.016753293573856354,
        0.023947056382894516,
        -0.0014124381123110652,
        0.9999582767486572,
        -0.009025471284985542,
        0.012734164483845234,
        0.016741206869482994,
        0.009047861211001873,
        0.9998189806938171,
        -0.11089073866605759
    ],
    [
        0.9998576641082764,
        0.0012438135454431176,
        -0.016825392842292786,
        0.02414930798113346,
        -0.0013961094664409757,
        0.9999581575393677,
        -0.009042809717357159,
        0.01280858926475048,
        0.01681344024837017,
        0.009065012447535992,
        0.9998175501823425,
        -0.11650892347097397
    ],
    [
        0.9998556971549988,
        0.0012397879036143422,
        -0.016938967630267143,
        0.024413099512457848,
        -0.001393594080582261,
        0.9999579191207886,
        -0.009071234613656998,
        0.012910868972539902,
        0.01692700758576393,
        0.009093532338738441,
        0.9998154044151306,
        -0.12206389009952545
    ],
    [
        0.9998548030853271,
        0.0012634446611627936,
        -0.016991911455988884,
        0.024565132334828377,
        -0.0014182244194671512,
        0.9999576210975647,
        -0.009100102819502354,
        0.012968827970325947,
        0.01697969250380993,
        0.009122880175709724,
        0.9998142123222351,
        -0.1258469671010971
    ],
    [
        0.9998536705970764,
        0.0012776203220710158,
        -0.017056822776794434,
        0.024692878127098083,
        -0.0014338174369186163,
        0.9999570846557617,
        -0.009148338809609413,
        0.013113000430166721,
        0.01704440265893936,
        0.009171457961201668,
        0.999812662601471,
        -0.13140040636062622
    ],
    [
        0.9998522400856018,
        0.001290283864364028,
        -0.01714221201837063,
        0.02494128979742527,
        -0.0014475443167611957,
        0.9999570250511169,
        -0.00916462391614914,
        0.013189004734158516,
        0.017129646614193916,
        0.009188083000481129,
        0.9998109936714172,
        -0.13701629638671875
    ],
    [
        0.9998514652252197,
        0.0012930992525070906,
        -0.01719014346599579,
        0.025071753188967705,
        -0.0014510450419038534,
        0.9999569058418274,
        -0.009178878739476204,
        0.013253515586256981,
        0.017177531495690346,
        0.009202457964420319,
        0.9998101592063904,
        -0.14073212444782257
    ],
    [
        0.999849796295166,
        0.0012534444686025381,
        -0.017288459464907646,
        0.025280723348259926,
        -0.0014159418642520905,
        0.9999549984931946,
        -0.00939016044139862,
        0.0135914022102952,
        0.017275908961892128,
        0.00941323023289442,
        0.9998064637184143,
        -0.1463036686182022
    ],
    [
        0.999849796295166,
        0.0012696965131908655,
        -0.0172851774841547,
        0.025353223085403442,
        -0.0014328423421829939,
        0.9999544620513916,
        -0.009429351426661015,
        0.013694265857338905,
        0.01727241463959217,
        0.0094527006149292,
        0.9998061060905457,
        -0.151988223195076
    ],
    [
        0.9998487234115601,
        0.0012698413338512182,
        -0.017347795888781548,
        0.02550172060728073,
        -0.0014331204583868384,
        0.9999547600746155,
        -0.009402935393154621,
        0.013663126155734062,
        0.017335068434476852,
        0.009426373988389969,
        0.9998052716255188,
        -0.15572591125965118
    ],
    [
        0.999847948551178,
        0.0012490927474573255,
        -0.017398254945874214,
        0.025653690099716187,
        -0.0014118073740974069,
        0.9999553561210632,
        -0.009343253448605537,
        0.013623518869280815,
        0.017385808750987053,
        0.009366394020617008,
        0.9998050332069397,
        -0.16123156249523163
    ],
    [
        0.9998460412025452,
        0.0012495189439505339,
        -0.017499009147286415,
        0.025900909677147865,
        -0.00141516316216439,
        0.999954342842102,
        -0.009456738829612732,
        0.013822891749441624,
        0.017486389726400375,
        0.009480047039687634,
        0.9998021721839905,
        -0.16639474034309387
    ],
    [
        0.9998456835746765,
        0.0012618013424798846,
        -0.017519429326057434,
        0.025982074439525604,
        -0.0014242347097024322,
        0.9999561905860901,
        -0.009262251667678356,
        0.013632220216095448,
        0.017506973817944527,
        0.00928577408194542,
        0.9998036026954651,
        -0.16958293318748474
    ],
    [
        0.999846339225769,
        0.0012311137979850173,
        -0.01748756691813469,
        0.02597213163971901,
        -0.0013910310808569193,
        0.9999573230743408,
        -0.00913540180772543,
        0.013492031954228878,
        0.01747557520866394,
        0.009158323518931866,
        0.9998053908348083,
        -0.17398500442504883
    ],
    [
        0.9998456835746765,
        0.0011764578521251678,
        -0.01752953790128231,
        0.02612268552184105,
        -0.001339101349003613,
        0.9999561905860901,
        -0.009269394911825657,
        0.013719881884753704,
        0.01751786284148693,
        0.009291436523199081,
        0.999803364276886,
        -0.17786329984664917
    ]
]