[
    [
        0.9997493624687195,
        0.017907120287418365,
        -0.0134412357583642,
        0.033364348113536835,
        -0.01800680346786976,
        0.9998109340667725,
        -0.007332401815801859,
        0.11847896873950958,
        0.013307393528521061,
        0.007572597358375788,
        0.9998828172683716,
        -0.12339688837528229
    ],
    [
        0.9997255206108093,
        0.018705183640122414,
        -0.014111584052443504,
        0.03235786408185959,
        -0.018808791413903236,
        0.9997968077659607,
        -0.007245304994285107,
        0.14364828169345856,
        0.013973192311823368,
        0.007508737966418266,
        0.9998741149902344,
        -0.1483892947435379
    ],
    [
        0.9997085332870483,
        0.019342295825481415,
        -0.014447228983044624,
        0.030367784202098846,
        -0.01944875344634056,
        0.9997843503952026,
        -0.007264935411512852,
        0.16830727458000183,
        0.014303594827651978,
        0.007543798070400953,
        0.9998692274093628,
        -0.17173683643341064
    ],
    [
        0.9996886253356934,
        0.01997271180152893,
        -0.014956517145037651,
        0.026824267581105232,
        -0.020081359893083572,
        0.9997727274894714,
        -0.0071497466415166855,
        0.19788381457328796,
        0.014810318127274513,
        0.007447867188602686,
        0.999862551689148,
        -0.1988002061843872
    ],
    [
        0.9996755719184875,
        0.020223041996359825,
        -0.015486886724829674,
        0.02385653927922249,
        -0.020339209586381912,
        0.9997658729553223,
        -0.007380766794085503,
        0.22940438985824585,
        0.015333999879658222,
        0.007693364284932613,
        0.9998527765274048,
        -0.22617723047733307
    ],
    [
        0.9996600151062012,
        0.020796963945031166,
        -0.015728961676359177,
        0.021643484011292458,
        -0.02091638743877411,
        0.9997534155845642,
        -0.007466746959835291,
        0.2625753879547119,
        0.015569797717034817,
        0.007793201599270105,
        0.9998483657836914,
        -0.2541479468345642
    ],
    [
        0.9996389150619507,
        0.021343374624848366,
        -0.016325198113918304,
        0.020722458139061928,
        -0.021471891552209854,
        0.9997394680976868,
        -0.007737890351563692,
        0.2974161207675934,
        0.01615579053759575,
        0.008085628971457481,
        0.999836802482605,
        -0.28344035148620605
    ],
    [
        0.9996282458305359,
        0.021743817254900932,
        -0.016447024419903755,
        0.01930137164890766,
        -0.021874669939279556,
        0.999730110168457,
        -0.007818386889994144,
        0.33324915170669556,
        0.016272585839033127,
        0.008175252936780453,
        0.9998341798782349,
        -0.3138357102870941
    ],
    [
        0.9996094703674316,
        0.022291112691164017,
        -0.016852743923664093,
        0.017116781324148178,
        -0.022429613396525383,
        0.9997158050537109,
        -0.008074373938143253,
        0.3699108958244324,
        0.016667965799570084,
        0.008449221029877663,
        0.9998254179954529,
        -0.34515708684921265
    ],
    [
        0.9995946288108826,
        0.02274703048169613,
        -0.01712087169289589,
        0.015636319294571877,
        -0.022893253713846207,
        0.9997026920318604,
        -0.008393606171011925,
        0.4036920368671417,
        0.016924850642681122,
        0.008782156743109226,
        0.9998181462287903,
        -0.3733121156692505
    ],
    [
        0.9995774626731873,
        0.023307282477617264,
        -0.017374187707901,
        0.014545368030667305,
        -0.023457244038581848,
        0.9996889233589172,
        -0.008477864786982536,
        0.44211849570274353,
        0.017171187326312065,
        0.008881832472980022,
        0.9998131394386292,
        -0.4052637219429016
    ],
    [
        0.999569833278656,
        0.023615624755620956,
        -0.017391519621014595,
        0.012833287008106709,
        -0.023769719526171684,
        0.9996795058250427,
        -0.008707624860107899,
        0.48171013593673706,
        0.017180310562253,
        0.00911727175116539,
        0.9998108744621277,
        -0.4381190240383148
    ],
    [
        0.9995549917221069,
        0.02414489910006523,
        -0.017518850043416023,
        0.009824047796428204,
        -0.024308353662490845,
        0.9996623396873474,
        -0.00917800236493349,
        0.5306831002235413,
        0.01729133352637291,
        0.009599771350622177,
        0.9998043179512024,
        -0.4786737263202667
    ],
    [
        0.9995452761650085,
        0.02448035404086113,
        -0.01761029101908207,
        0.007831361144781113,
        -0.024650700390338898,
        0.999650776386261,
        -0.009522084146738052,
        0.5684327483177185,
        0.017371036112308502,
        0.009951859712600708,
        0.9997996687889099,
        -0.5095319151878357
    ],
    [
        0.9995291829109192,
        0.024962926283478737,
        -0.01784195750951767,
        0.005385113880038261,
        -0.025143243372440338,
        0.9996342658996582,
        -0.009954452514648438,
        0.6117995977401733,
        0.01758694276213646,
        0.010398371145129204,
        0.9997913241386414,
        -0.5448018908500671
    ],
    [
        0.9995201230049133,
        0.025078000500798225,
        -0.01818033494055271,
        0.004301100969314575,
        -0.02526804432272911,
        0.9996275901794434,
        -0.01029994711279869,
        0.6546156406402588,
        0.017915265634655952,
        0.010754385963082314,
        0.9997816681861877,
        -0.5813151001930237
    ],
    [
        0.9995059370994568,
        0.0255198422819376,
        -0.01834489032626152,
        0.002394365379586816,
        -0.025714442133903503,
        0.9996145963668823,
        -0.010451311245560646,
        0.6965692639350891,
        0.01807110384106636,
        0.010917876847088337,
        0.9997771382331848,
        -0.6195193529129028
    ],
    [
        0.9995033144950867,
        0.025635715574026108,
        -0.018330387771129608,
        0.00039221037877723575,
        -0.02583005651831627,
        0.9996117353439331,
        -0.010445037856698036,
        0.7371385097503662,
        0.01805550418794155,
        0.010913324542343616,
        0.9997773766517639,
        -0.6586123108863831
    ],
    [
        0.9995007514953613,
        0.02575167454779148,
        -0.018307410180568695,
        -0.0017548383912071586,
        -0.02595081366598606,
        0.999605655670166,
        -0.010724416933953762,
        0.7788428068161011,
        0.0180240198969841,
        0.011194155551493168,
        0.9997748732566833,
        -0.698314368724823
    ],
    [
        0.999483585357666,
        0.026013705879449844,
        -0.018865682184696198,
        -0.001508430577814579,
        -0.02622414380311966,
        0.9995955228805542,
        -0.01099434308707714,
        0.8211182355880737,
        0.018572049215435982,
        0.01148340292274952,
        0.9997615218162537,
        -0.7384880185127258
    ],
    [
        0.999476969242096,
        0.026380091905593872,
        -0.018702460452914238,
        -0.002661778125911951,
        -0.026590591296553612,
        0.9995848536491394,
        -0.011097169481217861,
        0.8590753078460693,
        0.018401948735117912,
        0.01158867683261633,
        0.9997634291648865,
        -0.7745209336280823
    ],
    [
        0.9994611144065857,
        0.026776611804962158,
        -0.018983662128448486,
        -0.0022887808736413717,
        -0.02699347399175167,
        0.9995720982551575,
        -0.011260898783802986,
        0.9017423391342163,
        0.018674012273550034,
        0.011767265386879444,
        0.999756395816803,
        -0.8149929046630859
    ],
    [
        0.9994405508041382,
        0.027292579412460327,
        -0.01933326944708824,
        -0.0020264689810574055,
        -0.027518225833773613,
        0.9995551109313965,
        -0.011503138579428196,
        0.9437223672866821,
        0.019010718911886215,
        0.012028721161186695,
        0.9997468590736389,
        -0.8556947112083435
    ],
    [
        0.9994224905967712,
        0.02767968736588955,
        -0.019705642014741898,
        -0.0016061968635767698,
        -0.027914565056562424,
        0.9995414018630981,
        -0.011745821684598923,
        0.9858518242835999,
        0.019371481612324715,
        0.01228911243379116,
        0.9997367262840271,
        -0.8967577219009399
    ],
    [
        0.9994105100631714,
        0.028048299252986908,
        -0.019793370738625526,
        -0.00036280974745750427,
        -0.02828412689268589,
        0.9995309710502625,
        -0.011736884713172913,
        1.0322400331497192,
        0.019454890862107277,
        0.012289844453334808,
        0.9997351765632629,
        -0.9424313306808472
    ]
]