[
    [
        0.9999886155128479,
        -0.002795857610180974,
        0.0038579858373850584,
        -0.15134914219379425,
        0.002829243429005146,
        0.9999583959579468,
        -0.00867543462663889,
        0.05690879374742508,
        -0.003833570284768939,
        0.008686252869665623,
        0.9999549388885498,
        0.38077762722969055
    ],
    [
        0.9999856352806091,
        -0.002852695295587182,
        0.0045302510261535645,
        -0.18861845135688782,
        0.002892270917072892,
        0.9999575614929199,
        -0.008753509260714054,
        0.06380894780158997,
        -0.004505086690187454,
        0.008766485378146172,
        0.9999514818191528,
        0.44903889298439026
    ],
    [
        0.9999775290489197,
        -0.0023623325396329165,
        0.006268172990530729,
        -0.23260094225406647,
        0.0024164593778550625,
        0.9999597668647766,
        -0.008641831576824188,
        0.06709682196378708,
        -0.006247506011277437,
        0.00865678396075964,
        0.9999430179595947,
        0.5164650678634644
    ],
    [
        0.9999622106552124,
        -0.0024506200570613146,
        0.008349411189556122,
        -0.27932748198509216,
        0.0025189630687236786,
        0.9999633431434631,
        -0.00818483904004097,
        0.06724449247121811,
        -0.00832904689013958,
        0.008205560967326164,
        0.9999316930770874,
        0.5833178758621216
    ],
    [
        0.9999442100524902,
        -0.002845078008249402,
        0.01017843373119831,
        -0.32341468334198,
        0.002934208372607827,
        0.9999574422836304,
        -0.00875258632004261,
        0.06294018030166626,
        -0.010153098963201046,
        0.008781963028013706,
        0.9999098777770996,
        0.6486050486564636
    ],
    [
        0.9999077916145325,
        -0.0016912848223000765,
        0.013471519574522972,
        -0.3641146421432495,
        0.0018096492858603597,
        0.9999598860740662,
        -0.008778990246355534,
        0.05785566195845604,
        -0.0134561313316226,
        0.008802561089396477,
        0.999870777130127,
        0.7090363502502441
    ],
    [
        0.9998416304588318,
        -0.002073233015835285,
        0.01768054999411106,
        -0.39820462465286255,
        0.002240293426439166,
        0.999953031539917,
        -0.009434249252080917,
        0.05673043429851532,
        -0.01766015961766243,
        0.00947236455976963,
        0.9997991919517517,
        0.7696632742881775
    ],
    [
        0.9997532367706299,
        -0.002067713299766183,
        0.022115865722298622,
        -0.43162161111831665,
        0.0022729707416146994,
        0.9999545812606812,
        -0.009259913116693497,
        0.059394534677267075,
        -0.022095713764429092,
        0.009307898581027985,
        0.9997125267982483,
        0.8319868445396423
    ],
    [
        0.9996224641799927,
        -0.0020035498309880495,
        0.027402330189943314,
        -0.46456900238990784,
        0.0022455600555986166,
        0.9999586939811707,
        -0.00880381464958191,
        0.06425460427999496,
        -0.027383560314774513,
        0.0088620251044631,
        0.9995858073234558,
        0.8990188837051392
    ],
    [
        0.9994401931762695,
        -0.0019997002091258764,
        0.0333988331258297,
        -0.49685147404670715,
        0.00230526109226048,
        0.9999558329582214,
        -0.00911285262554884,
        0.06727476418018341,
        -0.03337913751602173,
        0.009184744209051132,
        0.9994004964828491,
        0.9707905054092407
    ],
    [
        0.9992268681526184,
        -0.0023621704895049334,
        0.0392465740442276,
        -0.528200089931488,
        0.002709221327677369,
        0.9999577403068542,
        -0.00879200454801321,
        0.06603232771158218,
        -0.039224136620759964,
        0.008891534991562366,
        0.9991908669471741,
        1.0461546182632446
    ],
    [
        0.9990062117576599,
        -0.002755893161520362,
        0.04448798671364784,
        -0.5550339818000793,
        0.0031470570247620344,
        0.9999569654464722,
        -0.008724939078092575,
        0.059090398252010345,
        -0.04446201026439667,
        0.0088562723249197,
        0.9989717602729797,
        1.1258656978607178
    ],
    [
        0.998668372631073,
        -0.003143361071124673,
        0.05149339139461517,
        -0.5825550556182861,
        0.0036053061485290527,
        0.9999541640281677,
        -0.00888053048402071,
        0.054020147770643234,
        -0.051463108509778976,
        0.009054354391992092,
        0.9986338019371033,
        1.204651951789856
    ],
    [
        0.9983324408531189,
        -0.003012907924130559,
        0.057646676898002625,
        -0.6089267134666443,
        0.0035067107528448105,
        0.9999580383300781,
        -0.008466786704957485,
        0.05151881277561188,
        -0.057618752121925354,
        0.008654817938804626,
        0.998301088809967,
        1.2789645195007324
    ],
    [
        0.997917115688324,
        -0.003021726617589593,
        0.06443756818771362,
        -0.6365319490432739,
        0.0036125979386270046,
        0.999952495098114,
        -0.009055129252374172,
        0.05315645784139633,
        -0.06440714001655579,
        0.009269055910408497,
        0.9978806376457214,
        1.355427622795105
    ],
    [
        0.9974724650382996,
        -0.003180344821885228,
        0.07098261266946793,
        -0.66348797082901,
        0.0038251744117587805,
        0.9999526143074036,
        -0.008950259536504745,
        0.05649426579475403,
        -0.07095079123973846,
        0.009199158288538456,
        0.9974374175071716,
        1.4328663349151611
    ],
    [
        0.9968369603157043,
        -0.003056586254388094,
        0.07941609621047974,
        -0.6958245038986206,
        0.003747332375496626,
        0.9999564290046692,
        -0.008550231344997883,
        0.05844327062368393,
        -0.07938650995492935,
        0.008820785209536552,
        0.9968048334121704,
        1.5130969285964966
    ],
    [
        0.9961341619491577,
        -0.0027086720801889896,
        0.08780255168676376,
        -0.7317124009132385,
        0.0034511962439864874,
        0.9999595880508423,
        -0.008306043222546577,
        0.06122308969497681,
        -0.08777649700641632,
        0.008576955646276474,
        0.9961032271385193,
        1.590558409690857
    ],
    [
        0.9952573776245117,
        -0.0026090056635439396,
        0.09724275022745132,
        -0.7697654366493225,
        0.003456864506006241,
        0.9999575018882751,
        -0.00855153426527977,
        0.06219182536005974,
        -0.09721629321575165,
        0.00884713139384985,
        0.995223879814148,
        1.6711097955703735
    ],
    [
        0.9941539764404297,
        -0.0027152355760335922,
        0.10793653130531311,
        -0.8045722246170044,
        0.0035926273558288813,
        0.9999620914459229,
        -0.00793514959514141,
        0.059429582208395004,
        -0.1079108938574791,
        0.008276537992060184,
        0.9941261410713196,
        1.7468618154525757
    ],
    [
        0.9929434657096863,
        -0.0025279526598751545,
        0.11856196820735931,
        -0.8303643465042114,
        0.003555899951606989,
        0.9999578595161438,
        -0.008459459990262985,
        0.05636268109083176,
        -0.11853562295436859,
        0.00882136169821024,
        0.9929105639457703,
        1.8141279220581055
    ],
    [
        0.9913291335105896,
        -0.002295850543305278,
        0.13138222694396973,
        -0.8540602922439575,
        0.003535980125889182,
        0.9999514222145081,
        -0.009206600487232208,
        0.05566680058836937,
        -0.1313546597957611,
        0.00959133543074131,
        0.9912890195846558,
        1.881994366645813
    ],
    [
        0.989734947681427,
        -0.003143741050735116,
        0.14288023114204407,
        -0.8706393241882324,
        0.0045705498196184635,
        0.99994295835495,
        -0.009658921509981155,
        0.05790599808096886,
        -0.14284159243106842,
        0.010212813504040241,
        0.9896928071975708,
        1.945523977279663
    ],
    [
        0.9879791140556335,
        -0.0029760857578366995,
        0.15455873310565948,
        -0.8824756145477295,
        0.004498306196182966,
        0.9999447464942932,
        -0.00950002670288086,
        0.060651421546936035,
        -0.15452195703983307,
        0.010081080719828606,
        0.9879379868507385,
        2.0116868019104004
    ],
    [
        0.9862435460090637,
        -0.0030473785009235144,
        0.16527029871940613,
        -0.8907021880149841,
        0.00468776049092412,
        0.9999435544013977,
        -0.00953627284616232,
        0.0633927434682846,
        -0.1652318835258484,
        0.010179836302995682,
        0.9862022995948792,
        2.081371545791626
    ]
]