[
    [
        0.9999955296516418,
        -0.002703271806240082,
        -0.0013567587593570352,
        -0.10694314539432526,
        0.0027034145314246416,
        0.9999963045120239,
        0.00010382959590060636,
        -0.09603133052587509,
        0.0013564735418185592,
        -0.00010749741340987384,
        0.9999991655349731,
        0.05403177812695503
    ],
    [
        0.9999950528144836,
        -0.0027891811914741993,
        -0.001422586152330041,
        -0.111078180372715,
        0.002789259422570467,
        0.9999960660934448,
        5.324029552866705e-05,
        -0.09964485466480255,
        0.001422432018443942,
        -5.7207704230677336e-05,
        0.9999990463256836,
        0.056181810796260834
    ],
    [
        0.9999946355819702,
        -0.0029496303759515285,
        -0.001412613783031702,
        -0.11512648314237595,
        0.002949811052531004,
        0.9999957084655762,
        0.00012596574379131198,
        -0.10334080457687378,
        0.0014122363645583391,
        -0.0001301312877330929,
        0.9999990463256836,
        0.058437276631593704
    ],
    [
        0.9999945163726807,
        -0.0029905391857028008,
        -0.0015246534021571279,
        -0.11937015503644943,
        0.002990677719935775,
        0.9999954700469971,
        8.871676254784688e-05,
        -0.10702022165060043,
        0.0015243812231346965,
        -9.327624866273254e-05,
        0.999998927116394,
        0.06059866398572922
    ],
    [
        0.9999939799308777,
        -0.003075128421187401,
        -0.001570786815136671,
        -0.12362159043550491,
        0.0030751884914934635,
        0.999995231628418,
        3.555774310370907e-05,
        -0.11086270958185196,
        0.0015706692356616259,
        -4.038825136376545e-05,
        0.9999988079071045,
        0.06274208426475525
    ],
    [
        0.9999935030937195,
        -0.0031935942824929953,
        -0.0016776416450738907,
        -0.12758393585681915,
        0.0031936760060489178,
        0.9999948740005493,
        4.607045411830768e-05,
        -0.11455503851175308,
        0.0016774862306192517,
        -5.1428545702947304e-05,
        0.9999985694885254,
        0.06501221656799316
    ],
    [
        0.9999934434890747,
        -0.0032432556618005037,
        -0.0016661257250234485,
        -0.13190725445747375,
        0.0032432624138891697,
        0.9999947547912598,
        1.1703250493155792e-06,
        -0.11824076622724533,
        0.001666112570092082,
        -6.574671715497971e-06,
        0.9999985694885254,
        0.06712871044874191
    ],
    [
        0.9999929666519165,
        -0.003328434657305479,
        -0.0016747250920161605,
        -0.13595423102378845,
        0.003328337799757719,
        0.9999945163726807,
        -6.038047285983339e-05,
        -0.12199338525533676,
        0.001674916478805244,
        5.480552863446064e-05,
        0.9999985694885254,
        0.06931870430707932
    ],
    [
        0.9999927282333374,
        -0.0034342289436608553,
        -0.001691545476205647,
        -0.140047088265419,
        0.0034341961145401,
        0.999994158744812,
        -2.2010261091054417e-05,
        -0.12568996846675873,
        0.00169161066878587,
        1.6201740436372347e-05,
        0.9999985694885254,
        0.07153184711933136
    ],
    [
        0.9999923706054688,
        -0.003522335086017847,
        -0.001739746774546802,
        -0.1441551297903061,
        0.0035223611630499363,
        0.9999938011169434,
        1.1325070772727486e-05,
        -0.12959206104278564,
        0.001739696366712451,
        -1.7452928659622557e-05,
        0.9999984502792358,
        0.0736682116985321
    ],
    [
        0.9999920129776001,
        -0.003587156068533659,
        -0.0017635761760175228,
        -0.14852985739707947,
        0.003587195882573724,
        0.9999935626983643,
        1.8893859305535443e-05,
        -0.13310642540454865,
        0.0017634968971833587,
        -2.5220140742021613e-05,
        0.9999984502792358,
        0.07580883055925369
    ],
    [
        0.9999914765357971,
        -0.0036969445645809174,
        -0.0018500462174415588,
        -0.15252403914928436,
        0.0036970279179513454,
        0.9999932050704956,
        4.125368286622688e-05,
        -0.13663923740386963,
        0.001849881955422461,
        -4.809232268598862e-05,
        0.9999983310699463,
        0.07804781198501587
    ],
    [
        0.9999912977218628,
        -0.003749832510948181,
        -0.001826744177378714,
        -0.15659739077091217,
        0.003750001545995474,
        0.9999929666519165,
        8.939448889577761e-05,
        -0.14026658236980438,
        0.0018263959791511297,
        -9.624451195122674e-05,
        0.9999983310699463,
        0.0802040547132492
    ],
    [
        0.9999911189079285,
        -0.003790397197008133,
        -0.0018633829895406961,
        -0.16095668077468872,
        0.003790851216763258,
        0.9999927878379822,
        0.00024017035320866853,
        -0.1439935863018036,
        0.0018624593503773212,
        -0.0002472316846251488,
        0.9999983310699463,
        0.08236876875162125
    ],
    [
        0.9999906420707703,
        -0.0038638703990727663,
        -0.0019513021688908339,
        -0.16504833102226257,
        0.0038646275643259287,
        0.9999924302101135,
        0.00038463756209239364,
        -0.14774726331233978,
        0.001949801342561841,
        -0.00039217446465045214,
        0.9999980926513672,
        0.08456645905971527
    ],
    [
        0.9999904036521912,
        -0.0038947323337197304,
        -0.002014277270063758,
        -0.16919268667697906,
        0.00389537843875587,
        0.9999923706054688,
        0.0003168896655552089,
        -0.15127739310264587,
        0.0020130283664911985,
        -0.00032473329338245094,
        0.9999978542327881,
        0.0868440493941307
    ],
    [
        0.9999904632568359,
        -0.003923812415450811,
        -0.0019941425416618586,
        -0.17342135310173035,
        0.003924512770026922,
        0.9999922513961792,
        0.0003475293633528054,
        -0.15512973070144653,
        0.001992763252928853,
        -0.00035535168717615306,
        0.9999979734420776,
        0.08900032937526703
    ],
    [
        0.9999897480010986,
        -0.004007341340184212,
        -0.0021117455326020718,
        -0.17766205966472626,
        0.004008125979453325,
        0.9999918937683105,
        0.0003679256187751889,
        -0.15882064402103424,
        0.0021102544851601124,
        -0.00037638540379703045,
        0.9999977350234985,
        0.09121575951576233
    ],
    [
        0.9999897480010986,
        -0.003921131137758493,
        -0.0022689099423587322,
        -0.1816234588623047,
        0.003921754192560911,
        0.999992311000824,
        0.00027016966487281024,
        -0.16218970715999603,
        0.002267831936478615,
        -0.00027906434843316674,
        0.9999973773956299,
        0.09343814104795456
    ],
    [
        0.9999890923500061,
        -0.0040623522363603115,
        -0.002345651388168335,
        -0.18603022396564484,
        0.0040634674951434135,
        0.9999916553497314,
        0.00047082873061299324,
        -0.16629141569137573,
        0.002343718893826008,
        -0.00048035531654022634,
        0.9999971389770508,
        0.09583783149719238
    ],
    [
        0.999988853931427,
        -0.00407690042629838,
        -0.0023879215586930513,
        -0.1902388036251068,
        0.004077637102454901,
        0.9999916553497314,
        0.0003042283351533115,
        -0.16979193687438965,
        0.0023866610135883093,
        -0.00031396167469210923,
        0.9999971389770508,
        0.09796328097581863
    ],
    [
        0.9999881982803345,
        -0.0042275432497262955,
        -0.0024174742866307497,
        -0.1943468302488327,
        0.004228183533996344,
        0.9999911189079285,
        0.00025985954562202096,
        -0.17353472113609314,
        0.002416354836896062,
        -0.00027007845346815884,
        0.9999970197677612,
        0.10012105852365494
    ],
    [
        0.9999874234199524,
        -0.004289928358048201,
        -0.0026402154471725225,
        -0.19855745136737823,
        0.004290691111236811,
        0.9999907612800598,
        0.0002834522456396371,
        -0.17720486223697662,
        0.0026389756239950657,
        -0.0002947777393274009,
        0.9999964237213135,
        0.1024007722735405
    ],
    [
        0.9999871253967285,
        -0.004322214983403683,
        -0.002650993410497904,
        -0.2028641551733017,
        0.004323115106672049,
        0.9999905824661255,
        0.00033368071308359504,
        -0.18100890517234802,
        0.0026495258789509535,
        -0.0003451372613199055,
        0.9999964237213135,
        0.1045660749077797
    ],
    [
        0.9999874234199524,
        -0.004291437566280365,
        -0.002602936699986458,
        -0.2074415385723114,
        0.004292301367968321,
        0.999990701675415,
        0.0003263884864281863,
        -0.1846015602350235,
        0.00260151200927794,
        -0.00033755748881958425,
        0.999996542930603,
        0.1066526398062706
    ],
    [
        0.999986469745636,
        -0.004454310983419418,
        -0.002666627522557974,
        -0.21151335537433624,
        0.004455213434994221,
        0.9999899864196777,
        0.00033270608400925994,
        -0.18814465403556824,
        0.0026651194784790277,
        -0.0003445819311309606,
        0.9999964237213135,
        0.1089138388633728
    ],
    [
        0.9999859929084778,
        -0.004519068170338869,
        -0.0027386723086237907,
        -0.21586373448371887,
        0.004520386457443237,
        0.9999896287918091,
        0.0004750697989948094,
        -0.192011296749115,
        0.0027364969719201326,
        -0.00048744320520199835,
        0.9999961853027344,
        0.11108652502298355
    ],
    [
        0.9999857544898987,
        -0.004505799151957035,
        -0.0028642630204558372,
        -0.21995241940021515,
        0.004506859928369522,
        0.9999897480010986,
        0.00036365431151352823,
        -0.19542549550533295,
        0.0028625954873859882,
        -0.00037655862979590893,
        0.9999958276748657,
        0.11326219141483307
    ],
    [
        0.9999858140945435,
        -0.004514061380177736,
        -0.0028469248209148645,
        -0.2243497371673584,
        0.004515366163104773,
        0.9999897480010986,
        0.00045219052117317915,
        -0.1991998851299286,
        0.002844854723662138,
        -0.00046503948397003114,
        0.9999958276748657,
        0.11540237814188004
    ],
    [
        0.99998539686203,
        -0.0046257805079221725,
        -0.0028080379124730825,
        -0.22890004515647888,
        0.004627241287380457,
        0.9999890923500061,
        0.0005137479747645557,
        -0.2029678225517273,
        0.0028056311421096325,
        -0.0005267338710837066,
        0.9999959468841553,
        0.1175762265920639
    ],
    [
        0.9999843239784241,
        -0.0047896928153932095,
        -0.0029368954710662365,
        -0.23324862122535706,
        0.004790673032402992,
        0.9999884366989136,
        0.00032686040503904223,
        -0.2064509093761444,
        0.0029352966230362654,
        -0.00034092451096512377,
        0.9999955892562866,
        0.119701087474823
    ],
    [
        0.999983549118042,
        -0.0048917438834905624,
        -0.002984234830364585,
        -0.23740363121032715,
        0.004892575554549694,
        0.9999880194664001,
        0.0002716558810789138,
        -0.20996831357479095,
        0.0029828704427927732,
        -0.00028625113191083074,
        0.9999954700469971,
        0.12188626825809479
    ],
    [
        0.9999831914901733,
        -0.005004711914807558,
        -0.0029552418272942305,
        -0.24169676005840302,
        0.005005715414881706,
        0.9999873638153076,
        0.00033238751348108053,
        -0.21347717940807343,
        0.0029535414651036263,
        -0.00034717447124421597,
        0.9999955892562866,
        0.12398743629455566
    ],
    [
        0.9999828338623047,
        -0.005026482976973057,
        -0.0030201072804629803,
        -0.24619197845458984,
        0.005027854815125465,
        0.9999873042106628,
        0.00044683204032480717,
        -0.21705392003059387,
        0.003017823677510023,
        -0.00046200898941606283,
        0.9999953508377075,
        0.12608832120895386
    ],
    [
        0.9999827146530151,
        -0.004941189661622047,
        -0.003193467855453491,
        -0.250570684671402,
        0.004942526575177908,
        0.9999876618385315,
        0.00041093031177297235,
        -0.22071270644664764,
        0.0031913972925394773,
        -0.0004267077019903809,
        0.9999948740005493,
        0.12832288444042206
    ],
    [
        0.999982476234436,
        -0.00503843929618597,
        -0.003133675316348672,
        -0.25486090779304504,
        0.00503962580114603,
        0.9999872446060181,
        0.000370930036297068,
        -0.2240728884935379,
        0.003131766337901354,
        -0.00038671604124829173,
        0.9999951124191284,
        0.13038270175457
    ],
    [
        0.9999814629554749,
        -0.005208848975598812,
        -0.0031425340566784143,
        -0.25940170884132385,
        0.005210379604250193,
        0.9999862909317017,
        0.00047921709483489394,
        -0.22789734601974487,
        0.0031399948056787252,
        -0.0004955818876624107,
        0.9999949932098389,
        0.1325298249721527
    ],
    [
        0.9999811053276062,
        -0.005274297669529915,
        -0.0031757017131894827,
        -0.263845294713974,
        0.005275858100503683,
        0.999985933303833,
        0.00048312259605154395,
        -0.2315361499786377,
        0.0031731093768030405,
        -0.0004998683580197394,
        0.9999948740005493,
        0.13459943234920502
    ],
    [
        0.9999806880950928,
        -0.005270314868539572,
        -0.0032977769151329994,
        -0.2681404948234558,
        0.00527165737003088,
        0.9999859929084778,
        0.00039862398989498615,
        -0.2348959743976593,
        0.0032956290524452925,
        -0.0004160010430496186,
        0.9999945163726807,
        0.13672837615013123
    ],
    [
        0.9999802112579346,
        -0.0053452393040061,
        -0.00334111787378788,
        -0.27259668707847595,
        0.005347220692783594,
        0.9999855756759644,
        0.0005844890256412327,
        -0.23861755430698395,
        0.0033379457890987396,
        -0.0006023431196808815,
        0.9999942779541016,
        0.1388111263513565
    ],
    [
        0.9999797940254211,
        -0.005398508161306381,
        -0.0033631292171776295,
        -0.27723559737205505,
        0.00540064787492156,
        0.9999851584434509,
        0.0006271046004258096,
        -0.24220028519630432,
        0.0033596940338611603,
        -0.0006452553789131343,
        0.999994158744812,
        0.14089296758174896
    ],
    [
        0.9999793767929077,
        -0.005400214809924364,
        -0.003487575566396117,
        -0.2815580666065216,
        0.005402092356234789,
        0.9999852776527405,
        0.000529227836523205,
        -0.24562357366085052,
        0.0034846661146730185,
        -0.0005480573163367808,
        0.9999938011169434,
        0.14298489689826965
    ],
    [
        0.9999792575836182,
        -0.0054039726965129375,
        -0.0035260797012597322,
        -0.2860737144947052,
        0.0054060546681284904,
        0.9999852180480957,
        0.0005811469163745642,
        -0.24916505813598633,
        0.003522887360304594,
        -0.0006001970614306629,
        0.9999935626983643,
        0.14509743452072144
    ],
    [
        0.9999797344207764,
        -0.0053017111495137215,
        -0.0035481713712215424,
        -0.29050377011299133,
        0.005303704645484686,
        0.9999858736991882,
        0.0005527267931029201,
        -0.25248461961746216,
        0.003545190906152129,
        -0.0005715331644751132,
        0.9999934434890747,
        0.14721065759658813
    ],
    [
        0.9999789595603943,
        -0.005410206504166126,
        -0.0035952467005699873,
        -0.29493778944015503,
        0.005412471946328878,
        0.9999851584434509,
        0.0006206239922903478,
        -0.2561454474925995,
        0.003591835265979171,
        -0.0006400701240636408,
        0.9999934434890747,
        0.14931800961494446
    ],
    [
        0.9999794363975525,
        -0.005304939579218626,
        -0.0036153013352304697,
        -0.2995965778827667,
        0.005307473707944155,
        0.9999856948852539,
        0.0006918671424500644,
        -0.2598874866962433,
        0.0036115790717303753,
        -0.0007110408623702824,
        0.9999932050704956,
        0.1514211744070053
    ],
    [
        0.9999786019325256,
        -0.0054190452210605145,
        -0.0036528711207211018,
        -0.3041696548461914,
        0.005421617068350315,
        0.9999850988388062,
        0.0006945363129489124,
        -0.2635619342327118,
        0.0036490526981651783,
        -0.0007143256370909512,
        0.999993085861206,
        0.1535464972257614
    ],
    [
        0.9999777674674988,
        -0.005551010835915804,
        -0.0036988442298024893,
        -0.3085387349128723,
        0.005553168244659901,
        0.9999843835830688,
        0.0005731494165956974,
        -0.2671414017677307,
        0.0036956046242266893,
        -0.0005936765228398144,
        0.9999929666519165,
        0.15561559796333313
    ],
    [
        0.9999765157699585,
        -0.005712174344807863,
        -0.003792035160586238,
        -0.31304869055747986,
        0.005714175757020712,
        0.9999834895133972,
        0.0005174177931621671,
        -0.27067112922668457,
        0.003789016045629978,
        -0.0005390742444433272,
        0.9999927282333374,
        0.1577368974685669
    ],
    [
        0.999975860118866,
        -0.005780726205557585,
        -0.003842298174276948,
        -0.3177658021450043,
        0.005782717373222113,
        0.9999831318855286,
        0.0005071073537692428,
        -0.27430009841918945,
        0.003839302808046341,
        -0.0005293146823532879,
        0.9999924898147583,
        0.15981358289718628
    ],
    [
        0.9999753832817078,
        -0.005833916831761599,
        -0.0039049142505973577,
        -0.322370707988739,
        0.0058356281369924545,
        0.9999828934669495,
        0.0004272249061614275,
        -0.277797669172287,
        0.0039023556746542454,
        -0.00045000205864198506,
        0.9999922513961792,
        0.16188833117485046
    ],
    [
        0.9999744892120361,
        -0.005999749060720205,
        -0.003889878047630191,
        -0.32714706659317017,
        0.00600168714299798,
        0.9999818801879883,
        0.00048684561625123024,
        -0.28144848346710205,
        0.0038868861738592386,
        -0.0005101783899590373,
        0.9999923706054688,
        0.1639518290758133
    ],
    [
        0.9999734163284302,
        -0.006200691685080528,
        -0.003834198461845517,
        -0.33175021409988403,
        0.006203036289662123,
        0.9999805688858032,
        0.0006001013098284602,
        -0.2851145565509796,
        0.0038304035551846027,
        -0.0006238687783479691,
        0.9999924898147583,
        0.16606047749519348
    ],
    [
        0.9999722838401794,
        -0.0063390652649104595,
        -0.003928967751562595,
        -0.33632972836494446,
        0.006341293454170227,
        0.9999797940254211,
        0.0005550597561523318,
        -0.2887311279773712,
        0.003925369121134281,
        -0.0005799593636766076,
        0.9999921321868896,
        0.1681489646434784
    ],
    [
        0.9999712705612183,
        -0.006484604440629482,
        -0.003934644162654877,
        -0.3409571349620819,
        0.006486398633569479,
        0.9999789595603943,
        0.0004436001181602478,
        -0.29214972257614136,
        0.003931684885174036,
        -0.00046910892706364393,
        0.9999921321868896,
        0.1701752245426178
    ],
    [
        0.9999712109565735,
        -0.006488796789199114,
        -0.003934897016733885,
        -0.34574151039123535,
        0.006491063162684441,
        0.99997878074646,
        0.0005635786219500005,
        -0.2956146001815796,
        0.003931157290935516,
        -0.0005891044274903834,
        0.9999921321868896,
        0.17212867736816406
    ],
    [
        0.9999696612358093,
        -0.006707529071718454,
        -0.0039884233847260475,
        -0.3503830134868622,
        0.006709636654704809,
        0.9999772906303406,
        0.0005151888472028077,
        -0.298836886882782,
        0.003984877839684486,
        -0.0005419342196546495,
        0.9999920129776001,
        0.1741994023323059
    ],
    [
        0.9999695420265198,
        -0.006722478661686182,
        -0.003975237254053354,
        -0.35536321997642517,
        0.0067250956781208515,
        0.999977171421051,
        0.0006452698144130409,
        -0.3022974133491516,
        0.003970808815211058,
        -0.0006719841039739549,
        0.9999918937683105,
        0.1761164367198944
    ],
    [
        0.9999690055847168,
        -0.006684771738946438,
        -0.004159253090620041,
        -0.36026111245155334,
        0.006687601562589407,
        0.9999773502349854,
        0.000666546227876097,
        -0.30555132031440735,
        0.00415470264852047,
        -0.0006943417247384787,
        0.9999911785125732,
        0.17814046144485474
    ],
    [
        0.999968409538269,
        -0.00672896858304739,
        -0.004231477156281471,
        -0.3649655878543854,
        0.006732223555445671,
        0.9999769926071167,
        0.0007555335178039968,
        -0.3089013993740082,
        0.004226296208798885,
        -0.000783997296821326,
        0.999990701675415,
        0.18017365038394928
    ],
    [
        0.9999677538871765,
        -0.006854263599961996,
        -0.004198961891233921,
        -0.36996057629585266,
        0.006857833359390497,
        0.9999761581420898,
        0.0008361032232642174,
        -0.3122824728488922,
        0.004193130414932966,
        -0.0008648717775940895,
        0.9999908208847046,
        0.18211893737316132
    ],
    [
        0.9999668002128601,
        -0.007025010883808136,
        -0.004130315966904163,
        -0.3750109374523163,
        0.00702901603654027,
        0.9999748468399048,
        0.000956075731664896,
        -0.3159176707267761,
        0.004123495891690254,
        -0.0009850763017311692,
        0.9999910593032837,
        0.18407277762889862
    ],
    [
        0.9999659061431885,
        -0.007106834091246128,
        -0.0042019980028271675,
        -0.3799692988395691,
        0.007110885344445705,
        0.999974250793457,
        0.0009496643906459212,
        -0.31916239857673645,
        0.004195140674710274,
        -0.0009795124642550945,
        0.999990701675415,
        0.18594853579998016
    ],
    [
        0.9999657869338989,
        -0.007097928784787655,
        -0.004254251718521118,
        -0.3849506676197052,
        0.007102339528501034,
        0.999974250793457,
        0.001022675889544189,
        -0.32242754101753235,
        0.004246882628649473,
        -0.0010528562124818563,
        0.9999904632568359,
        0.18791350722312927
    ],
    [
        0.9999648928642273,
        -0.007231389172375202,
        -0.004239437635987997,
        -0.3900364637374878,
        0.0072361561469733715,
        0.9999732375144958,
        0.0011100478004664183,
        -0.3256605863571167,
        0.004231297876685858,
        -0.0011406851699575782,
        0.9999903440475464,
        0.18981675803661346
    ],
    [
        0.999964714050293,
        -0.007255047094076872,
        -0.0042518447153270245,
        -0.395142138004303,
        0.007260330952703953,
        0.999972939491272,
        0.00122851284686476,
        -0.3290954530239105,
        0.004242815542966127,
        -0.0012593393912538886,
        0.9999902248382568,
        0.19179584085941315
    ],
    [
        0.9999641180038452,
        -0.007253718096762896,
        -0.00437149265781045,
        -0.40000659227371216,
        0.007258323486894369,
        0.9999731183052063,
        0.0010384295601397753,
        -0.3321032226085663,
        0.004363843239843845,
        -0.00107012246735394,
        0.9999898672103882,
        0.1936667263507843
    ],
    [
        0.9999632239341736,
        -0.007388627622276545,
        -0.004382140003144741,
        -0.4051848351955414,
        0.007393945939838886,
        0.9999719262123108,
        0.0011984949233010411,
        -0.33549872040748596,
        0.004373162519186735,
        -0.0012308522127568722,
        0.9999897480010986,
        0.19562740623950958
    ],
    [
        0.999963104724884,
        -0.00742862606421113,
        -0.004336430691182613,
        -0.4102701246738434,
        0.007434258237481117,
        0.9999715089797974,
        0.0012838853290304542,
        -0.3387352228164673,
        0.004326770082116127,
        -0.0013160767266526818,
        0.9999898672103882,
        0.19749295711517334
    ],
    [
        0.999962568283081,
        -0.0074627576395869255,
        -0.0043921684846282005,
        -0.4154199957847595,
        0.007468610070645809,
        0.9999711513519287,
        0.0013174969935789704,
        -0.341978520154953,
        0.004382210783660412,
        -0.0013502509100362659,
        0.9999895095825195,
        0.19944530725479126
    ],
    [
        0.9999625086784363,
        -0.007369678001850843,
        -0.0045671178959310055,
        -0.4205681383609772,
        0.007375636138021946,
        0.9999719262123108,
        0.0012889740755781531,
        -0.34516119956970215,
        0.004557490814477205,
        -0.0013226110022515059,
        0.9999887943267822,
        0.20133349299430847
    ],
    [
        0.9999614953994751,
        -0.007463167421519756,
        -0.004609754309058189,
        -0.42562034726142883,
        0.0074690827168524265,
        0.9999712705612183,
        0.001267432002350688,
        -0.3483501076698303,
        0.004600162617862225,
        -0.0013018137542530894,
        0.9999885559082031,
        0.20321480929851532
    ],
    [
        0.9999616742134094,
        -0.007443599868565798,
        -0.004634835757315159,
        -0.43101638555526733,
        0.0074501340277493,
        0.999971330165863,
        0.001394263468682766,
        -0.35159826278686523,
        0.004624323453754187,
        -0.0014287406811490655,
        0.999988317489624,
        0.20512163639068604
    ],
    [
        0.9999610781669617,
        -0.0074883499182760715,
        -0.004656381905078888,
        -0.4364541471004486,
        0.00749518908560276,
        0.9999709129333496,
        0.0014531903434544802,
        -0.35509735345840454,
        0.004645364824682474,
        -0.0014880341477692127,
        0.9999881982803345,
        0.20696407556533813
    ],
    [
        0.9999604225158691,
        -0.007596807088702917,
        -0.00464383652433753,
        -0.4419555962085724,
        0.0076032718643546104,
        0.9999701380729675,
        0.0013758833520114422,
        -0.3580891191959381,
        0.00463324598968029,
        -0.0014111368218436837,
        0.999988317489624,
        0.20880985260009766
    ],
    [
        0.9999594688415527,
        -0.007613747380673885,
        -0.004815273452550173,
        -0.4469485878944397,
        0.007620828226208687,
        0.9999699592590332,
        0.0014537327224388719,
        -0.361222505569458,
        0.0048040603287518024,
        -0.0014903703704476357,
        0.9999873638153076,
        0.210735023021698
    ],
    [
        0.9999594688415527,
        -0.007566368672996759,
        -0.004877961240708828,
        -0.4524570107460022,
        0.0075737833976745605,
        0.9999701380729675,
        0.0015030112117528915,
        -0.3643660843372345,
        0.004866443108767271,
        -0.0015398947289213538,
        0.999987006187439,
        0.21267642080783844
    ],
    [
        0.9999598264694214,
        -0.0075337085872888565,
        -0.004859695676714182,
        -0.4579559564590454,
        0.007541113533079624,
        0.9999703764915466,
        0.0015072219539433718,
        -0.36766260862350464,
        0.004848196171224117,
        -0.0015438097761943936,
        0.999987006187439,
        0.2145235240459442
    ],
    [
        0.9999586343765259,
        -0.007650168612599373,
        -0.004936433397233486,
        -0.4630196988582611,
        0.00765757542103529,
        0.9999696016311646,
        0.001483049476519227,
        -0.37076154351234436,
        0.00492493761703372,
        -0.0015207886463031173,
        0.9999867677688599,
        0.21640311181545258
    ],
    [
        0.9999582171440125,
        -0.007693977560847998,
        -0.004958050791174173,
        -0.46848803758621216,
        0.007701616734266281,
        0.9999691247940063,
        0.001523591810837388,
        -0.37392181158065796,
        0.004946175031363964,
        -0.0015617130557075143,
        0.9999865293502808,
        0.21828702092170715
    ],
    [
        0.9999574422836304,
        -0.007696250919252634,
        -0.005087315570563078,
        -0.47382065653800964,
        0.007704879157245159,
        0.9999690055847168,
        0.0016787344356998801,
        -0.37741363048553467,
        0.005074237007647753,
        -0.001717860926873982,
        0.9999856948852539,
        0.2202540636062622
    ],
    [
        0.9999566078186035,
        -0.007797292433679104,
        -0.0051153432577848434,
        -0.47942036390304565,
        0.007805411238223314,
        0.9999682903289795,
        0.001569015788845718,
        -0.38061660528182983,
        0.005102948285639286,
        -0.0016088749980553985,
        0.9999856948852539,
        0.22211675345897675
    ],
    [
        0.9999557137489319,
        -0.007928749546408653,
        -0.005091633182018995,
        -0.48472875356674194,
        0.00793720968067646,
        0.9999672174453735,
        0.0016435537254437804,
        -0.3840273320674896,
        0.005078434944152832,
        -0.0016838944284245372,
        0.9999856948852539,
        0.22401167452335358
    ],
    [
        0.9999552369117737,
        -0.00799735076725483,
        -0.005059642251580954,
        -0.4903257489204407,
        0.008005504496395588,
        0.9999666213989258,
        0.0015930362278595567,
        -0.3872055113315582,
        0.005046733655035496,
        -0.0016334706451743841,
        0.999985933303833,
        0.22589628398418427
    ],
    [
        0.9999532699584961,
        -0.008168463595211506,
        -0.005178824532777071,
        -0.4956124722957611,
        0.008176767267286777,
        0.9999653697013855,
        0.0015839791158214211,
        -0.3904378414154053,
        0.005165705922991037,
        -0.0016262520803138614,
        0.9999853372573853,
        0.22782833874225616
    ],
    [
        0.999952495098114,
        -0.008251441642642021,
        -0.00519503653049469,
        -0.5009865760803223,
        0.008259708993136883,
        0.9999646544456482,
        0.001572113367728889,
        -0.3936053216457367,
        0.005181881133466959,
        -0.0016149479197338223,
        0.9999853372573853,
        0.2297484129667282
    ],
    [
        0.9999520778656006,
        -0.008293196558952332,
        -0.005201945547014475,
        -0.5064349174499512,
        0.008301989175379276,
        0.9999641180038452,
        0.0016709865303710103,
        -0.39701271057128906,
        0.005187900736927986,
        -0.0017140934942290187,
        0.9999850988388062,
        0.23169945180416107
    ],
    [
        0.9999508261680603,
        -0.008365340530872345,
        -0.005331371445208788,
        -0.5119000673294067,
        0.008374216966331005,
        0.9999635815620422,
        0.0016448950627818704,
        -0.4001443684101105,
        0.005317418370395899,
        -0.001689460244961083,
        0.9999845027923584,
        0.2336127907037735
    ],
    [
        0.9999507069587708,
        -0.008387560956180096,
        -0.005302008707076311,
        -0.5176143646240234,
        0.008396673016250134,
        0.9999632835388184,
        0.0016986153787001967,
        -0.40344399213790894,
        0.0052875676192343235,
        -0.0017430506413802505,
        0.9999845027923584,
        0.23552802205085754
    ],
    [
        0.9999495148658752,
        -0.008499975316226482,
        -0.00535244308412075,
        -0.5231329798698425,
        0.00850918423384428,
        0.999962329864502,
        0.0017002858221530914,
        -0.40674474835395813,
        0.0053377896547317505,
        -0.0017457453068345785,
        0.9999842643737793,
        0.23749129474163055
    ],
    [
        0.9999493360519409,
        -0.008503328077495098,
        -0.0053925286047160625,
        -0.5288017988204956,
        0.008512559346854687,
        0.9999623894691467,
        0.0016912996070459485,
        -0.4099922478199005,
        0.005377944093197584,
        -0.0017371175345033407,
        0.9999840259552002,
        0.23936301469802856
    ],
    [
        0.9999487400054932,
        -0.008523876778781414,
        -0.005477972328662872,
        -0.5344598293304443,
        0.008533423766493797,
        0.9999621510505676,
        0.00172204349655658,
        -0.41319453716278076,
        0.005463085602968931,
        -0.0017687003128230572,
        0.9999834299087524,
        0.24126124382019043
    ],
    [
        0.9999458193778992,
        -0.008769015781581402,
        -0.005599277559667826,
        -0.5395228266716003,
        0.008778613992035389,
        0.9999600052833557,
        0.0016919776098802686,
        -0.41652196645736694,
        0.005584217142313719,
        -0.0017410401487722993,
        0.9999828338623047,
        0.24328961968421936
    ],
    [
        0.9999461770057678,
        -0.008816207759082317,
        -0.005475388839840889,
        -0.5454074740409851,
        0.008825508877635002,
        0.9999596476554871,
        0.0016769013600423932,
        -0.42000511288642883,
        0.005460384301841259,
        -0.0017251339741051197,
        0.9999836683273315,
        0.24522286653518677
    ],
    [
        0.9999465346336365,
        -0.008785105310380459,
        -0.005458367522805929,
        -0.551104724407196,
        0.008793111890554428,
        0.9999603033065796,
        0.0014444722328335047,
        -0.42296820878982544,
        0.005445461254566908,
        -0.001492390758357942,
        0.9999840259552002,
        0.24707376956939697
    ],
    [
        0.9999459981918335,
        -0.008764992468059063,
        -0.005566678941249847,
        -0.5567063689231873,
        0.008774354122579098,
        0.9999600648880005,
        0.0016595622291788459,
        -0.42638975381851196,
        0.005551911424845457,
        -0.0017083165002986789,
        0.9999830722808838,
        0.24897390604019165
    ],
    [
        0.9999464750289917,
        -0.00869661569595337,
        -0.00561909656971693,
        -0.5624436736106873,
        0.008706423453986645,
        0.9999606013298035,
        0.0017233190592378378,
        -0.4295065104961395,
        0.005603887606412172,
        -0.0017721486510708928,
        0.9999827146530151,
        0.2509007155895233
    ],
    [
        0.9999445676803589,
        -0.008867859840393066,
        -0.005681592505425215,
        -0.5679689645767212,
        0.008876761421561241,
        0.999959409236908,
        0.0015433223452419043,
        -0.43244490027427673,
        0.005667675752192736,
        -0.0015936704585328698,
        0.9999825954437256,
        0.2527737021446228
    ],
    [
        0.999945342540741,
        -0.008823655545711517,
        -0.005630240775644779,
        -0.5739250779151917,
        0.008833897300064564,
        0.9999593496322632,
        0.0017967524472624063,
        -0.43614062666893005,
        0.005614158231765032,
        -0.001846391474828124,
        0.999982476234436,
        0.2548205554485321
    ]
]