[
    [
        0.9985732436180115,
        0.004598556086421013,
        -0.05320144072175026,
        -0.1584618091583252,
        -0.004793357569724321,
        0.9999822974205017,
        -0.003534557530656457,
        -0.034194741398096085,
        0.05318424478173256,
        0.0037845284678041935,
        0.9985774755477905,
        0.12572862207889557
    ],
    [
        0.9965409636497498,
        0.006100217811763287,
        -0.08287885785102844,
        -0.21540872752666473,
        -0.006454726215451956,
        0.9999711513519287,
        -0.004010156728327274,
        -0.05608507990837097,
        0.08285200595855713,
        0.0045312452130019665,
        0.9965516328811646,
        0.1574535220861435
    ],
    [
        0.9924187660217285,
        0.00779197970405221,
        -0.12265466153621674,
        -0.2822549343109131,
        -0.008353556506335735,
        0.9999568462371826,
        -0.004064927808940411,
        -0.08113844692707062,
        0.1226176843047142,
        0.005058712791651487,
        0.9924411773681641,
        0.19037435948848724
    ],
    [
        0.9860196709632874,
        0.009286313317716122,
        -0.16637027263641357,
        -0.3509017527103424,
        -0.010049163363873959,
        0.9999425411224365,
        -0.0037440115120261908,
        -0.11004256457090378,
        0.16632592678070068,
        0.0053635514341294765,
        0.9860562086105347,
        0.22978223860263824
    ],
    [
        0.9760020971298218,
        0.011770831421017647,
        -0.21744287014007568,
        -0.4186089038848877,
        -0.01229862030595541,
        0.9999237656593323,
        -0.0010740497382357717,
        -0.13791026175022125,
        0.21741364896297455,
        0.003722522407770157,
        0.9760724902153015,
        0.27868005633354187
    ],
    [
        0.9606186151504517,
        0.014127448201179504,
        -0.2775109112262726,
        -0.4957596957683563,
        -0.014768262393772602,
        0.999890923500061,
        -0.00021894816018175334,
        -0.17440055310726166,
        0.27747753262519836,
        0.004308679141104221,
        0.9607223868370056,
        0.3556958734989166
    ],
    [
        0.9376417994499207,
        0.017894629389047623,
        -0.3471421003341675,
        -0.5826604962348938,
        -0.018299968913197517,
        0.9998303651809692,
        0.002110885689035058,
        -0.23392626643180847,
        0.3471209704875946,
        0.0043734353967010975,
        0.9378101825714111,
        0.4523315131664276
    ],
    [
        0.9096772074699402,
        0.02092180959880352,
        -0.4147888720035553,
        -0.6619017124176025,
        -0.021172191947698593,
        0.9997678995132446,
        0.003995027858763933,
        -0.2962649166584015,
        0.4147762060165405,
        0.005147804040461779,
        0.9099088311195374,
        0.5470009446144104
    ],
    [
        0.8819507360458374,
        0.02355814352631569,
        -0.47075244784355164,
        -0.7459986805915833,
        -0.02386423386633396,
        0.9997010231018066,
        0.005319192074239254,
        -0.344443678855896,
        0.4707370102405548,
        0.006542880088090897,
        0.8822492957115173,
        0.6442995667457581
    ],
    [
        0.8568289279937744,
        0.027233973145484924,
        -0.5148809552192688,
        -0.8651363849639893,
        -0.02696523256599903,
        0.9996044039726257,
        0.00799914263188839,
        -0.3873404264450073,
        0.5148951411247253,
        0.007029989268630743,
        0.8572242856025696,
        0.7507975101470947
    ],
    [
        0.8325152397155762,
        0.03070814162492752,
        -0.553150475025177,
        -1.004188060760498,
        -0.03012961521744728,
        0.9994945526123047,
        0.010140565223991871,
        -0.43934574723243713,
        0.5531823039054871,
        0.008224035613238811,
        0.8330196738243103,
        0.8618174195289612
    ],
    [
        0.8118522763252258,
        0.03265067934989929,
        -0.582949161529541,
        -1.13252854347229,
        -0.03211187198758125,
        0.9994208812713623,
        0.011256000958383083,
        -0.4897271394729614,
        0.582979142665863,
        0.009581378661096096,
        0.812430739402771,
        0.9697750806808472
    ],
    [
        0.7969684600830078,
        0.034077491611242294,
        -0.6030588150024414,
        -1.2590383291244507,
        -0.03374870494008064,
        0.9993599057197571,
        0.01187117863446474,
        -0.5175759196281433,
        0.6030772924423218,
        0.010891485027968884,
        0.7976084351539612,
        1.0923603773117065
    ],
    [
        0.783351719379425,
        0.035125862807035446,
        -0.6205854415893555,
        -1.3705589771270752,
        -0.03443709388375282,
        0.9993211627006531,
        0.013093525543808937,
        -0.55298912525177,
        0.6206240057945251,
        0.011114337481558323,
        0.7840295433998108,
        1.2121511697769165
    ],
    [
        0.7649461030960083,
        0.03583605960011482,
        -0.6430965662002563,
        -1.4974514245986938,
        -0.035510558634996414,
        0.9992788434028625,
        0.013445178046822548,
        -0.608131468296051,
        0.6431146264076233,
        0.01255189348012209,
        0.7656670212745667,
        1.3475908041000366
    ],
    [
        0.7482703924179077,
        0.036628834903240204,
        -0.6623818278312683,
        -1.6256803274154663,
        -0.0366559773683548,
        0.9992319941520691,
        0.013847168534994125,
        -0.642573893070221,
        0.6623803377151489,
        0.013918833807110786,
        0.7490383386611938,
        1.473399043083191
    ],
    [
        0.7351464033126831,
        0.03751667961478233,
        -0.6768694519996643,
        -1.7744109630584717,
        -0.03771659731864929,
        0.9991844892501831,
        0.014417643658816814,
        -0.6643768548965454,
        0.6768583655357361,
        0.014930128119885921,
        0.7359617948532104,
        1.6070700883865356
    ],
    [
        0.7248220443725586,
        0.03707561269402504,
        -0.68793785572052,
        -1.9322706460952759,
        -0.038007598370313644,
        0.9991820454597473,
        0.013804364018142223,
        -0.7087987065315247,
        0.6878868937492371,
        0.016141146421432495,
        0.7256384491920471,
        1.7400158643722534
    ],
    [
        0.7181704044342041,
        0.03976153954863548,
        -0.6947305202484131,
        -2.0823330879211426,
        -0.03928164020180702,
        0.9990907311439514,
        0.016574004665017128,
        -0.7352671027183533,
        0.6947577595710754,
        0.015387186780571938,
        0.7190791964530945,
        1.859726071357727
    ],
    [
        0.713792622089386,
        0.03893256187438965,
        -0.6992740631103516,
        -2.245178699493408,
        -0.04030656814575195,
        0.9990823268890381,
        0.01448118593543768,
        -0.7356957197189331,
        0.6991962790489197,
        0.01784876361489296,
        0.71470707654953,
        1.9905649423599243
    ],
    [
        0.709851086139679,
        0.0389447845518589,
        -0.7032742500305176,
        -2.429421901702881,
        -0.0415249727666378,
        0.9990475177764893,
        0.01341031864285469,
        -0.7629412412643433,
        0.7031266689300537,
        0.01968410797417164,
        0.7107921838760376,
        2.1187996864318848
    ],
    [
        0.7060339450836182,
        0.040110211819410324,
        -0.7070412635803223,
        -2.5997745990753174,
        -0.04229133203625679,
        0.9990009069442749,
        0.014441901817917824,
        -0.7879753708839417,
        0.7069140076637268,
        0.019705241546034813,
        0.707024872303009,
        2.2366111278533936
    ],
    [
        0.7051842212677002,
        0.04228761047124863,
        -0.7077618837356567,
        -2.789897918701172,
        -0.043849777430295944,
        0.9989100694656372,
        0.01599317416548729,
        -0.7833516597747803,
        0.7076669335365295,
        0.019757069647312164,
        0.7062700390815735,
        2.352297782897949
    ],
    [
        0.704489529132843,
        0.04216070473194122,
        -0.7084609866142273,
        -2.9835047721862793,
        -0.04473307728767395,
        0.9988868832588196,
        0.014961711131036282,
        -0.8041147589683533,
        0.7083032131195068,
        0.02115127071738243,
        0.7055913805961609,
        2.458660125732422
    ],
    [
        0.703938901424408,
        0.04082881286740303,
        -0.7090860605239868,
        -3.1651344299316406,
        -0.045408252626657486,
        0.9988911747932434,
        0.012437001802027225,
        -0.8182395696640015,
        0.7088075280189514,
        0.023443471640348434,
        0.7050122618675232,
        2.5692291259765625
    ]
]