[
    [
        0.9999805688858032,
        0.0004620723775587976,
        0.006223710253834724,
        0.0123014897108078,
        -0.00045838867663405836,
        0.9999997615814209,
        -0.0005932374624535441,
        -0.022136377170681953,
        -0.006223981734365225,
        0.0005903725977987051,
        0.9999804496765137,
        0.7350737452507019
    ],
    [
        0.9999756217002869,
        0.00043796069803647697,
        0.006973820272833109,
        0.016315538436174393,
        -0.0004310053482186049,
        0.999999463558197,
        -0.0009987271623685956,
        -0.02495577372610569,
        -0.006974253803491592,
        0.0009956969879567623,
        0.9999752044677734,
        0.8419928550720215
    ],
    [
        0.9999762773513794,
        0.00026365381199866533,
        0.006881215143948793,
        0.026697110384702682,
        -0.0002556701947469264,
        0.9999993443489075,
        -0.001161085907369852,
        -0.028971735388040543,
        -0.006881516892462969,
        0.001159299281425774,
        0.9999756813049316,
        0.9983953237533569
    ],
    [
        0.9999732971191406,
        0.0004886738606728613,
        0.007291671819984913,
        0.03997509554028511,
        -0.00048262308700941503,
        0.9999995231628418,
        -0.0008315704762935638,
        -0.03478939086198807,
        -0.007292077410966158,
        0.0008280306938104331,
        0.9999730587005615,
        1.1232285499572754
    ],
    [
        0.9999720454216003,
        -0.0003804640145972371,
        0.007460703141987324,
        0.06288743019104004,
        0.0003868190397042781,
        0.9999996423721313,
        -0.0008503776043653488,
        -0.04322538524866104,
        -0.007460376247763634,
        0.0008532393840141594,
        0.9999719262123108,
        1.2808932065963745
    ],
    [
        0.9999703764915466,
        -0.00010281337017659098,
        0.0077019003219902515,
        0.08294200152158737,
        0.00011202862515347078,
        0.9999992847442627,
        -0.0011961194686591625,
        -0.0494840033352375,
        -0.00770177086815238,
        0.0011969463666900992,
        0.9999696612358093,
        1.4229644536972046
    ],
    [
        0.9999710321426392,
        -0.0003626098041422665,
        0.00761046726256609,
        0.09463685005903244,
        0.0003766042646020651,
        0.9999982714653015,
        -0.0018374609062448144,
        -0.052587755024433136,
        -0.007609788794070482,
        0.0018402739660814404,
        0.9999693632125854,
        1.524921178817749
    ],
    [
        0.9999758005142212,
        -9.181477798847482e-05,
        0.006964969914406538,
        0.10427378118038177,
        0.00010765324259409681,
        0.9999974370002747,
        -0.0022736452519893646,
        -0.05234171077609062,
        -0.0069647422060370445,
        0.002274339785799384,
        0.9999732375144958,
        1.664190411567688
    ],
    [
        0.9999772310256958,
        0.0002788648707792163,
        0.006750539410859346,
        0.10977650433778763,
        -0.00026232717209495604,
        0.9999969601631165,
        -0.0024506195914000273,
        -0.05307985469698906,
        -0.006751201115548611,
        0.0024487923365086317,
        0.9999743103981018,
        1.8123743534088135
    ],
    [
        0.9999744296073914,
        0.0002709283435251564,
        0.0071406918577849865,
        0.1110469177365303,
        -0.00025295664090663195,
        0.9999969005584717,
        -0.0025175295304507017,
        -0.057373806834220886,
        -0.0071413516998291016,
        0.002515658736228943,
        0.999971330165863,
        1.923438549041748
    ],
    [
        0.9999799728393555,
        0.00059448869433254,
        0.006296935025602579,
        0.11205403506755829,
        -0.0005771653377451003,
        0.9999960064888,
        -0.002752595115453005,
        -0.06618361920118332,
        -0.006298545282334089,
        0.0027489042840898037,
        0.999976396560669,
        2.059648036956787
    ],
    [
        0.9999787211418152,
        0.0005286584491841495,
        0.006508533377200365,
        0.10963400453329086,
        -0.0005059146787971258,
        0.9999938607215881,
        -0.003495549550279975,
        -0.07303552329540253,
        -0.0065103392116725445,
        0.003492181422188878,
        0.9999728202819824,
        2.1525347232818604
    ],
    [
        0.9999819993972778,
        0.0005655977292917669,
        0.005971066188067198,
        0.10525587946176529,
        -0.0005401563248597085,
        0.9999908208847046,
        -0.004261413589119911,
        -0.08064813166856766,
        -0.005973422899842262,
        0.004258112516254187,
        0.9999730587005615,
        2.2705090045928955
    ],
    [
        0.9999857544898987,
        0.0012279879301786423,
        0.005200299900025129,
        0.10174994170665741,
        -0.0012031932128593326,
        0.9999879002571106,
        -0.004768419545143843,
        -0.08545257151126862,
        -0.005206092726439238,
        0.004762095864862204,
        0.9999752044677734,
        2.3904905319213867
    ],
    [
        0.9999914765357971,
        0.0011428819270804524,
        0.003973081242293119,
        0.10178299248218536,
        -0.0011234612902626395,
        0.9999874830245972,
        -0.0048868777230381966,
        -0.0896255299448967,
        -0.003978617489337921,
        0.0048823729157447815,
        0.9999802112579346,
        2.483914375305176
    ],
    [
        0.9999988079071045,
        0.0010919420747086406,
        0.0010749188950285316,
        0.10837706178426743,
        -0.001086764968931675,
        0.9999879002571106,
        -0.004805062431842089,
        -0.09914308041334152,
        -0.0010801529278978705,
        0.004803888965398073,
        0.9999878406524658,
        2.6133575439453125
    ],
    [
        0.9999973773956299,
        0.0009430611971765757,
        -0.0020882515236735344,
        0.11889835447072983,
        -0.0009530989336781204,
        0.9999880790710449,
        -0.004811086226254702,
        -0.11266279220581055,
        0.0020836899057030678,
        0.004813064355403185,
        0.9999862909317017,
        2.7403905391693115
    ],
    [
        0.9999850988388062,
        0.0008881476242095232,
        -0.005397017113864422,
        0.12650878727436066,
        -0.0009168224642053246,
        0.9999854564666748,
        -0.0053130509331822395,
        -0.12319614738225937,
        0.0053922212682664394,
        0.005317919887602329,
        0.999971330165863,
        2.831709623336792
    ],
    [
        0.9999321699142456,
        0.001078989589586854,
        -0.011597635224461555,
        0.13417914509773254,
        -0.0011456786887720227,
        0.9999828934669495,
        -0.005745078437030315,
        -0.1334114968776703,
        0.011591237969696522,
        0.005757975857704878,
        0.9999162554740906,
        2.9461135864257812
    ],
    [
        0.9998510479927063,
        0.0013336704578250647,
        -0.017208216711878777,
        0.13860394060611725,
        -0.0014381107175722718,
        0.9999806880950928,
        -0.006058285478502512,
        -0.13930755853652954,
        0.0171998031437397,
        0.006082130596041679,
        0.9998336434364319,
        3.0319132804870605
    ],
    [
        0.9996594786643982,
        0.001574843074195087,
        -0.02604525536298752,
        0.14385366439819336,
        -0.0017354798037558794,
        0.9999796152114868,
        -0.006146151572465897,
        -0.14419880509376526,
        0.026035044342279434,
        0.006189261097460985,
        0.9996418356895447,
        3.149169683456421
    ],
    [
        0.9993900656700134,
        0.00209013931453228,
        -0.03486158326268196,
        0.14199122786521912,
        -0.002307490911334753,
        0.9999781847000122,
        -0.006195642054080963,
        -0.14873488247394562,
        0.03484787046909332,
        0.006272306200116873,
        0.9993730187416077,
        3.269819736480713
    ],
    [
        0.9991129040718079,
        0.002412196947261691,
        -0.042041998356580734,
        0.1361950784921646,
        -0.0026698424480855465,
        0.9999780654907227,
        -0.006073214113712311,
        -0.15266156196594238,
        0.04202643036842346,
        0.0061800722032785416,
        0.9990974068641663,
        3.3590962886810303
    ],
    [
        0.9986239075660706,
        0.003181734122335911,
        -0.052347492426633835,
        0.13083726167678833,
        -0.003521157195791602,
        0.9999734163284302,
        -0.006393090821802616,
        -0.15901663899421692,
        0.05232575535774231,
        0.006568617187440395,
        0.9986084699630737,
        3.4653818607330322
    ],
    [
        0.9980021715164185,
        0.003911242354661226,
        -0.06305885314941406,
        0.12480267137289047,
        -0.004353214520961046,
        0.9999669790267944,
        -0.006873037200421095,
        -0.16403713822364807,
        0.06302988529205322,
        0.007133814971894026,
        0.9979861378669739,
        3.5610289573669434
    ]
]