[
    [
        0.9961700439453125,
        -0.010585708543658257,
        0.08679499477148056,
        -0.1470639705657959,
        0.010390560142695904,
        0.9999423623085022,
        0.0026998561806976795,
        0.0101866340264678,
        -0.08681856840848923,
        -0.0017876666970551014,
        0.9962224960327148,
        0.3427191376686096
    ],
    [
        0.9914141297340393,
        -0.013423264026641846,
        0.13006897270679474,
        -0.2198118269443512,
        0.012962136417627335,
        0.9999063014984131,
        0.004391223657876253,
        0.008032707497477531,
        -0.13011574745178223,
        -0.002667549531906843,
        0.9914952516555786,
        0.4865090548992157
    ],
    [
        0.9839524030685425,
        -0.01608036644756794,
        0.17770451307296753,
        -0.28409379720687866,
        0.015086649917066097,
        0.9998621344566345,
        0.006941862404346466,
        0.00010712563380366191,
        -0.17779162526130676,
        -0.0041494970209896564,
        0.9840593338012695,
        0.6414797306060791
    ],
    [
        0.9743953347206116,
        -0.01780392974615097,
        0.22413566708564758,
        -0.34285399317741394,
        0.016307761892676353,
        0.9998306632041931,
        0.008524790406227112,
        -0.004855184815824032,
        -0.22424951195716858,
        -0.004651365336030722,
        0.9745206832885742,
        0.7924801707267761
    ],
    [
        0.9622887969017029,
        -0.016822801902890205,
        0.2715090215206146,
        -0.42501044273376465,
        0.015399549156427383,
        0.9998542070388794,
        0.007371894549578428,
        -0.004919980652630329,
        -0.27159348130226135,
        -0.0029127749148756266,
        0.9624077677726746,
        0.9547659754753113
    ],
    [
        0.9501954913139343,
        -0.015615684911608696,
        0.31126323342323303,
        -0.499873548746109,
        0.014117537066340446,
        0.9998753666877747,
        0.007065785117447376,
        -0.015426856465637684,
        -0.3113348186016083,
        -0.002319606253877282,
        0.9502975344657898,
        1.100075125694275
    ],
    [
        0.934999942779541,
        -0.014449894428253174,
        0.3543532192707062,
        -0.5780042409896851,
        0.013337206095457077,
        0.9998955726623535,
        0.005582256708294153,
        -0.031797319650650024,
        -0.35439684987068176,
        -0.0004933259333483875,
        0.9350948929786682,
        1.2649084329605103
    ],
    [
        0.9211422801017761,
        -0.013995973393321037,
        0.3889743387699127,
        -0.6095899939537048,
        0.014915828593075275,
        0.9998884797096252,
        0.0006550883408635855,
        -0.03609277307987213,
        -0.38894009590148926,
        0.005198445171117783,
        0.9212483763694763,
        1.427525520324707
    ],
    [
        0.9070512652397156,
        -0.014450311660766602,
        0.4207721948623657,
        -0.639739990234375,
        0.018326587975025177,
        0.999818742275238,
        -0.005170173477381468,
        -0.042606569826602936,
        -0.4206210970878601,
        0.012400931678712368,
        0.9071516394615173,
        1.5845117568969727
    ],
    [
        0.8929750323295593,
        -0.015057917684316635,
        0.4498543441295624,
        -0.6629998683929443,
        0.022366849705576897,
        0.9996899366378784,
        -0.010936401784420013,
        -0.0512261837720871,
        -0.44955021142959595,
        0.01982775516808033,
        0.8930349349975586,
        1.754698634147644
    ],
    [
        0.881460964679718,
        -0.01604303903877735,
        0.47198450565338135,
        -0.6638683080673218,
        0.025947513058781624,
        0.9995583891868591,
        -0.014483028091490269,
        -0.06627610325813293,
        -0.47154363989830017,
        0.025013048201799393,
        0.8814878463745117,
        1.9013593196868896
    ],
    [
        0.869519829750061,
        -0.01621890999376774,
        0.49363163113594055,
        -0.6376485824584961,
        0.029620589688420296,
        0.9993741512298584,
        -0.019340192899107933,
        -0.07273029536008835,
        -0.4930090308189392,
        0.03143834322690964,
        0.8694559931755066,
        2.0587944984436035
    ],
    [
        0.857112467288971,
        -0.01545895915478468,
        0.5148971676826477,
        -0.6066259145736694,
        0.032065022736787796,
        0.999212384223938,
        -0.02337661385536194,
        -0.07397175580263138,
        -0.514130175113678,
        0.036546580493450165,
        0.8569331765174866,
        2.217337131500244
    ],
    [
        0.8430199027061462,
        -0.014505733735859394,
        0.5376867055892944,
        -0.5766229033470154,
        0.033334679901599884,
        0.9991238117218018,
        -0.025309860706329346,
        -0.07454635947942734,
        -0.5368484258651733,
        0.03926033154129982,
        0.8427647352218628,
        2.388793468475342
    ],
    [
        0.827813982963562,
        -0.014864448457956314,
        0.5608057379722595,
        -0.5433705449104309,
        0.03401966765522957,
        0.9991393089294434,
        -0.023734252899885178,
        -0.08605875819921494,
        -0.5599702000617981,
        0.038725968450307846,
        0.8276071548461914,
        2.562020778656006
    ],
    [
        0.8155497312545776,
        -0.015237090177834034,
        0.5784863829612732,
        -0.4974605143070221,
        0.034860868006944656,
        0.9991313219070435,
        -0.022830123081803322,
        -0.09026643633842468,
        -0.5776360034942627,
        0.03878563269972801,
        0.8153725266456604,
        2.7014782428741455
    ],
    [
        0.801784336566925,
        -0.01500991266220808,
        0.5974249839782715,
        -0.43020138144493103,
        0.03528197109699249,
        0.9991296529769897,
        -0.022248288616538048,
        -0.09083499014377594,
        -0.5965710878372192,
        0.038916658610105515,
        0.8016161322593689,
        2.8581995964050293
    ],
    [
        0.7879822254180908,
        -0.014018027111887932,
        0.6155385375022888,
        -0.3593790829181671,
        0.03503040596842766,
        0.9991421103477478,
        -0.022090142592787743,
        -0.09184273332357407,
        -0.6147007346153259,
        0.03896920010447502,
        0.7877971529960632,
        3.0105769634246826
    ],
    [
        0.7752417922019958,
        -0.014751538634300232,
        0.6314923167228699,
        -0.28072747588157654,
        0.035281721502542496,
        0.9991777539253235,
        -0.019972460344433784,
        -0.10298685729503632,
        -0.6306785345077515,
        0.037763629108667374,
        0.7751247882843018,
        3.1604671478271484
    ],
    [
        0.7647860646247864,
        -0.015068053267896175,
        0.6441080570220947,
        -0.18719051778316498,
        0.03563033789396286,
        0.9991857409477234,
        -0.018931299448013306,
        -0.11428969353437424,
        -0.6432983875274658,
        0.03742818161845207,
        0.7647002339363098,
        3.2982211112976074
    ],
    [
        0.7572952508926392,
        -0.012815888039767742,
        0.6529468894004822,
        -0.09648186713457108,
        0.03505118563771248,
        0.9991639852523804,
        -0.021041404455900192,
        -0.11512396484613419,
        -0.6521313786506653,
        0.03882111608982086,
        0.7571113705635071,
        3.413527011871338
    ],
    [
        0.7491874098777771,
        -0.008459072560071945,
        0.6623039245605469,
        0.00455821305513382,
        0.033456068485975266,
        0.9991253614425659,
        -0.025083933025598526,
        -0.11487216502428055,
        -0.6615126729011536,
        0.040950655937194824,
        0.74881511926651,
        3.55015230178833
    ],
    [
        0.7405256032943726,
        -0.005296629853546619,
        0.6720072031021118,
        0.08712339401245117,
        0.031773004680871964,
        0.999126672744751,
        -0.02713768742978573,
        -0.1264723539352417,
        -0.6712765693664551,
        0.04144784063100815,
        0.7400471568107605,
        3.6895081996917725
    ],
    [
        0.7324168682098389,
        -0.0017670625820755959,
        0.6808541417121887,
        0.1613181233406067,
        0.030299775302410126,
        0.9990905523300171,
        -0.0300014466047287,
        -0.13360695540905,
        -0.6801819801330566,
        0.04260329157114029,
        0.7318042516708374,
        3.8255646228790283
    ],
    [
        0.726484477519989,
        0.0018854810623452067,
        0.6871803402900696,
        0.24286730587482452,
        0.02960011176764965,
        0.9989821910858154,
        -0.0340341217815876,
        -0.13508252799510956,
        -0.6865452527999878,
        0.04506587237119675,
        0.7256892323493958,
        3.9501776695251465
    ]
]