[
    [
        0.9999998211860657,
        0.0006409903289750218,
        4.7344765334855765e-05,
        0.11662446707487106,
        -0.0006409477791748941,
        0.999999463558197,
        -0.0008865436539053917,
        0.0025912781711667776,
        -4.791323954123072e-05,
        0.0008865136187523603,
        0.9999996423721313,
        0.0065622185356915
    ],
    [
        0.9999997019767761,
        0.0008901425753720105,
        0.00011889209417859092,
        0.13753853738307953,
        -0.0008900205139070749,
        0.9999990463256836,
        -0.001026832265779376,
        0.002631333190947771,
        -0.00011980593262705952,
        0.0010267258621752262,
        0.9999995231628418,
        0.008064460009336472
    ],
    [
        0.999999463558197,
        0.0010183058911934495,
        0.00036698035546578467,
        0.15838097035884857,
        -0.0010179242817685008,
        0.9999990463256836,
        -0.0010390112875029445,
        0.002610212890431285,
        -0.0003680386580526829,
        0.0010386379435658455,
        0.9999994039535522,
        0.009592002257704735
    ],
    [
        0.9999992251396179,
        0.001132159261032939,
        0.000569920870475471,
        0.17904531955718994,
        -0.001131471828557551,
        0.9999986886978149,
        -0.0012047408381476998,
        0.002875091740861535,
        -0.0005712832207791507,
        0.0012040951987728477,
        0.9999991655349731,
        0.011019475758075714
    ],
    [
        0.9999988675117493,
        0.0013973821187391877,
        0.0005450337775982916,
        0.20017993450164795,
        -0.0013965900288894773,
        0.9999980330467224,
        -0.0014508088352158666,
        0.002901684259995818,
        -0.000547060277312994,
        0.0014500460820272565,
        0.9999988079071045,
        0.012553914450109005
    ],
    [
        0.9999986290931702,
        0.0014935634098947048,
        0.0007644081488251686,
        0.22819176316261292,
        -0.0014923065900802612,
        0.9999975562095642,
        -0.0016415149439126253,
        0.0029436072800308466,
        -0.0007668578182347119,
        0.0016403717454522848,
        0.9999983310699463,
        0.014696246013045311
    ],
    [
        0.9999984502792358,
        0.0015113767003640532,
        0.000925061700399965,
        0.2491966336965561,
        -0.0015096883289515972,
        0.9999972581863403,
        -0.001823455560952425,
        0.0028211416210979223,
        -0.0009278153884224594,
        0.0018220568308606744,
        0.9999979734420776,
        0.016403675079345703
    ],
    [
        0.9999983310699463,
        0.0015465073520317674,
        0.0010118481004610658,
        0.2704704701900482,
        -0.0015444888267666101,
        0.9999968409538269,
        -0.0019923802465200424,
        0.0028302392456680536,
        -0.00101492612157017,
        0.001990813994780183,
        0.9999974966049194,
        0.01815709099173546
    ],
    [
        0.9999979138374329,
        0.0016789069632068276,
        0.0012380259577184916,
        0.2914581894874573,
        -0.0016760264988988638,
        0.9999958872795105,
        -0.0023242689203470945,
        0.002930594375357032,
        -0.0012419231934472919,
        0.0023221890442073345,
        0.999996542930603,
        0.020011957734823227
    ],
    [
        0.9999973177909851,
        0.0018067898927256465,
        0.0014262630138546228,
        0.3130725622177124,
        -0.0018033841624855995,
        0.9999955296516418,
        -0.0023856654297560453,
        0.0029040887020528316,
        -0.0014305670047178864,
        0.002383086597546935,
        0.9999961853027344,
        0.02186945267021656
    ],
    [
        0.9999970197677612,
        0.0017981723649427295,
        0.0016525303944945335,
        0.3415997326374054,
        -0.001793951727449894,
        0.9999951720237732,
        -0.002551787067204714,
        0.0030375078786164522,
        -0.0016571105225011706,
        0.0025488147512078285,
        0.9999953508377075,
        0.024650977924466133
    ],
    [
        0.9999964833259583,
        0.0019167193677276373,
        0.001861384604126215,
        0.3631015717983246,
        -0.0019118668278679252,
        0.9999948740005493,
        -0.002605567453429103,
        0.0029222359880805016,
        -0.0018663684604689479,
        0.0026019993238151073,
        0.9999948740005493,
        0.026730770245194435
    ],
    [
        0.9999955892562866,
        0.002034280216321349,
        0.00219778367318213,
        0.38493746519088745,
        -0.002028253162279725,
        0.9999942779541016,
        -0.0027411142364144325,
        0.002728331834077835,
        -0.0022033476270735264,
        0.002736644586548209,
        0.9999939203262329,
        0.028936132788658142
    ],
    [
        0.9999947547912598,
        0.0020733275450766087,
        0.0024834745563566685,
        0.40660133957862854,
        -0.0020658939611166716,
        0.9999934434890747,
        -0.0029923375695943832,
        0.0024994227569550276,
        -0.0024896629620343447,
        0.0029871913138777018,
        0.9999924898147583,
        0.031076626852154732
    ],
    [
        0.9999943971633911,
        0.001953123020939529,
        0.0027468993794173002,
        0.42840275168418884,
        -0.00194444227963686,
        0.9999931454658508,
        -0.003159332787618041,
        0.0020627628546208143,
        -0.0027530507650226355,
        0.0031539739575237036,
        0.9999911785125732,
        0.033496491611003876
    ],
    [
        0.9999932050704956,
        0.0020923763513565063,
        0.003050452098250389,
        0.45809000730514526,
        -0.0020824570674449205,
        0.9999925494194031,
        -0.0032512338366359472,
        0.0016278744442388415,
        -0.003057232592254877,
        0.0032448593992739916,
        0.9999901056289673,
        0.036834679543972015
    ],
    [
        0.9999925494194031,
        0.0021602732595056295,
        0.003228554967790842,
        0.4799806773662567,
        -0.002149038016796112,
        0.9999915957450867,
        -0.003479361766949296,
        0.0013401180040091276,
        -0.0032360448967665434,
        0.003472397569566965,
        0.9999887943267822,
        0.039453670382499695
    ],
    [
        0.9999915361404419,
        0.002324561355635524,
        0.0033952456433326006,
        0.5021252036094666,
        -0.002312218537554145,
        0.9999907612800598,
        -0.003634606022387743,
        0.0010783789912238717,
        -0.0034036634024232626,
        0.0036267247051000595,
        0.9999876022338867,
        0.04216625541448593
    ],
    [
        0.9999901652336121,
        0.00242099491879344,
        0.003728223731741309,
        0.524212121963501,
        -0.0024062490556389093,
        0.9999892711639404,
        -0.003954645246267319,
        0.000418965908465907,
        -0.003737758146598935,
        0.003945634700357914,
        0.9999852180480957,
        0.04503752291202545
    ],
    [
        0.9999892115592957,
        0.00253330753184855,
        0.00392175791785121,
        0.5466524362564087,
        -0.00251734908670187,
        0.9999886155128479,
        -0.004068711772561073,
        9.708644211059436e-05,
        -0.003932019229978323,
        0.004058795515447855,
        0.9999840259552002,
        0.0481015220284462
    ],
    [
        0.9999866485595703,
        0.0026645155157893896,
        0.004441550932824612,
        0.576149582862854,
        -0.002644635969772935,
        0.9999865889549255,
        -0.004475614055991173,
        -0.0008426741696894169,
        -0.0044534155167639256,
        0.00446380814537406,
        0.999980092048645,
        0.052276574075222015
    ],
    [
        0.9999856948852539,
        0.002625573892146349,
        0.004656455013900995,
        0.5989286303520203,
        -0.0026032880414277315,
        0.9999851584434509,
        -0.004785609431564808,
        -0.001403087517246604,
        -0.004668950568884611,
        0.004773418419063091,
        0.999977707862854,
        0.055558763444423676
    ],
    [
        0.9999837875366211,
        0.00289148255251348,
        0.004916594363749027,
        0.6215546131134033,
        -0.0028674982022494078,
        0.9999840259552002,
        -0.004878294188529253,
        -0.0020967263262718916,
        -0.004930621013045311,
        0.004864117130637169,
        0.9999760389328003,
        0.0590398795902729
    ],
    [
        0.9999820590019226,
        0.003048776416108012,
        0.005175514612346888,
        0.6441051959991455,
        -0.003022734774276614,
        0.9999827146530151,
        -0.005032052751630545,
        -0.0027227234095335007,
        -0.005190767347812653,
        0.005016318056732416,
        0.9999738931655884,
        0.06263219565153122
    ],
    [
        0.9999805688858032,
        0.0033243843354284763,
        0.0052865552715957165,
        0.6741674542427063,
        -0.0032960751559585333,
        0.9999802112579346,
        -0.005354845430701971,
        -0.0037341262213885784,
        -0.00530425226315856,
        0.0053373160772025585,
        0.9999717473983765,
        0.06731723994016647
    ]
]