[
    [
        0.9957807660102844,
        0.018477629870176315,
        -0.08988498151302338,
        -0.11498220264911652,
        -0.018116433173418045,
        0.9998242259025574,
        0.0048326910473406315,
        -0.04249712452292442,
        0.08995848149061203,
        -0.003183905500918627,
        0.9959404468536377,
        0.44285160303115845
    ],
    [
        0.9911304116249084,
        0.024275606498122215,
        -0.1306571215391159,
        -0.12760885059833527,
        -0.023657212033867836,
        0.9997003674507141,
        0.006283261347562075,
        -0.06078219786286354,
        0.1307705044746399,
        -0.003136547515168786,
        0.9914076924324036,
        0.5588381290435791
    ],
    [
        0.9850572347640991,
        0.02959860861301422,
        -0.16966475546360016,
        -0.15425221621990204,
        -0.028879012912511826,
        0.9995603561401367,
        0.006708032451570034,
        -0.07523704320192337,
        0.16978873312473297,
        -0.0017080450197681785,
        0.9854789972305298,
        0.675588071346283
    ],
    [
        0.9776338934898376,
        0.034982308745384216,
        -0.207383930683136,
        -0.19087587296962738,
        -0.03412448987364769,
        0.999387800693512,
        0.00771339749917388,
        -0.09068051725625992,
        0.2075268179178238,
        -0.00046400848077610135,
        0.9782292246818542,
        0.7905969619750977
    ],
    [
        0.9694802761077881,
        0.038681987673044205,
        -0.2420983463525772,
        -0.2395118623971939,
        -0.03814087435603142,
        0.9992483854293823,
        0.0069231693632900715,
        -0.10131537914276123,
        0.24218417704105377,
        0.0025219654198735952,
        0.9702270030975342,
        0.9071481227874756
    ],
    [
        0.9580206274986267,
        0.04501450061798096,
        -0.2831433117389679,
        -0.3033938705921173,
        -0.04452485963702202,
        0.9989749193191528,
        0.008167664520442486,
        -0.11937443912029266,
        0.28322070837020874,
        0.0047821239568293095,
        0.9590428471565247,
        1.0465867519378662
    ],
    [
        0.9472088813781738,
        0.052140552550554276,
        -0.31634899973869324,
        -0.3589446246623993,
        -0.05152837559580803,
        0.9986183047294617,
        0.010306259617209435,
        -0.13764314353466034,
        0.3164493143558502,
        0.006538770627230406,
        0.9485868811607361,
        1.1565579175949097
    ],
    [
        0.934524416923523,
        0.05903017148375511,
        -0.3509695529937744,
        -0.40879783034324646,
        -0.0583951510488987,
        0.9982165098190308,
        0.012403346598148346,
        -0.15322846174240112,
        0.35107576847076416,
        0.008903688751161098,
        0.9363047480583191,
        1.255385398864746
    ],
    [
        0.9194755554199219,
        0.06552200764417648,
        -0.38764867186546326,
        -0.44821107387542725,
        -0.06472467631101608,
        0.9977884888648987,
        0.015127994120121002,
        -0.16914784908294678,
        0.3877825438976288,
        0.011180615052580833,
        0.9216829538345337,
        1.3319672346115112
    ],
    [
        0.9028481841087341,
        0.07276161015033722,
        -0.4237580895423889,
        -0.4841662645339966,
        -0.07161201536655426,
        0.9972579479217529,
        0.01865999400615692,
        -0.18553610146045685,
        0.4239538609981537,
        0.013499024324119091,
        0.9055830836296082,
        1.3981400728225708
    ],
    [
        0.8844062089920044,
        0.07756683975458145,
        -0.46022704243659973,
        -0.5538665652275085,
        -0.07651733607053757,
        0.9968477487564087,
        0.02096771076321602,
        -0.20509041845798492,
        0.4604026973247528,
        0.016671376302838326,
        0.8875536322593689,
        1.5315015316009521
    ],
    [
        0.8695628046989441,
        0.08025763183832169,
        -0.4872567653656006,
        -0.6159454584121704,
        -0.07932234555482864,
        0.9965929985046387,
        0.02259267121553421,
        -0.22232937812805176,
        0.4874098598957062,
        0.019004594534635544,
        0.8729665279388428,
        1.640027642250061
    ],
    [
        0.8565846681594849,
        0.08087898790836334,
        -0.5096286535263062,
        -0.6900279521942139,
        -0.07983662188053131,
        0.9965199828147888,
        0.02396000176668167,
        -0.23793545365333557,
        0.5097929239273071,
        0.02016325667500496,
        0.8600608706474304,
        1.7583122253417969
    ],
    [
        0.8452775478363037,
        0.07991909235715866,
        -0.5283170342445374,
        -0.7791104316711426,
        -0.07881671190261841,
        0.9965842962265015,
        0.024652110412716866,
        -0.2485157996416092,
        0.5284826159477234,
        0.0208023339509964,
        0.8486891984939575,
        1.8857166767120361
    ],
    [
        0.8368191123008728,
        0.08024898916482925,
        -0.5415660738945007,
        -0.8746821284294128,
        -0.07742644101381302,
        0.9966036677360535,
        0.02803814969956875,
        -0.26294535398483276,
        0.541976809501648,
        0.01846868172287941,
        0.8401903510093689,
        2.0103378295898438
    ],
    [
        0.8287258148193359,
        0.08278919756412506,
        -0.5534973740577698,
        -0.9806677103042603,
        -0.07850842922925949,
        0.996415913105011,
        0.03149159252643585,
        -0.28111642599105835,
        0.5541208982467651,
        0.01735631749033928,
        0.8322553634643555,
        2.1545042991638184
    ],
    [
        0.8236260414123535,
        0.08480314165353775,
        -0.5607571005821228,
        -1.057959794998169,
        -0.07951806485652924,
        0.9962578415870667,
        0.03386964276432991,
        -0.29471564292907715,
        0.5615308880805969,
        0.01669439673423767,
        0.8272873163223267,
        2.2693958282470703
    ],
    [
        0.8195583820343018,
        0.08723460882902145,
        -0.5663161873817444,
        -1.1233525276184082,
        -0.0817365050315857,
        0.9960342645645142,
        0.03514081612229347,
        -0.30654412508010864,
        0.5671359300613403,
        0.01748874969780445,
        0.8234385848045349,
        2.3812785148620605
    ],
    [
        0.8184725642204285,
        0.0911257192492485,
        -0.5672730803489685,
        -1.1840225458145142,
        -0.08420702069997787,
        0.9957060217857361,
        0.03845290094614029,
        -0.3218088746070862,
        0.5683412551879883,
        0.01629573106765747,
        0.8226315975189209,
        2.476356029510498
    ],
    [
        0.8191460371017456,
        0.09622101485729218,
        -0.5654566884040833,
        -1.2375991344451904,
        -0.0882665365934372,
        0.9952325224876404,
        0.04148700460791588,
        -0.3362038731575012,
        0.5667528510093689,
        0.01592698134481907,
        0.8237340450286865,
        2.563535451889038
    ],
    [
        0.8241695761680603,
        0.09697680920362473,
        -0.5579784512519836,
        -1.3024976253509521,
        -0.08800289779901505,
        0.9951925873756409,
        0.04297887906432152,
        -0.3532060384750366,
        0.5594639778137207,
        0.013681833632290363,
        0.8287417888641357,
        2.665478229522705
    ],
    [
        0.8335592150688171,
        0.09359627962112427,
        -0.5444435477256775,
        -1.372925043106079,
        -0.08397082984447479,
        0.9955578446388245,
        0.042586326599121094,
        -0.3668917417526245,
        0.5460109114646912,
        0.010219145566225052,
        0.8377158641815186,
        2.753293037414551
    ],
    [
        0.8477595448493958,
        0.08682951331138611,
        -0.5232250094413757,
        -1.4572786092758179,
        -0.07648436725139618,
        0.996211051940918,
        0.04139741510152817,
        -0.3816019594669342,
        0.524837076663971,
        0.004923488944768906,
        0.8511883616447449,
        2.8354580402374268
    ],
    [
        0.8639112114906311,
        0.07921390980482101,
        -0.4973756670951843,
        -1.5452191829681396,
        -0.0681767612695694,
        0.9968571662902832,
        0.04034430533647537,
        -0.3988368511199951,
        0.4990083575248718,
        -0.0009444367024116218,
        0.8665966987609863,
        2.9113552570343018
    ],
    [
        0.8795999884605408,
        0.07234613597393036,
        -0.47018060088157654,
        -1.6327396631240845,
        -0.060658007860183716,
        0.9973573684692383,
        0.039984993636608124,
        -0.4193623661994934,
        0.4718308746814728,
        -0.006650586612522602,
        0.8816640973091125,
        3.0077874660491943
    ]
]