[
    [
        0.9984745979309082,
        -0.01272253505885601,
        0.05372898653149605,
        0.09125380218029022,
        0.012446141801774502,
        0.9999075531959534,
        0.005475697107613087,
        -0.032544076442718506,
        -0.053793683648109436,
        -0.004798625595867634,
        0.9985406398773193,
        0.3064637780189514
    ],
    [
        0.9979532361030579,
        -0.012731151655316353,
        0.06266770511865616,
        0.09432912617921829,
        0.012384581379592419,
        0.9999058246612549,
        0.0059156231582164764,
        -0.03700989484786987,
        -0.0627371147274971,
        -0.00512740109115839,
        0.9980169534683228,
        0.3559616506099701
    ],
    [
        0.9973735213279724,
        -0.013801375404000282,
        0.07110260426998138,
        0.09921654313802719,
        0.013344593346118927,
        0.9998871088027954,
        0.006895306520164013,
        -0.04319649189710617,
        -0.0711897611618042,
        -0.005928359925746918,
        0.9974451065063477,
        0.4048839807510376
    ],
    [
        0.996807873249054,
        -0.014903319999575615,
        0.07843401283025742,
        0.10513140261173248,
        0.014329414814710617,
        0.9998663067817688,
        0.007874821312725544,
        -0.0492074154317379,
        -0.07854089140892029,
        -0.00672577042132616,
        0.9968882203102112,
        0.4533970355987549
    ],
    [
        0.9961255192756653,
        -0.017175137996673584,
        0.08624958992004395,
        0.11706876754760742,
        0.016485007479786873,
        0.9998262524604797,
        0.008707473054528236,
        -0.05773003026843071,
        -0.08638414740562439,
        -0.007251910399645567,
        0.9962355494499207,
        0.5185289978981018
    ],
    [
        0.995650589466095,
        -0.019090691581368446,
        0.09118936955928802,
        0.12718671560287476,
        0.01835869625210762,
        0.9997921586036682,
        0.008859378285706043,
        -0.06272554397583008,
        -0.09133955836296082,
        -0.007146727293729782,
        0.9957940578460693,
        0.5664483308792114
    ],
    [
        0.9951602220535278,
        -0.019959596917033195,
        0.09621692448854446,
        0.13573487102985382,
        0.019216438755393028,
        0.9997779130935669,
        0.008644303306937218,
        -0.06708111613988876,
        -0.09636809676885605,
        -0.006753518711775541,
        0.9953230023384094,
        0.6146690845489502
    ],
    [
        0.9945241212844849,
        -0.020368240773677826,
        0.10250260680913925,
        0.147071972489357,
        0.019617276266217232,
        0.9997729063034058,
        0.008329138159751892,
        -0.07161031663417816,
        -0.10264898091554642,
        -0.006272707134485245,
        0.9946978092193604,
        0.6778613328933716
    ],
    [
        0.9941121935844421,
        -0.020534394308924675,
        0.10639266669750214,
        0.15764281153678894,
        0.019847339019179344,
        0.9997748136520386,
        0.00751264626160264,
        -0.07436081767082214,
        -0.10652296245098114,
        -0.0053568012081086636,
        0.9942957758903503,
        0.728212296962738
    ],
    [
        0.9937199354171753,
        -0.020819682627916336,
        0.1099415048956871,
        0.16841289401054382,
        0.020095864310860634,
        0.9997684955596924,
        0.007687719073146582,
        -0.0793323740363121,
        -0.11007612198591232,
        -0.005430069752037525,
        0.9939082860946655,
        0.7829588055610657
    ],
    [
        0.9933374524116516,
        -0.02124004065990448,
        0.11326759308576584,
        0.18006634712219238,
        0.020422156900167465,
        0.999756395816803,
        0.00837639905512333,
        -0.08454207330942154,
        -0.11341790854930878,
        -0.0060074226930737495,
        0.9935291409492493,
        0.8401772379875183
    ],
    [
        0.9927234053611755,
        -0.021541090682148933,
        0.1184740737080574,
        0.19178137183189392,
        0.020579718053340912,
        0.999744713306427,
        0.00933218002319336,
        -0.09102744609117508,
        -0.1186448410153389,
        -0.0068261101841926575,
        0.9929133057594299,
        0.9155746102333069
    ],
    [
        0.9922049045562744,
        -0.021880876272916794,
        0.12268131971359253,
        0.19846111536026,
        0.020846299827098846,
        0.9997355341911316,
        0.009710418060421944,
        -0.09535903483629227,
        -0.122861348092556,
        -0.007077271118760109,
        0.9923986792564392,
        0.9715882539749146
    ],
    [
        0.9915609955787659,
        -0.021885717287659645,
        0.12778082489967346,
        0.2017669528722763,
        0.020751630887389183,
        0.9997326731681824,
        0.010199977084994316,
        -0.09927701950073242,
        -0.1279699057340622,
        -0.007462237495929003,
        0.9917499423027039,
        1.0276328325271606
    ],
    [
        0.9903508424758911,
        -0.021942252293229103,
        0.13683542609214783,
        0.19913965463638306,
        0.020603111013770103,
        0.9997250437736511,
        0.011195287108421326,
        -0.10492723435163498,
        -0.13704347610473633,
        -0.008268022909760475,
        0.9905304312705994,
        1.1031676530838013
    ],
    [
        0.989250123500824,
        -0.022472087293863297,
        0.14449624717235565,
        0.19367600977420807,
        0.020939458161592484,
        0.9997072815895081,
        0.012118984945118427,
        -0.1097213625907898,
        -0.14472630620002747,
        -0.008963033556938171,
        0.9894311428070068,
        1.1566448211669922
    ],
    [
        0.9876954555511475,
        -0.0244748517870903,
        0.15446215867996216,
        0.18088187277317047,
        0.02257012203335762,
        0.9996461868286133,
        0.014073247089982033,
        -0.11726965755224228,
        -0.1547519415616989,
        -0.010413852520287037,
        0.9878984093666077,
        1.2088271379470825
    ],
    [
        0.9859265089035034,
        -0.0257169958204031,
        0.16518943011760712,
        0.16616769134998322,
        0.023410160094499588,
        0.9995995759963989,
        0.015896903350949287,
        -0.12375308573246002,
        -0.16553209722042084,
        -0.011806070804595947,
        0.9861337542533875,
        1.2625072002410889
    ],
    [
        0.9838765263557434,
        -0.0277908593416214,
        0.1766766607761383,
        0.15289300680160522,
        0.02491621859371662,
        0.9995189905166626,
        0.01846880279481411,
        -0.13400733470916748,
        -0.17710493505001068,
        -0.013768905773758888,
        0.9840956926345825,
        1.3340610265731812
    ],
    [
        0.9826341271400452,
        -0.029415111988782883,
        0.18320736289024353,
        0.14865246415138245,
        0.02613200433552265,
        0.9994521141052246,
        0.02030923217535019,
        -0.14169707894325256,
        -0.18370437622070312,
        -0.01516896951943636,
        0.982864499092102,
        1.3876500129699707
    ],
    [
        0.981751024723053,
        -0.030387474223971367,
        0.18772760033607483,
        0.15022854506969452,
        0.026814410462975502,
        0.9994083046913147,
        0.02154407650232315,
        -0.14753320813179016,
        -0.1882711946964264,
        -0.01611710898578167,
        0.9819847345352173,
        1.4431613683700562
    ],
    [
        0.98091721534729,
        -0.03079725243151188,
        0.19197122752666473,
        0.15699319541454315,
        0.027189582586288452,
        0.9994012117385864,
        0.021399466320872307,
        -0.1520906388759613,
        -0.1925153136253357,
        -0.01577148586511612,
        0.9811672568321228,
        1.5184810161590576
    ],
    [
        0.9802616834640503,
        -0.031104503199458122,
        0.19524194300174713,
        0.16197210550308228,
        0.027521928772330284,
        0.9993998408317566,
        0.021036144345998764,
        -0.15522819757461548,
        -0.19577908515930176,
        -0.015247493050992489,
        0.9805294871330261,
        1.5736795663833618
    ],
    [
        0.9796964526176453,
        -0.031110653653740883,
        0.19805791974067688,
        0.16853637993335724,
        0.027525437995791435,
        0.9994040727615356,
        0.020829955115914345,
        -0.15872439742088318,
        -0.19858792424201965,
        -0.01495540514588356,
        0.9799690246582031,
        1.6278786659240723
    ],
    [
        0.9788163900375366,
        -0.031439341604709625,
        0.20231172442436218,
        0.17725631594657898,
        0.02763359248638153,
        0.9993844628334045,
        0.021609116345643997,
        -0.16654029488563538,
        -0.2028665691614151,
        -0.015560759231448174,
        0.9790827631950378,
        1.6982243061065674
    ]
]