[
    [
        0.9215468168258667,
        -0.05351749435067177,
        0.384561151266098,
        0.31439536809921265,
        0.05054345726966858,
        0.9985623955726624,
        0.01784474030137062,
        0.01916337013244629,
        -0.3849633038043976,
        0.002992282621562481,
        0.9229270815849304,
        -0.0029299475718289614
    ],
    [
        0.8945221304893494,
        -0.06288779526948929,
        0.44257795810699463,
        0.4367027282714844,
        0.06192996725440025,
        0.9979419708251953,
        0.01663128286600113,
        0.026155637577176094,
        -0.44271302223205566,
        0.01253178808838129,
        0.8965758085250854,
        0.001344136311672628
    ],
    [
        0.8666836619377136,
        -0.069846011698246,
        0.49394431710243225,
        0.5712088346481323,
        0.07272747159004211,
        0.9972617030143738,
        0.0134084802120924,
        0.029165299609303474,
        -0.49352824687957764,
        0.024302411824464798,
        0.8693902492523193,
        0.058482103049755096
    ],
    [
        0.83658766746521,
        -0.07419688999652863,
        0.5427852869033813,
        0.7090668082237244,
        0.07774320989847183,
        0.996837854385376,
        0.01643974334001541,
        0.00390540505759418,
        -0.5422887206077576,
        0.02844458632171154,
        0.8397106528282166,
        0.19276602566242218
    ],
    [
        0.8094951510429382,
        -0.07591218501329422,
        0.5821983814239502,
        0.8244550824165344,
        0.07813303917646408,
        0.9967148303985596,
        0.021323470398783684,
        -0.011523513123393059,
        -0.5819045305252075,
        0.028227685019373894,
        0.812766969203949,
        0.3397614657878876
    ],
    [
        0.7883752584457397,
        -0.07413499057292938,
        0.610711395740509,
        0.9746764302253723,
        0.07437867671251297,
        0.9969165921211243,
        0.025000518187880516,
        -0.007149215321987867,
        -0.6106817722320557,
        0.02571411244571209,
        0.7914585471153259,
        0.5263890027999878
    ],
    [
        0.7751059532165527,
        -0.07657118886709213,
        0.6271742582321167,
        1.1384981870651245,
        0.071114681661129,
        0.9968945980072021,
        0.03382151201367378,
        -0.020262546837329865,
        -0.6278164982795715,
        0.018386051058769226,
        0.7781442999839783,
        0.7000151872634888
    ],
    [
        0.773106038570404,
        -0.08462868630886078,
        0.6286056637763977,
        1.3134368658065796,
        0.07080067694187164,
        0.9963794350624084,
        0.0470658503472805,
        -0.043882694095373154,
        -0.6303128600120544,
        0.008118810132145882,
        0.7762988209724426,
        0.8545792698860168
    ],
    [
        0.7836989760398865,
        -0.0852232351899147,
        0.6152665615081787,
        1.4983824491500854,
        0.06727629899978638,
        0.9963618516921997,
        0.05231684818863869,
        -0.06341933459043503,
        -0.6174867153167725,
        0.0003921978350263089,
        0.7865811586380005,
        0.9655982851982117
    ],
    [
        0.8020614385604858,
        -0.07735798507928848,
        0.5922105312347412,
        1.707965612411499,
        0.060328006744384766,
        0.9969983100891113,
        0.048528365790843964,
        -0.0751294419169426,
        -0.5941869020462036,
        -0.0031958408653736115,
        0.8043206334114075,
        1.0510356426239014
    ],
    [
        0.8214816451072693,
        -0.061874181032180786,
        0.5668680667877197,
        1.8658058643341064,
        0.04880449175834656,
        0.9980769753456116,
        0.038215603679418564,
        -0.09877253323793411,
        -0.5681425929069519,
        -0.0037277063820511103,
        0.8229217529296875,
        1.1231958866119385
    ],
    [
        0.8448716998100281,
        -0.03915032371878624,
        0.533534586429596,
        2.0158424377441406,
        0.03349955007433891,
        0.999233067035675,
        0.020275091752409935,
        -0.11238691210746765,
        -0.5339190363883972,
        0.0007433288265019655,
        0.8455353379249573,
        1.1915972232818604
    ],
    [
        0.8706133365631104,
        -0.017895175144076347,
        0.4916422665119171,
        2.1561248302459717,
        0.017276398837566376,
        0.9998339414596558,
        0.0057992348447442055,
        -0.1344468593597412,
        -0.49166446924209595,
        0.0034449126105755568,
        0.8707780241966248,
        1.259251594543457
    ],
    [
        0.8973528146743774,
        -0.006908661685883999,
        0.44125959277153015,
        2.29811692237854,
        0.008209153078496456,
        0.9999657273292542,
        -0.0010381119791418314,
        -0.14245687425136566,
        -0.4412374198436737,
        0.004553921986371279,
        0.8973788022994995,
        1.3185290098190308
    ],
    [
        0.9256139397621155,
        0.004464082419872284,
        0.3784424066543579,
        2.430938959121704,
        -0.0012843927834182978,
        0.999961793422699,
        -0.00865404587239027,
        -0.1402321606874466,
        -0.3784666359424591,
        0.007524238433688879,
        0.9255844354629517,
        1.3927148580551147
    ],
    [
        0.9511630535125732,
        0.012505012564361095,
        0.3084355592727661,
        2.54939603805542,
        -0.010408793576061726,
        0.9999101758003235,
        -0.008440772071480751,
        -0.15019159018993378,
        -0.3085134029388428,
        0.004818109795451164,
        0.9512078166007996,
        1.4855015277862549
    ],
    [
        0.9706637859344482,
        0.015737997367978096,
        0.23992541432380676,
        2.650819778442383,
        -0.015032636001706123,
        0.9998756051063538,
        -0.0047698370181024075,
        -0.17331615090370178,
        -0.23997065424919128,
        0.0010231967316940427,
        0.9707795977592468,
        1.568164587020874
    ],
    [
        0.9878880381584167,
        0.01400822028517723,
        0.1545344591140747,
        2.769775390625,
        -0.01472670678049326,
        0.9998853206634521,
        0.0035055396147072315,
        -0.1833198070526123,
        -0.15446770191192627,
        -0.005738864187151194,
        0.9879811406135559,
        1.6621936559677124
    ],
    [
        0.997543454170227,
        0.011251917108893394,
        0.0691399946808815,
        2.8587729930877686,
        -0.012142512015998363,
        0.9998484253883362,
        0.012474313378334045,
        -0.1791166365146637,
        -0.06898918747901917,
        -0.013283205218613148,
        0.9975290298461914,
        1.7750604152679443
    ],
    [
        0.9999511241912842,
        0.00969347171485424,
        -0.001908272155560553,
        2.917056083679199,
        -0.009647101163864136,
        0.9996896982192993,
        0.022965440526604652,
        -0.19250260293483734,
        0.0021301608067005873,
        -0.022945910692214966,
        0.9997344017028809,
        1.9025973081588745
    ],
    [
        0.9974438548088074,
        0.011865547858178616,
        -0.07046213001012802,
        2.9747889041900635,
        -0.009474745020270348,
        0.9993712306022644,
        0.03416799008846283,
        -0.20893794298171997,
        0.07082314789295197,
        -0.03341304510831833,
        0.9969291090965271,
        2.0376250743865967
    ],
    [
        0.9906574487686157,
        0.014184258878231049,
        -0.1356354057788849,
        3.037085771560669,
        -0.008791125379502773,
        0.9991498589515686,
        0.04027865082025528,
        -0.2239481508731842,
        0.1360914707183838,
        -0.03870995715260506,
        0.9899396300315857,
        2.1874542236328125
    ],
    [
        0.9819912910461426,
        0.018947206437587738,
        -0.187974214553833,
        3.0872275829315186,
        -0.010972518473863602,
        0.9989985823631287,
        0.0433746837079525,
        -0.2339324653148651,
        0.18860787153244019,
        -0.04053101688623428,
        0.98121577501297,
        2.318690299987793
    ],
    [
        0.9711530804634094,
        0.03062133677303791,
        -0.23648251593112946,
        3.1006104946136475,
        -0.01921704038977623,
        0.9985451698303223,
        0.050380490720272064,
        -0.2550859749317169,
        0.23768116533756256,
        -0.04438268020749092,
        0.970328688621521,
        2.4858767986297607
    ],
    [
        0.9586958289146423,
        0.04641970992088318,
        -0.280620276927948,
        3.0940470695495605,
        -0.03187312185764313,
        0.9979115128517151,
        0.056183233857154846,
        -0.26746416091918945,
        0.28264227509498596,
        -0.04491838440299034,
        0.9581732153892517,
        2.6512017250061035
    ]
]