[
    [
        0.9998893737792969,
        -0.013795909471809864,
        0.005568846594542265,
        -0.40949559211730957,
        0.01377524621784687,
        0.9998981356620789,
        0.0037317504175007343,
        -0.0511261448264122,
        -0.005619761534035206,
        -0.0036546248011291027,
        0.9999775886535645,
        -0.16631139814853668
    ],
    [
        0.9998750686645508,
        -0.011083638295531273,
        0.011268531903624535,
        -0.5668177604675293,
        0.011036326177418232,
        0.9999300241470337,
        0.00425212224945426,
        -0.057738110423088074,
        -0.011314873583614826,
        -0.0041272290982306,
        0.9999275207519531,
        -0.21687355637550354
    ],
    [
        0.9998221397399902,
        -0.008968516252934933,
        0.016593651846051216,
        -0.7319951057434082,
        0.00888486672192812,
        0.9999474883079529,
        0.005107969976961613,
        -0.06356368958950043,
        -0.016638590022921562,
        -0.004959628451615572,
        0.9998492002487183,
        -0.26685187220573425
    ],
    [
        0.999736487865448,
        -0.0071622589603066444,
        0.02180909737944603,
        -0.9088976383209229,
        0.0070336912758648396,
        0.9999574422836304,
        0.0059661949053406715,
        -0.06493257731199265,
        -0.02185090072453022,
        -0.005811224691569805,
        0.9997443556785583,
        -0.3160131275653839
    ],
    [
        0.9996208548545837,
        -0.0066118985414505005,
        0.026730263605713844,
        -1.096323013305664,
        0.006168195512145758,
        0.9998424649238586,
        0.016648072749376297,
        -0.09368877112865448,
        -0.02683613821864128,
        -0.016476882621645927,
        0.999504029750824,
        -0.35404297709465027
    ],
    [
        0.9995273351669312,
        -0.00767257995903492,
        0.02976623736321926,
        -1.2855298519134521,
        0.006853983737528324,
        0.9995980858802795,
        0.027505498379468918,
        -0.12374322861433029,
        -0.029965316876769066,
        -0.02728848159313202,
        0.9991784691810608,
        -0.38916194438934326
    ],
    [
        0.999413251876831,
        -0.009068871848285198,
        0.03302882984280586,
        -1.4841511249542236,
        0.007971955463290215,
        0.9994171261787415,
        0.03319244831800461,
        -0.13768692314624786,
        -0.03331063315272331,
        -0.03290966898202896,
        0.9989029765129089,
        -0.42714929580688477
    ],
    [
        0.9993120431900024,
        -0.010281965136528015,
        0.03563395515084267,
        -1.6852058172225952,
        0.008943803608417511,
        0.9992561936378479,
        0.03751141205430031,
        -0.14597195386886597,
        -0.03599314019083977,
        -0.03716690465807915,
        0.998660683631897,
        -0.4575355648994446
    ],
    [
        0.9992004632949829,
        -0.011453424580395222,
        0.03830328211188316,
        -1.8855645656585693,
        0.009727700613439083,
        0.9989421963691711,
        0.0449407696723938,
        -0.16402089595794678,
        -0.03877754136919975,
        -0.04453223943710327,
        0.9982550144195557,
        -0.47704148292541504
    ],
    [
        0.9990075826644897,
        -0.013758224435150623,
        0.042361583560705185,
        -2.081188201904297,
        0.011407778598368168,
        0.9984081387519836,
        0.055235203355550766,
        -0.19191217422485352,
        -0.043054092675447464,
        -0.054697129875421524,
        0.9975743293762207,
        -0.48880836367607117
    ],
    [
        0.9988259673118591,
        -0.017430562525987625,
        0.04519585147500038,
        -2.2551777362823486,
        0.014567981474101543,
        0.9979128241539001,
        0.06291062384843826,
        -0.21316805481910706,
        -0.04619808495044708,
        -0.0621783584356308,
        0.9969953298568726,
        -0.5042847394943237
    ],
    [
        0.9985693097114563,
        -0.01929587312042713,
        0.04987165704369545,
        -2.4161219596862793,
        0.016125235706567764,
        0.9978697299957275,
        0.0632144883275032,
        -0.21126241981983185,
        -0.0509851835668087,
        -0.06231984868645668,
        0.9967530369758606,
        -0.5205004811286926
    ],
    [
        0.9982200264930725,
        -0.02128490060567856,
        0.055712584406137466,
        -2.5609445571899414,
        0.017662812024354935,
        0.9977472424507141,
        0.06471770256757736,
        -0.21290381252765656,
        -0.056964531540870667,
        -0.06361845880746841,
        0.9963471293449402,
        -0.5352473258972168
    ],
    [
        0.9976975321769714,
        -0.023662643507122993,
        0.063557468354702,
        -2.6963131427764893,
        0.019258588552474976,
        0.9974285364151001,
        0.0690326914191246,
        -0.22253069281578064,
        -0.06502755731344223,
        -0.0676497220993042,
        0.9955877661705017,
        -0.5483435988426208
    ],
    [
        0.9968321919441223,
        -0.025932157412171364,
        0.07518701255321503,
        -2.8278968334198,
        0.020224979147315025,
        0.9969255328178406,
        0.07569819688796997,
        -0.24029332399368286,
        -0.07691887766122818,
        -0.07393774390220642,
        0.9942920207977295,
        -0.5620286464691162
    ],
    [
        0.9956228137016296,
        -0.026881137862801552,
        0.0895133912563324,
        -2.949706792831421,
        0.019364794716238976,
        0.9962941408157349,
        0.08380301296710968,
        -0.2693015933036804,
        -0.09143434464931488,
        -0.08170277625322342,
        0.9924536943435669,
        -0.586562991142273
    ],
    [
        0.99391770362854,
        -0.027510514482855797,
        0.10663436353206635,
        -3.067460298538208,
        0.01767517440021038,
        0.9955922961235046,
        0.09210530668497086,
        -0.30067944526672363,
        -0.10869823396205902,
        -0.08966030925512314,
        0.990023136138916,
        -0.6130174398422241
    ],
    [
        0.9924103021621704,
        -0.028646456077694893,
        0.11958664655685425,
        -3.1544504165649414,
        0.01660587452352047,
        0.9947991371154785,
        0.10049300640821457,
        -0.3284834027290344,
        -0.12184347212314606,
        -0.09774446487426758,
        0.9877248406410217,
        -0.6390034556388855
    ],
    [
        0.9908576607704163,
        -0.030235398560762405,
        0.131479874253273,
        -3.2322404384613037,
        0.0160844586789608,
        0.9940871000289917,
        0.10738682001829147,
        -0.35118556022644043,
        -0.13394933938980103,
        -0.10429026931524277,
        0.985485315322876,
        -0.6590989232063293
    ],
    [
        0.9889307022094727,
        -0.03143731877207756,
        0.1450098603963852,
        -3.3099870681762695,
        0.014917234890162945,
        0.9934107065200806,
        0.11363409459590912,
        -0.3712882399559021,
        -0.14762666821479797,
        -0.11021309345960617,
        0.9828832149505615,
        -0.674342155456543
    ],
    [
        0.986732542514801,
        -0.03187185525894165,
        0.15919449925422668,
        -3.3822221755981445,
        0.01322986837476492,
        0.9930654168128967,
        0.11681611090898514,
        -0.38211873173713684,
        -0.16181372106075287,
        -0.1131601557135582,
        0.9803116917610168,
        -0.6869136691093445
    ],
    [
        0.9844784140586853,
        -0.03278595581650734,
        0.17241652309894562,
        -3.454432487487793,
        0.011638535186648369,
        0.9924296736717224,
        0.12226133793592453,
        -0.3950199782848358,
        -0.17511971294879913,
        -0.11835695058107376,
        0.9774071574211121,
        -0.7002332210540771
    ],
    [
        0.9822629690170288,
        -0.03382525593042374,
        0.1844324767589569,
        -3.5259945392608643,
        0.009795527905225754,
        0.9915082454681396,
        0.1296747922897339,
        -0.4081369638442993,
        -0.18725255131721497,
        -0.12556813657283783,
        0.9742531180381775,
        -0.7124908566474915
    ],
    [
        0.9797642230987549,
        -0.03435381129384041,
        0.19718468189239502,
        -3.603079319000244,
        0.006957337260246277,
        0.9904104471206665,
        0.13798144459724426,
        -0.4210067689418793,
        -0.20003396272659302,
        -0.1338174194097519,
        0.970607578754425,
        -0.723656952381134
    ],
    [
        0.9770728349685669,
        -0.035032227635383606,
        0.21000297367572784,
        -3.68096923828125,
        0.0038731021340936422,
        0.9891312122344971,
        0.14698439836502075,
        -0.43140411376953125,
        -0.21286970376968384,
        -0.14280110597610474,
        0.9665890336036682,
        -0.7357345223426819
    ]
]