[
    [
        0.856656014919281,
        0.021031523123383522,
        0.5154591798782349,
        0.17663995921611786,
        -0.1319650560617447,
        0.9748591780662537,
        0.17954066395759583,
        0.013674009591341019,
        -0.4987240731716156,
        -0.2218271940946579,
        0.8378943800926208,
        -0.39918404817581177
    ],
    [
        0.832902729511261,
        0.015332058072090149,
        0.5532070398330688,
        0.18470336496829987,
        -0.14194358885288239,
        0.9720956683158875,
        0.18676728010177612,
        0.008812228217720985,
        -0.5349066257476807,
        -0.2340831756591797,
        0.8118372559547424,
        -0.43211156129837036
    ],
    [
        0.802975594997406,
        0.00824417732656002,
        0.595954954624176,
        0.19503413140773773,
        -0.15376853942871094,
        0.9689192175865173,
        0.19378045201301575,
        0.006435491610318422,
        -0.5758346319198608,
        -0.2472400963306427,
        0.7792860865592957,
        -0.4717135727405548
    ],
    [
        0.7713912725448608,
        0.0034049164969474077,
        0.6363520622253418,
        0.20050817728042603,
        -0.1682502180337906,
        0.9654921293258667,
        0.19878828525543213,
        0.0051862201653420925,
        -0.6137160658836365,
        -0.2604099214076996,
        0.7453450560569763,
        -0.5123076438903809
    ],
    [
        0.7457502484321594,
        0.0002894950448535383,
        0.6662254333496094,
        0.20132149755954742,
        -0.18137085437774658,
        0.9623185992240906,
        0.20260219275951385,
        0.0022744527086615562,
        -0.6410625576972961,
        -0.27192455530166626,
        0.7177017331123352,
        -0.5464232563972473
    ],
    [
        0.7138640284538269,
        -0.004616927355527878,
        0.7002691030502319,
        0.20361202955245972,
        -0.19598567485809326,
        0.9587011337280273,
        0.20611131191253662,
        -0.002176971174776554,
        -0.6723003387451172,
        -0.28437817096710205,
        0.6834772825241089,
        -0.5922536253929138
    ],
    [
        0.6823777556419373,
        -0.009437569417059422,
        0.7309388518333435,
        0.2057894915342331,
        -0.2089388072490692,
        0.9556835889816284,
        0.20739707350730896,
        -0.009489618241786957,
        -0.7005035281181335,
        -0.2942446768283844,
        0.6501653790473938,
        -0.6389272212982178
    ],
    [
        0.6575207710266113,
        -0.0125128123909235,
        0.7533324956893921,
        0.210750550031662,
        -0.21810804307460785,
        0.9538896679878235,
        0.20621229708194733,
        -0.01560573372989893,
        -0.7211764454841614,
        -0.2998967468738556,
        0.6244731545448303,
        -0.6771382093429565
    ],
    [
        0.6252694725990295,
        -0.01677059940993786,
        0.7802287340164185,
        0.2178257405757904,
        -0.22804057598114014,
        0.9522080421447754,
        0.2032172530889511,
        -0.023723838850855827,
        -0.7463482022285461,
        -0.3049893379211426,
        0.5915623307228088,
        -0.7256508469581604
    ],
    [
        0.5906420350074768,
        -0.021443627774715424,
        0.8066487908363342,
        0.2249043881893158,
        -0.23764702677726746,
        0.950689435005188,
        0.1992819607257843,
        -0.0343487523496151,
        -0.7711458802223206,
        -0.3094019293785095,
        0.5564211010932922,
        -0.7749103903770447
    ],
    [
        0.5525825619697571,
        -0.025828329846262932,
        0.8330578804016113,
        0.22877934575080872,
        -0.2456645369529724,
        0.9500670433044434,
        0.19240990281105042,
        -0.045836590230464935,
        -0.7964304089546204,
        -0.31097516417503357,
        0.5186452865600586,
        -0.8272751569747925
    ],
    [
        0.5237671732902527,
        -0.02986838109791279,
        0.8513376116752625,
        0.22964470088481903,
        -0.25171133875846863,
        0.949333906173706,
        0.18816648423671722,
        -0.05584297701716423,
        -0.813823938369751,
        -0.3128468096256256,
        0.4897117614746094,
        -0.8693550825119019
    ],
    [
        0.48927876353263855,
        -0.03481645509600639,
        0.8714322447776794,
        0.2299736589193344,
        -0.25829076766967773,
        0.9485915899276733,
        0.18292047083377838,
        -0.06868302822113037,
        -0.8330018520355225,
        -0.3145820200443268,
        0.45513296127319336,
        -0.9229713678359985
    ],
    [
        0.454047292470932,
        -0.04092225804924965,
        0.8900373578071594,
        0.22721073031425476,
        -0.2639801502227783,
        0.9479140639305115,
        0.1782512664794922,
        -0.08298387378454208,
        -0.8509732484817505,
        -0.3158866763114929,
        0.4195951521396637,
        -0.9780220985412598
    ],
    [
        0.42476820945739746,
        -0.04509371519088745,
        0.9041783809661865,
        0.22282439470291138,
        -0.2677018940448761,
        0.9478371739387512,
        0.17303302884101868,
        -0.09287946671247482,
        -0.8648165464401245,
        -0.31554916501045227,
        0.39053940773010254,
        -1.0207260847091675
    ],
    [
        0.385041207075119,
        -0.04913579300045967,
        0.9215905070304871,
        0.21329174935817719,
        -0.27176979184150696,
        0.9482674598693848,
        0.16410371661186218,
        -0.10288657993078232,
        -0.8819776177406311,
        -0.31364715099334717,
        0.3517683744430542,
        -1.0710257291793823
    ],
    [
        0.3449383080005646,
        -0.05213743820786476,
        0.9371762275695801,
        0.20000192523002625,
        -0.27606070041656494,
        0.9486601948738098,
        0.1543835997581482,
        -0.11104227602481842,
        -0.8971108794212341,
        -0.3119703233242035,
        0.3128361701965332,
        -1.117279291152954
    ],
    [
        0.3024967312812805,
        -0.05492732301354408,
        0.9515663981437683,
        0.18228285014629364,
        -0.2804555296897888,
        0.9490139484405518,
        0.143934965133667,
        -0.11819903552532196,
        -0.9109557867050171,
        -0.3104119300842285,
        0.271668940782547,
        -1.1604976654052734
    ],
    [
        0.2651064097881317,
        -0.05722128972411156,
        0.9625198245048523,
        0.16440273821353912,
        -0.2844364047050476,
        0.9491748809814453,
        0.13477012515068054,
        -0.12478666007518768,
        -0.9213113784790039,
        -0.30950409173965454,
        0.23535650968551636,
        -1.1918692588806152
    ],
    [
        0.21673907339572906,
        -0.05937156081199646,
        0.9744225144386292,
        0.13660433888435364,
        -0.2902619540691376,
        0.9490882754325867,
        0.12239040434360504,
        -0.13359108567237854,
        -0.932079553604126,
        -0.30936455726623535,
        0.18847118318080902,
        -1.2300912141799927
    ],
    [
        0.1705130785703659,
        -0.06074208766222,
        0.9834814667701721,
        0.10652212798595428,
        -0.2951018214225769,
        0.9491376876831055,
        0.1097848117351532,
        -0.14239688217639923,
        -0.9401277899742126,
        -0.3089468777179718,
        0.14391526579856873,
        -1.2682055234909058
    ],
    [
        0.13666021823883057,
        -0.06314301490783691,
        0.9886034727096558,
        0.08400213718414307,
        -0.29733720421791077,
        0.9493366479873657,
        0.10173758119344711,
        -0.14925578236579895,
        -0.9449415802955627,
        -0.3078520894050598,
        0.11096178740262985,
        -1.2963298559188843
    ],
    [
        0.09918221831321716,
        -0.06599144637584686,
        0.9928785562515259,
        0.05753456428647041,
        -0.298004686832428,
        0.9500318169593811,
        0.09291239827871323,
        -0.15771618485450745,
        -0.9493978023529053,
        -0.3050977885723114,
        0.0745605006814003,
        -1.332201600074768
    ],
    [
        0.06549645960330963,
        -0.06878521293401718,
        0.9954792261123657,
        0.030501019209623337,
        -0.2970831096172333,
        0.9510374665260315,
        0.08526065945625305,
        -0.1670636534690857,
        -0.9526026248931885,
        -0.3013242781162262,
        0.04185466468334198,
        -1.366586446762085
    ],
    [
        0.035432156175374985,
        -0.07073117792606354,
        0.9968659281730652,
        0.003591719549149275,
        -0.2953639328479767,
        0.9521905779838562,
        0.07805958390235901,
        -0.1748982071876526,
        -0.9547275304794312,
        -0.29720407724380493,
        0.012846721336245537,
        -1.3995871543884277
    ]
]