[
    [
        0.995415210723877,
        -0.004556240513920784,
        0.095539890229702,
        -0.18437638878822327,
        0.004375893156975508,
        0.9999882578849792,
        0.002097095362842083,
        -0.11579950153827667,
        -0.09554831683635712,
        -0.0016694078221917152,
        0.9954233765602112,
        0.2016151249408722
    ],
    [
        0.995229959487915,
        -0.004871338605880737,
        0.09743470698595047,
        -0.18902064859867096,
        0.004673335235565901,
        0.9999865293502808,
        0.0022602705284953117,
        -0.1216888427734375,
        -0.09744440019130707,
        -0.0017941443948075175,
        0.9952393770217896,
        0.21251320838928223
    ],
    [
        0.995038628578186,
        -0.005014143418520689,
        0.09936320036649704,
        -0.19322693347930908,
        0.004792444407939911,
        0.99998539686203,
        0.0024697589688003063,
        -0.12773700058460236,
        -0.09937415271997452,
        -0.0019813128747045994,
        0.9950482249259949,
        0.22375334799289703
    ],
    [
        0.9948531985282898,
        -0.005237814970314503,
        0.10119089484214783,
        -0.19731101393699646,
        0.004984913859516382,
        0.9999837875366211,
        0.0027519497089087963,
        -0.13321174681186676,
        -0.10120367258787155,
        -0.0022333581000566483,
        0.9948632121086121,
        0.23537619411945343
    ],
    [
        0.9946941137313843,
        -0.005568400491029024,
        0.10272490233182907,
        -0.20133738219738007,
        0.005265361629426479,
        0.9999809861183167,
        0.0032209274359047413,
        -0.1380951851606369,
        -0.10274089127779007,
        -0.0026629536878317595,
        0.99470454454422,
        0.24778704345226288
    ],
    [
        0.9945200681686401,
        -0.005854213144630194,
        0.10438166558742523,
        -0.20507101714611053,
        0.005510345567017794,
        0.9999783635139465,
        0.0035824021324515343,
        -0.1420842409133911,
        -0.10440037399530411,
        -0.002987592713907361,
        0.9945308566093445,
        0.2606075406074524
    ],
    [
        0.9943187832832336,
        -0.006208631210029125,
        0.10626210272312164,
        -0.2091713845729828,
        0.005831906571984291,
        0.9999756217002869,
        0.003855600021779537,
        -0.14532895386219025,
        -0.10628343373537064,
        -0.00321398489177227,
        0.994330644607544,
        0.2742844820022583
    ],
    [
        0.9941338896751404,
        -0.006702763494104147,
        0.10794808715581894,
        -0.213021919131279,
        0.006280655041337013,
        0.9999712705612183,
        0.0042497990652918816,
        -0.14819256961345673,
        -0.10797346383333206,
        -0.0035468845162540674,
        0.9941474199295044,
        0.2885931432247162
    ],
    [
        0.9939550161361694,
        -0.0072444137185812,
        0.10954920947551727,
        -0.2165432721376419,
        0.006786128971725702,
        0.999966561794281,
        0.004555626306682825,
        -0.15007194876670837,
        -0.10957855731248856,
        -0.0037846718914806843,
        0.9939709901809692,
        0.3035391867160797
    ],
    [
        0.9937907457351685,
        -0.007516798097640276,
        0.11101084202528,
        -0.22024936974048615,
        0.007013043854385614,
        0.9999632239341736,
        0.0049276649951934814,
        -0.15180109441280365,
        -0.11104381084442139,
        -0.004118544515222311,
        0.9938070178031921,
        0.31936338543891907
    ],
    [
        0.9936797618865967,
        -0.007753100711852312,
        0.11198394000530243,
        -0.2237377017736435,
        0.007198508828878403,
        0.9999597072601318,
        0.005355911795049906,
        -0.152751624584198,
        -0.11202095448970795,
        -0.0045159440487623215,
        0.9936956763267517,
        0.3357817828655243
    ],
    [
        0.9935395121574402,
        -0.008060638792812824,
        0.11319952458143234,
        -0.2265753448009491,
        0.007445081602782011,
        0.9999551177024841,
        0.005859511438757181,
        -0.15316161513328552,
        -0.11324167251586914,
        -0.004978877026587725,
        0.9935548901557922,
        0.3528275787830353
    ],
    [
        0.9933559894561768,
        -0.008237546309828758,
        0.11478681117296219,
        -0.22926673293113708,
        0.007569913286715746,
        0.9999517202377319,
        0.006250978913158178,
        -0.15319962799549103,
        -0.1148327887058258,
        -0.005340521223843098,
        0.9933704137802124,
        0.37056538462638855
    ],
    [
        0.9932049512863159,
        -0.008452655747532845,
        0.11607088893651962,
        -0.23225419223308563,
        0.0077319215051829815,
        0.9999479651451111,
        0.006658291909843683,
        -0.1527954339981079,
        -0.11612112820148468,
        -0.005715597420930862,
        0.9932186007499695,
        0.3892475366592407
    ],
    [
        0.993013322353363,
        -0.00859058927744627,
        0.11768890172243118,
        -0.23500779271125793,
        0.007823973894119263,
        0.9999450445175171,
        0.006974384188652039,
        -0.15224364399909973,
        -0.11774234473705292,
        -0.006004862021654844,
        0.9930260181427002,
        0.4084353744983673
    ],
    [
        0.9927878975868225,
        -0.008720443584024906,
        0.11956636607646942,
        -0.23816879093647003,
        0.007912433706223965,
        0.9999425411224365,
        0.007230903021991253,
        -0.15169504284858704,
        -0.11962255090475082,
        -0.006232691928744316,
        0.9927998781204224,
        0.42859598994255066
    ],
    [
        0.9925752878189087,
        -0.008860618807375431,
        0.12130875140428543,
        -0.24193498492240906,
        0.007998581044375896,
        0.9999392032623291,
        0.007591243367642164,
        -0.15129178762435913,
        -0.1213686466217041,
        -0.0065645817667245865,
        0.9925858378410339,
        0.44945377111434937
    ],
    [
        0.9923889636993408,
        -0.00870941299945116,
        0.1228344738483429,
        -0.2463487982749939,
        0.00777343800291419,
        0.9999369978904724,
        0.008097002282738686,
        -0.15184058248996735,
        -0.12289725989103317,
        -0.007080528885126114,
        0.992394208908081,
        0.4703538119792938
    ],
    [
        0.9922212362289429,
        -0.008462910540401936,
        0.12419943511486053,
        -0.25143003463745117,
        0.007461765315383673,
        0.9999359250068665,
        0.008523751050233841,
        -0.15291833877563477,
        -0.12426359206438065,
        -0.007530699484050274,
        0.9922206997871399,
        0.4911579489707947
    ],
    [
        0.9920819997787476,
        -0.008328941650688648,
        0.12531521916389465,
        -0.25639981031417847,
        0.007307142019271851,
        0.9999362826347351,
        0.008611295372247696,
        -0.1538664847612381,
        -0.12537895143032074,
        -0.007627415936440229,
        0.9920795559883118,
        0.5120901465415955
    ],
    [
        0.9918206930160522,
        -0.00847419910132885,
        0.12735724449157715,
        -0.26153764128685,
        0.007400978822261095,
        0.999933123588562,
        0.008897697553038597,
        -0.15526090562343597,
        -0.12742412090301514,
        -0.007882351987063885,
        0.991817057132721,
        0.5323166847229004
    ],
    [
        0.9916076064109802,
        -0.008841874077916145,
        0.12898162007331848,
        -0.26736652851104736,
        0.007716179825365543,
        0.9999277591705322,
        0.009224672801792622,
        -0.15645986795425415,
        -0.12905384600162506,
        -0.008152009919285774,
        0.9916040301322937,
        0.5520996451377869
    ],
    [
        0.9915415644645691,
        -0.009261749684810638,
        0.12945866584777832,
        -0.2725849151611328,
        0.008072138763964176,
        0.9999203681945801,
        0.009710823185741901,
        -0.15776509046554565,
        -0.12953828275203705,
        -0.008583677001297474,
        0.99153733253479,
        0.5711519122123718
    ],
    [
        0.9914224743843079,
        -0.009307242929935455,
        0.1303648054599762,
        -0.2774781882762909,
        0.00807106215506792,
        0.9999173879623413,
        0.010007628239691257,
        -0.15875354409217834,
        -0.1304471790790558,
        -0.008869603276252747,
        0.9914155602455139,
        0.5895868539810181
    ],
    [
        0.9912654757499695,
        -0.009342262521386147,
        0.13155034184455872,
        -0.283141553401947,
        0.00809852872043848,
        0.9999173283576965,
        0.009986281394958496,
        -0.1597847044467926,
        -0.1316327601671219,
        -0.008833691477775574,
        0.9912591576576233,
        0.6077846884727478
    ],
    [
        0.9911370277404785,
        -0.009287706576287746,
        0.13251809775829315,
        -0.28849533200263977,
        0.008062799461185932,
        0.9999197125434875,
        0.009776942431926727,
        -0.1611124873161316,
        -0.13259825110435486,
        -0.008621823973953724,
        0.9911323189735413,
        0.6255778670310974
    ],
    [
        0.9910464882850647,
        -0.009306817315518856,
        0.13319292664527893,
        -0.29348570108413696,
        0.008091145195066929,
        0.9999205470085144,
        0.009665504097938538,
        -0.1621009260416031,
        -0.13327230513095856,
        -0.008501280099153519,
        0.991042971611023,
        0.6426823735237122
    ],
    [
        0.9909422993659973,
        -0.009277492761611938,
        0.13396698236465454,
        -0.29826194047927856,
        0.008051812648773193,
        0.9999206066131592,
        0.009688013233244419,
        -0.16289670765399933,
        -0.13404624164104462,
        -0.008521584793925285,
        0.9909384250640869,
        0.6595770716667175
    ],
    [
        0.9908043742179871,
        -0.009000102989375591,
        0.1350025087594986,
        -0.30294427275657654,
        0.007773572113364935,
        0.9999236464500427,
        0.009609632194042206,
        -0.16411073505878448,
        -0.13507869839668274,
        -0.00847181398421526,
        0.9907985925674438,
        0.6758930087089539
    ],
    [
        0.9906529188156128,
        -0.008791598491370678,
        0.13612274825572968,
        -0.30761632323265076,
        0.007571284659206867,
        0.9999264478683472,
        0.009479932487010956,
        -0.16545920073986053,
        -0.1361960619688034,
        -0.008360698819160461,
        0.9906467199325562,
        0.6913596987724304
    ],
    [
        0.9905825257301331,
        -0.008637603372335434,
        0.13664400577545166,
        -0.3117164671421051,
        0.007416669744998217,
        0.9999278783798218,
        0.009441737085580826,
        -0.16701938211917877,
        -0.13671569526195526,
        -0.008339377120137215,
        0.9905751943588257,
        0.7058162689208984
    ],
    [
        0.9904904365539551,
        -0.008687503635883331,
        0.1373070329427719,
        -0.3158700168132782,
        0.0074682217091321945,
        0.9999280571937561,
        0.009392634965479374,
        -0.1687694936990738,
        -0.1373787373304367,
        -0.008277873508632183,
        0.9904839992523193,
        0.7196275591850281
    ],
    [
        0.9903757572174072,
        -0.008885534480214119,
        0.1381189525127411,
        -0.31972822546958923,
        0.007680656388401985,
        0.9999277591705322,
        0.009254011325538158,
        -0.17090682685375214,
        -0.13819117844104767,
        -0.008104104548692703,
        0.9903724193572998,
        0.732437789440155
    ],
    [
        0.9902573227882385,
        -0.009095217101275921,
        0.1389523446559906,
        -0.32355520129203796,
        0.007905416190624237,
        0.9999273419380188,
        0.009112179279327393,
        -0.17313385009765625,
        -0.13902510702610016,
        -0.007924926467239857,
        0.9902571439743042,
        0.7447842359542847
    ],
    [
        0.9901694059371948,
        -0.009284358471632004,
        0.1395649015903473,
        -0.3272462785243988,
        0.00810006819665432,
        0.9999262690544128,
        0.009051219560205936,
        -0.17496491968631744,
        -0.13963864743709564,
        -0.007831755094230175,
        0.990171492099762,
        0.7568144798278809
    ],
    [
        0.9901050329208374,
        -0.009324979037046432,
        0.1400182694196701,
        -0.33116626739501953,
        0.008152388967573643,
        0.9999266862869263,
        0.008945805951952934,
        -0.17626485228538513,
        -0.1400914043188095,
        -0.007715804968029261,
        0.9901084899902344,
        0.7687392234802246
    ],
    [
        0.9900487661361694,
        -0.00913709681481123,
        0.1404276341199875,
        -0.3344276547431946,
        0.007986669428646564,
        0.9999298453330994,
        0.008753719739615917,
        -0.17738139629364014,
        -0.14049774408340454,
        -0.007545060478150845,
        0.9900522828102112,
        0.7805629968643188
    ],
    [
        0.9899881482124329,
        -0.008999074809253216,
        0.14086350798606873,
        -0.33826813101768494,
        0.007880491204559803,
        0.9999329447746277,
        0.008496725000441074,
        -0.17820359766483307,
        -0.14093050360679626,
        -0.007301583886146545,
        0.9899925589561462,
        0.7928710579872131
    ],
    [
        0.9899738430976868,
        -0.00905626267194748,
        0.14095991849899292,
        -0.34198933839797974,
        0.00795985758304596,
        0.9999336004257202,
        0.008340024389326572,
        -0.1785673350095749,
        -0.1410260796546936,
        -0.007134385872632265,
        0.989980161190033,
        0.8050882816314697
    ],
    [
        0.9899222254753113,
        -0.008943560533225536,
        0.14132967591285706,
        -0.3455265760421753,
        0.00785455945879221,
        0.9999350309371948,
        0.0082613630220294,
        -0.17891985177993774,
        -0.14139437675476074,
        -0.007068024016916752,
        0.9899280667304993,
        0.8175933957099915
    ],
    [
        0.9898287653923035,
        -0.009033123031258583,
        0.1419772207736969,
        -0.3496749997138977,
        0.007946589961647987,
        0.9999346733093262,
        0.00821800995618105,
        -0.17904609441757202,
        -0.14204220473766327,
        -0.007006186060607433,
        0.989835798740387,
        0.8304417133331299
    ],
    [
        0.9897541403770447,
        -0.008999519050121307,
        0.1424982249736786,
        -0.35371309518814087,
        0.007923637516796589,
        0.9999356269836426,
        0.008115800097584724,
        -0.1793259084224701,
        -0.1425621062517166,
        -0.006903542671352625,
        0.9897617697715759,
        0.8429622650146484
    ],
    [
        0.989672064781189,
        -0.009139667265117168,
        0.14305825531482697,
        -0.35801202058792114,
        0.008077811449766159,
        0.9999353289604187,
        0.008001578040421009,
        -0.17898663878440857,
        -0.14312215149402618,
        -0.0067633395083248615,
        0.9896820187568665,
        0.8554401993751526
    ],
    [
        0.9896293878555298,
        -0.009123092517256737,
        0.14335429668426514,
        -0.3627921938896179,
        0.008053526282310486,
        0.9999352097511292,
        0.008039498701691628,
        -0.1785583645105362,
        -0.1434183567762375,
        -0.00680161640048027,
        0.9896388053894043,
        0.8683792352676392
    ],
    [
        0.9895489811897278,
        -0.009031764231622219,
        0.1439138501882553,
        -0.36746081709861755,
        0.00795602798461914,
        0.9999359250068665,
        0.008048608899116516,
        -0.1782497614622116,
        -0.1439773291349411,
        -0.006819510832428932,
        0.9895575642585754,
        0.8815418481826782
    ],
    [
        0.9893826842308044,
        -0.009152686223387718,
        0.14504463970661163,
        -0.3730262815952301,
        0.008103515021502972,
        0.9999365210533142,
        0.007822605781257153,
        -0.17769388854503632,
        -0.14510703086853027,
        -0.0065641808323562145,
        0.9893941283226013,
        0.894993782043457
    ],
    [
        0.9893122911453247,
        -0.009530876763164997,
        0.14550013840198517,
        -0.37877240777015686,
        0.008513125590980053,
        0.9999348521232605,
        0.007615908049046993,
        -0.17695185542106628,
        -0.14556321501731873,
        -0.006295850500464439,
        0.989328920841217,
        0.9085943698883057
    ],
    [
        0.9892399907112122,
        -0.010015805251896381,
        0.1459585428237915,
        -0.383587121963501,
        0.00898908730596304,
        0.9999300241470337,
        0.007692182436585426,
        -0.1763426661491394,
        -0.1460253894329071,
        -0.006297379732131958,
        0.9892607927322388,
        0.9221093058586121
    ],
    [
        0.9891214966773987,
        -0.010111583396792412,
        0.14675286412239075,
        -0.38907095789909363,
        0.009055727161467075,
        0.9999279975891113,
        0.0078611234202981,
        -0.17586353421211243,
        -0.1468217819929123,
        -0.006446652580052614,
        0.9891419410705566,
        0.9360725283622742
    ],
    [
        0.9889603853225708,
        -0.010246166959404945,
        0.1478257179260254,
        -0.39510345458984375,
        0.009198630228638649,
        0.9999275803565979,
        0.007768222596496344,
        -0.17575198411941528,
        -0.14789460599422455,
        -0.006322670727968216,
        0.9889829754829407,
        0.9502082467079163
    ],
    [
        0.9887616634368896,
        -0.010290230624377728,
        0.14914609491825104,
        -0.4013415575027466,
        0.009258093312382698,
        0.9999281167984009,
        0.007612970657646656,
        -0.17616984248161316,
        -0.1492137461900711,
        -0.006146604660898447,
        0.988785982131958,
        0.963930606842041
    ],
    [
        0.9885373115539551,
        -0.01025900337845087,
        0.1506277620792389,
        -0.4084174931049347,
        0.009230313822627068,
        0.9999290108680725,
        0.007526931818574667,
        -0.17667539417743683,
        -0.1506943255662918,
        -0.006050312425941229,
        0.9885618686676025,
        0.9783661365509033
    ],
    [
        0.9882713556289673,
        -0.01036287285387516,
        0.15235598385334015,
        -0.4152660667896271,
        0.009291932918131351,
        0.9999268651008606,
        0.007739536464214325,
        -0.17753365635871887,
        -0.15242503583431244,
        -0.006233081221580505,
        0.9882954359054565,
        0.9927675127983093
    ],
    [
        0.9880091547966003,
        -0.010469304397702217,
        0.15403936803340912,
        -0.4227876365184784,
        0.00938471034169197,
        0.9999257922172546,
        0.0077665108256042,
        -0.17805922031402588,
        -0.15410922467708588,
        -0.0062277652323246,
        0.988034188747406,
        1.0078449249267578
    ],
    [
        0.987765908241272,
        -0.010526326484978199,
        0.15558870136737823,
        -0.42998602986335754,
        0.009423169307410717,
        0.9999249577522278,
        0.007826094515621662,
        -0.17959389090538025,
        -0.15565939247608185,
        -0.006264208350330591,
        0.9877909421920776,
        1.022931694984436
    ],
    [
        0.9874523282051086,
        -0.010675294324755669,
        0.15755639970302582,
        -0.43680477142333984,
        0.009553725831210613,
        0.9999234080314636,
        0.007874181494116783,
        -0.18084894120693207,
        -0.1576284021139145,
        -0.006270126905292273,
        0.9874786138534546,
        1.03793466091156
    ],
    [
        0.9871461987495422,
        -0.01075990404933691,
        0.15945780277252197,
        -0.44305771589279175,
        0.009620465338230133,
        0.9999223351478577,
        0.007915981113910675,
        -0.18234235048294067,
        -0.1595306247472763,
        -0.006280174013227224,
        0.9871729612350464,
        1.052431344985962
    ],
    [
        0.9868161082267761,
        -0.010994117707014084,
        0.16147170960903168,
        -0.44944578409194946,
        0.009839232079684734,
        0.9999198913574219,
        0.007950148545205593,
        -0.18429318070411682,
        -0.16154620051383972,
        -0.006256572902202606,
        0.9868453741073608,
        1.067151427268982
    ],
    [
        0.9863935112953186,
        -0.011198051273822784,
        0.16401931643486023,
        -0.455757737159729,
        0.010041313245892525,
        0.999918520450592,
        0.007879868149757385,
        -0.18598148226737976,
        -0.16409419476985931,
        -0.006125682964920998,
        0.9864256381988525,
        1.0820915699005127
    ],
    [
        0.9859573245048523,
        -0.011344661004841328,
        0.1666117161512375,
        -0.4619550108909607,
        0.010182504542171955,
        0.9999175071716309,
        0.007827832363545895,
        -0.18787255883216858,
        -0.1666867583990097,
        -0.006021388806402683,
        0.9859914779663086,
        1.0966511964797974
    ],
    [
        0.9855396747589111,
        -0.011621165089309216,
        0.16904602944850922,
        -0.46761196851730347,
        0.010430912487208843,
        0.9999141693115234,
        0.00792736280709505,
        -0.19020216166973114,
        -0.16912363469600677,
        -0.00604942487552762,
        0.985576331615448,
        1.1107592582702637
    ],
    [
        0.9851111173629761,
        -0.011777148582041264,
        0.17151473462581635,
        -0.472714364528656,
        0.010560758411884308,
        0.9999121427536011,
        0.008002775721251965,
        -0.19253668189048767,
        -0.17159393429756165,
        -0.006072300486266613,
        0.9851490259170532,
        1.1246800422668457
    ],
    [
        0.9846064448356628,
        -0.011999055743217468,
        0.17437346279621124,
        -0.4778779149055481,
        0.010767617262899876,
        0.9999099373817444,
        0.008006423711776733,
        -0.19527384638786316,
        -0.17445383965969086,
        -0.006005591247230768,
        0.9846470952033997,
        1.138426661491394
    ],
    [
        0.9840870499610901,
        -0.01221298798918724,
        0.1772669106721878,
        -0.4825698137283325,
        0.01100162323564291,
        0.999908983707428,
        0.007814891636371613,
        -0.19708408415317535,
        -0.17734619975090027,
        -0.005740304943174124,
        0.9841316938400269,
        1.1524616479873657
    ],
    [
        0.9836220741271973,
        -0.012492840178310871,
        0.1798098385334015,
        -0.48645687103271484,
        0.011232725344598293,
        0.9999047517776489,
        0.008024558424949646,
        -0.19976936280727386,
        -0.17989294230937958,
        -0.005873378831893206,
        0.9836686253547668,
        1.1651777029037476
    ],
    [
        0.983130693435669,
        -0.012816046364605427,
        0.1824551373720169,
        -0.49041011929512024,
        0.011501707136631012,
        0.999899685382843,
        0.008260008879005909,
        -0.20202156901359558,
        -0.18254269659519196,
        -0.006022120360285044,
        0.9831794500350952,
        1.1778481006622314
    ],
    [
        0.9826011657714844,
        -0.012991824187338352,
        0.18527305126190186,
        -0.4943496286869049,
        0.011644301004707813,
        0.9998972415924072,
        0.008359475061297417,
        -0.2041088044643402,
        -0.18536263704299927,
        -0.006056653335690498,
        0.9826514720916748,
        1.1901615858078003
    ],
    [
        0.9821313619613647,
        -0.013046041131019592,
        0.1877443492412567,
        -0.49737411737442017,
        0.011717541143298149,
        0.999897837638855,
        0.008184247650206089,
        -0.20591050386428833,
        -0.18783195316791534,
        -0.005838106852024794,
        0.9821838140487671,
        1.2021785974502563
    ],
    [
        0.9817067980766296,
        -0.013128736987709999,
        0.1899455040693283,
        -0.4996967911720276,
        0.011794527992606163,
        0.9998971819877625,
        0.00815296359360218,
        -0.20763257145881653,
        -0.19003301858901978,
        -0.005763504654169083,
        0.9817607998847961,
        1.2133060693740845
    ],
    [
        0.9812225103378296,
        -0.013191387988626957,
        0.192427858710289,
        -0.5019261837005615,
        0.011843294836580753,
        0.9998965263366699,
        0.008154320530593395,
        -0.20934684574604034,
        -0.1925155371427536,
        -0.005722221918404102,
        0.9812771677970886,
        1.2243505716323853
    ],
    [
        0.9807882308959961,
        -0.013267405331134796,
        0.19462357461452484,
        -0.5038973689079285,
        0.011947824619710445,
        0.9998969435691833,
        0.007952545769512653,
        -0.2113775759935379,
        -0.19470903277397156,
        -0.005474436562508345,
        0.9808457493782043,
        1.2345422506332397
    ],
    [
        0.9804357886314392,
        -0.013525252230465412,
        0.19637379050254822,
        -0.5043892860412598,
        0.012250042520463467,
        0.9998952746391296,
        0.007707007694989443,
        -0.21272481977939606,
        -0.19645744562149048,
        -0.00515064038336277,
        0.9804988503456116,
        1.2447220087051392
    ],
    [
        0.9800831079483032,
        -0.01400770340114832,
        0.1980929970741272,
        -0.5064899325370789,
        0.012736034579575062,
        0.9998893737792969,
        0.007692238315939903,
        -0.21462957561016083,
        -0.19817882776260376,
        -0.005016119219362736,
        0.9801531434059143,
        1.254097580909729
    ],
    [
        0.9797549843788147,
        -0.01432222779840231,
        0.1996871680021286,
        -0.507282018661499,
        0.01305832713842392,
        0.9998854994773865,
        0.007645081263035536,
        -0.21651729941368103,
        -0.19977381825447083,
        -0.004882729612290859,
        0.9798299074172974,
        1.2631895542144775
    ],
    [
        0.9794477224349976,
        -0.014736618846654892,
        0.20115919411182404,
        -0.5081142783164978,
        0.013502521440386772,
        0.9998806715011597,
        0.0075057330541312695,
        -0.21894089877605438,
        -0.20124578475952148,
        -0.004635311663150787,
        0.9795297980308533,
        1.2720005512237549
    ],
    [
        0.9792125225067139,
        -0.014908169396221638,
        0.20228837430477142,
        -0.5093041062355042,
        0.01376004982739687,
        0.9998802542686462,
        0.007080839015543461,
        -0.2204202562570572,
        -0.20236968994140625,
        -0.00415014335885644,
        0.9793003797531128,
        1.2793242931365967
    ],
    [
        0.9789974689483643,
        -0.015074043534696102,
        0.20331420004367828,
        -0.5102910995483398,
        0.013919482007622719,
        0.9998778700828552,
        0.007107545621693134,
        -0.2221282422542572,
        -0.2033964991569519,
        -0.004128243774175644,
        0.9790877103805542,
        1.285683274269104
    ],
    [
        0.9787752628326416,
        -0.015102116391062737,
        0.2043791264295578,
        -0.510187566280365,
        0.013919186778366566,
        0.9998770356178284,
        0.007224329747259617,
        -0.224490225315094,
        -0.20446309447288513,
        -0.0042262002825737,
        0.9788652658462524,
        1.2918726205825806
    ]
]