[
    [
        0.9999476075172424,
        0.007136425469070673,
        -0.007353823632001877,
        0.030011093243956566,
        -0.007098725996911526,
        0.9999615550041199,
        0.005139904096722603,
        -0.0305227879434824,
        0.007390222046524286,
        -0.005087431985884905,
        0.9999598264694214,
        0.4550340473651886
    ],
    [
        0.99994957447052,
        0.006781470496207476,
        -0.007407741621136665,
        0.031334131956100464,
        -0.006744161248207092,
        0.9999644756317139,
        0.005049856845289469,
        -0.034418076276779175,
        0.007441723719239235,
        -0.004999642260372639,
        0.9999598264694214,
        0.5362468361854553
    ],
    [
        0.9999633431434631,
        0.005120956338942051,
        -0.006865387316793203,
        0.03457895293831825,
        -0.0050774565897881985,
        0.999967098236084,
        0.006338602863252163,
        -0.04231076315045357,
        0.006897620391100645,
        -0.006303511094301939,
        0.9999563694000244,
        0.6442737579345703
    ],
    [
        0.9999732375144958,
        0.003143167123198509,
        -0.006609617732465267,
        0.041464075446128845,
        -0.0030935483518987894,
        0.999967098236084,
        0.0075037856586277485,
        -0.05037881061434746,
        0.006632986944168806,
        -0.007483137771487236,
        0.9999499320983887,
        0.7558677792549133
    ],
    [
        0.9999798536300659,
        0.0015501109883189201,
        -0.0061530377715826035,
        0.047105517238378525,
        -0.0015003449516370893,
        0.9999662041664124,
        0.00808443408459425,
        -0.0582178570330143,
        0.006165361497551203,
        -0.008075038902461529,
        0.9999483823776245,
        0.8658446669578552
    ],
    [
        0.9999781847000122,
        0.0008946612360887229,
        -0.0065434216521680355,
        0.05785498395562172,
        -0.0008443187107332051,
        0.9999700784683228,
        0.007692281156778336,
        -0.06426966935396194,
        0.006550108082592487,
        -0.007686589378863573,
        0.9999489784240723,
        0.9819441437721252
    ],
    [
        0.9999812841415405,
        -0.001754438504576683,
        -0.0058651817962527275,
        0.06492464989423752,
        0.0017995405942201614,
        0.9999688863754272,
        0.007693311665207148,
        -0.07301263511180878,
        0.005851502530276775,
        -0.007703722454607487,
        0.9999531507492065,
        1.0901480913162231
    ],
    [
        0.999981701374054,
        -0.0032367086969316006,
        -0.0051126074977219105,
        0.06910502910614014,
        0.003271577414125204,
        0.9999713897705078,
        0.006826517637819052,
        -0.08002261817455292,
        0.005090366583317518,
        -0.006843120791018009,
        0.9999637007713318,
        1.1948974132537842
    ],
    [
        0.999984085559845,
        -0.0035339300520718098,
        -0.004390351939946413,
        0.07049714028835297,
        0.0035615009255707264,
        0.9999739527702332,
        0.006288043688982725,
        -0.08627995103597641,
        0.004368017427623272,
        -0.006303582806140184,
        0.9999706149101257,
        1.3020952939987183
    ],
    [
        0.9999855160713196,
        -0.0045056454837322235,
        -0.0029585612937808037,
        0.06906969845294952,
        0.004520113114267588,
        0.9999778270721436,
        0.004901849199086428,
        -0.09097788482904434,
        0.002936410950496793,
        -0.0049151526764035225,
        0.9999836087226868,
        1.412477731704712
    ],
    [
        0.9999882578849792,
        -0.004787545185536146,
        -0.0007832838455215096,
        0.06838365644216537,
        0.004789580591022968,
        0.9999851584434509,
        0.002618884900584817,
        -0.09971942752599716,
        0.0007707354379817843,
        -0.002622608095407486,
        0.9999963045120239,
        1.5199438333511353
    ],
    [
        0.9999858140945435,
        -0.0051398854702711105,
        0.0014347569085657597,
        0.07089505344629288,
        0.00514152180403471,
        0.9999861717224121,
        -0.0011389226419851184,
        -0.10915785282850266,
        -0.001428884221240878,
        0.0011462847469374537,
        0.9999983310699463,
        1.6198484897613525
    ],
    [
        0.9999762773513794,
        -0.006193605251610279,
        0.0030373823828995228,
        0.07397954165935516,
        0.006202732678502798,
        0.9999762773513794,
        -0.0030051919165998697,
        -0.11679992824792862,
        -0.003018698189407587,
        0.0030239627230912447,
        0.9999909400939941,
        1.7218914031982422
    ],
    [
        0.9999723434448242,
        -0.006254504434764385,
        0.004029548726975918,
        0.0789378359913826,
        0.006272824015468359,
        0.999970018863678,
        -0.004549904260784388,
        -0.12047762423753738,
        -0.004000969231128693,
        0.004575053229928017,
        0.9999815821647644,
        1.830875039100647
    ],
    [
        0.9999706745147705,
        -0.006240964401513338,
        0.004438286647200584,
        0.08574100583791733,
        0.00627034530043602,
        0.9999582767486572,
        -0.006637235637754202,
        -0.12655819952487946,
        -0.0043966807425022125,
        0.006664872169494629,
        0.9999681711196899,
        1.940273404121399
    ],
    [
        0.9999746084213257,
        -0.005065603647381067,
        0.005017188377678394,
        0.09069061279296875,
        0.0051092663779854774,
        0.9999488592147827,
        -0.008728333748877048,
        -0.13698773086071014,
        -0.004972716793417931,
        0.008753743022680283,
        0.9999493360519409,
        2.049292802810669
    ],
    [
        0.9999778866767883,
        -0.004340099636465311,
        0.005031748209148645,
        0.09605831652879715,
        0.004389811307191849,
        0.9999412298202515,
        -0.009910914115607738,
        -0.14587979018688202,
        -0.004988438915461302,
        0.009932785294950008,
        0.9999382495880127,
        2.153357982635498
    ],
    [
        0.9999744892120361,
        -0.004590339958667755,
        0.005473027471452951,
        0.09784116595983505,
        0.0046423678286373615,
        0.9999438524246216,
        -0.009531758725643158,
        -0.15097194910049438,
        -0.005428965203464031,
        0.009556922130286694,
        0.9999395608901978,
        2.2614963054656982
    ],
    [
        0.9999698400497437,
        -0.004224114120006561,
        0.006517534609884024,
        0.09418876469135284,
        0.0042801774106919765,
        0.9999538660049438,
        -0.008612043224275112,
        -0.15626971423625946,
        -0.006480855867266655,
        0.008639680221676826,
        0.9999417066574097,
        2.3733279705047607
    ],
    [
        0.9999587535858154,
        -0.0032695033587515354,
        0.00847826898097992,
        0.0874253362417221,
        0.0033259312622249126,
        0.999972403049469,
        -0.006650073453783989,
        -0.16396287083625793,
        -0.008456290699541569,
        0.006677995435893536,
        0.9999420046806335,
        2.489438533782959
    ],
    [
        0.9999341368675232,
        -0.004478112328797579,
        0.010562391020357609,
        0.08566677570343018,
        0.004532425198704004,
        0.9999765753746033,
        -0.005123830866068602,
        -0.17098426818847656,
        -0.01053919829428196,
        0.005171368829905987,
        0.9999310374259949,
        2.5960991382598877
    ],
    [
        0.9999014139175415,
        -0.005632080137729645,
        0.012866917066276073,
        0.08639411628246307,
        0.005684421397745609,
        0.9999756813049316,
        -0.004034942947328091,
        -0.1807090789079666,
        -0.01284387893974781,
        0.0041076852940022945,
        0.9999090433120728,
        2.7012228965759277
    ],
    [
        0.9998616576194763,
        -0.006953001953661442,
        0.015116340480744839,
        0.09068385511636734,
        0.006999771576374769,
        0.9999708533287048,
        -0.003043251344934106,
        -0.191741481423378,
        -0.015094739384949207,
        0.003148638876155019,
        0.9998812079429626,
        2.80763578414917
    ],
    [
        0.9998134970664978,
        -0.008070678450167179,
        0.017542477697134018,
        0.09452158957719803,
        0.008111443370580673,
        0.9999645352363586,
        -0.002253864658996463,
        -0.20237787067890167,
        -0.017523664981126785,
        0.0023957379162311554,
        0.9998436570167542,
        2.91477632522583
    ],
    [
        0.999768853187561,
        -0.008748500607907772,
        0.01963789574801922,
        0.0994744747877121,
        0.008783405646681786,
        0.9999600052833557,
        -0.0016918977489694953,
        -0.21588294208049774,
        -0.019622309133410454,
        0.0018639926565811038,
        0.999805748462677,
        3.0234885215759277
    ]
]