[
    [
        0.9989991188049316,
        -0.007937580347061157,
        0.044018834829330444,
        -0.04472271725535393,
        0.007901732809841633,
        0.9999682307243347,
        0.0009883121820166707,
        -0.026156369596719742,
        -0.044025275856256485,
        -0.0006394977681338787,
        0.9990302324295044,
        0.7669293880462646
    ],
    [
        0.9985049962997437,
        -0.007147951051592827,
        0.05419019237160683,
        -0.0402015782892704,
        0.006955299526453018,
        0.9999688267707825,
        0.003742855740711093,
        -0.028592417016625404,
        -0.05421525612473488,
        -0.003360350616276264,
        0.9985236525535583,
        0.8459061980247498
    ],
    [
        0.9977269172668457,
        -0.005835054442286491,
        0.06713463366031647,
        -0.033452585339546204,
        0.005384339019656181,
        0.999961793422699,
        0.006892584264278412,
        -0.03353741765022278,
        -0.06717228144407272,
        -0.0065154400654137135,
        0.9977201819419861,
        0.9458996653556824
    ],
    [
        0.9965999722480774,
        -0.006610199809074402,
        0.08212635666131973,
        -0.02982766553759575,
        0.005800104700028896,
        0.9999322891235352,
        0.010098664090037346,
        -0.039333269000053406,
        -0.08218754082918167,
        -0.009587987326085567,
        0.9965707063674927,
        1.0559669733047485
    ],
    [
        0.9955275654792786,
        -0.006529985461384058,
        0.09424559772014618,
        -0.02884542942047119,
        0.005340904928743839,
        0.9999030232429504,
        0.01286355871707201,
        -0.04216710850596428,
        -0.09432045370340347,
        -0.012302671559154987,
        0.9954658150672913,
        1.1521961688995361
    ],
    [
        0.9941744208335876,
        -0.007253176998347044,
        0.1075383871793747,
        -0.02670692652463913,
        0.005812393501400948,
        0.9998891949653625,
        0.013705244287848473,
        -0.041138213127851486,
        -0.10762587934732437,
        -0.013000349514186382,
        0.9941065907478333,
        1.2715940475463867
    ],
    [
        0.9929433465003967,
        -0.008345961570739746,
        0.11829553544521332,
        -0.02095787040889263,
        0.006985184270888567,
        0.9999046921730042,
        0.011913158930838108,
        -0.043402157723903656,
        -0.11838367581367493,
        -0.011002776212990284,
        0.9929069876670837,
        1.3859609365463257
    ],
    [
        0.991926372051239,
        -0.00858405139297247,
        0.12652422487735748,
        -0.013859327882528305,
        0.0073894537054002285,
        0.9999237060546875,
        0.009908001869916916,
        -0.04869696870446205,
        -0.12659960985183716,
        -0.008893064223229885,
        0.9919140934944153,
        1.4732136726379395
    ],
    [
        0.9913122653961182,
        -0.00965894665569067,
        0.1311739683151245,
        -0.007997565902769566,
        0.008767572231590748,
        0.9999344348907471,
        0.007371213752776384,
        -0.05664406716823578,
        -0.13123653829097748,
        -0.006157097406685352,
        0.9913319945335388,
        1.588441014289856
    ],
    [
        0.9909485578536987,
        -0.010213861241936684,
        0.13385315239429474,
        0.0038304594345390797,
        0.009631583467125893,
        0.9999411106109619,
        0.004996946081519127,
        -0.06095307692885399,
        -0.13389630615711212,
        -0.0036624991334974766,
        0.9909886121749878,
        1.709088683128357
    ],
    [
        0.9908403158187866,
        -0.010888665914535522,
        0.13459837436676025,
        0.023059431463479996,
        0.010622574016451836,
        0.9999399781227112,
        0.0026949651073664427,
        -0.06572193652391434,
        -0.13461963832378387,
        -0.0012404993176460266,
        0.9908965826034546,
        1.829825520515442
    ],
    [
        0.9913120269775391,
        -0.013239162042737007,
        0.1308632642030716,
        0.04115073010325432,
        0.01340683363378048,
        0.9999100565910339,
        -0.00040030331001617014,
        -0.06875670701265335,
        -0.13084620237350464,
        0.002151287393644452,
        0.9914003014564514,
        1.9212647676467896
    ],
    [
        0.9917529821395874,
        -0.015552816912531853,
        0.12721684575080872,
        0.06509121507406235,
        0.01625603623688221,
        0.9998577237129211,
        -0.00449127284809947,
        -0.06899160146713257,
        -0.12712891399860382,
        0.0065222750417888165,
        0.9918647408485413,
        2.0325827598571777
    ],
    [
        0.9921620488166809,
        -0.019425028935074806,
        0.12343831360340118,
        0.08990658074617386,
        0.02046731859445572,
        0.9997646808624268,
        -0.007181207649409771,
        -0.06254406273365021,
        -0.12326977401971817,
        0.009651374071836472,
        0.9923262596130371,
        2.15212082862854
    ],
    [
        0.9923996329307556,
        -0.02217692695558071,
        0.12104161083698273,
        0.10959166288375854,
        0.023335568606853485,
        0.9996944665908813,
        -0.00816299207508564,
        -0.06078450381755829,
        -0.12082357704639435,
        0.01092552486807108,
        0.9926139116287231,
        2.2567195892333984
    ],
    [
        0.9930050373077393,
        -0.02499924972653389,
        0.11539554595947266,
        0.12946651875972748,
        0.026401754468679428,
        0.9995948076248169,
        -0.010641253553330898,
        -0.05921172350645065,
        -0.115082748234272,
        0.013613461516797543,
        0.9932625889778137,
        2.3972251415252686
    ],
    [
        0.9939194917678833,
        -0.027768077328801155,
        0.10655026882886887,
        0.14769360423088074,
        0.029432136565446854,
        0.999467670917511,
        -0.014076721854507923,
        -0.06292042136192322,
        -0.10610265284776688,
        0.017127130180597305,
        0.9942076206207275,
        2.5313186645507812
    ],
    [
        0.9947397112846375,
        -0.02965746447443962,
        0.09804713726043701,
        0.16353768110275269,
        0.03147853910923004,
        0.9993585348129272,
        -0.017078643664717674,
        -0.0677313506603241,
        -0.09747772663831711,
        0.020075185224413872,
        0.9950351119041443,
        2.6572561264038086
    ],
    [
        0.9954979419708252,
        -0.031417250633239746,
        0.08942428231239319,
        0.18068930506706238,
        0.033290617167949677,
        0.9992548227310181,
        -0.019535059109330177,
        -0.0708111897110939,
        -0.0887438952922821,
        0.02242410182952881,
        0.9958019852638245,
        2.7589056491851807
    ],
    [
        0.9962917566299438,
        -0.0321364551782608,
        0.07981250435113907,
        0.20953576266765594,
        0.03399597108364105,
        0.9991787075996399,
        -0.02204972319304943,
        -0.06872257590293884,
        -0.0790383517742157,
        0.02468125894665718,
        0.9965659976005554,
        2.8881027698516846
    ],
    [
        0.9971877336502075,
        -0.03207211196422577,
        0.06773555278778076,
        0.24603161215782166,
        0.03378362953662872,
        0.9991343021392822,
        -0.024274908006191254,
        -0.06858713924884796,
        -0.06689836829900742,
        0.026494992896914482,
        0.997407853603363,
        3.01098370552063
    ],
    [
        0.9978309273719788,
        -0.03098168410360813,
        0.0580834224820137,
        0.280426561832428,
        0.03251202031970024,
        0.999143660068512,
        -0.025589704513549805,
        -0.0712050199508667,
        -0.05724087357521057,
        0.02742260880768299,
        0.9979836940765381,
        3.10093092918396
    ],
    [
        0.9984782934188843,
        -0.02993021532893181,
        0.04631791636347771,
        0.32228827476501465,
        0.031165406107902527,
        0.9991713762283325,
        -0.026179227977991104,
        -0.0744825005531311,
        -0.045495983213186264,
        0.027582906186580658,
        0.9985836148262024,
        3.210089921951294
    ],
    [
        0.9989848732948303,
        -0.028436945751309395,
        0.034937676042318344,
        0.3633551299571991,
        0.029333682730793953,
        0.9992461800575256,
        -0.025427937507629395,
        -0.0762447640299797,
        -0.03418824076652527,
        0.026426972821354866,
        0.9990658760070801,
        3.3315958976745605
    ],
    [
        0.9993953704833984,
        -0.024566257372498512,
        0.024601086974143982,
        0.39947211742401123,
        0.025158483535051346,
        0.9993939399719238,
        -0.024060117080807686,
        -0.07940907776355743,
        -0.023995112627744675,
        0.02466449700295925,
        0.9994077086448669,
        3.462824583053589
    ]
]