[
    [
        0.9915057420730591,
        -0.005761164706200361,
        0.12993492186069489,
        -0.008187041617929935,
        0.004957285244017839,
        0.9999666213989258,
        0.006509380880743265,
        -0.09217249602079391,
        -0.1299680769443512,
        -0.005809963680803776,
        0.9915010929107666,
        0.5049751400947571
    ],
    [
        0.990102231502533,
        -0.006117701530456543,
        0.14021483063697815,
        0.007610926870256662,
        0.005012902896851301,
        0.99995356798172,
        0.008231168612837791,
        -0.09521163254976273,
        -0.14025865495204926,
        -0.007446815259754658,
        0.9900868535041809,
        0.5652898550033569
    ],
    [
        0.9891530275344849,
        -0.005498222541064024,
        0.1467854380607605,
        0.03376968950033188,
        0.003898449009284377,
        0.9999299049377441,
        0.011184175498783588,
        -0.10070496797561646,
        -0.14683662354946136,
        -0.010490627028048038,
        0.9891051650047302,
        0.623799741268158
    ],
    [
        0.9880571961402893,
        -0.006553232204169035,
        0.15394845604896545,
        0.06891512870788574,
        0.004417409189045429,
        0.9998891949653625,
        0.01421159878373146,
        -0.11022986471652985,
        -0.15402454137802124,
        -0.01336181815713644,
        0.987976610660553,
        0.6888525485992432
    ],
    [
        0.9864728450775146,
        -0.008326240815222263,
        0.1637132167816162,
        0.08697270601987839,
        0.005750366952270269,
        0.9998522400856018,
        0.01620168425142765,
        -0.1164906769990921,
        -0.1638239175081253,
        -0.015041109174489975,
        0.9863749742507935,
        0.7473715543746948
    ],
    [
        0.984089195728302,
        -0.011114279739558697,
        0.17732734978199005,
        0.10129187256097794,
        0.008280562236905098,
        0.9998260736465454,
        0.016712216660380363,
        -0.1169598326086998,
        -0.1774822622537613,
        -0.014977940358221531,
        0.9840100407600403,
        0.8082230687141418
    ],
    [
        0.9792250394821167,
        -0.015128254890441895,
        0.20221127569675446,
        0.0983128771185875,
        0.0120955565944314,
        0.9997952580451965,
        0.016225026920437813,
        -0.11925636231899261,
        -0.2024153172969818,
        -0.01344209536910057,
        0.979207456111908,
        0.8816116452217102
    ],
    [
        0.9741137027740479,
        -0.02056906744837761,
        0.22512097656726837,
        0.09901425242424011,
        0.017252344638109207,
        0.999711811542511,
        0.016690561547875404,
        -0.1227855309844017,
        -0.2253994345664978,
        -0.012374639511108398,
        0.9741878509521484,
        0.9469984769821167
    ],
    [
        0.9671374559402466,
        -0.028684433549642563,
        0.2526307702064514,
        0.1104736179113388,
        0.02516867220401764,
        0.9995363354682922,
        0.017137929797172546,
        -0.12999404966831207,
        -0.2530052065849304,
        -0.010216357186436653,
        0.9674109816551208,
        1.020624041557312
    ],
    [
        0.9608108401298523,
        -0.03583638370037079,
        0.2748786211013794,
        0.13419006764888763,
        0.03208098188042641,
        0.9993205666542053,
        0.018147217109799385,
        -0.13806992769241333,
        -0.27534219622612,
        -0.008617669343948364,
        0.9613077640533447,
        1.0801130533218384
    ],
    [
        0.9529005289077759,
        -0.0424104705452919,
        0.3003031015396118,
        0.15389521420001984,
        0.03845354914665222,
        0.9990781545639038,
        0.01907731406390667,
        -0.14571088552474976,
        -0.30083543062210083,
        -0.0066310567781329155,
        0.9536529183387756,
        1.1429307460784912
    ],
    [
        0.9413956999778748,
        -0.04840495064854622,
        0.333812952041626,
        0.17779409885406494,
        0.04488211125135422,
        0.9988254308700562,
        0.018262512981891632,
        -0.15011192858219147,
        -0.3343048095703125,
        -0.002210022183135152,
        0.9424623847007751,
        1.2179969549179077
    ],
    [
        0.9298322796821594,
        -0.054775629192590714,
        0.3638838827610016,
        0.1931144893169403,
        0.050972871482372284,
        0.9984987378120422,
        0.020053572952747345,
        -0.1624869406223297,
        -0.3644360601902008,
        -9.82562341960147e-05,
        0.9312284588813782,
        1.278538465499878
    ],
    [
        0.9176394939422607,
        -0.06146472319960594,
        0.3926319181919098,
        0.21851325035095215,
        0.05746245011687279,
        0.9981063008308411,
        0.021950613707304,
        -0.17397984862327576,
        -0.3932375907897949,
        0.002418843563646078,
        0.9194337129592896,
        1.3383376598358154
    ],
    [
        0.9007411599159241,
        -0.06684961169958115,
        0.42918118834495544,
        0.2516728341579437,
        0.06317996233701706,
        0.9977414011955261,
        0.02281048148870468,
        -0.18243665993213654,
        -0.4297367036342621,
        0.006569311488419771,
        0.9029303789138794,
        1.4112839698791504
    ],
    [
        0.8826606273651123,
        -0.0688963308930397,
        0.46493393182754517,
        0.2716454565525055,
        0.06595882773399353,
        0.9975662231445312,
        0.022604068741202354,
        -0.1871982216835022,
        -0.4653596878051758,
        0.010714774020016193,
        0.8850568532943726,
        1.4755589962005615
    ],
    [
        0.8579232692718506,
        -0.07239815592765808,
        0.5086514949798584,
        0.2965531051158905,
        0.07027170807123184,
        0.997252881526947,
        0.023417910560965538,
        -0.19657185673713684,
        -0.5089495182037354,
        0.015653030946850777,
        0.8606539964675903,
        1.5523701906204224
    ],
    [
        0.8372018933296204,
        -0.07440933585166931,
        0.5418084263801575,
        0.33150801062583923,
        0.07264425605535507,
        0.9970524907112122,
        0.02468053065240383,
        -0.2032591700553894,
        -0.5420478582382202,
        0.018696684390306473,
        0.8401395678520203,
        1.609883427619934
    ],
    [
        0.8142880797386169,
        -0.07787086069583893,
        0.5752139687538147,
        0.36617952585220337,
        0.0775512307882309,
        0.9966712594032288,
        0.025143004953861237,
        -0.2089221328496933,
        -0.5752570629119873,
        0.02413489855825901,
        0.8176166415214539,
        1.6611223220825195
    ],
    [
        0.7849563956260681,
        -0.08111071586608887,
        0.6142185926437378,
        0.414527028799057,
        0.08244023472070694,
        0.9962514638900757,
        0.02620348520576954,
        -0.2147710621356964,
        -0.6140415668487549,
        0.03006773069500923,
        0.7887007594108582,
        1.7230898141860962
    ],
    [
        0.7589077353477478,
        -0.08219832181930542,
        0.645989716053009,
        0.45444491505622864,
        0.0855812206864357,
        0.9959869384765625,
        0.026192719116806984,
        -0.2179790586233139,
        -0.6455501317977905,
        0.03540671616792679,
        0.7628965973854065,
        1.7722371816635132
    ],
    [
        0.7311580777168274,
        -0.08479216694831848,
        0.676918089389801,
        0.4963759779930115,
        0.090065598487854,
        0.9955582618713379,
        0.027423309162259102,
        -0.2263626754283905,
        -0.6762366890907288,
        0.04091625660657883,
        0.7355473637580872,
        1.8192259073257446
    ],
    [
        0.6947553753852844,
        -0.08531573414802551,
        0.7141682505607605,
        0.5370840430259705,
        0.09434998780488968,
        0.9951701760292053,
        0.0270993672311306,
        -0.23316656053066254,
        -0.713030993938446,
        0.04855431243777275,
        0.6994494795799255,
        1.8695385456085205
    ],
    [
        0.6610193848609924,
        -0.08452408760786057,
        0.7455930709838867,
        0.5678412914276123,
        0.09805421531200409,
        0.9948453307151794,
        0.025848792865872383,
        -0.24148140847682953,
        -0.7439346313476562,
        0.05602199211716652,
        0.665899932384491,
        1.9147692918777466
    ],
    [
        0.6172465085983276,
        -0.08222471177577972,
        0.7824613451957703,
        0.5928802490234375,
        0.10245810449123383,
        0.9944555163383484,
        0.023677723482251167,
        -0.25560232996940613,
        -0.780069887638092,
        0.06555452942848206,
        0.622248649597168,
        1.9641015529632568
    ]
]