[
    [
        0.9950328469276428,
        0.002519054338335991,
        -0.09951567649841309,
        0.09940232336521149,
        -0.002613155636936426,
        0.9999962449073792,
        -0.0008152476511895657,
        -0.024372927844524384,
        0.09951324760913849,
        0.0010712475050240755,
        0.9950357675552368,
        0.289859414100647
    ],
    [
        0.9936230182647705,
        0.0031263441778719425,
        -0.11270982772111893,
        0.11106351763010025,
        -0.0031922694761306047,
        0.9999948143959045,
        -0.00040443390025757253,
        -0.026351353153586388,
        0.11270797252655029,
        0.0007616549846716225,
        0.9936279058456421,
        0.32466235756874084
    ],
    [
        0.9911820292472839,
        0.003836593357846141,
        -0.13245141506195068,
        0.12883029878139496,
        -0.003984721843153238,
        0.9999916553497314,
        -0.000853324425406754,
        -0.026823733001947403,
        0.1324470490217209,
        0.00137358158826828,
        0.9911891222000122,
        0.3777894079685211
    ],
    [
        0.9893321394920349,
        0.003946779761463404,
        -0.14562371373176575,
        0.13923466205596924,
        -0.004038820043206215,
        0.9999918341636658,
        -0.00033640360925346613,
        -0.029363393783569336,
        0.145621195435524,
        0.0009209633572027087,
        0.9893398880958557,
        0.4134002923965454
    ],
    [
        0.9861984848976135,
        0.0038777992594987154,
        -0.16552196443080902,
        0.1558677852153778,
        -0.004042929969727993,
        0.9999915957450867,
        -0.0006607263348996639,
        -0.03290897607803345,
        0.16551803052425385,
        0.0013208016753196716,
        0.9862058758735657,
        0.4662538766860962
    ],
    [
        0.9837847948074341,
        0.004175227135419846,
        -0.1793043464422226,
        0.1664051115512848,
        -0.004310875199735165,
        0.9999906420707703,
        -0.0003668915305752307,
        -0.03328346088528633,
        0.17930111289024353,
        0.0011339012999087572,
        0.9837935566902161,
        0.5014878511428833
    ],
    [
        0.9798954129219055,
        0.00448312284424901,
        -0.19946154952049255,
        0.17988820374011993,
        -0.004333428107202053,
        0.9999898672103882,
        0.0011870523449033499,
        -0.032072763890028,
        0.1994648575782776,
        -0.00029883545357733965,
        0.9799048900604248,
        0.5535721182823181
    ],
    [
        0.9769535660743713,
        0.004168255720287561,
        -0.21341122686862946,
        0.18919821083545685,
        -0.004058194812387228,
        0.9999913573265076,
        0.0009538052836433053,
        -0.029971130192279816,
        0.21341335773468018,
        -6.575904990313575e-05,
        0.9769619703292847,
        0.5885429382324219
    ],
    [
        0.9724030494689941,
        0.005129320081323385,
        -0.23325061798095703,
        0.2012123018503189,
        -0.005122501403093338,
        0.9999866485595703,
        0.0006350098410621285,
        -0.026258090510964394,
        0.23325076699256897,
        0.0005773407756350935,
        0.972416341304779,
        0.6435880661010742
    ],
    [
        0.9690408706665039,
        0.0045173801481723785,
        -0.24685920774936676,
        0.20876140892505646,
        -0.004616249818354845,
        0.9999893307685852,
        0.00017823044618126005,
        -0.023497449234128,
        0.2468573898077011,
        0.000966850493568927,
        0.9690514206886292,
        0.680841326713562
    ],
    [
        0.9637322425842285,
        0.004340156447142363,
        -0.2668358087539673,
        0.21926215291023254,
        -0.00445878179743886,
        0.9999900460243225,
        0.00016129971481859684,
        -0.022519219666719437,
        0.2668338119983673,
        0.0010343138128519058,
        0.9637420177459717,
        0.7365026473999023
    ],
    [
        0.9599359035491943,
        0.00422749063000083,
        -0.2801877558231354,
        0.22639836370944977,
        -0.004401464946568012,
        0.9999903440475464,
        8.298992725030985e-06,
        -0.021955067291855812,
        0.2801850736141205,
        0.0012252700980752707,
        0.9599452018737793,
        0.7741156220436096
    ],
    [
        0.9539313912391663,
        0.00517627689987421,
        -0.29998013377189636,
        0.23949097096920013,
        -0.004895561840385199,
        0.9999866485595703,
        0.0016873711720108986,
        -0.022688299417495728,
        0.2999849021434784,
        -0.00014106497110333294,
        0.9539439082145691,
        0.8272239565849304
    ],
    [
        0.9497990012168884,
        0.005587306339293718,
        -0.3128108084201813,
        0.24733994901180267,
        -0.005189724266529083,
        0.9999842643737793,
        0.0021035815589129925,
        -0.022119762375950813,
        0.31281766295433044,
        -0.0003745780559256673,
        0.9498131275177002,
        0.8625073432922363
    ],
    [
        0.9434547424316406,
        0.0058537377044558525,
        -0.3314496874809265,
        0.2614469528198242,
        -0.005521862301975489,
        0.9999828338623047,
        0.0019430116517469287,
        -0.020902035757899284,
        0.3314553499221802,
        -2.924817863458884e-06,
        0.9434709548950195,
        0.9128972291946411
    ],
    [
        0.9390076994895935,
        0.005463691893965006,
        -0.34385278820991516,
        0.2711963951587677,
        -0.0051833949983119965,
        0.9999850392341614,
        0.001734354067593813,
        -0.019131045788526535,
        0.3438571095466614,
        0.00015375287330243737,
        0.9390220642089844,
        0.9479594826698303
    ],
    [
        0.9322768449783325,
        0.005728552117943764,
        -0.3617003262042999,
        0.2883889973163605,
        -0.006000786554068327,
        0.9999818801879883,
        0.00037062179762870073,
        -0.01831788197159767,
        0.36169594526290894,
        0.001824964419938624,
        0.9322944283485413,
        1.000333309173584
    ],
    [
        0.9276419281959534,
        0.0060497368685901165,
        -0.37342190742492676,
        0.30008330941200256,
        -0.006270923651754856,
        0.999980092048645,
        0.0006224715034477413,
        -0.018169106915593147,
        0.37341827154159546,
        0.0017642705934122205,
        0.9276613593101501,
        1.0358073711395264
    ],
    [
        0.9204739928245544,
        0.0066528101451694965,
        -0.3907470405101776,
        0.3165907561779022,
        -0.006443338468670845,
        0.9999775886535645,
        0.0018470626091584563,
        -0.020468445494771004,
        0.39075058698654175,
        0.0008175421971827745,
        0.9204963445663452,
        1.0876491069793701
    ],
    [
        0.9156932234764099,
        0.0057650599628686905,
        -0.4018367528915405,
        0.32601770758628845,
        -0.006045791320502758,
        0.9999815225601196,
        0.0005695432773791254,
        -0.021595938131213188,
        0.401832640171051,
        0.0019078945042565465,
        0.9157111644744873,
        1.1217005252838135
    ],
    [
        0.9083325266838074,
        0.006067821756005287,
        -0.4182048439979553,
        0.33962270617485046,
        -0.006314575672149658,
        0.9999797344207764,
        0.0007937868940643966,
        -0.022689424455165863,
        0.41820117831230164,
        0.0019197643268853426,
        0.908352255821228,
        1.170282006263733
    ],
    [
        0.9033235311508179,
        0.006232399959117174,
        -0.42891454696655273,
        0.3486018180847168,
        -0.006643450353294611,
        0.9999778270721436,
        0.000538745429366827,
        -0.021210072562098503,
        0.4289083480834961,
        0.0023628107737749815,
        0.9033449292182922,
        1.2030295133590698
    ],
    [
        0.8957557082176208,
        0.007309288717806339,
        -0.444486528635025,
        0.3615296185016632,
        -0.0074973758310079575,
        0.9999709725379944,
        0.0013347095809876919,
        -0.01714579202234745,
        0.4444833993911743,
        0.0021369082387536764,
        0.8957844972610474,
        1.2523247003555298
    ],
    [
        0.890455424785614,
        0.006904692389070988,
        -0.45501813292503357,
        0.3685173988342285,
        -0.007072897162288427,
        0.9999740719795227,
        0.0013327259803190827,
        -0.015044203028082848,
        0.45501551032066345,
        0.0020315630827099085,
        0.890481173992157,
        1.2858396768569946
    ],
    [
        0.8820767402648926,
        0.007649398408830166,
        -0.4710436463356018,
        0.38041484355926514,
        -0.007720331195741892,
        0.9999686479568481,
        0.0017816523322835565,
        -0.014473449438810349,
        0.47104257345199585,
        0.0020650571677833796,
        0.8821080923080444,
        1.3364964723587036
    ]
]