[
    [
        0.9993302822113037,
        -0.00135008932556957,
        0.036567822098731995,
        0.0797940120100975,
        0.0008731725392863154,
        0.9999143481254578,
        0.013054803013801575,
        0.03013542853295803,
        -0.03658231720328331,
        -0.013014128431677818,
        0.9992460012435913,
        -0.0002528245677240193
    ],
    [
        0.9992411732673645,
        -0.0014733066782355309,
        0.03891949728131294,
        0.0855279266834259,
        0.0009311363101005554,
        0.9999023675918579,
        0.013945021666586399,
        0.03254493325948715,
        -0.03893624246120453,
        -0.013898203149437904,
        0.9991450309753418,
        -0.00026540993712842464
    ],
    [
        0.9991679191589355,
        -0.00153989193495363,
        0.04075511544942856,
        0.09055989980697632,
        0.0009691520826891065,
        0.9999012351036072,
        0.014020183123648167,
        0.03612835705280304,
        -0.040772680193185806,
        -0.01396901998668909,
        0.9990707635879517,
        -0.0003766801382880658
    ],
    [
        0.9990891218185425,
        -0.0016813207184895873,
        0.04263884201645851,
        0.09475543349981308,
        0.0010251242201775312,
        0.9998807907104492,
        0.015406819991767406,
        0.03821815177798271,
        -0.042659662663936615,
        -0.015349077060818672,
        0.998971700668335,
        -0.00047494968748651445
    ],
    [
        0.9990050196647644,
        -0.0018258679192513227,
        0.04455934837460518,
        0.09912315011024475,
        0.0011140340939164162,
        0.999871551990509,
        0.015994543209671974,
        0.04093775898218155,
        -0.044582825154066086,
        -0.01592899113893509,
        0.9988786578178406,
        -0.0005465210415422916
    ],
    [
        0.9989153146743774,
        -0.002022246364504099,
        0.04651911184191704,
        0.1033971831202507,
        0.0012281083036214113,
        0.9998531341552734,
        0.0170934796333313,
        0.04297042265534401,
        -0.04654684662818909,
        -0.01701780967414379,
        0.9987711310386658,
        -0.0006856661639176309
    ],
    [
        0.998827338218689,
        -0.0021363687701523304,
        0.04836602881550789,
        0.10749183595180511,
        0.0012842052383348346,
        0.9998435378074646,
        0.017643257975578308,
        0.04623022302985191,
        -0.04839615523815155,
        -0.017560457810759544,
        0.9986739158630371,
        -0.000635740056168288
    ],
    [
        0.9987223744392395,
        -0.002434030408039689,
        0.05047435685992241,
        0.11146333068609238,
        0.0014839156065136194,
        0.9998211860656738,
        0.018852660432457924,
        0.046866483986377716,
        -0.05051121860742569,
        -0.018753675743937492,
        0.998547375202179,
        -0.0008439497905783355
    ],
    [
        0.9986234903335571,
        -0.0025994000025093555,
        0.052386846393346786,
        0.1151757761836052,
        0.0015825536102056503,
        0.999809741973877,
        0.019442476332187653,
        0.0490838922560215,
        -0.052427418529987335,
        -0.019332805648446083,
        0.9984375834465027,
        -0.0008757832110859454
    ],
    [
        0.9985331296920776,
        -0.0027518770657479763,
        0.05407562479376793,
        0.1193772703409195,
        0.0016616152133792639,
        0.999794602394104,
        0.020196428522467613,
        0.05139535292983055,
        -0.05412009730935097,
        -0.020076949149370193,
        0.998332679271698,
        -0.001077638240531087
    ],
    [
        0.9984244108200073,
        -0.0030156439170241356,
        0.056032560765743256,
        0.12357994168996811,
        0.0018159771570935845,
        0.9997683167457581,
        0.0214487686753273,
        0.054412029683589935,
        -0.05608425661921501,
        -0.021313218399882317,
        0.9981985688209534,
        -0.0012854788219556212
    ],
    [
        0.9983192682266235,
        -0.003296429989859462,
        0.05786016210913658,
        0.12783081829547882,
        0.001993834972381592,
        0.9997437000274658,
        0.022556122392416,
        0.05792291834950447,
        -0.05791968107223511,
        -0.022402849048376083,
        0.9980699419975281,
        -0.0015201324131339788
    ],
    [
        0.9981397986412048,
        -0.003657435765489936,
        0.06085733324289322,
        0.1337147206068039,
        0.0021873668301850557,
        0.9997047185897827,
        0.024205107241868973,
        0.06413308531045914,
        -0.06092788279056549,
        -0.024026963859796524,
        0.9978530406951904,
        -0.0017486999277025461
    ],
    [
        0.9980197548866272,
        -0.00404069758951664,
        0.06276967376470566,
        0.13758571445941925,
        0.0023982066195458174,
        0.9996532201766968,
        0.026220303028821945,
        0.0666898712515831,
        -0.0628538727760315,
        -0.026017850264906883,
        0.9976836442947388,
        -0.0020773226860910654
    ],
    [
        0.9979105591773987,
        -0.004333957564085722,
        0.06446470320224762,
        0.14179348945617676,
        0.0025714340154081583,
        0.9996213316917419,
        0.027398783713579178,
        0.07052917778491974,
        -0.06455903500318527,
        -0.027175769209861755,
        0.9975436329841614,
        -0.002307789633050561
    ],
    [
        0.9977859258651733,
        -0.004709681961685419,
        0.0663403794169426,
        0.14615565538406372,
        0.0028189108707010746,
        0.999587893486023,
        0.02856590412557125,
        0.074501171708107,
        -0.06644757837057114,
        -0.028315650299191475,
        0.9973880648612976,
        -0.0026547082234174013
    ],
    [
        0.9976679086685181,
        -0.005117116030305624,
        0.06806235015392303,
        0.1503729671239853,
        0.003015141235664487,
        0.9995163679122925,
        0.030950022861361504,
        0.07716178894042969,
        -0.06818781048059464,
        -0.030672626569867134,
        0.9972009658813477,
        -0.0030457645189017057
    ],
    [
        0.9975435733795166,
        -0.005492412019520998,
        0.06983325630426407,
        0.1545683741569519,
        0.0032754407729953527,
        0.9994881749153137,
        0.0318216010928154,
        0.08111140877008438,
        -0.06997229903936386,
        -0.03151469677686691,
        0.9970510005950928,
        -0.0032818210311233997
    ],
    [
        0.9974072575569153,
        -0.0058617861941456795,
        0.07172446697950363,
        0.1580887734889984,
        0.0034673847258090973,
        0.9994339942932129,
        0.033462394028902054,
        0.084721140563488,
        -0.07188001275062561,
        -0.033126942813396454,
        0.9968631267547607,
        -0.003700538305565715
    ],
    [
        0.9972695112228394,
        -0.0064872996881604195,
        0.07356251776218414,
        0.16158296167850494,
        0.0038589194882661104,
        0.999350905418396,
        0.03581589460372925,
        0.08822432160377502,
        -0.07374712079763412,
        -0.03543422743678093,
        0.996647298336029,
        -0.004162389785051346
    ],
    [
        0.997143566608429,
        -0.006885005161166191,
        0.07521476596593857,
        0.16622133553028107,
        0.004097796976566315,
        0.9993013739585876,
        0.03714832291007042,
        0.0935090184211731,
        -0.07541798055171967,
        -0.036733999848365784,
        0.9964750409126282,
        -0.004473271779716015
    ],
    [
        0.9970057606697083,
        -0.0074775731191039085,
        0.07696526497602463,
        0.17052340507507324,
        0.004431277047842741,
        0.9992027282714844,
        0.039675090461969376,
        0.09600233286619186,
        -0.07720057666301727,
        -0.03921524062752724,
        0.9962440729141235,
        -0.00515339057892561
    ],
    [
        0.9968503713607788,
        -0.007925868034362793,
        0.07890687137842178,
        0.17462950944900513,
        0.004705069120973349,
        0.999151349067688,
        0.04092026874423027,
        0.09924280643463135,
        -0.07916423678398132,
        -0.04042012616991997,
        0.9960417747497559,
        -0.005530896596610546
    ],
    [
        0.9966970682144165,
        -0.008391659706830978,
        0.08077476918697357,
        0.17886006832122803,
        0.005033452529460192,
        0.9991178512573242,
        0.04168914631009102,
        0.10337313264608383,
        -0.08105336874723434,
        -0.041144877672195435,
        0.9958601593971252,
        -0.005893901456147432
    ],
    [
        0.9964574575424194,
        -0.009051880799233913,
        0.08361029624938965,
        0.18550534546375275,
        0.005413253791630268,
        0.9990325570106506,
        0.043643511831760406,
        0.10746029019355774,
        -0.08392444998025894,
        -0.04303629696369171,
        0.9955423474311829,
        -0.006697073578834534
    ]
]