[
    [
        0.9881805181503296,
        0.014840069226920605,
        -0.15257465839385986,
        0.10280425101518631,
        -0.015158042311668396,
        0.9998847246170044,
        -0.0009210330899804831,
        -0.058827731758356094,
        0.15254339575767517,
        0.0032228801865130663,
        0.9882915616035461,
        0.22412660717964172
    ],
    [
        0.9856278300285339,
        0.016793202608823776,
        -0.16809464991092682,
        0.1087682917714119,
        -0.01721055619418621,
        0.9998513460159302,
        -0.0010261917486786842,
        -0.06489341706037521,
        0.16805242002010345,
        0.003904446493834257,
        0.9857702255249023,
        0.2381865531206131
    ],
    [
        0.981719970703125,
        0.019234679639339447,
        -0.18935683369636536,
        0.1160428524017334,
        -0.01972034014761448,
        0.9998053312301636,
        -0.000680814147926867,
        -0.07314625382423401,
        0.18930687010288239,
        0.004402550868690014,
        0.9819081425666809,
        0.2588772177696228
    ],
    [
        0.9788527488708496,
        0.020805077627301216,
        -0.20350521802902222,
        0.11992587894201279,
        -0.021370701491832733,
        0.9997714757919312,
        -0.0005820326041430235,
        -0.07795599848031998,
        0.20344658195972443,
        0.0049187722615897655,
        0.9790736436843872,
        0.2728612422943115
    ],
    [
        0.9748190641403198,
        0.0230936910957098,
        -0.2217983901500702,
        0.12502221763134003,
        -0.02374757081270218,
        0.9997179508209229,
        -0.00028136244509369135,
        -0.08545690774917603,
        0.2217293381690979,
        0.005541450809687376,
        0.9750924110412598,
        0.29363852739334106
    ],
    [
        0.9721304178237915,
        0.024368558079004288,
        -0.2331707775592804,
        0.12719251215457916,
        -0.025038283318281174,
        0.9996865391731262,
        8.76586782396771e-05,
        -0.0894702896475792,
        0.2330998182296753,
        0.005752979777753353,
        0.972435712814331,
        0.30900686979293823
    ],
    [
        0.9681767821311951,
        0.026338979601860046,
        -0.2488776445388794,
        0.1289723962545395,
        -0.027023471891880035,
        0.9996345043182373,
        0.0006664254469797015,
        -0.09678368270397186,
        0.2488042563199997,
        0.00608031963929534,
        0.9685345888137817,
        0.33233585953712463
    ],
    [
        0.9655256867408752,
        0.02757898159325123,
        -0.25884273648262024,
        0.13034917414188385,
        -0.028296884149312973,
        0.9995991587638855,
        0.000952539558056742,
        -0.10293904691934586,
        0.25876525044441223,
        0.0064047412015497684,
        0.965919017791748,
        0.348479688167572
    ],
    [
        0.9615139961242676,
        0.029535330832004547,
        -0.273163765668869,
        0.13265252113342285,
        -0.030274782329797745,
        0.9995405077934265,
        0.001508724526502192,
        -0.11386609822511673,
        0.27308276295661926,
        0.006819314323365688,
        0.961966335773468,
        0.37371858954429626
    ],
    [
        0.9588799476623535,
        0.03102932870388031,
        -0.2821105718612671,
        0.134819895029068,
        -0.0318131297826767,
        0.9994922280311584,
        0.001802836894057691,
        -0.12230704724788666,
        0.28202328085899353,
        0.007246115710586309,
        0.9593801498413086,
        0.3904423713684082
    ],
    [
        0.9546796083450317,
        0.03279772400856018,
        -0.29582297801971436,
        0.1398451030254364,
        -0.03357049077749252,
        0.9994332790374756,
        0.0024679494090378284,
        -0.13370917737483978,
        0.29573625326156616,
        0.007574820425361395,
        0.9552395343780518,
        0.41612064838409424
    ],
    [
        0.95192551612854,
        0.033808037638664246,
        -0.3044583797454834,
        0.14405988156795502,
        -0.03467237204313278,
        0.999395489692688,
        0.0025687655434012413,
        -0.1415656954050064,
        0.30436113476753235,
        0.008111019618809223,
        0.9525222182273865,
        0.43253225088119507
    ],
    [
        0.947964608669281,
        0.03531450033187866,
        -0.3164112865924835,
        0.15087537467479706,
        -0.0361819788813591,
        0.999340295791626,
        0.003135059494525194,
        -0.15447130799293518,
        0.316313236951828,
        0.008476462215185165,
        0.9486169219017029,
        0.4559975266456604
    ],
    [
        0.94533371925354,
        0.03631299361586571,
        -0.3240765929222107,
        0.15538755059242249,
        -0.03723514825105667,
        0.9993008375167847,
        0.0033571531530469656,
        -0.1633491963148117,
        0.3239719271659851,
        0.008893407881259918,
        0.9460248947143555,
        0.47080060839653015
    ],
    [
        0.9416710734367371,
        0.037460993975400925,
        -0.3344431221485138,
        0.1605832427740097,
        -0.03846481442451477,
        0.9992533922195435,
        0.0036234124563634396,
        -0.17710885405540466,
        0.33432915806770325,
        0.00945222657173872,
        0.9424090385437012,
        0.49066564440727234
    ],
    [
        0.9392391443252563,
        0.038329266011714935,
        -0.3411169648170471,
        0.16349689662456512,
        -0.03931192308664322,
        0.9992188215255737,
        0.004033890552818775,
        -0.1864255666732788,
        0.3410051167011261,
        0.009621177799999714,
        0.9400122165679932,
        0.5025249719619751
    ],
    [
        0.9354977607727051,
        0.03967307507991791,
        -0.35109853744506836,
        0.16631774604320526,
        -0.04072800651192665,
        0.999160647392273,
        0.004382874350994825,
        -0.20030459761619568,
        0.35097771883010864,
        0.010199376381933689,
        0.9363282918930054,
        0.5188348889350891
    ],
    [
        0.9332924485206604,
        0.04049106687307358,
        -0.35682734847068787,
        0.16808946430683136,
        -0.041533440351486206,
        0.9991257786750793,
        0.0047441222704946995,
        -0.2089281976222992,
        0.35670751333236694,
        0.010392612777650356,
        0.934158205986023,
        0.5285706520080566
    ],
    [
        0.9301974177360535,
        0.04199708625674248,
        -0.3646491467952728,
        0.17073626816272736,
        -0.043193332850933075,
        0.9990548491477966,
        0.004878852982074022,
        -0.22063559293746948,
        0.3645094037055969,
        0.011212115176022053,
        0.9311321973800659,
        0.54237961769104
    ],
    [
        0.9280136823654175,
        0.04256974905729294,
        -0.3701058030128479,
        0.1720661073923111,
        -0.043866463005542755,
        0.9990253448486328,
        0.004916370380669832,
        -0.2285621166229248,
        0.369954377412796,
        0.011672773398458958,
        0.9289765357971191,
        0.5514241456985474
    ],
    [
        0.9245067238807678,
        0.04408307000994682,
        -0.3786081075668335,
        0.1747707575559616,
        -0.0454271174967289,
        0.998953104019165,
        0.005386172793805599,
        -0.23954501748085022,
        0.3784492015838623,
        0.012219521217048168,
        0.925541341304779,
        0.5658239126205444
    ],
    [
        0.922379195690155,
        0.04466277360916138,
        -0.38369515538215637,
        0.17574168741703033,
        -0.046254660934209824,
        0.998916745185852,
        0.005082318093627691,
        -0.24639618396759033,
        0.38350650668144226,
        0.013059863820672035,
        0.9234458804130554,
        0.5746663808822632
    ],
    [
        0.9182456731796265,
        0.04600928723812103,
        -0.393329381942749,
        0.17760221660137177,
        -0.04745800048112869,
        0.9988548755645752,
        0.0060470858588814735,
        -0.2557080090045929,
        0.3931572139263153,
        0.013113914988934994,
        0.9193778038024902,
        0.5884553790092468
    ],
    [
        0.9150649309158325,
        0.04689668118953705,
        -0.4005706012248993,
        0.1788320690393448,
        -0.04839738458395004,
        0.9988077878952026,
        0.00637594610452652,
        -0.2610648274421692,
        0.4003920555114746,
        0.0135521674528718,
        0.9162437915802002,
        0.5975248217582703
    ],
    [
        0.9098163843154907,
        0.0481201708316803,
        -0.41221168637275696,
        0.18248768150806427,
        -0.049625951796770096,
        0.9987428784370422,
        0.007057478651404381,
        -0.26863759756088257,
        0.4120331406593323,
        0.014035388827323914,
        0.911060631275177,
        0.609950065612793
    ]
]