[
    [
        0.9916540384292603,
        0.022944986820220947,
        -0.12686903774738312,
        -0.007407135330140591,
        -0.025345098227262497,
        0.9995284676551819,
        -0.017335988581180573,
        -0.06529752910137177,
        0.12641143798828125,
        0.02040681056678295,
        0.9917680025100708,
        0.44686195254325867
    ],
    [
        0.9896463751792908,
        0.025785500183701515,
        -0.14119231700897217,
        -0.019234446808695793,
        -0.028930341824889183,
        0.9993759989738464,
        -0.020265942439436913,
        -0.07832730561494827,
        0.1405816525220871,
        0.0241408571600914,
        0.9897747039794922,
        0.5246009826660156
    ],
    [
        0.9879984855651855,
        0.027769701555371284,
        -0.15194667875766754,
        -0.04099256172776222,
        -0.03175611048936844,
        0.99921053647995,
        -0.023871595039963722,
        -0.09856341779232025,
        0.15116381645202637,
        0.02841033786535263,
        0.9881002902984619,
        0.6284411549568176
    ],
    [
        0.9869200587272644,
        0.028024282306432724,
        -0.15875566005706787,
        -0.06598728150129318,
        -0.03279929235577583,
        0.9990825653076172,
        -0.027537353336811066,
        -0.12130310386419296,
        0.15783828496932983,
        0.032384242862463,
        0.9869338274002075,
        0.7493898272514343
    ],
    [
        0.986413300037384,
        0.026746567338705063,
        -0.16209079325199127,
        -0.08474869281053543,
        -0.03193729743361473,
        0.9990543127059937,
        -0.02950260415673256,
        -0.1423007994890213,
        0.16114841401576996,
        0.034278504550457,
        0.9863346815109253,
        0.8483066558837891
    ],
    [
        0.9864036440849304,
        0.023731334134936333,
        -0.16261878609657288,
        -0.10846656560897827,
        -0.02910034731030464,
        0.9991044998168945,
        -0.030713560059666634,
        -0.16866622865200043,
        0.16174428164958954,
        0.03502822294831276,
        0.9862108826637268,
        0.9667741656303406
    ],
    [
        0.9868854284286499,
        0.01910598762333393,
        -0.1602877378463745,
        -0.13126157224178314,
        -0.024526545777916908,
        0.9991898536682129,
        -0.03190749138593674,
        -0.19399021565914154,
        0.15954828262329102,
        0.03542034327983856,
        0.9865543842315674,
        1.0854899883270264
    ],
    [
        0.9878369569778442,
        0.014490789733827114,
        -0.1548168808221817,
        -0.1538616567850113,
        -0.020181406289339066,
        0.9991747140884399,
        -0.0352487713098526,
        -0.21064594388008118,
        0.15417835116386414,
        0.03794446587562561,
        0.9873141050338745,
        1.18506920337677
    ],
    [
        0.9896726012229919,
        0.008035941980779171,
        -0.14312155544757843,
        -0.19055549800395966,
        -0.013797641731798649,
        0.9991317391395569,
        -0.039310522377491,
        -0.23693694174289703,
        0.14268139004707336,
        0.040879275649785995,
        0.9889241456985474,
        1.3201268911361694
    ],
    [
        0.9915117025375366,
        0.0016294511733576655,
        -0.13000763952732086,
        -0.23158353567123413,
        -0.007117869798094034,
        0.9991022348403931,
        -0.041762661188840866,
        -0.2679803967475891,
        0.12982283532619476,
        0.042333539575338364,
        0.9906331300735474,
        1.4644513130187988
    ],
    [
        0.9933047294616699,
        -0.003755958518013358,
        -0.11546298116445541,
        -0.2701302170753479,
        -0.0008878259686753154,
        0.9991936087608337,
        -0.04014110565185547,
        -0.3012654185295105,
        0.11552064120769501,
        0.03997485712170601,
        0.9925003051757812,
        1.5955960750579834
    ],
    [
        0.9949375987052917,
        -0.007680873852223158,
        -0.10020101815462112,
        -0.30464112758636475,
        0.003913747612386942,
        0.9992799758911133,
        -0.03773823752999306,
        -0.32705020904541016,
        0.10041873902082443,
        0.03715502470731735,
        0.9942513108253479,
        1.7006430625915527
    ],
    [
        0.9970932602882385,
        -0.01277448795735836,
        -0.07511346787214279,
        -0.3577733039855957,
        0.010129527188837528,
        0.9993187785148621,
        -0.03548901528120041,
        -0.3543054461479187,
        0.07551565021276474,
        0.034624986350536346,
        0.996543288230896,
        1.8278011083602905
    ],
    [
        0.9988698363304138,
        -0.020263850688934326,
        -0.042993247509002686,
        -0.423438161611557,
        0.018896957859396935,
        0.999310314655304,
        -0.03196492791175842,
        -0.38866522908210754,
        0.043611329048871994,
        0.031116358935832977,
        0.9985639452934265,
        1.9637633562088013
    ],
    [
        0.9995571374893188,
        -0.025828976184129715,
        -0.014785305596888065,
        -0.4771486520767212,
        0.02539965696632862,
        0.9992703795433044,
        -0.02852308377623558,
        -0.41907811164855957,
        0.015511238016188145,
        0.0281349029392004,
        0.9994838833808899,
        2.075528383255005
    ],
    [
        0.9993532299995422,
        -0.032111331820487976,
        0.01618521474301815,
        -0.5204721093177795,
        0.03248927369713783,
        0.9991921186447144,
        -0.023655422031879425,
        -0.45101237297058105,
        -0.0154125289991498,
        0.024165969341993332,
        0.9995891451835632,
        2.2049479484558105
    ],
    [
        0.9980063438415527,
        -0.0377601720392704,
        0.050571292638778687,
        -0.5571298003196716,
        0.03888636454939842,
        0.99901282787323,
        -0.021473532542586327,
        -0.47571566700935364,
        -0.04971052706241608,
        0.023397261276841164,
        0.9984896183013916,
        2.3360917568206787
    ],
    [
        0.9949531555175781,
        -0.04552971199154854,
        0.08941569179296494,
        -0.5873449444770813,
        0.04762064293026924,
        0.9986363649368286,
        -0.021390903741121292,
        -0.4950385093688965,
        -0.08831983804702759,
        0.02554098702967167,
        0.9957646131515503,
        2.4707958698272705
    ],
    [
        0.9905063509941101,
        -0.053074777126312256,
        0.12680797278881073,
        -0.6158843040466309,
        0.055843476206064224,
        0.9982704520225525,
        -0.018376924097537994,
        -0.5183855295181274,
        -0.12561330199241638,
        0.02528386190533638,
        0.9917569756507874,
        2.576355457305908
    ],
    [
        0.9828230738639832,
        -0.06168564781546593,
        0.17393572628498077,
        -0.6383944749832153,
        0.06486468017101288,
        0.997813880443573,
        -0.012646827846765518,
        -0.5481806397438049,
        -0.1727754920721054,
        0.02371189184486866,
        0.9846757650375366,
        2.705310106277466
    ],
    [
        0.9733006954193115,
        -0.06887168437242508,
        0.21895770728588104,
        -0.653754472732544,
        0.07182803004980087,
        0.9974014163017273,
        -0.005560840480029583,
        -0.5773671269416809,
        -0.2180056869983673,
        0.02113967202603817,
        0.9757185578346252,
        2.829723358154297
    ],
    [
        0.9641179442405701,
        -0.07386429607868195,
        0.2549913823604584,
        -0.6636960506439209,
        0.07679148018360138,
        0.9970460534095764,
        -0.0015292373718693852,
        -0.5993468165397644,
        -0.2541251480579376,
        0.021055543795228004,
        0.9669420123100281,
        2.931856393814087
    ],
    [
        0.9479683041572571,
        -0.0845080241560936,
        0.3069436848163605,
        -0.6829517483711243,
        0.08710294961929321,
        0.9961854219436646,
        0.005261023063212633,
        -0.6270215511322021,
        -0.3062174320220947,
        0.021748416125774384,
        0.9517130851745605,
        3.063399076461792
    ],
    [
        0.9288868308067322,
        -0.09536450356245041,
        0.3578755855560303,
        -0.6969043612480164,
        0.09520767629146576,
        0.9952928423881531,
        0.01810246706008911,
        -0.6641810536384583,
        -0.3579172194004059,
        0.017257383093237877,
        0.93359375,
        3.2034733295440674
    ],
    [
        0.9110603332519531,
        -0.10439275950193405,
        0.39883726835250854,
        -0.687843382358551,
        0.10155564546585083,
        0.9944272041320801,
        0.028301382437348366,
        -0.6950417160987854,
        -0.39956891536712646,
        0.014719911850988865,
        0.9165849089622498,
        3.3344762325286865
    ]
]