[
    [
        0.999698281288147,
        -0.0069162300787866116,
        0.023569470271468163,
        -0.2246703803539276,
        0.007016060873866081,
        0.9999668002128601,
        -0.004155519884079695,
        -0.007466649636626244,
        -0.023539945483207703,
        0.004319630563259125,
        0.9997134804725647,
        0.33547425270080566
    ],
    [
        0.9996200799942017,
        -0.007393724750727415,
        0.026554860174655914,
        -0.2868962585926056,
        0.007508404552936554,
        0.9999628663063049,
        -0.004221464041620493,
        -0.011083364486694336,
        -0.026522664353251457,
        0.004419245757162571,
        0.9996384382247925,
        0.365908682346344
    ],
    [
        0.9995519518852234,
        -0.0077834539115428925,
        0.028901226818561554,
        -0.3445698618888855,
        0.007905179634690285,
        0.9999603033065796,
        -0.004099917598068714,
        -0.014583984389901161,
        -0.028868168592453003,
        0.004326550289988518,
        0.9995738863945007,
        0.39746183156967163
    ],
    [
        0.9994491934776306,
        -0.008588877506554127,
        0.03205720707774162,
        -0.41522887349128723,
        0.00873846560716629,
        0.9999516606330872,
        -0.004529069177806377,
        -0.017412183806300163,
        -0.032016754150390625,
        0.004806706216186285,
        0.9994757771492004,
        0.44809120893478394
    ],
    [
        0.999373733997345,
        -0.00880345981568098,
        0.034275658428668976,
        -0.467785507440567,
        0.00896246638149023,
        0.9999497532844543,
        -0.004488186910748482,
        -0.019754303619265556,
        -0.0342344269156456,
        0.004792570136487484,
        0.9994022846221924,
        0.4907745122909546
    ],
    [
        0.9992775321006775,
        -0.009454010985791683,
        0.03681114688515663,
        -0.5350378751754761,
        0.00964264664798975,
        0.9999412894248962,
        -0.0049502369947731495,
        -0.020221244543790817,
        -0.03676218166947365,
        0.00530161801725626,
        0.9993100166320801,
        0.5533089637756348
    ],
    [
        0.9992004632949829,
        -0.009769046679139137,
        0.038767725229263306,
        -0.5851914882659912,
        0.009969634935259819,
        0.9999378323554993,
        -0.004984166473150253,
        -0.021103976294398308,
        -0.0387166291475296,
        0.0053666806779801846,
        0.9992357492446899,
        0.6047613620758057
    ],
    [
        0.999103307723999,
        -0.010260660201311111,
        0.04107564687728882,
        -0.6481128334999084,
        0.010479948483407497,
        0.9999319314956665,
        -0.005126838106662035,
        -0.024020716547966003,
        -0.041020240634679794,
        0.005552711896598339,
        0.9991428852081299,
        0.6716230511665344
    ],
    [
        0.9990136027336121,
        -0.01075547281652689,
        0.043083492666482925,
        -0.6948084235191345,
        0.010997561737895012,
        0.9999250173568726,
        -0.005385997239500284,
        -0.02686426416039467,
        -0.043022334575653076,
        0.005854496732354164,
        0.9990569949150085,
        0.716708779335022
    ],
    [
        0.998923659324646,
        -0.011088919825851917,
        0.04504004493355751,
        -0.7406578063964844,
        0.01135372556746006,
        0.9999196529388428,
        -0.0056277550756931305,
        -0.028668377548456192,
        -0.04497401788830757,
        0.006133070215582848,
        0.998969316482544,
        0.7599124908447266
    ],
    [
        0.9988119006156921,
        -0.011633043177425861,
        0.047322552651166916,
        -0.8032132983207703,
        0.011925211176276207,
        0.9999114871025085,
        -0.005896345712244511,
        -0.029694493860006332,
        -0.047249771654605865,
        0.006453671958297491,
        0.9988622665405273,
        0.8137550950050354
    ],
    [
        0.9987069964408875,
        -0.012064165435731411,
        0.04938481003046036,
        -0.8533455729484558,
        0.012407035566866398,
        0.9999008774757385,
        -0.006642140913754702,
        -0.027854807674884796,
        -0.04929978772997856,
        0.0072462717071175575,
        0.9987577199935913,
        0.8586270213127136
    ],
    [
        0.9985888600349426,
        -0.012531896121799946,
        0.05160629749298096,
        -0.9091554880142212,
        0.012934246100485325,
        0.9998884201049805,
        -0.00746991578489542,
        -0.025241941213607788,
        -0.05150693282485008,
        0.008126864209771156,
        0.9986395239830017,
        0.906637966632843
    ],
    [
        0.9984631538391113,
        -0.012640547938644886,
        0.05395843833684921,
        -0.9688113331794739,
        0.013110590167343616,
        0.999879002571106,
        -0.008366125635802746,
        -0.021991755813360214,
        -0.05384613946080208,
        0.009060695767402649,
        0.998508095741272,
        0.9580537676811218
    ],
    [
        0.9983342289924622,
        -0.012951591052114964,
        0.05622240900993347,
        -1.0310039520263672,
        0.013487646356225014,
        0.9998670816421509,
        -0.009165587835013866,
        -0.01887580007314682,
        -0.05609617754817009,
        0.009908627718687057,
        0.998376190662384,
        1.008734107017517
    ],
    [
        0.9981942176818848,
        -0.01313458289951086,
        0.058615583926439285,
        -1.0931648015975952,
        0.013743235729634762,
        0.999855637550354,
        -0.009992755949497223,
        -0.015949796885252,
        -0.05847587808966637,
        0.010780278593301773,
        0.9982305765151978,
        1.0600979328155518
    ],
    [
        0.9980275630950928,
        -0.013413339853286743,
        0.061328355222940445,
        -1.1682918071746826,
        0.014078560285270214,
        0.9998464584350586,
        -0.010427605360746384,
        -0.013597238808870316,
        -0.06117919459939003,
        0.011270454153418541,
        0.9980632662773132,
        1.1240699291229248
    ],
    [
        0.9979356527328491,
        -0.013753307983279228,
        0.06273182481527328,
        -1.217392921447754,
        0.014446999877691269,
        0.999839186668396,
        -0.0106178754940629,
        -0.010294318199157715,
        -0.06257565319538116,
        0.01150224357843399,
        0.9979739189147949,
        1.1711952686309814
    ],
    [
        0.9978182911872864,
        -0.014711699448525906,
        0.06436127424240112,
        -1.2793705463409424,
        0.01552756130695343,
        0.9998050928115845,
        -0.012194506824016571,
        -0.001783534069545567,
        -0.06416933983564377,
        0.013167275115847588,
        0.9978521466255188,
        1.2368736267089844
    ],
    [
        0.997800350189209,
        -0.015521298162639141,
        0.06444744020700455,
        -1.3247770071029663,
        0.016424279659986496,
        0.9997739791870117,
        -0.013505074195563793,
        0.0061423759907484055,
        -0.06422325223684311,
        0.014533869922161102,
        0.9978296756744385,
        1.289475440979004
    ],
    [
        0.9978902339935303,
        -0.01630067639052868,
        0.06284551322460175,
        -1.388130784034729,
        0.01725858822464943,
        0.9997425079345703,
        -0.014729716815054417,
        0.013651629909873009,
        -0.06258929520845413,
        0.015783265233039856,
        0.9979145526885986,
        1.3677332401275635
    ],
    [
        0.9980766773223877,
        -0.016673235222697258,
        0.05970969423651695,
        -1.438301920890808,
        0.01760271191596985,
        0.9997313618659973,
        -0.015074525959789753,
        0.014641612768173218,
        -0.05944236367940903,
        0.016096582636237144,
        0.9981019496917725,
        1.4300401210784912
    ],
    [
        0.9984350800514221,
        -0.016773771494627,
        0.053347498178482056,
        -1.4859504699707031,
        0.017657041549682617,
        0.9997140169143677,
        -0.01612892374396324,
        0.01661992259323597,
        -0.053061701357364655,
        0.0170456450432539,
        0.9984456896781921,
        1.4842177629470825
    ],
    [
        0.9988085031509399,
        -0.016905179247260094,
        0.04577881470322609,
        -1.5328725576400757,
        0.017688553780317307,
        0.999703049659729,
        -0.016761545091867447,
        0.015716196969151497,
        -0.045481789857149124,
        0.01755133643746376,
        0.9988110065460205,
        1.5334837436676025
    ],
    [
        0.9991974234580994,
        -0.01708061806857586,
        0.03623005747795105,
        -1.5815340280532837,
        0.017731264233589172,
        0.9996858835220337,
        -0.017714092507958412,
        0.01645842008292675,
        -0.03591606765985489,
        0.0183422788977623,
        0.9991864562034607,
        1.5747690200805664
    ]
]