[
    [
        0.749809205532074,
        -0.06096303090453148,
        0.6588396430015564,
        -16.463926315307617,
        0.08601269870996475,
        0.9962776899337769,
        -0.005702461581677198,
        2.394355058670044,
        -0.6560395956039429,
        0.0609443224966526,
        0.7522618770599365,
        -1.1385185718536377
    ],
    [
        0.7489998936653137,
        -0.061392370611429214,
        0.6597196459770203,
        -16.488229751586914,
        0.08606909960508347,
        0.9962766766548157,
        -0.0050051151774823666,
        2.3888988494873047,
        -0.6569560766220093,
        0.06053033471107483,
        0.7514951229095459,
        -1.1092454195022583
    ],
    [
        0.7480397820472717,
        -0.06070449948310852,
        0.6608718633651733,
        -16.526926040649414,
        0.08519157767295837,
        0.99635249376297,
        -0.004908091854304075,
        2.383113145828247,
        -0.65816330909729,
        0.059972167015075684,
        0.7504826188087463,
        -1.0654786825180054
    ],
    [
        0.7467135787010193,
        -0.06102515012025833,
        0.6623403429985046,
        -16.570755004882812,
        0.0851198360323906,
        0.9963619709014893,
        -0.0041625285521149635,
        2.3756134510040283,
        -0.6596766710281372,
        0.05948652699589729,
        0.7491915225982666,
        -1.0208317041397095
    ],
    [
        0.7453566789627075,
        -0.06155737116932869,
        0.663817822933197,
        -16.61160659790039,
        0.08518601953983307,
        0.996359646320343,
        -0.003254913492128253,
        2.3670225143432617,
        -0.661201000213623,
        0.05897405743598938,
        0.747887134552002,
        -0.9729303121566772
    ],
    [
        0.7444277405738831,
        -0.060293540358543396,
        0.6649751663208008,
        -16.655908584594727,
        0.08376463502645493,
        0.9964796304702759,
        -0.0034218267537653446,
        2.3619635105133057,
        -0.6624279618263245,
        0.058248717337846756,
        0.7468575835227966,
        -0.9250943660736084
    ],
    [
        0.7431435585021973,
        -0.060547880828380585,
        0.6663870215415955,
        -16.696556091308594,
        0.08350358158349991,
        0.9965041875839233,
        -0.002579500898718834,
        2.352513074874878,
        -0.6639012694358826,
        0.057562656700611115,
        0.7456015348434448,
        -0.8730126023292542
    ],
    [
        0.7422727346420288,
        -0.059209175407886505,
        0.6674769520759583,
        -16.73952865600586,
        0.08197812736034393,
        0.9966303110122681,
        -0.0027573443949222565,
        2.3464138507843018,
        -0.6650645136833191,
        0.05676521360874176,
        0.7446253895759583,
        -0.821020245552063
    ],
    [
        0.7412126064300537,
        -0.05858367681503296,
        0.6687091588973999,
        -16.780113220214844,
        0.08103876560926437,
        0.9967077374458313,
        -0.0025065478403121233,
        2.33843994140625,
        -0.6663608551025391,
        0.05604926496744156,
        0.7435199618339539,
        -0.7651641964912415
    ],
    [
        0.7405127286911011,
        -0.05685967579483986,
        0.6696326732635498,
        -16.819272994995117,
        0.07910032570362091,
        0.9968626499176025,
        -0.0028276722878217697,
        2.3319826126098633,
        -0.6673709750175476,
        0.05506209656596184,
        0.7426871657371521,
        -0.7087252140045166
    ],
    [
        0.7390881776809692,
        -0.05764477327466011,
        0.6711375713348389,
        -16.856807708740234,
        0.07911858707666397,
        0.9968640804290771,
        -0.001507299137301743,
        2.3202998638153076,
        -0.6689460873603821,
        0.05421349033713341,
        0.7413313388824463,
        -0.6489383578300476
    ],
    [
        0.7386096119880676,
        -0.055608052760362625,
        0.6718360185623169,
        -16.889822006225586,
        0.07694242149591446,
        0.9970333576202393,
        -0.0020650001242756844,
        2.3145792484283447,
        -0.66972815990448,
        0.05321794003248215,
        0.7406970262527466,
        -0.588178277015686
    ],
    [
        0.7380397319793701,
        -0.05386277660727501,
        0.6726040244102478,
        -16.92378044128418,
        0.07490723580121994,
        0.9971877932548523,
        -0.002338993828743696,
        2.308743476867676,
        -0.6705865859985352,
        0.052109189331531525,
        0.7399988770484924,
        -0.5240230560302734
    ],
    [
        0.7372615933418274,
        -0.05396825447678566,
        0.6734484434127808,
        -16.94598960876465,
        0.07451291382312775,
        0.997218668460846,
        -0.001659186789765954,
        2.3011622428894043,
        -0.6714858412742615,
        0.05140388384461403,
        0.7392322421073914,
        -0.47735604643821716
    ],
    [
        0.7370287179946899,
        -0.05134802311658859,
        0.673907995223999,
        -16.97346305847168,
        0.07178908586502075,
        0.9974166750907898,
        -0.0025155264884233475,
        2.2976057529449463,
        -0.6720378994941711,
        0.05023324117064476,
        0.7388111352920532,
        -0.4099368453025818
    ],
    [
        0.735977053642273,
        -0.051557231694459915,
        0.675040602684021,
        -17.002782821655273,
        0.07122677564620972,
        0.9974589943885803,
        -0.0014740413753315806,
        2.2862441539764404,
        -0.6732493042945862,
        0.049165815114974976,
        0.7377791404724121,
        -0.3379989564418793
    ],
    [
        0.7353072166442871,
        -0.05075094848871231,
        0.675831139087677,
        -17.026838302612305,
        0.06977511197328568,
        0.9975622296333313,
        -0.0010045545641332865,
        2.277287483215332,
        -0.6741325855255127,
        0.047894854098558426,
        0.737055778503418,
        -0.26143255829811096
    ],
    [
        0.7350882291793823,
        -0.048835791647434235,
        0.6762102246284485,
        -17.048063278198242,
        0.06753671169281006,
        0.9977158308029175,
        -0.0013622866244986653,
        2.270946502685547,
        -0.6745992302894592,
        0.046670421957969666,
        0.736707329750061,
        -0.18664444983005524
    ],
    [
        0.7349689602851868,
        -0.04676505923271179,
        0.6764861345291138,
        -17.064882278442383,
        0.06505945324897766,
        0.9978799223899841,
        -0.001701083849184215,
        2.2647640705108643,
        -0.674972414970398,
        0.045262064784765244,
        0.7364533543586731,
        -0.11206036061048508
    ],
    [
        0.7347943782806396,
        -0.04496559873223305,
        0.6767979264259338,
        -17.08037567138672,
        0.06288962811231613,
        0.9980185031890869,
        -0.001971716294065118,
        2.259094476699829,
        -0.6753681898117065,
        0.04401238635182381,
        0.7361661195755005,
        -0.034266844391822815
    ],
    [
        0.734414279460907,
        -0.044450100511312485,
        0.6772444248199463,
        -17.094274520874023,
        0.061967380344867706,
        0.9980767369270325,
        -0.0016908508259803057,
        2.256591320037842,
        -0.6758666634559631,
        0.043208856135606766,
        0.7357562184333801,
        0.03624821826815605
    ],
    [
        0.7343601584434509,
        -0.042938653379678726,
        0.6774004697799683,
        -17.10568618774414,
        0.06018634885549545,
        0.9981851577758789,
        -0.0019747961778193712,
        2.2513227462768555,
        -0.6760863065719604,
        0.04222046211361885,
        0.7356118559837341,
        0.10097478330135345
    ],
    [
        0.7342206239700317,
        -0.04169263318181038,
        0.6776295900344849,
        -17.1181697845459,
        0.058634646236896515,
        0.9982772469520569,
        -0.0021102488972246647,
        2.2456655502319336,
        -0.6763741970062256,
        0.04128194972872734,
        0.735400378704071,
        0.16804401576519012
    ],
    [
        0.7340366840362549,
        -0.04071054607629776,
        0.6778885722160339,
        -17.126306533813477,
        0.056967634707689285,
        0.9983745813369751,
        -0.0017288497183471918,
        2.238462448120117,
        -0.6767162084579468,
        0.03988674655556679,
        0.7351626753807068,
        0.25553426146507263
    ],
    [
        0.734085738658905,
        -0.039784327149391174,
        0.6778902411460876,
        -17.128747940063477,
        0.05555406212806702,
        0.9984545111656189,
        -0.001561617013067007,
        2.2309060096740723,
        -0.6767804026603699,
        0.03880590945482254,
        0.7351614832878113,
        0.3176218271255493
    ]
]