[
    [
        0.9830193519592285,
        0.027179058641195297,
        -0.18147778511047363,
        -0.10638951510190964,
        -0.028683608397841454,
        0.9995724558830261,
        -0.005670690443366766,
        0.05577543377876282,
        0.1812460869550705,
        0.010779837146401405,
        0.9833787083625793,
        -0.0015327974688261747
    ],
    [
        0.9651710391044617,
        0.03737901523709297,
        -0.25893548130989075,
        -0.18286871910095215,
        -0.04019049182534218,
        0.9991765022277832,
        -0.0055707604624331,
        0.07433322817087173,
        0.25851401686668396,
        0.015783479437232018,
        0.9658785462379456,
        0.041830629110336304
    ],
    [
        0.9447049498558044,
        0.045800209045410156,
        -0.3247075378894806,
        -0.2960638105869293,
        -0.050205834209918976,
        0.9987253546714783,
        -0.0051981196738779545,
        0.08644569665193558,
        0.32405558228492737,
        0.021212901920080185,
        0.945800244808197,
        0.11505988240242004
    ],
    [
        0.928024172782898,
        0.04725811257958412,
        -0.36951011419296265,
        -0.39147475361824036,
        -0.054570626467466354,
        0.9984660744667053,
        -0.009356283582746983,
        0.0807337611913681,
        0.3685011565685272,
        0.028847254812717438,
        0.9291795492172241,
        0.1987617462873459
    ],
    [
        0.9125714302062988,
        0.04799075424671173,
        -0.4060916006565094,
        -0.5082656741142273,
        -0.05902666598558426,
        0.9981483221054077,
        -0.014686706475913525,
        0.07215172797441483,
        0.4046348035335541,
        0.0373728983104229,
        0.9137144088745117,
        0.3458155393600464
    ],
    [
        0.9012181162834167,
        0.04707925766706467,
        -0.43080106377601624,
        -0.6257257461547852,
        -0.061565231531858444,
        0.9979078769683838,
        -0.019737491384148598,
        0.05065852403640747,
        0.42897048592567444,
        0.04431014880537987,
        0.9022310972213745,
        0.5020074844360352
    ],
    [
        0.8933243155479431,
        0.046132754534482956,
        -0.4470385015010834,
        -0.7485764622688293,
        -0.06405550986528397,
        0.9976319670677185,
        -0.025051185861229897,
        0.04254116863012314,
        0.44482421875,
        0.051014114171266556,
        0.8941637277603149,
        0.6569117307662964
    ],
    [
        0.8921222686767578,
        0.04457555338740349,
        -0.4495898485183716,
        -0.9169134497642517,
        -0.06464608758687973,
        0.9974756240844727,
        -0.029380520805716515,
        0.018100541085004807,
        0.4471452236175537,
        0.05527523532509804,
        0.8927518725395203,
        0.8240344524383545
    ],
    [
        0.8918642401695251,
        0.04089588671922684,
        -0.45045050978660583,
        -1.0328489542007446,
        -0.0631868839263916,
        0.9974034428596497,
        -0.03455302119255066,
        -0.009047960862517357,
        0.447867751121521,
        0.0592791773378849,
        0.8921325206756592,
        0.9511019587516785
    ],
    [
        0.8985801339149475,
        0.03685001656413078,
        -0.4372594356536865,
        -1.148723840713501,
        -0.06029927358031273,
        0.9973841309547424,
        -0.03986217826604843,
        -0.023548314347863197,
        0.4346466660499573,
        0.06218578666448593,
        0.8984516263008118,
        1.1257838010787964
    ],
    [
        0.9107638597488403,
        0.03299397975206375,
        -0.4116072654724121,
        -1.2305713891983032,
        -0.057040926069021225,
        0.9972989559173584,
        -0.046272147446870804,
        -0.05848527327179909,
        0.40896883606910706,
        0.06562145799398422,
        0.9101858735084534,
        1.2673455476760864
    ],
    [
        0.9291320443153381,
        0.027741484344005585,
        -0.36870595812797546,
        -1.294335126876831,
        -0.05022893473505974,
        0.9974074959754944,
        -0.051530901342630386,
        -0.09161117672920227,
        0.36632052063941956,
        0.06639871746301651,
        0.9281166791915894,
        1.3891456127166748
    ],
    [
        0.9476279020309448,
        0.023653561249375343,
        -0.3184993863105774,
        -1.3775999546051025,
        -0.042992305010557175,
        0.997624397277832,
        -0.05382535234093666,
        -0.12630242109298706,
        0.31646957993507385,
        0.06469942629337311,
        0.9463936686515808,
        1.5283576250076294
    ],
    [
        0.9629256129264832,
        0.018340762704610825,
        -0.2691427171230316,
        -1.441338062286377,
        -0.03509730100631714,
        0.9977238178253174,
        -0.05757938325405121,
        -0.1584606021642685,
        0.26747408509254456,
        0.06489085406064987,
        0.9613776206970215,
        1.6212035417556763
    ],
    [
        0.9765316843986511,
        0.013668413273990154,
        -0.21493948996067047,
        -1.4828693866729736,
        -0.026884518563747406,
        0.9979144334793091,
        -0.05868479236960411,
        -0.17944391071796417,
        0.21368905901908875,
        0.06308609992265701,
        0.9748626947402954,
        1.7005211114883423
    ],
    [
        0.9841018319129944,
        0.011490806937217712,
        -0.17723317444324493,
        -1.523845911026001,
        -0.022260194644331932,
        0.9980159997940063,
        -0.05889589712023735,
        -0.19765818119049072,
        0.17620454728603363,
        0.06190481409430504,
        0.9824050068855286,
        1.7978397607803345
    ],
    [
        0.990168035030365,
        0.008924665860831738,
        -0.13959765434265137,
        -1.5760259628295898,
        -0.017224187031388283,
        0.9981470704078674,
        -0.058358386158943176,
        -0.22357439994812012,
        0.13881815969944,
        0.06018907204270363,
        0.9884872436523438,
        1.9087706804275513
    ],
    [
        0.993503212928772,
        0.006753104738891125,
        -0.11360319703817368,
        -1.6164615154266357,
        -0.013493300415575504,
        0.9981863498687744,
        -0.05866725742816925,
        -0.235256627202034,
        0.11300088465213776,
        0.05981900915503502,
        0.9917924404144287,
        2.002803325653076
    ],
    [
        0.996112048625946,
        0.004651386756449938,
        -0.08797181397676468,
        -1.647948145866394,
        -0.009944124147295952,
        0.9981595873832703,
        -0.05982181057333946,
        -0.24274341762065887,
        0.08753172308206558,
        0.0604640394449234,
        0.9943251609802246,
        2.0831964015960693
    ],
    [
        0.9977719783782959,
        0.0034128858242183924,
        -0.06663013994693756,
        -1.7021710872650146,
        -0.007413126528263092,
        0.9981780052185059,
        -0.05988197773694992,
        -0.24483926594257355,
        0.06630438566207886,
        0.060242488980293274,
        0.9959791898727417,
        2.167665958404541
    ],
    [
        0.9990389347076416,
        0.0020237171556800604,
        -0.043784212321043015,
        -1.770283818244934,
        -0.0046604955568909645,
        0.9981752634048462,
        -0.060204483568668365,
        -0.24732713401317596,
        0.0435822457075119,
        0.060350675135850906,
        0.9972253441810608,
        2.244983196258545
    ],
    [
        0.9998472332954407,
        0.001475740224123001,
        -0.01741511933505535,
        -1.8545523881912231,
        -0.002514790277928114,
        0.9982076287269592,
        -0.059792838990688324,
        -0.2357332855463028,
        0.01729588583111763,
        0.059827495366334915,
        0.9980589151382446,
        2.3072996139526367
    ],
    [
        0.9999987483024597,
        0.0005506095476448536,
        -0.001445091562345624,
        -1.9283753633499146,
        -0.0006367401801981032,
        0.9981797933578491,
        -0.060304317623376846,
        -0.22522437572479248,
        0.0014090642798691988,
        0.0603051595389843,
        0.998179018497467,
        2.3393912315368652
    ],
    [
        0.9999916553497314,
        -1.3903393664804753e-05,
        0.004090390633791685,
        -1.9929003715515137,
        0.00026388908736407757,
        0.9981304407119751,
        -0.06111981347203255,
        -0.2174244225025177,
        -0.004081892780959606,
        0.06112038716673851,
        0.998121976852417,
        2.3562402725219727
    ],
    [
        0.9999892711639404,
        -0.00032052784808911383,
        0.004613084252923727,
        -2.055245876312256,
        0.0006017208215780556,
        0.9981323480606079,
        -0.06108536571264267,
        -0.20778195559978485,
        -0.004584820941090584,
        0.06108748912811279,
        0.9981218576431274,
        2.3893704414367676
    ]
]