[
    [
        0.9995740056037903,
        0.005818970967084169,
        -0.028599321842193604,
        0.02523759752511978,
        -0.005902208387851715,
        0.9999785423278809,
        -0.0028269020840525627,
        0.028849786147475243,
        0.028582260012626648,
        0.002994497073814273,
        0.9995869994163513,
        0.19427801668643951
    ],
    [
        0.9985650777816772,
        0.008216414600610733,
        -0.05291854217648506,
        0.020081816241145134,
        -0.008334599435329437,
        0.9999632239341736,
        -0.0020130544435232878,
        0.03398194536566734,
        0.052900053560733795,
        0.0024512209929525852,
        0.998596727848053,
        0.23338726162910461
    ],
    [
        0.9966936111450195,
        0.010606393218040466,
        -0.08055673539638519,
        0.010367835871875286,
        -0.010730874724686146,
        0.9999417662620544,
        -0.001112480997107923,
        0.03943013399839401,
        0.0805402472615242,
        0.0019732469227164984,
        0.9967494010925293,
        0.27374815940856934
    ],
    [
        0.9943232536315918,
        0.012913151644170284,
        -0.10561440140008926,
        -0.00450299633666873,
        -0.013020661659538746,
        0.9999151825904846,
        -0.0003284700505901128,
        0.04625362902879715,
        0.10560119897127151,
        0.001701774774119258,
        0.994407057762146,
        0.3175673186779022
    ],
    [
        0.99039626121521,
        0.015649426728487015,
        -0.13736969232559204,
        -0.025417570024728775,
        -0.015688113868236542,
        0.9998766183853149,
        0.0008010982419364154,
        0.052766352891922,
        0.13736529648303986,
        0.0013616670621559024,
        0.9905194044113159,
        0.3796475827693939
    ],
    [
        0.9866319298744202,
        0.01756497658789158,
        -0.1620149165391922,
        -0.044602882117033005,
        -0.01755637489259243,
        0.9998447299003601,
        0.0014848551945760846,
        0.05561110004782677,
        0.1620158553123474,
        0.0013793895486742258,
        0.9867871999740601,
        0.43268588185310364
    ],
    [
        0.9818892478942871,
        0.02005946822464466,
        -0.188390851020813,
        -0.0667719691991806,
        -0.019741734489798546,
        0.9997987747192383,
        0.0035629894118756056,
        0.05794009938836098,
        0.18842440843582153,
        0.00022070018167141825,
        0.9820876717567444,
        0.4841972291469574
    ],
    [
        0.9755877256393433,
        0.022180775180459023,
        -0.21848726272583008,
        -0.09834521263837814,
        -0.021885864436626434,
        0.9997534155845642,
        0.0037701260298490524,
        0.06147671863436699,
        0.2185169905424118,
        0.0011036936193704605,
        0.9758325815200806,
        0.5455570816993713
    ],
    [
        0.969961404800415,
        0.023480549454689026,
        -0.24212311208248138,
        -0.12317604571580887,
        -0.023219434544444084,
        0.9997225999832153,
        0.003932234365493059,
        0.06380745023488998,
        0.242148295044899,
        0.0018078455468639731,
        0.9702375531196594,
        0.5900362133979797
    ],
    [
        0.9640181064605713,
        0.02600669674575329,
        -0.26456165313720703,
        -0.14623752236366272,
        -0.02558646909892559,
        0.9996598958969116,
        0.005034866742789745,
        0.0659974217414856,
        0.26460257172584534,
        0.0019154961919412017,
        0.9643557071685791,
        0.6323753595352173
    ],
    [
        0.9565355777740479,
        0.02811533957719803,
        -0.2902570962905884,
        -0.1721222996711731,
        -0.027573147788643837,
        0.9996020793914795,
        0.005958344787359238,
        0.06937279552221298,
        0.2903091013431549,
        0.0023039330262690783,
        0.9569302201271057,
        0.6774957180023193
    ],
    [
        0.9440603256225586,
        0.030813509598374367,
        -0.3283301591873169,
        -0.2101140022277832,
        -0.030174681916832924,
        0.9995198249816895,
        0.007041670382022858,
        0.07258153706789017,
        0.3283894956111908,
        0.003259497694671154,
        0.9445366859436035,
        0.7436493039131165
    ],
    [
        0.9326688647270203,
        0.03310653939843178,
        -0.3592113256454468,
        -0.2421809732913971,
        -0.03218655288219452,
        0.9994453191757202,
        0.008543113246560097,
        0.07203460484743118,
        0.35929492115974426,
        0.003593878587707877,
        0.9332171678543091,
        0.8017730116844177
    ],
    [
        0.9203328490257263,
        0.03524908423423767,
        -0.38954445719718933,
        -0.27619948983192444,
        -0.03385516256093979,
        0.999372124671936,
        0.010445362888276577,
        0.06872565299272537,
        0.3896680772304535,
        0.003574880538508296,
        0.9209484457969666,
        0.8607361316680908
    ],
    [
        0.902774453163147,
        0.03833048790693283,
        -0.4284029006958008,
        -0.3153303563594818,
        -0.037098824977874756,
        0.9992485642433167,
        0.011227321811020374,
        0.06776752322912216,
        0.4285113513469696,
        0.005757503677159548,
        0.9035180807113647,
        0.9309296011924744
    ],
    [
        0.8850721716880798,
        0.04099637269973755,
        -0.4636448621749878,
        -0.34220126271247864,
        -0.03945780545473099,
        0.9991363883018494,
        0.013022816739976406,
        0.06845803558826447,
        0.4637783169746399,
        0.0067682769149541855,
        0.8859255313873291,
        0.9799348711967468
    ],
    [
        0.8642619848251343,
        0.04323941469192505,
        -0.5011803507804871,
        -0.37153160572052,
        -0.042128805071115494,
        0.9990204572677612,
        0.013541506603360176,
        0.06884196400642395,
        0.5012748837471008,
        0.009410717524588108,
        0.8652369976043701,
        1.0279263257980347
    ],
    [
        0.8401766419410706,
        0.04505874216556549,
        -0.5404377579689026,
        -0.4048701226711273,
        -0.043984122574329376,
        0.9989209175109863,
        0.014905871823430061,
        0.0681077167391777,
        0.5405262112617493,
        0.011247112415730953,
        0.8412520885467529,
        1.0825105905532837
    ],
    [
        0.809872567653656,
        0.0475129596889019,
        -0.5846784710884094,
        -0.448034405708313,
        -0.04598907753825188,
        0.9987892508506775,
        0.0174628384411335,
        0.07152598351240158,
        0.5848003029823303,
        0.01274614967405796,
        0.8110772967338562,
        1.1568472385406494
    ],
    [
        0.7871690988540649,
        0.04918179288506508,
        -0.6147730350494385,
        -0.4871436357498169,
        -0.048049796372652054,
        0.9986760020256042,
        0.01836996339261532,
        0.07028740644454956,
        0.6148625612258911,
        0.015079455450177193,
        0.7884900569915771,
        1.2198773622512817
    ],
    [
        0.7646675109863281,
        0.05063753202557564,
        -0.642432451248169,
        -0.5283676981925964,
        -0.048986684530973434,
        0.9985910058021545,
        0.020403169095516205,
        0.06625466048717499,
        0.6425604224205017,
        0.01586899906396866,
        0.7660707831382751,
        1.281726598739624
    ],
    [
        0.7341810464859009,
        0.05355735123157501,
        -0.6768380999565125,
        -0.5820693373680115,
        -0.05191635712981224,
        0.998393714427948,
        0.022686835378408432,
        0.06312082707881927,
        0.6769659519195557,
        0.01848272606730461,
        0.7357820868492126,
        1.347802996635437
    ],
    [
        0.7066445350646973,
        0.054881174117326736,
        -0.7054371237754822,
        -0.6204814910888672,
        -0.05393847078084946,
        0.9982646107673645,
        0.02363160066306591,
        0.06208837032318115,
        0.7055098414421082,
        0.021351046860218048,
        0.7083783149719238,
        1.3942620754241943
    ],
    [
        0.6738923788070679,
        0.05653343349695206,
        -0.7366634607315063,
        -0.6577749252319336,
        -0.056297753006219864,
        0.998098611831665,
        0.025096016004681587,
        0.06309854239225388,
        0.7366815209388733,
        0.024560485035181046,
        0.6757936477661133,
        1.4329952001571655
    ],
    [
        0.6275606751441956,
        0.058596931397914886,
        -0.776359498500824,
        -0.704875111579895,
        -0.05885631591081619,
        0.9978809356689453,
        0.027740832418203354,
        0.06828707456588745,
        0.7763397693634033,
        0.028284603729844093,
        0.6296795606613159,
        1.4787554740905762
    ]
]