[
    [
        0.9999986886978149,
        0.00155324034858495,
        0.00046458569704554975,
        -0.018750110641121864,
        -0.0015534955309703946,
        0.9999986290931702,
        0.0005479688988998532,
        0.01578628271818161,
        -0.0004637331876438111,
        -0.0005486899754032493,
        0.9999996423721313,
        0.5143721103668213
    ],
    [
        0.9999994039535522,
        0.0010966764530166984,
        -0.00025184970581904054,
        -0.027348412200808525,
        -0.0010966467671096325,
        0.9999994039535522,
        0.00012079726730007678,
        0.0329345278441906,
        0.00025198134244419634,
        -0.00012052174133714288,
        1.0,
        0.7636059522628784
    ],
    [
        0.9999983906745911,
        0.0009644378442317247,
        -0.0014902640832588077,
        -0.0036087825428694487,
        -0.000963668106123805,
        0.9999994039535522,
        0.0005172410164959729,
        0.059188202023506165,
        0.0014907621080055833,
        -0.0005158041603863239,
        0.9999988079071045,
        1.0389471054077148
    ],
    [
        0.9999868869781494,
        0.0005857916548848152,
        -0.005088321398943663,
        0.041440337896347046,
        -0.000582677370402962,
        0.9999996423721313,
        0.000613575626630336,
        0.08160433173179626,
        0.005088679492473602,
        -0.000610603136010468,
        0.9999868869781494,
        1.3012686967849731
    ],
    [
        0.9999324679374695,
        -0.0005368796410039067,
        -0.011610845103859901,
        0.07513169944286346,
        0.0005414675106294453,
        0.9999998211860657,
        0.0003919585142284632,
        0.11090344190597534,
        0.011610633693635464,
        -0.0003982164489571005,
        0.999932587146759,
        1.5541795492172241
    ],
    [
        0.9997624158859253,
        -0.000625133456196636,
        -0.021785516291856766,
        0.09866960346698761,
        0.0006242935196496546,
        0.9999997615814209,
        -4.5334905735217035e-05,
        0.1371195763349533,
        0.021785540506243706,
        3.1723666324978694e-05,
        0.9997627139091492,
        1.7803547382354736
    ],
    [
        0.9994408488273621,
        -0.001469686278142035,
        -0.03340357169508934,
        0.12963715195655823,
        0.0014552759239450097,
        0.9999988675117493,
        -0.0004557018110062927,
        0.15839406847953796,
        0.03340420126914978,
        0.0004068357520736754,
        0.9994418025016785,
        1.985811710357666
    ],
    [
        0.9987577199935913,
        -0.0011336272582411766,
        -0.04981597885489464,
        0.14862635731697083,
        0.0010897355386987329,
        0.9999989867210388,
        -0.000908220827113837,
        0.18125103414058685,
        0.049816954880952835,
        0.0008528055041097105,
        0.9987579584121704,
        2.159705877304077
    ],
    [
        0.9971990585327148,
        -0.0009044653852470219,
        -0.0747871994972229,
        0.14810651540756226,
        0.0008794874302111566,
        0.9999995231628418,
        -0.0003669136203825474,
        0.2103613168001175,
        0.07478749752044678,
        0.00030011084163561463,
        0.9971994161605835,
        2.33923602104187
    ],
    [
        0.9947566390037537,
        -0.0006727802101522684,
        -0.10226797312498093,
        0.14254482090473175,
        0.0006648669950664043,
        0.9999997615814209,
        -0.00011146623000968248,
        0.2174915373325348,
        0.1022680252790451,
        4.2884967115242034e-05,
        0.9947568774223328,
        2.5335052013397217
    ],
    [
        0.9916907548904419,
        -0.0017248349031433463,
        -0.1286330372095108,
        0.14662456512451172,
        0.0016351034864783287,
        0.9999983310699463,
        -0.0008031739271245897,
        0.22400479018688202,
        0.12863419950008392,
        0.0005861708195880055,
        0.9916918873786926,
        2.726499557495117
    ],
    [
        0.9876819252967834,
        -0.0017012855969369411,
        -0.1564655750989914,
        0.14590327441692352,
        0.001568524749018252,
        0.9999983310699463,
        -0.0009719635709188879,
        0.22989170253276825,
        0.15646696090698242,
        0.0007145710987970233,
        0.9876828789710999,
        2.893892526626587
    ],
    [
        0.9823670387268066,
        -0.001961934147402644,
        -0.1869526356458664,
        0.12811292707920074,
        0.0018148076487705112,
        0.9999978542327881,
        -0.0009581165504641831,
        0.235003262758255,
        0.18695414066314697,
        0.0006019403226673603,
        0.9823684692382812,
        3.0625455379486084
    ],
    [
        0.9761831164360046,
        -0.0021519444417208433,
        -0.21693731844425201,
        0.10253147780895233,
        0.00210241018794477,
        0.9999977350234985,
        -0.00045913225039839745,
        0.24233563244342804,
        0.2169378101825714,
        -7.896181159594562e-06,
        0.9761853814125061,
        3.2291746139526367
    ],
    [
        0.9699185490608215,
        -0.0027094942051917315,
        -0.24341437220573425,
        0.08386129885911942,
        0.002725602127611637,
        0.9999963045120239,
        -0.00027061495347879827,
        0.26205360889434814,
        0.24341419339179993,
        -0.0004009742697235197,
        0.9699223637580872,
        3.394545078277588
    ],
    [
        0.9630082249641418,
        -0.0028339563868939877,
        -0.2694571316242218,
        0.07643557339906693,
        0.003084576688706875,
        0.9999951720237732,
        0.0005065890727564692,
        0.2883863151073456,
        0.2694544196128845,
        -0.0013190096942707896,
        0.9630122780799866,
        3.578570604324341
    ],
    [
        0.9576715230941772,
        -0.002805268857628107,
        -0.28784966468811035,
        0.05789196491241455,
        0.0034425524063408375,
        0.9999926686286926,
        0.0017077280208468437,
        0.28658929467201233,
        0.2878427803516388,
        -0.0026263745967298746,
        0.957673966884613,
        3.7706096172332764
    ],
    [
        0.9543353319168091,
        -0.003073314670473337,
        -0.298721581697464,
        0.04695582762360573,
        0.003647223114967346,
        0.9999924898147583,
        0.0013636868679895997,
        0.29196974635124207,
        0.29871517419815063,
        -0.0023909159936010838,
        0.9543393850326538,
        3.938882350921631
    ],
    [
        0.952685534954071,
        -0.002937160199508071,
        -0.30394381284713745,
        0.03721049800515175,
        0.0034515082370489836,
        0.9999933242797852,
        0.001155077014118433,
        0.3027869760990143,
        0.3039380609989166,
        -0.0021494992543011904,
        0.9526892900466919,
        4.088888168334961
    ],
    [
        0.9521012306213379,
        -0.002665560692548752,
        -0.30577126145362854,
        0.03011874295771122,
        0.0030598349403589964,
        0.9999949932098389,
        0.0008101440034806728,
        0.30337265133857727,
        0.3057677149772644,
        -0.001706957002170384,
        0.9521046280860901,
        4.216214179992676
    ],
    [
        0.9518806338310242,
        -0.0025000872556120157,
        -0.30645859241485596,
        0.02290154993534088,
        0.002793877385556698,
        0.9999959468841553,
        0.0005199717124924064,
        0.31246933341026306,
        0.30645623803138733,
        -0.00135116430465132,
        0.9518837332725525,
        4.349015235900879
    ],
    [
        0.9517614841461182,
        -0.0036904599983245134,
        -0.30681660771369934,
        0.02207806706428528,
        0.004005324561148882,
        0.9999920129776001,
        0.0003966359072364867,
        0.32660233974456787,
        0.3068126142024994,
        -0.001606395235285163,
        0.9517685770988464,
        4.501284599304199
    ],
    [
        0.9526011943817139,
        -0.003032000968232751,
        -0.30420681834220886,
        0.024183332920074463,
        0.0034395132679492235,
        0.9999938011169434,
        0.000803772360086441,
        0.34921202063560486,
        0.30420225858688354,
        -0.0018120009917765856,
        0.9526057243347168,
        4.665558815002441
    ],
    [
        0.9551159739494324,
        -0.002666750457137823,
        -0.2962202727794647,
        0.02154354751110077,
        0.0030684960074722767,
        0.9999949336051941,
        0.000891239324118942,
        0.36021140217781067,
        0.2962164282798767,
        -0.0017601830186322331,
        0.9551191926002502,
        4.837637901306152
    ],
    [
        0.9597129225730896,
        -0.002693306654691696,
        -0.2809697091579437,
        0.007535014301538467,
        0.003030483378097415,
        0.9999950528144836,
        0.0007655804511159658,
        0.3785102367401123,
        0.280966192483902,
        -0.0015862185973674059,
        0.9597163796424866,
        5.017807960510254
    ]
]