[
    [
        0.9996942281723022,
        -0.011547630652785301,
        0.021866202354431152,
        -0.00968552753329277,
        0.011478081345558167,
        0.9999286532402039,
        0.0033036640379577875,
        0.026640869677066803,
        -0.021902794018387794,
        -0.0030516728293150663,
        0.9997554421424866,
        -0.13265472650527954
    ],
    [
        0.9996954798698425,
        -0.011434655636548996,
        0.021865854039788246,
        -0.015394399873912334,
        0.011359532363712788,
        0.9999292492866516,
        0.003556777723133564,
        0.031641636043787,
        -0.021904977038502693,
        -0.0033073092345148325,
        0.9997544884681702,
        -0.18976803123950958
    ],
    [
        0.9996836185455322,
        -0.011324021965265274,
        0.022459575906395912,
        -0.021213563159108162,
        0.01123816054314375,
        0.9999290704727173,
        0.00394548662006855,
        0.03527272120118141,
        -0.022502658888697624,
        -0.0036918348632752895,
        0.9997400641441345,
        -0.2500266134738922
    ],
    [
        0.9994450807571411,
        -0.012625524774193764,
        0.0308229997754097,
        -0.02846864052116871,
        0.012492282316088676,
        0.9999117851257324,
        0.004511578939855099,
        0.039487019181251526,
        -0.030877241864800453,
        -0.00412402581423521,
        0.9995146989822388,
        -0.3228294551372528
    ],
    [
        0.9990886449813843,
        -0.014222688041627407,
        0.0402439646422863,
        -0.03510291129350662,
        0.014030742458999157,
        0.9998887777328491,
        0.005047982092946768,
        0.043751295655965805,
        -0.040311284363269806,
        -0.004478728864341974,
        0.9991770386695862,
        -0.390093594789505
    ],
    [
        0.9983555674552917,
        -0.01690654642879963,
        0.05477587878704071,
        -0.042875222861766815,
        0.016612868756055832,
        0.9998451471328735,
        0.005812371149659157,
        0.04877771809697151,
        -0.05486566573381424,
        -0.0048928288742899895,
        0.998481810092926,
        -0.4605213701725006
    ],
    [
        0.9968507289886475,
        -0.020729098469018936,
        0.07654350250959396,
        -0.05244021862745285,
        0.02028615027666092,
        0.9997727274894714,
        0.006559935864061117,
        0.055527787655591965,
        -0.0766620934009552,
        -0.004986503627151251,
        0.9970446228981018,
        -0.5446247458457947
    ],
    [
        0.9943372011184692,
        -0.02563008852303028,
        0.1031341552734375,
        -0.060828085988759995,
        0.024967238306999207,
        0.9996585249900818,
        0.0077130962163209915,
        0.06132098287343979,
        -0.10329663008451462,
        -0.0050944434478878975,
        0.9946375489234924,
        -0.6228837966918945
    ],
    [
        0.9903531670570374,
        -0.031782202422618866,
        0.13487213850021362,
        -0.07149265706539154,
        0.030859336256980896,
        0.9994838833808899,
        0.008928123861551285,
        0.06739820539951324,
        -0.1350862830877304,
        -0.004679930862039328,
        0.9908227920532227,
        -0.704892635345459
    ],
    [
        0.9839819669723511,
        -0.03945079445838928,
        0.17384782433509827,
        -0.08657721430063248,
        0.0381413958966732,
        0.9992132782936096,
        0.010867627337574959,
        0.07521035522222519,
        -0.17413979768753052,
        -0.0040627517737448215,
        0.9847126007080078,
        -0.8027074337005615
    ],
    [
        0.9761090874671936,
        -0.047078270465135574,
        0.2121199518442154,
        -0.10224669426679611,
        0.04539574310183525,
        0.9988870620727539,
        0.012797892093658447,
        0.08298349380493164,
        -0.2124863862991333,
        -0.0028627945575863123,
        0.9771597981452942,
        -0.8914268612861633
    ],
    [
        0.9639567136764526,
        -0.05681726709008217,
        0.2599217891693115,
        -0.12017667293548584,
        0.054542336612939835,
        0.9983838200569153,
        0.01596245914697647,
        0.09025939553976059,
        -0.2604086697101593,
        -0.0012103761546313763,
        0.9654976725578308,
        -0.9847843647003174
    ],
    [
        0.9421600103378296,
        -0.0701121985912323,
        0.32774806022644043,
        -0.1455371379852295,
        0.06697118282318115,
        0.9975365400314331,
        0.020875530317425728,
        0.09819779545068741,
        -0.3284043073654175,
        0.002281586639583111,
        0.9445344805717468,
        -1.096150279045105
    ],
    [
        0.916925311088562,
        -0.08264659345149994,
        0.39040693640708923,
        -0.17230072617530823,
        0.0787021815776825,
        0.9965559840202332,
        0.026121264323592186,
        0.10495002567768097,
        -0.39122116565704346,
        0.006774632725864649,
        0.9202716946601868,
        -1.200115442276001
    ],
    [
        0.885220468044281,
        -0.09582598507404327,
        0.45519450306892395,
        -0.20543141663074493,
        0.0907127782702446,
        0.995326042175293,
        0.033122770488262177,
        0.11271664500236511,
        -0.45624107122421265,
        0.011970998719334602,
        0.8897756934165955,
        -1.3121615648269653
    ],
    [
        0.8423681259155273,
        -0.11038178950548172,
        0.5274768471717834,
        -0.2525724172592163,
        0.10399769246578217,
        0.9936960935592651,
        0.041862718760967255,
        0.12408285588026047,
        -0.5287726521492004,
        0.019592562690377235,
        0.8485374450683594,
        -1.4429957866668701
    ],
    [
        0.8018807768821716,
        -0.122200608253479,
        0.584854006767273,
        -0.30001938343048096,
        0.11469359695911407,
        0.9921395182609558,
        0.05004577338695526,
        0.1351393461227417,
        -0.586372435092926,
        0.02694828063249588,
        0.8095932602882385,
        -1.5563290119171143
    ],
    [
        0.7580429315567017,
        -0.13347205519676208,
        0.6384013891220093,
        -0.352377325296402,
        0.12460494041442871,
        0.990443766117096,
        0.059117525815963745,
        0.14463907480239868,
        -0.6401910185813904,
        0.03473431244492531,
        0.7674301266670227,
        -1.6722551584243774
    ],
    [
        0.7017014622688293,
        -0.14556917548179626,
        0.6974415183067322,
        -0.41847074031829834,
        0.13544365763664246,
        0.9883086681365967,
        0.07000765204429626,
        0.1563386768102646,
        -0.6994784474372864,
        0.045339517295360565,
        0.7132142186164856,
        -1.8007723093032837
    ],
    [
        0.6464372277259827,
        -0.1560654193162918,
        0.7468350529670715,
        -0.4800351858139038,
        0.14465275406837463,
        0.9861720204353333,
        0.08087252825498581,
        0.16588163375854492,
        -0.7491291165351868,
        0.05575273931026459,
        0.660073459148407,
        -1.9129990339279175
    ],
    [
        0.5867167711257935,
        -0.16563114523887634,
        0.7926725149154663,
        -0.541670560836792,
        0.1531606763601303,
        0.9838888049125671,
        0.09222052991390228,
        0.1768810749053955,
        -0.7951762080192566,
        0.06729892641305923,
        0.6026322245597839,
        -2.027935266494751
    ],
    [
        0.5155003070831299,
        -0.1760115623474121,
        0.8386174440383911,
        -0.6168540120124817,
        0.1617491990327835,
        0.9810702204704285,
        0.10648229718208313,
        0.18435317277908325,
        -0.8414846658706665,
        0.08075407147407532,
        0.5342116951942444,
        -2.1644716262817383
    ],
    [
        0.4483815133571625,
        -0.18387886881828308,
        0.874724268913269,
        -0.6813237071037292,
        0.167650505900383,
        0.9785444736480713,
        0.11976606398820877,
        0.19133982062339783,
        -0.8779791593551636,
        0.0929471030831337,
        0.4695887267589569,
        -2.289994478225708
    ],
    [
        0.3732645809650421,
        -0.19131462275981903,
        0.9077842831611633,
        -0.7463063597679138,
        0.1727348119020462,
        0.9757272005081177,
        0.13460806012153625,
        0.1975756287574768,
        -0.9115021824836731,
        0.10656152665615082,
        0.39725109934806824,
        -2.4307658672332764
    ],
    [
        0.26765596866607666,
        -0.1973959356546402,
        0.9430775046348572,
        -0.8173472285270691,
        0.17696794867515564,
        0.9722093939781189,
        0.15326808393001556,
        0.21412549912929535,
        -0.9471233487129211,
        0.12587137520313263,
        0.29515036940574646,
        -2.6026833057403564
    ]
]