[
    [
        0.8211093544960022,
        -0.05974309518933296,
        0.5676356554031372,
        0.38625818490982056,
        0.0725194439291954,
        0.9973669648170471,
        6.940117600606754e-05,
        0.0049896324053406715,
        -0.5661451816558838,
        0.04110763967037201,
        0.8232797980308533,
        -0.16174687445163727
    ],
    [
        0.7895219922065735,
        -0.062161289155483246,
        0.6105659604072571,
        0.42059990763664246,
        0.07663039863109589,
        0.9970566034317017,
        0.0024189595133066177,
        0.0013616589130833745,
        -0.6089192628860474,
        0.044878095388412476,
        0.791961669921875,
        -0.13767172396183014
    ],
    [
        0.7508814334869385,
        -0.062202610075473785,
        0.6575012803077698,
        0.46198520064353943,
        0.08052578568458557,
        0.9967498183250427,
        0.002334785647690296,
        0.008848676458001137,
        -0.6555095314979553,
        0.051192667335271835,
        0.7534497380256653,
        -0.11698833853006363
    ],
    [
        0.7104532122612,
        -0.06022688001394272,
        0.701162576675415,
        0.5122880339622498,
        0.08387850970029831,
        0.9964758157730103,
        0.0006031002849340439,
        0.008268316276371479,
        -0.6987279057502747,
        0.0583839975297451,
        0.7130011916160583,
        -0.0945744439959526
    ],
    [
        0.6697438955307007,
        -0.056056659668684006,
        0.740473210811615,
        0.5717549920082092,
        0.08653593808412552,
        0.9962447285652161,
        -0.0028505658265203238,
        0.0034321912098675966,
        -0.7375327944755554,
        0.06598670780658722,
        0.6720796823501587,
        -0.06497503072023392
    ],
    [
        0.630809485912323,
        -0.04890316724777222,
        0.7743951678276062,
        0.6281284093856812,
        0.08880237489938736,
        0.996004581451416,
        -0.00943909864872694,
        -0.005254813469946384,
        -0.7708394527435303,
        0.07472240179777145,
        0.632631778717041,
        -0.03779437020421028
    ],
    [
        0.5935325622558594,
        -0.03956315666437149,
        0.8038370013237,
        0.6872913241386414,
        0.09038962423801422,
        0.9957486391067505,
        -0.017732739448547363,
        -0.01619051955640316,
        -0.799717903137207,
        0.08318348228931427,
        0.5945853590965271,
        -0.0021721087396144867
    ],
    [
        0.5579453706741333,
        -0.030061887577176094,
        0.8293330073356628,
        0.7599820494651794,
        0.0915793925523758,
        0.9954705238342285,
        -0.0255272276699543,
        -0.026773573830723763,
        -0.824809193611145,
        0.09019260853528976,
        0.5581712126731873,
        0.044896967709064484
    ],
    [
        0.5229053497314453,
        -0.01987704075872898,
        0.8521589040756226,
        0.8333978652954102,
        0.09222278743982315,
        0.9951788783073425,
        -0.03337708115577698,
        -0.0364227294921875,
        -0.8473871350288391,
        0.09604152292013168,
        0.5222174525260925,
        0.09761420637369156
    ],
    [
        0.4880293905735016,
        -0.016432080417871475,
        0.8726723790168762,
        0.904339075088501,
        0.09127911925315857,
        0.9953011870384216,
        -0.032305389642715454,
        -0.03699317201972008,
        -0.8680410981178284,
        0.09542276710271835,
        0.4872361421585083,
        0.13306206464767456
    ],
    [
        0.4524398446083069,
        -0.016227394342422485,
        0.891647219657898,
        0.9874712824821472,
        0.09342363476753235,
        0.9951954483985901,
        -0.029293136671185493,
        -0.033099569380283356,
        -0.8868879675865173,
        0.09655430912971497,
        0.45178207755088806,
        0.15463149547576904
    ],
    [
        0.418762743473053,
        -0.02012142911553383,
        0.9078727960586548,
        1.0870767831802368,
        0.09411390870809555,
        0.9953324198722839,
        -0.021350888535380363,
        -0.03150622919201851,
        -0.9032055735588074,
        0.09438441693782806,
        0.4187018573284149,
        0.16705860197544098
    ],
    [
        0.38702258467674255,
        -0.02437489852309227,
        0.9217479825019836,
        1.1832913160324097,
        0.09497741609811783,
        0.995387077331543,
        -0.01355679240077734,
        -0.03524572029709816,
        -0.9171655774116516,
        0.09279203414916992,
        0.387552410364151,
        0.17117230594158173
    ],
    [
        0.36352115869522095,
        -0.025550639256834984,
        0.9312354326248169,
        1.2647911310195923,
        0.09424572438001633,
        0.995503842830658,
        -0.009476183913648129,
        -0.03662765771150589,
        -0.9268064498901367,
        0.0912097617983818,
        0.36429476737976074,
        0.17519991099834442
    ],
    [
        0.3419171869754791,
        -0.025089124217629433,
        0.9393950700759888,
        1.3711482286453247,
        0.09219686686992645,
        0.995716392993927,
        -0.006964101456105709,
        -0.04079430550336838,
        -0.9351964592933655,
        0.08899043500423431,
        0.3427657186985016,
        0.1861860156059265
    ],
    [
        0.325340211391449,
        -0.029571399092674255,
        0.9451345205307007,
        1.482253074645996,
        0.09513209760189056,
        0.9954634308815002,
        -0.001600888092070818,
        -0.04469680413603783,
        -0.9407995343208313,
        0.09043346345424652,
        0.32667744159698486,
        0.19712188839912415
    ],
    [
        0.3127155303955078,
        -0.034480150789022446,
        0.9492208361625671,
        1.587111473083496,
        0.10302922874689102,
        0.994675874710083,
        0.0021888879127800465,
        -0.04706987738609314,
        -0.9442425966262817,
        0.0971129760146141,
        0.3146030306816101,
        0.1996244341135025
    ],
    [
        0.307436466217041,
        -0.036558907479047775,
        0.9508661031723022,
        1.6990678310394287,
        0.11169067770242691,
        0.9937407970428467,
        0.0020952329505234957,
        -0.05058668926358223,
        -0.9449909925460815,
        0.10555871576070786,
        0.3095954358577728,
        0.19713328778743744
    ],
    [
        0.3055761754512787,
        -0.03611607849597931,
        0.9514824748039246,
        1.8009722232818604,
        0.11741279065608978,
        0.9930832386016846,
        -1.2907043128507212e-05,
        -0.05717559903860092,
        -0.9449006915092468,
        0.11172014474868774,
        0.30770304799079895,
        0.1957964301109314
    ],
    [
        0.3099810779094696,
        -0.03319135308265686,
        0.9501631855964661,
        1.8971589803695679,
        0.1145230084657669,
        0.9934170246124268,
        -0.0026596649549901485,
        -0.061748240143060684,
        -0.9438199996948242,
        0.10963998734951019,
        0.3117416799068451,
        0.20005623996257782
    ],
    [
        0.3210350573062897,
        -0.032207850366830826,
        0.9465194344520569,
        2.00323486328125,
        0.11062954366207123,
        0.993854820728302,
        -0.0037041353061795235,
        -0.06302927434444427,
        -0.9405836462974548,
        0.10590217262506485,
        0.32262536883354187,
        0.20757071673870087
    ],
    [
        0.3381403386592865,
        -0.03405694290995598,
        0.9404792785644531,
        2.1036226749420166,
        0.1039290800690651,
        0.9945837259292603,
        -0.0013505107490345836,
        -0.06319455057382584,
        -0.9353394508361816,
        0.09819979965686798,
        0.3398483693599701,
        0.21334347128868103
    ],
    [
        0.3610841929912567,
        -0.03457031026482582,
        0.9318922758102417,
        2.1874547004699707,
        0.10010778158903122,
        0.9949747920036316,
        -0.0018787088338285685,
        -0.061551593244075775,
        -0.9271444082260132,
        0.09396803379058838,
        0.3627304434776306,
        0.21741263568401337
    ],
    [
        0.3908493220806122,
        -0.03763429820537567,
        0.9196850061416626,
        2.2796072959899902,
        0.101223424077034,
        0.9948610067367554,
        -0.002307542134076357,
        -0.06331900507211685,
        -0.9148719310760498,
        0.09399555623531342,
        0.39265018701553345,
        0.21406370401382446
    ],
    [
        0.4248831272125244,
        -0.039682283997535706,
        0.9043779969215393,
        2.377074956893921,
        0.10446789860725403,
        0.9945133924484253,
        -0.005442503839731216,
        -0.07220542430877686,
        -0.8992000222206116,
        0.09679090231657028,
        0.4266974925994873,
        0.19874277710914612
    ]
]