[
    [
        0.9997122883796692,
        0.002570363460108638,
        -0.02384822443127632,
        -0.07400231808423996,
        -0.002548979362472892,
        0.9999963641166687,
        0.0009270053124055266,
        -0.017710726708173752,
        0.023850519210100174,
        -0.0008659496088512242,
        0.9997151494026184,
        0.07138831913471222
    ],
    [
        0.9995766878128052,
        0.003232782706618309,
        -0.028917012736201286,
        -0.10207978636026382,
        -0.0032123371493071318,
        0.9999945163726807,
        0.0007534762262366712,
        -0.01851297914981842,
        0.028919290751218796,
        -0.0006602667272090912,
        0.999581515789032,
        0.08357436954975128
    ],
    [
        0.9993749856948853,
        0.004050571471452713,
        -0.03511688858270645,
        -0.1353292316198349,
        -0.004032302647829056,
        0.9999916553497314,
        0.0005910122999921441,
        -0.01974184438586235,
        0.03511899337172508,
        -0.0004490406718105078,
        0.9993830919265747,
        0.09773688018321991
    ],
    [
        0.9991324543952942,
        0.004916452337056398,
        -0.04135320335626602,
        -0.1683681607246399,
        -0.004911193624138832,
        0.9999879598617554,
        0.00022871702094562352,
        -0.020601430907845497,
        0.04135382920503616,
        -2.5424953491892666e-05,
        0.9991445541381836,
        0.11182993650436401
    ],
    [
        0.9988577961921692,
        0.00574150076135993,
        -0.047433461993932724,
        -0.20254680514335632,
        -0.005747981369495392,
        0.9999834299087524,
        -2.1752967427346448e-07,
        -0.021767277270555496,
        0.04743267968297005,
        0.0002728633990045637,
        0.9988743662834167,
        0.12638647854328156
    ],
    [
        0.9985945224761963,
        0.006448006723076105,
        -0.052605316042900085,
        -0.2312035858631134,
        -0.006469879765063524,
        0.9999791383743286,
        -0.00024552803370170295,
        -0.022656453773379326,
        0.05260263383388519,
        0.0005855330382473767,
        0.9986153841018677,
        0.13875986635684967
    ],
    [
        0.9982455968856812,
        0.007098966743797064,
        -0.058781400322914124,
        -0.2644660472869873,
        -0.007150206249207258,
        0.999974250793457,
        -0.0006614232552237809,
        -0.02359296940267086,
        0.05877519026398659,
        0.0010805617785081267,
        0.9982706308364868,
        0.15271182358264923
    ],
    [
        0.9978526830673218,
        0.007949077524244785,
        -0.0650155320763588,
        -0.297760009765625,
        -0.00802662968635559,
        0.9999673962593079,
        -0.0009316923678852618,
        -0.024777302518486977,
        0.06500601023435593,
        0.0014515479560941458,
        0.9978838562965393,
        0.16708573698997498
    ],
    [
        0.9974245429039001,
        0.008625470101833344,
        -0.07120262831449509,
        -0.3310215473175049,
        -0.0087362602353096,
        0.9999610781669617,
        -0.0012447069166228175,
        -0.02591117098927498,
        0.07118913531303406,
        0.0018635463202372193,
        0.9974610805511475,
        0.18120130896568298
    ],
    [
        0.9969634413719177,
        0.009454571641981602,
        -0.07729487121105194,
        -0.3648448884487152,
        -0.009587759152054787,
        0.999953031539917,
        -0.0013521810760721564,
        -0.0273620393127203,
        0.07727846503257751,
        0.002089160494506359,
        0.9970073103904724,
        0.19547852873802185
    ],
    [
        0.9965459704399109,
        0.01002977229654789,
        -0.08243457973003387,
        -0.39257457852363586,
        -0.010196027345955372,
        0.9999467730522156,
        -0.0015960705932229757,
        -0.028148075565695763,
        0.0824141651391983,
        0.0024310622829943895,
        0.9965952038764954,
        0.20725899934768677
    ],
    [
        0.9960125088691711,
        0.010952924378216267,
        -0.08853912353515625,
        -0.42550140619277954,
        -0.011174177750945091,
        0.9999355673789978,
        -0.0020036455243825912,
        -0.02923998236656189,
        0.08851147443056107,
        0.002985008293762803,
        0.9960706233978271,
        0.22095637023448944
    ],
    [
        0.9954445958137512,
        0.011787411756813526,
        -0.09461075067520142,
        -0.4588761031627655,
        -0.01205116230994463,
        0.9999249577522278,
        -0.0022168350405991077,
        -0.030714623630046844,
        0.09457752108573914,
        0.003346906742081046,
        0.9955118298530579,
        0.23486460745334625
    ],
    [
        0.9948474168777466,
        0.012787610292434692,
        -0.10057361423969269,
        -0.4926030933856964,
        -0.013119155541062355,
        0.9999104142189026,
        -0.0026358040049672127,
        -0.0316535159945488,
        0.10053091496229172,
        0.003941663540899754,
        0.9949260950088501,
        0.24884775280952454
    ],
    [
        0.9942135810852051,
        0.013600148260593414,
        -0.10655727982521057,
        -0.5261528491973877,
        -0.013993983156979084,
        0.9998977184295654,
        -0.0029491197783499956,
        -0.03294408321380615,
        0.10650627315044403,
        0.004423215519636869,
        0.9943021535873413,
        0.2625719904899597
    ],
    [
        0.9936363697052002,
        0.014558347873389721,
        -0.1116906926035881,
        -0.5539951324462891,
        -0.015009576454758644,
        0.9998822212219238,
        -0.003200157079845667,
        -0.03397572413086891,
        0.11163094639778137,
        0.0048562223091721535,
        0.9937378168106079,
        0.2740183472633362
    ],
    [
        0.9928984045982361,
        0.015610063448548317,
        -0.11793637275695801,
        -0.5882024168968201,
        -0.01614154689013958,
        0.9998633861541748,
        -0.0035526456777006388,
        -0.03492056950926781,
        0.11786480993032455,
        0.00543109280988574,
        0.9930148124694824,
        0.28780597448349
    ],
    [
        0.9921070337295532,
        0.017025737091898918,
        -0.124232217669487,
        -0.6227675676345825,
        -0.01762256771326065,
        0.9998378753662109,
        -0.00370673811994493,
        -0.036401402205228806,
        0.12414895743131638,
        0.0058667706325650215,
        0.9922463297843933,
        0.30151891708374023
    ],
    [
        0.9912696480751038,
        0.018179217353463173,
        -0.13059070706367493,
        -0.6572858095169067,
        -0.01886727474629879,
        0.9998138546943665,
        -0.004033415578305721,
        -0.03739633783698082,
        0.13049305975437164,
        0.0064620934426784515,
        0.9914281964302063,
        0.31503355503082275
    ],
    [
        0.9903970956802368,
        0.01954611949622631,
        -0.13686306774616241,
        -0.6905394792556763,
        -0.020305458456277847,
        0.9997851848602295,
        -0.004154136870056391,
        -0.03859684616327286,
        0.13675245642662048,
        0.0068933130241930485,
        0.990581214427948,
        0.32857745885849
    ],
    [
        0.9896572828292847,
        0.020552193745970726,
        -0.1419723927974701,
        -0.717911422252655,
        -0.021383225917816162,
        0.9997619390487671,
        -0.004330180585384369,
        -0.0392644889652729,
        0.1418495923280716,
        0.007321222685277462,
        0.989861249923706,
        0.34004896879196167
    ],
    [
        0.9888185262680054,
        0.021946053951978683,
        -0.14749988913536072,
        -0.7513389587402344,
        -0.022801069542765617,
        0.9997315406799316,
        -0.0041082170791924,
        -0.040754806250333786,
        0.1473701447248459,
        0.007425437215715647,
        0.9890535473823547,
        0.35362985730171204
    ],
    [
        0.988015353679657,
        0.023181062191724777,
        -0.1526050716638565,
        -0.7837840914726257,
        -0.024039251729846,
        0.9997038841247559,
        -0.00378068583086133,
        -0.04205770790576935,
        0.15247222781181335,
        0.007403887342661619,
        0.9882800579071045,
        0.36739876866340637
    ],
    [
        0.9872362613677979,
        0.024350084364414215,
        -0.15738990902900696,
        -0.8127261996269226,
        -0.025196176022291183,
        0.9996767640113831,
        -0.003382441122084856,
        -0.04318920895457268,
        0.15725669264793396,
        0.007304892875254154,
        0.9875307083129883,
        0.37974923849105835
    ],
    [
        0.9865379929542542,
        0.02532275579869747,
        -0.16156038641929626,
        -0.8382104635238647,
        -0.026179341599345207,
        0.9996523261070251,
        -0.0031750493217259645,
        -0.04356832802295685,
        0.16142381727695465,
        0.007361851166933775,
        0.9868577718734741,
        0.3909994959831238
    ]
]