[
    [
        0.9997514486312866,
        0.016367709264159203,
        -0.015141057781875134,
        -0.09078452736139297,
        -0.01659279502928257,
        0.9997519254684448,
        -0.01486161258071661,
        -0.07021909952163696,
        0.014894049614667892,
        0.015109150670468807,
        0.9997748732566833,
        0.8571305274963379
    ],
    [
        0.9996116757392883,
        0.017189834266901016,
        -0.021930381655693054,
        -0.0792703926563263,
        -0.017528027296066284,
        0.9997289180755615,
        -0.015323488973081112,
        -0.08493362367153168,
        0.021661031991243362,
        0.015701936557888985,
        0.999642014503479,
        0.9674777984619141
    ],
    [
        0.9993277788162231,
        0.01844974420964718,
        -0.031682658940553665,
        -0.05953286960721016,
        -0.01904338225722313,
        0.999646782875061,
        -0.018538646399974823,
        -0.09641684591770172,
        0.0313294380903244,
        0.019129525870084763,
        0.9993259310722351,
        1.1103506088256836
    ],
    [
        0.9989324808120728,
        0.019904321059584618,
        -0.04168642684817314,
        -0.04075879976153374,
        -0.020860841497778893,
        0.9995260834693909,
        -0.022637713700532913,
        -0.11372338980436325,
        0.04121607542037964,
        0.0234831590205431,
        0.9988742470741272,
        1.2461893558502197
    ],
    [
        0.9985628128051758,
        0.02038140594959259,
        -0.04956834018230438,
        -0.032522931694984436,
        -0.021653078496456146,
        0.9994465708732605,
        -0.025254694744944572,
        -0.12334812432527542,
        0.04902618005871773,
        0.026291703805327415,
        0.9984513521194458,
        1.343156099319458
    ],
    [
        0.9979572296142578,
        0.02080882526934147,
        -0.06040249019861221,
        -0.027660908177495003,
        -0.022618522867560387,
        0.9993107318878174,
        -0.029433075338602066,
        -0.13248206675052643,
        0.059748392552137375,
        0.03073916956782341,
        0.9977399706840515,
        1.4679301977157593
    ],
    [
        0.9971538186073303,
        0.02228834107518196,
        -0.07202471792697906,
        -0.027206772938370705,
        -0.024755852296948433,
        0.9991304278373718,
        -0.03355006128549576,
        -0.1390189826488495,
        0.07121431082487106,
        0.03523760288953781,
        0.9968385100364685,
        1.590389370918274
    ],
    [
        0.9965294599533081,
        0.02269725687801838,
        -0.08008608967065811,
        -0.03191237896680832,
        -0.025592179968953133,
        0.9990488290786743,
        -0.035308241844177246,
        -0.14561313390731812,
        0.07920850813388824,
        0.037235282361507416,
        0.9961624145507812,
        1.6821385622024536
    ],
    [
        0.995622992515564,
        0.022503448650240898,
        -0.09070975333452225,
        -0.03859620541334152,
        -0.026000844314694405,
        0.998956024646759,
        -0.037560299038887024,
        -0.15199467539787292,
        0.08976981788873672,
        0.039754435420036316,
        0.9951687455177307,
        1.7977399826049805
    ],
    [
        0.9945966601371765,
        0.02211741916835308,
        -0.10143088549375534,
        -0.04236018285155296,
        -0.026503996923565865,
        0.9987615942955017,
        -0.042105089873075485,
        -0.15004441142082214,
        0.10037403553724289,
        0.04456591233611107,
        0.9939510822296143,
        1.8931033611297607
    ],
    [
        0.9935394525527954,
        0.021325083449482918,
        -0.11146482080221176,
        -0.04237953573465347,
        -0.026367245241999626,
        0.9986853003501892,
        -0.04395873099565506,
        -0.13848066329956055,
        0.1103808656334877,
        0.04661375656723976,
        0.9927955865859985,
        1.9822810888290405
    ],
    [
        0.9926862120628357,
        0.0199359729886055,
        -0.11906537413597107,
        -0.04090813919901848,
        -0.0255256500095129,
        0.9986333250999451,
        -0.04560717195272446,
        -0.11957032233476639,
        0.11799341440200806,
        0.048312827944755554,
        0.9918383955955505,
        2.046884059906006
    ],
    [
        0.9914559125900269,
        0.018063006922602654,
        -0.12918631732463837,
        -0.037189897149801254,
        -0.02453133463859558,
        0.9985144138336182,
        -0.04865504428744316,
        -0.08200439065694809,
        0.12811553478240967,
        0.051408443599939346,
        0.9904259443283081,
        2.1337544918060303
    ],
    [
        0.9901432394981384,
        0.017671892419457436,
        -0.13893923163414001,
        -0.030619826167821884,
        -0.02510388195514679,
        0.998335599899292,
        -0.05192168056964874,
        -0.02789817750453949,
        0.13779042661190033,
        0.054897814989089966,
        0.9889387488365173,
        2.2294833660125732
    ],
    [
        0.9890741109848022,
        0.017010314390063286,
        -0.14643433690071106,
        -0.02464572712779045,
        -0.025223782286047935,
        0.9981996417045593,
        -0.05441686511039734,
        0.021802261471748352,
        0.14524507522583008,
        0.0575159415602684,
        0.9877225160598755,
        2.3033668994903564
    ],
    [
        0.9874133467674255,
        0.015511740930378437,
        -0.1573987454175949,
        -0.00898721069097519,
        -0.024777792394161224,
        0.9980621337890625,
        -0.05707951635122299,
        0.09477400779724121,
        0.15620829164981842,
        0.060261070728302,
        0.9858842492103577,
        2.409043550491333
    ],
    [
        0.9853243231773376,
        0.013276629149913788,
        -0.17017588019371033,
        -0.0024243914522230625,
        -0.023640243336558342,
        0.9979768991470337,
        -0.0590185672044754,
        0.1735045313835144,
        0.1690480262041092,
        0.06217543035745621,
        0.9836447834968567,
        2.5071287155151367
    ],
    [
        0.9830579161643982,
        0.010298234410583973,
        -0.18300572037696838,
        -0.0001437483006156981,
        -0.021656159311532974,
        0.997952938079834,
        -0.060173552483320236,
        0.24254007637500763,
        0.1820114254951477,
        0.06311728805303574,
        0.981268584728241,
        2.602356195449829
    ],
    [
        0.981184720993042,
        0.008835741318762302,
        -0.19286929070949554,
        -0.0014500661054626107,
        -0.02117566205561161,
        0.9978507161140442,
        -0.062013424932956696,
        0.29289257526397705,
        0.19190680980682373,
        0.0649307519197464,
        0.9792628884315491,
        2.672874689102173
    ],
    [
        0.9785107374191284,
        0.007439715322107077,
        -0.20606133341789246,
        -0.009153513237833977,
        -0.02118784748017788,
        0.9976866841316223,
        -0.06459257006645203,
        0.3547627031803131,
        0.20510412752628326,
        0.0675705298781395,
        0.9764049649238586,
        2.76963210105896
    ],
    [
        0.9759400486946106,
        0.00707656517624855,
        -0.2179243266582489,
        -0.02686319500207901,
        -0.022215943783521652,
        0.9974989295005798,
        -0.06709928065538406,
        0.4140551686286926,
        0.21690446138381958,
        0.07032625377178192,
        0.9736562967300415,
        2.8681800365448
    ],
    [
        0.9739736914634705,
        0.007290580775588751,
        -0.22654394805431366,
        -0.04247518256306648,
        -0.023585161194205284,
        0.9973167181015015,
        -0.06930358707904816,
        0.4552097022533417,
        0.22543081641197205,
        0.07284294068813324,
        0.9715321660041809,
        2.9369044303894043
    ],
    [
        0.9703816771507263,
        0.005851719994097948,
        -0.24150630831718445,
        -0.06258932501077652,
        -0.023765694350004196,
        0.9971696734428406,
        -0.07132996618747711,
        0.5084653496742249,
        0.24040533602237701,
        0.07495685666799545,
        0.9677741527557373,
        3.024301528930664
    ],
    [
        0.9665708541870117,
        0.004917747341096401,
        -0.25635284185409546,
        -0.08077718317508698,
        -0.02433541789650917,
        0.9970621466636658,
        -0.07262880355119705,
        0.5613875389099121,
        0.25524255633354187,
        0.07643933594226837,
        0.963850736618042,
        3.117656707763672
    ],
    [
        0.962409496307373,
        0.00501437671482563,
        -0.27155622839927673,
        -0.09289263933897018,
        -0.02594759501516819,
        0.9969539046287537,
        -0.07355055212974548,
        0.6165034174919128,
        0.27036020159721375,
        0.07783198356628418,
        0.9596081376075745,
        3.20660662651062
    ]
]