[
    [
        0.9991297721862793,
        0.0009259686339646578,
        0.04169829934835434,
        -0.09697592258453369,
        -0.0006256953929550946,
        0.9999737739562988,
        -0.007213551085442305,
        -0.0009831773350015283,
        -0.04170388728380203,
        0.007181184832006693,
        0.9991042017936707,
        0.0476904921233654
    ],
    [
        0.9989635348320007,
        0.0011295265285298228,
        0.04550443962216377,
        -0.10690537095069885,
        -0.0008048204472288489,
        0.9999741315841675,
        -0.007153377402573824,
        -0.0008351214928552508,
        -0.04551134258508682,
        0.007109340745955706,
        0.9989385008811951,
        0.05209221690893173
    ],
    [
        0.9987227320671082,
        0.001100942026823759,
        0.05051448196172714,
        -0.11986412107944489,
        -0.0007426149677485228,
        0.9999744892120361,
        -0.007111768238246441,
        -0.0007680862327106297,
        -0.05052101984620094,
        0.007065173238515854,
        0.9986979961395264,
        0.05785960331559181
    ],
    [
        0.9984638690948486,
        0.0010298998095095158,
        0.05539742857217789,
        -0.13260501623153687,
        -0.0006466492195613682,
        0.9999757409095764,
        -0.006935685873031616,
        -0.0009507329086773098,
        -0.05540323257446289,
        0.006889209151268005,
        0.9984403252601624,
        0.06362991034984589
    ],
    [
        0.9982120394706726,
        0.001366914133541286,
        0.05975668132305145,
        -0.14700405299663544,
        -0.0009589867549948394,
        0.9999760389328003,
        -0.006854614242911339,
        -0.0011428998550400138,
        -0.05976462364196777,
        0.006785053294152021,
        0.998189389705658,
        0.06948278844356537
    ],
    [
        0.9979294538497925,
        0.0014346962561830878,
        0.06430291384458542,
        -0.15975722670555115,
        -0.000993809662759304,
        0.9999757409095764,
        -0.006887873634696007,
        -0.0010400624014437199,
        -0.06431124359369278,
        0.006809707265347242,
        0.9979066848754883,
        0.07546176761388779
    ],
    [
        0.9976154565811157,
        0.0015629245899617672,
        0.06899984925985336,
        -0.17213913798332214,
        -0.0010790976230055094,
        0.9999746680259705,
        -0.00704872515052557,
        -0.001138709019869566,
        -0.06900911033153534,
        0.006957459729164839,
        0.9975918531417847,
        0.08065912127494812
    ],
    [
        0.9973165392875671,
        0.0016328776255249977,
        0.07319208979606628,
        -0.18455685675144196,
        -0.0011258492013439536,
        0.9999751448631287,
        -0.0069680907763540745,
        -0.0011305210646241903,
        -0.07320164889097214,
        0.006866988725960255,
        0.9972934126853943,
        0.08614220470190048
    ],
    [
        0.9969282746315002,
        0.0016710918862372637,
        0.07830236852169037,
        -0.1973646730184555,
        -0.0011218390427529812,
        0.9999744296073914,
        -0.007057975511997938,
        -0.0016490212874487042,
        -0.07831216603517532,
        0.006948452442884445,
        0.9969046711921692,
        0.09192848950624466
    ],
    [
        0.9964597821235657,
        0.0017244175542145967,
        0.08405332267284393,
        -0.21090039610862732,
        -0.0011240423191338778,
        0.9999735355377197,
        -0.007189582102000713,
        -0.0018170892726629972,
        -0.08406349271535873,
        0.007069649640470743,
        0.9964354038238525,
        0.09775298088788986
    ],
    [
        0.9960235953330994,
        0.001759507693350315,
        0.08907248079776764,
        -0.2246277779340744,
        -0.001112145371735096,
        0.9999725818634033,
        -0.007316925562918186,
        -0.0018132861005142331,
        -0.08908292651176453,
        0.007188768591731787,
        0.9959982633590698,
        0.10363692045211792
    ],
    [
        0.9955135583877563,
        0.0014400348300114274,
        0.09460768103599548,
        -0.2376287579536438,
        -0.0007560101803392172,
        0.9999733567237854,
        -0.007265564054250717,
        -0.0020121976267546415,
        -0.0946156233549118,
        0.007161443587392569,
        0.9954882264137268,
        0.10925086587667465
    ],
    [
        0.9948589205741882,
        0.001251578563824296,
        0.10126315802335739,
        -0.25006768107414246,
        -0.0005361355724744499,
        0.99997478723526,
        -0.007092096842825413,
        -0.0022021860349923372,
        -0.10126946866512299,
        0.007001344580203295,
        0.994834303855896,
        0.11518125236034393
    ],
    [
        0.9941516518592834,
        0.0011518772225826979,
        0.10798672586679459,
        -0.262443482875824,
        -0.00039226675289683044,
        0.9999750852584839,
        -0.007055270951241255,
        -0.0027671814896166325,
        -0.10799216479063034,
        0.0069716498255729675,
        0.9941273927688599,
        0.12033305317163467
    ],
    [
        0.9934947490692139,
        0.0011261549079790711,
        0.11387225985527039,
        -0.2750452160835266,
        -0.00034388210042379797,
        0.9999761581420898,
        -0.00688914256170392,
        -0.0029081169050186872,
        -0.1138773038983345,
        0.006805168464779854,
        0.993471622467041,
        0.12589052319526672
    ],
    [
        0.9927830696105957,
        0.0012895545223727822,
        0.11991745978593826,
        -0.2875887155532837,
        -0.00046344089787453413,
        0.9999760389328003,
        -0.006916649639606476,
        -0.002962492173537612,
        -0.11992348730564117,
        0.006811158265918493,
        0.9927598237991333,
        0.1314682960510254
    ],
    [
        0.9918702244758606,
        0.0014919106615707278,
        0.1272444874048233,
        -0.30020883679389954,
        -0.0006296403589658439,
        0.999976634979248,
        -0.006816433742642403,
        -0.0032715112902224064,
        -0.12725165486335754,
        0.006680899299681187,
        0.9918479919433594,
        0.13711705803871155
    ],
    [
        0.9909161925315857,
        0.001969517907127738,
        0.13446688652038574,
        -0.3122079372406006,
        -0.0010442181956022978,
        0.999975323677063,
        -0.006951417773962021,
        -0.0031881146132946014,
        -0.13447725772857666,
        0.00674785953015089,
        0.9908936023712158,
        0.14213623106479645
    ],
    [
        0.9899689555168152,
        0.0017193866660818458,
        0.1412745714187622,
        -0.3239848017692566,
        -0.0007314834510907531,
        0.9999749660491943,
        -0.007044424768537283,
        -0.0034557697363197803,
        -0.14128313958644867,
        0.006870421115309,
        0.9899453520774841,
        0.14697380363941193
    ],
    [
        0.9890871644020081,
        0.0015181652270257473,
        0.14732389152050018,
        -0.3340866267681122,
        -0.0005039016832597554,
        0.9999759793281555,
        -0.0069216592237353325,
        -0.0034986352548003197,
        -0.1473308503627777,
        0.006771886255592108,
        0.9890640377998352,
        0.1515275239944458
    ],
    [
        0.9878492951393127,
        0.001170491217635572,
        0.15541084110736847,
        -0.3432561457157135,
        -0.00012721771781798452,
        0.9999773502349854,
        -0.006722783669829369,
        -0.003250268055126071,
        -0.15541520714759827,
        0.006621325854212046,
        0.9878270030021667,
        0.15568575263023376
    ],
    [
        0.9867280721664429,
        0.0008944644359871745,
        0.16237832605838776,
        -0.3522046208381653,
        0.00019020652689505368,
        0.9999777674674988,
        -0.006664234213531017,
        -0.003393710358068347,
        -0.16238068044185638,
        0.006606672890484333,
        0.9867060780525208,
        0.15944115817546844
    ],
    [
        0.9855035543441772,
        0.0008928978932090104,
        0.16965250670909882,
        -0.36209771037101746,
        0.0002723119396250695,
        0.9999765753746033,
        -0.006844823248684406,
        -0.00349521660245955,
        -0.16965463757514954,
        0.00679179560393095,
        0.9854801297187805,
        0.16368144750595093
    ],
    [
        0.9842374324798584,
        0.000883829197846353,
        0.17685014009475708,
        -0.3721393644809723,
        0.0003531284164637327,
        0.9999757409095764,
        -0.006962785962969065,
        -0.004062985070049763,
        -0.1768520027399063,
        0.0069154840894043446,
        0.98421311378479,
        0.16779500246047974
    ],
    [
        0.982864260673523,
        0.0008242538315244019,
        0.18432891368865967,
        -0.38351497054100037,
        0.0005173128447495401,
        0.999973714351654,
        -0.007229906506836414,
        -0.004060342907905579,
        -0.184330016374588,
        0.007201371714472771,
        0.9828380346298218,
        0.17253701388835907
    ]
]