[
    [
        0.7656885385513306,
        -0.10566186904907227,
        0.6344735622406006,
        0.5233388543128967,
        0.10768673568964005,
        0.9935507774353027,
        0.0355033315718174,
        -0.2519048750400543,
        -0.634132981300354,
        0.04113989695906639,
        0.772128701210022,
        0.9983822107315063
    ],
    [
        0.7581993937492371,
        -0.10588672012090683,
        0.6433674097061157,
        0.5884137153625488,
        0.10884848237037659,
        0.993433952331543,
        0.03522501140832901,
        -0.2581653594970703,
        -0.6428729891777039,
        0.04332198575139046,
        0.7647466659545898,
        1.060990333557129
    ],
    [
        0.7527387142181396,
        -0.10587619990110397,
        0.6497496962547302,
        0.6383129358291626,
        0.10902281850576401,
        0.9934026002883911,
        0.03557061776518822,
        -0.2659984230995178,
        -0.649229109287262,
        0.044062159955501556,
        0.7593156099319458,
        1.1096607446670532
    ],
    [
        0.7473608255386353,
        -0.10514127463102341,
        0.6560465693473816,
        0.7070952653884888,
        0.10940314084291458,
        0.9933959245681763,
        0.034575726836919785,
        -0.2720552682876587,
        -0.6553492546081543,
        0.04593300074338913,
        0.7539280652999878,
        1.171191930770874
    ],
    [
        0.7436697483062744,
        -0.10388877242803574,
        0.6604259014129639,
        0.7760102152824402,
        0.10935703665018082,
        0.9934502243995667,
        0.03313435614109039,
        -0.27860376238822937,
        -0.6595425009727478,
        0.04758119955658913,
        0.7501599192619324,
        1.221175193786621
    ],
    [
        0.7410220503807068,
        -0.10287486761808395,
        0.6635534167289734,
        0.8290303945541382,
        0.10861242562532425,
        0.9935446977615356,
        0.032742779701948166,
        -0.2877962589263916,
        -0.6626383662223816,
        0.04780702292919159,
        0.7474122047424316,
        1.2621406316757202
    ],
    [
        0.7376415133476257,
        -0.10152795165777206,
        0.6675156950950623,
        0.8954237699508667,
        0.10823109745979309,
        0.9936257004737854,
        0.031527381390333176,
        -0.29625403881073,
        -0.6664615869522095,
        0.04899004101753235,
        0.743928074836731,
        1.3195396661758423
    ],
    [
        0.7353304624557495,
        -0.09984393417835236,
        0.6703136563301086,
        0.9672350883483887,
        0.10787837207317352,
        0.9937211275100708,
        0.029673848301172256,
        -0.30291447043418884,
        -0.6690675616264343,
        0.050492264330387115,
        0.7414844632148743,
        1.3766340017318726
    ],
    [
        0.734103798866272,
        -0.09842593222856522,
        0.6718659996986389,
        1.0199397802352905,
        0.10724237561225891,
        0.9938267469406128,
        0.028415342792868614,
        -0.3085102438926697,
        -0.670515239238739,
        0.05119269713759422,
        0.740127444267273,
        1.4175018072128296
    ],
    [
        0.7323842644691467,
        -0.09694495797157288,
        0.6739546656608582,
        1.090112328529358,
        0.1059308871626854,
        0.9939829707145691,
        0.02786468341946602,
        -0.3174586296081543,
        -0.6726008653640747,
        0.050984956324100494,
        0.7382470369338989,
        1.4792709350585938
    ],
    [
        0.7326481938362122,
        -0.09609878808259964,
        0.6737890243530273,
        1.131585955619812,
        0.10506245493888855,
        0.9940842390060425,
        0.027540475130081177,
        -0.32142168283462524,
        -0.6724495887756348,
        0.05061245709657669,
        0.738410472869873,
        1.5101107358932495
    ],
    [
        0.7347227334976196,
        -0.0952000692486763,
        0.671654224395752,
        1.2011866569519043,
        0.10337744653224945,
        0.9942525029182434,
        0.027840424329042435,
        -0.32928282022476196,
        -0.6704442501068115,
        0.048978883773088455,
        0.7403414845466614,
        1.554819941520691
    ],
    [
        0.7377768158912659,
        -0.09442408382892609,
        0.6684080958366394,
        1.2762706279754639,
        0.1024843379855156,
        0.9943585991859436,
        0.027349799871444702,
        -0.33164146542549133,
        -0.6672198176383972,
        0.048323310911655426,
        0.7432917952537537,
        1.6020379066467285
    ],
    [
        0.741615355014801,
        -0.09401681274175644,
        0.6642043590545654,
        1.3370476961135864,
        0.10158424824476242,
        0.9944512248039246,
        0.027339020743966103,
        -0.3331356644630432,
        -0.6630891561508179,
        0.047197651118040085,
        0.7470510005950928,
        1.6344932317733765
    ],
    [
        0.7486761212348938,
        -0.0952015221118927,
        0.6560646891593933,
        1.4185611009597778,
        0.10095131397247314,
        0.9944655299186707,
        0.029105041176080704,
        -0.3374176621437073,
        -0.6552044749259949,
        0.044440336525440216,
        0.7541433572769165,
        1.6686230897903442
    ],
    [
        0.7568880915641785,
        -0.0964859127998352,
        0.6463829874992371,
        1.5021721124649048,
        0.1002831980586052,
        0.9944753050804138,
        0.031018296256661415,
        -0.3403082489967346,
        -0.6458047032356262,
        0.04134397581219673,
        0.7623823285102844,
        1.7027982473373413
    ],
    [
        0.762819230556488,
        -0.09732101857662201,
        0.6392459869384766,
        1.563207983970642,
        0.09985345602035522,
        0.9944794774055481,
        0.03224679082632065,
        -0.3416590094566345,
        -0.6388552784919739,
        0.039232440292835236,
        0.768325924873352,
        1.7343248128890991
    ],
    [
        0.770121157169342,
        -0.0984438881278038,
        0.6302556395530701,
        1.6383676528930664,
        0.09878930449485779,
        0.9945057034492493,
        0.0346260629594326,
        -0.3445184528827667,
        -0.6302015781402588,
        0.035596247762441635,
        0.7756152749061584,
        1.7793830633163452
    ],
    [
        0.7767429947853088,
        -0.09993596374988556,
        0.6218384504318237,
        1.7106977701187134,
        0.09797152876853943,
        0.9944844245910645,
        0.03744710236787796,
        -0.34709638357162476,
        -0.6221509575843811,
        0.03183570131659508,
        0.7822496891021729,
        1.8263505697250366
    ],
    [
        0.7820723056793213,
        -0.10089566558599472,
        0.6149658560752869,
        1.769352912902832,
        0.09704634547233582,
        0.9944858551025391,
        0.039745405316352844,
        -0.3501875102519989,
        -0.6155850291252136,
        0.028596414253115654,
        0.7875514030456543,
        1.8651454448699951
    ],
    [
        0.7859671115875244,
        -0.1018633022904396,
        0.609819233417511,
        1.8112609386444092,
        0.09667613357305527,
        0.9944499731063843,
        0.04151016101241112,
        -0.35332217812538147,
        -0.6106629967689514,
        0.02632933109998703,
        0.7914528250694275,
        1.891893982887268
    ],
    [
        0.794879674911499,
        -0.10222923755645752,
        0.5980932712554932,
        1.9099522829055786,
        0.09460873901844025,
        0.9945305585861206,
        0.0442531444132328,
        -0.35757046937942505,
        -0.5993459224700928,
        0.02140892669558525,
        0.8002039790153503,
        1.9619003534317017
    ],
    [
        0.7982515096664429,
        -0.10219909250736237,
        0.5935906767845154,
        1.9503310918807983,
        0.0937270000576973,
        0.9945716261863708,
        0.04519376903772354,
        -0.35944539308547974,
        -0.5949872732162476,
        0.019559472799301147,
        0.8034972548484802,
        1.991888165473938
    ],
    [
        0.8030337691307068,
        -0.10183516144752502,
        0.5871680378913879,
        2.0051894187927246,
        0.09222393482923508,
        0.9946576356887817,
        0.04637884348630905,
        -0.36165153980255127,
        -0.5887541770935059,
        0.01690717414021492,
        0.8081353902816772,
        2.030735731124878
    ],
    [
        0.8099514842033386,
        -0.1012234017252922,
        0.5776958465576172,
        2.0766968727111816,
        0.09028255194425583,
        0.9947720766067505,
        0.04772359877824783,
        -0.3660998046398163,
        -0.5795063972473145,
        0.013502056710422039,
        0.8148558139801025,
        2.0756494998931885
    ]
]