[
    [
        0.9999995231628418,
        -0.0009760598768480122,
        0.00033370981691405177,
        0.0033149525988847017,
        0.0009742262773215771,
        0.9999846816062927,
        0.005451843608170748,
        -0.06407874822616577,
        -0.0003390252240933478,
        -0.005451516713947058,
        0.9999850988388062,
        -0.00809576828032732
    ],
    [
        0.9999992251396179,
        -0.0010720354039222002,
        0.0005677994340658188,
        0.004002522211521864,
        0.001068331766873598,
        0.9999784827232361,
        0.006482740398496389,
        -0.08582977950572968,
        -0.0005747374380007386,
        -0.006482129450887442,
        0.99997878074646,
        -0.011844495311379433
    ],
    [
        0.9999991059303284,
        -0.0010825484059751034,
        0.0007379766902886331,
        0.004973665811121464,
        0.0010767846833914518,
        0.9999692440032959,
        0.007765889633446932,
        -0.10799528658390045,
        -0.0007463612710125744,
        -0.007765088230371475,
        0.9999696016311646,
        -0.015410948544740677
    ],
    [
        0.9999986886978149,
        -0.0013010281836614013,
        0.0009853955125436187,
        0.0063246204517781734,
        0.001291672931984067,
        0.9999547004699707,
        0.009436564520001411,
        -0.13733768463134766,
        -0.0009976285509765148,
        -0.009435278363525867,
        0.9999550580978394,
        -0.020347392186522484
    ],
    [
        0.9999984502792358,
        -0.0013967796694487333,
        0.0010841478360816836,
        0.007438083179295063,
        0.0013855393044650555,
        0.9999459981918335,
        0.01030072383582592,
        -0.15878833830356598,
        -0.0010984771652147174,
        -0.010299206711351871,
        0.9999463558197021,
        -0.02374427206814289
    ],
    [
        0.9999983906745911,
        -0.0014239472802728415,
        0.001050422783009708,
        0.008437175303697586,
        0.0014122078428044915,
        0.9999375343322754,
        0.011093038134276867,
        -0.1805446445941925,
        -0.0010661531705409288,
        -0.011091536842286587,
        0.999937891960144,
        -0.02709454670548439
    ],
    [
        0.9999982118606567,
        -0.0014843662502244115,
        0.0011945996666327119,
        0.009484567679464817,
        0.001469518756493926,
        0.9999228715896606,
        0.012334924191236496,
        -0.20968399941921234,
        -0.0012128172675147653,
        -0.012333146296441555,
        0.9999232292175293,
        -0.031948838382959366
    ],
    [
        0.9999976754188538,
        -0.0015461104921996593,
        0.0014787268592044711,
        0.009892490692436695,
        0.001525690546259284,
        0.9999048709869385,
        0.01371231023222208,
        -0.23195329308509827,
        -0.001499786856584251,
        -0.0137100238353014,
        0.9999048709869385,
        -0.035253044217824936
    ],
    [
        0.9999973773956299,
        -0.0017245382769033313,
        0.001571865752339363,
        0.011452781036496162,
        0.0017001298256218433,
        0.9998800158500671,
        0.015400058589875698,
        -0.26175835728645325,
        -0.0015982353361323476,
        -0.015397344715893269,
        0.9998801946640015,
        -0.04037545621395111
    ],
    [
        0.9999969005584717,
        -0.001727310474961996,
        0.0018036856781691313,
        0.011943226680159569,
        0.001697095693089068,
        0.9998605251312256,
        0.016620725393295288,
        -0.2837737500667572,
        -0.0018321435200050473,
        -0.016617614775896072,
        0.9998602867126465,
        -0.04398519545793533
    ],
    [
        0.9999967813491821,
        -0.0017222503665834665,
        0.0018841990968212485,
        0.012799845077097416,
        0.0016883757198229432,
        0.9998395442962646,
        0.017834341153502464,
        -0.30575424432754517,
        -0.001914612832479179,
        -0.01783110201358795,
        0.9998390674591064,
        -0.047929633408784866
    ],
    [
        0.9999961853027344,
        -0.0016865668585523963,
        0.002187848323956132,
        0.013116738758981228,
        0.0016434758435934782,
        0.9998074769973755,
        0.01955009251832962,
        -0.33500275015830994,
        -0.002220399444922805,
        -0.019546419382095337,
        0.9998064637184143,
        -0.05247102677822113
    ],
    [
        0.9999960064888,
        -0.0018755546770989895,
        0.002160801086574793,
        0.014127061702311039,
        0.0018307395512238145,
        0.999786913394928,
        0.020558355376124382,
        -0.3564002215862274,
        -0.0021988991647958755,
        -0.0205543152987957,
        0.9997863173484802,
        -0.05603763461112976
    ],
    [
        0.9999952912330627,
        -0.0019269823096692562,
        0.002371733309701085,
        0.014582782052457333,
        0.0018750322051346302,
        0.9997623562812805,
        0.02171473763883114,
        -0.3782879710197449,
        -0.00241301441565156,
        -0.021710187196731567,
        0.9997614026069641,
        -0.059113360941410065
    ],
    [
        0.999994158744812,
        -0.002172260545194149,
        0.002653036266565323,
        0.015121554024517536,
        0.002109777182340622,
        0.9997256398200989,
        0.023331889882683754,
        -0.4077829122543335,
        -0.0027029910124838352,
        -0.02332615666091442,
        0.9997242093086243,
        -0.06358419358730316
    ],
    [
        0.9999939203262329,
        -0.0022389243822544813,
        0.0027024492155760527,
        0.015929672867059708,
        0.0021723166573792696,
        0.9996998310089111,
        0.024403659626841545,
        -0.42958346009254456,
        -0.0027562768664211035,
        -0.02439763769507408,
        0.9996985197067261,
        -0.06674595922231674
    ],
    [
        0.9999929070472717,
        -0.0024731410667300224,
        0.0028592641465365887,
        0.017228707671165466,
        0.002396724419668317,
        0.9996479749679565,
        0.026427384465932846,
        -0.4659973382949829,
        -0.002923615975305438,
        -0.026420341804623604,
        0.9996466636657715,
        -0.0725596472620964
    ],
    [
        0.9999924898147583,
        -0.0025813800748437643,
        0.0029077441431581974,
        0.01794564165174961,
        0.0025003054179251194,
        0.9996172785758972,
        0.02754921279847622,
        -0.4886183440685272,
        -0.002977745607495308,
        -0.027541736140847206,
        0.999616265296936,
        -0.07642165571451187
    ],
    [
        0.9999917149543762,
        -0.002773942891508341,
        0.0029952761251479387,
        0.01854839362204075,
        0.0026876216288655996,
        0.999591588973999,
        0.028448374941945076,
        -0.5108057856559753,
        -0.0030729661229997873,
        -0.028440088033676147,
        0.9995908141136169,
        -0.07949528843164444
    ],
    [
        0.9999904036521912,
        -0.0031912289559841156,
        0.003013813169673085,
        0.019876770675182343,
        0.0031008529476821423,
        0.9995590448379517,
        0.0295302402228117,
        -0.5403751134872437,
        -0.0031067219097167253,
        -0.029520610347390175,
        0.9995593428611755,
        -0.08374138176441193
    ],
    [
        0.9999898672103882,
        -0.003333261702209711,
        0.0030214295256882906,
        0.021106723695993423,
        0.0032404803205281496,
        0.9995383620262146,
        0.03020906262099743,
        -0.5626652836799622,
        -0.0031207301653921604,
        -0.030198967084288597,
        0.9995391368865967,
        -0.08654128760099411
    ],
    [
        0.9999894499778748,
        -0.0032741387840360403,
        0.0032281901221722364,
        0.021617446094751358,
        0.0031716853845864534,
        0.9995065927505493,
        0.031247233971953392,
        -0.5849778652191162,
        -0.0033289052080363035,
        -0.031236663460731506,
        0.9995064735412598,
        -0.08903899043798447
    ],
    [
        0.9999887943267822,
        -0.003393774153664708,
        0.0033017927780747414,
        0.02288181148469448,
        0.0032844915986061096,
        0.9994643926620483,
        0.03255852684378624,
        -0.6151610612869263,
        -0.0034105207305401564,
        -0.03254731744527817,
        0.9994643330574036,
        -0.0927562490105629
    ],
    [
        0.9999876618385315,
        -0.0035245472099632025,
        0.00349183427169919,
        0.023184431716799736,
        0.003403379814699292,
        0.9994120597839355,
        0.034118618816137314,
        -0.6454751491546631,
        -0.003610034240409732,
        -0.034106314182281494,
        0.9994117021560669,
        -0.09641450643539429
    ],
    [
        0.9999867677688599,
        -0.0036930821370333433,
        0.003576867049559951,
        0.02368323877453804,
        0.0035628657788038254,
        0.999354362487793,
        0.03575161471962929,
        -0.6754483580589294,
        -0.003706590039655566,
        -0.035738397389650345,
        0.9993543028831482,
        -0.10094281286001205
    ]
]