[
    [
        0.9998832941055298,
        -0.0007067669066600502,
        0.015265101566910744,
        0.01809207908809185,
        0.0007405722280964255,
        0.9999973773956299,
        -0.0022089991252869368,
        -0.00396464578807354,
        -0.015263497829437256,
        0.002220046240836382,
        0.9998810291290283,
        0.2940240800380707
    ],
    [
        0.9998456835746765,
        -0.0008435440831817687,
        0.017548982053995132,
        0.025592640042304993,
        0.0008876929059624672,
        0.9999964237213135,
        -0.002508115954697132,
        -0.005688906647264957,
        -0.01754680462181568,
        0.002523306990042329,
        0.9998428821563721,
        0.3344169855117798
    ],
    [
        0.9998016953468323,
        -0.0010748520726338029,
        0.01988346315920353,
        0.033131275326013565,
        0.0011268977541476488,
        0.9999960064888,
        -0.0026064785197377205,
        -0.008548993617296219,
        -0.01988058164715767,
        0.002628368092700839,
        0.9997989535331726,
        0.3721623420715332
    ],
    [
        0.9997584819793701,
        -0.0009608197142370045,
        0.02195400558412075,
        0.04174865409731865,
        0.0010268382029607892,
        0.9999949932098389,
        -0.002996039343997836,
        -0.011067264713346958,
        -0.021951017901301384,
        0.0030178590677678585,
        0.9997544884681702,
        0.4075731635093689
    ],
    [
        0.9997062087059021,
        -0.0013104330282658339,
        0.024199144914746284,
        0.04832356423139572,
        0.0013937677722424269,
        0.9999931454658508,
        -0.0034271683543920517,
        -0.012857618741691113,
        -0.024194488301873207,
        0.0034598889760673046,
        0.999701201915741,
        0.4407944679260254
    ],
    [
        0.9996764659881592,
        -0.0014934471109881997,
        0.0253894105553627,
        0.05468345060944557,
        0.0015890427166596055,
        0.999991774559021,
        -0.0037454250268638134,
        -0.013796349987387657,
        -0.025383608415722847,
        0.003784558502957225,
        0.9996706247329712,
        0.47396230697631836
    ],
    [
        0.9996179938316345,
        -0.0009839485865086317,
        0.02762106992304325,
        0.061460815370082855,
        0.0010964577086269855,
        0.9999911785125732,
        -0.004058476537466049,
        -0.013688855804502964,
        -0.0276168305426836,
        0.0040872106328606606,
        0.9996102452278137,
        0.5061312317848206
    ],
    [
        0.9995630979537964,
        -0.0009158353786915541,
        0.029543451964855194,
        0.06798692047595978,
        0.0010462146019563079,
        0.9999898076057434,
        -0.00439799390733242,
        -0.014146968722343445,
        -0.029539121314883232,
        0.004426981322467327,
        0.9995538592338562,
        0.5388970971107483
    ],
    [
        0.9994789958000183,
        -0.0008976524695754051,
        0.03226175159215927,
        0.07630547881126404,
        0.0010392855620011687,
        0.999989926815033,
        -0.004373639356344938,
        -0.01620103232562542,
        -0.03225749731063843,
        0.004404889885336161,
        0.9994699358940125,
        0.5856549143791199
    ],
    [
        0.9994056224822998,
        -0.000899584440048784,
        0.03445925936102867,
        0.08145656436681747,
        0.001058733556419611,
        0.9999889135360718,
        -0.004600486718118191,
        -0.01840931922197342,
        -0.03445473685860634,
        0.004634236451238394,
        0.999395489692688,
        0.6209789514541626
    ],
    [
        0.9993268251419067,
        -0.0008976190583780408,
        0.03667593002319336,
        0.08628501743078232,
        0.001074954867362976,
        0.9999878406524658,
        -0.004815779626369476,
        -0.022483153268694878,
        -0.03667115420103073,
        0.004851963371038437,
        0.999315619468689,
        0.6568114161491394
    ],
    [
        0.9992527961730957,
        -0.0007427779491990805,
        0.0386422835290432,
        0.09047136455774307,
        0.0009434569510631263,
        0.9999861121177673,
        -0.0051752738654613495,
        -0.025611218065023422,
        -0.038637906312942505,
        0.005207863636314869,
        0.9992398023605347,
        0.6899778842926025
    ],
    [
        0.9991411566734314,
        -0.0007420221227221191,
        0.04142977297306061,
        0.09327857196331024,
        0.0009740249370224774,
        0.9999840259552002,
        -0.005580004770308733,
        -0.028599588200449944,
        -0.04142496734857559,
        0.005615566857159138,
        0.9991258978843689,
        0.7199613451957703
    ],
    [
        0.9990953207015991,
        -0.0006725784623995423,
        0.042520806193351746,
        0.09640803188085556,
        0.000928009394556284,
        0.999981701374054,
        -0.005987757351249456,
        -0.03001030907034874,
        -0.04251599684357643,
        0.006021801382303238,
        0.9990776777267456,
        0.7476295232772827
    ],
    [
        0.9990025162696838,
        -0.0005582637386396527,
        0.04465057700872421,
        0.09884637594223022,
        0.000828490243293345,
        0.9999814629554749,
        -0.006033768877387047,
        -0.030876748263835907,
        -0.044646378606557846,
        0.006064741872251034,
        0.9989843964576721,
        0.773858904838562
    ],
    [
        0.9989306330680847,
        -0.0004612431803252548,
        0.04622984305024147,
        0.10130319744348526,
        0.0007566058193333447,
        0.9999794363975525,
        -0.006371712312102318,
        -0.03187192231416702,
        -0.046225957572460175,
        0.006399877369403839,
        0.9989105463027954,
        0.7995023727416992
    ],
    [
        0.9988352656364441,
        -0.0004530905862338841,
        0.0482487827539444,
        0.10596226155757904,
        0.0007691424689255655,
        0.9999784231185913,
        -0.006532091647386551,
        -0.03260409086942673,
        -0.04824477434158325,
        0.006561592686921358,
        0.9988141059875488,
        0.8339783549308777
    ],
    [
        0.9987578392028809,
        -0.0004905157256871462,
        0.04982408136129379,
        0.109917551279068,
        0.0008219911833293736,
        0.9999776482582092,
        -0.0066326395608484745,
        -0.03397967666387558,
        -0.0498197115957737,
        0.006665355991572142,
        0.9987359642982483,
        0.8607093095779419
    ],
    [
        0.9986991882324219,
        -0.0006791637861169875,
        0.05098601058125496,
        0.11491706967353821,
        0.001034248387441039,
        0.9999754428863525,
        -0.006938287056982517,
        -0.03522256016731262,
        -0.05098004639148712,
        0.006981994491070509,
        0.9986752867698669,
        0.8878756761550903
    ],
    [
        0.9986373782157898,
        -0.0007596756331622601,
        0.05218058079481125,
        0.12051448225975037,
        0.0011124333832412958,
        0.9999768137931824,
        -0.00673162704333663,
        -0.03619277477264404,
        -0.052174247801303864,
        0.0067805033177137375,
        0.9986149072647095,
        0.9148172736167908
    ],
    [
        0.9985829591751099,
        -0.0007772910757921636,
        0.053210269659757614,
        0.1278936266899109,
        0.0011340489145368338,
        0.9999771118164062,
        -0.006674816831946373,
        -0.03761240839958191,
        -0.05320386216044426,
        0.006725702900439501,
        0.9985609650611877,
        0.9421621561050415
    ],
    [
        0.9985130429267883,
        -0.0008262096089310944,
        0.05450700595974922,
        0.13541534543037415,
        0.0011999784037470818,
        0.9999759793281555,
        -0.0068248845636844635,
        -0.038108937442302704,
        -0.05450005829334259,
        0.006880143191665411,
        0.9984900951385498,
        0.9705297350883484
    ],
    [
        0.9984518885612488,
        -0.0008806383120827377,
        0.0556168407201767,
        0.1422542929649353,
        0.0012537998845800757,
        0.9999769330024719,
        -0.006674974225461483,
        -0.038841020315885544,
        -0.05560968071222305,
        0.006734372116625309,
        0.9984298348426819,
        0.9983536601066589
    ],
    [
        0.9984027743339539,
        -0.000807032163720578,
        0.05649017542600632,
        0.14903821051120758,
        0.0011801754590123892,
        0.999977707862854,
        -0.006572395097464323,
        -0.039729636162519455,
        -0.05648360773921013,
        0.006628566887229681,
        0.998381495475769,
        1.0242433547973633
    ],
    [
        0.9983813762664795,
        -0.001102849142625928,
        0.0568632148206234,
        0.1571890264749527,
        0.001511608948931098,
        0.9999733567237854,
        -0.007145949173718691,
        -0.041540950536727905,
        -0.05685381591320038,
        0.007220335770398378,
        0.9983564615249634,
        1.0559672117233276
    ]
]