[
    [
        0.9999626278877258,
        0.007463088724762201,
        -0.004373157862573862,
        -0.015387903898954391,
        -0.007391449064016342,
        0.9998418688774109,
        0.016174741089344025,
        -0.025831984356045723,
        0.004493180196732283,
        -0.01614181511104107,
        0.9998595714569092,
        0.6775148510932922
    ],
    [
        0.9999886751174927,
        -0.004083847161382437,
        -0.0024498007260262966,
        0.038258545100688934,
        0.004160077311098576,
        0.9994804263114929,
        0.031963590532541275,
        -0.08309516310691833,
        0.002317993436008692,
        -0.031973421573638916,
        0.9994860291481018,
        1.6614439487457275
    ],
    [
        0.9999189972877502,
        -0.008657490834593773,
        0.009331262670457363,
        0.040706098079681396,
        0.008417380973696709,
        0.9996401071548462,
        0.025470977649092674,
        -0.09556301683187485,
        -0.009548420086503029,
        -0.025390367954969406,
        0.9996320605278015,
        1.9660372734069824
    ],
    [
        0.9995912313461304,
        -0.017589297145605087,
        0.022533992305397987,
        0.07123244553804398,
        0.017157139256596565,
        0.9996679425239563,
        0.019229857251048088,
        -0.10582038760185242,
        -0.022864747792482376,
        -0.01883538067340851,
        0.9995611906051636,
        2.2604997158050537
    ],
    [
        0.9989265203475952,
        -0.02783166989684105,
        0.0370304100215435,
        0.104477658867836,
        0.027341168373823166,
        0.9995324611663818,
        0.013687163591384888,
        -0.11307034641504288,
        -0.03739403560757637,
        -0.012660015374422073,
        0.9992203712463379,
        2.5606465339660645
    ],
    [
        0.9978005290031433,
        -0.03939855471253395,
        0.05330910533666611,
        0.14182540774345398,
        0.03895235434174538,
        0.9991970062255859,
        0.009383774362504482,
        -0.14389434456825256,
        -0.05363600328564644,
        -0.007286619860678911,
        0.9985339641571045,
        2.8355908393859863
    ],
    [
        0.9964508414268494,
        -0.041464246809482574,
        0.07325632870197296,
        0.1613716334104538,
        0.041249025613069534,
        0.9991389513015747,
        0.004449121654033661,
        -0.16150878369808197,
        -0.07337774336338043,
        -0.0014115776866674423,
        0.9973031282424927,
        3.1406333446502686
    ],
    [
        0.9950433373451233,
        -0.04620450735092163,
        0.08805666118860245,
        0.20072253048419952,
        0.046296797692775726,
        0.9989271759986877,
        0.000995055539533496,
        -0.18803855776786804,
        -0.08800816535949707,
        0.0030866172164678574,
        0.9961150288581848,
        3.4314827919006348
    ],
    [
        0.9936428070068359,
        -0.04663894325494766,
        0.10246358066797256,
        0.26928821206092834,
        0.04731805995106697,
        0.9988710880279541,
        -0.004205996636301279,
        -0.20895503461360931,
        -0.10215173661708832,
        0.009027635678648949,
        0.9947279691696167,
        3.7349960803985596
    ],
    [
        0.9928311705589294,
        -0.04537440091371536,
        0.11057736724615097,
        0.3612225353717804,
        0.04634735360741615,
        0.9989059567451477,
        -0.006243129260838032,
        -0.22794921696186066,
        -0.11017309874296188,
        0.011323343962430954,
        0.9938479065895081,
        4.032807350158691
    ],
    [
        0.9924805760383606,
        -0.0401206873357296,
        0.11564043909311295,
        0.4498711824417114,
        0.04104745015501976,
        0.999141275882721,
        -0.005643024109303951,
        -0.24922998249530792,
        -0.11531473696231842,
        0.010347339324653149,
        0.9932750463485718,
        4.331831932067871
    ],
    [
        0.9929091930389404,
        -0.034068331122398376,
        0.11388915777206421,
        0.5376612544059753,
        0.03454262390732765,
        0.9994008541107178,
        -0.0021930704824626446,
        -0.28134799003601074,
        -0.11374621093273163,
        0.006111549213528633,
        0.993490993976593,
        4.62367057800293
    ],
    [
        0.9941375255584717,
        -0.03066602349281311,
        0.10368374735116959,
        0.6564602851867676,
        0.030802007764577866,
        0.9995254278182983,
        0.00028974065207876265,
        -0.3130127191543579,
        -0.10364343971014023,
        0.0029056265484541655,
        0.9946103096008301,
        4.908601760864258
    ],
    [
        0.9951931238174438,
        -0.027238810434937477,
        0.09406683593988419,
        0.7745823264122009,
        0.02699684537947178,
        0.9996281266212463,
        0.0038441375363618135,
        -0.3346019685268402,
        -0.0941365584731102,
        -0.0012861534487456083,
        0.9955585598945618,
        5.157401084899902
    ],
    [
        0.9962695240974426,
        -0.020495589822530746,
        0.08382707089185715,
        0.8693225383758545,
        0.019748274236917496,
        0.9997575283050537,
        0.00973452627658844,
        -0.3483092486858368,
        -0.08400625735521317,
        -0.008042772300541401,
        0.9964326620101929,
        5.42967414855957
    ],
    [
        0.9973170757293701,
        -0.01339041069149971,
        0.07196709513664246,
        0.9390473365783691,
        0.012352493591606617,
        0.9998134970664978,
        0.014847895130515099,
        -0.3635573983192444,
        -0.07215248793363571,
        -0.013919084332883358,
        0.9972964525222778,
        5.695326805114746
    ],
    [
        0.9982901215553284,
        -0.01052473857998848,
        0.057498157024383545,
        0.9995089173316956,
        0.009549464099109173,
        0.9998063445091248,
        0.017210358753800392,
        -0.37467384338378906,
        -0.057668156921863556,
        -0.016631854698061943,
        0.9981972575187683,
        5.954598426818848
    ],
    [
        0.9991954565048218,
        -0.010983871296048164,
        0.03857160359621048,
        1.068318247795105,
        0.010363595560193062,
        0.9998143315315247,
        0.016244476661086082,
        -0.3834976553916931,
        -0.038742873817682266,
        -0.015831666067242622,
        0.9991236925125122,
        6.214394569396973
    ],
    [
        0.9995995759963989,
        -0.01746976189315319,
        0.022258978337049484,
        1.125788927078247,
        0.01711595058441162,
        0.9997256994247437,
        0.015987686812877655,
        -0.3872337341308594,
        -0.022532174363732338,
        -0.015600301325321198,
        0.9996243715286255,
        6.455587387084961
    ],
    [
        0.9997290372848511,
        -0.02218606136739254,
        0.0070562539622187614,
        1.1660239696502686,
        0.022071804851293564,
        0.999630331993103,
        0.015872672200202942,
        -0.39913755655288696,
        -0.00740524847060442,
        -0.015712620690464973,
        0.9998491406440735,
        6.704233169555664
    ],
    [
        0.9995630979537964,
        -0.027882853522896767,
        -0.009807208552956581,
        1.1977421045303345,
        0.028037676587700844,
        0.9994785189628601,
        0.016021432355046272,
        -0.41898101568222046,
        0.009355700574815273,
        -0.016289396211504936,
        0.9998235702514648,
        6.932540416717529
    ],
    [
        0.9990031719207764,
        -0.03305407240986824,
        -0.030003206804394722,
        1.2420374155044556,
        0.03350687772035599,
        0.9993302226066589,
        0.014717202633619308,
        -0.43570786714553833,
        0.02949671261012554,
        -0.015707824379205704,
        0.9994415044784546,
        7.174921035766602
    ],
    [
        0.998218297958374,
        -0.03641652688384056,
        -0.04726739972829819,
        1.285975456237793,
        0.03696071729063988,
        0.9992595314979553,
        0.010691448114812374,
        -0.4436439573764801,
        0.046843383461236954,
        -0.012419436126947403,
        0.998824954032898,
        7.392453670501709
    ],
    [
        0.9978735446929932,
        -0.03452878072857857,
        -0.05528218299150467,
        1.3021494150161743,
        0.03522156924009323,
        0.9993122220039368,
        0.011607123538851738,
        -0.4486921727657318,
        0.05484360456466675,
        -0.013529582880437374,
        0.9984032511711121,
        7.602910995483398
    ],
    [
        0.997782826423645,
        -0.02929569035768509,
        -0.05975843220949173,
        1.2958887815475464,
        0.03023206628859043,
        0.9994329810142517,
        0.014826010912656784,
        -0.45859846472740173,
        0.05929066985845566,
        -0.016599759459495544,
        0.9981026649475098,
        7.8157806396484375
    ]
]