[
    [
        0.9957292079925537,
        0.045419443398714066,
        0.08037625998258591,
        -0.053160905838012695,
        -0.04892927035689354,
        0.9979082942008972,
        0.04224961996078491,
        -0.04314941540360451,
        -0.07828918099403381,
        -0.04600192978978157,
        0.9958688020706177,
        0.3559105098247528
    ],
    [
        0.9918718934059143,
        0.0581209771335125,
        0.11319085955619812,
        -0.09250769019126892,
        -0.06399349123239517,
        0.9967488050460815,
        0.048955608159303665,
        -0.05407319962978363,
        -0.10997750610113144,
        -0.05580117180943489,
        0.9923664927482605,
        0.4630470275878906
    ],
    [
        0.9864552021026611,
        0.0704614594578743,
        0.14812646806240082,
        -0.1240505576133728,
        -0.07985636591911316,
        0.9950907230377197,
        0.05845807492733002,
        -0.0891919881105423,
        -0.14328022301197052,
        -0.06949511170387268,
        0.9872390627861023,
        0.5688667893409729
    ],
    [
        0.9793753027915955,
        0.08213815838098526,
        0.18460015952587128,
        -0.14226475358009338,
        -0.09545723348855972,
        0.9933451414108276,
        0.06444700807332993,
        -0.129207581281662,
        -0.17807811498641968,
        -0.08073922991752625,
        0.98069828748703,
        0.671522855758667
    ],
    [
        0.9712191820144653,
        0.09214021265506744,
        0.21964415907859802,
        -0.1478322148323059,
        -0.11014750599861145,
        0.9913637042045593,
        0.07117383927106857,
        -0.15112431347370148,
        -0.21118924021720886,
        -0.0933186486363411,
        0.9729803204536438,
        0.771377444267273
    ],
    [
        0.9601860046386719,
        0.102023646235466,
        0.2600657641887665,
        -0.13772903382778168,
        -0.12636078894138336,
        0.9888651371002197,
        0.07860404253005981,
        -0.15128841996192932,
        -0.24915051460266113,
        -0.10833661258220673,
        0.9623861312866211,
        0.8916549682617188
    ],
    [
        0.9508263468742371,
        0.10873964428901672,
        0.2900086045265198,
        -0.12135066092014313,
        -0.13873009383678436,
        0.9866859316825867,
        0.08488145470619202,
        -0.14851415157318115,
        -0.27691739797592163,
        -0.1209404468536377,
        0.9532524347305298,
        0.9923226237297058
    ],
    [
        0.9415708184242249,
        0.11248786747455597,
        0.3174757957458496,
        -0.10534749925136566,
        -0.14869821071624756,
        0.9845793843269348,
        0.09215404838323593,
        -0.16005247831344604,
        -0.3022138774394989,
        -0.13397765159606934,
        0.9437779784202576,
        1.100588321685791
    ],
    [
        0.9321265816688538,
        0.11605043709278107,
        0.34303417801856995,
        -0.08774200081825256,
        -0.158455491065979,
        0.9824711680412292,
        0.09819533675909042,
        -0.1917475461959839,
        -0.32562556862831116,
        -0.1458861231803894,
        0.9341762065887451,
        1.201386570930481
    ],
    [
        0.9230529069900513,
        0.11783827841281891,
        0.3661796450614929,
        -0.06940139085054398,
        -0.16716386377811432,
        0.9802206754684448,
        0.1059412956237793,
        -0.22483055293560028,
        -0.3464529812335968,
        -0.1590014100074768,
        0.9244939088821411,
        1.2965508699417114
    ],
    [
        0.9105573892593384,
        0.12063901126384735,
        0.39538776874542236,
        -0.043383803218603134,
        -0.17841024696826935,
        0.9774896502494812,
        0.11262205988168716,
        -0.25566571950912476,
        -0.3729008734226227,
        -0.17309004068374634,
        0.911583662033081,
        1.4084609746932983
    ],
    [
        0.8991776704788208,
        0.12313363701105118,
        0.419901967048645,
        -0.02217274345457554,
        -0.18865063786506653,
        0.9749186038970947,
        0.11808747798204422,
        -0.25295114517211914,
        -0.3948296904563904,
        -0.18539637327194214,
        0.8998541831970215,
        1.498244047164917
    ],
    [
        0.8855220079421997,
        0.12660831212997437,
        0.44701358675956726,
        -0.011807188391685486,
        -0.20011070370674133,
        0.9722683429718018,
        0.12103694677352905,
        -0.23601855337619781,
        -0.4192928969860077,
        -0.19663308560848236,
        0.8863005638122559,
        1.5934562683105469
    ],
    [
        0.8697487115859985,
        0.1297595053911209,
        0.47612977027893066,
        -0.004177887924015522,
        -0.21198557317256927,
        0.9694991111755371,
        0.12301789224147797,
        -0.2359629124403,
        -0.44564470648765564,
        -0.20792727172374725,
        0.8707280158996582,
        1.6912096738815308
    ],
    [
        0.8530359268188477,
        0.1311757117509842,
        0.5050966143608093,
        0.0038542316760867834,
        -0.22276632487773895,
        0.9668070673942566,
        0.12513649463653564,
        -0.2697887122631073,
        -0.47191616892814636,
        -0.2192644476890564,
        0.8539428114891052,
        1.7931030988693237
    ],
    [
        0.8300924301147461,
        0.13140897452831268,
        0.5419207811355591,
        0.020397955551743507,
        -0.23624984920024872,
        0.9631823897361755,
        0.12831851840019226,
        -0.31925371289253235,
        -0.505106508731842,
        -0.23454499244689941,
        0.8305758237838745,
        1.909415602684021
    ],
    [
        0.810253918170929,
        0.13255751132965088,
        0.5708914995193481,
        0.04726540297269821,
        -0.24717189371585846,
        0.960509181022644,
        0.12778140604496002,
        -0.3505590558052063,
        -0.5314081311225891,
        -0.24464379251003265,
        0.8110209107398987,
        1.9953895807266235
    ],
    [
        0.7905130386352539,
        0.13063034415245056,
        0.598351776599884,
        0.07643646001815796,
        -0.25691673159599304,
        0.9576005339622498,
        0.13036532700061798,
        -0.35756874084472656,
        -0.5559524297714233,
        -0.25678205490112305,
        0.7905567288398743,
        2.0795066356658936
    ],
    [
        0.7704694271087646,
        0.13026535511016846,
        0.6240254044532776,
        0.11914463341236115,
        -0.26615065336227417,
        0.9552329182624817,
        0.1292049139738083,
        -0.35533031821250916,
        -0.5792586803436279,
        -0.265633225440979,
        0.7706480622291565,
        2.1642813682556152
    ],
    [
        0.7497040629386902,
        0.12754911184310913,
        0.6493651866912842,
        0.17162708938121796,
        -0.27520349621772766,
        0.95246821641922,
        0.1306426078081131,
        -0.3593940734863281,
        -0.6018361449241638,
        -0.2766508162021637,
        0.7491711974143982,
        2.2465991973876953
    ],
    [
        0.7239168286323547,
        0.12409157305955887,
        0.6786351799964905,
        0.23311403393745422,
        -0.285714328289032,
        0.9492918252944946,
        0.13119609653949738,
        -0.38117653131484985,
        -0.6279424428939819,
        -0.2888708710670471,
        0.7226631045341492,
        2.3505513668060303
    ],
    [
        0.7019196152687073,
        0.11872141808271408,
        0.7022920846939087,
        0.28501376509666443,
        -0.2933005690574646,
        0.9467089176177979,
        0.1331052929162979,
        -0.4153445065021515,
        -0.6490637063980103,
        -0.2994118630886078,
        0.6993345618247986,
        2.4273014068603516
    ],
    [
        0.6805530190467834,
        0.11234284192323685,
        0.7240349054336548,
        0.33515414595603943,
        -0.30105718970298767,
        0.9437805414199829,
        0.13653811812400818,
        -0.44766974449157715,
        -0.6679912209510803,
        -0.3108974099159241,
        0.6761144399642944,
        2.5011672973632812
    ],
    [
        0.6598841547966003,
        0.10753537714481354,
        0.7436323761940002,
        0.381519615650177,
        -0.30787330865859985,
        0.9415045976638794,
        0.13705116510391235,
        -0.47654488682746887,
        -0.6853955388069153,
        -0.3193824887275696,
        0.6543912887573242,
        2.5728445053100586
    ],
    [
        0.6349087953567505,
        0.10189884155988693,
        0.7658377885818481,
        0.4438427686691284,
        -0.3161698877811432,
        0.9387273192405701,
        0.13721421360969543,
        -0.4899904429912567,
        -0.7049307823181152,
        -0.32925331592559814,
        0.6282234787940979,
        2.6643171310424805
    ]
]