[
    [
        0.9984749555587769,
        0.004183155484497547,
        0.05504712462425232,
        -0.059187449514865875,
        -0.003953033126890659,
        0.999983012676239,
        -0.004288689233362675,
        -0.24354010820388794,
        -0.0550641305744648,
        0.004064545501023531,
        0.9984745383262634,
        0.10011004656553268
    ],
    [
        0.9979698061943054,
        0.0047240955755114555,
        0.06351330131292343,
        -0.05202537402510643,
        -0.004393219482153654,
        0.9999760985374451,
        -0.005348209757357836,
        -0.26408055424690247,
        -0.06353703886270523,
        0.005058324430137873,
        0.9979666471481323,
        0.14248071610927582
    ],
    [
        0.9973003268241882,
        0.0020899323280900717,
        0.07340094447135925,
        -0.040178243070840836,
        -0.0016546989791095257,
        0.9999806880950928,
        -0.005989843048155308,
        -0.2906550467014313,
        -0.07341204583644867,
        0.005852215923368931,
        0.9972845315933228,
        0.19809958338737488
    ],
    [
        0.9966669678688049,
        0.0007503913366235793,
        0.08157514780759811,
        -0.03050435334444046,
        -0.0001364456838928163,
        0.9999716281890869,
        -0.007531457580626011,
        -0.31135094165802,
        -0.08157847821712494,
        0.007495224475860596,
        0.9966386556625366,
        0.2547268867492676
    ],
    [
        0.9962047338485718,
        3.789097172557376e-05,
        0.08703980594873428,
        -0.019738856703042984,
        0.0007164328708313406,
        0.9999624490737915,
        -0.008635169826447964,
        -0.33100882172584534,
        -0.0870368629693985,
        0.008664757013320923,
        0.9961674809455872,
        0.317294716835022
    ],
    [
        0.9960229396820068,
        -0.00036208939854986966,
        0.08909712731838226,
        -0.007181978318840265,
        0.001291594817303121,
        0.9999454021453857,
        -0.010375069454312325,
        -0.34495383501052856,
        -0.08908849209547043,
        0.010448883287608624,
        0.9959689378738403,
        0.37899038195610046
    ],
    [
        0.9961143732070923,
        0.00019329877977725118,
        0.08806850761175156,
        0.003860573749989271,
        0.000902854953892529,
        0.9999226927757263,
        -0.012406601570546627,
        -0.3558279871940613,
        -0.08806408941745758,
        0.012437907047569752,
        0.9960371851921082,
        0.44153106212615967
    ],
    [
        0.9964197874069214,
        0.0018633409636095166,
        0.08452309668064117,
        0.009988855570554733,
        -0.0005935339140705764,
        0.9998866319656372,
        -0.015045826323330402,
        -0.3619094789028168,
        -0.08454155176877975,
        0.014941790141165257,
        0.9963079690933228,
        0.5087151527404785
    ],
    [
        0.996896505355835,
        0.005816265940666199,
        0.07850801944732666,
        0.01319209486246109,
        -0.004473930224776268,
        0.9998409748077393,
        -0.01726313680410385,
        -0.3687121570110321,
        -0.07859592884778976,
        0.01685832254588604,
        0.9967639446258545,
        0.5763751864433289
    ],
    [
        0.9973396062850952,
        0.009854227304458618,
        0.07222739607095718,
        0.014070466160774231,
        -0.008560935035347939,
        0.9997978806495667,
        -0.01819358952343464,
        -0.37685081362724304,
        -0.07239208370447159,
        0.01752685382962227,
        0.9972221851348877,
        0.6297913193702698
    ],
    [
        0.9980118870735168,
        0.01436015497893095,
        0.06136748567223549,
        0.014999104663729668,
        -0.01326321717351675,
        0.9997456073760986,
        -0.01824505254626274,
        -0.3890758454799652,
        -0.06161387264728546,
        0.01739485003054142,
        0.9979484677314758,
        0.6989179849624634
    ],
    [
        0.9986478090286255,
        0.019645780324935913,
        0.048130810260772705,
        0.013385690748691559,
        -0.018776601180434227,
        0.9996534585952759,
        -0.018444838002324104,
        -0.39650535583496094,
        -0.04847649484872818,
        0.017516164109110832,
        0.9986708164215088,
        0.7687016129493713
    ],
    [
        0.9991534352302551,
        0.02490999363362789,
        0.03274289518594742,
        0.008018117398023605,
        -0.024319687858223915,
        0.9995366334915161,
        -0.018304813653230667,
        -0.39989912509918213,
        -0.03318369761109352,
        0.01749301888048649,
        0.9992961883544922,
        0.8384039402008057
    ],
    [
        0.9994761943817139,
        0.028814248740673065,
        0.014729934744536877,
        0.0025596036575734615,
        -0.0285616647452116,
        0.9994460940361023,
        -0.017079699784517288,
        -0.4023808240890503,
        -0.015213913284242153,
        0.016650043427944183,
        0.9997456669807434,
        0.9105430841445923
    ],
    [
        0.9994412660598755,
        0.033095039427280426,
        -0.004677025135606527,
        -0.0056063286028802395,
        -0.03316134586930275,
        0.9993390440940857,
        -0.01489291526377201,
        -0.40541872382164,
        0.004181052558124065,
        0.015039690770208836,
        0.9998781681060791,
        0.9808918237686157
    ],
    [
        0.9990363121032715,
        0.036383356899023056,
        -0.02455013431608677,
        -0.017073312774300575,
        -0.036684904247522354,
        0.9992554783821106,
        -0.011946192942559719,
        -0.4062178432941437,
        0.02409721165895462,
        0.01283529493957758,
        0.9996272921562195,
        1.049548864364624
    ],
    [
        0.9983141422271729,
        0.03679521754384041,
        -0.044887665659189224,
        -0.025488857179880142,
        -0.03724313899874687,
        0.9992640614509583,
        -0.009183306246995926,
        -0.40027785301208496,
        0.044516727328300476,
        0.010839581489562988,
        0.9989499449729919,
        1.114227533340454
    ],
    [
        0.9976620674133301,
        0.03588934615254402,
        -0.0581570640206337,
        -0.03787289187312126,
        -0.03632620722055435,
        0.9993190169334412,
        -0.00647179177030921,
        -0.39636942744255066,
        0.05788519233465195,
        0.008569280616939068,
        0.9982864856719971,
        1.1630070209503174
    ],
    [
        0.996722400188446,
        0.033020924776792526,
        -0.07385161519050598,
        -0.05420490354299545,
        -0.03327365219593048,
        0.9994438886642456,
        -0.0021940579172223806,
        -0.3920995593070984,
        0.07373809814453125,
        0.004644176457077265,
        0.9972668886184692,
        1.2252283096313477
    ],
    [
        0.995764970779419,
        0.03074815310537815,
        -0.08664113283157349,
        -0.07042240351438522,
        -0.030542520806193352,
        0.9995266795158386,
        0.0036982991732656956,
        -0.3947914242744446,
        0.08671383559703827,
        -0.0010364002082496881,
        0.9962326884269714,
        1.2831698656082153
    ],
    [
        0.9950480461120605,
        0.02846248634159565,
        -0.09523212909698486,
        -0.09115933626890182,
        -0.02769528701901436,
        0.9995725154876709,
        0.009368456900119781,
        -0.3980598747730255,
        0.09545808285474777,
        -0.0066845775581896305,
        0.9954110383987427,
        1.3382750749588013
    ],
    [
        0.9944301843643188,
        0.026484813541173935,
        -0.1020149439573288,
        -0.10685206949710846,
        -0.025126637890934944,
        0.9995779991149902,
        0.014575809240341187,
        -0.40069112181663513,
        0.10235793143510818,
        -0.01193132996559143,
        0.9946761131286621,
        1.3874914646148682
    ],
    [
        0.9940274357795715,
        0.024653518572449684,
        -0.10630960762500763,
        -0.12194272875785828,
        -0.022710373625159264,
        0.999552845954895,
        0.019450368359684944,
        -0.4029310941696167,
        0.10674159228801727,
        -0.016919875517487526,
        0.9941428899765015,
        1.4350074529647827
    ],
    [
        0.9937040209770203,
        0.02333672158420086,
        -0.10958022624254227,
        -0.13240540027618408,
        -0.020837659016251564,
        0.9994973540306091,
        0.023895958438515663,
        -0.4036900997161865,
        0.11008279025554657,
        -0.02146211266517639,
        0.9936906099319458,
        1.4795055389404297
    ],
    [
        0.9934684038162231,
        0.02229776605963707,
        -0.11190760880708694,
        -0.14106489717960358,
        -0.0192133616656065,
        0.9994072318077087,
        0.028565362095832825,
        -0.4058738052845001,
        0.11247821152210236,
        -0.02622867003083229,
        0.9933080077171326,
        1.5227025747299194
    ]
]