[
    [
        0.8771345615386963,
        0.05321718379855156,
        -0.47728702425956726,
        -0.9055746793746948,
        -0.04310077428817749,
        0.9985539317131042,
        0.03212963044643402,
        -0.15215268731117249,
        0.47830674052238464,
        -0.007610565982758999,
        0.8781599402427673,
        1.052599549293518
    ],
    [
        0.8694878220558167,
        0.05532054975628853,
        -0.4908469021320343,
        -0.9986947774887085,
        -0.04411693289875984,
        0.9984346628189087,
        0.03437900170683861,
        -0.16447201371192932,
        0.4919804036617279,
        -0.008237463422119617,
        0.870567262172699,
        1.152010202407837
    ],
    [
        0.8641903400421143,
        0.05851345881819725,
        -0.4997512400150299,
        -1.090870976448059,
        -0.04577568918466568,
        0.998239278793335,
        0.03772181272506714,
        -0.18095752596855164,
        0.5010784864425659,
        -0.009722365997731686,
        0.865347146987915,
        1.2535477876663208
    ],
    [
        0.8609817624092102,
        0.06152622774243355,
        -0.5049009323120117,
        -1.1808884143829346,
        -0.04719746112823486,
        0.9980381727218628,
        0.04113554209470749,
        -0.19579708576202393,
        0.5064412951469421,
        -0.011586903594434261,
        0.8621965646743774,
        1.3672635555267334
    ],
    [
        0.8616611361503601,
        0.0642751008272171,
        -0.5033971071243286,
        -1.2930285930633545,
        -0.048917271196842194,
        0.9978473782539368,
        0.043676506727933884,
        -0.2074809968471527,
        0.5051208734512329,
        -0.013009537011384964,
        0.8629505634307861,
        1.4857691526412964
    ],
    [
        0.8643251061439514,
        0.06610995531082153,
        -0.4985695779323578,
        -1.3919588327407837,
        -0.04946019500494003,
        0.997690737247467,
        0.046548373997211456,
        -0.22167450189590454,
        0.5004956722259521,
        -0.015573577024042606,
        0.8655989766120911,
        1.5877902507781982
    ],
    [
        0.8675037622451782,
        0.06577947735786438,
        -0.4930621385574341,
        -1.481182336807251,
        -0.04907125234603882,
        0.9976997971534729,
        0.046766262501478195,
        -0.23393642902374268,
        0.49500423669815063,
        -0.016374731436371803,
        0.8687363266944885,
        1.6991748809814453
    ],
    [
        0.8725020885467529,
        0.06790126115083694,
        -0.4838692843914032,
        -1.5683975219726562,
        -0.05135522410273552,
        0.997555673122406,
        0.04738416150212288,
        -0.24224939942359924,
        0.4859039783477783,
        -0.01649356633424759,
        0.8738564848899841,
        1.8080848455429077
    ],
    [
        0.8798724412918091,
        0.06873250007629395,
        -0.4702131748199463,
        -1.6678553819656372,
        -0.05161895975470543,
        0.9974536895751953,
        0.04921041429042816,
        -0.25705277919769287,
        0.47239822149276733,
        -0.019026968628168106,
        0.8811798095703125,
        1.9180080890655518
    ],
    [
        0.8886855244636536,
        0.06727611273527145,
        -0.45355457067489624,
        -1.7640022039413452,
        -0.050470199435949326,
        0.9975191950798035,
        0.04907254874706268,
        -0.27001550793647766,
        0.4557309150695801,
        -0.02071908675134182,
        0.8898764252662659,
        2.0109705924987793
    ],
    [
        0.90339595079422,
        0.06596121937036514,
        -0.42370370030403137,
        -1.8830509185791016,
        -0.04991666600108147,
        0.9975570440292358,
        0.04886803776025772,
        -0.2805866599082947,
        0.42589205503463745,
        -0.022997310385107994,
        0.9044815897941589,
        2.0780556201934814
    ],
    [
        0.9131044149398804,
        0.06063089892268181,
        -0.40319254994392395,
        -2.001443862915039,
        -0.04613422974944115,
        0.997894823551178,
        0.045580990612506866,
        -0.29507365822792053,
        0.40510737895965576,
        -0.023019220679998398,
        0.9139792323112488,
        2.19033145904541
    ],
    [
        0.9218029975891113,
        0.05577102303504944,
        -0.38362589478492737,
        -2.0994341373443604,
        -0.04349372163414955,
        0.9982278943061829,
        0.040611378848552704,
        -0.3023591935634613,
        0.3852110207080841,
        -0.0207503829151392,
        0.9225953817367554,
        2.338130474090576
    ],
    [
        0.9323233962059021,
        0.050034135580062866,
        -0.3581472337245941,
        -2.195762872695923,
        -0.03886384889483452,
        0.9985092878341675,
        0.0383247546851635,
        -0.31419846415519714,
        0.35953110456466675,
        -0.021812064573168755,
        0.9328781962394714,
        2.4571335315704346
    ],
    [
        0.9440745711326599,
        0.043611980974674225,
        -0.3268352746963501,
        -2.290226936340332,
        -0.033311471343040466,
        0.99875807762146,
        0.03705006465315819,
        -0.32788822054862976,
        0.3280450701713562,
        -0.024090684950351715,
        0.9443549513816833,
        2.572606325149536
    ],
    [
        0.9549005031585693,
        0.03797239437699318,
        -0.2944878041744232,
        -2.359750986099243,
        -0.02819628268480301,
        0.9989033937454224,
        0.03737373277544975,
        -0.3432130217552185,
        0.29558396339416504,
        -0.027384743094444275,
        0.9549241662025452,
        2.688429594039917
    ],
    [
        0.9692184925079346,
        0.028565730899572372,
        -0.24453993141651154,
        -2.463956832885742,
        -0.01963847689330578,
        0.9990513920783997,
        0.038867514580488205,
        -0.3597494065761566,
        0.24541808664798737,
        -0.032868724316358566,
        0.9688599109649658,
        2.777057409286499
    ],
    [
        0.9792369604110718,
        0.022092929109930992,
        -0.20151156187057495,
        -2.5286693572998047,
        -0.014770585112273693,
        0.9991772770881653,
        0.03776871785521507,
        -0.3618165850639343,
        0.2021801471710205,
        -0.03400808572769165,
        0.9787577986717224,
        2.876889944076538
    ],
    [
        0.9873567819595337,
        0.0151229128241539,
        -0.1577903926372528,
        -2.5846638679504395,
        -0.0089098010212183,
        0.999159574508667,
        0.04000895842909813,
        -0.3752882182598114,
        0.15826298296451569,
        -0.03809722885489464,
        0.9866618514060974,
        2.979041576385498
    ],
    [
        0.9936411380767822,
        0.006412731483578682,
        -0.11241066455841064,
        -2.6372785568237305,
        -0.001947529730387032,
        0.9992062449455261,
        0.03978708013892174,
        -0.3813793957233429,
        0.11257658153772354,
        -0.03931514546275139,
        0.9928649067878723,
        3.0778141021728516
    ],
    [
        0.9983479976654053,
        -0.0019373673712834716,
        -0.0574234239757061,
        -2.6973814964294434,
        0.004278823267668486,
        0.999163031578064,
        0.040680814534425735,
        -0.3945634365081787,
        0.05729653686285019,
        -0.04085931554436684,
        0.9975207448005676,
        3.2007265090942383
    ],
    [
        0.9999343752861023,
        -0.009272080846130848,
        -0.0067349583841860294,
        -2.7487261295318604,
        0.00956414733082056,
        0.9989542365074158,
        0.04471006616950035,
        -0.41335025429725647,
        0.0063134473748505116,
        -0.044771548360586166,
        0.9989773035049438,
        3.3091607093811035
    ],
    [
        0.9985507130622864,
        -0.019514789804816246,
        0.05015565827488899,
        -2.815335273742676,
        0.017228957265615463,
        0.9988106489181519,
        0.04560985788702965,
        -0.42372751235961914,
        -0.05098607391119003,
        -0.044679634273052216,
        0.9976994395256042,
        3.4174883365631104
    ],
    [
        0.9938390254974365,
        -0.025811921805143356,
        0.10778520256280899,
        -2.876051425933838,
        0.020475635305047035,
        0.9985229969024658,
        0.05032501742243767,
        -0.4366382360458374,
        -0.10892491042613983,
        -0.047807998955249786,
        0.9928997159004211,
        3.523040294647217
    ],
    [
        0.9857228398323059,
        -0.030896222218871117,
        0.16551752388477325,
        -2.913884401321411,
        0.021982336416840553,
        0.9982211589813232,
        0.0554187037050724,
        -0.44582438468933105,
        -0.16693536937236786,
        -0.050989024341106415,
        0.9846485257148743,
        3.6431643962860107
    ]
]