[
    [
        0.99601149559021,
        0.0038521818351000547,
        -0.08914104849100113,
        -0.17772847414016724,
        -0.004034106619656086,
        0.9999901652336121,
        -0.0018607941456139088,
        0.010697131045162678,
        0.08913299441337585,
        0.0022129768040031195,
        0.9960172772407532,
        0.15029621124267578
    ],
    [
        0.9917140603065491,
        0.006411169655621052,
        -0.12830527126789093,
        -0.22816219925880432,
        -0.006673462223261595,
        0.9999764561653137,
        -0.0016144901746883988,
        0.028350478038191795,
        0.12829190492630005,
        0.00245735258795321,
        0.9917333126068115,
        0.21711528301239014
    ],
    [
        0.9870818853378296,
        0.009918512776494026,
        -0.1599096804857254,
        -0.28637418150901794,
        -0.010127830319106579,
        0.9999486207962036,
        -0.0004939942737109959,
        0.04253944009542465,
        0.15989656746387482,
        0.002107151784002781,
        0.9871314764022827,
        0.32307612895965576
    ],
    [
        0.9833338260650635,
        0.013074059970676899,
        -0.18133865296840668,
        -0.35758477449417114,
        -0.013384848833084106,
        0.9999103546142578,
        -0.0004901723004877567,
        0.04422803595662117,
        0.18131597340106964,
        0.0029091928154230118,
        0.9834205508232117,
        0.4652678370475769
    ],
    [
        0.9816989898681641,
        0.015093965455889702,
        -0.1898399293422699,
        -0.43426504731178284,
        -0.015282323583960533,
        0.9998830556869507,
        0.00047175632789731026,
        0.043523311614990234,
        0.18982486426830292,
        0.002438073279336095,
        0.9818149209022522,
        0.6107818484306335
    ],
    [
        0.980650007724762,
        0.016789909452199936,
        -0.19504770636558533,
        -0.5033823847770691,
        -0.01669713482260704,
        0.9998583197593689,
        0.0021199120674282312,
        0.04409582540392876,
        0.19505566358566284,
        0.0011778463376685977,
        0.9807915091514587,
        0.7503262758255005
    ],
    [
        0.9800174236297607,
        0.01664227806031704,
        -0.19821427762508392,
        -0.5401081442832947,
        -0.016963083297014236,
        0.9998561143875122,
        7.954658212838694e-05,
        0.032563962042331696,
        0.19818706810474396,
        0.0032843672670423985,
        0.9801586866378784,
        0.8600455522537231
    ],
    [
        0.9795032739639282,
        0.01712981052696705,
        -0.200698584318161,
        -0.5608546733856201,
        -0.017477301880717278,
        0.9998472929000854,
        4.046102912980132e-05,
        0.016143737360835075,
        0.200668603181839,
        0.00346803804859519,
        0.979653000831604,
        0.9623720645904541
    ],
    [
        0.9787582159042358,
        0.018301645293831825,
        -0.2041994333267212,
        -0.5933789014816284,
        -0.018423816189169884,
        0.9998294711112976,
        0.0013029370456933975,
        0.0030803680419921875,
        0.20418843626976013,
        0.002486873185262084,
        0.9789283871650696,
        1.0953898429870605
    ],
    [
        0.9779370427131653,
        0.020093875005841255,
        -0.20793113112449646,
        -0.6507701277732849,
        -0.01981239952147007,
        0.9997978210449219,
        0.0034363847225904465,
        -0.02583986707031727,
        0.2079581618309021,
        0.0007590469904243946,
        0.9781373739242554,
        1.268006682395935
    ],
    [
        0.9768799543380737,
        0.020971791818737984,
        -0.2127574384212494,
        -0.7136436104774475,
        -0.02072053588926792,
        0.999779462814331,
        0.003410888370126486,
        -0.05165327712893486,
        0.21278204023838043,
        0.0010764200706034899,
        0.9770990014076233,
        1.4348149299621582
    ],
    [
        0.9755286574363708,
        0.022138528525829315,
        -0.21875490248203278,
        -0.7531898021697998,
        -0.022030360996723175,
        0.9997529983520508,
        0.002933930139988661,
        -0.06735774874687195,
        0.21876582503318787,
        0.0019571175798773766,
        0.975775420665741,
        1.5719830989837646
    ],
    [
        0.9734618663787842,
        0.02283855900168419,
        -0.22770671546459198,
        -0.7877618670463562,
        -0.022863980382680893,
        0.999735414981842,
        0.002526507480069995,
        -0.08586625754833221,
        0.22770416736602783,
        0.0027468237094581127,
        0.9737263917922974,
        1.7459138631820679
    ],
    [
        0.9697732925415039,
        0.02407289296388626,
        -0.2428174763917923,
        -0.8110178112983704,
        -0.02391151897609234,
        0.9997075796127319,
        0.0036121744196861982,
        -0.11835674196481705,
        0.24283342063426971,
        0.002303145360201597,
        0.9700652360916138,
        1.937480092048645
    ],
    [
        0.9645476341247559,
        0.02692423015832901,
        -0.262531578540802,
        -0.8343899846076965,
        -0.026546267792582512,
        0.9996350407600403,
        0.004987080115824938,
        -0.16328468918800354,
        0.26257002353668213,
        0.002158954506739974,
        0.9649105668067932,
        2.1156063079833984
    ],
    [
        0.9559983015060425,
        0.034615445882081985,
        -0.2913229763507843,
        -0.8602137565612793,
        -0.030296362936496735,
        0.9993541240692139,
        0.019325019791722298,
        -0.210139200091362,
        0.2918038070201874,
        -0.009648661129176617,
        0.9564295411109924,
        2.281235933303833
    ],
    [
        0.9469830393791199,
        0.04588068276643753,
        -0.31799083948135376,
        -0.9095174074172974,
        -0.03404391556978226,
        0.9985083937644958,
        0.04268437623977661,
        -0.26448360085487366,
        0.3194749057292938,
        -0.02959573082625866,
        0.9471324682235718,
        2.435818672180176
    ],
    [
        0.9360525608062744,
        0.0613049641251564,
        -0.3464784622192383,
        -0.9824256896972656,
        -0.03827117756009102,
        0.9966015815734863,
        0.0729418694972992,
        -0.33755597472190857,
        0.34977269172668457,
        -0.05501728877425194,
        0.9352176785469055,
        2.6058151721954346
    ],
    [
        0.9214169979095459,
        0.07670605927705765,
        -0.38092881441116333,
        -1.0530632734298706,
        -0.0422293059527874,
        0.9942833781242371,
        0.09806755185127258,
        -0.4113072156906128,
        0.386273592710495,
        -0.07427476346492767,
        0.9193888902664185,
        2.7506749629974365
    ],
    [
        0.9041630029678345,
        0.09354144334793091,
        -0.4168204963207245,
        -1.1163382530212402,
        -0.04682958498597145,
        0.9915546774864197,
        0.12093906104564667,
        -0.46828943490982056,
        0.42461317777633667,
        -0.08982906490564346,
        0.9009076356887817,
        2.8534762859344482
    ],
    [
        0.884482741355896,
        0.11780708283185959,
        -0.4514552354812622,
        -1.1756247282028198,
        -0.051305871456861496,
        0.9862882494926453,
        0.156854048371315,
        -0.5186731815338135,
        0.46374353766441345,
        -0.11557237803936005,
        0.8783990740776062,
        2.983351469039917
    ],
    [
        0.8614327907562256,
        0.14497576653957367,
        -0.48673972487449646,
        -1.20966637134552,
        -0.055737219750881195,
        0.9795892834663391,
        0.1931276172399521,
        -0.5705180168151855,
        0.5048038959503174,
        -0.13923683762550354,
        0.8519308567047119,
        3.128962516784668
    ],
    [
        0.8313637375831604,
        0.1714136302471161,
        -0.5286319255828857,
        -1.226354718208313,
        -0.060565363615751266,
        0.9735220074653625,
        0.22042380273342133,
        -0.619171679019928,
        0.5524184703826904,
        -0.1512356847524643,
        0.819732666015625,
        3.2756547927856445
    ],
    [
        0.7913542985916138,
        0.20108775794506073,
        -0.5773404240608215,
        -1.2472251653671265,
        -0.0670776516199112,
        0.9672154188156128,
        0.24493876099586487,
        -0.6513813734054565,
        0.6076668500900269,
        -0.15510664880275726,
        0.7788985371589661,
        3.3816616535186768
    ],
    [
        0.7490451335906982,
        0.23008130490779877,
        -0.6212842464447021,
        -1.2695420980453491,
        -0.07216483354568481,
        0.9605154991149902,
        0.26870450377464294,
        -0.6691144108772278,
        0.6585770845413208,
        -0.15643703937530518,
        0.7360731959342957,
        3.4591031074523926
    ]
]