[
    [
        0.9998194575309753,
        0.013617382384836674,
        -0.013247624970972538,
        0.13470906019210815,
        -0.013523325324058533,
        0.9998828768730164,
        0.007163756061345339,
        0.0023498283699154854,
        0.013343625701963902,
        -0.006983311381191015,
        0.9998865127563477,
        0.031919967383146286
    ],
    [
        0.9999187588691711,
        0.011038006283342838,
        -0.006392671726644039,
        0.1298067271709442,
        -0.010986854322254658,
        0.9999077916145325,
        0.007982004433870316,
        0.0015574332792311907,
        0.006480187177658081,
        -0.007911120541393757,
        0.9999476671218872,
        0.03190738335251808
    ],
    [
        0.9999583959579468,
        0.009128781035542488,
        -0.00015674407768528908,
        0.12490971386432648,
        -0.009127233177423477,
        0.9999263286590576,
        0.008008790202438831,
        0.0006678616628050804,
        0.00022984296083450317,
        -0.00800702627748251,
        0.9999679327011108,
        0.031946539878845215
    ],
    [
        0.9999567866325378,
        0.006933979690074921,
        0.0061988504603505135,
        0.11942179501056671,
        -0.006979305762797594,
        0.9999488592147827,
        0.0073204259388148785,
        -0.0006543307099491358,
        -0.006147774402052164,
        -0.007363372482359409,
        0.9999539852142334,
        0.03193877637386322
    ],
    [
        0.9999160766601562,
        0.003942309413105249,
        0.012342135421931744,
        0.11432677507400513,
        -0.004035189747810364,
        0.9999637603759766,
        0.007509773131459951,
        -0.0012139144819229841,
        -0.012312081642448902,
        -0.007558944635093212,
        0.9998956918716431,
        0.03221071884036064
    ],
    [
        0.9998335242271423,
        3.577178358682431e-05,
        0.018242457881569862,
        0.10995323956012726,
        -0.00018386825104244053,
        0.999967098236084,
        0.008116605691611767,
        -0.001748176640830934,
        -0.01824156753718853,
        -0.00811860803514719,
        0.9998007416725159,
        0.03253454715013504
    ],
    [
        0.9996971487998962,
        -0.005051422398537397,
        0.024085141718387604,
        0.10541407763957977,
        0.004860326182097197,
        0.9999563694000244,
        0.007986124604940414,
        -0.002778152469545603,
        -0.024124430492520332,
        -0.007866643369197845,
        0.9996780157089233,
        0.033024415373802185
    ],
    [
        0.9994628429412842,
        -0.010618437081575394,
        0.03100089356303215,
        0.10133625566959381,
        0.01040290854871273,
        0.9999205470085144,
        0.007105438504368067,
        -0.0029103360138833523,
        -0.031073881313204765,
        -0.006779124028980732,
        0.999494194984436,
        0.03369207680225372
    ],
    [
        0.9989107251167297,
        -0.01820947788655758,
        0.04296020790934563,
        0.09403485059738159,
        0.017980430275201797,
        0.9998219609260559,
        0.005712039768695831,
        -0.004205726552754641,
        -0.04305657371878624,
        -0.004933374933898449,
        0.9990604519844055,
        0.03454149141907692
    ],
    [
        0.9984418749809265,
        -0.021564040333032608,
        0.05146555230021477,
        0.09026859700679779,
        0.021327923983335495,
        0.999759316444397,
        0.005132661666721106,
        -0.004808718804270029,
        -0.051563847810029984,
        -0.004027011338621378,
        0.9986615180969238,
        0.035178255289793015
    ],
    [
        0.997888445854187,
        -0.023498449474573135,
        0.06055102497339249,
        0.0855078175663948,
        0.02326921746134758,
        0.9997190833091736,
        0.004488226026296616,
        -0.005320357624441385,
        -0.06063948571681976,
        -0.003069773782044649,
        0.9981550574302673,
        0.035949498414993286
    ],
    [
        0.9972581267356873,
        -0.024678530171513557,
        0.06976556032896042,
        0.08037509769201279,
        0.02442859299480915,
        0.9996917247772217,
        0.004433602560311556,
        -0.005270154681056738,
        -0.06985346227884293,
        -0.0027171720284968615,
        0.9975535273551941,
        0.03682375326752663
    ],
    [
        0.9965329170227051,
        -0.026628507301211357,
        0.07882372289896011,
        0.07480667531490326,
        0.026333574205636978,
        0.9996417760848999,
        0.004778948146849871,
        -0.005129600875079632,
        -0.07892274856567383,
        -0.0026866698171943426,
        0.9968771934509277,
        0.03785375505685806
    ],
    [
        0.9958330988883972,
        -0.029192710295319557,
        0.08639592677354813,
        0.07014790922403336,
        0.028852928429841995,
        0.9995703101158142,
        0.005179205909371376,
        -0.004753281362354755,
        -0.08651000261306763,
        -0.0026648486964404583,
        0.9962473511695862,
        0.03870796412229538
    ],
    [
        0.9950737953186035,
        -0.032925110310316086,
        0.093510203063488,
        0.0646805539727211,
        0.03260781243443489,
        0.9994561672210693,
        0.004919556435197592,
        -0.0047643836587667465,
        -0.09362132102251053,
        -0.0018461592262610793,
        0.9956061244010925,
        0.039334967732429504
    ],
    [
        0.9942132830619812,
        -0.03632209077477455,
        0.10109787434339523,
        0.05898880586028099,
        0.03608790412545204,
        0.9993400573730469,
        0.004144950304180384,
        -0.005672942381352186,
        -0.10118169337511063,
        -0.00047255356912501156,
        0.9948678016662598,
        0.03993777185678482
    ],
    [
        0.9927911758422852,
        -0.04093429446220398,
        0.11265061050653458,
        0.050039321184158325,
        0.040905073285102844,
        0.9991596341133118,
        0.0025716715026646852,
        -0.005570527166128159,
        -0.112661212682724,
        0.0020548494067043066,
        0.9936313033103943,
        0.04055966064333916
    ],
    [
        0.9920058250427246,
        -0.042896028608083725,
        0.1186768040060997,
        0.04385323077440262,
        0.043038204312324524,
        0.9990725517272949,
        0.0013657259987667203,
        -0.004901846870779991,
        -0.11862531304359436,
        0.0037528295069932938,
        0.9929319620132446,
        0.040733709931373596
    ],
    [
        0.991271436214447,
        -0.043977364897727966,
        0.12428556382656097,
        0.0372057780623436,
        0.044117581099271774,
        0.9990249872207642,
        0.0016252011992037296,
        -0.004057870712131262,
        -0.1242358535528183,
        0.003872164059430361,
        0.9922452569007874,
        0.04101879894733429
    ],
    [
        0.9905791878700256,
        -0.044439420104026794,
        0.12952977418899536,
        0.029438575729727745,
        0.04464152082800865,
        0.99900221824646,
        0.001344190794043243,
        -0.0035877665504813194,
        -0.12946026027202606,
        0.004450878128409386,
        0.9915745854377747,
        0.04127303138375282
    ],
    [
        0.990028977394104,
        -0.04471370950341225,
        0.1335786134004593,
        0.02155381441116333,
        0.044964708387851715,
        0.9989879727363586,
        0.0011386055266484618,
        -0.0032200480345636606,
        -0.1334943324327469,
        0.00487907137721777,
        0.9910374879837036,
        0.04168437793850899
    ],
    [
        0.9894123673439026,
        -0.04560726881027222,
        0.13777895271778107,
        0.013531137257814407,
        0.04585130140185356,
        0.998947262763977,
        0.0014037537621334195,
        -0.002415571128949523,
        -0.13769792020320892,
        0.0049284533597528934,
        0.9904620051383972,
        0.042077407240867615
    ],
    [
        0.9886459708213806,
        -0.04845697805285454,
        0.1422358751296997,
        0.0054570394568145275,
        0.048651471734046936,
        0.9988135695457458,
        0.0021120249293744564,
        -0.0018265338148921728,
        -0.14216946065425873,
        0.004831939470022917,
        0.9898304343223572,
        0.04253558814525604
    ],
    [
        0.9877135157585144,
        -0.052290622144937515,
        0.1472671627998352,
        -0.0022635546047240496,
        0.05218971148133278,
        0.998626708984375,
        0.004551807884126902,
        -0.002167957369238138,
        -0.14730297029018402,
        0.0031899483874440193,
        0.9890862703323364,
        0.043282490223646164
    ],
    [
        0.9859824180603027,
        -0.05638258159160614,
        0.15703408420085907,
        -0.013769564218819141,
        0.05615801364183426,
        0.9984046220779419,
        0.005870177410542965,
        -0.002597335958853364,
        -0.15711455047130585,
        0.0030308314599096775,
        0.9875757694244385,
        0.04426531121134758
    ]
]