[
    [
        0.9750609397888184,
        -0.03335912898182869,
        0.21941597759723663,
        0.15267764031887054,
        0.044993117451667786,
        0.9978218078613281,
        -0.04823968559503555,
        -0.0794808566570282,
        -0.21732883155345917,
        0.05690884590148926,
        0.974437952041626,
        0.05653756484389305
    ],
    [
        0.9738689661026001,
        -0.03427523002028465,
        0.22450940310955048,
        0.155052050948143,
        0.04637036472558975,
        0.9977304339408875,
        -0.04882297292351723,
        -0.08150171488523483,
        -0.22232645750045776,
        0.057957760989665985,
        0.9732480645179749,
        0.05658506974577904
    ],
    [
        0.9726573824882507,
        -0.0352153442800045,
        0.22955921292304993,
        0.1578887403011322,
        0.047726601362228394,
        0.9976491928100586,
        -0.04917716607451439,
        -0.08380317687988281,
        -0.22728776931762695,
        0.05878861993551254,
        0.9720515012741089,
        0.05631227046251297
    ],
    [
        0.9714491963386536,
        -0.03603963181376457,
        0.23449428379535675,
        0.16114073991775513,
        0.04900667443871498,
        0.9975608587265015,
        -0.04970595985651016,
        -0.08587834984064102,
        -0.23213094472885132,
        0.0597786009311676,
        0.9708458185195923,
        0.05632004514336586
    ],
    [
        0.9701443910598755,
        -0.03699406608939171,
        0.23968997597694397,
        0.16392086446285248,
        0.050391197204589844,
        0.9974769353866577,
        -0.05000632628798485,
        -0.08839752525091171,
        -0.23723526298999786,
        0.060591623187065125,
        0.9695608019828796,
        0.05631142482161522
    ],
    [
        0.9688193202018738,
        -0.03793635219335556,
        0.24484683573246002,
        0.167032852768898,
        0.05177363380789757,
        0.9973899722099304,
        -0.0503251738846302,
        -0.09106728434562683,
        -0.24229858815670013,
        0.0614326149225235,
        0.968254804611206,
        0.05624643713235855
    ],
    [
        0.967366635799408,
        -0.03883844614028931,
        0.2503863573074341,
        0.16957181692123413,
        0.053180187940597534,
        0.9972936511039734,
        -0.05076715722680092,
        -0.09315700083971024,
        -0.24773700535297394,
        0.06242604926228523,
        0.9668141007423401,
        0.05671042203903198
    ],
    [
        0.9658989906311035,
        -0.039766576141119,
        0.2558470368385315,
        0.1730356067419052,
        0.05457806959748268,
        0.9972035884857178,
        -0.051052141934633255,
        -0.09574783593416214,
        -0.2531014382839203,
        0.06327484548091888,
        0.9653682708740234,
        0.05789930000901222
    ],
    [
        0.9643219113349915,
        -0.04084485024213791,
        0.26156261563301086,
        0.1762145608663559,
        0.056089870631694794,
        0.9971181154251099,
        -0.05108358711004257,
        -0.09881588816642761,
        -0.2587222754955292,
        0.06393203139305115,
        0.9638336896896362,
        0.05941791459918022
    ],
    [
        0.9626385569572449,
        -0.04188387840986252,
        0.2675307095050812,
        0.17894089221954346,
        0.05760600417852402,
        0.9970262050628662,
        -0.051188282668590546,
        -0.10186479985713959,
        -0.26459118723869324,
        0.06468718498945236,
        0.9621886610984802,
        0.060507986694574356
    ],
    [
        0.9609987735748291,
        -0.04302077367901802,
        0.273186057806015,
        0.18255379796028137,
        0.0591672919690609,
        0.9969372749328613,
        -0.05113980919122696,
        -0.10491087287664413,
        -0.27014926075935364,
        0.06530896574258804,
        0.9606009125709534,
        0.061153482645750046
    ],
    [
        0.9592900276184082,
        -0.044286951422691345,
        0.27892884612083435,
        0.1866956651210785,
        0.06087831035256386,
        0.9968364238739014,
        -0.051099490374326706,
        -0.10788328945636749,
        -0.27578333020210266,
        0.06599995493888855,
        0.9589513540267944,
        0.06328105926513672
    ],
    [
        0.9574296474456787,
        -0.04569747671484947,
        0.285026878118515,
        0.19014401733875275,
        0.06279101222753525,
        0.9967166185379028,
        -0.051119886338710785,
        -0.11058536171913147,
        -0.2817549705505371,
        0.06684082001447678,
        0.9571553468704224,
        0.0649469643831253
    ],
    [
        0.9555285573005676,
        -0.04700972139835358,
        0.2911275625228882,
        0.19404156506061554,
        0.06458545476198196,
        0.9966053366661072,
        -0.05105357617139816,
        -0.1132073849439621,
        -0.28773927688598633,
        0.06758575886487961,
        0.9553210139274597,
        0.06733302026987076
    ],
    [
        0.9534784555435181,
        -0.048542045056819916,
        0.29752740263938904,
        0.197824627161026,
        0.06658847630023956,
        0.996485710144043,
        -0.05081625282764435,
        -0.11617714166641235,
        -0.2940150499343872,
        0.06826410442590714,
        0.9533600211143494,
        0.06991753727197647
    ],
    [
        0.9513739943504333,
        -0.05023186653852463,
        0.30391472578048706,
        0.20203888416290283,
        0.06879138201475143,
        0.9963436722755432,
        -0.05066598951816559,
        -0.1188424602150917,
        -0.30025842785835266,
        0.06910902261734009,
        0.9513510465621948,
        0.07253845036029816
    ],
    [
        0.9492812156677246,
        -0.05197952315211296,
        0.3101019859313965,
        0.206856369972229,
        0.07098063826560974,
        0.9962085485458374,
        -0.05030002444982529,
        -0.12191393971443176,
        -0.306311696767807,
        0.06976009905338287,
        0.9493717551231384,
        0.07534738630056381
    ],
    [
        0.9469828605651855,
        -0.053525254130363464,
        0.31679412722587585,
        0.21061670780181885,
        0.07300349324941635,
        0.9960811138153076,
        -0.04993009194731712,
        -0.1250346153974533,
        -0.31288012862205505,
        0.07041002810001373,
        0.9471791386604309,
        0.07796312868595123
    ],
    [
        0.9446257948875427,
        -0.055261269211769104,
        0.32346293330192566,
        0.21493524312973022,
        0.07528576999902725,
        0.9959219694137573,
        -0.049715057015419006,
        -0.12751556932926178,
        -0.319396436214447,
        0.07131428271532059,
        0.9449340105056763,
        0.08153421431779861
    ],
    [
        0.9422284960746765,
        -0.056800685822963715,
        0.3301202058792114,
        0.21933642029762268,
        0.077324278652668,
        0.9957832098007202,
        -0.049363717436790466,
        -0.13015116751194,
        -0.32592421770095825,
        0.0720381960272789,
        0.9426472187042236,
        0.08507335186004639
    ],
    [
        0.9397085309028625,
        -0.058366768062114716,
        0.3369585871696472,
        0.22331033647060394,
        0.07938838005065918,
        0.9956418871879578,
        -0.04893641546368599,
        -0.13338063657283783,
        -0.3326338231563568,
        0.07273656129837036,
        0.9402468800544739,
        0.08879338949918747
    ],
    [
        0.9371528029441833,
        -0.06021632254123688,
        0.34368398785591125,
        0.22777658700942993,
        0.08178385347127914,
        0.9954647421836853,
        -0.04859329015016556,
        -0.13612903654575348,
        -0.3391992151737213,
        0.0736471489071846,
        0.9378271698951721,
        0.09258406609296799
    ],
    [
        0.9344000220298767,
        -0.06209982931613922,
        0.3507707417011261,
        0.23141269385814667,
        0.08415515720844269,
        0.9952972531318665,
        -0.04797091335058212,
        -0.13924086093902588,
        -0.3461421728134155,
        0.07434319704771042,
        0.9352319836616516,
        0.09662679582834244
    ],
    [
        0.9316620230674744,
        -0.0636531338095665,
        0.3577069044113159,
        0.23549813032150269,
        0.08625613898038864,
        0.9951364398002625,
        -0.047575294971466064,
        -0.14219310879707336,
        -0.35293883085250854,
        0.07517851144075394,
        0.9326213002204895,
        0.1010051965713501
    ],
    [
        0.9288414716720581,
        -0.06575474888086319,
        0.3645954430103302,
        0.24009095132350922,
        0.08893510699272156,
        0.9949214458465576,
        -0.04713665321469307,
        -0.1451573222875595,
        -0.3596443235874176,
        0.07620780915021896,
        0.929972231388092,
        0.10668498277664185
    ],
    [
        0.9258674383163452,
        -0.06740519404411316,
        0.3717874586582184,
        0.24374733865261078,
        0.09116558730602264,
        0.994740903377533,
        -0.04668409377336502,
        -0.1484362632036209,
        -0.3666854500770569,
        0.07711751759052277,
        0.9271432757377625,
        0.11237271875143051
    ],
    [
        0.9227906465530396,
        -0.06950266659259796,
        0.37898150086402893,
        0.24759618937969208,
        0.09379097819328308,
        0.9945294260978699,
        -0.045983754098415375,
        -0.15187673270702362,
        -0.3737122118473053,
        0.07797841727733612,
        0.9242611527442932,
        0.11867814511060715
    ],
    [
        0.9196350574493408,
        -0.07128002494573593,
        0.38625195622444153,
        0.2516079843044281,
        0.09616472572088242,
        0.9943265914916992,
        -0.04546469822525978,
        -0.15511047840118408,
        -0.3808198571205139,
        0.07895473390817642,
        0.9212720990180969,
        0.12463445216417313
    ],
    [
        0.9164204597473145,
        -0.07309477031230927,
        0.39348527789115906,
        0.25557741522789,
        0.09857722371816635,
        0.9941152334213257,
        -0.044915445148944855,
        -0.15830376744270325,
        -0.38788658380508423,
        0.07995011657476425,
        0.9182330369949341,
        0.13125856220722198
    ],
    [
        0.9130902290344238,
        -0.0747772678732872,
        0.40084242820739746,
        0.2591615319252014,
        0.10084419697523117,
        0.9939154386520386,
        -0.04430060461163521,
        -0.1620204597711563,
        -0.395090788602829,
        0.08087308704853058,
        0.915075421333313,
        0.13732241094112396
    ],
    [
        0.9098268747329712,
        -0.07662197202444077,
        0.4078531265258789,
        0.2638711631298065,
        0.10315385460853577,
        0.9937169551849365,
        -0.04342641308903694,
        -0.16617093980312347,
        -0.40196311473846436,
        0.08158213645219803,
        0.9120143055915833,
        0.14385785162448883
    ],
    [
        0.9062715172767639,
        -0.07794184982776642,
        0.4154479205608368,
        0.2670932710170746,
        0.10514477640390396,
        0.9935281872749329,
        -0.042971234768629074,
        -0.16951066255569458,
        -0.40940991044044495,
        0.08262578397989273,
        0.9086014032363892,
        0.15052099525928497
    ],
    [
        0.9026879072189331,
        -0.07932904362678528,
        0.42292019724845886,
        0.2707659602165222,
        0.10715077072381973,
        0.9933391809463501,
        -0.04237927123904228,
        -0.17327536642551422,
        -0.4167413115501404,
        0.08357147872447968,
        0.9051753878593445,
        0.15731815993785858
    ],
    [
        0.8990504145622253,
        -0.08105869591236115,
        0.430276483297348,
        0.2751657962799072,
        0.10953661054372787,
        0.9931040406227112,
        -0.041785258799791336,
        -0.17660538852214813,
        -0.42392224073410034,
        0.08469808101654053,
        0.9017294645309448,
        0.1648569405078888
    ],
    [
        0.8952818512916565,
        -0.08232513815164566,
        0.43782761693000793,
        0.2790536880493164,
        0.11147727072238922,
        0.9929103255271912,
        -0.04125389829277992,
        -0.18041272461414337,
        -0.43132737278938293,
        0.08574169129133224,
        0.8981119394302368,
        0.1720947027206421
    ],
    [
        0.8914676904678345,
        -0.08415748178958893,
        0.44519975781440735,
        0.28380581736564636,
        0.11400960385799408,
        0.992647647857666,
        -0.040649473667144775,
        -0.1837671846151352,
        -0.4385055601596832,
        0.08699474483728409,
        0.8945081233978271,
        0.1790795475244522
    ],
    [
        0.8876147866249084,
        -0.08514914661645889,
        0.4526473581790924,
        0.28779053688049316,
        0.11570186167955399,
        0.9924707412719727,
        -0.04018730670213699,
        -0.1872749775648117,
        -0.445817232131958,
        0.08804299682378769,
        0.8907836079597473,
        0.1855613738298416
    ],
    [
        0.8836947679519653,
        -0.0864681676030159,
        0.46000736951828003,
        0.2919243574142456,
        0.11775035411119461,
        0.9922498464584351,
        -0.039689257740974426,
        -0.1905461996793747,
        -0.4530104100704193,
        0.0892392173409462,
        0.8870276212692261,
        0.1927867978811264
    ],
    [
        0.8797646760940552,
        -0.08743330091238022,
        0.46730029582977295,
        0.2958661913871765,
        0.11955086886882782,
        0.9920436143875122,
        -0.03945853188633919,
        -0.1933208853006363,
        -0.46013227105140686,
        0.09058036655187607,
        0.8832176923751831,
        0.19944988191127777
    ],
    [
        0.8759721517562866,
        -0.08866884559392929,
        0.4741419553756714,
        0.30071866512298584,
        0.12142741680145264,
        0.991839587688446,
        -0.03885284438729286,
        -0.19662418961524963,
        -0.46682778000831604,
        0.09160784631967545,
        0.8795907497406006,
        0.20415277779102325
    ],
    [
        0.8720580339431763,
        -0.08974631875753403,
        0.4811033010482788,
        0.3050471842288971,
        0.12321308255195618,
        0.9916387796401978,
        -0.03835565224289894,
        -0.19953112304210663,
        -0.4736383855342865,
        0.09272657334804535,
        0.8758244514465332,
        0.2082986682653427
    ],
    [
        0.8682375550270081,
        -0.09042269736528397,
        0.48783937096595764,
        0.3098917007446289,
        0.1246720403432846,
        0.99146568775177,
        -0.03811487928032875,
        -0.20233994722366333,
        -0.4802294969558716,
        0.09391269832849503,
        0.8721010088920593,
        0.2131727933883667
    ],
    [
        0.8643865585327148,
        -0.09136206656694412,
        0.4944581985473633,
        0.3153534531593323,
        0.12631407380104065,
        0.9912753701210022,
        -0.03765580803155899,
        -0.20536372065544128,
        -0.48670390248298645,
        0.09500619769096375,
        0.8683853149414062,
        0.21665260195732117
    ],
    [
        0.8604905009269714,
        -0.09215149283409119,
        0.5010631084442139,
        0.32046690583229065,
        0.12787914276123047,
        0.9910867214202881,
        -0.03733792528510094,
        -0.20796887576580048,
        -0.4931562840938568,
        0.09620445966720581,
        0.8646048307418823,
        0.22012659907341003
    ],
    [
        0.8565140962600708,
        -0.093305803835392,
        0.5076195001602173,
        0.32625406980514526,
        0.1297961175441742,
        0.9908546209335327,
        -0.03687746077775955,
        -0.2104651778936386,
        -0.49953627586364746,
        0.09747309982776642,
        0.860791802406311,
        0.22423473000526428
    ],
    [
        0.8524373173713684,
        -0.09444080293178558,
        0.5142291188240051,
        0.3324524164199829,
        0.13182757794857025,
        0.9905967116355896,
        -0.036602336913347244,
        -0.2128034234046936,
        -0.5059369206428528,
        0.0989907905459404,
        0.8568713665008545,
        0.22899670898914337
    ],
    [
        0.8484132289886475,
        -0.09534262120723724,
        0.5206772685050964,
        0.3384622633457184,
        0.13351310789585114,
        0.9903857111930847,
        -0.03619963675737381,
        -0.21539278328418732,
        -0.5122199654579163,
        0.10022948682308197,
        0.8529857397079468,
        0.23286938667297363
    ],
    [
        0.8446123600006104,
        -0.09594838321208954,
        0.5267103314399719,
        0.34510210156440735,
        0.13499866425991058,
        0.99018794298172,
        -0.036100707948207855,
        -0.21752682328224182,
        -0.5180783867835999,
        0.10159630328416824,
        0.8492779731750488,
        0.23718205094337463
    ],
    [
        0.8404754996299744,
        -0.09693852812051773,
        0.5331077575683594,
        0.35170602798461914,
        0.13669581711292267,
        0.9899769425392151,
        -0.0354948565363884,
        -0.22037245333194733,
        -0.524323582649231,
        0.10270615667104721,
        0.8453025221824646,
        0.2409772425889969
    ],
    [
        0.8365007638931274,
        -0.09780123829841614,
        0.5391674041748047,
        0.3589772880077362,
        0.13855570554733276,
        0.9897204041481018,
        -0.035436224192380905,
        -0.2217772901058197,
        -0.5301592350006104,
        0.10434713959693909,
        0.8414527177810669,
        0.24546211957931519
    ],
    [
        0.8322276473045349,
        -0.09848090261220932,
        0.5456176996231079,
        0.3654962480068207,
        0.14038994908332825,
        0.9894580841064453,
        -0.03554444760084152,
        -0.22302047908306122,
        -0.5363653898239136,
        0.10618031769990921,
        0.8372800946235657,
        0.2503790855407715
    ],
    [
        0.8281010985374451,
        -0.0995149239897728,
        0.5516750812530518,
        0.37296563386917114,
        0.14240342378616333,
        0.9891782999038696,
        -0.035322319716215134,
        -0.22460508346557617,
        -0.5421898365020752,
        0.1078108549118042,
        0.8333107829093933,
        0.2550285756587982
    ],
    [
        0.8239792585372925,
        -0.10020625591278076,
        0.5576888918876648,
        0.38029736280441284,
        0.14413532614707947,
        0.9889293313026428,
        -0.03526625409722328,
        -0.22602258622646332,
        -0.5479810237884521,
        0.10944133996963501,
        0.8293005228042603,
        0.2598212659358978
    ],
    [
        0.820004403591156,
        -0.10119730234146118,
        0.5633399486541748,
        0.38868045806884766,
        0.1459679901599884,
        0.9886746406555176,
        -0.03486914560198784,
        -0.22779719531536102,
        -0.5534313321113586,
        0.11082245409488678,
        0.8254889249801636,
        0.26382583379745483
    ],
    [
        0.815888524055481,
        -0.10205574333667755,
        0.5691313147544861,
        0.39704373478889465,
        0.14781540632247925,
        0.9884073734283447,
        -0.03466378524899483,
        -0.22954776883125305,
        -0.5589959621429443,
        0.11240816116333008,
        0.8215156197547913,
        0.26876795291900635
    ],
    [
        0.8120738863945007,
        -0.1026168018579483,
        0.5744612216949463,
        0.4056495130062103,
        0.14926061034202576,
        0.9881967306137085,
        -0.03447591885924339,
        -0.2311609983444214,
        -0.5641428828239441,
        0.1137414425611496,
        0.8178054094314575,
        0.2726020812988281
    ],
    [
        0.8079478144645691,
        -0.10340480506420135,
        0.5801103115081787,
        0.41387248039245605,
        0.1510511040687561,
        0.9879315495491028,
        -0.03427717462182045,
        -0.23274190723896027,
        -0.569564700126648,
        0.11532046645879745,
        0.813816487789154,
        0.27795150876045227
    ],
    [
        0.8038450479507446,
        -0.10385064035654068,
        0.5857031941413879,
        0.4224088490009308,
        0.15280888974666595,
        0.9876497983932495,
        -0.03460213914513588,
        -0.23312558233737946,
        -0.5748761892318726,
        0.11731540411710739,
        0.8097867965698242,
        0.28339987993240356
    ],
    [
        0.7999520897865295,
        -0.104935422539711,
        0.5908174514770508,
        0.4319230020046234,
        0.15475192666053772,
        0.9873624444007874,
        -0.034164249897003174,
        -0.23457103967666626,
        -0.5797659158706665,
        0.11875990033149719,
        0.8060816526412964,
        0.2873348295688629
    ],
    [
        0.7960551977157593,
        -0.10574791580438614,
        0.5959140658378601,
        0.4417645335197449,
        0.15643809735774994,
        0.9871088266372681,
        -0.033811334520578384,
        -0.23661117255687714,
        -0.5846565961837769,
        0.12013934552669525,
        0.8023362159729004,
        0.2918604016304016
    ],
    [
        0.7920515537261963,
        -0.1066330298781395,
        0.6010687947273254,
        0.4514960050582886,
        0.15838027000427246,
        0.9868049621582031,
        -0.03363896906375885,
        -0.2378443032503128,
        -0.5895507335662842,
        0.12184122949838638,
        0.7984890341758728,
        0.2970561981201172
    ],
    [
        0.7882147431373596,
        -0.10770732909440994,
        0.6059014797210693,
        0.46224865317344666,
        0.16035397350788116,
        0.9864997267723083,
        -0.03323991224169731,
        -0.23964829742908478,
        -0.5941414833068848,
        0.12335889041423798,
        0.794844925403595,
        0.3023311197757721
    ],
    [
        0.7839909791946411,
        -0.10835827142000198,
        0.61124187707901,
        0.47183486819267273,
        0.1622697114944458,
        0.9861842393875122,
        -0.03330393508076668,
        -0.24066804349422455,
        -0.5991883873939514,
        0.12529602646827698,
        0.7907427549362183,
        0.3086093068122864
    ],
    [
        0.7797761559486389,
        -0.10899421572685242,
        0.6164976954460144,
        0.4817920923233032,
        0.16426588594913483,
        0.9858478903770447,
        -0.03347770869731903,
        -0.24108795821666718,
        -0.6041240096092224,
        0.12737464904785156,
        0.7866447567939758,
        0.3150235712528229
    ],
    [
        0.7757245302200317,
        -0.11000550538301468,
        0.6214098334312439,
        0.4921673834323883,
        0.16625791788101196,
        0.9855272769927979,
        -0.03308114409446716,
        -0.24265265464782715,
        -0.6087772250175476,
        0.12897616624832153,
        0.7827869653701782,
        0.32224127650260925
    ],
    [
        0.7719017267227173,
        -0.11049136519432068,
        0.6260665655136108,
        0.5034050941467285,
        0.1681165099143982,
        0.9852009415626526,
        -0.03340413048863411,
        -0.24298930168151855,
        -0.6131105422973633,
        0.13103681802749634,
        0.7790536880493164,
        0.32822203636169434
    ],
    [
        0.7678163647651672,
        -0.11111748963594437,
        0.6309602856636047,
        0.5132708549499512,
        0.1701044738292694,
        0.9848544001579285,
        -0.03355912119150162,
        -0.24321505427360535,
        -0.6176750659942627,
        0.13309641182422638,
        0.7750890254974365,
        0.3335123658180237
    ],
    [
        0.7636381387710571,
        -0.11163729429244995,
        0.6359197497367859,
        0.5230886936187744,
        0.1721825897693634,
        0.9844803810119629,
        -0.033935848623514175,
        -0.24339959025382996,
        -0.6222619414329529,
        0.13540901243686676,
        0.7710087299346924,
        0.34016427397727966
    ],
    [
        0.7600550651550293,
        -0.11224281787872314,
        0.6400920152664185,
        0.535610020160675,
        0.17391574382781982,
        0.9841758012771606,
        -0.03393086791038513,
        -0.2438584715127945,
        -0.6261546015739441,
        0.13711141049861908,
        0.7675486207008362,
        0.3460221588611603
    ],
    [
        0.7561795115470886,
        -0.1125497967004776,
        0.6446123719215393,
        0.5476887226104736,
        0.1757102608680725,
        0.9838427901268005,
        -0.03434188663959503,
        -0.24410192668437958,
        -0.6303319931030273,
        0.13923363387584686,
        0.7637377977371216,
        0.3526464104652405
    ],
    [
        0.7521185874938965,
        -0.11316010355949402,
        0.6492399573326111,
        0.5585879683494568,
        0.17769582569599152,
        0.9834827780723572,
        -0.03443614020943642,
        -0.24463284015655518,
        -0.6346195340156555,
        0.14126728475093842,
        0.7598037123680115,
        0.35933563113212585
    ],
    [
        0.747945249080658,
        -0.11362367123365402,
        0.6539629101753235,
        0.5684814453125,
        0.1796404868364334,
        0.9831220507621765,
        -0.03464309498667717,
        -0.24509675800800323,
        -0.638989269733429,
        0.14338937401771545,
        0.7557329535484314,
        0.36619603633880615
    ],
    [
        0.7440667748451233,
        -0.11436650902032852,
        0.6582437753677368,
        0.5798926949501038,
        0.18158270418643951,
        0.9827700257301331,
        -0.034506503492593765,
        -0.245900958776474,
        -0.6429558992385864,
        0.14520083367824554,
        0.752013623714447,
        0.3725488483905792
    ],
    [
        0.7400828003883362,
        -0.11479786783456802,
        0.6626454591751099,
        0.5907835364341736,
        0.1834631711244583,
        0.9824137091636658,
        -0.034707777202129364,
        -0.24593965709209442,
        -0.6470075249671936,
        0.14725767076015472,
        0.7481286525726318,
        0.3789432942867279
    ],
    [
        0.7360482811927795,
        -0.11525771766901016,
        0.6670447587966919,
        0.6014344096183777,
        0.18511778116226196,
        0.9821081161499023,
        -0.034570518881082535,
        -0.247368723154068,
        -0.6511254906654358,
        0.14892740547657013,
        0.7442152500152588,
        0.3850513994693756
    ],
    [
        0.7318205833435059,
        -0.1159125342965126,
        0.6715675592422485,
        0.6107555627822876,
        0.18687471747398376,
        0.9817888736724854,
        -0.03418441116809845,
        -0.24966785311698914,
        -0.6553751230239868,
        0.1505158543586731,
        0.7401543855667114,
        0.39133042097091675
    ],
    [
        0.7281602621078491,
        -0.11675135046243668,
        0.6753900051116943,
        0.6229149699211121,
        0.18856404721736908,
        0.9814847707748413,
        -0.033632662147283554,
        -0.25149762630462646,
        -0.6589584350585938,
        0.15184423327445984,
        0.7366934418678284,
        0.3958728015422821
    ],
    [
        0.7243449687957764,
        -0.11777351051568985,
        0.6793038249015808,
        0.6340242028236389,
        0.19008174538612366,
        0.9812280535697937,
        -0.03256583213806152,
        -0.2548052966594696,
        -0.6627165079116821,
        0.1527121514081955,
        0.7331342101097107,
        0.40164390206336975
    ],
    [
        0.7206385135650635,
        -0.11839357763528824,
        0.6831274032592773,
        0.6465928554534912,
        0.1912958025932312,
        0.9810178875923157,
        -0.031778689473867416,
        -0.25759705901145935,
        -0.6663978695869446,
        0.15358036756515503,
        0.7296074628829956,
        0.40730682015419006
    ],
    [
        0.7165905833244324,
        -0.11879599839448929,
        0.6873029470443726,
        0.657518744468689,
        0.1927531659603119,
        0.9807431101799011,
        -0.031451523303985596,
        -0.25918781757354736,
        -0.6703312993049622,
        0.1550176739692688,
        0.7256895899772644,
        0.4140252470970154
    ],
    [
        0.7125391960144043,
        -0.11951739341020584,
        0.6913779377937317,
        0.6685280203819275,
        0.19395959377288818,
        0.9805386066436768,
        -0.03039206750690937,
        -0.26211076974868774,
        -0.6742903590202332,
        0.1557549089193344,
        0.7218538522720337,
        0.4197016954421997
    ],
    [
        0.7082412242889404,
        -0.11995261907577515,
        0.6957051753997803,
        0.6786326766014099,
        0.1949896216392517,
        0.9803623557090759,
        -0.029470307752490044,
        -0.26440858840942383,
        -0.6785082221031189,
        0.15652737021446228,
        0.7177227139472961,
        0.42744073271751404
    ],
    [
        0.7040391564369202,
        -0.12096160650253296,
        0.6997836232185364,
        0.6887807846069336,
        0.19579248130321503,
        0.9802585244178772,
        -0.027539825066924095,
        -0.26907217502593994,
        -0.682637631893158,
        0.15640150010585785,
        0.7138237357139587,
        0.43400293588638306
    ],
    [
        0.6997650861740112,
        -0.12118644267320633,
        0.7040188908576965,
        0.6987922787666321,
        0.1965511292219162,
        0.9801313877105713,
        -0.02664841338992119,
        -0.27032408118247986,
        -0.6868016123771667,
        0.1570233553647995,
        0.7096810936927795,
        0.4408528506755829
    ],
    [
        0.695270836353302,
        -0.1216430589556694,
        0.7083795070648193,
        0.7078937888145447,
        0.1974126547574997,
        0.9799894094467163,
        -0.02547551691532135,
        -0.27301478385925293,
        -0.6911054253578186,
        0.1575554460287094,
        0.7053719758987427,
        0.44858261942863464
    ],
    [
        0.6911330223083496,
        -0.1227143332362175,
        0.7122334837913513,
        0.7187595367431641,
        0.19820623099803925,
        0.9798784255981445,
        -0.02350597083568573,
        -0.2773408889770508,
        -0.6950175762176514,
        0.15741483867168427,
        0.7015490531921387,
        0.4545263648033142
    ],
    [
        0.6868398189544678,
        -0.12320828437805176,
        0.7162895798683167,
        0.7293535470962524,
        0.1990041881799698,
        0.9797449707984924,
        -0.02229728363454342,
        -0.27935105562210083,
        -0.6990339159965515,
        0.15785929560661316,
        0.6974467635154724,
        0.4616963565349579
    ],
    [
        0.6824801564216614,
        -0.12369288504123688,
        0.7203617095947266,
        0.7413917779922485,
        0.19953696429729462,
        0.9796689748764038,
        -0.0208255834877491,
        -0.28127819299697876,
        -0.7031399607658386,
        0.15795183181762695,
        0.6932859420776367,
        0.4701021611690521
    ],
    [
        0.6777799129486084,
        -0.12386881560087204,
        0.7247557640075684,
        0.7511979937553406,
        0.20047804713249207,
        0.9794924855232239,
        -0.020077697932720184,
        -0.28255534172058105,
        -0.7074058055877686,
        0.15890587866306305,
        0.6887133121490479,
        0.4804362952709198
    ],
    [
        0.6736292839050293,
        -0.12533585727214813,
        0.7283644080162048,
        0.7646546959877014,
        0.2016713172197342,
        0.97928786277771,
        -0.0180017352104187,
        -0.2872222363948822,
        -0.7110220193862915,
        0.1590166985988617,
        0.6849535703659058,
        0.4886312484741211
    ],
    [
        0.6692901253700256,
        -0.1261383593082428,
        0.7322157025337219,
        0.7770474553108215,
        0.20246951282024384,
        0.9791513681411743,
        -0.016391774639487267,
        -0.29050567746162415,
        -0.7148823738098145,
        0.15922220051288605,
        0.6808754801750183,
        0.4992724657058716
    ],
    [
        0.6650590896606445,
        -0.127454474568367,
        0.7358339428901672,
        0.7878240942955017,
        0.20326562225818634,
        0.9790216088294983,
        -0.014137676917016506,
        -0.2959744334220886,
        -0.7185954451560974,
        0.15897215902805328,
        0.6770142912864685,
        0.5070139765739441
    ],
    [
        0.6605773568153381,
        -0.12790507078170776,
        0.7397822737693787,
        0.7994176745414734,
        0.2037322074174881,
        0.9789448380470276,
        -0.012664380483329296,
        -0.29934531450271606,
        -0.7225861549377441,
        0.1590832620859146,
        0.672727108001709,
        0.5172727108001709
    ],
    [
        0.6562544107437134,
        -0.12796169519424438,
        0.743610143661499,
        0.8102468252182007,
        0.2039082646369934,
        0.9789223670959473,
        -0.011499437503516674,
        -0.3017030954360962,
        -0.726465106010437,
        0.15917479991912842,
        0.668514609336853,
        0.5270314812660217
    ],
    [
        0.6519966721534729,
        -0.12804274260997772,
        0.7473322153091431,
        0.8213335871696472,
        0.20415036380290985,
        0.9788843989372253,
        -0.010392052121460438,
        -0.3042774200439453,
        -0.7302212119102478,
        0.15934371948242188,
        0.6643694043159485,
        0.5368766784667969
    ],
    [
        0.6479122042655945,
        -0.12841369211673737,
        0.7508127093315125,
        0.832364022731781,
        0.2042454481124878,
        0.9788797497749329,
        -0.008832480758428574,
        -0.3080981373786926,
        -0.7338212132453918,
        0.15907272696495056,
        0.6604561805725098,
        0.5453288555145264
    ],
    [
        0.643859326839447,
        -0.12822824716567993,
        0.7543226480484009,
        0.8421912789344788,
        0.20398317277431488,
        0.9789441823959351,
        -0.007699851877987385,
        -0.31021636724472046,
        -0.7374523282051086,
        0.15882675349712372,
        0.6564587354660034,
        0.5536975860595703
    ],
    [
        0.6414878964424133,
        -0.12999634444713593,
        0.7560385465621948,
        0.8638946413993835,
        0.20492923259735107,
        0.978760838508606,
        -0.005587393883615732,
        -0.3169565498828888,
        -0.7392545342445374,
        0.15851864218711853,
        0.654503345489502,
        0.5608978867530823
    ],
    [
        0.6377395391464233,
        -0.12940563261508942,
        0.7593039870262146,
        0.8755875825881958,
        0.2048700749874115,
        0.9787750840187073,
        -0.005261045414954424,
        -0.3181529641151428,
        -0.7425069212913513,
        0.15891383588314056,
        0.6507149338722229,
        0.5715650320053101
    ],
    [
        0.6350047588348389,
        -0.1299857497215271,
        0.7614937424659729,
        0.8929561972618103,
        0.20560409128665924,
        0.9786252975463867,
        -0.004402186721563339,
        -0.32351210713386536,
        -0.7446447610855103,
        0.15936164557933807,
        0.6481573581695557,
        0.5807684659957886
    ],
    [
        0.6324844360351562,
        -0.1309426873922348,
        0.7634248733520508,
        0.9114823341369629,
        0.20589235424995422,
        0.978570818901062,
        -0.002733741421252489,
        -0.3290456235408783,
        -0.7467072606086731,
        0.15891239047050476,
        0.6458908915519714,
        0.5899909734725952
    ],
    [
        0.6302586793899536,
        -0.13195687532424927,
        0.765089213848114,
        0.9319283366203308,
        0.20670770108699799,
        0.9784014225006104,
        -0.0015325052663683891,
        -0.3346972167491913,
        -0.7483621835708618,
        0.15911568701267242,
        0.6439225673675537,
        0.597980260848999
    ],
    [
        0.6276758909225464,
        -0.13152536749839783,
        0.7672834992408752,
        0.9498559236526489,
        0.2067066878080368,
        0.9784019589424133,
        -0.0013816639548167586,
        -0.33545857667922974,
        -0.7505300045013428,
        0.15946990251541138,
        0.641306459903717,
        0.6093766689300537
    ],
    [
        0.6257742047309875,
        -0.13314203917980194,
        0.7685568928718567,
        0.9703987836837769,
        0.20745034515857697,
        0.9782453775405884,
        0.0005575453396886587,
        -0.3428712785243988,
        -0.7519115209579468,
        0.15908852219581604,
        0.63978111743927,
        0.6182867884635925
    ],
    [
        0.6235185265541077,
        -0.13249270617961884,
        0.770500123500824,
        0.9910111427307129,
        0.20678308606147766,
        0.9783863425254822,
        0.0009032657253555954,
        -0.34331420063972473,
        -0.7539664506912231,
        0.15876317024230957,
        0.6374393701553345,
        0.6320433020591736
    ],
    [
        0.6220702528953552,
        -0.13304907083511353,
        0.7715739607810974,
        1.012413501739502,
        0.20684602856636047,
        0.9783716201782227,
        0.0019423438934609294,
        -0.3468697965145111,
        -0.7551445364952087,
        0.15838877856731415,
        0.6361364722251892,
        0.642417848110199
    ],
    [
        0.6205743551254272,
        -0.13289177417755127,
        0.7728046774864197,
        1.0326282978057861,
        0.20684504508972168,
        0.9783713817596436,
        0.0021412938367575407,
        -0.3482646048069,
        -0.7563746571540833,
        0.15852198004722595,
        0.6346401572227478,
        0.6527472138404846
    ],
    [
        0.619312047958374,
        -0.13283675909042358,
        0.7738263010978699,
        1.0490587949752808,
        0.20649169385433197,
        0.9784446358680725,
        0.0027016466483473778,
        -0.35075464844703674,
        -0.7575049996376038,
        0.15811553597450256,
        0.6333922147750854,
        0.6623427867889404
    ],
    [
        0.6186891198158264,
        -0.13294446468353271,
        0.7743057608604431,
        1.070302963256836,
        0.20697976648807526,
        0.9783417582511902,
        0.0025945771485567093,
        -0.3519397974014282,
        -0.7578807473182678,
        0.1586603820323944,
        0.6328062415122986,
        0.6701778173446655
    ],
    [
        0.6172663569450378,
        -0.13321562111377716,
        0.7753940224647522,
        1.0915130376815796,
        0.2078007459640503,
        0.9781676530838013,
        0.002629387890920043,
        -0.35432273149490356,
        -0.7588156461715698,
        0.15950444340705872,
        0.6314722299575806,
        0.6812808513641357
    ],
    [
        0.6164078116416931,
        -0.13358283042907715,
        0.7760135531425476,
        1.1117339134216309,
        0.20858848094940186,
        0.9779998660087585,
        0.002665458945557475,
        -0.3563143014907837,
        -0.7592971920967102,
        0.16022449731826782,
        0.6307106018066406,
        0.6899405717849731
    ],
    [
        0.6158920526504517,
        -0.1333480328321457,
        0.7764633297920227,
        1.1322524547576904,
        0.20918704569339752,
        0.9778736233711243,
        0.0020102541893720627,
        -0.35625070333480835,
        -0.7595511078834534,
        0.16118794679641724,
        0.630159318447113,
        0.6983412504196167
