[
    [
        0.9840232133865356,
        0.0254896879196167,
        -0.17620645463466644,
        -0.17422398924827576,
        -0.024298299103975296,
        0.9996649026870728,
        0.008916023187339306,
        -0.055619314312934875,
        0.17637470364570618,
        -0.0044920556247234344,
        0.984312891960144,
        0.2023061066865921
    ],
    [
        0.9800387024879456,
        0.028301378712058067,
        -0.19678199291229248,
        -0.19353318214416504,
        -0.02694622054696083,
        0.9995911121368408,
        0.009561180137097836,
        -0.06084722280502319,
        0.19697211682796478,
        -0.004067795816808939,
        0.9804006814956665,
        0.23003005981445312
    ],
    [
        0.9741981029510498,
        0.032408490777015686,
        -0.2233554869890213,
        -0.22268222272396088,
        -0.030733497813344002,
        0.9994673728942871,
        0.010972241871058941,
        -0.07007727026939392,
        0.2235921174287796,
        -0.0038246421609073877,
        0.9746752977371216,
        0.2699977457523346
    ],
    [
        0.9677941203117371,
        0.03660136088728905,
        -0.24906779825687408,
        -0.2578481435775757,
        -0.034546080976724625,
        0.9993234872817993,
        0.01261945255100727,
        -0.07993531227111816,
        0.24936117231845856,
        -0.0036087147891521454,
        0.9684038162231445,
        0.3146958351135254
    ],
    [
        0.9606236815452576,
        0.04082556813955307,
        -0.27483701705932617,
        -0.29373061656951904,
        -0.037879765033721924,
        0.9991538524627686,
        0.016019772738218307,
        -0.09723055362701416,
        0.27525848150253296,
        -0.004978212993592024,
        0.9613574743270874,
        0.3636273741722107
    ],
    [
        0.9530408382415771,
        0.045221153646707535,
        -0.2994465231895447,
        -0.3359578549861908,
        -0.04159089922904968,
        0.9989636540412903,
        0.018488967791199684,
        -0.10995229333639145,
        0.2999722957611084,
        -0.005166490096598864,
        0.9539339542388916,
        0.4157872796058655
    ],
    [
        0.9445081353187561,
        0.04843685030937195,
        -0.3248973786830902,
        -0.379594087600708,
        -0.04403288662433624,
        0.9988113641738892,
        0.020898500457406044,
        -0.12189079821109772,
        0.3255234956741333,
        -0.005432633217424154,
        0.9455183744430542,
        0.47810444235801697
    ],
    [
        0.9345813989639282,
        0.05414537340402603,
        -0.35160475969314575,
        -0.42152169346809387,
        -0.048862017691135406,
        0.9985198378562927,
        0.02388959750533104,
        -0.13477621972560883,
        0.35237783193588257,
        -0.005146656185388565,
        0.9358437061309814,
        0.5487483143806458
    ],
    [
        0.9238678216934204,
        0.058709338307380676,
        -0.3781818151473999,
        -0.4653572738170624,
        -0.052840858697891235,
        0.9982673525810242,
        0.02588610164821148,
        -0.1446319967508316,
        0.3790462911128998,
        -0.003931887913495302,
        0.9253693222999573,
        0.6214205026626587
    ],
    [
        0.9119723439216614,
        0.06151142343878746,
        -0.40561407804489136,
        -0.5045686960220337,
        -0.05518364906311035,
        0.9981032013893127,
        0.02728896588087082,
        -0.1510883867740631,
        0.40652331709861755,
        -0.00250351894646883,
        0.9136369824409485,
        0.6967304944992065
    ],
    [
        0.8980948328971863,
        0.06646452844142914,
        -0.4347507655620575,
        -0.536084771156311,
        -0.05920306593179703,
        0.9977878332138062,
        0.030241526663303375,
        -0.16042593121528625,
        0.4357990026473999,
        -0.0014211774105206132,
        0.9000429511070251,
        0.7714407444000244
    ],
    [
        0.8832806348800659,
        0.07061304152011871,
        -0.46349674463272095,
        -0.5664471983909607,
        -0.06221749633550644,
        0.9975035190582275,
        0.033401008695364,
        -0.17117053270339966,
        0.4646981954574585,
        -0.0006648540147580206,
        0.8854689002037048,
        0.8480547666549683
    ],
    [
        0.8679537773132324,
        0.07547847926616669,
        -0.49087589979171753,
        -0.5974324941635132,
        -0.06546832621097565,
        0.9971473217010498,
        0.03756484389305115,
        -0.18108321726322174,
        0.4923109710216522,
        -0.00046772632049396634,
        0.8704193234443665,
        0.9296303391456604
    ],
    [
        0.8570414185523987,
        0.07845009863376617,
        -0.5092400908470154,
        -0.6229859590530396,
        -0.06702568382024765,
        0.996917724609375,
        0.040775444358587265,
        -0.19056916236877441,
        0.5108693838119507,
        -0.0008140766294673085,
        0.8596580028533936,
        0.9871216416358948
    ],
    [
        0.8443971276283264,
        0.08280128985643387,
        -0.5292800664901733,
        -0.6680830717086792,
        -0.06989465653896332,
        0.9965659976005554,
        0.04439633712172508,
        -0.2018110156059265,
        0.53113853931427,
        -0.0004942867089994252,
        0.8472848534584045,
        1.065170168876648
    ],
    [
        0.8323308229446411,
        0.08451744168996811,
        -0.5477976202964783,
        -0.709255576133728,
        -0.07041268795728683,
        0.9964219331741333,
        0.046747881919145584,
        -0.21085771918296814,
        0.5497885346412659,
        -0.0003378032997716218,
        0.8353038430213928,
        1.1420669555664062
    ],
    [
        0.8218769431114197,
        0.08683657646179199,
        -0.563007652759552,
        -0.7693069577217102,
        -0.0716407373547554,
        0.9962226152420044,
        0.04907338321208954,
        -0.21982473134994507,
        0.5651423335075378,
        1.9888241240550997e-06,
        0.8249934911727905,
        1.2313826084136963
    ],
    [
        0.8137910962104797,
        0.08999092131853104,
        -0.5741478204727173,
        -0.8302159309387207,
        -0.07320208847522736,
        0.9959424138069153,
        0.052346400916576385,
        -0.22973515093326569,
        0.5765288472175598,
        -0.0005702173803001642,
        0.8170765042304993,
        1.3154374361038208
    ],
    [
        0.8073539137840271,
        0.09244566410779953,
        -0.5827808976173401,
        -0.8901394009590149,
        -0.07366818934679031,
        0.9957153797149658,
        0.05589282140135765,
        -0.2415519505739212,
        0.5854508876800537,
        -0.0021928809583187103,
        0.8107048869132996,
        1.3914881944656372
    ],
    [
        0.8008070588111877,
        0.09600701928138733,
        -0.5911774635314941,
        -0.9471994638442993,
        -0.07535040378570557,
        0.9953756332397461,
        0.059579264372587204,
        -0.25061386823654175,
        0.5941636562347412,
        -0.003166028531268239,
        0.8043377995491028,
        1.4677059650421143
    ],
    [
        0.7943677306175232,
        0.09867633879184723,
        -0.5993688106536865,
        -0.9998563528060913,
        -0.07619592547416687,
        0.9951104521751404,
        0.06284324824810028,
        -0.2623915374279022,
        0.6026393175125122,
        -0.0042511820793151855,
        0.7980024218559265,
        1.544769525527954
    ],
    [
        0.7888569831848145,
        0.0979088768362999,
        -0.6067277193069458,
        -1.052724003791809,
        -0.0736924558877945,
        0.9951748251914978,
        0.06477972120046616,
        -0.2730642557144165,
        0.610142707824707,
        -0.006390679161995649,
        0.792265772819519,
        1.6334165334701538
    ],
    [
        0.7840153574943542,
        0.09323142468929291,
        -0.6137002110481262,
        -1.1033326387405396,
        -0.0684414878487587,
        0.9956120848655701,
        0.06381480395793915,
        -0.2813724875450134,
        0.6169568300247192,
        -0.008029230870306492,
        0.7869560718536377,
        1.7202887535095215
    ],
    [
        0.7804831862449646,
        0.0874343290925026,
        -0.6190324425697327,
        -1.1455628871917725,
        -0.06422551721334457,
        0.9961467981338501,
        0.059722982347011566,
        -0.2839701473712921,
        0.6218690276145935,
        -0.006855090614408255,
        0.7830911874771118,
        1.7996526956558228
    ],
    [
        0.777765691280365,
        0.08856220543384552,
        -0.6222839951515198,
        -1.1868218183517456,
        -0.06706036627292633,
        0.9960650205612183,
        0.05794215574860573,
        -0.29666343331336975,
        0.6249667406082153,
        -0.003334831679239869,
        0.7806441187858582,
        1.8773508071899414
    ]
]