[
    [
        0.8853977918624878,
        0.06290443241596222,
        -0.460558146238327,
        -0.8012863993644714,
        -0.05567476153373718,
        0.9980194568634033,
        0.02928086742758751,
        -0.11913160234689713,
        0.46148791909217834,
        -0.0002837521315086633,
        0.8871464133262634,
        0.931190550327301
    ],
    [
        0.871512770652771,
        0.0682213082909584,
        -0.48560410737991333,
        -0.871752142906189,
        -0.06051173433661461,
        0.997668445110321,
        0.03155964985489845,
        -0.12737677991390228,
        0.48662489652633667,
        0.0018800998805090785,
        0.8736090660095215,
        1.0053366422653198
    ],
    [
        0.8565108776092529,
        0.07303616404533386,
        -0.5109351873397827,
        -0.9406487345695496,
        -0.06566186994314194,
        0.9973128437995911,
        0.03248903155326843,
        -0.13224515318870544,
        0.5119351744651794,
        0.005721746012568474,
        0.8590050935745239,
        1.0785672664642334
    ],
    [
        0.835833728313446,
        0.07821319252252579,
        -0.5433827638626099,
        -1.0168445110321045,
        -0.07111957669258118,
        0.9968850016593933,
        0.034092776477336884,
        -0.13861235976219177,
        0.5443565845489502,
        0.010149260051548481,
        0.8387924432754517,
        1.168200969696045
    ],
    [
        0.8173301219940186,
        0.08245120197534561,
        -0.5702398419380188,
        -1.0690975189208984,
        -0.07486148923635483,
        0.996515154838562,
        0.036786869168281555,
        -0.14777761697769165,
        0.5712856650352478,
        0.012621978297829628,
        0.8206542730331421,
        1.2433280944824219
    ],
    [
        0.8042330741882324,
        0.08467685431241989,
        -0.5882508158683777,
        -1.113073706626892,
        -0.07626659423112869,
        0.9963186383247375,
        0.03914828598499298,
        -0.15633240342140198,
        0.5894001722335815,
        0.013379526324570179,
        0.807730495929718,
        1.3055260181427002
    ],
    [
        0.7821371555328369,
        0.08805710077285767,
        -0.6168529391288757,
        -1.1867554187774658,
        -0.07950829714536667,
        0.9959755539894104,
        0.04136534780263901,
        -0.16794629395008087,
        0.6180129051208496,
        0.016691552475094795,
        0.785990834236145,
        1.4076337814331055
    ],
    [
        0.7648102641105652,
        0.09051313251256943,
        -0.6378656625747681,
        -1.2422271966934204,
        -0.0822017639875412,
        0.9956992864608765,
        0.04272861033678055,
        -0.17613402009010315,
        0.6389899253845215,
        0.019754404202103615,
        0.768961489200592,
        1.4816079139709473
    ],
    [
        0.7451916337013245,
        0.09383181482553482,
        -0.6602158546447754,
        -1.3174197673797607,
        -0.08624793589115143,
        0.995296835899353,
        0.044105689972639084,
        -0.18561729788780212,
        0.6612493395805359,
        0.024075062945485115,
        0.7497797608375549,
        1.568505048751831
    ],
    [
        0.7301314473152161,
        0.0965149775147438,
        -0.6764562129974365,
        -1.3796583414077759,
        -0.08954232931137085,
        0.9949519038200378,
        0.045309796929359436,
        -0.19349226355552673,
        0.6774143576622009,
        0.027489349246025085,
        0.7350878119468689,
        1.6373878717422485
    ],
    [
        0.7149949073791504,
        0.09965753555297852,
        -0.6919903755187988,
        -1.4557816982269287,
        -0.0931570753455162,
        0.99454265832901,
        0.04697583615779877,
        -0.20261222124099731,
        0.6928954720497131,
        0.030876338481903076,
        0.72037672996521,
        1.7131519317626953
    ],
    [
        0.6967598795890808,
        0.10311903804540634,
        -0.7098537087440491,
        -1.5437865257263184,
        -0.09704197943210602,
        0.9940657615661621,
        0.049153998494148254,
        -0.21511343121528625,
        0.7107098698616028,
        0.03463707119226456,
        0.7026320099830627,
        1.8049426078796387
    ],
    [
        0.6859799027442932,
        0.10487587749958038,
        -0.7200227379798889,
        -1.6006102561950684,
        -0.09916829317808151,
        0.9937999248504639,
        0.050273653119802475,
        -0.22139950096607208,
        0.7208309173583984,
        0.03691670671105385,
        0.6921270489692688,
        1.861650824546814
    ],
    [
        0.6713793277740479,
        0.10673722624778748,
        -0.7333873510360718,
        -1.673462986946106,
        -0.10125382989645004,
        0.9935058355331421,
        0.05190208926796913,
        -0.23021697998046875,
        0.7341644167900085,
        0.03941228240728378,
        0.6778267025947571,
        1.9393504858016968
    ],
    [
        0.6548248529434204,
        0.10840289294719696,
        -0.7479661107063293,
        -1.7597044706344604,
        -0.10250075161457062,
        0.9932543635368347,
        0.05421584099531174,
        -0.2447206974029541,
        0.7487977147102356,
        0.041165221482515335,
        0.6615189909934998,
        2.030139923095703
    ],
    [
        0.6376196146011353,
        0.109840527176857,
        -0.7624803185462952,
        -1.8443448543548584,
        -0.10315249860286713,
        0.9930428266525269,
        0.05679398030042648,
        -0.2565532326698303,
        0.7634139657020569,
        0.04243879020214081,
        0.6445139646530151,
        2.128157615661621
    ],
    [
        0.619957447052002,
        0.11227741837501526,
        -0.7765608429908752,
        -1.9192813634872437,
        -0.10495475679636002,
        0.9926812648773193,
        0.059735462069511414,
        -0.2709086537361145,
        0.7775843143463135,
        0.044470302760601044,
        0.627204179763794,
        2.2254996299743652
    ],
    [
        0.6067704558372498,
        0.11512964218854904,
        -0.7864953875541687,
        -1.9803675413131714,
        -0.10693548619747162,
        0.9922835826873779,
        0.0627543181180954,
        -0.283699095249176,
        0.7876511812210083,
        0.04602678120136261,
        0.614399790763855,
        2.300499439239502
    ],
    [
        0.5958722233772278,
        0.11619096249341965,
        -0.7946294546127319,
        -2.047410011291504,
        -0.1076357364654541,
        0.9921054840087891,
        0.06435269862413406,
        -0.29018449783325195,
        0.79583340883255,
        0.0471845306456089,
        0.6036744117736816,
        2.3691675662994385
    ],
    [
        0.5835922360420227,
        0.11700690537691116,
        -0.803572952747345,
        -2.1287522315979004,
        -0.10860255360603333,
        0.991921067237854,
        0.06555971503257751,
        -0.2984953820705414,
        0.8047518730163574,
        0.04900994151830673,
        0.5915847420692444,
        2.4500627517700195
    ],
    [
        0.5771133899688721,
        0.1176198422908783,
        -0.8081495761871338,
        -2.1802189350128174,
        -0.10899665951728821,
        0.991814374923706,
        0.06651443243026733,
        -0.3044424057006836,
        0.8093577027320862,
        0.04969925060868263,
        0.5852094888687134,
        2.4974050521850586
    ],
    [
        0.5689862966537476,
        0.11969524621963501,
        -0.8135895133018494,
        -2.2494852542877197,
        -0.11017339676618576,
        0.99152672290802,
        0.06882335245609283,
        -0.31507977843284607,
        0.8149334192276001,
        0.05047634243965149,
        0.5773522257804871,
        2.5578856468200684
    ],
    [
        0.5600971579551697,
        0.12082082033157349,
        -0.8195689916610718,
        -2.3362441062927246,
        -0.11128540337085724,
        0.9913139939308167,
        0.0700865164399147,
        -0.322558730840683,
        0.8209182620048523,
        0.0519508458673954,
        0.5686778426170349,
        2.629653215408325
    ],
    [
        0.5526996850967407,
        0.12131040543317795,
        -0.8245038986206055,
        -2.403095245361328,
        -0.11212199181318283,
        0.9911780953407288,
        0.07067331671714783,
        -0.32748883962631226,
        0.8258036375045776,
        0.05338394269347191,
        0.5614251494407654,
        2.6886115074157715
    ],
    [
        0.5442982912063599,
        0.12225208431482315,
        -0.8299359679222107,
        -2.484032392501831,
        -0.11323323100805283,
        0.9909771680831909,
        0.07171200215816498,
        -0.33389729261398315,
        0.8312146067619324,
        0.054943617433309555,
        0.5532301068305969,
        2.758056163787842
    ]
]