[
    [
        0.9999269843101501,
        0.009767047129571438,
        -0.00711612356826663,
        -0.0021947205532342196,
        -0.009791718795895576,
        0.9999461770057678,
        -0.0034405782353132963,
        -0.07739900797605515,
        0.0070821368135511875,
        0.0035100060049444437,
        0.9999687671661377,
        0.42263224720954895
    ],
    [
        0.999958872795105,
        0.006810896098613739,
        -0.0059832558035850525,
        -0.006812295410782099,
        -0.006843265611678362,
        0.9999619722366333,
        -0.0054062725976109505,
        -0.09198839962482452,
        0.005946206394582987,
        0.005446995608508587,
        0.9999674558639526,
        0.512911856174469
    ],
    [
        0.9999818801879883,
        0.005434483289718628,
        -0.002621422288939357,
        -0.0150371752679348,
        -0.005450695753097534,
        0.9999657869338989,
        -0.0062172673642635345,
        -0.11241470277309418,
        0.002587544731795788,
        0.006231443025171757,
        0.9999772310256958,
        0.6244053244590759
    ],
    [
        0.999975323677063,
        0.006795845460146666,
        0.0017783307703211904,
        -0.022708645090460777,
        -0.006782873068004847,
        0.9999510645866394,
        -0.00720177311450243,
        -0.12964682281017303,
        -0.0018271860899403691,
        0.007189533207565546,
        0.9999724626541138,
        0.7359170913696289
    ],
    [
        0.9999655485153198,
        0.007905186153948307,
        0.0025297608226537704,
        -0.015995649620890617,
        -0.007881436496973038,
        0.9999260306358337,
        -0.009264280088245869,
        -0.14391188323497772,
        -0.002602808875963092,
        0.009244022890925407,
        0.9999539852142334,
        0.8544313907623291
    ],
    [
        0.9999471306800842,
        0.009376099333167076,
        0.0042342315427958965,
        -0.013130873441696167,
        -0.009331789799034595,
        0.9999027252197266,
        -0.01036573201417923,
        -0.16185131669044495,
        -0.004331010393798351,
        0.010325669310986996,
        0.9999372959136963,
        0.9811488389968872
    ],
    [
        0.9999216794967651,
        0.010337334126234055,
        0.007062280550599098,
        -0.011688982136547565,
        -0.01025816984474659,
        0.9998852014541626,
        -0.011155294254422188,
        -0.18003539741039276,
        -0.007176786661148071,
        0.011081970296800137,
        0.9999129176139832,
        1.10459566116333
    ],
    [
        0.9998810887336731,
        0.011192306876182556,
        0.010604741983115673,
        -0.014224854297935963,
        -0.011072390712797642,
        0.9998749494552612,
        -0.011299746111035347,
        -0.19537247717380524,
        -0.010729883797466755,
        0.011180980131030083,
        0.9998799562454224,
        1.2230101823806763
    ],
    [
        0.9998288154602051,
        0.011140478774905205,
        0.014774807728827,
        -0.020266395062208176,
        -0.011017773300409317,
        0.9999043941497803,
        -0.00836061779409647,
        -0.21568740904331207,
        -0.014866537414491177,
        0.008196400478482246,
        0.9998558759689331,
        1.3389209508895874
    ],
    [
        0.9997255802154541,
        0.011993080377578735,
        0.02012029103934765,
        -0.0318760946393013,
        -0.011877654120326042,
        0.9999123811721802,
        -0.005846578627824783,
        -0.23173019289970398,
        -0.020188642665743828,
        0.005605997517704964,
        0.9997804760932922,
        1.4396154880523682
    ],
    [
        0.9994995594024658,
        0.011131209321320057,
        0.029611101374030113,
        -0.05263044312596321,
        -0.011018347926437855,
        0.9999313950538635,
        -0.0039719482883811,
        -0.25018468499183655,
        -0.029653280973434448,
        0.0036436927039176226,
        0.9995535612106323,
        1.5852385759353638
    ],
    [
        0.9990766048431396,
        0.011766644194722176,
        0.04132338985800743,
        -0.0770905539393425,
        -0.011714322492480278,
        0.9999302625656128,
        -0.0015080776065587997,
        -0.2674715220928192,
        -0.041338253766298294,
        0.0010226058075204492,
        0.9991447329521179,
        1.7307164669036865
    ],
    [
        0.9986612200737,
        0.00995330698788166,
        0.05076057091355324,
        -0.09421555697917938,
        -0.0100794592872262,
        0.999946653842926,
        0.002229852369055152,
        -0.2831973731517792,
        -0.05073566734790802,
        -0.002738501876592636,
        0.9987083077430725,
        1.8666988611221313
    ],
    [
        0.9983859658241272,
        0.008442200720310211,
        0.05616173893213272,
        -0.0987716093659401,
        -0.00877944752573967,
        0.9999448657035828,
        0.0057609002105891705,
        -0.297701358795166,
        -0.05611000955104828,
        -0.006244674324989319,
        0.9984050393104553,
        1.9954757690429688
    ],
    [
        0.99821537733078,
        0.0076190996915102005,
        0.059229180216789246,
        -0.09589102864265442,
        -0.008122637867927551,
        0.9999329447746277,
        0.008265409618616104,
        -0.3094750940799713,
        -0.05916222557425499,
        -0.008731752634048462,
        0.9982101917266846,
        2.117983341217041
    ],
    [
        0.9978737831115723,
        0.00815687794238329,
        0.06466316431760788,
        -0.09644263982772827,
        -0.008975834585726261,
        0.9998830556869507,
        0.012384600006043911,
        -0.3247007429599762,
        -0.06455457955598831,
        -0.012938677333295345,
        0.9978303909301758,
        2.2441723346710205
    ],
    [
        0.9976341128349304,
        0.01103331707417965,
        0.06785661727190018,
        -0.08726657181978226,
        -0.012253955006599426,
        0.9997699856758118,
        0.017598608508706093,
        -0.33977413177490234,
        -0.06764683127403259,
        -0.01838848367333412,
        0.9975398778915405,
        2.3705170154571533
    ],
    [
        0.9974321722984314,
        0.010083272121846676,
        0.07090417295694351,
        -0.08047235012054443,
        -0.0117220189422369,
        0.9996728301048279,
        0.022734148427844048,
        -0.35809212923049927,
        -0.07065173983573914,
        -0.023506909608840942,
        0.9972240924835205,
        2.4698026180267334
    ],
    [
        0.9970501065254211,
        0.008089757524430752,
        0.07632525265216827,
        -0.074923574924469,
        -0.010190059430897236,
        0.9995788335800171,
        0.027168575674295425,
        -0.3781377077102661,
        -0.07607332617044449,
        -0.027866192162036896,
        0.9967126846313477,
        2.5927634239196777
    ],
    [
        0.9965752363204956,
        0.005936621688306332,
        0.08247777074575424,
        -0.06751086562871933,
        -0.00842054933309555,
        0.9995203614234924,
        0.029801199212670326,
        -0.39387789368629456,
        -0.08226129412651062,
        -0.03039364702999592,
        0.9961471557617188,
        2.717555284500122
    ],
    [
        0.9956986308097839,
        0.0061711594462394714,
        0.09244436025619507,
        -0.06885187327861786,
        -0.009217687882483006,
        0.9994271993637085,
        0.03256462514400482,
        -0.4079175889492035,
        -0.0921904593706131,
        -0.03327668458223343,
        0.995185136795044,
        2.840810775756836
    ],
    [
        0.9945857524871826,
        0.002360567217692733,
        0.10389278084039688,
        -0.07282495498657227,
        -0.0062321326695382595,
        0.9992974400520325,
        0.036956194788217545,
        -0.4292088747024536,
        -0.10373254865407944,
        -0.03740357607603073,
        0.9939016699790955,
        2.9561643600463867
    ],
    [
        0.9931676387786865,
        0.0011076467344537377,
        0.11669141799211502,
        -0.08253931254148483,
        -0.005642482545226812,
        0.9992411136627197,
        0.038538608700037,
        -0.4424824118614197,
        -0.1165601909160614,
        -0.03893372416496277,
        0.9924202561378479,
        3.0624313354492188
    ],
    [
        0.9919745326042175,
        -0.0008317197789438069,
        0.12643544375896454,
        -0.08274401724338531,
        -0.004192483611404896,
        0.9992121458053589,
        0.039466019719839096,
        -0.4525454342365265,
        -0.1263686567544937,
        -0.03967935964465141,
        0.9911894798278809,
        3.1652252674102783
    ],
    [
        0.9911216497421265,
        -0.00329731497913599,
        0.13291716575622559,
        -0.0758143961429596,
        -0.002175278728827834,
        0.9991565346717834,
        0.04100673273205757,
        -0.46436846256256104,
        -0.13294026255607605,
        -0.04093179851770401,
        0.990278422832489,
        3.265320301055908
    ]
]