[
    [
        0.9997668862342834,
        -0.021583175286650658,
        -0.0005801199586130679,
        -0.009371653199195862,
        0.021576862782239914,
        0.9997240900993347,
        -0.009284461848437786,
        0.011197976768016815,
        0.0007803481421433389,
        0.009269780479371548,
        0.9999567270278931,
        0.25327765941619873
    ],
    [
        0.9995812773704529,
        -0.027594536542892456,
        -0.008707244880497456,
        -0.016705069690942764,
        0.027543410658836365,
        0.9996029734611511,
        -0.005937900394201279,
        0.009287253953516483,
        0.008867640979588032,
        0.005695587024092674,
        0.9999444484710693,
        0.34354519844055176
    ],
    [
        0.9993483424186707,
        -0.030123736709356308,
        -0.019890371710062027,
        -0.038088224828243256,
        0.03007923625409603,
        0.9995443224906921,
        -0.0025328579358756542,
        0.0040011112578213215,
        0.019957605749368668,
        0.0019329199567437172,
        0.9997989535331726,
        0.45087552070617676
    ],
    [
        0.9991427659988403,
        -0.029167624190449715,
        -0.029378458857536316,
        -0.06269039958715439,
        0.02908582240343094,
        0.9995718002319336,
        -0.0032080819364637136,
        -0.00917503610253334,
        0.029459450393915176,
        0.002350835595279932,
        0.9995632767677307,
        0.5587685704231262
    ],
    [
        0.9986433386802673,
        -0.03260169178247452,
        -0.0406012125313282,
        -0.07323611527681351,
        0.032428111881017685,
        0.9994619488716125,
        -0.004926668480038643,
        -0.012651769444346428,
        0.040739987045526505,
        0.0036033643409609795,
        0.9991633892059326,
        0.645572304725647
    ],
    [
        0.9978935122489929,
        -0.03698836266994476,
        -0.053294260054826736,
        -0.06607019156217575,
        0.036577243357896805,
        0.9992932677268982,
        -0.008669269271194935,
        -0.025274747982621193,
        0.053577251732349396,
        0.006701651029288769,
        0.9985412359237671,
        0.754453718662262
    ],
    [
        0.9969514608383179,
        -0.038378238677978516,
        -0.06793252378702164,
        -0.045699186623096466,
        0.03733842074871063,
        0.9991663098335266,
        -0.016511179506778717,
        -0.04318741708993912,
        0.06850956380367279,
        0.013924350962042809,
        0.997553288936615,
        0.8631967902183533
    ],
    [
        0.9959150552749634,
        -0.03606812655925751,
        -0.08277902752161026,
        -0.026030967012047768,
        0.034141987562179565,
        0.9991150498390198,
        -0.024567674845457077,
        -0.053048353642225266,
        0.08359186351299286,
        0.0216410793364048,
        0.9962651133537292,
        0.951644241809845
    ],
    [
        0.9943068027496338,
        -0.03254430741071701,
        -0.10146395862102509,
        -0.007645782548934221,
        0.02979104407131672,
        0.9991487860679626,
        -0.02853395603597164,
        -0.05945181846618652,
        0.10230620950460434,
        0.025348789989948273,
        0.9944299459457397,
        1.0718616247177124
    ],
    [
        0.9919406771659851,
        -0.029103243723511696,
        -0.12331490963697433,
        0.00931625347584486,
        0.025751128792762756,
        0.9992566704750061,
        -0.028690896928310394,
        -0.07385630905628204,
        0.12405821681022644,
        0.025284169241786003,
        0.9919525980949402,
        1.2026082277297974
    ],
    [
        0.9893538951873779,
        -0.02741704322397709,
        -0.1429239958524704,
        0.035056985914707184,
        0.02339763008058071,
        0.9992841482162476,
        -0.029728252440690994,
        -0.07828858494758606,
        0.1436367630958557,
        0.02606767602264881,
        0.9892871379852295,
        1.313871145248413
    ],
    [
        0.9857494235038757,
        -0.030166538432240486,
        -0.16549314558506012,
        0.09378207474946976,
        0.025397514924407005,
        0.9992009997367859,
        -0.030858386307954788,
        -0.08513336628675461,
        0.16629180312156677,
        0.02621552348136902,
        0.9857280850410461,
        1.4464291334152222
    ],
    [
        0.9813140034675598,
        -0.03160646930336952,
        -0.18979975581169128,
        0.1679978370666504,
        0.025479018688201904,
        0.9990751147270203,
        -0.03463819995522499,
        -0.09953495860099792,
        0.19071899354457855,
        0.029155034571886063,
        0.9812116622924805,
        1.5713728666305542
    ],
    [
        0.9778153300285339,
        -0.027950992807745934,
        -0.20759578049182892,
        0.2223493456840515,
        0.020428553223609924,
        0.9990577697753906,
        -0.03829221427440643,
        -0.10202962160110474,
        0.20847047865390778,
        0.033201832324266434,
        0.9774650931358337,
        1.6806844472885132
    ],
    [
        0.9739569425582886,
        -0.020754516124725342,
        -0.22578155994415283,
        0.27156853675842285,
        0.012296197935938835,
        0.9991711974143982,
        -0.038804538547992706,
        -0.10707851499319077,
        0.22639980912208557,
        0.03501768782734871,
        0.9734048843383789,
        1.8164186477661133
    ],
    [
        0.9685508608818054,
        -0.017906131222844124,
        -0.2481706440448761,
        0.3298872709274292,
        0.00962606817483902,
        0.9993569850921631,
        -0.03453785553574562,
        -0.11211290955543518,
        0.24862952530384064,
        0.031062763184309006,
        0.9681005477905273,
        1.9523053169250488
    ],
    [
        0.9623969793319702,
        -0.017084062099456787,
        -0.2711091637611389,
        0.3943920433521271,
        0.009995567612349987,
        0.999571681022644,
        -0.027505675330758095,
        -0.11325975507497787,
        0.27146294713020325,
        0.023761488497257233,
        0.9621555805206299,
        2.0851709842681885
    ],
    [
        0.9540745615959167,
        -0.01598227769136429,
        -0.2991427779197693,
        0.47762349247932434,
        0.010397201403975487,
        0.9997407793998718,
        -0.020252671092748642,
        -0.12729953229427338,
        0.2993888258934021,
        0.016212312504649162,
        0.9539933800697327,
        2.23649525642395
    ],
    [
        0.9450784921646118,
        -0.010948368348181248,
        -0.3266599774360657,
        0.5378248691558838,
        0.006440900266170502,
        0.999868631362915,
        -0.014877187088131905,
        -0.1283881962299347,
        0.32677996158599854,
        0.011956119909882545,
        0.945024847984314,
        2.3877615928649902
    ],
    [
        0.9361045360565186,
        -0.004538367502391338,
        -0.35169270634651184,
        0.5695469379425049,
        0.0017280881293118,
        0.9999640583992004,
        -0.008304200135171413,
        -0.13750243186950684,
        0.3517177700996399,
        0.007165843620896339,
        0.9360786080360413,
        2.529280662536621
    ],
    [
        0.9247867465019226,
        0.0037873934488743544,
        -0.38046687841415405,
        0.5964750647544861,
        -0.005995781160891056,
        0.9999713897705078,
        -0.004619439132511616,
        -0.1488867700099945,
        0.38043850660324097,
        0.006553199607878923,
        0.9247829914093018,
        2.678086757659912
    ],
    [
        0.9104558825492859,
        0.007809842471033335,
        -0.41353246569633484,
        0.6260544061660767,
        -0.00915540661662817,
        0.999957263469696,
        -0.0012721981620416045,
        -0.15689338743686676,
        0.41350477933883667,
        0.004944340791553259,
        0.910488486289978,
        2.8321144580841064
    ],
    [
        0.8953133225440979,
        0.009951683692634106,
        -0.44532567262649536,
        0.6522465944290161,
        -0.012302138842642307,
        0.9999213814735413,
        -0.002387865912169218,
        -0.16329030692577362,
        0.4452669024467468,
        0.00761635135859251,
        0.8953655362129211,
        2.967031478881836
    ],
    [
        0.8810086250305176,
        0.010255454108119011,
        -0.4729892313480377,
        0.6427782773971558,
        -0.014396024867892265,
        0.9998831748962402,
        -0.005134927108883858,
        -0.1615033745765686,
        0.4728812873363495,
        0.011333080008625984,
        0.8810532093048096,
        3.1163461208343506
    ],
    [
        0.8686978816986084,
        0.011458255350589752,
        -0.4952097237110138,
        0.5860167741775513,
        -0.016167938709259033,
        0.9998555779457092,
        -0.005226992070674896,
        -0.16666315495967865,
        0.49507826566696167,
        0.012547200545668602,
        0.8687577247619629,
        3.2809691429138184
    ]
]