[
    [
        0.9396268725395203,
        -0.012283768504858017,
        0.3419802188873291,
        0.7592430710792542,
        0.011807485483586788,
        0.9999243021011353,
        0.003474494908004999,
        -0.011446838267147541,
        -0.34199702739715576,
        0.0007731982041150331,
        0.939700722694397,
        -0.3194578289985657
    ],
    [
        0.9311938881874084,
        -0.012153774499893188,
        0.36432161927223206,
        0.7854243516921997,
        0.01238139346241951,
        0.9999219179153442,
        0.0017109799664467573,
        -0.008768112398684025,
        -0.3643139600753784,
        0.002917555160820484,
        0.9312716126441956,
        -0.32877397537231445
    ],
    [
        0.9229252934455872,
        -0.011759234592318535,
        0.38479936122894287,
        0.8112804293632507,
        0.012799011543393135,
        0.9999180436134338,
        -0.00014100910630077124,
        -0.0062844520434737206,
        -0.384766161441803,
        0.005055192392319441,
        0.9230002164840698,
        -0.33811771869659424
    ],
    [
        0.9148501753807068,
        -0.011660599149763584,
        0.4036250412464142,
        0.8344094753265381,
        0.013400345109403133,
        0.9999091625213623,
        -0.0014859541552141309,
        -0.003940247930586338,
        -0.4035710394382477,
        0.006768140476197004,
        0.9149231910705566,
        -0.34680357575416565
    ],
    [
        0.9064643383026123,
        -0.011891838163137436,
        0.4221149682998657,
        0.8593463897705078,
        0.013956365175545216,
        0.9999009370803833,
        -0.0018011309439316392,
        -0.00340624270029366,
        -0.42205172777175903,
        0.007523850072175264,
        0.9065405130386353,
        -0.3576359152793884
    ],
    [
        0.8993312120437622,
        -0.011891359463334084,
        0.43710654973983765,
        0.8774125576019287,
        0.01432942133396864,
        0.9998946785926819,
        -0.0022804199252277613,
        -0.002386081265285611,
        -0.43703341484069824,
        0.008314335718750954,
        0.899406909942627,
        -0.36564239859580994
    ],
    [
        0.8931112885475159,
        -0.012005826458334923,
        0.4496755003929138,
        0.894557535648346,
        0.014542542397975922,
        0.9998917579650879,
        -0.0021873125806450844,
        -0.002063109539449215,
        -0.44960060715675354,
        0.008492939174175262,
        0.8931893110275269,
        -0.37319788336753845
    ],
    [
        0.884861409664154,
        -0.012237497605383396,
        0.4656936526298523,
        0.9138579964637756,
        0.015003026463091373,
        0.9998849034309387,
        -0.0022321734577417374,
        -0.0018026039469987154,
        -0.4656127691268921,
        0.008961978368461132,
        0.8849432468414307,
        -0.3828057646751404
    ],
    [
        0.8779745101928711,
        -0.01260854210704565,
        0.4785413146018982,
        0.9306153059005737,
        0.015508025884628296,
        0.9998775124549866,
        -0.002107767853885889,
        -0.0020656485576182604,
        -0.47845613956451416,
        0.009271797724068165,
        0.8780624866485596,
        -0.39127039909362793
    ],
    [
        0.869388997554779,
        -0.012738380581140518,
        0.4939640462398529,
        0.9496471881866455,
        0.015961023047566414,
        0.9998700022697449,
        -0.0023070755414664745,
        -0.0015317745273932815,
        -0.49387046694755554,
        0.009889917448163033,
        0.869479238986969,
        -0.4012187421321869
    ],
    [
        0.8611963391304016,
        -0.013235962949693203,
        0.5081000328063965,
        0.9672891497612,
        0.01658099703490734,
        0.999860405921936,
        -0.002057430101558566,
        -0.0017670425586402416,
        -0.5080019235610962,
        0.010196656920015812,
        0.8612955808639526,
        -0.41116416454315186
    ],
    [
        0.8503731489181519,
        -0.013948983512818813,
        0.5259951949119568,
        0.9876698851585388,
        0.01735476590692997,
        0.9998481869697571,
        -0.0015421429416164756,
        -0.002218588488176465,
        -0.5258938074111938,
        0.010439921170473099,
        0.8504860997200012,
        -0.4227493405342102
    ],
    [
        0.8423033356666565,
        -0.014442301355302334,
        0.5388102531433105,
        1.0027296543121338,
        0.017900824546813965,
        0.9998390674591064,
        -0.0011839930666610599,
        -0.002449432387948036,
        -0.5387064218521118,
        0.010642428882420063,
        0.8424262404441833,
        -0.4318508505821228
    ],
    [
        0.8343972563743591,
        -0.014875605702400208,
        0.5509626865386963,
        1.0174676179885864,
        0.018399080261588097,
        0.9998303055763245,
        -0.0008694977150298655,
        -0.002619874430820346,
        -0.5508562922477722,
        0.010862714610993862,
        0.8345293402671814,
        -0.44105803966522217
    ],
    [
        0.825232744216919,
        -0.015378612093627453,
        0.564583420753479,
        1.0347989797592163,
        0.018847033381462097,
        0.9998224377632141,
        -0.0003140551852993667,
        -0.0031499576289206743,
        -0.56447833776474,
        0.010899893008172512,
        0.8253759145736694,
        -0.45202577114105225
    ],
    [
        0.8175824880599976,
        -0.015630245208740234,
        0.5755993127822876,
        1.0478925704956055,
        0.019193528220057487,
        0.9998157620429993,
        -0.00011279469617875293,
        -0.00319355889223516,
        -0.5754915475845337,
        0.011140001006424427,
        0.8177319169044495,
        -0.4608725607395172
    ],
    [
        0.8110620379447937,
        -0.01566297560930252,
        0.5847504138946533,
        1.0587091445922852,
        0.019514577463269234,
        0.9998095035552979,
        -0.00028652045875787735,
        -0.0025541677605360746,
        -0.5846344828605652,
        0.011643544770777225,
        0.8112131953239441,
        -0.46779391169548035
    ],
    [
        0.8054719567298889,
        -0.016271520406007767,
        0.5924104452133179,
        1.0695079565048218,
        0.019748462364077568,
        0.9998047351837158,
        0.0006102346233092248,
        -0.0034958552569150925,
        -0.5923047065734863,
        0.011207669042050838,
        0.8056361079216003,
        -0.4754335284233093
    ],
    [
        0.7966410517692566,
        -0.016692833974957466,
        0.6042219996452332,
        1.0838453769683838,
        0.020171893760561943,
        0.9997959733009338,
        0.001025563571602106,
        -0.003916329704225063,
        -0.6041157841682434,
        0.011371295899152756,
        0.7968153357505798,
        -0.48557615280151367
    ],
    [
        0.7886160612106323,
        -0.016945604234933853,
        0.6146523952484131,
        1.0958375930786133,
        0.02051309496164322,
        0.999788761138916,
        0.0012447204208001494,
        -0.0039058905094861984,
        -0.6145437359809875,
        0.011626819148659706,
        0.7887970805168152,
        -0.49429333209991455
    ],
    [
        0.781877338886261,
        -0.01701187714934349,
        0.623199999332428,
        1.1079270839691162,
        0.020985931158065796,
        0.9997792840003967,
        0.000962289166636765,
        -0.003345874138176441,
        -0.6230788826942444,
        0.012326040305197239,
        0.7820619344711304,
        -0.503218412399292
    ],
    [
        0.7739673852920532,
        -0.017345016822218895,
        0.6329878568649292,
        1.1206839084625244,
        0.021587835624814034,
        0.9997665286064148,
        0.0009995198342949152,
        -0.0033799216616898775,
        -0.6328573822975159,
        0.012891242280602455,
        0.7741611003875732,
        -0.5127742290496826
    ],
    [
        0.7694932818412781,
        -0.017332613468170166,
        0.6384196281433105,
        1.1286143064498901,
        0.02161482535302639,
        0.9997658729553223,
        0.001090335426852107,
        -0.003388777142390609,
        -0.6382890939712524,
        0.012960324063897133,
        0.7696876525878906,
        -0.518987238407135
    ],
    [
        0.7659294009208679,
        -0.017401257529854774,
        0.6426892280578613,
        1.1353685855865479,
        0.021807849407196045,
        0.9997616410255432,
        0.0010795834241434932,
        -0.0033410147298127413,
        -0.642554759979248,
        0.013188785873353481,
        0.766126275062561,
        -0.5240675210952759
    ],
    [
        0.7617498636245728,
        -0.017496120184659958,
        0.6476349830627441,
        1.142344355583191,
        0.022014522925019264,
        0.9997569918632507,
        0.0011153032537549734,
        -0.0030285967513918877,
        -0.6474971771240234,
        0.013407794758677483,
        0.761949896812439,
        -0.529471218585968
    ]
]