[
    [
        0.9999990463256836,
        -0.0002625483612064272,
        -0.00135909509845078,
        -0.008914271369576454,
        0.00026421467191539705,
        0.9999992251396179,
        0.0012262650998309255,
        -0.00018807436572387815,
        0.0013587720459327102,
        -0.0012266229605302215,
        0.9999983310699463,
        -0.002076254226267338
    ],
    [
        0.9999991059303284,
        -0.00026125568547286093,
        -0.0012857770780101418,
        -0.012777348048985004,
        0.00026289033121429384,
        0.9999992251396179,
        0.0012710951268672943,
        -0.00036802911199629307,
        0.0012854437809437513,
        -0.001271433080546558,
        0.9999983310699463,
        -0.0014201273443177342
    ],
    [
        0.9999993443489075,
        -0.00012362531560938805,
        -0.0011656176066026092,
        -0.01833922229707241,
        0.000124971687910147,
        0.9999994039535522,
        0.0011553381336852908,
        4.272390651749447e-05,
        0.0011654734844341874,
        -0.0011554829543456435,
        0.9999986886978149,
        -0.00087577203521505
    ],
    [
        0.9999994039535522,
        1.1597933735174593e-05,
        -0.0011496935039758682,
        -0.022457050159573555,
        -1.0161068530578632e-05,
        0.9999992847442627,
        0.0012498366413637996,
        -2.7231431886320934e-05,
        0.0011497077066451311,
        -0.0012498246505856514,
        0.9999985694885254,
        -0.0005455714999698102
    ],
    [
        0.9999994039535522,
        0.0002165305777452886,
        -0.0010651032207533717,
        -0.029384924098849297,
        -0.00021506042685359716,
        0.9999990463256836,
        0.0013805930502712727,
        -3.274072878411971e-05,
        0.0010654008947312832,
        -0.0013803632464259863,
        0.9999985694885254,
        0.0005944531876593828
    ],
    [
        0.9999995231628418,
        0.00039473347715102136,
        -0.0009527360671199858,
        -0.03330468013882637,
        -0.00039341955562122166,
        0.999998927116394,
        0.0013784195762127638,
        0.00013865888467989862,
        0.0009532793192192912,
        -0.0013780444860458374,
        0.9999986886978149,
        0.0010451728012412786
    ],
    [
        0.9999995231628418,
        0.00046739174285903573,
        -0.0008607711642980576,
        -0.03866978734731674,
        -0.0004660713020712137,
        0.9999987483024597,
        0.0015338989906013012,
        -3.516177457640879e-05,
        0.0008614868274889886,
        -0.0015334971249103546,
        0.9999984502792358,
        0.0017595859244465828
    ],
    [
        0.9999995231628418,
        0.0006596762104891241,
        -0.000725420715752989,
        -0.04535004124045372,
        -0.000658567703794688,
        0.9999986290931702,
        0.0015268984716385603,
        0.00026593441725708544,
        0.0007264272426255047,
        -0.0015264205867424607,
        0.9999985694885254,
        0.0027133459225296974
    ],
    [
        0.999999463558197,
        0.0007978117209859192,
        -0.0006704708212055266,
        -0.04936947301030159,
        -0.0007967983838170767,
        0.9999985694885254,
        0.001509259920567274,
        0.0005085763405077159,
        0.0006716731004416943,
        -0.0015087248757481575,
        0.9999985694885254,
        0.0030529703944921494
    ],
    [
        0.9999994039535522,
        0.0009029717184603214,
        -0.0007129146251827478,
        -0.054721951484680176,
        -0.0009017323609441519,
        0.9999980330467224,
        0.0017373119480907917,
        0.00040246808202937245,
        0.0007144823903217912,
        -0.0017366678221151233,
        0.9999982118606567,
        0.003894179593771696
    ],
    [
        0.9999993443489075,
        0.0010153669863939285,
        -0.0006097769364714622,
        -0.0590704083442688,
        -0.0010142939863726497,
        0.9999979734420776,
        0.0017573739169165492,
        0.000433238543337211,
        0.0006115601281635463,
        -0.001756754470989108,
        0.9999983310699463,
        0.004620153922587633
    ],
    [
        0.9999991059303284,
        0.0012095487909391522,
        -0.0005602883757092059,
        -0.0644717812538147,
        -0.0012085802154615521,
        0.9999977350234985,
        0.001726230839267373,
        0.0006316250655800104,
        0.0005623748293146491,
        -0.0017255523707717657,
        0.9999984502792358,
        0.00539587764069438
    ],
    [
        0.9999989867210388,
        0.0013623659033328295,
        -0.0006044608308002353,
        -0.06961316615343094,
        -0.0013613133924081922,
        0.9999975562095642,
        0.00173869077116251,
        0.0006328978925012052,
        0.0006068283109925687,
        -0.0017378663178533316,
        0.9999983310699463,
        0.00593184819445014
    ],
    [
        0.9999986886978149,
        0.0015103821642696857,
        -0.0006494005210697651,
        -0.0734819546341896,
        -0.001509183319285512,
        0.9999971985816956,
        0.0018428305629640818,
        0.0005895271897315979,
        0.0006521816249005497,
        -0.0018418474355712533,
        0.9999980926513672,
        0.006173510104417801
    ],
    [
        0.9999985694885254,
        0.0015850490890443325,
        -0.0007183906272985041,
        -0.07828929275274277,
        -0.001583616016432643,
        0.9999967813491821,
        0.0019909145776182413,
        0.0005077234236523509,
        0.0007215443765744567,
        -0.0019897744059562683,
        0.9999977350234985,
        0.006818597670644522
    ],
    [
        0.9999985694885254,
        0.0016656270017847419,
        -0.0006361431442201138,
        -0.0823715478181839,
        -0.0016643323469907045,
        0.9999966025352478,
        0.002030496019870043,
        0.000513545935973525,
        0.0006395229138433933,
        -0.0020294340793043375,
        0.9999977350234985,
        0.007649868726730347
    ],
    [
        0.9999984502792358,
        0.0016948155825957656,
        -0.000593040487729013,
        -0.08781177550554276,
        -0.001693618600256741,
        0.999996542930603,
        0.0020123817957937717,
        0.0006804057047702372,
        0.0005964496522210538,
        -0.0020113743375986814,
        0.9999978542327881,
        0.008247863501310349
    ],
    [
        0.9999983310699463,
        0.0017246230272576213,
        -0.0006558785098604858,
        -0.09149347990751266,
        -0.0017232801765203476,
        0.9999964237213135,
        0.0020427186973392963,
        0.0007205053698271513,
        0.0006593996076844633,
        -0.0020415852777659893,
        0.9999977350234985,
        0.008617829531431198
    ],
    [
        0.9999983310699463,
        0.0017598936101421714,
        -0.0006279624649323523,
        -0.09670040756464005,
        -0.0017586213070899248,
        0.9999963641166687,
        0.0020215685945004225,
        0.0008848235011100769,
        0.0006315184291452169,
        -0.002020461019128561,
        0.9999977350234985,
        0.009260202758014202
    ],
    [
        0.999998152256012,
        0.0018462889129295945,
        -0.0005903974524699152,
        -0.10197335481643677,
        -0.0018450282514095306,
        0.9999960660934448,
        0.0021290250588208437,
        0.0007665574084967375,
        0.0005943253636360168,
        -0.002127932384610176,
        0.9999974966049194,
        0.009997038170695305
    ],
    [
        0.999998152256012,
        0.0018698032945394516,
        -0.0004908231203444302,
        -0.10649242997169495,
        -0.0018687297124415636,
        0.9999958276748657,
        0.002178253373131156,
        0.0007590812165290117,
        0.0004948939313180745,
        -0.002177331829443574,
        0.9999974966049194,
        0.010764677077531815
    ],
    [
        0.9999982118606567,
        0.0018626698292791843,
        -0.00046786226448602974,
        -0.11268258094787598,
        -0.00186163152102381,
        0.9999958276748657,
        0.002208507154136896,
        0.0007628991734236479,
        0.00047197382082231343,
        -0.0022076319437474012,
        0.9999974966049194,
        0.011338697746396065
    ],
    [
        0.9999980926513672,
        0.0019291532225906849,
        -0.0006314078345894814,
        -0.11697206646203995,
        -0.0019277583342045546,
        0.999995768070221,
        0.0022024589125066996,
        0.0009070067899301648,
        0.0006356532103382051,
        -0.002201236318796873,
        0.9999973773956299,
        0.011628860607743263
    ],
    [
        0.9999978542327881,
        0.0020086728036403656,
        -0.000586358190048486,
        -0.12252069264650345,
        -0.002007344039157033,
        0.9999954700469971,
        0.002258943160995841,
        0.0010223998688161373,
        0.0005908928578719497,
        -0.0022577610798180103,
        0.9999972581863403,
        0.012297220528125763
    ],
    [
        0.9999976754188538,
        0.002085363259539008,
        -0.0005728811956942081,
        -0.12940053641796112,
        -0.0020839818753302097,
        0.9999949336051941,
        0.0024008871987462044,
        0.0010193883208557963,
        0.0005778847844339907,
        -0.002399688120931387,
        0.9999969005584717,
        0.01339426077902317
    ]
]