[
    [
        0.9982941746711731,
        -0.02091657929122448,
        0.054509371519088745,
        -0.043132372200489044,
        0.024755733087658882,
        0.9971878528594971,
        -0.070735402405262,
        0.15966010093688965,
        -0.0528765432536602,
        0.07196415215730667,
        0.9960046410560608,
        0.38491445779800415
    ],
    [
        0.9965118765830994,
        -0.025708528235554695,
        0.07939223200082779,
        -0.07627470791339874,
        0.03389020636677742,
        0.9940528273582458,
        -0.1034906655550003,
        0.22877757251262665,
        -0.07625949382781982,
        0.10582029819488525,
        0.9914566874504089,
        0.5197926163673401
    ],
    [
        0.9935210347175598,
        -0.030599256977438927,
        0.10945107042789459,
        -0.09485247731208801,
        0.04560772329568863,
        0.9894694685935974,
        -0.13736923038959503,
        0.267832487821579,
        -0.10409507900476456,
        0.1414710432291031,
        0.9844542145729065,
        0.6431757807731628
    ],
    [
        0.9903377890586853,
        -0.0351596437394619,
        0.13414521515369415,
        -0.07963427901268005,
        0.055519312620162964,
        0.9869433641433716,
        -0.15119656920433044,
        0.3328322470188141,
        -0.12707771360874176,
        0.15718333423137665,
        0.9793592691421509,
        0.7859230637550354
    ],
    [
        0.9845027923583984,
        -0.03977940231561661,
        0.1707979440689087,
        -0.07046221941709518,
        0.06869854032993317,
        0.9835759401321411,
        -0.16690972447395325,
        0.37053754925727844,
        -0.16135317087173462,
        0.1760566532611847,
        0.9710659980773926,
        0.9276865720748901
    ],
    [
        0.9727922081947327,
        -0.04674915596842766,
        0.2269134521484375,
        -0.06504460424184799,
        0.08881731331348419,
        0.9798511266708374,
        -0.17889456450939178,
        0.3987768292427063,
        -0.21397823095321655,
        0.19418111443519592,
        0.9573437571525574,
        1.0555697679519653
    ],
    [
        0.9579275250434875,
        -0.05277348309755325,
        0.28211671113967896,
        -0.02916833572089672,
        0.11062397807836533,
        0.974891722202301,
        -0.19325807690620422,
        0.3761841356754303,
        -0.26483428478240967,
        0.21633610129356384,
        0.9397135972976685,
        1.1358267068862915
    ],
    [
        0.943090558052063,
        -0.058664433658123016,
        0.32732054591178894,
        0.05825601890683174,
        0.12858347594738007,
        0.9720851182937622,
        -0.19625723361968994,
        0.36488276720046997,
        -0.3066701292991638,
        0.22717636823654175,
        0.9243074655532837,
        1.225482702255249
    ],
    [
        0.9331810474395752,
        -0.06078371778130531,
        0.35422924160957336,
        0.16069482266902924,
        0.13840247690677643,
        0.970361590385437,
        -0.19809883832931519,
        0.3678959012031555,
        -0.3316892683506012,
        0.23388829827308655,
        0.913935661315918,
        1.3082599639892578
    ],
    [
        0.9251591563224792,
        -0.062467314302921295,
        0.37440401315689087,
        0.2683449387550354,
        0.14478181302547455,
        0.9698687791824341,
        -0.19594112038612366,
        0.3693273961544037,
        -0.3508828580379486,
        0.2354835569858551,
        0.9063270688056946,
        1.39383065700531
    ],
    [
        0.9209804534912109,
        -0.06272608041763306,
        0.38452625274658203,
        0.37309151887893677,
        0.14807787537574768,
        0.969247043132782,
        -0.19655287265777588,
        0.38054513931274414,
        -0.36037197709083557,
        0.23796120285987854,
        0.901945948600769,
        1.4729796648025513
    ],
    [
        0.9206939339637756,
        -0.06255457550287247,
        0.3852395713329315,
        0.48982998728752136,
        0.14826974272727966,
        0.9691294431686401,
        -0.19698798656463623,
        0.36880621314048767,
        -0.36102452874183655,
        0.23848503828048706,
        0.9015465974807739,
        1.5302320718765259
    ],
    [
        0.9213670492172241,
        -0.0630744993686676,
        0.3835419714450836,
        0.6086516380310059,
        0.1488128900527954,
        0.9688063263893127,
        -0.19816425442695618,
        0.37226390838623047,
        -0.3590787351131439,
        0.23965802788734436,
        0.9020124673843384,
        1.5635758638381958
    ],
    [
        0.9240608215332031,
        -0.06247256323695183,
        0.3771058917045593,
        0.7315316796302795,
        0.14653506875038147,
        0.9690788388252258,
        -0.19852907955646515,
        0.38433411717414856,
        -0.35304272174835205,
        0.2387121617794037,
        0.9046422243118286,
        1.5628381967544556
    ],
    [
        0.9360852837562561,
        -0.05755800008773804,
        0.347032368183136,
        0.8519315123558044,
        0.13458901643753052,
        0.9700628519058228,
        -0.20214803516864777,
        0.40135377645492554,
        -0.32500800490379333,
        0.2359345704317093,
        0.9158082008361816,
        1.5514845848083496
    ],
    [
        0.9581393599510193,
        -0.04653944820165634,
        0.2824944853782654,
        0.9679820537567139,
        0.10952117294073105,
        0.9712314009666443,
        -0.21145890653133392,
        0.39082619547843933,
        -0.2645263075828552,
        0.2335462123155594,
        0.9356718063354492,
        1.5439659357070923
    ],
    [
        0.9848368167877197,
        -0.03034784272313118,
        0.17080843448638916,
        1.0804905891418457,
        0.06827530264854431,
        0.9729273915290833,
        -0.22079573571681976,
        0.37772658467292786,
        -0.15948355197906494,
        0.2291097790002823,
        0.960246741771698,
        1.4963061809539795
    ],
    [
        0.9975555539131165,
        -0.016715021803975105,
        0.06784919649362564,
        1.2030099630355835,
        0.03179170936346054,
        0.9732216596603394,
        -0.22765982151031494,
        0.3758133351802826,
        -0.06222700700163841,
        0.2292603999376297,
        0.9713739156723022,
        1.433868169784546
    ],
    [
        0.9994553923606873,
        -0.0024007665924727917,
        -0.032910723239183426,
        1.3152250051498413,
        -0.0051745143719017506,
        0.9736086130142212,
        -0.2281653881072998,
        0.3768945634365082,
        0.03259003534913063,
        0.22821149230003357,
        0.9730660915374756,
        1.3617627620697021
    ],
    [
        0.9931031465530396,
        0.008684441447257996,
        -0.11692232638597488,
        1.4134893417358398,
        -0.03504911810159683,
        0.9736404418945312,
        -0.22537952661514282,
        0.3722037374973297,
        0.1118830069899559,
        0.22792312502861023,
        0.9672297835350037,
        1.269643783569336
    ],
    [
        0.9828622341156006,
        0.0187901072204113,
        -0.18338167667388916,
        1.497544288635254,
        -0.06018182635307312,
        0.9729917645454407,
        -0.2228565365076065,
        0.35448503494262695,
        0.17424139380455017,
        0.2300734966993332,
        0.9574477076530457,
        1.16334867477417
    ],
    [
        0.9684996008872986,
        0.02702261693775654,
        -0.2475442886352539,
        1.5848928689956665,
        -0.08266904205083847,
        0.97260582447052,
        -0.21726426482200623,
        0.34175658226013184,
        0.23489190638065338,
        0.2308845967054367,
        0.9442023634910583,
        1.0453922748565674
    ],
    [
        0.954836905002594,
        0.03377124294638634,
        -0.29520535469055176,
        1.6590429544448853,
        -0.10100535303354263,
        0.9712459444999695,
        -0.2155904918909073,
        0.33114510774612427,
        0.27943623065948486,
        0.23567107319831848,
        0.9307923913002014,
        0.9067955017089844
    ],
    [
        0.9407281875610352,
        0.03802860528230667,
        -0.337022602558136,
        1.7081130743026733,
        -0.11620877683162689,
        0.9696851372718811,
        -0.2149561643600464,
        0.3373442590236664,
        0.3186313807964325,
        0.24138031899929047,
        0.9166294932365417,
        0.765828013420105
    ],
    [
        0.9319016933441162,
        0.03952663764357567,
        -0.3605509102344513,
        1.731113314628601,
        -0.12480985373258591,
        0.968285322189331,
        -0.21643951535224915,
        0.33977651596069336,
        0.34056106209754944,
        0.24670065939426422,
        0.9072799682617188,
        0.6268762350082397
    ]
]