[
    [
        0.9998388290405273,
        0.0038490507286041975,
        -0.017538733780384064,
        -0.0002374113246332854,
        -0.0035484435502439737,
        0.999846875667572,
        0.01713857799768448,
        -0.0730353444814682,
        0.017602015286684036,
        -0.017073579132556915,
        0.9996992349624634,
        0.9096845388412476
    ],
    [
        0.9995419979095459,
        0.006036096252501011,
        -0.029652906581759453,
        0.016919922083616257,
        -0.005361453164368868,
        0.9997261762619019,
        0.02277836576104164,
        -0.09439821541309357,
        0.029782278463244438,
        -0.02260895073413849,
        0.9993007183074951,
        1.0154786109924316
    ],
    [
        0.9993487596511841,
        0.007486639078706503,
        -0.035299770534038544,
        0.021229522302746773,
        -0.006531356833875179,
        0.9996113181114197,
        0.02710011601448059,
        -0.10657864809036255,
        0.03548894077539444,
        -0.02685190923511982,
        0.9990092515945435,
        1.1463203430175781
    ],
    [
        0.999409019947052,
        0.008844958618283272,
        -0.03321637585759163,
        0.012066573835909367,
        -0.00774459820240736,
        0.9994217157363892,
        0.03311078995466232,
        -0.12577179074287415,
        0.03349003195762634,
        -0.03283397853374481,
        0.9988996386528015,
        1.2590322494506836
    ],
    [
        0.9994108080863953,
        0.009015901945531368,
        -0.0331166535615921,
        0.027293331921100616,
        -0.007993878796696663,
        0.9994916319847107,
        0.030865106731653214,
        -0.12669746577739716,
        0.03337809070944786,
        -0.030582191422581673,
        0.9989747405052185,
        1.37936270236969
    ],
    [
        0.9993873238563538,
        0.006692211143672466,
        -0.03435465320944786,
        0.054256994277238846,
        -0.005726178176701069,
        0.9995876550674438,
        0.02814118005335331,
        -0.13645927608013153,
        0.034528814256191254,
        -0.02792721800506115,
        0.9990134239196777,
        1.4922356605529785
    ],
    [
        0.9994986653327942,
        0.0017919985111802816,
        -0.03160905838012695,
        0.0702785775065422,
        -0.0008823535172268748,
        0.9995856285095215,
        0.02876848354935646,
        -0.15078911185264587,
        0.03164750710129738,
        -0.02872617356479168,
        0.9990862607955933,
        1.6005116701126099
    ],
    [
        0.9997545480728149,
        -0.003813277231529355,
        -0.021824900060892105,
        0.06486328691244125,
        0.004390810616314411,
        0.9996398091316223,
        0.026475675404071808,
        -0.15443937480449677,
        0.021716078743338585,
        -0.026565002277493477,
        0.9994111657142639,
        1.7135584354400635
    ],
    [
        0.9997726082801819,
        -0.009870707988739014,
        -0.018901705741882324,
        0.07633014023303986,
        0.010181971825659275,
        0.9998130202293396,
        0.016442760825157166,
        -0.1296098381280899,
        0.018735866993665695,
        -0.016631480306386948,
        0.9996862411499023,
        1.8245786428451538
    ],
    [
        0.9995463490486145,
        -0.01448450144380331,
        -0.026408568024635315,
        0.111601322889328,
        0.014272942207753658,
        0.9998646378517151,
        -0.008181973360478878,
        -0.06948823481798172,
        0.02652350440621376,
        0.007801332976669073,
        0.9996177554130554,
        1.9629185199737549
    ],
    [
        0.9994251132011414,
        -0.01683497056365013,
        -0.029427405446767807,
        0.11145719885826111,
        0.016119586303830147,
        0.9995728731155396,
        -0.024380607530474663,
        -0.042652569711208344,
        0.029825279489159584,
        0.0238922331482172,
        0.9992695450782776,
        2.0870635509490967
    ],
    [
        0.9993810057640076,
        -0.016512969508767128,
        -0.031066294759511948,
        0.08840816468000412,
        0.015314185991883278,
        0.9991436004638672,
        -0.03843788430094719,
        -0.026456084102392197,
        0.03167441487312317,
        0.03793833404779434,
        0.9987779259681702,
        2.2298073768615723
    ],
    [
        0.9992860555648804,
        -0.012890043668448925,
        -0.0355149544775486,
        0.07870042324066162,
        0.011341653764247894,
        0.9989907741546631,
        -0.04345998540520668,
        -0.04336137697100639,
        0.0360393151640892,
        0.043026152998209,
        0.9984238147735596,
        2.3613815307617188
    ],
    [
        0.9990745186805725,
        -0.009812448173761368,
        -0.04188098758459091,
        0.0838017612695694,
        0.00781730655580759,
        0.9988388419151306,
        -0.04753907769918442,
        -0.06330282241106033,
        0.042298827320337296,
        0.04716768115758896,
        0.9979909062385559,
        2.49411678314209
    ],
    [
        0.9988943338394165,
        -0.008426373824477196,
        -0.046250227838754654,
        0.089877650141716,
        0.0062085590325295925,
        0.9988333582878113,
        -0.04788839817047119,
        -0.09113986045122147,
        0.04659980162978172,
        0.04754829779267311,
        0.9977813363075256,
        2.6242353916168213
    ],
    [
        0.9988842010498047,
        -0.009247285313904285,
        -0.0463101826608181,
        0.08680649846792221,
        0.006834947969764471,
        0.9986246228218079,
        -0.05198092386126518,
        -0.10688337683677673,
        0.04672717675566673,
        0.05160640552639961,
        0.9975736737251282,
        2.7609477043151855
    ],
    [
        0.9990141987800598,
        -0.01058630459010601,
        -0.04311186447739601,
        0.07825600355863571,
        0.008351020514965057,
        0.9986276626586914,
        -0.05170240253210068,
        -0.1395510882139206,
        0.043600037693977356,
        0.05129140242934227,
        0.9977314472198486,
        2.891423463821411
    ],
    [
        0.9989161491394043,
        -0.01336105726659298,
        -0.04458628222346306,
        0.09416978061199188,
        0.010797377675771713,
        0.9983012676239014,
        -0.057252757251262665,
        -0.1522388458251953,
        0.045275501906871796,
        0.05670929327607155,
        0.9973636865615845,
        3.0244104862213135
    ],
    [
        0.9986209273338318,
        -0.015104666352272034,
        -0.05027969926595688,
        0.1215667873620987,
        0.012074504978954792,
        0.9981233477592468,
        -0.06003350019454956,
        -0.17742714285850525,
        0.05109212547540665,
        0.0593436025083065,
        0.9969292879104614,
        3.1508371829986572
    ],
    [
        0.9984994530677795,
        -0.01352857705205679,
        -0.053065162152051926,
        0.12891700863838196,
        0.010205773636698723,
        0.9979992508888245,
        -0.062395963817834854,
        -0.2042309045791626,
        0.05380312725901604,
        0.061760760843753815,
        0.9966397881507874,
        3.2759275436401367
    ],
    [
        0.9981600642204285,
        -0.012493322603404522,
        -0.05933292955160141,
        0.14567916095256805,
        0.008334634825587273,
        0.9975242018699646,
        -0.06982789933681488,
        -0.2172529101371765,
        0.06005841866135597,
        0.0692048966884613,
        0.9957929849624634,
        3.39760684967041
    ],
    [
        0.9976794123649597,
        -0.010143876075744629,
        -0.06732811033725739,
        0.16411738097667694,
        0.005305722821503878,
        0.9974154829978943,
        -0.07165281474590302,
        -0.24007579684257507,
        0.06788094341754913,
        0.07112932205200195,
        0.9951545596122742,
        3.514606475830078
    ],
    [
        0.996742844581604,
        -0.00877700187265873,
        -0.08016707003116608,
        0.19662505388259888,
        0.0026772867422550917,
        0.9971132874488831,
        -0.0758802741765976,
        -0.2500012516975403,
        0.08060165494680405,
        0.07541847974061966,
        0.9938891530036926,
        3.6233088970184326
    ],
    [
        0.9962533712387085,
        -0.006926838308572769,
        -0.08620431274175644,
        0.2084377110004425,
        0.0003988670068792999,
        0.9971445202827454,
        -0.07551462203264236,
        -0.26753365993499756,
        0.0864812433719635,
        0.07519731670618057,
        0.9934114813804626,
        3.7264909744262695
    ],
    [
        0.9962995052337646,
        -0.005266931373625994,
        -0.08578751236200333,
        0.20247973501682281,
        -0.001237092656083405,
        0.9971384406089783,
        -0.0755864754319191,
        -0.2771824598312378,
        0.08594013750553131,
        0.07541289925575256,
        0.9934421181678772,
        3.8165442943573
    ]
]