[
    [
        0.999980628490448,
        4.186541264061816e-05,
        0.006231466308236122,
        0.05875791609287262,
        -8.243158663390204e-05,
        0.9999788403511047,
        0.0065096840262413025,
        -0.005992889869958162,
        -0.006231061182916164,
        -0.006510070525109768,
        0.9999593496322632,
        0.30849748849868774
    ],
    [
        0.9999746680259705,
        -0.0001702636800473556,
        0.007130973041057587,
        0.06164553388953209,
        0.00012265333498362452,
        0.999977707862854,
        0.006676508113741875,
        -0.00748044578358531,
        -0.007131950929760933,
        -0.006675464101135731,
        0.9999523162841797,
        0.34119173884391785
    ],
    [
        0.9999687671661377,
        -0.0002894088684115559,
        0.007903982885181904,
        0.06473420560359955,
        0.00023496120411437005,
        0.9999762773513794,
        0.006888720206916332,
        -0.009261359460651875,
        -0.007905788719654083,
        -0.006886648014187813,
        0.9999450445175171,
        0.3738171458244324
    ],
    [
        0.9999645948410034,
        -0.00033828685991466045,
        0.008410490117967129,
        0.07007068395614624,
        0.00027351314201951027,
        0.9999702572822571,
        0.007701515220105648,
        -0.013192356564104557,
        -0.008412845432758331,
        -0.007698942441493273,
        0.9999350309371948,
        0.4174823760986328
    ],
    [
        0.9999622702598572,
        -0.0003760584513656795,
        0.008681987412273884,
        0.07425615191459656,
        0.00030283653177320957,
        0.9999644160270691,
        0.008433493785560131,
        -0.01653730869293213,
        -0.008684850297868252,
        -0.008430546149611473,
        0.9999268054962158,
        0.4497581720352173
    ],
    [
        0.9999595880508423,
        -0.0004125237464904785,
        0.008985995315015316,
        0.07816978543996811,
        0.00033071430516429245,
        0.9999585151672363,
        0.009103718213737011,
        -0.01967177726328373,
        -0.00898937787860632,
        -0.009100377559661865,
        0.9999182224273682,
        0.482316255569458
    ],
    [
        0.9999546408653259,
        -0.00040002711466513574,
        0.009511982090771198,
        0.08267416805028915,
        0.00031051490805111825,
        0.9999557137489319,
        0.009410073049366474,
        -0.022583330050110817,
        -0.009515325538814068,
        -0.009406693279743195,
        0.9999104738235474,
        0.5251669883728027
    ],
    [
        0.9999488592147827,
        -0.000398768053855747,
        0.01010936126112938,
        0.08537700772285461,
        0.00030250000418163836,
        0.9999546408653259,
        0.009522400796413422,
        -0.02459987998008728,
        -0.010112699121236801,
        -0.00951885525137186,
        0.9999035596847534,
        0.5566813945770264
    ],
    [
        0.9999380707740784,
        -0.0007158044609241188,
        0.011109021492302418,
        0.08850206434726715,
        0.0006086105713620782,
        0.9999533295631409,
        0.009649609215557575,
        -0.027094922959804535,
        -0.011115407571196556,
        -0.009642248973250389,
        0.9998916387557983,
        0.5988802313804626
    ],
    [
        0.9999281764030457,
        -0.0011669317027553916,
        0.011928939260542393,
        0.09038233011960983,
        0.0010512705193832517,
        0.9999524354934692,
        0.009697560220956802,
        -0.028838006779551506,
        -0.011939688585698605,
        -0.009684323333203793,
        0.9998818635940552,
        0.6301179528236389
    ],
    [
        0.9999178647994995,
        -0.0015654417220503092,
        0.012725657783448696,
        0.09217336028814316,
        0.0014398425118997693,
        0.9999502897262573,
        0.009872963652014732,
        -0.0308868158608675,
        -0.012740480713546276,
        -0.009853829629719257,
        0.9998703002929688,
        0.6613266468048096
    ],
    [
        0.9999036192893982,
        -0.0020532316993921995,
        0.013728470541536808,
        0.09453374147415161,
        0.001916634850203991,
        0.9999485611915588,
        0.009955588728189468,
        -0.03304720297455788,
        -0.013748206198215485,
        -0.009928316809237003,
        0.9998562335968018,
        0.7025454640388489
    ],
    [
        0.9998913407325745,
        -0.002408792730420828,
        0.014545626007020473,
        0.09642152488231659,
        0.0022646551951766014,
        0.9999482035636902,
        0.00991771463304758,
        -0.03401753306388855,
        -0.01456876378506422,
        -0.009883696213364601,
        0.999845027923584,
        0.734228253364563
    ],
    [
        0.9998812079429626,
        -0.002944372361525893,
        0.015131956897675991,
        0.09892799705266953,
        0.0027950445655733347,
        0.9999472498893738,
        0.009880101308226585,
        -0.03484128788113594,
        -0.015160249546170235,
        -0.009836632758378983,
        0.9998366832733154,
        0.7661823630332947
    ],
    [
        0.9998655319213867,
        -0.003658426459878683,
        0.015988418832421303,
        0.1020049974322319,
        0.0035047540441155434,
        0.9999474883079529,
        0.00962900836020708,
        -0.03513988479971886,
        -0.016022805124521255,
        -0.009571677073836327,
        0.9998258948326111,
        0.8082287311553955
    ],
    [
        0.9998582005500793,
        -0.004316294565796852,
        0.016278620809316635,
        0.10506079345941544,
        0.004156127572059631,
        0.9999427795410156,
        0.0098601458594203,
        -0.036109812557697296,
        -0.0163202453404665,
        -0.009791091084480286,
        0.9998189806938171,
        0.8396260142326355
    ],
    [
        0.9998469948768616,
        -0.005272655747830868,
        0.01667504943907261,
        0.10915238410234451,
        0.005095561034977436,
        0.9999303817749023,
        0.01064499281346798,
        -0.03813041001558304,
        -0.016730014234781265,
        -0.010558396577835083,
        0.9998043179512024,
        0.8826072812080383
    ],
    [
        0.9998361468315125,
        -0.0058604395017027855,
        0.017129039391875267,
        0.11184491962194443,
        0.005669979378581047,
        0.9999217987060547,
        0.011146665550768375,
        -0.03946186229586601,
        -0.0171930231153965,
        -0.011047717183828354,
        0.9997912049293518,
        0.9143279790878296
    ],
    [
        0.9998248219490051,
        -0.006419489625841379,
        0.017578866332769394,
        0.11418235301971436,
        0.006217502523213625,
        0.999914288520813,
        0.011520978063344955,
        -0.04017231985926628,
        -0.01765131764113903,
        -0.01140966359525919,
        0.9997791647911072,
        0.9458073377609253
    ],
    [
        0.9998026490211487,
        -0.007418197114020586,
        0.018426911905407906,
        0.11688803881406784,
        0.007204308640211821,
        0.9999061822891235,
        0.011646795086562634,
        -0.039982352405786514,
        -0.018511582165956497,
        -0.011511744000017643,
        0.9997623562812805,
        0.9877491593360901
    ],
    [
        0.9997778534889221,
        -0.008193312212824821,
        0.01941770128905773,
        0.11802015453577042,
        0.00797199085354805,
        0.9999027848243713,
        0.01144807692617178,
        -0.03920121490955353,
        -0.019509606063365936,
        -0.011290737427771091,
        0.9997459650039673,
        1.019237756729126
    ],
    [
        0.9997546076774597,
        -0.008889561519026756,
        0.02029316872358322,
        0.11913040280342102,
        0.008658595383167267,
        0.9998971223831177,
        0.01144110132008791,
        -0.03836025297641754,
        -0.020392784848809242,
        -0.011262582615017891,
        0.9997286200523376,
        1.0500562191009521
    ],
    [
        0.9997269511222839,
        -0.009602528996765614,
        0.021306343376636505,
        0.12136147171258926,
        0.009356971830129623,
        0.9998889565467834,
        0.011594940908253193,
        -0.037099819630384445,
        -0.021415317431092262,
        -0.011392410844564438,
        0.9997057914733887,
        1.0911498069763184
    ],
    [
        0.9997073411941528,
        -0.010228178463876247,
        0.021924227476119995,
        0.12349852919578552,
        0.00997246615588665,
        0.999881386756897,
        0.011741246096789837,
        -0.03600645065307617,
        -0.022041713818907738,
        -0.011519171297550201,
        0.9996907711029053,
        1.1221860647201538
    ],
    [
        0.9996709823608398,
        -0.011175155639648438,
        0.02308722957968712,
        0.12603698670864105,
        0.010904232040047646,
        0.9998705983161926,
        0.011827467009425163,
        -0.03382987901568413,
        -0.02321641705930233,
        -0.011571826413273811,
        0.9996634721755981,
        1.1634162664413452
    ]
]