[
    [
        0.99993896484375,
        -0.002481768373399973,
        -0.010767091996967793,
        0.11523902416229248,
        0.0025025561917573214,
        0.9999949336051941,
        0.0019175865454599261,
        -0.0046776882372796535,
        0.010762279853224754,
        -0.0019444138742983341,
        0.9999401569366455,
        -0.011500133201479912
    ],
    [
        0.9999321699142456,
        -0.0028399555012583733,
        -0.011296301148831844,
        0.1329636573791504,
        0.002861332381144166,
        0.999994158744812,
        0.001876732800155878,
        -0.004567540716379881,
        0.011290905997157097,
        -0.0019089282723143697,
        0.9999344348907471,
        -0.011857781559228897
    ],
    [
        0.9999246001243591,
        -0.0030069041531533003,
        -0.011913861148059368,
        0.14879515767097473,
        0.0030301492661237717,
        0.9999935626983643,
        0.0019335333490744233,
        -0.004664767999202013,
        0.011907970532774925,
        -0.0019694878719747066,
        0.9999271631240845,
        -0.012064733542501926
    ],
    [
        0.9999179244041443,
        -0.003263934515416622,
        -0.01239138375967741,
        0.1644100844860077,
        0.0032877211924642324,
        0.9999927282333374,
        0.0018997025908902287,
        -0.004598827566951513,
        0.012385093607008457,
        -0.001940286485478282,
        0.999921441078186,
        -0.012133060023188591
    ],
    [
        0.9999120831489563,
        -0.0034991654101759195,
        -0.012798660434782505,
        0.18017947673797607,
        0.0035245150793343782,
        0.9999918937683105,
        0.001958652399480343,
        -0.004688437562435865,
        0.012791704386472702,
        -0.002003589877858758,
        0.9999161958694458,
        -0.01229121070355177
    ],
    [
        0.9999029040336609,
        -0.003592889057472348,
        -0.013464177027344704,
        0.19647769629955292,
        0.0036196152213960886,
        0.9999915361404419,
        0.0019611362367868423,
        -0.004660607315599918,
        0.013457017950713634,
        -0.002009681658819318,
        0.999907374382019,
        -0.01260347105562687
    ],
    [
        0.9998943209648132,
        -0.0038175827357918024,
        -0.01402532123029232,
        0.21375834941864014,
        0.003844888648018241,
        0.999990701675415,
        0.0019204620039090514,
        -0.004658984020352364,
        0.01401786133646965,
        -0.001974184764549136,
        0.9998997449874878,
        -0.012715533375740051
    ],
    [
        0.9998842477798462,
        -0.00408997293561697,
        -0.014658448286354542,
        0.23136453330516815,
        0.004118680488318205,
        0.9999897480010986,
        0.001928803976625204,
        -0.004735993687063456,
        0.014650407247245312,
        -0.0019889541435986757,
        0.9998906850814819,
        -0.012827251106500626
    ],
    [
        0.9998724460601807,
        -0.004403909668326378,
        -0.015356448478996754,
        0.24914127588272095,
        0.0044340272434055805,
        0.9999882578849792,
        0.0019277120009064674,
        -0.004672504495829344,
        0.015347780659794807,
        -0.001995556987822056,
        0.9998801946640015,
        -0.012902635149657726
    ],
    [
        0.999859094619751,
        -0.00500824861228466,
        -0.016020596027374268,
        0.26570218801498413,
        0.0050375801511108875,
        0.9999856948852539,
        0.001791026210412383,
        -0.004452916793525219,
        0.016011396422982216,
        -0.0018714787438511848,
        0.9998700618743896,
        -0.013275573961436749
    ],
    [
        0.9998398423194885,
        -0.0058722347021102905,
        -0.01690620183944702,
        0.2813604176044464,
        0.005902065429836512,
        0.999981164932251,
        0.0017150810454040766,
        -0.004359807353466749,
        0.01689581200480461,
        -0.0018145887879654765,
        0.9998555183410645,
        -0.01350539643317461
    ],
    [
        0.9998260140419006,
        -0.006675717420876026,
        -0.017419135197997093,
        0.29764363169670105,
        0.006707215216010809,
        0.9999759793281555,
        0.0017504508141428232,
        -0.004331090021878481,
        0.01740703172981739,
        -0.001866980455815792,
        0.9998468160629272,
        -0.013499210588634014
    ],
    [
        0.9998077154159546,
        -0.007583047263324261,
        -0.018087448552250862,
        0.31666311621665955,
        0.007612674962729216,
        0.9999697804450989,
        0.0015697770286351442,
        -0.00382399745285511,
        0.018074996769428253,
        -0.001707168878056109,
        0.9998351335525513,
        -0.013341701589524746
    ],
    [
        0.9997940063476562,
        -0.008266156539320946,
        -0.018539512529969215,
        0.3320538401603699,
        0.008297265507280827,
        0.9999642968177795,
        0.0016017556190490723,
        -0.0038298044819384813,
        0.018525606021285057,
        -0.001755253062583506,
        0.9998268485069275,
        -0.01343586016446352
    ],
    [
        0.9997776746749878,
        -0.008821118623018265,
        -0.01915443129837513,
        0.34801891446113586,
        0.008852681145071983,
        0.9999596476554871,
        0.0015636227326467633,
        -0.0035136074293404818,
        0.019139859825372696,
        -0.001732843229547143,
        0.9998152852058411,
        -0.013412877917289734
    ],
    [
        0.9997596740722656,
        -0.009623258374631405,
        -0.019699914380908012,
        0.3657405376434326,
        0.009664010256528854,
        0.9999513626098633,
        0.0019744846504181623,
        -0.003834003582596779,
        0.019679954275488853,
        -0.00216438970528543,
        0.9998040795326233,
        -0.013650643639266491
    ],
    [
        0.9997358918190002,
        -0.01065150834619999,
        -0.0203638207167387,
        0.3826856315135956,
        0.010693823918700218,
        0.9999408721923828,
        0.001970157492905855,
        -0.0033245901577174664,
        0.020341629162430763,
        -0.0021874038502573967,
        0.9997907280921936,
        -0.013427011668682098
    ],
    [
        0.9997212886810303,
        -0.011007758788764477,
        -0.02088220603764057,
        0.3968929052352905,
        0.011049609631299973,
        0.999937117099762,
        0.001889812177978456,
        -0.0029426272958517075,
        0.0208600927144289,
        -0.0021200254559516907,
        0.9997801184654236,
        -0.01360899768769741
    ],
    [
        0.9996985793113708,
        -0.011696050874888897,
        -0.02158508449792862,
        0.4097130000591278,
        0.011742453090846539,
        0.9999290108680725,
        0.002024262212216854,
        -0.002829053672030568,
        0.021559877321124077,
        -0.002277114661410451,
        0.9997649788856506,
        -0.013498843647539616
    ],
    [
        0.9996846914291382,
        -0.012091928161680698,
        -0.022004161030054092,
        0.42006105184555054,
        0.012138720601797104,
        0.9999243021011353,
        0.0019942689687013626,
        -0.0025117439217865467,
        0.021978380158543587,
        -0.002260742476209998,
        0.9997557997703552,
        -0.01327003724873066
    ],
    [
        0.9996688961982727,
        -0.012619106099009514,
        -0.022423015907406807,
        0.43005645275115967,
        0.012667378410696983,
        0.99991774559021,
        0.0020120402332395315,
        -0.0023717915173619986,
        0.022395780310034752,
        -0.0022954146843403578,
        0.9997465014457703,
        -0.013331711292266846
    ],
    [
        0.9996516704559326,
        -0.013373647816479206,
        -0.022755462676286697,
        0.4405602216720581,
        0.01342392060905695,
        0.9999077320098877,
        0.0020579402334988117,
        -0.001998956548050046,
        0.022725841030478477,
        -0.0023626904003322124,
        0.999738872051239,
        -0.013373242691159248
    ],
    [
        0.9996275305747986,
        -0.014271989464759827,
        -0.02326016128063202,
        0.4513151943683624,
        0.0143253980204463,
        0.9998950958251953,
        0.0021311254240572453,
        -0.0017580566927790642,
        0.023227307945489883,
        -0.0024635433219373226,
        0.999727189540863,
        -0.013227119110524654
    ],
    [
        0.9996110796928406,
        -0.014732284471392632,
        -0.023677868768572807,
        0.46204203367233276,
        0.014786407351493835,
        0.9998884797096252,
        0.002112338552251458,
        -0.0014748546527698636,
        0.023644108325242996,
        -0.0024616278242319822,
        0.9997172951698303,
        -0.013070945627987385
    ],
    [
        0.9995859861373901,
        -0.015752386301755905,
        -0.024072682484984398,
        0.4763146638870239,
        0.015808623284101486,
        0.9998727440834045,
        0.0021476601250469685,
        -0.0011174582177773118,
        0.02403579093515873,
        -0.0025273270439356565,
        0.9997078776359558,
        -0.013172591105103493
    ]
]