[
    [
        0.9999052286148071,
        0.002503997413441539,
        -0.013538523577153683,
        0.021413831040263176,
        -0.0026207175105810165,
        0.9999595284461975,
        -0.008610512129962444,
        0.014492573216557503,
        0.01351641584187746,
        0.008645176887512207,
        0.9998712539672852,
        0.46387621760368347
    ],
    [
        0.9999046325683594,
        0.0026685113552957773,
        -0.01354976650327444,
        0.018631089478731155,
        -0.0027977237477898598,
        0.9999507069587708,
        -0.009526175446808338,
        0.006663061212748289,
        0.013523675501346588,
        0.009563176892697811,
        0.9998629093170166,
        0.5835912227630615
    ],
    [
        0.9998900294303894,
        0.0035749180242419243,
        -0.014389580115675926,
        0.01654772460460663,
        -0.0037513268180191517,
        0.9999179244041443,
        -0.012251232750713825,
        0.008124096319079399,
        0.014344601891934872,
        0.01230386458337307,
        0.9998213648796082,
        0.7226346731185913
    ],
    [
        0.9998966455459595,
        0.003340221242979169,
        -0.013982498086988926,
        0.014151616021990776,
        -0.0035178621765226126,
        0.999913215637207,
        -0.012699269689619541,
        0.008428978733718395,
        0.013938864693045616,
        0.01274714432656765,
        0.9998216032981873,
        0.8433236479759216
    ],
    [
        0.9999021291732788,
        0.00337835936807096,
        -0.013580781407654285,
        0.0023129500914365053,
        -0.0035544633865356445,
        0.9999097585678101,
        -0.012964090332388878,
        0.0020658441353589296,
        0.0135357566177845,
        0.013011094182729721,
        0.9998237490653992,
        0.9877692461013794
    ],
    [
        0.9998990893363953,
        0.003255292307585478,
        -0.013834732584655285,
        -0.0008280083420686424,
        -0.003447707509621978,
        0.9998973608016968,
        -0.01390710100531578,
        -0.004272233694791794,
        0.013788040727376938,
        0.013953395187854767,
        0.9998074769973755,
        1.0996931791305542
    ],
    [
        0.9999096393585205,
        0.003288772888481617,
        -0.0130389966070652,
        -0.0047897775657474995,
        -0.003489581635221839,
        0.9998752474784851,
        -0.015407967381179333,
        -0.0008575171232223511,
        0.01298669632524252,
        0.015452074818313122,
        0.9997963309288025,
        1.2356935739517212
    ],
    [
        0.9998824000358582,
        0.0042632645927369595,
        -0.014728542417287827,
        0.001021463773213327,
        -0.0044996775686740875,
        0.999860942363739,
        -0.01605568453669548,
        0.006006214767694473,
        0.014658045023679733,
        0.016120070591568947,
        0.999762773513794,
        1.3873952627182007
    ],
    [
        0.9999074339866638,
        0.0038420474156737328,
        -0.01305949967354536,
        0.007659402675926685,
        -0.0040549105033278465,
        0.9998587965965271,
        -0.01631237007677555,
        -0.001373574137687683,
        0.012994982302188873,
        0.01636381447315216,
        0.9997816681861877,
        1.6344941854476929
    ],
    [
        0.9999004602432251,
        0.004633557051420212,
        -0.01332892570644617,
        0.010142264887690544,
        -0.0048674666322767735,
        0.999833881855011,
        -0.017570465803146362,
        0.00028244778513908386,
        0.013245295733213425,
        0.017633596435189247,
        0.9997568726539612,
        1.791454553604126
    ],
    [
        0.9999010562896729,
        0.004297289997339249,
        -0.013392916880548,
        0.006038951221853495,
        -0.004538171924650669,
        0.99982750415802,
        -0.018007559701800346,
        0.0030079521238803864,
        0.013313224539160728,
        0.018066558986902237,
        0.9997481107711792,
        1.9036141633987427
    ],
    [
        0.9998941421508789,
        0.005090487655252218,
        -0.013629339635372162,
        -0.0003682375536300242,
        -0.005337489768862724,
        0.9998210072517395,
        -0.018148113042116165,
        -0.009507503360509872,
        0.013534518890082836,
        0.018218938261270523,
        0.9997424483299255,
        2.039980411529541
    ],
    [
        0.9999174475669861,
        0.005545620806515217,
        -0.011592588387429714,
        -0.0037349744234234095,
        -0.005763308610767126,
        0.9998061060905457,
        -0.018829962238669395,
        -0.017761236056685448,
        0.011485915631055832,
        0.018895218148827553,
        0.9997554421424866,
        2.1693291664123535
    ],
    [
        0.9999384880065918,
        0.005222607403993607,
        -0.009792141616344452,
        -0.004020032938569784,
        -0.00541037879884243,
        0.9998000860214233,
        -0.0192482378333807,
        -0.015353525057435036,
        0.009689658880233765,
        0.019300034269690514,
        0.9997667670249939,
        2.2742838859558105
    ],
    [
        0.999970018863678,
        0.005486617796123028,
        -0.005483266897499561,
        -0.001109295291826129,
        -0.005593497306108475,
        0.9997908473014832,
        -0.01967048831284046,
        -0.016715655103325844,
        0.005374195519834757,
        0.019700568169355392,
        0.9997913837432861,
        2.412623882293701
    ],
    [
        0.9999833703041077,
        0.005578611046075821,
        -0.0014704815112054348,
        0.0029181893914937973,
        -0.005605625454336405,
        0.9998027086257935,
        -0.019056038931012154,
        -0.025162052363157272,
        0.001363885821774602,
        0.01906396448612213,
        0.9998173117637634,
        2.525794744491577
    ],
    [
        0.999971866607666,
        0.005861821584403515,
        0.0046765911392867565,
        0.007228561211377382,
        -0.005766401067376137,
        0.9997801184654236,
        -0.020162809640169144,
        -0.03169674426317215,
        -0.0047937543131411076,
        0.02013527601957321,
        0.999785840511322,
        2.6479954719543457
    ],
    [
        0.9999161958694458,
        0.006679716520011425,
        0.011095507070422173,
        0.0066478801891207695,
        -0.006439744494855404,
        0.9997475743293762,
        -0.021524669602513313,
        -0.03359654173254967,
        -0.011236484162509441,
        0.02145140990614891,
        0.9997067451477051,
        2.741093397140503
    ],
    [
        0.9997515082359314,
        0.007400623522698879,
        0.021031321957707405,
        -0.002439564559608698,
        -0.00693610031157732,
        0.9997323155403137,
        -0.022075004875659943,
        -0.03283827006816864,
        -0.02118906006217003,
        0.021923642605543137,
        0.9995350241661072,
        2.853273391723633
    ],
    [
        0.999451756477356,
        0.007957070134580135,
        0.032136619091033936,
        -0.015519436448812485,
        -0.007234717719256878,
        0.9997199177742004,
        -0.02253161184489727,
        -0.038668178021907806,
        -0.03230690211057663,
        0.022286761552095413,
        0.9992294311523438,
        2.961092948913574
    ],
    [
        0.9990178346633911,
        0.008434136398136616,
        0.0434977151453495,
        -0.025356518104672432,
        -0.007411600556224585,
        0.9996935725212097,
        -0.02361573651432991,
        -0.03989598900079727,
        -0.043683573603630066,
        0.023270156234502792,
        0.9987744092941284,
        3.0415520668029785
    ],
    [
        0.9981861114501953,
        0.008672303520143032,
        0.05957619845867157,
        -0.03294149786233902,
        -0.0072253113612532616,
        0.9996746778488159,
        -0.024460749700665474,
        -0.038079410791397095,
        -0.059768952429294586,
        0.02398592233657837,
        0.9979240298271179,
        3.1350932121276855
    ],
    [
        0.9972555041313171,
        0.008661333471536636,
        0.07352802902460098,
        -0.03394034504890442,
        -0.00685407780110836,
        0.999669075012207,
        -0.024795955047011375,
        -0.03838619217276573,
        -0.07371846586465836,
        0.0242239348590374,
        0.9969847798347473,
        3.2157647609710693
    ],
    [
        0.9958164691925049,
        0.008761294186115265,
        0.09095464646816254,
        -0.028308231383562088,
        -0.006486800499260426,
        0.9996595978736877,
        -0.025272460654377937,
        -0.04076681286096573,
        -0.0911451056599617,
        0.02457672916352749,
        0.995534360408783,
        3.3204727172851562
    ],
    [
        0.9939244389533997,
        0.008758105337619781,
        0.10971547663211823,
        -0.02136356756091118,
        -0.006039046216756105,
        0.9996669292449951,
        -0.025090636685490608,
        -0.046347931027412415,
        -0.10989869385957718,
        0.02427562326192856,
        0.9936462044715881,
        3.4159157276153564
    ]
]