[
    [
        0.9999966621398926,
        -0.002249295823276043,
        -0.0013289987109601498,
        0.0005286461673676968,
        0.002243872033432126,
        0.9999891519546509,
        -0.0040686591528356075,
        0.12088223546743393,
        0.0013381361495703459,
        0.0040656630881130695,
        0.9999908208847046,
        -0.0009974039858207107
    ],
    [
        0.9999962449073792,
        -0.00228184019215405,
        -0.0014863095711916685,
        0.0005240701721049845,
        0.002274580765515566,
        0.9999856352806091,
        -0.004867498762905598,
        0.14433474838733673,
        0.0014973942888900638,
        0.004864100366830826,
        0.999987006187439,
        -0.0021272082813084126
    ],
    [
        0.9999948143959045,
        -0.002984163351356983,
        -0.0012305952841416001,
        0.0007276205578818917,
        0.002976970514282584,
        0.9999787211418152,
        -0.005805616732686758,
        0.17671343684196472,
        0.0012478947173804045,
        0.005801923107355833,
        0.9999823570251465,
        -0.005294144619256258
    ],
    [
        0.9999938011169434,
        -0.0031204044353216887,
        -0.001635702676139772,
        0.0011005912674590945,
        0.003110030433163047,
        0.9999752640724182,
        -0.006307086441665888,
        0.2089092880487442,
        0.0016553421737626195,
        0.006301959976553917,
        0.99997878074646,
        -0.008788901381194592
    ],
    [
        0.9999925494194031,
        -0.003099162597209215,
        -0.0023306726943701506,
        0.0009218788472935557,
        0.003082344541326165,
        0.9999695420265198,
        -0.00718498881906271,
        0.2414381504058838,
        0.002352869138121605,
        0.007177749648690224,
        0.9999715089797974,
        -0.013405623845756054
    ],
    [
        0.9999896287918091,
        -0.00347327534109354,
        -0.0029414615128189325,
        0.0013728864723816514,
        0.0034491559490561485,
        0.999960720539093,
        -0.008165499195456505,
        0.2749113440513611,
        0.0029697075951844454,
        0.008155268616974354,
        0.999962329864502,
        -0.02060079760849476
    ],
    [
        0.9999885559082031,
        -0.0035832643043249846,
        -0.003173190401867032,
        0.0013840115861967206,
        0.003553731832653284,
        0.9999507665634155,
        -0.00926399789750576,
        0.30825677514076233,
        0.003206229768693447,
        0.00925261527299881,
        0.999951958656311,
        -0.028285834938287735
    ],
    [
        0.9999878406524658,
        -0.003814482595771551,
        -0.0031243269331753254,
        0.0008567959885112941,
        0.0037836953997612,
        0.999944806098938,
        -0.009801135398447514,
        0.3325279653072357,
        0.003161541884765029,
        0.009789195843040943,
        0.9999470710754395,
        -0.03435517102479935
    ],
    [
        0.9999847412109375,
        -0.0043094586580991745,
        -0.0034557590261101723,
        0.0012514868285506964,
        0.004273661412298679,
        0.9999378323554993,
        -0.010299867950379848,
        0.364462286233902,
        0.0034999309573322535,
        0.01028494257479906,
        0.9999409914016724,
        -0.04347839206457138
    ],
    [
        0.9999803900718689,
        -0.004618526436388493,
        -0.004233968909829855,
        0.00038350457907654345,
        0.004571244586259127,
        0.9999279379844666,
        -0.011109751649200916,
        0.3964485824108124,
        0.004284974653273821,
        0.011090178973972797,
        0.9999293088912964,
        -0.05427971109747887
    ],
    [
        0.999977171421051,
        -0.005132392514497042,
        -0.004386753775179386,
        0.0006290797609835863,
        0.005080824717879295,
        0.9999187588691711,
        -0.011686749756336212,
        0.4279848337173462,
        0.004446378443390131,
        0.011664195917546749,
        0.9999220371246338,
        -0.06506678462028503
    ],
    [
        0.9999746680259705,
        -0.0053430600091814995,
        -0.004709901288151741,
        0.0015635439194738865,
        0.005286050029098988,
        0.9999136328697205,
        -0.012034725397825241,
        0.4586259424686432,
        0.004773796070367098,
        0.012009522877633572,
        0.9999164342880249,
        -0.07716642320156097
    ],
    [
        0.9999730587005615,
        -0.005606752820312977,
        -0.004734557121992111,
        0.0019460385665297508,
        0.005547348875552416,
        0.9999068379402161,
        -0.012468023225665092,
        0.488068163394928,
        0.004804021678864956,
        0.012441422790288925,
        0.9999110698699951,
        -0.0896453708410263
    ],
    [
        0.9999691843986511,
        -0.0058682807721197605,
        -0.005204925313591957,
        0.002207586308941245,
        0.005801283288747072,
        0.9999014139175415,
        -0.01279498916119337,
        0.5092197060585022,
        0.0052794963121414185,
        0.012764399871230125,
        0.9999046325683594,
        -0.1000915914773941
    ],
    [
        0.999965250492096,
        -0.006614332552999258,
        -0.005093056708574295,
        0.0011730010155588388,
        0.006547102704644203,
        0.9998926520347595,
        -0.013105842284858227,
        0.5361415147781372,
        0.005179196130484343,
        0.013072041794657707,
        0.9999011754989624,
        -0.11431815475225449
    ],
    [
        0.9999620914459229,
        -0.006761256605386734,
        -0.005499814171344042,
        0.0015950154047459364,
        0.006687338929623365,
        0.99988853931427,
        -0.013349290005862713,
        0.5613444447517395,
        0.005589459557086229,
        0.013312004506587982,
        0.9998958110809326,
        -0.12784439325332642
    ],
    [
        0.9999577403068542,
        -0.007198242004960775,
        -0.005734284874051809,
        0.0015970333479344845,
        0.007121223025023937,
        0.999885618686676,
        -0.013340290635824203,
        0.5851103067398071,
        0.005829655099660158,
        0.01329889241605997,
        0.9998946189880371,
        -0.1423458755016327
    ],
    [
        0.9999573230743408,
        -0.00743190897628665,
        -0.005499877966940403,
        0.0012552044354379177,
        0.007355185691267252,
        0.9998771548271179,
        -0.013841040432453156,
        0.6092982888221741,
        0.005602067336440086,
        0.013799996115267277,
        0.9998890161514282,
        -0.1576528698205948
    ],
    [
        0.9999501705169678,
        -0.007904044352471828,
        -0.006103522144258022,
        0.0012528245570138097,
        0.007820311933755875,
        0.9998766779899597,
        -0.013622880913317204,
        0.6299039125442505,
        0.006210446357727051,
        0.013574468903243542,
        0.99988853931427,
        -0.17069119215011597
    ],
    [
        0.9999470114707947,
        -0.008217565715312958,
        -0.006203336175531149,
        0.0008280763868242502,
        0.00813046470284462,
        0.9998698234558105,
        -0.01393800973892212,
        0.6460978984832764,
        0.006317064631730318,
        0.013886834494769573,
        0.9998836517333984,
        -0.18155914545059204
    ],
    [
        0.9999448657035828,
        -0.008516349829733372,
        -0.0061364914290606976,
        0.0015435649547725916,
        0.008430687710642815,
        0.9998685121536255,
        -0.013852668926119804,
        0.665299117565155,
        0.006253658793866634,
        0.013800172135233879,
        0.9998852014541626,
        -0.1964290738105774
    ],
    [
        0.9999396800994873,
        -0.00877170916646719,
        -0.0066066342405974865,
        0.0021568280644714832,
        0.008679347112774849,
        0.9998660087585449,
        -0.013881579041481018,
        0.6835479736328125,
        0.006727513857185841,
        0.013823401182889938,
        0.9998818635940552,
        -0.2100611925125122
    ],
    [
        0.999938428401947,
        -0.008879812434315681,
        -0.006659575272351503,
        0.0021038909908384085,
        0.008786357007920742,
        0.9998643398284912,
        -0.01393373217433691,
        0.701772153377533,
        0.0067824008874595165,
        0.013874360360205173,
        0.9998807907104492,
        -0.2237619310617447
    ],
    [
        0.9999331831932068,
        -0.009381727315485477,
        -0.006770220585167408,
        0.0015307478606700897,
        0.009286664426326752,
        0.9998597502708435,
        -0.0139386598020792,
        0.7199075818061829,
        0.006900039501488209,
        0.013874853029847145,
        0.9998798370361328,
        -0.2394856959581375
    ],
    [
        0.9999254941940308,
        -0.00991249643266201,
        -0.007110689301043749,
        0.001176641439087689,
        0.009813197888433933,
        0.9998557567596436,
        -0.013866342604160309,
        0.7375184297561646,
        0.00724711362272501,
        0.01379553321748972,
        0.9998785257339478,
        -0.2560602128505707
    ]
]