[
    [
        0.9986095428466797,
        0.00620792992413044,
        -0.05234885960817337,
        -0.17909769713878632,
        -0.006227560807019472,
        0.9999805688858032,
        -0.00021191794076003134,
        -0.03854577615857124,
        0.05234652757644653,
        0.0005376290646381676,
        0.9986288547515869,
        0.242122620344162
    ],
    [
        0.9972265958786011,
        0.008063044399023056,
        -0.07398676872253418,
        -0.20755773782730103,
        -0.008104410022497177,
        0.999967098236084,
        -0.00025890476536005735,
        -0.04265088215470314,
        0.07398226112127304,
        0.0008578062406741083,
        0.9972591400146484,
        0.2896515130996704
    ],
    [
        0.9947845339775085,
        0.010464129969477654,
        -0.10145995765924454,
        -0.24203522503376007,
        -0.01052150595933199,
        0.9999446272850037,
        -3.0374822017620318e-05,
        -0.04960115626454353,
        0.10145402699708939,
        0.0010977282654494047,
        0.994839608669281,
        0.34105539321899414
    ],
    [
        0.9913043975830078,
        0.013363848440349102,
        -0.13090780377388,
        -0.28140729665756226,
        -0.01345874648541212,
        0.9999094009399414,
        0.0001598190574441105,
        -0.05385519936680794,
        0.13089808821678162,
        0.0016034258296713233,
        0.9913944602012634,
        0.38672685623168945
    ],
    [
        0.9877554178237915,
        0.015849001705646515,
        -0.15520310401916504,
        -0.31479957699775696,
        -0.01607554405927658,
        0.9998707175254822,
        -0.00020457417122088373,
        -0.05290380120277405,
        0.15517979860305786,
        0.00269704288803041,
        0.9878824949264526,
        0.4216352701187134
    ],
    [
        0.9829508662223816,
        0.018756968900561333,
        -0.18290941417217255,
        -0.36695408821105957,
        -0.019077686592936516,
        0.9998180270195007,
        6.1586874835484196e-06,
        -0.05212617293000221,
        0.18287624418735504,
        0.003483435371890664,
        0.9831296801567078,
        0.46281272172927856
    ],
    [
        0.9757809638977051,
        0.02264615148305893,
        -0.21757465600967407,
        -0.43201401829719543,
        -0.023022206500172615,
        0.99973464012146,
        0.0008066719747148454,
        -0.055970970541238785,
        0.21753519773483276,
        0.004221913404762745,
        0.9760434031486511,
        0.49966663122177124
    ],
    [
        0.9675614833831787,
        0.026302684098482132,
        -0.2512625455856323,
        -0.48818016052246094,
        -0.02669648639857769,
        0.9996418356895447,
        0.0018417797982692719,
        -0.062111470848321915,
        0.2512210011482239,
        0.004925791639834642,
        0.9679171442985535,
        0.5263667702674866
    ],
    [
        0.9540165066719055,
        0.03101177141070366,
        -0.2981455624103546,
        -0.5586411952972412,
        -0.031445156782865524,
        0.9994999766349792,
        0.0033442096319049597,
        -0.0693981721997261,
        0.29810020327568054,
        0.00618480471894145,
        0.9545146822929382,
        0.5530510544776917
    ],
    [
        0.9352093935012817,
        0.03595878556370735,
        -0.35226431488990784,
        -0.6241919994354248,
        -0.036536358296871185,
        0.9993197917938232,
        0.005010937340557575,
        -0.07497119158506393,
        0.35220491886138916,
        0.008184179663658142,
        0.9358870983123779,
        0.5745209455490112
    ],
    [
        0.9181703329086304,
        0.039734579622745514,
        -0.3941882848739624,
        -0.6717236042022705,
        -0.04050559177994728,
        0.9991589784622192,
        0.006367845926433802,
        -0.07819365710020065,
        0.3941098153591156,
        0.010120063088834286,
        0.9190077185630798,
        0.5862135291099548
    ],
    [
        0.8941401243209839,
        0.04416300356388092,
        -0.4456041157245636,
        -0.7279120683670044,
        -0.04521879926323891,
        0.9989428520202637,
        0.008268265053629875,
        -0.07855847477912903,
        0.4454982578754425,
        0.01275669690221548,
        0.8951919078826904,
        0.6004008054733276
    ],
    [
        0.8679220080375671,
        0.048540689051151276,
        -0.4943229854106903,
        -0.7877640724182129,
        -0.049842607229948044,
        0.9987013339996338,
        0.010556156747043133,
        -0.07462538033723831,
        0.4941933751106262,
        0.015476426109671593,
        0.8692142963409424,
        0.6125596761703491
    ],
    [
        0.8436756730079651,
        0.052493106573820114,
        -0.5342807769775391,
        -0.8367183804512024,
        -0.053879205137491226,
        0.9984626770019531,
        0.013019058853387833,
        -0.06778313219547272,
        0.534142792224884,
        0.017802760004997253,
        0.8452068567276001,
        0.6227604746818542
    ],
    [
        0.8098613023757935,
        0.05706597864627838,
        -0.5838391184806824,
        -0.9027119278907776,
        -0.05873097479343414,
        0.9981441497802734,
        0.01609368622303009,
        -0.05843639373779297,
        0.5836740136146545,
        0.021255789324641228,
        0.8117097616195679,
        0.6400637626647949
    ],
    [
        0.7699488997459412,
        0.06185780465602875,
        -0.6351003050804138,
        -0.972430408000946,
        -0.0636109784245491,
        0.9977730512619019,
        0.020064320415258408,
        -0.05240213871002197,
        0.634926974773407,
        0.024950847029685974,
        0.7721691131591797,
        0.6608797907829285
    ],
    [
        0.7346370220184326,
        0.06554621458053589,
        -0.6752868294715881,
        -1.0312775373458862,
        -0.06718328595161438,
        0.9974584579467773,
        0.023729633539915085,
        -0.04755957052111626,
        0.6751258373260498,
        0.027935316786170006,
        0.7371734976768494,
        0.6808502674102783
    ],
    [
        0.687312662601471,
        0.07005646079778671,
        -0.7229753136634827,
        -1.1039977073669434,
        -0.07211006432771683,
        0.9970019459724426,
        0.028056658804416656,
        -0.04367506876587868,
        0.7227733731269836,
        0.032850101590156555,
        0.6903038620948792,
        0.7107759118080139
    ],
    [
        0.6374626755714417,
        0.07398641854524612,
        -0.7669206261634827,
        -1.1758792400360107,
        -0.07599050551652908,
        0.9965630769729614,
        0.03297736123204231,
        -0.039075568318367004,
        0.7667246460914612,
        0.03725685179233551,
        0.6408939957618713,
        0.7374053597450256
    ],
    [
        0.5940700769424438,
        0.07579854875802994,
        -0.8008342385292053,
        -1.229270339012146,
        -0.07834367454051971,
        0.996269702911377,
        0.03617997094988823,
        -0.034252017736434937,
        0.8005892038345337,
        0.04124685376882553,
        0.5977922677993774,
        0.7492959499359131
    ],
    [
        0.5310806035995483,
        0.0794578269124031,
        -0.8435875177383423,
        -1.2982410192489624,
        -0.08284882456064224,
        0.9956923723220825,
        0.041627150028944016,
        -0.02662012167274952,
        0.843261182308197,
        0.04778287187218666,
        0.5353757739067078,
        0.7515154480934143
    ],
    [
        0.46063488721847534,
        0.0830206349492073,
        -0.8836985230445862,
        -1.372611403465271,
        -0.08767719566822052,
        0.9950026869773865,
        0.04777485877275467,
        -0.014906980097293854,
        0.8832486271858215,
        0.055473435670137405,
        0.46561190485954285,
        0.7460025548934937
    ],
    [
        0.40011340379714966,
        0.08563584834337234,
        -0.9124559760093689,
        -1.4388010501861572,
        -0.09089891612529755,
        0.9944235682487488,
        0.05346937105059624,
        -0.003689810633659363,
        0.9119465947151184,
        0.061547428369522095,
        0.4056664705276489,
        0.7368829846382141
    ],
    [
        0.32178983092308044,
        0.08926910161972046,
        -0.9425933957099915,
        -1.5196253061294556,
        -0.09551064670085907,
        0.9935275912284851,
        0.061486706137657166,
        0.0023068785667419434,
        0.9419814944267273,
        0.07024190574884415,
        0.3282332122325897,
        0.7206650972366333
    ],
    [
        0.24103127419948578,
        0.09197057783603668,
        -0.966149628162384,
        -1.6016550064086914,
        -0.09983471035957336,
        0.9925682544708252,
        0.06957904994487762,
        0.005963414907455444,
        0.9653688073158264,
        0.0796845555305481,
        0.24842184782028198,
        0.7020333409309387
    ]
]