[
    [
        0.9932039976119995,
        -0.0058206296525895596,
        0.11624066531658173,
        0.05694061145186424,
        0.005647084675729275,
        0.9999823570251465,
        0.0018222579965367913,
        -0.08475708961486816,
        -0.11624922603368759,
        -0.001153453136794269,
        0.9932194352149963,
        0.570652425289154
    ],
    [
        0.992789626121521,
        -0.006162041798233986,
        0.11971103399991989,
        0.055612657219171524,
        0.006016216240823269,
        0.999980628490448,
        0.001579509349539876,
        -0.1103321760892868,
        -0.11971844732761383,
        -0.000847912800963968,
        0.9928076267242432,
        0.7097824811935425
    ],
    [
        0.992154598236084,
        -0.0061080497689545155,
        0.1248680129647255,
        0.02966834045946598,
        0.005920676048845053,
        0.9999807476997375,
        0.0018716196063905954,
        -0.14859463274478912,
        -0.12487702071666718,
        -0.0011176321422681212,
        0.9921715259552002,
        0.8796212673187256
    ],
    [
        0.9913913011550903,
        -0.006778755225241184,
        0.13075721263885498,
        -0.00238998094573617,
        0.006740485318005085,
        0.9999769926071167,
        0.0007352685206569731,
        -0.18033471703529358,
        -0.13075917959213257,
        0.00015242966765072197,
        0.9914141297340393,
        1.0160744190216064
    ],
    [
        0.9906197190284729,
        -0.008098130114376545,
        0.13640722632408142,
        -0.02925247885286808,
        0.008143735118210316,
        0.9999668002128601,
        0.00022371363593265414,
        -0.20746079087257385,
        -0.13640451431274414,
        0.0008892447804100811,
        0.9906529188156128,
        1.178244709968567
    ],
    [
        0.9901091456413269,
        -0.00940664578229189,
        0.1399839073419571,
        -0.041527118533849716,
        0.009434374049305916,
        0.9999553561210632,
        0.00046552400453947484,
        -0.23492716252803802,
        -0.13998204469680786,
        0.0008597391424700618,
        0.9901536107063293,
        1.3404783010482788
    ],
    [
        0.989986002445221,
        -0.010647831484675407,
        0.1407633274793625,
        -0.05012466013431549,
        0.010857710614800453,
        0.999940812587738,
        -0.0007230706978589296,
        -0.27504318952560425,
        -0.1407472938299179,
        0.0022441945038735867,
        0.9900431036949158,
        1.5160526037216187
    ],
    [
        0.9896756410598755,
        -0.01125604473054409,
        0.14288225769996643,
        -0.07403815537691116,
        0.0115637993440032,
        0.9999322891235352,
        -0.0013236610684543848,
        -0.29579490423202515,
        -0.14285768568515778,
        0.002962258644402027,
        0.9897387027740479,
        1.670491099357605
    ],
    [
        0.9895086288452148,
        -0.010515403933823109,
        0.14409108459949493,
        -0.12238247692584991,
        0.01089699286967516,
        0.9999389052391052,
        -0.0018593025160953403,
        -0.3182336986064911,
        -0.14406274259090424,
        0.0034099516924470663,
        0.9895626902580261,
        1.8504047393798828
    ],
    [
        0.9888269901275635,
        -0.01122195366770029,
        0.14864525198936462,
        -0.1622888594865799,
        0.011674364097416401,
        0.9999294877052307,
        -0.002171351807191968,
        -0.33428847789764404,
        -0.1486104279756546,
        0.003882430028170347,
        0.9888882040977478,
        1.9942338466644287
    ],
    [
        0.9880282878875732,
        -0.012529056519269943,
        0.1537628471851349,
        -0.19232317805290222,
        0.013213453814387321,
        0.9999067783355713,
        -0.0034298209939152002,
        -0.3387027382850647,
        -0.15370553731918335,
        0.0054204948246479034,
        0.9881018400192261,
        2.155660629272461
    ],
    [
        0.9877482652664185,
        -0.013860576786100864,
        0.15543895959854126,
        -0.20270667970180511,
        0.014467339962720871,
        0.999891459941864,
        -0.0027729037683457136,
        -0.33936622738838196,
        -0.1553836464881897,
        0.0049877166748046875,
        0.9878416657447815,
        2.3227033615112305
    ],
    [
        0.9876357913017273,
        -0.013443750329315662,
        0.1561884731054306,
        -0.2028532326221466,
        0.01591753587126732,
        0.9997668266296387,
        -0.014598493464291096,
        -0.3600548505783081,
        -0.15595580637454987,
        0.016904130578041077,
        0.9876194000244141,
        2.496715545654297
    ],
    [
        0.987610399723053,
        -0.012509540654718876,
        0.15642628073692322,
        -0.2116842120885849,
        0.016709929332137108,
        0.9995335340499878,
        -0.02556600049138069,
        -0.3626919090747833,
        -0.1560334861278534,
        0.027863120660185814,
        0.9873587489128113,
        2.6425509452819824
    ],
    [
        0.9875568151473999,
        -0.01167952548712492,
        0.15682773292064667,
        -0.23011192679405212,
        0.016853822395205498,
        0.9993551969528198,
        -0.031704310327768326,
        -0.35943639278411865,
        -0.1563563048839569,
        0.03395295888185501,
        0.9871169328689575,
        2.8237578868865967
    ],
    [
        0.9876470565795898,
        -0.011061576195061207,
        0.1563044637441635,
        -0.25326108932495117,
        0.01714157685637474,
        0.9991456866264343,
        -0.03760417923331261,
        -0.36687812209129333,
        -0.1557549685239792,
        0.039818961173295975,
        0.9869927763938904,
        2.97476863861084
    ],
    [
        0.9886261820793152,
        -0.01101754605770111,
        0.1499899923801422,
        -0.2759208083152771,
        0.017610600218176842,
        0.9989327192306519,
        -0.04269958660006523,
        -0.3647661507129669,
        -0.14935944974422455,
        0.04485534504055977,
        0.9877649545669556,
        3.1244451999664307
    ],
    [
        0.9912500381469727,
        -0.011514320969581604,
        0.13149447739124298,
        -0.2862265706062317,
        0.017551101744174957,
        0.9988399744033813,
        -0.04484271630644798,
        -0.3536185622215271,
        -0.13082557916641235,
        0.046758219599723816,
        0.9903021454811096,
        3.2589221000671387
    ],
    [
        0.9978219866752625,
        -0.011073124594986439,
        0.06502661854028702,
        -0.29346829652786255,
        0.01418790128082037,
        0.9987640380859375,
        -0.04763532429933548,
        -0.3528970181941986,
        -0.06441877782344818,
        0.0484541691839695,
        0.9967458248138428,
        3.396524429321289
    ],
    [
        0.9998001456260681,
        -0.009113375097513199,
        -0.017795026302337646,
        -0.32153308391571045,
        0.008225744590163231,
        0.9987486004829407,
        -0.04933227598667145,
        -0.3524859845638275,
        0.018222341313958168,
        0.049176037311553955,
        0.998623788356781,
        3.500711441040039
    ],
    [
        0.9933348298072815,
        -0.006909923627972603,
        -0.11505743116140366,
        -0.38959571719169617,
        0.0009290335583500564,
        0.9986490607261658,
        -0.05195446312427521,
        -0.347939670085907,
        0.11526099592447281,
        0.051501281559467316,
        0.9919992685317993,
        3.615173101425171
    ],
    [
        0.9759465456008911,
        -0.004240907728672028,
        -0.21796837449073792,
        -0.45834866166114807,
        -0.007044374011456966,
        0.9986752271652222,
        -0.05097171664237976,
        -0.35279136896133423,
        0.21789580583572388,
        0.051281124353408813,
        0.9746238589286804,
        3.705411434173584
    ],
    [
        0.9405132532119751,
        -0.0012965092901140451,
        -0.3397546708583832,
        -0.5359805226325989,
        -0.016578637063503265,
        0.9986262917518616,
        -0.04970396310091019,
        -0.3593671917915344,
        0.33935242891311646,
        0.052379902452230453,
        0.9391998052597046,
        3.7773046493530273
    ],
    [
        0.8855041265487671,
        0.0012808084720745683,
        -0.46462979912757874,
        -0.5945388078689575,
        -0.02575458586215973,
        0.9985940456390381,
        -0.04633108153939247,
        -0.3577860891819,
        0.46391716599464417,
        0.05299271270632744,
        0.8842921257019043,
        3.8230137825012207
    ],
    [
        0.7774769067764282,
        0.0040009478107094765,
        -0.6288988590240479,
        -0.6403151750564575,
        -0.038225434720516205,
        0.9984316825866699,
        -0.04090438038110733,
        -0.35694026947021484,
        0.6277487277984619,
        0.05584212765097618,
        0.7764105200767517,
        3.878448486328125
    ]
]