[
    [
        0.9999962449073792,
        -0.00017802539514377713,
        -0.0027451005298644304,
        0.07052749395370483,
        0.0001733416283968836,
        0.9999985098838806,
        -0.001706602401100099,
        0.0021894110832363367,
        0.0027454004157334566,
        0.0017061209073290229,
        0.9999948740005493,
        -0.0007469354895874858
    ],
    [
        0.9999966621398926,
        -0.00016836627037264407,
        -0.002606304595246911,
        0.07499374449253082,
        0.000163501754286699,
        0.9999983310699463,
        -0.0018664407543838024,
        0.0022393884137272835,
        0.0026066149584949017,
        0.001866007805801928,
        0.9999948740005493,
        -0.0006200209027156234
    ],
    [
        0.9999964237213135,
        -0.00028753603692166507,
        -0.002684785984456539,
        0.08155512809753418,
        0.00028232301701791584,
        0.999998152256012,
        -0.0019418583251535892,
        0.0022686305455863476,
        0.0026853394228965044,
        0.0019410931272432208,
        0.9999945163726807,
        -0.0003842376754619181
    ],
    [
        0.9999960064888,
        -0.00031553051667287946,
        -0.00279457145370543,
        0.08785594254732132,
        0.0003099144669249654,
        0.9999979734420776,
        -0.0020096469670534134,
        0.0023433687165379524,
        0.002795199863612652,
        0.0020087729208171368,
        0.9999940395355225,
        -0.0004308114876039326
    ],
    [
        0.9999964237213135,
        -0.0003513580304570496,
        -0.002646326320245862,
        0.09440576285123825,
        0.0003453799581620842,
        0.9999973773956299,
        -0.002259118016809225,
        0.0024114761035889387,
        0.0026471130549907684,
        0.002258195774629712,
        0.9999939203262329,
        -0.00023057014914229512
    ],
    [
        0.9999958872795105,
        -0.0003587480168789625,
        -0.0028317321557551622,
        0.09909404814243317,
        0.00035227398620918393,
        0.9999973773956299,
        -0.002286408795043826,
        0.002547786571085453,
        0.002832545433193445,
        0.002285401336848736,
        0.9999933242797852,
        2.1610301701002754e-05
    ],
    [
        0.9999961256980896,
        -0.00040993801667355,
        -0.002739189425483346,
        0.10538864880800247,
        0.00040348200127482414,
        0.9999971985816956,
        -0.002357035642489791,
        0.002749205566942692,
        0.002740147290751338,
        0.0023559220135211945,
        0.9999934434890747,
        -0.00020875895279459655
    ],
    [
        0.9999961853027344,
        -0.0007446979288943112,
        -0.0026864504907280207,
        0.11137068271636963,
        0.0007379971793852746,
        0.9999966621398926,
        -0.002494447398930788,
        0.0028610865119844675,
        0.0026882996316999197,
        0.002492455067113042,
        0.9999933242797852,
        0.0001331036037299782
    ],
    [
        0.9999954104423523,
        -0.0006482197786681354,
        -0.002989694010466337,
        0.1174175813794136,
        0.0006406563334167004,
        0.9999966025352478,
        -0.0025302008725702763,
        0.002792645012959838,
        0.0029913238249719143,
        0.002528273733332753,
        0.9999922513961792,
        -0.0001064972166204825
    ],
    [
        0.9999953508377075,
        -0.0006732080364599824,
        -0.0030032668728381395,
        0.12341732531785965,
        0.0006656249752268195,
        0.9999966025352478,
        -0.0025252061896026134,
        0.002901422558352351,
        0.003004956291988492,
        0.0025231949985027313,
        0.9999923706054688,
        0.0002853729238267988
    ],
    [
        0.9999954104423523,
        -0.0007032426656223834,
        -0.002979913493618369,
        0.12709499895572662,
        0.0006958945305086672,
        0.9999967813491821,
        -0.0024663573130965233,
        0.0030003259889781475,
        0.0029816378373652697,
        0.0024642718490213156,
        0.9999924898147583,
        0.0002737949544098228
    ],
    [
        0.9999948143959045,
        -0.0006128522218205035,
        -0.0031743645668029785,
        0.133413627743721,
        0.000605112814810127,
        0.9999969005584717,
        -0.0024384025018662214,
        0.003212857758626342,
        0.0031758490949869156,
        0.0024364693090319633,
        0.9999918937683105,
        0.00026359985349699855
    ],
    [
        0.9999948740005493,
        -0.0006047724164091051,
        -0.003165180329233408,
        0.13937056064605713,
        0.0005971086793579161,
        0.9999969005584717,
        -0.00242151552811265,
        0.003462237073108554,
        0.00316663458943367,
        0.002419612370431423,
        0.9999920129776001,
        0.000694354297593236
    ],
    [
        0.9999948143959045,
        -0.0006495885900221765,
        -0.003162986831739545,
        0.14548741281032562,
        0.0006419815472327173,
        0.9999969601631165,
        -0.0024055808316916227,
        0.0035530964378267527,
        0.0031645395793020725,
        0.0024035379756242037,
        0.9999920129776001,
        0.0005058009992353618
    ],
    [
        0.9999949932098389,
        -0.0006334257777780294,
        -0.0030988059006631374,
        0.15208463370800018,
        0.0006263682153075933,
        0.9999971985816956,
        -0.002278017345815897,
        0.0036258872132748365,
        0.003100240370258689,
        0.002276064595207572,
        0.9999926090240479,
        0.0008318006875924766
    ],
    [
        0.9999953508377075,
        -0.0007381579489447176,
        -0.00297773745842278,
        0.15647757053375244,
        0.0007313431124202907,
        0.9999971389770508,
        -0.002288723597303033,
        0.0036976283881813288,
        0.0029794180300086737,
        0.0022865356877446175,
        0.9999929666519165,
        0.0009094002889469266
    ],
    [
        0.9999952912330627,
        -0.0007162719848565757,
        -0.0030180467292666435,
        0.16309016942977905,
        0.0007091701263561845,
        0.9999969601631165,
        -0.0023535555228590965,
        0.0038742609322071075,
        0.0030197231099009514,
        0.0023514044005423784,
        0.9999927282333374,
        0.0007871397538110614
    ],
    [
        0.9999951124191284,
        -0.0008472095942124724,
        -0.0030033455695956945,
        0.16941049695014954,
        0.0008398995269089937,
        0.9999967217445374,
        -0.002434216206893325,
        0.00399717828258872,
        0.003005398204550147,
        0.002431681612506509,
        0.9999924898147583,
        0.001034902990795672
    ],
    [
        0.9999940991401672,
        -0.0009193621226586401,
        -0.003321239259094,
        0.17599523067474365,
        0.0009118789457716048,
        0.999997079372406,
        -0.0022539212368428707,
        0.004117496311664581,
        0.003323302138596773,
        0.0022508790716528893,
        0.9999918937683105,
        0.0009811237687245011
    ],
    [
        0.9999940991401672,
        -0.0010088052367791533,
        -0.0032697555143386126,
        0.18237771093845367,
        0.0010007517412304878,
        0.9999964237213135,
        -0.0024636846501380205,
        0.0042815860360860825,
        0.003272230038419366,
        0.0024603973142802715,
        0.9999916553497314,
        0.001479987520724535
    ],
    [
        0.9999938011169434,
        -0.0010831848485395312,
        -0.0033752708695828915,
        0.18649689853191376,
        0.0010746961925178766,
        0.9999963045120239,
        -0.0025158124044537544,
        0.004354699980467558,
        0.0033779838122427464,
        0.002512168837711215,
        0.9999911785125732,
        0.0013301479630172253
    ],
    [
        0.9999940395355225,
        -0.00103367876727134,
        -0.0032902415841817856,
        0.1935216784477234,
        0.0010241852141916752,
        0.9999953508377075,
        -0.0028858294244855642,
        0.004337327554821968,
        0.003293209709227085,
        0.0028824424371123314,
        0.9999904632568359,
        0.0011928413296118379
    ],
    [
        0.9999934434890747,
        -0.001162589294835925,
        -0.0034310685005038977,
        0.20299768447875977,
        0.0011525757145136595,
        0.9999951720237732,
        -0.0029189358465373516,
        0.004423894919455051,
        0.0034344447776675224,
        0.0029149625916033983,
        0.9999898672103882,
        0.0014604558236896992
    ],
    [
        0.9999933838844299,
        -0.0012657720362767577,
        -0.0034192102029919624,
        0.21002234518527985,
        0.0012548741651698947,
        0.999994158744812,
        -0.003187510883435607,
        0.004663536790758371,
        0.003423225600272417,
        0.0031831993255764246,
        0.9999890327453613,
        0.0016787570202723145
    ],
    [
        0.9999934434890747,
        -0.0012951664393767715,
        -0.0033989930525422096,
        0.21905164420604706,
        0.0012838717084378004,
        0.999993622303009,
        -0.003322925651445985,
        0.004773347172886133,
        0.003403275040909648,
        0.003318539820611477,
        0.9999886751174927,
        0.0017852955497801304
    ]
]