[
    [
        0.9935369491577148,
        0.0026303972117602825,
        -0.11347834765911102,
        0.0174080953001976,
        -0.0027499275747686625,
        0.9999958276748657,
        -0.0008968139300122857,
        -0.0052940077148377895,
        0.11347551643848419,
        0.001203075167723,
        0.9935401082038879,
        0.2284999042749405
    ],
    [
        0.9913362860679626,
        0.002999380696564913,
        -0.1313147097826004,
        0.01992751844227314,
        -0.0031716760713607073,
        0.9999943971633911,
        -0.0011029440211132169,
        -0.005786928813904524,
        0.13131065666675568,
        0.0015098758740350604,
        0.9913401007652283,
        0.2590349614620209
    ],
    [
        0.9888004660606384,
        0.003476617857813835,
        -0.14920322597026825,
        0.023799322545528412,
        -0.0037196986377239227,
        0.9999921917915344,
        -0.00135016196873039,
        -0.006442033685743809,
        0.14919735491275787,
        0.0018900316208600998,
        0.9888055324554443,
        0.2886194586753845
    ],
    [
        0.9859733581542969,
        0.0038216756656765938,
        -0.16685861349105835,
        0.027081554755568504,
        -0.004135227762162685,
        0.9999902844429016,
        -0.00153175403829664,
        -0.007704032585024834,
        0.16685114800930023,
        0.002200267044827342,
        0.9859797358512878,
        0.3185230493545532
    ],
    [
        0.9827402234077454,
        0.004175279289484024,
        -0.18494372069835663,
        0.030262764543294907,
        -0.004547494929283857,
        0.9999883770942688,
        -0.001588461804203689,
        -0.0090403500944376,
        0.18493494391441345,
        0.0024020764976739883,
        0.9827478528022766,
        0.3487361669540405
    ],
    [
        0.9791186451911926,
        0.004517043940722942,
        -0.20323939621448517,
        0.03306306526064873,
        -0.005019685719162226,
        0.9999855160713196,
        -0.001957735512405634,
        -0.009216135367751122,
        0.20322759449481964,
        0.002937052631750703,
        0.9791271090507507,
        0.3782441020011902
    ],
    [
        0.9750919342041016,
        0.0047010257840156555,
        -0.22175085544586182,
        0.03745768964290619,
        -0.005252660717815161,
        0.9999845027923584,
        -0.0018979681190103292,
        -0.01091697346419096,
        0.22173845767974854,
        0.003015474881976843,
        0.9751015901565552,
        0.40828534960746765
    ],
    [
        0.9707246422767639,
        0.004880170803517103,
        -0.24014554917812347,
        0.04087311774492264,
        -0.005536393262445927,
        0.9999825954437256,
        -0.0020580380223691463,
        -0.011883683502674103,
        0.24013131856918335,
        0.0033273284789174795,
        0.970734715461731,
        0.43709036707878113
    ],
    [
        0.9650336503982544,
        0.005323044024407864,
        -0.26207178831100464,
        0.04544632509350777,
        -0.006082543171942234,
        0.9999793171882629,
        -0.0020869304426014423,
        -0.013793399557471275,
        0.26205530762672424,
        0.0036080218851566315,
        0.9650460481643677,
        0.4722508192062378
    ],
    [
        0.9599188566207886,
        0.0056810141541063786,
        -0.280220627784729,
        0.049607712775468826,
        -0.006514692213386297,
        0.9999766945838928,
        -0.0020437203347682953,
        -0.01574569009244442,
        0.2802025377750397,
        0.003787357360124588,
        0.9599334597587585,
        0.5012785792350769
    ],
    [
        0.9545668959617615,
        0.006182718090713024,
        -0.2979326844215393,
        0.05279411002993584,
        -0.007210589945316315,
        0.999971330165863,
        -0.002351034665480256,
        -0.016506679356098175,
        0.29790958762168884,
        0.00439249025657773,
        0.9545839428901672,
        0.5297625064849854
    ],
    [
        0.9488962888717651,
        0.006589462049305439,
        -0.31551921367645264,
        0.056974828243255615,
        -0.007694664411246777,
        0.9999678134918213,
        -0.002257194137200713,
        -0.01851380057632923,
        0.315494179725647,
        0.004569657146930695,
        0.948916494846344,
        0.5588658452033997
    ],
    [
        0.9430007338523865,
        0.007076081354171038,
        -0.3327155113220215,
        0.06086381524801254,
        -0.008313009515404701,
        0.9999628663063049,
        -0.002294322941452265,
        -0.02022307738661766,
        0.3326869010925293,
        0.0049294158816337585,
        0.9430244565010071,
        0.5872833728790283
    ],
    [
        0.9367570877075195,
        0.0075408052653074265,
        -0.3498990535736084,
        0.06414085626602173,
        -0.008914251811802387,
        0.9999576210975647,
        -0.002314961049705744,
        -0.021503912284970284,
        0.34986674785614014,
        0.005287645384669304,
        0.936784565448761,
        0.6174399256706238
    ],
    [
        0.9301183223724365,
        0.008056966587901115,
        -0.36717161536216736,
        0.06843487918376923,
        -0.009520059451460838,
        0.9999523162841797,
        -0.002173914574086666,
        -0.023607326671481133,
        0.36713653802871704,
        0.0055174934677779675,
        0.9301507472991943,
        0.6461317539215088
    ],
    [
        0.9231433272361755,
        0.00837286189198494,
        -0.3843647539615631,
        0.0716787651181221,
        -0.01006444450467825,
        0.9999464750289917,
        -0.0023896873462945223,
        -0.02411525882780552,
        0.38432419300079346,
        0.006074441596865654,
        0.9231781959533691,
        0.6752930879592896
    ],
    [
        0.9142677187919617,
        0.008845794945955276,
        -0.4050140082836151,
        0.07642820477485657,
        -0.010683768428862095,
        0.9999402761459351,
        -0.002277838997542858,
        -0.025987662374973297,
        0.4049696624279022,
        0.006409629713743925,
        0.9143076539039612,
        0.7098586559295654
    ],
    [
        0.9064633846282959,
        0.009324236772954464,
        -0.42218154668807983,
        0.08163071423768997,
        -0.011120670475065708,
        0.9999364614486694,
        -0.0017926787259057164,
        -0.028873151168227196,
        0.4221380949020386,
        0.006319941021502018,
        0.9065093994140625,
        0.7378535270690918
    ],
    [
        0.898375391960144,
        0.00962838251143694,
        -0.4391228258609772,
        0.08486942201852798,
        -0.011673036031425,
        0.9999299645423889,
        -0.0019563105888664722,
        -0.02903001941740513,
        0.43907323479652405,
        0.0068833972327411175,
        0.8984249234199524,
        0.7664421796798706
    ],
    [
        0.8898583650588989,
        0.010150644928216934,
        -0.45612388849258423,
        0.08981812745332718,
        -0.012148795649409294,
        0.9999250769615173,
        -0.0014487779699265957,
        -0.031917229294776917,
        0.4560750424861908,
        0.006830563303083181,
        0.8899150490760803,
        0.794390082359314
    ],
    [
        0.8812380433082581,
        0.010395446792244911,
        -0.47255852818489075,
        0.09351357817649841,
        -0.012521497905254364,
        0.999920666217804,
        -0.001353901345282793,
        -0.032724276185035706,
        0.47250691056251526,
        0.007110249251127243,
        0.8812982439994812,
        0.8232027888298035
    ],
    [
        0.8723821640014648,
        0.010630019009113312,
        -0.4887087345123291,
        0.09799987077713013,
        -0.012736939825117588,
        0.9999184608459473,
        -0.0009869436034932733,
        -0.03452225774526596,
        0.48865845799446106,
        0.007085646502673626,
        0.8724464774131775,
        0.8514476418495178
    ],
    [
        0.863351047039032,
        0.010783047415316105,
        -0.5044884085655212,
        0.10187706351280212,
        -0.01303503941744566,
        0.9999146461486816,
        -0.0009349883766844869,
        -0.03482731431722641,
        0.5044352412223816,
        0.00738324923440814,
        0.8634178638458252,
        0.8803825974464417
    ],
    [
        0.8544691801071167,
        0.011073704808950424,
        -0.5193842053413391,
        0.10643679648637772,
        -0.013349594548344612,
        0.9999106526374817,
        -0.0006432617665268481,
        -0.03609208017587662,
        0.5193306803703308,
        0.007483215071260929,
        0.8545405864715576,
        0.9093464016914368
    ],
    [
        0.8443810939788818,
        0.011555188335478306,
        -0.5356183052062988,
        0.11109301447868347,
        -0.013935000635683537,
        0.9999027848243713,
        -0.0003965252253692597,
        -0.037424180656671524,
        0.5355616807937622,
        0.007798659615218639,
        0.8444601893424988,
        0.9417586326599121
    ]
]