[
    [
        0.9999356865882874,
        0.008661878295242786,
        0.007319350726902485,
        0.006707845255732536,
        -0.008681531064212322,
        0.9999588131904602,
        0.0026575077790766954,
        0.011166027747094631,
        -0.007296029012650251,
        -0.0027208803221583366,
        0.9999697208404541,
        0.03968995809555054
    ],
    [
        0.9998646378517151,
        0.011852333322167397,
        0.011416425928473473,
        0.004459033254534006,
        -0.011918251402676105,
        0.9999125599861145,
        0.0057233483530581,
        0.012486708350479603,
        -0.011347593739628792,
        -0.0058586373925209045,
        0.9999184608459473,
        0.06366565078496933
    ],
    [
        0.9997677803039551,
        0.014885680750012398,
        0.015580720268189907,
        -0.00040203650132752955,
        -0.01502674538642168,
        0.9998467564582825,
        0.008976204320788383,
        0.012621648609638214,
        -0.015444716438651085,
        -0.009208247996866703,
        0.9998382329940796,
        0.09127122908830643
    ],
    [
        0.9996262788772583,
        0.0195549875497818,
        0.019105207175016403,
        -0.010007405653595924,
        -0.019806064665317535,
        0.9997187852859497,
        0.013042105361819267,
        0.011499608866870403,
        -0.01884479820728302,
        -0.013415629975497723,
        0.9997323155403137,
        0.13209417462348938
    ],
    [
        0.999539315700531,
        0.022889340296387672,
        0.019932398572564125,
        -0.0192735493183136,
        -0.023213176056742668,
        0.9995996952056885,
        0.016169732436537743,
        0.008440113626420498,
        -0.01955430768430233,
        -0.016624975949525833,
        0.9996705055236816,
        0.16703641414642334
    ],
    [
        0.9994664192199707,
        0.025551417842507362,
        0.020349537953734398,
        -0.02865411527454853,
        -0.02593647502362728,
        0.9994851350784302,
        0.01888841763138771,
        0.005169840529561043,
        -0.01985643431544304,
        -0.019406132400035858,
        0.9996144771575928,
        0.20424695312976837
    ],
    [
        0.9993703365325928,
        0.028372010216116905,
        0.021304743364453316,
        -0.04231991991400719,
        -0.028846627101302147,
        0.9993348121643066,
        0.02231086604297161,
        0.004675440490245819,
        -0.02065756916999817,
        -0.02291138842701912,
        0.9995241165161133,
        0.260298490524292
    ],
    [
        0.9993171691894531,
        0.029673036187887192,
        0.02201278693974018,
        -0.052939072251319885,
        -0.030209824442863464,
        0.9992440342903137,
        0.02446727268397808,
        0.003910872619599104,
        -0.021270129829645157,
        -0.025115568190813065,
        0.9994582533836365,
        0.30534034967422485
    ],
    [
        0.9992656111717224,
        0.030438384041190147,
        0.023278314620256424,
        -0.06372703611850739,
        -0.03102509304881096,
        0.9991990327835083,
        0.025272473692893982,
        0.004107008222490549,
        -0.02249041572213173,
        -0.02597612515091896,
        0.999409556388855,
        0.35039398074150085
    ],
    [
        0.9991586804389954,
        0.031100627034902573,
        0.02673528715968132,
        -0.07849274575710297,
        -0.031773071736097336,
        0.9991797804832458,
        0.02510610781610012,
        0.0042940168641507626,
        -0.025932541117072105,
        -0.02593444474041462,
        0.9993273019790649,
        0.4078143835067749
    ],
    [
        0.9990125894546509,
        0.031199203804135323,
        0.031628962606191635,
        -0.08846092969179153,
        -0.031944796442985535,
        0.9992168545722961,
        0.023348277434706688,
        0.0005183214088901877,
        -0.03087574616074562,
        -0.024335606023669243,
        0.9992269277572632,
        0.4476693868637085
    ],
    [
        0.9988425970077515,
        0.030261291190981865,
        0.03738721087574959,
        -0.09615503251552582,
        -0.031066767871379852,
        0.9992934465408325,
        0.021154271438717842,
        -0.005026898346841335,
        -0.0367206372320652,
        -0.022291289642453194,
        0.9990769624710083,
        0.48883700370788574
    ],
    [
        0.9985851049423218,
        0.02882806956768036,
        0.04468479007482529,
        -0.10042833536863327,
        -0.02971586585044861,
        0.9993714690208435,
        0.01933259703218937,
        -0.012546814046800137,
        -0.04409937933087349,
        -0.020633092150092125,
        0.9988141059875488,
        0.5521083474159241
    ],
    [
        0.9983176589012146,
        0.027069037780165672,
        0.05127484351396561,
        -0.10300803184509277,
        -0.02808253839612007,
        0.9994221925735474,
        0.019149675965309143,
        -0.017565257847309113,
        -0.05072685703635216,
        -0.020557386800646782,
        0.9985009431838989,
        0.6082271337509155
    ],
    [
        0.9980467557907104,
        0.024111270904541016,
        0.057630591094493866,
        -0.0992848351597786,
        -0.0252641960978508,
        0.9994933605194092,
        0.01936117745935917,
        -0.016815118491649628,
        -0.057134561240673065,
        -0.020779352635145187,
        0.9981502294540405,
        0.6710323691368103
    ],
    [
        0.9975631833076477,
        0.02015588991343975,
        0.0667935460805893,
        -0.09475883096456528,
        -0.021719222888350487,
        0.9995049834251404,
        0.022762475535273552,
        -0.015353003516793251,
        -0.06630168110132217,
        -0.02415771223604679,
        0.9975071549415588,
        0.771980881690979
    ],
    [
        0.9971792101860046,
        0.01732606813311577,
        0.07303079962730408,
        -0.08664911985397339,
        -0.01922808401286602,
        0.9994918704032898,
        0.02542189322412014,
        -0.012897399254143238,
        -0.07255323231220245,
        -0.026754427701234818,
        0.9970056414604187,
        0.8528404235839844
    ],
    [
        0.9967188835144043,
        0.01369432918727398,
        0.07977548241615295,
        -0.08167367428541183,
        -0.015996092930436134,
        0.9994718432426453,
        0.02828575298190117,
        -0.016092626377940178,
        -0.07934598624706268,
        -0.02946903556585312,
        0.9964113831520081,
        0.9396032094955444
    ],
    [
        0.9962621331214905,
        0.008705493062734604,
        0.08594191074371338,
        -0.06337645649909973,
        -0.011490646749734879,
        0.9994227886199951,
        0.03196609020233154,
        -0.020609978586435318,
        -0.08561404794454575,
        -0.03283413499593735,
        0.9957872033119202,
        1.0592807531356812
    ],
    [
        0.9959659576416016,
        0.004546395502984524,
        0.08961670845746994,
        -0.04688166081905365,
        -0.007419920992106199,
        0.9994680285453796,
        0.031757596880197525,
        -0.02350587025284767,
        -0.08942465484142303,
        -0.03229443356394768,
        0.9954699277877808,
        1.1412250995635986
    ],
    [
        0.9954397678375244,
        0.001352837891317904,
        0.095382921397686,
        -0.037318337708711624,
        -0.004328624811023474,
        0.9995099902153015,
        0.030998313799500465,
        -0.02854565903544426,
        -0.09529425948858261,
        -0.03126982972025871,
        0.9949578046798706,
        1.2242015600204468
    ],
    [
        0.994897186756134,
        -0.0025451781693845987,
        0.10086182504892349,
        -0.011622462421655655,
        -0.00046716531505808234,
        0.9995548725128174,
        0.029831169173121452,
        -0.03591660410165787,
        -0.10089284181594849,
        -0.029726065695285797,
        0.9944530129432678,
        1.3353896141052246
    ],
    [
        0.9944157004356384,
        -0.0050019132904708385,
        0.10541491955518723,
        0.0008254826534539461,
        0.0020595870446413755,
        0.9996057748794556,
        0.02800225466489792,
        -0.03470112010836601,
        -0.10551343113183975,
        -0.027628770098090172,
        0.9940339922904968,
        1.421851634979248
    ],
    [
        0.9940280914306641,
        -0.00672715762630105,
        0.10891690105199814,
        0.014686325564980507,
        0.0037381441798061132,
        0.9996114373207092,
        0.027624031528830528,
        -0.03520079329609871,
        -0.10906040668487549,
        -0.02705191634595394,
        0.99366694688797,
        1.5155951976776123
    ],
    [
        0.9935251474380493,
        -0.0064056492410600185,
        0.11343134194612503,
        0.02822267822921276,
        0.0035200989805161953,
        0.9996654987335205,
        0.02562078833580017,
        -0.026651419699192047,
        -0.11355753242969513,
        -0.02505560778081417,
        0.9932154417037964,
        1.6464836597442627
    ]
]