[
    [
        0.9999988079071045,
        0.000548734562471509,
        -0.0014400006039068103,
        0.05768100917339325,
        -0.0005516394157893956,
        0.9999978542327881,
        -0.002018046099692583,
        0.0007536523626185954,
        0.0014388904673978686,
        0.0020188381895422935,
        0.9999969005584717,
        0.0028233020566403866
    ],
    [
        0.9999983310699463,
        0.0005968639743514359,
        -0.0017650735098868608,
        0.08229921013116837,
        -0.0006011270452290773,
        0.9999969005584717,
        -0.0024156752042472363,
        0.000639244623016566,
        0.0017636268166825175,
        0.0024167317897081375,
        0.9999955892562866,
        0.0029105115681886673
    ],
    [
        0.999998152256012,
        0.0004070120630785823,
        -0.0018963207257911563,
        0.11520456522703171,
        -0.00041113997576758265,
        0.9999974966049194,
        -0.002176933456212282,
        0.0007946208934299648,
        0.001895430264994502,
        0.0021777094807475805,
        0.9999958276748657,
        0.0031300876289606094
    ],
    [
        0.9999974370002747,
        5.643070107907988e-05,
        -0.0023042098619043827,
        0.14182579517364502,
        -5.960431008134037e-05,
        0.9999990463256836,
        -0.0013771310914307833,
        0.0009284249972552061,
        0.0023041300009936094,
        0.001377264503389597,
        0.9999963045120239,
        0.003382414812222123
    ],
    [
        0.9999961853027344,
        -0.00020478798251133412,
        -0.0027501520235091448,
        0.17762644588947296,
        0.00020164799934718758,
        0.9999992847442627,
        -0.001141980872489512,
        0.0007765204063616693,
        0.0027503841556608677,
        0.0011414220789447427,
        0.9999955892562866,
        0.0034289187751710415
    ],
    [
        0.9999951720237732,
        -0.0007374118431471288,
        -0.0030507752671837807,
        0.2067684382200241,
        0.0007354191038757563,
        0.999999463558197,
        -0.0006542977644130588,
        0.0012278632493689656,
        0.0030512562952935696,
        0.0006520511233247817,
        0.9999951124191284,
        0.00368654727935791
    ],
    [
        0.9999932050704956,
        -0.0010447941021993756,
        -0.0035558941308408976,
        0.24175173044204712,
        0.0010419789468869567,
        0.9999991059303284,
        -0.0007934346213005483,
        0.0013117293128743768,
        0.003556719981133938,
        0.0007897233008407056,
        0.9999933242797852,
        0.0038778928574174643
    ],
    [
        0.9999919533729553,
        -0.0012777112424373627,
        -0.0038149894680827856,
        0.26981356739997864,
        0.0012758657103404403,
        0.9999990463256836,
        -0.00048610035446472466,
        0.001413044985383749,
        0.0038156076334416866,
        0.000481228664284572,
        0.9999926090240479,
        0.004127027001231909
    ],
    [
        0.9999890327453613,
        -0.0015826859744265676,
        -0.004405024461448193,
        0.30536574125289917,
        0.0015802730340510607,
        0.9999986290931702,
        -0.0005511881900019944,
        0.0013008193345740438,
        0.004405890125781298,
        0.0005442207911983132,
        0.9999901056289673,
        0.004274960141628981
    ],
    [
        0.9999867677688599,
        -0.0018444119486957788,
        -0.004816293716430664,
        0.33581602573394775,
        0.0018445734167471528,
        0.9999983310699463,
        2.902737833210267e-05,
        0.00174641830381006,
        0.004816231317818165,
        -3.791062408708967e-05,
        0.9999884366989136,
        0.004698889330029488
    ],
    [
        0.9999843835830688,
        -0.0021428242325782776,
        -0.005164725240319967,
        0.37504690885543823,
        0.0021462454460561275,
        0.9999974370002747,
        0.0006570304976776242,
        0.001982078654691577,
        0.005163304973393679,
        -0.000668105436488986,
        0.9999864101409912,
        0.005077301990240812
    ],
    [
        0.9999817609786987,
        -0.0022512031719088554,
        -0.005615369416773319,
        0.4062010943889618,
        0.0022542832884937525,
        0.9999973177909851,
        0.0005422312533482909,
        0.0021756074856966734,
        0.0056141335517168045,
        -0.000554880709387362,
        0.9999840259552002,
        0.005338393617421389
    ],
    [
        0.9999776482582092,
        -0.00244309613481164,
        -0.006228632293641567,
        0.4470929801464081,
        0.002446872880682349,
        0.9999967813491821,
        0.0005986577598378062,
        0.0022750296629965305,
        0.006227149162441492,
        -0.0006138852331787348,
        0.9999804496765137,
        0.00561823695898056
    ],
    [
        0.9999766945838928,
        -0.00227261520922184,
        -0.006452439818531275,
        0.4846998453140259,
        0.0022777002304792404,
        0.9999971389770508,
        0.0007808486116118729,
        0.0025456545408815145,
        0.006450646091252565,
        -0.0007955264882184565,
        0.9999788999557495,
        0.006054000463336706
    ],
    [
        0.9999778866767883,
        -0.0017395197646692395,
        -0.006434625945985317,
        0.5112501978874207,
        0.001743520493619144,
        0.9999983310699463,
        0.0006163038196973503,
        0.0026411747094243765,
        0.006433542817831039,
        -0.0006275082705542445,
        0.9999791383743286,
        0.006103544495999813
    ],
    [
        0.9999744296073914,
        -0.0016484652878716588,
        -0.0069741178303956985,
        0.5473487377166748,
        0.0016599370865151286,
        0.9999973177909851,
        0.0016394475242123008,
        0.0030601404141634703,
        0.006971396040171385,
        -0.0016509826527908444,
        0.9999743700027466,
        0.006520699709653854
    ],
    [
        0.9999698400497437,
        -0.002012082142755389,
        -0.007498650345951319,
        0.5799367427825928,
        0.0020233038812875748,
        0.9999967813491821,
        0.001489226589910686,
        0.0029936006758362055,
        0.007495630066841841,
        -0.0015043530147522688,
        0.9999706745147705,
        0.006727921776473522
    ],
    [
        0.9999657273292542,
        -0.002043645130470395,
        -0.008029019460082054,
        0.6234636306762695,
        0.0020612140651792288,
        0.9999955892562866,
        0.0021805313881486654,
        0.0033916831016540527,
        0.008024527691304684,
        -0.0021970057860016823,
        0.9999654293060303,
        0.0072054616175591946
    ],
    [
        0.999961256980896,
        -0.002355784410610795,
        -0.008488239720463753,
        0.6595584750175476,
        0.0023716986179351807,
        0.9999954104423523,
        0.0018653447041288018,
        0.0036258469335734844,
        0.008483806625008583,
        -0.0018854041118174791,
        0.9999622106552124,
        0.007396531291306019
    ],
    [
        0.9999557137489319,
        -0.0025102300569415092,
        -0.0090817054733634,
        0.7036238312721252,
        0.0025278322864323854,
        0.9999949336051941,
        0.0019272443605586886,
        0.0037326363380998373,
        0.00907682254910469,
        -0.0019501162460073829,
        0.9999568462371826,
        0.007761457469314337
    ],
    [
        0.9999539256095886,
        -0.002287535462528467,
        -0.009334328584372997,
        0.7370517253875732,
        0.0023072718176990747,
        0.9999951720237732,
        0.002104201354086399,
        0.004123270977288485,
        0.009329470805823803,
        -0.0021256415639072657,
        0.999954104423523,
        0.007951812818646431
    ],
    [
        0.9999511241912842,
        -0.0019354254473000765,
        -0.009697123430669308,
        0.7764360308647156,
        0.0019568896386772394,
        0.9999957084655762,
        0.0022045159712433815,
        0.003915825393050909,
        0.009692814201116562,
        -0.0022233836352825165,
        0.9999505281448364,
        0.008408895693719387
    ],
    [
        0.9999496340751648,
        -0.0017012091120705009,
        -0.009892229922115803,
        0.8078581690788269,
        0.001723057241179049,
        0.9999961853027344,
        0.002200508024543524,
        0.004240149632096291,
        0.009888448752462864,
        -0.002217442262917757,
        0.9999486207962036,
        0.008631539531052113
    ],
    [
        0.9999446272850037,
        -0.0017514083301648498,
        -0.010385964065790176,
        0.8456029891967773,
        0.001775776850990951,
        0.9999957084655762,
        0.0023375554010272026,
        0.004320168402045965,
        0.01038182619959116,
        -0.002355868462473154,
        0.9999433755874634,
        0.008926145732402802
    ],
    [
        0.9999422430992126,
        -0.0018505858024582267,
        -0.010591432452201843,
        0.8831121921539307,
        0.0018794352654367685,
        0.9999945759773254,
        0.002714521484449506,
        0.004654599819332361,
        0.010586352087557316,
        -0.0027342704124748707,
        0.9999402761459351,
        0.009295374155044556
    ]
]