[
    [
        0.9583646655082703,
        -0.009066145867109299,
        -0.285403311252594,
        0.6226810812950134,
        0.0053606159053742886,
        0.9998909831047058,
        -0.013762040995061398,
        -0.04034460708498955,
        0.2854970395565033,
        0.011659115552902222,
        0.9583086967468262,
        2.705439567565918
    ],
    [
        0.9559295177459717,
        -0.008182257413864136,
        -0.2934822738170624,
        0.6197149157524109,
        0.004536283202469349,
        0.9999039769172668,
        -0.01310165785253048,
        -0.05588467791676521,
        0.2935612201690674,
        0.011192942969501019,
        0.9558747410774231,
        2.835907220840454
    ],
    [
        0.9526994228363037,
        -0.007106541655957699,
        -0.30383095145225525,
        0.6203732490539551,
        0.003175304736942053,
        0.9999048113822937,
        -0.013431000523269176,
        -0.07075318694114685,
        0.3038974106311798,
        0.011830952018499374,
        0.952631413936615,
        3.00447940826416
    ],
    [
        0.9492446184158325,
        -0.004415659699589014,
        -0.31450754404067993,
        0.6187292337417603,
        0.0003038165741600096,
        0.9999138116836548,
        -0.013121718540787697,
        -0.09240665286779404,
        0.31453847885131836,
        0.012360169552266598,
        0.9491642713546753,
        3.180518865585327
    ],
    [
        0.9458559155464172,
        -0.0039591402746737,
        -0.32456257939338684,
        0.6163092255592346,
        -0.00022068731777835637,
        0.9999175071716309,
        -0.012840507552027702,
        -0.11011170595884323,
        0.32458680868148804,
        0.012216896750032902,
        0.9457769989967346,
        3.3263051509857178
    ],
    [
        0.9424969553947449,
        -0.003932318650186062,
        -0.3341914713382721,
        0.6090074181556702,
        -0.0013224320719018579,
        0.9998790621757507,
        -0.015494788065552711,
        -0.11656583100557327,
        0.33421212434768677,
        0.015045737847685814,
        0.9423778057098389,
        3.4665348529815674
    ],
    [
        0.9389100670814514,
        -0.006293139420449734,
        -0.3441053628921509,
        0.5998944044113159,
        0.00022733246441930532,
        0.9998438954353333,
        -0.01766527071595192,
        -0.12107028067111969,
        0.3441627621650696,
        0.016507873311638832,
        0.9387648105621338,
        3.60148549079895
    ],
    [
        0.935600996017456,
        -0.007134287618100643,
        -0.35298702120780945,
        0.5930562615394592,
        0.0005310424603521824,
        0.9998231530189514,
        -0.018800074234604836,
        -0.127685546875,
        0.3530586361885071,
        0.017401916906237602,
        0.9354392886161804,
        3.7073962688446045
    ],
    [
        0.9311568737030029,
        -0.007030573207885027,
        -0.36455094814300537,
        0.5857073664665222,
        -0.0007584702107124031,
        0.9997745752334595,
        -0.021218545734882355,
        -0.13268227875232697,
        0.36461806297302246,
        0.020034296438097954,
        0.930941641330719,
        3.8418800830841064
    ],
    [
        0.9258500933647156,
        -0.006289592478424311,
        -0.3778386414051056,
        0.5845896005630493,
        -0.002788498532027006,
        0.9997206330299377,
        -0.02347448468208313,
        -0.1405734419822693,
        0.37788063287734985,
        0.02278745174407959,
        0.9255738854408264,
        3.9738004207611084
    ],
    [
        0.9203716516494751,
        -0.003302481956779957,
        -0.3910309374332428,
        0.5819141864776611,
        -0.006212049163877964,
        0.9997146129608154,
        -0.0230645053088665,
        -0.15659646689891815,
        0.3909955620765686,
        0.023657018318772316,
        0.920088529586792,
        4.11311149597168
    ],
    [
        0.914950430393219,
        -0.002448034007102251,
        -0.4035589396953583,
        0.571483314037323,
        -0.008001147769391537,
        0.9996749758720398,
        -0.02420438639819622,
        -0.1655581295490265,
        0.4034869968891144,
        0.02537474036216736,
        0.914633572101593,
        4.2486677169799805
    ],
    [
        0.9103759527206421,
        -0.0033950014039874077,
        -0.41376808285713196,
        0.5479695796966553,
        -0.007559215649962425,
        0.9996629357337952,
        -0.0248341653496027,
        -0.17001965641975403,
        0.4137130081653595,
        0.025736186653375626,
        0.9100435972213745,
        4.394604682922363
    ],
    [
        0.9065054059028625,
        -0.0009809251641854644,
        -0.42219316959381104,
        0.5287004113197327,
        -0.010080267675220966,
        0.999661922454834,
        -0.023966308683156967,
        -0.18249894678592682,
        0.4220738708972931,
        0.02598140947520733,
        0.9061890840530396,
        4.510988235473633
    ],
    [
        0.9005151987075806,
        0.0017087553860619664,
        -0.43482130765914917,
        0.5069708228111267,
        -0.013931278139352798,
        0.9995923042297363,
        -0.024923495948314667,
        -0.19257506728172302,
        0.4346013367176056,
        0.0285016018897295,
        0.9001717567443848,
        4.657417297363281
    ],
    [
        0.8945228457450867,
        -0.00021710390865337104,
        -0.4470222294330597,
        0.483463853597641,
        -0.011504331603646278,
        0.9996574521064758,
        -0.02350648306310177,
        -0.201217383146286,
        0.44687414169311523,
        0.026169776916503906,
        0.8942139744758606,
        4.820631504058838
    ],
    [
        0.8880574107170105,
        0.0005951498751528561,
        -0.4597322940826416,
        0.4633411765098572,
        -0.011402557604014874,
        0.99972003698349,
        -0.020731942728161812,
        -0.21735899150371552,
        0.4595911204814911,
        0.02365327626466751,
        0.887815535068512,
        4.9719696044921875
    ],
    [
        0.8816407322883606,
        0.0009612494613975286,
        -0.47192031145095825,
        0.43963822722435,
        -0.01227655541151762,
        0.9997062087059021,
        -0.02089875563979149,
        -0.22409628331661224,
        0.4717616140842438,
        0.02421875111758709,
        0.881393551826477,
        5.113818168640137
    ],
    [
        0.8759908080101013,
        0.0016055782325565815,
        -0.48232513666152954,
        0.4073674976825714,
        -0.013280529528856277,
        0.9996956586837769,
        -0.02079206332564354,
        -0.23030908405780792,
        0.48214492201805115,
        0.024619191884994507,
        0.8757454752922058,
        5.2522687911987305
    ],
    [
        0.8704818487167358,
        0.003137854626402259,
        -0.49219030141830444,
        0.38526594638824463,
        -0.014227727428078651,
        0.9997221827507019,
        -0.01878948323428631,
        -0.24142135679721832,
        0.4919946789741516,
        0.023358656093478203,
        0.8702848553657532,
        5.366132736206055
    ],
    [
        0.8635671138763428,
        0.002782563678920269,
        -0.5042262077331543,
        0.35592687129974365,
        -0.013098517432808876,
        0.9997711181640625,
        -0.016916049644351006,
        -0.2489015907049179,
        0.5040637254714966,
        0.021212754771113396,
        0.8634058833122253,
        5.511137962341309
    ],
    [
        0.8562634587287903,
        0.00193298002704978,
        -0.516535758972168,
        0.3236306309700012,
        -0.011972582899034023,
        0.9997985363006592,
        -0.016105564311146736,
        -0.2524057626724243,
        0.5164005756378174,
        0.019974874332547188,
        0.8561142683029175,
        5.660396575927734
    ],
    [
        0.8488699793815613,
        0.0015248889103531837,
        -0.5285995006561279,
        0.289446085691452,
        -0.010375705547630787,
        0.9998512268066406,
        -0.013777841813862324,
        -0.25905677676200867,
        0.5284997820854187,
        0.017180191352963448,
        0.8487595319747925,
        5.8061676025390625
    ],
    [
        0.8405787944793701,
        0.0006593167199753225,
        -0.5416890382766724,
        0.25962111353874207,
        -0.008533616550266743,
        0.9998912215232849,
        -0.012025213800370693,
        -0.2620880603790283,
        0.5416222214698792,
        0.014730708673596382,
        0.8404929637908936,
        5.944161891937256
    ],
    [
        0.8323702812194824,
        0.0010128284338861704,
        -0.5542190670967102,
        0.2235112339258194,
        -0.007430404424667358,
        0.9999288320541382,
        -0.009332219138741493,
        -0.2671452760696411,
        0.5541700720787048,
        0.011885937303304672,
        0.8323186039924622,
        6.08641242980957
    ]
]