[
    [
        0.9989578723907471,
        -0.003217039629817009,
        0.04552904888987541,
        0.04337701573967934,
        0.003149472177028656,
        0.9999938607215881,
        0.0015557027654722333,
        -0.04604015499353409,
        -0.04553377628326416,
        -0.0014106892049312592,
        0.9989618062973022,
        0.34307852387428284
    ],
    [
        0.9981805682182312,
        -0.004551195073872805,
        0.06012439355254173,
        0.11519027501344681,
        0.004590944387018681,
        0.9999893307685852,
        -0.0005229717935435474,
        -0.0680018812417984,
        -0.06012136861681938,
        0.0007980481022968888,
        0.998190701007843,
        0.4614406228065491
    ],
    [
        0.997180700302124,
        -0.007031033281236887,
        0.07470685988664627,
        0.18804262578487396,
        0.007113283965736628,
        0.9999743103981018,
        -0.0008349575800821185,
        -0.08793241530656815,
        -0.07469908148050308,
        0.0013640150427818298,
        0.9972050786018372,
        0.5750799179077148
    ],
    [
        0.9959704875946045,
        -0.007347038947045803,
        0.08938026428222656,
        0.2571306824684143,
        0.007659721188247204,
        0.9999657273292542,
        -0.0031558286864310503,
        -0.10480128973722458,
        -0.0893540158867836,
        0.003827739506959915,
        0.9959926009178162,
        0.6829966306686401
    ],
    [
        0.9944144487380981,
        -0.005254887975752354,
        0.10541459918022156,
        0.31780409812927246,
        0.006027176510542631,
        0.9999573826789856,
        -0.007008976768702269,
        -0.11833098530769348,
        -0.10537326335906982,
        0.0076051801443099976,
        0.994403600692749,
        0.8007785677909851
    ],
    [
        0.9926159381866455,
        -0.0021673650480806828,
        0.121279776096344,
        0.37731727957725525,
        0.003538471180945635,
        0.9999322891235352,
        -0.01109109167009592,
        -0.13041770458221436,
        -0.12124751508235931,
        0.0114383390173316,
        0.9925563931465149,
        0.9306654930114746
    ],
    [
        0.9905938506126404,
        -0.0013905557570979,
        0.13682818412780762,
        0.4376654326915741,
        0.003496156306937337,
        0.9998791217803955,
        -0.01514953188598156,
        -0.13624295592308044,
        -0.13679055869579315,
        0.01548540499061346,
        0.9904789924621582,
        1.0544745922088623
    ],
    [
        0.9884272217750549,
        -0.0020133366342633963,
        0.15168240666389465,
        0.5031037926673889,
        0.00457486929371953,
        0.9998528361320496,
        -0.016540387645363808,
        -0.14466340839862823,
        -0.15162678062915802,
        0.017042893916368484,
        0.9882909059524536,
        1.1745386123657227
    ],
    [
        0.9854220747947693,
        -0.0017845665570348501,
        0.1701182723045349,
        0.5838130116462708,
        0.005226781126111746,
        0.9997904896736145,
        -0.01978854089975357,
        -0.15433159470558167,
        -0.1700473427772522,
        0.020389234647154808,
        0.9852249026298523,
        1.3144514560699463
    ],
    [
        0.9827908277511597,
        -0.0019042266067117453,
        0.18471181392669678,
        0.663912832736969,
        0.0061238729394972324,
        0.9997330904006958,
        -0.02227669209241867,
        -0.16680075228214264,
        -0.18462011218070984,
        0.023024478927254677,
        0.9825401902198792,
        1.4333747625350952
    ],
    [
        0.9799020290374756,
        -0.0006479602307081223,
        0.19947826862335205,
        0.7474963068962097,
        0.005215531215071678,
        0.9997361302375793,
        -0.02237296849489212,
        -0.17335480451583862,
        -0.19941112399101257,
        0.02296370267868042,
        0.9796468615531921,
        1.547995686531067
    ],
    [
        0.9770464301109314,
        0.0018531089881435037,
        0.21301862597465515,
        0.8322213888168335,
        0.002641351195052266,
        0.9997798204421997,
        -0.020812373608350754,
        -0.17832550406455994,
        -0.21301031112670898,
        0.020897312089800835,
        0.9768263697624207,
        1.6609876155853271
    ],
    [
        0.9740121364593506,
        0.0036277465987950563,
        0.2264668345451355,
        0.9106795787811279,
        0.00048666755901649594,
        0.9998359084129333,
        -0.018109366297721863,
        -0.18486589193344116,
        -0.2264953851699829,
        0.017748955637216568,
        0.9738504886627197,
        1.7820571660995483
    ],
    [
        0.9710085391998291,
        0.005798527039587498,
        0.23897448182106018,
        0.9877266883850098,
        -0.0023329071700572968,
        0.9998880624771118,
        -0.014782355166971684,
        -0.20124979317188263,
        -0.23903340101242065,
        0.013796287588775158,
        0.970913290977478,
        1.909193515777588
    ],
    [
        0.9683550596237183,
        0.006007675547152758,
        0.24950437247753143,
        1.0624876022338867,
        -0.0027409037575125694,
        0.9999060034751892,
        -0.013438412919640541,
        -0.21555307507514954,
        -0.24956165254116058,
        0.012329285964369774,
        0.9682804942131042,
        2.026500940322876
    ],
    [
        0.9661604762077332,
        0.004590888973325491,
        0.2579008936882019,
        1.1407378911972046,
        -0.0015912001254037023,
        0.9999286532402039,
        -0.011838690377771854,
        -0.22601857781410217,
        -0.2579368054866791,
        0.011027702130377293,
        0.966098964214325,
        2.137777805328369
    ],
    [
        0.9643218517303467,
        0.00031981075881049037,
        0.26473239064216614,
        1.2354649305343628,
        0.0024994066916406155,
        0.9999437928199768,
        -0.010312402620911598,
        -0.23222118616104126,
        -0.2647207975387573,
        0.010606149211525917,
        0.9642667770385742,
        2.2742950916290283
    ],
    [
        0.9632086157798767,
        -0.0029669534415006638,
        0.26873835921287537,
        1.326743721961975,
        0.005758862942457199,
        0.9999373555183411,
        -0.009601233527064323,
        -0.23771369457244873,
        -0.2686930298805237,
        0.010795620270073414,
        0.9631654024124146,
        2.3990538120269775
    ],
    [
        0.9627730250358582,
        -0.006812074221670628,
        0.2702251374721527,
        1.4146509170532227,
        0.009051453322172165,
        0.9999343156814575,
        -0.007041800767183304,
        -0.24510140717029572,
        -0.27015942335128784,
        0.00922558456659317,
        0.9627714157104492,
        2.5221636295318604
    ],
    [
        0.9627031683921814,
        -0.008340277709066868,
        0.2704312801361084,
        1.4955545663833618,
        0.010601581074297428,
        0.9999200105667114,
        -0.006902179215103388,
        -0.2519301474094391,
        -0.2703520953655243,
        0.009511747397482395,
        0.962714672088623,
        2.6485135555267334
    ],
    [
        0.9632153511047363,
        -0.009480535052716732,
        0.26856330037117004,
        1.5698225498199463,
        0.01184915006160736,
        0.9999038577079773,
        -0.007200009189546108,
        -0.2620720863342285,
        -0.2684692442417145,
        0.010117407888174057,
        0.963235080242157,
        2.785135507583618
    ],
    [
        0.9638082981109619,
        -0.008158418349921703,
        0.2664715349674225,
        1.6384668350219727,
        0.01129628624767065,
        0.999883770942688,
        -0.010244934819638729,
        -0.2776349186897278,
        -0.2663569748401642,
        0.012884292751550674,
        0.9637882709503174,
        2.919023036956787
    ],
    [
        0.9648198485374451,
        -0.006815064232796431,
        0.2628234028816223,
        1.7007232904434204,
        0.011193347163498402,
        0.9998223185539246,
        -0.015164966695010662,
        -0.2900850474834442,
        -0.26267340779304504,
        0.017573334276676178,
        0.9647246599197388,
        3.042762279510498
    ],
    [
        0.965711772441864,
        -0.004470982123166323,
        0.2595783472061157,
        1.7597628831863403,
        0.010149103589355946,
        0.999737560749054,
        -0.020538300275802612,
        -0.30287110805511475,
        -0.25941839814186096,
        0.02246856316924095,
        0.9655035734176636,
        3.162436008453369
    ],
    [
        0.9668872952461243,
        0.001049558399245143,
        0.2552014887332916,
        1.8335286378860474,
        0.005599446129053831,
        0.9996635317802429,
        -0.025326017290353775,
        -0.31793224811553955,
        -0.2551422417163849,
        0.025916393846273422,
        0.9665560722351074,
        3.297797918319702
    ]
]