[
    [
        0.9970345497131348,
        0.021563563495874405,
        -0.073872871696949,
        0.7867564558982849,
        -0.01960895210504532,
        0.9994408488273621,
        0.02708175592124462,
        -0.4536357522010803,
        0.07441563159227371,
        -0.025552863255143166,
        0.9968998432159424,
        3.5016660690307617
    ],
    [
        0.9948365092277527,
        0.02483196184039116,
        -0.09840566664934158,
        0.785114049911499,
        -0.02200120873749256,
        0.9993152618408203,
        0.02974693290889263,
        -0.45630794763565063,
        0.09907679259777069,
        -0.027428289875388145,
        0.9947017431259155,
        3.5339083671569824
    ],
    [
        0.9912741780281067,
        0.03057483211159706,
        -0.12822096049785614,
        0.7767147421836853,
        -0.02638697251677513,
        0.9990655183792114,
        0.034233905375003815,
        -0.46181365847587585,
        0.12914766371250153,
        -0.030551837757229805,
        0.991154670715332,
        3.587493896484375
    ],
    [
        0.9865627884864807,
        0.03726721927523613,
        -0.15907542407512665,
        0.7735483646392822,
        -0.031565502285957336,
        0.9987706542015076,
        0.03822089731693268,
        -0.466668039560318,
        0.16030442714691162,
        -0.0326860249042511,
        0.986526370048523,
        3.629918336868286
    ],
    [
        0.9824697971343994,
        0.040873512625694275,
        -0.1818855106830597,
        0.7732123732566833,
        -0.03388335928320885,
        0.9985689520835876,
        0.04137539118528366,
        -0.47152990102767944,
        0.18331626057624817,
        -0.03448718413710594,
        0.9824488162994385,
        3.660569190979004
    ],
    [
        0.9763808250427246,
        0.04624589532613754,
        -0.2110496163368225,
        0.7735555768013,
        -0.03770004212856293,
        0.9983048439025879,
        0.04433991014957428,
        -0.47441959381103516,
        0.21274258196353912,
        -0.03533606231212616,
        0.9764692187309265,
        3.695693016052246
    ],
    [
        0.969826340675354,
        0.05214395374059677,
        -0.23815512657165527,
        0.7726274132728577,
        -0.04195341095328331,
        0.9979819655418396,
        0.047662992030382156,
        -0.4788528084754944,
        0.2401597946882248,
        -0.03623341768980026,
        0.97005695104599,
        3.732670307159424
    ],
    [
        0.9655141234397888,
        0.0557594895362854,
        -0.25430959463119507,
        0.7639807462692261,
        -0.04447420313954353,
        0.9977627396583557,
        0.049916740506887436,
        -0.4815494120121002,
        0.25652381777763367,
        -0.036885105073451996,
        0.9658337831497192,
        3.7704226970672607
    ],
    [
        0.9596343636512756,
        0.06031625345349312,
        -0.27470627427101135,
        0.7532017827033997,
        -0.047698404639959335,
        0.9974870085716248,
        0.05238912254571915,
        -0.48500093817710876,
        0.27717605233192444,
        -0.03717135637998581,
        0.9600999355316162,
        3.8108396530151367
    ],
    [
        0.9534494876861572,
        0.06484140455722809,
        -0.29449892044067383,
        0.7444032430648804,
        -0.051164403557777405,
        0.9972335696220398,
        0.053919848054647446,
        -0.48719117045402527,
        0.29718056321144104,
        -0.036341965198516846,
        0.9541293382644653,
        3.84541392326355
    ],
    [
        0.948679506778717,
        0.06832612305879593,
        -0.3087696135044098,
        0.7383683323860168,
        -0.05359834432601929,
        0.9969943165779114,
        0.05594174563884735,
        -0.4909064769744873,
        0.3116638958454132,
        -0.03652125597000122,
        0.9494903683662415,
        3.8699440956115723
    ],
    [
        0.9418258666992188,
        0.07324914634227753,
        -0.32802221179008484,
        0.7313275933265686,
        -0.05675051733851433,
        0.9966075420379639,
        0.05960433557629585,
        -0.4988997280597687,
        0.33127540349960327,
        -0.037521470338106155,
        0.9427877068519592,
        3.903759002685547
    ],
    [
        0.9344503283500671,
        0.07760024070739746,
        -0.34753549098968506,
        0.7254670858383179,
        -0.05955047532916069,
        0.9962770342826843,
        0.062337376177310944,
        -0.5044689774513245,
        0.35107892751693726,
        -0.037555284798145294,
        0.9355923533439636,
        3.9403939247131348
    ],
    [
        0.92828768491745,
        0.08149195462465286,
        -0.36282381415367126,
        0.7230315804481506,
        -0.06222178786993027,
        0.9959756135940552,
        0.06450589746236801,
        -0.5085923671722412,
        0.36662042140960693,
        -0.037304479628801346,
        0.92962247133255,
        3.968139886856079
    ],
    [
        0.9189767837524414,
        0.08589702099561691,
        -0.38484200835227966,
        0.7236190438270569,
        -0.06540320068597794,
        0.9956700801849365,
        0.06605590134859085,
        -0.5110623240470886,
        0.3888498544692993,
        -0.03553393483161926,
        0.9206157326698303,
        4.011331558227539
    ],
    [
        0.908957839012146,
        0.08952659368515015,
        -0.4071615934371948,
        0.724321186542511,
        -0.06782298535108566,
        0.9954138398170471,
        0.06746159493923187,
        -0.5143188834190369,
        0.4113337993621826,
        -0.03370482102036476,
        0.9108613729476929,
        4.054788589477539
    ],
    [
        0.9011397957801819,
        0.0923628956079483,
        -0.42357566952705383,
        0.7221906781196594,
        -0.06970405578613281,
        0.9951982498168945,
        0.06871571391820908,
        -0.5168923139572144,
        0.427888423204422,
        -0.032397523522377014,
        0.9032507538795471,
        4.086511611938477
    ],
    [
        0.8904589414596558,
        0.09637598693370819,
        -0.44474101066589355,
        0.7165648341178894,
        -0.07165936380624771,
        0.9948196411132812,
        0.07210259139537811,
        -0.5232965350151062,
        0.44938600063323975,
        -0.03233453631401062,
        0.8927522897720337,
        4.133300304412842
    ],
    [
        0.8798441290855408,
        0.10128770023584366,
        -0.464343786239624,
        0.7053319811820984,
        -0.07498396933078766,
        0.9943737387657166,
        0.07482302933931351,
        -0.528742253780365,
        0.46930986642837524,
        -0.03101426362991333,
        0.8824887275695801,
        4.175826549530029
    ],
    [
        0.8717486262321472,
        0.10440678149461746,
        -0.4786998927593231,
        0.6973021626472473,
        -0.07696670293807983,
        0.9940827488899231,
        0.0766521617770195,
        -0.53240567445755,
        0.48387041687965393,
        -0.029977448284626007,
        0.874626100063324,
        4.205343723297119
    ],
    [
        0.8618947863578796,
        0.10815861821174622,
        -0.4954181909561157,
        0.6784482598304749,
        -0.0792122483253479,
        0.9937116503715515,
        0.07913689315319061,
        -0.5378031730651855,
        0.5008619427680969,
        -0.028964471071958542,
        0.8650423288345337,
        4.2449469566345215
    ],
    [
        0.8519976139068604,
        0.1111513003706932,
        -0.5116106867790222,
        0.6581099629402161,
        -0.0804634690284729,
        0.9933933615684509,
        0.08182449638843536,
        -0.5439778566360474,
        0.5173255205154419,
        -0.028548305854201317,
        0.8553124666213989,
        4.2824811935424805
    ],
    [
        0.8445439338684082,
        0.11367145925760269,
        -0.5232821106910706,
        0.6404483318328857,
        -0.08196394145488739,
        0.9931352138519287,
        0.08345209807157516,
        -0.5478718876838684,
        0.5291762351989746,
        -0.02758868597447872,
        0.8480634093284607,
        4.310234069824219
    ],
    [
        0.8346823453903198,
        0.11514860391616821,
        -0.5385595560073853,
        0.6117848753929138,
        -0.08238852769136429,
        0.9930011034011841,
        0.08462288230657578,
        -0.5524508357048035,
        0.5445342659950256,
        -0.026262085884809494,
        0.8383272290229797,
        4.34934139251709
    ],
    [
        0.8248947858810425,
        0.11853086948394775,
        -0.5527195334434509,
        0.5809049010276794,
        -0.08458356559276581,
        0.9926428198814392,
        0.08663750439882278,
        -0.5596024990081787,
        0.558922290802002,
        -0.02471584640443325,
        0.828851580619812,
        4.3850932121276855
    ]
]