[
    [
        0.9795398712158203,
        -0.09789150208234787,
        0.1758377104997635,
        -0.5979321599006653,
        0.10585153102874756,
        0.9937135577201843,
        -0.036452218890190125,
        0.18978391587734222,
        -0.17116394639015198,
        0.054319094866514206,
        0.9837440848350525,
        0.8448538184165955
    ],
    [
        0.9833747744560242,
        -0.10451799631118774,
        0.14849255979061127,
        -0.6447411179542542,
        0.11144227534532547,
        0.99300217628479,
        -0.03907887265086174,
        0.20415160059928894,
        -0.14336900413036346,
        0.054977525025606155,
        0.9881411790847778,
        0.9291314482688904
    ],
    [
        0.9866945743560791,
        -0.11208613961935043,
        0.11777336895465851,
        -0.66744464635849,
        0.11778703331947327,
        0.9921250343322754,
        -0.04259331896901131,
        0.21486800909042358,
        -0.11207177489995956,
        0.055898770689964294,
        0.9921265840530396,
        1.0101630687713623
    ],
    [
        0.9886193871498108,
        -0.11494985967874527,
        0.09704762697219849,
        -0.6954678297042847,
        0.12000200152397156,
        0.9916166663169861,
        -0.047915708273649216,
        0.22248169779777527,
        -0.09072615206241608,
        0.059016309678554535,
        0.9941257238388062,
        1.0925811529159546
    ],
    [
        0.9899978637695312,
        -0.1107836589217186,
        0.08735635131597519,
        -0.7181417942047119,
        0.11602608859539032,
        0.9915863275527954,
        -0.05739743635058403,
        0.22411224246025085,
        -0.08026265352964401,
        0.066958948969841,
        0.9945220947265625,
        1.1777520179748535
    ],
    [
        0.9917859435081482,
        -0.09567207098007202,
        0.08489770442247391,
        -0.7432698607444763,
        0.10144297033548355,
        0.9926177859306335,
        -0.06647902727127075,
        0.22091549634933472,
        -0.07791076600551605,
        0.0745452269911766,
        0.9941694140434265,
        1.265683650970459
    ],
    [
        0.9938117265701294,
        -0.07534507662057877,
        0.08161721378564835,
        -0.7764102816581726,
        0.08133188635110855,
        0.9940325021743774,
        -0.07269467413425446,
        0.2187640368938446,
        -0.07565295696258545,
        0.07888288795948029,
        0.9940090179443359,
        1.3731657266616821
    ],
    [
        0.9960777759552002,
        -0.05367967486381531,
        0.07033824920654297,
        -0.7972389459609985,
        0.05925120413303375,
        0.9950582385063171,
        -0.07967813313007355,
        0.21899977326393127,
        -0.0657135546207428,
        0.08353324234485626,
        0.9943358898162842,
        1.4679551124572754
    ],
    [
        0.9980977177619934,
        -0.027470791712403297,
        0.055192217230796814,
        -0.8243079781532288,
        0.032525911927223206,
        0.995145320892334,
        -0.0928865298628807,
        0.21664369106292725,
        -0.052372612059116364,
        0.09450501203536987,
        0.9941457509994507,
        1.5904992818832397
    ],
    [
        0.9993202686309814,
        -0.007519336882978678,
        0.03609002009034157,
        -0.8427217602729797,
        0.011272560805082321,
        0.9944138526916504,
        -0.1049477607011795,
        0.22063405811786652,
        -0.03509928286075592,
        0.10528325289487839,
        0.9938227534294128,
        1.6816588640213013
    ],
    [
        0.9998737573623657,
        0.010805568657815456,
        0.01165557000786066,
        -0.8566701412200928,
        -0.009411723352968693,
        0.9934772849082947,
        -0.11364155262708664,
        0.22323308885097504,
        -0.012807492166757584,
        0.11351750791072845,
        0.9934534430503845,
        1.7850244045257568
    ],
    [
        0.9990134835243225,
        0.03211696445941925,
        -0.030669519677758217,
        -0.8697090148925781,
        -0.03544473648071289,
        0.9927363395690918,
        -0.11497063934803009,
        0.2178826630115509,
        0.026754237711429596,
        0.1159442886710167,
        0.9928953051567078,
        1.9120168685913086
    ],
    [
        0.9963858127593994,
        0.0474206767976284,
        -0.07047320902347565,
        -0.875420868396759,
        -0.055154360830783844,
        0.9921549558639526,
        -0.1121896281838417,
        0.20982621610164642,
        0.06460025161504745,
        0.1156710609793663,
        0.991184651851654,
        2.0239579677581787
    ],
    [
        0.9914957284927368,
        0.06450863182544708,
        -0.113025963306427,
        -0.880784273147583,
        -0.07690616697072983,
        0.9910619854927063,
        -0.10900218039751053,
        0.2021797150373459,
        0.10498416423797607,
        0.11676758527755737,
        0.9875948429107666,
        2.125415086746216
    ],
    [
        0.9845177531242371,
        0.08478658646345139,
        -0.15341447293758392,
        -0.8894004225730896,
        -0.10151233524084091,
        0.9893109202384949,
        -0.10468634963035583,
        0.18698835372924805,
        0.14289861917495728,
        0.1186390295624733,
        0.9826009273529053,
        2.2260169982910156
    ],
    [
        0.975253164768219,
        0.10718455165624619,
        -0.19337202608585358,
        -0.9068384170532227,
        -0.12840493023395538,
        0.9865921139717102,
        -0.10073789209127426,
        0.17477169632911682,
        0.1799817830324173,
        0.12307485938072205,
        0.9759400486946106,
        2.3343749046325684
    ],
    [
        0.9607248306274414,
        0.13550511002540588,
        -0.24216949939727783,
        -0.9470925331115723,
        -0.162275031208992,
        0.9822427034378052,
        -0.09416025131940842,
        0.15947219729423523,
        0.2251100242137909,
        0.12976017594337463,
        0.9656539559364319,
        2.4916749000549316
    ],
    [
        0.9463773965835571,
        0.159513920545578,
        -0.2809361517429352,
        -0.9947832822799683,
        -0.19035357236862183,
        0.9779446125030518,
        -0.085964635014534,
        0.1332324594259262,
        0.26102739572525024,
        0.1348322033882141,
        0.9558687210083008,
        2.6215720176696777
    ],
    [
        0.9280858635902405,
        0.17916181683540344,
        -0.32643190026283264,
        -1.042656421661377,
        -0.21548661589622498,
        0.9733520150184631,
        -0.07843160629272461,
        0.0956689640879631,
        0.3036811351776123,
        0.14313295483589172,
        0.9419610500335693,
        2.746218204498291
    ],
    [
        0.9032469987869263,
        0.19468235969543457,
        -0.3824182152748108,
        -1.097344994544983,
        -0.23605619370937347,
        0.9696345329284668,
        -0.06392568349838257,
        0.058227747678756714,
        0.3583606779575348,
        0.14801286160945892,
        0.9217753410339355,
        2.867263078689575
    ],
    [
        0.8703058958053589,
        0.20572513341903687,
        -0.44748732447624207,
        -1.1540915966033936,
        -0.24858050048351288,
        0.967845618724823,
        -0.0385059230029583,
        0.01376191433519125,
        0.4251769781112671,
        0.14474855363368988,
        0.8934609293937683,
        2.9925825595855713
    ],
    [
        0.8043482303619385,
        0.21138834953308105,
        -0.555282711982727,
        -1.2756682634353638,
        -0.2533620595932007,
        0.9673706889152527,
        0.0012598480097949505,
        -0.06678888946771622,
        0.5374305844306946,
        0.13967423141002655,
        0.8316606879234314,
        3.2041015625
    ],
    [
        0.7582840323448181,
        0.20556850731372833,
        -0.618665337562561,
        -1.3721505403518677,
        -0.25095126032829285,
        0.9678980112075806,
        0.014025438576936722,
        -0.1186208575963974,
        0.6016882658004761,
        0.1446196585893631,
        0.7855294346809387,
        3.34555983543396
    ],
    [
        0.7244519591331482,
        0.19921712577342987,
        -0.6599106192588806,
        -1.4981862306594849,
        -0.2544694244861603,
        0.9669991135597229,
        0.012565233744680882,
        -0.17203785479068756,
        0.640636146068573,
        0.1588241308927536,
        0.751239001750946,
        3.467451572418213
    ],
    [
        0.6784268021583557,
        0.13689400255680084,
        -0.7218011021614075,
        -1.8076406717300415,
        -0.24005915224552155,
        0.9698625802993774,
        -0.04169319570064545,
        -0.279983252286911,
        0.6943404674530029,
        0.20156079530715942,
        0.690843403339386,
        3.704632520675659
    ]
]