[
    [
        0.9991360306739807,
        -0.012608243152499199,
        -0.03960162401199341,
        0.28282374143600464,
        0.013764153234660625,
        0.9994831085205078,
        0.029052678495645523,
        -0.14582695066928864,
        0.039214856922626495,
        -0.029572660103440285,
        0.9987930059432983,
        0.35339856147766113
    ],
    [
        0.9993341565132141,
        -0.017694542184472084,
        -0.03190983086824417,
        0.3286536633968353,
        0.018937241286039352,
        0.9990569353103638,
        0.03907184302806854,
        -0.18534360826015472,
        0.03118838183581829,
        -0.03965010866522789,
        0.9987267851829529,
        0.43921494483947754
    ],
    [
        0.9997585415840149,
        -0.020972292870283127,
        -0.006552161183208227,
        0.34903857111930847,
        0.021245555952191353,
        0.9987669587135315,
        0.04486960917711258,
        -0.21173076331615448,
        0.005603063385933638,
        -0.04499797895550728,
        0.9989714622497559,
        0.5346329808235168
    ],
    [
        0.9992132782936096,
        -0.027130264788866043,
        0.028927801176905632,
        0.35511302947998047,
        0.02574986405670643,
        0.9985597729682922,
        0.04706832021474838,
        -0.22618013620376587,
        -0.0301631111651659,
        -0.04628640040755272,
        0.9984727501869202,
        0.6269420981407166
    ],
    [
        0.9976373910903931,
        -0.03300062566995621,
        0.06025351956486702,
        0.3691663146018982,
        0.03002370335161686,
        0.9983147978782654,
        0.04966080188751221,
        -0.23785313963890076,
        -0.061790816485881805,
        -0.04773443564772606,
        0.9969469904899597,
        0.694891095161438
    ],
    [
        0.9936702847480774,
        -0.041055504232645035,
        0.10456518828868866,
        0.38272932171821594,
        0.0356706902384758,
        0.9979647397994995,
        0.052857425063848495,
        -0.24852222204208374,
        -0.10652247071266174,
        -0.04879293963313103,
        0.9931122660636902,
        0.7605501413345337
    ],
    [
        0.9858068823814392,
        -0.05121603235602379,
        0.15988090634346008,
        0.39673858880996704,
        0.04276677221059799,
        0.99752277135849,
        0.05585024133324623,
        -0.2554265856742859,
        -0.1623452752828598,
        -0.0482199601829052,
        0.9855551719665527,
        0.8329508900642395
    ],
    [
        0.9745954871177673,
        -0.060426853597164154,
        0.2156667560338974,
        0.4077785313129425,
        0.04848136752843857,
        0.9970046281814575,
        0.060260239988565445,
        -0.26089194416999817,
        -0.2186620980501175,
        -0.048273541033267975,
        0.9746058583259583,
        0.9076972007751465
    ],
    [
        0.9064632654190063,
        -0.10333511978387833,
        0.40944617986679077,
        0.4615817964076996,
        0.07912503182888031,
        0.9939872026443481,
        0.0756872370839119,
        -0.2820848226547241,
        -0.41480544209480286,
        -0.03621026128530502,
        0.9091893434524536,
        1.1748887300491333
    ],
    [
        0.8612186908721924,
        -0.12275786697864532,
        0.49318641424179077,
        0.5079889893531799,
        0.09313565492630005,
        0.9920783042907715,
        0.08429928123950958,
        -0.2923721373081207,
        -0.499627947807312,
        -0.026666883379220963,
        0.8658295273780823,
        1.2826143503189087
    ],
    [
        0.8185043334960938,
        -0.13401271402835846,
        0.5586513876914978,
        0.5644341111183167,
        0.09858547896146774,
        0.9907522201538086,
        0.093225859105587,
        -0.2986633777618408,
        -0.565978467464447,
        -0.021230850368738174,
        0.8241466283798218,
        1.3752433061599731
    ],
    [
        0.7780144810676575,
        -0.14378947019577026,
        0.6115700602531433,
        0.6003149747848511,
        0.10409333556890488,
        0.9895047545433044,
        0.10022439062595367,
        -0.3015212118625641,
        -0.6195626854896545,
        -0.014315679669380188,
        0.7848166823387146,
        1.4449013471603394
    ],
    [
        0.7250937819480896,
        -0.15652664005756378,
        0.6706253886222839,
        0.6388725638389587,
        0.11423435807228088,
        0.9876733422279358,
        0.10701435059309006,
        -0.3052518367767334,
        -0.6791093349456787,
        -0.000986990868113935,
        0.7340364456176758,
        1.5162169933319092
    ],
    [
        0.6684184670448303,
        -0.16528819501399994,
        0.7251870036125183,
        0.6885460019111633,
        0.1157817542552948,
        0.986232340335846,
        0.11806865781545639,
        -0.31400153040885925,
        -0.7347185015678406,
        0.00504419207572937,
        0.6783533692359924,
        1.5928516387939453
    ],
    [
        0.617043137550354,
        -0.17239421606063843,
        0.7678137421607971,
        0.7469654679298401,
        0.11506093293428421,
        0.9849874973297119,
        0.128688246011734,
        -0.32395440340042114,
        -0.7784720063209534,
        0.008939155377447605,
        0.6276156306266785,
        1.6690025329589844
    ],
    [
        0.5477558970451355,
        -0.18166495859622955,
        0.8166769742965698,
        0.8136565685272217,
        0.1165132224559784,
        0.9831927418708801,
        0.14055846631526947,
        -0.3374578356742859,
        -0.8284854888916016,
        0.01816192828118801,
        0.5597158670425415,
        1.76681387424469
    ],
    [
        0.4747632145881653,
        -0.19112874567508698,
        0.8591098189353943,
        0.8828848004341125,
        0.12242424488067627,
        0.9809868931770325,
        0.1505887508392334,
        -0.34875375032424927,
        -0.8715572357177734,
        0.033681921660900116,
        0.489135205745697,
        1.8638710975646973
    ],
    [
        0.40639203786849976,
        -0.19727815687656403,
        0.8921473622322083,
        0.9587292671203613,
        0.12671925127506256,
        0.9791461229324341,
        0.1587926745414734,
        -0.3521239459514618,
        -0.9048688411712646,
        0.04852015897631645,
        0.4229159951210022,
        1.942980170249939
    ],
    [
        0.3510613739490509,
        -0.1995527595281601,
        0.91484135389328,
        1.0147415399551392,
        0.12635217607021332,
        0.9781864285469055,
        0.16488370299339294,
        -0.3518197238445282,
        -0.9277883172035217,
        0.05770786106586456,
        0.3686174154281616,
        2.007603168487549
    ],
    [
        0.2853025794029236,
        -0.19966451823711395,
        0.9374096393585205,
        1.0774509906768799,
        0.12521371245384216,
        0.9774423241615295,
        0.17008230090141296,
        -0.34630903601646423,
        -0.9502230882644653,
        0.06885160505771637,
        0.3038675785064697,
        2.0955772399902344
    ],
    [
        0.22780604660511017,
        -0.20206043124198914,
        0.9525103569030762,
        1.1489735841751099,
        0.12108051031827927,
        0.976517379283905,
        0.178195059299469,
        -0.34914690256118774,
        -0.9661490321159363,
        0.07473650574684143,
        0.246922105550766,
        2.1723055839538574
    ],
    [
        0.1822957843542099,
        -0.20411808788776398,
        0.9618232846260071,
        1.2126944065093994,
        0.11949919909238815,
        0.9755625128746033,
        0.18438494205474854,
        -0.3510132431983948,
        -0.9759549498558044,
        0.08132453262805939,
        0.20223288238048553,
        2.235081911087036
    ],
    [
        0.12599025666713715,
        -0.2053520828485489,
        0.970544695854187,
        1.2919442653656006,
        0.1166115254163742,
        0.9746235609054565,
        0.1910773366689682,
        -0.3581763505935669,
        -0.9851539731025696,
        0.08910278230905533,
        0.14673949778079987,
        2.328904867172241
    ],
    [
        0.07368897646665573,
        -0.20509618520736694,
        0.9759638905525208,
        1.3692771196365356,
        0.11439138650894165,
        0.9739036560058594,
        0.1960262656211853,
        -0.36776620149612427,
        -0.990699052810669,
        0.09719688445329666,
        0.09522717446088791,
        2.4214680194854736
    ],
    [
        0.03371546417474747,
        -0.20614518225193024,
        0.9779404401779175,
        1.4510129690170288,
        0.11053811758756638,
        0.9732627868652344,
        0.2013482302427292,
        -0.37656736373901367,
        -0.9932998418807983,
        0.10131116956472397,
        0.05560087412595749,
        2.48862361907959
    ]
]