[
    [
        0.9997174739837646,
        -0.00428352877497673,
        0.023378485813736916,
        -0.22687190771102905,
        0.0042101191356778145,
        0.9999861121177673,
        0.0031883716583251953,
        -0.052838925272226334,
        -0.02339181862771511,
        -0.0030890449415892363,
        0.9997215867042542,
        0.4010368287563324
    ],
    [
        0.9995771050453186,
        -0.0051777963526546955,
        0.02861478179693222,
        -0.2749267518520355,
        0.005191428121179342,
        0.9999864101409912,
        -0.0004021434288006276,
        -0.06831994652748108,
        -0.02861231006681919,
        0.0005505245644599199,
        0.9995904564857483,
        0.5230953693389893
    ],
    [
        0.9994300007820129,
        -0.0042793480679392815,
        0.03348766267299652,
        -0.32290810346603394,
        0.004424248822033405,
        0.999981164932251,
        -0.004254107363522053,
        -0.09104785323143005,
        -0.0334688276052475,
        0.0043998402543365955,
        0.9994301199913025,
        0.6470175385475159
    ],
    [
        0.999165952205658,
        -0.0036374814808368683,
        0.04067236930131912,
        -0.3893081843852997,
        0.003959691617637873,
        0.9999613761901855,
        -0.007844353094696999,
        -0.11852657794952393,
        -0.04064226523041725,
        0.007998861372470856,
        0.9991416931152344,
        0.8182937502861023
    ],
    [
        0.9988342523574829,
        -0.003857959294691682,
        0.04811778664588928,
        -0.45014315843582153,
        0.004205083940178156,
        0.9999659657478333,
        -0.007114913314580917,
        -0.13793902099132538,
        -0.048088692128658295,
        0.007308957166969776,
        0.9988163709640503,
        0.9619870781898499
    ],
    [
        0.9976704716682434,
        -0.0067822583951056,
        0.06787947565317154,
        -0.557774007320404,
        0.006884964648634195,
        0.9999754428863525,
        -0.0012792459456250072,
        -0.1696774810552597,
        -0.06786911189556122,
        0.0017436164198443294,
        0.9976926445960999,
        1.1873692274093628
    ],
    [
        0.9967066049575806,
        -0.010683785192668438,
        0.08038417249917984,
        -0.6204798817634583,
        0.010536671616137028,
        0.9999420046806335,
        0.002254105405882001,
        -0.1914842128753662,
        -0.08040358126163483,
        -0.0013997011119499803,
        0.9967613816261292,
        1.3340959548950195
    ],
    [
        0.9958539605140686,
        -0.013706563040614128,
        0.08992848545312881,
        -0.6720104813575745,
        0.01350405253469944,
        0.9999046921730042,
        0.0028599814977496862,
        -0.21203811466693878,
        -0.08995909988880157,
        -0.001633725012652576,
        0.995944082736969,
        1.5080338716506958
    ],
    [
        0.9955809116363525,
        -0.014275648631155491,
        0.09281586855649948,
        -0.7057180404663086,
        0.014293336309492588,
        0.9998977780342102,
        0.00047422150964848697,
        -0.22674164175987244,
        -0.09281314164400101,
        0.0008545210584998131,
        0.9956830739974976,
        1.658868670463562
    ],
    [
        0.9961551427841187,
        -0.01333619374781847,
        0.08658627420663834,
        -0.7410588264465332,
        0.013416003435850143,
        0.9999099373817444,
        -0.00033987071947194636,
        -0.26129990816116333,
        -0.08657396584749222,
        0.0015002023428678513,
        0.9962443113327026,
        1.861791729927063
    ],
    [
        0.9972057342529297,
        -0.010938218794763088,
        0.07389838248491287,
        -0.7749707102775574,
        0.010970287956297398,
        0.9999399185180664,
        -2.8074309739167802e-05,
        -0.2859169542789459,
        -0.07389363646507263,
        0.0008386832196265459,
        0.9972658157348633,
        2.0336005687713623
    ],
    [
        0.9980080723762512,
        -0.008142022415995598,
        0.0625581219792366,
        -0.8091138005256653,
        0.008167732506990433,
        0.9999666213989258,
        -0.00015525963681284338,
        -0.3041212558746338,
        -0.06255476921796799,
        0.0006659087375737727,
        0.9980413317680359,
        2.184619426727295
    ],
    [
        0.9985716938972473,
        -0.006277543026953936,
        0.05306006968021393,
        -0.8423489332199097,
        0.0062737856060266495,
        0.9999803304672241,
        0.00023737193259876221,
        -0.3218216598033905,
        -0.053060512989759445,
        9.585356747265905e-05,
        0.9985912442207336,
        2.3105947971343994
    ],
    [
        0.9991440773010254,
        -0.003979670349508524,
        0.041174888610839844,
        -0.8784909248352051,
        0.00396320316940546,
        0.9999920725822449,
        0.00048154848627746105,
        -0.34219709038734436,
        -0.04117646440863609,
        -0.000317948404699564,
        0.9991518259048462,
        2.4371907711029053
    ],
    [
        0.9997716546058655,
        -0.0016397685976698995,
        0.021303247660398483,
        -0.9171410202980042,
        0.0016755705000832677,
        0.9999973177909851,
        -0.001662827911786735,
        -0.3607163429260254,
        -0.02130047045648098,
        0.0016981386579573154,
        0.9997717142105103,
        2.6111106872558594
    ],
    [
        0.999999463558197,
        -0.000197546134586446,
        0.001041619572788477,
        -0.9408932328224182,
        0.000202547904336825,
        0.9999884963035583,
        -0.004804158583283424,
        -0.3711934983730316,
        -0.001040650880895555,
        0.004804368596524,
        0.9999879598617554,
        2.7620959281921387
    ],
    [
        0.9997393488883972,
        0.0013513321755453944,
        -0.02279258891940117,
        -0.9629809856414795,
        -0.0014666970819234848,
        0.9999862909317017,
        -0.005045559257268906,
        -0.39069700241088867,
        0.022785445675253868,
        0.00507767079398036,
        0.9997274875640869,
        2.922574758529663
    ],
    [
        0.9988012909889221,
        0.0037130045238882303,
        -0.048809658735990524,
        -0.9876272082328796,
        -0.0038461058866232634,
        0.9999890923500061,
        -0.0026332996785640717,
        -0.41508764028549194,
        0.04879934340715408,
        0.0028178661596029997,
        0.9988046884536743,
        3.0793657302856445
    ],
    [
        0.9968780875205994,
        0.00802026130259037,
        -0.07854841649532318,
        -1.0381163358688354,
        -0.008004867471754551,
        0.9999678730964661,
        0.000510863377712667,
        -0.4388262629508972,
        0.07855000346899033,
        0.00011950352200074121,
        0.9969102740287781,
        3.277895927429199
    ],
    [
        0.9952950477600098,
        0.012326973490417004,
        -0.09610345959663391,
        -1.095535159111023,
        -0.012109940871596336,
        0.9999226331710815,
        0.0028412784449756145,
        -0.4593106806278229,
        0.09613106399774551,
        -0.0016640995163470507,
        0.9953672885894775,
        3.455223560333252
    ],
    [
        0.9940667748451233,
        0.01588813029229641,
        -0.10760589689016342,
        -1.1566827297210693,
        -0.015426328405737877,
        0.999867856502533,
        0.005122684873640537,
        -0.4896390438079834,
        0.10767307132482529,
        -0.0034323243889957666,
        0.9941803812980652,
        3.6263856887817383
    ],
    [
        0.9931303262710571,
        0.015305713750422001,
        -0.11600775271654129,
        -1.1859935522079468,
        -0.015115306712687016,
        0.9998825788497925,
        0.002520933747291565,
        -0.5062031745910645,
        0.11603271961212158,
        -0.0007501253276132047,
        0.9932450652122498,
        3.742154121398926
    ],
    [
        0.9918544292449951,
        0.012997434474527836,
        -0.12671208381652832,
        -1.2143458127975464,
        -0.013664289377629757,
        0.9998969435691833,
        -0.004394914954900742,
        -0.5232751369476318,
        0.1266419142484665,
        0.006090544164180756,
        0.9919297695159912,
        3.8791627883911133
    ],
    [
        0.9905532598495483,
        0.011676560156047344,
        -0.13663062453269958,
        -1.2363379001617432,
        -0.013295399025082588,
        0.9998517632484436,
        -0.010941699147224426,
        -0.539283037185669,
        0.1364826112985611,
        0.012654894962906837,
        0.9905615448951721,
        3.9992430210113525
    ],
    [
        0.9890784621238708,
        0.012217422015964985,
        -0.14688317477703094,
        -1.2602839469909668,
        -0.01459747925400734,
        0.9997789263725281,
        -0.015136734582483768,
        -0.5691861510276794,
        0.1466657668352127,
        0.01711553893983364,
        0.9890379309654236,
        4.148430824279785
    ]
]