[
    [
        0.8155720829963684,
        -0.10165658593177795,
        -0.5696561336517334,
        -1.0086615085601807,
        -0.041203830391168594,
        0.9717467427253723,
        -0.23240184783935547,
        0.23891468346118927,
        0.5771867036819458,
        0.2130124270915985,
        0.7883408665657043,
        -0.4552185535430908
    ],
    [
        0.8127024173736572,
        -0.10220127552747726,
        -0.573646068572998,
        -1.0094237327575684,
        -0.042185042053461075,
        0.9715936779975891,
        -0.2328648567199707,
        0.2415781021118164,
        0.5811499953269958,
        0.21344906091690063,
        0.7853051424026489,
        -0.46780842542648315
    ],
    [
        0.8083004951477051,
        -0.10321882367134094,
        -0.579651951789856,
        -1.0103750228881836,
        -0.04279492050409317,
        0.9716089367866516,
        -0.2326904535293579,
        0.24349048733711243,
        0.5872129797935486,
        0.21288995444774628,
        0.7809345126152039,
        -0.48653316497802734
    ],
    [
        0.8033585548400879,
        -0.10387919843196869,
        -0.5863651037216187,
        -1.0108400583267212,
        -0.04500626400113106,
        0.9712598323822021,
        -0.2337278574705124,
        0.24899861216545105,
        0.5937924385070801,
        0.214157372713089,
        0.7755947113037109,
        -0.5071630477905273
    ],
    [
        0.7995584607124329,
        -0.10465466231107712,
        -0.5913996696472168,
        -1.0111303329467773,
        -0.04590575024485588,
        0.9711709022521973,
        -0.2339228391647339,
        0.2517380118370056,
        0.5988312363624573,
        0.21418362855911255,
        0.7717036604881287,
        -0.5233085751533508
    ],
    [
        0.7944250702857971,
        -0.10509980469942093,
        -0.5981994867324829,
        -1.011196255683899,
        -0.048588767647743225,
        0.9707599878311157,
        -0.23508349061012268,
        0.25817224383354187,
        0.605415403842926,
        0.2158220112323761,
        0.7660894989967346,
        -0.5447540283203125
    ],
    [
        0.7891088724136353,
        -0.10621556639671326,
        -0.605000376701355,
        -1.010831356048584,
        -0.04973197728395462,
        0.9706552028656006,
        -0.2352769374847412,
        0.26175788044929504,
        0.6122367978096008,
        0.2157469540834427,
        0.7606703639030457,
        -0.5665034055709839
    ],
    [
        0.7850444912910461,
        -0.10669873654842377,
        -0.610180675983429,
        -1.0101573467254639,
        -0.05152004957199097,
        0.9703933000564575,
        -0.23597152531147003,
        0.2662571668624878,
        0.6172930598258972,
        0.21668468415737152,
        0.756304919719696,
        -0.5824200510978699
    ],
    [
        0.7795024514198303,
        -0.10732191056013107,
        -0.6171369552612305,
        -1.0090343952178955,
        -0.053979627788066864,
        0.9700396656990051,
        -0.23687411844730377,
        0.27243268489837646,
        0.6240689754486084,
        0.2179567813873291,
        0.7503550052642822,
        -0.604425847530365
    ],
    [
        0.7739066481590271,
        -0.10789550840854645,
        -0.6240408420562744,
        -1.0074539184570312,
        -0.0566159188747406,
        0.9696474075317383,
        -0.23786267638206482,
        0.2791438698768616,
        0.6307638883590698,
        0.21941423416137695,
        0.7443079352378845,
        -0.6270434856414795
    ],
    [
        0.7695043683052063,
        -0.10846170783042908,
        -0.6293639540672302,
        -1.005898118019104,
        -0.058390337973833084,
        0.9693970680236816,
        -0.23845353722572327,
        0.2838078737258911,
        0.6359665989875793,
        0.22023986279964447,
        0.7396222352981567,
        -0.6435741782188416
    ],
    [
        0.7635714411735535,
        -0.1088949665427208,
        -0.636475145816803,
        -1.0036009550094604,
        -0.06164541095495224,
        0.9688824415206909,
        -0.23972195386886597,
        0.29188433289527893,
        0.642774224281311,
        0.2222805768251419,
        0.7330979704856873,
        -0.6658139824867249
    ],
    [
        0.7574847340583801,
        -0.10951194912195206,
        -0.6436024904251099,
        -1.000676155090332,
        -0.06440365314483643,
        0.9684872627258301,
        -0.24059216678142548,
        0.2989497482776642,
        0.6496685147285461,
        0.22369521856307983,
        0.7265612483024597,
        -0.6885178685188293
    ],
    [
        0.7528175115585327,
        -0.1097780093550682,
        -0.649010419845581,
        -0.9980611205101013,
        -0.06713437288999557,
        0.9680472612380981,
        -0.24161432683467865,
        0.3057616949081421,
        0.6547967195510864,
        0.2254624217748642,
        0.7213929891586304,
        -0.7056288719177246
    ],
    [
        0.7465426921844482,
        -0.11006560921669006,
        -0.6561704874038696,
        -0.9944549202919006,
        -0.07088622450828552,
        0.9674505591392517,
        -0.24292868375778198,
        0.3150973320007324,
        0.6615505814552307,
        0.22787009179592133,
        0.7144410610198975,
        -0.7284925580024719
    ],
    [
        0.740078866481781,
        -0.11048001796007156,
        -0.6633831858634949,
        -0.9902025461196899,
        -0.07422613352537155,
        0.9669690728187561,
        -0.24384698271751404,
        0.32363057136535645,
        0.6684112548828125,
        0.22970637679100037,
        0.7074330449104309,
        -0.7519901990890503
    ],
    [
        0.7351372838020325,
        -0.11095069348812103,
        -0.6687774658203125,
        -0.986664891242981,
        -0.07632837444543839,
        0.9666966199874878,
        -0.24427779018878937,
        0.3291206657886505,
        0.6736077666282654,
        0.23062434792518616,
        0.702185869216919,
        -0.7694275975227356
    ],
    [
        0.7284201383590698,
        -0.11140130460262299,
        -0.6760130524635315,
        -0.981711745262146,
        -0.07960819453001022,
        0.9662468433380127,
        -0.2450091540813446,
        0.3375071585178375,
        0.6804898977279663,
        0.23228582739830017,
        0.6949653625488281,
        -0.7923876047134399
    ],
    [
        0.7215517163276672,
        -0.11176558583974838,
        -0.6832802295684814,
        -0.9760328531265259,
        -0.08334480226039886,
        0.9656869173049927,
        -0.2459724247455597,
        0.34721389412879944,
        0.6873260140419006,
        0.23442967236042023,
        0.687477707862854,
        -0.815951406955719
    ],
    [
        0.7161992788314819,
        -0.11218911409378052,
        -0.6888193488121033,
        -0.9710661172866821,
        -0.0857883170247078,
        0.9653569459915161,
        -0.24642755091190338,
        0.35354962944984436,
        0.6926029324531555,
        0.23558388650417328,
        0.6817634701728821,
        -0.8330634236335754
    ],
    [
        0.7090802192687988,
        -0.11287855356931686,
        -0.6960341930389404,
        -0.9644815325737,
        -0.08874945342540741,
        0.9649669528007507,
        -0.24690531194210052,
        0.36169108748435974,
        0.699520468711853,
        0.23684830963611603,
        0.6742211580276489,
        -0.8577049374580383
    ],
    [
        0.7018002271652222,
        -0.11315365880727768,
        -0.703329861164093,
        -0.9571718573570251,
        -0.09267312288284302,
        0.9644125699996948,
        -0.24762891232967377,
        0.3718842566013336,
        0.7063202261924744,
        0.23896579444408417,
        0.6663385033607483,
        -0.8815039396286011
    ],
    [
        0.6966085433959961,
        -0.11366637051105499,
        -0.7083900570869446,
        -0.9516606330871582,
        -0.09464697539806366,
        0.9641813635826111,
        -0.24778278172016144,
        0.3774391710758209,
        0.7111810445785522,
        0.23965458571910858,
        0.660898745059967,
        -0.8979867696762085
    ],
    [
        0.6903984546661377,
        -0.1139308363199234,
        -0.7144015431404114,
        -0.9449775218963623,
        -0.09779082238674164,
        0.9637594819068909,
        -0.24820294976234436,
        0.3857456147670746,
        0.7167891263961792,
        0.2412208914756775,
        0.6542367339134216,
        -0.9174944162368774
    ],
    [
        0.6849243640899658,
        -0.11433036625385284,
        -0.7195881605148315,
        -0.9386574625968933,
        -0.10018337517976761,
        0.9634541273117065,
        -0.2484339475631714,
        0.39237529039382935,
        0.7216936945915222,
        0.2422492653131485,
        0.6484392881393433,
        -0.9351392388343811
    ]
]