[
    [
        0.9992192387580872,
        -0.0019470656989142299,
        -0.039460938423871994,
        -0.06644203513860703,
        0.0015493091195821762,
        0.9999476671218872,
        -0.010107810609042645,
        0.0012403574073687196,
        0.03947855159640312,
        0.010038780979812145,
        0.9991699457168579,
        0.006018795073032379
    ],
    [
        0.9988892078399658,
        -0.0029066281858831644,
        -0.04703150689601898,
        -0.08049242943525314,
        0.002386392094194889,
        0.9999354481697083,
        -0.011113802902400494,
        0.0006527338991872966,
        0.0470607690513134,
        0.01098922360688448,
        0.998831570148468,
        0.005243389401584864
    ],
    [
        0.9984965324401855,
        -0.0033745169639587402,
        -0.05471070483326912,
        -0.09463603794574738,
        0.0027570112142711878,
        0.9999316930770874,
        -0.01135827973484993,
        8.412054739892483e-05,
        0.05474529415369034,
        0.011190364137291908,
        0.9984377026557922,
        0.003928501624614
    ],
    [
        0.9980484247207642,
        -0.003920113667845726,
        -0.06232164427638054,
        -0.10848844796419144,
        0.0032173653598874807,
        0.9999301433563232,
        -0.011372516863048077,
        -0.0003888112842105329,
        0.06236187368631363,
        0.011149812489748001,
        0.9979913234710693,
        0.0022924193181097507
    ],
    [
        0.9974073171615601,
        -0.00480320118367672,
        -0.07180182635784149,
        -0.1257646083831787,
        0.003989992663264275,
        0.9999263286590576,
        -0.011464886367321014,
        -0.0002420226373942569,
        0.07185160368680954,
        0.011148673482239246,
        0.9973530769348145,
        -0.00013544534158427268
    ],
    [
        0.9968451261520386,
        -0.005586735904216766,
        -0.0791735053062439,
        -0.1396683305501938,
        0.004742985591292381,
        0.9999300837516785,
        -0.01084102038294077,
        -0.0005064453580416739,
        0.07922852039337158,
        0.010431299917399883,
        0.9968018531799316,
        -0.0027014047373086214
    ],
    [
        0.9962146878242493,
        -0.0062513831071555614,
        -0.08670161664485931,
        -0.15344952046871185,
        0.005325894802808762,
        0.9999263882637024,
        -0.010901630856096745,
        -0.00026285878266207874,
        0.08676338940858841,
        0.010398601181805134,
        0.996174693107605,
        -0.005313250236213207
    ],
    [
        0.9953327775001526,
        -0.0071640233509242535,
        -0.09623591601848602,
        -0.17089346051216125,
        0.006105721462517977,
        0.9999176263809204,
        -0.011286938562989235,
        -0.00013141003728378564,
        0.09630885720252991,
        0.010646670125424862,
        0.9952945113182068,
        -0.009210914373397827
    ],
    [
        0.9945537447929382,
        -0.007982672192156315,
        -0.1039188876748085,
        -0.1844666600227356,
        0.006815203931182623,
        0.9999096989631653,
        -0.011584661900997162,
        -7.688625919399783e-05,
        0.1040019765496254,
        0.010813339613378048,
        0.9945183396339417,
        -0.012498232536017895
    ],
    [
        0.9937208294868469,
        -0.008608880452811718,
        -0.11155609041452408,
        -0.1984071433544159,
        0.007325539831072092,
        0.9999023079872131,
        -0.011908778920769691,
        0.00024360544921364635,
        0.11164771020412445,
        0.011016792617738247,
        0.9936867356300354,
        -0.01618320494890213
    ],
    [
        0.9928458333015442,
        -0.00945472065359354,
        -0.11902861297130585,
        -0.2121490091085434,
        0.007988112978637218,
        0.9998862743377686,
        -0.012792562134563923,
        0.0013140719383955002,
        0.1191360205411911,
        0.011750228703022003,
        0.99280846118927,
        -0.019610513001680374
    ],
    [
        0.9916539192199707,
        -0.010258749127388,
        -0.1285199075937271,
        -0.22935448586940765,
        0.008581811562180519,
        0.9998708367347717,
        -0.01359506230801344,
        0.0018380953697487712,
        0.12864278256893158,
        0.012378660961985588,
        0.9916137456893921,
        -0.02430380880832672
    ],
    [
        0.9906162023544312,
        -0.010949922725558281,
        -0.13623331487178802,
        -0.24273426830768585,
        0.009071235544979572,
        0.9998552203178406,
        -0.0144033906981349,
        0.002393506234511733,
        0.13637128472328186,
        0.013032427988946438,
        0.9905720353126526,
        -0.028358913958072662
    ],
    [
        0.9895610213279724,
        -0.011561043560504913,
        -0.14365001022815704,
        -0.2567165195941925,
        0.009516232647001743,
        0.9998435974121094,
        -0.014913621358573437,
        0.002558294916525483,
        0.14379994571208954,
        0.013390930369496346,
        0.9895161390304565,
        -0.03276604786515236
    ],
    [
        0.9880721569061279,
        -0.012733330950140953,
        -0.15346430242061615,
        -0.27360546588897705,
        0.010428054258227348,
        0.9998204708099365,
        -0.015817204490303993,
        0.002861682092770934,
        0.15363818407058716,
        0.01402820460498333,
        0.9880275726318359,
        -0.038354311138391495
    ],
    [
        0.9867916107177734,
        -0.013433578424155712,
        -0.1614372730255127,
        -0.28707024455070496,
        0.010941490530967712,
        0.9998071193695068,
        -0.01631602644920349,
        0.002698970027267933,
        0.16162531077861786,
        0.014334151521325111,
        0.9867480993270874,
        -0.043010007590055466
    ],
    [
        0.9854800701141357,
        -0.014066604897379875,
        -0.1692071557044983,
        -0.3003273904323578,
        0.011318616569042206,
        0.9997880458831787,
        -0.017194030806422234,
        0.0031610659789294004,
        0.16941316425800323,
        0.015029183588922024,
        0.9854304790496826,
        -0.0482008159160614
    ],
    [
        0.9840236306190491,
        -0.01514064334332943,
        -0.1773931235074997,
        -0.3134082555770874,
        0.012180784717202187,
        0.999768078327179,
        -0.017762526869773865,
        0.0028527614194899797,
        0.17762090265750885,
        0.01531795784831047,
        0.9839798212051392,
        -0.0533163920044899
    ],
    [
        0.9821605682373047,
        -0.015998756512999535,
        -0.18736229836940765,
        -0.3297780156135559,
        0.012700035236775875,
        0.9997427463531494,
        -0.018793350085616112,
        0.003127068979665637,
        0.18761476874351501,
        0.016078580170869827,
        0.9821110367774963,
        -0.06009599193930626
    ],
    [
        0.9805948734283447,
        -0.016479533165693283,
        -0.19535128772258759,
        -0.34274446964263916,
        0.012999608181416988,
        0.9997334480285645,
        -0.01908249594271183,
        0.002891835058107972,
        0.19561368227005005,
        0.016172708943486214,
        0.9805476665496826,
        -0.066099151968956
    ],
    [
        0.978983461856842,
        -0.016703905537724495,
        -0.2032546103000641,
        -0.35584262013435364,
        0.013085119426250458,
        0.9997312426567078,
        -0.019135121256113052,
        0.0028665123973041773,
        0.20351964235305786,
        0.016073353588581085,
        0.9789389371871948,
        -0.07251626998186111
    ],
    [
        0.9769070148468018,
        -0.017092958092689514,
        -0.21298028528690338,
        -0.37208977341651917,
        0.013318799436092377,
        0.9997280836105347,
        -0.019143005833029747,
        0.0030090976506471634,
        0.2132495641708374,
        0.0158642940223217,
        0.9768689274787903,
        -0.0809064581990242
    ],
    [
        0.9751866459846497,
        -0.017753951251506805,
        -0.22067131102085114,
        -0.3848915100097656,
        0.013794772326946259,
        0.9997153282165527,
        -0.019469764083623886,
        0.003115602768957615,
        0.22095414996147156,
        0.015942545607686043,
        0.9751538634300232,
        -0.0876646339893341
    ],
    [
        0.9733426570892334,
        -0.018309924751520157,
        -0.22862373292446136,
        -0.39763420820236206,
        0.01407652534544468,
        0.999698281288147,
        -0.020134028047323227,
        0.003497326048091054,
        0.22892338037490845,
        0.016379080712795258,
        0.9733066558837891,
        -0.09478229284286499
    ],
    [
        0.9710072875022888,
        -0.019338376820087433,
        -0.23826654255390167,
        -0.41344231367111206,
        0.014933011494576931,
        0.9996827840805054,
        -0.020280571654438972,
        0.0027970969676971436,
        0.23858317732810974,
        0.01613454520702362,
        0.9709880948066711,
        -0.1041024848818779
    ]
]