[
    [
        0.9228326082229614,
        -0.06813526898622513,
        0.3791274428367615,
        0.1600528061389923,
        0.05904521048069,
        0.9976215958595276,
        0.03556684032082558,
        -0.20169657468795776,
        -0.38064900040626526,
        -0.010436579585075378,
        0.9246607422828674,
        0.5768693089485168
    ],
    [
        0.9197176694869995,
        -0.0689859613776207,
        0.3864716589450836,
        0.1721946746110916,
        0.05898967757821083,
        0.9975471496582031,
        0.03768167644739151,
        -0.2059108167886734,
        -0.38812321424484253,
        -0.011858665384352207,
        0.9215312004089355,
        0.6038927435874939
    ],
    [
        0.9163421988487244,
        -0.07025056332349777,
        0.3941851258277893,
        0.18249627947807312,
        0.05974631384015083,
        0.9974563717842102,
        0.038874633610248566,
        -0.2083788514137268,
        -0.39591342210769653,
        -0.012071355246007442,
        0.9182084202766418,
        0.6270195245742798
    ],
    [
        0.9125540256500244,
        -0.07174884527921677,
        0.4026128947734833,
        0.1926063746213913,
        0.06129680946469307,
        0.9973649978637695,
        0.03880435228347778,
        -0.2081090360879898,
        -0.40433618426322937,
        -0.010732184164226055,
        0.9145474433898926,
        0.6523618102073669
    ],
    [
        0.9089562296867371,
        -0.07410509884357452,
        0.4102524518966675,
        0.20362211763858795,
        0.06330987811088562,
        0.9971977472305298,
        0.039857231080532074,
        -0.21101082861423492,
        -0.41205644607543945,
        -0.010255442000925541,
        0.9111006259918213,
        0.6751182079315186
    ],
    [
        0.9052531123161316,
        -0.0758085697889328,
        0.4180547595024109,
        0.21479438245296478,
        0.06506552547216415,
        0.9970823526382446,
        0.03991491347551346,
        -0.21048416197299957,
        -0.41986092925071716,
        -0.0089321443811059,
        0.9075444936752319,
        0.697729229927063
    ],
    [
        0.9015623927116394,
        -0.07803121209144592,
        0.4255542457103729,
        0.22531519830226898,
        0.06711536645889282,
        0.9969184398651123,
        0.04061068221926689,
        -0.2125508040189743,
        -0.4274117946624756,
        -0.008051831275224686,
        0.9040210843086243,
        0.7173901200294495
    ],
    [
        0.8979917764663696,
        -0.07948193699121475,
        0.43277406692504883,
        0.23819251358509064,
        0.06864248216152191,
        0.996813178062439,
        0.040640752762556076,
        -0.21250095963478088,
        -0.4346250891685486,
        -0.006788379978388548,
        0.9005858898162842,
        0.7386717200279236
    ],
    [
        0.8899155259132385,
        -0.08210799843072891,
        0.44867438077926636,
        0.2592286765575409,
        0.0714123472571373,
        0.9966145157814026,
        0.04074016585946083,
        -0.21234099566936493,
        -0.4505005180835724,
        -0.004214408807456493,
        0.8927661776542664,
        0.7829845547676086
    ],
    [
        0.8854823112487793,
        -0.0837525874376297,
        0.45706304907798767,
        0.26938173174858093,
        0.07301097363233566,
        0.9964818358421326,
        0.041149694472551346,
        -0.21361687779426575,
        -0.45890143513679504,
        -0.003066700417548418,
        0.8884817957878113,
        0.8062936663627625
    ],
    [
        0.881251335144043,
        -0.08538146317005157,
        0.4648721218109131,
        0.28074589371681213,
        0.07492247968912125,
        0.9963474273681641,
        0.04096626862883568,
        -0.2133445292711258,
        -0.4666719138622284,
        -0.0012722039828076959,
        0.8844296336174011,
        0.8265964388847351
    ],
    [
        0.877224862575531,
        -0.08695869892835617,
        0.4721384644508362,
        0.2915016710758209,
        0.07631572335958481,
        0.9962117075920105,
        0.041689541190862656,
        -0.21503648161888123,
        -0.47397515177726746,
        -0.0005395185435190797,
        0.8805380463600159,
        0.8433342576026917
    ],
    [
        0.8727832436561584,
        -0.08826830238103867,
        0.48006054759025574,
        0.300403356552124,
        0.07753907144069672,
        0.9960966110229492,
        0.04218001663684845,
        -0.2156035304069519,
        -0.4819098711013794,
        0.00040943545172922313,
        0.8762205839157104,
        0.8618555665016174
    ],
    [
        0.8689951300621033,
        -0.08963707834482193,
        0.4866340160369873,
        0.311472088098526,
        0.07881328463554382,
        0.9959737658500671,
        0.04271754249930382,
        -0.21620340645313263,
        -0.4885037839412689,
        0.0012318935478106141,
        0.8725609183311462,
        0.8749117255210876
    ],
    [
        0.8647571206092834,
        -0.09092909842729568,
        0.49388962984085083,
        0.32349762320518494,
        0.07990358024835587,
        0.9958555698394775,
        0.04344099014997482,
        -0.21729375422000885,
        -0.4957927465438843,
        0.0018976425053551793,
        0.8684387803077698,
        0.8917104601860046
    ],
    [
        0.8602938055992126,
        -0.09193563461303711,
        0.5014403462409973,
        0.33383724093437195,
        0.08076341450214386,
        0.9957614541053772,
        0.04400462284684181,
        -0.21792113780975342,
        -0.5033605694770813,
        0.0026411290746182203,
        0.8640724420547485,
        0.9076337814331055
    ],
    [
        0.8513212203979492,
        -0.09397625923156738,
        0.51615971326828,
        0.3535478413105011,
        0.08288531005382538,
        0.9955626130104065,
        0.04455449432134628,
        -0.21860624849796295,
        -0.518056333065033,
        0.004851873964071274,
        0.8553327322006226,
        0.933692991733551
    ],
    [
        0.8469130992889404,
        -0.09508997201919556,
        0.5231597423553467,
        0.36378014087677,
        0.08382436633110046,
        0.9954532384872437,
        0.045236025005578995,
        -0.2199578434228897,
        -0.525082528591156,
        0.005542548839002848,
        0.8510332107543945,
        0.944036066532135
    ],
    [
        0.8422820568084717,
        -0.09659365564584732,
        0.5303118228912354,
        0.37259599566459656,
        0.08499874174594879,
        0.9953052401542664,
        0.04628836363554001,
        -0.2229088842868805,
        -0.5322932600975037,
        0.006087976507842541,
        0.8465380668640137,
        0.9536677002906799
    ],
    [
        0.8372699618339539,
        -0.09784604609012604,
        0.5379638075828552,
        0.38128483295440674,
        0.08609208464622498,
        0.9951772689819336,
        0.0470140315592289,
        -0.22459879517555237,
        -0.5399695634841919,
        0.006950979586690664,
        0.8416558504104614,
        0.9652052521705627
    ],
    [
        0.8324929475784302,
        -0.09922123700380325,
        0.5450785160064697,
        0.39017635583877563,
        0.08713536709547043,
        0.9950371384620667,
        0.04804673045873642,
        -0.22669002413749695,
        -0.5471406579017639,
        0.007497054059058428,
        0.8370071053504944,
        0.9743596315383911
    ],
    [
        0.8277400135993958,
        -0.10003024339675903,
        0.5521237254142761,
        0.3998839259147644,
        0.08788180351257324,
        0.994949221611023,
        0.04850677773356438,
        -0.22671571373939514,
        -0.5541871786117554,
        0.008370636962354183,
        0.8323500156402588,
        0.9871553182601929
    ],
    [
        0.8234812617301941,
        -0.10116687417030334,
        0.5582507848739624,
        0.41168129444122314,
        0.08869072049856186,
        0.9948306679725647,
        0.04945586621761322,
        -0.22869157791137695,
        -0.5603682994842529,
        0.008785679005086422,
        0.8281969428062439,
        0.9955326318740845
    ],
    [
        0.8190901875495911,
        -0.10229150205850601,
        0.5644711852073669,
        0.42160749435424805,
        0.08917979896068573,
        0.9947165846824646,
        0.0508524626493454,
        -0.23189930617809296,
        -0.5666905641555786,
        0.008686674758791924,
        0.823884904384613,
        1.0029760599136353
    ],
    [
        0.8092890381813049,
        -0.10409240424633026,
        0.5781141519546509,
        0.44121211767196655,
        0.0904933512210846,
        0.9945181608200073,
        0.05238845571875572,
        -0.23411384224891663,
        -0.5803982019424438,
        0.009918072260916233,
        0.814272403717041,
        1.0217533111572266
    ]
]