[
    [
        0.9995955228805542,
        0.0002614366530906409,
        0.028439661487936974,
        -0.005947144702076912,
        -0.00014848938735667616,
        0.9999920725822449,
        -0.003973489161580801,
        -0.00502715865150094,
        -0.02844047360122204,
        0.0039676581509411335,
        0.9995877146720886,
        0.8456389904022217
    ],
    [
        0.9994292855262756,
        -0.0003477873979136348,
        0.03377849608659744,
        -0.0015402717981487513,
        0.0004976556519977748,
        0.9999901056289673,
        -0.004428470507264137,
        -0.00794843677431345,
        -0.033776622265577316,
        0.004442752804607153,
        0.9994195699691772,
        1.0699011087417603
    ],
    [
        0.9992734789848328,
        -0.00010237270180368796,
        0.03811069205403328,
        -0.009246245957911015,
        0.00035140124964527786,
        0.9999786615371704,
        -0.006527699995785952,
        0.003954336978495121,
        -0.03810921311378479,
        0.006536351051181555,
        0.9992523193359375,
        1.3117271661758423
    ],
    [
        0.9990118145942688,
        -1.3874253454559948e-05,
        0.0444459393620491,
        -0.020040808245539665,
        0.00026526470901444554,
        0.9999839663505554,
        -0.005650184582918882,
        0.004902925342321396,
        -0.04444515332579613,
        0.005656392313539982,
        0.9989957213401794,
        1.562970757484436
    ],
    [
        0.9986087679862976,
        -0.0011279518948867917,
        0.05271882936358452,
        -0.02317635715007782,
        0.0014816373586654663,
        0.9999766945838928,
        -0.006670297123491764,
        -0.009656485170125961,
        -0.05271007493138313,
        0.006739126518368721,
        0.9985871315002441,
        1.791149377822876
    ],
    [
        0.9980480670928955,
        -0.00016521321958862245,
        0.06245139241218567,
        -0.014110632240772247,
        0.0006611328572034836,
        0.999968409538269,
        -0.007920311763882637,
        -0.0032278047874569893,
        -0.06244811415672302,
        0.007946140132844448,
        0.9980166554450989,
        2.02583909034729
    ],
    [
        0.9974355697631836,
        -0.0009996052831411362,
        0.07156389206647873,
        0.017323404550552368,
        0.00150345079600811,
        0.9999744892120361,
        -0.00698696868494153,
        -0.015346123836934566,
        -0.07155508548021317,
        0.00707664480432868,
        0.9974114894866943,
        2.2696642875671387
    ],
    [
        0.9968381524085999,
        -0.0017581917345523834,
        0.07943964749574661,
        0.046699028462171555,
        0.002377360360696912,
        0.999967634677887,
        -0.007700292393565178,
        -0.03410325571894646,
        -0.07942351698875427,
        0.007864801213145256,
        0.9968098998069763,
        2.4905104637145996
    ],
    [
        0.99629807472229,
        -0.0020595621317625046,
        0.08594000339508057,
        0.05954898148775101,
        0.002836864907294512,
        0.9999561905860901,
        -0.008923569694161415,
        -0.03555680811405182,
        -0.08591786026954651,
        0.009134335443377495,
        0.9962603449821472,
        2.7005703449249268
    ],
    [
        0.9956043362617493,
        -0.002258263761177659,
        0.09363175183534622,
        0.059824179857969284,
        0.003027886152267456,
        0.9999628067016602,
        -0.008078419603407383,
        -0.032625988125801086,
        -0.09361002594232559,
        0.008326415903866291,
        0.9955741167068481,
        2.9204554557800293
    ],
    [
        0.99457186460495,
        -0.0011947924504056573,
        0.10404544323682785,
        0.0552128329873085,
        0.0021054628305137157,
        0.9999604821205139,
        -0.008643225766718388,
        -0.03805697336792946,
        -0.10403100401163101,
        0.008815372362732887,
        0.9945350885391235,
        3.130115509033203
    ],
    [
        0.9931859374046326,
        -0.0014789863489568233,
        0.11653120070695877,
        0.058681659400463104,
        0.0026044638361781836,
        0.9999514222145081,
        -0.00950649008154869,
        -0.04027353972196579,
        -0.11651148647069931,
        0.009745214134454727,
        0.9931415915489197,
        3.3115453720092773
    ],
    [
        0.9913349151611328,
        -0.0026508646551519632,
        0.1313311606645584,
        0.07426139712333679,
        0.004009136464446783,
        0.9999412298202515,
        -0.010079014115035534,
        -0.029912075027823448,
        -0.13129672408103943,
        0.010518204420804977,
        0.9912872314453125,
        3.5317153930664062
    ],
    [
        0.9896762371063232,
        -0.0026902679819613695,
        0.14329566061496735,
        0.09482648968696594,
        0.004047198221087456,
        0.9999496936798096,
        -0.009178806096315384,
        -0.03503967821598053,
        -0.1432637721300125,
        0.009663992561399937,
        0.9896373152732849,
        3.7338788509368896
    ],
    [
        0.9879055619239807,
        -0.002371596172451973,
        0.15503883361816406,
        0.11218654364347458,
        0.004041735082864761,
        0.9999371767044067,
        -0.010458060540258884,
        -0.04092172533273697,
        -0.15500429272651672,
        0.010958202183246613,
        0.9878529906272888,
        3.911339521408081
    ],
    [
        0.9863954782485962,
        -0.003436109982430935,
        0.16435381770133972,
        0.12241283804178238,
        0.005358169320970774,
        0.9999223351478577,
        -0.01125274132937193,
        -0.040693603456020355,
        -0.16430240869522095,
        0.011980287730693817,
        0.986337423324585,
        4.076750755310059
    ],
    [
        0.9844345450401306,
        -0.0017856615595519543,
        0.1757424771785736,
        0.12913766503334045,
        0.003767335554584861,
        0.9999330639839172,
        -0.01094302162528038,
        -0.03214119374752045,
        -0.17571119964122772,
        0.011434770189225674,
        0.9843754172325134,
        4.258715629577637
    ],
    [
        0.9813963770866394,
        -0.0012314568739384413,
        0.19198837876319885,
        0.1317003220319748,
        0.003279529046267271,
        0.9999410510063171,
        -0.010350286029279232,
        -0.03620803728699684,
        -0.1919643133878708,
        0.010787364095449448,
        0.9813425540924072,
        4.427790641784668
    ],
    [
        0.9770966172218323,
        -0.00016818169387988746,
        0.21279579401016235,
        0.14073878526687622,
        0.002695977920666337,
        0.9999291896820068,
        -0.01158886682242155,
        -0.04057702049612999,
        -0.21277876198291779,
        0.011897136457264423,
        0.9770278930664062,
        4.575350761413574
    ],
    [
        0.9715735912322998,
        -0.0010240650735795498,
        0.23673534393310547,
        0.15315060317516327,
        0.0039839716628193855,
        0.9999197721481323,
        -0.012024984695017338,
        -0.04007076099514961,
        -0.236704021692276,
        0.012626305222511292,
        0.9714997410774231,
        4.717360973358154
    ],
    [
        0.9655911922454834,
        -0.0015381714329123497,
        0.2600603699684143,
        0.1760558933019638,
        0.005246750544756651,
        0.9998941421508789,
        -0.013566890731453896,
        -0.041906341910362244,
        -0.26001158356666565,
        0.014464540407061577,
        0.9654971361160278,
        4.8712639808654785
    ],
    [
        0.959409773349762,
        -0.002085629850625992,
        0.2820081412792206,
        0.20215527713298798,
        0.00602056784555316,
        0.9998962879180908,
        -0.013087491504848003,
        -0.06104879453778267,
        -0.2819516062736511,
        0.014254115521907806,
        0.9593228697776794,
        5.015982627868652
    ],
    [
        0.9531724452972412,
        -0.001808011787943542,
        0.30242159962654114,
        0.22872315347194672,
        0.0057048499584198,
        0.9999117255210876,
        -0.012002624571323395,
        -0.061981990933418274,
        -0.3023732602596283,
        0.013165843673050404,
        0.9530986547470093,
        5.137526988983154
    ],
    [
        0.9469400644302368,
        -0.0019076063763350248,
        0.3214046359062195,
        0.25059178471565247,
        0.00620017945766449,
        0.9999047517776489,
        -0.012332668527960777,
        -0.05515841394662857,
        -0.3213503658771515,
        0.013671066612005234,
        0.9468616247177124,
        5.2602362632751465
    ],
    [
        0.9398583173751831,
        -0.0015962546458467841,
        0.3415607511997223,
        0.2752084732055664,
        0.006611698307096958,
        0.9998868107795715,
        -0.013520239852368832,
        -0.043347179889678955,
        -0.341500848531723,
        0.014965406619012356,
        0.9397623538970947,
        5.405029296875
    ]
]