[
    [
        0.9911421537399292,
        0.019440462812781334,
        -0.13137467205524445,
        -0.0953754261136055,
        -0.020644234493374825,
        0.999756395816803,
        -0.00780698424205184,
        -0.057291578501462936,
        0.13119089603424072,
        0.010449960827827454,
        0.9913018941879272,
        0.13203656673431396
    ],
    [
        0.9819167256355286,
        0.024862274527549744,
        -0.18767404556274414,
        -0.15050703287124634,
        -0.0272474717348814,
        0.9995773434638977,
        -0.0101398266851902,
        -0.08632384985685349,
        0.18734261393547058,
        0.015070108696818352,
        0.9821789860725403,
        0.17544157803058624
    ],
    [
        0.9671715497970581,
        0.029825709760189056,
        -0.2523679733276367,
        -0.2105034440755844,
        -0.03476079925894737,
        0.9992813467979431,
        -0.01511832419782877,
        -0.10391269624233246,
        0.2517356872558594,
        0.023394526913762093,
        0.9675131440162659,
        0.2470601499080658
    ],
    [
        0.9475035667419434,
        0.03430553153157234,
        -0.3178994059562683,
        -0.27556779980659485,
        -0.04253774136304855,
        0.998914361000061,
        -0.01898832432925701,
        -0.1196654736995697,
        0.31690290570259094,
        0.03151422739028931,
        0.9479342699050903,
        0.3449556529521942
    ],
    [
        0.9220817685127258,
        0.039412256330251694,
        -0.38498303294181824,
        -0.3866533041000366,
        -0.05265931040048599,
        0.9983260035514832,
        -0.023922916501760483,
        -0.13327381014823914,
        0.3833956718444824,
        0.04233182594180107,
        0.9226135611534119,
        0.5143728852272034
    ],
    [
        0.8958799839019775,
        0.04014718905091286,
        -0.44247865676879883,
        -0.4879087209701538,
        -0.05749642848968506,
        0.9980106949806213,
        -0.025860164314508438,
        -0.1442989557981491,
        0.4405602216720581,
        0.04860854893922806,
        0.8964061141014099,
        0.663023054599762
    ],
    [
        0.873652458190918,
        0.03995627537369728,
        -0.4849071204662323,
        -0.5829654932022095,
        -0.05835513398051262,
        0.9980331063270569,
        -0.02290007658302784,
        -0.16870708763599396,
        0.48303836584091187,
        0.048303522169589996,
        0.8742657899856567,
        0.792011022567749
    ],
    [
        0.8580459952354431,
        0.04170292243361473,
        -0.5118768811225891,
        -0.6831486225128174,
        -0.06038476899266243,
        0.9979764223098755,
        -0.01991567388176918,
        -0.18553848564624786,
        0.5100106000900269,
        0.047998134046792984,
        0.8588278889656067,
        0.9134362936019897
    ],
    [
        0.8476461172103882,
        0.04319191351532936,
        -0.5288011431694031,
        -0.8039287328720093,
        -0.060645170509815216,
        0.9980360269546509,
        -0.015693148598074913,
        -0.20865482091903687,
        0.5270848274230957,
        0.04537147656083107,
        0.8486006259918213,
        1.0681860446929932
    ],
    [
        0.8464785814285278,
        0.04445922002196312,
        -0.530563235282898,
        -0.902619481086731,
        -0.06092279776930809,
        0.9980502724647522,
        -0.013565405271947384,
        -0.217962384223938,
        0.5289257168769836,
        0.043806228786706924,
        0.8475368618965149,
        1.1923305988311768
    ],
    [
        0.8544926047325134,
        0.045368533581495285,
        -0.5174785852432251,
        -1.0137510299682617,
        -0.058956652879714966,
        0.9982120990753174,
        -0.00983732845634222,
        -0.22957970201969147,
        0.5161070227622986,
        0.03891473263502121,
        0.855639636516571,
        1.3194080591201782
    ],
    [
        0.8704291582107544,
        0.046659570187330246,
        -0.4900776147842407,
        -1.1360090970993042,
        -0.05643173307180405,
        0.9983930587768555,
        -0.005173126235604286,
        -0.24360190331935883,
        0.48904868960380554,
        0.03215876966714859,
        0.871663510799408,
        1.4390801191329956
    ],
    [
        0.8935046195983887,
        0.043832629919052124,
        -0.446909636259079,
        -1.2837311029434204,
        -0.049244705587625504,
        0.9987865686416626,
        -0.0004943376407027245,
        -0.2631739675998688,
        0.4463456869125366,
        0.02244962751865387,
        0.8945789933204651,
        1.5426037311553955
    ],
    [
        0.9149966835975647,
        0.040411725640296936,
        -0.40143248438835144,
        -1.421007513999939,
        -0.044198017567396164,
        0.9990228414535522,
        -0.00017138835391961038,
        -0.2750885784626007,
        0.4010332226753235,
        0.017899343743920326,
        0.9158886075019836,
        1.6651911735534668
    ],
    [
        0.931948721408844,
        0.038060542196035385,
        -0.3605867326259613,
        -1.5394213199615479,
        -0.041093166917562485,
        0.9991550445556641,
        -0.0007441836060024798,
        -0.2921169698238373,
        0.3602537214756012,
        0.015511195175349712,
        0.9327254295349121,
        1.7980766296386719
    ],
    [
        0.9469581842422485,
        0.03434069827198982,
        -0.3195166289806366,
        -1.6605530977249146,
        -0.03656252101063728,
        0.9993308782577515,
        -0.0009559988975524902,
        -0.3167344927787781,
        0.3192700147628784,
        0.012587620876729488,
        0.9475803375244141,
        1.934769630432129
    ],
    [
        0.9613935351371765,
        0.02862250618636608,
        -0.27368462085723877,
        -1.7939437627792358,
        -0.03015308640897274,
        0.9995443224906921,
        -0.0013866500230506063,
        -0.34637653827667236,
        0.27352017164230347,
        0.009585543535649776,
        0.961818516254425,
        2.0797107219696045
    ],
    [
        0.9753994345664978,
        0.01842721924185753,
        -0.2196727693080902,
        -1.9463869333267212,
        -0.019885186105966568,
        0.9997924566268921,
        -0.004427317064255476,
        -0.36642560362815857,
        0.21954575181007385,
        0.008686629123985767,
        0.9755634069442749,
        2.1992764472961426
    ],
    [
        0.985988438129425,
        0.009147804230451584,
        -0.16656279563903809,
        -2.08839750289917,
        -0.0101579949259758,
        0.9999348521232605,
        -0.005214028526097536,
        -0.38782474398612976,
        0.16650430858135223,
        0.0068329256027936935,
        0.9860170483589172,
        2.323254346847534
    ],
    [
        0.9932494163513184,
        -0.0011698250891640782,
        -0.11599256098270416,
        -2.2192232608795166,
        0.0003210162976756692,
        0.9999729990959167,
        -0.007336404640227556,
        -0.40184998512268066,
        0.11599791049957275,
        0.007249654736369848,
        0.9932229518890381,
        2.4567840099334717
    ],
    [
        0.997719943523407,
        -0.00955951027572155,
        -0.06680966913700104,
        -2.3482015132904053,
        0.009135514497756958,
        0.9999361634254456,
        -0.006649077404290438,
        -0.4201189875602722,
        0.06686906516551971,
        0.0060235895216465,
        0.997743546962738,
        2.584427833557129
    ],
    [
        0.9996200799942017,
        -0.016497792676091194,
        -0.022082049399614334,
        -2.4708454608917236,
        0.01645566150546074,
        0.9998623728752136,
        -0.002087489701807499,
        -0.44283902645111084,
        0.022113492712378502,
        0.001723316963762045,
        0.999754011631012,
        2.7158443927764893
    ],
    [
        0.9993518590927124,
        -0.022077331319451332,
        0.02843301184475422,
        -2.615342378616333,
        0.022102002054452896,
        0.9997555017471313,
        -0.0005543314036913216,
        -0.45620596408843994,
        -0.0284136850386858,
        0.001182394684292376,
        0.999595582485199,
        2.8479738235473633
    ],
    [
        0.9974057674407959,
        -0.026776645332574844,
        0.06681863963603973,
        -2.7378604412078857,
        0.026654981076717377,
        0.9996410608291626,
        0.002711782930418849,
        -0.47140082716941833,
        -0.06686724722385406,
        -0.0009236996993422508,
        0.9977614879608154,
        2.9791059494018555
    ],
    [
        0.9942888617515564,
        -0.03142174705862999,
        0.10199130326509476,
        -2.8586232662200928,
        0.03086250275373459,
        0.9994986653327942,
        0.0070568230003118515,
        -0.49108150601387024,
        -0.10216186940670013,
        -0.0038688008207827806,
        0.9947601556777954,
        3.1212875843048096
    ]
]