[
    [
        0.9999520778656006,
        -0.003501417813822627,
        -0.009147987700998783,
        0.29765892028808594,
        0.003488050075247884,
        0.999992847442627,
        -0.0014767844695597887,
        0.005402590613812208,
        0.00915309228003025,
        0.001444805646315217,
        0.9999570846557617,
        -0.025936774909496307
    ],
    [
        0.9999465942382812,
        -0.0037749172188341618,
        -0.009626710787415504,
        0.3078916668891907,
        0.0037600556388497353,
        0.9999916553497314,
        -0.001561388373374939,
        0.005823537241667509,
        0.009632524102926254,
        0.0015251084696501493,
        0.9999524354934692,
        -0.026683956384658813
    ],
    [
        0.9999412298202515,
        -0.004001681227236986,
        -0.010075239464640617,
        0.318606436252594,
        0.0039879335090518,
        0.9999911189079285,
        -0.0013842607149854302,
        0.0056878975592553616,
        0.010080690495669842,
        0.0013440002221614122,
        0.999948263168335,
        -0.027503808960318565
    ],
    [
        0.9999383091926575,
        -0.004209520760923624,
        -0.010281364433467388,
        0.32914844155311584,
        0.0041944063268601894,
        0.9999901056289673,
        -0.0014912441838532686,
        0.005994702223688364,
        0.010287540964782238,
        0.001448027673177421,
        0.9999459981918335,
        -0.02838582918047905
    ],
    [
        0.9999343752861023,
        -0.004359378945082426,
        -0.010595113970339298,
        0.3393760919570923,
        0.004343411885201931,
        0.99998939037323,
        -0.0015296052442863584,
        0.005833528470247984,
        0.010601669549942017,
        0.0014834864996373653,
        0.9999426603317261,
        -0.02912246063351631
    ],
    [
        0.9999297261238098,
        -0.004377768374979496,
        -0.011013470590114594,
        0.34967494010925293,
        0.00435992144048214,
        0.9999891519546509,
        -0.0016439284663647413,
        0.006238205824047327,
        0.011020546779036522,
        0.0015957957366481423,
        0.9999380111694336,
        -0.029681939631700516
    ],
    [
        0.9999227523803711,
        -0.004556556697934866,
        -0.01156891044229269,
        0.36013343930244446,
        0.004539355635643005,
        0.9999884963035583,
        -0.0015126981306821108,
        0.006514973007142544,
        0.011575671844184399,
        0.0014600654831156135,
        0.9999319314956665,
        -0.030533742159605026
    ],
    [
        0.9999173283576965,
        -0.004574037156999111,
        -0.012026390060782433,
        0.37072375416755676,
        0.004556904546916485,
        0.9999885559082031,
        -0.0014516102382913232,
        0.006586112547665834,
        0.012032893486320972,
        0.0013966866536065936,
        0.9999265670776367,
        -0.03133812174201012
    ],
    [
        0.9999111890792847,
        -0.004751385189592838,
        -0.012452000752091408,
        0.3814230263233185,
        0.004734273999929428,
        0.9999878406524658,
        -0.0014032918261364102,
        0.006348138675093651,
        0.012458515353500843,
        0.0013442152412608266,
        0.999921441078186,
        -0.03221892938017845
    ],
    [
        0.9999061822891235,
        -0.004903084598481655,
        -0.012793855741620064,
        0.39210259914398193,
        0.0048828269354999065,
        0.9999867677688599,
        -0.001614205539226532,
        0.006426607258617878,
        0.01280160155147314,
        0.0015515831764787436,
        0.9999167919158936,
        -0.03306784853339195
    ],
    [
        0.9999008774757385,
        -0.005130643956363201,
        -0.013119467534124851,
        0.4022972881793976,
        0.005105569493025541,
        0.9999850392341614,
        -0.001944027142599225,
        0.007231836207211018,
        0.013129244558513165,
        0.0018768516601994634,
        0.9999120235443115,
        -0.033644258975982666
    ],
    [
        0.9998933672904968,
        -0.005062262527644634,
        -0.0137000922113657,
        0.4126322865486145,
        0.005039407406002283,
        0.9999857544898987,
        -0.0017022949177771807,
        0.006826936267316341,
        0.013708515092730522,
        0.0016330730868503451,
        0.9999047517776489,
        -0.034539736807346344
    ],
    [
        0.9998839497566223,
        -0.005419536028057337,
        -0.014238276518881321,
        0.4223455786705017,
        0.005397310946136713,
        0.9999842047691345,
        -0.0015989311505109072,
        0.007319888100028038,
        0.014246716164052486,
        0.0015218971529975533,
        0.9998973608016968,
        -0.034947242587804794
    ],
    [
        0.9998783469200134,
        -0.005611165426671505,
        -0.014551274478435516,
        0.43217670917510986,
        0.0055878059938549995,
        0.999983012676239,
        -0.0016454575816169381,
        0.007269411813467741,
        0.01456026267260313,
        0.0015639481134712696,
        0.9998927116394043,
        -0.03576241061091423
    ],
    [
        0.9998700618743896,
        -0.005719122942537069,
        -0.015075905248522758,
        0.4422416388988495,
        0.005695597268640995,
        0.9999825358390808,
        -0.0016029358375817537,
        0.007090431638062,
        0.015084808692336082,
        0.0015168613754212856,
        0.999885082244873,
        -0.03658293932676315
    ],
    [
        0.9998645186424255,
        -0.005828420631587505,
        -0.015396292321383953,
        0.4514727294445038,
        0.005804587621241808,
        0.9999818801879883,
        -0.0015921598533168435,
        0.0069746715016663074,
        0.015405294485390186,
        0.0015025751199573278,
        0.9998801946640015,
        -0.03729599714279175
    ],
    [
        0.9998595714569092,
        -0.006113570649176836,
        -0.015606028027832508,
        0.459896981716156,
        0.006086193490773439,
        0.9999798536300659,
        -0.0018011591164395213,
        0.007602953352034092,
        0.015616724267601967,
        0.0017059245146811008,
        0.9998764991760254,
        -0.037723466753959656
    ],
    [
        0.9998542666435242,
        -0.00637368718162179,
        -0.015834899619221687,
        0.46798670291900635,
        0.006343981251120567,
        0.9999780058860779,
        -0.0019255517981946468,
        0.008048618212342262,
        0.015846824273467064,
        0.0018248151754960418,
        0.9998728036880493,
        -0.03804677724838257
    ],
    [
        0.9998520016670227,
        -0.006527825258672237,
        -0.015914853662252426,
        0.47548025846481323,
        0.0064971535466611385,
        0.9999769926071167,
        -0.0019781640730798244,
        0.008176867850124836,
        0.015927400439977646,
        0.0018744701519608498,
        0.9998713731765747,
        -0.03863895684480667
    ],
    [
        0.9998409748077393,
        -0.006674816831946373,
        -0.016536064445972443,
        0.48369401693344116,
        0.006648299749940634,
        0.9999765753746033,
        -0.0016580004012212157,
        0.008164969272911549,
        0.016546744853258133,
        0.0015478007262572646,
        0.9998618364334106,
        -0.039010319858789444
    ],
    [
        0.9998364448547363,
        -0.006840805523097515,
        -0.016744185239076614,
        0.490779310464859,
        0.006811447907239199,
        0.9999752640724182,
        -0.001809706212952733,
        0.008485684171319008,
        0.016756149008870125,
        0.0016953578451648355,
        0.9998581409454346,
        -0.039642076939344406
    ],
    [
        0.9998322129249573,
        -0.007097590249031782,
        -0.016887636855244637,
        0.4976201057434082,
        0.007067613769322634,
        0.9999733567237854,
        -0.0018340471433475614,
        0.008308214135468006,
        0.016900204122066498,
        0.0017143841832876205,
        0.9998557567596436,
        -0.04018399119377136
    ],
    [
        0.9998281598091125,
        -0.0073521872982382774,
        -0.017022911459207535,
        0.5037019848823547,
        0.007320157717913389,
        0.999971330165863,
        -0.001943061244674027,
        0.008449872955679893,
        0.017036713659763336,
        0.0018181162886321545,
        0.9998531341552734,
        -0.040804337710142136
    ],
    [
        0.9998235106468201,
        -0.007522666826844215,
        -0.01721573807299137,
        0.5092466473579407,
        0.007492171600461006,
        0.9999702572822571,
        -0.0018351183971390128,
        0.008356412872672081,
        0.017229031771421432,
        0.0017058110097423196,
        0.9998501539230347,
        -0.04104664549231529
    ],
    [
        0.9998211860656738,
        -0.007838096469640732,
        -0.0172120351344347,
        0.5152189135551453,
        0.007805789355188608,
        0.999967634677887,
        -0.0019433371489867568,
        0.008555607870221138,
        0.01722670905292034,
        0.0018086361233144999,
        0.9998500347137451,
        -0.04135208949446678
    ]
]