[
    [
        0.9998137950897217,
        0.002174784429371357,
        -0.019176168367266655,
        0.051375627517700195,
        -0.0022157097700983286,
        0.9999953508377075,
        -0.002113213762640953,
        0.012866894714534283,
        0.01917148195207119,
        0.0021553090773522854,
        0.9998138546943665,
        0.34157121181488037
    ],
    [
        0.9993643164634705,
        0.004107097629457712,
        -0.03541308641433716,
        0.06710270047187805,
        -0.004240982234477997,
        0.9999841451644897,
        -0.003706387709826231,
        0.009853806346654892,
        0.035397302359342575,
        0.0038542181719094515,
        0.9993658661842346,
        0.407527893781662
    ],
    [
        0.9987365007400513,
        0.005586971994489431,
        -0.049939967691898346,
        0.07549388706684113,
        -0.005695739760994911,
        0.999981701374054,
        -0.002035927027463913,
        0.004617507569491863,
        0.04992767423391342,
        0.0023177999537438154,
        0.9987500905990601,
        0.47632351517677307
    ],
    [
        0.9982072710990906,
        0.006636791862547398,
        -0.05948210135102272,
        0.08049988001585007,
        -0.006755328271538019,
        0.9999755620956421,
        -0.00179192831274122,
        -0.002793575869873166,
        0.05946875363588333,
        0.002190536819398403,
        0.9982277750968933,
        0.5449050664901733
    ],
    [
        0.9980349540710449,
        0.00724001694470644,
        -0.06223947927355766,
        0.08109626919031143,
        -0.00745644886046648,
        0.9999669790267944,
        -0.003245843108743429,
        -0.014611159451305866,
        0.062213920056819916,
        0.0037035509012639523,
        0.9980560541152954,
        0.6097493171691895
    ],
    [
        0.9980049729347229,
        0.0077413590624928474,
        -0.0626588985323906,
        0.07623003423213959,
        -0.007825919426977634,
        0.9999687671661377,
        -0.0011041953694075346,
        -0.022212862968444824,
        0.06264840066432953,
        0.0015923554310575128,
        0.9980342984199524,
        0.6760711073875427
    ],
    [
        0.9980490803718567,
        0.008240957744419575,
        -0.061886176466941833,
        0.06471112370491028,
        -0.008341106586158276,
        0.9999642968177795,
        -0.0013600911479443312,
        -0.03463473543524742,
        0.061872754245996475,
        0.001873637200333178,
        0.9980823993682861,
        0.7486377358436584
    ],
    [
        0.9982462525367737,
        0.008636998012661934,
        -0.05856551602482796,
        0.048977505415678024,
        -0.00872372929006815,
        0.9999611377716064,
        -0.0012254095636308193,
        -0.058711420744657516,
        0.05855265632271767,
        0.0017341695493087173,
        0.9982829093933105,
        0.8187816739082336
    ],
    [
        0.9985788464546204,
        0.008805936202406883,
        -0.052562370896339417,
        0.025955716148018837,
        -0.008899066597223282,
        0.9999592304229736,
        -0.0015380269614979625,
        -0.0880637839436531,
        0.05254668742418289,
        0.002003597328439355,
        0.9986164569854736,
        0.8779133558273315
    ],
    [
        0.9989047050476074,
        0.008169812150299549,
        -0.04607182368636131,
        0.0010449084220454097,
        -0.008289155550301075,
        0.9999628067016602,
        -0.00239993236027658,
        -0.1200786754488945,
        0.046050503849983215,
        0.002779199741780758,
        0.9989352822303772,
        0.9280970692634583
    ],
    [
        0.9993293881416321,
        0.007230914197862148,
        -0.03589675575494766,
        -0.018816204741597176,
        -0.0073372311890125275,
        0.9999690651893616,
        -0.0028308613691478968,
        -0.15240319073200226,
        0.03587517887353897,
        0.003092345083132386,
        0.999351441860199,
        0.9700195789337158
    ],
    [
        0.9996511340141296,
        0.006058142054826021,
        -0.0257120244204998,
        -0.03791555389761925,
        -0.006146581377834082,
        0.9999755024909973,
        -0.003361952491104603,
        -0.17901402711868286,
        0.025691023096442223,
        0.0035188214387744665,
        0.9996638298034668,
        1.0107306241989136
    ],
    [
        0.9998974800109863,
        0.004519677255302668,
        -0.013586779125034809,
        -0.06114614009857178,
        -0.004549401346594095,
        0.9999873638153076,
        -0.0021575128193944693,
        -0.20147481560707092,
        0.01357685774564743,
        0.0022191074676811695,
        0.9999053478240967,
        1.0548714399337769
    ],
    [
        0.9999932646751404,
        0.0031577616464346647,
        0.0018718147184699774,
        -0.08858592808246613,
        -0.003150555770844221,
        0.9999876618385315,
        -0.003840450895950198,
        -0.23032701015472412,
        -0.0018839200492948294,
        0.003834525588899851,
        0.9999908208847046,
        1.1017872095108032
    ],
    [
        0.9998381733894348,
        0.0017920961836352944,
        0.017898185178637505,
        -0.11364544928073883,
        -0.001746808411553502,
        0.9999952912330627,
        -0.002545582829043269,
        -0.2682214379310608,
        -0.017902661114931107,
        0.0025139055214822292,
        0.9998366236686707,
        1.1463912725448608
    ],
    [
        0.9994982481002808,
        0.0010735600953921676,
        0.031657177954912186,
        -0.13480350375175476,
        -0.0009915801929309964,
        0.9999961853027344,
        -0.00260519958101213,
        -0.3071367144584656,
        -0.03165984898805618,
        0.0025725055020302534,
        0.9994953870773315,
        1.1891794204711914
    ],
    [
        0.9990780353546143,
        -0.0002292961726197973,
        0.04293161630630493,
        -0.15343673527240753,
        0.00037162660737521946,
        0.9999945163726807,
        -0.003307337174192071,
        -0.34414801001548767,
        -0.04293061047792435,
        0.003320245770737529,
        0.9990725517272949,
        1.2281769514083862
    ],
    [
        0.9987139105796814,
        -0.0016061064088717103,
        0.05067397281527519,
        -0.17487286031246185,
        0.0017856970662251115,
        0.999992311000824,
        -0.0034989402629435062,
        -0.3734615743160248,
        -0.05066796392202377,
        0.0035849357955157757,
        0.9987091422080994,
        1.261012315750122
    ],
    [
        0.9984261989593506,
        -0.0019708462059497833,
        0.056047022342681885,
        -0.20344902575016022,
        0.00208031153306365,
        0.9999960660934448,
        -0.0018948332872241735,
        -0.3950091600418091,
        -0.05604306235909462,
        0.0020084453281015158,
        0.9984263181686401,
        1.293584942817688
    ],
    [
        0.9982345700263977,
        -0.001417006948031485,
        0.05937691405415535,
        -0.239437535405159,
        0.0016105826944112778,
        0.9999935626983643,
        -0.0032123851124197245,
        -0.40961524844169617,
        -0.05937196686863899,
        0.0033023532014340162,
        0.9982304573059082,
        1.3322376012802124
    ],
    [
        0.9981948733329773,
        -0.0007441492634825408,
        0.06005372107028961,
        -0.2869417071342468,
        0.0009108100784942508,
        0.9999958872795105,
        -0.0027478619012981653,
        -0.4224527180194855,
        -0.060051415115594864,
        0.002797607099637389,
        0.998191237449646,
        1.3783421516418457
    ],
    [
        0.9983161687850952,
        0.001074924599379301,
        0.05799659341573715,
        -0.3360356092453003,
        -0.0009542690240778029,
        0.9999973177909851,
        -0.002108035609126091,
        -0.43598228693008423,
        -0.05799871310591698,
        0.002049135509878397,
        0.998314619064331,
        1.4257944822311401
    ],
    [
        0.9990435838699341,
        0.003249191911891103,
        0.043605051934719086,
        -0.38871753215789795,
        -0.00317959301173687,
        0.9999935030937195,
        -0.0016653903294354677,
        -0.4465673863887787,
        -0.043610189110040665,
        0.0015251478180289268,
        0.9990474581718445,
        1.4698035717010498
    ],
    [
        0.9999092817306519,
        0.007123481947928667,
        0.011435731314122677,
        -0.44055864214897156,
        -0.007113119587302208,
        0.999974250793457,
        -0.0009465429466217756,
        -0.4519377052783966,
        -0.011442184448242188,
        0.0008651074604131281,
        0.9999342560768127,
        1.5093672275543213
    ],
    [
        0.9991681575775146,
        0.014371590688824654,
        -0.038164183497428894,
        -0.4962015450000763,
        -0.01431613601744175,
        0.9998960494995117,
        0.0017259817104786634,
        -0.4527784287929535,
        0.03818502649664879,
        -0.0011781745124608278,
        0.999269962310791,
        1.5419280529022217
    ]
]