[
    [
        0.9599747061729431,
        -0.019005589187145233,
        0.27944129705429077,
        0.01248309575021267,
        0.01833830215036869,
        0.9998193383216858,
        0.005002293270081282,
        0.0034325479064136744,
        -0.27948588132858276,
        0.0003224034735467285,
        0.9601498246192932,
        0.33378905057907104
    ],
    [
        0.9226148128509521,
        -0.026205062866210938,
        0.38483166694641113,
        0.040529970079660416,
        0.025310561060905457,
        0.9996523261070251,
        0.007390392944216728,
        -0.009111866354942322,
        -0.384891539812088,
        0.0029218201525509357,
        0.9229572415351868,
        0.442827969789505
    ],
    [
        0.8763731122016907,
        -0.03251075744628906,
        0.4805343747138977,
        0.07988406717777252,
        0.03134089335799217,
        0.9994539618492126,
        0.010460627265274525,
        -0.017516888678073883,
        -0.4806120693683624,
        0.0058929636143147945,
        0.8769136071205139,
        0.5433748960494995
    ],
    [
        0.8274024128913879,
        -0.03824318200349808,
        0.5603059530258179,
        0.13028892874717712,
        0.03611816093325615,
        0.9992369413375854,
        0.014866437762975693,
        -0.02266579307615757,
        -0.5604469180107117,
        0.007936696521937847,
        0.8281522393226624,
        0.6284279823303223
    ],
    [
        0.7821460366249084,
        -0.04292641207575798,
        0.6216148138046265,
        0.17943298816680908,
        0.03946186974644661,
        0.9990339875221252,
        0.019336728379130363,
        -0.004224016331136227,
        -0.6218443512916565,
        0.009405938908457756,
        0.7830843925476074,
        0.7173064351081848
    ],
    [
        0.7500837445259094,
        -0.052690327167510986,
        0.6592405438423157,
        0.24790526926517487,
        0.041189294308423996,
        0.9986079335212708,
        0.03294935077428818,
        0.029175495728850365,
        -0.6600590348243713,
        0.002438885858282447,
        0.7512097954750061,
        0.8259566426277161
    ],
    [
        0.7330850958824158,
        -0.06292026489973068,
        0.6772201657295227,
        0.34797438979148865,
        0.04170393943786621,
        0.99799644947052,
        0.04757930338382721,
        0.04019061475992203,
        -0.678857147693634,
        -0.006636927369982004,
        0.7342404723167419,
        0.9520847201347351
    ],
    [
        0.7272883057594299,
        -0.06939291208982468,
        0.6828150153160095,
        0.45326322317123413,
        0.0407722145318985,
        0.9974868893623352,
        0.05794448032975197,
        0.044974327087402344,
        -0.6851199269294739,
        -0.014302464202046394,
        0.728289783000946,
        1.0914770364761353
    ],
    [
        0.7268344163894653,
        -0.07371334731578827,
        0.6828456521034241,
        0.539788544178009,
        0.040198419243097305,
        0.9970851540565491,
        0.06484759598970413,
        0.04396193474531174,
        -0.6856353878974915,
        -0.019684137776494026,
        0.7276789546012878,
        1.2247519493103027
    ],
    [
        0.7277984023094177,
        -0.07562164962291718,
        0.6816090941429138,
        0.6098503470420837,
        0.03944852948188782,
        0.9968724846839905,
        0.06847703456878662,
        0.03228416293859482,
        -0.6846556663513184,
        -0.02294899709522724,
        0.7285051941871643,
        1.3412551879882812
    ],
    [
        0.739181399345398,
        -0.0752851590514183,
        0.6692854762077332,
        0.6779522895812988,
        0.03773578628897667,
        0.9968013763427734,
        0.07044939696788788,
        0.009382188320159912,
        -0.672448456287384,
        -0.026818865910172462,
        0.7396581172943115,
        1.4701553583145142
    ],
    [
        0.7662915587425232,
        -0.0729169026017189,
        0.6383419036865234,
        0.75947505235672,
        0.035073552280664444,
        0.9968050122261047,
        0.07175993174314499,
        -0.007248982787132263,
        -0.6415349841117859,
        -0.03260010480880737,
        0.7664006352424622,
        1.6361839771270752
    ],
    [
        0.8148902058601379,
        -0.06601832062005997,
        0.5758432745933533,
        0.8472243547439575,
        0.031247226521372795,
        0.9970511794090271,
        0.07008951902389526,
        -0.04237128794193268,
        -0.5787724256515503,
        -0.03912176191806793,
        0.8145501017570496,
        1.8687715530395508
    ],
    [
        0.8599894642829895,
        -0.05813261866569519,
        0.5069898366928101,
        0.9043959379196167,
        0.027291083708405495,
        0.9973079562187195,
        0.06806066632270813,
        -0.08784449100494385,
        -0.5095815658569336,
        -0.0446951650083065,
        0.8592606782913208,
        2.059438943862915
    ],
    [
        0.8971142172813416,
        -0.050628662109375,
        0.4388881027698517,
        0.9507932066917419,
        0.023974351584911346,
        0.9975272417068481,
        0.06606634706258774,
        -0.13629262149333954,
        -0.4411476254463196,
        -0.04874700307846069,
        0.8961096405982971,
        2.22658634185791
    ],
    [
        0.9231991767883301,
        -0.044025350362062454,
        0.38179197907447815,
        0.9851157665252686,
        0.020961390808224678,
        0.997706413269043,
        0.06436184793710709,
        -0.18979498744010925,
        -0.3837498724460602,
        -0.05141591653227806,
        0.9220045208930969,
        2.369981050491333
    ],
    [
        0.9437824487686157,
        -0.03776552900671959,
        0.32840290665626526,
        1.006540298461914,
        0.01828749291598797,
        0.9978961944580078,
        0.062199998646974564,
        -0.2461010366678238,
        -0.33006101846694946,
        -0.052697598934173584,
        0.9424874782562256,
        2.5060486793518066
    ],
    [
        0.9604744911193848,
        -0.031555838882923126,
        0.2765734791755676,
        1.0354831218719482,
        0.015435210429131985,
        0.9980626702308655,
        0.060271766036748886,
        -0.3100664019584656,
        -0.2779396176338196,
        -0.053620532155036926,
        0.9591007828712463,
        2.640185832977295
    ],
    [
        0.9753963351249695,
        -0.02514851838350296,
        0.21901963651180267,
        1.0715807676315308,
        0.012180269695818424,
        0.9981023669242859,
        0.06036081910133362,
        -0.39713531732559204,
        -0.22012197971343994,
        -0.05620799586176872,
        0.9738516211509705,
        2.77069091796875
    ],
    [
        0.986950159072876,
        -0.01797681488096714,
        0.16001930832862854,
        1.1192187070846558,
        0.00869748368859291,
        0.9982494115829468,
        0.058501459658145905,
        -0.4966811537742615,
        -0.1607908308506012,
        -0.056346260011196136,
        0.9853788614273071,
        2.8975958824157715
    ],
    [
        0.9949814081192017,
        -0.011429136618971825,
        0.09940506517887115,
        1.1632955074310303,
        0.005697097163647413,
        0.998314380645752,
        0.05775725468993187,
        -0.5889738202095032,
        -0.09989763796329498,
        -0.056901074945926666,
        0.9933694005012512,
        3.0038037300109863
    ],
    [
        0.9986038208007812,
        -0.006285096984356642,
        0.05244975909590721,
        1.2032034397125244,
        0.0032641782891005278,
        0.9983409643173218,
        0.0574859119951725,
        -0.6693525910377502,
        -0.05272384360432625,
        -0.057234443724155426,
        0.9969676733016968,
        3.0788207054138184
    ],
    [
        0.9998117089271545,
        -0.002629563445225358,
        0.01922667771577835,
        1.2403870820999146,
        0.0015323630068451166,
        0.9983809590339661,
        0.05686134472489357,
        -0.7400981783866882,
        -0.0193446334451437,
        -0.05682116746902466,
        0.9981968998908997,
        3.1421332359313965
    ],
    [
        0.9999914765357971,
        -9.488494106335565e-05,
        -0.004116566851735115,
        1.2536379098892212,
        0.0003279644006397575,
        0.9983938932418823,
        0.0566524975001812,
        -0.8052000999450684,
        0.004104283172637224,
        -0.05665335804224014,
        0.9983853697776794,
        3.190351724624634
    ],
    [
        0.9996929168701172,
        0.003473378950729966,
        -0.02453453652560711,
        1.2559754848480225,
        -0.00211518001742661,
        0.9984747767448425,
        0.055168166756629944,
        -0.8593875765800476,
        0.024688979610800743,
        -0.05509933829307556,
        0.9981755614280701,
        3.2070960998535156
    ]
]