[
    [
        0.9889618754386902,
        0.1126134842634201,
        -0.09629355370998383,
        -0.0481448620557785,
        -0.11371230334043503,
        0.9934956431388855,
        -0.00598293449729681,
        -0.2929645776748657,
        0.0949934795498848,
        0.0168666560202837,
        0.995335042476654,
        0.15489165484905243
    ],
    [
        0.9862238764762878,
        0.12259453535079956,
        -0.11105383187532425,
        -0.04937371239066124,
        -0.12385796755552292,
        0.9922897219657898,
        -0.0045239985920488834,
        -0.33098241686820984,
        0.10964296013116837,
        0.018216580152511597,
        0.9938040971755981,
        0.2067771553993225
    ],
    [
        0.9830415844917297,
        0.13302379846572876,
        -0.12623050808906555,
        -0.05268815904855728,
        -0.13438615202903748,
        0.9909263849258423,
        -0.002300384920090437,
        -0.37330761551856995,
        0.12477914243936539,
        0.01922500692307949,
        0.9919983744621277,
        0.2640543580055237
    ],
    [
        0.9798024892807007,
        0.14313878118991852,
        -0.139637291431427,
        -0.05805893987417221,
        -0.1445530652999878,
        0.9894970059394836,
        1.4191109585226513e-05,
        -0.41563931107521057,
        0.13817273080348969,
        0.020171092823147774,
        0.9902026653289795,
        0.32098788022994995
    ],
    [
        0.9768937826156616,
        0.1510210782289505,
        -0.15123283863067627,
        -0.06466958671808243,
        -0.15255697071552277,
        0.9882935285568237,
        0.001462803571484983,
        -0.4539041221141815,
        0.14968335628509521,
        0.021642619743943214,
        0.9884971380233765,
        0.3724050521850586
    ],
    [
        0.9739522933959961,
        0.1585843563079834,
        -0.16207389533519745,
        -0.07428070157766342,
        -0.1601836234331131,
        0.9870819449424744,
        0.003236429300159216,
        -0.4965223968029022,
        0.16049346327781677,
        0.022809455171227455,
        0.9867732524871826,
        0.42979106307029724
    ],
    [
        0.971638023853302,
        0.16366314888000488,
        -0.17068687081336975,
        -0.08527778089046478,
        -0.16532061994075775,
        0.986229419708252,
        0.00455575343221426,
        -0.5395905375480652,
        0.16908201575279236,
        0.023791514337062836,
        0.9853148460388184,
        0.48690131306648254
    ],
    [
        0.9691681265830994,
        0.16957297921180725,
        -0.1787683367729187,
        -0.09597694128751755,
        -0.17125651240348816,
        0.9852076768875122,
        0.006087406072765589,
        -0.5785903930664062,
        0.17715619504451752,
        0.024715522304177284,
        0.9838723540306091,
        0.5387507677078247
    ],
    [
        0.9661822319030762,
        0.17650941014289856,
        -0.18797947466373444,
        -0.10929172486066818,
        -0.17821386456489563,
        0.9839597940444946,
        0.007932211272418499,
        -0.6216558218002319,
        0.18636438250541687,
        0.02583659067749977,
        0.9821410179138184,
        0.5966904163360596
    ],
    [
        0.9631806015968323,
        0.18276458978652954,
        -0.19718094170093536,
        -0.1233002170920372,
        -0.18451249599456787,
        0.9827830195426941,
        0.009631098248064518,
        -0.6656647324562073,
        0.19554629921913147,
        0.02710586041212082,
        0.9803197383880615,
        0.6554233431816101
    ],
    [
        0.9603741765022278,
        0.18825550377368927,
        -0.20552685856819153,
        -0.1357460469007492,
        -0.19003525376319885,
        0.9817131161689758,
        0.011229251511394978,
        -0.7055426239967346,
        0.2038823664188385,
        0.028273070231080055,
        0.9785870909690857,
        0.7092800140380859
    ],
    [
        0.958435595035553,
        0.19225066900253296,
        -0.2108101099729538,
        -0.1496134251356125,
        -0.19406063854694366,
        0.9809128046035767,
        0.012269478291273117,
        -0.7501322031021118,
        0.20914514362812042,
        0.02915043756365776,
        0.9774501323699951,
        0.768679141998291
    ],
    [
        0.9554644823074341,
        0.19799697399139404,
        -0.2188258171081543,
        -0.1647944301366806,
        -0.19982722401618958,
        0.979731559753418,
        0.013965744525194168,
        -0.794522762298584,
        0.21715575456619263,
        0.030383583158254623,
        0.9756639003753662,
        0.8274257183074951
    ],
    [
        0.9516458511352539,
        0.20527753233909607,
        -0.22854192554950714,
        -0.17990748584270477,
        -0.2071065455675125,
        0.978183925151825,
        0.016220802441239357,
        -0.8359345197677612,
        0.2268858104944229,
        0.031896065920591354,
        0.9733989238739014,
        0.8807668089866638
    ],
    [
        0.9486711621284485,
        0.21035011112689972,
        -0.2361692637205124,
        -0.19676290452480316,
        -0.21218037605285645,
        0.9770658016204834,
        0.017938420176506042,
        -0.8836649656295776,
        0.23452627658843994,
        0.03309282287955284,
        0.9715463519096375,
        0.9385032057762146
    ],
    [
        0.9471091032028198,
        0.2129209339618683,
        -0.24010230600833893,
        -0.21411368250846863,
        -0.21474967896938324,
        0.976487398147583,
        0.018838904798030853,
        -0.9331842660903931,
        0.23846809566020966,
        0.033719394356012344,
        0.9705647826194763,
        0.9946466684341431
    ],
    [
        0.9460262656211853,
        0.2150687426328659,
        -0.24244551360607147,
        -0.23089838027954102,
        -0.21687941253185272,
        0.976003110408783,
        0.019526641815900803,
        -0.9805035591125488,
        0.24082715809345245,
        0.03410867229104042,
        0.9699684977531433,
        1.0441616773605347
    ],
    [
        0.9450035691261292,
        0.21695004403591156,
        -0.2447468787431717,
        -0.2495109736919403,
        -0.21880728006362915,
        0.9755647778511047,
        0.019919326528906822,
        -1.034373164176941,
        0.24308791756629944,
        0.03472856804728508,
        0.9693823456764221,
        1.09723699092865
    ],
    [
        0.943817138671875,
        0.219490647315979,
        -0.24704870581626892,
        -0.2686105966567993,
        -0.22136469185352325,
        0.974975049495697,
        0.02052289992570877,
        -1.090551495552063,
        0.24537093937397003,
        0.035317935049533844,
        0.9687857627868652,
        1.1487512588500977
    ],
    [
        0.9427763819694519,
        0.22156965732574463,
        -0.24915754795074463,
        -0.2863060534000397,
        -0.22348058223724365,
        0.9744827747344971,
        0.020965050905942917,
        -1.1432483196258545,
        0.2474450021982193,
        0.03591642156243324,
        0.9682360291481018,
        1.194482445716858
    ],
    [
        0.9416858553886414,
        0.22327658534049988,
        -0.2517445981502533,
        -0.3055800497531891,
        -0.22520436346530914,
        0.9740740060806274,
        0.02151433937251568,
        -1.2031989097595215,
        0.25002148747444153,
        0.03643421083688736,
        0.9675545692443848,
        1.2435717582702637
    ],
    [
        0.9404488205909729,
        0.2256869673728943,
        -0.2542074918746948,
        -0.3256283700466156,
        -0.22760672867298126,
        0.9734991788864136,
        0.022239863872528076,
        -1.2649773359298706,
        0.25248998403549194,
        0.036943767219781876,
        0.9668939709663391,
        1.291102647781372
    ],
    [
        0.9393941760063171,
        0.22754304111003876,
        -0.2564426064491272,
        -0.34400129318237305,
        -0.22943656146526337,
        0.9730534553527832,
        0.022929949685931206,
        -1.3234131336212158,
        0.25474992394447327,
        0.03729714825749397,
        0.9662873148918152,
        1.3328421115875244
    ],
    [
        0.9382467269897461,
        0.22961382567882538,
        -0.25878676772117615,
        -0.36425891518592834,
        -0.2315315157175064,
        0.9725440740585327,
        0.023478316143155098,
        -1.389560341835022,
        0.25707244873046875,
        0.03788889944553375,
        0.9656491279602051,
        1.3778293132781982
    ],
    [
        0.9372396469116211,
        0.23127400875091553,
        -0.2609487473964691,
        -0.384225070476532,
        -0.23319557309150696,
        0.9721330404281616,
        0.024023979902267456,
        -1.456217885017395,
        0.2592329978942871,
        0.03833595663309097,
        0.9650537371635437,
        1.4212946891784668
    ]
]