[
    [
        0.9862205982208252,
        0.0035474845208227634,
        -0.16539794206619263,
        -0.06074163317680359,
        -0.003942588344216347,
        0.9999901056289673,
        -0.0020605549216270447,
        -0.006289647426456213,
        0.16538898646831512,
        0.0026842583902180195,
        0.9862246513366699,
        -0.0012139424216002226
    ],
    [
        0.9824162721633911,
        0.0042144013568758965,
        -0.18665605783462524,
        -0.07111521065235138,
        -0.00472872331738472,
        0.9999861717224121,
        -0.0023102997802197933,
        -0.005910936277359724,
        0.18664374947547913,
        0.0031523210927844048,
        0.9824225902557373,
        -0.005058841314166784
    ],
    [
        0.9782721996307373,
        0.0049636331386864185,
        -0.2072654813528061,
        -0.08245642483234406,
        -0.005596112925559282,
        0.9999813437461853,
        -0.0024653428699821234,
        -0.0058654677122831345,
        0.20724938809871674,
        0.003571657696738839,
        0.9782816767692566,
        -0.009574444964528084
    ],
    [
        0.9737826585769653,
        0.005575268995016813,
        -0.22741226851940155,
        -0.09346283227205276,
        -0.006313564255833626,
        0.9999769330024719,
        -0.002519207540899515,
        -0.005995998624712229,
        0.22739297151565552,
        0.003888942301273346,
        0.9737953543663025,
        -0.01458464190363884
    ],
    [
        0.9689790606498718,
        0.006296177394688129,
        -0.2470628172159195,
        -0.10434427112340927,
        -0.007194379810243845,
        0.9999703764915466,
        -0.002732957014814019,
        -0.006053265184164047,
        0.24703827500343323,
        0.004425641614943743,
        0.9689955711364746,
        -0.019303416833281517
    ],
    [
        0.9638473987579346,
        0.006933439057320356,
        -0.266364723443985,
        -0.114650659263134,
        -0.007976391352713108,
        0.9999641180038452,
        -0.0028338327538222075,
        -0.006358664017170668,
        0.26633548736572266,
        0.004856010898947716,
        0.963868260383606,
        -0.02514822967350483
    ],
    [
        0.9585581421852112,
        0.007593630813062191,
        -0.2847956418991089,
        -0.12493451684713364,
        -0.008843224495649338,
        0.9999561309814453,
        -0.003102038986980915,
        -0.006155282724648714,
        0.2847595810890198,
        0.0054919966496527195,
        0.9585831165313721,
        -0.03176714852452278
    ],
    [
        0.9530197978019714,
        0.008191971108317375,
        -0.3027971684932709,
        -0.13555686175823212,
        -0.009636666625738144,
        0.9999482035636902,
        -0.00327739748172462,
        -0.006395840086042881,
        0.302754670381546,
        0.006041380111128092,
        0.95304936170578,
        -0.038722459226846695
    ],
    [
        0.9457278251647949,
        0.00881657563149929,
        -0.3248403072357178,
        -0.1481422781944275,
        -0.010551294311881065,
        0.9999378323554993,
        -0.003579062642529607,
        -0.007154445629566908,
        0.3247886300086975,
        0.006812304258346558,
        0.9457620978355408,
        -0.04869891330599785
    ],
    [
        0.9396608471870422,
        0.00943089835345745,
        -0.34197744727134705,
        -0.1582948863506317,
        -0.011426262557506561,
        0.9999274611473083,
        -0.0038207126781344414,
        -0.007376463618129492,
        0.34191659092903137,
        0.007497696205973625,
        0.9397004246711731,
        -0.05711881443858147
    ],
    [
        0.9333392977714539,
        0.009976192377507687,
        -0.35885685682296753,
        -0.16761626303195953,
        -0.012231988832354546,
        0.9999170899391174,
        -0.004016172606498003,
        -0.007364638149738312,
        0.35878702998161316,
        0.00813798513263464,
        0.9333839416503906,
        -0.06559322029352188
    ],
    [
        0.9267851114273071,
        0.010591449216008186,
        -0.37544265389442444,
        -0.1763513684272766,
        -0.012961141765117645,
        0.9999088048934937,
        -0.0037867557257413864,
        -0.0072588128969073296,
        0.3753683269023895,
        0.008375674486160278,
        0.9268378019332886,
        -0.0749157965183258
    ],
    [
        0.9199432730674744,
        0.011122950352728367,
        -0.3918936550617218,
        -0.1851700395345688,
        -0.013745889067649841,
        0.9998979568481445,
        -0.003887846367433667,
        -0.0074457647278904915,
        0.39181041717529297,
        0.008963525295257568,
        0.9200023412704468,
        -0.0837838277220726
    ],
    [
        0.9129055142402649,
        0.011532082222402096,
        -0.4080079197883606,
        -0.19375412166118622,
        -0.014428206719458103,
        0.9998878240585327,
        -0.004021492786705494,
        -0.008498119190335274,
        0.40791577100753784,
        0.009558064863085747,
        0.9129695296287537,
        -0.09197346121072769
    ],
    [
        0.9055818915367126,
        0.011853450909256935,
        -0.42400574684143066,
        -0.20208027958869934,
        -0.015044468455016613,
        0.9998781085014343,
        -0.0041791764087975025,
        -0.009839700534939766,
        0.42390450835227966,
        0.010163526982069016,
        0.9056499600410461,
        -0.1006450429558754
    ],
    [
        0.8979954123497009,
        0.012358053587377071,
        -0.4398311376571655,
        -0.20994776487350464,
        -0.015806864947080612,
        0.9998663663864136,
        -0.00417908001691103,
        -0.010499394498765469,
        0.4397207200527191,
        0.010705146938562393,
        0.8980708718299866,
        -0.10917623341083527
    ],
    [
        0.8882941007614136,
        0.013030095025897026,
        -0.4590902626514435,
        -0.21939577162265778,
        -0.016777584329247475,
        0.999850869178772,
        -0.004084767308086157,
        -0.011287598870694637,
        0.45896854996681213,
        0.011330898851156235,
        0.8883802890777588,
        -0.11795534938573837
    ],
    [
        0.8804386258125305,
        0.013500086031854153,
        -0.47396788001060486,
        -0.22686147689819336,
        -0.017532052472233772,
        0.9998378753662109,
        -0.0040888795629143715,
        -0.012097591534256935,
        0.47383591532707214,
        0.011909636668860912,
        0.8805326223373413,
        -0.12451677024364471
    ],
    [
        0.8724574446678162,
        0.013929669745266438,
        -0.4884914457798004,
        -0.23523683845996857,
        -0.018338782712817192,
        0.9998227953910828,
        -0.00424287049099803,
        -0.012065401300787926,
        0.4883458912372589,
        0.012660061940550804,
        0.8725582957267761,
        -0.13062351942062378
    ],
    [
        0.8643640875816345,
        0.014437278732657433,
        -0.5026592016220093,
        -0.24345462024211884,
        -0.019074728712439537,
        0.9998096227645874,
        -0.004084234591573477,
        -0.011934005655348301,
        0.5025045871734619,
        0.013118354603648186,
        0.8644750118255615,
        -0.1361379325389862
    ],
    [
        0.8563441038131714,
        0.014894024468958378,
        -0.516190767288208,
        -0.25185319781303406,
        -0.019781889393925667,
        0.9997963905334473,
        -0.003969677723944187,
        -0.011039185337722301,
        0.5160266160964966,
        0.013610639609396458,
        0.8564643859863281,
        -0.14339682459831238
    ],
    [
        0.8479998707771301,
        0.015405923128128052,
        -0.5297725200653076,
        -0.26107338070869446,
        -0.0206014271825552,
        0.9997800588607788,
        -0.003902563825249672,
        -0.011356404982507229,
        0.5295958518981934,
        0.01422344334423542,
        0.8481307625770569,
        -0.1507531702518463
    ],
    [
        0.8394895792007446,
        0.015697535127401352,
        -0.5431490540504456,
        -0.27001649141311646,
        -0.021240413188934326,
        0.9997666478157043,
        -0.003934886306524277,
        -0.011377462185919285,
        0.5429605841636658,
        0.014840008690953255,
        0.8396270275115967,
        -0.15693525969982147
    ],
    [
        0.8309697508811951,
        0.01612273044884205,
        -0.5560838580131531,
        -0.2787717878818512,
        -0.021941859275102615,
        0.9997520446777344,
        -0.0038021074142307043,
        -0.011977583169937134,
        0.5558847188949585,
        0.015360952354967594,
        0.8311176300048828,
        -0.16330955922603607
    ],
    [
        0.8201681971549988,
        0.016611358150839806,
        -0.5718811750411987,
        -0.2904107868671417,
        -0.022702278569340706,
        0.9997361302375793,
        -0.003519459394738078,
        -0.012659067288041115,
        0.5716718435287476,
        0.01586955413222313,
        0.8203288912773132,
        -0.17201685905456543
    ]
]