[
    [
        0.9974047541618347,
        0.007926728576421738,
        -0.07156040519475937,
        0.1262645274400711,
        -0.008253105916082859,
        0.9999568462371826,
        -0.004266338422894478,
        -0.009729230776429176,
        0.0715235024690628,
        0.004845861345529556,
        0.9974271655082703,
        0.4839506447315216
    ],
    [
        0.9958101511001587,
        0.00987488217651844,
        -0.09090913832187653,
        0.15003743767738342,
        -0.010343628004193306,
        0.9999355673789978,
        -0.0046864887699484825,
        -0.024738503620028496,
        0.09085699915885925,
        0.005607183091342449,
        0.9958481788635254,
        0.631071150302887
    ],
    [
        0.9929913282394409,
        0.011484487913548946,
        -0.11762741953134537,
        0.1837465912103653,
        -0.012186980806291103,
        0.9999120235443115,
        -0.005254644434899092,
        -0.03656931221485138,
        0.11755671352148056,
        0.006651340052485466,
        0.9930439591407776,
        0.76004958152771
    ],
    [
        0.9886357188224792,
        0.01400549616664648,
        -0.14967718720436096,
        0.2357921004295349,
        -0.014980084262788296,
        0.9998732805252075,
        -0.0053857541643083096,
        -0.03722527623176575,
        0.14958278834819794,
        0.0075667258352041245,
        0.9887202382087708,
        0.882906973361969
    ],
    [
        0.9835653305053711,
        0.017315853387117386,
        -0.1797204315662384,
        0.2958749234676361,
        -0.01881049945950508,
        0.9998011589050293,
        -0.006615527905523777,
        -0.033238548785448074,
        0.17957012355327606,
        0.009887435473501682,
        0.9836955070495605,
        0.9983585476875305
    ],
    [
        0.9810834527015686,
        0.017888648435473442,
        -0.19275683164596558,
        0.3440644443035126,
        -0.019555440172553062,
        0.9997859597206116,
        -0.006747873034328222,
        -0.009881868958473206,
        0.19259488582611084,
        0.010389670729637146,
        0.9812233448028564,
        1.0858559608459473
    ],
    [
        0.9790489673614502,
        0.018793096765875816,
        -0.2027556598186493,
        0.4085831940174103,
        -0.020827235653996468,
        0.9997518062591553,
        -0.007903366349637508,
        0.014963802881538868,
        0.2025568038225174,
        0.011960620060563087,
        0.9791975021362305,
        1.1832046508789062
    ],
    [
        0.9772746562957764,
        0.018864551559090614,
        -0.21113567054271698,
        0.4863189458847046,
        -0.02070053108036518,
        0.999764621257782,
        -0.006488687824457884,
        0.026437418535351753,
        0.21096356213092804,
        0.01071185152977705,
        0.9774352312088013,
        1.259806752204895
    ],
    [
        0.9770538210868835,
        0.017979860305786133,
        -0.2122323215007782,
        0.574307382106781,
        -0.020207200199365616,
        0.999761164188385,
        -0.00833029206842184,
        0.03617246448993683,
        0.21203181147575378,
        0.012427764013409615,
        0.9771836996078491,
        1.3124198913574219
    ],
    [
        0.976836621761322,
        0.017795514315366745,
        -0.21324530243873596,
        0.6866586804389954,
        -0.019948109984397888,
        0.9997694492340088,
        -0.007946874015033245,
        0.04136151075363159,
        0.21305473148822784,
        0.012016640044748783,
        0.9769664406776428,
        1.3678590059280396
    ],
    [
        0.9765866994857788,
        0.01856883615255356,
        -0.2143212854862213,
        0.7753511071205139,
        -0.020681846886873245,
        0.9997570514678955,
        -0.007620778866112232,
        0.030540380626916885,
        0.21412773430347443,
        0.0118749113753438,
        0.9767334461212158,
        1.4004132747650146
    ],
    [
        0.9769655466079712,
        0.01787433587014675,
        -0.21264703571796417,
        0.8725186586380005,
        -0.019880013540387154,
        0.9997757077217102,
        -0.007297357078641653,
        0.020073404535651207,
        0.21246902644634247,
        0.011356694623827934,
        0.9771019220352173,
        1.4318430423736572
    ],
    [
        0.9854464530944824,
        0.013034595176577568,
        -0.16948573291301727,
        0.9801555275917053,
        -0.014468656852841377,
        0.9998692274093628,
        -0.007228911854326725,
        0.010765744373202324,
        0.16936936974525452,
        0.009575936943292618,
        0.9855061173439026,
        1.4653841257095337
    ],
    [
        0.994387149810791,
        0.007373334839940071,
        -0.10554546117782593,
        1.0690826177597046,
        -0.008052521385252476,
        0.9999495148658752,
        -0.006010307930409908,
        -0.0018492884701117873,
        0.105495885014534,
        0.006826480384916067,
        0.9943962693214417,
        1.4788672924041748
    ],
    [
        0.998969316482544,
        -0.0004157387011218816,
        -0.045389652252197266,
        1.1737899780273438,
        0.00017029649461619556,
        0.9999854564666748,
        -0.005411211866885424,
        0.001448522787541151,
        0.04539116844534874,
        0.005397904198616743,
        0.9989547729492188,
        1.4756286144256592
    ],
    [
        0.9994567036628723,
        -0.0021252224687486887,
        -0.032890379428863525,
        1.2894395589828491,
        0.0019454717403277755,
        0.999983012676239,
        -0.005496178288012743,
        0.0033987367060035467,
        0.032901521772146225,
        0.005429204553365707,
        0.9994438886642456,
        1.4660543203353882
    ],
    [
        0.9995329976081848,
        -0.001890544081106782,
        -0.030498629435896873,
        1.3974510431289673,
        0.0017556624952703714,
        0.9999885559082031,
        -0.004448728170245886,
        -0.0022917294409126043,
        0.030506573617458344,
        0.004393105395138264,
        0.9995248913764954,
        1.4511398077011108
    ],
    [
        0.9999842643737793,
        -0.004563437309116125,
        -0.0033053795341402292,
        1.484926462173462,
        0.004550186917185783,
        0.9999816417694092,
        -0.0040047201327979565,
        -0.005322294309735298,
        0.0033236329909414053,
        0.00398961640894413,
        0.9999864101409912,
        1.4550565481185913
    ],
    [
        0.9978106021881104,
        -0.011961842887103558,
        0.06504513323307037,
        1.5922728776931763,
        0.012116804718971252,
        0.9999246597290039,
        -0.001988399075344205,
        -0.014911632053554058,
        -0.06501657515764236,
        0.0027721852529793978,
        0.9978803396224976,
        1.4671337604522705
    ],
    [
        0.9884232878684998,
        -0.02025824785232544,
        0.1503627896308899,
        1.6844121217727661,
        0.02041943185031414,
        0.9997913837432861,
        0.00047207079478539526,
        -0.026147034019231796,
        -0.15034106373786926,
        0.0026037173811346292,
        0.9886308312416077,
        1.48091721534729
    ],
    [
        0.9735869765281677,
        -0.027695387601852417,
        0.22663064301013947,
        1.7548506259918213,
        0.027757544070482254,
        0.999610424041748,
        0.002913166768848896,
        -0.028268344700336456,
        -0.2266230285167694,
        0.0034544900991022587,
        0.9739763736724854,
        1.494933843612671
    ],
    [
        0.9566627740859985,
        -0.034533388912677765,
        0.2891431450843811,
        1.8448926210403442,
        0.03459116816520691,
        0.9993894696235657,
        0.004911845084279776,
        -0.02698625810444355,
        -0.2891363203525543,
        0.005302822217345238,
        0.9572731852531433,
        1.5197887420654297
    ],
    [
        0.9447609782218933,
        -0.03722989559173584,
        0.32563871145248413,
        1.922412633895874,
        0.03723950684070587,
        0.9992871284484863,
        0.006206030026078224,
        -0.023813987150788307,
        -0.32563772797584534,
        0.00626341300085187,
        0.9454739093780518,
        1.5463577508926392
    ],
    [
        0.9361383318901062,
        -0.03986402601003647,
        0.3493650257587433,
        1.992033839225769,
        0.03988473489880562,
        0.9991787672042847,
        0.007137681823223829,
        -0.02472829259932041,
        -0.34936267137527466,
        0.007252472452819347,
        0.9369595050811768,
        1.5809638500213623
    ],
    [
        0.9342261552810669,
        -0.04032853990793228,
        0.3543938100337982,
        2.0665977001190186,
        0.04057075083255768,
        0.9991538524627686,
        0.006749992724508047,
        -0.026022033765912056,
        -0.354366272687912,
        0.008072001859545708,
        0.9350720047950745,
        1.6334041357040405
    ]
]