[
    [
        0.8986884355545044,
        0.03985407575964928,
        -0.4367732107639313,
        -0.289298951625824,
        -0.04427731782197952,
        0.9990193247795105,
        5.3801166359335184e-05,
        -0.2583632469177246,
        0.43634679913520813,
        0.01929079182446003,
        0.8995715975761414,
        2.8895719051361084
    ],
    [
        0.8910375833511353,
        0.04100032523274422,
        -0.4520743489265442,
        -0.30530625581741333,
        -0.04644300416111946,
        0.9989204406738281,
        -0.0009431907092221081,
        -0.26053664088249207,
        0.4515475034713745,
        0.021836096420884132,
        0.8919797539710999,
        2.9372525215148926
    ],
    [
        0.8819586634635925,
        0.04266383871436119,
        -0.46939191222190857,
        -0.32047250866889954,
        -0.04937708377838135,
        0.998778223991394,
        -0.0019958580378443003,
        -0.2634744942188263,
        0.4687333106994629,
        0.024937456473708153,
        0.8829877376556396,
        2.991276502609253
    ],
    [
        0.871621310710907,
        0.04439327120780945,
        -0.48816555738449097,
        -0.33482199907302856,
        -0.052253223955631256,
        0.9986308217048645,
        -0.0024838875979185104,
        -0.2680681645870209,
        0.4873867630958557,
        0.027673250064253807,
        0.8727474808692932,
        3.049985885620117
    ],
    [
        0.8607633709907532,
        0.04551113396883011,
        -0.5069665312767029,
        -0.34876781702041626,
        -0.055019427090883255,
        0.99847811460495,
        -0.003780989209190011,
        -0.27061209082603455,
        0.5060230493545532,
        0.031147550791502,
        0.8619573712348938,
        3.1064939498901367
    ],
    [
        0.8501759767532349,
        0.0468376986682415,
        -0.5244110822677612,
        -0.36768385767936707,
        -0.057355090975761414,
        0.9983465671539307,
        -0.0038169436156749725,
        -0.2764509618282318,
        0.5233653783798218,
        0.033322714269161224,
        0.8514566421508789,
        3.153876543045044
    ],
    [
        0.8391771912574768,
        0.04761915281414986,
        -0.5417690873146057,
        -0.38777241110801697,
        -0.05956925451755524,
        0.9982138872146606,
        -0.004531593527644873,
        -0.280232310295105,
        0.5405858159065247,
        0.03607559949159622,
        0.8405150175094604,
        3.201329231262207
    ],
    [
        0.8279544115066528,
        0.04924168437719345,
        -0.5586294531822205,
        -0.410209596157074,
        -0.062484923750162125,
        0.998035192489624,
        -0.004635892808437347,
        -0.28485873341560364,
        0.5573034882545471,
        0.038744211196899414,
        0.8294044137001038,
        3.245213747024536
    ],
    [
        0.8163459897041321,
        0.05075009539723396,
        -0.5753293037414551,
        -0.4338233470916748,
        -0.06484944373369217,
        0.9978870749473572,
        -0.0039920140989124775,
        -0.28945884108543396,
        0.5739110112190247,
        0.04056864604353905,
        0.8179121613502502,
        3.2898120880126953
    ],
    [
        0.8044188618659973,
        0.05138799175620079,
        -0.5918357968330383,
        -0.45812782645225525,
        -0.0668671727180481,
        0.9977527856826782,
        -0.004252365790307522,
        -0.29146984219551086,
        0.5902872681617737,
        0.042995065450668335,
        0.8060473799705505,
        3.338777780532837
    ],
    [
        0.7922438979148865,
        0.05287311226129532,
        -0.6079095005989075,
        -0.47975993156433105,
        -0.06947192549705505,
        0.9975767135620117,
        -0.0037731246557086706,
        -0.29605215787887573,
        0.6062370538711548,
        0.04522188380360603,
        0.7939972877502441,
        3.3809385299682617
    ],
    [
        0.7801564335823059,
        0.05443708971142769,
        -0.6232114434242249,
        -0.498950332403183,
        -0.07159096002578735,
        0.9974308609962463,
        -0.0024949803482741117,
        -0.3015585243701935,
        0.6214746236801147,
        0.046562787145376205,
        0.7820493578910828,
        3.4194869995117188
    ],
    [
        0.7638490796089172,
        0.056494828313589096,
        -0.6429176330566406,
        -0.5205028057098389,
        -0.07461365312337875,
        0.9972119927406311,
        -0.0010207502637058496,
        -0.3079562485218048,
        0.641067385673523,
        0.04875011369585991,
        0.7659347653388977,
        3.4719011783599854
    ],
    [
        0.7497426867485046,
        0.05832672119140625,
        -0.6591538190841675,
        -0.5357180237770081,
        -0.0773141086101532,
        0.9970067739486694,
        0.00028285259031690657,
        -0.3133373260498047,
        0.6571974754333496,
        0.050749827176332474,
        0.7520080208778381,
        3.517768144607544
    ],
    [
        0.7346773147583008,
        0.05940187722444534,
        -0.6758110523223877,
        -0.5485820770263672,
        -0.07971198856830597,
        0.9968175292015076,
        0.000962159363552928,
        -0.31601792573928833,
        0.6737174987792969,
        0.053163375705480576,
        0.7370742559432983,
        3.5664596557617188
    ],
    [
        0.7189996838569641,
        0.05915093421936035,
        -0.6924886703491211,
        -0.5608177781105042,
        -0.0813862532377243,
        0.9966824054718018,
        0.0006324738496914506,
        -0.3173981010913849,
        0.6902287006378174,
        0.05590430274605751,
        0.7214284539222717,
        3.616881847381592
    ],
    [
        0.7032808661460876,
        0.05885492265224457,
        -0.7084717154502869,
        -0.5712876915931702,
        -0.08345367759466171,
        0.996511697769165,
        -5.893878551432863e-05,
        -0.3180781602859497,
        0.7059968113899231,
        0.059166017919778824,
        0.7057392001152039,
        3.6646947860717773
    ],
    [
        0.687987208366394,
        0.059502750635147095,
        -0.7232792973518372,
        -0.5837022662162781,
        -0.08613519370555878,
        0.9962834715843201,
        2.999135722348001e-05,
        -0.31974807381629944,
        0.7205930352210999,
        0.062279168516397476,
        0.6905556321144104,
        3.709454298019409
    ],
    [
        0.6738230586051941,
        0.0601644292473793,
        -0.7364393472671509,
        -0.5950533151626587,
        -0.08918505907058716,
        0.9960148930549622,
        -0.0002312001888640225,
        -0.32082951068878174,
        0.7334904670715332,
        0.06583516299724579,
        0.6765036582946777,
        3.7468509674072266
    ],
    [
        0.6604962348937988,
        0.060083694756031036,
        -0.7484214305877686,
        -0.6067178845405579,
        -0.09138000011444092,
        0.9958158135414124,
        -0.0006999469478614628,
        -0.32314127683639526,
        0.7452479004859924,
        0.06885306537151337,
        0.663223147392273,
        3.7804646492004395
    ],
    [
        0.6469917893409729,
        0.060175973922014236,
        -0.7601186633110046,
        -0.6194762587547302,
        -0.09397312998771667,
        0.9955741167068481,
        -0.0011711340630427003,
        -0.3255153000354767,
        0.7566840052604675,
        0.07218845933675766,
        0.6497831344604492,
        3.8146724700927734
    ],
    [
        0.6336964964866638,
        0.05997121334075928,
        -0.7712535858154297,
        -0.6314494013786316,
        -0.09610532969236374,
        0.9953699707984924,
        -0.0015663707163184881,
        -0.32934701442718506,
        0.7675887942314148,
        0.07511419802904129,
        0.6365259289741516,
        3.8481993675231934
    ],
    [
        0.620304524898529,
        0.05822141468524933,
        -0.7821971774101257,
        -0.6404825448989868,
        -0.09719540178775787,
        0.9952608346939087,
        -0.002998292911797762,
        -0.3332669138908386,
        0.7783157229423523,
        0.07788583636283875,
        0.6230236887931824,
        3.881934881210327
    ],
    [
        0.6071966886520386,
        0.057319629937410355,
        -0.7924814820289612,
        -0.6485545635223389,
        -0.09903449565172195,
        0.9950762987136841,
        -0.003906737081706524,
        -0.3372214436531067,
        0.7883554697036743,
        0.08085514605045319,
        0.6098836660385132,
        3.9135196208953857
    ],
    [
        0.5905358791351318,
        0.05517663061618805,
        -0.805122971534729,
        -0.6673771142959595,
        -0.10114879906177521,
        0.9948531985282898,
        -0.006010683253407478,
        -0.3389870524406433,
        0.800647497177124,
        0.08498674631118774,
        0.5930774211883545,
        3.9551033973693848
    ]
]