[
    [
        0.999988853931427,
        -0.004699348006397486,
        -0.00031580650829710066,
        0.03526587784290314,
        0.004702650476247072,
        0.999923586845398,
        0.011429962702095509,
        0.018510550260543823,
        0.00026206852635368705,
        -0.011431320570409298,
        0.9999346733093262,
        -0.22597472369670868
    ],
    [
        0.999987781047821,
        -0.0041998024098575115,
        0.002646413166075945,
        0.013931579887866974,
        0.004178707487881184,
        0.9999598860740662,
        0.00792687013745308,
        0.005946284160017967,
        -0.0026795980520546436,
        -0.00791571382433176,
        0.9999650716781616,
        -0.15994347631931305
    ],
    [
        0.9999866485595703,
        -0.0033047781325876713,
        0.003966644871979952,
        -0.011990847066044807,
        0.0032903202809393406,
        0.9999879598617554,
        0.0036456158850342035,
        -0.009573711082339287,
        -0.00397864542901516,
        -0.0036325156688690186,
        0.9999854564666748,
        -0.06464441865682602
    ],
    [
        0.9999919533729553,
        -0.00401740986853838,
        0.0003725044662132859,
        -0.025779565796256065,
        0.004017790779471397,
        0.9999914169311523,
        -0.0010258527472615242,
        -0.015152789652347565,
        -0.00036838051164522767,
        0.0010273413499817252,
        0.9999994039535522,
        0.018150649964809418
    ],
    [
        0.9999886751174927,
        -0.004057318437844515,
        -0.002494249027222395,
        -0.03948597609996796,
        0.0040538739413022995,
        0.9999908208847046,
        -0.0013843611814081669,
        -0.02240673080086708,
        0.002499842783436179,
        0.0013742338633164763,
        0.9999959468841553,
        0.10765600949525833
    ],
    [
        0.9999972581863403,
        -0.0021274907048791647,
        -0.0010008790995925665,
        -0.051636140793561935,
        0.0021311009768396616,
        0.9999911785125732,
        0.003619902301579714,
        -0.03231175243854523,
        0.0009931689128279686,
        -0.0036220261827111244,
        0.9999929666519165,
        0.1933274269104004
    ],
    [
        0.9999600648880005,
        -0.0019849836826324463,
        0.008718619123101234,
        -0.06635823100805283,
        0.0019011066760867834,
        0.9999520182609558,
        0.009618151932954788,
        -0.0421663299202919,
        -0.0087372912093997,
        -0.009601191617548466,
        0.9999157190322876,
        0.28654417395591736
    ],
    [
        0.9997014999389648,
        -0.0037863270845264196,
        0.02413799986243248,
        -0.0879673883318901,
        0.0034381269942969084,
        0.9998897314071655,
        0.014450602233409882,
        -0.05274094268679619,
        -0.024190053343772888,
        -0.014363298192620277,
        0.9996042847633362,
        0.3672927916049957
    ],
    [
        0.9993440508842468,
        -0.005222376435995102,
        0.035835497081279755,
        -0.10432299226522446,
        0.004591380245983601,
        0.9998334050178528,
        0.017667900770902634,
        -0.06136151775717735,
        -0.03592179715633392,
        -0.017491774633526802,
        0.9992014765739441,
        0.43649327754974365
    ],
    [
        0.9989671111106873,
        -0.006793283391743898,
        0.044926367700099945,
        -0.11474239081144333,
        0.005876312963664532,
        0.9997723698616028,
        0.020511185750365257,
        -0.07131120562553406,
        -0.04505547881126404,
        -0.020225999876856804,
        0.9987797141075134,
        0.504104495048523
    ],
    [
        0.9984111785888672,
        -0.009866206906735897,
        0.055478740483522415,
        -0.12594905495643616,
        0.008745423518121243,
        0.9997534155845642,
        0.02040867693722248,
        -0.07736974954605103,
        -0.055666424334049225,
        -0.01989106461405754,
        0.9982512593269348,
        0.5796990990638733
    ],
    [
        0.9974830746650696,
        -0.012829845771193504,
        0.06973391026258469,
        -0.14000388979911804,
        0.011381397023797035,
        0.9997119307518005,
        0.02112887240946293,
        -0.0876934751868248,
        -0.06998491287231445,
        -0.020282024517655373,
        0.9973419308662415,
        0.6717608571052551
    ],
    [
        0.9965789914131165,
        -0.014712759293615818,
        0.08132636547088623,
        -0.14841333031654358,
        0.01287197507917881,
        0.9996500015258789,
        0.023112691938877106,
        -0.09831444919109344,
        -0.08163794875144958,
        -0.021986790001392365,
        0.9964195489883423,
        0.7388092875480652
    ],
    [
        0.9954954981803894,
        -0.01720256172120571,
        0.09323568642139435,
        -0.15619103610515594,
        0.01505993027240038,
        0.9996071457862854,
        0.023635921999812126,
        -0.10427280515432358,
        -0.09360566735267639,
        -0.022125329822301865,
        0.9953634738922119,
        0.7916670441627502
    ],
    [
        0.9927542209625244,
        -0.021521519869565964,
        0.11821987479925156,
        -0.17744846642017365,
        0.018624546006321907,
        0.9994998574256897,
        0.025555429980158806,
        -0.11547818779945374,
        -0.11871074885129929,
        -0.023168466985225677,
        0.9926585555076599,
        0.8687264323234558
    ],
    [
        0.9892343282699585,
        -0.027605842798948288,
        0.14371256530284882,
        -0.20174936950206757,
        0.023709028959274292,
        0.999305248260498,
        0.028757929801940918,
        -0.12820810079574585,
        -0.14440658688545227,
        -0.025041047483682632,
        0.989201545715332,
        0.950336217880249
    ],
    [
        0.9855260252952576,
        -0.03416090086102486,
        0.16604672372341156,
        -0.22044943273067474,
        0.029476959258317947,
        0.9990971684455872,
        0.030592288821935654,
        -0.13849085569381714,
        -0.16694188117980957,
        -0.02525494620203972,
        0.9856431484222412,
        1.0412300825119019
    ],
    [
        0.9824019074440002,
        -0.03834879398345947,
        0.1828000694513321,
        -0.23562227189540863,
        0.033341120928525925,
        0.9989818930625916,
        0.030390428379178047,
        -0.14523835480213165,
        -0.18377935886383057,
        -0.023760851472616196,
        0.9826801419258118,
        1.1193538904190063
    ],
    [
        0.9792218804359436,
        -0.04078264534473419,
        0.1986486315727234,
        -0.2511889338493347,
        0.035184506326913834,
        0.99888014793396,
        0.03163139149546623,
        -0.15620654821395874,
        -0.19971618056297302,
        -0.023984795436263084,
        0.9795601963996887,
        1.1986820697784424
    ],
    [
        0.9759376645088196,
        -0.04193411394953728,
        0.21397943794727325,
        -0.2666812241077423,
        0.03546838089823723,
        0.998793363571167,
        0.03396860882639885,
        -0.16858848929405212,
        -0.21514567732810974,
        -0.025561735033988953,
        0.9762473702430725,
        1.2752416133880615
    ],
    [
        0.9719340801239014,
        -0.043439775705337524,
        0.23120810091495514,
        -0.28726693987846375,
        0.03593933954834938,
        0.9986851215362549,
        0.03655579313635826,
        -0.1806526780128479,
        -0.23249205946922302,
        -0.027220355346798897,
        0.9722172021865845,
        1.34823739528656
    ],
    [
        0.9650048613548279,
        -0.04670397564768791,
        0.2580394148826599,
        -0.320648729801178,
        0.03775813430547714,
        0.998505175113678,
        0.03951868414878845,
        -0.1960756927728653,
        -0.2594994008541107,
        -0.028392629697918892,
        0.9653258323669434,
        1.446175456047058
    ],
    [
        0.9597913026809692,
        -0.05084393173456192,
        0.27607160806655884,
        -0.34381967782974243,
        0.04076153039932251,
        0.9982798099517822,
        0.0421409085392952,
        -0.20665879547595978,
        -0.27773937582969666,
        -0.029193373396992683,
        0.9602128267288208,
        1.514549732208252
    ],
    [
        0.9558297395706177,
        -0.054677706211805344,
        0.28879043459892273,
        -0.3591606020927429,
        0.043766215443611145,
        0.9980674386024475,
        0.044111549854278564,
        -0.21417388319969177,
        -0.29064422845840454,
        -0.02952386625111103,
        0.9563756585121155,
        1.5753017663955688
    ],
    [
        0.9521965384483337,
        -0.05726932734251022,
        0.3000701367855072,
        -0.37025871872901917,
        0.04593236744403839,
        0.9979435801506042,
        0.04470597580075264,
        -0.2187463939189911,
        -0.3020133674144745,
        -0.028785942122340202,
        0.9528689980506897,
        1.6402803659439087
    ]
]