[
    [
        0.998460054397583,
        -0.006506701931357384,
        0.055091798305511475,
        0.1822880506515503,
        0.006642017047852278,
        0.9999752640724182,
        -0.0022734340745955706,
        0.012503576464951038,
        -0.05507564917206764,
        0.002635853597894311,
        0.9984787106513977,
        -0.10661804676055908
    ],
    [
        0.9976544380187988,
        -0.006483445409685373,
        0.06814461946487427,
        0.19103316962718964,
        0.006678577046841383,
        0.9999741911888123,
        -0.0026360659394413233,
        0.012610622681677341,
        -0.06812577694654465,
        0.0030849918257445097,
        0.997671902179718,
        -0.10948078334331512
    ],
    [
        0.9966824650764465,
        -0.006563927978277206,
        0.08112339675426483,
        0.20197360217571259,
        0.00684728566557169,
        0.9999714493751526,
        -0.003215229604393244,
        0.013010989874601364,
        -0.0810999721288681,
        0.003760037710890174,
        0.9966989159584045,
        -0.11303476989269257
    ],
    [
        0.9953049421310425,
        -0.006123818457126617,
        0.09659413248300552,
        0.21357184648513794,
        0.00646957429125905,
        0.9999738335609436,
        -0.0032666781917214394,
        0.01283238921314478,
        -0.09657159447669983,
        0.0038762642070651054,
        0.9953184723854065,
        -0.11667099595069885
    ],
    [
        0.9937945008277893,
        -0.006204245612025261,
        0.11105825006961823,
        0.22255244851112366,
        0.006627659313380718,
        0.9999721050262451,
        -0.003443761495873332,
        0.013147267512977123,
        -0.11103378981351852,
        0.004158447962254286,
        0.993807852268219,
        -0.11979767680168152
    ],
    [
        0.9916650652885437,
        -0.0058989571407437325,
        0.12870751321315765,
        0.23427078127861023,
        0.006322781555354595,
        0.999975860118866,
        -0.002884572371840477,
        0.012566184625029564,
        -0.12868738174438477,
        0.0036743199452757835,
        0.9916784763336182,
        -0.1238030344247818
    ],
    [
        0.9890043139457703,
        -0.0060528358444571495,
        0.14776311814785004,
        0.2457527220249176,
        0.006559010595083237,
        0.9999741911888123,
        -0.0029385543894022703,
        0.012400377541780472,
        -0.14774149656295776,
        0.0038754232227802277,
        0.9890183210372925,
        -0.12801365554332733
    ],
    [
        0.9867571592330933,
        -0.00597147224470973,
        0.1620943248271942,
        0.2547619640827179,
        0.00662928307428956,
        0.9999717473983765,
        -0.0035176347009837627,
        0.012716206721961498,
        -0.16206875443458557,
        0.004545620642602444,
        0.9867689609527588,
        -0.13133776187896729
    ],
    [
        0.9837433099746704,
        -0.005522424820810556,
        0.179495170712471,
        0.2665022313594818,
        0.006277662236243486,
        0.9999736547470093,
        -0.0036398167721927166,
        0.012386609800159931,
        -0.17947034537792206,
        0.0047074551694095135,
        0.9837520122528076,
        -0.13574159145355225
    ],
    [
        0.9802667498588562,
        -0.005256525240838528,
        0.197609081864357,
        0.2782592177391052,
        0.006094283889979124,
        0.9999748468399048,
        -0.0036315657198429108,
        0.01236071065068245,
        -0.19758503139019012,
        0.004764188546687365,
        0.9802742004394531,
        -0.1400306522846222
    ],
    [
        0.9763475656509399,
        -0.004778736736625433,
        0.21615418791770935,
        0.28953659534454346,
        0.0057296426966786385,
        0.9999764561653137,
        -0.0037727607414126396,
        0.012230907566845417,
        -0.2161310613155365,
        0.0049220118671655655,
        0.9763519763946533,
        -0.1440938413143158
    ],
    [
        0.9731807708740234,
        -0.004651042632758617,
        0.22999468445777893,
        0.2982141971588135,
        0.005662332754582167,
        0.9999769926071167,
        -0.003737210063263774,
        0.011992713436484337,
        -0.2299720048904419,
        0.004939287900924683,
        0.9731848239898682,
        -0.1476268768310547
    ],
    [
        0.9693670272827148,
        -0.004300577100366354,
        0.24557943642139435,
        0.3080688714981079,
        0.005454600788652897,
        0.9999771118164062,
        -0.004019191488623619,
        0.011821821331977844,
        -0.2455565184354782,
        0.005235607735812664,
        0.9693681001663208,
        -0.15184389054775238
    ],
    [
        0.966616153717041,
        -0.004180282820016146,
        0.2561945915222168,
        0.31771668791770935,
        0.005383709911257029,
        0.9999774694442749,
        -0.003996153827756643,
        0.011563342995941639,
        -0.2561721205711365,
        0.00524202361702919,
        0.9666170477867126,
        -0.15531489253044128
    ],
    [
        0.9642026424407959,
        -0.003917158581316471,
        0.265137642621994,
        0.3253163993358612,
        0.00518213352188468,
        0.9999783635139465,
        -0.004071670584380627,
        0.011451720260083675,
        -0.2651159465312958,
        0.005299894604831934,
        0.9642019271850586,
        -0.15874604880809784
    ],
    [
        0.9607880115509033,
        -0.0036267589312046766,
        0.27726036310195923,
        0.3346966505050659,
        0.004944352433085442,
        0.999979555606842,
        -0.004053190816193819,
        0.011091874912381172,
        -0.27724000811576843,
        0.0052651297301054,
        0.9607862234115601,
        -0.1624092310667038
    ],
    [
        0.9572824239730835,
        -0.003396661952137947,
        0.2891344428062439,
        0.34366723895072937,
        0.004810776095837355,
        0.9999797940254211,
        -0.004180337768048048,
        0.010846436023712158,
        -0.289114385843277,
        0.005392724648118019,
        0.9572794437408447,
        -0.16586531698703766
    ],
    [
        0.9544071555137634,
        -0.00326499599032104,
        0.29849007725715637,
        0.352506160736084,
        0.004726081620901823,
        0.999980092048645,
        -0.004173255991190672,
        0.01070390734821558,
        -0.29847049713134766,
        0.005393673200160265,
        0.9544036984443665,
        -0.16937702894210815
    ],
    [
        0.9515102505683899,
        -0.0029683499597012997,
        0.30760258436203003,
        0.3595544099807739,
        0.004521890543401241,
        0.9999803304672241,
        -0.004337850492447615,
        0.010523634031414986,
        -0.30758365988731384,
        0.005518454592674971,
        0.9515050053596497,
        -0.17244745790958405
    ],
    [
        0.9478833675384521,
        -0.002823373768478632,
        0.31860509514808655,
        0.36848366260528564,
        0.004451004788279533,
        0.9999805688858032,
        -0.004380702506750822,
        0.01040711347013712,
        -0.318586528301239,
        0.005570507608354092,
        0.9478774070739746,
        -0.17585627734661102
    ],
    [
        0.9440274238586426,
        -0.002608258044347167,
        0.32985666394233704,
        0.377053439617157,
        0.004287561867386103,
        0.9999813437461853,
        -0.004363613203167915,
        0.010150473564863205,
        -0.3298390805721283,
        0.005533651448786259,
        0.9440209865570068,
        -0.1794096827507019
    ],
    [
        0.9407874941825867,
        -0.002390834502875805,
        0.33898839354515076,
        0.3838568925857544,
        0.004070756491273642,
        0.9999826550483704,
        -0.004244755953550339,
        0.009776223450899124,
        -0.33897238969802856,
        0.00537335267290473,
        0.9407809376716614,
        -0.1821557879447937
    ],
    [
        0.9353266358375549,
        -0.0021331990137696266,
        0.3537791073322296,
        0.3921545147895813,
        0.0038462127558887005,
        0.9999841451644897,
        -0.00413902522996068,
        0.009474647231400013,
        -0.3537646234035492,
        0.005232050083577633,
        0.9353197813034058,
        -0.18540510535240173
    ],
    [
        0.9297175407409668,
        -0.0020589076448231936,
        0.36826759576797485,
        0.400034636259079,
        0.004026330076158047,
        0.9999814629554749,
        -0.004574064631015062,
        0.010254358872771263,
        -0.36825132369995117,
        0.005735356360673904,
        0.9297084808349609,
        -0.18861621618270874
    ],
    [
        0.924551784992218,
        -0.001832513022236526,
        0.38105207681655884,
        0.40766796469688416,
        0.0038594615180045366,
        0.9999822378158569,
        -0.0045552607625722885,
        0.009917719289660454,
        -0.3810369372367859,
        0.005682229530066252,
        0.9245423674583435,
        -0.19175155460834503
    ]
]