[
    [
        0.9831441044807434,
        -0.03146066889166832,
        0.18010534346103668,
        0.12222599983215332,
        0.02911163493990898,
        0.9994532465934753,
        0.01567159779369831,
        -0.04779665172100067,
        -0.18049992620944977,
        -0.010164276696741581,
        0.9835224747657776,
        0.25313442945480347
    ],
    [
        0.9781073927879333,
        -0.0362999327480793,
        0.20491060614585876,
        0.15084609389305115,
        0.033528733998537064,
        0.9992934465408325,
        0.01698100008070469,
        -0.05800468474626541,
        -0.20538224279880524,
        -0.00973884854465723,
        0.978633463382721,
        0.3091830015182495
    ],
    [
        0.9708755016326904,
        -0.04224643483757973,
        0.2358301877975464,
        0.19321642816066742,
        0.03936916962265968,
        0.9990817904472351,
        0.016898086294531822,
        -0.06523480266332626,
        -0.23632754385471344,
        -0.007121500559151173,
        0.9716473817825317,
        0.3855624794960022
    ],
    [
        0.9630336165428162,
        -0.04900331795215607,
        0.26488643884658813,
        0.24623319506645203,
        0.046432387083768845,
        0.9987938404083252,
        0.015962544828653336,
        -0.06643703579902649,
        -0.2653491497039795,
        -0.0030731570441275835,
        0.9641475081443787,
        0.4642530083656311
    ],
    [
        0.9548341631889343,
        -0.05629520118236542,
        0.2917579114437103,
        0.3084545433521271,
        0.05387100577354431,
        0.998414158821106,
        0.01634250394999981,
        -0.07111924886703491,
        -0.2922151982784271,
        0.00011290922702755779,
        0.9563525319099426,
        0.5378177165985107
    ],
    [
        0.9458645582199097,
        -0.06259293109178543,
        0.31846892833709717,
        0.3686677813529968,
        0.06030318886041641,
        0.9980344176292419,
        0.017054244875907898,
        -0.0773361399769783,
        -0.3189104199409485,
        0.003073690924793482,
        0.9477799534797668,
        0.6075581312179565
    ],
    [
        0.9359720945358276,
        -0.06817905604839325,
        0.3454097807407379,
        0.4264589846134186,
        0.06589139997959137,
        0.9976575374603271,
        0.018374858424067497,
        -0.08242430537939072,
        -0.3458534777164459,
        0.005561177618801594,
        0.9382720589637756,
        0.679438054561615
    ],
    [
        0.9276383519172668,
        -0.0720263421535492,
        0.3664686679840088,
        0.4719126522541046,
        0.06970271468162537,
        0.9973754286766052,
        0.019588004797697067,
        -0.08568762242794037,
        -0.3669176995754242,
        0.0073732794262468815,
        0.9302241802215576,
        0.7357388138771057
    ],
    [
        0.9160431027412415,
        -0.07537051290273666,
        0.39393436908721924,
        0.5271257162094116,
        0.07248114794492722,
        0.9971219897270203,
        0.022231467068195343,
        -0.09121119976043701,
        -0.39447617530822754,
        0.00818783137947321,
        0.9188696146011353,
        0.8108580112457275
    ],
    [
        0.9038764834403992,
        -0.07980211079120636,
        0.4202842116355896,
        0.5879446864128113,
        0.075486920773983,
        0.9967832565307617,
        0.026921216398477554,
        -0.09966379404067993,
        -0.42108067870140076,
        0.007392506115138531,
        0.90699303150177,
        0.892523467540741
    ],
    [
        0.892675518989563,
        -0.08278650790452957,
        0.4430312216281891,
        0.652807354927063,
        0.07693028450012207,
        0.9965478777885437,
        0.03120983950793743,
        -0.10729452967643738,
        -0.4440855383872986,
        0.006222257856279612,
        0.8959628343582153,
        0.9703500270843506
    ],
    [
        0.8831219673156738,
        -0.08521904051303864,
        0.46133869886398315,
        0.727472186088562,
        0.07879622280597687,
        0.9963375329971313,
        0.03320826217532158,
        -0.10994654893875122,
        -0.46247899532318115,
        0.00702480785548687,
        0.8866023421287537,
        1.0485211610794067
    ],
    [
        0.8758354187011719,
        -0.08767557889223099,
        0.4745791554450989,
        0.8129847645759583,
        0.0806225836277008,
        0.9961215853691101,
        0.03523841127753258,
        -0.11215437203645706,
        -0.4758281707763672,
        0.007398760877549648,
        0.8795071244239807,
        1.1263996362686157
    ],
    [
        0.8719141483306885,
        -0.08936526626348495,
        0.48143497109413147,
        0.8870617747306824,
        0.08179737627506256,
        0.9959718585014343,
        0.03673392906785011,
        -0.11555308848619461,
        -0.4827783703804016,
        0.007351289503276348,
        0.8757116794586182,
        1.187246322631836
    ],
    [
        0.8684901595115662,
        -0.09026949107646942,
        0.48741790652275085,
        0.9806023836135864,
        0.0818374752998352,
        0.995897114276886,
        0.03862001746892929,
        -0.12209619581699371,
        -0.48890429735183716,
        0.006347943097352982,
        0.8723143935203552,
        1.2657302618026733
    ],
    [
        0.8648275136947632,
        -0.09189942479133606,
        0.4935866594314575,
        1.0664857625961304,
        0.08297751843929291,
        0.995747983455658,
        0.040008049458265305,
        -0.12932848930358887,
        -0.49516457319259644,
        0.006356521509587765,
        0.8687759041786194,
        1.3483749628067017
    ],
    [
        0.8618223667144775,
        -0.09238149970769882,
        0.4987262487411499,
        1.1481672525405884,
        0.082970030605793,
        0.9957056641578674,
        0.0410633310675621,
        -0.13683021068572998,
        -0.5003781318664551,
        0.005990033037960529,
        0.8657861948013306,
        1.4329602718353271
    ],
    [
        0.859108567237854,
        -0.09300980716943741,
        0.5032708644866943,
        1.2242854833602905,
        0.08335395902395248,
        0.9956464171409607,
        0.04171667993068695,
        -0.142910435795784,
        -0.5049599409103394,
        0.006110465154051781,
        0.8631212115287781,
        1.516904354095459
    ],
    [
        0.8587638735771179,
        -0.09210324287414551,
        0.5040253400802612,
        1.3041152954101562,
        0.08157900720834732,
        0.9957404136657715,
        0.042961765080690384,
        -0.1514655351638794,
        -0.5058353543281555,
        0.004223876632750034,
        0.8626197576522827,
        1.5972694158554077
    ],
    [
        0.8596627116203308,
        -0.09118545800447464,
        0.5026580691337585,
        1.3686853647232056,
        0.08024328947067261,
        0.9958293437957764,
        0.04341515526175499,
        -0.15690550208091736,
        -0.5045205354690552,
        0.003012554720044136,
        0.8633943796157837,
        1.6587610244750977
    ],
    [
        0.8630481958389282,
        -0.09078376740217209,
        0.49689653515815735,
        1.4551348686218262,
        0.07939785718917847,
        0.9958695769309998,
        0.04404259845614433,
        -0.16213078796863556,
        -0.4988424777984619,
        0.0014416316989809275,
        0.8666914701461792,
        1.730988621711731
    ],
    [
        0.8696469664573669,
        -0.08854088932275772,
        0.48566925525665283,
        1.5512114763259888,
        0.07653450965881348,
        0.9960712790489197,
        0.04454687237739563,
        -0.1677539348602295,
        -0.48770540952682495,
        -0.0015695939073339105,
        0.8730067610740662,
        1.7992515563964844
    ],
    [
        0.8769908547401428,
        -0.08732889592647552,
        0.47250476479530334,
        1.6462403535842896,
        0.07451268285512924,
        0.9961671829223633,
        0.04581379145383835,
        -0.17322200536727905,
        -0.4746946096420288,
        -0.004970672074705362,
        0.8801364302635193,
        1.8691093921661377
    ],
    [
        0.8840639591217041,
        -0.08670006692409515,
        0.45925372838974,
        1.7336761951446533,
        0.07334861904382706,
        0.9962043166160583,
        0.04687190055847168,
        -0.17742334306240082,
        -0.46157434582710266,
        -0.00775212561711669,
        0.8870676159858704,
        1.9428073167800903
    ],
    [
        0.8911093473434448,
        -0.08612695336341858,
        0.44554024934768677,
        1.8166223764419556,
        0.0729103684425354,
        0.9962418675422668,
        0.04675706475973129,
        -0.1782436966896057,
        -0.4478929042816162,
        -0.009181156754493713,
        0.8940401673316956,
        2.017435073852539
    ]
]