[
    [
        0.9706149697303772,
        -0.03651869297027588,
        0.23785097897052765,
        0.1187380775809288,
        0.04920193925499916,
        0.9976537227630615,
        -0.047605980187654495,
        -0.011472092941403389,
        -0.23555441200733185,
        0.057909805327653885,
        0.9701343178749084,
        0.3738883435726166
    ],
    [
        0.9677249193191528,
        -0.03745482489466667,
        0.24920983612537384,
        0.14571405947208405,
        0.05140949413180351,
        0.9974390864372253,
        -0.04972252994775772,
        -0.01936720870435238,
        -0.24670928716659546,
        0.06092948094010353,
        0.9671722650527954,
        0.4493454694747925
    ],
    [
        0.9647262096405029,
        -0.03842826187610626,
        0.2604353427886963,
        0.17304638028144836,
        0.053647730499506,
        0.9972268342971802,
        -0.05158163234591484,
        -0.025658292695879936,
        -0.2577309012413025,
        0.06373392790555954,
        0.964112401008606,
        0.5356515049934387
    ],
    [
        0.9613803029060364,
        -0.03961395099759102,
        0.27235764265060425,
        0.19781635701656342,
        0.05580785498023033,
        0.9970881342887878,
        -0.05196833238005638,
        -0.03687649592757225,
        -0.26950591802597046,
        0.06516102701425552,
        0.9607917070388794,
        0.6404311656951904
    ],
    [
        0.9579876065254211,
        -0.04147094860672951,
        0.28379544615745544,
        0.2174370139837265,
        0.05876494571566582,
        0.996880054473877,
        -0.05269472301006317,
        -0.057101499289274216,
        -0.28072476387023926,
        0.06715811789035797,
        0.9574357867240906,
        0.754276692867279
    ],
    [
        0.9538350105285645,
        -0.042688511312007904,
        0.29728198051452637,
        0.23948730528354645,
        0.06155877560377121,
        0.9966197609901428,
        -0.05440187081694603,
        -0.07444213330745697,
        -0.2939547300338745,
        0.07019072026014328,
        0.9532385468482971,
        0.8673489689826965
    ],
    [
        0.9491515159606934,
        -0.042716048657894135,
        0.3119083344936371,
        0.2764776945114136,
        0.06343186646699905,
        0.9963815212249756,
        -0.05657098814845085,
        -0.08074257522821426,
        -0.3083632290363312,
        0.07347936183214188,
        0.9484265446662903,
        1.0003314018249512
    ],
    [
        0.9454507231712341,
        -0.04432034492492676,
        0.3227364122867584,
        0.32368817925453186,
        0.06626974791288376,
        0.9961530566215515,
        -0.057337626814842224,
        -0.08836938440799713,
        -0.31895357370376587,
        0.07559756934642792,
        0.9447506070137024,
        1.1292972564697266
    ],
    [
        0.9430186748504639,
        -0.04491728916764259,
        0.32969406247138977,
        0.37231317162513733,
        0.06787331402301788,
        0.9959806203842163,
        -0.058445267379283905,
        -0.10567909479141235,
        -0.3257436752319336,
        0.07749240845441818,
        0.9422770142555237,
        1.2567270994186401
    ],
    [
        0.9405966997146606,
        -0.04517364501953125,
        0.33650723099708557,
        0.4151309132575989,
        0.06916195154190063,
        0.9958212971687317,
        -0.05963801592588425,
        -0.11880288273096085,
        -0.33240699768066406,
        0.07936882972717285,
        0.9397905468940735,
        1.3795180320739746
    ],
    [
        0.9381090998649597,
        -0.04576544091105461,
        0.3433028757572174,
        0.45733436942100525,
        0.07041938602924347,
        0.9957301020622253,
        -0.05968790501356125,
        -0.12017659097909927,
        -0.3391053378582001,
        0.0801689401268959,
        0.9373263120651245,
        1.5195186138153076
    ],
    [
        0.935938835144043,
        -0.046738117933273315,
        0.3490472137928009,
        0.4865288734436035,
        0.07156895846128464,
        0.9957141280174255,
        -0.058577656745910645,
        -0.14065027236938477,
        -0.34481340646743774,
        0.07980605214834213,
        0.9352725148200989,
        1.6731208562850952
    ],
    [
        0.9328564405441284,
        -0.047282006591558456,
        0.35713186860084534,
        0.5178232192993164,
        0.07301707565784454,
        0.9955888390541077,
        -0.058916643261909485,
        -0.17100921273231506,
        -0.3527708053588867,
        0.0810374990105629,
        0.9321939945220947,
        1.8386257886886597
    ],
    [
        0.9299453496932983,
        -0.047759074717760086,
        0.36458295583724976,
        0.559850811958313,
        0.07410235702991486,
        0.9955273270606995,
        -0.05860306695103645,
        -0.1819530576467514,
        -0.360153466463089,
        0.08151411265134811,
        0.9293248653411865,
        1.9892796277999878
    ],
    [
        0.9274969100952148,
        -0.049795035272836685,
        0.37049952149391174,
        0.6156669855117798,
        0.07663270831108093,
        0.9953672885894775,
        -0.0580628328025341,
        -0.20412930846214294,
        -0.36589187383651733,
        0.08224546909332275,
        0.9270160794258118,
        2.1485068798065186
    ],
    [
        0.9258233904838562,
        -0.05036389082670212,
        0.3745857775211334,
        0.6698905229568481,
        0.07767032831907272,
        0.9952816963195801,
        -0.05815156549215317,
        -0.23448936641216278,
        -0.36988961696624756,
        0.08293227851390839,
        0.9253668785095215,
        2.2893002033233643
    ],
    [
        0.9242051243782043,
        -0.04995441064238548,
        0.3786150813102722,
        0.7191311120986938,
        0.07813124358654022,
        0.9951709508895874,
        -0.05941687151789665,
        -0.26354122161865234,
        -0.37381863594055176,
        0.08449505269527435,
        0.9236451387405396,
        2.4163382053375244
    ],
    [
        0.9222180247306824,
        -0.05004417896270752,
        0.38341814279556274,
        0.7594529986381531,
        0.07886991649866104,
        0.9950883984565735,
        -0.059822119772434235,
        -0.2856673002243042,
        -0.37854117155075073,
        0.08540918678045273,
        0.9216355085372925,
        2.5554802417755127
    ],
    [
        0.9193186163902283,
        -0.05111149325966835,
        0.3901805579662323,
        0.7926371097564697,
        0.08063976466655731,
        0.9949559569358826,
        -0.0596645288169384,
        -0.32607853412628174,
        -0.38516291975975037,
        0.08631478995084763,
        0.9188031554222107,
        2.716047525405884
    ],
    [
        0.9158686399459839,
        -0.051760852336883545,
        0.39812737703323364,
        0.8250848650932312,
        0.08260785043239594,
        0.9947313666343689,
        -0.060708727687597275,
        -0.35453373193740845,
        -0.3928874135017395,
        0.08848967403173447,
        0.9153191447257996,
        2.839085102081299
    ],
    [
        0.9126834273338318,
        -0.05298231542110443,
        0.4052181839942932,
        0.8749908208847046,
        0.08449533581733704,
        0.9945996403694153,
        -0.06026705726981163,
        -0.37354040145874023,
        -0.3998367488384247,
        0.0892437994480133,
        0.9122315049171448,
        2.9650628566741943
    ],
    [
        0.9099491834640503,
        -0.054702918976545334,
        0.4110961854457855,
        0.9435588121414185,
        0.08657259494066238,
        0.9944794774055481,
        -0.05929449573159218,
        -0.40562596917152405,
        -0.40558311343193054,
        0.08954464644193649,
        0.909661591053009,
        3.0973567962646484
    ],
    [
        0.9076881408691406,
        -0.054097048938274384,
        0.4161440134048462,
        1.0058053731918335,
        0.08667157590389252,
        0.9944421052932739,
        -0.05977347865700722,
        -0.4392464756965637,
        -0.4105975925922394,
        0.09032353013753891,
        0.9073320031166077,
        3.2082619667053223
    ],
    [
        0.9060729742050171,
        -0.05404867231845856,
        0.41965532302856445,
        1.0620341300964355,
        0.08701381087303162,
        0.9944108724594116,
        -0.05979735031723976,
        -0.468814492225647,
        -0.4140778183937073,
        0.09069656580686569,
        0.9057117700576782,
        3.307748556137085
    ],
    [
        0.9035747051239014,
        -0.055141620337963104,
        0.42486730217933655,
        1.1266402006149292,
        0.08724015206098557,
        0.9945865273475647,
        -0.05645265802741051,
        -0.4968031346797943,
        -0.4194543659687042,
        0.0880746841430664,
        0.9034936428070068,
        3.439700126647949
    ]
]