[
    [
        0.9783247709274292,
        -0.04108280688524246,
        0.20296010375022888,
        0.05931200087070465,
        0.0422389917075634,
        0.9991065859794617,
        -0.0013665275182574987,
        0.006301402114331722,
        -0.20272263884544373,
        0.009909737855196,
        0.9791859984397888,
        0.1047881469130516
    ],
    [
        0.9714780449867249,
        -0.049116432666778564,
        0.23198674619197845,
        0.0688580796122551,
        0.05019976198673248,
        0.9987385272979736,
        0.0012349719181656837,
        -0.00015735364286229014,
        -0.23175475001335144,
        0.010445931926369667,
        0.9727181792259216,
        0.1371256560087204
    ],
    [
        0.9615020751953125,
        -0.05903461575508118,
        0.2683820128440857,
        0.08490149676799774,
        0.05952489748597145,
        0.9982067942619324,
        0.006317338440567255,
        -0.008969887159764767,
        -0.26827365159988403,
        0.009901276789605618,
        0.9632919430732727,
        0.1707773208618164
    ],
    [
        0.9534742832183838,
        -0.06628195196390152,
        0.2940978705883026,
        0.09915965795516968,
        0.06617454439401627,
        0.9977545738220215,
        0.010327836498618126,
        -0.014033707790076733,
        -0.2941220700740814,
        0.00961446762084961,
        0.9557194709777832,
        0.19576355814933777
    ],
    [
        0.9419354796409607,
        -0.07609207928180695,
        0.32705873250961304,
        0.11792472004890442,
        0.07531124353408813,
        0.9970462322235107,
        0.015070633962750435,
        -0.0206364244222641,
        -0.32723939418792725,
        0.010435635223984718,
        0.9448837637901306,
        0.2245069444179535
    ],
    [
        0.9277920126914978,
        -0.08440002799034119,
        0.36342623829841614,
        0.11663069576025009,
        0.08216510713100433,
        0.9963839054107666,
        0.021634921431541443,
        -0.027614165097475052,
        -0.36393803358078003,
        0.009788252413272858,
        0.9313716888427734,
        0.24844035506248474
    ],
    [
        0.9163433909416199,
        -0.08926152437925339,
        0.39031675457954407,
        0.11473362147808075,
        0.08566911518573761,
        0.9959673881530762,
        0.026643062010407448,
        -0.029961856082081795,
        -0.391120970249176,
        0.009023900143802166,
        0.9202950596809387,
        0.26528793573379517
    ],
    [
        0.8997629880905151,
        -0.09645481407642365,
        0.42558541893959045,
        0.11873261630535126,
        0.09141743928194046,
        0.9952886700630188,
        0.03229985013604164,
        -0.031890757381916046,
        -0.4266958236694336,
        0.009843717329204082,
        0.9043416380882263,
        0.2988489270210266
    ],
    [
        0.881748616695404,
        -0.1043485701084137,
        0.4600334167480469,
        0.1350422501564026,
        0.09752564877271652,
        0.9944822788238525,
        0.038648705929517746,
        -0.038315124809741974,
        -0.4615280032157898,
        0.010786611586809158,
        0.8870599865913391,
        0.3515532910823822
    ],
    [
        0.8680412173271179,
        -0.1101914718747139,
        0.4841098189353943,
        0.15516889095306396,
        0.10106448084115982,
        0.9938614368438721,
        0.045004118233919144,
        -0.04775727912783623,
        -0.48609718680381775,
        0.009860877878963947,
        0.8738492131233215,
        0.3954440951347351
    ],
    [
        0.8505703210830688,
        -0.11721239238977432,
        0.5126317739486694,
        0.18307240307331085,
        0.10559428483247757,
        0.9930562376976013,
        0.05185619741678238,
        -0.05625104159116745,
        -0.5151504278182983,
        0.010023640468716621,
        0.8570411205291748,
        0.4426661729812622
    ],
    [
        0.83845454454422,
        -0.12215374410152435,
        0.5311049818992615,
        0.20304591953754425,
        0.10929068177938461,
        0.9924466013908386,
        0.05572494864463806,
        -0.06064238026738167,
        -0.5339003801345825,
        0.01132199540734291,
        0.8454716205596924,
        0.46932584047317505
    ],
    [
        0.8235426545143127,
        -0.12670469284057617,
        0.5529226660728455,
        0.22810402512550354,
        0.11193844676017761,
        0.99186772108078,
        0.06056580692529678,
        -0.06578852981328964,
        -0.5561001300811768,
        0.012014779262244701,
        0.8310284614562988,
        0.5019621849060059
    ],
    [
        0.8103533387184143,
        -0.13074301183223724,
        0.571168839931488,
        0.2563450336456299,
        0.1146819144487381,
        0.9913249015808105,
        0.06421203166246414,
        -0.06786410510540009,
        -0.5746090412139893,
        0.013468299992382526,
        0.8183171153068542,
        0.5378745198249817
    ],
    [
        0.8009788393974304,
        -0.1339559406042099,
        0.5835141539573669,
        0.2742313742637634,
        0.11736038327217102,
        0.9908689260482788,
        0.06637299060821533,
        -0.06931082904338837,
        -0.5870770812034607,
        0.015318081714212894,
        0.8093861937522888,
        0.5643726587295532
    ],
    [
        0.7899719476699829,
        -0.1374981701374054,
        0.5975270867347717,
        0.2952704131603241,
        0.12035595625638962,
        0.99034583568573,
        0.0687716156244278,
        -0.07060107588768005,
        -0.6012144088745117,
        0.017588289454579353,
        0.7988942265510559,
        0.598743200302124
    ],
    [
        0.7808587551116943,
        -0.1380968987941742,
        0.6092527508735657,
        0.31006357073783875,
        0.12101590633392334,
        0.9902251958847046,
        0.06934840232133865,
        -0.06867524236440659,
        -0.6128742694854736,
        0.019577963277697563,
        0.7899379134178162,
        0.6323502659797668
    ],
    [
        0.7760670185089111,
        -0.1379493772983551,
        0.6153779625892639,
        0.32199153304100037,
        0.12091328948736191,
        0.9902276396751404,
        0.06949302554130554,
        -0.06739065796136856,
        -0.6189507842063904,
        0.02047613263130188,
        0.7851627469062805,
        0.6535413265228271
    ],
    [
        0.7712237238883972,
        -0.13685917854309082,
        0.6216779947280884,
        0.33490079641342163,
        0.12082788348197937,
        0.9903331398963928,
        0.06812343746423721,
        -0.06075005978345871,
        -0.6249917149543762,
        0.02257762849330902,
        0.7803048491477966,
        0.6803137063980103
    ],
    [
        0.7690069079399109,
        -0.13639171421527863,
        0.6245204210281372,
        0.3468911349773407,
        0.12094680964946747,
        0.9903707504272461,
        0.06736277788877487,
        -0.058046482503414154,
        -0.6276944279670715,
        0.023731306195259094,
        0.7780979871749878,
        0.6975680589675903
    ],
    [
        0.767214298248291,
        -0.13413110375404358,
        0.627208948135376,
        0.3611248731613159,
        0.1205923855304718,
        0.9906151294708252,
        0.06433598697185516,
        -0.04786419868469238,
        -0.6299521327018738,
        0.02627713419497013,
        0.7761892676353455,
        0.7199530601501465
    ],
    [
        0.7670945525169373,
        -0.13262003660202026,
        0.6276765465736389,
        0.37776654958724976,
        0.12054314464330673,
        0.9907688498497009,
        0.06201890483498573,
        -0.04076504707336426,
        -0.6301073431968689,
        0.028087738901376724,
        0.7759998440742493,
        0.7376692891120911
    ],
    [
        0.7674449682235718,
        -0.1303407847881317,
        0.6277256608009338,
        0.38690251111984253,
        0.1200377568602562,
        0.9910134673118591,
        0.05901801586151123,
        -0.03232741728425026,
        -0.6297770738601685,
        0.030057687312364578,
        0.776194155216217,
        0.7496927976608276
    ],
    [
        0.7688002586364746,
        -0.12695343792438507,
        0.626760721206665,
        0.3997424244880676,
        0.11932162940502167,
        0.9913619756698608,
        0.05444230139255524,
        -0.021888207644224167,
        -0.6282584071159363,
        0.03293086960911751,
        0.7773075103759766,
        0.762872576713562
    ],
    [
        0.7703911066055298,
        -0.1235601156949997,
        0.6254842281341553,
        0.4107157289981842,
        0.1182914525270462,
        0.9917087554931641,
        0.050209030508995056,
        -0.013207923620939255,
        -0.6265019774436951,
        0.035308852791786194,
        0.778619647026062,
        0.7743505835533142
    ]
]