[
    [
        0.9630378484725952,
        -0.02254725806415081,
        0.2684209644794464,
        0.24310705065727234,
        0.02388072945177555,
        0.9997133016586304,
        -0.0017034749034792185,
        -0.1954018920660019,
        -0.26830559968948364,
        0.00805059913545847,
        0.9633002281188965,
        0.42019519209861755
    ],
    [
        0.9610854387283325,
        -0.023052021861076355,
        0.2752881646156311,
        0.24254891276359558,
        0.02445458061993122,
        0.9996995329856873,
        -0.0016631354810670018,
        -0.1905553936958313,
        -0.2751671075820923,
        0.008330470882356167,
        0.9613603353500366,
        0.41834789514541626
    ],
    [
        0.9580605626106262,
        -0.02404814027249813,
        0.285554975271225,
        0.24208466708660126,
        0.025601107627153397,
        0.9996708035469055,
        -0.0017061163671314716,
        -0.18388894200325012,
        -0.28541994094848633,
        0.008945086039602757,
        0.9583609104156494,
        0.41362324357032776
    ],
    [
        0.9548174738883972,
        -0.02492670714855194,
        0.2961454689502716,
        0.24078358709812164,
        0.026420297101140022,
        0.9996504187583923,
        -0.0010419526370242238,
        -0.17736048996448517,
        -0.29601597785949707,
        0.008819125592708588,
        0.9551421999931335,
        0.4066142439842224
    ],
    [
        0.9518415331840515,
        -0.025798669084906578,
        0.3055032789707184,
        0.24071680009365082,
        0.02747495286166668,
        0.9996218085289001,
        -0.0011878348886966705,
        -0.17130118608474731,
        -0.30535709857940674,
        0.009524318389594555,
        0.9521902799606323,
        0.3957097828388214
    ],
    [
        0.9486302733421326,
        -0.02668517269194126,
        0.31525927782058716,
        0.24194839596748352,
        0.02844230644404888,
        0.9995949864387512,
        -0.000973391521256417,
        -0.1655663698911667,
        -0.315105676651001,
        0.00989009253680706,
        0.9490049481391907,
        0.38328588008880615
    ],
    [
        0.9451700448989868,
        -0.02770414762198925,
        0.3254014253616333,
        0.24459858238697052,
        0.029607225209474564,
        0.9995611906051636,
        -0.0008969636983238161,
        -0.15789318084716797,
        -0.3252337574958801,
        0.010482016950845718,
        0.9455756545066833,
        0.36814743280410767
    ],
    [
        0.9413910508155823,
        -0.02864326350390911,
        0.33609887957572937,
        0.24746477603912354,
        0.030682140961289406,
        0.9995290040969849,
        -0.0007560965023003519,
        -0.14766904711723328,
        -0.3359188735485077,
        0.011024015955626965,
        0.9418264627456665,
        0.3485172688961029
    ],
    [
        0.937441885471344,
        -0.029703635722398758,
        0.3468724489212036,
        0.2510320544242859,
        0.032003432512283325,
        0.9994873404502869,
        -0.0009022030280902982,
        -0.13617722690105438,
        -0.3466678261756897,
        0.011946872808039188,
        0.937911868095398,
        0.32275766134262085
    ],
    [
        0.9346643090248108,
        -0.030520979315042496,
        0.3542190194129944,
        0.25349515676498413,
        0.03306750953197479,
        0.9994524717330933,
        -0.0011370216961950064,
        -0.12764325737953186,
        -0.3539903461933136,
        0.012775875627994537,
        0.9351617693901062,
        0.3026883900165558
    ],
    [
        0.9300348162651062,
        -0.03160063177347183,
        0.36611005663871765,
        0.25682729482650757,
        0.034447699785232544,
        0.9994056820869446,
        -0.0012447253102436662,
        -0.11566926538944244,
        -0.3658531606197357,
        0.013769288547337055,
        0.9305707812309265,
        0.2693948745727539
    ],
    [
        0.9245468974113464,
        -0.03285382688045502,
        0.37964928150177,
        0.2601950168609619,
        0.03601498529314995,
        0.9993505477905273,
        -0.0012249682331457734,
        -0.10429394245147705,
        -0.37936246395111084,
        0.014805604703724384,
        0.9251297116279602,
        0.23225188255310059
    ],
    [
        0.9182270169258118,
        -0.03414813056588173,
        0.3945797085762024,
        0.2618551254272461,
        0.03787396103143692,
        0.9992811679840088,
        -0.001655709813348949,
        -0.09051277488470078,
        -0.39423954486846924,
        0.016464613378047943,
        0.9188602566719055,
        0.19479921460151672
    ],
    [
        0.9111118912696838,
        -0.035797860473394394,
        0.4106014370918274,
        0.26112163066864014,
        0.03976527228951454,
        0.999208390712738,
        -0.0011229580268263817,
        -0.07613974809646606,
        -0.4102362394332886,
        0.01735081896185875,
        0.9118142127990723,
        0.15598164498806
    ],
    [
        0.9024373888969421,
        -0.037168651819229126,
        0.4292146563529968,
        0.26009368896484375,
        0.041729897260665894,
        0.9991282224655151,
        -0.0012170457048341632,
        -0.06205543875694275,
        -0.42879518866539,
        0.019009390845894814,
        0.9032016396522522,
        0.11630630493164062
    ],
    [
        0.8917049765586853,
        -0.03902732953429222,
        0.4509313702583313,
        0.26046425104141235,
        0.04389172047376633,
        0.9990361928939819,
        -0.0003298678493592888,
        -0.04819464311003685,
        -0.45048388838768005,
        0.020086295902729034,
        0.8925585746765137,
        0.07424156367778778
    ],
    [
        0.8785210847854614,
        -0.04137983173131943,
        0.47590798139572144,
        0.26144906878471375,
        0.04679499566555023,
        0.9989044070243835,
        0.0004709103668574244,
        -0.03419402614235878,
        -0.47540611028671265,
        0.021856408566236496,
        0.8794949650764465,
        0.03372196853160858
    ],
    [
        0.8685811161994934,
        -0.04296810179948807,
        0.4936806559562683,
        0.2620229423046112,
        0.048803556710481644,
        0.9988077878952026,
        0.0010675570229068398,
        -0.025369789451360703,
        -0.4931379556655884,
        0.02316611260175705,
        0.8696426749229431,
        0.00828603282570839
    ],
    [
        0.8532183766365051,
        -0.045739877969026566,
        0.5195441842079163,
        0.2695430517196655,
        0.05200624465942383,
        0.9986435770988464,
        0.0025121006183326244,
        -0.010333835147321224,
        -0.5189544558525085,
        0.024876175448298454,
        0.8544397950172424,
        -0.0288713239133358
    ],
    [
        0.8348623514175415,
        -0.048021670430898666,
        0.5483599901199341,
        0.2772878110408783,
        0.05502137541770935,
        0.9984784126281738,
        0.003671530168503523,
        0.006133778486400843,
        -0.5477020144462585,
        0.027106301859021187,
        0.8362343311309814,
        -0.06653829663991928
    ],
    [
        0.8137885332107544,
        -0.05149358510971069,
        0.5788754224777222,
        0.2867688834667206,
        0.058047372847795486,
        0.9982878565788269,
        0.007198684848845005,
        0.01979398913681507,
        -0.5782549381256104,
        0.0277439896017313,
        0.8153842687606812,
        -0.10881147533655167
    ],
    [
        0.7900112867355347,
        -0.05434897169470787,
        0.6106786131858826,
        0.29502466320991516,
        0.061075009405612946,
        0.9980849623680115,
        0.009816848672926426,
        0.03331201523542404,
        -0.6100426912307739,
        0.029541781172156334,
        0.7918176651000977,
        -0.14990505576133728
    ],
    [
        0.764925479888916,
        -0.057531386613845825,
        0.6415442824363708,
        0.3073914051055908,
        0.06427063047885895,
        0.9978497624397278,
        0.012852488085627556,
        0.04804536700248718,
        -0.6409043073654175,
        0.031401265412569046,
        0.7669782638549805,
        -0.18935714662075043
    ],
    [
        0.7375190854072571,
        -0.06081649661064148,
        0.6725823283195496,
        0.32374152541160583,
        0.06713398545980453,
        0.9976059794425964,
        0.01659025438129902,
        0.06015510857105255,
        -0.6719810962677002,
        0.03291749954223633,
        0.7398363947868347,
        -0.22958050668239594
    ],
    [
        0.7075124979019165,
        -0.06485670059919357,
        0.7037184238433838,
        0.33897557854652405,
        0.06985388696193695,
        0.9973214864730835,
        0.02168547734618187,
        0.07081525772809982,
        -0.7032399773597717,
        0.033814720809459686,
        0.71014803647995,
        -0.2645869255065918
    ]
]