[
    [
        0.9984965324401855,
        0.005476454272866249,
        -0.054540399461984634,
        0.16579417884349823,
        -0.004633035510778427,
        0.9998679161071777,
        0.015578556805849075,
        -0.023615920916199684,
        0.054618511348962784,
        -0.01530244667083025,
        0.9983900785446167,
        0.4342016875743866
    ],
    [
        0.994550347328186,
        0.0107742790132761,
        -0.10370025038719177,
        0.2322961390018463,
        -0.008797086775302887,
        0.9997710585594177,
        0.01950494572520256,
        -0.03824159502983093,
        0.1038866639137268,
        -0.01848638989031315,
        0.9944174289703369,
        0.5896317958831787
    ],
    [
        0.9871872663497925,
        0.018109560012817383,
        -0.15853466093540192,
        0.2799623906612396,
        -0.014160774648189545,
        0.999561607837677,
        0.026002414524555206,
        -0.04821285232901573,
        0.1589360386133194,
        -0.023424280807375908,
        0.9870109558105469,
        0.7264450192451477
    ],
    [
        0.9760698676109314,
        0.025990283116698265,
        -0.21589872241020203,
        0.3215061128139496,
        -0.019172143191099167,
        0.9992508888244629,
        0.03361513465642929,
        -0.07050569355487823,
        0.21661067008972168,
        -0.02867147885262966,
        0.975836992263794,
        0.9035530686378479
    ],
    [
        0.9584196209907532,
        0.03603678196668625,
        -0.28307801485061646,
        0.34743499755859375,
        -0.026047512888908386,
        0.9989007711410522,
        0.03897411748766899,
        -0.09523177146911621,
        0.28417134284973145,
        -0.02998008206486702,
        0.9583047032356262,
        1.0565837621688843
    ],
    [
        0.9350690245628357,
        0.0460333451628685,
        -0.3514636754989624,
        0.35905539989471436,
        -0.03290363401174545,
        0.9985226392745972,
        0.04324249550700188,
        -0.11395777761936188,
        0.3529350757598877,
        -0.028870288282632828,
        0.9352022409439087,
        1.1535322666168213
    ],
    [
        0.9067692160606384,
        0.055290404707193375,
        -0.4179862439632416,
        0.4001086950302124,
        -0.03875532001256943,
        0.9980975389480591,
        0.04795154929161072,
        -0.13589107990264893,
        0.41984230279922485,
        -0.027281802147626877,
        0.9071870446205139,
        1.2245675325393677
    ],
    [
        0.8556399345397949,
        0.06836340576410294,
        -0.5130369067192078,
        0.45014408230781555,
        -0.04740981012582779,
        0.9974234700202942,
        0.0538392998278141,
        -0.1600099354982376,
        0.5153956413269043,
        -0.02174406312406063,
        0.8566763997077942,
        1.2715967893600464
    ],
    [
        0.7938477396965027,
        0.08132489770650864,
        -0.6026540994644165,
        0.5076769590377808,
        -0.05591699108481407,
        0.9965808987617493,
        0.060826368629932404,
        -0.20239943265914917,
        0.6055402755737305,
        -0.014588276855647564,
        0.7956808805465698,
        1.2767164707183838
    ],
    [
        0.7515617609024048,
        0.08942552655935287,
        -0.6535731554031372,
        0.5557013154029846,
        -0.0621054507791996,
        0.9959601759910583,
        0.06485602259635925,
        -0.2471948117017746,
        0.6567326188087463,
        -0.008152836933732033,
        0.7540794610977173,
        1.244883418083191
    ],
    [
        0.7253522276878357,
        0.09402082115411758,
        -0.6819267868995667,
        0.5974493622779846,
        -0.06622519344091415,
        0.9955646395683289,
        0.06682126224040985,
        -0.3082687258720398,
        0.6851847767829895,
        -0.0033081956207752228,
        0.7283616065979004,
        1.1782424449920654
    ],
    [
        0.7055841684341431,
        0.09705924987792969,
        -0.7019476890563965,
        0.6403822898864746,
        -0.06878437846899033,
        0.9952786564826965,
        0.0684778168797493,
        -0.36220672726631165,
        0.7052798271179199,
        -3.3822838304331526e-05,
        0.7089289426803589,
        1.1063061952590942
    ],
    [
        0.6817886233329773,
        0.10001302510499954,
        -0.7246803641319275,
        0.6931959986686707,
        -0.07100701332092285,
        0.9949803352355957,
        0.07051274180412292,
        -0.41231873631477356,
        0.7280948758125305,
        0.003382595721632242,
        0.6854679584503174,
        1.042458415031433
    ],
    [
        0.65111243724823,
        0.10366573929786682,
        -0.751868486404419,
        0.7584642171859741,
        -0.07335298508405685,
        0.9945859313011169,
        0.0736079141497612,
        -0.4585479497909546,
        0.7554283738136292,
        0.00722477026283741,
        0.6551913619041443,
        0.9855085015296936
    ],
    [
        0.6156097054481506,
        0.10789840668439865,
        -0.7806296348571777,
        0.8487366437911987,
        -0.07552067190408707,
        0.9941006898880005,
        0.07784821838140488,
        -0.4925764203071594,
        0.7844242453575134,
        0.01102952379733324,
        0.6201266646385193,
        0.9376387000083923
    ],
    [
        0.5762823820114136,
        0.1115909144282341,
        -0.8095962405204773,
        0.9501286745071411,
        -0.07745044678449631,
        0.9936325550079346,
        0.08182727545499802,
        -0.5110407471656799,
        0.8135724067687988,
        0.015547968447208405,
        0.5812557339668274,
        0.8992487192153931
    ],
    [
        0.5424329042434692,
        0.11515305191278458,
        -0.8321697115898132,
        1.038107991218567,
        -0.08030994236469269,
        0.993132472038269,
        0.08507818728685379,
        -0.5299006104469299,
        0.8362516760826111,
        0.02068227156996727,
        0.5479556322097778,
        0.8659130930900574
    ],
    [
        0.5217543244361877,
        0.11155045032501221,
        -0.8457711935043335,
        1.1122772693634033,
        -0.08208716660737991,
        0.9933785796165466,
        0.08037928491830826,
        -0.537527322769165,
        0.8491373658180237,
        0.027488695457577705,
        0.5274563431739807,
        0.8452661633491516
    ],
    [
        0.5127996206283569,
        0.10551934689283371,
        -0.8519989252090454,
        1.198056936264038,
        -0.08353682607412338,
        0.9938413500785828,
        0.0728074163198471,
        -0.5375913977622986,
        0.8544344305992126,
        0.03383769094944,
        0.5184561610221863,
        0.8125770688056946
    ],
    [
        0.5121352672576904,
        0.10043402016162872,
        -0.8530126810073853,
        1.2883679866790771,
        -0.08430921286344528,
        0.9942219853401184,
        0.06644215434789658,
        -0.5279972553253174,
        0.8547569513320923,
        0.037889450788497925,
        0.5176436305046082,
        0.7832032442092896
    ],
    [
        0.5364916920661926,
        0.09694592654705048,
        -0.8383185267448425,
        1.359494924545288,
        -0.08412208408117294,
        0.9945754408836365,
        0.06118104234337807,
        -0.5122289061546326,
        0.8397023677825928,
        0.03769798204302788,
        0.5417368412017822,
        0.7637708783149719
    ],
    [
        0.5963577032089233,
        0.09122250229120255,
        -0.7975185513496399,
        1.4250833988189697,
        -0.08174747973680496,
        0.9952580332756042,
        0.05271249637007713,
        -0.49305811524391174,
        0.7985454201698303,
        0.03375963494181633,
        0.6009870767593384,
        0.7543155550956726
    ],
    [
        0.6620917916297913,
        0.08527256548404694,
        -0.7445555925369263,
        1.4831740856170654,
        -0.0782608911395073,
        0.9959405660629272,
        0.0444701723754406,
        -0.48328807950019836,
        0.7453252077102661,
        0.028826259076595306,
        0.6660775542259216,
        0.7480767965316772
    ],
    [
        0.7316893339157104,
        0.07764586061239243,
        -0.677201509475708,
        1.5365138053894043,
        -0.07117176055908203,
        0.9967631697654724,
        0.03738757222890854,
        -0.4932389259338379,
        0.6779124140739441,
        0.02084154635667801,
        0.7348471283912659,
        0.764712929725647
    ],
    [
        0.8022500872612,
        0.06868094950914383,
        -0.5930241942405701,
        1.5878556966781616,
        -0.0626111850142479,
        0.9975616335868835,
        0.03083120845258236,
        -0.5135812759399414,
        0.5936957001686096,
        0.012395625002682209,
        0.8045941591262817,
        0.812213659286499
    ]
]