[
    [
        0.948828399181366,
        -0.026372605934739113,
        -0.3146888017654419,
        -0.6731747388839722,
        0.014806998893618584,
        0.9991260766983032,
        -0.03908705338835716,
        0.019951380789279938,
        0.31544461846351624,
        0.032427310943603516,
        0.9483897686004639,
        2.9802918434143066
    ],
    [
        0.9476608633995056,
        -0.02393955923616886,
        -0.31837984919548035,
        -0.6891027688980103,
        0.012600074522197247,
        0.999212384223938,
        -0.03762834519147873,
        0.018640123307704926,
        0.31902989745140076,
        0.031647298485040665,
        0.9472160935401917,
        3.037492275238037
    ],
    [
        0.9459877014160156,
        -0.0213671512901783,
        -0.3234974443912506,
        -0.7051144242286682,
        0.010403924621641636,
        0.9993125796318054,
        -0.03558135777711868,
        0.01865917444229126,
        0.3240354061126709,
        0.030293885618448257,
        0.9455597400665283,
        3.1103196144104004
    ],
    [
        0.9451451897621155,
        -0.02208365499973297,
        -0.3259033262729645,
        -0.716715931892395,
        0.011286148801445961,
        0.9993240833282471,
        -0.03498486429452896,
        0.015543423593044281,
        0.32645559310913086,
        0.02938757836818695,
        0.944755494594574,
        3.17600679397583
    ],
    [
        0.9444326162338257,
        -0.02605832926928997,
        -0.3276706337928772,
        -0.7301113605499268,
        0.01496041752398014,
        0.9992272853851318,
        -0.03634469956159592,
        0.011175215244293213,
        0.3283645212650299,
        0.029423028230667114,
        0.9440926909446716,
        3.247917413711548
    ],
    [
        0.943846583366394,
        -0.026857862249016762,
        -0.32929059863090515,
        -0.7398602962493896,
        0.016220521181821823,
        0.9992552995681763,
        -0.03500914201140404,
        0.00799202173948288,
        0.329985648393631,
        0.02770199626684189,
        0.9435794353485107,
        3.301663398742676
    ],
    [
        0.9428630471229553,
        -0.029758144170045853,
        -0.33184900879859924,
        -0.7517882585525513,
        0.019971072673797607,
        0.9992602467536926,
        -0.0328647680580616,
        0.00812067836523056,
        0.3325815200805664,
        0.02435959316790104,
        0.9427598714828491,
        3.378667116165161
    ],
    [
        0.9406866431236267,
        -0.028836792334914207,
        -0.3380487859249115,
        -0.7688455581665039,
        0.020011989399790764,
        0.9993626475334167,
        -0.02956199273467064,
        0.006381139159202576,
        0.3386857807636261,
        0.021043546497821808,
        0.9406642913818359,
        3.443875312805176
    ],
    [
        0.9389480352401733,
        -0.023706626147031784,
        -0.3432410657405853,
        -0.7863095998764038,
        0.01684061624109745,
        0.9995943307876587,
        -0.022970864549279213,
        0.005622439086437225,
        0.343646377325058,
        0.015788059681653976,
        0.9389665126800537,
        3.510385036468506
    ],
    [
        0.936418354511261,
        -0.02084275521337986,
        -0.3502659499645233,
        -0.8052085638046265,
        0.013851306401193142,
        0.9996519684791565,
        -0.02245403453707695,
        0.004017020110040903,
        0.3506120443344116,
        0.01617472991347313,
        0.9363809823989868,
        3.576429605484009
    ],
    [
        0.935404896736145,
        -0.01985391043126583,
        -0.353020578622818,
        -0.8200140595436096,
        0.011608962900936604,
        0.9996084570884705,
        -0.0254575964063406,
        0.0016437247395515442,
        0.3533878028392792,
        0.01971495896577835,
        0.9352692365646362,
        3.6474051475524902
    ],
    [
        0.935285210609436,
        -0.01910083368420601,
        -0.3533789813518524,
        -0.8304761648178101,
        0.01027741003781557,
        0.9995871782302856,
        -0.02682853490114212,
        -0.0006659626960754395,
        0.35374554991722107,
        0.021460508927702904,
        0.935095489025116,
        3.706157684326172
    ],
    [
        0.9346972703933716,
        -0.019684646278619766,
        -0.3548993468284607,
        -0.8420370817184448,
        0.010629290714859962,
        0.9995667338371277,
        -0.02744707465171814,
        -0.003229677677154541,
        0.3552858233451843,
        0.021882379427552223,
        0.9345016479492188,
        3.7720603942871094
    ],
    [
        0.9340564608573914,
        -0.01974431425333023,
        -0.35657912492752075,
        -0.8532994389533997,
        0.010030354373157024,
        0.999527096748352,
        -0.029070843011140823,
        -0.00469343364238739,
        0.3569844663143158,
        0.023577196523547173,
        0.93381267786026,
        3.822834014892578
    ],
    [
        0.9339928030967712,
        -0.01799570582807064,
        -0.3568384647369385,
        -0.8657317757606506,
        0.008714715950191021,
        0.9995811581611633,
        -0.02759983390569687,
        -0.004513822495937347,
        0.3571856617927551,
        0.022668302059173584,
        0.9337582588195801,
        3.883167266845703
    ],
    [
        0.9344518184661865,
        -0.01808096654713154,
        -0.35563018918037415,
        -0.876164436340332,
        0.00928829237818718,
        0.9996078610420227,
        -0.026416247710585594,
        -0.003390990197658539,
        0.3559683561325073,
        0.021381516009569168,
        0.934253454208374,
        3.9468307495117188
    ],
    [
        0.9342572689056396,
        -0.01861094869673252,
        -0.35611358284950256,
        -0.8849693536758423,
        0.010239358060061932,
        0.9996254444122314,
        -0.025378940626978874,
        -0.004878915846347809,
        0.3564525246620178,
        0.020064085721969604,
        0.9340980052947998,
        4.007870674133301
    ],
    [
        0.9338169097900391,
        -0.019348569214344025,
        -0.35722753405570984,
        -0.8956146836280823,
        0.011109041050076485,
        0.99962317943573,
        -0.025102952495217323,
        -0.007690303027629852,
        0.3575786054134369,
        0.019473109394311905,
        0.9336800575256348,
        4.057600975036621
    ],
    [
        0.9336088299751282,
        -0.020940756425261497,
        -0.3576814532279968,
        -0.9077103137969971,
        0.011876958422362804,
        0.9995508193969727,
        -0.027518657967448235,
        -0.010163389146327972,
        0.3580970764160156,
        0.02144348993897438,
        0.9334381818771362,
        4.121404647827148
    ],
    [
        0.9336008429527283,
        -0.021379705518484116,
        -0.35767632722854614,
        -0.916886568069458,
        0.012539379298686981,
        0.999556303024292,
        -0.02701728790998459,
        -0.011721014976501465,
        0.3580952286720276,
        0.020738327875733376,
        0.9334547519683838,
        4.179261684417725
    ],
    [
        0.9336104989051819,
        -0.02215665578842163,
        -0.3576040267944336,
        -0.9287412762641907,
        0.01394427940249443,
        0.9995769262313843,
        -0.025527551770210266,
        -0.013264804147183895,
        0.35801830887794495,
        0.018846258521080017,
        0.9335243105888367,
        4.241593837738037
    ],
    [
        0.9334869980812073,
        -0.022224418818950653,
        -0.35792192816734314,
        -0.9361999034881592,
        0.014185117557644844,
        0.999584972858429,
        -0.025071309879422188,
        -0.013176872394979,
        0.358330637216568,
        0.01832657679915428,
        0.933414876461029,
        4.28814697265625
    ],
    [
        0.9312390685081482,
        -0.020418576896190643,
        -0.36383622884750366,
        -0.9503364562988281,
        0.013908849097788334,
        0.9996930360794067,
        -0.020503295585513115,
        -0.01347613800317049,
        0.3641432225704193,
        0.01403292641043663,
        0.9312373399734497,
        4.3474836349487305
    ],
    [
        0.9284515380859375,
        -0.016919618472456932,
        -0.3710678517818451,
        -0.9659470915794373,
        0.010695725679397583,
        0.9997656941413879,
        -0.01882455311715603,
        -0.015077508985996246,
        0.3712993562221527,
        0.01350884698331356,
        0.9284148812294006,
        4.411144256591797
    ],
    [
        0.9264418482780457,
        -0.014544008299708366,
        -0.37615683674812317,
        -0.9772623777389526,
        0.008887594565749168,
        0.9998199939727783,
        -0.016768403351306915,
        -0.01743399351835251,
        0.37633296847343445,
        0.01219181902706623,
        0.9264042377471924,
        4.469038486480713
    ]
]