[
    [
        0.9999862313270569,
        0.0010591022437438369,
        0.005129454657435417,
        0.08874378353357315,
        -0.0010511159198358655,
        0.9999982714653015,
        -0.0015593682182952762,
        -0.03818143159151077,
        -0.005131097510457039,
        0.0015539551386609674,
        0.9999856948852539,
        0.32420381903648376
    ],
    [
        0.99998539686203,
        0.0007061710930429399,
        0.005364467855542898,
        0.11421699821949005,
        -0.0007018329342827201,
        0.999999463558197,
        -0.0008105049491859972,
        -0.04570091888308525,
        -0.0053650373592972755,
        0.0008067283197306097,
        0.9999853372573853,
        0.37676069140434265
    ],
    [
        0.9999786615371704,
        0.0004689629713539034,
        0.0065149771980941296,
        0.15345917642116547,
        -0.00046295407810248435,
        0.9999995231628418,
        -0.0009236508631147444,
        -0.057843100279569626,
        -0.006515407469123602,
        0.0009206151589751244,
        0.9999783039093018,
        0.4476923644542694
    ],
    [
        0.9999746680259705,
        3.119992834399454e-05,
        0.00713174557313323,
        0.192799910902977,
        -2.9342083507799543e-05,
        1.0,
        -0.00026061892276629806,
        -0.06924103945493698,
        -0.007131753023713827,
        0.00026040314696729183,
        0.9999744892120361,
        0.5133453607559204
    ],
    [
        0.9999709129333496,
        -0.00021685607498511672,
        0.007630500476807356,
        0.22618292272090912,
        0.00021897294209338725,
        0.9999999403953552,
        -0.0002764641831163317,
        -0.07558773458003998,
        -0.007630439475178719,
        0.00027812778716906905,
        0.9999707937240601,
        0.573693573474884
    ],
    [
        0.9999764561653137,
        -0.0004755288828164339,
        0.0068406094796955585,
        0.2557128965854645,
        0.00047526005073450506,
        0.9999998807907104,
        4.093903407920152e-05,
        -0.07901874929666519,
        -0.0068406276404857635,
        -3.7686972063966095e-05,
        0.999976634979248,
        0.6330407857894897
    ],
    [
        0.9999822378158569,
        -0.0001906691468320787,
        0.005956597626209259,
        0.28493890166282654,
        0.0001894788583740592,
        0.9999999403953552,
        0.00020053521438967437,
        -0.07935789972543716,
        -0.005956636276096106,
        -0.00019940279889851809,
        0.9999822378158569,
        0.6968345642089844
    ],
    [
        0.9999793171882629,
        -9.926287748385221e-05,
        0.006437643431127071,
        0.31511181592941284,
        9.647913975641131e-05,
        0.9999999403953552,
        0.00043274505878798664,
        -0.0826522558927536,
        -0.006437686271965504,
        -0.0004321149317547679,
        0.9999791383743286,
        0.7687125205993652
    ],
    [
        0.9999739527702332,
        3.938458758057095e-05,
        0.007211693096905947,
        0.3465774357318878,
        -4.538840221357532e-05,
        0.9999996423721313,
        0.0008324313093908131,
        -0.08874734491109848,
        -0.007211657706648111,
        -0.0008327377145178616,
        0.9999736547470093,
        0.844987690448761
    ],
    [
        0.9999688863754272,
        0.00022614332556258887,
        0.007893051952123642,
        0.3695871829986572,
        -0.0002338046906515956,
        0.9999995231628418,
        0.0009697789209894836,
        -0.09622235596179962,
        -0.007892828434705734,
        -0.0009715932537801564,
        0.999968409538269,
        0.9009479880332947
    ],
    [
        0.9999668598175049,
        -6.024698450346477e-05,
        0.00814085453748703,
        0.3978194296360016,
        5.497601887327619e-05,
        0.9999998211860657,
        0.0006476950366050005,
        -0.1102023795247078,
        -0.008140891790390015,
        -0.0006472259992733598,
        0.9999666213989258,
        0.9701040983200073
    ],
    [
        0.9999696612358093,
        2.27100226766197e-05,
        0.007792681455612183,
        0.42400386929512024,
        -2.7292002414469607e-05,
        0.9999998807907104,
        0.000587882415857166,
        -0.12160931527614594,
        -0.007792674470692873,
        -0.0005880747921764851,
        0.999969482421875,
        1.033721685409546
    ],
    [
        0.9999709129333496,
        0.00011042776895919815,
        0.007628641091287136,
        0.4523423910140991,
        -0.0001112132376874797,
        1.0,
        0.00010250954801449552,
        -0.12767355144023895,
        -0.007628637831658125,
        -0.00010335342085454613,
        0.9999709129333496,
        1.0984580516815186
    ],
    [
        0.9999685883522034,
        -4.25876205554232e-05,
        0.007930048741400242,
        0.48390933871269226,
        4.2839434172492474e-05,
        1.0,
        -3.152684075757861e-05,
        -0.13510286808013916,
        -0.007930060848593712,
        3.186872345395386e-05,
        0.9999685287475586,
        1.167041301727295
    ],
    [
        0.9999672174453735,
        -0.00037508891546167433,
        0.008089840412139893,
        0.5225045084953308,
        0.00037341812276281416,
        0.9999999403953552,
        0.00020805408712476492,
        -0.14318548142910004,
        -0.00808993075042963,
        -0.00020502229745034128,
        0.9999672174453735,
        1.2432328462600708
    ],
    [
        0.9999570846557617,
        -0.0010432216804474592,
        0.00920623168349266,
        0.5624421238899231,
        0.001036496483720839,
        0.9999992251396179,
        0.0007352958200499415,
        -0.1525946706533432,
        -0.00920698419213295,
        -0.0007257232791744173,
        0.9999574422836304,
        1.3178669214248657
    ],
    [
        0.9999667406082153,
        -0.0013196116778999567,
        0.008058087900280952,
        0.6041138172149658,
        0.0013205405557528138,
        0.9999991655349731,
        -0.00010990525333909318,
        -0.161393404006958,
        -0.008057930506765842,
        0.00012054036051267758,
        0.9999675750732422,
        1.3883486986160278
    ],
    [
        0.999962568283081,
        -0.0014070249162614346,
        0.008545498363673687,
        0.6281808614730835,
        0.0014088642783463001,
        0.9999989867210388,
        -0.0002092037902912125,
        -0.16786669194698334,
        -0.008545204997062683,
        0.0002212386461906135,
        0.9999635219573975,
        1.4391112327575684
    ],
    [
        0.999986469745636,
        -0.0011452693725004792,
        0.005093985702842474,
        0.6580755114555359,
        0.001149797928519547,
        0.9999989867210388,
        -0.0008861924288794398,
        -0.169931560754776,
        -0.005092974286526442,
        0.0008920399122871459,
        0.999986469745636,
        1.5108723640441895
    ],
    [
        0.999999463558197,
        -0.0006755856447853148,
        0.0008101158309727907,
        0.6830434799194336,
        0.0006764474092051387,
        0.9999992251396179,
        -0.001063542440533638,
        -0.1725609451532364,
        -0.0008093889337033033,
        0.0010640884283930063,
        0.9999991655349731,
        1.5887632369995117
    ],
    [
        0.9999937415122986,
        0.0003884430043399334,
        -0.003503421787172556,
        0.7092158198356628,
        -0.0003905640041921288,
        0.9999997615814209,
        -0.0006047474453225732,
        -0.17785194516181946,
        0.003503198502585292,
        0.0006061086314730346,
        0.9999937415122986,
        1.6741538047790527
    ],
    [
        0.999971330165863,
        0.0010393955744802952,
        -0.007504840847104788,
        0.7318472862243652,
        -0.0010400626342743635,
        0.9999994039535522,
        -8.491096377838403e-05,
        -0.18645575642585754,
        0.007504760287702084,
        9.271105955122039e-05,
        0.999971866607666,
        1.7629963159561157
    ],
    [
        0.9999090433120728,
        0.001996525563299656,
        -0.0133433872833848,
        0.7520257234573364,
        -0.00199757213704288,
        0.9999980926513672,
        -6.510828825412318e-05,
        -0.19828513264656067,
        0.01334323175251484,
        9.175545710604638e-05,
        0.9999110102653503,
        1.850203037261963
    ],
    [
        0.9998169541358948,
        0.0019196966895833611,
        -0.01903434656560421,
        0.7722840309143066,
        -0.0019244671566411853,
        0.999998152256012,
        -0.0002323047665413469,
        -0.2056650072336197,
        0.019033867865800858,
        0.0002688924432732165,
        0.999818742275238,
        1.932145595550537
    ],
    [
        0.9996923208236694,
        0.0023789529222995043,
        -0.024690084159374237,
        0.7922330498695374,
        -0.0023611122742295265,
        0.9999969601631165,
        0.0007517148042097688,
        -0.21027733385562897,
        0.024691805243492126,
        -0.0006931896787136793,
        0.9996949434280396,
        2.0147340297698975
    ]
]