[
    [
        0.9998984932899475,
        0.006370407063513994,
        -0.012741228565573692,
        0.038190364837646484,
        -0.006471836939454079,
        0.9999476075172424,
        -0.007935433648526669,
        -0.0570957325398922,
        0.012690008617937565,
        0.008017088286578655,
        0.9998873472213745,
        0.45544734597206116
    ],
    [
        0.9998244643211365,
        0.006368868052959442,
        -0.01762099377810955,
        0.04749111086130142,
        -0.00652255117893219,
        0.9999411106109619,
        -0.008677943609654903,
        -0.08235488831996918,
        0.0175646860152483,
        0.008791353553533554,
        0.9998071789741516,
        0.6014706492424011
    ],
    [
        0.9997788071632385,
        0.005030798260122538,
        -0.0204177089035511,
        0.04867515712976456,
        -0.005238631274551153,
        0.9999348521232605,
        -0.010138396173715591,
        -0.10322485864162445,
        0.02036537416279316,
        0.01024311501532793,
        0.9997400641441345,
        0.7521025538444519
    ],
    [
        0.999792218208313,
        0.004284938331693411,
        -0.019930506125092506,
        0.04071010276675224,
        -0.004472982604056597,
        0.9999458193778992,
        -0.00940003152936697,
        -0.12869420647621155,
        0.019889147952198982,
        0.009487226605415344,
        0.9997572302818298,
        0.9102342128753662
    ],
    [
        0.999737560749054,
        0.0060822321102023125,
        -0.022088738158345222,
        0.03490911051630974,
        -0.006246150471270084,
        0.9999533891677856,
        -0.00735949631780386,
        -0.15724307298660278,
        0.02204294316470623,
        0.007495533209294081,
        0.9997289776802063,
        1.0678631067276
    ],
    [
        0.9995291829109192,
        0.007525026798248291,
        -0.029744496569037437,
        0.04365447908639908,
        -0.007756098173558712,
        0.9999406337738037,
        -0.007660858333110809,
        -0.1795397847890854,
        0.02968508005142212,
        0.007887954823672771,
        0.9995282292366028,
        1.2225345373153687
    ],
    [
        0.9991407990455627,
        0.00868248101323843,
        -0.040524113923311234,
        0.05674433335661888,
        -0.009072213433682919,
        0.999914288520813,
        -0.009443327784538269,
        -0.19397932291030884,
        0.04043864831328392,
        0.009802856482565403,
        0.9991338849067688,
        1.362013816833496
    ],
    [
        0.998460054397583,
        0.010326799005270004,
        -0.054505668580532074,
        0.07553241401910782,
        -0.010854187421500683,
        0.9998970031738281,
        -0.009388694539666176,
        -0.21264922618865967,
        0.05440310016274452,
        0.009965848177671432,
        0.9984694719314575,
        1.5012187957763672
    ],
    [
        0.9976880550384521,
        0.012814335525035858,
        -0.06673988699913025,
        0.08511070907115936,
        -0.013362519443035126,
        0.9998805522918701,
        -0.0077738105319440365,
        -0.23363637924194336,
        0.06663230061531067,
        0.008647652342915535,
        0.9977400302886963,
        1.6394652128219604
    ],
    [
        0.9967100620269775,
        0.01632063090801239,
        -0.07939022779464722,
        0.08922646194696426,
        -0.0168993528932333,
        0.9998353123664856,
        -0.0066231172531843185,
        -0.2528126835823059,
        0.07926905900239944,
        0.00794297456741333,
        0.9968216419219971,
        1.773848533630371
    ],
    [
        0.9956799149513245,
        0.017689118161797523,
        -0.09115076810121536,
        0.08065591007471085,
        -0.01840774342417717,
        0.999805748462677,
        -0.007049184758216143,
        -0.2689829170703888,
        0.09100835770368576,
        0.008696611039340496,
        0.995812177658081,
        1.929321050643921
    ],
    [
        0.9944245219230652,
        0.022420231252908707,
        -0.10304009914398193,
        0.06455546617507935,
        -0.023059913888573647,
        0.9997214674949646,
        -0.005020923912525177,
        -0.29181069135665894,
        0.10289883613586426,
        0.0073690214194357395,
        0.9946644902229309,
        2.073509931564331
    ],
    [
        0.9926522970199585,
        0.029067937284708023,
        -0.11745821684598923,
        0.03868354111909866,
        -0.02973307855427265,
        0.9995501637458801,
        -0.003914140164852142,
        -0.3123766779899597,
        0.11729159206151962,
        0.007377770263701677,
        0.993070125579834,
        2.205129623413086
    ],
    [
        0.9892955422401428,
        0.03462037816643715,
        -0.14175985753536224,
        0.03347795829176903,
        -0.03557420149445534,
        0.9993581175804138,
        -0.004198910668492317,
        -0.3278551399707794,
        0.14152352511882782,
        0.009196960367262363,
        0.9898920655250549,
        2.3255491256713867
    ],
    [
        0.9838588833808899,
        0.03797416016459465,
        -0.17487046122550964,
        0.042058683931827545,
        -0.039671704173088074,
        0.9991933703422546,
        -0.006220781244337559,
        -0.3375000059604645,
        0.174493208527565,
        0.013057779520750046,
        0.9845718145370483,
        2.4408011436462402
    ],
    [
        0.9762919545173645,
        0.04264000803232193,
        -0.21221652626991272,
        0.052238333970308304,
        -0.04488731920719147,
        0.9989753365516663,
        -0.005780950654298067,
        -0.3559737503528595,
        0.21175256371498108,
        0.015169727616012096,
        0.9772055149078369,
        2.5393874645233154
    ],
    [
        0.9657940864562988,
        0.0491989403963089,
        -0.2546002268791199,
        0.06367377191781998,
        -0.05164854973554611,
        0.9986610412597656,
        -0.002941092709079385,
        -0.3749767541885376,
        0.25411456823349,
        0.01599021814763546,
        0.9670420289039612,
        2.6192564964294434
    ],
    [
        0.9509681463241577,
        0.055875953286886215,
        -0.3041997253894806,
        0.09787245839834213,
        -0.05755014717578888,
        0.9983366131782532,
        0.0034669600427150726,
        -0.4051324129104614,
        0.30388742685317993,
        0.014209765940904617,
        0.952601969242096,
        2.6852734088897705
    ],
    [
        0.9361907839775085,
        0.06375013291835785,
        -0.3456626236438751,
        0.07460519671440125,
        -0.06643611937761307,
        0.9977823495864868,
        0.004084387328475714,
        -0.41832396388053894,
        0.34515634179115295,
        0.01914069801568985,
        0.9383500218391418,
        2.8306961059570312
    ],
    [
        0.9181392788887024,
        0.07208852469921112,
        -0.3896453380584717,
        0.05266281217336655,
        -0.07601746171712875,
        0.9970921874046326,
        0.005349146667867899,
        -0.43475523591041565,
        0.3888978958129883,
        0.02470860257744789,
        0.920949399471283,
        2.958636999130249
    ],
    [
        0.8972127437591553,
        0.07719611376523972,
        -0.4347987771034241,
        0.023769542574882507,
        -0.08275806158781052,
        0.9965505599975586,
        0.006159803364425898,
        -0.44488295912742615,
        0.4337746798992157,
        0.030456462875008583,
        0.9005064964294434,
        3.0778045654296875
    ],
    [
        0.8717233538627625,
        0.08174696564674377,
        -0.48313143849372864,
        -0.006712242960929871,
        -0.08910264819860458,
        0.9959921836853027,
        0.007754569873213768,
        -0.4564794600009918,
        0.4818290174007416,
        0.03628845140337944,
        0.8755135536193848,
        3.2130777835845947
    ],
    [
        0.8417165279388428,
        0.08711878955364227,
        -0.5328449606895447,
        -0.04532300680875778,
        -0.09715390205383301,
        0.9952263236045837,
        0.00924636423587799,
        -0.46354928612709045,
        0.5311067700386047,
        0.04398515447974205,
        0.8461625576019287,
        3.3546290397644043
    ],
    [
        0.8094934821128845,
        0.0939771756529808,
        -0.5795590281486511,
        -0.08589077740907669,
        -0.10658437013626099,
        0.9942270517349243,
        0.012346068397164345,
        -0.4789789021015167,
        0.577373206615448,
        0.05177786946296692,
        0.8148368000984192,
        3.4706006050109863
    ],
    [
        0.7688822746276855,
        0.09735024720430374,
        -0.6319359540939331,
        -0.13048787415027618,
        -0.114231638610363,
        0.9933549761772156,
        0.01404047291725874,
        -0.4871576130390167,
        0.6291035413742065,
        0.061391595751047134,
        0.7748935222625732,
        3.5857510566711426
    ]
]