[
    [
        0.9973536133766174,
        0.018464216962456703,
        -0.07032037526369095,
        0.052742231637239456,
        -0.020208071917295456,
        0.9995036721229553,
        -0.024168560281395912,
        -0.03046988695859909,
        0.06983920186758041,
        0.025525640696287155,
        0.997231662273407,
        0.28426897525787354
    ],
    [
        0.9967187643051147,
        0.0201885886490345,
        -0.07838478684425354,
        0.025323711335659027,
        -0.022009095177054405,
        0.9995061755180359,
        -0.022431151941418648,
        -0.035180095583200455,
        0.0778932124376297,
        0.02408272586762905,
        0.9966707825660706,
        0.2966352105140686
    ],
    [
        0.9960045218467712,
        0.02184884622693062,
        -0.0865882858633995,
        -0.004124006722122431,
        -0.023885345086455345,
        0.9994602203369141,
        -0.022553367540240288,
        -0.036690544337034225,
        0.08604878187179565,
        0.024531448259949684,
        0.9959887862205505,
        0.3062492609024048
    ],
    [
        0.9953014254570007,
        0.023871388286352158,
        -0.09383579343557358,
        -0.037483200430870056,
        -0.026043355464935303,
        0.9994189739227295,
        -0.021990230306982994,
        -0.039124347269535065,
        0.09325633198022842,
        0.024330707266926765,
        0.9953446984291077,
        0.3146530091762543
    ],
    [
        0.994592547416687,
        0.026380304247140884,
        -0.10044798254966736,
        -0.07340793311595917,
        -0.02863309159874916,
        0.9993681907653809,
        -0.02105187252163887,
        -0.04139568656682968,
        0.09982917457818985,
        0.02381417155265808,
        0.9947195053100586,
        0.32018613815307617
    ],
    [
        0.9938115477561951,
        0.029106931760907173,
        -0.10719811171293259,
        -0.10974469780921936,
        -0.031172970309853554,
        0.9993581771850586,
        -0.017647773027420044,
        -0.047174207866191864,
        0.10661564022302628,
        0.020880242809653282,
        0.9940810799598694,
        0.3254014253616333
    ],
    [
        0.9930480122566223,
        0.031435929238796234,
        -0.11343435198068619,
        -0.14761340618133545,
        -0.03361145779490471,
        0.9992849826812744,
        -0.017317045480012894,
        -0.047841135412454605,
        0.11280886828899384,
        0.021009352058172226,
        0.9933945536613464,
        0.32800203561782837
    ],
    [
        0.9923303723335266,
        0.033728815615177155,
        -0.11892308294773102,
        -0.18625614047050476,
        -0.03600962460041046,
        0.9992054104804993,
        -0.017081856727600098,
        -0.04879515618085861,
        0.11825244128704071,
        0.021233223378658295,
        0.9927565455436707,
        0.3293269872665405
    ],
    [
        0.9914143085479736,
        0.035302069038152695,
        -0.12590208649635315,
        -0.22105543315410614,
        -0.03821403533220291,
        0.9990533590316772,
        -0.02078833058476448,
        -0.04333626106381416,
        0.12504903972148895,
        0.025421077385544777,
        0.9918249249458313,
        0.32913440465927124
    ],
    [
        0.9904715418815613,
        0.037350911647081375,
        -0.13255606591701508,
        -0.2557664215564728,
        -0.040469858795404434,
        0.998961865901947,
        -0.020912697538733482,
        -0.04251553863286972,
        0.1316373348236084,
        0.026077955961227417,
        0.9909548163414001,
        0.32906365394592285
    ],
    [
        0.9895879626274109,
        0.03952634334564209,
        -0.13839580118656158,
        -0.2907760739326477,
        -0.04264752194285393,
        0.9988968372344971,
        -0.019659077748656273,
        -0.04271716624498367,
        0.13746605813503265,
        0.025356624275445938,
        0.9901817440986633,
        0.3287877142429352
    ],
    [
        0.9886346459388733,
        0.041272252798080444,
        -0.14456160366535187,
        -0.3237386643886566,
        -0.04501526430249214,
        0.9987279772758484,
        -0.022716255858540535,
        -0.03659742698073387,
        0.1434401571750641,
        0.028965558856725693,
        0.989234983921051,
        0.3264853358268738
    ],
    [
        0.9877718091011047,
        0.04300501570105553,
        -0.14985844492912292,
        -0.3567672073841095,
        -0.047159936279058456,
        0.99859219789505,
        -0.024281464517116547,
        -0.03207964450120926,
        0.14860323071479797,
        0.03105185739696026,
        0.9884092807769775,
        0.32437971234321594
    ],
    [
        0.9868714213371277,
        0.04505640268325806,
        -0.155095636844635,
        -0.38833746314048767,
        -0.049325596541166306,
        0.9984993934631348,
        -0.02378680370748043,
        -0.03020547144114971,
        0.1537911742925644,
        0.031124703586101532,
        0.9876130819320679,
        0.3220519423484802
    ],
    [
        0.9859952330589294,
        0.04675419628620148,
        -0.16008609533309937,
        -0.4188670217990875,
        -0.05146214738488197,
        0.9983522891998291,
        -0.025388093665242195,
        -0.02502715215086937,
        0.15863528847694397,
        0.03327091410756111,
        0.9867764115333557,
        0.31850987672805786
    ],
    [
        0.9851489067077637,
        0.04856664687395096,
        -0.16469056904315948,
        -0.4486788809299469,
        -0.05362226068973541,
        0.9982125163078308,
        -0.026389341801404953,
        -0.02063189633190632,
        0.16311456263065338,
        0.034828513860702515,
        0.9859922528266907,
        0.31469520926475525
    ],
    [
        0.984281063079834,
        0.05043315514922142,
        -0.16925515234470367,
        -0.47733578085899353,
        -0.05564281344413757,
        0.9981075525283813,
        -0.02617620676755905,
        -0.018046673387289047,
        0.16761471331119537,
        0.03518257290124893,
        0.9852244853973389,
        0.3109743297100067
    ],
    [
        0.9832857251167297,
        0.051921296864748,
        -0.17450883984565735,
        -0.5040590167045593,
        -0.057810068130493164,
        0.9979112148284912,
        -0.028829313814640045,
        -0.011091950349509716,
        0.17264749109745026,
        0.03843582049012184,
        0.9842334389686584,
        0.30537593364715576
    ],
    [
        0.9823749661445618,
        0.05371250957250595,
        -0.1790374368429184,
        -0.5308625102043152,
        -0.05990896746516228,
        0.9977712631225586,
        -0.02938079833984375,
        -0.0071148560382425785,
        0.1770603209733963,
        0.03958890587091446,
        0.9834035038948059,
        0.30021536350250244
    ],
    [
        0.9813874363899231,
        0.05547039583325386,
        -0.18385252356529236,
        -0.5566269755363464,
        -0.062069691717624664,
        0.9976108074188232,
        -0.03033161722123623,
        -0.0025700812693685293,
        0.18173076212406158,
        0.041178736835718155,
        0.9824856519699097,
        0.29449233412742615
    ],
    [
        0.9803851246833801,
        0.05733350291848183,
        -0.18856848776340485,
        -0.5820751786231995,
        -0.06406617164611816,
        0.9975007176399231,
        -0.029799865558743477,
        2.138525087502785e-05,
        0.18638865649700165,
        0.041296206414699554,
        0.9816079139709473,
        0.2883947491645813
    ],
    [
        0.9793360233306885,
        0.0592007040977478,
        -0.19338051974773407,
        -0.6063395738601685,
        -0.06631282716989517,
        0.9973323345184326,
        -0.030508607625961304,
        0.004634761717170477,
        0.19105854630470276,
        0.04270179197192192,
        0.9806493520736694,
        0.2814944386482239
    ],
    [
        0.9783002138137817,
        0.06119964271783829,
        -0.19794820249080658,
        -0.6301232576370239,
        -0.06847970187664032,
        0.9971972703933716,
        -0.03013709932565689,
        0.0077305929735302925,
        0.19554902613162994,
        0.043038561940193176,
        0.9797490239143372,
        0.2752017378807068
    ],
    [
        0.9772599935531616,
        0.06302253901958466,
        -0.20246225595474243,
        -0.6522086262702942,
        -0.07051997631788254,
        0.9970583319664001,
        -0.030026357620954514,
        0.011354951187968254,
        0.19997434318065643,
        0.04362118989229202,
        0.9788296222686768,
        0.2700643837451935
    ],
    [
        0.9762002825737,
        0.06484635919332504,
        -0.20694920420646667,
        -0.6712453365325928,
        -0.07268261909484863,
        0.9968891739845276,
        -0.030481664463877678,
        0.01584925316274166,
        0.20432880520820618,
        0.04479782283306122,
        0.9778768420219421,
        0.2649402618408203
    ]
]