[
    [
        0.9999867081642151,
        -0.0007947664707899094,
        -0.0051142992451786995,
        -0.037578288465738297,
        0.0007833407144062221,
        0.9999972581863403,
        -0.0022356242407113314,
        -0.017539747059345245,
        0.005116061307489872,
        0.002231587888672948,
        0.9999843835830688,
        0.5206571817398071
    ],
    [
        0.9999864101409912,
        -0.0008554196683689952,
        -0.00514734024181962,
        -0.07831873744726181,
        0.000825670373160392,
        0.9999829530715942,
        -0.005778965074568987,
        -0.023396505042910576,
        0.005152195226401091,
        0.0057746367529034615,
        0.9999700784683228,
        0.7756213545799255
    ],
    [
        0.9999783635139465,
        7.539722719229758e-05,
        -0.00657291105017066,
        -0.13960248231887817,
        -0.00012779375538229942,
        0.9999682903289795,
        -0.007971568964421749,
        -0.04470553249120712,
        0.006572098936885595,
        0.007972235791385174,
        0.9999465942382812,
        1.0507457256317139
    ],
    [
        0.9999940395355225,
        0.0003305048157926649,
        -0.003434627316892147,
        -0.19003932178020477,
        -0.0003656762419268489,
        0.9999474883079529,
        -0.010244905017316341,
        -0.05343986302614212,
        0.0034310584887862206,
        0.010246099904179573,
        0.9999415874481201,
        1.289920687675476
    ],
    [
        0.9999734163284302,
        -0.0004613265919033438,
        0.0072858454659581184,
        -0.22901178896427155,
        0.0005523924482986331,
        0.9999217391014099,
        -0.012501881457865238,
        -0.0674450621008873,
        -0.007279509678483009,
        0.01250557228922844,
        0.9998953938484192,
        1.5630550384521484
    ],
    [
        0.9996717572212219,
        -0.0012352505000308156,
        0.025589294731616974,
        -0.26289522647857666,
        0.0015654116868972778,
        0.9999157786369324,
        -0.012886282056570053,
        -0.0690540224313736,
        -0.025571225211024284,
        0.012922109104692936,
        0.9995895028114319,
        1.8225072622299194
    ],
    [
        0.9982228875160217,
        -0.0029975215438753366,
        0.059516653418540955,
        -0.2885983884334564,
        0.0037904055789113045,
        0.9999054670333862,
        -0.013213620521128178,
        -0.09160861372947693,
        -0.05947142094373703,
        0.013415727764368057,
        0.9981399178504944,
        2.1065449714660645
    ],
    [
        0.9944426417350769,
        -0.005838389508426189,
        0.1051182821393013,
        -0.26867157220840454,
        0.007207239046692848,
        0.9998940825462341,
        -0.012646839022636414,
        -0.10233353078365326,
        -0.10503330826759338,
        0.013334168121218681,
        0.9943792223930359,
        2.4084839820861816
    ],
    [
        0.9904894828796387,
        -0.00834500603377819,
        0.13733522593975067,
        -0.23866291344165802,
        0.010408708825707436,
        0.999843418598175,
        -0.014315478503704071,
        -0.12278270721435547,
        -0.13719423115253448,
        0.015608811751008034,
        0.9904212355613708,
        2.6784873008728027
    ],
    [
        0.9862075448036194,
        -0.009216466918587685,
        0.16525663435459137,
        -0.22431491315364838,
        0.011807896196842194,
        0.999822199344635,
        -0.014705666340887547,
        -0.14319489896297455,
        -0.16509170830249786,
        0.016454171389341354,
        0.9861409664154053,
        2.9827163219451904
    ],
    [
        0.9812033176422119,
        -0.01009869109839201,
        0.19271214306354523,
        -0.19815415143966675,
        0.013418519869446754,
        0.9997830390930176,
        -0.015929441899061203,
        -0.17110449075698853,
        -0.1925094872713089,
        0.018215931951999664,
        0.9811261892318726,
        3.232377767562866
    ],
    [
        0.9751807451248169,
        -0.011584214866161346,
        0.22110672295093536,
        -0.14713546633720398,
        0.01567944884300232,
        0.9997364282608032,
        -0.016775324940681458,
        -0.19822433590888977,
        -0.22085410356521606,
        0.019825804978609085,
        0.9751054048538208,
        3.518860101699829
    ],
    [
        0.9714421033859253,
        -0.011980370618402958,
        0.23697426915168762,
        -0.1048951968550682,
        0.016852527856826782,
        0.9996860027313232,
        -0.018544714897871017,
        -0.21770955622196198,
        -0.236677885055542,
        0.022008726373314857,
        0.9713388085365295,
        3.780350923538208
    ],
    [
        0.9681041240692139,
        -0.01166207529604435,
        0.25027668476104736,
        -0.07547786086797714,
        0.01698146015405655,
        0.9996733069419861,
        -0.019105101004242897,
        -0.24087181687355042,
        -0.24997209012508392,
        0.02274578996002674,
        0.9679858684539795,
        4.034880638122559
    ],
    [
        0.9630422592163086,
        -0.012768630869686604,
        0.269047349691391,
        -0.02616342343389988,
        0.01860150322318077,
        0.9996437430381775,
        -0.01914137974381447,
        -0.25212666392326355,
        -0.2687072157859802,
        0.02343864180147648,
        0.9629366993904114,
        4.293267250061035
    ],
    [
        0.9589265584945679,
        -0.013649336993694305,
        0.2833257019519806,
        0.04084673896431923,
        0.019863730296492577,
        0.9996207356452942,
        -0.01907239854335785,
        -0.27328333258628845,
        -0.2829580008983612,
        0.02391694113612175,
        0.9588340520858765,
        4.531479358673096
    ],
    [
        0.9560692310333252,
        -0.013960817828774452,
        0.29280832409858704,
        0.10194709897041321,
        0.020426444709300995,
        0.999610185623169,
        -0.019035382196307182,
        -0.28412482142448425,
        -0.29242846369743347,
        0.024180183187127113,
        0.9559816718101501,
        4.779086589813232
    ],
    [
        0.9530050754547119,
        -0.013857947662472725,
        0.3026370406150818,
        0.14498305320739746,
        0.020165948197245598,
        0.9996393918991089,
        -0.01772851124405861,
        -0.30497315526008606,
        -0.30228230357170105,
        0.022998319938778877,
        0.9529409408569336,
        5.017577648162842
    ],
    [
        0.9474141001701355,
        -0.01444482896476984,
        0.319683700799942,
        0.19478298723697662,
        0.021261917427182198,
        0.9996146559715271,
        -0.017844410613179207,
        -0.30951693654060364,
        -0.3193029761314392,
        0.023703137412667274,
        0.9473563432693481,
        5.254386901855469
    ],
    [
        0.9415466785430908,
        -0.014903980307281017,
        0.3365531861782074,
        0.2682678997516632,
        0.022249620407819748,
        0.9995907545089722,
        -0.01797989383339882,
        -0.33041512966156006,
        -0.3361469507217407,
        0.0244170930236578,
        0.9414927959442139,
        5.495268821716309
    ],
    [
        0.9377923011779785,
        -0.01530302595347166,
        0.3468594551086426,
        0.3174830973148346,
        0.02303394488990307,
        0.9995693564414978,
        -0.018176265060901642,
        -0.3303810954093933,
        -0.3464321494102478,
        0.025035105645656586,
        0.9377408623695374,
        5.700433254241943
    ],
    [
        0.9318799376487732,
        -0.015465401113033295,
        0.36243683099746704,
        0.35714995861053467,
        0.02335434965789318,
        0.9995757937431335,
        -0.01739509031176567,
        -0.3416903018951416,
        -0.36201414465904236,
        0.02467462047934532,
        0.9318459033966064,
        5.922173976898193
    ],
    [
        0.9230039715766907,
        -0.016853785142302513,
        0.38442131876945496,
        0.3986213505268097,
        0.025763630867004395,
        0.9995052218437195,
        -0.018038762733340263,
        -0.34986260533332825,
        -0.38392704725265503,
        0.026553938165307045,
        0.9229815602302551,
        6.095738410949707
    ],
    [
        0.9111860394477844,
        -0.01840203069150448,
        0.4115837812423706,
        0.4676702320575714,
        0.028223669156432152,
        0.9994432926177979,
        -0.01779765635728836,
        -0.3559037148952484,
        -0.4110272526741028,
        0.02783338353037834,
        0.9111980199813843,
        6.28055477142334
    ],
    [
        0.8994988799095154,
        -0.018941808491945267,
        0.4365125298500061,
        0.5248787999153137,
        0.029942074790596962,
        0.9993834495544434,
        -0.01833334192633629,
        -0.34847399592399597,
        -0.435896098613739,
        0.029560906812548637,
        0.899511456489563,
        6.413631439208984
    ]
]