[
    [
        0.9999929666519165,
        0.0008278958848677576,
        0.003676400287076831,
        -0.06709132343530655,
        -0.0008255562279373407,
        0.999999463558197,
        -0.0006379216792993248,
        0.0027342443354427814,
        -0.0036769267171621323,
        0.0006348814349621534,
        0.999993085861206,
        -0.016667574644088745
    ],
    [
        0.999992847442627,
        0.0008993180235847831,
        0.0036923252046108246,
        -0.06995296478271484,
        -0.0008969529299065471,
        0.9999993443489075,
        -0.00064213847508654,
        0.002761265728622675,
        -0.0036928998306393623,
        0.000638821569737047,
        0.999993085861206,
        -0.0174875445663929
    ],
    [
        0.9999926686286926,
        0.0009780972031876445,
        0.0037070426624268293,
        -0.07411916553974152,
        -0.0009757157531566918,
        0.9999992251396179,
        -0.0006443777238018811,
        0.0028203006368130445,
        -0.0037076701410114765,
        0.0006407562759704888,
        0.9999929666519165,
        -0.018809139728546143
    ],
    [
        0.9999925494194031,
        0.0011094000656157732,
        0.003703941125422716,
        -0.078497976064682,
        -0.0011068271705880761,
        0.9999991655349731,
        -0.0006966388318687677,
        0.0029338523745536804,
        -0.0037047103978693485,
        0.0006925342022441328,
        0.999992847442627,
        -0.02020975761115551
    ],
    [
        0.9999926090240479,
        0.0011741806520149112,
        0.003659077687188983,
        -0.08279994875192642,
        -0.0011715953005477786,
        0.9999990463256836,
        -0.000708431180100888,
        0.002930553164333105,
        -0.003659906331449747,
        0.0007041387725621462,
        0.999993085861206,
        -0.02159450575709343
    ],
    [
        0.9999926686286926,
        0.001276402734220028,
        0.003617869922891259,
        -0.08713669329881668,
        -0.0012735234340652823,
        0.9999988675117493,
        -0.000797862361650914,
        0.003088632831349969,
        -0.0036188845988363028,
        0.0007932487642392516,
        0.9999932050704956,
        -0.023012550547719002
    ],
    [
        0.9999927282333374,
        0.0013572213938459754,
        0.0035791753325611353,
        -0.09075053781270981,
        -0.0013541866792365909,
        0.9999986886978149,
        -0.0008500581607222557,
        0.0032291298266500235,
        -0.0035803248174488544,
        0.0008452049223706126,
        0.9999933242797852,
        -0.024119755253195763
    ],
    [
        0.9999923706054688,
        0.0014455615309998393,
        0.0036282034125179052,
        -0.09422199428081512,
        -0.0014424577821046114,
        0.9999986886978149,
        -0.0008578031556680799,
        0.00326968333683908,
        -0.003629437880590558,
        0.000852563010994345,
        0.999993085861206,
        -0.025205131620168686
    ],
    [
        0.9999923706054688,
        0.001491145696491003,
        0.003611044492572546,
        -0.09804071485996246,
        -0.0014877934008836746,
        0.9999984502792358,
        -0.0009309545857831836,
        0.0032901319209486246,
        -0.003612426808103919,
        0.0009255744516849518,
        0.999993085861206,
        -0.026413682848215103
    ],
    [
        0.9999924302101135,
        0.0016002922784537077,
        0.0035509541630744934,
        -0.10054022073745728,
        -0.0015967622166499496,
        0.9999982714653015,
        -0.0009967286605387926,
        0.0034083379432559013,
        -0.0035525427665561438,
        0.0009910514345392585,
        0.9999932050704956,
        -0.02726391702890396
    ],
    [
        0.9999920725822449,
        0.001622833893634379,
        0.0036269822157919407,
        -0.10457595437765121,
        -0.0016192379407584667,
        0.9999982118606567,
        -0.000994160887785256,
        0.0034190784208476543,
        -0.003628589678555727,
        0.0009882791200652719,
        0.9999929666519165,
        -0.028480524197220802
    ],
    [
        0.9999920725822449,
        0.0016610486200079322,
        0.0036457593087106943,
        -0.10867848992347717,
        -0.00165723473764956,
        0.9999980926513672,
        -0.0010487813269719481,
        0.00356869725510478,
        -0.0036474945954978466,
        0.001042730757035315,
        0.999992847442627,
        -0.029779797419905663
    ],
    [
        0.9999920725822449,
        0.0017307517118752003,
        0.0035923835821449757,
        -0.11253367364406586,
        -0.001726937247440219,
        0.9999979138374329,
        -0.0010644784197211266,
        0.0035952632315456867,
        -0.003594218287616968,
        0.0010582656832411885,
        0.999993085861206,
        -0.03093581274151802
    ],
    [
        0.9999924898147583,
        0.0017751660197973251,
        0.003440319560468197,
        -0.11591740697622299,
        -0.0017713831039145589,
        0.9999978542327881,
        -0.0011023253900930285,
        0.0037644989788532257,
        -0.0034422683529555798,
        0.0010962225496768951,
        0.9999934434890747,
        -0.03213683143258095
    ],
    [
        0.9999921321868896,
        0.0017378899501636624,
        0.003573604626581073,
        -0.11939659714698792,
        -0.0017340186750516295,
        0.9999978542327881,
        -0.0010860721813514829,
        0.003848271444439888,
        -0.003575484734028578,
        0.0010798675939440727,
        0.9999929666519165,
        -0.033055342733860016
    ],
    [
        0.9999919533729553,
        0.0017767437966540456,
        0.003586604492738843,
        -0.1229528859257698,
        -0.0017728992970660329,
        0.9999979138374329,
        -0.0010745653416961432,
        0.003921661991626024,
        -0.0035885064862668514,
        0.0010681976564228535,
        0.9999929666519165,
        -0.03423376381397247
    ],
    [
        0.999991774559021,
        0.001836093608289957,
        0.0036205581855028868,
        -0.12703154981136322,
        -0.0018321193056181073,
        0.9999977350234985,
        -0.0011008282890543342,
        0.004005852621048689,
        -0.0036225710064172745,
        0.0010941866785287857,
        0.999992847442627,
        -0.035477228462696075
    ],
    [
        0.999991774559021,
        0.0018281004158779979,
        0.0036358963698148727,
        -0.1297059804201126,
        -0.0018241829238831997,
        0.9999977946281433,
        -0.0010803656186908484,
        0.0040150354616343975,
        -0.003637863090261817,
        0.0010737244738265872,
        0.999992847442627,
        -0.03635796159505844
    ],
    [
        0.9999915957450867,
        0.0018321454990655184,
        0.0036751769948750734,
        -0.13386334478855133,
        -0.0018282497767359018,
        0.9999977946281433,
        -0.0010629842290654778,
        0.004084224812686443,
        -0.003677116706967354,
        0.0010562560055404902,
        0.9999927282333374,
        -0.037716519087553024
    ],
    [
        0.9999915361404419,
        0.001910004299134016,
        0.0036403241101652384,
        -0.1377805769443512,
        -0.0019060435006394982,
        0.9999974966049194,
        -0.0010913508012890816,
        0.00426413444802165,
        -0.003642399562522769,
        0.0010844030184671283,
        0.9999927282333374,
        -0.03887748345732689
    ],
    [
        0.9999918937683105,
        0.0019518579356372356,
        0.0035168277099728584,
        -0.14145368337631226,
        -0.001948085380718112,
        0.9999975562095642,
        -0.0010758658172562718,
        0.004319285042583942,
        -0.003518918063491583,
        0.0010690062772482634,
        0.9999932050704956,
        -0.040065884590148926
    ],
    [
        0.9999920129776001,
        0.0019779012072831392,
        0.003491396317258477,
        -0.14503858983516693,
        -0.001974156592041254,
        0.9999974370002747,
        -0.001075840089470148,
        0.004404052160680294,
        -0.0034935155417770147,
        0.0010689387563616037,
        0.9999933242797852,
        -0.041276056319475174
    ],
    [
        0.9999918937683105,
        0.0020511646289378405,
        0.0034808646887540817,
        -0.14841292798519135,
        -0.002047310583293438,
        0.9999973177909851,
        -0.0011105654994025826,
        0.004447364713996649,
        -0.003483132692053914,
        0.001103429589420557,
        0.9999933242797852,
        -0.042362652719020844
    ],
    [
        0.9999918937683105,
        0.0020764495711773634,
        0.003470760304480791,
        -0.15183553099632263,
        -0.0020725885406136513,
        0.9999971985816956,
        -0.0011155134998261929,
        0.004555877763777971,
        -0.003473067656159401,
        0.0011083112331107259,
        0.9999933242797852,
        -0.043417900800704956
    ],
    [
        0.9999918937683105,
        0.0021505593322217464,
        0.003422508016228676,
        -0.15520253777503967,
        -0.0021468333434313536,
        0.9999971389770508,
        -0.0010923035442829132,
        0.004390018992125988,
        -0.0034248463343828917,
        0.0010849476093426347,
        0.9999935626983643,
        -0.04447215795516968
    ]
]