[
    [
        0.9998350143432617,
        0.005457218270748854,
        -0.017328085377812386,
        0.2330397516489029,
        -0.005614139139652252,
        0.9999436140060425,
        -0.009020213969051838,
        -0.25606292486190796,
        0.017277879640460014,
        0.009116008877754211,
        0.9998091459274292,
        1.2735687494277954
    ],
    [
        0.9998013973236084,
        0.005251889582723379,
        -0.019222503527998924,
        0.2505652904510498,
        -0.005435475148260593,
        0.999940037727356,
        -0.009510806761682034,
        -0.2894859313964844,
        0.019171401858329773,
        0.009613406844437122,
        0.999769926071167,
        1.4664299488067627
    ],
    [
        0.9997739791870117,
        0.005172113422304392,
        -0.020620379596948624,
        0.2668071985244751,
        -0.00539281964302063,
        0.9999286532402039,
        -0.010662185959517956,
        -0.32475489377975464,
        0.02056376449763775,
        0.010770977474749088,
        0.9997305274009705,
        1.6579169034957886
    ],
    [
        0.9997212290763855,
        0.005586894229054451,
        -0.022939050570130348,
        0.28200873732566833,
        -0.005825969390571117,
        0.9999293684959412,
        -0.010368606075644493,
        -0.39516088366508484,
        0.022879496216773987,
        0.010499363765120506,
        0.9996830821037292,
        1.9055784940719604
    ],
    [
        0.9996783137321472,
        0.005654638167470694,
        -0.024723900482058525,
        0.2954995334148407,
        -0.005929786246269941,
        0.9999211430549622,
        -0.011069691739976406,
        -0.44597625732421875,
        0.024659356102347374,
        0.011212735436856747,
        0.9996330738067627,
        2.1137139797210693
    ],
    [
        0.9996491074562073,
        0.005570036359131336,
        -0.025897128507494926,
        0.3075924515724182,
        -0.00587645685300231,
        0.9999135136604309,
        -0.011771218851208687,
        -0.5172436237335205,
        0.025829318910837173,
        0.011919275857508183,
        0.9995953440666199,
        2.366273880004883
    ],
    [
        0.9996300339698792,
        0.005270733963698149,
        -0.026682332158088684,
        0.3168342709541321,
        -0.005610127933323383,
        0.999904215335846,
        -0.01266098115593195,
        -0.5737784504890442,
        0.02661304362118244,
        0.012805982492864132,
        0.9995639324188232,
        2.5730068683624268
    ],
    [
        0.99961918592453,
        0.004764512646943331,
        -0.02717914804816246,
        0.32621315121650696,
        -0.005160809028893709,
        0.9998811483383179,
        -0.014529429376125336,
        -0.6393575072288513,
        0.027106694877147675,
        0.01466415636241436,
        0.9995249509811401,
        2.828418493270874
    ],
    [
        0.9996048212051392,
        0.004542347975075245,
        -0.027742763981223106,
        0.33381757140159607,
        -0.004966548644006252,
        0.999871551990509,
        -0.01524076797068119,
        -0.6962088942527771,
        0.02766996994614601,
        0.01537252776324749,
        0.9994989633560181,
        3.031388998031616
    ],
    [
        0.9995890855789185,
        0.004543807823210955,
        -0.02830156683921814,
        0.3411142826080322,
        -0.00499753886833787,
        0.9998598098754883,
        -0.015981970354914665,
        -0.7686163187026978,
        0.02822498232126236,
        0.016116835176944733,
        0.9994716048240662,
        3.2876882553100586
    ],
    [
        0.999572217464447,
        0.00470377504825592,
        -0.02886655554175377,
        0.3477746248245239,
        -0.005195337347686291,
        0.9998424649238586,
        -0.016977433115243912,
        -0.8267912268638611,
        0.02878214418888092,
        0.017120148986577988,
        0.9994390606880188,
        3.4931352138519287
    ],
    [
        0.9995467066764832,
        0.005141007713973522,
        -0.02966306358575821,
        0.36009711027145386,
        -0.005659811664372683,
        0.999832034111023,
        -0.01743258722126484,
        -0.9013663530349731,
        0.02956845797598362,
        0.01759258098900318,
        0.9994080066680908,
        3.7449514865875244
    ],
    [
        0.9995371103286743,
        0.0053762164898216724,
        -0.029942648485302925,
        0.3690040409564972,
        -0.005906885955482721,
        0.9998266100883484,
        -0.01766270585358143,
        -0.9591218829154968,
        0.029842497780919075,
        0.01783139817416668,
        0.999395489692688,
        3.9478840827941895
    ],
    [
        0.9995214939117432,
        0.005291679874062538,
        -0.030473902821540833,
        0.37441059947013855,
        -0.005840640515089035,
        0.9998217821121216,
        -0.017953384667634964,
        -1.0118732452392578,
        0.030373465269804,
        0.018122777342796326,
        0.9993743300437927,
        4.153220176696777
    ],
    [
        0.999503493309021,
        0.005574414040893316,
        -0.031013123691082,
        0.38278430700302124,
        -0.006149075459688902,
        0.9998106956481934,
        -0.018465181812644005,
        -1.079431414604187,
        0.030904313549399376,
        0.018646717071533203,
        0.9993483424186707,
        4.407070636749268
    ],
    [
        0.9994921088218689,
        0.005890349857509136,
        -0.03131966292858124,
        0.3897451162338257,
        -0.006478155497461557,
        0.9998041391372681,
        -0.018700018525123596,
        -1.135310173034668,
        0.031203387305140495,
        0.018893437460064888,
        0.9993345737457275,
        4.6093573570251465
    ],
    [
        0.9994785785675049,
        0.005799249745905399,
        -0.03176335617899895,
        0.39787420630455017,
        -0.006422760430723429,
        0.9997879862785339,
        -0.019562819972634315,
        -1.1975456476211548,
        0.03164317086338997,
        0.019756771624088287,
        0.9993039965629578,
        4.864571571350098
    ],
    [
        0.9994691610336304,
        0.005497791804373264,
        -0.03211342543363571,
        0.40030860900878906,
        -0.0061365580186247826,
        0.9997846484184265,
        -0.019825799390673637,
        -1.243621826171875,
        0.03199751302599907,
        0.02001277729868889,
        0.9992876648902893,
        5.0703301429748535
    ],
    [
        0.9994374513626099,
        0.0055485013872385025,
        -0.03307443484663963,
        0.40584295988082886,
        -0.00619330070912838,
        0.9997920989990234,
        -0.019424838945269585,
        -1.3011665344238281,
        0.03295978903770447,
        0.01961906999349594,
        0.9992641806602478,
        5.321876049041748
    ],
    [
        0.9994001388549805,
        0.005666715558618307,
        -0.034166838973760605,
        0.40990129113197327,
        -0.006331403739750385,
        0.9997921586036682,
        -0.019377538934350014,
        -1.3451876640319824,
        0.03404993191361427,
        0.01958267018198967,
        0.999228298664093,
        5.523528099060059
    ],
    [
        0.9993435740470886,
        0.005453186109662056,
        -0.03581589460372925,
        0.41332554817199707,
        -0.006165994331240654,
        0.9997844696044922,
        -0.01982198655605316,
        -1.400834083557129,
        0.03570008650422096,
        0.020029854029417038,
        0.999161958694458,
        5.774603843688965
    ],
    [
        0.9993086457252502,
        0.0053469049744307995,
        -0.03679071366786957,
        0.41628193855285645,
        -0.0060897753573954105,
        0.9997792840003967,
        -0.020109068602323532,
        -1.442757248878479,
        0.03667507320642471,
        0.020319536328315735,
        0.9991206526756287,
        5.973388671875
    ],
    [
        0.9992430806159973,
        0.0056176334619522095,
        -0.03849050775170326,
        0.4192962646484375,
        -0.006338367238640785,
        0.9998064041137695,
        -0.01862960308790207,
        -1.5000778436660767,
        0.03837840259075165,
        0.018859082832932472,
        0.9990853071212769,
        6.216830730438232
    ],
    [
        0.9992338418960571,
        0.0053078848868608475,
        -0.038775794208049774,
        0.4195437729358673,
        -0.006124655716121197,
        0.9997612237930298,
        -0.020975526422262192,
        -1.5421055555343628,
        0.03865519165992737,
        0.021197089925408363,
        0.999027669429779,
        6.407962322235107
    ],
    [
        0.99917072057724,
        0.0056359595619142056,
        -0.04032479599118233,
        0.4202128052711487,
        -0.006598139181733131,
        0.9996957778930664,
        -0.02376776933670044,
        -1.594055414199829,
        0.0401785746216774,
        0.024013962596654892,
        0.9989039301872253,
        6.637564659118652
    ]
]