[
    [
        0.993007242679596,
        -0.0003253295726608485,
        0.11805304139852524,
        -0.050423216074705124,
        0.00029994442593306303,
        0.9999999403953552,
        0.00023280229652300477,
        0.04604245722293854,
        -0.11805310845375061,
        -0.00019576479098759592,
        0.9930073022842407,
        0.3969001770019531
    ],
    [
        0.9921715259552002,
        -0.001432402292266488,
        0.12487475574016571,
        -0.03229798004031181,
        0.0015381649136543274,
        0.9999985694885254,
        -0.0007505306275561452,
        0.08978991210460663,
        -0.12487350404262543,
        0.0009367332677356899,
        0.9921722412109375,
        0.5849184393882751
    ],
    [
        0.9921948909759521,
        -0.002799269277602434,
        0.1246655136346817,
        0.008628014475107193,
        0.0029694337863475084,
        0.9999949336051941,
        -0.0011791737051680684,
        0.11215263605117798,
        -0.12466157227754593,
        0.001540155615657568,
        0.9921981692314148,
        0.7980185151100159
    ],
    [
        0.9925310015678406,
        -0.0034124006051570177,
        0.12194426357746124,
        0.03976115956902504,
        0.0033484003506600857,
        0.999994158744812,
        0.000729746650904417,
        0.12298160791397095,
        -0.12194602936506271,
        -0.00031597839551977813,
        0.9925367832183838,
        0.9751753807067871
    ],
    [
        0.9926673769950867,
        -0.0032999180257320404,
        0.12083309143781662,
        0.06630368530750275,
        0.003221906255930662,
        0.9999945163726807,
        0.0008409831207245588,
        0.14165373146533966,
        -0.12083519250154495,
        -0.00044550554594025016,
        0.9926725029945374,
        1.191771388053894
    ],
    [
        0.9927526712417603,
        -0.0032612488139420748,
        0.12013132870197296,
        0.099123015999794,
        0.0031721428968012333,
        0.9999945759773254,
        0.0009329576860181987,
        0.13845114409923553,
        -0.12013371288776398,
        -0.0005451217875815928,
        0.9927575588226318,
        1.3579052686691284
    ],
    [
        0.9929369688034058,
        -0.004853677470237017,
        0.11854295432567596,
        0.17561788856983185,
        0.0046992190182209015,
        0.9999876618385315,
        0.00158245291095227,
        0.1388048678636551,
        -0.1185491755604744,
        -0.0010142156388610601,
        0.9929476380348206,
        1.5327906608581543
    ],
    [
        0.9930819272994995,
        -0.006540880538523197,
        0.11724160611629486,
        0.28159648180007935,
        0.006410105153918266,
        0.9999783039093018,
        0.001492466195486486,
        0.1329248547554016,
        -0.11724881827831268,
        -0.0007306078332476318,
        0.9931023716926575,
        1.7138630151748657
    ],
    [
        0.9937755465507507,
        -0.006840935908257961,
        0.11119101941585541,
        0.36946576833724976,
        0.006505248136818409,
        0.9999731183052063,
        0.003381533082574606,
        0.12355314940214157,
        -0.11121116578578949,
        -0.002637158613651991,
        0.993793249130249,
        1.8663676977157593
    ],
    [
        0.9944803714752197,
        -0.0068970900028944016,
        0.10469553619623184,
        0.4628349244594574,
        0.006620376370847225,
        0.9999735951423645,
        0.0029903254471719265,
        0.10174284130334854,
        -0.10471340268850327,
        -0.002280694665387273,
        0.9944998621940613,
        2.058408260345459
    ],
    [
        0.9952083230018616,
        -0.006920968648046255,
        0.0975317731499672,
        0.5226166844367981,
        0.006469815503805876,
        0.9999669194221497,
        0.004941199906170368,
        0.062306083738803864,
        -0.09756273031234741,
        -0.004286510869860649,
        0.9952203035354614,
        2.216153383255005
    ],
    [
        0.996165931224823,
        -0.005504807457327843,
        0.08731113374233246,
        0.5733856558799744,
        0.005125462543219328,
        0.999976396560669,
        0.0045683360658586025,
        0.03135671839118004,
        -0.08733422309160233,
        -0.004103309940546751,
        0.996170699596405,
        2.3906362056732178
    ],
    [
        0.9977189898490906,
        -0.0057900832034647465,
        0.06725534796714783,
        0.6553715467453003,
        0.005411079153418541,
        0.999968409538269,
        0.005816107150167227,
        0.014739582315087318,
        -0.0672869086265564,
        -0.005438917316496372,
        0.9977188110351562,
        2.589877128601074
    ],
    [
        0.9993415474891663,
        -0.005623019300401211,
        0.0358460359275341,
        0.7222679853439331,
        0.005451717879623175,
        0.9999732375144958,
        0.004874763078987598,
        -0.01989622600376606,
        -0.03587248921394348,
        -0.004676130134612322,
        0.9993454813957214,
        2.7705283164978027
    ],
    [
        0.9999943971633911,
        -0.003175997408106923,
        -0.0010583414696156979,
        0.7509092688560486,
        0.0031834093388170004,
        0.9999698996543884,
        0.00707748718559742,
        -0.03879798203706741,
        0.0010358341969549656,
        -0.007080816198140383,
        0.9999744892120361,
        2.994217872619629
    ],
    [
        0.9995156526565552,
        -0.0017760863993316889,
        -0.03106866590678692,
        0.7530975341796875,
        0.0019458247115835547,
        0.9999833703041077,
        0.00543392775580287,
        -0.07192328572273254,
        0.031058497726917267,
        -0.005491748917847872,
        0.999502420425415,
        3.2187540531158447
    ],
    [
        0.9983193874359131,
        -0.0001672215003054589,
        -0.05795074626803398,
        0.743118405342102,
        0.0005498835234902799,
        0.9999781847000122,
        0.006587354466319084,
        -0.10413050651550293,
        0.05794837698340416,
        -0.006608149968087673,
        0.9982976913452148,
        3.4505198001861572
    ],
    [
        0.9965930581092834,
        0.0005587694467976689,
        -0.08247396349906921,
        0.7492375373840332,
        8.110072485578712e-06,
        0.999976396560669,
        0.006872890051454306,
        -0.1432761549949646,
        0.08247605711221695,
        -0.006850144825875759,
        0.9965695738792419,
        3.680920124053955
    ],
    [
        0.9934640526771545,
        0.00034710398176684976,
        -0.11414439231157303,
        0.7501175403594971,
        0.00015733153850305825,
        0.9999902248382568,
        0.00441026221960783,
        -0.25347718596458435,
        0.1141446977853775,
        -0.004399392753839493,
        0.9934543371200562,
        3.9018619060516357
    ],
    [
        0.9907051920890808,
        0.0019478305475786328,
        -0.13601242005825043,
        0.7115538120269775,
        -0.0013017015298828483,
        0.9999874830245972,
        0.004839438479393721,
        -0.3248443007469177,
        0.13602003455162048,
        -0.004617412108927965,
        0.9906952977180481,
        4.114097595214844
    ],
    [
        0.9889118671417236,
        0.003998912405222654,
        -0.14844933152198792,
        0.653031587600708,
        -0.003288477659225464,
        0.9999819397926331,
        0.005030803848057985,
        -0.39369258284568787,
        0.14846709370613098,
        -0.004486853256821632,
        0.9889072179794312,
        4.305478572845459
    ],
    [
        0.987777829170227,
        0.00483482563868165,
        -0.15579350292682648,
        0.6045107841491699,
        -0.004100332967936993,
        0.9999788999557495,
        0.005035433452576399,
        -0.45181378722190857,
        0.15581461787223816,
        -0.004335083067417145,
        0.9877768158912659,
        4.4840989112854
    ],
    [
        0.9868474006652832,
        0.004885513801127672,
        -0.16158080101013184,
        0.5691631436347961,
        -0.004208341706544161,
        0.9999809265136719,
        0.004532905761152506,
        -0.4756161570549011,
        0.16160006821155548,
        -0.0037932940758764744,
        0.9868490099906921,
        4.683732986450195
    ],
    [
        0.9859281182289124,
        0.005195882637053728,
        -0.1670890599489212,
        0.5234986543655396,
        -0.004254654049873352,
        0.999972939491272,
        0.005990498699247837,
        -0.5042462944984436,
        0.1671154797077179,
        -0.005195281468331814,
        0.9859235882759094,
        4.908963203430176
    ],
    [
        0.9852784276008606,
        0.006495258770883083,
        -0.17083381116390228,
        0.42801904678344727,
        -0.0054430412128567696,
        0.9999632835388184,
        0.00662713497877121,
        -0.503362238407135,
        0.1708705723285675,
        -0.005599710624665022,
        0.9852774143218994,
        5.138359546661377
    ]
]