[
    [
        0.9990712404251099,
        0.004581158980727196,
        0.04284472391009331,
        0.19517916440963745,
        -0.004948332905769348,
        0.9999518990516663,
        0.008467740379273891,
        -0.04289912059903145,
        -0.042803872376680374,
        -0.008671886287629604,
        0.9990459084510803,
        -0.11512169241905212
    ],
    [
        0.9986844658851624,
        0.005196967627853155,
        0.05101429671049118,
        0.20370188355445862,
        -0.005559401586651802,
        0.9999603629112244,
        0.006965241860598326,
        -0.04343787953257561,
        -0.050976067781448364,
        -0.007239687256515026,
        0.998673677444458,
        -0.11431419849395752
    ],
    [
        0.9982625246047974,
        0.005826354958117008,
        0.058635033667087555,
        0.2131498157978058,
        -0.006195821333676577,
        0.9999620914459229,
        0.006121304351836443,
        -0.04479101672768593,
        -0.0585971400141716,
        -0.006473960820585489,
        0.9982606768608093,
        -0.113888218998909
    ],
    [
        0.9975584149360657,
        0.006573412101715803,
        0.06952712684869766,
        0.22809316217899323,
        -0.0069519467651844025,
        0.9999622702598572,
        0.005203836131840944,
        -0.04694114252924919,
        -0.06949030607938766,
        -0.005674479529261589,
        0.9975665807723999,
        -0.11370382457971573
    ],
    [
        0.9970302581787109,
        0.007167655508965254,
        0.07667627930641174,
        0.23806500434875488,
        -0.007482282351702452,
        0.9999647736549377,
        0.003816806711256504,
        -0.04724884405732155,
        -0.07664621621370316,
        -0.004379186313599348,
        0.9970487952232361,
        -0.11372460424900055
    ],
    [
        0.9964768886566162,
        0.00781650934368372,
        0.08350244164466858,
        0.24828508496284485,
        -0.008043625392019749,
        0.9999648332595825,
        0.0023837960325181484,
        -0.047482170164585114,
        -0.08348086476325989,
        -0.0030470602214336395,
        0.9965047836303711,
        -0.11452088505029678
    ],
    [
        0.9956036806106567,
        0.00879702903330326,
        0.09325200319290161,
        0.2637230157852173,
        -0.008978196419775486,
        0.9999586343765259,
        0.0015234219608828425,
        -0.04935124143958092,
        -0.09323473274707794,
        -0.0023539597168564796,
        0.9956414699554443,
        -0.11669281870126724
    ],
    [
        0.9949290156364441,
        0.009289023466408253,
        0.10014965385198593,
        0.27313894033432007,
        -0.009497995488345623,
        0.9999536871910095,
        0.0016099741915240884,
        -0.05129240080714226,
        -0.10013005137443542,
        -0.002553030848503113,
        0.9949710369110107,
        -0.11821259558200836
    ],
    [
        0.9941679239273071,
        0.00985588040202856,
        0.10739219188690186,
        0.2821439802646637,
        -0.010042136535048485,
        0.9999488592147827,
        0.0011936969822272658,
        -0.052478667348623276,
        -0.10737492889165878,
        -0.00226518209092319,
        0.9942160248756409,
        -0.11931228637695312
    ],
    [
        0.9928539395332336,
        0.010665095411241055,
        0.11885840445756912,
        0.29354211688041687,
        -0.010882191359996796,
        0.9999400973320007,
        0.0011776081519201398,
        -0.05495713651180267,
        -0.11883872747421265,
        -0.0024626334197819233,
        0.9929104447364807,
        -0.12111947685480118
    ],
    [
        0.9918073415756226,
        0.01117817871272564,
        0.12725341320037842,
        0.2993360161781311,
        -0.011431206949055195,
        0.9999338388442993,
        0.0012582414783537388,
        -0.05674206465482712,
        -0.1272309422492981,
        -0.002702592872083187,
        0.9918694496154785,
        -0.12210967391729355
    ],
    [
        0.9906678795814514,
        0.01180036086589098,
        0.13578593730926514,
        0.30449846386909485,
        -0.012003820389509201,
        0.9999276995658875,
        0.0006796807865612209,
        -0.05753612518310547,
        -0.1357681006193161,
        -0.0023032871540635824,
        0.9907379746437073,
        -0.12299027293920517
    ],
    [
        0.9888209104537964,
        0.012818542309105396,
        0.14855585992336273,
        0.3116588294506073,
        -0.012911776080727577,
        0.9999166131019592,
        -0.0003368282923474908,
        -0.05847759544849396,
        -0.14854779839515686,
        -0.0015850573545321822,
        0.9889040589332581,
        -0.12403304874897003
    ],
    [
        0.9875249266624451,
        0.013396821916103363,
        0.15689116716384888,
        0.31668543815612793,
        -0.013305692002177238,
        0.9999101758003235,
        -0.0016311604995280504,
        -0.05825578793883324,
        -0.15689893066883087,
        -0.00047673427616246045,
        0.9876145124435425,
        -0.1246083602309227
    ],
    [
        0.9863061904907227,
        0.013826719485223293,
        0.16434358060359955,
        0.323457807302475,
        -0.013760465197265148,
        0.9999040961265564,
        -0.001541664358228445,
        -0.060018155723810196,
        -0.16434913873672485,
        -0.0007408912060782313,
        0.9864019751548767,
        -0.12530896067619324
    ],
    [
        0.9844639301300049,
        0.01465048547834158,
        0.1749746948480606,
        0.33458226919174194,
        -0.014387394301593304,
        0.9998925924301147,
        -0.0027720597572624683,
        -0.06085323542356491,
        -0.1749965101480484,
        0.00021156290313228965,
        0.9845690727233887,
        -0.12667135894298553
    ],
    [
        0.9832884669303894,
        0.015409966930747032,
        0.1814012974500656,
        0.34252750873565674,
        -0.014787285588681698,
        0.9998791813850403,
        -0.004784633405506611,
        -0.05973649024963379,
        -0.181453138589859,
        0.002022241009399295,
        0.9833975434303284,
        -0.12724320590496063
    ],
    [
        0.9820717573165894,
        0.015969598665833473,
        0.18782925605773926,
        0.3500952124595642,
        -0.015189535915851593,
        0.9998689889907837,
        -0.005591725930571556,
        -0.06043717637658119,
        -0.18789394199848175,
        0.002638437319546938,
        0.9821857810020447,
        -0.12727858126163483
    ],
    [
        0.9802125692367554,
        0.01669727824628353,
        0.1972423642873764,
        0.36094069480895996,
        -0.01579657569527626,
        0.9998564124107361,
        -0.006139042787253857,
        -0.062402479350566864,
        -0.19731652736663818,
        0.0029018118511885405,
        0.9803354740142822,
        -0.12700805068016052
    ],
    [
        0.9790041446685791,
        0.017372554168105125,
        0.2030985802412033,
        0.36800530552864075,
        -0.016086865216493607,
        0.9998387694358826,
        -0.007979591377079487,
        -0.06175500527024269,
        -0.2032044529914856,
        0.004544833675026894,
        0.9791257381439209,
        -0.12732665240764618
    ],
    [
        0.9779238700866699,
        0.01770508475601673,
        0.20820960402488708,
        0.37507423758506775,
        -0.01627463288605213,
        0.9998306632041931,
        -0.00858142226934433,
        -0.0628497302532196,
        -0.2083263099193573,
        0.005003443919122219,
        0.9780464768409729,
        -0.12895448505878448
    ],
    [
        0.9763229489326477,
        0.018146159127354622,
        0.21555577218532562,
        0.3853927552700043,
        -0.016374986618757248,
        0.9998158812522888,
        -0.009999941103160381,
        -0.06384312361478806,
        -0.21569755673408508,
        0.006233449559658766,
        0.9764403700828552,
        -0.13185010850429535
    ],
    [
        0.9750869274139404,
        0.018623124808073044,
        0.22104042768478394,
        0.3912103772163391,
        -0.016645187512040138,
        0.9998030066490173,
        -0.010807763785123825,
        -0.0646982491016388,
        -0.22119814157485962,
        0.0068592494353652,
        0.9752047657966614,
        -0.13312232494354248
    ],
    [
        0.9738166332244873,
        0.019035179167985916,
        0.22653670608997345,
        0.3966199457645416,
        -0.01682165265083313,
        0.9997900724411011,
        -0.01169778686016798,
        -0.06556386500597,
        -0.22671180963516235,
        0.007580776698887348,
        0.9739325046539307,
        -0.1343214213848114
    ],
    [
        0.9718503355979919,
        0.019859090447425842,
        0.23476077616214752,
        0.40397390723228455,
        -0.017193319275975227,
        0.9997624754905701,
        -0.013396797701716423,
        -0.06643254309892654,
        -0.2349710315465927,
        0.008983364328742027,
        0.9719608426094055,
        -0.13600604236125946
    ]
]