[
    [
        0.9999690651893616,
        0.003587953979149461,
        0.007006378844380379,
        0.02931208163499832,
        -0.0035890955477952957,
        0.9999935626983643,
        0.00015033708768896759,
        -0.0005263079074211419,
        -0.007005793508142233,
        -0.0001754788972903043,
        0.9999754428863525,
        -0.04348720982670784
    ],
    [
        0.9999004602432251,
        0.004982127342373133,
        0.013198357075452805,
        0.03314932808279991,
        -0.004983455408364534,
        0.9999876022338867,
        6.770030449843034e-05,
        -0.0002834709011949599,
        -0.013197856023907661,
        -0.00013346667401492596,
        0.9999128580093384,
        -0.0427386611700058
    ],
    [
        0.9997878074645996,
        0.006393511779606342,
        0.019580092281103134,
        0.03675217553973198,
        -0.006396602839231491,
        0.9999794960021973,
        9.528110967949033e-05,
        -0.00019297696417197585,
        -0.0195790845900774,
        -0.00022050687402952462,
        0.9998082518577576,
        -0.04226872697472572
    ],
    [
        0.9996287822723389,
        0.00788730289787054,
        0.026077358052134514,
        0.04033888503909111,
        -0.007893051020801067,
        0.9999688267707825,
        0.00011749174154829234,
        -0.00010592262697173283,
        -0.026075618341565132,
        -0.00032327728695236146,
        0.9996600151062012,
        -0.0417761467397213
    ],
    [
        0.9994247555732727,
        0.009331174194812775,
        0.03260445594787598,
        0.04405772686004639,
        -0.009338609874248505,
        0.999956488609314,
        7.577036740258336e-05,
        7.086749246809632e-05,
        -0.032602328807115555,
        -0.00038020670763216913,
        0.9994683861732483,
        -0.04151519015431404
    ],
    [
        0.9992350935935974,
        0.010454957373440266,
        0.037683334201574326,
        0.046777233481407166,
        -0.010466497391462326,
        0.9999452233314514,
        0.00010896984895225614,
        7.367700891336426e-05,
        -0.03768013045191765,
        -0.000503299233969301,
        0.9992897510528564,
        -0.04138102009892464
    ],
    [
        0.9988528490066528,
        0.01232573390007019,
        0.04627181217074394,
        0.0514555349946022,
        -0.012347999028861523,
        0.9999236464500427,
        0.00019533076556399465,
        7.553827163064852e-05,
        -0.04626587778329849,
        -0.0007664702134206891,
        0.9989288449287415,
        -0.04125814884901047
    ],
    [
        0.9984799027442932,
        0.01386033371090889,
        0.053346116095781326,
        0.05521021783351898,
        -0.013893583789467812,
        0.9999034404754639,
        0.0002524949668440968,
        1.9134842659696005e-05,
        -0.053337462246418,
        -0.0009932799730449915,
        0.9985760450363159,
        -0.04118775948882103
    ],
    [
        0.998161256313324,
        0.014997605234384537,
        0.05872868001461029,
        0.05812789499759674,
        -0.015046333894133568,
        0.9998867511749268,
        0.0003875883703585714,
        -0.00013663139543496072,
        -0.05871621519327164,
        -0.0012705277185887098,
        0.9982739686965942,
        -0.04122675210237503
    ],
    [
        0.997542679309845,
        0.016965074464678764,
        0.06797606498003006,
        0.06305558234453201,
        -0.01703798770904541,
        0.9998546838760376,
        0.0004929919959977269,
        -0.00023170039639808238,
        -0.06795783340930939,
        -0.0016499561024829745,
        0.9976868629455566,
        -0.04123629257082939
    ],
    [
        0.9971258044242859,
        0.018200818449258804,
        0.07354435324668884,
        0.06621253490447998,
        -0.018299518153071404,
        0.9998322129249573,
        0.0006683833780698478,
        -0.0005198880680836737,
        -0.07351986318826675,
        -0.002012289594858885,
        0.9972917437553406,
        -0.04137394204735756
    ],
    [
        0.9965026378631592,
        0.019818570464849472,
        0.08117728680372238,
        0.07036732882261276,
        -0.01994892954826355,
        0.9998007416725159,
        0.0007950608269311488,
        -0.0007679076516069472,
        -0.08114535361528397,
        -0.002411679597571492,
        0.9966993927955627,
        -0.04164641350507736
    ],
    [
        0.9956105351448059,
        0.02182929962873459,
        0.09101111441850662,
        0.07531184703111649,
        -0.022002272307872772,
        0.9997574687004089,
        0.0008975560776889324,
        -0.0009992263512685895,
        -0.09096945822238922,
        -0.0028960679192095995,
        0.9958494901657104,
        -0.04192473366856575
    ],
    [
        0.9950214624404907,
        0.023067157715559006,
        0.0969540923833847,
        0.07833486795425415,
        -0.023267652839422226,
        0.9997288584709167,
        0.0009376808884553611,
        -0.0011520921252667904,
        -0.09690617769956589,
        -0.0031889069359749556,
        0.9952883720397949,
        -0.04211187735199928
    ],
    [
        0.9941748976707458,
        0.024680903181433678,
        0.10491514205932617,
        0.08248306810855865,
        -0.024936001747846603,
        0.9996885061264038,
        0.0011202596360817552,
        -0.0016318975249305367,
        -0.10485480725765228,
        -0.003729898715391755,
        0.9944806098937988,
        -0.04251277074217796
    ],
    [
        0.9932573437690735,
        0.026317138224840164,
        0.11290404200553894,
        0.08663392812013626,
        -0.026605037972331047,
        0.9996455311775208,
        0.001043722964823246,
        -0.0016842924524098635,
        -0.1128365620970726,
        -0.0040405020117759705,
        0.9936052560806274,
        -0.0429779551923275
    ],
    [
        0.9922721982002258,
        0.02792387455701828,
        0.12089648097753525,
        0.09070025384426117,
        -0.02822168543934822,
        0.9996013641357422,
        0.0007514909957535565,
        -0.0014569949125871062,
        -0.12082730233669281,
        -0.0041575864888727665,
        0.9926647543907166,
        -0.043641988188028336
    ],
    [
        0.9915000796318054,
        0.029142631217837334,
        0.12680096924304962,
        0.09390326589345932,
        -0.029444651678204536,
        0.999566376209259,
        0.000507737451698631,
        -0.0013304137391969562,
        -0.12673117220401764,
        -0.004237032029777765,
        0.9919281005859375,
        -0.04415709152817726
    ],
    [
        0.9901367425918579,
        0.03110513836145401,
        0.13660819828510284,
        0.0990976020693779,
        -0.03141380473971367,
        0.9995064735412598,
        0.00010377376020187512,
        -0.0011539177503436804,
        -0.1365375518798828,
        -0.004394132643938065,
        0.9906251430511475,
        -0.04524868726730347
    ],
    [
        0.9889693260192871,
        0.03263513371348381,
        0.1444804072380066,
        0.10295530408620834,
        -0.032931942492723465,
        0.9994574785232544,
        -0.00033738240017555654,
        -0.0008784444653429091,
        -0.1444130390882492,
        -0.0044243596494197845,
        0.9895076155662537,
        -0.04616599529981613
    ],
    [
        0.9880684614181519,
        0.03378889337182045,
        0.15026383101940155,
        0.10592412948608398,
        -0.03408265858888626,
        0.9994187951087952,
        -0.0006206411635503173,
        -0.0007742272573523223,
        -0.15019747614860535,
        -0.004508154932409525,
        0.9886457920074463,
        -0.046970222145318985
    ],
    [
        0.9864846467971802,
        0.03569779545068741,
        0.15991757810115814,
        0.11066942662000656,
        -0.035989828407764435,
        0.9993516802787781,
        -0.0010707532055675983,
        -0.0007074851891957223,
        -0.15985211730003357,
        -0.004699124488979578,
        0.9871297478675842,
        -0.04823955520987511
    ],
    [
        0.9855177402496338,
        0.03686916083097458,
        0.16551600396633148,
        0.1137918084859848,
        -0.037190258502960205,
        0.9993075728416443,
        -0.0011598414275795221,
        -0.0009568469831719995,
        -0.16544413566589355,
        -0.0050125387497246265,
        0.9862064719200134,
        -0.04910215735435486
    ],
    [
        0.9842160940170288,
        0.03836413845419884,
        0.17276279628276825,
        0.11827084422111511,
        -0.038735177367925644,
        0.999248743057251,
        -0.001224425621330738,
        -0.0013609547168016434,
        -0.17267997562885284,
        -0.0054868976585567,
        0.9849627017974854,
        -0.05058107152581215
    ],
    [
        0.9825553297996521,
        0.040199317038059235,
        0.18157432973384857,
        0.12421022355556488,
        -0.04061411693692207,
        0.9991738796234131,
        -0.0014346244279295206,
        -0.0016801240853965282,
        -0.1814820021390915,
        -0.005964883137494326,
        0.9833760857582092,
        -0.05262207239866257
    ]
]