[
    [
        0.9999991059303284,
        0.0004977160133421421,
        0.0013294343370944262,
        -0.02915976755321026,
        -0.0004515009932219982,
        0.999403178691864,
        -0.034539833664894104,
        0.16198387742042542,
        -0.00134583271574229,
        0.03453919664025307,
        0.9994024038314819,
        -0.17733536660671234
    ],
    [
        0.999999463558197,
        0.0005765642854385078,
        0.0008244867785833776,
        -0.038712602108716965,
        -0.0005387706914916635,
        0.9989811182022095,
        -0.04512646049261093,
        0.2034848928451538,
        -0.0008496652590110898,
        0.045125991106033325,
        0.9989809393882751,
        -0.331856906414032
    ],
    [
        0.9999996423721313,
        0.0006349472678266466,
        0.0005172510864213109,
        -0.051574669778347015,
        -0.0006075198180042207,
        0.9986779093742371,
        -0.05140233784914017,
        0.24895966053009033,
        -0.0005492048221640289,
        0.051402006298303604,
        0.9986777901649475,
        -0.502159833908081
    ],
    [
        0.9999997615814209,
        0.0005777622573077679,
        -0.000312893302179873,
        -0.059019554406404495,
        -0.0005936387460678816,
        0.9985744953155518,
        -0.053373586386442184,
        0.291734516620636,
        0.00028160976944491267,
        0.05337376520037651,
        0.9985746145248413,
        -0.6613747477531433
    ],
    [
        0.9999991655349731,
        0.0007621321710757911,
        -0.0010455303126946092,
        -0.06638077646493912,
        -0.0008173030219040811,
        0.9985501766204834,
        -0.05382465571165085,
        0.33817145228385925,
        0.0010029934346675873,
        0.053825464099645615,
        0.99854975938797,
        -0.8356538414955139
    ],
    [
        0.9999985098838806,
        0.0011568061308935285,
        -0.0013182602124288678,
        -0.07457291334867477,
        -0.0012253528693690896,
        0.9985808730125427,
        -0.053241804242134094,
        0.37908971309661865,
        0.0012547988444566727,
        0.05324333533644676,
        0.998580813407898,
        -0.9958279728889465
    ],
    [
        0.9999979734420776,
        0.001396382343955338,
        -0.001506384345702827,
        -0.08359657973051071,
        -0.0014733396237716079,
        0.9986271858215332,
        -0.05235804244875908,
        0.4249940812587738,
        0.0014312044950202107,
        0.05236014723777771,
        0.9986273050308228,
        -1.179518222808838
    ],
    [
        0.9999979734420776,
        0.0013950219145044684,
        -0.0015546026406809688,
        -0.09407267719507217,
        -0.0014727636007592082,
        0.9986882209777832,
        -0.051182277500629425,
        0.4736388325691223,
        0.0014811634318903089,
        0.051184456795454025,
        0.9986881613731384,
        -1.3611024618148804
    ],
    [
        0.9999978542327881,
        0.0014311423292383552,
        -0.0014804222155362368,
        -0.10483522713184357,
        -0.001504254643805325,
        0.9987165927886963,
        -0.05062415078282356,
        0.5185312628746033,
        0.0014060717076063156,
        0.05062626302242279,
        0.9987166523933411,
        -1.5250756740570068
    ],
    [
        0.9999967813491821,
        0.002208156045526266,
        -0.0013188302982598543,
        -0.11956585943698883,
        -0.0022700035478919744,
        0.9988012909889221,
        -0.04889693856239319,
        0.5648136734962463,
        0.0012092780089005828,
        0.04889976978302002,
        0.998802900314331,
        -1.6993107795715332
    ],
    [
        0.9999970197677612,
        0.0021809651516377926,
        -0.0011478298110887408,
        -0.13483022153377533,
        -0.0022334828972816467,
        0.9988478422164917,
        -0.04793725907802582,
        0.6058952808380127,
        0.0010419600876048207,
        0.047939665615558624,
        0.998849630355835,
        -1.855281114578247
    ],
    [
        0.9999972581863403,
        0.002112570684403181,
        -0.0010644913418218493,
        -0.15187107026576996,
        -0.0021607158705592155,
        0.9988706111907959,
        -0.04746471717953682,
        0.6504274606704712,
        0.0009630152489989996,
        0.047466885298490524,
        0.9988723397254944,
        -2.022738218307495
    ],
    [
        0.9999984502792358,
        0.0016573227476328611,
        -0.0006123170023784041,
        -0.1698371320962906,
        -0.0016845350619405508,
        0.9988700151443481,
        -0.04749532788991928,
        0.6929056644439697,
        0.0005329090054146945,
        0.047496289014816284,
        0.9988712668418884,
        -2.186947822570801
    ],
    [
        0.9999986886978149,
        0.0016500994097441435,
        -0.00028691894840449095,
        -0.18480703234672546,
        -0.0016618266236037016,
        0.9988788366317749,
        -0.04731004685163498,
        0.7301475405693054,
        0.00020853303431067616,
        0.04731044918298721,
        0.9988802671432495,
        -2.334587335586548
    ],
    [
        0.9999993443489075,
        0.0012305201962590218,
        0.00015747746510896832,
        -0.19997288286685944,
        -0.0012215650640428066,
        0.9988512992858887,
        -0.047902677208185196,
        0.7739099860191345,
        -0.0002162403252441436,
        0.047902435064315796,
        0.9988518953323364,
        -2.4983623027801514
    ],
    [
        0.9999995231628418,
        0.0005724424845539033,
        0.0007972277817316353,
        -0.21363693475723267,
        -0.0005332565633580089,
        0.9988320469856262,
        -0.04831396043300629,
        0.8149604797363281,
        -0.0008239529561251402,
        0.04831350967288017,
        0.9988319277763367,
        -2.6538186073303223
    ],
    [
        0.9999988079071045,
        0.000414087378885597,
        0.0015272160526365042,
        -0.22721247375011444,
        -0.00033892071223817766,
        0.998803973197937,
        -0.04889441654086113,
        0.8608936071395874,
        -0.0015456379624083638,
        0.04889384284615517,
        0.9988027215003967,
        -2.821743965148926
    ],
    [
        0.999997079372406,
        -0.0003905568446498364,
        0.002402594545856118,
        -0.23691079020500183,
        0.0005101312417536974,
        0.9987505674362183,
        -0.049971312284469604,
        0.904853880405426,
        -0.0023800742346793413,
        0.04997238889336586,
        0.9987477660179138,
        -2.9766573905944824
    ],
    [
        0.9999933242797852,
        -0.0011162938317283988,
        0.0034954615402966738,
        -0.2464790940284729,
        0.0012911533704027534,
        0.9987268447875977,
        -0.05042879283428192,
        0.9515446424484253,
        -0.0034347176551818848,
        0.0504329614341259,
        0.9987215399742126,
        -3.1457297801971436
    ],
    [
        0.9999890923500061,
        -0.0019169298466295004,
        0.0042667812667787075,
        -0.2519572377204895,
        0.0021324381232261658,
        0.9986916780471802,
        -0.05109059438109398,
        1.0009799003601074,
        -0.0041632638312876225,
        0.05109914019703865,
        0.9986848831176758,
        -3.3185691833496094
    ],
    [
        0.9999878406524658,
        -0.0021705045364797115,
        0.004441400989890099,
        -0.2517142593860626,
        0.0023953833151608706,
        0.998681902885437,
        -0.05126979574561119,
        1.0447015762329102,
        -0.004324267152696848,
        0.05127982050180435,
        0.9986749887466431,
        -3.4761054515838623
    ],
    [
        0.9999879002571106,
        -0.0016270378837361932,
        0.004663722589612007,
        -0.2520899176597595,
        0.0018655293388292193,
        0.9986661672592163,
        -0.051597945392131805,
        1.0958054065704346,
        -0.004573551472276449,
        0.05160602182149887,
        0.9986570477485657,
        -3.642242908477783
    ],
    [
        0.9999825358390808,
        -0.001998926280066371,
        0.005578060634434223,
        -0.25950223207473755,
        0.00228880369104445,
        0.9986206889152527,
        -0.05245436728000641,
        1.1433582305908203,
        -0.005465514492243528,
        0.05246621370315552,
        0.9986077547073364,
        -3.7946383953094482
    ],
    [
        0.9999760389328003,
        -0.0019168802537024021,
        0.006658188998699188,
        -0.2750295400619507,
        0.0022621690295636654,
        0.9986317157745361,
        -0.052245065569877625,
        1.1922767162322998,
        -0.006548929028213024,
        0.05225886404514313,
        0.9986120462417603,
        -3.9555792808532715
    ],
    [
        0.9999712705612183,
        -0.002143610967323184,
        0.007269831839948893,
        -0.2933116555213928,
        0.0025230981409549713,
        0.9986124634742737,
        -0.05259997025132179,
        1.2402856349945068,
        -0.007146989461034536,
        0.052616555243730545,
        0.9985891580581665,
        -4.111600875854492
    ]
]