[
    [
        0.9996801614761353,
        -0.002623625798150897,
        0.025153838098049164,
        0.05605338513851166,
        0.0026705251075327396,
        0.9999947547912598,
        -0.0018310867017135024,
        0.031791117042303085,
        -0.025148902088403702,
        0.0018976744031533599,
        0.9996819496154785,
        0.401492714881897
    ],
    [
        0.9985303282737732,
        -0.002644534921273589,
        0.05413147062063217,
        0.0814645066857338,
        0.002788202604278922,
        0.999992847442627,
        -0.0025787148624658585,
        0.05149243026971817,
        -0.05412426218390465,
        0.002725853817537427,
        0.9985305070877075,
        0.5934204459190369
    ],
    [
        0.9965527057647705,
        -0.003629786893725395,
        0.08288327604532242,
        0.11803797632455826,
        0.003973179031163454,
        0.9999841451644897,
        -0.003978516906499863,
        0.06666795164346695,
        -0.08286751806735992,
        0.004294112324714661,
        0.9965512752532959,
        0.7763000130653381
    ],
    [
        0.9930998682975769,
        -0.004305223468691111,
        0.11719342321157455,
        0.16387291252613068,
        0.004898535553365946,
        0.9999766945838928,
        -0.0047751134261488914,
        0.058006882667541504,
        -0.11717011779546738,
        0.00531624024733901,
        0.9930976033210754,
        0.9842208027839661
    ],
    [
        0.9876565933227539,
        -0.0052336654625833035,
        0.15654776990413666,
        0.19128116965293884,
        0.006171926856040955,
        0.9999658465385437,
        -0.005507955327630043,
        0.0423465296626091,
        -0.15651357173919678,
        0.006406167987734079,
        0.9876550436019897,
        1.209062933921814
    ],
    [
        0.9795727133750916,
        -0.006211381871253252,
        0.20099443197250366,
        0.2104930281639099,
        0.007751180790364742,
        0.9999463558197021,
        -0.006874801591038704,
        0.04502207040786743,
        -0.20094093680381775,
        0.008292311802506447,
        0.979568362236023,
        1.3987549543380737
    ],
    [
        0.9691744446754456,
        -0.007192743010818958,
        0.24627061188220978,
        0.2523201107978821,
        0.009773221798241138,
        0.9999094009399414,
        -0.009257562458515167,
        0.06325621902942657,
        -0.2461816668510437,
        0.011379050090909004,
        0.9691568613052368,
        1.5707554817199707
    ],
    [
        0.9563864469528198,
        -0.008350798860192299,
        0.2919849455356598,
        0.3162039816379547,
        0.011939541436731815,
        0.9998735189437866,
        -0.010511070489883423,
        0.07366788387298584,
        -0.2918602228164673,
        0.013538812287151814,
        0.956365168094635,
        1.7569695711135864
    ],
    [
        0.9395509958267212,
        -0.00979617703706026,
        0.34226885437965393,
        0.39599549770355225,
        0.014428825117647648,
        0.9998354911804199,
        -0.010991509072482586,
        0.07820060849189758,
        -0.34210488200187683,
        0.01526562124490738,
        0.9395377039909363,
        1.9770084619522095
    ],
    [
        0.9225479960441589,
        -0.010144902393221855,
        0.38574913144111633,
        0.47416242957115173,
        0.016093304380774498,
        0.9997961521148682,
        -0.01219448447227478,
        0.09242293983697891,
        -0.3855467736721039,
        0.017457976937294006,
        0.9225231409072876,
        2.149831533432007
    ],
    [
        0.902763843536377,
        -0.010290526784956455,
        0.4300132989883423,
        0.5396526455879211,
        0.01736770011484623,
        0.9997705817222595,
        -0.012536277994513512,
        0.1185775101184845,
        -0.4297856092453003,
        0.018785640597343445,
        0.9027354717254639,
        2.32828950881958
    ],
    [
        0.8804728388786316,
        -0.009932384826242924,
        0.47399255633354187,
        0.6023558378219604,
        0.019079264253377914,
        0.9997130036354065,
        -0.014492295682430267,
        0.14042611420154572,
        -0.4737125337123871,
        0.02180350571870804,
        0.8804096579551697,
        2.5163521766662598
    ],
    [
        0.8548009991645813,
        -0.010482767596840858,
        0.518849790096283,
        0.6631918549537659,
        0.02102440781891346,
        0.9996746182441711,
        -0.014440266415476799,
        0.14297831058502197,
        -0.5185296535491943,
        0.02325206622481346,
        0.854743480682373,
        2.686824083328247
    ],
    [
        0.8234047293663025,
        -0.011050131171941757,
        0.5673466920852661,
        0.7146186828613281,
        0.024562682956457138,
        0.9995673298835754,
        -0.0161800105124712,
        0.15318399667739868,
        -0.5669226050376892,
        0.027258247137069702,
        0.8233199119567871,
        2.8209612369537354
    ],
    [
        0.7903129458427429,
        -0.010633982717990875,
        0.6126112341880798,
        0.7927197217941284,
        0.0271486584097147,
        0.9994751811027527,
        -0.017674390226602554,
        0.17814593017101288,
        -0.6121015548706055,
        0.030599871650338173,
        0.7901868224143982,
        2.9568068981170654
    ],
    [
        0.7563319206237793,
        -0.011601853184401989,
        0.6540852189064026,
        0.8978490829467773,
        0.030729372054338455,
        0.9993690252304077,
        -0.017806652933359146,
        0.19251084327697754,
        -0.6534658670425415,
        0.03356736898422241,
        0.7562112808227539,
        3.091359853744507
    ],
    [
        0.7153346538543701,
        -0.011231972835958004,
        0.6986919045448303,
        1.028480052947998,
        0.0334986075758934,
        0.999272346496582,
        -0.018232515081763268,
        0.20420879125595093,
        -0.6979786157608032,
        0.036447539925575256,
        0.7151904702186584,
        3.2269091606140137
    ],
    [
        0.6793936491012573,
        -0.010413969866931438,
        0.733700156211853,
        1.1278914213180542,
        0.03536130487918854,
        0.9992022514343262,
        -0.018561504781246185,
        0.2173973172903061,
        -0.7329213619232178,
        0.03855516389012337,
        0.6792199611663818,
        3.315354347229004
    ],
    [
        0.6445094347000122,
        -0.009721612557768822,
        0.764534592628479,
        1.2205172777175903,
        0.03670915961265564,
        0.9991594552993774,
        -0.018241101875901222,
        0.23652122914791107,
        -0.763714611530304,
        0.039821986109018326,
        0.644324541091919,
        3.406047821044922
    ],
    [
        0.6102009415626526,
        -0.008358766324818134,
        0.7922026515007019,
        1.3110876083374023,
        0.03771956264972687,
        0.999116837978363,
        -0.018511833623051643,
        0.25667092204093933,
        -0.7913481593132019,
        0.04117746278643608,
        0.6099773049354553,
        3.505039691925049
    ],
    [
        0.5762484073638916,
        -0.006898019462823868,
        0.8172455430030823,
        1.39199697971344,
        0.03812524676322937,
        0.9991025328636169,
        -0.018449516966938972,
        0.27090272307395935,
        -0.8163847923278809,
        0.04178918898105621,
        0.5759941935539246,
        3.584879159927368
    ],
    [
        0.5466930270195007,
        -0.005600946955382824,
        0.8373143076896667,
        1.4690837860107422,
        0.03836336359381676,
        0.99909508228302,
        -0.0183648020029068,
        0.2865772545337677,
        -0.836453914642334,
        0.042162105441093445,
        0.5464133024215698,
        3.653111219406128
    ],
    [
        0.5223991870880127,
        -0.004847621079534292,
        0.8526871800422668,
        1.5592554807662964,
        0.038103338330984116,
        0.9991176724433899,
        -0.017663942649960518,
        0.30034109950065613,
        -0.8518492579460144,
        0.04171787574887276,
        0.5221230387687683,
        3.7197928428649902
    ],
    [
        0.5018923282623291,
        -0.00468396907672286,
        0.8649173378944397,
        1.6625854969024658,
        0.03775766119360924,
        0.9991506934165955,
        -0.016499020159244537,
        0.3035772144794464,
        -0.8641055822372437,
        0.040937986224889755,
        0.5016429424285889,
        3.781909942626953
    ],
    [
        0.4793280363082886,
        -0.00412953132763505,
        0.8776260614395142,
        1.7906742095947266,
        0.03712761774659157,
        0.9991890788078308,
        -0.015576258301734924,
        0.30007246136665344,
        -0.8768501877784729,
        0.04005029797554016,
        0.47909268736839294,
        3.8343276977539062
    ]
]