[
    [
        0.9764651656150818,
        0.007711821235716343,
        -0.21553726494312286,
        -0.10970815271139145,
        -0.008329164236783981,
        0.9999633431434631,
        -0.0019560358487069607,
        0.00862709991633892,
        0.21551427245140076,
        0.0037052459083497524,
        0.9764936566352844,
        0.03545759618282318
    ],
    [
        0.9609546065330505,
        0.01071383897215128,
        -0.27649837732315063,
        -0.16766443848609924,
        -0.009529752656817436,
        0.9999387264251709,
        0.005625797901302576,
        0.013182765804231167,
        0.27654170989990234,
        -0.0027711759321391582,
        0.9609978795051575,
        0.04457877203822136
    ],
    [
        0.9398601055145264,
        0.01627472974359989,
        -0.3411716818809509,
        -0.2552790641784668,
        -0.012075698003172874,
        0.9998230338096619,
        0.01442787703126669,
        0.020940717309713364,
        0.34134605526924133,
        -0.009440300054848194,
        0.9398903846740723,
        0.06360938400030136
    ],
    [
        0.9190360307693481,
        0.02269241213798523,
        -0.39351996779441833,
        -0.3806154131889343,
        -0.015504655428230762,
        0.9996500611305237,
        0.021435081958770752,
        0.031763963401317596,
        0.39386865496635437,
        -0.01359822042286396,
        0.9190661311149597,
        0.10279980301856995
    ],
    [
        0.8911823630332947,
        0.030782397836446762,
        -0.4525996446609497,
        -0.5082625150680542,
        -0.01938222162425518,
        0.9993677735328674,
        0.029805243015289307,
        0.04688539355993271,
        0.45323097705841064,
        -0.01778952032327652,
        0.8912155032157898,
        0.16448260843753815
    ],
    [
        0.854828953742981,
        0.03861897811293602,
        -0.5174708366394043,
        -0.6042754650115967,
        -0.021095896139740944,
        0.9989887475967407,
        0.03970568627119064,
        0.050999242812395096,
        0.5184808969497681,
        -0.02302505448460579,
        0.8547791242599487,
        0.2570708394050598
    ],
    [
        0.8062740564346313,
        0.044913262128829956,
        -0.5898346900939941,
        -0.7035049200057983,
        -0.0220791008323431,
        0.9987035989761353,
        0.04586578160524368,
        0.04848671332001686,
        0.5911300182342529,
        -0.02395736798644066,
        0.8062204718589783,
        0.36354100704193115
    ],
    [
        0.7676020860671997,
        0.04520948976278305,
        -0.6393303871154785,
        -0.8266180157661438,
        -0.020954420790076256,
        0.9987460970878601,
        0.045466549694538116,
        0.053409550338983536,
        0.6405841708183289,
        -0.021503416821360588,
        0.7675867676734924,
        0.47456708550453186
    ],
    [
        0.7473720908164978,
        0.040633875876665115,
        -0.6631620526313782,
        -0.9506568908691406,
        -0.018801070749759674,
        0.9990218281745911,
        0.04002450406551361,
        0.048712145537137985,
        0.6641396880149841,
        -0.017445040866732597,
        0.7474048733711243,
        0.5844600200653076
    ],
    [
        0.736651599407196,
        0.034035466611385345,
        -0.6754154562950134,
        -1.0683084726333618,
        -0.014559400267899036,
        0.9992994666099548,
        0.034477170556783676,
        0.04086153581738472,
        0.6761157512664795,
        -0.015564017929136753,
        0.7366310954093933,
        0.7192067503929138
    ],
    [
        0.7349658012390137,
        0.03141114488244057,
        -0.6773761510848999,
        -1.1780441999435425,
        -0.012176656164228916,
        0.9993768334388733,
        0.03313099220395088,
        0.025399373844265938,
        0.6779947280883789,
        -0.016101976856589317,
        0.7348904013633728,
        0.8644834756851196
    ],
    [
        0.7581321597099304,
        0.030700845643877983,
        -0.6513778567314148,
        -1.2888380289077759,
        -0.012353874742984772,
        0.9993880391120911,
        0.0327247716486454,
        0.01968051865696907,
        0.651983916759491,
        -0.016762658953666687,
        0.7580475211143494,
        1.002054214477539
    ],
    [
        0.7931315302848816,
        0.03244985640048981,
        -0.6081852316856384,
        -1.4409040212631226,
        -0.015116793103516102,
        0.9993208646774292,
        0.03360523656010628,
        0.016295306384563446,
        0.6088626980781555,
        -0.017459562048316002,
        0.7930834889411926,
        1.1257152557373047
    ],
    [
        0.8280194997787476,
        0.029962176457047462,
        -0.5598980784416199,
        -1.5702285766601562,
        -0.014349019154906273,
        0.9993765354156494,
        0.03225984424352646,
        0.010540677234530449,
        0.5605155825614929,
        -0.018677793443202972,
        0.8279333114624023,
        1.2259979248046875
    ],
    [
        0.8638817071914673,
        0.027587778866291046,
        -0.5029387474060059,
        -1.7109789848327637,
        -0.01224452443420887,
        0.9993541240692139,
        0.033785708248615265,
        0.0018219947814941406,
        0.503545880317688,
        -0.02302861027419567,
        0.8636614680290222,
        1.352962851524353
    ],
    [
        0.8924474120140076,
        0.024934612214565277,
        -0.45046186447143555,
        -1.8320159912109375,
        -0.009133610874414444,
        0.9992654323577881,
        0.03721744194626808,
        -0.016722802072763443,
        0.45105883479118347,
        -0.029100263491272926,
        0.8920196294784546,
        1.4816980361938477
    ],
    [
        0.9193594455718994,
        0.024818960577249527,
        -0.3926348388195038,
        -1.9793375730514526,
        -0.008841781876981258,
        0.9990594983100891,
        0.04244871437549591,
        -0.01947847567498684,
        0.39331912994384766,
        -0.03555403649806976,
        0.9187143445014954,
        1.632265567779541
    ],
    [
        0.942427396774292,
        0.02377888932824135,
        -0.33356404304504395,
        -2.1144535541534424,
        -0.008934278972446918,
        0.9989028573036194,
        0.04596687853336334,
        0.0023439719807356596,
        0.3342912793159485,
        -0.04034029319882393,
        0.9416061043739319,
        1.778019905090332
    ],
    [
        0.9625318050384521,
        0.01615716516971588,
        -0.2706872522830963,
        -2.2297701835632324,
        -0.002974571892991662,
        0.9987923502922058,
        0.04904010519385338,
        0.02326265163719654,
        0.27115264534950256,
        -0.04639747366309166,
        0.9614174365997314,
        1.9642009735107422
    ],
    [
        0.9779428243637085,
        0.007010530214756727,
        -0.2087552398443222,
        -2.3381972312927246,
        0.002991064917296171,
        0.9988640546798706,
        0.04755641147494316,
        0.021776463836431503,
        0.20885154604911804,
        -0.04713185504078865,
        0.9768109917640686,
        2.1934375762939453
    ],
    [
        0.9881162047386169,
        0.001966749783605337,
        -0.15369641780853271,
        -2.4451746940612793,
        0.004551770631223917,
        0.9991052150726318,
        0.042048241943120956,
        0.024908404797315598,
        0.15364161133766174,
        -0.042248137295246124,
        0.9872231483459473,
        2.4192309379577637
    ],
    [
        0.9940694570541382,
        0.0005231787799857557,
        -0.10874570906162262,
        -2.5428483486175537,
        0.0036103087477385998,
        0.9992784857749939,
        0.03781012073159218,
        0.01627502217888832,
        0.10868718475103378,
        -0.037978485226631165,
        0.9933502078056335,
        2.669955015182495
    ],
    [
        0.9951807260513306,
        -0.00358777679502964,
        -0.09799215197563171,
        -2.5713541507720947,
        0.006551047787070274,
        0.9995304346084595,
        0.02993488498032093,
        0.015410258434712887,
        0.09783871471881866,
        -0.030432572588324547,
        0.994736909866333,
        2.910588264465332
    ],
    [
        0.9951886534690857,
        -0.00039511386421509087,
        -0.09797694534063339,
        -2.5741868019104004,
        0.0029354842845350504,
        0.999663233757019,
        0.025785434991121292,
        0.006890412420034409,
        0.09793377667665482,
        -0.02594897896051407,
        0.9948545694351196,
        3.1961305141448975
    ],
    [
        0.9933450222015381,
        0.010725227184593678,
        -0.11467645317316055,
        -2.581935167312622,
        -0.008119617588818073,
        0.9996986389160156,
        0.02316441759467125,
        1.3608175322588068e-05,
        0.11489032208919525,
        -0.02207913249731064,
        0.9931329488754272,
        3.4847702980041504
    ]
]