[
    [
        0.9923236966133118,
        0.023507459089159966,
        0.12141299992799759,
        -0.3773193955421448,
        -0.024787478148937225,
        0.9996518492698669,
        0.009042898193001747,
        0.010311891324818134,
        -0.1211581602692604,
        -0.01198300439864397,
        0.9925609230995178,
        0.19819289445877075
    ],
    [
        0.9881099462509155,
        0.025582322850823402,
        0.15160556137561798,
        -0.4579038918018341,
        -0.027386078611016273,
        0.9995766282081604,
        0.009821288287639618,
        0.01181601732969284,
        -0.1512901335954666,
        -0.013856393285095692,
        0.9883922934532166,
        0.24303965270519257
    ],
    [
        0.981892466545105,
        0.027443651109933853,
        0.18744108080863953,
        -0.5576768517494202,
        -0.02951066754758358,
        0.9995304942131042,
        0.008245445787906647,
        0.007259462960064411,
        -0.1871267706155777,
        -0.013627653010189533,
        0.9822412133216858,
        0.2951374351978302
    ],
    [
        0.9741856455802917,
        0.026774873957037926,
        0.22415469586849213,
        -0.6563517451286316,
        -0.028414789587259293,
        0.9995877742767334,
        0.004092898685485125,
        0.008413780480623245,
        -0.2239527404308319,
        -0.010356551967561245,
        0.9745449423789978,
        0.3445671498775482
    ],
    [
        0.9650196433067322,
        0.025295034050941467,
        0.26095467805862427,
        -0.7595783472061157,
        -0.02551247924566269,
        0.999671220779419,
        -0.0025547530967742205,
        0.004488136153668165,
        -0.2609334886074066,
        -0.004192213993519545,
        0.9653475880622864,
        0.3932822048664093
    ],
    [
        0.9566860795021057,
        0.02119317464530468,
        0.29034918546676636,
        -0.8415291905403137,
        -0.02001231536269188,
        0.9997749924659729,
        -0.007036024704575539,
        0.009287566877901554,
        -0.29043298959732056,
        0.0009207068360410631,
        0.9568949341773987,
        0.4359518885612488
    ],
    [
        0.9459702372550964,
        0.01396931428462267,
        0.3239521384239197,
        -0.9395544528961182,
        -0.010619578883051872,
        0.9998703598976135,
        -0.0121057890355587,
        0.005195354577153921,
        -0.3240792453289032,
        0.008011480793356895,
        0.9459960460662842,
        0.4879370331764221
    ],
    [
        0.9328067302703857,
        0.00461342791095376,
        0.36034753918647766,
        -1.0338350534439087,
        0.0013163074618205428,
        0.9998677372932434,
        -0.016208456829190254,
        0.004885207861661911,
        -0.36037468910217285,
        0.015593687072396278,
        0.9326773285865784,
        0.5386958718299866
    ],
    [
        0.9171926379203796,
        -0.005191936623305082,
        0.398410439491272,
        -1.1302849054336548,
        0.014443288557231426,
        0.9996912479400635,
        -0.020222729071974754,
        0.0023611546494066715,
        -0.3981824219226837,
        0.024302495643496513,
        0.9169842600822449,
        0.5881475210189819
    ],
    [
        0.9022736549377441,
        -0.014468756504356861,
        0.43092086911201477,
        -1.206138253211975,
        0.02648920565843582,
        0.9994090795516968,
        -0.02190728299319744,
        0.002555666258558631,
        -0.4303492307662964,
        0.03118111751973629,
        0.902123749256134,
        0.6299569606781006
    ],
    [
        0.8831988573074341,
        -0.024948960170149803,
        0.46833446621894836,
        -1.298585295677185,
        0.039467569440603256,
        0.9989956617355347,
        -0.021210938692092896,
        0.006243066396564245,
        -0.4673348665237427,
        0.03721749782562256,
        0.8832966685295105,
        0.6851511001586914
    ],
    [
        0.8627933263778687,
        -0.03390664979815483,
        0.5044186115264893,
        -1.3880934715270996,
        0.05036507174372673,
        0.9985496401786804,
        -0.019026199355721474,
        0.004381928127259016,
        -0.5030419230461121,
        0.04182075709104538,
        0.8632495999336243,
        0.7382960319519043
    ],
    [
        0.840582549571991,
        -0.040198225528001785,
        0.5401899218559265,
        -1.4819239377975464,
        0.0588969811797142,
        0.9981129169464111,
        -0.017374273389577866,
        0.006168016232550144,
        -0.5384721159934998,
        0.04642006754875183,
        0.841363787651062,
        0.7875715494155884
    ],
    [
        0.8220826983451843,
        -0.0425674244761467,
        0.5677746534347534,
        -1.5616271495819092,
        0.0634082704782486,
        0.9978429079055786,
        -0.016998352482914925,
        0.0018179818289354444,
        -0.5658263564109802,
        0.04997565969824791,
        0.8230085372924805,
        0.8260353207588196
    ],
    [
        0.8002667427062988,
        -0.04515370354056358,
        0.5979418158531189,
        -1.6561558246612549,
        0.06782545149326324,
        0.9975776672363281,
        -0.01544319186359644,
        0.009067677892744541,
        -0.5957961678504944,
        0.05291435495018959,
        0.8013907074928284,
        0.872464120388031
    ],
    [
        0.77988600730896,
        -0.04350307583808899,
        0.6244078278541565,
        -1.755363941192627,
        0.06788862496614456,
        0.9975757598876953,
        -0.015290947631001472,
        0.00845237635076046,
        -0.6222289800643921,
        0.05431539565324783,
        0.7809487581253052,
        0.9171236157417297
    ],
    [
        0.7607555985450745,
        -0.04049044847488403,
        0.6477742195129395,
        -1.8544673919677734,
        0.06570526957511902,
        0.9977292418479919,
        -0.014800118282437325,
        0.012762537226080894,
        -0.6457039713859558,
        0.053821444511413574,
        0.7616886496543884,
        0.9603990316390991
    ],
    [
        0.7442552447319031,
        -0.03698205202817917,
        0.666870653629303,
        -1.9380455017089844,
        0.06201191991567612,
        0.9979791045188904,
        -0.013863828964531422,
        0.007043942343443632,
        -0.6650102138519287,
        0.051672156900167465,
        0.7450445890426636,
        0.9968613982200623
    ],
    [
        0.7234836220741272,
        -0.033942628651857376,
        0.6895066499710083,
        -2.03497052192688,
        0.056852370500564575,
        0.9983273148536682,
        -0.010508826933801174,
        0.009480009786784649,
        -0.6879965662956238,
        0.04680304974317551,
        0.7242030501365662,
        1.0449823141098022
    ],
    [
        0.7037903666496277,
        -0.030034935101866722,
        0.7097725868225098,
        -2.1340250968933105,
        0.048158835619688034,
        0.9988246560096741,
        -0.005486390087753534,
        0.009358661249279976,
        -0.7087736129760742,
        0.03804308921098709,
        0.7044095396995544,
        1.0999596118927002
    ],
    [
        0.6844031810760498,
        -0.026691077277064323,
        0.7286151051521301,
        -2.2301528453826904,
        0.04014099761843681,
        0.9991934299468994,
        -0.0011021976824849844,
        0.010812808759510517,
        -0.7279980182647705,
        0.03000168316066265,
        0.6849225163459778,
        1.1494154930114746
    ],
    [
        0.6687113046646118,
        -0.023095181211829185,
        0.7431634664535522,
        -2.3177707195281982,
        0.03301102668046951,
        0.9994540214538574,
        0.0013559970539063215,
        0.008799608796834946,
        -0.7427889704704285,
        0.0236258152872324,
        0.6691086292266846,
        1.1915429830551147
    ],
    [
        0.6523787379264832,
        -0.020359957590699196,
        0.7576195597648621,
        -2.416822671890259,
        0.026242416352033615,
        0.9996465444564819,
        0.004267003852874041,
        0.005722170230001211,
        -0.7574386596679688,
        0.017098065465688705,
        0.6526824831962585,
        1.2415591478347778
    ],
    [
        0.6391950249671936,
        -0.019983958452939987,
        0.7687849998474121,
        -2.5153794288635254,
        0.020901624113321304,
        0.9997445344924927,
        0.008609222248196602,
        0.006698062177747488,
        -0.768760621547699,
        0.010565881617367268,
        0.639449417591095,
        1.2955472469329834
    ],
    [
        0.6305361390113831,
        -0.01962331123650074,
        0.7759117484092712,
        -2.612694501876831,
        0.01830822415649891,
        0.9997782111167908,
        0.010407060384750366,
        0.0053832633420825005,
        -0.7759439945220947,
        0.007643541321158409,
        0.630755603313446,
        1.3434135913848877
    ]
]