[
    [
        0.9999257326126099,
        -0.001059189671650529,
        0.012147015891969204,
        0.058166779577732086,
        0.0010663275606930256,
        0.9999992847442627,
        -0.0005812075105495751,
        0.006316137965768576,
        -0.012146390043199062,
        0.0005941165145486593,
        0.9999260902404785,
        -0.025674672797322273
    ],
    [
        0.9997135996818542,
        -0.0017537105595692992,
        0.0238698348402977,
        0.0784563273191452,
        0.0017676103161647916,
        0.9999982118606567,
        -0.000561211199965328,
        0.005292887333780527,
        -0.023868810385465622,
        0.00060324277728796,
        0.9997149109840393,
        -0.026921575888991356
    ],
    [
        0.9993548393249512,
        -0.0023184828460216522,
        0.035837315022945404,
        0.10029973834753036,
        0.0023261383175849915,
        0.9999973177909851,
        -0.0001719133579172194,
        0.0038897197227925062,
        -0.03583681955933571,
        0.00025516567984595895,
        0.9993576407432556,
        -0.02834836207330227
    ],
    [
        0.9987805485725403,
        -0.0030575937125831842,
        0.04927567020058632,
        0.12148532271385193,
        0.0030589764937758446,
        0.9999953508377075,
        4.733983951155096e-05,
        0.003101882990449667,
        -0.049275584518909454,
        0.0001034508750308305,
        0.9987851977348328,
        -0.028811663389205933
    ],
    [
        0.9979552030563354,
        -0.003599507035687566,
        0.06381598860025406,
        0.1410488337278366,
        0.0036046472378075123,
        0.9999934434890747,
        3.4581888030515984e-05,
        0.0019356756238266826,
        -0.06381569802761078,
        0.00019552289450075477,
        0.9979616403579712,
        -0.029249202460050583
    ],
    [
        0.9968906044960022,
        -0.00452429661527276,
        0.07866734266281128,
        0.16028979420661926,
        0.0045537459664046764,
        0.9999896287918091,
        -0.00019495912420097739,
        0.0016162031097337604,
        -0.07866563647985458,
        0.0005525838932953775,
        0.9969009160995483,
        -0.03011983633041382
    ],
    [
        0.9953974485397339,
        -0.005017031449824572,
        0.09570232033729553,
        0.1847553700208664,
        0.005044871009886265,
        0.9999873638153076,
        -4.8936475650407374e-05,
        0.0009102579788304865,
        -0.09570086747407913,
        0.000531517609488219,
        0.9954100251197815,
        -0.031169109046459198
    ],
    [
        0.9939795136451721,
        -0.005657684523612261,
        0.10941985994577408,
        0.20616520941257477,
        0.005703676026314497,
        0.9999837279319763,
        -0.000107334773929324,
        0.001488726120442152,
        -0.10941746830940247,
        0.0007307832129299641,
        0.9939956068992615,
        -0.031872812658548355
    ],
    [
        0.9922641515731812,
        -0.006038656458258629,
        0.1239970475435257,
        0.22774098813533783,
        0.006092631258070469,
        0.9999813437461853,
        -5.609463914879598e-05,
        0.0012708979193121195,
        -0.12399441003799438,
        0.0008111294009722769,
        0.9922826886177063,
        -0.03180958703160286
    ],
    [
        0.9902430772781372,
        -0.006257105618715286,
        0.1392105370759964,
        0.2502264380455017,
        0.006313185673207045,
        0.9999800324440002,
        3.873815148836002e-05,
        0.0013101361691951752,
        -0.13920800387859344,
        0.000840502034407109,
        0.9902627468109131,
        -0.03217005357146263
    ],
    [
        0.9881112575531006,
        -0.006854110863059759,
        0.15358766913414001,
        0.27136197686195374,
        0.006897635757923126,
        0.9999762177467346,
        0.00024947774363681674,
        0.0016612122999504209,
        -0.15358571708202362,
        0.0008128797053359449,
        0.9881349802017212,
        -0.033271271735429764
    ],
    [
        0.9859030842781067,
        -0.007388419937342405,
        0.1671539545059204,
        0.2919387221336365,
        0.007418975234031677,
        0.9999723434448242,
        0.00044165513827465475,
        0.0014019249938428402,
        -0.16715261340141296,
        0.0008046821458265185,
        0.9859306812286377,
        -0.0357089564204216
    ],
    [
        0.9831228852272034,
        -0.007824266329407692,
        0.18277867138385773,
        0.31848952174186707,
        0.007839583791792393,
        0.9999690651893616,
        0.0006387510220520198,
        0.0010726455366238952,
        -0.182778000831604,
        0.0008049377938732505,
        0.9831538796424866,
        -0.038706615567207336
    ],
    [
        0.9802005290985107,
        -0.008115026168525219,
        0.1978408247232437,
        0.34545570611953735,
        0.008112427778542042,
        0.9999668002128601,
        0.0008236441644839942,
        0.0005991548532620072,
        -0.19784092903137207,
        0.0007976330816745758,
        0.9802338480949402,
        -0.04116608947515488
    ],
    [
        0.9777262210845947,
        -0.008654100820422173,
        0.20970629155635834,
        0.36717459559440613,
        0.008634032681584358,
        0.9999622106552124,
        0.0010111958254128695,
        0.0005827386048622429,
        -0.2097071260213852,
        0.0008219381561502814,
        0.9777638912200928,
        -0.042892880737781525
    ],
    [
        0.9750107526779175,
        -0.008770783431828022,
        0.22198455035686493,
        0.3910563588142395,
        0.008741180412471294,
        0.9999611377716064,
        0.0011158338747918606,
        0.0006522470503114164,
        -0.22198569774627686,
        0.0008524568402208388,
        0.9750494956970215,
        -0.04377240315079689
    ],
    [
        0.9728421568870544,
        -0.008751463145017624,
        0.23130401968955994,
        0.41188517212867737,
        0.008838467299938202,
        0.9999607801437378,
        0.0006601080531254411,
        0.000587706919759512,
        -0.2313007116317749,
        0.001402192167006433,
        0.9728811979293823,
        -0.0453093983232975
    ],
    [
        0.9706343412399292,
        -0.009138896130025387,
        0.24038591980934143,
        0.43243423104286194,
        0.00923852063715458,
        0.9999570250511169,
        0.000712514971382916,
        0.0008745694067329168,
        -0.2403821051120758,
        0.001529218629002571,
        0.9706771969795227,
        -0.04621941223740578
    ],
    [
        0.9679245352745056,
        -0.009349972009658813,
        0.2510668635368347,
        0.45623597502708435,
        0.009541082195937634,
        0.9999542832374573,
        0.0004560457600746304,
        0.0005284411599859595,
        -0.2510596811771393,
        0.001954031642526388,
        0.9679696559906006,
        -0.04754975438117981
    ],
    [
        0.9656820297241211,
        -0.009513730183243752,
        0.25955289602279663,
        0.47603675723075867,
        0.009755834005773067,
        0.9999523162841797,
        0.00035539406235329807,
        0.0003649312420748174,
        -0.25954392552375793,
        0.0021889570634812117,
        0.9657288789749146,
        -0.04855084419250488
    ],
    [
        0.9635213613510132,
        -0.009569870308041573,
        0.2674601674079895,
        0.4932129383087158,
        0.00978108961135149,
        0.9999520778656006,
        0.0005425898707471788,
        0.0002355533797526732,
        -0.26745253801345825,
        0.002093255054205656,
        0.9635687470436096,
        -0.04942142218351364
    ],
    [
        0.9617622494697571,
        -0.009897861629724503,
        0.2737064063549042,
        0.5113021731376648,
        0.010008983314037323,
        0.9999493956565857,
        0.0009904656326398253,
        0.0003244689432904124,
        -0.27370238304138184,
        0.0017869307193905115,
        0.9618126749992371,
        -0.05013328045606613
    ],
    [
        0.9600313305854797,
        -0.010076002217829227,
        0.2797110974788666,
        0.5284864902496338,
        0.010194976814091206,
        0.9999475479125977,
        0.0010295467218384147,
        0.00011265430657658726,
        -0.27970677614212036,
        0.0018632516730576754,
        0.9600836634635925,
        -0.05085357651114464
    ],
    [
        0.9587640166282654,
        -0.010438895784318447,
        0.2840118408203125,
        0.5446884036064148,
        0.010445724241435528,
        0.9999443292617798,
        0.0014905353309586644,
        1.777426223270595e-05,
        -0.2840116322040558,
        0.0015376376686617732,
        0.958819568157196,
        -0.05115325003862381
    ],
    [
        0.957645058631897,
        -0.010740133002400398,
        0.28775057196617126,
        0.5626624822616577,
        0.010619067586958408,
        0.9999415874481201,
        0.0019815994892269373,
        -8.079879626166075e-05,
        -0.2877551019191742,
        0.001157974125817418,
        0.9577032327651978,
        -0.05153129622340202
    ]
]