[
    [
        0.999999463558197,
        0.0006375541561283171,
        -0.0009234799654223025,
        -0.04077783599495888,
        -0.0006378610269166529,
        0.9999997615814209,
        -0.00033210619585588574,
        -0.000781152630224824,
        0.0009232680895365775,
        0.0003326948790345341,
        0.9999995231628418,
        0.0036714619491249323
    ],
    [
        0.9999991059303284,
        0.0009346581064164639,
        -0.0009026891202665865,
        -0.061075471341609955,
        -0.0009351097396574914,
        0.9999994039535522,
        -0.0005002313409931958,
        -0.0007718460401520133,
        0.0009022210142575204,
        0.0005010757013224065,
        0.9999995231628418,
        0.0018447277834638953
    ],
    [
        0.9999991655349731,
        0.001233553164638579,
        -0.0005418313085101545,
        -0.08237939327955246,
        -0.001233939896337688,
        0.9999989867210388,
        -0.0007123191026039422,
        -0.000691471213940531,
        0.0005409518489614129,
        0.0007129869773052633,
        0.9999996423721313,
        -1.8350261598243378e-05
    ],
    [
        0.9999987483024597,
        0.0015583456261083484,
        2.5296822059317492e-05,
        -0.10491993278265,
        -0.0015583224594593048,
        0.9999983906745911,
        -0.0008702935883775353,
        -0.000406071514589712,
        -2.6653178792912513e-05,
        0.0008702535997144878,
        0.9999996423721313,
        -0.0017243740148842335
    ],
    [
        0.9999980330467224,
        0.001930478261783719,
        0.000422650104155764,
        -0.12824663519859314,
        -0.0019302322762086987,
        0.9999979734420776,
        -0.0005816359771415591,
        -0.0001629744074307382,
        -0.00042377199861221015,
        0.0005808190326206386,
        0.9999997615814209,
        -0.003394537139683962
    ],
    [
        0.9999974370002747,
        0.002087462693452835,
        0.0009282280225306749,
        -0.1523100882768631,
        -0.0020870252046734095,
        0.999997615814209,
        -0.00047237941180355847,
        0.00010490059503354132,
        -0.0009292119066230953,
        0.00047044045641086996,
        0.9999994039535522,
        -0.005247567314654589
    ],
    [
        0.9999962449073792,
        0.0023766730446368456,
        0.0013272984651848674,
        -0.18174520134925842,
        -0.0023763852659612894,
        0.9999971985816956,
        -0.00021848100004717708,
        0.000439490657299757,
        -0.0013278145343065262,
        0.00021532604296226054,
        0.9999991655349731,
        -0.007265337277203798
    ],
    [
        0.9999951720237732,
        0.0025761767756193876,
        0.0017110345652326941,
        -0.2061571329832077,
        -0.002576035214588046,
        0.9999966621398926,
        -8.506208541803062e-05,
        0.0004262018483132124,
        -0.0017112474888563156,
        8.065491419984028e-05,
        0.9999985694885254,
        -0.009202009066939354
    ],
    [
        0.999994158744812,
        0.002745154546573758,
        0.0020597646944224834,
        -0.23057588934898376,
        -0.002744917292147875,
        0.9999961853027344,
        -0.00011771055869758129,
        0.0006429622299037874,
        -0.002060080412775278,
        0.0001120554079534486,
        0.9999978542327881,
        -0.010981501080095768
    ],
    [
        0.999992311000824,
        0.0030178867746144533,
        0.0025153604801744223,
        -0.25577762722969055,
        -0.0030175906140357256,
        0.9999954700469971,
        -0.00012127725494792685,
        0.0006164907244965434,
        -0.0025157155469059944,
        0.00011368573177605867,
        0.9999967813491821,
        -0.012914777733385563
    ],
    [
        0.9999900460243225,
        0.0033788057044148445,
        0.002949794987216592,
        -0.2817516624927521,
        -0.00337822618894279,
        0.9999942183494568,
        -0.0002015070931520313,
        0.0007134239422157407,
        -0.0029504590202122927,
        0.00019153988978359848,
        0.9999955892562866,
        -0.014956220984458923
    ],
    [
        0.999987006187439,
        0.0036197355948388577,
        0.003593617817386985,
        -0.30635327100753784,
        -0.0036188499070703983,
        0.9999933838844299,
        -0.0002529890334699303,
        0.0007678771507926285,
        -0.0035945100244134665,
        0.0002399819204583764,
        0.9999934434890747,
        -0.01668117195367813
    ],
    [
        0.9999834299087524,
        0.003870753338560462,
        0.004277479834854603,
        -0.33605366945266724,
        -0.003869702573865652,
        0.9999924302101135,
        -0.00025404576444998384,
        0.0013049803674221039,
        -0.004278430715203285,
        0.0002374891482759267,
        0.999990701675415,
        -0.01890024170279503
    ],
    [
        0.999980628490448,
        0.003977079410105944,
        0.004807471297681332,
        -0.36170628666877747,
        -0.003976968117058277,
        0.9999921321868896,
        -3.2560794352320954e-05,
        0.0015095259295776486,
        -0.004807563032954931,
        1.344020802207524e-05,
        0.9999884366989136,
        -0.02052660658955574
    ],
    [
        0.9999778270721436,
        0.004061670508235693,
        0.005278673488646746,
        -0.3887491822242737,
        -0.004061778075993061,
        0.999991774559021,
        9.822415449889377e-06,
        0.0019245337462052703,
        -0.005278589203953743,
        -3.1262581615010276e-05,
        0.9999860525131226,
        -0.02252214029431343
    ],
    [
        0.9999745488166809,
        0.004282068926841021,
        0.0057106600143015385,
        -0.4170047640800476,
        -0.004283926449716091,
        0.9999908208847046,
        0.00031307493918575346,
        0.0020345516968518496,
        -0.005709266290068626,
        -0.00033753106254152954,
        0.999983549118042,
        -0.02405402995646
    ],
    [
        0.9999698996543884,
        0.004548543598502874,
        0.0062896679155528545,
        -0.4450610280036926,
        -0.0045513371005654335,
        0.9999895691871643,
        0.0004299265274312347,
        0.002308649942278862,
        -0.006287647411227226,
        -0.0004585394053719938,
        0.999980092048645,
        -0.02631521038711071
    ],
    [
        0.9999658465385437,
        0.004935270640999079,
        0.006646208930760622,
        -0.47346362471580505,
        -0.004939096048474312,
        0.9999876022338867,
        0.0005591658409684896,
        0.0025619682855904102,
        -0.00664336746558547,
        -0.0005919730756431818,
        0.999977707862854,
        -0.02812620811164379
    ],
    [
        0.9999567866325378,
        0.005504775792360306,
        0.00748738506808877,
        -0.51029372215271,
        -0.005508019123226404,
        0.9999848008155823,
        0.0004127581778448075,
        0.003130156546831131,
        -0.007484999485313892,
        -0.0004539808724075556,
        0.999971866607666,
        -0.030568156391382217
    ],
    [
        0.9999482035636902,
        0.006238347385078669,
        0.008054950274527073,
        -0.5426430702209473,
        -0.00624371413141489,
        0.9999802708625793,
        0.000641460414044559,
        0.0038747817743569613,
        -0.008050790056586266,
        -0.000691719469614327,
        0.9999673366546631,
        -0.03267341107130051
    ],
    [
        0.9999379515647888,
        0.006644778419286013,
        0.008944095112383366,
        -0.5746451020240784,
        -0.006652644835412502,
        0.9999775290489197,
        0.0008500840049237013,
        0.004530769307166338,
        -0.00893824640661478,
        -0.000909533177036792,
        0.9999597072601318,
        -0.034577954560518265
    ],
    [
        0.9999318718910217,
        0.006841225083917379,
        0.009469015523791313,
        -0.6076892614364624,
        -0.006849525962024927,
        0.9999762177467346,
        0.0008444754057563841,
        0.00461684912443161,
        -0.009463012218475342,
        -0.0009092756663449109,
        0.9999548196792603,
        -0.03662407025694847
    ],
    [
        0.9999237060546875,
        0.007037074770778418,
        0.010157200507819653,
        -0.6414802074432373,
        -0.007046290673315525,
        0.9999748468399048,
        0.000871844997163862,
        0.00527519267052412,
        -0.010150810703635216,
        -0.0009433490922674537,
        0.9999480247497559,
        -0.03852713108062744
    ],
    [
        0.9999164938926697,
        0.007260474842041731,
        0.010692087933421135,
        -0.6744799017906189,
        -0.0072671351954340935,
        0.9999734163284302,
        0.00058430788340047,
        0.005675805266946554,
        -0.010687561705708504,
        -0.0006619600462727249,
        0.9999426603317261,
        -0.04040931537747383
    ],
    [
        0.9999054074287415,
        0.007589780259877443,
        0.01147372368723154,
        -0.7127295732498169,
        -0.007591940928250551,
        0.9999712109565735,
        0.00014472290058620274,
        0.006329620722681284,
        -0.011472294107079506,
        -0.00023181714641395956,
        0.999934196472168,
        -0.042808640748262405
    ]
]