[
    [
        0.9999998211860657,
        -0.0005274741561152041,
        -0.00012933291145600379,
        -0.13300178945064545,
        0.0005271108238957822,
        0.9999960064888,
        -0.002791828941553831,
        -0.026360901072621346,
        0.0001308050996158272,
        0.0027917607221752405,
        0.9999961853027344,
        0.364172101020813
    ],
    [
        0.9999997019767761,
        -0.0008243963238783181,
        0.00012732694449368864,
        -0.16822504997253418,
        0.0008250066894106567,
        0.9999878406524658,
        -0.004873145837336779,
        -0.033042874187231064,
        -0.00012330804020166397,
        0.004873248282819986,
        0.9999880790710449,
        0.42802366614341736
    ],
    [
        1.0000001192092896,
        -0.00020583468722179532,
        0.0001725915790302679,
        -0.20874054729938507,
        0.00020713434787467122,
        0.9999713897705078,
        -0.007562494836747646,
        -0.039681579917669296,
        -0.00017102944548241794,
        0.007562530692666769,
        0.9999713897705078,
        0.49502459168434143
    ],
    [
        0.9999995231628418,
        -0.0009731458849273622,
        0.00021862395806238055,
        -0.24360322952270508,
        0.0009751800680533051,
        0.999954342842102,
        -0.009505219757556915,
        -0.03855971619486809,
        -0.0002093640505336225,
        0.00950542837381363,
        0.9999548196792603,
        0.5445094108581543
    ],
    [
        0.9999991059303284,
        -0.00131916010286659,
        0.0005077593959867954,
        -0.282787561416626,
        0.0013249069452285767,
        0.9999331831932068,
        -0.01148940622806549,
        -0.03702481463551521,
        -0.0004925687098875642,
        0.011490067467093468,
        0.9999339580535889,
        0.6125325560569763
    ],
    [
        0.9999992847442627,
        -0.0011495144572108984,
        0.00030086428159847856,
        -0.3040599524974823,
        0.0011533484794199467,
        0.9999138712882996,
        -0.013071046210825443,
        -0.039747703820466995,
        -0.00028581375954672694,
        0.013071384280920029,
        0.9999145269393921,
        0.6769989132881165
    ],
    [
        0.9999983906745911,
        -0.0014245209749788046,
        0.0011904897401109338,
        -0.33131882548332214,
        0.0014427423011511564,
        0.9998797178268433,
        -0.015447580255568027,
        -0.04864109680056572,
        -0.0011683403281494975,
        0.015449272468686104,
        0.9998799562454224,
        0.7580721378326416
    ],
    [
        0.9999997615814209,
        -0.0005726811359636486,
        0.0005486549343913794,
        -0.3519955575466156,
        0.0005824629333801568,
        0.9998378157615662,
        -0.01799771562218666,
        -0.05459050089120865,
        -0.000538259104359895,
        0.01799802854657173,
        0.9998378753662109,
        0.8413779139518738
    ],
    [
        0.9999991655349731,
        -0.0011263948399573565,
        0.00045511344796977937,
        -0.3723747432231903,
        0.0011356172617524862,
        0.9997830986976624,
        -0.020798828452825546,
        -0.06311813741922379,
        -0.0004315875412430614,
        0.02079932950437069,
        0.9997835755348206,
        0.9012260437011719
    ],
    [
        0.9999992251396179,
        -0.0008617768762633204,
        0.0009936426067724824,
        -0.4022633135318756,
        0.0008859181543812156,
        0.9996979832649231,
        -0.024556715041399002,
        -0.06384213268756866,
        -0.0009721797541715205,
        0.024557573720812798,
        0.9996980428695679,
        0.9637189507484436
    ],
    [
        0.9999990463256836,
        -0.0007228220929391682,
        0.0011624726466834545,
        -0.4290771186351776,
        0.0007535718032158911,
        0.9996439814567566,
        -0.0266728438436985,
        -0.06421846151351929,
        -0.0011427784338593483,
        0.02667369320988655,
        0.9996435642242432,
        1.0137239694595337
    ],
    [
        0.9999990463256836,
        -0.0006361640989780426,
        0.0012189752887934446,
        -0.4616026282310486,
        0.0006708926521241665,
        0.9995876550674438,
        -0.02870451845228672,
        -0.061710141599178314,
        -0.0012002206640318036,
        0.028705308213829994,
        0.9995872378349304,
        1.0885441303253174
    ],
    [
        0.9999978542327881,
        -0.0012513227993622422,
        0.0016875393921509385,
        -0.49723678827285767,
        0.0013015454169362783,
        0.9995461106300354,
        -0.03009626641869545,
        -0.06129550188779831,
        -0.0016491081332787871,
        0.03009839728474617,
        0.9995455145835876,
        1.1768467426300049
    ],
    [
        0.9999979138374329,
        -0.0008785973186604679,
        0.0018596280133351684,
        -0.5254111886024475,
        0.0009369201143272221,
        0.9995002150535583,
        -0.03159713000059128,
        -0.06512599438428879,
        -0.0018309475854039192,
        0.03159880265593529,
        0.9994990229606628,
        1.25154709815979
    ],
    [
        0.9999967217445374,
        -0.0011350413551554084,
        0.002272780751809478,
        -0.5623418092727661,
        0.001211902010254562,
        0.9994174242019653,
        -0.03410741314291954,
        -0.07109983265399933,
        -0.002232735510915518,
        0.03411005437374115,
        0.9994155764579773,
        1.3359732627868652
    ],
    [
        0.999994695186615,
        -0.0014250186504796147,
        0.0029441474471241236,
        -0.587887167930603,
        0.0015305863926187158,
        0.9993444681167603,
        -0.036171168088912964,
        -0.07274280488491058,
        -0.0028906764928251505,
        0.03617548197507858,
        0.9993413686752319,
        1.3978687524795532
    ],
    [
        0.9999927282333374,
        -0.0017288995441049337,
        0.0033960838336497545,
        -0.6076841354370117,
        0.00185771391261369,
        0.9992645382881165,
        -0.03830059617757797,
        -0.06706450879573822,
        -0.003327366430312395,
        0.038306623697280884,
        0.9992604851722717,
        1.4757885932922363
    ],
    [
        0.9999951124191284,
        -0.0014129368355497718,
        0.002813412109389901,
        -0.6176642179489136,
        0.0015233478043228388,
        0.9992129802703857,
        -0.039636559784412384,
        -0.06179499626159668,
        -0.0027551951352506876,
        0.0396406464278698,
        0.9992102980613708,
        1.5421961545944214
    ],
    [
        0.9999931454658508,
        -0.0019098236225545406,
        0.0031597153283655643,
        -0.629091203212738,
        0.0020364185329526663,
        0.9991750717163086,
        -0.04055900499224663,
        -0.05581456422805786,
        -0.003079656744375825,
        0.040565162897109985,
        0.9991722106933594,
        1.6348906755447388
    ],
    [
        0.9999918341636658,
        -0.0020821227226406336,
        0.003474301192909479,
        -0.6395381689071655,
        0.002225734293460846,
        0.9991211891174316,
        -0.04185663163661957,
        -0.04838419705629349,
        -0.0033840991090983152,
        0.04186401888728142,
        0.9991175532341003,
        1.7421852350234985
    ],
    [
        0.99998939037323,
        -0.0020508260931819677,
        0.004124970640987158,
        -0.6480216979980469,
        0.0022256639786064625,
        0.9990795850753784,
        -0.04283726587891579,
        -0.04805060848593712,
        -0.00403331546112895,
        0.04284599423408508,
        0.9990735054016113,
        1.816908359527588
    ],
    [
        0.99998939037323,
        -0.0020695615094155073,
        0.004130854271352291,
        -0.653316855430603,
        0.0022500604391098022,
        0.999021053314209,
        -0.04417981207370758,
        -0.04236974939703941,
        -0.004035374615341425,
        0.04418863728642464,
        0.9990150928497314,
        1.90104341506958
    ],
    [
        0.9999896883964539,
        -0.0020578806288540363,
        0.0040709106251597404,
        -0.6578971743583679,
        0.0022379739675670862,
        0.9989961385726929,
        -0.044740695506334305,
        -0.03871181979775429,
        -0.003974747844040394,
        0.04474934563040733,
        0.9989902973175049,
        1.9717999696731567
    ],
    [
        0.999987781047821,
        -0.002094823634251952,
        0.0044993190094828606,
        -0.661102831363678,
        0.002300931140780449,
        0.9989248514175415,
        -0.046302683651447296,
        -0.03279294818639755,
        -0.0043974886648356915,
        0.04631246626377106,
        0.9989173412322998,
        2.0587339401245117
    ],
    [
        0.9999868273735046,
        -0.001667104079388082,
        0.004860885441303253,
        -0.6676538586616516,
        0.001893039676360786,
        0.9989000558853149,
        -0.04685262218117714,
        -0.026035092771053314,
        -0.004777432885020971,
        0.046861208975315094,
        0.9988899827003479,
        2.144043207168579
    ]
]