[
    [
        0.9999997019767761,
        -0.0003962737391702831,
        0.00078929727897048,
        5.6891789427027106e-05,
        0.00040269631426781416,
        0.9999666810035706,
        -0.00815326813608408,
        -0.04114212468266487,
        -0.0007860398618504405,
        0.008153581991791725,
        0.9999665021896362,
        -0.0015711764572188258
    ],
    [
        0.9999997615814209,
        -0.0003804476000368595,
        0.000583658751565963,
        0.00041504413820803165,
        0.00038601839332841337,
        0.999954104423523,
        -0.009575449861586094,
        -0.04891391098499298,
        -0.0005799892242066562,
        0.009575673379004002,
        0.9999539852142334,
        -0.0016045928932726383
    ],
    [
        0.9999996423721313,
        -0.0003683613322209567,
        0.0008423869148828089,
        0.0001349039957858622,
        0.0003780287515837699,
        0.9999337792396545,
        -0.011505348607897758,
        -0.06097852438688278,
        -0.0008380930521525443,
        0.011505660600960255,
        0.9999333620071411,
        -0.0017691561952233315
    ],
    [
        0.9999996423721313,
        -0.0003057786088902503,
        0.00086224201368168,
        0.00016467396926600486,
        0.00031671742908656597,
        0.9999191164970398,
        -0.012715708464384079,
        -0.06955602020025253,
        -0.0008582841837778687,
        0.012715977616608143,
        0.9999188184738159,
        -0.001916340901516378
    ],
    [
        0.9999997615814209,
        -0.0002927476598415524,
        0.0006838246481493115,
        0.0006224177195690572,
        0.0003029534127563238,
        0.9998878836631775,
        -0.0149718401953578,
        -0.08305550366640091,
        -0.0006793653592467308,
        0.014972043223679066,
        0.9998875856399536,
        -0.0020776777528226376
    ],
    [
        0.9999997019767761,
        -0.00031365029281005263,
        0.0007513274904340506,
        0.0007138130604289472,
        0.0003267887223046273,
        0.9998459815979004,
        -0.01755017787218094,
        -0.09750372171401978,
        -0.000745707715395838,
        0.01755042001605034,
        0.9998457431793213,
        -0.0024757939390838146
    ],
    [
        0.9999996423721313,
        -0.0003461992309894413,
        0.0008656000136397779,
        0.0005890991888009012,
        0.00036254082806408405,
        0.999820351600647,
        -0.018949666991829872,
        -0.10587896406650543,
        -0.0008588842465542257,
        0.018949972465634346,
        0.9998201727867126,
        -0.002588818082585931
    ],
    [
        0.9999995827674866,
        -0.00030944784521125257,
        0.0009609244298189878,
        0.0005726581439375877,
        0.0003297991643194109,
        0.9997740387916565,
        -0.02125130593776703,
        -0.11803498864173889,
        -0.0009541309555061162,
        0.021251613274216652,
        0.9997738003730774,
        -0.0028517525643110275
    ],
    [
        0.9999995827674866,
        -0.00017624333850108087,
        0.0009267011773772538,
        0.000817533815279603,
        0.00019768968923017383,
        0.9997309446334839,
        -0.02319408766925335,
        -0.13038082420825958,
        -0.0009223649394698441,
        0.02319425903260708,
        0.9997305274009705,
        -0.0032986514270305634
    ],
    [
        0.9999995231628418,
        -0.0002585656475275755,
        0.000948763859923929,
        0.0008123001898638904,
        0.0002817333734128624,
        0.9996998310089111,
        -0.024500148370862007,
        -0.13807155191898346,
        -0.0009421443101018667,
        0.024500403553247452,
        0.9996994733810425,
        -0.003412927035242319
    ],
    [
        0.9999995827674866,
        -0.00023393367882817984,
        0.0009835107484832406,
        0.0008306477684527636,
        0.0002600093721412122,
        0.9996463060379028,
        -0.026596534997224808,
        -0.1502169370651245,
        -0.0009769402677193284,
        0.026596777141094208,
        0.9996457099914551,
        -0.003805194515734911
    ],
    [
        0.9999995231628418,
        -0.000264945876551792,
        0.0009549697278998792,
        0.0008635720587335527,
        0.00029156109667383134,
        0.9996084570884705,
        -0.02797858975827694,
        -0.158187597990036,
        -0.0009471833473071456,
        0.02797885425388813,
        0.9996080994606018,
        -0.004068603273481131
    ],
    [
        0.999999463558197,
        -0.00023327635426539928,
        0.0010428419336676598,
        0.0008824055548757315,
        0.00026434866595081985,
        0.9995530247688293,
        -0.029895005747675896,
        -0.16999678313732147,
        -0.0010354021796956658,
        0.029895266517996788,
        0.9995525479316711,
        -0.004501958377659321
    ],
    [
        0.999999463558197,
        -0.00023001433874014765,
        0.0010337441926822066,
        0.0011744447983801365,
        0.0002630566305015236,
        0.9994853734970093,
        -0.03207745403051376,
        -0.1817009001970291,
        -0.0010258336551487446,
        0.03207770735025406,
        0.9994847774505615,
        -0.004901794716715813
    ],
    [
        0.9999994039535522,
        -0.0002264545182697475,
        0.0010684030130505562,
        0.0011884748237207532,
        0.00026216846890747547,
        0.999437153339386,
        -0.03354613482952118,
        -0.19033384323120117,
        -0.0010602049296721816,
        0.03354639187455177,
        0.9994365572929382,
        -0.005196459125727415
    ],
    [
        0.9999994039535522,
        -0.00012888431956525892,
        0.001106579089537263,
        0.0011894211638718843,
        0.0001681866851868108,
        0.9993664622306824,
        -0.035590074956417084,
        -0.20364369451999664,
        -0.0011012909235432744,
        0.035590238869190216,
        0.9993658661842346,
        -0.005792892538011074
    ],
    [
        0.9999992847442627,
        -0.00012653280282393098,
        0.0011995862005278468,
        0.0010938619961962104,
        0.00017169023340102285,
        0.9992884397506714,
        -0.037718940526247025,
        -0.21585509181022644,
        -0.001193960546515882,
        0.03771911934018135,
        0.9992876648902893,
        -0.006344406865537167
    ],
    [
        0.9999993443489075,
        -8.28625270514749e-05,
        0.0011660143500193954,
        0.0012643306981772184,
        0.00012847049219999462,
        0.9992325901985168,
        -0.03916844353079796,
        -0.22342830896377563,
        -0.0011618746211752295,
        0.03916856646537781,
        0.9992319345474243,
        -0.0067080850712955
    ],
    [
        0.9999991655349731,
        -9.280259837396443e-05,
        0.0013419142924249172,
        0.001150327967479825,
        0.00014779740013182163,
        0.9991574287414551,
        -0.04104022681713104,
        -0.23551711440086365,
        -0.0013369747903198004,
        0.041040387004613876,
        0.9991565942764282,
        -0.007317934650927782
    ],
    [
        0.9999989867210388,
        -0.00011770077981054783,
        0.0013905728701502085,
        0.0011612029047682881,
        0.00017646023479755968,
        0.9991036057472229,
        -0.042331162840127945,
        -0.24297486245632172,
        -0.0013843440683558583,
        0.04233136400580406,
        0.9991027116775513,
        -0.007679124362766743
    ],
    [
        0.9999991059303284,
        -2.6725687348516658e-05,
        0.0013649918837472796,
        0.0012191933346912265,
        8.710630936548114e-05,
        0.9990203976631165,
        -0.044254038482904434,
        -0.2541140615940094,
        -0.0013624719576910138,
        0.0442541241645813,
        0.9990193843841553,
        -0.008180471137166023
    ],
    [
        0.999998927116394,
        -6.515351560665295e-05,
        0.0015164627693593502,
        0.0010955797042697668,
        0.00013458750618156046,
        0.9989491105079651,
        -0.04583218693733215,
        -0.2647927701473236,
        -0.001511883339844644,
        0.04583233594894409,
        0.9989480376243591,
        -0.008758299984037876
    ],
    [
        0.999998927116394,
        8.068431270658039e-06,
        0.0015060146106407046,
        0.001176176592707634,
        6.280441448325291e-05,
        0.9988923668861389,
        -0.04705362021923065,
        -0.27131327986717224,
        -0.0015047256601974368,
        0.04705365374684334,
        0.998891294002533,
        -0.009176628664135933
    ],
    [
        0.9999988675117493,
        3.0451019483734854e-05,
        0.001566195278428495,
        0.0012608944671228528,
        4.61180170532316e-05,
        0.9988053441047668,
        -0.048865292221307755,
        -0.28168582916259766,
        -0.0015658122720196843,
        0.04886530339717865,
        0.9988042116165161,
        -0.009735489264130592
    ],
    [
        0.9999986290931702,
        8.519906987203285e-05,
        0.00166545738466084,
        0.001293730572797358,
        -7.539547368651256e-07,
        0.9987170696258545,
        -0.05063819885253906,
        -0.2922702729701996,
        -0.0016676345840096474,
        0.05063812807202339,
        0.9987156391143799,
        -0.01029118336737156
    ]
]