[
    [
        0.5289234519004822,
        0.02080954983830452,
        -0.8484144806861877,
        -0.8617769479751587,
        -0.014915102161467075,
        0.999772846698761,
        0.015223545022308826,
        0.08776656538248062,
        0.8485384583473206,
        0.004602095112204552,
        0.52911376953125,
        0.9282176494598389
    ],
    [
        0.48900413513183594,
        0.022567711770534515,
        -0.8719894289970398,
        -0.9154796004295349,
        -0.014685248024761677,
        0.999736487865448,
        0.017638539895415306,
        0.09942462295293808,
        0.8721579313278198,
        0.0041800616309046745,
        0.4892067313194275,
        0.9674216508865356
    ],
    [
        0.45012587308883667,
        0.023489002138376236,
        -0.8926560878753662,
        -0.9732908010482788,
        -0.014724398963153362,
        0.9997133612632751,
        0.018881220370531082,
        0.1085890457034111,
        0.8928436636924744,
        0.004644901026040316,
        0.45034268498420715,
        1.0126352310180664
    ],
    [
        0.4103797376155853,
        0.023455336689949036,
        -0.9116130471229553,
        -1.0239890813827515,
        -0.014841404743492603,
        0.9997085928916931,
        0.019040850922465324,
        0.10879961401224136,
        0.9117940068244934,
        0.0057156383991241455,
        0.4106082618236542,
        1.0551037788391113
    ],
    [
        0.37084805965423584,
        0.023499038070440292,
        -0.9283962845802307,
        -1.0713720321655273,
        -0.014633746817708015,
        0.999703586101532,
        0.019458478316664696,
        0.10602658987045288,
        0.92857825756073,
        0.006369777489453554,
        0.37108200788497925,
        1.0915473699569702
    ],
    [
        0.3314070403575897,
        0.024417679756879807,
        -0.9431719183921814,
        -1.118064284324646,
        -0.01393778808414936,
        0.9996826648712158,
        0.020983291789889336,
        0.10257958620786667,
        0.9433848857879639,
        0.006191718392074108,
        0.331642210483551,
        1.1314327716827393
    ],
    [
        0.29112881422042847,
        0.025005614385008812,
        -0.9563570022583008,
        -1.1710838079452515,
        -0.014210914261639118,
        0.9996610879898071,
        0.021811870858073235,
        0.1021464467048645,
        0.9565783143043518,
        0.007240644656121731,
        0.2913855314254761,
        1.1859558820724487
    ],
    [
        0.24945926666259766,
        0.02484610117971897,
        -0.9680665135383606,
        -1.2255293130874634,
        -0.014044233597815037,
        0.9996585249900818,
        0.022037897258996964,
        0.10236749053001404,
        0.9682833552360535,
        0.008098196238279343,
        0.24972298741340637,
        1.2422049045562744
    ],
    [
        0.1988426297903061,
        0.024944016709923744,
        -0.9797139167785645,
        -1.2808161973953247,
        -0.01443322841078043,
        0.9996421933174133,
        0.022522034123539925,
        0.10693855583667755,
        0.9799251556396484,
        0.009662097319960594,
        0.19913150370121002,
        1.2986620664596558
    ],
    [
        0.15600089728832245,
        0.026171734556555748,
        -0.9874101877212524,
        -1.3269391059875488,
        -0.014426465146243572,
        0.9996026158332825,
        0.024215668439865112,
        0.11482539027929306,
        0.9876514673233032,
        0.010467172600328922,
        0.15631631016731262,
        1.339751124382019
    ],
    [
        0.11741428077220917,
        0.02795819565653801,
        -0.992689311504364,
        -1.378509521484375,
        -0.014439435675740242,
        0.9995459914207458,
        0.02644343115389347,
        0.12393047660589218,
        0.992978036403656,
        0.011229032650589943,
        0.11776448041200638,
        1.3809629678726196
    ],
    [
        0.08481415361166,
        0.030116042122244835,
        -0.9959415197372437,
        -1.4428874254226685,
        -0.014512283727526665,
        0.9994744658470154,
        0.028987010940909386,
        0.13509631156921387,
        0.9962910413742065,
        0.011994874104857445,
        0.08520666509866714,
        1.4190566539764404
    ],
    [
        0.05746762454509735,
        0.031342506408691406,
        -0.9978553652763367,
        -1.509649634361267,
        -0.015153407119214535,
        0.9994192719459534,
        0.03051893226802349,
        0.13775524497032166,
        0.9982324242591858,
        0.013367066159844398,
        0.05790911614894867,
        1.451801061630249
    ],
    [
        0.03604971244931221,
        0.03218454867601395,
        -0.998831570148468,
        -1.5684834718704224,
        -0.015437228605151176,
        0.9993799924850464,
        0.03164505586028099,
        0.1394888162612915,
        0.9992308020591736,
        0.014278396032750607,
        0.03652427718043327,
        1.470815658569336
    ],
    [
        0.020337674766778946,
        0.033482443541288376,
        -0.999232292175293,
        -1.6199722290039062,
        -0.014594003558158875,
        0.9993424415588379,
        0.03318910673260689,
        0.14737200736999512,
        0.9996866583824158,
        0.01390780508518219,
        0.020813055336475372,
        1.4814774990081787
    ],
    [
        0.011066333390772343,
        0.036703921854496,
        -0.9992649555206299,
        -1.6796306371688843,
        -0.014360279776155949,
        0.9992288947105408,
        0.03654355928301811,
        0.15269632637500763,
        0.9998355507850647,
        0.013945317827165127,
        0.011584887281060219,
        1.48879075050354
    ],
    [
        0.006482760887593031,
        0.03893078863620758,
        -0.9992208480834961,
        -1.7660408020019531,
        -0.014016672037541866,
        0.9991472959518433,
        0.03883698582649231,
        0.14997786283493042,
        0.9998807907104492,
        0.01375398226082325,
        0.00702297268435359,
        1.5016578435897827
    ],
    [
        0.005965815391391516,
        0.039195407181978226,
        -0.999213695526123,
        -1.8395664691925049,
        -0.01330823265016079,
        0.9991461634635925,
        0.03911329433321953,
        0.14721103012561798,
        0.9998935461044312,
        0.013064422644674778,
        0.006482211407274008,
        1.5173825025558472
    ],
    [
        0.005912743974477053,
        0.039320141077041626,
        -0.9992091655731201,
        -1.9120655059814453,
        -0.01305240485817194,
        0.9991446137428284,
        0.03924036771059036,
        0.14521856606006622,
        0.999897301197052,
        0.012810062617063522,
        0.006421048194169998,
        1.5392049551010132
    ],
    [
        0.005823461804538965,
        0.03969187289476395,
        -0.9991949796676636,
        -1.979122519493103,
        -0.013481837697327137,
        0.9991243481636047,
        0.03961048647761345,
        0.14364312589168549,
        0.9998920559883118,
        0.013240310363471508,
        0.006353544071316719,
        1.5591803789138794
    ],
    [
        0.005469921976327896,
        0.03963273763656616,
        -0.9991993308067322,
        -2.0435731410980225,
        -0.01339386310428381,
        0.9991276264190674,
        0.03955657407641411,
        0.14676983654499054,
        0.9998953938484192,
        0.013166769407689571,
        0.005996138788759708,
        1.5746276378631592
    ],
    [
        0.0059002176858484745,
        0.03973853588104248,
        -0.9991926550865173,
        -2.1068990230560303,
        -0.013403818011283875,
        0.9991234540939331,
        0.0396566316485405,
        0.15323255956172943,
        0.9998927116394043,
        0.013159012421965599,
        0.006427464075386524,
        1.581153392791748
    ],
    [
        0.006391069386154413,
        0.04055598005652428,
        -0.9991567730903625,
        -2.1728169918060303,
        -0.01323059480637312,
        0.9990931749343872,
        0.040468767285346985,
        0.15324199199676514,
        0.9998920559883118,
        0.012960799038410187,
        0.006921803113073111,
        1.5815645456314087
    ],
    [
        0.006322870030999184,
        0.04130319878458977,
        -0.9991266131401062,
        -2.2463431358337402,
        -0.01301074679940939,
        0.9990654587745667,
        0.04121832922101021,
        0.14739267528057098,
        0.9998953938484192,
        0.012738768942654133,
        0.006854403298348188,
        1.5805799961090088
    ],
    [
        0.0067311604507267475,
        0.04147011414170265,
        -0.9991170763969421,
        -2.330160617828369,
        -0.012829097919166088,
        0.999061107635498,
        0.0413813591003418,
        0.14100681245326996,
        0.9998950362205505,
        0.012539227493107319,
        0.007256644777953625,
        1.5739482641220093
    ]
]