[
    [
        0.9837853908538818,
        -0.004956206306815147,
        -0.17928089201450348,
        -0.009807943366467953,
        0.009134330786764622,
        0.99970543384552,
        0.02248692885041237,
        0.004846135154366493,
        0.1791166365146637,
        -0.02375992015004158,
        0.983540952205658,
        -0.05153663083910942
    ],
    [
        0.9827719926834106,
        -0.004617075435817242,
        -0.1847643256187439,
        -0.012260501272976398,
        0.009017132222652435,
        0.9996952414512634,
        0.022981254383921623,
        0.006017756182700396,
        0.18460191786289215,
        -0.024251379072666168,
        0.9825140833854675,
        -0.053220413625240326
    ],
    [
        0.9817017316818237,
        -0.004435963928699493,
        -0.19037336111068726,
        -0.014303257688879967,
        0.00908021442592144,
        0.9996818900108337,
        0.023530131205916405,
        0.006933247204869986,
        0.19020842015743256,
        -0.024828201159834862,
        0.9814296364784241,
        -0.055087611079216
    ],
    [
        0.9805960655212402,
        -0.004258432891219854,
        -0.19599296152591705,
        -0.01627313904464245,
        0.00912916474044323,
        0.9996713399887085,
        0.023954886943101883,
        0.008116262964904308,
        0.19582654535770416,
        -0.025279317051172256,
        0.9803127646446228,
        -0.0569503977894783
    ],
    [
        0.9794544577598572,
        -0.003906772006303072,
        -0.201627716422081,
        -0.018376804888248444,
        0.009030173532664776,
        0.9996591210365295,
        0.024496644735336304,
        0.009073824621737003,
        0.20146331191062927,
        -0.025814080610871315,
        0.9791558980941772,
        -0.058989331126213074
    ],
    [
        0.9782936573028564,
        -0.003774044569581747,
        -0.20718920230865479,
        -0.020745154470205307,
        0.009117900393903255,
        0.9996498227119446,
        0.024843286722898483,
        0.010526355355978012,
        0.20702287554740906,
        -0.0261931624263525,
        0.9779855012893677,
        -0.060801081359386444
    ],
    [
        0.9770728349685669,
        -0.0034313518553972244,
        -0.21287739276885986,
        -0.022661546245217323,
        0.009014314040541649,
        0.9996402263641357,
        0.025261132046580315,
        0.011710736900568008,
        0.21271415054798126,
        -0.02660091035068035,
        0.9767523407936096,
        -0.06305529922246933
    ],
    [
        0.975839376449585,
        -0.0033409756142646074,
        -0.21846331655979156,
        -0.0252350103110075,
        0.00919397547841072,
        0.9996253848075867,
        0.02578061632812023,
        0.012710900977253914,
        0.21829535067081451,
        -0.02716628648340702,
        0.9755045175552368,
        -0.06401984393596649
    ],
    [
        0.9745718836784363,
        -0.0031593951862305403,
        -0.2240525335073471,
        -0.027700014412403107,
        0.009252657182514668,
        0.9996152520179749,
        0.026151014491915703,
        0.01425774022936821,
        0.2238837033510208,
        -0.027559129521250725,
        0.9742261171340942,
        -0.06541594862937927
    ],
    [
        0.9732614755630493,
        -0.00299844890832901,
        -0.22968065738677979,
        -0.03023584745824337,
        0.009389708749949932,
        0.9995983839035034,
        0.02673884853720665,
        0.014943963848054409,
        0.22950822114944458,
        -0.028180524706840515,
        0.9728986024856567,
        -0.0664089247584343
    ],
    [
        0.9719088673591614,
        -0.0028555055614560843,
        -0.23534001410007477,
        -0.03312011435627937,
        0.009462809190154076,
        0.9995920062065125,
        0.026951000094413757,
        0.01685570925474167,
        0.2351670265197754,
        -0.028420893475413322,
        0.9715392589569092,
        -0.06672268360853195
    ],
    [
        0.9705314636230469,
        -0.0027792786713689566,
        -0.24095839262008667,
        -0.036030858755111694,
        0.009634550660848618,
        0.9995814561843872,
        0.027276575565338135,
        0.01844736374914646,
        0.2407817244529724,
        -0.028794297948479652,
        0.9701520800590515,
        -0.06703995168209076
    ],
    [
        0.9691051840782166,
        -0.002695107366889715,
        -0.2466328740119934,
        -0.03852375969290733,
        0.00982410553842783,
        0.999568521976471,
        0.027679385617375374,
        0.01986420713365078,
        0.24645185470581055,
        -0.029247183352708817,
        0.9687135815620422,
        -0.06718825548887253
    ],
    [
        0.9676702618598938,
        -0.0025652621407061815,
        -0.2522055506706238,
        -0.04136541485786438,
        0.0099573265761137,
        0.9995572566986084,
        0.028037775307893753,
        0.021196600049734116,
        0.2520219683647156,
        -0.029642615467309952,
        0.9672673940658569,
        -0.06763359159231186
    ],
    [
        0.966205894947052,
        -0.002425632905215025,
        -0.25776052474975586,
        -0.04430399090051651,
        0.010077668353915215,
        0.9995467066764832,
        0.02836962230503559,
        0.022708749398589134,
        0.2575748562812805,
        -0.03000851534307003,
        0.9657922983169556,
        -0.06754537671804428
    ],
    [
        0.9647254347801208,
        -0.002482903888449073,
        -0.2632465958595276,
        -0.04764707386493683,
        0.01038114633411169,
        0.9995365142822266,
        0.0286165252327919,
        0.02455718070268631,
        0.2630535066127777,
        -0.030339887365698814,
        0.9643040299415588,
        -0.06693002581596375
    ],
    [
        0.9632133841514587,
        -0.002484711818397045,
        -0.2687264084815979,
        -0.05024527385830879,
        0.010692859999835491,
        0.9995197057723999,
        0.029085291549563408,
        0.02556784823536873,
        0.2685251235961914,
        -0.030888797715306282,
        0.9627772569656372,
        -0.0676443949341774
    ],
    [
        0.9616795182228088,
        -0.002388716908171773,
        -0.27416568994522095,
        -0.05334268882870674,
        0.010859498754143715,
        0.9995092153549194,
        0.029383011162281036,
        0.02710510604083538,
        0.27396097779273987,
        -0.031234340742230415,
        0.9612334966659546,
        -0.06793103367090225
    ],
    [
        0.9600687623023987,
        -0.0024436567910015583,
        -0.27975329756736755,
        -0.05584002658724785,
        0.011239822953939438,
        0.9994913935661316,
        0.029842684045433998,
        0.02840583212673664,
        0.279538094997406,
        -0.03179540857672691,
        0.9596078991889954,
        -0.06788641214370728
    ],
    [
        0.958465576171875,
        -0.0023842602968215942,
        -0.2851981818675995,
        -0.05851912871003151,
        0.011433050967752934,
        0.9994825124740601,
        0.03006737492978573,
        0.029980970546603203,
        0.2849788963794708,
        -0.03207923099398613,
        0.9579967856407166,
        -0.0687052309513092
    ],
    [
        0.9568414688110352,
        -0.002330535789951682,
        -0.29060086607933044,
        -0.06120898574590683,
        0.011683744378387928,
        0.9994679093360901,
        0.030454808846116066,
        0.03122580796480179,
        0.2903752624988556,
        -0.03253573551774025,
        0.9563596248626709,
        -0.06948494911193848
    ],
    [
        0.9552093744277954,
        -0.002198816044256091,
        -0.2959226369857788,
        -0.06414411962032318,
        0.01188263762742281,
        0.9994509816169739,
        0.030929701402783394,
        0.03231355547904968,
        0.29569211602211,
        -0.03306068480014801,
        0.9547110795974731,
        -0.07021987438201904
    ],
    [
        0.9535455107688904,
        -0.0023245110642164946,
        -0.30124014616012573,
        -0.06652412563562393,
        0.012324676848948002,
        0.9994340538978577,
        0.03130042552947998,
        0.03334028273820877,
        0.30099689960479736,
        -0.03355906531214714,
        0.9530344009399414,
        -0.07144147902727127
    ],
    [
        0.9518460631370544,
        -0.002271422417834401,
        -0.30656811594963074,
        -0.06913085281848907,
        0.012584090232849121,
        0.9994192123413086,
        0.03166673332452774,
        0.03455803170800209,
        0.3063181936740875,
        -0.0339997336268425,
        0.9513217806816101,
        -0.07245691865682602
    ],
    [
        0.950143575668335,
        -0.0021212580613791943,
        -0.3118054270744324,
        -0.07168202847242355,
        0.012772299349308014,
        0.9994024038314819,
        0.03212108090519905,
        0.03554809093475342,
        0.31155094504356384,
        -0.03450211137533188,
        0.9496028423309326,
        -0.07372093945741653
    ],
    [
        0.948392927646637,
        -0.0020559467375278473,
        -0.3170911967754364,
        -0.07393203675746918,
        0.01306008268147707,
        0.9993837475776672,
        0.03258182108402252,
        0.036327555775642395,
        0.31682881712913513,
        -0.03504160791635513,
        0.9478352069854736,
        -0.07545241713523865
    ],
    [
        0.9466477632522583,
        -0.0019860640168190002,
        -0.3222639858722687,
        -0.07656244933605194,
        0.013318676501512527,
        0.9993677735328674,
        0.0329645536839962,
        0.03740593045949936,
        0.321994811296463,
        -0.03549794852733612,
        0.9460756778717041,
        -0.0767941027879715
    ],
    [
        0.9448567032814026,
        -0.001819833880290389,
        -0.32747897505760193,
        -0.07890539616346359,
        0.013481324538588524,
        0.9993529319763184,
        0.033343397080898285,
        0.03840278089046478,
        0.32720649242401123,
        -0.03591958060860634,
        0.9442699551582336,
        -0.0782238021492958
    ],
    [
        0.9430690407752991,
        -0.0017942814156413078,
        -0.33259204030036926,
        -0.08142287284135818,
        0.013815433718264103,
        0.9993336796760559,
        0.03378259018063545,
        0.03930673375725746,
        0.3323098421096802,
        -0.0364542230963707,
        0.9424654841423035,
        -0.07972653955221176
    ],
    [
        0.9412475228309631,
        -0.001701503642834723,
        -0.33771318197250366,
        -0.08392190933227539,
        0.014041010290384293,
        0.9993199110031128,
        0.03409910947084427,
        0.04055061191320419,
        0.33742547035217285,
        -0.03683753311634064,
        0.9406312704086304,
        -0.08084439486265182
    ],
    [
        0.9394148588180542,
        -0.0015790386823937297,
        -0.34277859330177307,
        -0.08612601459026337,
        0.014254617504775524,
        0.9993043541908264,
        0.034462668001651764,
        0.04156532883644104,
        0.3424856662750244,
        -0.03726091608405113,
        0.9387839436531067,
        -0.08254510164260864
    ],
    [
        0.9375685453414917,
        -0.001371555496007204,
        -0.34779781103134155,
        -0.08866170793771744,
        0.014384748414158821,
        0.9992893934249878,
        0.03483663126826286,
        0.042667753994464874,
        0.3475029170513153,
        -0.037664711475372314,
        0.9369221925735474,
        -0.08392275869846344
    ],
    [
        0.9357063174247742,
        -0.0012776001822203398,
        -0.35277748107910156,
        -0.09103508293628693,
        0.014624246396124363,
        0.9992743134498596,
        0.035170406103134155,
        0.043812189251184464,
        0.352476567029953,
        -0.03806827589869499,
        0.9350460171699524,
        -0.08512979745864868
    ],
    [
        0.9338274598121643,
        -0.0011213161051273346,
        -0.3577219247817993,
        -0.09362795948982239,
        0.01475081779062748,
        0.9992652535438538,
        0.0353744812309742,
        0.04537690058350563,
        0.3574194610118866,
        -0.038310352712869644,
        0.9331579208374023,
        -0.08635688573122025
    ],
    [
        0.9319043159484863,
        -0.0010484596714377403,
        -0.36270272731781006,
        -0.09616286307573318,
        0.015003826469182968,
        0.9992512464523315,
        0.03566131368279457,
        0.046631358563899994,
        0.3623937964439392,
        -0.03867485746741295,
        0.9312223196029663,
        -0.08737651258707047
    ],
    [
        0.9299911856651306,
        -0.0008919690153561532,
        -0.3675808310508728,
        -0.0985257551074028,
        0.015167570672929287,
        0.9992385506629944,
        0.03594968467950821,
        0.04780110344290733,
        0.3672688603401184,
        -0.03900820016860962,
        0.9292963743209839,
        -0.08902356028556824
    ],
    [
        0.928043007850647,
        -0.0008269298123195767,
        -0.3724721372127533,
        -0.10090462118387222,
        0.015412185341119766,
        0.9992263913154602,
        0.036182258278131485,
        0.049121610820293427,
        0.3721540570259094,
        -0.039319299161434174,
        0.9273378252983093,
        -0.09018247574567795
    ],
    [
        0.926051139831543,
        -0.0007630180334672332,
        -0.3773971498012543,
        -0.10327225178480148,
        0.015668727457523346,
        0.999213457107544,
        0.03642747923731804,
        0.05051695927977562,
        0.3770725429058075,
        -0.039647042751312256,
        0.9253348112106323,
        -0.0912485420703888
    ],
    [
        0.9240275025367737,
        -0.0007403611089102924,
        -0.38232532143592834,
        -0.10550935566425323,
        0.01595856249332428,
        0.9992012977600098,
        0.03663472458720207,
        0.05200932174921036,
        0.38199281692504883,
        -0.03995285555720329,
        0.9233013391494751,
        -0.09198722243309021
    ],
    [
        0.9220212697982788,
        -0.0006475396221503615,
        -0.3871387839317322,
        -0.10786428302526474,
        0.01619488000869751,
        0.999187707901001,
        0.036898937076330185,
        0.0533343181014061,
        0.3868004381656647,
        -0.04029127210378647,
        0.9212828278541565,
        -0.09309681504964828
    ],
    [
        0.9199682474136353,
        -0.00056419987231493,
        -0.39199239015579224,
        -0.11009395122528076,
        0.01643052138388157,
        0.9991757273674011,
        0.03712271526455879,
        0.05458231642842293,
        0.3916482925415039,
        -0.040592364966869354,
        0.9192191958427429,
        -0.09425149857997894
    ],
    [
        0.9179181456565857,
        -0.0005462168483063579,
        -0.39676928520202637,
        -0.11235549300909042,
        0.016739830374717712,
        0.999161958694458,
        0.03735177218914032,
        0.05584193393588066,
        0.39641639590263367,
        -0.04092772305011749,
        0.9171581268310547,
        -0.09519819915294647
    ],
    [
        0.9158126711845398,
        -0.00051426503341645,
        -0.4016053378582001,
        -0.1145649403333664,
        0.017006712034344673,
        0.9991518259048462,
        0.03750232607126236,
        0.05738688260316849,
        0.4012454152107239,
        -0.04117509350180626,
        0.9150447845458984,
        -0.09602172672748566
    ],
    [
        0.9137187004089355,
        -0.00037357283872552216,
        -0.4063470661640167,
        -0.11665982007980347,
        0.017247822135686874,
        0.9991340637207031,
        0.037865184247493744,
        0.05809253454208374,
        0.40598103404045105,
        -0.04160672798752785,
        0.9129340052604675,
        -0.09720238298177719
    ],
    [
        0.911577045917511,
        -0.0002559380081947893,
        -0.4111292362213135,
        -0.11874570697546005,
        0.01747812330722809,
        0.9991198182106018,
        0.03813142329454422,
        0.05900447815656662,
        0.4107576310634613,
        -0.04194549471139908,
        0.9107791781425476,
        -0.09823860228061676
    ],
    [
        0.909399151802063,
        -0.00020871091692242771,
        -0.41592442989349365,
        -0.1206088662147522,
        0.017796754837036133,
        0.9991034865379333,
        0.03841041028499603,
        0.059991661459207535,
        0.4155435562133789,
        -0.04233250394463539,
        0.908587634563446,
        -0.09947388619184494
    ],
    [
        0.907207190990448,
        -0.00014683131303172559,
        -0.42068395018577576,
        -0.12247344851493835,
        0.018064534291625023,
        0.9990910887718201,
        0.03860755264759064,
        0.06099317967891693,
        0.42029598355293274,
        -0.04262451082468033,
        0.9063854217529297,
        -0.10056912153959274
    ],
    [
        0.9050629138946533,
        5.01635622640606e-05,
        -0.4252776503562927,
        -0.12431343644857407,
        0.018194762989878654,
        0.9990798234939575,
        0.03883938491344452,
        0.061863258481025696,
        0.4248882830142975,
        -0.04288991168141365,
        0.9042291641235352,
        -0.1020839512348175
    ],
    [
        0.9028647541999817,
        0.00021692563313990831,
        -0.42992454767227173,
        -0.12604768574237823,
        0.018348412588238716,
        0.999069333076477,
        0.039036743342876434,
        0.06277142465114594,
        0.429532915353775,
        -0.04313333332538605,
        0.9020204544067383,
        -0.1036648079752922
    ],
    [
        0.9006606340408325,
        0.0004054646415170282,
        -0.4345230162143707,
        -0.12786336243152618,
        0.018506284803152084,
        0.9990563988685608,
        0.03929127752780914,
        0.0636911541223526,
        0.43412894010543823,
        -0.04342951253056526,
        0.8998032212257385,
        -0.10500562191009521
    ],
    [
        0.8984798789024353,
        0.000526685209479183,
        -0.4390143156051636,
        -0.12959176301956177,
        0.018710676580667496,
        0.99904465675354,
        0.03949154168367386,
        0.06454452872276306,
        0.43861573934555054,
        -0.043696608394384384,
        0.8976118564605713,
        -0.10660355538129807
    ],
    [
        0.8962758779525757,
        0.00080681819235906,
        -0.44349613785743713,
        -0.13124902546405792,
        0.018748370930552483,
        0.9990355372428894,
        0.03970666974782944,
        0.06521842628717422,
        0.44310036301612854,
        -0.043902963399887085,
        0.8953962922096252,
        -0.10878130048513412
    ],
    [
        0.894033670425415,
        0.0008743756916373968,
        -0.4479990005493164,
        -0.13292278349399567,
        0.018997104838490486,
        0.9990246295928955,
        0.039860740303993225,
        0.06619024276733398,
        0.4475969076156616,
        -0.04414752870798111,
        0.893144965171814,
        -0.11028093844652176
    ],
    [
        0.8918416500091553,
        0.0011306122178211808,
        -0.4523463547229767,
        -0.13465666770935059,
        0.019075816497206688,
        0.999013364315033,
        0.040106672793626785,
        0.06677311658859253,
        0.45194533467292786,
        -0.04439767450094223,
        0.8909400701522827,
        -0.11236865818500519
    ],
    [
        0.8895996809005737,
        0.0014710628893226385,
        -0.45673859119415283,
        -0.13603384792804718,
        0.019063225015997887,
        0.9990038871765137,
        0.04034745320677757,
        0.06742668896913528,
        0.4563429355621338,
        -0.0445999950170517,
        0.8886854648590088,
        -0.1145305186510086
    ],
    [
        0.8873517513275146,
        0.0016617118380963802,
        -0.4610900580883026,
        -0.13759036362171173,
        0.019146054983139038,
        0.9989982843399048,
        0.040446192026138306,
        0.06823695451021194,
        0.4606953561306,
        -0.04471805691719055,
        0.886431097984314,
        -0.11652784794569016
    ],
    [
        0.8851476311683655,
        0.0020290794782340527,
        -0.46530598402023315,
        -0.13910281658172607,
        0.019090941175818443,
        0.9989901185035706,
        0.04067288339138031,
        0.06872544437646866,
        0.4649185538291931,
        -0.04488462954759598,
        0.8842149376869202,
        -0.11870034784078598
    ],
    [
        0.8829442858695984,
        0.0023761913180351257,
        -0.46947181224823,
        -0.14082537591457367,
        0.019040049985051155,
        0.9989832639694214,
        0.04086523503065109,
        0.06935546547174454,
        0.46909159421920776,
        -0.045020487159490585,
        0.8820012211799622,
        -0.12102390825748444
    ],
    [
        0.8807277679443359,
        0.00262610730715096,
        -0.47361549735069275,
        -0.14265048503875732,
        0.01908603124320507,
        0.9989755749702454,
        0.04103120416402817,
        0.07010876387357712,
        0.4732380211353302,
        -0.04517676308751106,
        0.8797754645347595,
        -0.12275243550539017
    ],
    [
        0.8785173296928406,
        0.0029309182427823544,
        -0.47770148515701294,
        -0.14433352649211884,
        0.019035430625081062,
        0.9989722371101379,
        0.041136275976896286,
        0.07081881165504456,
        0.4773310720920563,
        -0.04523218423128128,
        0.8775585889816284,
        -0.12475579231977463
    ],
    [
        0.8762966394424438,
        0.003255829680711031,
        -0.48176082968711853,
        -0.14596493542194366,
        0.01900818943977356,
        0.9989649057388306,
        0.04132606461644173,
        0.07141508907079697,
        0.4813966751098633,
        -0.04537128657102585,
        0.8753277659416199,
        -0.1267523318529129
    ],
    [
        0.8740615248680115,
        0.0035573216155171394,
        -0.4858023226261139,
        -0.147461399435997,
        0.018996408209204674,
        0.9989582300186157,
        0.04149351269006729,
        0.07188670337200165,
        0.48544377088546753,
        -0.0454963780939579,
        0.8730832934379578,
        -0.12888213992118835
    ],
    [
        0.8718259334564209,
        0.0037639725487679243,
        -0.4898013770580292,
        -0.14903602004051208,
        0.019038472324609756,
        0.9989544153213501,
        0.04156434163451195,
        0.07263197004795074,
        0.48944568634033203,
        -0.04556193947792053,
        0.8708427548408508,
        -0.13066935539245605
    ],
    [
        0.8695864081382751,
        0.004174110945314169,
        -0.4937630295753479,
        -0.15064246952533722,
        0.018978532403707504,
        0.9989428520202637,
        0.04186861962080002,
        0.07278052717447281,
        0.49341586232185364,
        -0.0457792803645134,
        0.8685879707336426,
        -0.1327577382326126
    ],
    [
        0.8673259019851685,
        0.004456790164113045,
        -0.4977205991744995,
        -0.15209488570690155,
        0.018969038501381874,
        0.9989375472068787,
        0.04200025647878647,
        0.07328852266073227,
        0.49737903475761414,
        -0.045869193971157074,
        0.8663199543952942,
        -0.13474918901920319
    ],
    [
        0.8650690913200378,
        0.004790022503584623,
        -0.5016298890113831,
        -0.15350323915481567,
        0.01891271583735943,
        0.9989320635795593,
        0.042154014110565186,
        0.07369872182607651,
        0.5012961030006409,
        -0.04595331475138664,
        0.8640547394752502,
        -0.13654041290283203
    ],
    [
        0.8628342151641846,
        0.005127797368913889,
        -0.5054609775543213,
        -0.15505753457546234,
        0.018830571323633194,
        0.998928427696228,
        0.04227816313505173,
        0.07422389090061188,
        0.5051361322402954,
        -0.04599716141819954,
        0.8618130087852478,
        -0.1386726349592209
    ],
    [
        0.8606116771697998,
        0.005451481323689222,
        -0.5092326402664185,
        -0.15652304887771606,
        0.01880844123661518,
        0.9989202618598938,
        0.04248031601309776,
        0.0744558796286583,
        0.5089143514633179,
        -0.04613692685961723,
        0.859579861164093,
        -0.14043286442756653
    ],
    [
        0.8583809733390808,
        0.005709396675229073,
        -0.5129808783531189,
        -0.15801966190338135,
        0.018763761967420578,
        0.9989195466041565,
        0.0425155870616436,
        0.07510645687580109,
        0.5126694440841675,
        -0.04612002149224281,
        0.8573464751243591,
        -0.14223292469978333
    ],
    [
        0.8561517000198364,
        0.006042854394763708,
        -0.5166891813278198,
        -0.1593417227268219,
        0.018700137734413147,
        0.9989141821861267,
        0.04266869276762009,
        0.07546603679656982,
        0.5163860321044922,
        -0.04619303345680237,
        0.8551091551780701,
        -0.14421910047531128
    ],
    [
        0.853909969329834,
        0.006327788345515728,
        -0.5203823447227478,
        -0.1607212871313095,
        0.01868481934070587,
        0.9989085793495178,
        0.04280705004930496,
        0.07579249888658524,
        0.5200852751731873,
        -0.04627661034464836,
        0.8528597354888916,
        -0.14600053429603577
    ],
    [
        0.8516546487808228,
        0.0066391355358064175,
        -0.524061381816864,
        -0.16211342811584473,
        0.01858295500278473,
        0.9989084601402283,
        0.04285404458642006,
        0.0764911100268364,
        0.5237738490104675,
        -0.04623545706272125,
        0.8506017327308655,
        -0.14732207357883453
    ],
    [
        0.8494445085525513,
        0.006946989335119724,
        -0.5276322960853577,
        -0.16371247172355652,
        0.018524140119552612,
        0.9989045262336731,
        0.042974259704351425,
        0.07701557874679565,
        0.5273527503013611,
        -0.04627818241715431,
        0.8483850955963135,
        -0.14896076917648315
    ],
    [
        0.8471937775611877,
        0.0072477576322853565,
        -0.5312348008155823,
        -0.16492047905921936,
        0.01848328858613968,
        0.9988995790481567,
        0.04310468211770058,
        0.0772695392370224,
        0.5309625864028931,
        -0.046336982399225235,
        0.846127450466156,
        -0.15096399188041687
    ],
    [
        0.8449487686157227,
        0.0074633704498410225,
        -0.5347949862480164,
        -0.16606611013412476,
        0.018499847501516342,
        0.9988964796066284,
        0.04316898435354233,
        0.07783524692058563,
        0.534527063369751,
        -0.04636920988559723,
        0.8438783884048462,
        -0.1524713635444641
    ],
    [
        0.8427024483680725,
        0.007730341982096434,
        -0.5383240580558777,
        -0.16724379360675812,
        0.01848108507692814,
        0.9988922476768494,
        0.043274737894535065,
        0.07848309725522995,
        0.538062334060669,
        -0.046416543424129486,
        0.8416260480880737,
        -0.15382902324199677
    ],
    [
        0.8404960632324219,
        0.008046687580645084,
        -0.5417579412460327,
        -0.16848856210708618,
        0.0183307696133852,
        0.998894989490509,
        0.04327530041337013,
        0.07896468788385391,
        0.5415074825286865,
        -0.046303559094667435,
        0.8394198417663574,
        -0.15530191361904144
    ],
    [
        0.8382241129875183,
        0.008374636061489582,
        -0.545261561870575,
        -0.16934847831726074,
        0.018216365948319435,
        0.9988940358161926,
        0.043345753103494644,
        0.07948776334524155,
        0.5450214743614197,
        -0.046266138553619385,
        0.8371444940567017,
        -0.15658624470233917
    ]
]