[
    [
        0.9266769289970398,
        0.03881366550922394,
        -0.3738493025302887,
        -0.5244055390357971,
        -0.02931555174291134,
        0.9990874528884888,
        0.031061170622706413,
        -0.1568402796983719,
        0.3747137784957886,
        -0.017824074253439903,
        0.9269691109657288,
        1.464167594909668
    ],
    [
        0.924642026424408,
        0.040069419890642166,
        -0.3787235617637634,
        -0.5433154106140137,
        -0.03090686723589897,
        0.9990646839141846,
        0.030244087800383568,
        -0.16138525307178497,
        0.37958118319511414,
        -0.016259796917438507,
        0.9250155687332153,
        1.5339213609695435
    ],
    [
        0.9221630096435547,
        0.0418243333697319,
        -0.38453373312950134,
        -0.5595372915267944,
        -0.033348094671964645,
        0.9990320205688477,
        0.028687914833426476,
        -0.1634432077407837,
        0.3853614032268524,
        -0.013631465844810009,
        0.9226650595664978,
        1.6003819704055786
    ],
    [
        0.9189960360527039,
        0.043755900114774704,
        -0.39183130860328674,
        -0.5719248652458191,
        -0.03541485220193863,
        0.99896639585495,
        0.028493300080299377,
        -0.1696106493473053,
        0.392673134803772,
        -0.012308578006923199,
        0.9195957779884338,
        1.6616209745407104
    ],
    [
        0.9160715341567993,
        0.04512323439121246,
        -0.39846816658973694,
        -0.5840773582458496,
        -0.03738725557923317,
        0.9989314675331116,
        0.02716807834804058,
        -0.1727375090122223,
        0.3992682993412018,
        -0.009990268386900425,
        0.9167797565460205,
        1.7150193452835083
    ],
    [
        0.9142071604728699,
        0.04663420468568802,
        -0.4025549590587616,
        -0.6025758385658264,
        -0.03910811245441437,
        0.9988728761672974,
        0.026899991557002068,
        -0.17838820815086365,
        0.4033556282520294,
        -0.008849005214869976,
        0.9150004386901855,
        1.762822151184082
    ],
    [
        0.9107347130775452,
        0.04908303916454315,
        -0.41006478667259216,
        -0.614004373550415,
        -0.04165362939238548,
        0.9987661838531494,
        0.0270373672246933,
        -0.18431831896305084,
        0.4108859598636627,
        -0.007543184794485569,
        0.9116554856300354,
        1.8139662742614746
    ],
    [
        0.9076221585273743,
        0.05113004148006439,
        -0.41666269302368164,
        -0.6284795999526978,
        -0.04388988018035889,
        0.9986729025840759,
        0.026944493874907494,
        -0.18999309837818146,
        0.4174874424934387,
        -0.006168145686388016,
        0.9086617827415466,
        1.863700032234192
    ],
    [
        0.9046776294708252,
        0.053459282964468,
        -0.4227296710014343,
        -0.6450297236442566,
        -0.046546850353479385,
        0.9985601305961609,
        0.026665760204195976,
        -0.19547335803508759,
        0.42354652285575867,
        -0.004447184503078461,
        0.9058634042739868,
        1.9124659299850464
    ],
    [
        0.9021874070167542,
        0.05527007207274437,
        -0.427788645029068,
        -0.6610420346260071,
        -0.04895089194178581,
        0.998468816280365,
        0.025766368955373764,
        -0.19928975403308868,
        0.42855772376060486,
        -0.002305461559444666,
        0.9035115242004395,
        1.9571260213851929
    ],
    [
        0.9000095129013062,
        0.05656646564602852,
        -0.43218421936035156,
        -0.677797794342041,
        -0.05058544501662254,
        0.9983984231948853,
        0.025332912802696228,
        -0.20406778156757355,
        0.4329249858856201,
        -0.0009376270463690162,
        0.9014293551445007,
        2.0003445148468018
    ],
    [
        0.8982986807823181,
        0.05774938315153122,
        -0.4355737864971161,
        -0.6963577270507812,
        -0.05201861634850502,
        0.9983311295509338,
        0.025081273168325424,
        -0.20865175127983093,
        0.4362953305244446,
        0.00012747000437229872,
        0.8998035192489624,
        2.0418102741241455
    ],
    [
        0.8971145153045654,
        0.05857071280479431,
        -0.4378984868526459,
        -0.7180749177932739,
        -0.05353221669793129,
        0.9982811212539673,
        0.023853735998272896,
        -0.21138492226600647,
        0.438542902469635,
        0.0020421440713107586,
        0.898707926273346,
        2.0835800170898438
    ],
    [
        0.8966975808143616,
        0.059750281274318695,
        -0.43859243392944336,
        -0.7419824004173279,
        -0.054959580302238464,
        0.9982091188430786,
        0.023623619228601456,
        -0.21697421371936798,
        0.4392184913158417,
        0.0029216152615845203,
        0.8983755707740784,
        2.1239748001098633
    ],
    [
        0.8963780999183655,
        0.06120838597416878,
        -0.4390442371368408,
        -0.7660394906997681,
        -0.0565943606197834,
        0.9981182217597961,
        0.023604126647114754,
        -0.22226905822753906,
        0.4396628439426422,
        0.00368920317851007,
        0.8981552124023438,
        2.1643147468566895
    ],
    [
        0.8955118656158447,
        0.06104862317442894,
        -0.44083043932914734,
        -0.7865889072418213,
        -0.056366030126810074,
        0.9981282353401184,
        0.023723190650343895,
        -0.22659346461296082,
        0.44145360589027405,
        0.0036034644581377506,
        0.8972768187522888,
        2.2066073417663574
    ],
    [
        0.893841564655304,
        0.061586420983076096,
        -0.4441331923007965,
        -0.8048098087310791,
        -0.05632400140166283,
        0.9980982542037964,
        0.02504781074821949,
        -0.23296283185482025,
        0.4448311924934387,
        0.0026265804190188646,
        0.8956105709075928,
        2.2506263256073
    ],
    [
        0.8916241526603699,
        0.061771541833877563,
        -0.44854283332824707,
        -0.8227649927139282,
        -0.05617140978574753,
        0.9980878829956055,
        0.025793837383389473,
        -0.23754045367240906,
        0.44927844405174255,
        0.002196872839704156,
        0.893389105796814,
        2.2983126640319824
    ],
    [
        0.8890558481216431,
        0.06284613907337189,
        -0.4534643292427063,
        -0.8409970998764038,
        -0.056679509580135345,
        0.9980220198631287,
        0.027191948145627975,
        -0.24298323690891266,
        0.45427629351615906,
        0.0015269701834768057,
        0.8908595442771912,
        2.346458911895752
    ],
    [
        0.8868744373321533,
        0.06342891603708267,
        -0.4576358199119568,
        -0.8612962961196899,
        -0.05663984641432762,
        0.9979861378669739,
        0.028557104989886284,
        -0.24734041094779968,
        0.4585255980491638,
        0.000593857083003968,
        0.8886810541152954,
        2.3945693969726562
    ],
    [
        0.8841683268547058,
        0.06440232694149017,
        -0.46270790696144104,
        -0.8807078003883362,
        -0.05631956458091736,
        0.9979227781295776,
        0.03127797693014145,
        -0.25347426533699036,
        0.4637611508369446,
        -0.0015954890986904502,
        0.8859589099884033,
        2.443544387817383
    ],
    [
        0.8809682726860046,
        0.06582510471343994,
        -0.4685744345188141,
        -0.898836076259613,
        -0.05645157769322395,
        0.9978249669075012,
        0.03403915837407112,
        -0.2592886686325073,
        0.4697958827018738,
        -0.003535646479576826,
        0.8827680945396423,
        2.492672920227051
    ],
    [
        0.8772788047790527,
        0.06611019372940063,
        -0.47540655732154846,
        -0.9160271883010864,
        -0.05597468838095665,
        0.9978021383285522,
        0.03546330705285072,
        -0.2633435130119324,
        0.47670620679855347,
        -0.004500473849475384,
        0.8790512084960938,
        2.5410780906677246
    ],
    [
        0.873237669467926,
        0.06803040206432343,
        -0.4825224280357361,
        -0.9334692358970642,
        -0.056649383157491684,
        0.997665286064148,
        0.038139574229717255,
        -0.2694016993045807,
        0.4839905798435211,
        -0.005970322526991367,
        0.8750528693199158,
        2.5888593196868896
    ],
    [
        0.8674012422561646,
        0.06953529268503189,
        -0.49272701144218445,
        -0.9571218490600586,
        -0.05725206807255745,
        0.9975584745407104,
        0.03999174013733864,
        -0.27594977617263794,
        0.4943047761917114,
        -0.00647924467921257,
        0.8692644238471985,
        2.6512348651885986
    ]
]