[
    [
        0.9999991059303284,
        0.0012755552306771278,
        0.00047221878776326776,
        -0.0025753616355359554,
        -0.0012650237185880542,
        0.9997644424438477,
        -0.021667778491973877,
        -0.06889593601226807,
        -0.000499746180139482,
        0.02166716195642948,
        0.9997650980949402,
        -0.08464350551366806
    ],
    [
        0.9999988675117493,
        0.001323772594332695,
        0.0007437753956764936,
        -0.006841971538960934,
        -0.0013075784081593156,
        0.9997707605361938,
        -0.02136777713894844,
        -0.08504042774438858,
        -0.000771890627220273,
        0.021366780623793602,
        0.9997714161872864,
        -0.08664873987436295
    ],
    [
        0.9999984502792358,
        0.001603126060217619,
        0.0007786051137372851,
        -0.008161761797964573,
        -0.0015859941486269236,
        0.9997669458389282,
        -0.021526912227272987,
        -0.10215213149785995,
        -0.0008129339548759162,
        0.021525641903281212,
        0.9997679591178894,
        -0.08731282502412796
    ],
    [
        0.9999985098838806,
        0.0015771083999425173,
        0.0007555222255177796,
        -0.005516211502254009,
        -0.0015608028043061495,
        0.9997758269309998,
        -0.02111785113811493,
        -0.11797365546226501,
        -0.0007886586827225983,
        0.02111663855612278,
        0.9997766613960266,
        -0.08798665553331375
    ],
    [
        0.999998152256012,
        0.001660955254919827,
        0.0010586614953354,
        -0.000430080370279029,
        -0.0016384529881179333,
        0.9997798800468445,
        -0.02091304399073124,
        -0.1370103657245636,
        -0.0010931637370958924,
        0.020911268889904022,
        0.9997808337211609,
        -0.08706329017877579
    ],
    [
        0.9999980330467224,
        0.0015980371972545981,
        0.0012053047539666295,
        0.0024712521117180586,
        -0.0015727366553619504,
        0.9997842907905579,
        -0.02070743404328823,
        -0.15696772933006287,
        -0.0012381364358589053,
        0.02070549502968788,
        0.9997848868370056,
        -0.08178116381168365
    ],
    [
        0.9999977946281433,
        0.001597222639247775,
        0.0014398625353351235,
        0.0019123529782518744,
        -0.0015676736366003752,
        0.999792754650116,
        -0.02029453217983246,
        -0.17924803495407104,
        -0.0014719784958288074,
        0.02029222808778286,
        0.9997929930686951,
        -0.07748552411794662
    ],
    [
        0.9999979138374329,
        0.0013808110961690545,
        0.0015095548005774617,
        0.00033344406983815134,
        -0.001350595150142908,
        0.99980229139328,
        -0.019837502390146255,
        -0.2097228616476059,
        -0.0015366487205028534,
        0.019835421815514565,
        0.9998021721839905,
        -0.07448680698871613
    ],
    [
        0.9999979138374329,
        0.0015201540663838387,
        0.001409652759321034,
        -0.0002497895620763302,
        -0.0014926840085536242,
        0.9998128414154053,
        -0.01928754150867462,
        -0.24154789745807648,
        -0.001438709208741784,
        0.01928539387881756,
        0.9998130202293396,
        -0.07336391508579254
    ],
    [
        0.9999963045120239,
        0.002122132573276758,
        0.0017381500219926238,
        0.00038841809146106243,
        -0.002107253996655345,
        0.9999615550041199,
        -0.008517344482243061,
        -0.27617347240448,
        -0.0017561581917107105,
        0.008513649925589561,
        0.9999622106552124,
        -0.0762503445148468
    ],
    [
        0.9999955296516418,
        0.0023817638866603374,
        0.0018102518515661359,
        0.00274109304882586,
        -0.0024024462327361107,
        0.9999308586120605,
        0.011510618031024933,
        -0.315250039100647,
        -0.0017827104311436415,
        -0.011514915153384209,
        0.9999321699142456,
        -0.08178047090768814
    ],
    [
        0.9999961256980896,
        0.002214152831584215,
        0.0016597405774518847,
        0.007804573979228735,
        -0.0022752820514142513,
        0.9992834329605103,
        0.03778114914894104,
        -0.3633463382720947,
        -0.0015748974401503801,
        -0.03778478130698204,
        0.9992846846580505,
        -0.08737854659557343
    ],
    [
        0.9999960660934448,
        0.002213825471699238,
        0.0017483863048255444,
        0.01357867382466793,
        -0.0023192488588392735,
        0.9980238080024719,
        0.0627940446138382,
        -0.40755271911621094,
        -0.0016059157205745578,
        -0.06279784440994263,
        0.9980249404907227,
        -0.08821787685155869
    ],
    [
        0.9999961853027344,
        0.002208914142102003,
        0.001648683799430728,
        0.01973690278828144,
        -0.0023391577415168285,
        0.9964884519577026,
        0.08369819074869156,
        -0.4532290995121002,
        -0.0014580124989151955,
        -0.0837017223238945,
        0.9964898228645325,
        -0.08574831485748291
    ],
    [
        0.9999955892562866,
        0.002493602456524968,
        0.0015901511069387197,
        0.028125248849391937,
        -0.0026467805728316307,
        0.994469165802002,
        0.10499552637338638,
        -0.5054962038993835,
        -0.0013195390347391367,
        -0.10499927401542664,
        0.9944714307785034,
        -0.07754851877689362
    ],
    [
        0.999994695186615,
        0.0028068271931260824,
        0.0016768056666478515,
        0.03754213824868202,
        -0.00298073492012918,
        0.9933872222900391,
        0.11477344483137131,
        -0.5522501468658447,
        -0.0013435675064101815,
        -0.1147778257727623,
        0.9933903217315674,
        -0.0639030784368515
    ],
    [
        0.9999930262565613,
        0.0030458245892077684,
        0.0021849172189831734,
        0.04084506630897522,
        -0.0033006423618644476,
        0.9917545318603516,
        0.12810933589935303,
        -0.5953561663627625,
        -0.0017767029348760843,
        -0.12811563909053802,
        0.9917576909065247,
        -0.05359327793121338
    ],
    [
        0.9999913573265076,
        0.003371706698089838,
        0.00244110613130033,
        0.03694228455424309,
        -0.0036766661796718836,
        0.9904013872146606,
        0.13817159831523895,
        -0.6380830407142639,
        -0.0019518020562827587,
        -0.13817937672138214,
        0.990405261516571,
        -0.04463904723525047
    ],
    [
        0.9999898672103882,
        0.0036416328512132168,
        0.0026587052270770073,
        0.026909712702035904,
        -0.003996781073510647,
        0.988854706287384,
        0.14882993698120117,
        -0.6898916363716125,
        -0.002087089465931058,
        -0.1488390415906906,
        0.9888592958450317,
        -0.029650216922163963
    ],
    [
        0.9999887943267822,
        0.003982373047620058,
        0.002567910123616457,
        0.01739572547376156,
        -0.0043420325964689255,
        0.9871000647544861,
        0.16004538536071777,
        -0.7382797002792358,
        -0.0018974236445501447,
        -0.16005472838878632,
        0.9871063232421875,
        -0.011493605561554432
    ],
    [
        0.9999858140945435,
        0.004319043830037117,
        0.003144035115838051,
        0.0031812984962016344,
        -0.004796471446752548,
        0.9850119352340698,
        0.1724194884300232,
        -0.7858230471611023,
        -0.0023522255942225456,
        -0.17243210971355438,
        0.9850185513496399,
        0.003010544925928116
    ],
    [
        0.999984860420227,
        0.004412740934640169,
        0.003280144650489092,
        -0.013998927548527718,
        -0.0049532256089150906,
        0.9819607734680176,
        0.18901994824409485,
        -0.838405430316925,
        -0.0023868766147643328,
        -0.18903334438800812,
        0.9819677472114563,
        0.015734117478132248
    ],
    [
        0.9999828934669495,
        0.004705015569925308,
        0.003508736612275243,
        -0.026484832167625427,
        -0.005322188604623079,
        0.9789308309555054,
        0.204122856259346,
        -0.8815950751304626,
        -0.002474408596754074,
        -0.20413801074028015,
        0.9789389371871948,
        0.026846367865800858
    ],
    [
        0.9999808073043823,
        0.00498996814712882,
        0.0036656539887189865,
        -0.03880468010902405,
        -0.005672810133546591,
        0.9756051301956177,
        0.21945986151695251,
        -0.9241387248039246,
        -0.002481132512912154,
        -0.21947646141052246,
        0.9756145477294922,
        0.04136097431182861
    ],
    [
        0.9999788403511047,
        0.00511310575529933,
        0.004031704273074865,
        -0.053158242255449295,
        -0.005917399190366268,
        0.9719772934913635,
        0.23499998450279236,
        -0.9734469652175903,
        -0.0027171443216502666,
        -0.23501886427402496,
        0.9719870686531067,
        0.06361372768878937
    ]
]