[
    [
        0.9459598064422607,
        -0.05297613888978958,
        0.319927453994751,
        0.15261492133140564,
        0.05618976429104805,
        0.9984197616577148,
        -0.0008152715745382011,
        0.13269653916358948,
        -0.31937867403030396,
        0.018747860565781593,
        0.9474416971206665,
        0.3948861062526703
    ],
    [
        0.9095731973648071,
        -0.06690653413534164,
        0.41012221574783325,
        0.20780454576015472,
        0.07430591434240341,
        0.9972332119941711,
        -0.002109701279550791,
        0.13404999673366547,
        -0.408846378326416,
        0.0323934331536293,
        0.9120280742645264,
        0.4799075424671173
    ],
    [
        0.8548676371574402,
        -0.08128473162651062,
        0.5124392509460449,
        0.3083347678184509,
        0.09447972476482391,
        0.9955267906188965,
        0.0002994652895722538,
        0.14440159499645233,
        -0.5101712942123413,
        0.04815911129117012,
        0.858723521232605,
        0.5599626898765564
    ],
    [
        0.7888892292976379,
        -0.0927785113453865,
        0.6074914932250977,
        0.4623308479785919,
        0.11451169848442078,
        0.9934173226356506,
        0.003013591980561614,
        0.15331612527370453,
        -0.6037721633911133,
        0.06718750298023224,
        0.7943204641342163,
        0.6195214986801147
    ],
    [
        0.716902494430542,
        -0.10183890163898468,
        0.6896952390670776,
        0.6013675332069397,
        0.13143694400787354,
        0.9912765622138977,
        0.00974784791469574,
        0.1523767113685608,
        -0.6846714615821838,
        0.08366317301988602,
        0.7240341901779175,
        0.6427638530731201
    ],
    [
        0.6175861358642578,
        -0.11287734657526016,
        0.7783612012863159,
        0.7683025598526001,
        0.14848823845386505,
        0.9885841608047485,
        0.02554657869040966,
        0.1658022403717041,
        -0.7723590731620789,
        0.09980025887489319,
        0.6272968649864197,
        0.6516305208206177
    ],
    [
        0.5019879341125488,
        -0.12087856978178024,
        0.8563857078552246,
        0.9544069766998291,
        0.1623971313238144,
        0.985746443271637,
        0.04394541308283806,
        0.17241349816322327,
        -0.8494912385940552,
        0.11701451987028122,
        0.5144631266593933,
        0.6616589426994324
    ],
    [
        0.39709168672561646,
        -0.12486469000577927,
        0.9092454314231873,
        1.1064822673797607,
        0.1727125644683838,
        0.9831681251525879,
        0.059588201344013214,
        0.16373524069786072,
        -0.9013814926147461,
        0.1333761066198349,
        0.4119735658168793,
        0.6660648584365845
    ],
    [
        0.271212100982666,
        -0.12688744068145752,
        0.9541192650794983,
        1.2792623043060303,
        0.18134598433971405,
        0.9802559614181519,
        0.0788150429725647,
        0.17758691310882568,
        -0.9452817440032959,
        0.15165011584758759,
        0.2888678014278412,
        0.6401119828224182
    ],
    [
        0.15774619579315186,
        -0.1286928355693817,
        0.9790578484535217,
        1.4653247594833374,
        0.18571685254573822,
        0.9776452779769897,
        0.09858440607786179,
        0.1928972452878952,
        -0.9698584675788879,
        0.1662762314081192,
        0.17812028527259827,
        0.5704354643821716
    ],
    [
        0.07508169859647751,
        -0.13156373798847198,
        0.9884602427482605,
        1.6332217454910278,
        0.18798328936100006,
        0.9753525853157043,
        0.11554022133350372,
        0.19966977834701538,
        -0.9792982935905457,
        0.1771390736103058,
        0.09796293079853058,
        0.48356398940086365
    ],
    [
        0.02100515179336071,
        -0.1294299215078354,
        0.9913661479949951,
        1.7806650400161743,
        0.1891654133796692,
        0.9741885662078857,
        0.12317922711372375,
        0.2218787521123886,
        -0.981720507144928,
        0.1849447786808014,
        0.044946640729904175,
        0.40665674209594727
    ],
    [
        -0.03334170579910278,
        -0.12918703258037567,
        0.9910596013069153,
        1.9671961069107056,
        0.18909814953804016,
        0.9728849530220032,
        0.1331796497106552,
        0.239324688911438,
        -0.981391966342926,
        0.19184796512126923,
        -0.008008617907762527,
        0.3206545412540436
    ],
    [
        -0.08527334034442902,
        -0.1276930272579193,
        0.9881411194801331,
        2.1347367763519287,
        0.18897363543510437,
        0.9716794490814209,
        0.1418735533952713,
        0.25103193521499634,
        -0.9782726764678955,
        0.19883064925670624,
        -0.05872773379087448,
        0.24254830181598663
    ],
    [
        -0.13460616767406464,
        -0.12663638591766357,
        0.9827738404273987,
        2.283761501312256,
        0.1871553659439087,
        0.9706997275352478,
        0.15071441233158112,
        0.2892179489135742,
        -0.9730642437934875,
        0.20421850681304932,
        -0.10696147382259369,
        0.1665574461221695
    ],
    [
        -0.184059739112854,
        -0.12575708329677582,
        0.9748369455337524,
        2.4533722400665283,
        0.18548652529716492,
        0.9695179462432861,
        0.1600927710533142,
        0.3236856460571289,
        -0.9652547836303711,
        0.21028576791286469,
        -0.15512299537658691,
        0.04875047132372856
    ],
    [
        -0.22814467549324036,
        -0.12478900700807571,
        0.9655970335006714,
        2.595734119415283,
        0.18329301476478577,
        0.9685145020484924,
        0.1684732437133789,
        0.34941616654396057,
        -0.956218421459198,
        0.21542346477508545,
        -0.19808848202228546,
        -0.060679055750370026
    ],
    [
        -0.27826517820358276,
        -0.12125744670629501,
        0.9528195261955261,
        2.743974208831787,
        0.18043994903564453,
        0.9677382111549377,
        0.17585241794586182,
        0.3871472179889679,
        -0.9434033632278442,
        0.2208603322505951,
        -0.2474081814289093,
        -0.16115066409111023
    ],
    [
        -0.33901453018188477,
        -0.11770013719797134,
        0.93338942527771,
        2.8723134994506836,
        0.17644476890563965,
        0.9665824174880981,
        0.1859719306230545,
        0.40978026390075684,
        -0.9240867495536804,
        0.2277388721704483,
        -0.3069179058074951,
        -0.24671652913093567
    ],
    [
        -0.42838481068611145,
        -0.1116868108510971,
        0.8966674208641052,
        2.987415075302124,
        0.17025893926620483,
        0.9645800590515137,
        0.20148739218711853,
        0.43700113892555237,
        -0.8874111175537109,
        0.2389797866344452,
        -0.3941957354545593,
        -0.34596648812294006
    ],
    [
        -0.5336052775382996,
        -0.10162609815597534,
        0.8396058082580566,
        3.088237762451172,
        0.1604364961385727,
        0.9625641107559204,
        0.21847325563430786,
        0.48213234543800354,
        -0.8303768038749695,
        0.2512819170951843,
        -0.4973246157169342,
        -0.4641346037387848
    ],
    [
        -0.6295714378356934,
        -0.09146842360496521,
        0.7715397477149963,
        3.166985511779785,
        0.1487201303243637,
        0.9604955911636353,
        0.23522436618804932,
        0.5121854543685913,
        -0.7625760436058044,
        0.2628340423107147,
        -0.5910972356796265,
        -0.5758495926856995
    ],
    [
        -0.7419895529747009,
        -0.07451111078262329,
        0.6662580370903015,
        3.2404634952545166,
        0.1301296055316925,
        0.9588962197303772,
        0.2521594762802124,
        0.5456801056861877,
        -0.6576608419418335,
        0.2737995386123657,
        -0.7017948627471924,
        -0.6948143243789673
    ],
    [
        -0.8436591625213623,
        -0.05586332827806473,
        0.5339648723602295,
        3.305095911026001,
        0.10634011030197144,
        0.9574796557426453,
        0.2681877017021179,
        0.5821155905723572,
        -0.5262423157691956,
        0.2830409109592438,
        -0.801845908164978,
        -0.8102500438690186
    ],
    [
        -0.9283457398414612,
        -0.03499987721443176,
        0.370066374540329,
        3.365633726119995,
        0.07637772709131241,
        0.9563544988632202,
        0.2820499837398529,
        0.6099297404289246,
        -0.3637864291667938,
        0.2901047468185425,
        -0.8851545453071594,
        -0.9245498776435852
    ]
]