[
    [
        0.99996417760849,
        -0.0008593702223151922,
        0.008422348648309708,
        -0.056770194321870804,
        0.000844825932290405,
        0.9999982118606567,
        0.001730257528834045,
        -0.10654442757368088,
        -0.008423819206655025,
        -0.0017230797093361616,
        0.9999630451202393,
        0.6865518093109131
    ],
    [
        0.9999572038650513,
        -0.001525811618193984,
        0.009129956364631653,
        -0.05688231438398361,
        0.0015031977090984583,
        0.9999958872795105,
        0.0024832901544868946,
        -0.11163549870252609,
        -0.009133707731962204,
        -0.002469459781423211,
        0.9999552965164185,
        0.7136304974555969
    ],
    [
        0.9999515414237976,
        -0.0022704515140503645,
        0.0095748882740736,
        -0.05581270903348923,
        0.002239648485556245,
        0.9999922513961792,
        0.0032266101334244013,
        -0.11659979075193405,
        -0.009582140482962132,
        -0.003205010201781988,
        0.9999488592147827,
        0.7405803799629211
    ],
    [
        0.9999456405639648,
        -0.0031703412532806396,
        0.009933046996593475,
        -0.05443064495921135,
        0.0031317961402237415,
        0.9999874830245972,
        0.003893696004524827,
        -0.12070739269256592,
        -0.00994526781141758,
        -0.0038623763248324394,
        0.9999431371688843,
        0.7680875658988953
    ],
    [
        0.9999403357505798,
        -0.004047574009746313,
        0.01015083584934473,
        -0.052487023174762726,
        0.0039990912191569805,
        0.9999805688858032,
        0.004791878163814545,
        -0.125253826379776,
        -0.010170035064220428,
        -0.0047509982250630856,
        0.9999369382858276,
        0.7961730360984802
    ],
    [
        0.999934196472168,
        -0.005082785617560148,
        0.010288470424711704,
        -0.050539176911115646,
        0.0050254627130925655,
        0.9999718070030212,
        0.0055896686390042305,
        -0.12951350212097168,
        -0.01031658984720707,
        -0.00553759653121233,
        0.9999314546585083,
        0.8257385492324829
    ],
    [
        0.9999290704727173,
        -0.006047828588634729,
        0.010259034112095833,
        -0.047143612056970596,
        0.005985231604427099,
        0.9999634027481079,
        0.006121393758803606,
        -0.1328875869512558,
        -0.010295677930116653,
        -0.006059557199478149,
        0.9999285936355591,
        0.8558579087257385
    ],
    [
        0.9999248385429382,
        -0.006838697474449873,
        0.010179591365158558,
        -0.043454986065626144,
        0.006771323271095753,
        0.9999550580978394,
        0.00663838442414999,
        -0.1369987577199936,
        -0.010224531404674053,
        -0.006568955257534981,
        0.9999260902404785,
        0.886311948299408
    ],
    [
        0.9999196529388428,
        -0.007630437146872282,
        0.010123021900653839,
        -0.039848893880844116,
        0.00755997933447361,
        0.9999470114707947,
        0.00698046013712883,
        -0.14141713082790375,
        -0.010175749659538269,
        -0.006903368514031172,
        0.9999244213104248,
        0.9168649911880493
    ],
    [
        0.999914824962616,
        -0.008457210846245289,
        0.009937526658177376,
        -0.03603154793381691,
        0.008385838940739632,
        0.99993896484375,
        0.007201925851404667,
        -0.1464107185602188,
        -0.009997827932238579,
        -0.007117977365851402,
        0.9999246597290039,
        0.9476361274719238
    ],
    [
        0.9999112486839294,
        -0.009232901968061924,
        0.009608122520148754,
        -0.0318901352584362,
        0.009158801287412643,
        0.9999281764030457,
        0.007727956864982843,
        -0.1524244248867035,
        -0.009678784757852554,
        -0.00763927074149251,
        0.9999239444732666,
        0.9782198071479797
    ],
    [
        0.9999068379402161,
        -0.010047558695077896,
        0.009241815656423569,
        -0.028156649321317673,
        0.009972261264920235,
        0.9999170303344727,
        0.008157865144312382,
        -0.15911385416984558,
        -0.009323014877736568,
        -0.008064936846494675,
        0.9999240636825562,
        1.0091612339019775
    ],
    [
        0.999902069568634,
        -0.010902645997703075,
        0.008787063881754875,
        -0.02453717589378357,
        0.010827552527189255,
        0.9999048709869385,
        0.008548635989427567,
        -0.1665249466896057,
        -0.008879429660737514,
        -0.008452653884887695,
        0.999924898147583,
        1.0393555164337158
    ],
    [
        0.9998970627784729,
        -0.011657117865979671,
        0.00835837610065937,
        -0.021551081910729408,
        0.011582409031689167,
        0.999893069267273,
        0.008931633085012436,
        -0.1736355721950531,
        -0.008461599238216877,
        -0.00883390661329031,
        0.9999251365661621,
        1.0691800117492676
    ],
    [
        0.9998930096626282,
        -0.012236365117132664,
        0.00802816916257143,
        -0.019194209948182106,
        0.012160039506852627,
        0.9998810887336731,
        0.009488200768828392,
        -0.17963488399982452,
        -0.008143315091729164,
        -0.009389558807015419,
        0.9999227523803711,
        1.0988610982894897
    ],
    [
        0.9998927712440491,
        -0.01247674785554409,
        0.007668741047382355,
        -0.017265018075704575,
        0.012398933991789818,
        0.9998720288276672,
        0.010111941024661064,
        -0.185731440782547,
        -0.007793924305588007,
        -0.01001577079296112,
        0.9999194145202637,
        1.1284809112548828
    ],
    [
        0.9998953342437744,
        -0.012613439932465553,
        0.007081476505845785,
        -0.015198057517409325,
        0.012538272887468338,
        0.9998655915260315,
        0.010560515336692333,
        -0.1920909732580185,
        -0.0072137294337153435,
        -0.010470623150467873,
        0.9999191761016846,
        1.158061146736145
    ],
    [
        0.9999029040336609,
        -0.01239450741559267,
        0.006384051870554686,
        -0.013613156974315643,
        0.012325583957135677,
        0.9998665452003479,
        0.010724659077823162,
        -0.19827525317668915,
        -0.006516126450151205,
        -0.01064493227750063,
        0.9999221563339233,
        1.1875686645507812
    ],
    [
        0.9999081492424011,
        -0.012315199710428715,
        0.0056793042458593845,
        -0.012523356825113297,
        0.012253956869244576,
        0.9998676776885986,
        0.010694887489080429,
        -0.20371544361114502,
        -0.00581026216968894,
        -0.010624311864376068,
        0.9999266862869263,
        1.2168834209442139
    ],
    [
        0.9999160766601562,
        -0.011963611468672752,
        0.004986013285815716,
        -0.011889566667377949,
        0.01190918404608965,
        0.9998707175254822,
        0.010806647129356861,
        -0.20946738123893738,
        -0.005114655010402203,
        -0.010746363550424576,
        0.9999292492866516,
        1.2458999156951904
    ],
    [
        0.9999234080314636,
        -0.01162799447774887,
        0.004223390948027372,
        -0.011591612361371517,
        0.011581622064113617,
        0.9998741149902344,
        0.010843235068023205,
        -0.21427901089191437,
        -0.004348943009972572,
        -0.010793488472700119,
        0.9999322295188904,
        1.2755978107452393
    ],
    [
        0.9999328851699829,
        -0.011053577996790409,
        0.0034591006115078926,
        -0.011781913228332996,
        0.011015103198587894,
        0.9998794198036194,
        0.010950780473649502,
        -0.21910353004932404,
        -0.0035797287710011005,
        -0.01091194711625576,
        0.9999339580535889,
        1.3054667711257935
    ],
    [
        0.9999396204948425,
        -0.010614083148539066,
        0.0028253416530787945,
        -0.012905196286737919,
        0.010582210496068,
        0.9998827576637268,
        0.011066376231610775,
        -0.2233096957206726,
        -0.0029424692038446665,
        -0.011035810224711895,
        0.9999347925186157,
        1.335715889930725
    ],
    [
        0.9999455213546753,
        -0.010142980143427849,
        0.0024888915941119194,
        -0.014600626192986965,
        0.010114041157066822,
        0.9998841881752014,
        0.011376664973795414,
        -0.22725450992584229,
        -0.002603996079415083,
        -0.01135086826980114,
        0.9999321699142456,
        1.3658130168914795
    ],
    [
        0.9999497532844543,
        -0.009742791764438152,
        0.0023779207840561867,
        -0.016629725694656372,
        0.009713665582239628,
        0.9998812675476074,
        0.011966908350586891,
        -0.23140230774879456,
        -0.0024942285381257534,
        -0.011943203397095203,
        0.9999254941940308,
        1.3961083889007568
    ],
    [
        0.9999510049819946,
        -0.00956289004534483,
        0.002521636663004756,
        -0.018906746059656143,
        0.009530174545943737,
        0.9998741745948792,
        0.012681776657700539,
        -0.23533855378627777,
        -0.0026425933465361595,
        -0.012657128274440765,
        0.9999164938926697,
        1.4270269870758057
    ],
    [
        0.9999502897262573,
        -0.009549666196107864,
        0.0028899440076202154,
        -0.022234497591853142,
        0.009510672651231289,
        0.9998674988746643,
        0.013217947445809841,
        -0.2388860434293747,
        -0.0030157878063619137,
        -0.013189807534217834,
        0.999908447265625,
        1.4575527906417847
    ],
    [
        0.9999501705169678,
        -0.009461212903261185,
        0.0031835490372031927,
        -0.025470856577157974,
        0.009416026063263416,
        0.9998587965965271,
        0.013921331614255905,
        -0.24337925016880035,
        -0.003314813133329153,
        -0.013890662230551243,
        0.9998980760574341,
        1.4882539510726929
    ],
    [
        0.9999512434005737,
        -0.009193642996251583,
        0.003599104005843401,
        -0.02961520478129387,
        0.009140579961240292,
        0.999853253364563,
        0.014491965062916279,
        -0.2473539412021637,
        -0.0037318109534680843,
        -0.014458363875746727,
        0.9998885989189148,
        1.518670678138733
    ],
    [
        0.9999509453773499,
        -0.009060291573405266,
        0.004004873335361481,
        -0.03397113457322121,
        0.008999648503959179,
        0.9998483657836914,
        0.014909021556377411,
        -0.2511635422706604,
        -0.004139344207942486,
        -0.01487224455922842,
        0.9998807907104492,
        1.5488125085830688
    ],
    [
        0.9999525547027588,
        -0.008679813705384731,
        0.004421763122081757,
        -0.03822358697652817,
        0.008611012250185013,
        0.9998450875282288,
        0.015348128043115139,
        -0.25585097074508667,
        -0.004554298706352711,
        -0.015309328213334084,
        0.9998725056648254,
        1.5777539014816284
    ],
    [
        0.9999539852142334,
        -0.008378510363399982,
        0.00468484777957201,
        -0.04185573384165764,
        0.008306106552481651,
        0.9998489022254944,
        0.01526663638651371,
        -0.2599433958530426,
        -0.004812052007764578,
        -0.01522702258080244,
        0.9998724460601807,
        1.6068540811538696
    ],
    [
        0.9999546408653259,
        -0.00813213735818863,
        0.004952140152454376,
        -0.045227646827697754,
        0.008058203384280205,
        0.9998584389686584,
        0.01477103028446436,
        -0.2651309072971344,
        -0.005071558989584446,
        -0.014730457216501236,
        0.9998787045478821,
        1.634613037109375
    ],
    [
        0.9999558329582214,
        -0.007902709767222404,
        0.005078440997749567,
        -0.047602299600839615,
        0.007831661961972713,
        0.9998732805252075,
        0.013860778883099556,
        -0.26994261145591736,
        -0.0051873354241251945,
        -0.013820396736264229,
        0.9998910427093506,
        1.6620919704437256
    ],
    [
        0.9999558329582214,
        -0.007792790420353413,
        0.005260015372186899,
        -0.050175782293081284,
        0.007724504917860031,
        0.999887228012085,
        0.012879708781838417,
        -0.2748568058013916,
        -0.005359790753573179,
        -0.012838508933782578,
        0.9999032616615295,
        1.6890017986297607
    ],
    [
        0.9999560117721558,
        -0.00768342474475503,
        0.00538276182487607,
        -0.052527859807014465,
        0.007619443349540234,
        0.9999013543128967,
        0.011807815171778202,
        -0.2794255018234253,
        -0.0054729534313082695,
        -0.011766278184950352,
        0.9999157786369324,
        1.7163506746292114
    ],
    [
        0.9999562501907349,
        -0.007593275047838688,
        0.0054656099528074265,
        -0.054893575608730316,
        0.007533373776823282,
        0.9999122023582458,
        0.010898101143538952,
        -0.2845120131969452,
        -0.0055478839203715324,
        -0.010856453329324722,
        0.9999256134033203,
        1.7435264587402344
    ],
    [
        0.9999565482139587,
        -0.00760695431381464,
        0.00540818739682436,
        -0.05654611438512802,
        0.0075537352822721004,
        0.9999235272407532,
        0.009793792851269245,
        -0.28958404064178467,
        -0.005482273641973734,
        -0.009752510115504265,
        0.9999374151229858,
        1.7700378894805908
    ],
    [
        0.9999553561210632,
        -0.007809710688889027,
        0.005328156519681215,
        -0.05809442698955536,
        0.00776365352794528,
        0.9999328851699829,
        0.008610694669187069,
        -0.2952192723751068,
        -0.0053950464352965355,
        -0.008568947203457355,
        0.9999487400054932,
        1.7959829568862915
    ],
    [
        0.99995356798172,
        -0.008125508204102516,
        0.005184591747820377,
        -0.0597354955971241,
        0.008086872287094593,
        0.9999397397041321,
        0.007429963443428278,
        -0.30083999037742615,
        -0.005244650412350893,
        -0.007387690246105194,
        0.9999589323997498,
        1.8221572637557983
    ],
    [
        0.999951183795929,
        -0.008679002523422241,
        0.0047228685580194,
        -0.060240644961595535,
        0.008648688904941082,
        0.9999421238899231,
        0.006401322316378355,
        -0.30572623014450073,
        -0.004778152331709862,
        -0.006360167171806097,
        0.9999682903289795,
        1.8488669395446777
    ],
    [
        0.9999476671218872,
        -0.009267418645322323,
        0.004351417999714613,
        -0.061213087290525436,
        0.00924451369792223,
        0.9999434947967529,
        0.005254871211946011,
        -0.31039437651634216,
        -0.004399870987981558,
        -0.005214371252804995,
        0.9999767541885376,
        1.876003384590149
    ],
    [
        0.9999414682388306,
        -0.010105584748089314,
        0.003873832756653428,
        -0.061574265360832214,
        0.010090087540447712,
        0.9999411106109619,
        0.003999363165348768,
        -0.31484583020210266,
        -0.003914020024240017,
        -0.003960041329264641,
        0.9999844431877136,
        1.904051661491394
    ],
    [
        0.9999349117279053,
        -0.01092686876654625,
        0.003282994730398059,
        -0.061779290437698364,
        0.010917387902736664,
        0.9999361634254456,
        0.0028918676543980837,
        -0.31917381286621094,
        -0.0033143849577754736,
        -0.0028558410704135895,
        0.9999904632568359,
        1.9319660663604736
    ],
    [
        0.9999260902404785,
        -0.011870600283145905,
        0.0026314915157854557,
        -0.062210045754909515,
        0.011865988373756409,
        0.9999280571937561,
        0.001761502935551107,
        -0.3236140012741089,
        -0.0026522125117480755,
        -0.0017301493790000677,
        0.9999948740005493,
        1.9596774578094482
    ],
    [
        0.9999160170555115,
        -0.012823137454688549,
        0.0018436448881402612,
        -0.06166278198361397,
        0.012822341173887253,
        0.9999176859855652,
        0.0004435050068423152,
        -0.32781466841697693,
        -0.0018491800874471664,
        -0.00041982586844824255,
        0.9999980926513672,
        1.9872266054153442
    ],
    [
        0.9999039173126221,
        -0.013821237720549107,
        0.0010400554165244102,
        -0.06164243072271347,
        0.013822141103446484,
        0.9999040961265564,
        -0.0008661195170134306,
        -0.3322707712650299,
        -0.0010279854759573936,
        0.0008804106619209051,
        0.9999991655349731,
        2.014455556869507
    ],
    [
        0.9998887181282043,
        -0.01491503231227398,
        0.00016215817595366389,
        -0.06211460009217262,
        0.014915288425981998,
        0.9998872876167297,
        -0.0017102784477174282,
        -0.3373464047908783,
        -0.00013663193385582417,
        0.0017125012818723917,
        0.9999985694885254,
        2.0411739349365234
    ],
    [
        0.9998692274093628,
        -0.01614871434867382,
        -0.0009516408899798989,
        -0.06251616775989532,
        0.01614616997539997,
        0.9998661875724792,
        -0.0026221689768135548,
        -0.34253138303756714,
        0.0009938582079485059,
        0.0026064596604555845,
        0.9999960660934448,
        2.06765079498291
    ],
    [
        0.9998518228530884,
        -0.017048031091690063,
        -0.002366624539718032,
        -0.06283988803625107,
        0.01703910529613495,
        0.9998477697372437,
        -0.0037422366440296173,
        -0.34788936376571655,
        0.0024300601799041033,
        0.0037013525143265724,
        0.9999901056289673,
        2.094297170639038
    ],
    [
        0.9998346567153931,
        -0.017762675881385803,
        -0.003890027990564704,
        -0.06377629190683365,
        0.017742155119776726,
        0.9998288154602051,
        -0.005248146131634712,
        -0.35375502705574036,
        0.0039825825951993465,
        0.0051782564260065556,
        0.9999786615371704,
        2.120516538619995
    ],
    [
        0.9998160004615784,
        -0.01837882213294506,
        -0.0054794009774923325,
        -0.06499015539884567,
        0.01834114082157612,
        0.9998083114624023,
        -0.006850159261375666,
        -0.3591509759426117,
        0.0056042480282485485,
        0.0067484015598893166,
        0.9999616146087646,
        2.1465771198272705
    ],
    [
        0.9998000860214233,
        -0.0187310129404068,
        -0.007002918049693108,
        -0.06671949476003647,
        0.018671030178666115,
        0.999789297580719,
        -0.00853524450212717,
        -0.364419549703598,
        0.007161316927522421,
        0.008402788080275059,
        0.9999390840530396,
        2.171609878540039
    ],
    [
        0.9997817277908325,
        -0.01902438886463642,
        -0.008640823885798454,
        -0.06843659281730652,
        0.01893489807844162,
        0.9997674822807312,
        -0.010323156602680683,
        -0.3696037530899048,
        0.008835206739604473,
        0.010157291777431965,
        0.9999094009399414,
        2.196162223815918
    ],
    [
        0.9997603297233582,
        -0.01934185065329075,
        -0.010249101556837559,
        -0.0706767737865448,
        0.019216123968362808,
        0.9997405409812927,
        -0.012226847000420094,
        -0.3747119605541229,
        0.010482932440936565,
        0.012026970274746418,
        0.9998726844787598,
        2.2202513217926025
    ],
    [
        0.9997378587722778,
        -0.019631875678896904,
        -0.011791957542300224,
        -0.07340791076421738,
        0.01946508139371872,
        0.9997112154960632,
        -0.014096654020249844,
        -0.3798307180404663,
        0.012065294198691845,
        0.013863427564501762,
        0.9998310804367065,
        2.243708610534668
    ],
    [
        0.9997187256813049,
        -0.019636472687125206,
        -0.013299610465765,
        -0.07665203511714935,
        0.01942562870681286,
        0.9996864795684814,
        -0.015801405534148216,
        -0.3846254348754883,
        0.013605724088847637,
        0.015538609586656094,
        0.9997866749763489,
        2.2671799659729004
    ],
    [
        0.9997037649154663,
        -0.019489891827106476,
        -0.014584442600607872,
        -0.08091674000024796,
        0.019232457503676414,
        0.999660313129425,
        -0.0175880566239357,
        -0.3884373903274536,
        0.014922277070581913,
        0.017302347347140312,
        0.9997389912605286,
        2.2910163402557373
    ],
    [
        0.9996941089630127,
        -0.019114715978503227,
        -0.015695007517933846,
        -0.08589902520179749,
        0.018819009885191917,
        0.9996466636657715,
        -0.018776919692754745,
        -0.3927834928035736,
        0.01604837365448475,
        0.018475813791155815,
        0.9997004866600037,
        2.3145368099212646
    ],
    [
        0.9996899962425232,
        -0.018536286428570747,
        -0.016625652089715004,
        -0.09076283127069473,
        0.018206320703029633,
        0.999638557434082,
        -0.019783129915595055,
        -0.39625871181488037,
        0.01698634773492813,
        0.01947430893778801,
        0.9996660947799683,
        2.338376045227051
    ],
    [
        0.9996951222419739,
        -0.01783718541264534,
        -0.017077066004276276,
        -0.09611613303422928,
        0.017488837242126465,
        0.9996403455734253,
        -0.02033514529466629,
        -0.40020787715911865,
        0.017433645203709602,
        0.02003028616309166,
        0.9996473789215088,
        2.3616440296173096
    ],
    [
        0.9997139573097229,
        -0.016703655943274498,
        -0.017116986215114594,
        -0.10154418647289276,
        0.01634647138416767,
        0.9996500611305237,
        -0.02079886756837368,
        -0.40397557616233826,
        0.017458412796258926,
        0.02051311545073986,
        0.9996371269226074,
        2.3855016231536865
    ],
    [
        0.9997385144233704,
        -0.015412489883601665,
        -0.01689612865447998,
        -0.1075763925909996,
        0.015056127682328224,
        0.9996657967567444,
        -0.021019387990236282,
        -0.40762951970100403,
        0.017214441671967506,
        0.020759498700499535,
        0.9996362924575806,
        2.4100072383880615
    ],
    [
        0.9997628331184387,
        -0.014084385707974434,
        -0.016608038917183876,
        -0.11367926746606827,
        0.013731489889323711,
        0.9996815919876099,
        -0.02117440663278103,
        -0.41120725870132446,
        0.016900978982448578,
        0.02094133570790291,
        0.9996378421783447,
        2.4351491928100586
    ],
    [
        0.9997899532318115,
        -0.012656516395509243,
        -0.0161192175000906,
        -0.120793417096138,
        0.012313219718635082,
        0.9996989965438843,
        -0.021221408620476723,
        -0.4151023328304291,
        0.01638295315206051,
        0.021018465980887413,
        0.9996448755264282,
        2.4600911140441895
    ],
    [
        0.9998169541358948,
        -0.011047529056668282,
        -0.015618344768881798,
        -0.1279291957616806,
        0.010713789612054825,
        0.9997159242630005,
        -0.021292975172400475,
        -0.41919198632240295,
        0.015849143266677856,
        0.02112174779176712,
        0.999651312828064,
        2.485628843307495
    ],
    [
        0.9998401999473572,
        -0.009609675034880638,
        -0.015075167641043663,
        -0.13533756136894226,
        0.009291493333876133,
        0.9997355937957764,
        -0.021036243066191673,
        -0.4238191843032837,
        0.015273332595825195,
        0.020892811939120293,
        0.9996650218963623,
        2.5116732120513916
    ],
    [
        0.9998632073402405,
        -0.00811702199280262,
        -0.014412191696465015,
        -0.1432105451822281,
        0.007824608124792576,
        0.9997646808624268,
        -0.020231181755661964,
        -0.4294268786907196,
        0.014573019929230213,
        0.020115643739700317,
        0.9996914267539978,
        2.5363802909851074
    ],
    [
        0.9998785257339478,
        -0.006998353637754917,
        -0.013925829902291298,
        -0.15200592577457428,
        0.006730758119374514,
        0.9997935891151428,
        -0.01917070336639881,
        -0.43469488620758057,
        0.014057118445634842,
        0.019074643030762672,
        0.9997192621231079,
        2.561204195022583
    ],
    [
        0.9998884201049805,
        -0.006375400815159082,
        -0.013512478210031986,
        -0.16172416508197784,
        0.006130881141871214,
        0.9998180866241455,
        -0.018060628324747086,
        -0.439689576625824,
        0.01362516451627016,
        0.017975766211748123,
        0.9997455477714539,
        2.5875566005706787
    ],
    [
        0.999890148639679,
        -0.005991749465465546,
        -0.013554664328694344,
        -0.1688302606344223,
        0.005761443171650171,
        0.9998394250869751,
        -0.01696668192744255,
        -0.4449653923511505,
        0.013654148206114769,
        0.016886720433831215,
        0.9997642636299133,
        2.6116414070129395
    ],
    [
        0.9998939633369446,
        -0.005837593227624893,
        -0.013338161632418633,
        -0.17737947404384613,
        0.0056186518631875515,
        0.9998498558998108,
        -0.016393648460507393,
        -0.44893139600753784,
        0.013431859202682972,
        0.0163169726729393,
        0.9997766613960266,
        2.635706663131714
    ],
    [
        0.9998947978019714,
        -0.005596785806119442,
        -0.01337876170873642,
        -0.18460237979888916,
        0.005387899465858936,
        0.999863862991333,
        -0.015598589554429054,
        -0.453816682100296,
        0.013464241288602352,
        0.015524868853390217,
        0.9997888207435608,
        2.6586737632751465
    ],
    [
        0.999894917011261,
        -0.005472108721733093,
        -0.013426151126623154,
        -0.1919577717781067,
        0.0052750748582184315,
        0.9998785257339478,
        -0.014667232520878315,
        -0.45848527550697327,
        0.013504779897630215,
        0.014594865962862968,
        0.99980229139328,
        2.681602716445923
    ],
    [
        0.9998961687088013,
        -0.00526474928483367,
        -0.013418031856417656,
        -0.19944383203983307,
        0.005079764407128096,
        0.9998921155929565,
        -0.01378322672098875,
        -0.4626401364803314,
        0.013489150442183018,
        0.013713635504245758,
        0.9998148679733276,
        2.7042388916015625
    ],
    [
        0.9998962879180908,
        -0.005081192124634981,
        -0.013474836014211178,
        -0.20682519674301147,
        0.004904936067759991,
        0.9999024271965027,
        -0.013081345707178116,
        -0.46482542157173157,
        0.013539991341531277,
        0.013013898395001888,
        0.9998236894607544,
        2.7273612022399902
    ],
    [
        0.9998980164527893,
        -0.0048906877636909485,
        -0.013421427458524704,
        -0.21424898505210876,
        0.0047357166185975075,
        0.9999220371246338,
        -0.011554169468581676,
        -0.4691263735294342,
        0.01347688864916563,
        0.01148943230509758,
        0.9998431205749512,
        2.750194549560547
    ],
    [
        0.9998993873596191,
        -0.004797165747731924,
        -0.013353046961128712,
        -0.22135047614574432,
        0.004662230145186186,
        0.9999379515647888,
        -0.010118030942976475,
        -0.47159266471862793,
        0.013400755822658539,
        0.010054755955934525,
        0.9998595714569092,
        2.7737791538238525
    ],
    [
        0.999901294708252,
        -0.004926994442939758,
        -0.013155755586922169,
        -0.22743378579616547,
        0.004811890888959169,
        0.9999500513076782,
        -0.008766615763306618,
        -0.47395747900009155,
        0.013198289088904858,
        0.008702443912625313,
        0.9998750686645508,
        2.7969744205474854
    ],
    [
        0.9999085068702698,
        -0.0050777411088347435,
        -0.012534302659332752,
        -0.23456691205501556,
        0.004982898011803627,
        0.9999587535858154,
        -0.007586417719721794,
        -0.47657912969589233,
        0.012572307139635086,
        0.007523265201598406,
        0.9998925924301147,
        2.8202590942382812
    ],
    [
        0.9999136328697205,
        -0.005433354992419481,
        -0.011967821046710014,
        -0.2413543164730072,
        0.005359832663089037,
        0.9999666810035706,
        -0.006166762672364712,
        -0.47966641187667847,
        0.01200092863291502,
        0.006102084182202816,
        0.9999094009399414,
        2.8437767028808594
    ],
    [
        0.9999173283576965,
        -0.005645242519676685,
        -0.011556491255760193,
        -0.24763506650924683,
        0.005588916130363941,
        0.9999723434448242,
        -0.004900532308965921,
        -0.481539785861969,
        0.011583837680518627,
        0.004835537169128656,
        0.9999212026596069,
        2.8678295612335205
    ],
    [
        0.9999182224273682,
        -0.006048210896551609,
        -0.011266265995800495,
        -0.2535713016986847,
        0.006007717456668615,
        0.9999754428863525,
        -0.0036246255040168762,
        -0.4830285310745239,
        0.011287909001111984,
        0.00355664175003767,
        0.9999300241470337,
        2.8922219276428223
    ],
    [
        0.9999164342880249,
        -0.006634298712015152,
        -0.01109615433961153,
        -0.2591538429260254,
        0.006607100833207369,
        0.9999750256538391,
        -0.002485989360138774,
        -0.4837120473384857,
        0.011112372390925884,
        0.0024124709889292717,
        0.9999353885650635,
        2.917149543762207
    ],
    [
        0.9999161958694458,
        -0.007115630898624659,
        -0.010819416493177414,
        -0.26544851064682007,
        0.007107450161129236,
        0.9999743700027466,
        -0.0007943566888570786,
        -0.48656192421913147,
        0.010824795812368393,
        0.000717395800165832,
        0.9999410510063171,
        2.942164659500122
    ],
    [
        0.999912679195404,
        -0.007755068596452475,
        -0.010701222345232964,
        -0.270990252494812,
        0.0077622514218091965,
        0.9999696016311646,
        0.0006298125954344869,
        -0.488108366727829,
        0.010696010664105415,
        -0.0007128255092538893,
        0.9999425411224365,
        2.967012882232666
    ],
    [
        0.9999106526374817,
        -0.008211255073547363,
        -0.010557112284004688,
        -0.2763025760650635,
        0.008235991932451725,
        0.9999634027481079,
        0.0023017774801701307,
        -0.49005210399627686,
        0.010537826456129551,
        -0.0023885169066488743,
        0.9999415874481201,
        2.991631031036377
    ],
    [
        0.9999082684516907,
        -0.008860699832439423,
        -0.010239796712994576,
        -0.28106600046157837,
        0.00890559796243906,
        0.9999508857727051,
        0.004347488284111023,
        -0.49272167682647705,
        0.010200776159763336,
        -0.0044382777996361256,
        0.9999381303787231,
        3.0164427757263184
    ],
    [
        0.9999071359634399,
        -0.009720970876514912,
        -0.009546562097966671,
        -0.28632989525794983,
        0.009782571345567703,
        0.9999315142631531,
        0.006427155341953039,
        -0.4954902231693268,
        0.009483429603278637,
        -0.0065199462696909904,
        0.9999337196350098,
        3.0418875217437744
    ],
    [
        0.9999041557312012,
        -0.010634305886924267,
        -0.008865652605891228,
        -0.2915554344654083,
        0.010708853602409363,
        0.999907374382019,
        0.00840397272258997,
        -0.4986861050128937,
        0.008775459602475166,
        -0.008498108945786953,
        0.999925434589386,
        3.066744089126587
    ],
    [
        0.9998993277549744,
        -0.01155134942382574,
        -0.008243326097726822,
        -0.29689013957977295,
        0.01163494773209095,
        0.9998806715011597,
        0.010166416876018047,
        -0.5016255378723145,
        0.00812490377575159,
        -0.010261306539177895,
        0.9999143481254578,
        3.0909345149993896
    ],
    [
        0.999890923500061,
        -0.012537510134279728,
        -0.007806521374732256,
        -0.30180928111076355,
        0.012628277763724327,
        0.9998520016670227,
        0.01168857328593731,
        -0.5041174292564392,
        0.007658822927623987,
        -0.01178587507456541,
        0.9999011158943176,
        3.1145620346069336
    ],
    [
        0.999881386756897,
        -0.013513186015188694,
        -0.007385625503957272,
        -0.30708959698677063,
        0.013609622605144978,
        0.9998206496238708,
        0.013166794553399086,
        -0.5073908567428589,
        0.007206375245004892,
        -0.013265751302242279,
        0.9998860359191895,
        3.137263059616089
    ],
    [
        0.9998680949211121,
        -0.014566704630851746,
        -0.007177408318966627,
        -0.3119630217552185,
        0.014668923802673817,
        0.9997887015342712,
        0.014401153661310673,
        -0.5107848048210144,
        0.006966115906834602,
        -0.014504539780318737,
        0.9998705387115479,
        3.1592047214508057
    ],
    [
        0.9998576045036316,
        -0.015359594486653805,
        -0.006981846410781145,
        -0.3167424201965332,
        0.015464712865650654,
        0.9997639060020447,
        0.015259992331266403,
        -0.5134736895561218,
        0.006745815277099609,
        -0.015365785919129848,
        0.9998592138290405,
        3.1804869174957275
    ],
    [
        0.999860405921936,
        -0.015405346639454365,
        -0.006480994634330273,
        -0.32139232754707336,
        0.015509993769228458,
        0.9997449517250061,
        0.01641920953989029,
        -0.5171959400177002,
        0.006226398982107639,
        -0.016517434269189835,
        0.9998442530632019,
        3.202026844024658
    ],
    [
        0.9998736381530762,
        -0.014919518493115902,
        -0.00549856573343277,
        -0.325751930475235,
        0.015013697557151318,
        0.999734103679657,
        0.01750466227531433,
        -0.5204930901527405,
        0.0052359439432621,
        -0.017584996297955513,
        0.9998316764831543,
        3.2233872413635254
    ],
    [
        0.9998863935470581,
        -0.01452680118381977,
        -0.004013233818113804,
        -0.33054375648498535,
        0.014598719775676727,
        0.9997220635414124,
        0.018513580784201622,
        -0.5236499905586243,
        0.0037431770469993353,
        -0.018570061773061752,
        0.9998205900192261,
        3.2448906898498535
    ],
    [
        0.9998990297317505,
        -0.014039548113942146,
        -0.0022252860944718122,
        -0.33656689524650574,
        0.014080035500228405,
        0.9997133612632751,
        0.019363246858119965,
        -0.5261613726615906,
        0.00195279810577631,
        -0.019392620772123337,
        0.9998100399971008,
        3.26686954498291
    ],
    [
        0.9999086856842041,
        -0.013515256345272064,
        -0.000512315658852458,
        -0.3424960672855377,
        0.013522847555577755,
        0.9997044801712036,
        0.020198442041873932,
        -0.5287821292877197,
        0.000239176515606232,
        -0.020203525200486183,
        0.9997958540916443,
        3.288695812225342
    ],
    [
        0.9999158382415771,
        -0.01291707344353199,
        0.001183890039101243,
        -0.348615825176239,
        0.012889408506453037,
        0.9996968507766724,
        0.020976148545742035,
        -0.5311937928199768,
        -0.001454480574466288,
        -0.020959122106432915,
        0.9997792840003967,
        3.3106024265289307
    ],
    [
        0.999920129776001,
        -0.0122291324660182,
        0.003203257219865918,
        -0.3564299941062927,
        0.01215664204210043,
        0.999689519405365,
        0.02174844965338707,
        -0.5338512659072876,
        -0.003468224313110113,
        -0.021707765758037567,
        0.999758243560791,
        3.3323817253112793
    ],
    [
        0.9999200105667114,
        -0.011602962389588356,
        0.005032057408243418,
        -0.3635096549987793,
        0.011487721465528011,
        0.9996840357780457,
        0.022355515509843826,
        -0.5358225107192993,
        -0.005289855878800154,
        -0.022295914590358734,
        0.9997372627258301,
        3.354344606399536
    ],
    [
        0.999915361404419,
        -0.010831777937710285,
        0.0072151655331254005,
        -0.3712221384048462,
        0.010663369670510292,
        0.999678909778595,
        0.022984320297837257,
        -0.5380216836929321,
        -0.007461810950189829,
        -0.022905439138412476,
        0.9997097849845886,
        3.376549243927002
    ],
    [
        0.9998953342437744,
        -0.010237893089652061,
        0.010222859680652618,
        -0.3794126510620117,
        0.0099950497969985,
        0.999673068523407,
        0.023530052974820137,
        -0.5404602885246277,
        -0.010460413992404938,
        -0.02342541143298149,
        0.9996708035469055,
        3.3986237049102783
    ],
    [
        0.9998524785041809,
        -0.009763769805431366,
        0.014132128097116947,
        -0.387756884098053,
        0.009420722723007202,
        0.9996641874313354,
        0.024140629917383194,
        -0.5433849692344666,
        -0.014363085851073265,
        -0.024003934115171432,
        0.9996086955070496,
        3.4201302528381348
    ],
    [
        0.9997795224189758,
        -0.0094846710562706,
        0.018733764067292213,
        -0.3969608545303345,
        0.009022708050906658,
        0.9996568560600281,
        0.024591868743300438,
        -0.5461122989654541,
        -0.018960578367114067,
        -0.024417415261268616,
        0.9995219111442566,
        3.442373752593994
    ],
    [
        0.9996817111968994,
        -0.0093909353017807,
        0.023414861410856247,
        -0.4062059223651886,
        0.008809978142380714,
        0.9996538758277893,
        0.024792341515421867,
        -0.548011064529419,
        -0.023639582097530365,
        -0.024578168988227844,
        0.9994183778762817,
        3.4646596908569336
    ],
    [
        0.9995579123497009,
        -0.009324001148343086,
        0.028234025463461876,
        -0.4158534109592438,
        0.00861408095806837,
        0.9996463060379028,
        0.025162171572446823,
        -0.5504347085952759,
        -0.028458653017878532,
        -0.024907836690545082,
        0.999284565448761,
        3.4872214794158936
    ],
    [
        0.9994130730628967,
        -0.009226650930941105,
        0.032987821847200394,
        -0.425386518239975,
        0.008389665745198727,
