[
    [
        0.9999684691429138,
        0.0024254899471998215,
        -0.00756880221888423,
        0.03019740805029869,
        -0.002396506955847144,
        0.9999897480010986,
        0.0038360010366886854,
        -0.022482825443148613,
        0.00757802976295352,
        -0.003817741060629487,
        0.9999639987945557,
        0.7833564281463623
    ],
    [
        0.999937117099762,
        0.003232137532904744,
        -0.010735654272139072,
        0.037997059524059296,
        -0.0031889022793620825,
        0.9999867677688599,
        0.004041973501443863,
        -0.10147540271282196,
        0.010748575441539288,
        -0.004007482435554266,
        0.999934196472168,
        1.1891437768936157
    ],
    [
        0.9999054670333862,
        0.002486778423190117,
        -0.01352726574987173,
        0.0772361159324646,
        -0.0024312951136380434,
        0.9999886751174927,
        0.004116472322493792,
        -0.12202625721693039,
        0.013537345454096794,
        -0.004083191975951195,
        0.9998999238014221,
        1.604729413986206
    ],
    [
        0.9999063014984131,
        0.002844899659976363,
        -0.0133897690102458,
        0.09744634479284286,
        -0.0028016669675707817,
        0.9999907612800598,
        0.0032464524265378714,
        -0.16598959267139435,
        0.013398881070315838,
        -0.0032086344435811043,
        0.9999051690101624,
        1.9473347663879395
    ],
    [
        0.9999091625213623,
        0.004149189218878746,
        -0.01282279659062624,
        0.08093740046024323,
        -0.004120832774788141,
        0.9999890327453613,
        0.0022371092345565557,
        -0.16673040390014648,
        0.01283193752169609,
        -0.0021840673871338367,
        0.9999152421951294,
        2.339423656463623
    ],
    [
        0.9998783469200134,
        0.004159123636782169,
        -0.01503003016114235,
        0.07305003702640533,
        -0.004143323749303818,
        0.9999907612800598,
        0.0010822983458638191,
        -0.20414631068706512,
        0.015034394338726997,
        -0.0010198921663686633,
        0.9998865127563477,
        2.6628222465515137
    ],
    [
        0.9998739361763,
        0.002992708934471011,
        -0.015591124072670937,
        0.1024506464600563,
        -0.0029732566326856613,
        0.9999947547912598,
        0.0012707443675026298,
        -0.18591497838497162,
        0.015594844706356525,
        -0.0012242294615134597,
        0.9998777508735657,
        3.036763906478882
    ],
    [
        0.9998481273651123,
        0.003007375169545412,
        -0.017169395461678505,
        0.12106148898601532,
        -0.003010357730090618,
        0.9999954700469971,
        -0.00014789293345529586,
        -0.1676894575357437,
        0.01716887392103672,
        0.00019955755851697177,
        0.9998525977134705,
        3.3621015548706055
    ],
    [
        0.9998104572296143,
        0.0029193400405347347,
        -0.01925169862806797,
        0.1324004977941513,
        -0.002969100372865796,
        0.9999923706054688,
        -0.0025566357653588057,
        -0.15182578563690186,
        0.019244084134697914,
        0.0026133127976208925,
        0.9998114705085754,
        3.649778127670288
    ],
    [
        0.9997362494468689,
        0.0019006570801138878,
        -0.022889647632837296,
        0.18263015151023865,
        -0.0019085078965872526,
        0.9999980926513672,
        -0.0003211497678421438,
        -0.12029942125082016,
        0.022888995707035065,
        0.0003647503617685288,
        0.9997379183769226,
        3.9242098331451416
    ],
    [
        0.9996169209480286,
        0.00034451286774128675,
        -0.02767341397702694,
        0.2695862650871277,
        -0.00015426812751684338,
        0.9999763369560242,
        0.006876484025269747,
        -0.12849365174770355,
        0.02767513133585453,
        -0.006869581528007984,
        0.9995933175086975,
        4.173980712890625
    ],
    [
        0.99837726354599,
        0.0015908655477687716,
        -0.05692296847701073,
        0.3377608060836792,
        -0.0008541533607058227,
        0.9999156594276428,
        0.012964264489710331,
        -0.14705459773540497,
        0.0569387823343277,
        -0.012894606217741966,
        0.9982943534851074,
        4.384863376617432
    ],
    [
        0.9937838912010193,
        0.0035822896752506495,
        -0.11126963049173355,
        0.4054029583930969,
        -0.0009423465235158801,
        0.9997170567512512,
        0.023769179359078407,
        -0.18453970551490784,
        0.1113232895731926,
        -0.023516571149230003,
        0.9935059547424316,
        4.588603496551514
    ],
    [
        0.9859899878501892,
        0.00644293799996376,
        -0.16668036580085754,
        0.4660532772541046,
        -0.0009626442333683372,
        0.9994569420814514,
        0.032939039170742035,
        -0.24456574022769928,
        0.16680194437503815,
        -0.032317109405994415,
        0.985460638999939,
        4.722774028778076
    ],
    [
        0.9724581241607666,
        0.010173190385103226,
        -0.23285581171512604,
        0.5725555419921875,
        7.774495315970853e-05,
        0.9990328550338745,
        0.04397115483880043,
        -0.28690266609191895,
        0.23307792842388153,
        -0.042778193950653076,
        0.9715165495872498,
        4.897050857543945
    ],
    [
        0.9580076932907104,
        0.015653787180781364,
        -0.2863152325153351,
        0.6376304626464844,
        -0.0004323804168961942,
        0.9985864162445068,
        0.053149230778217316,
        -0.36869505047798157,
        0.28674235939979553,
        -0.05079357326030731,
        0.956660270690918,
        5.0125813484191895
    ],
    [
        0.945412814617157,
        0.021206147968769073,
        -0.32518425583839417,
        0.6817341446876526,
        -0.0006941917818039656,
        0.998009204864502,
        0.06306465715169907,
        -0.41414377093315125,
        0.32587456703186035,
        -0.0593964122235775,
        0.943545401096344,
        5.163464546203613
    ],
    [
        0.9357592463493347,
        0.026274001225829124,
        -0.35165926814079285,
        0.7063342332839966,
        -0.0004432682180777192,
        0.9973073601722717,
        0.07333378493785858,
        -0.515653133392334,
        0.35263925790786743,
        -0.06846687942743301,
        0.933251142501831,
        5.2810797691345215
    ],
    [
        0.930772066116333,
        0.030754059553146362,
        -0.36430391669273376,
        0.7436084747314453,
        -0.0001233640796272084,
        0.9964820742607117,
        0.08380645513534546,
        -0.5643308162689209,
        0.36559978127479553,
        -0.07795976847410202,
        0.9275014996528625,
        5.445911884307861
    ],
    [
        0.9254899024963379,
        0.03258650749921799,
        -0.37736776471138,
        0.8011308908462524,
        0.0015608371468260884,
        0.9959558844566345,
        0.08983075618743896,
        -0.5632790327072144,
        0.37876880168914795,
        -0.08372645825147629,
        0.9216962456703186,
        5.664374828338623
    ],
    [
        0.9188046455383301,
        0.035212211310863495,
        -0.3931387662887573,
        0.8234227895736694,
        0.0022268181201070547,
        0.9955345988273621,
        0.09437112510204315,
        -0.5540871024131775,
        0.39470621943473816,
        -0.08758405596017838,
        0.9146233797073364,
        5.837756156921387
    ],
    [
        0.914867639541626,
        0.03919229656457901,
        -0.40184712409973145,
        0.8159635663032532,
        0.0013396510621532798,
        0.9949774146080017,
        0.1000903844833374,
        -0.5511154532432556,
        0.40375185012817383,
        -0.09210777282714844,
        0.9102201461791992,
        6.049214839935303
    ],
    [
        0.9139873385429382,
        0.04059742018580437,
        -0.40370646119117737,
        0.8169013857841492,
        0.0010895386803895235,
        0.9947326183319092,
        0.10249887406826019,
        -0.5787628889083862,
        0.4057411253452301,
        -0.09412255138158798,
        0.9091286659240723,
        6.2452921867370605
    ],
    [
        0.920359194278717,
        0.03790842741727829,
        -0.38923245668411255,
        0.8367155194282532,
        0.003570113331079483,
        0.9944348335266113,
        0.10529244691133499,
        -0.5866793990135193,
        0.3910578191280365,
        -0.09829647839069366,
        0.9151018857955933,
        6.477330207824707
    ],
    [
        0.9387286305427551,
        0.031648848205804825,
        -0.3432008624076843,
        0.8649173974990845,
        0.005064854864031076,
        0.994400680065155,
        0.10555374622344971,
        -0.6155052781105042,
        0.34461984038352966,
        -0.10082459449768066,
        0.933312177658081,
        6.680463790893555
    ]
]