[
    [
        0.9565612077713013,
        0.27523520588874817,
        0.09610500186681747,
        6.125185012817383,
        -0.27982836961746216,
        0.7743717432022095,
        0.567489743232727,
        -4.606776237487793,
        0.08177211135625839,
        -0.569731593132019,
        0.8177525997161865,
        6.274311542510986
    ],
    [
        0.9542067646980286,
        0.27509164810180664,
        0.11753257364034653,
        6.104344844818115,
        -0.29199159145355225,
        0.7710617780685425,
        0.5658664107322693,
        -4.495894432067871,
        0.0650402307510376,
        -0.5742720365524292,
        0.8160768151283264,
        6.38317346572876
    ],
    [
        0.9502881765365601,
        0.27491408586502075,
        0.14620046317577362,
        6.093806266784668,
        -0.30838578939437866,
        0.7661057114601135,
        0.563897430896759,
        -4.350741863250732,
        0.04301837086677551,
        -0.5809512734413147,
        0.8128007650375366,
        6.522541046142578
    ],
    [
        0.9458147287368774,
        0.2743527293205261,
        0.1736810952425003,
        6.094396114349365,
        -0.323931485414505,
        0.7602914571762085,
        0.5630499124526978,
        -4.213444232940674,
        0.022426044568419456,
        -0.5888016223907471,
        0.8079663515090942,
        6.681239128112793
    ],
    [
        0.9403381943702698,
        0.27317214012145996,
        0.20283237099647522,
        6.100561141967773,
        -0.3402407169342041,
        0.7558168768882751,
        0.5594435930252075,
        -4.086453914642334,
        -0.00047980216913856566,
        -0.5950779914855957,
        0.8036677241325378,
        6.830810070037842
    ],
    [
        0.9346441030502319,
        0.27204886078834534,
        0.22897568345069885,
        6.102266311645508,
        -0.35497114062309265,
        0.7516512274742126,
        0.5558919906616211,
        -3.9981579780578613,
        -0.020880013704299927,
        -0.6008410453796387,
        0.799095869064331,
        6.950418472290039
    ],
    [
        0.9258987903594971,
        0.2700560688972473,
        0.26416146755218506,
        6.1111040115356445,
        -0.3745245635509491,
        0.7476904988288879,
        0.5483523011207581,
        -3.871708393096924,
        -0.04942525550723076,
        -0.60665363073349,
        0.7934283018112183,
        7.096825122833252
    ],
    [
        0.9138578176498413,
        0.26935797929763794,
        0.3038257360458374,
        6.11783504486084,
        -0.397766649723053,
        0.7441295981407166,
        0.536705493927002,
        -3.7317020893096924,
        -0.08151980489492416,
        -0.6113243103027344,
        0.7871703505516052,
        7.247881889343262
    ],
    [
        0.897570013999939,
        0.2678053081035614,
        0.3502119481563568,
        6.119332790374756,
        -0.42403700947761536,
        0.7418233156204224,
        0.5195101499557495,
        -3.6106555461883545,
        -0.12066780030727386,
        -0.6147996187210083,
        0.7793977856636047,
        7.411285400390625
    ],
    [
        0.8802631497383118,
        0.2669322192668915,
        0.3922803997993469,
        6.127516746520996,
        -0.44769158959388733,
        0.7411373257637024,
        0.5002875924110413,
        -3.5261709690093994,
        -0.15719081461429596,
        -0.6160054206848145,
        0.7718992233276367,
        7.528334140777588
    ],
    [
        0.8315574526786804,
        0.26283344626426697,
        0.4893166720867157,
        6.181278705596924,
        -0.49950239062309265,
        0.7391476631164551,
        0.4518386423587799,
        -3.3622519969940186,
        -0.24291887879371643,
        -0.6201445460319519,
        0.7459296584129333,
        7.730131149291992
    ],
    [
        0.7567227482795715,
        0.2530849874019623,
        0.602759063243866,
        6.329608917236328,
        -0.5546886324882507,
        0.7365138530731201,
        0.3871278464794159,
        -3.1695613861083984,
        -0.3459641635417938,
        -0.6272920966148376,
        0.6977201700210571,
        7.99058198928833
    ],
    [
        0.7160606980323792,
        0.24822871387004852,
        0.6524106860160828,
        6.411402702331543,
        -0.5777833461761475,
        0.7352255582809448,
        0.3544146716594696,
        -3.1058571338653564,
        -0.391693115234375,
        -0.630734384059906,
        0.6698884963989258,
        8.127678871154785
    ],
    [
        0.6828744411468506,
        0.24277879297733307,
        0.6890146136283875,
        6.474474906921387,
        -0.5932337045669556,
        0.7347017526626587,
        0.32907018065452576,
        -3.0701515674591064,
        -0.42632895708084106,
        -0.633460283279419,
        0.6457334160804749,
        8.233205795288086
    ],
    [
        0.6389406323432922,
        0.23670989274978638,
        0.7319312691688538,
        6.568234443664551,
        -0.6105080246925354,
        0.7349117994308472,
        0.29527029395103455,
        -3.0223841667175293,
        -0.4680115282535553,
        -0.6355100870132446,
        0.6140783429145813,
        8.361005783081055
    ],
    [
        0.5901515483856201,
        0.23025241494178772,
        0.773760199546814,
        6.678828716278076,
        -0.6263779997825623,
        0.735252857208252,
        0.25894850492477417,
        -2.966973066329956,
        -0.509285569190979,
        -0.6374853253364563,
        0.5781356692314148,
        8.488805770874023
    ],
    [
        0.5404923558235168,
        0.2239094078540802,
        0.8110070824623108,
        6.802034854888916,
        -0.6394093036651611,
        0.7358238697052002,
        0.22297915816307068,
        -2.923774003982544,
        -0.5468306541442871,
        -0.639083743095398,
        0.5408764481544495,
        8.625214576721191
    ],
    [
        0.5012474060058594,
        0.2192690372467041,
        0.8370615243911743,
        6.899964332580566,
        -0.6470385193824768,
        0.7372773289680481,
        0.19432778656482697,
        -2.90618896484375,
        -0.5745365023612976,
        -0.6390174031257629,
        0.5114338994026184,
        8.71855640411377
    ],
    [
        0.4513132572174072,
        0.21433505415916443,
        0.8662429451942444,
        7.031424045562744,
        -0.6539941430091858,
        0.7398884296417236,
        0.1576603353023529,
        -2.8862407207489014,
        -0.6071310043334961,
        -0.6376720666885376,
        0.4740954041481018,
        8.816444396972656
    ],
    [
        0.398796409368515,
        0.2086026817560196,
        0.892998456954956,
        7.174039840698242,
        -0.6584502458572388,
        0.7429141402244568,
        0.12050796300172806,
        -2.866424560546875,
        -0.6382825970649719,
        -0.6360530257225037,
        0.43362554907798767,
        8.904753684997559
    ],
    [
        0.3500045835971832,
        0.20334482192993164,
        0.914411187171936,
        7.352855682373047,
        -0.6600562334060669,
        0.7461950778961182,
        0.08670935779809952,
        -2.849851608276367,
        -0.6646973490715027,
        -0.6339113116264343,
        0.39539051055908203,
        8.987982749938965
    ],
    [
        0.31152746081352234,
        0.19869926571846008,
        0.929230272769928,
        7.504082202911377,
        -0.6604079008102417,
        0.7483946681022644,
        0.06137314438819885,
        -2.8505096435546875,
        -0.6832364797592163,
        -0.6327906847000122,
        0.3643684387207031,
        9.058876037597656
    ],
    [
        0.267854243516922,
        0.1941659152507782,
        0.9436914324760437,
        7.694229602813721,
        -0.6604317426681519,
        0.7501556277275085,
        0.0331089161336422,
        -2.8562769889831543,
        -0.7014870047569275,
        -0.6321122050285339,
        0.3291655480861664,
        9.156973838806152
    ],
    [
        0.2275533825159073,
        0.19003742933273315,
        0.9550420045852661,
        7.865353107452393,
        -0.6579955220222473,
        0.7529897689819336,
        0.006945159286260605,
        -2.873107433319092,
        -0.7178171277046204,
        -0.6299936771392822,
        0.29638925194740295,
        9.236927032470703
    ],
    [
        0.1850232630968094,
        0.18687021732330322,
        0.9648035168647766,
        8.042160987854004,
        -0.6552128791809082,
        0.7551628947257996,
        -0.020613430067896843,
        -2.8914296627044678,
        -0.7324360013008118,
        -0.6283379197120667,
        0.26216256618499756,
        9.310497283935547
    ]
]