[
    [
        0.9688683152198792,
        0.055066682398319244,
        -0.24137499928474426,
        -0.43449896574020386,
        -0.05044453963637352,
        0.9984065294265747,
        0.02529187873005867,
        -0.18946002423763275,
        0.24238310754299164,
        -0.012328448705375195,
        0.9701022505760193,
        1.1451349258422852
    ],
    [
        0.9669475555419922,
        0.057012200355529785,
        -0.24851979315280914,
        -0.4548289179801941,
        -0.05337817221879959,
        0.9983462691307068,
        0.02134248986840248,
        -0.1860358715057373,
        0.24932557344436646,
        -0.007371534593403339,
        0.9683917164802551,
        1.2141430377960205
    ],
    [
        0.9640827178955078,
        0.06003794074058533,
        -0.25872743129730225,
        -0.4713180661201477,
        -0.05690435320138931,
        0.9981873631477356,
        0.01959054172039032,
        -0.19187836349010468,
        0.25943467020988464,
        -0.004164186771959066,
        0.9657517075538635,
        1.2831827402114868
    ],
    [
        0.9596867561340332,
        0.064473457634449,
        -0.27357718348503113,
        -0.48344868421554565,
        -0.06200164929032326,
        0.9979193806648254,
        0.017681103199720383,
        -0.2001689225435257,
        0.2741478681564331,
        -6.086174380470766e-06,
        0.9616875052452087,
        1.3502953052520752
    ],
    [
        0.9522659182548523,
        0.07082061469554901,
        -0.29694119095802307,
        -0.4943424165248871,
        -0.0697193518280983,
        0.9974639415740967,
        0.014311409555375576,
        -0.20703266561031342,
        0.29720166325569153,
        0.007074275519698858,
        0.9547885656356812,
        1.430221676826477
    ],
    [
        0.9441686868667603,
        0.07572023570537567,
        -0.32064303755760193,
        -0.49851369857788086,
        -0.07599420845508575,
        0.9970399141311646,
        0.011678856797516346,
        -0.21356172859668732,
        0.3205782175064087,
        0.013340200297534466,
        0.9471280574798584,
        1.4963252544403076
    ],
    [
        0.9337443709373474,
        0.08096540719270706,
        -0.3486633002758026,
        -0.49656641483306885,
        -0.08267920464277267,
        0.9965261816978455,
        0.00998932309448719,
        -0.2179352045059204,
        0.34826090931892395,
        0.019499728456139565,
        0.9371947646141052,
        1.5551574230194092
    ],
    [
        0.9208375215530396,
        0.08611240237951279,
        -0.38031962513923645,
        -0.48853811621665955,
        -0.08836489170789719,
        0.9960210919380188,
        0.011569352820515633,
        -0.23214833438396454,
        0.3798025846481323,
        0.022953413426876068,
        0.9247827529907227,
        1.6026192903518677
    ],
    [
        0.9036529064178467,
        0.0916515365242958,
        -0.4183436632156372,
        -0.4885581433773041,
        -0.09480761736631393,
        0.995406985282898,
        0.013284269720315933,
        -0.24383150041103363,
        0.41763976216316223,
        0.027657801285386086,
        0.9081915616989136,
        1.6538695096969604
    ],
    [
        0.8884438872337341,
        0.09509960561990738,
        -0.44902509450912476,
        -0.4966449737548828,
        -0.09933348745107651,
        0.9949531555175781,
        0.014180546626448631,
        -0.25103020668029785,
        0.4481075406074524,
        0.03200461342930794,
        0.8934065699577332,
        1.6915024518966675
    ],
    [
        0.8723161220550537,
        0.0992470309138298,
        -0.4787636995315552,
        -0.5106023550033569,
        -0.10447916388511658,
        0.9944019317626953,
        0.01577521115541458,
        -0.26213258504867554,
        0.4776492416858673,
        0.036259863525629044,
        0.8778020143508911,
        1.7301883697509766
    ],
    [
        0.8525249361991882,
        0.1020120307803154,
        -0.5126349925994873,
        -0.5244462490081787,
        -0.1063893586397171,
        0.9941051006317139,
        0.020894156768918037,
        -0.27749738097190857,
        0.511744499206543,
        0.03672611340880394,
        0.8583524823188782,
        1.7819286584854126
    ],
    [
        0.8236920833587646,
        0.10689137130975723,
        -0.5568712949752808,
        -0.5498301386833191,
        -0.11233024299144745,
        0.9933681488037109,
        0.024524454027414322,
        -0.2936261296272278,
        0.5557997226715088,
        0.04235288128256798,
        0.8302366137504578,
        1.8658756017684937
    ],
    [
        0.7945791482925415,
        0.11251182109117508,
        -0.5966448187828064,
        -0.5694220662117004,
        -0.1204017922282219,
        0.992363691329956,
        0.026789624243974686,
        -0.31018227338790894,
        0.5951027870178223,
        0.05055063217878342,
        0.8020581007003784,
        1.9454021453857422
    ],
    [
        0.7645403742790222,
        0.11765635013580322,
        -0.6337466835975647,
        -0.591388463973999,
        -0.12822745740413666,
        0.9913104772567749,
        0.029347533360123634,
        -0.3258754014968872,
        0.6316927671432495,
        0.058826345950365067,
        0.772983729839325,
        2.012639284133911
    ],
    [
        0.7333149313926697,
        0.12140705436468124,
        -0.6689614653587341,
        -0.614551842212677,
        -0.13444733619689941,
        0.9903922080993652,
        0.03236115351319313,
        -0.33890247344970703,
        0.6664631366729736,
        0.06620918959379196,
        0.7425922751426697,
        2.070533514022827
    ],
    [
        0.6971737146377563,
        0.1249341368675232,
        -0.7059321403503418,
        -0.6483173370361328,
        -0.1406479775905609,
        0.9893977046012878,
        0.03619818761944771,
        -0.3566433787345886,
        0.702970027923584,
        0.07405151426792145,
        0.7073538899421692,
        2.122354507446289
    ],
    [
        0.6669604182243347,
        0.12715184688568115,
        -0.7341636419296265,
        -0.680715799331665,
        -0.14394153654575348,
        0.988757848739624,
        0.04048018530011177,
        -0.3722171187400818,
        0.7310572266578674,
        0.07867798209190369,
        0.6777647733688354,
        2.160092353820801
    ],
    [
        0.6359435319900513,
        0.12932536005973816,
        -0.7608224153518677,
        -0.7174479961395264,
        -0.14717920124530792,
        0.9880886077880859,
        0.04493461921811104,
        -0.3895295560359955,
        0.757571280002594,
        0.08340132981538773,
        0.6474026441574097,
        2.199249505996704
    ],
    [
        0.6049536466598511,
        0.130996435880661,
        -0.7854112386703491,
        -0.7592534422874451,
        -0.15218934416770935,
        0.9872125387191772,
        0.04743229225277901,
        -0.40239205956459045,
        0.7815814018249512,
        0.09083688259124756,
        0.6171541810035706,
        2.2374608516693115
    ],
    [
        0.5652658939361572,
        0.1291142851114273,
        -0.8147416710853577,
        -0.8133475184440613,
        -0.15383745729923248,
        0.9868475794792175,
        0.049656327813863754,
        -0.4120834469795227,
        0.8104373812675476,
        0.09726874530315399,
        0.5776939988136292,
        2.2933847904205322
    ],
    [
        0.5353614687919617,
        0.12778779864311218,
        -0.8349001407623291,
        -0.8735252022743225,
        -0.1558249145746231,
        0.9864637851715088,
        0.05106643959879875,
        -0.42057737708091736,
        0.83012455701828,
        0.1027592197060585,
        0.5480272769927979,
        2.335270881652832
    ],
    [
        0.5086719989776611,
        0.12625165283679962,
        -0.8516532778739929,
        -0.9347379207611084,
        -0.15842391550540924,
        0.9860245585441589,
        0.05154852569103241,
        -0.42905449867248535,
        0.8462591171264648,
        0.10870099812746048,
        0.5215643048286438,
        2.3710830211639404
    ],
    [
        0.48534032702445984,
        0.12466142326593399,
        -0.8653925061225891,
        -0.9878323674201965,
        -0.15877456963062286,
        0.9858927726745605,
        0.052973728626966476,
        -0.4407252371311188,
        0.8597880005836487,
        0.11169201135635376,
        0.498286634683609,
        2.401719093322754
    ],
    [
        0.4606427252292633,
        0.123989537358284,
        -0.878882646560669,
        -1.0540094375610352,
        -0.16038036346435547,
        0.9855231642723083,
        0.054974909871816635,
        -0.45478734374046326,
        0.8729756474494934,
        0.11563172936439514,
        0.47385963797569275,
        2.435960531234741
    ]
]