[
    [
        0.9999201893806458,
        0.004096653312444687,
        0.01195515040308237,
        0.22036758065223694,
        -0.004072028677910566,
        0.9999895691871643,
        -0.00208334531635046,
        -0.0022337662521749735,
        -0.011963560245931149,
        0.002034496981650591,
        0.9999263286590576,
        -0.009801721200346947
    ],
    [
        0.9999166131019592,
        0.004054933320730925,
        0.012261728756129742,
        0.23492133617401123,
        -0.004024674650281668,
        0.9999887943267822,
        -0.0024913670495152473,
        -0.002031048759818077,
        -0.012271692976355553,
        0.0024418106768280268,
        0.9999216794967651,
        -0.010396474972367287
    ],
    [
        0.9999026656150818,
        0.004821339622139931,
        0.01309948693960905,
        0.25528958439826965,
        -0.004747034516185522,
        0.9999725222587585,
        -0.005697555840015411,
        0.00209796498529613,
        -0.013126598671078682,
        0.005634815897792578,
        0.9998979568481445,
        -0.0112141789868474
    ],
    [
        0.9998769760131836,
        0.0057793473824858665,
        0.014581028372049332,
        0.27012187242507935,
        -0.005647742655128241,
        0.9999431371688843,
        -0.009050803259015083,
        0.006655639503151178,
        -0.014632506296038628,
        0.008967339992523193,
        0.9998527765274048,
        -0.01106527540832758
    ],
    [
        0.99982750415802,
        0.006909836083650589,
        0.01724298670887947,
        0.2893963158130646,
        -0.00668611004948616,
        0.9998931884765625,
        -0.0129989730194211,
        0.01191716268658638,
        -0.017330965027213097,
        0.012881441973149776,
        0.9997668862342834,
        -0.010732043534517288
    ],
    [
        0.9998167157173157,
        0.007153292652219534,
        0.017758680507540703,
        0.3054448664188385,
        -0.006913759745657444,
        0.999884843826294,
        -0.013513194397091866,
        0.012079150415956974,
        -0.017853299155831337,
        0.013387937098741531,
        0.9997510313987732,
        -0.01110602356493473
    ],
    [
        0.9997972249984741,
        0.007264645770192146,
        0.018783899024128914,
        0.32563334703445435,
        -0.007016697898507118,
        0.9998878836631775,
        -0.013232417404651642,
        0.01089741475880146,
        -0.018877919763326645,
        0.013097933493554592,
        0.9997358918190002,
        -0.01131406705826521
    ],
    [
        0.999781608581543,
        0.007279116660356522,
        0.0195921640843153,
        0.3442242741584778,
        -0.007020412012934685,
        0.9998876452445984,
        -0.013241061009466648,
        0.009849652647972107,
        -0.019686346873641014,
        0.013100623153150082,
        0.9997202754020691,
        -0.012267365120351315
    ],
    [
        0.9997774362564087,
        0.007221652194857597,
        0.019817017018795013,
        0.35772258043289185,
        -0.006971745286136866,
        0.9998956918716431,
        -0.012650937773287296,
        0.008280793204903603,
        -0.019906312227249146,
        0.0125099653378129,
        0.9997236132621765,
        -0.01272245030850172
    ],
    [
        0.999748706817627,
        0.007541575003415346,
        0.021111324429512024,
        0.3733827769756317,
        -0.007251825649291277,
        0.9998789429664612,
        -0.013767911121249199,
        0.008825975470244884,
        -0.02121260203421116,
        0.013611353933811188,
        0.9996823072433472,
        -0.012659752741456032
    ],
    [
        0.9997302889823914,
        0.00808839313685894,
        0.021768813952803612,
        0.3850548267364502,
        -0.007748282048851252,
        0.9998472929000854,
        -0.015663037076592445,
        0.010912816971540451,
        -0.021892178803682327,
        0.015490141697227955,
        0.9996402263641357,
        -0.01290086843073368
    ],
    [
        0.9996981024742126,
        0.008779443800449371,
        0.022947724908590317,
        0.39985090494155884,
        -0.008367701433598995,
        0.999803364276886,
        -0.017977479845285416,
        0.013278716243803501,
        -0.023101046681404114,
        0.017780032008886337,
        0.9995750784873962,
        -0.013036632910370827
    ],
    [
        0.9996783137321472,
        0.008919347077608109,
        0.02373868227005005,
        0.4151819944381714,
        -0.00847186241298914,
        0.9997857809066772,
        -0.018884707242250443,
        0.01332920417189598,
        -0.023902036249637604,
        0.018677525222301483,
        0.999539852142334,
        -0.013415358029305935
    ],
    [
        0.9996662735939026,
        0.008923519402742386,
        0.024238524958491325,
        0.426979660987854,
        -0.008465448394417763,
        0.9997848868370056,
        -0.018935799598693848,
        0.012473908253014088,
        -0.024402283132076263,
        0.018724290654063225,
        0.999526858329773,
        -0.01373316254466772
    ],
    [
        0.9996436834335327,
        0.008731457404792309,
        0.025224808603525162,
        0.4423060119152069,
        -0.008261105976998806,
        0.999791145324707,
        -0.01869075372815132,
        0.010751483961939812,
        -0.025382740423083305,
        0.018475709483027458,
        0.9995070695877075,
        -0.014059077017009258
    ],
    [
        0.9996193051338196,
        0.008892457000911236,
        0.02612217515707016,
        0.4534691870212555,
        -0.008379143662750721,
        0.9997708797454834,
        -0.019694644957780838,
        0.011121295392513275,
        -0.02629132568836212,
        0.019468262791633606,
        0.9994648098945618,
        -0.014499162323772907
    ],
    [
        0.9995688199996948,
        0.009144234471023083,
        0.027903584763407707,
        0.4673445522785187,
        -0.008560207672417164,
        0.9997432827949524,
        -0.020978378131985664,
        0.01166890561580658,
        -0.028088251128792763,
        0.02073047123849392,
        0.9993903636932373,
        -0.014748445712029934
    ],
    [
        0.99953293800354,
        0.009453113190829754,
        0.02905954420566559,
        0.47787877917289734,
        -0.008803772740066051,
        0.9997104406356812,
        -0.02239251136779785,
        0.012701760046184063,
        -0.029262809082865715,
        0.022126220166683197,
        0.9993268251419067,
        -0.014721639454364777
    ],
    [
        0.9994818568229675,
        0.009983795695006847,
        0.030598068609833717,
        0.4914494454860687,
        -0.009248991496860981,
        0.9996676445007324,
        -0.024062901735305786,
        0.013904084451496601,
        -0.030828138813376427,
        0.023767434060573578,
        0.9992420673370361,
        -0.014838415198028088
    ],
    [
        0.9994325637817383,
        0.01013293955475092,
        0.03212355077266693,
        0.5050678253173828,
        -0.00933566689491272,
        0.9996470808982849,
        -0.02487250789999962,
        0.013898857869207859,
        -0.032364245504140854,
        0.024558497592806816,
        0.9991744160652161,
        -0.014994504861533642
    ],
    [
        0.9994103908538818,
        0.010306078009307384,
        0.032751794904470444,
        0.5160647034645081,
        -0.009477655403316021,
        0.9996336698532104,
        -0.025349387899041176,
        0.013989089988172054,
        -0.03300105407834053,
        0.02502403035759926,
        0.9991419315338135,
        -0.015405165031552315
    ],
    [
        0.9993785619735718,
        0.010657046921551228,
        0.033601313829422,
        0.5310823321342468,
        -0.00979146733880043,
        0.999618649482727,
        -0.02582043968141079,
        0.013875236734747887,
        -0.033863671123981476,
        0.025475382804870605,
        0.9991017580032349,
        -0.016109827905893326
    ],
    [
        0.9993485808372498,
        0.010973556898534298,
        0.034381866455078125,
        0.5426539182662964,
        -0.010082937777042389,
        0.9996118545532227,
        -0.025970935821533203,
        0.013584982603788376,
        -0.03465351462364197,
        0.02560734935104847,
        0.9990712404251099,
        -0.016443617641925812
    ],
    [
        0.999300479888916,
        0.011482403613626957,
        0.03559166193008423,
        0.5585212111473083,
        -0.01056661643087864,
        0.9996110200881958,
        -0.02581259049475193,
        0.012738948687911034,
        -0.035874202847480774,
        0.025418449193239212,
        0.9990329742431641,
        -0.017094824463129044
    ],
    [
        0.999225914478302,
        0.012193998321890831,
        0.03740207478404045,
        0.5744916200637817,
        -0.011235689744353294,
        0.9996059536933899,
        -0.025725847110152245,
        0.012023251503705978,
        -0.03770102933049202,
        0.025285694748163223,
        0.9989690780639648,
        -0.017219489440321922
    ]
]