[
    [
        0.6139218211174011,
        -0.15664330124855042,
        0.7736685276031494,
        0.4751514196395874,
        0.16892583668231964,
        0.9834780097007751,
        0.06507696211338043,
        0.0668204128742218,
        -0.7710797786712646,
        0.09074041992425919,
        0.6302396655082703,
        -0.2745104432106018
    ],
    [
        0.6117761731147766,
        -0.1569100171327591,
        0.7753123044967651,
        0.475565642118454,
        0.16917596757411957,
        0.9834047555923462,
        0.06553260236978531,
        0.06701591610908508,
        -0.7727285623550415,
        0.0910729244351387,
        0.6281690001487732,
        -0.2751629650592804
    ],
    [
        0.6096132397651672,
        -0.15719512104988098,
        0.7769564986228943,
        0.4760477542877197,
        0.1693929135799408,
        0.98333340883255,
        0.06604106724262238,
        0.06717793643474579,
        -0.7743886113166809,
        0.09135142713785172,
        0.6260808706283569,
        -0.27572953701019287
    ],
    [
        0.6074180006980896,
        -0.15746670961380005,
        0.778619110584259,
        0.47656017541885376,
        0.16965346038341522,
        0.983257532119751,
        0.06650204956531525,
        0.06745236366987228,
        -0.776054859161377,
        0.09170087426900864,
        0.6239630579948425,
        -0.27643901109695435
    ],
    [
        0.6052711606025696,
        -0.15783563256263733,
        0.7802145481109619,
        0.4772225022315979,
        0.1699058562517166,
        0.983174204826355,
        0.0670851320028305,
        0.06746404618024826,
        -0.7776752710342407,
        0.09195831418037415,
        0.6219042539596558,
        -0.2773708403110504
    ],
    [
        0.6030489802360535,
        -0.15804418921470642,
        0.7818912863731384,
        0.4776577949523926,
        0.17022556066513062,
        0.9830957651138306,
        0.06742396950721741,
        0.06786336749792099,
        -0.7793299555778503,
        0.09243793785572052,
        0.6197580695152283,
        -0.27792346477508545
    ],
    [
        0.6008643507957458,
        -0.158298522233963,
        0.783519983291626,
        0.478115051984787,
        0.17055796086788177,
        0.9830119013786316,
        0.0678057074546814,
        0.06813670694828033,
        -0.7809430360794067,
        0.09289354085922241,
        0.617655873298645,
        -0.2785866856575012
    ],
    [
        0.5987085103988647,
        -0.15862591564655304,
        0.7851025462150574,
        0.4786551892757416,
        0.17083406448364258,
        0.9829283356666565,
        0.0683198869228363,
        0.06827092915773392,
        -0.7825368642807007,
        0.09321856498718262,
        0.6155862212181091,
        -0.27935102581977844
    ],
    [
        0.5963809490203857,
        -0.15886178612709045,
        0.7868244647979736,
        0.47908860445022583,
        0.17113997042179108,
        0.9828470945358276,
        0.06872209906578064,
        0.06862315535545349,
        -0.784245491027832,
        0.09367256611585617,
        0.613338828086853,
        -0.27993839979171753
    ],
    [
        0.5941594839096069,
        -0.1590726524591446,
        0.7884607315063477,
        0.47964760661125183,
        0.1713564395904541,
        0.9827794432640076,
        0.06914772838354111,
        0.06890273839235306,
        -0.7858826518058777,
        0.09402304887771606,
        0.6111858487129211,
        -0.28081953525543213
    ],
    [
        0.5918350219726562,
        -0.15921735763549805,
        0.7901778817176819,
        0.48001015186309814,
        0.17157602310180664,
        0.9827160239219666,
        0.0695042833685875,
        0.06929050385951996,
        -0.7875868082046509,
        0.09444049745798111,
        0.6089237332344055,
        -0.28138357400894165
    ],
    [
        0.589518129825592,
        -0.1595728099346161,
        0.7918363213539124,
        0.4806014895439148,
        0.17186175286769867,
        0.9826259016990662,
        0.07007097452878952,
        0.06944572925567627,
        -0.7892603278160095,
        0.09477827697992325,
        0.6067001819610596,
        -0.2822192907333374
    ],
    [
        0.5872231721878052,
        -0.1599629521369934,
        0.793461263179779,
        0.4810545742511749,
        0.17215372622013092,
        0.9825316667556763,
        0.07067262381315231,
        0.06946197152137756,
        -0.7909058332443237,
        0.09509671479463577,
        0.6045035719871521,
        -0.28290238976478577
    ],
    [
        0.5849490761756897,
        -0.16021697223186493,
        0.7950881123542786,
        0.48155859112739563,
        0.17241807281970978,
        0.9824527502059937,
        0.07112396508455276,
        0.06972256302833557,
        -0.7925317287445068,
        0.09548366069793701,
        0.6023091077804565,
        -0.2835679352283478
    ],
    [
        0.5826379656791687,
        -0.1604314148426056,
        0.7967401146888733,
        0.48187634348869324,
        0.17274907231330872,
        0.982368528842926,
        0.07148203998804092,
        0.07005763053894043,
        -0.7941603660583496,
        0.0959879606962204,
        0.6000795960426331,
        -0.28414037823677063
    ],
    [
        0.5803868770599365,
        -0.1606462150812149,
        0.7983381748199463,
        0.48247769474983215,
        0.17292405664920807,
        0.9823036193847656,
        0.07195010781288147,
        0.07029616832733154,
        -0.7957690358161926,
        0.09629298746585846,
        0.5978957414627075,
        -0.2850596308708191
    ],
    [
        0.5778576135635376,
        -0.16089266538619995,
        0.8001213073730469,
        0.4829631745815277,
        0.17323896288871765,
        0.9822154641151428,
        0.07239381223917007,
        0.0706758126616478,
        -0.797539234161377,
        0.09677885472774506,
        0.5954535603523254,
        -0.2859526574611664
    ],
    [
        0.5752788186073303,
        -0.16126346588134766,
        0.8019029498100281,
        0.4834609925746918,
        0.1735682338476181,
        0.9821134209632874,
        0.07298752665519714,
        0.07082845270633698,
        -0.799329936504364,
        0.09719669073820114,
        0.5929793119430542,
        -0.2866131067276001
    ],
    [
        0.5727577805519104,
        -0.16143207252025604,
        0.8036717176437378,
        0.4838657081127167,
        0.17387773096561432,
        0.9820324182510376,
        0.0733405277132988,
        0.0713028609752655,
        -0.8010711669921875,
        0.097734235227108,
        0.5905361175537109,
        -0.28744077682495117
    ],
    [
        0.5703282356262207,
        -0.16190579533576965,
        0.8053025603294373,
        0.4844827353954315,
        0.17419269680976868,
        0.9819234013557434,
        0.07404930889606476,
        0.07126351445913315,
        -0.8027344346046448,
        0.09804542362689972,
        0.5882214903831482,
        -0.28827545046806335
    ],
    [
        0.5678783655166626,
        -0.1620917171239853,
        0.8069947361946106,
        0.484933078289032,
        0.1745571494102478,
        0.9818340539932251,
        0.07437464594841003,
        0.07185497134923935,
        -0.8043904304504395,
        0.09863094240427017,
        0.5858566164970398,
        -0.28912457823753357
    ],
    [
        0.5654094219207764,
        -0.16240525245666504,
        0.808663547039032,
        0.4853684902191162,
        0.1748943030834198,
        0.9817357659339905,
        0.07487932592630386,
        0.07210692018270493,
        -0.8060547113418579,
        0.09909317642450333,
        0.5834863185882568,
        -0.28989213705062866
    ],
    [
        0.5631088018417358,
        -0.1627170294523239,
        0.8102046847343445,
        0.48569583892822266,
        0.17533107101917267,
        0.9816266894340515,
        0.07528581470251083,
        0.07232461124658585,
        -0.8075689077377319,
        0.09965995699167252,
        0.5812919735908508,
        -0.29042643308639526
    ],
    [
        0.5607635378837585,
        -0.16286446154117584,
        0.8118000030517578,
        0.48613613843917847,
        0.17548930644989014,
        0.9815664291381836,
        0.0757012739777565,
        0.07270577549934387,
        -0.809164822101593,
        0.10001171380281448,
        0.5790076851844788,
        -0.29129666090011597
    ],
    [
        0.5558961033821106,
        -0.16342683136463165,
        0.8150283694267273,
        0.4870036542415619,
        0.17604118585586548,
        0.9813889265060425,
        0.07671474665403366,
        0.07320735603570938,
        -0.8123970627784729,
        0.10083311796188354,
        0.5743201375007629,
        -0.292851984500885
    ]
]