[
    [
        0.999683678150177,
        0.004113595001399517,
        -0.024811137467622757,
        -0.036251507699489594,
        -0.004704618360847235,
        0.99970543384552,
        -0.02380971610546112,
        -0.16819682717323303,
        0.024705883115530014,
        0.023918911814689636,
        0.999408483505249,
        0.39497110247612
    ],
    [
        0.9996474385261536,
        0.004393476061522961,
        -0.02618781104683876,
        -0.04253455251455307,
        -0.005082272458821535,
        0.9996412992477417,
        -0.02629389986395836,
        -0.18727785348892212,
        0.026062894612550735,
        0.026417721062898636,
        0.9993112087249756,
        0.5236114859580994
    ],
    [
        0.999579131603241,
        0.0056724450550973415,
        -0.02844800427556038,
        -0.04843282699584961,
        -0.006478352937847376,
        0.9995779991149902,
        -0.028317494317889214,
        -0.20387248694896698,
        0.028275368735194206,
        0.028489870950579643,
        0.9991940855979919,
        0.6610568761825562
    ],
    [
        0.9994997382164001,
        0.005605150479823351,
        -0.031125031411647797,
        -0.05475683510303497,
        -0.006543499417603016,
        0.9995245337486267,
        -0.03012816049158573,
        -0.21743139624595642,
        0.03094136156141758,
        0.030316758900880814,
        0.9990612864494324,
        0.7840423583984375
    ],
    [
        0.9993759989738464,
        0.005647567100822926,
        -0.034865736961364746,
        -0.06539476662874222,
        -0.006789123173803091,
        0.9994418621063232,
        -0.03271036595106125,
        -0.23298893868923187,
        0.03466154262423515,
        0.032926663756370544,
        0.9988565444946289,
        0.916316568851471
    ],
    [
        0.999229907989502,
        0.007521521300077438,
        -0.038508471101522446,
        -0.07748999446630478,
        -0.00889492966234684,
        0.9993259310722351,
        -0.03561893105506897,
        -0.24722802639007568,
        0.038214605301618576,
        0.03593403846025467,
        0.9986231923103333,
        1.0337716341018677
    ],
    [
        0.9990724921226501,
        0.008810311555862427,
        -0.0421488881111145,
        -0.09142886102199554,
        -0.010395768098533154,
        0.9992408156394958,
        -0.03754555061459541,
        -0.2597251832485199,
        0.04178609699010849,
        0.03794889897108078,
        0.9984056353569031,
        1.1602232456207275
    ],
    [
        0.9989098310470581,
        0.00966766756027937,
        -0.04566936939954758,
        -0.10943594574928284,
        -0.011447472497820854,
        0.9991785883903503,
        -0.03887216001749039,
        -0.27380266785621643,
        0.045256052166223526,
        0.039352577179670334,
        0.9982001185417175,
        1.2838432788848877
    ],
    [
        0.9987090229988098,
        0.009931203909218311,
        -0.04981810227036476,
        -0.1262964904308319,
        -0.011941240169107914,
        0.999119758605957,
        -0.04021351411938667,
        -0.2875158190727234,
        0.049374885857105255,
        0.04075648635625839,
        0.9979483485221863,
        1.3954379558563232
    ],
    [
        0.9984334111213684,
        0.011388280428946018,
        -0.054781798273324966,
        -0.14676642417907715,
        -0.0137140778824687,
        0.9990121126174927,
        -0.042268846184015274,
        -0.30421075224876404,
        0.05424631014466286,
        0.04295390844345093,
        0.9976032376289368,
        1.5162420272827148
    ],
    [
        0.9982107877731323,
        0.011886382475495338,
        -0.058598875999450684,
        -0.16793519258499146,
        -0.014489649794995785,
        0.9989175200462341,
        -0.044202376157045364,
        -0.3200434148311615,
        0.0580100379884243,
        0.04497236758470535,
        0.9973024725914001,
        1.623571753501892
    ],
    [
        0.9979454874992371,
        0.0118333138525486,
        -0.0629657506942749,
        -0.19108405709266663,
        -0.014766932465136051,
        0.9988170266151428,
        -0.04633120447397232,
        -0.3353945314884186,
        0.06234300509095192,
        0.047165825963020325,
        0.9969397187232971,
        1.73762047290802
    ],
    [
        0.997679591178894,
        0.012526554986834526,
        -0.06692034006118774,
        -0.21420425176620483,
        -0.01578630320727825,
        0.9987030029296875,
        -0.04840627685189247,
        -0.3509621322154999,
        0.06622718274593353,
        0.04935038834810257,
        0.9965833425521851,
        1.8484904766082764
    ],
    [
        0.997438907623291,
        0.01371183805167675,
        -0.07019704580307007,
        -0.23443152010440826,
        -0.017283134162425995,
        0.998573362827301,
        -0.050523433834314346,
        -0.36401107907295227,
        0.06940412521362305,
        0.05160726606845856,
        0.9962528944015503,
        1.9464848041534424
    ],
    [
        0.9971640110015869,
        0.0132386339828372,
        -0.07408608496189117,
        -0.2574104368686676,
        -0.0171857550740242,
        0.9984521269798279,
        -0.05289621651172638,
        -0.37590184807777405,
        0.07327113300561905,
        0.05401942506432533,
        0.9958480596542358,
        2.050326108932495
    ],
    [
        0.9968817234039307,
        0.012755807489156723,
        -0.07787258177995682,
        -0.27800706028938293,
        -0.01706661842763424,
        0.9983434677124023,
        -0.05494518205523491,
        -0.38536733388900757,
        0.07704272866249084,
        0.056102871894836426,
        0.9954480528831482,
        2.144807815551758
    ],
    [
        0.9965194463729858,
        0.013967289589345455,
        -0.08218119293451309,
        -0.2987137734889984,
        -0.018625838682055473,
        0.9982460141181946,
        -0.05619559809565544,
        -0.3938547372817993,
        0.08125215768814087,
        0.05753070488572121,
        0.9950317144393921,
        2.246218681335449
    ],
    [
        0.9961763024330139,
        0.01412669476121664,
        -0.08621636778116226,
        -0.3156208097934723,
        -0.019032027572393417,
        0.9982300996780396,
        -0.056341513991355896,
        -0.3995659649372101,
        0.08526785671710968,
        0.057766951620578766,
        0.9946820139884949,
        2.3386831283569336
    ],
    [
        0.9958876967430115,
        0.013710150495171547,
        -0.08955242484807968,
        -0.3333868682384491,
        -0.01880463771522045,
        0.998237133026123,
        -0.056294720619916916,
        -0.40539661049842834,
        0.08862275630235672,
        0.05774722993373871,
        0.9943899512290955,
        2.438135862350464
    ],
    [
        0.9956680536270142,
        0.013836371712386608,
        -0.09194368124008179,
        -0.34926527738571167,
        -0.019088314846158028,
        0.998220682144165,
        -0.0564897246658802,
        -0.4121564030647278,
        0.09099847823381424,
        0.05800006166100502,
        0.9941606521606445,
        2.535637378692627
    ],
    [
        0.9955891370773315,
        0.0144514050334692,
        -0.09270090609788895,
        -0.3619014024734497,
        -0.019751623272895813,
        0.9982064366340637,
        -0.05651528760790825,
        -0.42000311613082886,
        0.0917179137468338,
        0.0580969974398613,
        0.994088888168335,
        2.6229705810546875
    ],
    [
        0.9954861998558044,
        0.013932297006249428,
        -0.09387895464897156,
        -0.3749977946281433,
        -0.019341139122843742,
        0.9981894493103027,
        -0.056953806430101395,
        -0.4283810555934906,
        0.09291548281908035,
        0.05851244926452637,
        0.9939531683921814,
        2.7163138389587402
    ],
    [
        0.9953553080558777,
        0.013415196910500526,
        -0.09533067792654037,
        -0.38635900616645813,
        -0.018975788727402687,
        0.9981556534767151,
        -0.05766451358795166,
        -0.43443167209625244,
        0.09438128024339676,
        0.05920565128326416,
        0.9937740564346313,
        2.799731731414795
    ],
    [
        0.9951852560043335,
        0.013448014855384827,
        -0.09708519279956818,
        -0.3979434072971344,
        -0.019083255901932716,
        0.9981716871261597,
        -0.05735117197036743,
        -0.43991225957870483,
        0.0961364284157753,
        0.058927737176418304,
        0.993622362613678,
        2.888227701187134
    ],
    [
        0.9949694871902466,
        0.013353252783417702,
        -0.09928485751152039,
        -0.4093605875968933,
        -0.019071755930781364,
        0.9981992840766907,
        -0.056872788816690445,
        -0.44448643922805786,
        0.09834665805101395,
        0.05848022550344467,
        0.9934324026107788,
        2.9744954109191895
    ]
]