[
    [
        0.9997345805168152,
        -0.0008583334856666625,
        0.023025190457701683,
        0.008828910067677498,
        0.0008120525744743645,
        0.999997615814209,
        0.0020193124655634165,
        -0.007450152654200792,
        -0.02302687056362629,
        -0.0020000790245831013,
        0.9997327923774719,
        0.07091325521469116
    ],
    [
        0.9993926882743835,
        -0.0018887014593929052,
        0.03479546308517456,
        0.015099970623850822,
        0.0017854687757790089,
        0.9999939203262329,
        0.0029976663645356894,
        -0.013620374724268913,
        -0.03480091318488121,
        -0.0029337203595787287,
        0.9993898868560791,
        0.11037793755531311
    ],
    [
        0.9989184141159058,
        -0.0037509268149733543,
        0.04634452611207962,
        0.024415675550699234,
        0.0035419294144958258,
        0.9999832510948181,
        0.004590948112308979,
        -0.021430442109704018,
        -0.04636096954345703,
        -0.004421833902597427,
        0.9989149570465088,
        0.1521347463130951
    ],
    [
        0.9980206489562988,
        -0.005864089820533991,
        0.06261307746171951,
        0.04139909893274307,
        0.005486219190061092,
        0.9999656677246094,
        0.006205234210938215,
        -0.031339142471551895,
        -0.06264731287956238,
        -0.005849443841725588,
        0.9980186223983765,
        0.21145541965961456
    ],
    [
        0.9972823858261108,
        -0.007074922323226929,
        0.0733334869146347,
        0.05420179292559624,
        0.0065519921481609344,
        0.9999514222145081,
        0.007368964143097401,
        -0.03831638768315315,
        -0.07338205724954605,
        -0.006868458818644285,
        0.9972802400588989,
        0.2532423734664917
    ],
    [
        0.9960260987281799,
        -0.009065486490726471,
        0.08860044181346893,
        0.07763700932264328,
        0.008402936160564423,
        0.9999338984489441,
        0.007848091423511505,
        -0.04535691812634468,
        -0.08866573870182037,
        -0.007072399370372295,
        0.9960363507270813,
        0.3160327970981598
    ],
    [
        0.9950984120368958,
        -0.0104224169626832,
        0.09833872318267822,
        0.09521915018558502,
        0.009652974084019661,
        0.9999189376831055,
        0.008296974934637547,
        -0.05073763057589531,
        -0.0984172374010086,
        -0.007307045627385378,
        0.9951183795928955,
        0.35828596353530884
    ],
    [
        0.994125485420227,
        -0.011914797127246857,
        0.10757620632648468,
        0.11550215631723404,
        0.011070126667618752,
        0.9999030232429504,
        0.008445607498288155,
        -0.05458506941795349,
        -0.10766641050577164,
        -0.007205110974609852,
        0.994161069393158,
        0.40202686190605164
    ],
    [
        0.9923547506332397,
        -0.01567271165549755,
        0.12241889536380768,
        0.14524880051612854,
        0.01462476421147585,
        0.9998483061790466,
        0.009454254060983658,
        -0.06348531693220139,
        -0.12254850566387177,
        -0.007591626141220331,
        0.9924335479736328,
        0.4717066287994385
    ],
    [
        0.9911299347877502,
        -0.017607586458325386,
        0.13172481954097748,
        0.16709783673286438,
        0.016399219632148743,
        0.99981290102005,
        0.010252696461975574,
        -0.06852541863918304,
        -0.13188070058822632,
        -0.008001571521162987,
        0.9912334084510803,
        0.5206046104431152
    ],
    [
        0.9889914393424988,
        -0.0211385115981102,
        0.14645498991012573,
        0.19809891283512115,
        0.019674062728881836,
        0.9997410178184509,
        0.011440779082477093,
        -0.07607260346412659,
        -0.14665888249874115,
        -0.008433468639850616,
        0.9891512393951416,
        0.5928085446357727
    ],
    [
        0.98752760887146,
        -0.02334233559668064,
        0.15570582449436188,
        0.2188674956560135,
        0.021718397736549377,
        0.9996906518936157,
        0.012122828513383865,
        -0.08167094737291336,
        -0.15594060719013214,
        -0.008589946664869785,
        0.9877290725708008,
        0.6391537189483643
    ],
    [
        0.9851858615875244,
        -0.025553688406944275,
        0.16957558691501617,
        0.24811045825481415,
        0.0237174890935421,
        0.9996361136436462,
        0.012845337390899658,
        -0.08882414549589157,
        -0.16984215378761292,
        -0.008633136749267578,
        0.9854334592819214,
        0.7048861384391785
    ],
    [
        0.9835239052772522,
        -0.026994038373231888,
        0.17875102162361145,
        0.26827168464660645,
        0.025075171142816544,
        0.9996011853218079,
        0.01298588514328003,
        -0.09322710335254669,
        -0.17903028428554535,
        -0.008289718069136143,
        0.983808696269989,
        0.7491098046302795
    ],
    [
        0.9817898273468018,
        -0.027761662378907204,
        0.1879308670759201,
        0.2876667082309723,
        0.02567235752940178,
        0.9995787143707275,
        0.013542771339416504,
        -0.09788069874048233,
        -0.18822766840457916,
        -0.008471527136862278,
        0.9820889234542847,
        0.7930362224578857
    ],
    [
        0.9789182543754578,
        -0.02879340946674347,
        0.2022126317024231,
        0.31494396924972534,
        0.026455167680978775,
        0.9995483160018921,
        0.014257043600082397,
        -0.10437905043363571,
        -0.2025318294763565,
        -0.008606912568211555,
        0.9792378544807434,
        0.8591732978820801
    ],
    [
        0.9769577383995056,
        -0.029851669445633888,
        0.2113344669342041,
        0.3329816162586212,
        0.027410613372921944,
        0.9995195269584656,
        0.014471430331468582,
        -0.10921775549650192,
        -0.21166491508483887,
        -0.008345169946551323,
        0.9773066639900208,
        0.9023304581642151
    ],
    [
        0.9737474322319031,
        -0.031602080911397934,
        0.22542686760425568,
        0.3604266941547394,
        0.029165305197238922,
        0.9994746446609497,
        0.014132462441921234,
        -0.11435321718454361,
        -0.22575508058071136,
        -0.007186805363744497,
        0.9741576313972473,
        0.9697387218475342
    ],
    [
        0.9714090824127197,
        -0.032681986689567566,
        0.23515187203884125,
        0.37656185030937195,
        0.030297785997390747,
        0.9994463920593262,
        0.013745803385972977,
        -0.11808253824710846,
        -0.2354709357023239,
        -0.006228216458112001,
        0.9718613624572754,
        1.0145182609558105
    ],
    [
        0.9689048528671265,
        -0.03349830210208893,
        0.24515557289123535,
        0.39197346568107605,
        0.031186768785119057,
        0.9994250535964966,
        0.01330593042075634,
        -0.12144726514816284,
        -0.2454603612422943,
        -0.005246572662144899,
        0.9693925380706787,
        1.0583133697509766
    ],
    [
        0.9652926325798035,
        -0.03542349487543106,
        0.2587573230266571,
        0.4180313050746918,
        0.03283686190843582,
        0.9993581771850586,
        0.01431297231465578,
        -0.12977072596549988,
        -0.25909823179244995,
        -0.005319430027157068,
        0.9658362865447998,
        1.1268118619918823
    ],
    [
        0.9628446102142334,
        -0.038906242698431015,
        0.2672388553619385,
        0.4361151456832886,
        0.03581371158361435,
        0.9992232918739319,
        0.01643841713666916,
        -0.1398056149482727,
        -0.2676708400249481,
        -0.006256827153265476,
        0.9634900689125061,
        1.1721677780151367
    ],
    [
        0.9592064619064331,
        -0.04341837763786316,
        0.2793525159358978,
        0.4614337682723999,
        0.0393826887011528,
        0.9990231394767761,
        0.02004576101899147,
        -0.15512356162071228,
        -0.2799499034881592,
        -0.008226370438933372,
        0.9599794149398804,
        1.236392855644226
    ],
    [
        0.957167387008667,
        -0.044435638934373856,
        0.28610506653785706,
        0.4794914722442627,
        0.03994808718562126,
        0.9989703297615051,
        0.021505655720829964,
        -0.1625136137008667,
        -0.28676605224609375,
        -0.009155163541436195,
        0.957956850528717,
        1.2770155668258667
    ],
    [
        0.9543440937995911,
        -0.04506812244653702,
        0.29529011249542236,
        0.5086637139320374,
        0.04017474502325058,
        0.9989365339279175,
        0.022620700299739838,
        -0.17142120003700256,
        -0.2959955334663391,
        -0.009724730625748634,
        0.9551399350166321,
        1.3380944728851318
    ]
]