[
    [
        0.9999535083770752,
        -0.00207667239010334,
        0.009422429837286472,
        -0.06780786067247391,
        0.0019858109299093485,
        0.9999515414237976,
        0.009642215445637703,
        -0.20931734144687653,
        -0.009441997855901718,
        -0.009623055346310139,
        0.9999091625213623,
        0.17845949530601501
    ],
    [
        0.9999545216560364,
        -0.001848303829319775,
        0.009366648271679878,
        -0.07143887877464294,
        0.0017586091998964548,
        0.9999525547027588,
        0.00957517884671688,
        -0.2171873301267624,
        -0.00938390288501978,
        -0.009558270685374737,
        0.9999102354049683,
        0.18610766530036926
    ],
    [
        0.9999509453773499,
        -0.0018109456868842244,
        0.009740957990288734,
        -0.07404102385044098,
        0.0017138211987912655,
        0.9999487996101379,
        0.00996977649629116,
        -0.22723253071308136,
        -0.00975851435214281,
        -0.009952591732144356,
        0.9999028444290161,
        0.19393907487392426
    ],
    [
        0.9999489188194275,
        -0.0012735442724078894,
        0.010027534328401089,
        -0.07906949520111084,
        0.0011594927636906505,
        0.999934732913971,
        0.011371409520506859,
        -0.24154864251613617,
        -0.010041361674666405,
        -0.011359200812876225,
        0.999885082244873,
        0.2063405066728592
    ],
    [
        0.9999498724937439,
        -0.0011674428824335337,
        0.00994484219700098,
        -0.08177974075078964,
        0.0010543172247707844,
        0.9999347925186157,
        0.011372973211109638,
        -0.2499205619096756,
        -0.009957470931112766,
        -0.011361917480826378,
        0.9998859167098999,
        0.2142118215560913
    ],
    [
        0.9999468922615051,
        -0.0009004641324281693,
        0.010269971564412117,
        -0.08763860911130905,
        0.0007719008717685938,
        0.999921441078186,
        0.012515448965132236,
        -0.2650224566459656,
        -0.010280434042215347,
        -0.012506857514381409,
        0.9998689889907837,
        0.22629539668560028
    ],
    [
        0.9999437928199768,
        -0.0007176456856541336,
        0.01057945191860199,
        -0.09022235125303268,
        0.0005792123847641051,
        0.999914288520813,
        0.013082405552268028,
        -0.2750614583492279,
        -0.010587933473289013,
        -0.013075542636215687,
        0.9998584985733032,
        0.23403969407081604
    ],
    [
        0.9999450445175171,
        -0.0006764418794773519,
        0.010467550717294216,
        -0.09320986270904541,
        0.0005389011930674314,
        0.9999135732650757,
        0.013136880472302437,
        -0.28221333026885986,
        -0.010475533083081245,
        -0.013130517676472664,
        0.9998588562011719,
        0.24162378907203674
    ],
    [
        0.9999406337738037,
        -0.0006389676127582788,
        0.010876152664422989,
        -0.09647949039936066,
        0.000491178419906646,
        0.9999076128005981,
        0.013585567474365234,
        -0.2962183952331543,
        -0.01088382862508297,
        -0.013579420745372772,
        0.9998486042022705,
        0.2532951831817627
    ],
    [
        0.9999410510063171,
        -0.0002533195656724274,
        0.010864738374948502,
        -0.09685102850198746,
        0.00010558948997640982,
        0.9999076724052429,
        0.013595576398074627,
        -0.3043053150177002,
        -0.010867178440093994,
        -0.013593624345958233,
        0.999848484992981,
        0.26065629720687866
    ],
    [
        0.9999347925186157,
        -0.0002861477551050484,
        0.011417022906243801,
        -0.10109832137823105,
        0.00012304722622502595,
        0.9998980164527893,
        0.01428389735519886,
        -0.3184741139411926,
        -0.01141994446516037,
        -0.01428156066685915,
        0.9998327493667603,
        0.27221500873565674
    ],
    [
        0.9999367594718933,
        0.00010745295003289357,
        0.011248825117945671,
        -0.10499390214681625,
        -0.0002721661003306508,
        0.9998928308486938,
        0.014642182737588882,
        -0.327169805765152,
        -0.011246046982705593,
        -0.01464431919157505,
        0.9998294115066528,
        0.2799901068210602
    ],
    [
        0.9999365210533142,
        0.00029357513994909823,
        0.01126430369913578,
        -0.10801582038402557,
        -0.00046698292135261,
        0.999881386756897,
        0.015394924208521843,
        -0.3401661515235901,
        -0.011258446611464024,
        -0.015399206429719925,
        0.9998180270195007,
        0.29133233428001404
    ],
    [
        0.9999311566352844,
        0.0003157911414746195,
        0.011726537719368935,
        -0.11307139694690704,
        -0.0005038187955506146,
        0.9998712539672852,
        0.016034893691539764,
        -0.34961599111557007,
        -0.011719964444637299,
        -0.01603969931602478,
        0.9998026490211487,
        0.29929906129837036
    ],
    [
        0.9999318718910217,
        0.00079550058580935,
        0.011649176478385925,
        -0.1146109327673912,
        -0.0009888834320008755,
        0.9998616576194763,
        0.01660418137907982,
        -0.3583920896053314,
        -0.01163435634225607,
        -0.01661456935107708,
        0.9997943043708801,
        0.3066946864128113
    ],
    [
        0.9999304413795471,
        0.0015351587207987905,
        0.011695286259055138,
        -0.11874973773956299,
        -0.0017418224597349763,
        0.9998421669006348,
        0.01768110692501068,
        -0.3735469877719879,
        -0.011666296981275082,
        -0.017700249329209328,
        0.999775230884552,
        0.3183574080467224
    ],
    [
        0.9999276399612427,
        0.0014541884884238243,
        0.011945333331823349,
        -0.12232636660337448,
        -0.001665793708525598,
        0.9998415112495422,
        0.017723610624670982,
        -0.38300222158432007,
        -0.011917668394744396,
        -0.017742224037647247,
        0.9997715353965759,
        0.3260219991207123
    ],
    [
        0.9999179840087891,
        0.0016682421555742621,
        0.012696611694991589,
        -0.127732515335083,
        -0.0019043060019612312,
        0.9998251795768738,
        0.018603354692459106,
        -0.39719682931900024,
        -0.012663356028497219,
        -0.018626010045409203,
        0.9997462630271912,
        0.33743929862976074
    ],
    [
        0.9999173283576965,
        0.001978531712666154,
        0.012713487260043621,
        -0.1305897831916809,
        -0.0022139616776257753,
        0.9998258948326111,
        0.01853078231215477,
        -0.4058226943016052,
        -0.012674609199166298,
        -0.018557395786046982,
        0.9997474551200867,
        0.34493088722229004
    ],
    [
        0.999908983707428,
        0.00220980541780591,
        0.013306906446814537,
        -0.1348225325345993,
        -0.002470047678798437,
        0.9998053908348083,
        0.0195723045617342,
        -0.4156111478805542,
        -0.013261066749691963,
        -0.019603393971920013,
        0.9997199177742004,
        0.3529526889324188
    ],
    [
        0.999917209148407,
        0.0032259237486869097,
        0.012460083700716496,
        -0.13929195702075958,
        -0.0034793023951351643,
        0.9997864961624146,
        0.020367329940199852,
        -0.4291050434112549,
        -0.012391720898449421,
        -0.02040899731218815,
        0.9997149109840393,
        0.36477410793304443
    ],
    [
        0.9999108910560608,
        0.003569045104086399,
        0.012864545919001102,
        -0.14373916387557983,
        -0.003836632240563631,
        0.9997755289077759,
        0.020836038514971733,
        -0.4391848146915436,
        -0.012787293642759323,
        -0.020883535966277122,
        0.9997001886367798,
        0.3725649416446686
    ],
    [
        0.9999126195907593,
        0.004010416567325592,
        0.012596281245350838,
        -0.1485525369644165,
        -0.004267973359674215,
        0.9997810125350952,
        0.020487124100327492,
        -0.45255208015441895,
        -0.0125113595277071,
        -0.020539093762636185,
        0.999710738658905,
        0.3839438259601593
    ],
    [
        0.9999095797538757,
        0.004168203566223383,
        0.012788751162588596,
        -0.1530703604221344,
        -0.004437671508640051,
        0.9997671842575073,
        0.021115122362971306,
        -0.4623928964138031,
        -0.012697760947048664,
        -0.021169962361454964,
        0.9996953010559082,
        0.39218392968177795
    ],
    [
        0.9999107718467712,
        0.004251366015523672,
        0.012671933509409428,
        -0.15776637196540833,
        -0.004517895635217428,
        0.9997676610946655,
        0.021079177036881447,
        -0.4751644730567932,
        -0.012579374946653843,
        -0.021134544163942337,
        0.9996974468231201,
        0.4037461578845978
    ]
]