[
    [
        0.9704404473304749,
        -0.023895476013422012,
        0.24015496671199799,
        0.14181610941886902,
        0.022542955353856087,
        0.9997107982635498,
        0.008377800695598125,
        -0.08636204153299332,
        -0.24028567969799042,
        -0.002716352930292487,
        0.970698356628418,
        0.4772263765335083
    ],
    [
        0.9570533633232117,
        -0.029317812994122505,
        0.2884254455566406,
        0.1517699956893921,
        0.02773650363087654,
        0.9995694756507874,
        0.009568764828145504,
        -0.1064440906047821,
        -0.28858184814453125,
        -0.001157905557192862,
        0.9574545621871948,
        0.5581148862838745
    ],
    [
        0.9428690671920776,
        -0.03508049249649048,
        0.3313116431236267,
        0.16001513600349426,
        0.03308572247624397,
        0.9993844628334045,
        0.011660930700600147,
        -0.11686500906944275,
        -0.3315168023109436,
        -3.304622077848762e-05,
        0.9434493184089661,
        0.6490986943244934
    ],
    [
        0.9251970648765564,
        -0.042009446769952774,
        0.3771546483039856,
        0.16353006660938263,
        0.039385177195072174,
        0.9991163015365601,
        0.014671104028820992,
        -0.13470299541950226,
        -0.37743768095970154,
        0.0012806400191038847,
        0.926034152507782,
        0.7719529867172241
    ],
    [
        0.9096583127975464,
        -0.047119397670030594,
        0.4126760959625244,
        0.15301814675331116,
        0.04423286393284798,
        0.9988840818405151,
        0.0165505800396204,
        -0.15087316930294037,
        -0.41299545764923096,
        0.0031984741799533367,
        0.9107275009155273,
        0.8740615248680115
    ],
    [
        0.8921437859535217,
        -0.052366744726896286,
        0.4487060308456421,
        0.14195998013019562,
        0.049554988741874695,
        0.9986089468002319,
        0.01801561377942562,
        -0.16703206300735474,
        -0.44902533292770386,
        0.006163105368614197,
        0.8934978246688843,
        0.9657999873161316
    ],
    [
        0.8721557855606079,
        -0.05748114362359047,
        0.4858395457267761,
        0.13589482009410858,
        0.054534509778022766,
        0.9983073472976685,
        0.0202149860560894,
        -0.1891346126794815,
        -0.4861791133880615,
        0.008864413015544415,
        0.8738141059875488,
        1.0753464698791504
    ],
    [
        0.8575119376182556,
        -0.06088355928659439,
        0.5108487606048584,
        0.13697472214698792,
        0.05775366351008415,
        0.9980882406234741,
        0.022007890045642853,
        -0.19867050647735596,
        -0.5112120509147644,
        0.010631361976265907,
        0.8593887686729431,
        1.181243658065796
    ],
    [
        0.8452969789505005,
        -0.06408561021089554,
        0.5304396152496338,
        0.14110693335533142,
        0.06045429781079292,
        0.9978770613670349,
        0.024220911785960197,
        -0.20736698806285858,
        -0.5308657288551331,
        0.011593486182391644,
        0.8473767042160034,
        1.3034642934799194
    ],
    [
        0.8324757814407349,
        -0.06747326999902725,
        0.5499378442764282,
        0.14704781770706177,
        0.06366774439811707,
        0.9976317882537842,
        0.026024065911769867,
        -0.22572138905525208,
        -0.5503913164138794,
        0.0133488979190588,
        0.8348000049591064,
        1.4594069719314575
    ],
    [
        0.8203710913658142,
        -0.06911787390708923,
        0.5676390528678894,
        0.15341801941394806,
        0.06592987477779388,
        0.9974809288978577,
        0.02617296203970909,
        -0.24475876986980438,
        -0.5680180191993713,
        0.01595282554626465,
        0.8228614926338196,
        1.5796195268630981
    ],
    [
        0.8044596910476685,
        -0.07236673682928085,
        0.5895823836326599,
        0.15453563630580902,
        0.06932734698057175,
        0.997206449508667,
        0.02780528925359249,
        -0.26364392042160034,
        -0.5899476408958435,
        0.018505968153476715,
        0.8072293400764465,
        1.693941593170166
    ],
    [
        0.7804657816886902,
        -0.07638014107942581,
        0.6205151677131653,
        0.15808984637260437,
        0.07347360253334045,
        0.9968371391296387,
        0.03028927929699421,
        -0.27319881319999695,
        -0.6208661198616028,
        0.021951736882328987,
        0.78360915184021,
        1.8315304517745972
    ],
    [
        0.7561768293380737,
        -0.08116018027067184,
        0.6493147611618042,
        0.16241610050201416,
        0.07729952037334442,
        0.9964100122451782,
        0.03452366217970848,
        -0.2870110273361206,
        -0.6497856378555298,
        0.02408573217689991,
        0.7597358822822571,
        1.9631061553955078
    ],
    [
        0.732193112373352,
        -0.08461544662714005,
        0.675820529460907,
        0.16036012768745422,
        0.08086495101451874,
        0.9960345029830933,
        0.03709730878472328,
        -0.3115626573562622,
        -0.676279604434967,
        0.027487827464938164,
        0.7361319065093994,
        2.0940470695495605
    ],
    [
        0.6920062899589539,
        -0.09150995314121246,
        0.7160678505897522,
        0.14946871995925903,
        0.08724566549062729,
        0.9952637553215027,
        0.04287582263350487,
        -0.34560227394104004,
        -0.7166000008583069,
        0.032803479582071304,
        0.6967126727104187,
        2.2375869750976562
    ],
    [
        0.6542574167251587,
        -0.09509368985891342,
        0.7502695322036743,
        0.15166276693344116,
        0.09158328920602798,
        0.9947245121002197,
        0.04621399939060211,
        -0.3637539744377136,
        -0.7507060766220093,
        0.038476310670375824,
        0.6595149040222168,
        2.346038818359375
    ],
    [
        0.6175163388252258,
        -0.10007021576166153,
        0.7801663279533386,
        0.16874393820762634,
        0.0953625962138176,
        0.9940820336341858,
        0.052027441561222076,
        -0.37447619438171387,
        -0.7807558178901672,
        0.04227090999484062,
        0.6234048008918762,
        2.450859308242798
    ],
    [
        0.5682846307754517,
        -0.10428889095783234,
        0.8161962628364563,
        0.19804155826568604,
        0.0998537540435791,
        0.9933450818061829,
        0.05739979445934296,
        -0.382046639919281,
        -0.8167507648468018,
        0.04888083040714264,
        0.5749163031578064,
        2.5873301029205322
    ],
    [
        0.5157389044761658,
        -0.10706581175327301,
        0.8500295281410217,
        0.2221088856458664,
        0.10434667766094208,
        0.9926243424415588,
        0.06171606853604317,
        -0.39479491114616394,
        -0.8503676652908325,
        0.056868381798267365,
        0.5231068730354309,
        2.692499876022339
    ],
    [
        0.45800304412841797,
        -0.11083661764860153,
        0.882013738155365,
        0.23870399594306946,
        0.10854446887969971,
        0.9917451739311218,
        0.06826193630695343,
        -0.41573554277420044,
        -0.8822989463806152,
        0.06447356194257736,
        0.46625301241874695,
        2.7835776805877686
    ],
    [
        0.39473840594291687,
        -0.11262352764606476,
        0.9118648171424866,
        0.25206318497657776,
        0.11295614391565323,
        0.9908789396286011,
        0.07348473370075226,
        -0.4216863214969635,
        -0.9118237495422363,
        0.07399348169565201,
        0.4038594663143158,
        2.8854994773864746
    ],
    [
        0.3326869606971741,
        -0.11615775525569916,
        0.9358561635017395,
        0.26292380690574646,
        0.1169966384768486,
        0.9898020029067993,
        0.08126240223646164,
        -0.42824405431747437,
        -0.9357516765594482,
        0.08245710283517838,
        0.3428843319416046,
        2.977213144302368
    ],
    [
        0.26000797748565674,
        -0.11768336594104767,
        0.9584081768989563,
        0.2596513628959656,
        0.11987895518541336,
        0.9888008236885071,
        0.08889313787221909,
        -0.4467697739601135,
        -0.9581361413002014,
        0.09178007394075394,
        0.2712038457393646,
        3.069200277328491
    ],
    [
        0.1512831449508667,
        -0.121158666908741,
        0.9810372591018677,
        0.246274933218956,
        0.12356631457805634,
        0.986993134021759,
        0.1028393879532814,
        -0.4636400640010834,
        -0.9807368516921997,
        0.10566528886556625,
        0.1642865687608719,
        3.16876220703125
    ]
]