[
    [
        0.9990020394325256,
        0.004551311023533344,
        0.04443095996975899,
        -0.10697856545448303,
        -0.0044550239108502865,
        0.9999875426292419,
        -0.002265903167426586,
        -0.004494841676205397,
        -0.04444072023034096,
        0.0020657009445130825,
        0.9990098476409912,
        0.01476819347590208
    ],
    [
        0.9987697005271912,
        0.00442547956481576,
        0.04939119517803192,
        -0.12018454074859619,
        -0.004305509850382805,
        0.9999874234199524,
        -0.0025350877549499273,
        -0.003942078910768032,
        -0.049401797354221344,
        0.002319314517080784,
        0.9987762570381165,
        0.014825735241174698
    ],
    [
        0.9984250068664551,
        0.0042024762369692326,
        0.055943798273801804,
        -0.13796070218086243,
        -0.004064238164573908,
        0.9999884366989136,
        -0.0025845475029200315,
        -0.0038160253316164017,
        -0.05595400929450989,
        0.0023531075567007065,
        0.9984305500984192,
        0.014943892136216164
    ],
    [
        0.9980403780937195,
        0.003947077784687281,
        0.062448855489492416,
        -0.15726865828037262,
        -0.0037847445346415043,
        0.9999890923500061,
        -0.002717535011470318,
        -0.003270976012572646,
        -0.062458910048007965,
        0.002475856337696314,
        0.9980443716049194,
        0.015077373012900352
    ],
    [
        0.997573733329773,
        0.0034350056666880846,
        0.06953372806310654,
        -0.177320659160614,
        -0.003238196484744549,
        0.9999904632568359,
        -0.0029429381247609854,
        -0.002620151499286294,
        -0.06954317539930344,
        0.00271063344553113,
        0.9975752234458923,
        0.015254585072398186
    ],
    [
        0.9970561861991882,
        0.0031872503459453583,
        0.076606884598732,
        -0.19641877710819244,
        -0.0029637902043759823,
        0.9999909996986389,
        -0.003030492691323161,
        -0.002241493435576558,
        -0.07661585509777069,
        0.0027945255860686302,
        0.9970568418502808,
        0.015277419239282608
    ],
    [
        0.9964914321899414,
        0.0025024646893143654,
        0.08365784585475922,
        -0.21489401161670685,
        -0.0022498094476759434,
        0.9999926686286926,
        -0.003114239778369665,
        -0.0020641491282731295,
        -0.08366502821445465,
        0.0029150990303605795,
        0.9964895844459534,
        0.015246335417032242
    ],
    [
        0.995867133140564,
        0.002106340602040291,
        0.0907973200082779,
        -0.23291857540607452,
        -0.0018273142632097006,
        0.9999934434890747,
        -0.003156091319397092,
        -0.0018097643041983247,
        -0.090803362429142,
        0.002977131400257349,
        0.9958643913269043,
        0.015233821235597134
    ],
    [
        0.9951809048652649,
        0.0014680455205962062,
        0.09804485738277435,
        -0.2503100335597992,
        -0.0011527964379638433,
        0.9999939799308777,
        -0.0032719215378165245,
        -0.0014513868372887373,
        -0.09804907441139221,
        0.003143127541989088,
        0.9951766729354858,
        0.014980116859078407
    ],
    [
        0.9945972561836243,
        0.0009253515163436532,
        0.10380428284406662,
        -0.26422765851020813,
        -0.000593299453612417,
        0.9999946355819702,
        -0.0032296539284288883,
        -0.0011987279867753386,
        -0.10380671918392181,
        0.0031506181694567204,
        0.9945924878120422,
        0.015153780579566956
    ],
    [
        0.9938485026359558,
        0.0007451256387867033,
        0.11074502766132355,
        -0.2816895842552185,
        -0.0004031802818644792,
        0.9999951124191284,
        -0.0031100374180823565,
        -0.0011951524065807462,
        -0.11074680089950562,
        0.0030462555587291718,
        0.9938440322875977,
        0.015104544349014759
    ],
    [
        0.9930639863014221,
        5.858656368218362e-05,
        0.11757516115903854,
        -0.29992786049842834,
        0.00030519155552610755,
        0.9999951720237732,
        -0.0030760017689317465,
        -0.0008814771426841617,
        -0.1175747886300087,
        0.0030905497260391712,
        0.9930591583251953,
        0.014981748536229134
    ],
    [
        0.9922310709953308,
        -0.0003561551566235721,
        0.12440823763608932,
        -0.3188866376876831,
        0.0007466920069418848,
        0.9999950528144836,
        -0.0030925427563488483,
        -0.0006090574315749109,
        -0.12440651655197144,
        0.003161411266773939,
        0.9922263622283936,
        0.014926962554454803
    ],
    [
        0.9913694858551025,
        -0.001147882896475494,
        0.13109272718429565,
        -0.3377308249473572,
        0.0015673083253204823,
        0.9999940395355225,
        -0.003096322761848569,
        -0.0004299029824323952,
        -0.13108837604522705,
        0.003275063121691346,
        0.9913653135299683,
        0.014654640108346939
    ],
    [
        0.9902774095535278,
        -0.0015161280753090978,
        0.13909853994846344,
        -0.36031919717788696,
        0.001977620180696249,
        0.999993085861206,
        -0.003179581370204687,
        -0.0003436068072915077,
        -0.13909275829792023,
        0.003423751564696431,
        0.9902735352516174,
        0.014437193982303143
    ],
    [
        0.9893211126327515,
        -0.0018807357409968972,
        0.14574001729488373,
        -0.3783314526081085,
        0.0023855383042246103,
        0.9999917149543762,
        -0.003289028536528349,
        -9.833991498453543e-05,
        -0.14573264122009277,
        0.0036015731748193502,
        0.9893173575401306,
        0.014043725095689297
    ],
    [
        0.9881362318992615,
        -0.002575572347268462,
        0.15355859696865082,
        -0.3978548049926758,
        0.0031307260505855083,
        0.9999895095825195,
        -0.0033735584001988173,
        0.00011699763126671314,
        -0.15354827046394348,
        0.0038142858538776636,
        0.9881337285041809,
        0.013866247609257698
    ],
    [
        0.9873055219650269,
        -0.0027833115309476852,
        0.15880855917930603,
        -0.410500168800354,
        0.0033706233371049166,
        0.9999885559082031,
        -0.0034290088806301355,
        0.00035949680022895336,
        -0.15879715979099274,
        0.00392076326534152,
        0.9873034358024597,
        0.013643437996506691
    ],
    [
        0.9862352609634399,
        -0.0030530754011124372,
        0.16532006859779358,
        -0.4262327551841736,
        0.0036785744596272707,
        0.9999871850013733,
        -0.0034775203093886375,
        0.0005366821424104273,
        -0.16530732810497284,
        0.004037795122712851,
        0.9862338304519653,
        0.013201058842241764
    ],
    [
        0.9848686456680298,
        -0.0035088001750409603,
        0.1732672154903412,
        -0.44433778524398804,
        0.004184849094599485,
        0.9999849796295166,
        -0.0035366122610867023,
        0.0008588617783971131,
        -0.1732521951198578,
        0.0042081959545612335,
        0.9848684072494507,
        0.01310387346893549
    ],
    [
        0.9836737513542175,
        -0.003889619605615735,
        0.17991872131824493,
        -0.45924973487854004,
        0.004592410288751125,
        0.9999833106994629,
        -0.003489796770736575,
        0.0009500680025666952,
        -0.17990215122699738,
        0.004259083420038223,
        0.9836751818656921,
        0.01273331418633461
    ],
    [
        0.9824483394622803,
        -0.004327284637838602,
        0.18648487329483032,
        -0.4739866852760315,
        0.005052115768194199,
        0.9999814033508301,
        -0.003411745186895132,
        0.0009666972327977419,
        -0.18646661937236786,
        0.0042940061539411545,
        0.9824519753456116,
        0.012376219034194946
    ],
    [
        0.9812279343605042,
        -0.004637546371668577,
        0.1927960216999054,
        -0.48793667554855347,
        0.005405380856245756,
        0.9999793767929077,
        -0.0034568135160952806,
        0.0010912358993664384,
        -0.19277602434158325,
        0.004434057977050543,
        0.981232762336731,
        0.012280602008104324
    ],
    [
        0.979970395565033,
        -0.004839038942009211,
        0.19908425211906433,
        -0.5021971464157104,
        0.00561981275677681,
        0.9999786019325256,
        -0.003356947796419263,
        0.0010810246458277106,
        -0.1990637332201004,
        0.004408526234328747,
        0.9799766540527344,
        0.011648761108517647
    ],
    [
        0.9786920547485352,
        -0.005285011138767004,
        0.205265611410141,
        -0.5161643624305725,
        0.0061247944831848145,
        0.9999752640724182,
        -0.003456043777987361,
        0.0014964567963033915,
        -0.20524226129055023,
        0.004639612510800362,
        0.9787002205848694,
        0.013189872726798058
    ]
]