[
    [
        0.998208224773407,
        0.014462023042142391,
        -0.058062467724084854,
        0.0788036361336708,
        -0.014736426994204521,
        0.9998822212219238,
        -0.0043005975894629955,
        0.002914781216531992,
        0.057993434369564056,
        0.005148525815457106,
        0.9983036518096924,
        -0.00978861004114151
    ],
    [
        0.9972841143608093,
        0.017856793478131294,
        -0.07145312428474426,
        0.10072733461856842,
        -0.018161095678806305,
        0.9998284578323364,
        -0.003611314808949828,
        -0.00045632687397301197,
        0.07137639075517654,
        0.004899173509329557,
        0.9974374771118164,
        -0.00923575833439827
    ],
    [
        0.9957072138786316,
        0.022292237728834152,
        -0.08983374387025833,
        0.1306452602148056,
        -0.022639188915491104,
        0.9997396469116211,
        -0.0028449264355003834,
        -0.0049705770798027515,
        0.08974692970514297,
        0.0048664771020412445,
        0.9959527254104614,
        -0.00775241618975997
    ],
    [
        0.9943832755088806,
        0.025246471166610718,
        -0.10278324782848358,
        0.15318775177001953,
        -0.025602880865335464,
        0.9996698498725891,
        -0.0021495630498975515,
        -0.008068230003118515,
        0.1026950478553772,
        0.0047690374776721,
        0.9947015047073364,
        -0.005927287973463535
    ],
    [
        0.9922807812690735,
        0.029394004493951797,
        -0.12047749757766724,
        0.18349570035934448,
        -0.029735630378127098,
        0.9995572566986084,
        -0.0010383998742327094,
        -0.012806079350411892,
        0.12039363384246826,
        0.004612858407199383,
        0.9927154183387756,
        -0.0028899607714265585
    ],
    [
        0.9905861020088196,
        0.032576777040958405,
        -0.13295823335647583,
        0.20639078319072723,
        -0.03290482982993126,
        0.9994585514068604,
        -0.00027026276802644134,
        -0.016465475782752037,
        0.1328774243593216,
        0.004642687272280455,
        0.9911215305328369,
        0.0001493543095421046
    ],
    [
        0.988289475440979,
        0.03637182340025902,
        -0.14819243550300598,
        0.2363891750574112,
        -0.03668210655450821,
        0.9993268251419067,
        0.0006396906683221459,
        -0.021211201325058937,
        0.14811590313911438,
        0.0048038107343018055,
        0.9889582395553589,
        0.00442839739844203
    ],
    [
        0.9864380955696106,
        0.03934589773416519,
        -0.15934816002845764,
        0.25868281722068787,
        -0.03962094709277153,
        0.9992137551307678,
        0.001451865304261446,
        -0.02517535351216793,
        0.1592799723148346,
        0.004881348926573992,
        0.9872214198112488,
        0.008019013330340385
    ],
    [
        0.9838938117027283,
        0.04289824888110161,
        -0.17353002727031708,
        0.28911516070365906,
        -0.04312031716108322,
        0.9990667700767517,
        0.0024917698465287685,
        -0.03070344589650631,
        0.17347495257854462,
        0.005031033419072628,
        0.9848255515098572,
        0.013090481050312519
    ],
    [
        0.9820432662963867,
        0.045254893600940704,
        -0.18314744532108307,
        0.31148654222488403,
        -0.04547055810689926,
        0.9989612102508545,
        0.0030239135958254337,
        -0.03464023768901825,
        0.18309400975704193,
        0.0053582023829221725,
        0.9830808043479919,
        0.017001168802380562
    ],
    [
        0.9795928597450256,
        0.0483459047973156,
        -0.195091113448143,
        0.3421534299850464,
        -0.04845846816897392,
        0.9988163709640503,
        0.00419860053807497,
        -0.040719881653785706,
        0.19506318867206573,
        0.005340898409485817,
        0.9807761907577515,
        0.02288084663450718
    ],
    [
        0.9777199029922485,
        0.0506405383348465,
        -0.20371417701244354,
        0.36530378460884094,
        -0.05069257691502571,
        0.9987020492553711,
        0.0049660890363156796,
        -0.044982124119997025,
        0.2037012130022049,
        0.005471352022141218,
        0.9790177941322327,
        0.027245180681347847
    ],
    [
        0.9751597046852112,
        0.053398773074150085,
        -0.21496987342834473,
        0.39546701312065125,
        -0.05336783453822136,
        0.9985571503639221,
        0.005952294450253248,
        -0.051170822232961655,
        0.21497756242752075,
        0.005668040364980698,
        0.9766024947166443,
        0.03321847319602966
    ],
    [
        0.9724608063697815,
        0.056392379105091095,
        -0.22614172101020813,
        0.425788551568985,
        -0.05627008154988289,
        0.9983911514282227,
        0.006992074195295572,
        -0.05733538046479225,
        0.22617217898368835,
        0.005925495643168688,
        0.9740692973136902,
        0.039665549993515015
    ],
    [
        0.9702875018119812,
        0.05864623934030533,
        -0.23473955690860748,
        0.44786500930786133,
        -0.05842337757349014,
        0.9982605576515198,
        0.007909834384918213,
        -0.061721570789813995,
        0.23479510843753815,
        0.006039464380592108,
        0.9720261693000793,
        0.04462067782878876
    ],
    [
        0.9670608639717102,
        0.061766646802425385,
        -0.24693776667118073,
        0.4779614210128784,
        -0.0614582784473896,
        0.9980694651603699,
        0.008963804692029953,
        -0.06754203885793686,
        0.24701468646526337,
        0.006507828366011381,
        0.9689898490905762,
        0.05180025473237038
    ],
    [
        0.9644274711608887,
        0.06428258121013641,
        -0.25641265511512756,
        0.5000624060630798,
        -0.06387598067522049,
        0.9979084730148315,
        0.009922987781465054,
        -0.07173355668783188,
        0.2565142810344696,
        0.006808609236031771,
        0.9665164351463318,
        0.05739636719226837
    ],
    [
        0.9609087705612183,
        0.06773891299962997,
        -0.26845070719718933,
        0.5293455719947815,
        -0.0672178640961647,
        0.9976761341094971,
        0.011142690666019917,
        -0.0774291530251503,
        0.2685816287994385,
        0.007337572053074837,
        0.9632290005683899,
        0.06560817360877991
    ],
    [
        0.9579849243164062,
        0.0702926516532898,
        -0.2780716121196747,
        0.5519392490386963,
        -0.06965438276529312,
        0.9974967241287231,
        0.012186912819743156,
        -0.08202360570430756,
        0.278232216835022,
        0.007694031577557325,
        0.9604830145835876,
        0.07198047637939453
    ],
    [
        0.9540858864784241,
        0.07370518893003464,
        -0.2903233766555786,
        0.5806688070297241,
        -0.07294242084026337,
        0.9972453117370605,
        0.01346365362405777,
        -0.08804924786090851,
        0.2905159592628479,
        0.008331410586833954,
        0.9568338990211487,
        0.08081711083650589
    ],
    [
        0.9510201811790466,
        0.07621905207633972,
        -0.2995850443840027,
        0.6025721430778503,
        -0.07529696822166443,
        0.9970536828041077,
        0.014638744294643402,
        -0.0925837978720665,
        0.29981812834739685,
        0.008636105805635452,
        0.9539572596549988,
        0.08787921816110611
    ],
    [
        0.9463973045349121,
        0.07946950197219849,
        -0.31307628750801086,
        0.6319462656974792,
        -0.0783846527338028,
        0.9967936277389526,
        0.016071712598204613,
        -0.09871135652065277,
        0.3133496642112732,
        0.009330150671303272,
        0.9495919346809387,
        0.09768889844417572
    ],
    [
        0.9427562952041626,
        0.082201287150383,
        -0.3231925964355469,
        0.6530100107192993,
        -0.08102305978536606,
        0.996565043926239,
        0.017122728750109673,
        -0.10322267562150955,
        0.3234900236129761,
        0.010043495334684849,
        0.9461783170700073,
        0.1052916869521141
    ],
    [
        0.9376503229141235,
        0.08536714315414429,
        -0.3369338810443878,
        0.6822118759155273,
        -0.0839318037033081,
        0.9962931275367737,
        0.01885245181620121,
        -0.10990652441978455,
        0.3372943103313446,
        0.010602462105453014,
        0.9413396716117859,
        0.1158922016620636
    ],
    [
        0.9325085282325745,
        0.08872775733470917,
        -0.35007888078689575,
        0.7108689546585083,
        -0.08719922602176666,
        0.995986819267273,
        0.02016020379960537,
        -0.11678732931613922,
        0.35046276450157166,
        0.011727046221494675,
        0.9365032315254211,
        0.12662547826766968
    ]
]