[
    [
        0.9997788667678833,
        0.008896859362721443,
        -0.019053366035223007,
        -0.03526940941810608,
        -0.008944353088736534,
        0.9999570846557617,
        -0.002408974803984165,
        -0.11075877398252487,
        0.019031116738915443,
        0.0025788622442632914,
        0.9998156428337097,
        0.10957115143537521
    ],
    [
        0.9997413158416748,
        0.009938397444784641,
        -0.020458104088902473,
        -0.04059316962957382,
        -0.009995152242481709,
        0.9999464154243469,
        -0.0026738003361970186,
        -0.12737087905406952,
        0.020430434495210648,
        0.002877590712159872,
        0.9997870326042175,
        0.15489329397678375
    ],
    [
        0.9997082948684692,
        0.010831249877810478,
        -0.02159181609749794,
        -0.04549534618854523,
        -0.01089038047939539,
        0.9999372959136963,
        -0.0026228444185107946,
        -0.14432553946971893,
        0.02156205102801323,
        0.0028572215232998133,
        0.9997634291648865,
        0.20179282128810883
    ],
    [
        0.9996846318244934,
        0.01114278007298708,
        -0.022500470280647278,
        -0.05121549963951111,
        -0.011206726543605328,
        0.9999335408210754,
        -0.0027178910095244646,
        -0.1610194444656372,
        0.02246868796646595,
        0.00296919047832489,
        0.9997430443763733,
        0.25013282895088196
    ],
    [
        0.9996573328971863,
        0.011812694370746613,
        -0.023355109617114067,
        -0.057456228882074356,
        -0.011892550624907017,
        0.9999239444732666,
        -0.0032832880970090628,
        -0.17799527943134308,
        0.023314548656344414,
        0.0035599153488874435,
        0.9997218251228333,
        0.3008609712123871
    ],
    [
        0.9996455311775208,
        0.011604519560933113,
        -0.023961909115314484,
        -0.06469186395406723,
        -0.01168782077729702,
        0.9999261498451233,
        -0.0033392684999853373,
        -0.19591158628463745,
        0.023921389132738113,
        0.0036181469913572073,
        0.9997072815895081,
        0.352992981672287
    ],
    [
        0.9996310472488403,
        0.01206897385418415,
        -0.02432951144874096,
        -0.07208852469921112,
        -0.012159964069724083,
        0.999919593334198,
        -0.003595443209633231,
        -0.21394361555576324,
        0.024284159764647484,
        0.003889962797984481,
        0.9996975660324097,
        0.4071821868419647
    ],
    [
        0.9996262192726135,
        0.011901292949914932,
        -0.02461250312626362,
        -0.07893829792737961,
        -0.01199193112552166,
        0.9999217987060547,
        -0.0035382830537855625,
        -0.23258300125598907,
        0.0245684664696455,
        0.003832111833617091,
        0.9996907711029053,
        0.4637991487979889
    ],
    [
        0.9996196031570435,
        0.012093850411474705,
        -0.024783052504062653,
        -0.08509033173322678,
        -0.01218925230205059,
        0.9999187588691711,
        -0.0037020437885075808,
        -0.2521791160106659,
        0.02473626844584942,
        0.004002722911536694,
        0.9996860027313232,
        0.5231392979621887
    ],
    [
        0.9996144771575928,
        0.011999792419373989,
        -0.025036906823515892,
        -0.08989057689905167,
        -0.012095934711396694,
        0.9999200701713562,
        -0.0036921564023941755,
        -0.27268996834754944,
        0.02499059960246086,
        0.003993577789515257,
        0.999679684638977,
        0.584412693977356
    ],
    [
        0.9996111989021301,
        0.012154001742601395,
        -0.025094984099268913,
        -0.09407390654087067,
        -0.012250471860170364,
        0.9999181032180786,
        -0.0036940390709787607,
        -0.2937355935573578,
        0.02504803240299225,
        0.004000026732683182,
        0.9996782541275024,
        0.6482235193252563
    ],
    [
        0.9996201992034912,
        0.011975426226854324,
        -0.024819862097501755,
        -0.09817589074373245,
        -0.012073746882379055,
        0.9999198317527771,
        -0.0038153291679918766,
        -0.3150250315666199,
        0.02477218024432659,
        0.004113549832254648,
        0.9996846914291382,
        0.715050995349884
    ],
    [
        0.999617338180542,
        0.012090080417692661,
        -0.0248796995729208,
        -0.10164928436279297,
        -0.012193065136671066,
        0.9999176263809204,
        -0.003991781268268824,
        -0.33774009346961975,
        0.024829387664794922,
        0.004293613135814667,
        0.9996824264526367,
        0.7840447425842285
    ],
    [
        0.999628484249115,
        0.012127497233450413,
        -0.02441069670021534,
        -0.1043713316321373,
        -0.012232588604092598,
        0.9999164938926697,
        -0.0041603888384997845,
        -0.3616694211959839,
        0.024358201771974564,
        0.004457448143512011,
        0.9996933937072754,
        0.8550673723220825
    ],
    [
        0.999641478061676,
        0.012302211485803127,
        -0.02377970516681671,
        -0.10644403100013733,
        -0.01240991149097681,
        0.9999132752418518,
        -0.0043867044150829315,
        -0.38553109765052795,
        0.023723680526018143,
        0.004680235404521227,
        0.9997076392173767,
        0.9277592301368713
    ],
    [
        0.9996508955955505,
        0.012266264297068119,
        -0.023402076214551926,
        -0.1088566705584526,
        -0.012383277527987957,
        0.9999115467071533,
        -0.004861857742071152,
        -0.4089726209640503,
        0.023340366780757904,
        0.005149954929947853,
        0.9997143149375916,
        1.002714991569519
    ],
    [
        0.9996638298034668,
        0.012258092872798443,
        -0.02284449338912964,
        -0.1118609830737114,
        -0.012377260252833366,
        0.9999105334281921,
        -0.005082370713353157,
        -0.43198978900909424,
        0.022780150175094604,
        0.005363415461033583,
        0.9997261166572571,
        1.0791341066360474
    ],
    [
        0.9996780157089233,
        0.012311063706874847,
        -0.022188957780599594,
        -0.11550146341323853,
        -0.012430418282747269,
        0.9999088644981384,
        -0.005249095614999533,
        -0.4555794894695282,
        0.022122317925095558,
        0.005523229017853737,
        0.9997400641441345,
        1.1566983461380005
    ],
    [
        0.9996963739395142,
        0.012410512194037437,
        -0.02128692902624607,
        -0.11929398775100708,
        -0.012520394288003445,
        0.9999089241027832,
        -0.005036418791860342,
        -0.47821298241615295,
        0.021222485229372978,
        0.0053014205768704414,
        0.9997606873512268,
        1.2363780736923218
    ],
    [
        0.9997112154960632,
        0.012252689339220524,
        -0.020675577223300934,
        -0.12223882973194122,
        -0.012363058514893055,
        0.9999099373817444,
        -0.005218736827373505,
        -0.5016450881958008,
        0.020609775558114052,
        0.005472854245454073,
        0.9997726082801819,
        1.3180794715881348
    ],
    [
        0.999728262424469,
        0.01201255526393652,
        -0.019976936280727386,
        -0.12468727678060532,
        -0.012119595892727375,
        0.9999127984046936,
        -0.005245808977633715,
        -0.5258382558822632,
        0.019912177696824074,
        0.005486492998898029,
        0.9997866749763489,
        1.4013783931732178
    ],
    [
        0.9997414946556091,
        0.011976742185652256,
        -0.019325926899909973,
        -0.12609636783599854,
        -0.012085160240530968,
        0.9999117851257324,
        -0.005502996500581503,
        -0.5508618950843811,
        0.01925831474363804,
        0.00573513051494956,
        0.999798059463501,
        1.4859431982040405
    ],
    [
        0.999760091304779,
        0.011790009215474129,
        -0.018456697463989258,
        -0.12695123255252838,
        -0.01189466007053852,
        0.99991375207901,
        -0.00557060819119215,
        -0.5761827826499939,
        0.01838942989706993,
        0.005788808688521385,
        0.9998140931129456,
        1.5720564126968384
    ],
    [
        0.99977707862854,
        0.011651632376015186,
        -0.017606772482395172,
        -0.1274002641439438,
        -0.01175637450069189,
        0.9999136924743652,
        -0.005857215262949467,
        -0.6014659404754639,
        0.017537007108330727,
        0.006062909960746765,
        0.9998277425765991,
        1.6597460508346558
    ],
    [
        0.9998021721839905,
        0.011407005600631237,
        -0.016296276822686195,
        -0.12781262397766113,
        -0.011505606584250927,
        0.9999158978462219,
        -0.0059695495292544365,
        -0.6329383850097656,
        0.016226813197135925,
        0.006155866663902998,
        0.9998494982719421,
        1.7620397806167603
    ]
]