[
    [
        0.9999851584434509,
        0.002055923920124769,
        0.005039119627326727,
        0.031147683039307594,
        -0.0021216229069978,
        0.999912440776825,
        0.013067323714494705,
        -0.07893818616867065,
        -0.005011812783777714,
        -0.013077822513878345,
        0.9999018907546997,
        0.5738414525985718
    ],
    [
        0.9999594688415527,
        0.0016056867316365242,
        0.008857172913849354,
        0.03205495327711105,
        -0.0017426923150196671,
        0.9998786449432373,
        0.015482437796890736,
        -0.09126506000757217,
        -0.008831237442791462,
        -0.015497245825827122,
        0.9998408555984497,
        0.719780445098877
    ],
    [
        0.9999553561210632,
        0.002199240494519472,
        0.00919292401522398,
        0.042153749614953995,
        -0.0023601665161550045,
        0.9998434782028198,
        0.017531434074044228,
        -0.1023930162191391,
        -0.009152931161224842,
        -0.017552345991134644,
        0.9998040795326233,
        0.8350400328636169
    ],
    [
        0.9999638199806213,
        0.0038653193041682243,
        0.007572584319859743,
        0.060771673917770386,
        -0.004020215943455696,
        0.9997808337211609,
        0.020547522231936455,
        -0.11922203749418259,
        -0.00749150151386857,
        -0.02057722583413124,
        0.9997602105140686,
        0.9546464085578918
    ],
    [
        0.999969482421875,
        0.0049619791097939014,
        0.006045737769454718,
        0.0847569927573204,
        -0.005103264935314655,
        0.9997088313102722,
        0.023582644760608673,
        -0.13943088054656982,
        -0.005926961079239845,
        -0.023612776771187782,
        0.999703586101532,
        1.089083194732666
    ],
    [
        0.9999716281890869,
        0.006686316337436438,
        0.0034417370334267616,
        0.11611358076334,
        -0.006773440632969141,
        0.9996401071548462,
        0.02595774456858635,
        -0.15989531576633453,
        -0.003266936866566539,
        -0.025980329141020775,
        0.999657154083252,
        1.2375596761703491
    ],
    [
        0.9999623894691467,
        0.008381593972444534,
        0.002237882697954774,
        0.1372496634721756,
        -0.008439933881163597,
        0.9995868802070618,
        0.02747451514005661,
        -0.17542219161987305,
        -0.0020066772121936083,
        -0.027492372319102287,
        0.9996200203895569,
        1.3651187419891357
    ],
    [
        0.9999494552612305,
        0.009983248077332973,
        -0.0011933005880564451,
        0.16561493277549744,
        -0.009945509023964405,
        0.999550461769104,
        0.02828516997396946,
        -0.18915961682796478,
        0.0014751432463526726,
        -0.02827187068760395,
        0.9995991587638855,
        1.4984760284423828
    ],
    [
        0.9999200701713562,
        0.010778823867440224,
        -0.006606054026633501,
        0.20060515403747559,
        -0.010575409978628159,
        0.999491274356842,
        0.0300900898873806,
        -0.2055860310792923,
        0.006927024573087692,
        -0.03001781553030014,
        0.999525249004364,
        1.6388057470321655
    ],
    [
        0.9997861385345459,
        0.013571830466389656,
        -0.01560608483850956,
        0.23968930542469025,
        -0.013099647127091885,
        0.9994649887084961,
        0.029970472678542137,
        -0.21593044698238373,
        0.016004489734768867,
        -0.02975962869822979,
        0.999428927898407,
        1.7618919610977173
    ],
    [
        0.9994770884513855,
        0.016575930640101433,
        -0.027763446792960167,
        0.2816424071788788,
        -0.015646882355213165,
        0.9993211627006531,
        0.03335237875580788,
        -0.23669567704200745,
        0.028297442942857742,
        -0.032900527119636536,
        0.999057948589325,
        1.9071669578552246
    ],
    [
        0.998824954032898,
        0.01967467926442623,
        -0.04429081827402115,
        0.3296605944633484,
        -0.018088942393660545,
        0.9991908669471741,
        0.03592328727245331,
        -0.25415924191474915,
        0.044961754232645035,
        -0.035079892724752426,
        0.9983725547790527,
        2.024137258529663
    ],
    [
        0.997384786605835,
        0.02718358300626278,
        -0.06696811318397522,
        0.3861656188964844,
        -0.024624088779091835,
        0.9989453554153442,
        0.03875315189361572,
        -0.2741225063800812,
        0.06795093417167664,
        -0.037002772092819214,
        0.9970021843910217,
        2.1194303035736084
    ],
    [
        0.9955234527587891,
        0.03152997046709061,
        -0.08909998834133148,
        0.44085824489593506,
        -0.02806038223206997,
        0.9988084435462952,
        0.03992852568626404,
        -0.2914406657218933,
        0.09025277942419052,
        -0.037249606102705,
        0.9952220320701599,
        2.2380778789520264
    ],
    [
        0.9933713674545288,
        0.03630613163113594,
        -0.10906575620174408,
        0.4822818636894226,
        -0.03213369846343994,
        0.9986919164657593,
        0.03977370262145996,
        -0.3063350021839142,
        0.11036712676286697,
        -0.03600536286830902,
        0.9932384490966797,
        2.353843927383423
    ],
    [
        0.9905894994735718,
        0.04144161567091942,
        -0.13044188916683197,
        0.5231615900993347,
        -0.036620765924453735,
        0.9985622763633728,
        0.03914305567741394,
        -0.32406115531921387,
        0.13187649846076965,
        -0.03399781510233879,
        0.9906829595565796,
        2.4971065521240234
    ],
    [
        0.9877283573150635,
        0.044669412076473236,
        -0.14965713024139404,
        0.5619286298751831,
        -0.03927608206868172,
        0.998474657535553,
        0.03880318999290466,
        -0.34159785509109497,
        0.15116216242313385,
        -0.03244907036423683,
        0.9879761338233948,
        2.635535955429077
    ],
    [
        0.984181821346283,
        0.049886252731084824,
        -0.16999320685863495,
        0.6050170063972473,
        -0.04369312897324562,
        0.99824458360672,
        0.03998240828514099,
        -0.36249855160713196,
        0.17168928682804108,
        -0.031922440975904465,
        0.9846338033676147,
        2.7543511390686035
    ],
    [
        0.980159342288971,
        0.0567205548286438,
        -0.18992269039154053,
        0.6433833241462708,
        -0.04988040030002594,
        0.9979292750358582,
        0.04060806334018707,
        -0.37879765033721924,
        0.19183257222175598,
        -0.030328959226608276,
        0.9809589982032776,
        2.863438844680786
    ],
    [
        0.9753268957138062,
        0.06213369593024254,
        -0.21184152364730835,
        0.6876285076141357,
        -0.054820943623781204,
        0.9976855516433716,
        0.04022606089711189,
        -0.3916865885257721,
        0.2138509750366211,
        -0.02762017585337162,
        0.976475715637207,
        2.967869281768799
    ],
    [
        0.9677671194076538,
        0.06964033097028732,
        -0.24202707409858704,
        0.7514603137969971,
        -0.061327338218688965,
        0.9972452521324158,
        0.04172222688794136,
        -0.4118947684764862,
        0.24426579475402832,
        -0.025534532964229584,
        0.9693720936775208,
        3.086184024810791
    ],
    [
        0.9598994255065918,
        0.07679208368062973,
        -0.2696223258972168,
        0.8087790608406067,
        -0.06733233481645584,
        0.996752142906189,
        0.044174473732709885,
        -0.43215644359588623,
        0.27213889360427856,
        -0.024248743429780006,
        0.9619523882865906,
        3.187601327896118
    ],
    [
        0.9527668356895447,
        0.08085433393716812,
        -0.29274195432662964,
        0.8478955030441284,
        -0.0712508112192154,
        0.9965164065361023,
        0.043339360505342484,
        -0.4417838454246521,
        0.29522645473480225,
        -0.020434197038412094,
        0.9552088379859924,
        3.2815632820129395
    ],
    [
        0.9458689093589783,
        0.08532443642616272,
        -0.3131321668624878,
        0.8730266094207764,
        -0.07569272816181183,
        0.9962117075920105,
        0.04281187057495117,
        -0.4508945643901825,
        0.315598726272583,
        -0.01679259166121483,
        0.9487441182136536,
        3.3794755935668945
    ],
    [
        0.938088595867157,
        0.09087309241294861,
        -0.3342631459236145,
        0.8937551975250244,
        -0.08101396262645721,
        0.9957698583602905,
        0.04335034638643265,
        -0.46368488669395447,
        0.336788535118103,
        -0.013586492277681828,
        0.9414823055267334,
        3.4844346046447754
    ]
]