[
    [
        0.9697352051734924,
        0.008360876701772213,
        -0.2440158575773239,
        0.18876773118972778,
        -0.010938851162791252,
        0.9998977780342102,
        -0.009211556985974312,
        -0.06152944639325142,
        0.24391388893127441,
        0.011602024547755718,
        0.9697274565696716,
        0.6455177664756775
    ],
    [
        0.969972550868988,
        0.00819374993443489,
        -0.2430766373872757,
        0.17938365042209625,
        -0.010503536090254784,
        0.9999111294746399,
        -0.00820777378976345,
        -0.06707684695720673,
        0.2429877519607544,
        0.010514479130506516,
        0.9699724912643433,
        0.6750438809394836
    ],
    [
        0.9702116250991821,
        0.008112178184092045,
        -0.2421233057975769,
        0.1703193187713623,
        -0.010102920234203339,
        0.9999246001243591,
        -0.006981575395911932,
        -0.07234267145395279,
        0.24204842746257782,
        0.009219758212566376,
        0.9702202677726746,
        0.7066090106964111
    ],
    [
        0.9699353575706482,
        0.008141322061419487,
        -0.24322624504566193,
        0.16454771161079407,
        -0.009986518882215023,
        0.9999299049377441,
        -0.00635428074747324,
        -0.07669050246477127,
        0.24315746128559113,
        0.00859222561120987,
        0.9699487090110779,
        0.7503377199172974
    ],
    [
        0.969201922416687,
        0.007373371161520481,
        -0.24615702033042908,
        0.16528113186359406,
        -0.009211604483425617,
        0.9999377131462097,
        -0.006317082326859236,
        -0.08016791194677353,
        0.24609507620334625,
        0.008390029892325401,
        0.9692093729972839,
        0.7889004349708557
    ],
    [
        0.968310534954071,
        0.007514780852943659,
        -0.24963614344596863,
        0.16425491869449615,
        -0.009288996458053589,
        0.9999393224716187,
        -0.005929869599640369,
        -0.084529809653759,
        0.2495763897895813,
        0.008060825057327747,
        0.9683215022087097,
        0.8401343822479248
    ],
    [
        0.9676029086112976,
        0.0077041746117174625,
        -0.25235939025878906,
        0.1627025306224823,
        -0.009159723296761513,
        0.9999475479125977,
        -0.004593465011566877,
        -0.09090017527341843,
        0.25231078267097473,
        0.006756191607564688,
        0.9676226377487183,
        0.8820812702178955
    ],
    [
        0.9664871096611023,
        0.008546761237084866,
        -0.2565729320049286,
        0.16241879761219025,
        -0.009689560160040855,
        0.9999480247497559,
        -0.0031901970505714417,
        -0.09787622839212418,
        0.25653234124183655,
        0.005569363012909889,
        0.9665195941925049,
        0.9382856488227844
    ],
    [
        0.9655409455299377,
        0.008290184661746025,
        -0.26011908054351807,
        0.16291093826293945,
        -0.00917817559093237,
        0.999955415725708,
        -0.0021993431728333235,
        -0.10482378304004669,
        0.260089248418808,
        0.004510975442826748,
        0.9655740261077881,
        0.9845030903816223
    ],
    [
        0.9646246433258057,
        0.008310363627970219,
        -0.2634962499141693,
        0.16027411818504333,
        -0.009017322212457657,
        0.9999582171440125,
        -0.0014736964367330074,
        -0.11202239245176315,
        0.2634730339050293,
        0.003797597251832485,
        0.9646593928337097,
        1.0418696403503418
    ],
    [
        0.9642770886421204,
        0.008004467003047466,
        -0.26477447152137756,
        0.15355035662651062,
        -0.008653259836137295,
        0.9999616742134094,
        -0.0012840356212109327,
        -0.1176471933722496,
        0.2647540867328644,
        0.0035293311811983585,
        0.9643094539642334,
        1.0878089666366577
    ],
    [
        0.9638979434967041,
        0.008245333097875118,
        -0.2661440074443817,
        0.14440526068210602,
        -0.008977210149168968,
        0.9999585747718811,
        -0.001533473958261311,
        -0.1228117123246193,
        0.2661203145980835,
        0.0038673444651067257,
        0.9639320373535156,
        1.1462750434875488
    ],
    [
        0.9639567732810974,
        0.008346356451511383,
        -0.265927791595459,
        0.1333751380443573,
        -0.009316977113485336,
        0.9999536871910095,
        -0.0023885881528258324,
        -0.12549200654029846,
        0.2658954858779907,
        0.004780138842761517,
        0.9639899730682373,
        1.1934115886688232
    ],
    [
        0.963688850402832,
        0.00900479219853878,
        -0.2668757736682892,
        0.12607832252979279,
        -0.010308095254004002,
        0.9999408721923828,
        -0.003483035136014223,
        -0.1273161917924881,
        0.2668285667896271,
        0.006107544060796499,
        0.9637246131896973,
        1.2396671772003174
    ],
    [
        0.9630768895149231,
        0.009648606181144714,
        -0.26905348896980286,
        0.12011981010437012,
        -0.01146845705807209,
        0.9999207258224487,
        -0.005192887037992477,
        -0.12866298854351044,
        0.26898205280303955,
        0.008086777292191982,
        0.9631112217903137,
        1.2962318658828735
    ],
    [
        0.9631949067115784,
        0.009820480830967426,
        -0.26862478256225586,
        0.10924702882766724,
        -0.012572544626891613,
        0.9998846650123596,
        -0.008526626043021679,
        -0.12504087388515472,
        0.26851004362106323,
        0.011590097099542618,
        0.9632071256637573,
        1.3394659757614136
    ],
    [
        0.9631459712982178,
        0.00885002501308918,
        -0.26883378624916077,
        0.09849686175584793,
        -0.013460465706884861,
        0.9997921586036682,
        -0.015311350114643574,
        -0.11305419355630875,
        0.2686423659324646,
        0.01836569234728813,
        0.9630649089813232,
        1.3931387662887573
    ],
    [
        0.9629077315330505,
        0.007462427485734224,
        -0.269727498292923,
        0.09412034600973129,
        -0.014277583919465542,
        0.9996262788772583,
        -0.023313742130994797,
        -0.09604089707136154,
        0.2694527208805084,
        0.02630004473030567,
        0.9626544117927551,
        1.435619592666626
    ],
    [
        0.9629758596420288,
        0.00536632165312767,
        -0.2695343792438507,
        0.08480380475521088,
        -0.015003222040832043,
        0.9993191361427307,
        -0.03370654210448265,
        -0.07499794661998749,
        0.26916998624801636,
        0.03650246560573578,
        0.9624007344245911,
        1.4898878335952759
    ],
    [
        0.9631258249282837,
        0.002364272018894553,
        -0.2690408229827881,
        0.07780750095844269,
        -0.014297817833721638,
        0.9989981651306152,
        -0.04240506514906883,
        -0.058322153985500336,
        0.26867103576660156,
        0.044688113033771515,
        0.9621947407722473,
        1.5349223613739014
    ],
    [
        0.963323175907135,
        -7.58212263463065e-05,
        -0.26834404468536377,
        0.07113028317689896,
        -0.014168620109558105,
        0.9985906481742859,
        -0.05114580690860748,
        -0.040761638432741165,
        0.2679697573184967,
        0.0530720055103302,
        0.9619644284248352,
        1.595292329788208
    ],
    [
        0.964213490486145,
        -0.0016315411776304245,
        -0.2651218771934509,
        0.05909804627299309,
        -0.013525601476430893,
        0.9983762502670288,
        -0.05533476918935776,
        -0.03468872234225273,
        0.264781653881073,
        0.056940462440252304,
        0.9626258015632629,
        1.6439564228057861
    ],
    [
        0.9656928181648254,
        -0.0025735273957252502,
        -0.2596743702888489,
        0.04073464870452881,
        -0.012666833586990833,
        0.9982938170433044,
        -0.05699988082051277,
        -0.03482859581708908,
        0.25937798619270325,
        0.0583336241543293,
        0.9640127420425415,
        1.7013731002807617
    ],
    [
        0.9671854972839355,
        -0.0017631379887461662,
        -0.2540650963783264,
        0.024623846635222435,
        -0.012202674522995949,
        0.9984994530677795,
        -0.053382933139801025,
        -0.046436749398708344,
        0.25377804040908813,
        0.054731473326683044,
        0.9657129049301147,
        1.7486461400985718
    ],
    [
        0.9696069955825806,
        -0.0011964973527938128,
        -0.24466459453105927,
        -0.0011795799946412444,
        -0.011576104909181595,
        0.9986437559127808,
        -0.05075988918542862,
        -0.05807746946811676,
        0.24439352750778198,
        0.05204940587282181,
        0.9682782292366028,
        1.807963490486145
    ]
]