[
    [
        0.9996997714042664,
        -0.008558789268136024,
        0.022958816960453987,
        0.014694059267640114,
        0.009221674874424934,
        0.9995390176773071,
        -0.028924092650413513,
        -0.23510943353176117,
        -0.022700676694512367,
        0.029127130284905434,
        0.9993178844451904,
        2.41020131111145
    ],
    [
        0.9996265172958374,
        -0.007955002598464489,
        0.02614380605518818,
        0.013709781691432,
        0.008711046539247036,
        0.9995433688163757,
        -0.02893306314945221,
        -0.24045664072036743,
        -0.025901708751916885,
        0.02915000170469284,
        0.9992393851280212,
        2.4469172954559326
    ],
    [
        0.999413788318634,
        -0.006750418338924646,
        0.03356492519378662,
        0.011386643163859844,
        0.0077301315031945705,
        0.9995453357696533,
        -0.029145030304789543,
        -0.24910135567188263,
        -0.03335292637348175,
        0.029387403279542923,
        0.9990115761756897,
        2.5186822414398193
    ],
    [
        0.999128520488739,
        -0.005932739935815334,
        0.041314639151096344,
        0.011580863036215305,
        0.0071604084223508835,
        0.9995352029800415,
        -0.02963079884648323,
        -0.25561410188674927,
        -0.04111964628100395,
        0.02990080788731575,
        0.9987068176269531,
        2.588508367538452
    ],
    [
        0.9987570643424988,
        -0.004970851354300976,
        0.04959375783801079,
        0.00833503995090723,
        0.006463090889155865,
        0.9995297193527222,
        -0.02997441031038761,
        -0.26139605045318604,
        -0.049421440809965134,
        0.030257685109972954,
        0.9983195662498474,
        2.6581759452819824
    ],
    [
        0.9985557794570923,
        -0.004353653639554977,
        0.05354876443743706,
        0.006801963783800602,
        0.005982720758765936,
        0.999522864818573,
        -0.03029954805970192,
        -0.2633793354034424,
        -0.05339130759239197,
        0.030576158314943314,
        0.9981052875518799,
        2.6928768157958984
    ],
    [
        0.9980992674827576,
        -0.00301005388610065,
        0.061551909893751144,
        0.002400279976427555,
        0.004924205597490072,
        0.9995082020759583,
        -0.030970171093940735,
        -0.2671715319156647,
        -0.06142841652035713,
        0.031214404851198196,
        0.9976232647895813,
        2.761427640914917
    ],
    [
        0.9975451231002808,
        -0.002110169269144535,
        0.06999633461236954,
        -0.0051177628338336945,
        0.00427582859992981,
        0.9995161890983582,
        -0.03080422803759575,
        -0.27178215980529785,
        -0.06989747285842896,
        0.0310278981924057,
        0.9970715045928955,
        2.8279616832733154
    ],
    [
        0.9968976974487305,
        -0.0010916766477748752,
        0.07870069146156311,
        -0.014898986555635929,
        0.003539554076269269,
        0.9995139837265015,
        -0.030970854684710503,
        -0.27431344985961914,
        -0.07862864434719086,
        0.031153341755270958,
        0.9964170455932617,
        2.8954050540924072
    ],
    [
        0.9965453743934631,
        -0.0006850796635262668,
        0.0830463394522667,
        -0.018962576985359192,
        0.0032834596931934357,
        0.9995092153549194,
        -0.0311557799577713,
        -0.2757681906223297,
        -0.08298422396183014,
        0.03132083639502525,
        0.9960585832595825,
        2.9296255111694336
    ],
    [
        0.9957249164581299,
        0.0003269030712544918,
        0.09236781299114227,
        -0.029925741255283356,
        0.002578992862254381,
        0.9995055794715881,
        -0.03133893758058548,
        -0.28041955828666687,
        -0.0923323929309845,
        0.03144317865371704,
        0.9952316880226135,
        2.9960885047912598
    ],
    [
        0.9948133826255798,
        0.0017599858110770583,
        0.10170217603445053,
        -0.0423479899764061,
        0.001478269463405013,
        0.9994945526123047,
        -0.031756430864334106,
        -0.28599870204925537,
        -0.10170665383338928,
        0.03174206241965294,
        0.9943079352378845,
        3.0613443851470947
    ],
    [
        0.9938552975654602,
        0.003068492980673909,
        0.1106451004743576,
        -0.0514947734773159,
        0.0005415779305621982,
        0.9994688034057617,
        -0.03258267417550087,
        -0.29265862703323364,
        -0.11068631708621979,
        0.03244238346815109,
        0.9933257699012756,
        3.126093864440918
    ],
    [
        0.993293821811676,
        0.0032768959645181894,
        0.1155700758099556,
        -0.05661942809820175,
        0.0005162085872143507,
        0.9994626045227051,
        -0.0327756293118,
        -0.2961494028568268,
        -0.1156153678894043,
        0.03261549398303032,
        0.9927584528923035,
        3.156903028488159
    ],
    [
        0.9921150207519531,
        0.0039217122830450535,
        0.12526939809322357,
        -0.06326077878475189,
        0.00018970527162309736,
        0.9994621276855469,
        -0.032791830599308014,
        -0.30197086930274963,
        -0.12533064186573029,
        0.03255702555179596,
        0.9915806651115417,
        3.218675136566162
    ],
    [
        0.9908294677734375,
        0.0035435885656625032,
        0.1350717544555664,
        -0.06877187639474869,
        0.0007884046644903719,
        0.9994874000549316,
        -0.03200482204556465,
        -0.3064779043197632,
        -0.13511592149734497,
        0.03181781619787216,
        0.990318775177002,
        3.2799956798553467
    ],
    [
        0.9893145561218262,
        0.0029985993169248104,
        0.1457660049200058,
        -0.07723774015903473,
        0.0016280265990644693,
        0.9994989633560181,
        -0.031610433012247086,
        -0.3084809184074402,
        -0.14578776061534882,
        0.03150997683405876,
        0.9888140559196472,
        3.340259313583374
    ],
    [
        0.9886277318000793,
        0.0028025885112583637,
        0.1503572016954422,
        -0.07797501981258392,
        0.0019437420414760709,
        0.9995046257972717,
        -0.03141079470515251,
        -0.30984005331993103,
        -0.1503707617521286,
        0.03134583681821823,
        0.9881327152252197,
        3.3704981803894043
    ],
    [
        0.9870596528053284,
        0.0017671927344053984,
        0.16034357249736786,
        -0.08149480074644089,
        0.0032288015354424715,
        0.9995175004005432,
        -0.03089216724038124,
        -0.3124818205833435,
        -0.16032080352306366,
        0.031010132282972336,
        0.9865777492523193,
        3.4321963787078857
    ],
    [
        0.9853017330169678,
        0.0009966613724827766,
        0.17082034051418304,
        -0.08504318445920944,
        0.004440887365490198,
        0.9994955062866211,
        -0.0314469151198864,
        -0.31228578090667725,
        -0.1707654893398285,
        0.03174329176545143,
        0.9848002195358276,
        3.493533134460449
    ],
    [
        0.9836126565933228,
        -0.00102093571331352,
        0.18029192090034485,
        -0.08061923086643219,
        0.006528337951749563,
        0.9995298385620117,
        -0.029956409707665443,
        -0.31793493032455444,
        -0.18017658591270447,
        0.03064250946044922,
        0.9831568598747253,
        3.559264898300171
    ],
    [
        0.9825093746185303,
        -0.001389181474223733,
        0.18620803952217102,
        -0.08124666661024094,
        0.007005844730883837,
        0.9995400309562683,
        -0.02950873412191868,
        -0.3201017379760742,
        -0.1860813945531845,
        0.030297154560685158,
        0.9820670485496521,
        3.590933322906494
    ],
    [
        0.980156660079956,
        -0.003102777758613229,
        0.19820010662078857,
        -0.08043448626995087,
        0.00900434423238039,
        0.9995422959327698,
        -0.02888147532939911,
        -0.3228412866592407,
        -0.19801975786685944,
        0.030093031004071236,
        0.9797359108924866,
        3.6569435596466064
    ],
    [
        0.977912962436676,
        -0.005634047091007233,
        0.20893678069114685,
        -0.07279393821954727,
        0.01139023806899786,
        0.9995877146720886,
        -0.026356957852840424,
        -0.33193066716194153,
        -0.20870214700698853,
        0.0281546488404274,
        0.977573812007904,
        3.7241873741149902
    ],
    [
        0.9760481715202332,
        -0.008401023223996162,
        0.2173922061920166,
        -0.054904330521821976,
        0.01344369351863861,
        0.9996734857559204,
        -0.021727608516812325,
        -0.3500964343547821,
        -0.21713870763778687,
        0.024129746481776237,
        0.9758425951004028,
        3.795259475708008
    ]
]