[
    [
        0.9999250769615173,
        -0.0006889476208016276,
        -0.012230178341269493,
        -0.2037845402956009,
        0.0007075875182636082,
        0.9999986290931702,
        0.0015197901520878077,
        0.0009422898292541504,
        0.012229113839566708,
        -0.0015283300308510661,
        0.9999240636825562,
        -0.00039949442725628614
    ],
    [
        0.9999070167541504,
        -0.0007246237946674228,
        -0.01362027507275343,
        -0.22698695957660675,
        0.0007533443276770413,
        0.9999975562095642,
        0.0021037068217992783,
        0.00015056073607411236,
        0.013618717901408672,
        -0.002113772090524435,
        0.999904990196228,
        -0.00031350034987553954
    ],
    [
        0.9998855590820312,
        -0.0008781020296737552,
        -0.015106218867003918,
        -0.24658437073230743,
        0.0009070791420526803,
        0.9999978542327881,
        0.0019114812603220344,
        0.0008291173726320267,
        0.015104507096111774,
        -0.0019249648321419954,
        0.9998840093612671,
        -0.0006173149449750781
    ],
    [
        0.9998653531074524,
        -0.0008884187554940581,
        -0.01639171876013279,
        -0.2680369019508362,
        0.0009275602642446756,
        0.9999967813491821,
        0.00238041952252388,
        0.0007752122473903,
        0.016389548778533936,
        -0.002395303687080741,
        0.999862790107727,
        -0.0005119238630868495
    ],
    [
        0.9998350739479065,
        -0.0009219665662385523,
        -0.018142908811569214,
        -0.2928937077522278,
        0.0009580955374985933,
        0.9999975562095642,
        0.001982737798243761,
        0.0018117630388587713,
        0.018141036853194237,
        -0.001999792642891407,
        0.9998334646224976,
        -0.000981142045930028
    ],
    [
        0.9998105764389038,
        -0.0010748825734481215,
        -0.019433047622442245,
        -0.3129834830760956,
        0.0011043035192415118,
        0.9999983310699463,
        0.0015032750088721514,
        0.0022693828213959932,
        0.019431397318840027,
        -0.0015244503738358617,
        0.9998100399971008,
        -0.0014356272295117378
    ],
    [
        0.9997838139533997,
        -0.0009782888228073716,
        -0.020770467817783356,
        -0.33375707268714905,
        0.0010168130975216627,
        0.9999977350234985,
        0.001844323123805225,
        0.001980956643819809,
        0.02076861634850502,
        -0.0018650440033525229,
        0.9997826218605042,
        -0.00168317009229213
    ],
    [
        0.9997528195381165,
        -0.0010781361488625407,
        -0.022209199145436287,
        -0.3526390790939331,
        0.0011267958907410502,
        0.9999969601631165,
        0.0021785306744277477,
        0.0015586201334372163,
        0.022206781432032585,
        -0.002203017706051469,
        0.9997510313987732,
        -0.0018952160608023405
    ],
    [
        0.9997329711914062,
        -0.0010542033705860376,
        -0.023085735738277435,
        -0.3674485981464386,
        0.0011250065872445703,
        0.9999947547912598,
        0.0030541743617504835,
        0.0005608790088444948,
        0.023082392290234566,
        -0.0030793300829827785,
        0.9997288584709167,
        -0.0018690144643187523
    ],
    [
        0.9996942281723022,
        -0.0014494163915514946,
        -0.024683451279997826,
        -0.3837701082229614,
        0.0015123134944587946,
        0.9999956488609314,
        0.002529686316847801,
        0.002048106864094734,
        0.024679677560925484,
        -0.0025662428233772516,
        0.9996922016143799,
        -0.0026066452264785767
    ],
    [
        0.9996702671051025,
        -0.0015304982662200928,
        -0.025632956996560097,
        -0.3992762267589569,
        0.001601622672751546,
        0.9999949336051941,
        0.002754398388788104,
        0.002036246471107006,
        0.02562860958278179,
        -0.00279454467818141,
        0.9996675252914429,
        -0.0027668264228850603
    ],
    [
        0.9996441006660461,
        -0.0015340810641646385,
        -0.026633454486727715,
        -0.41528651118278503,
        0.0015975991263985634,
        0.9999960064888,
        0.0023637856356799603,
        0.0030273518059402704,
        0.026629718020558357,
        -0.0024054942186921835,
        0.9996423721313477,
        -0.003331807442009449
    ],
    [
        0.9996034502983093,
        -0.001652850303798914,
        -0.028111400082707405,
        -0.43402335047721863,
        0.0016916237073019147,
        0.999997615814209,
        0.0013555266195908189,
        0.004203916527330875,
        0.02810909040272236,
        -0.0014025423442944884,
        0.9996039271354675,
        -0.004291713237762451
    ],
    [
        0.9995660781860352,
        -0.0017541245324537158,
        -0.02940424159169197,
        -0.44831836223602295,
        0.0017730675172060728,
        0.9999982714653015,
        0.0006181825883686543,
        0.005124501883983612,
        0.02940310351550579,
        -0.0006700505618937314,
        0.999567449092865,
        -0.005030530504882336
    ],
    [
        0.9995342493057251,
        -0.0016637854278087616,
        -0.0304702278226614,
        -0.4652250409126282,
        0.001690331264398992,
        0.999998152256012,
        0.000845452887006104,
        0.004886395297944546,
        0.030468765646219254,
        -0.0008965639281086624,
        0.999535322189331,
        -0.00532397348433733
    ],
    [
        0.9994953274726868,
        -0.001894727349281311,
        -0.031712569296360016,
        -0.4822337329387665,
        0.001927745877765119,
        0.999997615814209,
        0.0010106462286785245,
        0.00454467860981822,
        0.031710583716630936,
        -0.0010712695075199008,
        0.9994964599609375,
        -0.005884455516934395
    ],
    [
        0.9994638562202454,
        -0.0020395820029079914,
        -0.03267576918005943,
        -0.4966888129711151,
        0.0020978651009500027,
        0.9999963641166687,
        0.0017494925996288657,
        0.0038191794883459806,
        0.03267206996679306,
        -0.001817103591747582,
        0.9994644522666931,
        -0.006127590779215097
    ],
    [
        0.9994224905967712,
        -0.0021841833367943764,
        -0.033909961581230164,
        -0.5126810073852539,
        0.0022521705832332373,
        0.9999955296516418,
        0.0019668778404593468,
        0.0037740906700491905,
        0.0339055098593235,
        -0.0020421119406819344,
        0.9994229078292847,
        -0.006616640370339155
    ],
    [
        0.9993765950202942,
        -0.0024106756318360567,
        -0.03522248938679695,
        -0.5297101736068726,
        0.002472005086019635,
        0.9999954104423523,
        0.001697750180028379,
        0.004309582058340311,
        0.03521823510527611,
        -0.0017837616614997387,
        0.9993780851364136,
        -0.0075151873752474785
    ],
    [
        0.9993356466293335,
        -0.002359253354370594,
        -0.036370012909173965,
        -0.5459511280059814,
        0.002445471240207553,
        0.9999943971633911,
        0.002326275920495391,
        0.0033385646529495716,
        0.03636431694030762,
        -0.0024136723950505257,
        0.9993357062339783,
        -0.007765734102576971
    ],
    [
        0.9992902874946594,
        -0.0025412749964743853,
        -0.037581462413072586,
        -0.5622217059135437,
        0.0026011348236352205,
        0.9999954104423523,
        0.0015439903363585472,
        0.004128001164644957,
        0.03757736459374428,
        -0.0016406498616561294,
        0.9992923736572266,
        -0.008947700262069702
    ],
    [
        0.999251127243042,
        -0.0025175290647894144,
        -0.03861399367451668,
        -0.577163577079773,
        0.0025760214775800705,
        0.9999957084655762,
        0.001465112785808742,
        0.004521949682384729,
        0.03861013799905777,
        -0.0015634862938895822,
        0.9992530941963196,
        -0.009516723453998566
    ],
    [
        0.9992115497589111,
        -0.0026914775371551514,
        -0.039612043648958206,
        -0.5912873148918152,
        0.0027381209656596184,
        0.9999956488609314,
        0.001123282010667026,
        0.0049451738595962524,
        0.03960884362459183,
        -0.0012308587320148945,
        0.9992144107818604,
        -0.01034324336796999
    ],
    [
        0.9991768002510071,
        -0.002827596617862582,
        -0.04046870395541191,
        -0.6031644940376282,
        0.002875801408663392,
        0.999995231628418,
        0.001132988603785634,
        0.0050058988854289055,
        0.04046531021595001,
        -0.0012484362814575434,
        0.9991801381111145,
        -0.010856902226805687
    ],
    [
        0.9991096258163452,
        -0.002972810994833708,
        -0.042084962129592896,
        -0.6242712736129761,
        0.0030432853382080793,
        0.9999940991401672,
        0.0016106284456327558,
        0.004860254470258951,
        0.042079925537109375,
        -0.0017372705042362213,
        0.9991126656532288,
        -0.011650805361568928
    ]
]