[
    [
        0.9997044205665588,
        0.0022463856730610132,
        0.02420833334326744,
        -0.3555172383785248,
        -0.001972583122551441,
        0.9999339580535889,
        -0.011328224092721939,
        -0.3640550971031189,
        -0.024232186377048492,
        0.01127711683511734,
        0.9996429085731506,
        1.2062289714813232
    ],
    [
        0.9996104836463928,
        0.000293594814138487,
        0.027905642986297607,
        -0.3558771312236786,
        2.137511364708189e-05,
        0.9999364018440247,
        -0.011285991407930851,
        -0.3674551546573639,
        -0.027907172217965126,
        0.011282198131084442,
        0.9995468258857727,
        1.2246593236923218
    ],
    [
        0.9993462562561035,
        -0.003715402679517865,
        0.03596305474638939,
        -0.3628767132759094,
        0.004186613485217094,
        0.9999063014984131,
        -0.013036202639341354,
        -0.3699892461299896,
        -0.03591123968362808,
        0.013178250752389431,
        0.9992680549621582,
        1.2612510919570923
    ],
    [
        0.9990517497062683,
        -0.004533110652118921,
        0.043303560465574265,
        -0.3701825439929962,
        0.005143679678440094,
        0.9998887777328491,
        -0.013998761773109436,
        -0.3802071213722229,
        -0.043235283344984055,
        0.01420822273939848,
        0.9989638328552246,
        1.3013114929199219
    ],
    [
        0.9986185431480408,
        -0.005500633269548416,
        0.05225549638271332,
        -0.38003772497177124,
        0.006280029658228159,
        0.9998713731765747,
        -0.014762680977582932,
        -0.38919633626937866,
        -0.05216757953166962,
        0.015070443972945213,
        0.9985246062278748,
        1.3449329137802124
    ],
    [
        0.9982133507728577,
        -0.004846770316362381,
        0.059553492814302444,
        -0.38566112518310547,
        0.0057837399654090405,
        0.9998620748519897,
        -0.01557096652686596,
        -0.39976397156715393,
        -0.0594698041677475,
        0.01588759571313858,
        0.9981036186218262,
        1.3823236227035522
    ],
    [
        0.9978064894676208,
        -0.0032484636176377535,
        0.06611820310354233,
        -0.388305127620697,
        0.004319420084357262,
        0.9998617172241211,
        -0.016061104834079742,
        -0.4109717011451721,
        -0.06605688482522964,
        0.01631147228181362,
        0.9976824522018433,
        1.4228843450546265
    ],
    [
        0.9975135326385498,
        -0.0025774333626031876,
        0.07042712718248367,
        -0.39333102107048035,
        0.0037594244349747896,
        0.9998542666435242,
        -0.016655778512358665,
        -0.4164397716522217,
        -0.07037393003702164,
        0.016879137605428696,
        0.9973778128623962,
        1.442286491394043
    ],
    [
        0.9971596598625183,
        -0.0009086704230867326,
        0.07531099766492844,
        -0.3906985819339752,
        0.002352785784751177,
        0.999815046787262,
        -0.019088860601186752,
        -0.4230206310749054,
        -0.07527972757816315,
        0.019211826846003532,
        0.9969774484634399,
        1.4740955829620361
    ],
    [
        0.9966959357261658,
        0.0012639651540666819,
        0.08121389150619507,
        -0.3908185660839081,
        0.0003411500947549939,
        0.9998049139976501,
        -0.019747136160731316,
        -0.43551474809646606,
        -0.0812230110168457,
        0.019709594547748566,
        0.996501088142395,
        1.5062224864959717
    ],
    [
        0.9961919784545898,
        0.001225521438755095,
        0.08717884868383408,
        -0.39028045535087585,
        0.0007395136635750532,
        0.9997465014457703,
        -0.022504404187202454,
        -0.4426822364330292,
        -0.08718433231115341,
        0.02248317375779152,
        0.9959384202957153,
        1.5379544496536255
    ],
    [
        0.9955501556396484,
        0.0024530873633921146,
        0.09420067071914673,
        -0.39287853240966797,
        -0.00018176782759837806,
        0.9997092485427856,
        -0.02411252073943615,
        -0.4522309899330139,
        -0.09423243254423141,
        0.02398809976875782,
        0.9952612519264221,
        1.5617014169692993
    ],
    [
        0.9946099519729614,
        0.002458001021295786,
        0.10365801304578781,
        -0.401572585105896,
        0.0004060372884850949,
        0.9996190071105957,
        -0.02759954333305359,
        -0.45434901118278503,
        -0.1036863699555397,
        0.027492862194776535,
        0.9942300915718079,
        1.5855906009674072
    ],
    [
        0.9936614036560059,
        0.0021538634318858385,
        0.11239368468523026,
        -0.4058782160282135,
        0.0011676177382469177,
        0.9995647668838501,
        -0.02947802096605301,
        -0.4608217179775238,
        -0.11240825802087784,
        0.029422396793961525,
        0.9932264089584351,
        1.6078437566757202
    ],
    [
        0.9924873113632202,
        0.0017915990902110934,
        0.12233450263738632,
        -0.4093417227268219,
        0.0020015856716781855,
        0.9995211958885193,
        -0.030876729637384415,
        -0.4689702093601227,
        -0.12233125418424606,
        0.03088962286710739,
        0.9920085668563843,
        1.6296838521957397
    ],
    [
        0.9910867810249329,
        0.00010851871047634631,
        0.13321779668331146,
        -0.41320621967315674,
        0.004203402437269688,
        0.9994763731956482,
        -0.032085806131362915,
        -0.476642370223999,
        -0.13315153121948242,
        0.0323597751557827,
        0.9905672669410706,
        1.6465040445327759
    ],
    [
        0.9891141057014465,
        -0.0016414603451266885,
        0.14714115858078003,
        -0.4185723662376404,
        0.0065789176151156425,
        0.9994312524795532,
        -0.033075541257858276,
        -0.48389163613319397,
        -0.147003173828125,
        0.03368351608514786,
        0.9885623455047607,
        1.6646286249160767
    ],
    [
        0.9869626760482788,
        -0.0025846390053629875,
        0.1609286516904831,
        -0.4251325726509094,
        0.008289116434752941,
        0.9993605017662048,
        -0.03478598967194557,
        -0.4893721640110016,
        -0.16073580086231232,
        0.035666435956954956,
        0.986352801322937,
        1.6827123165130615
    ],
    [
        0.9843518137931824,
        -0.004872513469308615,
        0.1761471927165985,
        -0.43148884177207947,
        0.011478518135845661,
        0.9992676377296448,
        -0.036503296345472336,
        -0.4951135516166687,
        -0.1758403331041336,
        0.03795398771762848,
        0.9836866855621338,
        1.7020645141601562
    ],
    [
        0.9828012585639954,
        -0.006673633586615324,
        0.18454602360725403,
        -0.4359855353832245,
        0.013722661882638931,
        0.9992230534553528,
        -0.036945801228284836,
        -0.4991552233695984,
        -0.18415607511997223,
        0.03884283825755119,
        0.9821291565895081,
        1.7116893529891968
    ],
    [
        0.9793820381164551,
        -0.00865013524889946,
        0.20183150470256805,
        -0.4436931908130646,
        0.01664622128009796,
        0.9991407990455627,
        -0.03795396909117699,
        -0.5054253935813904,
        -0.2013297975063324,
        0.04053117707371712,
        0.9786845445632935,
        1.7334648370742798
    ],
    [
        0.9749232530593872,
        -0.013829550705850124,
        0.22211134433746338,
        -0.4567815661430359,
        0.023213740438222885,
        0.9989421367645264,
        -0.039694931358098984,
        -0.5109860301017761,
        -0.22132743895053864,
        0.043855536729097366,
        0.9742130041122437,
        1.7566478252410889
    ],
    [
        0.9698452949523926,
        -0.019378170371055603,
        0.2429494857788086,
        -0.47062647342681885,
        0.029885184019804,
        0.9987671375274658,
        -0.03963673487305641,
        -0.5191165208816528,
        -0.24188187718391418,
        0.045702092349529266,
        0.9692287445068359,
        1.7796719074249268
    ],
    [
        0.963705837726593,
        -0.026036683470010757,
        0.26569369435310364,
        -0.4870370626449585,
        0.0381295345723629,
        0.9984533786773682,
        -0.040457163006067276,
        -0.5239425301551819,
        -0.2642294466495514,
        0.04911957308650017,
        0.9632082581520081,
        1.8011960983276367
    ],
    [
        0.9572231769561768,
        -0.0331924743950367,
        0.2874404191970825,
        -0.49869710206985474,
        0.046386536210775375,
        0.9981536269187927,
        -0.0392119400203228,
        -0.5335648059844971,
        -0.2856082022190094,
        0.0508679524064064,
        0.95699542760849,
        1.8187098503112793
    ]
]