[
    [
        0.99991375207901,
        -0.0015062781749293208,
        -0.013043724931776524,
        0.0499238520860672,
        0.001510030822828412,
        0.9999988675117493,
        0.0002777935587801039,
        -0.011322745122015476,
        0.013043291866779327,
        -0.0002974664676003158,
        0.9999148845672607,
        0.48938560485839844
    ],
    [
        0.9999146461486816,
        -0.0012325163697823882,
        -0.013007191941142082,
        0.031615789979696274,
        0.0012222154764458537,
        0.9999988675117493,
        -0.0007998268119990826,
        -0.027984770014882088,
        0.01300816424190998,
        0.0007838611491024494,
        0.9999151229858398,
        0.8062723875045776
    ],
    [
        0.9999085664749146,
        0.00023043948749545962,
        -0.01352605875581503,
        0.01865120232105255,
        -0.00028379156719893217,
        0.9999921917915344,
        -0.003942565992474556,
        -0.028444504365324974,
        0.013525044545531273,
        0.00394604355096817,
        0.9999006986618042,
        1.1418769359588623
    ],
    [
        0.9998818635940552,
        0.000556466868147254,
        -0.015363398008048534,
        0.014959340915083885,
        -0.0006440292345359921,
        0.9999836087226868,
        -0.0056950426660478115,
        -0.03569740056991577,
        0.015359977260231972,
        0.005704265087842941,
        0.999865710735321,
        1.4396899938583374
    ],
    [
        0.9998772740364075,
        0.0013610241003334522,
        -0.015609941445291042,
        -0.0076919677667319775,
        -0.001471888623200357,
        0.999973714351654,
        -0.007092899642884731,
        -0.03221981227397919,
        0.015599876642227173,
        0.007115003187209368,
        0.9998530745506287,
        1.739930510520935
    ],
    [
        0.9999131560325623,
        0.003477066056802869,
        -0.012714024633169174,
        -0.045210033655166626,
        -0.0035977100487798452,
        0.9999485611915588,
        -0.00947851687669754,
        -0.046638794243335724,
        0.012680414132773876,
        0.009523434564471245,
        0.9998742938041687,
        1.9900263547897339
    ],
    [
        0.999991774559021,
        0.003598741954192519,
        0.0019033027347177267,
        -0.06362678855657578,
        -0.003575441660359502,
        0.9999203681945801,
        -0.012107065878808498,
        -0.05383319407701492,
        -0.0019467215752229095,
        0.012100160121917725,
        0.999924898147583,
        2.2439029216766357
    ],
    [
        0.9996923208236694,
        0.0025730887427926064,
        0.024669107049703598,
        -0.057034119963645935,
        -0.0022294630762189627,
        0.9999002814292908,
        -0.01394678931683302,
        -0.06613004207611084,
        -0.024702534079551697,
        0.013887500390410423,
        0.9995983242988586,
        2.4991157054901123
    ],
    [
        0.9987356662750244,
        0.0016301623545587063,
        0.05024160444736481,
        -0.0326990969479084,
        -0.0008038626983761787,
        0.9998642206192017,
        -0.016462352126836777,
        -0.06341134011745453,
        -0.050261612981557846,
        0.016401154920458794,
        0.9986013770103455,
        2.6934642791748047
    ],
    [
        0.9964900016784668,
        0.0012749836314469576,
        0.0837022215127945,
        -0.01831154152750969,
        0.00023164866433944553,
        0.9998381733894348,
        -0.017987720668315887,
        -0.06245211511850357,
        -0.08371160924434662,
        0.0179439727216959,
        0.9963283538818359,
        2.916581392288208
    ],
    [
        0.9918640851974487,
        0.0007969175348989666,
        0.12729859352111816,
        -0.011160677298903465,
        0.0017913853516802192,
        0.9997939467430115,
        -0.02021675556898117,
        -0.05780036002397537,
        -0.12728847563266754,
        0.02028031460940838,
        0.9916582703590393,
        3.090414047241211
    ],
    [
        0.9819234013557434,
        -0.0009635069291107357,
        0.18927624821662903,
        0.006583881098777056,
        0.0052605499513447285,
        0.9997397065162659,
        -0.02220141887664795,
        -0.049322277307510376,
        -0.1892055720090866,
        0.022795790806412697,
        0.9816728830337524,
        3.2698616981506348
    ],
    [
        0.9683178067207336,
        -0.0027473883237689734,
        0.2497061789035797,
        0.04771752282977104,
        0.009183147922158241,
        0.9996548891067505,
        -0.02461199276149273,
        -0.04749688133597374,
        -0.24955236911773682,
        0.026125315576791763,
        0.9680088758468628,
        3.419059991836548
    ],
    [
        0.9530044794082642,
        -0.004193457774817944,
        0.30292731523513794,
        0.09624940901994705,
        0.012948337942361832,
        0.9995543360710144,
        -0.02689831331372261,
        -0.04353731870651245,
        -0.30267980694770813,
        0.02955661714076996,
        0.9526339769363403,
        3.5037736892700195
    ],
    [
        0.9333947896957397,
        -0.005164626985788345,
        0.35881394147872925,
        0.13861000537872314,
        0.016293298453092575,
        0.9994751214981079,
        -0.027998249977827072,
        -0.0400223433971405,
        -0.35848110914230347,
        0.03197968006134033,
        0.9329890608787537,
        3.597599506378174
    ],
    [
        0.9125028252601624,
        -0.005305667407810688,
        0.409036248922348,
        0.17472942173480988,
        0.01825050637125969,
        0.999448299407959,
        -0.027750350534915924,
        -0.052382733672857285,
        -0.40866321325302124,
        0.03278739005327225,
        0.9120961427688599,
        3.69069242477417
    ],
    [
        0.8842518925666809,
        -0.00598136056214571,
        0.46697190403938293,
        0.21679455041885376,
        0.021319961175322533,
        0.9993925094604492,
        -0.027570156380534172,
        -0.06427585333585739,
        -0.46652325987815857,
        0.03433478623628616,
        0.8838422298431396,
        3.8089120388031006
    ],
    [
        0.8536543250083923,
        -0.00621536560356617,
        0.5208027362823486,
        0.26403406262397766,
        0.023569339886307716,
        0.9993653297424316,
        -0.026706160977482796,
        -0.0748675987124443,
        -0.520306408405304,
        0.03507281094789505,
        0.8532591462135315,
        3.9271531105041504
    ],
    [
        0.8130038976669312,
        -0.00665600411593914,
        0.582220196723938,
        0.31243693828582764,
        0.02704007364809513,
        0.9992874264717102,
        -0.026334403082728386,
        -0.08956799656152725,
        -0.5816300511360168,
        0.037153247743844986,
        0.8126044273376465,
        4.053797245025635
    ],
    [
        0.7616447806358337,
        -0.006632891949266195,
        0.6479607224464417,
        0.3918774127960205,
        0.03139026463031769,
        0.9991512894630432,
        -0.026669779792428017,
        -0.10936959832906723,
        -0.6472340226173401,
        0.0406525582075119,
        0.7612067461013794,
        4.154041290283203
    ],
    [
        0.7111749053001404,
        -0.008436032570898533,
        0.7029644846916199,
        0.5042138695716858,
        0.03592299669981003,
        0.9990577697753906,
        -0.02435322105884552,
        -0.11178074777126312,
        -0.7020967602729797,
        0.04257199168205261,
        0.7108079195022583,
        4.248622417449951
    ],
    [
        0.65535569190979,
        -0.008306286297738552,
        0.7552747130393982,
        0.642183780670166,
        0.03914784640073776,
        0.9989691972732544,
        -0.022982418537139893,
        -0.12570030987262726,
        -0.7543053030967712,
        0.044629041105508804,
        0.6550052762031555,
        4.359899997711182
    ],
    [
        0.604525625705719,
        -0.007651973515748978,
        0.7965490221977234,
        0.7553316950798035,
        0.04169289395213127,
        0.9988871812820435,
        -0.02204631082713604,
        -0.14107967913150787,
        -0.7954938411712646,
        0.04653799161314964,
        0.6041719317436218,
        4.426328659057617
    ],
    [
        0.5546908974647522,
        -0.006900079548358917,
        0.8320279121398926,
        0.8571099042892456,
        0.043113674968481064,
        0.998860776424408,
        -0.02045910619199276,
        -0.15438894927501678,
        -0.8309386372566223,
        0.04722026363015175,
        0.5543563961982727,
        4.5060954093933105
    ],
    [
        0.5139467120170593,
        -0.006033796351402998,
        0.8578009009361267,
        0.952116847038269,
        0.0439935140311718,
        0.9988446831703186,
        -0.01933256909251213,
        -0.16304530203342438,
        -0.8566932082176208,
        0.04767358675599098,
        0.5136184096336365,
        4.567783832550049
    ]
]