[
    [
        0.8268138766288757,
        0.10472605377435684,
        -0.5526401996612549,
        -0.22724607586860657,
        -0.14136959612369537,
        0.9896668791770935,
        -0.023962141945958138,
        -0.32334086298942566,
        0.5444202423095703,
        0.09793874621391296,
        0.8330754041671753,
        0.880433201789856
    ],
    [
        0.8023762702941895,
        0.09510105848312378,
        -0.5891926884651184,
        -0.2551209628582001,
        -0.13350211083889008,
        0.9908069968223572,
        -0.02188105322420597,
        -0.3292458951473236,
        0.5816953778266907,
        0.09621531516313553,
        0.8076961636543274,
        0.9650200605392456
    ],
    [
        0.7726458311080933,
        0.08010666817426682,
        -0.6297630667686462,
        -0.27369728684425354,
        -0.1219436451792717,
        0.9922612905502319,
        -0.023393714800477028,
        -0.33665668964385986,
        0.6230154633522034,
        0.0948706567287445,
        0.7764348983764648,
        1.0544248819351196
    ],
    [
        0.7481071352958679,
        0.06665083765983582,
        -0.6602222919464111,
        -0.2910727560520172,
        -0.11114003509283066,
        0.9934739470481873,
        -0.025641050189733505,
        -0.3418768048286438,
        0.6542045474052429,
        0.09255937486886978,
        0.7506324648857117,
        1.1344268321990967
    ],
    [
        0.7179571390151978,
        0.05008438229560852,
        -0.6942831873893738,
        -0.31698739528656006,
        -0.09691116213798523,
        0.9948863387107849,
        -0.02844630926847458,
        -0.35360416769981384,
        0.689308226108551,
        0.08770701289176941,
        0.719139575958252,
        1.2316113710403442
    ],
    [
        0.6886906623840332,
        0.034605976194143295,
        -0.7242288589477539,
        -0.34272027015686035,
        -0.08454739302396774,
        0.9958791136741638,
        -0.03281233459711075,
        -0.3616596460342407,
        0.7201089262962341,
        0.08382923901081085,
        0.6887783408164978,
        1.3069076538085938
    ],
    [
        0.6527799963951111,
        0.018378734588623047,
        -0.7573245167732239,
        -0.372688889503479,
        -0.07165869325399399,
        0.996721088886261,
        -0.03757825121283531,
        -0.369230717420578,
        0.7541506886482239,
        0.07879924774169922,
        0.6519565582275391,
        1.3879812955856323
    ],
    [
        0.6200276613235474,
        0.0048254611901938915,
        -0.7845650315284729,
        -0.40609779953956604,
        -0.05984219163656235,
        0.9973589777946472,
        -0.041157934814691544,
        -0.3708265423774719,
        0.7822944521903992,
        0.07246915996074677,
        0.6186788082122803,
        1.473211407661438
    ],
    [
        0.5801666975021362,
        -0.009531757794320583,
        -0.8144420385360718,
        -0.4557887613773346,
        -0.047797154635190964,
        0.9978098273277283,
        -0.04572606086730957,
        -0.38565072417259216,
        0.8130940198898315,
        0.06545679271221161,
        0.5784404277801514,
        1.574225664138794
    ],
    [
        0.5467140078544617,
        -0.020656367763876915,
        -0.8370645046234131,
        -0.49223873019218445,
        -0.03990112990140915,
        0.9979171752929688,
        -0.05068645998835564,
        -0.40217921137809753,
        0.8363681435585022,
        0.06111083924770355,
        0.5447511076927185,
        1.6455533504486084
    ],
    [
        0.5078751444816589,
        -0.03120896965265274,
        -0.8608651757240295,
        -0.5349270701408386,
        -0.032549284398555756,
        0.9979345798492432,
        -0.055380892008543015,
        -0.4109729826450348,
        0.8608155846595764,
        0.056147150695323944,
        0.5058103799819946,
        1.7279318571090698
    ],
    [
        0.4702092707157135,
        -0.038731228560209274,
        -0.8817046284675598,
        -0.569007158279419,
        -0.027067596092820168,
        0.9979336857795715,
        -0.05827194079756737,
        -0.4177536070346832,
        0.8821398615837097,
        0.051265619695186615,
        0.46818941831588745,
        1.8088899850845337
    ],
    [
        0.42337286472320557,
        -0.04530162364244461,
        -0.9048221707344055,
        -0.5998013019561768,
        -0.0237446129322052,
        0.9978510141372681,
        -0.06106956675648689,
        -0.41867750883102417,
        0.905644416809082,
        0.047339849174022675,
        0.4213874042034149,
        1.8946906328201294
    ],
    [
        0.37433186173439026,
        -0.04915407672524452,
        -0.9259911775588989,
        -0.6274246573448181,
        -0.022794464603066444,
        0.9978045225143433,
        -0.0621807798743248,
        -0.41395190358161926,
        0.9270145893096924,
        0.04438371583819389,
        0.37238946557044983,
        1.9749029874801636
    ],
    [
        0.3304109275341034,
        -0.049002181738615036,
        -0.9425642490386963,
        -0.662494957447052,
        -0.024307845160365105,
        0.99787837266922,
        -0.06039883568882942,
        -0.411233127117157,
        0.9435241222381592,
        0.042868126183748245,
        0.32851868867874146,
        2.0484061241149902
    ],
    [
        0.2787558436393738,
        -0.04501552879810333,
        -0.9593064188957214,
        -0.7116041779518127,
        -0.028053149580955505,
        0.9980928897857666,
        -0.05498728156089783,
        -0.4176894426345825,
        0.9599521160125732,
        0.04223959147930145,
        0.2769612967967987,
        2.1317570209503174
    ],
    [
        0.23321489989757538,
        -0.040498021990060806,
        -0.9715815782546997,
        -0.7470178008079529,
        -0.0329524390399456,
        0.998229444026947,
        -0.04951855540275574,
        -0.4230172336101532,
        0.97186678647995,
        0.04356444999575615,
        0.23146745562553406,
        2.1955204010009766
    ],
    [
        0.17801593244075775,
        -0.03220939636230469,
        -0.9835003018379211,
        -0.7906515002250671,
        -0.040607649832963943,
        0.9983723759651184,
        -0.040046535432338715,
        -0.4260987341403961,
        0.9831892848014832,
        0.04706656560301781,
        0.17641818523406982,
        2.2640554904937744
    ],
    [
        0.12752245366573334,
        -0.022559531033039093,
        -0.9915790557861328,
        -0.8383166790008545,
        -0.047695793211460114,
        0.9984450936317444,
        -0.028849679976701736,
        -0.4257386326789856,
        0.9906882047653198,
        0.05097312480211258,
        0.12624819576740265,
        2.3259530067443848
    ],
    [
        0.06874937564134598,
        -0.010053150355815887,
        -0.9975833296775818,
        -0.8900211453437805,
        -0.054390259087085724,
        0.9984242916107178,
        -0.013809979893267155,
        -0.42611441016197205,
        0.9961501359939575,
        0.05520826578140259,
        0.06809421628713608,
        2.4009649753570557
    ],
    [
        0.01726207509636879,
        0.00262389425188303,
        -0.9998475909233093,
        -0.9363247156143188,
        -0.06045202538371086,
        0.9981698989868164,
        0.0015758068766444921,
        -0.42961373925209045,
        0.9980219006538391,
        0.06041558459401131,
        0.01738915964961052,
        2.466356039047241
    ],
    [
        -0.04167918860912323,
        0.018638255074620247,
        -0.9989572167396545,
        -1.0021976232528687,
        -0.06597903370857239,
        0.9975922107696533,
        0.021365614607930183,
        -0.4294034242630005,
        0.996950089931488,
        0.06680075079202652,
        -0.04034910351037979,
        2.546914577484131
    ],
    [
        -0.09240380674600601,
        0.03234785795211792,
        -0.9951959848403931,
        -1.058283805847168,
        -0.06905253976583481,
        0.9968577027320862,
        0.03881338983774185,
        -0.4240274131298065,
        0.9933243989944458,
        0.07230732589960098,
        -0.08987975120544434,
        2.6175050735473633
    ],
    [
        -0.15345045924186707,
        0.046926308423280716,
        -0.9870414733886719,
        -1.1110857725143433,
        -0.07298513501882553,
        0.9956053495407104,
        0.05868009105324745,
        -0.4217042326927185,
        0.9854573011398315,
        0.08104383945465088,
        -0.14935116469860077,
        2.6899142265319824
    ],
    [
        -0.2186531126499176,
        0.06013084575533867,
        -0.9739482998847961,
        -1.155035376548767,
        -0.07368817925453186,
        0.9942321181297302,
        0.07792629301548004,
        -0.4248064160346985,
        0.9730163216590881,
        0.08880731463432312,
        -0.21296103298664093,
        2.7650535106658936
    ]
]