[
    [
        0.9852433204650879,
        0.007354392670094967,
        -0.17100146412849426,
        -0.17312373220920563,
        -0.007261817343533039,
        0.999972939491272,
        0.001166871516034007,
        -0.012755400501191616,
        0.17100539803504944,
        9.212840814143419e-05,
        0.985270082950592,
        0.46452945470809937
    ],
    [
        0.9767249226570129,
        0.008248361758887768,
        -0.21433742344379425,
        -0.2592041492462158,
        -0.007195283193141222,
        0.9999578595161438,
        0.0056929029524326324,
        -0.026653826236724854,
        0.2143753468990326,
        -0.004018181469291449,
        0.9767431616783142,
        0.6364150643348694
    ],
    [
        0.966454267501831,
        0.007730231620371342,
        -0.2567225694656372,
        -0.3258479833602905,
        -0.005053204949945211,
        0.9999258518218994,
        0.011085765436291695,
        -0.03944583609700203,
        0.2567892372608185,
        -0.009416612796485424,
        0.9664214849472046,
        0.8075636029243469
    ],
    [
        0.9558973908424377,
        0.007000607438385487,
        -0.2936175465583801,
        -0.3875633478164673,
        -0.003032093169167638,
        0.999897837638855,
        0.013968925923109055,
        -0.04218406230211258,
        0.29368534684181213,
        -0.012462583370506763,
        0.9558209776878357,
        0.971258282661438
    ],
    [
        0.9440923929214478,
        0.008591979742050171,
        -0.32956910133361816,
        -0.4509607255458832,
        -0.0032271507661789656,
        0.999853253364563,
        0.016821933910250664,
        -0.05477309226989746,
        0.3296652138233185,
        -0.014817892573773861,
        0.9439817070960999,
        1.1456636190414429
    ],
    [
        0.9301518797874451,
        0.013130242004990578,
        -0.36694005131721497,
        -0.5174870491027832,
        -0.007068613078445196,
        0.9998156428337097,
        0.017858324572443962,
        -0.07232142984867096,
        0.3671068549156189,
        -0.0140171954408288,
        0.9300732016563416,
        1.326714038848877
    ],
    [
        0.9172051548957825,
        0.017931483685970306,
        -0.39801135659217834,
        -0.5964707136154175,
        -0.012196998111903667,
        0.9997822046279907,
        0.016935264691710472,
        -0.084740549325943,
        0.39822837710380554,
        -0.010678568854928017,
        0.9172242283821106,
        1.4940794706344604
    ],
    [
        0.9093658328056335,
        0.021682098507881165,
        -0.4154318869113922,
        -0.7110418081283569,
        -0.01680927723646164,
        0.9997403621673584,
        0.015383243560791016,
        -0.09514762461185455,
        0.41565755009651184,
        -0.007005888968706131,
        0.9094942212104797,
        1.6569406986236572
    ],
    [
        0.9024434685707092,
        0.026873691007494926,
        -0.42996934056282043,
        -0.830634593963623,
        -0.021027125418186188,
        0.9996106028556824,
        0.018344178795814514,
        -0.11778727173805237,
        0.43029487133026123,
        -0.007513565476983786,
        0.9026572108268738,
        1.818710446357727
    ],
    [
        0.8964334726333618,
        0.03029598668217659,
        -0.442141592502594,
        -0.9341868758201599,
        -0.022459708154201508,
        0.9994843602180481,
        0.02294905111193657,
        -0.13886669278144836,
        0.44260886311531067,
        -0.010641924105584621,
        0.896651566028595,
        1.9705692529678345
    ],
    [
        0.8899754881858826,
        0.029776088893413544,
        -0.45503517985343933,
        -1.0260673761367798,
        -0.02163839340209961,
        0.9994992613792419,
        0.023082921281456947,
        -0.14481167495250702,
        0.4554946720600128,
        -0.010697005316615105,
        0.8901742100715637,
        2.124523401260376
    ],
    [
        0.8847269415855408,
        0.030983010306954384,
        -0.465078741312027,
        -1.1268463134765625,
        -0.022705096751451492,
        0.9994685053825378,
        0.02339116483926773,
        -0.16183075308799744,
        0.4655563235282898,
        -0.010135138407349586,
        0.8849602341651917,
        2.2751429080963135
    ],
    [
        0.8821008801460266,
        0.030818866565823555,
        -0.47005122900009155,
        -1.2264413833618164,
        -0.020983954891562462,
        0.9994377493858337,
        0.026149436831474304,
        -0.18138600885868073,
        0.47059282660484314,
        -0.0132029103115201,
        0.8822516798973083,
        2.4138355255126953
    ],
    [
        0.8834109306335449,
        0.02954714000225067,
        -0.4676666259765625,
        -1.3397784233093262,
        -0.018531344830989838,
        0.9994322061538696,
        0.02813878282904625,
        -0.1936185359954834,
        0.46823254227638245,
        -0.016191614791750908,
        0.8834569454193115,
        2.5398635864257812
    ],
    [
        0.8900915384292603,
        0.027767295017838478,
        -0.454935222864151,
        -1.4828473329544067,
        -0.01600711978971958,
        0.9994312524795532,
        0.02968268096446991,
        -0.20121979713439941,
        0.45550060272216797,
        -0.019138101488351822,
        0.8900296688079834,
        2.6646292209625244
    ],
    [
        0.8979797959327698,
        0.028503915295004845,
        -0.4391126036643982,
        -1.628690242767334,
        -0.013672108761966228,
        0.9992253184318542,
        0.03690297529101372,
        -0.22370660305023193,
        0.43982431292533875,
        -0.027134522795677185,
        0.8976738452911377,
        2.7774436473846436
    ],
    [
        0.9033138155937195,
        0.02626270242035389,
        -0.4281757175922394,
        -1.7473881244659424,
        -0.00967913493514061,
        0.999117910861969,
        0.04086228087544441,
        -0.2335025668144226,
        0.428871214389801,
        -0.03276709467172623,
        0.9027712345123291,
        2.908329486846924
    ],
    [
        0.9079093933105469,
        0.023787658661603928,
        -0.4184909760951996,
        -1.8545440435409546,
        -0.006135366391390562,
        0.9990355372428894,
        0.04347611591219902,
        -0.2407819628715515,
        0.4191215932369232,
        -0.03690478950738907,
        0.9071798920631409,
        3.0510289669036865
    ],
    [
        0.9127206802368164,
        0.022326502948999405,
        -0.40797358751296997,
        -1.9594309329986572,
        -0.0026722929906100035,
        0.9988107085227966,
        0.04868181794881821,
        -0.2600855827331543,
        0.40857529640197754,
        -0.04334267973899841,
        0.9116948843002319,
        3.2049431800842285
    ],
    [
        0.9156664609909058,
        0.022204816341400146,
        -0.4013250470161438,
        -2.046643018722534,
        -0.0004764701006934047,
        0.9985321164131165,
        0.054160427302122116,
        -0.28408509492874146,
        0.40193861722946167,
        -0.049401670694351196,
        0.9143330454826355,
        3.3543336391448975
    ],
    [
        0.9196457266807556,
        0.020478317514061928,
        -0.39221471548080444,
        -2.1360135078430176,
        0.0007368095102719963,
        0.9985480308532715,
        0.053863827139139175,
        -0.29604294896125793,
        0.39274829626083374,
        -0.04982462525367737,
        0.9182953238487244,
        3.501296043395996
    ],
    [
        0.9245541095733643,
        0.01838664524257183,
        -0.38060691952705383,
        -2.2262520790100098,
        0.0018539902521297336,
        0.9986063241958618,
        0.05274505540728569,
        -0.31363269686698914,
        0.38104623556137085,
        -0.04947129637002945,
        0.9232313632965088,
        3.6492433547973633
    ],
    [
        0.9291509985923767,
        0.018236098811030388,
        -0.36925050616264343,
        -2.3073067665100098,
        0.002080712467432022,
        0.9985089302062988,
        0.05454888194799423,
        -0.33980032801628113,
        0.36969467997550964,
        -0.05145245045423508,
        0.9277276992797852,
        3.7951066493988037
    ],
    [
        0.9318020939826965,
        0.017784439027309418,
        -0.3625309467315674,
        -2.369903087615967,
        0.0012118815211579204,
        0.9986408948898315,
        0.05210452899336815,
        -0.3500962555408478,
        0.3629648685455322,
        -0.04899045079946518,
        0.9305140972137451,
        3.9408488273620605
    ],
    [
        0.9301790595054626,
        0.02172808349132538,
        -0.3664625585079193,
        -2.419722080230713,
        -0.0020782225765287876,
        0.9985426664352417,
        0.05392992123961449,
        -0.3647293150424957,
        0.36710023880004883,
        -0.04940289258956909,
        0.9288686513900757,
        4.103616237640381
    ]
]