[
    [
        0.9905093312263489,
        0.007739166263490915,
        -0.13722780346870422,
        -0.08529025316238403,
        -0.008445926010608673,
        0.9999538660049438,
        -0.0045687430538237095,
        0.004352770745754242,
        0.13718612492084503,
        0.005684397649019957,
        0.9905288815498352,
        -0.007147598545998335
    ],
    [
        0.9887281656265259,
        0.008095921948552132,
        -0.14950227737426758,
        -0.09455336630344391,
        -0.008898734115064144,
        0.9999493956565857,
        -0.004701713100075722,
        0.0018629904370754957,
        0.14945665001869202,
        0.005979097913950682,
        0.988750159740448,
        -0.008279877714812756
    ],
    [
        0.9859614968299866,
        0.008577930741012096,
        -0.16675226390361786,
        -0.1055261641740799,
        -0.009571368806064129,
        0.9999408721923828,
        -0.0051548173651099205,
        -0.0011772580910474062,
        0.16669818758964539,
        0.006678498815745115,
        0.9859853982925415,
        -0.009590258821845055
    ],
    [
        0.9835970401763916,
        0.008797841146588326,
        -0.1801649034023285,
        -0.11290069669485092,
        -0.009891867637634277,
        0.9999375939369202,
        -0.005174803547561169,
        -0.004457624163478613,
        0.18010814487934113,
        0.006872089579701424,
        0.9836228489875793,
        -0.011170608922839165
    ],
    [
        0.9801353216171265,
        0.008873297832906246,
        -0.1981315016746521,
        -0.12304187566041946,
        -0.01014544628560543,
        0.9999339580535889,
        -0.00540650449693203,
        -0.008476478978991508,
        0.1980704367160797,
        0.007309238892048597,
        0.9801605343818665,
        -0.012381918728351593
    ],
    [
        0.977197527885437,
        0.009042964316904545,
        -0.2121395766735077,
        -0.13011842966079712,
        -0.010498679243028164,
        0.9999285340309143,
        -0.00573663180693984,
        -0.011323830112814903,
        0.21207250654697418,
        0.007833007723093033,
        0.9772225022315979,
        -0.01255227904766798
    ],
    [
        0.9729543328285217,
        0.008888443931937218,
        -0.23082652688026428,
        -0.14081871509552002,
        -0.010531038977205753,
        0.9999271631240845,
        -0.005885037127882242,
        -0.016238629817962646,
        0.23075741529464722,
        0.008156714960932732,
        0.9729772210121155,
        -0.01184657122939825
    ],
    [
        0.9694487452507019,
        0.00856733974069357,
        -0.2451443076133728,
        -0.14898540079593658,
        -0.010321024805307388,
        0.9999294877052307,
        -0.005869884043931961,
        -0.020733708515763283,
        0.2450767308473587,
        0.008220693096518517,
        0.9694687724113464,
        -0.01004946231842041
    ],
    [
        0.9643481373786926,
        0.007949629798531532,
        -0.2645176351070404,
        -0.16011826694011688,
        -0.009847299195826054,
        0.9999343752861023,
        -0.005848817527294159,
        -0.02713633142411709,
        0.26445379853248596,
        0.008245079778134823,
        0.9643630981445312,
        -0.007285600528120995
    ],
    [
        0.9603186845779419,
        0.007504912558943033,
        -0.2788041830062866,
        -0.1694822460412979,
        -0.009582597762346268,
        0.999935507774353,
        -0.006090007722377777,
        -0.03171559423208237,
        0.2787404954433441,
        0.008520016446709633,
        0.9603286385536194,
        -0.006029330659657717
    ],
    [
        0.9544461369514465,
        0.006703766528517008,
        -0.29830777645111084,
        -0.18156735599040985,
        -0.009346758015453815,
        0.9999287128448486,
        -0.007434231694787741,
        -0.03558166325092316,
        0.2982366383075714,
        0.00988378468900919,
        0.954440712928772,
        -0.0045057423412799835
    ],
    [
        0.9497309327125549,
        0.006085370201617479,
        -0.313008189201355,
        -0.1909535676240921,
        -0.009252924472093582,
        0.9999199509620667,
        -0.008635261096060276,
        -0.038541022688150406,
        0.3129305839538574,
        0.011097416281700134,
        0.9497112035751343,
        -0.0036171707324683666
    ],
    [
        0.9431114792823792,
        0.0051142931915819645,
        -0.33243751525878906,
        -0.20357047021389008,
        -0.008970482274889946,
        0.9999091625213623,
        -0.010066061280667782,
        -0.04383377730846405,
        0.332355797290802,
        0.012475541792809963,
        0.9430716037750244,
        -0.0038072627503424883
    ],
    [
        0.9360355734825134,
        0.004398300312459469,
        -0.35187774896621704,
        -0.2158581167459488,
        -0.008823736570775509,
        0.9999008774757385,
        -0.010973891243338585,
        -0.05097276717424393,
        0.35179460048675537,
        0.013376831077039242,
        0.9359815120697021,
        -0.005028416868299246
    ],
    [
        0.9304101467132568,
        0.004142421763390303,
        -0.36649662256240845,
        -0.22399090230464935,
        -0.0091593312099576,
        0.9998866319656372,
        -0.011950950138270855,
        -0.05593034625053406,
        0.36640554666519165,
        0.014476150274276733,
        0.9303426146507263,
        -0.0065061477944254875
    ],
    [
        0.9225723743438721,
        0.0035927637945860624,
        -0.38580724596977234,
        -0.23367804288864136,
        -0.009542104788124561,
        0.99986332654953,
        -0.013506771065294743,
        -0.06284185498952866,
        0.38570594787597656,
        0.016142386943101883,
        0.9224806427955627,
        -0.011087169870734215
    ],
    [
        0.9164466261863708,
        0.0030852544587105513,
        -0.40014490485191345,
        -0.2407253086566925,
        -0.009890741668641567,
        0.9998394250869751,
        -0.014943533577024937,
        -0.06777512282133102,
        0.4000345468521118,
        0.017652682960033417,
        0.9163299798965454,
        -0.01539458055049181
    ],
    [
        0.9079563617706299,
        0.002263343660160899,
        -0.41905859112739563,
        -0.2506309747695923,
        -0.010227995924651623,
        0.9998071789741516,
        -0.016760583966970444,
        -0.07558399438858032,
        0.41893985867500305,
        0.019504008814692497,
        0.9078044891357422,
        -0.02023286186158657
    ],
    [
        0.901375949382782,
        0.0016526354011148214,
        -0.43303418159484863,
        -0.2577053904533386,
        -0.010512048378586769,
        0.9997814893722534,
        -0.018065622076392174,
        -0.08201807737350464,
        0.43290975689888,
        0.0208359956741333,
        0.9011964797973633,
        -0.024331524968147278
    ],
    [
        0.8923956155776978,
        0.001197030651383102,
        -0.451252281665802,
        -0.26638033986091614,
        -0.011434300802648067,
        0.999735414981842,
        -0.019960466772317886,
        -0.09038727730512619,
        0.45110899209976196,
        0.022972386330366135,
        0.892173171043396,
        -0.031590647995471954
    ],
    [
        0.8855834603309631,
        0.0004368517838884145,
        -0.4644801616668701,
        -0.27272650599479675,
        -0.011677046306431293,
        0.9997044801712036,
        -0.02132335864007473,
        -0.09729208052158356,
        0.46433356404304504,
        0.024307366460561752,
        0.8853267431259155,
        -0.03766920790076256
    ],
    [
        0.8765063285827637,
        -0.00028415408451110125,
        -0.481390118598938,
        -0.2816721498966217,
        -0.01224430464208126,
        0.9996631145477295,
        -0.02288428694009781,
        -0.10725092142820358,
        0.48123446106910706,
        0.02595251239836216,
        0.8762077689170837,
        -0.04620412737131119
    ],
    [
        0.8695884943008423,
        -0.000675126735586673,
        -0.49377676844596863,
        -0.2877652049064636,
        -0.012805919162929058,
        0.9996318817138672,
        -0.023919222876429558,
        -0.11482957750558853,
        0.4936111271381378,
        0.027123145759105682,
        0.8692596554756165,
        -0.05307663232088089
    ],
    [
        0.8602932691574097,
        -0.0008024576818570495,
        -0.5097988843917847,
        -0.29599031805992126,
        -0.013992843218147755,
        0.9995848536491394,
        -0.02518654800951481,
        -0.12462597340345383,
        0.5096074342727661,
        0.02880135178565979,
        0.8599247336387634,
        -0.061519473791122437
    ],
    [
        0.8509715795516968,
        -0.0006077029975131154,
        -0.5252113342285156,
        -0.30459389090538025,
        -0.015473375096917152,
        0.9995361566543579,
        -0.026227202266454697,
        -0.13408689200878143,
        0.5249837040901184,
        0.030445396900177002,
        0.8505675792694092,
        -0.07007637619972229
    ]
]