[
    [
        0.9999867081642151,
        -0.0005347822443582118,
        -0.005120572634041309,
        0.0656786635518074,
        0.0005338577902875841,
        0.9999998211860657,
        -0.00018186407396569848,
        0.002057226374745369,
        0.005120669957250357,
        0.0001791279501048848,
        0.9999868869781494,
        -0.005572861526161432
    ],
    [
        0.9999836683273315,
        -0.0005123952287249267,
        -0.005702474154531956,
        0.07686494290828705,
        0.0005132408696226776,
        0.9999998807907104,
        0.00014686067879665643,
        0.0021188713144510984,
        0.0057023982517421246,
        -0.00014978535182308406,
        0.9999837875366211,
        -0.009368117898702621
    ],
    [
        0.9999824166297913,
        -0.0005665957578457892,
        -0.0059213535860180855,
        0.08793484419584274,
        0.0005671303952112794,
        0.9999998807907104,
        8.872239413904026e-05,
        0.0023004398681223392,
        0.005921303294599056,
        -9.207960829371586e-05,
        0.999982476234436,
        -0.013142759911715984
    ],
    [
        0.9999809265136719,
        -0.0006112591363489628,
        -0.006158480886369944,
        0.09931227564811707,
        0.0006109138485044241,
        0.9999997615814209,
        -5.792740557808429e-05,
        0.0021212990395724773,
        0.00615851441398263,
        5.416458589024842e-05,
        0.9999810457229614,
        -0.01700737327337265
    ],
    [
        0.9999778270721436,
        -0.0005969179910607636,
        -0.006641520652920008,
        0.11030706763267517,
        0.0005966651951894164,
        0.9999998807907104,
        -4.005865775980055e-05,
        0.002492763800546527,
        0.0066415430046617985,
        3.609534905990586e-05,
        0.9999779462814331,
        -0.020943937823176384
    ],
    [
        0.9999734163284302,
        -0.0006188424304127693,
        -0.007276227232068777,
        0.12498550862073898,
        0.0006201245123520494,
        0.9999997019767761,
        0.00017400446813553572,
        0.002648191759362817,
        0.007276118267327547,
        -0.00017851151642389596,
        0.9999735355377197,
        -0.025823606178164482
    ],
    [
        0.9999681115150452,
        -0.0006330806645564735,
        -0.007965178228914738,
        0.1367083340883255,
        0.0006321643013507128,
        0.9999997615814209,
        -0.00011747304233722389,
        0.0027452041395008564,
        0.007965250872075558,
        0.00011243393964832649,
        0.9999682903289795,
        -0.029771646484732628
    ],
    [
        0.9999644756317139,
        -0.0006897475104779005,
        -0.008406000211834908,
        0.14819224178791046,
        0.0006870137294754386,
        0.9999997615814209,
        -0.00032805075170472264,
        0.002677920972928405,
        0.008406223729252815,
        0.00032226432813331485,
        0.9999645948410034,
        -0.033825457096099854
    ],
    [
        0.999958872795105,
        -0.0009004853782244027,
        -0.009022371843457222,
        0.1603224128484726,
        0.0008991697104647756,
        0.9999996423721313,
        -0.00014983781147748232,
        0.00288800778798759,
        0.009022503159940243,
        0.00014171921066008508,
        0.9999593496322632,
        -0.03780433535575867
    ],
    [
        0.9999549984931946,
        -0.0010525139514356852,
        -0.009422427974641323,
        0.17285284399986267,
        0.0010518778581172228,
        0.9999994039535522,
        -7.245849701575935e-05,
        0.0030195126309990883,
        0.009422499686479568,
        6.254350591916591e-05,
        0.9999556541442871,
        -0.0419265478849411
    ],
    [
        0.9999502897262573,
        -0.0009261856903322041,
        -0.009935785084962845,
        0.18879130482673645,
        0.0009243731619790196,
        0.999999463558197,
        -0.00018703867681324482,
        0.0029272763058543205,
        0.00993595365434885,
        0.00017784530064091086,
        0.999950647354126,
        -0.04728543758392334
    ],
    [
        0.9999467134475708,
        -0.0007371302344836295,
        -0.010304066352546215,
        0.20031455159187317,
        0.0007343518082052469,
        0.9999997019767761,
        -0.0002734003937803209,
        0.0029665068723261356,
        0.010304264724254608,
        0.0002658185549080372,
        0.9999468326568604,
        -0.05109440162777901
    ],
    [
        0.999941885471344,
        -0.0006174321169964969,
        -0.010773254558444023,
        0.21242639422416687,
        0.0006163808866403997,
        0.9999997615814209,
        -0.00010088429553434253,
        0.0031957265455275774,
        0.010773314163088799,
        9.423869050806388e-05,
        0.9999419450759888,
        -0.05510620027780533
    ],
    [
        0.9999369978904724,
        -0.0006808912730775774,
        -0.01120118610560894,
        0.22512836754322052,
        0.0006807735771872103,
        0.9999997615814209,
        -1.4376378203451168e-05,
        0.0033331112936139107,
        0.011201194487512112,
        6.749628937541274e-06,
        0.9999372959136963,
        -0.05928894504904747
    ],
    [
        0.9999355673789978,
        -0.0005206871428526938,
        -0.011336577124893665,
        0.23763307929039001,
        0.0005179778672754765,
        0.9999998211860657,
        -0.0002419116790406406,
        0.0030065502505749464,
        0.011336701922118664,
        0.00023602333385497332,
        0.9999357461929321,
        -0.06350904703140259
    ],
    [
        0.9999292492866516,
        -0.00047285642358474433,
        -0.011886860243976116,
        0.25438061356544495,
        0.0004685966414399445,
        0.9999998807907104,
        -0.0003611937281675637,
        0.003563233418390155,
        0.011887029744684696,
        0.0003555973235052079,
        0.9999293088912964,
        -0.06896539777517319
    ],
    [
        0.9999261498451233,
        -0.00048279232578352094,
        -0.012144655920565128,
        0.2671826183795929,
        0.00047854374861344695,
        0.9999998807907104,
        -0.0003527118533384055,
        0.0037121803034096956,
        0.012144824489951134,
        0.00034687324659898877,
        0.9999262094497681,
        -0.0731387808918953
    ],
    [
        0.9999206066131592,
        -0.0005843360559083521,
        -0.01259144302457571,
        0.2799118161201477,
        0.0005797499907203019,
        0.9999997615814209,
        -0.00036786706186831,
        0.0035440821666270494,
        0.012591655366122723,
        0.0003605378733482212,
        0.9999206066131592,
        -0.07729215919971466
    ],
    [
        0.9999147653579712,
        -0.00042372423922643065,
        -0.013053515926003456,
        0.29184216260910034,
        0.00041621082345955074,
        0.9999997615814209,
        -0.0005783562664873898,
        0.0035774600692093372,
        0.013053757138550282,
        0.0005728746764361858,
        0.9999145269393921,
        -0.08120469748973846
    ],
    [
        0.999910295009613,
        -0.0004392694099806249,
        -0.013390046544373035,
        0.30402112007141113,
        0.0004299326683394611,
        0.9999997615814209,
        -0.0007002067868597806,
        0.0038258321583271027,
        0.01339035015553236,
        0.0006943874759599566,
        0.9999101161956787,
        -0.08512842655181885
    ],
    [
        0.999900758266449,
        -0.0003995855222456157,
        -0.014082381501793861,
        0.3198707401752472,
        0.00039329149876721203,
        0.9999998211860657,
        -0.00044967210851609707,
        0.0040483311749994755,
        0.014082560315728188,
        0.00044408885878510773,
        0.9999006986618042,
        -0.09023711830377579
    ],
    [
        0.9998995661735535,
        -0.0003905601042788476,
        -0.01417458150535822,
        0.3312648832798004,
        0.0003836578980553895,
        0.9999997615814209,
        -0.0004896504106000066,
        0.0038250612560659647,
        0.01417477149516344,
        0.0004841635236516595,
        0.9998993873596191,
        -0.09391037374734879
    ],
    [
        0.9998924732208252,
        -0.00010915145685430616,
        -0.014663493260741234,
        0.34250110387802124,
        0.00010048455442301929,
        0.9999998807907104,
        -0.0005918261012993753,
        0.003830480854958296,
        0.014663554728031158,
        0.0005902889533899724,
        0.9998923540115356,
        -0.09770888835191727
    ],
    [
        0.9998863935470581,
        -7.818043377483264e-05,
        -0.01507754810154438,
        0.35352808237075806,
        7.048055704217404e-05,
        0.9999998807907104,
        -0.0005111867212690413,
        0.004450871143490076,
        0.01507758628576994,
        0.0005100651760585606,
        0.999886155128479,
        -0.10127434879541397
    ],
    [
        0.9998788833618164,
        -0.00011361718497937545,
        -0.015567189082503319,
        0.3670434355735779,
        0.00011064481805078685,
        0.9999999403953552,
        -0.00019178766524419188,
        0.0048021189868450165,
        0.01556721143424511,
        0.00019004131900146604,
        0.9998787641525269,
        -0.10541500151157379
    ]
]