[
    [
        0.9972270727157593,
        -0.009356728754937649,
        0.07382778823375702,
        0.08138042688369751,
        0.00856760609894991,
        0.9999028444290161,
        0.010998159646987915,
        -0.05537664517760277,
        -0.07392352819442749,
        -0.010335136204957962,
        0.9972103238105774,
        0.44041022658348083
    ],
    [
        0.9959387183189392,
        -0.011611093766987324,
        0.08928148448467255,
        0.09194598346948624,
        0.010583793744444847,
        0.9998723268508911,
        0.011971144936978817,
        -0.06347185373306274,
        -0.08940909057855606,
        -0.010977590456604958,
        0.9959344863891602,
        0.504785418510437
    ],
    [
        0.9939112067222595,
        -0.014942768029868603,
        0.1091664582490921,
        0.10502191632986069,
        0.013483528047800064,
        0.999809741973877,
        0.014093123376369476,
        -0.07731392979621887,
        -0.10935627669095993,
        -0.01253536157310009,
        0.9939236044883728,
        0.5941211581230164
    ],
    [
        0.9918103218078613,
        -0.01805025152862072,
        0.12643741071224213,
        0.12347143888473511,
        0.01599109172821045,
        0.9997227191925049,
        0.01728220470249653,
        -0.09478217363357544,
        -0.1267143040895462,
        -0.0151187963783741,
        0.9918240904808044,
        0.6741088032722473
    ],
    [
        0.9898123145103455,
        -0.021327590569853783,
        0.1407722532749176,
        0.15120485424995422,
        0.018858328461647034,
        0.99964439868927,
        0.018851744011044502,
        -0.10457034409046173,
        -0.14112426340579987,
        -0.016004957258701324,
        0.9898625612258911,
        0.7528446316719055
    ],
    [
        0.9883155226707458,
        -0.02331727184355259,
        0.1506277173757553,
        0.19152605533599854,
        0.020472830161452293,
        0.9995821714401245,
        0.020407352596521378,
        -0.11674033105373383,
        -0.15104061365127563,
        -0.017085131257772446,
        0.988379955291748,
        0.8333908915519714
    ],
    [
        0.9872900247573853,
        -0.024926384910941124,
        0.15696170926094055,
        0.2412407547235489,
        0.021852640435099602,
        0.9995347857475281,
        0.021278388798236847,
        -0.12931415438652039,
        -0.1574190855026245,
        -0.017577914521098137,
        0.9873753786087036,
        0.9259886145591736
    ],
    [
        0.985690712928772,
        -0.02661900594830513,
        0.16644909977912903,
        0.27851200103759766,
        0.023084748536348343,
        0.999465823173523,
        0.023132380098104477,
        -0.14296209812164307,
        -0.1669759601354599,
        -0.018958939239382744,
        0.9857786893844604,
        1.026357889175415
    ],
    [
        0.9844030737876892,
        -0.026828739792108536,
        0.1738700121641159,
        0.31876805424690247,
        0.02252863347530365,
        0.9993906021118164,
        0.026658639311790466,
        -0.16322940587997437,
        -0.17447929084300995,
        -0.022325793281197548,
        0.9844077825546265,
        1.1260709762573242
    ],
    [
        0.9831392168998718,
        -0.027999771758913994,
        0.1807021200656891,
        0.3448190689086914,
        0.022965893149375916,
        0.999289333820343,
        0.029890084639191628,
        -0.17637154459953308,
        -0.18141061067581177,
        -0.02523612789809704,
        0.9830835461616516,
        1.2067347764968872
    ],
    [
        0.9818397760391235,
        -0.02915087714791298,
        0.18745915591716766,
        0.3841015100479126,
        0.023623429238796234,
        0.9992196559906006,
        0.03165336325764656,
        -0.1847219616174698,
        -0.18823561072349548,
        -0.026650095358490944,
        0.9817622900009155,
        1.3095500469207764
    ],
    [
        0.9804597496986389,
        -0.031430572271347046,
        0.19419258832931519,
        0.42136797308921814,
        0.02543758414685726,
        0.9991223812103271,
        0.03327861428260803,
        -0.19251805543899536,
        -0.1950681209564209,
        -0.02768854983150959,
        0.9803988337516785,
        1.4072614908218384
    ],
    [
        0.9791390299797058,
        -0.03193945065140724,
        0.20066526532173157,
        0.4564014673233032,
        0.025541750714182854,
        0.9990820288658142,
        0.0343916229903698,
        -0.2008512169122696,
        -0.2015794962644577,
        -0.028548836708068848,
        0.9790559411048889,
        1.50986909866333
    ],
    [
        0.9779486656188965,
        -0.031214648857712746,
        0.20649941265583038,
        0.48862695693969727,
        0.02403169497847557,
        0.9990187287330627,
        0.037202317267656326,
        -0.21734970808029175,
        -0.207458034157753,
        -0.03141942620277405,
        0.977739155292511,
        1.6146929264068604
    ],
    [
        0.9772252440452576,
        -0.031801022589206696,
        0.20980829000473022,
        0.5257934331893921,
        0.02410763129591942,
        0.9989435076713562,
        0.03912542015314102,
        -0.23206351697444916,
        -0.21083085238933563,
        -0.03317636623978615,
        0.9769595265388489,
        1.7202306985855103
    ],
    [
        0.9771521091461182,
        -0.031836122274398804,
        0.21014319360256195,
        0.5674690008163452,
        0.0240506362169981,
        0.998930037021637,
        0.03950130194425583,
        -0.2436290979385376,
        -0.21117590367794037,
        -0.03354470431804657,
        0.9768722653388977,
        1.8269885778427124
    ],
    [
        0.9771506190299988,
        -0.03216734156012535,
        0.21009965240955353,
        0.6075704097747803,
        0.024509038776159286,
        0.9989403486251831,
        0.03895406424999237,
        -0.2534710168838501,
        -0.2111300677061081,
        -0.032914645969867706,
        0.9769037365913391,
        1.9266105890274048
    ],
    [
        0.9773043394088745,
        -0.03215562179684639,
        0.20938536524772644,
        0.6356862187385559,
        0.024664223194122314,
        0.9989621639251709,
        0.038292042911052704,
        -0.26193997263908386,
        -0.2103993445634842,
        -0.03225865215063095,
        0.9770832061767578,
        1.9976320266723633
    ],
    [
        0.977543830871582,
        -0.03176797553896904,
        0.2083241492509842,
        0.6726499199867249,
        0.02436547912657261,
        0.9989804029464722,
        0.0380045585334301,
        -0.27528828382492065,
        -0.209319069981575,
        -0.03207520395517349,
        0.977321207523346,
        2.088545560836792
    ],
    [
        0.9778425693511963,
        -0.030078379437327385,
        0.20716960728168488,
        0.7072606682777405,
        0.022491030395030975,
        0.998990535736084,
        0.03888280689716339,
        -0.29209235310554504,
        -0.20813003182411194,
        -0.033361803740262985,
        0.9775320291519165,
        2.1873605251312256
    ],
    [
        0.9779043197631836,
        -0.029245376586914062,
        0.20699730515480042,
        0.7377272844314575,
        0.02139650285243988,
        0.9989683628082275,
        0.04005594551563263,
        -0.30858489871025085,
        -0.20795519649982452,
        -0.034741856157779694,
        0.9775211811065674,
        2.2831552028656006
    ],
    [
        0.978026807308197,
        -0.028513096272945404,
        0.20651991665363312,
        0.769549548625946,
        0.020839417353272438,
        0.9990125894546509,
        0.03923800587654114,
        -0.32049915194511414,
        -0.20743480324745178,
        -0.034072063863277435,
        0.977655291557312,
        2.3839545249938965
    ],
    [
        0.9779700040817261,
        -0.028720125555992126,
        0.20676036179065704,
        0.7966092824935913,
        0.02124667912721634,
        0.9990413188934326,
        0.038276076316833496,
        -0.3300402760505676,
        -0.207661435008049,
        -0.0330398790538311,
        0.9776425957679749,
        2.4781455993652344
    ],
    [
        0.9775473475456238,
        -0.02970902808010578,
        0.20861108601093292,
        0.8197055459022522,
        0.02222556434571743,
        0.9990257024765015,
        0.03812618553638458,
        -0.34187638759613037,
        -0.20954053103923798,
        -0.03263365104794502,
        0.9772552847862244,
        2.5605361461639404
    ],
    [
        0.9773122072219849,
        -0.030319852754473686,
        0.2096223086118698,
        0.8426106572151184,
        0.022467907518148422,
        0.9989575743675232,
        0.03973851725459099,
        -0.3573894798755646,
        -0.21060864627361298,
        -0.034127164632081985,
        0.9769744873046875,
        2.6488819122314453
    ]
]