[
    [
        0.9550169706344604,
        0.02208956889808178,
        -0.29572761058807373,
        -0.7331997156143188,
        -0.013174261897802353,
        0.9993976950645447,
        0.03210596740245819,
        -0.017082329839468002,
        0.2962586581707001,
        -0.026765750721096992,
        0.9547325968742371,
        1.0237784385681152
    ],
    [
        0.9272578358650208,
        0.027570577338337898,
        -0.37340712547302246,
        -1.0269672870635986,
        -0.012527278624475002,
        0.9990113973617554,
        0.042653992772102356,
        -0.02677152492105961,
        0.37421393394470215,
        -0.03487347066402435,
        0.9266865253448486,
        1.2798168659210205
    ],
    [
        0.8931017518043518,
        0.0366373285651207,
        -0.4483602046966553,
        -1.3749423027038574,
        -0.011444908566772938,
        0.9982059597969055,
        0.05877000838518143,
        -0.01330479234457016,
        0.4497089684009552,
        -0.04735615476965904,
        0.8919188380241394,
        1.5878998041152954
    ],
    [
        0.8628559112548828,
        0.04518284276127815,
        -0.5034265518188477,
        -1.6963094472885132,
        -0.010463478043675423,
        0.9973798394203186,
        0.07158142328262329,
        -0.0036348849534988403,
        0.5053417086601257,
        -0.056496862322092056,
        0.8610679507255554,
        1.8707613945007324
    ],
    [
        0.8336818218231201,
        0.06022597476840019,
        -0.5489512085914612,
        -2.1170222759246826,
        -0.016279807314276695,
        0.996283769607544,
        0.08457943052053452,
        0.0069408118724823,
        0.5520050525665283,
        -0.0615755133330822,
        0.8315641283988953,
        2.206505537033081
    ],
    [
        0.8088638186454773,
        0.07405050098896027,
        -0.5833145976066589,
        -2.4929444789886475,
        -0.02687537670135498,
        0.9956574440002441,
        0.08912927657365799,
        0.0182916522026062,
        0.5873814821243286,
        -0.05641665682196617,
        0.8073412775993347,
        2.488060712814331
    ],
    [
        0.7808592915534973,
        0.0846913680434227,
        -0.6189396381378174,
        -2.902670383453369,
        -0.03620680794119835,
        0.9952378273010254,
        0.09050258249044418,
        0.03914672136306763,
        0.6236569285392761,
        -0.04825995862483978,
        0.780207097530365,
        2.8437113761901855
    ],
    [
        0.7484588623046875,
        0.09214483946561813,
        -0.6567484736442566,
        -3.3074851036071777,
        -0.04662330076098442,
        0.9951611161231995,
        0.08649174869060516,
        0.050577450543642044,
        0.6615402698516846,
        -0.034115735441446304,
        0.7491332292556763,
        3.1767096519470215
    ],
    [
        0.7199652194976807,
        0.0973634347319603,
        -0.6871464848518372,
        -3.7312252521514893,
        -0.058073997497558594,
        0.9950897097587585,
        0.08014898747205734,
        0.0689404308795929,
        0.6915760636329651,
        -0.01779913529753685,
        0.7220843434333801,
        3.474393129348755
    ],
    [
        0.6870682239532471,
        0.10075392574071884,
        -0.7195734977722168,
        -4.1689019203186035,
        -0.0692351758480072,
        0.994911253452301,
        0.0731988400220871,
        0.06040190905332565,
        0.7232868075370789,
        -0.00047279743012040854,
        0.6905476450920105,
        3.782745122909546
    ],
    [
        0.653711199760437,
        0.10234050452709198,
        -0.7497918605804443,
        -4.570682048797607,
        -0.073314368724823,
        0.9947172403335571,
        0.07185116410255432,
        0.061945609748363495,
        0.7531843185424805,
        0.008000624366104603,
        0.6577608585357666,
        4.105173110961914
    ],
    [
        0.6173526048660278,
        0.09898310899734497,
        -0.7804345488548279,
        -5.002960681915283,
        -0.07454350590705872,
        0.9949492812156677,
        0.06722353398799896,
        0.05162295699119568,
        0.783146858215332,
        0.016675708815455437,
        0.621613085269928,
        4.418590545654297
    ],
    [
        0.5854901075363159,
        0.09380750358104706,
        -0.8052338361740112,
        -5.460995674133301,
        -0.07141697406768799,
        0.9953890442848206,
        0.06403236091136932,
        0.04259422421455383,
        0.8075276613235474,
        0.020017046481370926,
        0.5894899964332581,
        4.711485385894775
    ],
    [
        0.5583354234695435,
        0.0879354327917099,
        -0.8249412775039673,
        -5.857390880584717,
        -0.06509986519813538,
        0.9959443211555481,
        0.06210284307599068,
        0.047205694019794464,
        0.8270571231842041,
        0.01902945339679718,
        0.5617958307266235,
        4.983102321624756
    ],
    [
        0.5271239876747131,
        0.08732469379901886,
        -0.8452897071838379,
        -6.307734966278076,
        -0.05787559226155281,
        0.9960856437683105,
        0.06681172549724579,
        0.04022891819477081,
        0.8478152751922607,
        0.013703567907214165,
        0.5301149487495422,
        5.318888187408447
    ],
    [
        0.5088626742362976,
        0.08495619893074036,
        -0.8566457033157349,
        -6.700214862823486,
        -0.05749126896262169,
        0.9962505102157593,
        0.06465046107769012,
        0.036249540746212006,
        0.8589257597923279,
        0.01635146699845791,
        0.5118383765220642,
        5.550861835479736
    ],
    [
        0.503480851650238,
        0.08224738389253616,
        -0.8600825071334839,
        -7.145346164703369,
        -0.05898430943489075,
        0.9964083433151245,
        0.06075521185994148,
        0.04086485132575035,
        0.8619906306266785,
        0.02014227956533432,
        0.5065239667892456,
        5.7539191246032715
    ],
    [
        0.5052130222320557,
        0.08264420926570892,
        -0.8590284585952759,
        -7.514346599578857,
        -0.05957767739892006,
        0.9963691234588623,
        0.060818400233983994,
        0.06541620194911957,
        0.8609356880187988,
        0.020452719181776047,
        0.5083024501800537,
        5.927665710449219
    ],
    [
        0.5105113387107849,
        0.08603859692811966,
        -0.8555556535720825,
        -7.885210037231445,
        -0.05555834248661995,
        0.9962029457092285,
        0.06703098118305206,
        0.07011871039867401,
        0.8580743074417114,
        0.013313195668160915,
        0.5133534073829651,
        6.141703128814697
    ],
    [
        0.524562656879425,
        0.08704016357660294,
        -0.8469109535217285,
        -8.202159881591797,
        -0.04959173500537872,
        0.9961950778961182,
        0.07166631519794464,
        0.07259522378444672,
        0.8499262928962708,
        0.004406205378472805,
        0.5268834233283997,
        6.334208965301514
    ],
    [
        0.5495920777320862,
        0.08886997401714325,
        -0.8306929469108582,
        -8.49345874786377,
        -0.04459270089864731,
        0.9960290789604187,
        0.07705529034137726,
        0.06600266695022583,
        0.8342422246932983,
        -0.0053061447106301785,
        0.551372766494751,
        6.525418281555176
    ],
    [
        0.5875930190086365,
        0.08520352095365524,
        -0.8046583533287048,
        -8.774430274963379,
        -0.039970558136701584,
        0.9962829351425171,
        0.07630617916584015,
        0.07555542886257172,
        0.8081688284873962,
        -0.01267433911561966,
        0.5888144969940186,
        6.737987041473389
    ],
    [
        0.626610279083252,
        0.0820201113820076,
        -0.7750045657157898,
        -9.036301612854004,
        -0.03332330659031868,
        0.996356725692749,
        0.07850347459316254,
        0.06176650524139404,
        0.7786200642585754,
        -0.02336536906659603,
        0.6270606517791748,
        6.984457969665527
    ],
    [
        0.6801217794418335,
        0.07574226707220078,
        -0.7291764616966248,
        -9.310440063476562,
        -0.028324300423264503,
        0.9966206550598145,
        0.07710393518209457,
        0.06482327729463577,
        0.7325518727302551,
        -0.03178666532039642,
        0.6799672842025757,
        7.220882415771484
    ],
    [
        0.742545485496521,
        0.0655129998922348,
        -0.666583776473999,
        -9.606592178344727,
        -0.021487107500433922,
        0.997022807598114,
        0.07405338436365128,
        0.06513644009828568,
        0.6694508194923401,
        -0.04066505283117294,
        0.7417426705360413,
        7.436677932739258
    ]
]