[
    [
        0.9999900460243225,
        0.00010430405382066965,
        -0.004481190349906683,
        0.2803206443786621,
        -9.266798588214442e-05,
        0.9999967217445374,
        0.002596767619252205,
        0.03916855901479721,
        0.00448144506663084,
        -0.002596326870843768,
        0.9999865293502808,
        -0.26816707849502563
    ],
    [
        0.9999889731407166,
        0.00033127740607596934,
        -0.004674252588301897,
        0.3247703015804291,
        -0.0003202695806976408,
        0.9999971985816956,
        0.00235545402392745,
        0.046065110713243484,
        0.00467501999810338,
        -0.0023539310786873102,
        0.9999862909317017,
        -0.31349313259124756
    ],
    [
        0.9999884366989136,
        0.0005097415996715426,
        -0.0047807334922254086,
        0.3691089451313019,
        -0.000497306464239955,
        0.9999966025352478,
        0.0026020079385489225,
        0.052119892090559006,
        0.0047820438630878925,
        -0.002599600702524185,
        0.9999852180480957,
        -0.3587912321090698
    ],
    [
        0.9999889135360718,
        0.0009599801851436496,
        -0.004606827162206173,
        0.41357725858688354,
        -0.0009442109148949385,
        0.9999938011169434,
        0.0034241541288793087,
        0.0589371919631958,
        0.004610085394233465,
        -0.0034197664353996515,
        0.999983549118042,
        -0.4038892090320587
    ],
    [
        0.9999897480010986,
        0.0010966426925733685,
        -0.004395179450511932,
        0.45948198437690735,
        -0.0010777543066069484,
        0.9999902248382568,
        0.004297433886677027,
        0.06483518332242966,
        0.004399848636239767,
        -0.004292652476578951,
        0.9999810457229614,
        -0.44982290267944336
    ],
    [
        0.9999895691871643,
        0.0011457965010777116,
        -0.004413586109876633,
        0.5055647492408752,
        -0.0011259634047746658,
        0.9999892711639404,
        0.004493613727390766,
        0.07139583677053452,
        0.004418688360601664,
        -0.0044885966926813126,
        0.9999802112579346,
        -0.4976266920566559
    ],
    [
        0.9999882578849792,
        0.0011147938203066587,
        -0.004722439218312502,
        0.5523592233657837,
        -0.001091344514861703,
        0.9999871850013733,
        0.004965242929756641,
        0.07757915556430817,
        0.004727912601083517,
        -0.0049600303173065186,
        0.9999765157699585,
        -0.5447409152984619
    ],
    [
        0.9999877214431763,
        0.0015482925809919834,
        -0.0047220694832503796,
        0.5979267954826355,
        -0.0015236224280670285,
        0.9999851584434509,
        0.005223438609391451,
        0.08427410572767258,
        0.004730086773633957,
        -0.0052161794155836105,
        0.9999752044677734,
        -0.5924159288406372
    ],
    [
        0.9999884963035583,
        0.0014715454308316112,
        -0.004572111647576094,
        0.6446905732154846,
        -0.001444396679289639,
        0.9999814033508301,
        0.005935674998909235,
        0.09058090299367905,
        0.004580760840326548,
        -0.00592900300398469,
        0.9999719858169556,
        -0.6397050023078918
    ],
    [
        0.9999883770942688,
        0.0010082605294883251,
        -0.004736718721687794,
        0.6923762559890747,
        -0.0009800295811146498,
        0.9999818205833435,
        0.00595867121592164,
        0.09692854434251785,
        0.0047426410019397736,
        -0.005953959655016661,
        0.9999710321426392,
        -0.6883019208908081
    ],
    [
        0.9999868869781494,
        0.0008415324264205992,
        -0.0050527965649962425,
        0.7392846941947937,
        -0.0008112225914373994,
        0.999981701374054,
        0.005997602362185717,
        0.10322245210409164,
        0.005057751666754484,
        -0.005993423983454704,
        0.9999692440032959,
        -0.7370744943618774
    ],
    [
        0.9999870657920837,
        0.0010497095063328743,
        -0.004995258059352636,
        0.7851734161376953,
        -0.0010208887979388237,
        0.9999828338623047,
        0.005768598057329655,
        0.10993760824203491,
        0.005001228768378496,
        -0.005763423629105091,
        0.9999709129333496,
        -0.7854001522064209
    ],
    [
        0.9999879002571106,
        0.0009976131841540337,
        -0.004822105169296265,
        0.8314709663391113,
        -0.0009675728506408632,
        0.9999802112579346,
        0.006227992475032806,
        0.11635041981935501,
        0.004828222095966339,
        -0.006223250180482864,
        0.9999688863754272,
        -0.8329974412918091
    ],
    [
        0.9999880790710449,
        0.0008745513041503727,
        -0.004814981482923031,
        0.8782963156700134,
        -0.000844866968691349,
        0.9999807476997375,
        0.006163748912513256,
        0.12277258932590485,
        0.004820278845727444,
        -0.006159607321023941,
        0.999969482421875,
        -0.8807122707366943
    ],
    [
        0.9999876022338867,
        0.0006923343171365559,
        -0.004946107976138592,
        0.923872172832489,
        -0.0006624497473239899,
        0.9999815225601196,
        0.006041273009032011,
        0.12849050760269165,
        0.0049501992762088776,
        -0.006037920713424683,
        0.999969482421875,
        -0.9292429685592651
    ],
    [
        0.9999874234199524,
        0.0007790159434080124,
        -0.004978019278496504,
        0.967551589012146,
        -0.0007520342478528619,
        0.9999850988388062,
        0.005419761873781681,
        0.13442035019397736,
        0.0049821664579212666,
        -0.005415948573499918,
        0.999972939491272,
        -0.9765793085098267
    ],
    [
        0.9999871850013733,
        0.0011396099580451846,
        -0.004940773360431194,
        1.010626196861267,
        -0.0011104580480605364,
        0.9999819397926331,
        0.005901963450014591,
        0.1396365761756897,
        0.0049475133419036865,
        -0.005896399263292551,
        0.9999702572822571,
        -1.0217347145080566
    ],
    [
        0.9999878406524658,
        0.001394142978824675,
        -0.004744412377476692,
        1.0534628629684448,
        -0.0013646254083141685,
        0.9999798536300659,
        0.006216687150299549,
        0.14557597041130066,
        0.004752970766276121,
        -0.0062101311050355434,
        0.9999693632125854,
        -1.0659658908843994
    ],
    [
        0.9999877214431763,
        0.00124836596660316,
        -0.004814526531845331,
        1.095805048942566,
        -0.0012159299803897738,
        0.999976634979248,
        0.006730987690389156,
        0.15090590715408325,
        0.004822797607630491,
        -0.006725042127072811,
        0.9999657273292542,
        -1.1100000143051147
    ],
    [
        0.9999861121177673,
        0.001640493399463594,
        -0.0050012352876365185,
        1.1362221240997314,
        -0.001604242017492652,
        0.9999725818634033,
        0.007242073304951191,
        0.15645156800746918,
        0.005012881010770798,
        -0.007233952172100544,
        0.9999611973762512,
        -1.1517964601516724
    ],
    [
        0.9999858736991882,
        0.0024580610916018486,
        -0.004699151962995529,
        1.1736336946487427,
        -0.002419066382572055,
        0.9999627470970154,
        0.008288280107080936,
        0.16113173961639404,
        0.004719445016235113,
        -0.00827679131180048,
        0.9999545812606812,
        -1.191916823387146
    ],
    [
        0.9999845027923584,
        0.003462008433416486,
        -0.004349646624177694,
        1.2094922065734863,
        -0.00341999065130949,
        0.999947726726532,
        0.009632491506636143,
        0.16610413789749146,
        0.004382718354463577,
        -0.009617461822926998,
        0.9999441504478455,
        -1.2291195392608643
    ],
    [
        0.9999845623970032,
        0.0040350547060370445,
        -0.003829361405223608,
        1.2447891235351562,
        -0.003991298843175173,
        0.9999274611473083,
        0.011365622282028198,
        0.17056791484355927,
        0.0038749019149690866,
        -0.011350168846547604,
        0.9999282360076904,
        -1.2647730112075806
    ],
    [
        0.9999838471412659,
        0.004667502827942371,
        -0.0032669557258486748,
        1.277657389640808,
        -0.004625151865184307,
        0.9999068379402161,
        0.01284871343523264,
        0.1744382530450821,
        0.0033267110120505095,
        -0.012833384796977043,
        0.9999120235443115,
        -1.2991526126861572
    ],
    [
        0.9999802112579346,
        0.005607111845165491,
        -0.002837789012119174,
        1.3074272871017456,
        -0.005566491279751062,
        0.9998847842216492,
        0.014121872372925282,
        0.17843614518642426,
        0.002916600788012147,
        -0.014105797745287418,
        0.999896228313446,
        -1.3297275304794312
    ]
]