[
    [
        0.9996770024299622,
        -0.0026229573413729668,
        -0.025277845561504364,
        -0.6145061254501343,
        0.00272730877622962,
        0.9999879598617554,
        0.004094596486538649,
        0.004317278042435646,
        0.025266800075769424,
        -0.004162214696407318,
        0.9996721744537354,
        -0.43142256140708923
    ],
    [
        0.9995726943016052,
        -0.0026735542342066765,
        -0.0291078332811594,
        -0.6500065326690674,
        0.0027963200118392706,
        0.9999874234199524,
        0.0041777328588068485,
        0.004706111736595631,
        0.029096294194459915,
        -0.00425734231248498,
        0.9995675683021545,
        -0.49130403995513916
    ],
    [
        0.9994164109230042,
        -0.0027598578017205,
        -0.03404860943555832,
        -0.6979840397834778,
        0.0029067324940115213,
        0.9999866485595703,
        0.004264922812581062,
        0.004599581938236952,
        0.03403638303279877,
        -0.0043614027090370655,
        0.9994111061096191,
        -0.5693534016609192
    ],
    [
        0.9992407560348511,
        -0.0029307908844202757,
        -0.03884897381067276,
        -0.7468644380569458,
        0.0030908086337149143,
        0.9999869465827942,
        0.004059556871652603,
        0.0039922986179590225,
        0.03883656859397888,
        -0.004176548682153225,
        0.9992369413375854,
        -0.6465545892715454
    ],
    [
        0.9990350604057312,
        -0.003115725936368108,
        -0.04381032660603523,
        -0.7957665324211121,
        0.003283020807430148,
        0.9999875426292419,
        0.0037471868563443422,
        0.0030307259876281023,
        0.04379810392856598,
        -0.003887401195243001,
        0.9990328550338745,
        -0.7225478291511536
    ],
    [
        0.9988153576850891,
        -0.0029881445225328207,
        -0.04856880009174347,
        -0.8443615436553955,
        0.0031750595662742853,
        0.9999879598617554,
        0.003771758871152997,
        0.0020377279724925756,
        0.048556942492723465,
        -0.0039215004071593285,
        0.9988127946853638,
        -0.7984016537666321
    ],
    [
        0.9985702633857727,
        -0.0032605002634227276,
        -0.05335474759340286,
        -0.8919764161109924,
        0.0034716802183538675,
        0.999986469745636,
        0.003865842940285802,
        0.0017122484277933836,
        0.053341422230005264,
        -0.004045546520501375,
        0.998568058013916,
        -0.8749874234199524
    ],
    [
        0.9983223080635071,
        -0.003542132442817092,
        -0.05779414623975754,
        -0.9376816749572754,
        0.0037815039977431297,
        0.9999847412109375,
        0.004032960627228022,
        0.0004141306271776557,
        0.0577789768576622,
        -0.0042447433806955814,
        0.9983202815055847,
        -0.950435221195221
    ],
    [
        0.9980623722076416,
        -0.0036685543600469828,
        -0.062113020569086075,
        -0.9815582036972046,
        0.003922018222510815,
        0.9999845027923584,
        0.003959251567721367,
        -0.0013182270340621471,
        0.06209762021899223,
        -0.004195188172161579,
        0.9980613589286804,
        -1.0251625776290894
    ],
    [
        0.9977850914001465,
        -0.003898174734786153,
        -0.06640554219484329,
        -1.0234014987945557,
        0.004171302542090416,
        0.9999834299087524,
        0.003974881488829851,
        -0.0028267481829971075,
        0.06638890504837036,
        -0.004243074916303158,
        0.9977847933769226,
        -1.0993291139602661
    ],
    [
        0.9975111484527588,
        -0.004031357355415821,
        -0.07039342820644379,
        -1.0634247064590454,
        0.004334126133471727,
        0.9999820590019226,
        0.004148892592638731,
        -0.003798543708398938,
        0.07037543505430222,
        -0.004443660378456116,
        0.9975106716156006,
        -1.1728112697601318
    ],
    [
        0.9972315430641174,
        -0.004053728189319372,
        -0.0742482841014862,
        -1.1032483577728271,
        0.004373874049633741,
        0.9999818801879883,
        0.004149734042584896,
        -0.004242678172886372,
        0.07423011213541031,
        -0.0044629983603954315,
        0.9972311854362488,
        -1.2449257373809814
    ],
    [
        0.9969497323036194,
        -0.004297562874853611,
        -0.07792790979146957,
        -1.1427580118179321,
        0.004631801974028349,
        0.9999808669090271,
        0.004108854103833437,
        -0.003835502080619335,
        0.0779087021946907,
        -0.00445726839825511,
        0.9969505071640015,
        -1.3158377408981323
    ],
    [
        0.9966592192649841,
        -0.004306155256927013,
        -0.08155974745750427,
        -1.1819404363632202,
        0.004663523286581039,
        0.9999803304672241,
        0.004191665910184383,
        -0.0026047886349260807,
        0.08154025673866272,
        -0.004558017943054438,
        0.9966596364974976,
        -1.3862754106521606
    ],
    [
        0.9963569641113281,
        -0.004402126185595989,
        -0.0851672813296318,
        -1.220781683921814,
        0.004786635749042034,
        0.9999792575836182,
        0.004311086144298315,
        -0.0006734043709002435,
        0.08514668792486191,
        -0.0047030458226799965,
        0.9963573813438416,
        -1.4562618732452393
    ],
    [
        0.9960234761238098,
        -0.004480200354009867,
        -0.08897780627012253,
        -1.2596694231033325,
        0.004890758544206619,
        0.9999784231185913,
        0.004396697971969843,
        0.0017432819586247206,
        0.08895603567361832,
        -0.00481438310816884,
        0.9960238337516785,
        -1.525847315788269
    ],
    [
        0.9956609010696411,
        -0.004745570011436939,
        -0.09293405711650848,
        -1.2983146905899048,
        0.005147614050656557,
        0.9999783635139465,
        0.0040868837386369705,
        0.003938884008675814,
        0.0929127112030983,
        -0.00454753777012229,
        0.9956638216972351,
        -1.5945231914520264
    ],
    [
        0.9952734708786011,
        -0.004904210101813078,
        -0.09698794782161713,
        -1.3365795612335205,
        0.005332975648343563,
        0.999977171421051,
        0.004162081982940435,
        0.005947753321379423,
        0.09696532040834427,
        -0.004659645725041628,
        0.9952768683433533,
        -1.6627780199050903
    ],
    [
        0.9948514699935913,
        -0.004835338797420263,
        -0.10122989118099213,
        -1.3747080564498901,
        0.005296611692756414,
        0.9999768137931824,
        0.004288415890187025,
        0.007714405190199614,
        0.10120681673288345,
        -0.00480251107364893,
        0.9948538541793823,
        -1.7301760911941528
    ],
    [
        0.9944162964820862,
        -0.005066554062068462,
        -0.1054060310125351,
        -1.4128601551055908,
        0.005539050791412592,
        0.999975860118866,
        0.00419037276878953,
        0.00891572330147028,
        0.10538214445114136,
        -0.004750825464725494,
        0.9944203495979309,
        -1.796030044555664
    ],
    [
        0.9939375519752502,
        -0.0051961420103907585,
        -0.10982325673103333,
        -1.4511908292770386,
        0.005679651163518429,
        0.9999755024909973,
        0.004090241622179747,
        0.009226018562912941,
        0.10979937016963959,
        -0.004689203109592199,
        0.9939427375793457,
        -1.8603647947311401
    ],
    [
        0.99346923828125,
        -0.005435939412564039,
        -0.11397180706262589,
        -1.489683985710144,
        0.005940641276538372,
        0.9999740123748779,
        0.004089119844138622,
        0.00939254555851221,
        0.11394664645195007,
        -0.004739478696137667,
        0.993475615978241,
        -1.923095464706421
    ],
    [
        0.9930062294006348,
        -0.005619700066745281,
        -0.11792871356010437,
        -1.5264564752578735,
        0.006122971419245005,
        0.9999735355377197,
        0.0039057203102856874,
        0.00901651382446289,
        0.11790356785058975,
        -0.004600478336215019,
        0.9930142760276794,
        -1.9852759838104248
    ],
    [
        0.9925065040588379,
        -0.005674891639500856,
        -0.1220599040389061,
        -1.560957908630371,
        0.006195615511387587,
        0.9999732971191406,
        0.003887014463543892,
        0.007822662591934204,
        0.12203463912010193,
        -0.004614122677594423,
        0.9925150275230408,
        -2.0470736026763916
    ],
    [
        0.992008626461029,
        -0.005802805535495281,
        -0.12603582441806793,
        -1.5946000814437866,
        0.006335915066301823,
        0.9999725818634033,
        0.0038293497636914253,
        0.00517621636390686,
        0.1260102093219757,
        -0.004597299732267857,
        0.9920182824134827,
        -2.1086642742156982
    ]
]