[
    [
        0.9998672604560852,
        -0.010751239955425262,
        0.012243450619280338,
        -0.043329931795597076,
        0.010999226942658424,
        0.9997319579124451,
        -0.020370719954371452,
        0.11593341827392578,
        -0.012021158821880817,
        0.020502682775259018,
        0.9997175335884094,
        0.09529498964548111
    ],
    [
        0.999855101108551,
        -0.011483787558972836,
        0.01257333904504776,
        -0.051066700369119644,
        0.012007834389805794,
        0.9990272521972656,
        -0.04242907837033272,
        0.20282483100891113,
        -0.012073861435055733,
        0.04257390648126602,
        0.9990203380584717,
        0.20822711288928986
    ],
    [
        0.9998406767845154,
        -0.012109638191759586,
        0.013109593652188778,
        -0.04544433578848839,
        0.012937379069626331,
        0.9978004693984985,
        -0.06501465290784836,
        0.29390785098075867,
        -0.012293454259634018,
        0.06517390161752701,
        0.9977982044219971,
        0.3265320062637329
    ],
    [
        0.9998344779014587,
        -0.012100567109882832,
        0.013586766086518764,
        -0.03764473274350166,
        0.013315681368112564,
        0.995555579662323,
        -0.09322970360517502,
        0.38399526476860046,
        -0.01239825040102005,
        0.0933951884508133,
        0.9955518841743469,
        0.4500976502895355
    ],
    [
        0.9998038411140442,
        -0.01218290627002716,
        0.015622314997017384,
        -0.03503112122416496,
        0.014089379459619522,
        0.9916236400604248,
        -0.12839055061340332,
        0.4708819091320038,
        -0.013927286490797997,
        0.12858547270298004,
        0.9916006326675415,
        0.5722915530204773
    ],
    [
        0.9997731447219849,
        -0.01193360984325409,
        0.017641499638557434,
        -0.03244619071483612,
        0.014636638574302197,
        0.9866747260093689,
        -0.16204556822776794,
        0.5491946935653687,
        -0.01547263190150261,
        0.1622670292854309,
        0.9866255521774292,
        0.6801509261131287
    ],
    [
        0.9997501969337463,
        -0.010765369050204754,
        0.019589701667428017,
        -0.032066941261291504,
        0.014495860785245895,
        0.9793633222579956,
        -0.20158718526363373,
        0.6305647492408752,
        -0.01701527088880539,
        0.20182080566883087,
        0.9792746901512146,
        0.7969862818717957
    ],
    [
        0.999729335308075,
        -0.010217102244496346,
        0.02090442180633545,
        -0.037250153720378876,
        0.01495469268411398,
        0.9704381823539734,
        -0.2408856749534607,
        0.7087555527687073,
        -0.017825298011302948,
        0.24113307893276215,
        0.9703283309936523,
        0.915388822555542
    ],
    [
        0.9997081756591797,
        -0.00935844425112009,
        0.0222708098590374,
        -0.03877648711204529,
        0.01514933630824089,
        0.9609744548797607,
        -0.2762221693992615,
        0.7788189649581909,
        -0.018816668540239334,
        0.2764788568019867,
        0.9608356952667236,
        1.0212558507919312
    ],
    [
        0.9997007846832275,
        -0.008922778069972992,
        0.02277558110654354,
        -0.037376049906015396,
        0.015477104112505913,
        0.9517521262168884,
        -0.30647730827331543,
        0.8365850448608398,
        -0.018942078575491905,
        0.30673807859420776,
        0.951605498790741,
        1.1088454723358154
    ],
    [
        0.999700665473938,
        -0.008457514457404613,
        0.022954661399126053,
        -0.03426196798682213,
        0.015621913596987724,
        0.9428042769432068,
        -0.332980751991272,
        0.8852044939994812,
        -0.018825560808181763,
        0.33323970437049866,
        0.9426541924476624,
        1.1809000968933105
    ],
    [
        0.9996997714042664,
        -0.008013333193957806,
        0.02315760962665081,
        -0.030613485723733902,
        0.015854015946388245,
        0.93209308385849,
        -0.36187177896499634,
        0.9395856857299805,
        -0.018685247749090195,
        0.36213022470474243,
        0.9319401979446411,
        1.2567439079284668
    ],
    [
        0.9996979832649231,
        -0.007480517029762268,
        0.023408498615026474,
        -0.02747267112135887,
        0.01603235863149166,
        0.9204431772232056,
        -0.3905472159385681,
        0.9953111410140991,
        -0.018624702468514442,
        0.39080455899238586,
        0.9202852249145508,
        1.330337643623352
    ],
    [
        0.999695897102356,
        -0.007049230393022299,
        0.02362888678908348,
        -0.025035884231328964,
        0.016246618703007698,
        0.9091575145721436,
        -0.41613534092903137,
        1.0473759174346924,
        -0.01854894682765007,
        0.4163927137851715,
        0.9089956283569336,
        1.395973801612854
    ],
    [
        0.999699056148529,
        -0.00576961413025856,
        0.023843327537178993,
        -0.024219773709774017,
        0.015758091583848,
        0.8959358334541321,
        -0.4439038038253784,
        1.105930209159851,
        -0.01880093850195408,
        0.44414594769477844,
        0.8957571387290955,
        1.465725302696228
    ],
    [
        0.9996948838233948,
        -0.005271857138723135,
        0.024134138599038124,
        -0.026282362639904022,
        0.01597883179783821,
        0.8830606937408447,
        -0.4689866006374359,
        1.1596043109893799,
        -0.018839478492736816,
        0.46922898292541504,
        0.882875382900238,
        1.5303179025650024
    ],
    [
        0.9996975064277649,
        -0.004521670285612345,
        0.02417515404522419,
        -0.02989308349788189,
        0.015915540978312492,
        0.8683289885520935,
        -0.4957331717014313,
        1.2173067331314087,
        -0.018750445917248726,
        0.4959679841995239,
        0.8681383728981018,
        1.6028379201889038
    ],
    [
        0.9997071027755737,
        -0.004180349875241518,
        0.023835940286517143,
        -0.03169586881995201,
        0.015965642407536507,
        0.8541260361671448,
        -0.5198208689689636,
        1.2681622505187988,
        -0.01818586327135563,
        0.5200492739677429,
        0.8539425730705261,
        1.6701931953430176
    ],
    [
        0.9997066855430603,
        -0.0032094307243824005,
        0.024007486179471016,
        -0.031437113881111145,
        0.01579141430556774,
        0.8379228711128235,
        -0.5455601215362549,
        1.3241665363311768,
        -0.018365485593676567,
        0.5457791686058044,
        0.8377277851104736,
        1.7430663108825684
    ],
    [
        0.9997093081474304,
        -0.0029437830671668053,
        0.02392599917948246,
        -0.03128886595368385,
        0.01607680693268776,
        0.8209784626960754,
        -0.5707327723503113,
        1.3810181617736816,
        -0.017962615936994553,
        0.570951521396637,
        0.8207871913909912,
        1.8143881559371948
    ],
    [
        0.9997112154960632,
        -0.002527898410335183,
        0.02389700524508953,
        -0.028988994657993317,
        0.016217438504099846,
        0.8048125505447388,
        -0.5933074951171875,
        1.4362074136734009,
        -0.017732786014676094,
        0.5935236215591431,
        0.8046210408210754,
        1.8762102127075195
    ],
    [
        0.999715268611908,
        -0.0019122514640912414,
        0.02378445491194725,
        -0.02705918624997139,
        0.01620279811322689,
        0.7861402630805969,
        -0.6178357601165771,
        1.4959137439727783,
        -0.01751646213233471,
        0.6180451512336731,
        0.785947322845459,
        1.9402024745941162
    ],
    [
        0.9997097253799438,
        -0.0009698232170194387,
        0.02407100796699524,
        -0.027809426188468933,
        0.01614774763584137,
        0.7684704065322876,
        -0.6396815776824951,
        1.5506376028060913,
        -0.017877478152513504,
        0.6398845314979553,
        0.768263041973114,
        1.9967634677886963
    ],
    [
        0.9997237920761108,
        -0.00023967892047949135,
        0.02349870651960373,
        -0.031929709017276764,
        0.01576831005513668,
        0.7482660412788391,
        -0.6632112860679626,
        1.608048677444458,
        -0.01742432825267315,
        0.6633986830711365,
        0.7480632066726685,
        2.0580995082855225
    ],
    [
        0.9997241497039795,
        0.0003522916231304407,
        0.02348516508936882,
        -0.03605608269572258,
        0.015843229368329048,
        0.728050172328949,
        -0.6853408217430115,
        1.6606223583221436,
        -0.01733981817960739,
        0.6855237483978271,
        0.7278436422348022,
        2.1196320056915283
    ]
]