[
    [
        0.9999840259552002,
        -0.001224818523041904,
        0.005528001580387354,
        -0.1455773562192917,
        0.0012290015583857894,
        0.999998927116394,
        -0.0007532741292379797,
        0.00312453368678689,
        -0.005527073051780462,
        0.0007600558456033468,
        0.9999843835830688,
        -0.021291162818670273
    ],
    [
        0.9999794960021973,
        -0.0012614951701834798,
        0.006288718897849321,
        -0.17586934566497803,
        0.0012662529479712248,
        0.999998927116394,
        -0.0007526434492319822,
        0.0033071215730160475,
        -0.006287762429565191,
        0.0007605906575918198,
        0.9999799728393555,
        -0.026803117245435715
    ],
    [
        0.9999749064445496,
        -0.0013869254617020488,
        0.00695501733571291,
        -0.20735816657543182,
        0.0013915885938331485,
        0.9999988079071045,
        -0.0006655922043137252,
        0.003482050495222211,
        -0.006954085547477007,
        0.0006752538029104471,
        0.9999755620956421,
        -0.03255031630396843
    ],
    [
        0.999967634677887,
        -0.0014710002578794956,
        0.00790435541421175,
        -0.2402942031621933,
        0.0014776637544855475,
        0.9999985694885254,
        -0.0008372731390409172,
        0.003351785708218813,
        -0.007903113029897213,
        0.0008489259635098279,
        0.999968409538269,
        -0.038907479494810104
    ],
    [
        0.9999607801437378,
        -0.0014225642662495375,
        0.00874369964003563,
        -0.27490898966789246,
        0.0014295806176960468,
        0.9999986290931702,
        -0.0007962873787619174,
        0.0033989979419857264,
        -0.008742555975914001,
        0.0008087566238828003,
        0.9999614953994751,
        -0.04522988572716713
    ],
    [
        0.9999545216560364,
        -0.0013641297118738294,
        0.009443269111216068,
        -0.3101217746734619,
        0.0013671935303136706,
        0.9999990463256836,
        -0.0003180556814186275,
        0.00330539932474494,
        -0.009442825801670551,
        0.0003309513267595321,
        0.9999552965164185,
        -0.0515909269452095
    ],
    [
        0.9999470114707947,
        -0.0014806665712967515,
        0.010189847089350224,
        -0.34305882453918457,
        0.0014839493669569492,
        0.9999988079071045,
        -0.0003145674418192357,
        0.0031369845382869244,
        -0.010189369320869446,
        0.0003296715149190277,
        0.9999480247497559,
        -0.05774194374680519
    ],
    [
        0.9999374747276306,
        -0.0015475901309400797,
        0.011077649891376495,
        -0.37808939814567566,
        0.0015512688551098108,
        0.9999986886978149,
        -0.0003235118347220123,
        0.003075488144531846,
        -0.011077134869992733,
        0.00034067616797983646,
        0.9999386072158813,
        -0.06391937285661697
    ],
    [
        0.9999272227287292,
        -0.0018455953104421496,
        0.011925743892788887,
        -0.4149090647697449,
        0.001846324885264039,
        0.9999983310699463,
        -5.009185406379402e-05,
        0.0030590342357754707,
        -0.011925632134079933,
        7.210613694041967e-05,
        0.9999288320541382,
        -0.07077755779027939
    ],
    [
        0.9999138116836548,
        -0.002063083928078413,
        0.01296403631567955,
        -0.45410943031311035,
        0.0020674942061305046,
        0.9999978542327881,
        -0.0003267791180405766,
        0.003233320312574506,
        -0.01296333409845829,
        0.0003535539435688406,
        0.9999159574508667,
        -0.07799199968576431
    ],
    [
        0.9999001026153564,
        -0.002016032813116908,
        0.01399045716971159,
        -0.495714008808136,
        0.0020186910405755043,
        0.9999979138374329,
        -0.00017594516975805163,
        0.002569295698776841,
        -0.013990072533488274,
        0.00020416984625626355,
        0.9999021291732788,
        -0.08584368228912354
    ],
    [
        0.9998812079429626,
        -0.0015565375797450542,
        0.015335030853748322,
        -0.539656937122345,
        0.0015544515335932374,
        0.9999988079071045,
        0.00014791314606554806,
        0.0027932520024478436,
        -0.01533524226397276,
        -0.00012405787128955126,
        0.9998824596405029,
        -0.0930248349905014
    ],
    [
        0.9998627305030823,
        -0.0009412402287125587,
        0.01654822565615177,
        -0.5951374769210815,
        0.0009262539679184556,
        0.9999991655349731,
        0.0009132452541962266,
        0.002495010383427143,
        -0.016549071297049522,
        -0.0008977926336228848,
        0.999862551689148,
        -0.10290864109992981
    ],
    [
        0.9998396635055542,
        -0.0009382496355101466,
        0.017881639301776886,
        -0.6405301094055176,
        0.000914824428036809,
        0.9999987483024597,
        0.0013181159738451242,
        0.0019363051978871226,
        -0.017882851883769035,
        -0.0013015461154282093,
        0.9998393058776855,
        -0.11070415377616882
    ],
    [
        0.9998211860656738,
        -0.0011274677235633135,
        0.018876563757658005,
        -0.6847227811813354,
        0.0010937742190435529,
        0.9999977946281433,
        0.0017951785121113062,
        0.00193250912707299,
        -0.018878543749451637,
        -0.0017742111813277006,
        0.9998201727867126,
        -0.11849837750196457
    ],
    [
        0.9997996091842651,
        -0.0011748506221920252,
        0.019986281171441078,
        -0.7271322011947632,
        0.0011301125632598996,
        0.9999969005584717,
        0.0022495619487017393,
        0.0019726131577044725,
        -0.019988859072327614,
        -0.002226523356512189,
        0.9997977614402771,
        -0.1259182095527649
    ],
    [
        0.9997714757919312,
        -0.0013347930507734418,
        0.02133130468428135,
        -0.7668097019195557,
        0.0012832058127969503,
        0.9999961853027344,
        0.0024318788200616837,
        0.0017353269504383206,
        -0.021334471181035042,
        -0.0024039519485086203,
        0.9997695088386536,
        -0.13269001245498657
    ],
    [
        0.9997446537017822,
        -0.0013728595804423094,
        0.022556636482477188,
        -0.8071802258491516,
        0.0013119425857439637,
        0.9999954700469971,
        0.002715176669880748,
        0.0016148413997143507,
        -0.02256026305258274,
        -0.0026848907582461834,
        0.9997419714927673,
        -0.1398072987794876
    ],
    [
        0.9997137784957886,
        -0.0014286728110164404,
        0.023879701271653175,
        -0.8514315485954285,
        0.0013645581202581525,
        0.9999954104423523,
        0.0027009909972548485,
        0.0013280145358294249,
        -0.023883448913693428,
        -0.002667633816599846,
        0.9997112154960632,
        -0.14716385304927826
    ],
    [
        0.9996771216392517,
        -0.0013996190391480923,
        0.025366943329572678,
        -0.9011898636817932,
        0.0013290606439113617,
        0.999995231628418,
        0.002798187779262662,
        0.0012623901711776853,
        -0.025370735675096512,
        -0.0027635698206722736,
        0.9996743202209473,
        -0.15457488596439362
    ],
    [
        0.9996433258056641,
        -0.0013507034163922071,
        0.026673629879951477,
        -0.9523287415504456,
        0.0012621155474334955,
        0.999993622303009,
        0.0033377567306160927,
        0.001070868456736207,
        -0.026677967980504036,
        -0.0033029010519385338,
        0.999638557434082,
        -0.163499653339386
    ],
    [
        0.999600887298584,
        -0.0013545355759561062,
        0.028220945969223976,
        -1.0060570240020752,
        0.001258633565157652,
        0.9999934434890747,
        0.0034157223999500275,
        0.0011050577741116285,
        -0.0282253697514534,
        -0.003378838300704956,
        0.9995957612991333,
        -0.1718638837337494
    ],
    [
        0.999557375907898,
        -0.0012921170564368367,
        0.029721518978476524,
        -1.0600829124450684,
        0.0011780830100178719,
        0.9999918937683105,
        0.003853938076645136,
        0.0010875819716602564,
        -0.02972625568509102,
        -0.0038172188214957714,
        0.9995507597923279,
        -0.18044762313365936
    ],
    [
        0.9995130300521851,
        -0.001302140299230814,
        0.031176436692476273,
        -1.1129508018493652,
        0.001181963598355651,
        0.9999918937683105,
        0.003872834611684084,
        0.0016951494617387652,
        -0.031181227415800095,
        -0.0038340988103300333,
        0.999506413936615,
        -0.18872854113578796
    ],
    [
        0.9994664788246155,
        -0.0018076632404699922,
        0.032613057643175125,
        -1.1730425357818604,
        0.0016992023447528481,
        0.9999929070472717,
        0.0033531023655086756,
        0.0026041087694466114,
        -0.03261886164546013,
        -0.0032958979718387127,
        0.999462366104126,
        -0.19814516603946686
    ]
]