[
    [
        0.9999766945838928,
        0.0019221933325752616,
        -0.0065652308985590935,
        0.0015576204750686884,
        -0.001940626767463982,
        0.999994158744812,
        -0.0028025696519762278,
        -0.0031914561986923218,
        0.006559805013239384,
        0.0028152449522167444,
        0.9999744892120361,
        -0.06828606873750687
    ],
    [
        0.9999755620956421,
        0.0018209852278232574,
        -0.006756659131497145,
        -0.006420184392482042,
        -0.0018387631280347705,
        0.9999948740005493,
        -0.002625897526741028,
        -0.028510652482509613,
        0.006751843262463808,
        0.002638257807120681,
        0.9999737739562988,
        -0.060805995017290115
    ],
    [
        0.9999752044677734,
        0.001806633430533111,
        -0.006805785465985537,
        -0.014137466438114643,
        -0.0018237775657325983,
        0.9999951720237732,
        -0.0025137453339993954,
        -0.05507691577076912,
        0.006801211275160313,
        0.0025260960683226585,
        0.9999737739562988,
        -0.053191013634204865
    ],
    [
        0.9999737739562988,
        0.002035238780081272,
        -0.006950578652322292,
        -0.021021012216806412,
        -0.002052290365099907,
        0.9999949336051941,
        -0.002447128528729081,
        -0.08382433652877808,
        0.006945563014596701,
        0.0024613295681774616,
        0.9999728202819824,
        -0.04484814032912254
    ],
    [
        0.9999741911888123,
        0.002192940330132842,
        -0.0068433331325650215,
        -0.027251068502664566,
        -0.002208662685006857,
        0.9999949336051941,
        -0.0022907834500074387,
        -0.11408787965774536,
        0.0068382746540009975,
        0.0023058385122567415,
        0.9999740123748779,
        -0.036259375512599945
    ],
    [
        0.9999722838401794,
        0.00236802501603961,
        -0.007062782999128103,
        -0.03199264034628868,
        -0.0023839003406465054,
        0.999994695186615,
        -0.0022401565220206976,
        -0.14611347019672394,
        0.0070574404671788216,
        0.0022569310385733843,
        0.9999725818634033,
        -0.02681153081357479
    ],
    [
        0.9999714493751526,
        0.00250322837382555,
        -0.007134194485843182,
        -0.035149797797203064,
        -0.0025193262845277786,
        0.9999943375587463,
        -0.0022483677603304386,
        -0.18017278611660004,
        0.0071285259909927845,
        0.0022662768606096506,
        0.9999719858169556,
        -0.01623189076781273
    ],
    [
        0.9999691247940063,
        0.0026123456191271544,
        -0.007419063244014978,
        -0.03643622249364853,
        -0.002629450522363186,
        0.9999938607215881,
        -0.002296646824106574,
        -0.21583020687103271,
        0.007413018494844437,
        0.0023160839919000864,
        0.9999698400497437,
        -0.004356407094746828
    ],
    [
        0.9999671578407288,
        0.0027693978045135736,
        -0.007621393539011478,
        -0.03590957820415497,
        -0.002787519944831729,
        0.9999932646751404,
        -0.002368211979046464,
        -0.2529371976852417,
        0.007614784874022007,
        0.002389378845691681,
        0.9999681711196899,
        0.008505645208060741
    ],
    [
        0.9999631643295288,
        0.0028407261706888676,
        -0.008099619299173355,
        -0.03457745537161827,
        -0.0028568683192133904,
        0.9999938607215881,
        -0.0019821426831185818,
        -0.29096221923828125,
        0.008093939162790775,
        0.0020052085164934397,
        0.9999653100967407,
        0.022520937025547028
    ],
    [
        0.9999593496322632,
        0.003036156063899398,
        -0.008489260450005531,
        -0.032753657549619675,
        -0.0030503342859447002,
        0.9999939799308777,
        -0.0016576844500377774,
        -0.3302780091762543,
        0.00848417729139328,
        0.001683511771261692,
        0.9999626874923706,
        0.03736443072557449
    ],
    [
        0.9999549984931946,
        0.003301547607406974,
        -0.008906165137887001,
        -0.03030199557542801,
        -0.0033145728521049023,
        0.9999934434890747,
        -0.0014480550307780504,
        -0.3705841302871704,
        0.008901325985789299,
        0.0014775097370147705,
        0.9999592304229736,
        0.05352845788002014
    ],
    [
        0.9999516606330872,
        0.003707242663949728,
        -0.00910950917750597,
        -0.027846110984683037,
        -0.00371922692283988,
        0.9999921917915344,
        -0.0012989751994609833,
        -0.41154745221138,
        0.009104621596634388,
        0.0013327922206372023,
        0.9999575614929199,
        0.07037357240915298
    ],
    [
        0.9999483227729797,
        0.004140419419854879,
        -0.009286750108003616,
        -0.0252732802182436,
        -0.004147079307585955,
        0.9999911189079285,
        -0.0006980512989684939,
        -0.453490287065506,
        0.009283777326345444,
        0.000736527843400836,
        0.9999567270278931,
        0.08871300518512726
    ],
    [
        0.9999446868896484,
        0.004557718522846699,
        -0.009485181421041489,
        -0.022952282801270485,
        -0.004556899890303612,
        0.9999896287918091,
        0.00010801800817716867,
        -0.4959371089935303,
        0.009485574439167976,
        -6.478901923401281e-05,
        0.9999550580978394,
        0.10815085470676422
    ],
    [
        0.9999421834945679,
        0.004688195884227753,
        -0.009684019722044468,
        -0.02101760543882847,
        -0.004678303375840187,
        0.9999886155128479,
        0.0010439082980155945,
        -0.5385598540306091,
        0.009688802063465118,
        -0.0009985438082367182,
        0.9999525547027588,
        0.1290162354707718
    ],
    [
        0.9999402165412903,
        0.0046575674787163734,
        -0.0099020479246974,
        -0.019896354526281357,
        -0.00463891914114356,
        0.9999874234199524,
        0.0019054027507081628,
        -0.5819287300109863,
        0.009910798631608486,
        -0.001859353855252266,
        0.9999490976333618,
        0.151145800948143
    ],
    [
        0.9999374747276306,
        0.004755894187837839,
        -0.010129597038030624,
        -0.01859886199235916,
        -0.004732236266136169,
        0.9999861121177673,
        0.002358296187594533,
        -0.6260030269622803,
        0.010140671394765377,
        -0.0023102127015590668,
        0.999945878982544,
        0.1754915863275528
    ],
    [
        0.999935507774353,
        0.004759484902024269,
        -0.010316789150238037,
        -0.018073029816150665,
        -0.0047324346378445625,
        0.99998539686203,
        0.0026447384152561426,
        -0.6708833575248718,
        0.010329225100576878,
        -0.002595745027065277,
        0.9999432563781738,
        0.2013956904411316
    ],
    [
        0.9999340176582336,
        0.004665548913180828,
        -0.010499857366085052,
        -0.017461299896240234,
        -0.0046365526504814625,
        0.9999853372573853,
        0.002784161828458309,
        -0.7165215015411377,
        0.010512694716453552,
        -0.0027352951001375914,
        0.9999409914016724,
        0.2290177196264267
    ],
    [
        0.9999326467514038,
        0.004667888395488262,
        -0.01062705647200346,
        -0.01694190502166748,
        -0.004635169170796871,
        0.9999844431877136,
        0.0031014522537589073,
        -0.7628092765808105,
        0.010641368106007576,
        -0.0030519848223775625,
        0.9999387264251709,
        0.25763076543807983
    ],
    [
        0.9999290704727173,
        0.004703815095126629,
        -0.01094877440482378,
        -0.01619327999651432,
        -0.0046645235270261765,
        0.9999825954437256,
        0.003611376043409109,
        -0.8099383115768433,
        0.010965568944811821,
        -0.003560048760846257,
        0.9999334812164307,
        0.2875331938266754
    ],
    [
        0.999925434589386,
        0.004917802754789591,
        -0.011173633858561516,
        -0.015197617001831532,
        -0.004874660633504391,
        0.9999805688858032,
        0.003884927136823535,
        -0.8581048846244812,
        0.011192522943019867,
        -0.0038301697932183743,
        0.9999300241470337,
        0.3187882900238037
    ],
    [
        0.9999250769615173,
        0.0049836779944598675,
        -0.011189332231879234,
        -0.014191427268087864,
        -0.004939024802297354,
        0.9999797940254211,
        0.004014871083199978,
        -0.9080852270126343,
        0.011209113523364067,
        -0.003959306515753269,
        0.9999294281005859,
        0.3514287769794464
    ],
    [
        0.9999204874038696,
        0.005288790445774794,
        -0.011454296298325062,
        -0.012906496413052082,
        -0.0052434043027460575,
        0.999978244304657,
        0.003988718613982201,
        -0.9581794738769531,
        0.01147514395415783,
        -0.003928343299776316,
        0.9999264478683472,
        0.3849695026874542
    ]
]