[
    [
        0.9979156851768494,
        -0.03620752692222595,
        0.05341748520731926,
        0.20921292901039124,
        0.03602977842092514,
        0.9993414282798767,
        0.004287073854357004,
        0.054100777953863144,
        -0.053537532687187195,
        -0.002353517571464181,
        0.9985631108283997,
        -0.142787367105484
    ],
    [
        0.9977895617485046,
        -0.036207642406225204,
        0.05572184547781944,
        0.2124539166688919,
        0.03602852672338486,
        0.9993419051170349,
        0.004216011613607407,
        0.0543263740837574,
        -0.055837828665971756,
        -0.002199116162955761,
        0.9984374642372131,
        -0.14365850389003754
    ],
    [
        0.9976539015769958,
        -0.03644474968314171,
        0.057952653616666794,
        0.21603968739509583,
        0.03623621165752411,
        0.9993324875831604,
        0.004645526874810457,
        0.05358379706740379,
        -0.058083273470401764,
        -0.002534643281251192,
        0.998308539390564,
        -0.1440967619419098
    ],
    [
        0.9975050687789917,
        -0.03657906875014305,
        0.06037891283631325,
        0.21934153139591217,
        0.0363621786236763,
        0.9993276596069336,
        0.0046873874962329865,
        0.05375941842794418,
        -0.060509778559207916,
        -0.0024801837280392647,
        0.9981644749641418,
        -0.14505158364772797
    ],
    [
        0.997186005115509,
        -0.037267304956912994,
        0.06504747271537781,
        0.22594942152500153,
        0.03703506663441658,
        0.9993025660514832,
        0.0047728633508086205,
        0.053900185972452164,
        -0.0651799738407135,
        -0.002350395545363426,
        0.997870683670044,
        -0.1472214311361313
    ],
    [
        0.997017502784729,
        -0.03760235384106636,
        0.06739471852779388,
        0.22917579114437103,
        0.03735572472214699,
        0.9992899298667908,
        0.0049163843505084515,
        0.053874533623456955,
        -0.06753174215555191,
        -0.002384142717346549,
        0.9977142810821533,
        -0.14803238213062286
    ],
    [
        0.9968621134757996,
        -0.037840258330106735,
        0.06952718645334244,
        0.23257975280284882,
        0.037590086460113525,
        0.9992811679840088,
        0.004903544206172228,
        0.054677218198776245,
        -0.06966276466846466,
        -0.002274624304845929,
        0.9975679516792297,
        -0.1490262746810913
    ],
    [
        0.9966946840286255,
        -0.03836902603507042,
        0.07160651683807373,
        0.2361263632774353,
        0.03809986263513565,
        0.9992607831954956,
        0.0051214806735515594,
        0.054531194269657135,
        -0.07175008207559586,
        -0.0023763542994856834,
        0.9974197149276733,
        -0.15040430426597595
    ],
    [
        0.9963552951812744,
        -0.038962170481681824,
        0.07588139176368713,
        0.2432275414466858,
        0.038681838661432266,
        0.9992381930351257,
        0.0051611680537462234,
        0.05583387613296509,
        -0.07602468132972717,
        -0.0022071264684200287,
        0.9971035122871399,
        -0.15285326540470123
    ],
    [
        0.9961727857589722,
        -0.039278704673051834,
        0.07808190584182739,
        0.2471405267715454,
        0.03899369761347771,
        0.9992260336875916,
        0.005171958822757006,
        0.05609329044818878,
        -0.07822461426258087,
        -0.0021074628457427025,
        0.9969335794448853,
        -0.15378054976463318
    ],
    [
        0.9959753751754761,
        -0.03992736339569092,
        0.08024248480796814,
        0.25085878372192383,
        0.03961850702762604,
        0.9992000460624695,
        0.0054380930960178375,
        0.05619724839925766,
        -0.08039543032646179,
        -0.00223711971193552,
        0.9967605471611023,
        -0.15492258965969086
    ],
    [
        0.9957872629165649,
        -0.03996989130973816,
        0.08252391219139099,
        0.2543543875217438,
        0.039655402302742004,
        0.9991986155509949,
        0.005447071976959705,
        0.05665353685617447,
        -0.08267548680305481,
        -0.0021516059059649706,
        0.9965741634368896,
        -0.15618836879730225
    ],
    [
        0.9953667521476746,
        -0.04067552462220192,
        0.08712337911128998,
        0.2613927721977234,
        0.04033398628234863,
        0.9991701245307922,
        0.005677714478224516,
        0.05691816285252571,
        -0.08728202432394028,
        -0.0021373748313635588,
        0.9961813688278198,
        -0.15854793787002563
    ],
    [
        0.9951638579368591,
        -0.04073506221175194,
        0.08938446640968323,
        0.26481273770332336,
        0.040386464446783066,
        0.999167799949646,
        0.0057058376260101795,
        0.05743219330906868,
        -0.08954251557588577,
        -0.0020683216862380505,
        0.9959808588027954,
        -0.16025131940841675
    ],
    [
        0.9949623346328735,
        -0.04110792279243469,
        0.09143292158842087,
        0.2683378756046295,
        0.04074999690055847,
        0.9991527199745178,
        0.0057788752019405365,
        0.05794462934136391,
        -0.09159300476312637,
        -0.00202387198805809,
        0.995794415473938,
        -0.161191925406456
    ],
    [
        0.9947462677955627,
        -0.04134185612201691,
        0.09365204721689224,
        0.2722022831439972,
        0.04097515717148781,
        0.999143123626709,
        0.005835939198732376,
        0.05838768556714058,
        -0.09381306916475296,
        -0.001967871794477105,
        0.995587944984436,
        -0.163045734167099
    ],
    [
        0.9942652583122253,
        -0.04193176329135895,
        0.09837834537029266,
        0.2793402075767517,
        0.0415324941277504,
        0.9991185069084167,
        0.006103793624788523,
        0.05877247080206871,
        -0.0985475704073906,
        -0.001982892630621791,
        0.9951303005218506,
        -0.16559958457946777
    ],
    [
        0.9940086603164673,
        -0.042256735265254974,
        0.10080257803201675,
        0.2829825282096863,
        0.04184000939130783,
        0.9991047978401184,
        0.0062456317245960236,
        0.05923841521143913,
        -0.10097625851631165,
        -0.001990632386878133,
        0.9948869347572327,
        -0.16722369194030762
    ],
    [
        0.9937121868133545,
        -0.042799677699804306,
        0.10346163809299469,
        0.2861812114715576,
        0.042362213134765625,
        0.9990816712379456,
        0.0064229355193674564,
        0.05940054729580879,
        -0.10364151000976562,
        -0.0019996853079646826,
        0.9946126937866211,
        -0.16894325613975525
    ],
    [
        0.993439793586731,
        -0.04305793344974518,
        0.10594099760055542,
        0.2901267409324646,
        0.042601872235536575,
        0.9990704655647278,
        0.00656518479809165,
        0.05915217474102974,
        -0.10612522065639496,
        -0.0020088315941393375,
        0.9943506717681885,
        -0.16898036003112793
    ],
    [
        0.9928238987922668,
        -0.044019632041454315,
        0.11118924617767334,
        0.2968713045120239,
        0.04356000944972038,
        0.999029278755188,
        0.006560718175023794,
        0.061125628650188446,
        -0.11137010902166367,
        -0.0016702330904081464,
        0.9937776327133179,
        -0.17280468344688416
    ],
    [
        0.9925457835197449,
        -0.043942809104919434,
        0.11367427557706833,
        0.3003464937210083,
        0.04345143958926201,
        0.9990323185920715,
        0.006797943729907274,
        0.06067043915390968,
        -0.1138630136847496,
        -0.001807959983125329,
        0.9934948086738586,
        -0.17310546338558197
    ],
    [
        0.9922541379928589,
        -0.04408431798219681,
        0.1161394715309143,
        0.3037135601043701,
        0.04358777403831482,
        0.9990264773368835,
        0.00681292312219739,
        0.06025882810354233,
        -0.11632673442363739,
        -0.001697889412753284,
        0.9932096600532532,
        -0.17402394115924835
    ],
    [
        0.9919335842132568,
        -0.04424306005239487,
        0.11878672987222672,
        0.30664587020874023,
        0.0437408946454525,
        0.9990195631980896,
        0.006832571234554052,
        0.06105508655309677,
        -0.11897255480289459,
        -0.001581619493663311,
        0.9928963780403137,
        -0.1748603880405426
    ],
    [
        0.9913305044174194,
        -0.04439577832818031,
        0.12366395443677902,
        0.31341710686683655,
        0.04387872293591499,
        0.9990130066871643,
        0.006902940571308136,
        0.06125621870160103,
        -0.12384836375713348,
        -0.001416880520991981,
        0.9923001527786255,
        -0.17760196328163147
    ]
]