[
    [
        0.9908484816551208,
        0.02372569963335991,
        -0.13287757337093353,
        0.032945673912763596,
        -0.02667178027331829,
        0.999435305595398,
        -0.020435281097888947,
        0.017941845580935478,
        0.1323177069425583,
        0.02379235066473484,
        0.990921676158905,
        0.24444463849067688
    ],
    [
        0.9878961443901062,
        0.027598604559898376,
        -0.15264159440994263,
        0.03746204823255539,
        -0.03107907809317112,
        0.9993074536323547,
        -0.0204623993486166,
        0.01461111381649971,
        0.15197114646434784,
        0.024958685040473938,
        0.9880697131156921,
        0.27858996391296387
    ],
    [
        0.9845234155654907,
        0.030705144628882408,
        -0.17254199087619781,
        0.04286893457174301,
        -0.03465644642710686,
        0.9992004036903381,
        -0.019934214651584625,
        0.0071519287303090096,
        0.1717919409275055,
        0.025605399161577225,
        0.9848004579544067,
        0.3136535584926605
    ],
    [
        0.9792997241020203,
        0.035638343542814255,
        -0.19925320148468018,
        0.047784045338630676,
        -0.04032314568758011,
        0.9989963173866272,
        -0.01950220949947834,
        -0.0014531908091157675,
        0.1983581930398941,
        0.027133025228977203,
        0.9797540307044983,
        0.3607037663459778
    ],
    [
        0.9749679565429688,
        0.03903895244002342,
        -0.21889165043830872,
        0.0484328530728817,
        -0.04436934366822243,
        0.9988250732421875,
        -0.019487254321575165,
        -0.00543594965711236,
        0.2178736925125122,
        0.028711527585983276,
        0.9755545258522034,
        0.39620640873908997
    ],
    [
        0.9685123562812805,
        0.04349727928638458,
        -0.24513626098632812,
        0.049975402653217316,
        -0.049461930990219116,
        0.998609721660614,
        -0.018225327134132385,
        -0.011085445992648602,
        0.24400269985198975,
        0.02977636642754078,
        0.9693173170089722,
        0.4439879357814789
    ],
    [
        0.9636389017105103,
        0.04689592123031616,
        -0.26306048035621643,
        0.04683505743741989,
        -0.05327114090323448,
        0.9984327554702759,
        -0.017150895670056343,
        -0.013758131302893162,
        0.26184386014938354,
        0.03054080158472061,
        0.9646268486976624,
        0.48083391785621643
    ],
    [
        0.9587184190750122,
        0.04990061745047569,
        -0.27994462847709656,
        0.04282135143876076,
        -0.05659785494208336,
        0.9982706904411316,
        -0.01588558591902256,
        -0.01666094735264778,
        0.2786678373813629,
        0.03107406757771969,
        0.9598847031593323,
        0.5180615186691284
    ],
    [
        0.951787531375885,
        0.05423690751194954,
        -0.3019254505634308,
        0.032483361661434174,
        -0.0611443817615509,
        0.998038113117218,
        -0.013466771692037582,
        -0.020274315029382706,
        0.30060267448425293,
        0.031278546899557114,
        0.9532364010810852,
        0.5726515054702759
    ],
    [
        0.9463896155357361,
        0.05733247101306915,
        -0.3178988993167877,
        0.020967422053217888,
        -0.06429146975278854,
        0.997865617275238,
        -0.01143343560397625,
        -0.022666102275252342,
        0.3165648877620697,
        0.03125867247581482,
        0.9480558037757874,
        0.6130618453025818
    ],
    [
        0.9387267827987671,
        0.06118278205394745,
        -0.3391881287097931,
        0.006578662432730198,
        -0.06829611957073212,
        0.9976239204406738,
        -0.009062805213034153,
        -0.025912737473845482,
        0.33782774209976196,
        0.031672731041908264,
        0.9406748414039612,
        0.6647230982780457
    ],
    [
        0.9327306151390076,
        0.06400315463542938,
        -0.35484832525253296,
        -0.005597109906375408,
        -0.0711083635687828,
        0.9974439740180969,
        -0.007004056591540575,
        -0.02724461257457733,
        0.35349300503730774,
        0.03176558017730713,
        0.9348977208137512,
        0.7034751772880554
    ],
    [
        0.9247497320175171,
        0.06554537266492844,
        -0.3748888671398163,
        -0.02250532992184162,
        -0.07275403290987015,
        0.9973369836807251,
        -0.005090705119073391,
        -0.027824178338050842,
        0.37355685234069824,
        0.03198230639100075,
        0.9270557761192322,
        0.7536560893058777
    ],
    [
        0.9188168048858643,
        0.06580591201782227,
        -0.3891597390174866,
        -0.03597630560398102,
        -0.07311318814754486,
        0.9973156452178955,
        -0.00397871108725667,
        -0.02828644961118698,
        0.38785332441329956,
        0.03210841864347458,
        0.9211617112159729,
        0.7916754484176636
    ],
    [
        0.9126077890396118,
        0.06558138877153397,
        -0.4035419523715973,
        -0.049137942492961884,
        -0.07302210479974747,
        0.997325599193573,
        -0.0030592400580644608,
        -0.028934642672538757,
        0.4022620916366577,
        0.032259367406368256,
        0.9149561524391174,
        0.8316224813461304
    ],
    [
        0.9045364260673523,
        0.06454101949930191,
        -0.42148348689079285,
        -0.06757917255163193,
        -0.07198543846607208,
        0.997404158115387,
        -0.0017556380480527878,
        -0.032556235790252686,
        0.42027610540390015,
        0.031928714364767075,
        0.9068343639373779,
        0.8864935040473938
    ],
    [
        0.8999297022819519,
        0.06259308755397797,
        -0.4315187335014343,
        -0.08035283535718918,
        -0.07030270248651505,
        0.9975239038467407,
        -0.001922065974213183,
        -0.03645625337958336,
        0.43032994866371155,
        0.03206665813922882,
        0.9021019339561462,
        0.9287205338478088
    ],
    [
        0.8944336771965027,
        0.06029292568564415,
        -0.44311755895614624,
        -0.09791183471679688,
        -0.06785909831523895,
        0.9976940751075745,
        -0.0012221288634464145,
        -0.041945021599531174,
        0.4420221149921417,
        0.031162666156888008,
        0.8964627385139465,
        0.9830864071846008
    ],
    [
        0.8903201818466187,
        0.05866989865899086,
        -0.4515393078327179,
        -0.11270176619291306,
        -0.06633636355400085,
        0.9977966547012329,
        -0.0011515624355524778,
        -0.04609719663858414,
        0.45047685503959656,
        0.03097873367369175,
        0.8922504782676697,
        1.0226149559020996
    ],
    [
        0.8866540193557739,
        0.058210574090480804,
        -0.45875516533851624,
        -0.12963837385177612,
        -0.06591954082250595,
        0.9978247284889221,
        -0.0007931923610158265,
        -0.04938207566738129,
        0.45771101117134094,
        0.03094421699643135,
        0.8885623812675476,
        1.0640305280685425
    ],
    [
        0.8829418420791626,
        0.059144292026758194,
        -0.46574220061302185,
        -0.1568080186843872,
        -0.06660521030426025,
        0.9977793097496033,
        0.00043893069960176945,
        -0.05254422128200531,
        0.4647338390350342,
        0.03063330426812172,
        0.8849204182624817,
        1.123129963874817
    ],
    [
        0.880186915397644,
        0.060603681951761246,
        -0.4707421660423279,
        -0.18154822289943695,
        -0.06791312992572784,
        0.9976902008056641,
        0.001460363040678203,
        -0.05499245598912239,
        0.46974337100982666,
        0.030684182420372963,
        0.882269561290741,
        1.1690667867660522
    ],
    [
        0.8771214485168457,
        0.06309328228235245,
        -0.47610628604888916,
        -0.2160583883523941,
        -0.07008039206266403,
        0.9975365400314331,
        0.0030851068440824747,
        -0.05863011255860329,
        0.47512808442115784,
        0.03065970353782177,
        0.8793823719024658,
        1.2267520427703857
    ],
    [
        0.8751674294471741,
        0.0661168172955513,
        -0.47928139567375183,
        -0.24203579127788544,
        -0.07262084633111954,
        0.9973472356796265,
        0.004978328477591276,
        -0.06072218343615532,
        0.4783390462398529,
        0.030448947101831436,
        0.8776472806930542,
        1.2675902843475342
    ],
    [
        0.8722083568572998,
        0.07042819261550903,
        -0.48403769731521606,
        -0.27518025040626526,
        -0.07653386145830154,
        0.9970412850379944,
        0.007161295041441917,
        -0.06329325586557388,
        0.4831099212169647,
        0.030799131840467453,
        0.8750177621841431,
        1.3215157985687256
    ]
]