[
    [
        0.9990134835243225,
        0.0003073942207265645,
        0.04440693557262421,
        0.004102393984794617,
        3.2048235880210996e-05,
        0.9999707937240601,
        -0.007642986718565226,
        -0.10106802731752396,
        -0.04440798982977867,
        0.007636869791895151,
        0.9989842772483826,
        0.7030425071716309
    ],
    [
        0.9981773495674133,
        -0.00012561833136714995,
        0.060348112136125565,
        -0.0035028518177568913,
        0.0008360966457985342,
        0.9999306201934814,
        -0.01174789760261774,
        -0.146597221493721,
        -0.0603424534201622,
        0.011776942759752274,
        0.9981082677841187,
        0.8673468232154846
    ],
    [
        0.9961957931518555,
        -0.00023123116989154369,
        0.08714283257722855,
        -0.02127843350172043,
        0.0014811084838584065,
        0.9998970031738281,
        -0.014278477057814598,
        -0.16332782804965973,
        -0.08713056147098541,
        0.014353230595588684,
        0.9960934519767761,
        1.0716959238052368
    ],
    [
        0.9917041063308716,
        -0.0008257983718067408,
        0.12853938341140747,
        -0.04463681951165199,
        0.003080805530771613,
        0.9998448491096497,
        -0.01734548807144165,
        -0.20022977888584137,
        -0.12850509583950043,
        0.01759759522974491,
        0.9915527105331421,
        1.2802135944366455
    ],
    [
        0.9820137619972229,
        -0.0017841951921582222,
        0.18880070745944977,
        -0.02962866798043251,
        0.006248569581657648,
        0.999714732170105,
        -0.023053385317325592,
        -0.20780473947525024,
        -0.188705712556839,
        0.0238184817135334,
        0.9817447662353516,
        1.4793944358825684
    ],
    [
        0.9689353108406067,
        -0.004253808408975601,
        0.2472773790359497,
        4.940569124300964e-05,
        0.010919444262981415,
        0.9996128082275391,
        -0.025590993463993073,
        -0.1944366842508316,
        -0.24707280099391937,
        0.027496149763464928,
        0.9686068892478943,
        1.7102677822113037
    ],
    [
        0.9553964138031006,
        -0.0053704180754721165,
        0.29527759552001953,
        0.034395311027765274,
        0.013457606546580791,
        0.9995877146720886,
        -0.02536306530237198,
        -0.17896157503128052,
        -0.29501965641975403,
        0.02820551209151745,
        0.9550747871398926,
        1.9383063316345215
    ],
    [
        0.9385082721710205,
        -0.006054519210010767,
        0.34520336985588074,
        0.05567137524485588,
        0.015803348273038864,
        0.9995516538619995,
        -0.025433620437979698,
        -0.15444396436214447,
        -0.3448945879936218,
        0.029325032606720924,
        0.9381832480430603,
        2.171966552734375
    ],
    [
        0.9100831747055054,
        -0.006637931801378727,
        0.41437259316444397,
        0.0449395589530468,
        0.01830947957932949,
        0.999539315700531,
        -0.02420111745595932,
        -0.1529178023338318,
        -0.41402116417884827,
        0.02961198054254055,
        0.9097854495048523,
        2.446991205215454
    ],
    [
        0.8739830851554871,
        -0.007862797006964684,
        0.4858928322792053,
        0.05373763665556908,
        0.02207411453127861,
        0.9994794130325317,
        -0.02353132888674736,
        -0.14764325320720673,
        -0.4854547381401062,
        0.03129163756966591,
        0.8737016916275024,
        2.675143003463745
    ],
    [
        0.8335793018341064,
        -0.009683109819889069,
        0.5523149371147156,
        0.10374294221401215,
        0.02664802223443985,
        0.9993872046470642,
        -0.02269730344414711,
        -0.12673647701740265,
        -0.5517567992210388,
        0.03363810479640961,
        0.833326518535614,
        2.8974239826202393
    ],
    [
        0.786154568195343,
        -0.009759222157299519,
        0.617952823638916,
        0.14796298742294312,
        0.03066416271030903,
        0.9992598295211792,
        -0.023229550570249557,
        -0.12282229214906693,
        -0.6172688007354736,
        0.03721101954579353,
        0.7858717441558838,
        3.1000819206237793
    ],
    [
        0.7221640944480896,
        -0.01009425614029169,
        0.6916481256484985,
        0.1395397037267685,
        0.03438672050833702,
        0.9991810917854309,
        -0.02132134512066841,
        -0.11918945610523224,
        -0.6908664703369141,
        0.039181020110845566,
        0.7219198346138,
        3.2507870197296143
    ],
    [
        0.6168016791343689,
        -0.010320658795535564,
        0.7870509028434753,
        0.06369786709547043,
        0.037867944687604904,
        0.9991453289985657,
        -0.016574757173657417,
        -0.132815420627594,
        -0.7862071990966797,
        0.04002733901143074,
        0.6166654229164124,
        3.41414475440979
    ],
    [
        0.46919769048690796,
        -0.00866412278264761,
        0.8830506205558777,
        -0.025149041786789894,
        0.04287897050380707,
        0.9989959597587585,
        -0.012981461361050606,
        -0.1452377289533615,
        -0.8820516467094421,
        0.04395516961812973,
        0.4690980911254883,
        3.5434584617614746
    ],
    [
        0.33381015062332153,
        -0.009342688135802746,
        0.942594051361084,
        -0.15154606103897095,
        0.04695197567343712,
        0.9988744854927063,
        -0.0067270430736243725,
        -0.16318297386169434,
        -0.9414702653884888,
        0.04650220647454262,
        0.33387306332588196,
        3.627922773361206
    ],
    [
        0.1938614845275879,
        -0.00839435774832964,
        0.9809930324554443,
        -0.34072551131248474,
        0.05152620002627373,
        0.9986702799797058,
        -0.0016368612414225936,
        -0.2217567414045334,
        -0.9796748161315918,
        0.05086416378617287,
        0.19403621554374695,
        3.722222328186035
    ],
    [
        0.07588430494070053,
        -0.010225443169474602,
        0.9970642328262329,
        -0.4908422827720642,
        0.054567087441682816,
        0.9984915852546692,
        0.006087105721235275,
        -0.2904845178127289,
        -0.995622456073761,
        0.05394497141242027,
        0.07632780820131302,
        3.8014113903045654
    ],
    [
        -0.03457638621330261,
        -0.018272465094923973,
        0.9992349743843079,
        -0.6134535670280457,
        0.056099750101566315,
        0.9982209205627441,
        0.02019513212144375,
        -0.33263760805130005,
        -0.9978262186050415,
        0.05675511062145233,
        -0.03348980471491814,
        3.908245801925659
    ],
    [
        -0.16138288378715515,
        -0.03719782084226608,
        0.9861904978752136,
        -0.7224976420402527,
        0.055802665650844574,
        0.9973467588424683,
        0.04675031080842018,
        -0.3705120384693146,
        -0.9853129982948303,
        0.0625767633318901,
        -0.15887892246246338,
        4.039308071136475
    ],
    [
        -0.2644634544849396,
        -0.04732478782534599,
        0.9632338881492615,
        -0.8339415192604065,
        0.05491463840007782,
        0.9964357018470764,
        0.06403326988220215,
        -0.4156801104545593,
        -0.9628310203552246,
        0.06983010470867157,
        -0.2609219253063202,
        4.11289119720459
    ],
    [
        -0.33408135175704956,
        -0.05020437017083168,
        0.9412062168121338,
        -0.9680625796318054,
        0.05639947950839996,
        0.9957263469696045,
        0.0731315091252327,
        -0.44881266355514526,
        -0.9408552646636963,
        0.07751540839672089,
        -0.3298220932483673,
        4.14818811416626
    ],
    [
        -0.3799540102481842,
        -0.05258873105049133,
        0.9235091805458069,
        -1.1129134893417358,
        0.05808068811893463,
        0.9950562119483948,
        0.08055873215198517,
        -0.4796215295791626,
        -0.9231802225112915,
        0.0842466652393341,
        -0.3750212788581848,
        4.181432723999023
    ],
    [
        -0.41961753368377686,
        -0.05484972149133682,
        0.906042218208313,
        -1.230134129524231,
        0.058643851429224014,
        0.9944490790367126,
        0.08736152946949005,
        -0.5034151077270508,
        -0.9058046936988831,
        0.08979225158691406,
        -0.4140716791152954,
        4.18826961517334
    ],
    [
        -0.4594724774360657,
        -0.054811686277389526,
        0.8864991068840027,
        -1.3312361240386963,
        0.05989023298025131,
        0.9939104914665222,
        0.09249396622180939,
        -0.5301747918128967,
        -0.8861705660820007,
        0.09559106081724167,
        -0.45339179039001465,
        4.179811954498291
    ]
]