[
    [
        0.9935932159423828,
        0.015198656357824802,
        -0.11198913305997849,
        -0.1481224000453949,
        -0.014176737517118454,
        0.9998502731323242,
        0.009915881790220737,
        -0.040178343653678894,
        0.11212307214736938,
        -0.008264712058007717,
        0.993660032749176,
        0.3343132436275482
    ],
    [
        0.9880401492118835,
        0.020230786874890327,
        -0.15286393463611603,
        -0.16834129393100739,
        -0.01878334954380989,
        0.999764084815979,
        0.010907154530286789,
        -0.05183693394064903,
        0.1530485451221466,
        -0.00790541060268879,
        0.9881870150566101,
        0.4088928699493408
    ],
    [
        0.9795609712600708,
        0.02658964693546295,
        -0.19938276708126068,
        -0.19818389415740967,
        -0.024760432541370392,
        0.9996253252029419,
        0.011662664823234081,
        -0.062342070043087006,
        0.1996181756258011,
        -0.0064874859526753426,
        0.9798523187637329,
        0.5029036402702332
    ],
    [
        0.9695475697517395,
        0.034007295966148376,
        -0.2425302118062973,
        -0.23000217974185944,
        -0.03199009224772453,
        0.9994131326675415,
        0.012251753360033035,
        -0.06967120617628098,
        0.24280452728271484,
        -0.004120095632970333,
        0.9700665473937988,
        0.5900421738624573
    ],
    [
        0.9585078954696655,
        0.039371538907289505,
        -0.28233394026756287,
        -0.26242634654045105,
        -0.03722970560193062,
        0.9992228150367737,
        0.012949101626873016,
        -0.08105941116809845,
        0.28262436389923096,
        -0.0019006059737876058,
        0.9592287540435791,
        0.6800870895385742
    ],
    [
        0.947038471698761,
        0.044337570667266846,
        -0.3180444836616516,
        -0.29624202847480774,
        -0.04183336719870567,
        0.9990164637565613,
        0.014702830463647842,
        -0.0934818908572197,
        0.3183835446834564,
        -0.0006192757282406092,
        0.947961688041687,
        0.7743779420852661
    ],
    [
        0.9356284737586975,
        0.04913138970732689,
        -0.34955042600631714,
        -0.3271724283695221,
        -0.04609765484929085,
        0.9987923502922058,
        0.01699834130704403,
        -0.1034504771232605,
        0.3499634265899658,
        0.0002093234652420506,
        0.936763346195221,
        0.8673025965690613
    ],
    [
        0.925011157989502,
        0.053261883556842804,
        -0.37618815898895264,
        -0.3563997149467468,
        -0.04944693297147751,
        0.9985805749893188,
        0.01979677751660347,
        -0.11495611816644669,
        0.3767085671424866,
        0.0002891122712753713,
        0.9263318181037903,
        0.9544459581375122
    ],
    [
        0.9165659546852112,
        0.05515473708510399,
        -0.3960615396499634,
        -0.3917287290096283,
        -0.05042903497815132,
        0.9984776377677917,
        0.022343095391988754,
        -0.12402036041021347,
        0.3966909945011139,
        -0.0005059189279563725,
        0.9179520010948181,
        1.0385335683822632
    ],
    [
        0.9101188778877258,
        0.057358574122190475,
        -0.41035792231559753,
        -0.4330662190914154,
        -0.05109456181526184,
        0.9983493685722351,
        0.026225334033370018,
        -0.1358383148908615,
        0.41118478775024414,
        -0.0029011189471930265,
        0.9115474224090576,
        1.1235493421554565
    ],
    [
        0.9064165949821472,
        0.056918203830718994,
        -0.4185323119163513,
        -0.4847003221511841,
        -0.049073878675699234,
        0.9983596205711365,
        0.029492245987057686,
        -0.14330273866653442,
        0.4195244014263153,
        -0.006193258799612522,
        0.9077229499816895,
        1.2195262908935547
    ],
    [
        0.9039362072944641,
        0.05763450637459755,
        -0.42376595735549927,
        -0.5388835072517395,
        -0.04739075526595116,
        0.9982741475105286,
        0.034681450575590134,
        -0.15476465225219727,
        0.42503345012664795,
        -0.011267230845987797,
        0.9051075577735901,
        1.3189077377319336
    ],
    [
        0.9011183381080627,
        0.057634562253952026,
        -0.42972561717033386,
        -0.5794680714607239,
        -0.04516984149813652,
        0.9982114434242249,
        0.03916012868285179,
        -0.16869448125362396,
        0.43121400475502014,
        -0.01587727665901184,
        0.9021099209785461,
        1.4091644287109375
    ],
    [
        0.8979306817054749,
        0.05769627168774605,
        -0.436338871717453,
        -0.6065412759780884,
        -0.043956346809864044,
        0.9981698989868164,
        0.041529472917318344,
        -0.17764684557914734,
        0.437936395406723,
        -0.0181107260286808,
        0.8988235592842102,
        1.4830838441848755
    ],
    [
        0.8934224843978882,
        0.05853329971432686,
        -0.445387601852417,
        -0.6341078877449036,
        -0.043617550283670425,
        0.9980930685997009,
        0.04367608577013016,
        -0.18885526061058044,
        0.4470948278903961,
        -0.019594479352235794,
        0.8942719101905823,
        1.5742292404174805
    ],
    [
        0.8887506127357483,
        0.05989193171262741,
        -0.4544616639614105,
        -0.6582165360450745,
        -0.044035498052835464,
        0.997997522354126,
        0.045406315475702286,
        -0.20155799388885498,
        0.45627105236053467,
        -0.020342443138360977,
        0.8896082639694214,
        1.6631768941879272
    ],
    [
        0.885071873664856,
        0.06157121807336807,
        -0.46136409044265747,
        -0.6840578317642212,
        -0.045190706849098206,
        0.9978964328765869,
        0.04648103564977646,
        -0.21429571509361267,
        0.46325549483299255,
        -0.020289689302444458,
        0.8859924077987671,
        1.7459100484848022
    ],
    [
        0.881881833076477,
        0.06460782885551453,
        -0.4670226573944092,
        -0.7127088904380798,
        -0.047705985605716705,
        0.9977103471755981,
        0.04793953523039818,
        -0.22534562647342682,
        0.4690506160259247,
        -0.019997233524918556,
        0.8829448223114014,
        1.8308974504470825
    ],
    [
        0.879885733127594,
        0.06632573157548904,
        -0.4705338478088379,
        -0.7466809153556824,
        -0.04890703037381172,
        0.9975925087928772,
        0.049164291471242905,
        -0.23754051327705383,
        0.47266194224357605,
        -0.02024654485285282,
        0.8810111880302429,
        1.9261053800582886
    ],
    [
        0.877784788608551,
        0.06809338927268982,
        -0.4741910994052887,
        -0.7732430696487427,
        -0.05029386281967163,
        0.997475266456604,
        0.05013648420572281,
        -0.2479931265115738,
        0.47640785574913025,
        -0.020160134881734848,
        0.8789932727813721,
        2.0188043117523193
    ],
    [
        0.8758873343467712,
        0.07078547775745392,
        -0.47729524970054626,
        -0.8003627061843872,
        -0.05150400847196579,
        0.9972450733184814,
        0.05338156223297119,
        -0.25840142369270325,
        0.47975897789001465,
        -0.02217361330986023,
        0.8771200776100159,
        2.117351770401001
    ],
    [
        0.8732925057411194,
        0.07311549037694931,
        -0.48167872428894043,
        -0.8191975951194763,
        -0.052435655146837234,
        0.9970373511314392,
        0.056276556104421616,
        -0.2694198489189148,
        0.48436635732650757,
        -0.023888761177659035,
        0.8745390176773071,
        2.210808277130127
    ],
    [
        0.8706304430961609,
        0.07523107528686523,
        -0.4861511290073395,
        -0.8370547890663147,
        -0.052749067544937134,
        0.9968163371086121,
        0.059789255261421204,
        -0.28382787108421326,
        0.4891013503074646,
        -0.026410315185785294,
        0.8718270063400269,
        2.3036932945251465
    ],
    [
        0.8684955835342407,
        0.07659091800451279,
        -0.48974400758743286,
        -0.8577242493629456,
        -0.05316974222660065,
        0.9966848492622375,
        0.061581801623106,
        -0.29649975895881653,
        0.4928370416164398,
        -0.027443958446383476,
        0.8696886301040649,
        2.390561819076538
    ],
    [
        0.8671120405197144,
        0.07859180867671967,
        -0.49187400937080383,
        -0.8792114853858948,
        -0.05527566373348236,
        0.9965575933456421,
        0.06178629398345947,
        -0.303973913192749,
        0.4950367510318756,
        -0.026386979967355728,
        0.8684713244438171,
        2.466296911239624
    ]
]