[
    [
        0.999568521976471,
        0.006662726867944002,
        0.02860710211098194,
        0.004682833328843117,
        -0.006820058450102806,
        0.9999620914459229,
        0.005405699368566275,
        0.010588337667286396,
        -0.028570003807544708,
        -0.005598468240350485,
        0.9995761513710022,
        -0.028117014095187187
    ],
    [
        0.9997398853302002,
        0.006295930128544569,
        0.021919067949056625,
        0.0024937372654676437,
        -0.0064041828736662865,
        0.9999675750732422,
        0.004872026853263378,
        0.00858432799577713,
        -0.021887684240937233,
        -0.0050111329182982445,
        0.9997478127479553,
        -0.023188965395092964
    ],
    [
        0.9999219179153442,
        0.005814425181597471,
        0.011059253476560116,
        -0.0014438662910833955,
        -0.005868077278137207,
        0.9999711513519287,
        0.004825060721486807,
        0.00404361542314291,
        -0.01103087980300188,
        -0.004889580886811018,
        0.9999271631240845,
        -0.01537382323294878
    ],
    [
        0.9999769926071167,
        0.006013503763824701,
        0.0031277695670723915,
        -0.0046470193192362785,
        -0.00602885102853179,
        0.9999697208404541,
        0.0049204411916434765,
        0.0011658446164801717,
        -0.0030980862211436033,
        -0.004939184989780188,
        0.9999829530715942,
        -0.009969974867999554
    ],
    [
        0.9999465346336365,
        0.005437508225440979,
        -0.008800441399216652,
        -0.009451573714613914,
        -0.005395021755248308,
        0.9999736547470093,
        0.004844299517571926,
        -0.003717320505529642,
        0.008826551958918571,
        -0.004796562250703573,
        0.99994957447052,
        -0.0015058472054079175
    ],
    [
        0.9998236298561096,
        0.005650058854371309,
        -0.017908161506056786,
        -0.013114038854837418,
        -0.005569427739828825,
        0.9999741315841675,
        0.004549149889498949,
        -0.0062018996104598045,
        0.017933400347828865,
        -0.004448608960956335,
        0.9998291730880737,
        0.004139802884310484
    ],
    [
        0.9994701743125916,
        0.0059306626208126545,
        -0.032001931220293045,
        -0.01937667466700077,
        -0.0057832058519124985,
        0.9999722242355347,
        0.004698367323726416,
        -0.011092978529632092,
        0.032028909772634506,
        -0.004510803148150444,
        0.9994767308235168,
        0.01311738695949316
    ],
    [
        0.9991376996040344,
        0.005841414909809828,
        -0.0411064550280571,
        -0.02377600222826004,
        -0.0056432136334478855,
        0.999971866607666,
        0.004936053417623043,
        -0.01540823932737112,
        0.04113413766026497,
        -0.004699824843555689,
        0.9991425275802612,
        0.01911277137696743
    ],
    [
        0.9984923005104065,
        0.00551164336502552,
        -0.05461384728550911,
        -0.030202671885490417,
        -0.005266421474516392,
        0.9999754428863525,
        0.004633000120520592,
        -0.02075633779168129,
        0.05463804304599762,
        -0.004338396713137627,
        0.9984967708587646,
        0.028219904750585556
    ],
    [
        0.9979450106620789,
        0.005651058163493872,
        -0.06382538378238678,
        -0.034359294921159744,
        -0.005365062039345503,
        0.9999748468399048,
        0.004651414230465889,
        -0.024500124156475067,
        0.0638500526547432,
        -0.004299430176615715,
        0.9979502558708191,
        0.0343925878405571
    ],
    [
        0.9969913959503174,
        0.005826149135828018,
        -0.0772930160164833,
        -0.04101061820983887,
        -0.005456471815705299,
        0.9999726414680481,
        0.004993145354092121,
        -0.03154386579990387,
        0.07731999456882477,
        -0.004556376487016678,
        0.9969959259033203,
        0.04401715099811554
    ],
    [
        0.9962993264198303,
        0.005777011625468731,
        -0.08575666695833206,
        -0.04522081837058067,
        -0.005384968128055334,
        0.9999740123748779,
        0.004802206996828318,
        -0.03556837514042854,
        0.08578218519687653,
        -0.0043226382695138454,
        0.9963046312332153,
        0.050343554466962814
    ],
    [
        0.9951462149620056,
        0.005638524889945984,
        -0.09824637323617935,
        -0.05189818516373634,
        -0.00518037099391222,
        0.9999744892120361,
        0.004917784593999386,
        -0.043392784893512726,
        0.09827160090208054,
        -0.004384961910545826,
        0.9951499104499817,
        0.059723787009716034
    ],
    [
        0.9938268065452576,
        0.006154569797217846,
        -0.11077246069908142,
        -0.05785825848579407,
        -0.005751797463744879,
        0.9999756813049316,
        0.0039552245289087296,
        -0.04891948029398918,
        0.11079410463571548,
        -0.0032936674542725086,
        0.9938378930091858,
        0.0690326988697052
    ],
    [
        0.9929521083831787,
        0.0054002259857952595,
        -0.11839289963245392,
        -0.06149781495332718,
        -0.004958714824169874,
        0.9999796152114868,
        0.004023466259241104,
        -0.05485587567090988,
        0.11841221153736115,
        -0.003408032236620784,
        0.992958664894104,
        0.07545209676027298
    ],
    [
        0.9914284944534302,
        0.005201912950724363,
        -0.13054637610912323,
        -0.06666719168424606,
        -0.0047106193378567696,
        0.9999805688858032,
        0.00407188106328249,
        -0.0636427104473114,
        0.13056500256061554,
        -0.0034220246598124504,
        0.99143385887146,
        0.08511292189359665
    ],
    [
        0.9903047680854797,
        0.0052130091935396194,
        -0.13881388306617737,
        -0.07011048495769501,
        -0.004733741283416748,
        0.9999816417694092,
        0.0037825352046638727,
        -0.06879156827926636,
        0.13883106410503387,
        -0.0030887536704540253,
        0.9903112649917603,
        0.09184805303812027
    ],
    [
        0.988637387752533,
        0.00518058193847537,
        -0.15023066103458405,
        -0.07619959115982056,
        -0.004611542448401451,
        0.9999808073043823,
        0.004135901108384132,
        -0.07822132110595703,
        0.15024921298027039,
        -0.0033961120061576366,
        0.9886422753334045,
        0.10185292363166809
    ],
    [
        0.9874618649482727,
        0.0053122155368328094,
        -0.15776798129081726,
        -0.0801873430609703,
        -0.004795395769178867,
        0.9999818205833435,
        0.0036563111934810877,
        -0.08332975953817368,
        0.15778452157974243,
        -0.0028539076447486877,
        0.9874694347381592,
        0.10791512578725815
    ],
    [
        0.9856293201446533,
        0.005044468212872744,
        -0.16884782910346985,
        -0.08626275509595871,
        -0.004562834743410349,
        0.9999843835830688,
        0.00324035226367414,
        -0.09204614907503128,
        0.168861523270607,
        -0.002423361176624894,
        0.985636830329895,
        0.11696383357048035
    ],
    [
        0.9843264818191528,
        0.005391535349190235,
        -0.17627346515655518,
        -0.09054269641637802,
        -0.004950310569256544,
        0.9999834299087524,
        0.0029427253175526857,
        -0.09746437519788742,
        0.17628641426563263,
        -0.002023993991315365,
        0.9843368530273438,
        0.12247917056083679
    ],
    [
        0.9822943210601807,
        0.005028937477618456,
        -0.18727664649486542,
        -0.0958632305264473,
        -0.0045067667961120605,
        0.9999846816062927,
        0.0032139006070792675,
        -0.10769497603178024,
        0.18728993833065033,
        -0.002312984550371766,
        0.9823019504547119,
        0.1313970685005188
    ],
    [
        0.9808325171470642,
        0.004921238869428635,
        -0.19479058682918549,
        -0.09888795763254166,
        -0.0042509050108492374,
        0.9999836087226868,
        0.0038591772317886353,
        -0.11536244302988052,
        0.19480636715888977,
        -0.002957169897854328,
        0.9808371663093567,
        0.1377667784690857
    ],
    [
        0.9786868691444397,
        0.004945504013448954,
        -0.20529894530773163,
        -0.10513965040445328,
        -0.004152621608227491,
        0.9999821186065674,
        0.004292761906981468,
        -0.12573295831680298,
        0.2053164839744568,
        -0.0033487393520772457,
        0.9786898493766785,
        0.14644034206867218
    ],
    [
        0.9764319062232971,
        0.005213810596615076,
        -0.21576254069805145,
        -0.11072341352701187,
        -0.0043952083215117455,
        0.9999812245368958,
        0.004273641388863325,
        -0.13510365784168243,
        0.21578076481819153,
        -0.0032245980110019445,
        0.9764366149902344,
        0.15448682010173798
    ]
]