[
    [
        0.9893632531166077,
        0.04760031774640083,
        -0.13745716214179993,
        0.37338560819625854,
        -0.048802778124809265,
        0.99879390001297,
        -0.005389101803302765,
        -0.004753358196467161,
        0.13703486323356628,
        0.01204007025808096,
        0.99049311876297,
        -0.017064640298485756
    ],
    [
        0.9871442317962646,
        0.05287370830774307,
        -0.15083295106887817,
        0.40950503945350647,
        -0.05408921837806702,
        0.998528242111206,
        -0.003964459057897329,
        -0.003939623944461346,
        0.15040135383605957,
        0.012071928940713406,
        0.9885513782501221,
        -0.007475591730326414
    ],
    [
        0.9847284555435181,
        0.05858282372355461,
        -0.1639450639486313,
        0.4432508945465088,
        -0.060102950781583786,
        0.9981828331947327,
        -0.004322902765125036,
        0.0005101643619127572,
        0.16339386999607086,
        0.014110466465353966,
        0.9864599704742432,
        0.005731435492634773
    ],
    [
        0.9819164276123047,
        0.06390059739351273,
        -0.17820429801940918,
        0.4789494276046753,
        -0.06531796604394913,
        0.9978623986244202,
        -0.002091948641464114,
        6.290356395766139e-06,
        0.17768967151641846,
        0.013694061897695065,
        0.983991265296936,
        0.021759970113635063
    ],
    [
        0.9788268804550171,
        0.07008372247219086,
        -0.19231775403022766,
        0.512008011341095,
        -0.07146545499563217,
        0.9974431395530701,
        -0.00024852578644640744,
        -0.0009021536097861826,
        0.19180859625339508,
        0.013987338170409203,
        0.9813327789306641,
        0.04006578028202057
    ],
    [
        0.9750886559486389,
        0.07550501823425293,
        -0.20856912434101105,
        0.5491340160369873,
        -0.07720594108104706,
        0.997015118598938,
        -1.4360010936798062e-05,
        0.0009870283538475633,
        0.20794551074504852,
        0.016116777434945107,
        0.9780076146125793,
        0.06149744987487793
    ],
    [
        0.9711235165596008,
        0.08148250728845596,
        -0.2242315411567688,
        0.583757221698761,
        -0.08326282352209091,
        0.9965263605117798,
        0.0015207213582471013,
        -0.0016603590920567513,
        0.22357657551765442,
        0.017193345353007317,
        0.9745347499847412,
        0.08340765535831451
    ],
    [
        0.9662345051765442,
        0.08745119720697403,
        -0.24236971139907837,
        0.6238117218017578,
        -0.08944910019636154,
        0.995987594127655,
        0.0027705151587724686,
        -0.004627162124961615,
        0.24163946509361267,
        0.01900278590619564,
        0.9701799750328064,
        0.10812658816576004
    ],
    [
        0.9612544178962708,
        0.09441935271024704,
        -0.25898826122283936,
        0.6602048873901367,
        -0.09729160368442535,
        0.9952543377876282,
        0.0017348174005746841,
        -0.0034788264892995358,
        0.2579230070114136,
        0.0235297828912735,
        0.9658789038658142,
        0.1311631202697754
    ],
    [
        0.953542947769165,
        0.09756549447774887,
        -0.28502070903778076,
        0.723681628704071,
        -0.10116393864154816,
        0.9948675632476807,
        0.002107184147462249,
        -0.005677082110196352,
        0.28376343846321106,
        0.026824528351426125,
        0.9585190415382385,
        0.15940724313259125
    ],
    [
        0.9466680884361267,
        0.10147040337324142,
        -0.30581575632095337,
        0.7747178077697754,
        -0.10572995245456696,
        0.9943913817405701,
        0.0026490117888897657,
        -0.006686151027679443,
        0.30436933040618896,
        0.029826151207089424,
        0.9520869851112366,
        0.18475496768951416
    ],
    [
        0.9396251440048218,
        0.10598712414503098,
        -0.3253788650035858,
        0.8236827850341797,
        -0.11105379462242126,
        0.9938098192214966,
        0.0030183764174580574,
        -0.007231092546135187,
        0.3236846327781677,
        0.03329841420054436,
        0.945578932762146,
        0.20809686183929443
    ],
    [
        0.9295606017112732,
        0.11200600862503052,
        -0.3512432873249054,
        0.8899515271186829,
        -0.11778386682271957,
        0.9930269718170166,
        0.0049474420957267284,
        -0.008297564461827278,
        0.34934815764427185,
        0.03677184507250786,
        0.9362711906433105,
        0.2394804060459137
    ],
    [
        0.9212263226509094,
        0.11775948107242584,
        -0.37077581882476807,
        0.9405151605606079,
        -0.12349151819944382,
        0.992310643196106,
        0.008334781043231487,
        -0.012200914323329926,
        0.36890628933906555,
        0.03810945525765419,
        0.9286850690841675,
        0.2637694180011749
    ],
    [
        0.9121634364128113,
        0.12461236119270325,
        -0.39042210578918457,
        0.993471622467041,
        -0.12896865606307983,
        0.9915329217910767,
        0.015154747292399406,
        -0.023662079125642776,
        0.3890048563480377,
        0.036528609693050385,
        0.9205112457275391,
        0.28494518995285034
    ],
    [
        0.9051337242126465,
        0.131954625248909,
        -0.40412992238998413,
        1.030767798423767,
        -0.1359628587961197,
        0.9905334711074829,
        0.018907032907009125,
        -0.027662530541419983,
        0.4027990996837616,
        0.03783327341079712,
        0.9145061373710632,
        0.29890814423561096
    ],
    [
        0.8961919546127319,
        0.14029338955879211,
        -0.42090103030204773,
        1.0742522478103638,
        -0.1434486210346222,
        0.9893584847450256,
        0.02433580346405506,
        -0.035012904554605484,
        0.4198361933231354,
        0.03856812044978142,
        0.9067800045013428,
        0.32038289308547974
    ],
    [
        0.8870066404342651,
        0.1478632241487503,
        -0.43744245171546936,
        1.1166163682937622,
        -0.15088076889514923,
        0.988153338432312,
        0.028070684522390366,
        -0.03837566077709198,
        0.4364108741283417,
        0.04110277071595192,
        0.8988081812858582,
        0.3388307988643646
    ],
    [
        0.8774793744087219,
        0.15571635961532593,
        -0.4536324739456177,
        1.157383680343628,
        -0.15823358297348022,
        0.9868609309196472,
        0.03267765790224075,
        -0.043370023369789124,
        0.4527605175971985,
        0.043105922639369965,
        0.8905895352363586,
        0.35616976022720337
    ],
    [
        0.8672845959663391,
        0.16316355764865875,
        -0.4703138470649719,
        1.1963021755218506,
        -0.16522929072380066,
        0.9855525493621826,
        0.03722076490521431,
        -0.04743809252977371,
        0.46959203481674194,
        0.045428626239299774,
        0.8817139863967896,
        0.37502193450927734
    ],
    [
        0.857028603553772,
        0.17193390429019928,
        -0.48573729395866394,
        1.2281005382537842,
        -0.17370590567588806,
        0.9839106798171997,
        0.04178529232740402,
        -0.05125293880701065,
        0.485106498003006,
        0.048564255237579346,
        0.8731054663658142,
        0.39545708894729614
    ],
    [
        0.8457384705543518,
        0.17968527972698212,
        -0.5024334788322449,
        1.2630689144134521,
        -0.18054063618183136,
        0.9824226498603821,
        0.04744252935051918,
        -0.056929491460323334,
        0.5021267533302307,
        0.050585683435201645,
        0.8633131980895996,
        0.4164690375328064
    ],
    [
        0.8350325226783752,
        0.18805302679538727,
        -0.5170655846595764,
        1.289489984512329,
        -0.1879623979330063,
        0.9807377457618713,
        0.053138334304094315,
        -0.06420107930898666,
        0.5170985460281372,
        0.05281663313508034,
        0.8542947769165039,
        0.4363451302051544
    ],
    [
        0.8227382898330688,
        0.1948884278535843,
        -0.5339664816856384,
        1.321324348449707,
        -0.19523482024669647,
        0.9791251420974731,
        0.0565447136759758,
        -0.06949709355831146,
        0.5338399410247803,
        0.05772734433412552,
        0.843612790107727,
        0.4576839506626129
    ],
    [
        0.8057696223258972,
        0.2038721740245819,
        -0.5560318827629089,
        1.3641914129257202,
        -0.20536619424819946,
        0.9768104553222656,
        0.06054803729057312,
        -0.07873374223709106,
        0.5554818511009216,
        0.06540238857269287,
        0.8289526104927063,
        0.4814048409461975
    ]
]