[
    [
        0.9999997615814209,
        0.0002753834123723209,
        -0.0007431869162246585,
        0.06790614128112793,
        -0.0002736285678111017,
        0.9999971389770508,
        0.0023611111100763083,
        0.0048470646142959595,
        0.0007438351167365909,
        -0.0023609071504324675,
        0.9999969005584717,
        -0.040859200060367584
    ],
    [
        0.9999996423721313,
        3.854408350889571e-05,
        -0.0009128687670454383,
        0.07723499834537506,
        -3.6517918488243595e-05,
        0.9999975562095642,
        0.0022193784825503826,
        0.005253989715129137,
        0.00091295235324651,
        -0.002219344023615122,
        0.9999971389770508,
        -0.043021850287914276
    ],
    [
        0.9999991059303284,
        -0.00021577021107077599,
        -0.0013880252372473478,
        0.08874227851629257,
        0.00021861983987037092,
        0.9999979138374329,
        0.0020533250644803047,
        0.005705471616238356,
        0.0013875792501494288,
        -0.00205362681299448,
        0.9999970197677612,
        -0.04565773159265518
    ],
    [
        0.9999986886978149,
        -0.00033716054167598486,
        -0.0015841774875298142,
        0.09971915930509567,
        0.0003407034382689744,
        0.9999974966049194,
        0.0022370503284037113,
        0.005841154605150223,
        0.0015834198566153646,
        -0.002237587934359908,
        0.9999963045120239,
        -0.04826662689447403
    ],
    [
        0.9999980330467224,
        -0.0006565526709891856,
        -0.0018990193493664265,
        0.11188702285289764,
        0.0006613304722122848,
        0.9999966621398926,
        0.0025161721277981997,
        0.006379823200404644,
        0.001897361478768289,
        -0.0025174226611852646,
        0.9999949932098389,
        -0.051159344613552094
    ],
    [
        0.9999950528144836,
        -0.0013007228262722492,
        -0.0028682167176157236,
        0.12653164565563202,
        0.0013093632878735662,
        0.9999946355819702,
        0.003012946108356118,
        0.006967183202505112,
        0.0028642816469073296,
        -0.0030166865326464176,
        0.9999912977218628,
        -0.05467277765274048
    ],
    [
        0.9999912977218628,
        -0.0021652523428201675,
        -0.0035661000292748213,
        0.14081664383411407,
        0.00217873090878129,
        0.9999905824661255,
        0.003780141705647111,
        0.007881802506744862,
        0.0035578811075538397,
        -0.0037878782022744417,
        0.9999865293502808,
        -0.05795248970389366
    ],
    [
        0.9999869465827942,
        -0.0028799702413380146,
        -0.00422676419839263,
        0.15498079359531403,
        0.00290250894613564,
        0.9999815821647644,
        0.005336003843694925,
        0.008025896735489368,
        0.004211317747831345,
        -0.005348202306777239,
        0.9999768733978271,
        -0.061139483004808426
    ],
    [
        0.9999828338623047,
        -0.0036732519511133432,
        -0.0045777116902172565,
        0.17044144868850708,
        0.0037041809409856796,
        0.9999703168869019,
        0.006766496226191521,
        0.009375683031976223,
        0.004552720580250025,
        -0.006783336866647005,
        0.9999666213989258,
        -0.06428590416908264
    ],
    [
        0.9999804496765137,
        -0.0039659528993070126,
        -0.004846347030252218,
        0.1847638487815857,
        0.004006738308817148,
        0.9999564290046692,
        0.008435125462710857,
        0.009633656591176987,
        0.00481268297880888,
        -0.008454377762973309,
        0.9999526739120483,
        -0.06775135546922684
    ],
    [
        0.9999731779098511,
        -0.0043030669912695885,
        -0.005936726462095976,
        0.20140759646892548,
        0.004360852763056755,
        0.99994295835495,
        0.009755372069776058,
        0.010115194134414196,
        0.005894409492611885,
        -0.009780999273061752,
        0.9999347925186157,
        -0.07141668349504471
    ],
    [
        0.9999653697013855,
        -0.004845456685870886,
        -0.00677160918712616,
        0.21958066523075104,
        0.004918144084513187,
        0.9999300241470337,
        0.01075898576527834,
        0.010907437652349472,
        0.006719002965837717,
        -0.010791917331516743,
        0.9999191761016846,
        -0.07558272778987885
    ],
    [
        0.999959409236908,
        -0.005364451557397842,
        -0.007241701707243919,
        0.2337808609008789,
        0.005445560440421104,
        0.9999221563339233,
        0.011227361857891083,
        0.011792121455073357,
        0.007180908229202032,
        -0.01126633957028389,
        0.9999107122421265,
        -0.07867271453142166
    ],
    [
        0.9999504089355469,
        -0.006048973184078932,
        -0.007912741973996162,
        0.25036096572875977,
        0.006142956670373678,
        0.999910295009613,
        0.011907583102583885,
        0.012452672235667706,
        0.00784000288695097,
        -0.01195560023188591,
        0.999897837638855,
        -0.08240487426519394
    ],
    [
        0.9999415874481201,
        -0.0068006557412445545,
        -0.008400928229093552,
        0.26447194814682007,
        0.006901914719492197,
        0.9999032020568848,
        0.0120836291462183,
        0.013534133322536945,
        0.008317939005792141,
        -0.012140906415879726,
        0.9998917579650879,
        -0.08553740382194519
    ],
    [
        0.9999300837516785,
        -0.007455390878021717,
        -0.009181896224617958,
        0.2794352173805237,
        0.007567971479147673,
        0.9998958110809326,
        0.012288067489862442,
        0.014524632133543491,
        0.009089328348636627,
        -0.012356698513031006,
        0.9998823404312134,
        -0.08898898959159851
    ],
    [
        0.9999213814735413,
        -0.007994554936885834,
        -0.009655367583036423,
        0.29386165738105774,
        0.008117182180285454,
        0.9998860955238342,
        0.012728853151202202,
        0.015250103548169136,
        0.009552506729960442,
        -0.012806226499378681,
        0.9998723268508911,
        -0.09242647141218185
    ],
    [
        0.9999129176139832,
        -0.008376280777156353,
        -0.01020054891705513,
        0.3061157464981079,
        0.008508913218975067,
        0.9998789429664612,
        0.013029210269451141,
        0.015833595767617226,
        0.01009017787873745,
        -0.013114871457219124,
        0.9998630285263062,
        -0.09506550431251526
    ],
    [
        0.9998990893363953,
        -0.00898960791528225,
        -0.010995281860232353,
        0.32106295228004456,
        0.009137077257037163,
        0.9998680353164673,
        0.013436058536171913,
        0.01645898073911667,
        0.010873045772314072,
        -0.013535168021917343,
        0.9998493194580078,
        -0.09854257106781006
    ],
    [
        0.9998847246170044,
        -0.009723886847496033,
        -0.011660012416541576,
        0.3357643783092499,
        0.009885827079415321,
        0.9998544454574585,
        0.013912404887378216,
        0.016963470727205276,
        0.011523032560944557,
        -0.014026070013642311,
        0.9998352527618408,
        -0.1017838791012764
    ],
    [
        0.9998726844787598,
        -0.01044190302491188,
        -0.012063686735928059,
        0.3501923382282257,
        0.010609432123601437,
        0.9998469948768616,
        0.01390757504850626,
        0.018407130613923073,
        0.01191661972552538,
        -0.014033795334398746,
        0.9998304843902588,
        -0.1049475446343422
    ],
    [
        0.9998493194580078,
        -0.01142112072557211,
        -0.013071596622467041,
        0.366091251373291,
        0.011602804996073246,
        0.9998359084129333,
        0.0139087475836277,
        0.019495025277137756,
        0.012910597957670689,
        -0.014058319851756096,
        0.9998177886009216,
        -0.10794451832771301
    ],
    [
        0.9998184442520142,
        -0.012562723830342293,
        -0.014325970783829689,
        0.38284364342689514,
        0.012761957943439484,
        0.9998219609260559,
        0.01390165276825428,
        0.02067120559513569,
        0.014148776419460773,
        -0.014081956818699837,
        0.9998007416725159,
        -0.111873559653759
    ],
    [
        0.9997913241386414,
        -0.013642544858157635,
        -0.01520137395709753,
        0.39827051758766174,
        0.013854028657078743,
        0.9998074769973755,
        0.013894770294427872,
        0.0216861329972744,
        0.015008886344730854,
        -0.014102471061050892,
        0.9997879862785339,
        -0.11531955748796463
    ],
    [
        0.999772846698761,
        -0.014593408443033695,
        -0.015529758296906948,
        0.41362810134887695,
        0.014806191436946392,
        0.9997968077659607,
        0.01367603987455368,
        0.022986099123954773,
        0.015327024273574352,
        -0.013902870938181877,
        0.999785840511322,
        -0.11833811551332474
    ]
]