[
    [
        0.9999973773956299,
        -0.0019653309136629105,
        0.0012031951919198036,
        0.09489239752292633,
        0.001953783677890897,
        0.9999527931213379,
        0.009524499997496605,
        -0.05179265886545181,
        -0.0012218569172546268,
        -0.00952212419360876,
        0.9999538660049438,
        0.40126678347587585
    ],
    [
        0.9999955892562866,
        -0.0019075819291174412,
        0.002301558619365096,
        0.13165490329265594,
        0.001874664332717657,
        0.9998971223831177,
        0.014220310375094414,
        -0.08044617623090744,
        -0.002328449161723256,
        -0.014215933158993721,
        0.9998962879180908,
        0.6510843634605408
    ],
    [
        0.9999005198478699,
        -0.0021353394258767366,
        0.01393820345401764,
        0.1760040670633316,
        0.0018530454253777862,
        0.999793529510498,
        0.020234880968928337,
        -0.08523841202259064,
        -0.013978534378111362,
        -0.020207038149237633,
        0.9996981620788574,
        0.9711326956748962
    ],
    [
        0.9989413619041443,
        -0.002000835258513689,
        0.04595831036567688,
        0.21828290820121765,
        0.0009455795516259968,
        0.9997356534004211,
        0.022971419617533684,
        -0.11671873927116394,
        -0.04599212482571602,
        -0.02290363982319832,
        0.9986792206764221,
        1.2587476968765259
    ],
    [
        0.9928753972053528,
        -0.0052798097021877766,
        0.11903996020555496,
        0.2924651503562927,
        0.0021197174210101366,
        0.9996424317359924,
        0.026657503098249435,
        -0.1349852979183197,
        -0.11913813650608063,
        -0.026215242221951485,
        0.9925314784049988,
        1.5255626440048218
    ],
    [
        0.9767581224441528,
        -0.008982407860457897,
        0.21415647864341736,
        0.39029988646507263,
        0.0030227580573409796,
        0.9995993971824646,
        0.028139732778072357,
        -0.13242560625076294,
        -0.21432346105575562,
        -0.02683836966753006,
        0.9763940572738647,
        1.7786695957183838
    ],
    [
        0.9488916993141174,
        -0.013724303804337978,
        0.3153034746646881,
        0.5015863180160522,
        0.00370053481310606,
        0.9994692206382751,
        0.03236757963895798,
        -0.16442708671092987,
        -0.3155803680419922,
        -0.02954653464257717,
        0.9484387636184692,
        2.0573482513427734
    ],
    [
        0.9199950098991394,
        -0.01814739592373371,
        0.3915098011493683,
        0.6238266229629517,
        0.004438788164407015,
        0.9993458390235901,
        0.035891469568014145,
        -0.2633076608181,
        -0.3919050097465515,
        -0.031282149255275726,
        0.9194737672805786,
        2.2810709476470947
    ],
    [
        0.9052547216415405,
        -0.02022884413599968,
        0.4243873357772827,
        0.7322761416435242,
        0.0048731532879173756,
        0.9992945194244385,
        0.037237513810396194,
        -0.35314884781837463,
        -0.4248412549495697,
        -0.031641338020563126,
        0.9047147631645203,
        2.4452707767486572
    ],
    [
        0.9001625776290894,
        -0.022601613774895668,
        0.4349672496318817,
        0.8714773654937744,
        0.005493316799402237,
        0.9991623759269714,
        0.04054972529411316,
        -0.3816576302051544,
        -0.43551942706108093,
        -0.03411193564534187,
        0.8995327353477478,
        2.6647329330444336
    ],
    [
        0.8999819755554199,
        -0.023579858243465424,
        0.4352889657020569,
        0.9971175789833069,
        0.005615632049739361,
        0.9990803599357605,
        0.04251015931367874,
        -0.42003554105758667,
        -0.43589097261428833,
        -0.03581395000219345,
        0.8992865085601807,
        2.841458320617676
    ],
    [
        0.8996369242668152,
        -0.024135759100317955,
        0.43597111105918884,
        1.1120750904083252,
        0.00547743309289217,
        0.9990164041519165,
        0.04400364309549332,
        -0.4670543670654297,
        -0.4366043508052826,
        -0.03719929978251457,
        0.8988842368125916,
        3.037872791290283
    ],
    [
        0.9039044380187988,
        -0.02612568996846676,
        0.4269358515739441,
        1.268582820892334,
        0.0060208747163414955,
        0.9988111257553101,
        0.04837339371442795,
        -0.48803815245628357,
        -0.42769214510917664,
        -0.0411543995141983,
        0.9029871821403503,
        3.302877187728882
    ],
    [
        0.9150164723396301,
        -0.023774713277816772,
        0.4027152955532074,
        1.3809378147125244,
        0.005379898007959127,
        0.9988922476768494,
        0.046746883541345596,
        -0.5185301303863525,
        -0.4033806025981903,
        -0.040607597678899765,
        0.914130687713623,
        3.5107269287109375
    ],
    [
        0.9246881604194641,
        -0.022244255989789963,
        0.38007497787475586,
        1.4548708200454712,
        0.004762662574648857,
        0.9988894462585449,
        0.04687385633587837,
        -0.5737646818161011,
        -0.3806955814361572,
        -0.04153353348374367,
        0.9237671494483948,
        3.7171943187713623
    ],
    [
        0.9269613027572632,
        -0.020924808457493782,
        0.3745730519294739,
        1.51200270652771,
        0.0037280453834682703,
        0.9989078044891357,
        0.04657622426748276,
        -0.6297751069068909,
        -0.375138521194458,
        -0.04177792742848396,
        0.9260268211364746,
        3.96925950050354
    ],
    [
        0.9276335835456848,
        -0.020102132111787796,
        0.3729501962661743,
        1.543488621711731,
        0.0031322292052209377,
        0.9989340901374817,
        0.04605211317539215,
        -0.6813846230506897,
        -0.37347841262817383,
        -0.041551318019628525,
        0.9267076849937439,
        4.210531234741211
    ],
    [
        0.9276922941207886,
        -0.020080875605344772,
        0.3728053569793701,
        1.5732100009918213,
        0.0034116185270249844,
        0.9989667534828186,
        0.045319072902202606,
        -0.7304623126983643,
        -0.3733302354812622,
        -0.0407702773809433,
        0.9268021583557129,
        4.403875827789307
    ],
    [
        0.9280017614364624,
        -0.019763421267271042,
        0.3720513582229614,
        1.636508822441101,
        0.0030780702363699675,
        0.9989646077156067,
        0.04538756608963013,
        -0.766533613204956,
        -0.3725632131099701,
        -0.040974535048007965,
        0.9271017909049988,
        4.666792392730713
    ],
    [
        0.9282428622245789,
        -0.020426234230399132,
        0.37141355872154236,
        1.687717080116272,
        0.003335723653435707,
        0.9989081025123596,
        0.04659893736243248,
        -0.7914578914642334,
        -0.3719598352909088,
        -0.04201645031571388,
        0.9272974133491516,
        4.925696849822998
    ],
    [
        0.9279566407203674,
        -0.02036222629249096,
        0.3721315562725067,
        1.7319436073303223,
        0.0036785511765629053,
        0.9989581108093262,
        0.04548785835504532,
        -0.809717059135437,
        -0.37267005443573,
        -0.04084184393286705,
        0.927064836025238,
        5.141523361206055
    ],
    [
        0.9276025295257568,
        -0.020886914804577827,
        0.372984379529953,
        1.79470694065094,
        0.0034218530636280775,
        0.9988688826560974,
        0.04742606356739998,
        -0.8076677918434143,
        -0.3735530376434326,
        -0.04271625727415085,
        0.9266247749328613,
        5.425905227661133
    ],
    [
        0.9275688529014587,
        -0.020404091104865074,
        0.37309494614601135,
        1.8362884521484375,
        0.0038662361912429333,
        0.9989785552024841,
        0.045020680874586105,
        -0.8182174563407898,
        -0.3736324906349182,
        -0.04031740874052048,
        0.9267002940177917,
        5.6350579261779785
    ],
    [
        0.9272311925888062,
        -0.021279724314808846,
        0.37388405203819275,
        1.8805209398269653,
        0.004363491665571928,
        0.9989303350448608,
        0.04603342339396477,
        -0.8075977563858032,
        -0.3744637370109558,
        -0.04105173796415329,
        0.9263322949409485,
        5.832396507263184
    ],
    [
        0.9271461367607117,
        -0.020076939836144447,
        0.3741617500782013,
        1.9504597187042236,
        0.003617122070863843,
        0.9989965558052063,
        0.04464113339781761,
        -0.8004838228225708,
        -0.37468260526657104,
        -0.0400359071791172,
        0.9262882471084595,
        6.098287105560303
    ]
]