[
    [
        0.9910800457000732,
        -0.008317970670759678,
        0.13300833106040955,
        0.035505328327417374,
        0.01036748755723238,
        0.9998378157615662,
        -0.014723789878189564,
        0.00271778111346066,
        -0.132864311337471,
        0.015971414744853973,
        0.9910056591033936,
        0.6560584902763367
    ],
    [
        0.9876360893249512,
        -0.008613161742687225,
        0.15652714669704437,
        0.04446859657764435,
        0.0113026462495327,
        0.9998033046722412,
        -0.01630028337240219,
        -0.0034981865901499987,
        -0.15635594725608826,
        0.01786791905760765,
        0.9875391721725464,
        0.7402628064155579
    ],
    [
        0.9837496280670166,
        -0.009467034600675106,
        0.17929613590240479,
        0.05274467542767525,
        0.012864592485129833,
        0.9997588396072388,
        -0.01779618114233017,
        -0.0068014138378202915,
        -0.1790844351053238,
        0.01981355808675289,
        0.9836341142654419,
        0.822321355342865
    ],
    [
        0.9781726598739624,
        -0.01083609089255333,
        0.20751072466373444,
        0.05985219031572342,
        0.015274474397301674,
        0.9996873140335083,
        -0.01979834772646427,
        -0.002623508684337139,
        -0.2072313129901886,
        0.022535819560289383,
        0.9780324697494507,
        0.9296362996101379
    ],
    [
        0.9732597470283508,
        -0.011529621668159962,
        0.22941820323467255,
        0.06282830983400345,
        0.016756612807512283,
        0.9996423125267029,
        -0.02084857039153576,
        0.00112529331818223,
        -0.22909574210643768,
        0.024135345593094826,
        0.9731045365333557,
        1.0246073007583618
    ],
    [
        0.967822253704071,
        -0.012262433767318726,
        0.25133588910102844,
        0.06227646395564079,
        0.018333571031689644,
        0.9995936751365662,
        -0.02182810567319393,
        -0.0007966142147779465,
        -0.25096607208251953,
        0.02573361061513424,
        0.967653751373291,
        1.113354206085205
    ],
    [
        0.9603464007377625,
        -0.012819725088775158,
        0.2785148620605469,
        0.061415743082761765,
        0.02013862505555153,
        0.9995225071907043,
        -0.023433038964867592,
        -0.0019319746643304825,
        -0.278081476688385,
        0.028112739324569702,
        0.9601460695266724,
        1.2171621322631836
    ],
    [
        0.9539747834205627,
        -0.013046667911112309,
        0.2996029555797577,
        0.06648866832256317,
        0.021504856646060944,
        0.9994573593139648,
        -0.024951372295618057,
        -0.0012963935732841492,
        -0.29911482334136963,
        0.03024589642882347,
        0.9537376165390015,
        1.2975343465805054
    ],
    [
        0.9456877708435059,
        -0.013783584348857403,
        0.3247838616371155,
        0.08307228237390518,
        0.023511258885264397,
        0.9993842840194702,
        -0.026045672595500946,
        0.0009860782884061337,
        -0.3242248594760895,
        0.03226715326309204,
        0.9454296231269836,
        1.402604579925537
    ],
    [
        0.9388004541397095,
        -0.015072542242705822,
        0.3441314399242401,
        0.10191381722688675,
        0.025781843811273575,
        0.999314546585083,
        -0.026564842090010643,
        -0.00077848881483078,
        -0.3434951603412628,
        0.033811427652835846,
        0.9385457038879395,
        1.4884871244430542
    ],
    [
        0.9322199821472168,
        -0.015745408833026886,
        0.3615496754646301,
        0.12668567895889282,
        0.027348177507519722,
        0.9992613196372986,
        -0.02699693664908409,
        -0.006498515605926514,
        -0.3608575463294983,
        0.035054806619882584,
        0.9319617748260498,
        1.5771229267120361
    ],
    [
        0.9238840341567993,
        -0.015631061047315598,
        0.3823532462120056,
        0.15982452034950256,
        0.028409810736775398,
        0.9992098212242126,
        -0.027798017486929893,
        -0.018891220912337303,
        -0.38161659240722656,
        0.03654472529888153,
        0.9235979914665222,
        1.6821167469024658
    ],
    [
        0.9173824787139893,
        -0.01582375168800354,
        0.3976920545101166,
        0.18828144669532776,
        0.02949807420372963,
        0.9991644620895386,
        -0.028289444744586945,
        -0.025463243946433067,
        -0.3969120979309082,
        0.037683386355638504,
        0.9170827865600586,
        1.7594531774520874
    ],
    [
        0.9112755656242371,
        -0.01610502228140831,
        0.41148215532302856,
        0.21853646636009216,
        0.03065829910337925,
        0.9991151094436646,
        -0.028791971504688263,
        -0.028921587392687798,
        -0.41065433621406555,
        0.038852758705616,
        0.9109628796577454,
        1.8401278257369995
    ],
    [
        0.9036675095558167,
        -0.016583938151597977,
        0.4279135763645172,
        0.25681272149086,
        0.031987253576517105,
        0.9990723133087158,
        -0.028831249102950096,
        -0.0347849503159523,
        -0.4270385205745697,
        0.0397416390478611,
        0.9033598303794861,
        1.946570634841919
    ],
    [
        0.8974700570106506,
        -0.016814270988106728,
        0.440754771232605,
        0.2894759476184845,
        0.03293114900588989,
        0.9990383982658386,
        -0.02894265204668045,
        -0.042225614190101624,
        -0.4398443102836609,
        0.04048972949385643,
        0.8971608281135559,
        2.0386617183685303
    ],
    [
        0.888767421245575,
        -0.016985788941383362,
        0.45804357528686523,
        0.3271133303642273,
        0.03408360481262207,
        0.9989955425262451,
        -0.029088208451867104,
        -0.054200101643800735,
        -0.45708945393562317,
        0.0414644330739975,
        0.8884537816047668,
        2.1503331661224365
    ],
    [
        0.8818702697753906,
        -0.01698639988899231,
        0.47118598222732544,
        0.3596358001232147,
        0.034936875104904175,
        0.9989578127861023,
        -0.02937501296401024,
        -0.06282080709934235,
        -0.4701959192752838,
        0.04236672446131706,
        0.8815446496009827,
        2.235398292541504
    ],
    [
        0.8754642605781555,
        -0.017702655866742134,
        0.48295858502388,
        0.3966866433620453,
        0.03645947948098183,
        0.998900294303894,
        -0.029476186260581017,
        -0.06448734551668167,
        -0.4819057285785675,
        0.043413762003183365,
        0.8751469254493713,
        2.3136982917785645
    ],
    [
        0.8677744269371033,
        -0.017882946878671646,
        0.4966365396976471,
        0.45172223448753357,
        0.03748859465122223,
        0.9988604784011841,
        -0.029536833986639977,
        -0.0651048868894577,
        -0.49554234743118286,
        0.0442495122551918,
        0.8674558997154236,
        2.4163291454315186
    ],
    [
        0.862135112285614,
        -0.01818825677037239,
        0.5063518285751343,
        0.5019214749336243,
        0.038272399455308914,
        0.9988381862640381,
        -0.029285676777362823,
        -0.06878887116909027,
        -0.5052308440208435,
        0.044627513736486435,
        0.8618295788764954,
        2.4974496364593506
    ],
    [
        0.8575607538223267,
        -0.0179339237511158,
        0.5140700936317444,
        0.5541961193084717,
        0.03831610083580017,
        0.998842716217041,
        -0.029072336852550507,
        -0.074412040412426,
        -0.5129536390304565,
        0.044628459960222244,
        0.8572553992271423,
        2.573218584060669
    ],
    [
        0.8535827398300171,
        -0.017864273861050606,
        0.52065110206604,
        0.6193840503692627,
        0.038741424679756165,
        0.9988213181495667,
        -0.02924375608563423,
        -0.08009891211986542,
        -0.5195149183273315,
        0.04513271898031235,
        0.8532686829566956,
        2.6641740798950195
    ],
    [
        0.8515621423721313,
        -0.017584865912795067,
        0.5239585638046265,
        0.666703462600708,
        0.03864660859107971,
        0.9988236427307129,
        -0.02928820066154003,
        -0.08057442307472229,
        -0.5228272676467896,
        0.04518995061516762,
        0.8512400388717651,
        2.7388241291046143
    ],
    [
        0.8496831655502319,
        -0.017365453764796257,
        0.5270075798034668,
        0.7216918468475342,
        0.03844355791807175,
        0.9988378286361694,
        -0.02906896360218525,
        -0.07878925651311874,
        -0.5258902907371521,
        0.04495945945382118,
        0.8493633270263672,
        2.8325366973876953
    ]
]