[
    [
        0.999958336353302,
        0.005148414522409439,
        -0.007544850930571556,
        -0.09738931804895401,
        -0.005152650643140078,
        0.9999865889549255,
        -0.0005422155954875052,
        -0.02791757322847843,
        0.0075419582426548,
        0.000581068336032331,
        0.9999713897705078,
        0.46526721119880676
    ],
    [
        0.9999535083770752,
        0.005118145141750574,
        -0.008180211298167706,
        -0.09139170497655869,
        -0.005125954281538725,
        0.999986469745636,
        -0.0009339430253021419,
        -0.02679656818509102,
        0.00817531906068325,
        0.0009758308297023177,
        0.999966025352478,
        0.47816136479377747
    ],
    [
        0.9999544024467468,
        0.005167800467461348,
        -0.008044052869081497,
        -0.08831589668989182,
        -0.005174726247787476,
        0.9999862909317017,
        -0.0008404186810366809,
        -0.025402627885341644,
        0.008039598353207111,
        0.0008820053772069514,
        0.9999673366546631,
        0.4906107485294342
    ],
    [
        0.9999534487724304,
        0.00516867870464921,
        -0.008142156526446342,
        -0.08233094960451126,
        -0.005172354634851217,
        0.9999865889549255,
        -0.000430397893069312,
        -0.023970523849129677,
        0.008139824494719505,
        0.0004724921309389174,
        0.9999667406082153,
        0.5021288990974426
    ],
    [
        0.9999533891677856,
        0.005250850226730108,
        -0.008101648651063442,
        -0.07785453647375107,
        -0.005252419505268335,
        0.9999862313270569,
        -0.00017239581211470068,
        -0.023524049669504166,
        0.008100631646811962,
        0.00021494124666787684,
        0.9999672174453735,
        0.5151034593582153
    ],
    [
        0.9999511241912842,
        0.005269788205623627,
        -0.008362764492630959,
        -0.07129433751106262,
        -0.005268879700452089,
        0.9999861717224121,
        0.00013072279398329556,
        -0.02335485629737377,
        0.008363336324691772,
        -8.665423229103908e-05,
        0.9999650716781616,
        0.5271652936935425
    ],
    [
        0.9999535083770752,
        0.0050864978693425655,
        -0.008190659806132317,
        -0.0638149306178093,
        -0.0050846184603869915,
        0.9999870657920837,
        0.0002502560382708907,
        -0.021660083904862404,
        0.008191825821995735,
        -0.00020859802316408604,
        0.9999665021896362,
        0.5516588687896729
    ],
    [
        0.9999510645866394,
        0.005108300130814314,
        -0.008472555316984653,
        -0.05936681106686592,
        -0.005107260309159756,
        0.999987006187439,
        0.00014436861965805292,
        -0.01830209232866764,
        0.008473183028399944,
        -0.00010109039430972189,
        0.9999641180038452,
        0.5650010704994202
    ],
    [
        0.9999493956565857,
        0.004982380196452141,
        -0.008745579048991203,
        -0.05507417768239975,
        -0.00497514707967639,
        0.9999873042106628,
        0.0008486155420541763,
        -0.01837843284010887,
        0.008749696426093578,
        -0.0008050614851526916,
        0.9999613761901855,
        0.5775052905082703
    ],
    [
        0.9999459385871887,
        0.005165260750800371,
        -0.009029475972056389,
        -0.05235632136464119,
        -0.0051580569706857204,
        0.9999863505363464,
        0.0008209550869651139,
        -0.016539620235562325,
        0.009033593349158764,
        -0.0007743361056782305,
        0.9999589920043945,
        0.5906978845596313
    ],
    [
        0.9999408721923828,
        0.004970838315784931,
        -0.009670697152614594,
        -0.04731263220310211,
        -0.004961054306477308,
        0.9999871850013733,
        0.001035480061545968,
        -0.01688307151198387,
        0.00967572070658207,
        -0.0009874419774860144,
        0.9999526739120483,
        0.6030774116516113
    ],
    [
        0.9999411702156067,
        0.005032772663980722,
        -0.009609933011233807,
        -0.04514162614941597,
        -0.0050261360593140125,
        0.9999871253967285,
        0.0007145828567445278,
        -0.015378854237496853,
        0.009613405913114548,
        -0.0006662390660494566,
        0.9999535083770752,
        0.6167634129524231
    ],
    [
        0.9999434351921082,
        0.005149404518306255,
        -0.009316639974713326,
        -0.04196664318442345,
        -0.0051442221738398075,
        0.9999865889549255,
        0.0005800866638310254,
        -0.014584997668862343,
        0.009319500997662544,
        -0.0005321262287907302,
        0.9999563694000244,
        0.6445342898368835
    ],
    [
        0.9999423027038574,
        0.005056303925812244,
        -0.009482358582317829,
        -0.039898306131362915,
        -0.0050485157407820225,
        0.9999869465827942,
        0.0008451256435364485,
        -0.015687482431530952,
        0.00948650948703289,
        -0.0007972053135745227,
        0.9999545812606812,
        0.6578401327133179
    ],
    [
        0.9999462962150574,
        0.004853500053286552,
        -0.009152420796453953,
        -0.03974852338433266,
        -0.004849069751799107,
        0.9999880790710449,
        0.0005061418632976711,
        -0.014704481698572636,
        0.009154768660664558,
        -0.000461734103737399,
        0.9999580383300781,
        0.6724023222923279
    ],
    [
        0.9999490976333618,
        0.004933661315590143,
        -0.008801340125501156,
        -0.03868556395173073,
        -0.0049303798004984856,
        0.9999877214431763,
        0.0003943920019082725,
        -0.014529174193739891,
        0.008803178556263447,
        -0.0003509779635351151,
        0.999961256980896,
        0.6869583129882812
    ],
    [
        0.9999494552612305,
        0.005166109185665846,
        -0.008632337674498558,
        -0.036995042115449905,
        -0.005162188317626715,
        0.9999865889549255,
        0.00047628278844058514,
        -0.014620334841310978,
        0.008634681813418865,
        -0.000431697117164731,
        0.999962568283081,
        0.7015558481216431
    ],
    [
        0.9999497532844543,
        0.005013062618672848,
        -0.008692385628819466,
        -0.034841910004615784,
        -0.005010605324059725,
        0.9999874234199524,
        0.0003044424520339817,
        -0.013847831636667252,
        0.008693802170455456,
        -0.0002608735812827945,
        0.9999622106552124,
        0.7157901525497437
    ],
    [
        0.9999536871910095,
        0.004976273514330387,
        -0.00824254285544157,
        -0.03172147646546364,
        -0.004973599221557379,
        0.9999876022338867,
        0.00034490806865505874,
        -0.01252290140837431,
        0.008244156837463379,
        -0.0003038969007320702,
        0.9999659061431885,
        0.7445940375328064
    ],
    [
        0.9999554753303528,
        0.004815869964659214,
        -0.008127784356474876,
        -0.028253961354494095,
        -0.00480991555377841,
        0.9999881386756897,
        0.0007519035134464502,
        -0.011993183754384518,
        0.00813131034374237,
        -0.0007127764984034002,
        0.9999667406082153,
        0.7590872645378113
    ],
    [
        0.9999589920043945,
        0.004615860991179943,
        -0.007792217191308737,
        -0.02508256584405899,
        -0.0046082125045359135,
        0.9999889135360718,
        0.0009992312407121062,
        -0.01190013438463211,
        0.007796743419021368,
        -0.0009632818400859833,
        0.9999691247940063,
        0.775480329990387
    ],
    [
        0.9999609589576721,
        0.004568759351968765,
        -0.007558619603514671,
        -0.020702725276350975,
        -0.00455875787883997,
        0.9999887347221375,
        0.001339743030257523,
        -0.012505250982940197,
        0.007564655039459467,
        -0.0013052327558398247,
        0.9999704360961914,
        0.7908185720443726
    ],
    [
        0.9999650716781616,
        0.004395313560962677,
        -0.00711444765329361,
        -0.018507184460759163,
        -0.004385283216834068,
        0.9999893307685852,
        0.0014248235384002328,
        -0.011258415877819061,
        0.00712063442915678,
        -0.0013935752213001251,
        0.9999736547470093,
        0.8059229850769043
    ],
    [
        0.9999715685844421,
        0.004212245345115662,
        -0.0062611401081085205,
        -0.018101155757904053,
        -0.004202308598905802,
        0.9999899864196777,
        0.001599371898919344,
        -0.010706762783229351,
        0.00626781489700079,
        -0.0015730144223198295,
        0.9999791383743286,
        0.8222109079360962
    ],
    [
        0.9999772906303406,
        0.00396061921492219,
        -0.005446023307740688,
        -0.01525788102298975,
        -0.0039525567553937435,
        0.9999911189079285,
        0.0014905965654179454,
        -0.00969054363667965,
        0.005451878532767296,
        -0.0014690374955534935,
        0.9999840259552002,
        0.8517488837242126
    ]
]