[
    [
        0.9785295128822327,
        0.027153916656970978,
        -0.20431038737297058,
        -0.04421445354819298,
        -0.030206607654690742,
        0.9994735717773438,
        -0.011837057769298553,
        -0.050418671220541,
        0.2038814276456833,
        0.017754433676600456,
        0.9788345098495483,
        0.2853521704673767
    ],
    [
        0.9606152772903442,
        0.03397336229681969,
        -0.2757973372936249,
        -0.07556771486997604,
        -0.038709335029125214,
        0.9991814494132996,
        -0.011744913645088673,
        -0.06703131645917892,
        0.2751725912094116,
        0.021958274766802788,
        0.9611440896987915,
        0.4041247069835663
    ],
    [
        0.9376614689826965,
        0.03682530298829079,
        -0.34559354186058044,
        -0.12650622427463531,
        -0.0436612144112587,
        0.9989741444587708,
        -0.012013872154057026,
        -0.08143094927072525,
        0.3447965979576111,
        0.026353979483246803,
        0.9383072853088379,
        0.5481631755828857
    ],
    [
        0.9123333692550659,
        0.04219510778784752,
        -0.4072681963443756,
        -0.18782512843608856,
        -0.050557415932416916,
        0.998673141002655,
        -0.009787392802536488,
        -0.10583192855119705,
        0.406314879655838,
        0.029519792646169662,
        0.9132562279701233,
        0.7036486268043518
    ],
    [
        0.8851233720779419,
        0.046669263392686844,
        -0.46301040053367615,
        -0.2679707109928131,
        -0.05821596831083298,
        0.9982470273971558,
        -0.010671176016330719,
        -0.12585100531578064,
        0.4617007076740265,
        0.03639990836381912,
        0.886288583278656,
        0.8712465763092041
    ],
    [
        0.860694944858551,
        0.05012243241071701,
        -0.5066476464271545,
        -0.3354968726634979,
        -0.06155850738286972,
        0.9980865120887756,
        -0.005835570394992828,
        -0.14833305776119232,
        0.5053857564926147,
        0.03621111437678337,
        0.8621334433555603,
        1.003226637840271
    ],
    [
        0.8313008546829224,
        0.053888071328401566,
        -0.5532042980194092,
        -0.3806306719779968,
        -0.06507351249456406,
        0.9978803992271423,
        -0.0005817370256409049,
        -0.16392500698566437,
        0.5520003437995911,
        0.036482539027929306,
        0.833045482635498,
        1.1315746307373047
    ],
    [
        0.8005779981613159,
        0.05898406356573105,
        -0.5963184833526611,
        -0.4195275902748108,
        -0.0720483586192131,
        0.9973992705345154,
        0.0019290657946839929,
        -0.18000280857086182,
        0.5948814749717712,
        0.04141940176486969,
        0.8027455806732178,
        1.257315754890442
    ],
    [
        0.7845304608345032,
        0.05817060545086861,
        -0.6173557639122009,
        -0.5165970921516418,
        -0.07200446724891663,
        0.997401237487793,
        0.0024778826627880335,
        -0.19984790682792664,
        0.6158955097198486,
        0.04250839352607727,
        0.7866802215576172,
        1.4200291633605957
    ],
    [
        0.7703708410263062,
        0.055217791348695755,
        -0.6352005004882812,
        -0.6137463450431824,
        -0.0688941478729248,
        0.9976189732551575,
        0.003167923307046294,
        -0.22625581920146942,
        0.6338630318641663,
        0.041321124881505966,
        0.7723408341407776,
        1.5838650465011597
    ],
    [
        0.7589255571365356,
        0.053986046463251114,
        -0.6489356160163879,
        -0.7021550536155701,
        -0.06888198852539062,
        0.9976218342781067,
        0.0024368346203118563,
        -0.24455910921096802,
        0.6475238800048828,
        0.042850591242313385,
        0.7608394026756287,
        1.7331147193908691
    ],
    [
        0.7513558864593506,
        0.0526282861828804,
        -0.657795250415802,
        -0.8046246767044067,
        -0.06858056038618088,
        0.9976444244384766,
        0.0014836033806204796,
        -0.26610714197158813,
        0.6563238501548767,
        0.043997250497341156,
        0.7531954050064087,
        1.889228105545044
    ],
    [
        0.7487926483154297,
        0.04916487634181976,
        -0.660978376865387,
        -0.8985815644264221,
        -0.06555362790822983,
        0.9978489875793457,
        -4.078178608324379e-05,
        -0.28839895129203796,
        0.6595546007156372,
        0.04336007684469223,
        0.7504050135612488,
        2.019216299057007
    ],
    [
        0.7478159070014954,
        0.04512466490268707,
        -0.6623708605766296,
        -0.994634747505188,
        -0.0628301128745079,
        0.9980199337005615,
        -0.0029440494254231453,
        -0.30928805470466614,
        0.6609264016151428,
        0.04381844401359558,
        0.7491703033447266,
        2.1529529094696045
    ],
    [
        0.7470031380653381,
        0.04346787557005882,
        -0.6633979678153992,
        -1.108402132987976,
        -0.06497032195329666,
        0.9978569746017456,
        -0.007775601930916309,
        -0.32268109917640686,
        0.6616382002830505,
        0.04890957847237587,
        0.7482263445854187,
        2.295083999633789
    ],
    [
        0.7478593587875366,
        0.04261811450123787,
        -0.6624878644943237,
        -1.2225384712219238,
        -0.06439898163080215,
        0.9978879690170288,
        -0.008503209799528122,
        -0.342159241437912,
        0.6607262492179871,
        0.049022745341062546,
        0.7490244507789612,
        2.4238829612731934
    ],
    [
        0.7528707385063171,
        0.04224066436290741,
        -0.6568114757537842,
        -1.3351258039474487,
        -0.06217104196548462,
        0.9980403780937195,
        -0.0070779272355139256,
        -0.3634186387062073,
        0.6552255153656006,
        0.0461634136736393,
        0.7540215849876404,
        2.544402837753296
    ],
    [
        0.7571778297424316,
        0.04440181702375412,
        -0.6516980528831482,
        -1.4305813312530518,
        -0.0633585974574089,
        0.9979750514030457,
        -0.0056188832968473434,
        -0.378909170627594,
        0.6501288414001465,
        0.04554516449570656,
        0.7584577202796936,
        2.6487457752227783
    ],
    [
        0.7636762261390686,
        0.04157241806387901,
        -0.6442596316337585,
        -1.558935523033142,
        -0.05913250520825386,
        0.9982339143753052,
        -0.005679519381374121,
        -0.39526546001434326,
        0.642885684967041,
        0.04243399575352669,
        0.7647857666015625,
        2.7733540534973145
    ],
    [
        0.7779458165168762,
        0.0336093045771122,
        -0.6274318695068359,
        -1.7157682180404663,
        -0.04883364960551262,
        0.9987820386886597,
        -0.007047076243907213,
        -0.4118102788925171,
        0.6264308094978333,
        0.03612203150987625,
        0.7786396145820618,
        2.899416923522949
    ],
    [
        0.7886934280395508,
        0.03046894259750843,
        -0.6140311360359192,
        -1.8460443019866943,
        -0.044142946600914,
        0.9989997744560242,
        -0.007127949967980385,
        -0.4304674565792084,
        0.613199770450592,
        0.03272691369056702,
        0.78924959897995,
        3.017428398132324
    ],
    [
        0.7999240159988403,
        0.030841220170259476,
        -0.5993083119392395,
        -1.9703670740127563,
        -0.043766047805547714,
        0.9990172386169434,
        -0.007005749270319939,
        -0.45166411995887756,
        0.5985032916069031,
        0.03183342516422272,
        0.8004875779151917,
        3.12347412109375
    ],
    [
        0.8137170076370239,
        0.02891509234905243,
        -0.5805415511131287,
        -2.089379072189331,
        -0.04229987785220146,
        0.9990595579147339,
        -0.009529432281851768,
        -0.4665490984916687,
        0.5797200798988342,
        0.032311100512742996,
        0.8141747713088989,
        3.2183148860931396
    ],
    [
        0.8348955512046814,
        0.029002776369452477,
        -0.5496438145637512,
        -2.226184844970703,
        -0.040769461542367935,
        0.9991261959075928,
        -0.009207433089613914,
        -0.48936381936073303,
        0.5488964319229126,
        0.03009592555463314,
        0.8353483080863953,
        3.3114960193634033
    ],
    [
        0.8495140075683594,
        0.027525531128048897,
        -0.5268473625183105,
        -2.33066463470459,
        -0.04015916585922241,
        0.9991145133972168,
        -0.01255510188639164,
        -0.5019196271896362,
        0.5260352492332458,
        0.03182348236441612,
        0.8498672246932983,
        3.412395477294922
    ]
]