[
    [
        0.7921345233917236,
        0.02337568625807762,
        -0.6098986268043518,
        -0.2445162534713745,
        -0.060397446155548096,
        0.9973639249801636,
        -0.040217895060777664,
        -0.14946331083774567,
        0.607350766658783,
        0.06869430840015411,
        0.7914581894874573,
        1.0769160985946655
    ],
    [
        0.7827820181846619,
        0.021343175321817398,
        -0.6219298243522644,
        -0.261108934879303,
        -0.06215158477425575,
        0.9970960021018982,
        -0.04400808736681938,
        -0.15572166442871094,
        0.6191846132278442,
        0.0731026753783226,
        0.7818353772163391,
        1.0947284698486328
    ],
    [
        0.7690306305885315,
        0.023562125861644745,
        -0.638777494430542,
        -0.2737492024898529,
        -0.06448935717344284,
        0.9970813989639282,
        -0.04086075350642204,
        -0.16032391786575317,
        0.6359504461288452,
        0.07261752337217331,
        0.7683057188987732,
        1.1100945472717285
    ],
    [
        0.755013644695282,
        0.030644217506051064,
        -0.6549926996231079,
        -0.2921885848045349,
        -0.06981948018074036,
        0.9969856142997742,
        -0.03383675217628479,
        -0.1636313498020172,
        0.6519812941551208,
        0.07127845287322998,
        0.7548773288726807,
        1.130005121231079
    ],
    [
        0.7438173294067383,
        0.028834810480475426,
        -0.6677605509757996,
        -0.3051016628742218,
        -0.067972831428051,
        0.99715256690979,
        -0.03265641629695892,
        -0.16373759508132935,
        0.6649176478385925,
        0.06967999041080475,
        0.743659496307373,
        1.1483227014541626
    ],
    [
        0.7295607328414917,
        0.029190029948949814,
        -0.6832928657531738,
        -0.320758581161499,
        -0.06786301732063293,
        0.9972478151321411,
        -0.029856156557798386,
        -0.16354727745056152,
        0.6805408000946045,
        0.06815219670534134,
        0.7295337915420532,
        1.16570246219635
    ],
    [
        0.7075233459472656,
        0.025768093764781952,
        -0.7062200307846069,
        -0.3401995599269867,
        -0.06886370480060577,
        0.9970929622650146,
        -0.032609522342681885,
        -0.16792653501033783,
        0.7033268213272095,
        0.0717049315571785,
        0.7072411179542542,
        1.189063549041748
    ],
    [
        0.6929340362548828,
        0.026033062487840652,
        -0.7205308675765991,
        -0.3540683388710022,
        -0.07086953520774841,
        0.9969678521156311,
        -0.032134342938661575,
        -0.1709541380405426,
        0.7175095677375793,
        0.07333067804574966,
        0.6926778554916382,
        1.209640383720398
    ],
    [
        0.6799793243408203,
        0.024365071207284927,
        -0.7328264117240906,
        -0.3661469519138336,
        -0.07218065112829208,
        0.9968175292015076,
        -0.033833157271146774,
        -0.17313788831233978,
        0.7296698093414307,
        0.07590173929929733,
        0.6795740723609924,
        1.228519082069397
    ],
    [
        0.653525710105896,
        0.02733277529478073,
        -0.756410539150238,
        -0.37922951579093933,
        -0.07810169458389282,
        0.9964485764503479,
        -0.03147200867533684,
        -0.17663219571113586,
        0.7528640031814575,
        0.07964473217725754,
        0.6533394455909729,
        1.2545300722122192
    ],
    [
        0.637994647026062,
        0.028687389567494392,
        -0.7695062756538391,
        -0.3882761597633362,
        -0.08047278225421906,
        0.9963179230690002,
        -0.029576685279607773,
        -0.18199627101421356,
        0.7658244371414185,
        0.0807940661907196,
        0.63795405626297,
        1.2740147113800049
    ],
    [
        0.6237579584121704,
        0.031191080808639526,
        -0.7809949517250061,
        -0.3945200741291046,
        -0.08098860085010529,
        0.9964041709899902,
        -0.024889223277568817,
        -0.18526892364025116,
        0.7774104475975037,
        0.0787765383720398,
        0.6240411400794983,
        1.2946099042892456
    ],
    [
        0.6064772605895996,
        0.03649352118372917,
        -0.7942628264427185,
        -0.40327832102775574,
        -0.08956552296876907,
        0.9957235455513,
        -0.022639857605099678,
        -0.18914632499217987,
        0.7900400757789612,
        0.0848691314458847,
        0.6071522831916809,
        1.3218514919281006
    ],
    [
        0.5936108827590942,
        0.035874489694833755,
        -0.8039522767066956,
        -0.40759748220443726,
        -0.09069300442934036,
        0.9956238865852356,
        -0.022537218406796455,
        -0.1922130137681961,
        0.7996254563331604,
        0.08629119396209717,
        0.5942665934562683,
        1.3420374393463135
    ],
    [
        0.5813049674034119,
        0.03697254881262779,
        -0.8128453493118286,
        -0.410419762134552,
        -0.0894145667552948,
        0.9958199262619019,
        -0.01864948309957981,
        -0.1942642331123352,
        0.8087579607963562,
        0.08352126181125641,
        0.5821809768676758,
        1.3622530698776245
    ],
    [
        0.5653606057167053,
        0.04686480760574341,
        -0.8235113620758057,
        -0.4147895574569702,
        -0.08973825722932816,
        0.9959531426429749,
        -0.004929277580231428,
        -0.19383159279823303,
        0.8199478983879089,
        0.076687291264534,
        0.5672783255577087,
        1.3878681659698486
    ],
    [
        0.5538049340248108,
        0.048575371503829956,
        -0.8312281966209412,
        -0.4162176549434662,
        -0.09332814812660217,
        0.9956273436546326,
        -0.003997244872152805,
        -0.1936902552843094,
        0.827399492263794,
        0.07979069650173187,
        0.5559168457984924,
        1.40497624874115
    ],
    [
        0.5433927178382874,
        0.049065448343753815,
        -0.8380434513092041,
        -0.41554445028305054,
        -0.09340976178646088,
        0.9956251382827759,
        -0.002276040380820632,
        -0.19141051173210144,
        0.8342654705047607,
        0.07951822131872177,
        0.5455987453460693,
        1.4202239513397217
    ],
    [
        0.5305657982826233,
        0.060646314173936844,
        -0.8454715013504028,
        -0.4173841178417206,
        -0.09513113647699356,
        0.9953959584236145,
        0.011702071875333786,
        -0.1810332089662552,
        0.8422885537147522,
        0.07422193884849548,
        0.5338923335075378,
        1.4436577558517456
    ],
    [
        0.5235556364059448,
        0.06913146376609802,
        -0.84918212890625,
        -0.4154018759727478,
        -0.09478604793548584,
        0.9952414631843567,
        0.022582605481147766,
        -0.17365947365760803,
        0.8467024564743042,
        0.06866738945245743,
        0.5276168584823608,
        1.4591000080108643
    ],
    [
        0.5169172286987305,
        0.07858727872371674,
        -0.852420449256897,
        -0.41323620080947876,
        -0.09292391687631607,
        0.9950442314147949,
        0.0353861078619957,
        -0.16221436858177185,
        0.8509768843650818,
        0.060918569564819336,
        0.5216580629348755,
        1.4710009098052979
    ],
    [
        0.5116058588027954,
        0.09010179340839386,
        -0.8544830083847046,
        -0.4093983471393585,
        -0.09171649068593979,
        0.9945313334465027,
        0.049955807626247406,
        -0.15292474627494812,
        0.8543112277984619,
        0.05281249061226845,
        0.5170717835426331,
        1.4839091300964355
    ],
    [
        0.511481523513794,
        0.09445078670978546,
        -0.8540875911712646,
        -0.4059031307697296,
        -0.08951243758201599,
        0.9943897724151611,
        0.05636066198348999,
        -0.14514954388141632,
        0.8546193242073059,
        0.04762401804327965,
        0.517066478729248,
        1.4894416332244873
    ],
    [
        0.5118047595024109,
        0.10253698378801346,
        -0.8529608249664307,
        -0.4004061818122864,
        -0.087795190513134,
        0.9938962459564209,
        0.06679924577474594,
        -0.1373434066772461,
        0.8546038866043091,
        0.04069767892360687,
        0.5176830887794495,
        1.4946094751358032
    ],
    [
        0.5167139172554016,
        0.11006242781877518,
        -0.8490542769432068,
        -0.3932143449783325,
        -0.08218754827976227,
        0.993499219417572,
        0.07876938581466675,
        -0.12644635140895844,
        0.8522042036056519,
        0.029080413281917572,
        0.5224004983901978,
        1.5000723600387573
    ]
]