[
    [
        0.9982601404190063,
        0.011237841099500656,
        -0.05788334831595421,
        0.14416992664337158,
        -0.011190779507160187,
        0.9999367594718933,
        0.0011371162254363298,
        0.03485889732837677,
        0.05789246782660484,
        -0.00048737763427197933,
        0.9983226656913757,
        -0.21451261639595032
    ],
    [
        0.9975409507751465,
        0.014121434651315212,
        -0.06864868104457855,
        0.1648174226284027,
        -0.014066019095480442,
        0.9999002814292908,
        0.001290573040023446,
        0.044753000140190125,
        0.06866005063056946,
        -0.00032178586116060615,
        0.9976400136947632,
        -0.26956868171691895
    ],
    [
        0.9967805743217468,
        0.017093336209654808,
        -0.07833389192819595,
        0.183556467294693,
        -0.016988592222332954,
        0.9998537302017212,
        0.002003417583182454,
        0.056577764451503754,
        0.07835667580366135,
        -0.0006661859224550426,
        0.9969251751899719,
        -0.32474178075790405
    ],
    [
        0.9959138631820679,
        0.019785834476351738,
        -0.08811376988887787,
        0.1986730545759201,
        -0.01949870027601719,
        0.9998013973236084,
        0.004118270706385374,
        0.06778842210769653,
        0.08817775547504425,
        -0.002383338985964656,
        0.9961018562316895,
        -0.37629884481430054
    ],
    [
        0.9946721792221069,
        0.02223985269665718,
        -0.10066154599189758,
        0.21090500056743622,
        -0.021995406597852707,
        0.9997518658638,
        0.0035377335734665394,
        0.07795055210590363,
        0.10071524232625961,
        -0.0013047938700765371,
        0.9949144124984741,
        -0.4310089647769928
    ],
    [
        0.9934332370758057,
        0.025024596601724625,
        -0.11164344102144241,
        0.22024919092655182,
        -0.02474985644221306,
        0.9996863007545471,
        0.0038463338278234005,
        0.08209192007780075,
        0.11170467734336853,
        -0.0010579170193523169,
        0.9937408566474915,
        -0.46826714277267456
    ],
    [
        0.9917077422142029,
        0.027828121557831764,
        -0.12546484172344208,
        0.22993697226047516,
        -0.02743559144437313,
        0.9996116757392883,
        0.004855802748352289,
        0.08583167940378189,
        0.1255512833595276,
        -0.0013733345549553633,
        0.9920861124992371,
        -0.5013516545295715
    ],
    [
        0.9893380403518677,
        0.030720911920070648,
        -0.14236025512218475,
        0.2434309870004654,
        -0.030265573412179947,
        0.9995275139808655,
        0.005363245494663715,
        0.0922035500407219,
        0.1424577534198761,
        -0.0009974470594897866,
        0.9898002743721008,
        -0.5341571569442749
    ],
    [
        0.9848023056983948,
        0.034947872161865234,
        -0.17012661695480347,
        0.2617665231227875,
        -0.03432246670126915,
        0.9993889331817627,
        0.006616667378693819,
        0.10259763151407242,
        0.17025388777256012,
        -0.0006769434548914433,
        0.9853999018669128,
        -0.5724983811378479
    ],
    [
        0.9796974062919617,
        0.0390569232404232,
        -0.19664046168327332,
        0.2736702263355255,
        -0.03829453885555267,
        0.9992370009422302,
        0.007679281756281853,
        0.11148343235254288,
        0.19679033756256104,
        6.883637979626656e-06,
        0.9804455637931824,
        -0.5991089940071106
    ],
    [
        0.9726489782333374,
        0.044339604675769806,
        -0.2280084639787674,
        0.28384101390838623,
        -0.04337361082434654,
        0.9990161657333374,
        0.00924824271351099,
        0.12205452471971512,
        0.2281941920518875,
        0.0008942544809542596,
        0.9736151695251465,
        -0.6264038681983948
    ],
    [
        0.9632242918014526,
        0.05021969601511955,
        -0.2639635503292084,
        0.2916584312915802,
        -0.0490875244140625,
        0.9987351894378662,
        0.010887393727898598,
        0.13425177335739136,
        0.26417645812034607,
        0.0024703152012079954,
        0.9644712209701538,
        -0.6526015996932983
    ],
    [
        0.9479542374610901,
        0.05853959918022156,
        -0.3129790425300598,
        0.29861196875572205,
        -0.05655188113451004,
        0.99828040599823,
        0.01543340366333723,
        0.14905351400375366,
        0.3133443295955658,
        0.0030693956650793552,
        0.9496346116065979,
        -0.6844291687011719
    ],
    [
        0.9317150115966797,
        0.06560823321342468,
        -0.35721513628959656,
        0.30196455121040344,
        -0.06321704387664795,
        0.9978305697441101,
        0.01838003471493721,
        0.1593378186225891,
        0.35764601826667786,
        0.005457127001136541,
        0.9338412284851074,
        -0.710740864276886
    ],
    [
        0.9118457436561584,
        0.07250755280256271,
        -0.40407928824424744,
        0.3043079972267151,
        -0.06983477622270584,
        0.9973296523094177,
        0.021370533853769302,
        0.17131230235099792,
        0.4045497477054596,
        0.008732159622013569,
        0.9144741892814636,
        -0.7324752807617188
    ],
    [
        0.888015866279602,
        0.07905177772045135,
        -0.4529663622379303,
        0.30616509914398193,
        -0.07612808793783188,
        0.9967917203903198,
        0.024715302512049675,
        0.18233366310596466,
        0.45346689224243164,
        0.012535878457129002,
        0.89118492603302,
        -0.7547541856765747
    ],
    [
        0.8535794615745544,
        0.08957549929618835,
        -0.5132039189338684,
        0.30852794647216797,
        -0.08581963926553726,
        0.995826005935669,
        0.03107483871281147,
        0.19519732892513275,
        0.5138453245162964,
        0.01751812733709812,
        0.8577038645744324,
        -0.7843384146690369
    ],
    [
        0.822199285030365,
        0.09597844630479813,
        -0.5610495805740356,
        0.3096378445625305,
        -0.0926983654499054,
        0.9951003789901733,
        0.03438495472073555,
        0.20498287677764893,
        0.5616007447242737,
        0.023737085983157158,
        0.8270679116249084,
        -0.808013379573822
    ],
    [
        0.7876459360122681,
        0.1038551777601242,
        -0.6073120832443237,
        0.30757924914360046,
        -0.10051319003105164,
        0.9941455125808716,
        0.03964738920331001,
        0.21365571022033691,
        0.6078741550445557,
        0.029814768582582474,
        0.7934734225273132,
        -0.8323812484741211
    ],
    [
        0.7483036518096924,
        0.11116506904363632,
        -0.6539756059646606,
        0.30078908801078796,
        -0.10790322721004486,
        0.993126630783081,
        0.04534820094704628,
        0.2242700159549713,
        0.6545217037200928,
        0.036631859838962555,
        0.7551553249359131,
        -0.859904944896698
    ],
    [
        0.6897642612457275,
        0.12168952077627182,
        -0.7137344479560852,
        0.28817179799079895,
        -0.11751638352870941,
        0.9915199279785156,
        0.05548138543963432,
        0.2407059520483017,
        0.714433491230011,
        0.04560643061995506,
        0.6982154846191406,
        -0.901932954788208
    ],
    [
        0.6359702944755554,
        0.12856513261795044,
        -0.7609288692474365,
        0.27522480487823486,
        -0.12498372048139572,
        0.9901668429374695,
        0.06283769011497498,
        0.2515980005264282,
        0.7615253329277039,
        0.05514081194996834,
        0.6457852721214294,
        -0.938042163848877
    ],
    [
        0.5765731334686279,
        0.13648925721645355,
        -0.8055644631385803,
        0.2586126923561096,
        -0.13207963109016418,
        0.9885504245758057,
        0.07295873016119003,
        0.26085665822029114,
        0.8062992095947266,
        0.06433261185884476,
        0.5879989862442017,
        -0.9702102541923523
    ],
    [
        0.5100864768028259,
        0.14047709107398987,
        -0.8485741019248962,
        0.23736029863357544,
        -0.13694170117378235,
        0.9872522354125977,
        0.08111750334501266,
        0.2663975954055786,
        0.8491518497467041,
        0.07482823729515076,
        0.5228212475776672,
        -1.0000789165496826
    ],
    [
        0.42105379700660706,
        0.14780952036380768,
        -0.8949111700057983,
        0.19972217082977295,
        -0.14321555197238922,
        0.985090434551239,
        0.09532152116298676,
        0.27523553371429443,
        0.8956578373908997,
        0.08802973479032516,
        0.43594467639923096,
        -1.0417509078979492
    ]
]