[
    [
        0.991013765335083,
        -0.0189399104565382,
        0.132411926984787,
        -0.012371880002319813,
        0.017403436824679375,
        0.9997671842575073,
        0.012751526199281216,
        -0.05670687183737755,
        -0.1326226145029068,
        -0.010332515463232994,
        0.9911127686500549,
        0.8645201921463013
    ],
    [
        0.9874358177185059,
        -0.022071238607168198,
        0.1564718633890152,
        0.028015946969389915,
        0.019748957827687263,
        0.9996708035469055,
        0.016380872577428818,
        -0.07447870820760727,
        -0.1567818969488144,
        -0.013084905222058296,
        0.9875466227531433,
        1.0396043062210083
    ],
    [
        0.983712911605835,
        -0.02441895194351673,
        0.17808061838150024,
        0.08018516004085541,
        0.021420031785964966,
        0.9995948076248169,
        0.01874375343322754,
        -0.10596080124378204,
        -0.17846618592739105,
        -0.014623980969190598,
        0.9838373064994812,
        1.225692868232727
    ],
    [
        0.9798461198806763,
        -0.024027084931731224,
        0.1983034461736679,
        0.13860782980918884,
        0.021080506965517998,
        0.9996339082717896,
        0.016957027837634087,
        -0.12887319922447205,
        -0.19863829016685486,
        -0.012434940785169601,
        0.9799939393997192,
        1.4321274757385254
    ],
    [
        0.9761341214179993,
        -0.024654801934957504,
        0.2157643735408783,
        0.19597484171390533,
        0.021580703556537628,
        0.9996294379234314,
        0.016592204570770264,
        -0.1485477089881897,
        -0.2160934954881668,
        -0.011539869010448456,
        0.9763045310974121,
        1.6490384340286255
    ],
    [
        0.9725586771965027,
        -0.024408286437392235,
        0.23137371242046356,
        0.2629491984844208,
        0.022820498794317245,
        0.9996941089630127,
        0.009536712430417538,
        -0.16967138648033142,
        -0.2315356731414795,
        -0.00399495055899024,
        0.9728181958198547,
        1.8446390628814697
    ],
    [
        0.9691256284713745,
        -0.028877034783363342,
        0.2448708713054657,
        0.38045740127563477,
        0.029152847826480865,
        0.9995718598365784,
        0.002498864894732833,
        -0.19752651453018188,
        -0.24483820796012878,
        0.004716967698186636,
        0.9695525169372559,
        2.081479787826538
    ],
    [
        0.9667509198188782,
        -0.035271815955638885,
        0.25327566266059875,
        0.5117658972740173,
        0.03664979711174965,
        0.9993278980255127,
        -0.0007229865295812488,
        -0.23332267999649048,
        -0.25307995080947876,
        0.009981449693441391,
        0.9673938751220703,
        2.2886691093444824
    ],
    [
        0.9646028876304626,
        -0.036724116653203964,
        0.2611372470855713,
        0.6372177600860596,
        0.03975602984428406,
        0.9991893768310547,
        -0.006335492245852947,
        -0.2554902732372284,
        -0.26069289445877075,
        0.01649301126599312,
        0.9652809500694275,
        2.472381591796875
    ],
    [
        0.9627121686935425,
        -0.03184244781732559,
        0.2686474025249481,
        0.7652113437652588,
        0.03536982461810112,
        0.999339759349823,
        -0.00829909835010767,
        -0.27041304111480713,
        -0.26820582151412964,
        0.017491651698946953,
        0.9632028937339783,
        2.6918580532073975
    ],
    [
        0.9611278176307678,
        -0.02591092698276043,
        0.2748853266239166,
        0.8911890983581543,
        0.029209047555923462,
        0.9995419979095459,
        -0.00791080854833126,
        -0.28442099690437317,
        -0.27455446124076843,
        0.01563243940472603,
        0.9614443778991699,
        2.895977258682251
    ],
    [
        0.9619706869125366,
        -0.025995083153247833,
        0.27191290259361267,
        1.0452672243118286,
        0.028558531776070595,
        0.9995771646499634,
        -0.005473737604916096,
        -0.29550477862358093,
        -0.2716556191444397,
        0.01303100772202015,
        0.9623063206672668,
        3.0992090702056885
    ],
    [
        0.9637680649757385,
        -0.02934369444847107,
        0.26512274146080017,
        1.239936113357544,
        0.030237194150686264,
        0.9995425343513489,
        0.0007114639738574624,
        -0.3081900477409363,
        -0.2650223672389984,
        0.007330880034714937,
        0.9642144441604614,
        3.3303139209747314
    ],
    [
        0.9660808444023132,
        -0.026934463530778885,
        0.2568317651748657,
        1.3901258707046509,
        0.026929866522550583,
        0.9996311068534851,
        0.0035357894375920296,
        -0.3132149875164032,
        -0.25683221220970154,
        0.0035005835816264153,
        0.9664496779441833,
        3.529125928878784
    ],
    [
        0.9696946144104004,
        -0.020491888746619225,
        0.243459090590477,
        1.520519495010376,
        0.019963828846812248,
        0.9997899532318115,
        0.004636361729353666,
        -0.3131532371044159,
        -0.24350297451019287,
        0.0003645191609393805,
        0.9699001908302307,
        3.7403433322906494
    ],
    [
        0.9738996028900146,
        -0.01110564824193716,
        0.22670719027519226,
        1.6447443962097168,
        0.010664506815373898,
        0.9999380707740784,
        0.0031706199515610933,
        -0.3163315951824188,
        -0.2267283797264099,
        -0.0006701453239656985,
        0.9739578366279602,
        3.96022629737854
    ],
    [
        0.9794509410858154,
        -0.009858373552560806,
        0.20144158601760864,
        1.7627166509628296,
        0.00914751086384058,
        0.9999482035636902,
        0.004459483083337545,
        -0.30877673625946045,
        -0.201475128531456,
        -0.0025251570623368025,
        0.9794904589653015,
        4.167480945587158
    ],
    [
        0.9858246445655823,
        -0.013837157748639584,
        0.1672077625989914,
        1.8934739828109741,
        0.013263191096484661,
        0.9999016523361206,
        0.0045487647876143456,
        -0.3207831382751465,
        -0.16725429892539978,
        -0.002266574651002884,
        0.9859113097190857,
        4.365387439727783
    ],
    [
        0.9917137026786804,
        -0.012444273568689823,
        0.12786346673965454,
        2.007038116455078,
        0.012637831270694733,
        0.9999198913574219,
        -0.0007026985404081643,
        -0.32648158073425293,
        -0.12784457206726074,
        0.00231279362924397,
        0.9917916059494019,
        4.564934253692627
    ],
    [
        0.9956825375556946,
        -0.009694141335785389,
        0.09231730550527573,
        2.09336256980896,
        0.009713762439787388,
        0.9999527931213379,
        0.00023666686320211738,
        -0.33388543128967285,
        -0.09231506288051605,
        0.0006611001444980502,
        0.9957295656204224,
        4.767646789550781
    ],
    [
        0.9983975291252136,
        -0.009097767062485218,
        0.055852122604846954,
        2.1831655502319336,
        0.0089715039357543,
        0.9999566078186035,
        0.0025110668502748013,
        -0.3453415334224701,
        -0.05587253347039223,
        -0.0020059652160853148,
        0.998435914516449,
        4.9691267013549805
    ],
    [
        0.9998404383659363,
        -0.009789553470909595,
        0.014944121241569519,
        2.2858057022094727,
        0.009648510254919529,
        0.999908447265625,
        0.009481502696871758,
        -0.35350000858306885,
        -0.015035571530461311,
        -0.009335802868008614,
        0.999843418598175,
        5.202366352081299
    ],
    [
        0.9996988773345947,
        -0.007438965141773224,
        -0.02338171750307083,
        2.3786773681640625,
        0.007763277273625135,
        0.9998745322227478,
        0.013810156844556332,
        -0.37802305817604065,
        0.023275911808013916,
        -0.01398751512169838,
        0.9996312260627747,
        5.40442419052124
    ],
    [
        0.9982044100761414,
        0.0011329782428219914,
        -0.05988864600658417,
        2.441667318344116,
        -0.00027515782858245075,
        0.9998972415924072,
        0.01432984322309494,
        -0.388957679271698,
        0.05989885330200195,
        -0.014287632890045643,
        0.9981022477149963,
        5.589296817779541
    ],
    [
        0.9947631359100342,
        0.013416320085525513,
        -0.10132265090942383,
        2.4763712882995605,
        -0.011383527889847755,
        0.9997226595878601,
        0.020614126697182655,
        -0.38491931557655334,
        0.10157094150781631,
        -0.019352763891220093,
        0.9946399927139282,
        5.813764572143555
    ]
]