[
    [
        0.9819096326828003,
        0.012692833319306374,
        0.1889239400625229,
        -0.060834817588329315,
        -0.009329834021627903,
        0.9997820854187012,
        -0.018679538741707802,
        -0.020329829305410385,
        -0.1891198605298996,
        0.01657898910343647,
        0.9818140268325806,
        -0.029559269547462463
    ],
    [
        0.9717594981193542,
        0.016048762947320938,
        0.23542726039886475,
        -0.03597883880138397,
        -0.011775416322052479,
        0.9997395873069763,
        -0.019546223804354668,
        -0.021760014817118645,
        -0.23567967116832733,
        0.016221972182393074,
        0.9716953635215759,
        -0.02826709672808647
    ],
    [
        0.958328366279602,
        0.018057117238640785,
        0.28509780764579773,
        -0.0011683100601658225,
        -0.013595705851912498,
        0.9997523427009583,
        -0.017620248720049858,
        -0.022386638447642326,
        -0.2853453755378723,
        0.013009878806769848,
        0.9583364129066467,
        -0.024309618398547173
    ],
    [
        0.9431076645851135,
        0.01921156421303749,
        0.3319321274757385,
        0.040324121713638306,
        -0.015166955068707466,
        0.9997758865356445,
        -0.01477165799587965,
        -0.022867871448397636,
        -0.3321414887905121,
        0.008896863088011742,
        0.9431876540184021,
        -0.023199141025543213
    ],
    [
        0.9286298155784607,
        0.016655925661325455,
        0.3706333041191101,
        0.0839727371931076,
        -0.014361958019435406,
        0.9998567700386047,
        -0.00894845835864544,
        -0.02326805330812931,
        -0.3707292675971985,
        0.0029867850244045258,
        0.92873615026474,
        -0.023082341998815536
    ],
    [
        0.9088987708091736,
        0.012997257523238659,
        0.4168141782283783,
        0.1366291046142578,
        -0.014257549308240414,
        0.9998983144760132,
        -8.940864790929481e-05,
        -0.023886382579803467,
        -0.4167729914188385,
        -0.005861484911292791,
        0.9089916944503784,
        -0.012770992703735828
    ],
    [
        0.883519172668457,
        0.007611424662172794,
        0.46833306550979614,
        0.19293712079524994,
        -0.01541344728320837,
        0.9997988939285278,
        0.012828865088522434,
        -0.019314348697662354,
        -0.4681412875652313,
        -0.018553173169493675,
        0.8834588527679443,
        0.026507606729865074
    ],
    [
        0.8588916063308716,
        0.0024967100471258163,
        0.5121513605117798,
        0.24790087342262268,
        -0.017371315509080887,
        0.9995548129081726,
        0.024259384721517563,
        -0.018316032364964485,
        -0.5118627548217773,
        -0.029732922092080116,
        0.8585526347160339,
        0.09264471381902695
    ],
    [
        0.8323553204536438,
        -0.005702447611838579,
        0.5542130470275879,
        0.3131500780582428,
        -0.01518938597291708,
        0.9993367195129395,
        0.03309490159153938,
        -0.021694332361221313,
        -0.5540342330932617,
        -0.03596487641334534,
        0.8317165970802307,
        0.17391826212406158
    ],
    [
        0.809261679649353,
        -0.013405058532953262,
        0.5872952342033386,
        0.3880319893360138,
        -0.011548090726137161,
        0.9991833567619324,
        0.03871909901499748,
        -0.013061362318694592,
        -0.5873346924781799,
        -0.03811602294445038,
        0.8084461092948914,
        0.2630472183227539
    ],
    [
        0.7967581152915955,
        -0.02000155858695507,
        0.6039673089981079,
        0.46756160259246826,
        -0.005154620856046677,
        0.9991907477378845,
        0.039890170097351074,
        -0.0071825748309493065,
        -0.6042764782905579,
        -0.03489603474736214,
        0.7960101962089539,
        0.3665826916694641
    ],
    [
        0.7899324297904968,
        -0.02390388585627079,
        0.6127277612686157,
        0.5358152389526367,
        -0.0023450900334864855,
        0.9991148710250854,
        0.04200100898742676,
        -0.007411187049001455,
        -0.6131893396377563,
        -0.034614868462085724,
        0.7891771197319031,
        0.4786699414253235
    ],
    [
        0.7852210998535156,
        -0.02767021209001541,
        0.6185969114303589,
        0.6216516494750977,
        0.004039971623569727,
        0.9992087483406067,
        0.03956703469157219,
        -0.014406125992536545,
        -0.6192022562026978,
        -0.02856975980103016,
        0.7847115993499756,
        0.5911205410957336
    ],
    [
        0.7827908992767334,
        -0.026050209999084473,
        0.6217392683029175,
        0.7228823304176331,
        0.007287735119462013,
        0.9994385838508606,
        0.03269989788532257,
        -0.0189360324293375,
        -0.6222421526908875,
        -0.02106611244380474,
        0.7825412750244141,
        0.7013018131256104
    ],
    [
        0.7813748717308044,
        -0.019268425181508064,
        0.6237645149230957,
        0.8154499530792236,
        0.006246434524655342,
        0.9997146725654602,
        0.02305697277188301,
        -0.02844376675784588,
        -0.6240307688713074,
        -0.014119832776486874,
        0.7812721133232117,
        0.8021178245544434
    ],
    [
        0.7795368432998657,
        -0.010643158107995987,
        0.6262659430503845,
        0.9240012764930725,
        -0.00012086419883416966,
        0.9998530745506287,
        0.017142577096819878,
        -0.02383446879684925,
        -0.6263563632965088,
        -0.013438966125249863,
        0.7794210314750671,
        0.9289064407348633
    ],
    [
        0.7758869528770447,
        -0.0005052373744547367,
        0.6308718323707581,
        1.0364658832550049,
        -0.0070754350163042545,
        0.9999297857284546,
        0.009502625092864037,
        -0.024126138538122177,
        -0.6308324337005615,
        -0.01183665543794632,
        0.7758288979530334,
        1.04374098777771
    ],
    [
        0.7707027792930603,
        0.007846612483263016,
        0.6371464729309082,
        1.1602727174758911,
        -0.01401865016669035,
        0.9998909831047058,
        0.004643287975341082,
        -0.02590559981763363,
        -0.6370406150817871,
        -0.012510528787970543,
        0.7707287669181824,
        1.1572904586791992
    ],
    [
        0.7645224928855896,
        0.008247881196439266,
        0.6445443630218506,
        1.2670035362243652,
        -0.019773663952946663,
        0.9997476935386658,
        0.010661188513040543,
        -0.031642865389585495,
        -0.6442936658859253,
        -0.02089572325348854,
        0.7644926309585571,
        1.2596033811569214
    ],
    [
        0.7571709752082825,
        0.0072355023585259914,
        0.6531766653060913,
        1.391377568244934,
        -0.02781260758638382,
        0.9993890523910522,
        0.021170109510421753,
        -0.025397609919309616,
        -0.6526243686676025,
        -0.03419593721628189,
        0.7569095492362976,
        1.3876045942306519
    ],
    [
        0.7494974732398987,
        0.0029067916329950094,
        0.662000834941864,
        1.5161479711532593,
        -0.030708737671375275,
        0.9990665912628174,
        0.030380692332983017,
        -0.027406353503465652,
        -0.6612945795059204,
        -0.04309946298599243,
        0.7488871216773987,
        1.5036115646362305
    ],
    [
        0.7435099482536316,
        8.041259570745751e-05,
        0.668724775314331,
        1.6313530206680298,
        -0.031593114137649536,
        0.9988875985145569,
        0.035006143152713776,
        -0.024872250854969025,
        -0.6679781079292297,
        -0.04715451970696449,
        0.7426854372024536,
        1.6032625436782837
    ],
    [
        0.7375516891479492,
        -0.002987013664096594,
        0.6752840876579285,
        1.7584394216537476,
        -0.030895469710230827,
        0.9987937808036804,
        0.03816232457756996,
        -0.02145085483789444,
        -0.6745836138725281,
        -0.04900991544127464,
        0.7365698218345642,
        1.7211966514587402
    ],
    [
        0.7320787310600281,
        -0.0022249685134738684,
        0.6812164187431335,
        1.8892043828964233,
        -0.03147066757082939,
        0.9988165497779846,
        0.03708270192146301,
        -0.01444985717535019,
        -0.6804926991462708,
        -0.048585787415504456,
        0.7311424016952515,
        1.8450032472610474
    ],
    [
        0.7330427765846252,
        -0.00023705742205493152,
        0.6801825165748596,
        2.026386022567749,
        -0.031079374253749847,
        0.9989438056945801,
        0.03384285792708397,
        -0.008712127804756165,
        -0.6794720888137817,
        -0.045947909355163574,
        0.732261061668396,
        1.9671684503555298
    ]
]