[
    [
        0.9529256820678711,
        0.013662999495863914,
        -0.30289581418037415,
        -0.3299679756164551,
        -0.017236214131116867,
        0.999809741973877,
        -0.00912667065858841,
        -0.001803053542971611,
        0.3027135133743286,
        0.013917815871536732,
        0.9529799818992615,
        0.4195884168148041
    ],
    [
        0.9450920820236206,
        0.01482563465833664,
        -0.3264675438404083,
        -0.3664076626300812,
        -0.018714366480708122,
        0.9997863173484802,
        -0.00877371709793806,
        -0.001752435346134007,
        0.3262677490711212,
        0.014401604421436787,
        0.9451676607131958,
        0.4685271680355072
    ],
    [
        0.9364408254623413,
        0.013572937808930874,
        -0.3505628705024719,
        -0.3991082012653351,
        -0.017632462084293365,
        0.9998093843460083,
        -0.008390529081225395,
        -0.0028060416225343943,
        0.35038214921951294,
        0.01403852179646492,
        0.9365015625953674,
        0.5159686803817749
    ],
    [
        0.9275884032249451,
        0.011011768132448196,
        -0.37344154715538025,
        -0.4360380470752716,
        -0.014855151996016502,
        0.9998621344566345,
        -0.007415391504764557,
        -0.004292599856853485,
        0.3733084201812744,
        0.012425962835550308,
        0.9276241064071655,
        0.5729352235794067
    ],
    [
        0.9174103140830994,
        0.00923319160938263,
        -0.3978354334831238,
        -0.4881037473678589,
        -0.01255505159497261,
        0.9999046921730042,
        -0.005745645146816969,
        -0.006458848714828491,
        0.39774447679519653,
        0.010265958495438099,
        0.9174386858940125,
        0.6427397727966309
    ],
    [
        0.9090175032615662,
        0.008358524180948734,
        -0.4166739881038666,
        -0.5322936773300171,
        -0.011652413755655289,
        0.9999176859855652,
        -0.005362494848668575,
        -0.00550887081772089,
        0.41659486293792725,
        0.009729859419167042,
        0.9090401530265808,
        0.6959580779075623
    ],
    [
        0.9004290699958801,
        0.007745209150016308,
        -0.43493399024009705,
        -0.5754296779632568,
        -0.010713675990700722,
        0.9999329447746277,
        -0.004373570438474417,
        -0.006517020519822836,
        0.43487098813056946,
        0.00859783124178648,
        0.9004517197608948,
        0.7489770650863647
    ],
    [
        0.8918746709823608,
        0.006725268438458443,
        -0.4522324800491333,
        -0.6184377074241638,
        -0.008937356993556023,
        0.9999563097953796,
        -0.002755282213911414,
        -0.008044778369367123,
        0.4521942138671875,
        0.006499129813164473,
        0.8918957710266113,
        0.804142951965332
    ],
    [
        0.8821808099746704,
        0.004996846430003643,
        -0.4708843231201172,
        -0.6733332276344299,
        -0.006348700728267431,
        0.9999789595603943,
        -0.0012826105812564492,
        -0.008650106377899647,
        0.4708680510520935,
        0.00412099901586771,
        0.8821941018104553,
        0.8701969385147095
    ],
    [
        0.8744590282440186,
        0.0033060675486922264,
        -0.4850881099700928,
        -0.718701958656311,
        -0.004367385525256395,
        0.9999898672103882,
        -0.0010576746426522732,
        -0.006832634098827839,
        0.48507970571517944,
        0.0030434606596827507,
        0.8744646906852722,
        0.9243921041488647
    ],
    [
        0.8663508296012878,
        0.001706955605186522,
        -0.4994330406188965,
        -0.7599024772644043,
        -0.0020164037123322487,
        0.9999979734420776,
        -8.001324749784544e-05,
        -0.007272318005561829,
        0.49943187832832336,
        0.0010763781610876322,
        0.8663524985313416,
        0.9808425903320312
    ],
    [
        0.8578619360923767,
        0.0008281251648440957,
        -0.5138797163963318,
        -0.7966496348381042,
        3.141232082271017e-05,
        0.9999986290931702,
        0.001663952018134296,
        -0.009538224898278713,
        0.5138803720474243,
        -0.0014435831690207124,
        0.8578607439994812,
        1.038560152053833
    ],
    [
        0.848253607749939,
        0.0009197650942951441,
        -0.5295894145965576,
        -0.8413554430007935,
        0.001147500704973936,
        0.9999930262565613,
        0.0035747115034610033,
        -0.011431598104536533,
        0.5295889973640442,
        -0.003639966482296586,
        0.8482465744018555,
        1.1059532165527344
    ],
    [
        0.8406193852424622,
        0.002302811946719885,
        -0.5416214466094971,
        -0.8776895999908447,
        0.0007391723338514566,
        0.9999852180480957,
        0.005398862529546022,
        -0.013590991497039795,
        0.5416258573532104,
        -0.004938739817589521,
        0.8406050205230713,
        1.1599507331848145
    ],
    [
        0.8337641954421997,
        0.004693552386015654,
        -0.5521007776260376,
        -0.9158039689064026,
        -0.0004049692943226546,
        0.9999688267707825,
        0.00788942538201809,
        -0.01717827469110489,
        0.5521206259727478,
        -0.0063543361611664295,
        0.8337400555610657,
        1.2116097211837769
    ],
    [
        0.826799750328064,
        0.007141650654375553,
        -0.5624510645866394,
        -0.9530580043792725,
        -0.001967330928891897,
        0.9999499917030334,
        0.009804772213101387,
        -0.018941640853881836,
        0.5624929070472717,
        -0.00700005516409874,
        0.8267725110054016,
        1.2629916667938232
    ],
    [
        0.8182708621025085,
        0.009424264542758465,
        -0.5747555494308472,
        -0.995304524898529,
        -0.004186405334621668,
        0.9999368190765381,
        0.010435836389660835,
        -0.018232619389891624,
        0.5748175382614136,
        -0.0061331819742918015,
        0.81825852394104,
        1.3241851329803467
    ],
    [
        0.8100729584693909,
        0.011618970893323421,
        -0.5862139463424683,
        -1.0253865718841553,
        -0.006094423588365316,
        0.9999164342880249,
        0.011396987363696098,
        -0.01946360431611538,
        0.5862973928451538,
        -0.005659753456711769,
        0.8100759387016296,
        1.3743929862976074
    ],
    [
        0.8012243509292603,
        0.014696001075208187,
        -0.5981833934783936,
        -1.0520094633102417,
        -0.008751004002988338,
        0.9998792409896851,
        0.012843401171267033,
        -0.0221090167760849,
        0.5982999801635742,
        -0.005055742338299751,
        0.8012562990188599,
        1.4222602844238281
    ],
    [
        0.792006254196167,
        0.018779121339321136,
        -0.6102240681648254,
        -1.0761263370513916,
        -0.012582468800246716,
        0.9998165965080261,
        0.014437783509492874,
        -0.024388257414102554,
        0.6103833317756653,
        -0.003756690537557006,
        0.7920973300933838,
        1.4681884050369263
    ],
    [
        0.7809272408485413,
        0.023830100893974304,
        -0.6241673231124878,
        -1.1044570207595825,
        -0.017951324582099915,
        0.9997155070304871,
        0.015708355233073235,
        -0.024989278987050056,
        0.6243640184402466,
        -0.0010624511633068323,
        0.7811327576637268,
        1.5183653831481934
    ],
    [
        0.7720544338226318,
        0.027268633246421814,
        -0.6349712610244751,
        -1.1307058334350586,
        -0.022292835637927055,
        0.9996262192726135,
        0.015823019668459892,
        -0.023840606212615967,
        0.6351653337478638,
        0.0019390764646232128,
        0.7723737359046936,
        1.5639876127243042
    ],
    [
        0.7635334730148315,
        0.030330248177051544,
        -0.6450555920600891,
        -1.1602119207382202,
        -0.025853682309389114,
        0.9995312690734863,
        0.01639529876410961,
        -0.024059701710939407,
        0.6452505588531494,
        0.0041587031446397305,
        0.7639597654342651,
        1.61555814743042
    ],
    [
        0.7535094022750854,
        0.033105719834566116,
        -0.6566030979156494,
        -1.187157392501831,
        -0.028562644496560097,
        0.9994369149208069,
        0.01761315017938614,
        -0.025128960609436035,
        0.6568163633346558,
        0.005482648033648729,
        0.7540305852890015,
        1.671371340751648
    ],
    [
        0.7406451106071472,
        0.035747725516557693,
        -0.6709447503089905,
        -1.2191171646118164,
        -0.03174925595521927,
        0.9993302226066589,
        0.018196510151028633,
        -0.02293938398361206,
        0.6711459159851074,
        0.007824840024113655,
        0.7412838935852051,
        1.7349975109100342
    ]
]