[
    [
        0.7683118581771851,
        -0.016674624755978584,
        -0.6398583650588989,
        2.2557642459869385,
        0.016285143792629242,
        0.9998462200164795,
        -0.006501421332359314,
        0.2382747083902359,
        0.6398683786392212,
        -0.00542506854981184,
        0.7684652805328369,
        0.4677654504776001
    ],
    [
        0.7651470303535461,
        -0.016685307025909424,
        -0.643639326095581,
        2.2505974769592285,
        0.01627330295741558,
        0.9998459815979004,
        -0.006573970895260572,
        0.2391362339258194,
        0.6436498761177063,
        -0.005444087088108063,
        0.7653008103370667,
        0.4685470759868622
    ],
    [
        0.7620363831520081,
        -0.016799377277493477,
        -0.6473162770271301,
        2.2451860904693604,
        0.01624993607401848,
        0.9998446702957153,
        -0.006818509194999933,
        0.24036183953285217,
        0.6473303437232971,
        -0.0053228894248604774,
        0.7621909379959106,
        0.4687488377094269
    ],
    [
        0.7556130290031433,
        -0.016795393079519272,
        -0.6548029184341431,
        2.2327980995178223,
        0.01653888262808323,
        0.9998417496681213,
        -0.00656035915017128,
        0.24215741455554962,
        0.6548093557357788,
        -0.005872631445527077,
        0.7557713389396667,
        0.46922585368156433
    ],
    [
        0.7525052428245544,
        -0.016812460497021675,
        -0.6583715677261353,
        2.2258219718933105,
        0.016565291211009026,
        0.999841034412384,
        -0.006598565727472305,
        0.24289941787719727,
        0.6583778262138367,
        -0.005940659437328577,
        0.7526640892028809,
        0.4698529541492462
    ],
    [
        0.7494499087333679,
        -0.016894293949007988,
        -0.661845326423645,
        2.2190074920654297,
        0.016551785171031952,
        0.9998400807380676,
        -0.00677931122481823,
        0.2438332736492157,
        0.661854088306427,
        -0.005873958580195904,
        0.7496097683906555,
        0.4710243046283722
    ],
    [
        0.7438823580741882,
        -0.016736779361963272,
        -0.6681011319160461,
        2.2036077976226807,
        0.01647399365901947,
        0.9998418092727661,
        -0.00670471740886569,
        0.24495051801204681,
        0.6681076288223267,
        -0.006018766202032566,
        0.7440403699874878,
        0.4726468026638031
    ],
    [
        0.7412818670272827,
        -0.016831520944833755,
        -0.6709827780723572,
        2.1956658363342285,
        0.016378413885831833,
        0.9998413920402527,
        -0.00698651559650898,
        0.24515488743782043,
        0.670993983745575,
        -0.0058106607757508755,
        0.7414401173591614,
        0.4734507203102112
    ],
    [
        0.7386848330497742,
        -0.01711512915790081,
        -0.6738336086273193,
        2.187394142150879,
        0.016451312229037285,
        0.9998375773429871,
        -0.007360889110714197,
        0.2456592321395874,
        0.6738501191139221,
        -0.005648076068609953,
        0.7388464212417603,
        0.47432318329811096
    ],
    [
        0.7333359122276306,
        -0.01694374717772007,
        -0.6796553730964661,
        2.1700615882873535,
        0.016480520367622375,
        0.9998387098312378,
        -0.007143702823668718,
        0.24561521410942078,
        0.6796668171882629,
        -0.005962333641946316,
        0.7334968447685242,
        0.4756261110305786
    ],
    [
        0.7307104468345642,
        -0.01709771901369095,
        -0.6824733018875122,
        2.1612837314605713,
        0.016626128926873207,
        0.9998355507850647,
        -0.007247183937579393,
        0.24576392769813538,
        0.6824849247932434,
        -0.006051291711628437,
        0.7308745384216309,
        0.4763011634349823
    ],
    [
        0.7281482219696045,
        -0.01714908517897129,
        -0.6852051019668579,
        2.1524083614349365,
        0.016868649050593376,
        0.9998325109481812,
        -0.007097636815160513,
        0.2464253455400467,
        0.6852120161056519,
        -0.006390353664755821,
        0.728315532207489,
        0.4773777425289154
    ],
    [
        0.7233667373657227,
        -0.01701938547194004,
        -0.6902543306350708,
        2.134462594985962,
        0.017301911488175392,
        0.9998290538787842,
        -0.006520562805235386,
        0.24611666798591614,
        0.6902472972869873,
        -0.007225960958749056,
        0.7235374450683594,
        0.4811326265335083
    ],
    [
        0.7212254405021667,
        -0.016814399510622025,
        -0.6924964785575867,
        2.124570608139038,
        0.01699034869670868,
        0.9998340606689453,
        -0.006581615190953016,
        0.2463149130344391,
        0.6924920678138733,
        -0.0070189218968153,
        0.7213913798332214,
        0.48349329829216003
    ],
    [
        0.7190172076225281,
        -0.016774000599980354,
        -0.6947898268699646,
        2.114924430847168,
        0.017099915072321892,
        0.9998329877853394,
        -0.006442333105951548,
        0.24669277667999268,
        0.6947818398475647,
        -0.007248693145811558,
        0.7191840410232544,
        0.48633983731269836
    ],
    [
        0.7142536044120789,
        -0.01635560765862465,
        -0.6996957659721375,
        2.093075752258301,
        0.017093345522880554,
        0.999836266040802,
        -0.005922483280301094,
        0.24676859378814697,
        0.6996781229972839,
        -0.007729998789727688,
        0.7144163250923157,
        0.4941639006137848
    ],
    [
        0.7116947770118713,
        -0.016510440036654472,
        -0.7022947072982788,
        2.08160138130188,
        0.017228420823812485,
        0.9998332262039185,
        -0.0060463217087090015,
        0.2474256306886673,
        0.7022774815559387,
        -0.007796302437782288,
        0.711860716342926,
        0.49865031242370605
    ],
    [
        0.7091484665870667,
        -0.01652858778834343,
        -0.7048653364181519,
        2.0695817470550537,
        0.01730392500758171,
        0.9998320937156677,
        -0.006036257836967707,
        0.24862152338027954,
        0.7048467993736267,
        -0.007916332222521305,
        0.7093153595924377,
        0.5036168694496155
    ],
    [
        0.7041761875152588,
        -0.01648067496716976,
        -0.7098340392112732,
        2.04464054107666,
        0.01760777272284031,
        0.9998285174369812,
        -0.00574624165892601,
        0.25025099515914917,
        0.7098069787025452,
        -0.008452223613858223,
        0.7043455243110657,
        0.5149950385093689
    ],
    [
        0.701819896697998,
        -0.016408594325184822,
        -0.7121654748916626,
        2.0317986011505127,
        0.017637642100453377,
        0.9998284578323364,
        -0.005655070301145315,
        0.2513681948184967,
        0.7121360898017883,
        -0.00859207846224308,
        0.7019888758659363,
        0.5213354229927063
    ],
    [
        0.6996055245399475,
        -0.016358694061636925,
        -0.7143420577049255,
        2.0179665088653564,
        0.01768442988395691,
        0.9998281598091125,
        -0.00557682802900672,
        0.2522642910480499,
        0.7143104076385498,
        -0.008731154724955559,
        0.6997746229171753,
        0.5280446410179138
    ],
    [
        0.695304274559021,
        -0.01650041528046131,
        -0.7185260653495789,
        1.9925609827041626,
        0.018056349828839302,
        0.9998218417167664,
        -0.00548737496137619,
        0.2535482347011566,
        0.7184886336326599,
        -0.009158559143543243,
        0.6954783201217651,
        0.5412850975990295
    ],
    [
        0.6929565668106079,
        -0.016823584213852882,
        -0.720782995223999,
        1.9785386323928833,
        0.018574263900518417,
        0.9998124241828918,
        -0.005479135550558567,
        0.25323572754859924,
        0.7207399606704712,
        -0.009591207839548588,
        0.6931390762329102,
        0.5495026111602783
    ],
    [
        0.6906558275222778,
        -0.016867293044924736,
        -0.7229869365692139,
        1.9648916721343994,
        0.01830100268125534,
        0.9998154044151306,
        -0.005843107122927904,
        0.2534354627132416,
        0.7229520678520203,
        -0.009195808321237564,
        0.6908369660377502,
        0.5574631690979004
    ],
    [
        0.6855061650276184,
        -0.016580523923039436,
        -0.7278781533241272,
        1.935617446899414,
        0.01795557700097561,
        0.9998216032981873,
        -0.005864873994141817,
        0.25255730748176575,
        0.7278454303741455,
        -0.009049070067703724,
        0.6856814622879028,
        0.5747718214988708
    ]
]