[
    [
        0.9164688587188721,
        -0.04036055505275726,
        0.39806509017944336,
        0.017844457179307938,
        0.041319455951452255,
        0.9991268515586853,
        0.0061731706373393536,
        -0.019736601039767265,
        -0.3979666531085968,
        0.010790311731398106,
        0.9173364639282227,
        0.23560650646686554
    ],
    [
        0.9124656319618225,
        -0.041333552449941635,
        0.40706032514572144,
        0.01948987878859043,
        0.042098455131053925,
        0.9990884065628052,
        0.007081194315105677,
        -0.024189727380871773,
        -0.4069819152355194,
        0.01067526638507843,
        0.9133738279342651,
        0.24515044689178467
    ],
    [
        0.9062303304672241,
        -0.04249044135212898,
        0.4206438362598419,
        0.021451670676469803,
        0.043313369154930115,
        0.9990326166152954,
        0.007601314689964056,
        -0.030461745336651802,
        -0.42055994272232056,
        0.011330962181091309,
        0.9071940183639526,
        0.2572776675224304
    ],
    [
        0.89963698387146,
        -0.04372851550579071,
        0.43444350361824036,
        0.024201104417443275,
        0.044643666595220566,
        0.998970091342926,
        0.008103213272988796,
        -0.036066509783267975,
        -0.4343504011631012,
        0.012105202302336693,
        0.9006626605987549,
        0.26849210262298584
    ],
    [
        0.8921439051628113,
        -0.04512105882167816,
        0.44949230551719666,
        0.02566509135067463,
        0.045931752771139145,
        0.9989030957221985,
        0.009107682853937149,
        -0.04216890037059784,
        -0.44941017031669617,
        0.012520604766905308,
        0.8932377099990845,
        0.27831289172172546
    ],
    [
        0.8846085071563721,
        -0.046312980353832245,
        0.4640289545059204,
        0.025492312386631966,
        0.047124531120061874,
        0.9988403916358948,
        0.009853935800492764,
        -0.050022173672914505,
        -0.46394726634025574,
        0.013150274753570557,
        0.8857652544975281,
        0.286775678396225
    ],
    [
        0.8771304488182068,
        -0.047812044620513916,
        0.47786641120910645,
        0.024644626304507256,
        0.04850722476840019,
        0.9987634420394897,
        0.010893769562244415,
        -0.059092894196510315,
        -0.4777962863445282,
        0.013624714687466621,
        0.8783649206161499,
        0.29628172516822815
    ],
    [
        0.8719506859779358,
        -0.04860510304570198,
        0.4871750771999359,
        0.02329660765826702,
        0.0491882748901844,
        0.9987221360206604,
        0.01160411722958088,
        -0.06575295329093933,
        -0.4871165156364441,
        0.013845086097717285,
        0.8732272982597351,
        0.30200034379959106
    ],
    [
        0.8647979497909546,
        -0.04974472522735596,
        0.49964991211891174,
        0.020152302458882332,
        0.05026642233133316,
        0.9986585974693298,
        0.012424089014530182,
        -0.07655336707830429,
        -0.4995976686477661,
        0.014371287077665329,
        0.8661383390426636,
        0.3099808394908905
    ],
    [
        0.8586196303367615,
        -0.05045761540532112,
        0.5101238489151001,
        0.018274856731295586,
        0.05078637972474098,
        0.9986211061477661,
        0.013294524513185024,
        -0.08804645389318466,
        -0.5100913047790527,
        0.014492404647171497,
        0.8599981665611267,
        0.3168257474899292
    ],
    [
        0.8533265590667725,
        -0.05112404748797417,
        0.5188641548156738,
        0.018511513248085976,
        0.05125584825873375,
        0.9985860586166382,
        0.01409576553851366,
        -0.098708875477314,
        -0.5188512206077576,
        0.014566529542207718,
        0.8547403216362,
        0.32258105278015137
    ],
    [
        0.8494424819946289,
        -0.051818061619997025,
        0.5251309275627136,
        0.01905931904911995,
        0.05161193013191223,
        0.9985538721084595,
        0.015047232620418072,
        -0.10883130878210068,
        -0.5251511931419373,
        0.014321260154247284,
        0.8508884310722351,
        0.3259103298187256
    ],
    [
        0.8465752005577087,
        -0.052407536655664444,
        0.5296828746795654,
        0.019124627113342285,
        0.05197524279356003,
        0.99852454662323,
        0.01572500169277191,
        -0.11800769716501236,
        -0.5297254323959351,
        0.014217996038496494,
        0.8480499386787415,
        0.32648766040802
    ],
    [
        0.8452942967414856,
        -0.0523114837706089,
        0.531734049320221,
        0.018686961382627487,
        0.05198981612920761,
        0.9985259175300598,
        0.01558613870292902,
        -0.12442754209041595,
        -0.5317655801773071,
        0.014469880610704422,
        0.8467679023742676,
        0.3261273503303528
    ],
    [
        0.8446133732795715,
        -0.05584251508116722,
        0.5324565768241882,
        0.019457578659057617,
        0.0525033101439476,
        0.9983909130096436,
        0.02142460085451603,
        -0.13348594307899475,
        -0.5327961444854736,
        0.00986023060977459,
        0.8461862206459045,
        0.3254208266735077
    ],
    [
        0.8440240025520325,
        -0.05814382806420326,
        0.5331442952156067,
        0.021248048171401024,
        0.05231551080942154,
        0.9982907772064209,
        0.02605091780424118,
        -0.14469487965106964,
        -0.5337477326393127,
        0.005904119461774826,
        0.8456231355667114,
        0.32388266921043396
    ],
    [
        0.8431364297866821,
        -0.06134188175201416,
        0.5341893434524536,
        0.022241739556193352,
        0.052120424807071686,
        0.9981166124343872,
        0.032351329922676086,
        -0.15521128475666046,
        -0.5351677536964417,
        0.0005655899876728654,
        0.8447456359863281,
        0.321231484413147
    ],
    [
        0.8425010442733765,
        -0.06357810646295547,
        0.5349296927452087,
        0.021558700129389763,
        0.05231465399265289,
        0.997973620891571,
        0.03621809184551239,
        -0.1662749946117401,
        -0.5361484289169312,
        -0.002529116813093424,
        0.8441200256347656,
        0.3186425268650055
    ],
    [
        0.8425390124320984,
        -0.06683965027332306,
        0.5344721674919128,
        0.02096027135848999,
        0.05276546999812126,
        0.9977402687072754,
        0.04159549996256828,
        -0.17746463418006897,
        -0.5360446572303772,
        -0.006844158284366131,
        0.844161868095398,
        0.31546083092689514
    ],
    [
        0.8425989151000977,
        -0.06853140890598297,
        0.5341632962226868,
        0.021095633506774902,
        0.05287467688322067,
        0.9976053833961487,
        0.04458402097225189,
        -0.18519198894500732,
        -0.535939633846283,
        -0.009322735480964184,
        0.844204843044281,
        0.31269127130508423
    ],
    [
        0.8424485325813293,
        -0.07148011773824692,
        0.5340141654014587,
        0.022500216960906982,
        0.05290798470377922,
        0.9973451495170593,
        0.050032567232847214,
        -0.19474336504936218,
        -0.5361728072166443,
        -0.01389625295996666,
        0.8439937829971313,
        0.30855172872543335
    ],
    [
        0.8419259190559387,
        -0.07456719875335693,
        0.5344159603118896,
        0.024193311110138893,
        0.05293484777212143,
        0.9970420598983765,
        0.055723294615745544,
        -0.2030470371246338,
        -0.5369903445243835,
        -0.018625661730766296,
        0.8433828353881836,
        0.303885281085968
    ],
    [
        0.8419575095176697,
        -0.07761024683713913,
        0.5339327454566956,
        0.025507472455501556,
        0.05303637683391571,
        0.9967127442359924,
        0.06124505028128624,
        -0.2099640816450119,
        -0.5369307994842529,
        -0.023247869685292244,
        0.8433058857917786,
        0.2994173467159271
    ],
    [
        0.8415601253509521,
        -0.08117735385894775,
        0.5340288281440735,
        0.02721579000353813,
        0.05308269336819649,
        0.9962862133979797,
        0.0677933469414711,
        -0.21750357747077942,
        -0.5375487804412842,
        -0.028704499825835228,
        0.8427439332008362,
        0.2953524887561798
    ],
    [
        0.8419740200042725,
        -0.08439783751964569,
        0.5328759551048279,
        0.029037095606327057,
        0.05257338285446167,
        0.9958228468894958,
        0.07465129345655441,
        -0.2268044799566269,
        -0.5369504690170288,
        -0.03483935445547104,
        0.8428940773010254,
        0.29332229495048523
    ]
]