[
    [
        0.8474267721176147,
        -0.09301731735467911,
        0.522700309753418,
        0.11921336501836777,
        0.09113940596580505,
        0.9954046607017517,
        0.029378028586506844,
        -0.07453841716051102,
        -0.5230310559272766,
        0.022742873057723045,
        0.8520101308822632,
        0.45046648383140564
    ],
    [
        0.8395439982414246,
        -0.09457287937402725,
        0.5349970459938049,
        0.1247265636920929,
        0.09197530150413513,
        0.995259702205658,
        0.031602539122104645,
        -0.07785457372665405,
        -0.535449743270874,
        0.022674789652228355,
        0.8442626595497131,
        0.4690502882003784
    ],
    [
        0.8286399245262146,
        -0.09715843945741653,
        0.5512857437133789,
        0.1364954560995102,
        0.09350795298814774,
        0.9950098991394043,
        0.03480805084109306,
        -0.08336157351732254,
        -0.5519166588783264,
        0.02270626090466976,
        0.833590030670166,
        0.49917781352996826
    ],
    [
        0.8222142457962036,
        -0.09786228090524673,
        0.5607020854949951,
        0.14573833346366882,
        0.09388778358697891,
        0.9949326515197754,
        0.03597366064786911,
        -0.0850231945514679,
        -0.5613812208175659,
        0.02306501567363739,
        0.8272358179092407,
        0.5192821025848389
    ],
    [
        0.8133587837219238,
        -0.09980996698141098,
        0.573136568069458,
        0.1609460860490799,
        0.09522400051355362,
        0.9947267174720764,
        0.038092803210020065,
        -0.08912018686532974,
        -0.5739163756370544,
        0.023593243211507797,
        0.8185738921165466,
        0.5479738116264343
    ],
    [
        0.808312177658081,
        -0.10100152343511581,
        0.5800260901451111,
        0.17217819392681122,
        0.09643734246492386,
        0.9945827126502991,
        0.03879635035991669,
        -0.09021949768066406,
        -0.580802321434021,
        0.024576613679528236,
        0.8136735558509827,
        0.5669248104095459
    ],
    [
        0.801823616027832,
        -0.1015477105975151,
        0.5888692736625671,
        0.18742302060127258,
        0.09707566350698471,
        0.9945001602172852,
        0.03931542858481407,
        -0.09178227931261063,
        -0.5896229147911072,
        0.025640828534960747,
        0.8072715401649475,
        0.5932305455207825
    ],
    [
        0.7982237339019775,
        -0.10246111452579498,
        0.5935828685760498,
        0.19898736476898193,
        0.09757509082555771,
        0.9944064021110535,
        0.040434516966342926,
        -0.09577514231204987,
        -0.5944055914878845,
        0.0256431233137846,
        0.8037564754486084,
        0.6117874383926392
    ],
    [
        0.7935450673103333,
        -0.10400334000587463,
        0.5995577573776245,
        0.21750210225582123,
        0.0985548123717308,
        0.994243860244751,
        0.042025960981845856,
        -0.10163503140211105,
        -0.6004774570465088,
        0.02573981322348118,
        0.7992273569107056,
        0.6414392590522766
    ],
    [
        0.7908480763435364,
        -0.10412006080150604,
        0.603090763092041,
        0.22862330079078674,
        0.09882363677024841,
        0.9942157864570618,
        0.04205559194087982,
        -0.10395031422376633,
        -0.6039812564849854,
        0.026340046897530556,
        0.7965631484985352,
        0.6608312726020813
    ],
    [
        0.788518488407135,
        -0.10432491451501846,
        0.6060981154441833,
        0.24657440185546875,
        0.09934550523757935,
        0.9941713809967041,
        0.04187619313597679,
        -0.1074507087469101,
        -0.6069341897964478,
        0.027192972600460052,
        0.7942867875099182,
        0.6855495572090149
    ],
    [
        0.7874824404716492,
        -0.10439825803041458,
        0.6074308753013611,
        0.2592895030975342,
        0.09947953373193741,
        0.9941571950912476,
        0.041897572576999664,
        -0.10952991247177124,
        -0.6082558631896973,
        0.027433345094323158,
        0.7932668924331665,
        0.7027512788772583
    ],
    [
        0.7869757413864136,
        -0.10388589650392532,
        0.6081751585006714,
        0.2785530388355255,
        0.09949973970651627,
        0.9941895604133606,
        0.041071079671382904,
        -0.11145498603582382,
        -0.6089081168174744,
        0.028191329911351204,
        0.7927396893501282,
        0.7266139388084412
    ],
    [
        0.7879149317741394,
        -0.10291750729084015,
        0.6071228384971619,
        0.2993651330471039,
        0.0987568125128746,
        0.9942918419837952,
        0.04038405418395996,
        -0.114347904920578,
        -0.6078134179115295,
        0.028138302266597748,
        0.7935811877250671,
        0.7496200203895569
    ],
    [
        0.7886654138565063,
        -0.10186890512704849,
        0.6063246130943298,
        0.31328871846199036,
        0.09798581898212433,
        0.9943990111351013,
        0.03961625322699547,
        -0.11559700965881348,
        -0.6069642901420593,
        0.028167251497507095,
        0.7942297458648682,
        0.7668629288673401
    ],
    [
        0.7903417348861694,
        -0.10022938251495361,
        0.6044121384620667,
        0.33516350388526917,
        0.09709461778402328,
        0.994550883769989,
        0.03796299174427986,
        -0.1168309897184372,
        -0.6049236059188843,
        0.028681429103016853,
        0.7957667708396912,
        0.7935171127319336
    ],
    [
        0.7917553782463074,
        -0.0995321199297905,
        0.6026747822761536,
        0.35031479597091675,
        0.09674583375453949,
        0.9946150779724121,
        0.03716287016868591,
        -0.1184116005897522,
        -0.6031282544136047,
        0.028882376849651337,
        0.7971210479736328,
        0.8117152452468872
    ],
    [
        0.79410719871521,
        -0.09792099893093109,
        0.5998377203941345,
        0.3735615611076355,
        0.09562084078788757,
        0.9947736859321594,
        0.03580308333039284,
        -0.12062836438417435,
        -0.6002086400985718,
        0.02892550267279148,
        0.7993201613426208,
        0.8402087092399597
    ],
    [
        0.7961432337760925,
        -0.09715250879526138,
        0.5972582101821899,
        0.39005324244499207,
        0.09528037905693054,
        0.9948413372039795,
        0.034816622734069824,
        -0.12216005474328995,
        -0.5975596904754639,
        0.029187966138124466,
        0.8012930750846863,
        0.858752429485321
    ],
    [
        0.7995613217353821,
        -0.0953691154718399,
        0.5929641127586365,
        0.41365548968315125,
        0.09424473345279694,
        0.9950035810470581,
        0.032950010150671005,
        -0.12341814488172531,
        -0.593143880367279,
        0.029538191854953766,
        0.8045545220375061,
        0.885291576385498
    ],
    [
        0.8024493455886841,
        -0.09489507973194122,
        0.5891265273094177,
        0.4301389157772064,
        0.0940273255109787,
        0.9950485229492188,
        0.03220539912581444,
        -0.12600108981132507,
        -0.5892656445503235,
        0.029550794512033463,
        0.8073987364768982,
        0.9016147255897522
    ],
    [
        0.8067959547042847,
        -0.09342257678508759,
        0.583397388458252,
        0.45444759726524353,
        0.0928780660033226,
        0.9951971769332886,
        0.03092273510992527,
        -0.12900255620479584,
        -0.5834843516349792,
        0.029236488044261932,
        0.8115979433059692,
        0.9271931052207947
    ],
    [
        0.8100048303604126,
        -0.09237170964479446,
        0.5791024565696716,
        0.470551073551178,
        0.09217976033687592,
        0.9952957034111023,
        0.02982392907142639,
        -0.13076645135879517,
        -0.5791330933570862,
        0.029224006459116936,
        0.8147090077400208,
        0.9435105323791504
    ],
    [
        0.8154763579368591,
        -0.09209222346544266,
        0.5714170336723328,
        0.4946056008338928,
        0.092313751578331,
        0.9953171014785767,
        0.028667859733104706,
        -0.13555119931697845,
        -0.5713813304901123,
        0.029371699318289757,
        0.8201588988304138,
        0.9636908769607544
    ],
    [
        0.820931613445282,
        -0.0901883989572525,
        0.5638593435287476,
        0.5181423425674438,
        0.0910366028547287,
        0.9954898953437805,
        0.026685399934649467,
        -0.13811013102531433,
        -0.5637229681015015,
        0.02942494861781597,
        0.8254395723342896,
        0.9872996807098389
    ]
]