[
    [
        0.9985405206680298,
        0.0006553102866746485,
        0.05400364473462105,
        -0.22267702221870422,
        2.8653272238443606e-05,
        0.9999198317527771,
        -0.012663386762142181,
        -0.018116436898708344,
        -0.05400760471820831,
        0.012646452523767948,
        0.9984605312347412,
        0.1996103823184967
    ],
    [
        0.9978417754173279,
        0.0005524035077542067,
        0.06566120684146881,
        -0.28029578924179077,
        0.0004788136575371027,
        0.999876856803894,
        -0.015688350424170494,
        -0.022746523842215538,
        -0.06566178798675537,
        0.015685930848121643,
        0.9977185726165771,
        0.23628677427768707
    ],
    [
        0.9970004558563232,
        0.0005798320053145289,
        0.07739374786615372,
        -0.338692843914032,
        0.0008694930584169924,
        0.9998248815536499,
        -0.01869163103401661,
        -0.026269441470503807,
        -0.07739103585481644,
        0.018702857196331024,
        0.9968253374099731,
        0.2711966931819916
    ],
    [
        0.9958884119987488,
        0.0005197029677219689,
        0.09058643132448196,
        -0.3977227509021759,
        0.0014361486537382007,
        0.9997673034667969,
        -0.02152448147535324,
        -0.027400726452469826,
        -0.09057653695344925,
        0.021566079929471016,
        0.9956560134887695,
        0.3050120174884796
    ],
    [
        0.9945114850997925,
        0.0007881966303102672,
        0.104624904692173,
        -0.4592054486274719,
        0.001734151621349156,
        0.9997100830078125,
        -0.02401532605290413,
        -0.027641959488391876,
        -0.10461349785327911,
        0.02406495437026024,
        0.9942217469215393,
        0.3395111858844757
    ],
    [
        0.9927670955657959,
        0.001071878825314343,
        0.12005189806222916,
        -0.5233884453773499,
        0.0020569718908518553,
        0.9996615052223206,
        -0.025935528799891472,
        -0.030343541875481606,
        -0.12003905326128006,
        0.025994881987571716,
        0.9924288392066956,
        0.37467652559280396
    ],
    [
        0.9907920360565186,
        0.0014892352046445012,
        0.13538406789302826,
        -0.5877171158790588,
        0.00230538472533226,
        0.9996088743209839,
        -0.027867453172802925,
        -0.033459603786468506,
        -0.13537263870239258,
        0.027922963723540306,
        0.9904012084007263,
        0.40704452991485596
    ],
    [
        0.9885966777801514,
        0.0017952572088688612,
        0.15057706832885742,
        -0.6516314744949341,
        0.0026827019173651934,
        0.9995602965354919,
        -0.029530247673392296,
        -0.03192678093910217,
        -0.15056385099887848,
        0.029597455635666847,
        0.9881570935249329,
        0.4420407712459564
    ],
    [
        0.9863387942314148,
        0.0019782637245953083,
        0.16471724212169647,
        -0.7164250612258911,
        0.003072280902415514,
        0.99953293800354,
        -0.03040148690342903,
        -0.027414429932832718,
        -0.1647004634141922,
        0.030492229387164116,
        0.985872209072113,
        0.4785585403442383
    ],
    [
        0.983920693397522,
        0.002078854711726308,
        0.17859408259391785,
        -0.7817357182502747,
        0.0034998042974621058,
        0.9995158314704895,
        -0.030915796756744385,
        -0.02532464638352394,
        -0.1785718947649002,
        0.031043732538819313,
        0.9834370613098145,
        0.5149722099304199
    ],
    [
        0.9814428091049194,
        0.0020858864299952984,
        0.19174353778362274,
        -0.8484383821487427,
        0.003949664067476988,
        0.999508798122406,
        -0.031089607626199722,
        -0.026530558243393898,
        -0.19171421229839325,
        0.031269997358322144,
        0.9809524416923523,
        0.550818681716919
    ],
    [
        0.9785467982292175,
        0.0022727216128259897,
        0.20601198077201843,
        -0.9165264368057251,
        0.004232225939631462,
        0.9995063543319702,
        -0.031129412353038788,
        -0.025571007281541824,
        -0.20598101615905762,
        0.031333476305007935,
        0.9780542254447937,
        0.5860053300857544
    ],
    [
        0.9753230810165405,
        0.0025024055503308773,
        0.2207682579755783,
        -0.9860597848892212,
        0.004470071755349636,
        0.999506950378418,
        -0.031077543273568153,
        -0.023490065708756447,
        -0.22073723375797272,
        0.03129749000072479,
        0.9748310446739197,
        0.6225728988647461
    ],
    [
        0.9720010757446289,
        0.002608588431030512,
        0.23496165871620178,
        -1.0559816360473633,
        0.0047907596454024315,
        0.9995105266571045,
        -0.030915409326553345,
        -0.025821438059210777,
        -0.23492728173732758,
        0.031175458803772926,
        0.9715129733085632,
        0.6611151099205017
    ],
    [
        0.9685423970222473,
        0.0022344314493238926,
        0.24883872270584106,
        -1.1205856800079346,
        0.005559781566262245,
        0.9995157718658447,
        -0.03061513788998127,
        -0.02891996130347252,
        -0.24878670275211334,
        0.031035544350743294,
        0.9680609107017517,
        0.6974611282348633
    ],
    [
        0.9649136662483215,
        0.001816058182157576,
        0.26256105303764343,
        -1.1812442541122437,
        0.00633254274725914,
        0.9995242357254028,
        -0.030185556039214134,
        -0.02851080521941185,
        -0.2624909579753876,
        0.030789131298661232,
        0.9644431471824646,
        0.7375125885009766
    ],
    [
        0.961093544960022,
        0.0014229144435375929,
        0.27621930837631226,
        -1.2408854961395264,
        0.007044780533760786,
        0.9995352029800415,
        -0.029661016538739204,
        -0.026263954117894173,
        -0.2761331796646118,
        0.030452920123934746,
        0.9606368541717529,
        0.7799301147460938
    ],
    [
        0.9571093320846558,
        0.0010581177193671465,
        0.2897252142429352,
        -1.3003478050231934,
        0.007641919422894716,
        0.9995532035827637,
        -0.02889564074575901,
        -0.02705558016896248,
        -0.2896263897418976,
        0.02987034246325493,
        0.9566736221313477,
        0.8256458044052124
    ],
    [
        0.9528486728668213,
        0.0007003892678767443,
        0.30344489216804504,
        -1.3586798906326294,
        0.008248194120824337,
        0.9995680451393127,
        -0.0282073263078928,
        -0.03035585954785347,
        -0.3033335208892822,
        0.029380185529589653,
        0.9524313807487488,
        0.871346652507782
    ],
    [
        0.9482894539833069,
        0.0005423341644927859,
        0.3174062967300415,
        -1.4178930521011353,
        0.008624495938420296,
        0.9995853304862976,
        -0.027474654838442802,
        -0.029907941818237305,
        -0.3172895610332489,
        0.028791394084692,
        0.9478915929794312,
        0.9171626567840576
    ],
    [
        0.9431971907615662,
        0.0006008876953274012,
        0.33223310112953186,
        -1.4812514781951904,
        0.008805599063634872,
        0.9996018409729004,
        -0.026806674897670746,
        -0.028867140412330627,
        -0.33211687207221985,
        0.028209490701556206,
        0.9428162574768066,
        0.9625867009162903
    ],
    [
        0.9376918077468872,
        0.0007640951662324369,
        0.34746742248535156,
        -1.5447449684143066,
        0.00884341262280941,
        0.9996212124824524,
        -0.026063453406095505,
        -0.03305084630846977,
        -0.3473557233810425,
        0.027512282133102417,
        0.9373297095298767,
        1.0079745054244995
    ],
    [
        0.9318634271621704,
        0.0008398449281230569,
        0.362807959318161,
        -1.6084868907928467,
        0.008985052816569805,
        0.999637246131897,
        -0.02539190463721752,
        -0.03772787004709244,
        -0.36269763112068176,
        0.02692164108157158,
        0.9315179586410522,
        1.0517202615737915
    ],
    [
        0.925656795501709,
        0.0006172957946546376,
        0.37836405634880066,
        -1.6665250062942505,
        0.009431312792003155,
        0.9996502995491028,
        -0.02470434084534645,
        -0.038261398673057556,
        -0.37824714183807373,
        0.026436205953359604,
        0.9253271818161011,
        1.0967075824737549
    ],
    [
        0.9186875820159912,
        0.0005603638128377497,
        0.39498457312583923,
        -1.7240113019943237,
        0.009772023186087608,
        0.9996606111526489,
        -0.02414678782224655,
        -0.0361081026494503,
        -0.39486411213874817,
        0.026043154299259186,
        0.9183703064918518,
        1.1439824104309082
    ]
]