[
    [
        0.9222815632820129,
        0.04498212784528732,
        -0.38389238715171814,
        -0.3830396831035614,
        -0.06632354110479355,
        0.996891438961029,
        -0.042529333382844925,
        0.6001588702201843,
        0.3807859718799591,
        0.06468512117862701,
        0.9223979711532593,
        1.0997939109802246
    ],
    [
        0.9170729517936707,
        0.04703935235738754,
        -0.3959350883960724,
        -0.3926428258419037,
        -0.06839699298143387,
        0.9968563318252563,
        -0.039990223944187164,
        0.6005165576934814,
        0.39280927181243896,
        0.06375472992658615,
        0.9174073338508606,
        1.0994824171066284
    ],
    [
        0.9115763306617737,
        0.04931732267141342,
        -0.40816211700439453,
        -0.4025009274482727,
        -0.0707087516784668,
        0.9967926740646362,
        -0.037478458136320114,
        0.6014546155929565,
        0.40500468015670776,
        0.0630251094698906,
        0.9121398329734802,
        1.0983552932739258
    ],
    [
        0.9061546325683594,
        0.05130698159337044,
        -0.4198230803012848,
        -0.4123903214931488,
        -0.07270193845033646,
        0.9967355132102966,
        -0.03510931134223938,
        0.6023389101028442,
        0.41665127873420715,
        0.06233641132712364,
        0.9069265127182007,
        1.096372365951538
    ],
    [
        0.9008152484893799,
        0.05283709242939949,
        -0.43097588419914246,
        -0.42299020290374756,
        -0.07428088039159775,
        0.9966889023780823,
        -0.033067259937524796,
        0.6034184098243713,
        0.4278017282485962,
        0.0618007555603981,
        0.9017572999000549,
        1.0951106548309326
    ],
    [
        0.895255446434021,
        0.05426987633109093,
        -0.4422357380390167,
        -0.43380802869796753,
        -0.07587911188602448,
        0.9966254234313965,
        -0.031305570155382156,
        0.6056192517280579,
        0.4390444755554199,
        0.061582937836647034,
        0.8963524103164673,
        1.0937389135360718
    ],
    [
        0.889466404914856,
        0.05620424449443817,
        -0.45353126525878906,
        -0.4455696642398834,
        -0.07774228602647781,
        0.9965524673461914,
        -0.02896970696747303,
        0.6066752672195435,
        0.45033949613571167,
        0.06102614104747772,
        0.8907694220542908,
        1.0928417444229126
    ],
    [
        0.8832479119300842,
        0.05806761234998703,
        -0.4652968645095825,
        -0.45626410841941833,
        -0.07967494428157806,
        0.996458113193512,
        -0.026887761428952217,
        0.6080814003944397,
        0.46208760142326355,
        0.0608210414648056,
        0.8847461938858032,
        1.0911160707473755
    ],
    [
        0.8767619729042053,
        0.060314007103443146,
        -0.4771275520324707,
        -0.4677337110042572,
        -0.08192979544401169,
        0.9963343143463135,
        -0.02460562437772751,
        0.6095762848854065,
        0.4738944172859192,
        0.060664232820272446,
        0.8784895539283752,
        1.089243769645691
    ],
    [
        0.8699318170547485,
        0.06188901141285896,
        -0.48927339911460876,
        -0.47916164994239807,
        -0.08395605534315109,
        0.9961978793144226,
        -0.023263785988092422,
        0.6134107708930969,
        0.48597338795661926,
        0.061315372586250305,
        0.8718200922012329,
        1.087077021598816
    ],
    [
        0.8627307415008545,
        0.0641544759273529,
        -0.5015772581100464,
        -0.4906320869922638,
        -0.08637451380491257,
        0.9960377812385559,
        -0.021168585866689682,
        0.6152938008308411,
        0.4982319176197052,
        0.06158628314733505,
        0.8648537993431091,
        1.084334373474121
    ],
    [
        0.8549107909202576,
        0.06618478149175644,
        -0.5145357847213745,
        -0.5005999207496643,
        -0.08880171179771423,
        0.9958594441413879,
        -0.01944822259247303,
        0.6174507141113281,
        0.5111181735992432,
        0.06231815367937088,
        0.8572482466697693,
        1.0813651084899902
    ],
    [
        0.8470238447189331,
        0.06781768053770065,
        -0.5272109508514404,
        -0.5118398666381836,
        -0.09100886434316635,
        0.9956849217414856,
        -0.01813625358045101,
        0.6203396916389465,
        0.5237060189247131,
        0.06334272027015686,
        0.8495408892631531,
        1.0782299041748047
    ],
    [
        0.8390429615974426,
        0.06875284761190414,
        -0.5397035479545593,
        -0.5211619138717651,
        -0.09227891266345978,
        0.995594322681427,
        -0.016631394624710083,
        0.6235560774803162,
        0.5361822247505188,
        0.06375771760940552,
        0.8416908979415894,
        1.0749437808990479
    ],
    [
        0.8309082984924316,
        0.06959661096334457,
        -0.552039623260498,
        -0.531091570854187,
        -0.09284815937280655,
        0.9955785274505615,
        -0.014237037859857082,
        0.625516414642334,
        0.5486079454421997,
        0.06308553367853165,
        0.8336963057518005,
        1.071326732635498
    ],
    [
        0.8223690986633301,
        0.07000590860843658,
        -0.5646309852600098,
        -0.5408658981323242,
        -0.09324133396148682,
        0.995566725730896,
        -0.012367822229862213,
        0.6286235451698303,
        0.5612620115280151,
        0.06281785666942596,
        0.8252508044242859,
        1.0679347515106201
    ],
    [
        0.8134338855743408,
        0.0703977420926094,
        -0.5773814916610718,
        -0.5505465269088745,
        -0.09352394193410873,
        0.9955630302429199,
        -0.010374731384217739,
        0.6309731006622314,
        0.5740893483161926,
        0.06243816390633583,
        0.8164085745811462,
        1.0644035339355469
    ],
    [
        0.8038759231567383,
        0.07073356211185455,
        -0.5905762314796448,
        -0.5590130090713501,
        -0.09388398379087448,
        0.9955463409423828,
        -0.008555255830287933,
        0.6331884860992432,
        0.5873408913612366,
        0.062323007732629776,
        0.8069364428520203,
        1.0611933469772339
    ],
    [
        0.7940129637718201,
        0.07193949073553085,
        -0.6036292910575867,
        -0.5673764944076538,
        -0.09462245553731918,
        0.9954962134361267,
        -0.005824683699756861,
        0.634727954864502,
        0.6004915833473206,
        0.061741746962070465,
        0.7972438931465149,
        1.0577988624572754
    ],
    [
        0.7838441729545593,
        0.07373882085084915,
        -0.6165637373924255,
        -0.5754666328430176,
        -0.0957338809967041,
        0.9954034090042114,
        -0.0026608090847730637,
        0.637008011341095,
        0.6135333776473999,
        0.06111171469092369,
        0.7873005270957947,
        1.0551261901855469
    ],
    [
        0.7733667492866516,
        0.07569405436515808,
        -0.6294237971305847,
        -0.5839453935623169,
        -0.09690697491168976,
        0.9952932000160217,
        0.0006246037082746625,
        0.6393676400184631,
        0.6265085339546204,
        0.060512520372867584,
        0.7770620584487915,
        1.0519713163375854
    ],
    [
        0.7625107169151306,
        0.07748211175203323,
        -0.6423192024230957,
        -0.5923858284950256,
        -0.09826454520225525,
        0.9951545000076294,
        0.0033922516740858555,
        0.6424031853675842,
        0.6394696831703186,
        0.060530565679073334,
        0.7664296627044678,
        1.0481548309326172
    ],
    [
        0.7513128519058228,
        0.07983732223510742,
        -0.655099093914032,
        -0.599719226360321,
        -0.10000768303871155,
        0.9949650168418884,
        0.006561256013810635,
        0.6446588635444641,
        0.6523245573043823,
        0.060585372149944305,
        0.7555144429206848,
        1.0447717905044556
    ],
    [
        0.740509569644928,
        0.08283446729183197,
        -0.6669212579727173,
        -0.607352077960968,
        -0.10277508199214935,
        0.9946599006652832,
        0.009425658732652664,
        0.648032009601593,
        0.6641406416893005,
        0.061563096940517426,
        0.7450687289237976,
        1.0408806800842285
    ],
    [
        0.7291872501373291,
        0.08622574806213379,
        -0.678860068321228,
        -0.613913893699646,
        -0.1057651937007904,
        0.9943101406097412,
        0.012686721980571747,
        0.6497025489807129,
        0.6760914325714111,
        0.06254880130290985,
        0.7341582179069519,
        1.0371443033218384
    ]
]