[
    [
        0.9050161838531494,
        -0.02806795947253704,
        0.4244498908519745,
        0.48163673281669617,
        -0.05869654566049576,
        0.9800355434417725,
        0.18996097147464752,
        1.7743552923202515,
        -0.42130783200263977,
        -0.19683149456977844,
        0.8853006362915039,
        4.347160339355469
    ],
    [
        0.9021552801132202,
        -0.030204419046640396,
        0.4303528666496277,
        0.5438462495803833,
        -0.05986484885215759,
        0.9791304469108582,
        0.19421620666980743,
        1.8514480590820312,
        -0.4272376000881195,
        -0.2009761780500412,
        0.8815194368362427,
        4.443147659301758
    ],
    [
        0.899918258190155,
        -0.031559690833091736,
        0.43491503596305847,
        0.5915380120277405,
        -0.06145824119448662,
        0.9782421588897705,
        0.19815465807914734,
        1.9247605800628662,
        -0.43170595169067383,
        -0.20505207777023315,
        0.8783983588218689,
        4.535034656524658
    ],
    [
        0.8971333503723145,
        -0.033411528915166855,
        0.4404942989349365,
        0.65529865026474,
        -0.06299327313899994,
        0.9772705435752869,
        0.20242129266262054,
        2.005906343460083,
        -0.43724530935287476,
        -0.20934699475765228,
        0.8746373653411865,
        4.672609806060791
    ],
    [
        0.894424557685852,
        -0.03452933207154274,
        0.4458840489387512,
        0.7246144413948059,
        -0.06454528123140335,
        0.9766095876693726,
        0.20510396361351013,
        2.073223829269409,
        -0.4425366222858429,
        -0.21222975850105286,
        0.8712748885154724,
        4.8054423332214355
    ],
    [
        0.8922154903411865,
        -0.0352175273001194,
        0.4502347707748413,
        0.7850988507270813,
        -0.06585212796926498,
        0.9761534333229065,
        0.20685206353664398,
        2.1158974170684814,
        -0.44678300619125366,
        -0.2142055183649063,
        0.8686201572418213,
        4.907374858856201
    ],
    [
        0.8895800113677979,
        -0.03639009967446327,
        0.4553275406360626,
        0.8737756013870239,
        -0.06713658571243286,
        0.9755795001983643,
        0.2091348022222519,
        2.1645660400390625,
        -0.4518185257911682,
        -0.21661123633384705,
        0.8654130101203918,
        5.035435199737549
    ],
    [
        0.8878417015075684,
        -0.03765874728560448,
        0.45860549807548523,
        0.9686230421066284,
        -0.0679796114563942,
        0.9749749302864075,
        0.21166640520095825,
        2.2046713829040527,
        -0.45510008931159973,
        -0.21910202503204346,
        0.8630632758140564,
        5.148411273956299
    ],
    [
        0.886061429977417,
        -0.03957023844122887,
        0.4618760943412781,
        1.0827336311340332,
        -0.06860700994729996,
        0.9741842746734619,
        0.21507671475410461,
        2.2454936504364014,
        -0.45846283435821533,
        -0.22225907444953918,
        0.8604724407196045,
        5.274694442749023
    ],
    [
        0.8838155269622803,
        -0.041081398725509644,
        0.4660286009311676,
        1.2002391815185547,
        -0.0697367787361145,
        0.9734394550323486,
        0.21806539595127106,
        2.318760871887207,
        -0.4626087546348572,
        -0.22522886097431183,
        0.8574759364128113,
        5.417601585388184
    ],
    [
        0.8817844986915588,
        -0.04332481697201729,
        0.46965810656547546,
        1.2700392007827759,
        -0.07068545371294022,
        0.9723869562149048,
        0.2224123179912567,
        2.390763998031616,
        -0.4663257300853729,
        -0.22931772470474243,
        0.8543732166290283,
        5.521170616149902
    ],
    [
        0.8793088793754578,
        -0.046046655625104904,
        0.47402068972587585,
        1.3236454725265503,
        -0.07207878679037094,
        0.9709828495979309,
        0.22802822291851044,
        2.470244884490967,
        -0.4707658588886261,
        -0.2346740961074829,
        0.8504748344421387,
        5.6447577476501465
    ],
    [
        0.8758161664009094,
        -0.049104955047369,
        0.4801405072212219,
        1.391528844833374,
        -0.07403148710727692,
        0.9693707823753357,
        0.2341790646314621,
        2.5724196434020996,
        -0.47693338990211487,
        -0.24064327776432037,
        0.8453550934791565,
        5.824729919433594
    ],
    [
        0.8736262917518616,
        -0.05192122608423233,
        0.48381927609443665,
        1.4417269229888916,
        -0.07468214631080627,
        0.9682037830352783,
        0.2387554943561554,
        2.6313726902008057,
        -0.48083221912384033,
        -0.24471578001976013,
        0.841970682144165,
        5.941150665283203
    ],
    [
        0.8714998960494995,
        -0.05553050339221954,
        0.4872417151927948,
        1.5163921117782593,
        -0.07460321485996246,
        0.9669908881187439,
        0.24364538490772247,
        2.7146358489990234,
        -0.4846879243850708,
        -0.24868668615818024,
        0.838589608669281,
        6.064365386962891
    ],
    [
        0.8698598146438599,
        -0.057289522141218185,
        0.48996102809906006,
        1.6111150979995728,
        -0.07573375105857849,
        0.9659490585327148,
        0.2474002242088318,
        2.809206962585449,
        -0.4874509274959564,
        -0.2523101270198822,
        0.8359014987945557,
        6.184466361999512
    ],
    [
        0.8683065176010132,
        -0.05767689645290375,
        0.4926631450653076,
        1.6910892724990845,
        -0.07696563750505447,
        0.9655215740203857,
        0.24868521094322205,
        2.8930234909057617,
        -0.49002039432525635,
        -0.25385311245918274,
        0.833929717540741,
        6.297785758972168
    ],
    [
        0.866975724697113,
        -0.057510025799274445,
        0.49502089619636536,
        1.7426542043685913,
        -0.07811038941144943,
        0.9653601050376892,
        0.2489546686410904,
        2.9701240062713623,
        -0.4921908378601074,
        -0.25450393557548523,
        0.8324519991874695,
        6.403116703033447
    ],
    [
        0.8651830554008484,
        -0.057660043239593506,
        0.4981302320957184,
        1.8024990558624268,
        -0.07890526950359344,
        0.9653383493423462,
        0.24878834187984467,
        3.0723931789398193,
        -0.49520939588546753,
        -0.25455257296562195,
        0.8306448459625244,
        6.566001892089844
    ],
    [
        0.8643916845321655,
        -0.057420168071985245,
        0.49952954053878784,
        1.841008186340332,
        -0.07963553816080093,
        0.9652856588363647,
        0.2487603724002838,
        3.1234934329986572,
        -0.4964728057384491,
        -0.254806786775589,
        0.829812228679657,
        6.6780266761779785
    ],
    [
        0.8637602925300598,
        -0.05673980712890625,
        0.5006982088088989,
        1.8915435075759888,
        -0.08011037111282349,
        0.9655407071113586,
        0.24761569499969482,
        3.1770830154418945,
        -0.4974941313266754,
        -0.2539917826652527,
        0.8294499516487122,
        6.795656681060791
    ],
    [
        0.863480806350708,
        -0.05696751922369003,
        0.5011541247367859,
        1.9730333089828491,
        -0.0799909383058548,
        0.9655595421791077,
        0.24758084118366241,
        3.2429263591766357,
        -0.49799835681915283,
        -0.25386905670166016,
        0.8291854858398438,
        6.899439334869385
    ],
    [
        0.8631606101989746,
        -0.05661579221487045,
        0.5017454624176025,
        2.0527267456054688,
        -0.08043517172336578,
        0.965587317943573,
        0.24732857942581177,
        3.2996575832366943,
        -0.4984816014766693,
        -0.253842294216156,
        0.8289029598236084,
        6.995084285736084
    ],
    [
        0.8629482388496399,
        -0.05618508905172348,
        0.5021589994430542,
        2.113298177719116,
        -0.0808134600520134,
        0.965660035610199,
        0.2469208836555481,
        3.351417064666748,
        -0.498788058757782,
        -0.2536611557006836,
        0.8287739157676697,
        7.075366973876953
    ],
    [
        0.8627079725265503,
        -0.055575959384441376,
        0.5026392936706543,
        2.1883201599121094,
        -0.08159701526165009,
        0.965620756149292,
        0.24681663513183594,
        3.4581634998321533,
        -0.4990760385990143,
        -0.25394460558891296,
        0.8285138010978699,
        7.212841033935547
    ]
]