[
    [
        0.9931182265281677,
        -0.017935439944267273,
        0.11573547124862671,
        -0.03268854320049286,
        0.018132217228412628,
        0.9998353719711304,
        -0.0006475590635091066,
        -0.04472949355840683,
        -0.11570479720830917,
        0.0027416429948061705,
        0.9932798743247986,
        0.2688951790332794
    ],
    [
        0.9896710515022278,
        -0.02095586434006691,
        0.14181770384311676,
        -0.03472890704870224,
        0.021501697599887848,
        0.9997661709785461,
        -0.0023173755034804344,
        -0.053931135684251785,
        -0.1417359560728073,
        0.005342761520296335,
        0.9898900985717773,
        0.31464385986328125
    ],
    [
        0.9841169118881226,
        -0.025523725897073746,
        0.17567656934261322,
        -0.034704387187957764,
        0.02671893499791622,
        0.9996330738067627,
        -0.0044411104172468185,
        -0.06432998180389404,
        -0.17549876868724823,
        0.009064462035894394,
        0.984437882900238,
        0.36924347281455994
    ],
    [
        0.9764724373817444,
        -0.03017614223062992,
        0.21352052688598633,
        -0.03788141533732414,
        0.03237634897232056,
        0.9994524121284485,
        -0.006814274471253157,
        -0.07490094751119614,
        -0.2131980061531067,
        0.013566965237259865,
        0.9769147634506226,
        0.425733357667923
    ],
    [
        0.9680139422416687,
        -0.03518354520201683,
        0.24841734766960144,
        -0.047705505043268204,
        0.03836961090564728,
        0.9992316961288452,
        -0.007993832230567932,
        -0.08174684643745422,
        -0.24794520437717438,
        0.017269818112254143,
        0.9686201810836792,
        0.4757477641105652
    ],
    [
        0.9558191299438477,
        -0.043468546122312546,
        0.29072389006614685,
        -0.05806824564933777,
        0.04708795249462128,
        0.9988758563995361,
        -0.00546182319521904,
        -0.09258096665143967,
        -0.2901596426963806,
        0.018910108134150505,
        0.9567914605140686,
        0.5381158590316772
    ],
    [
        0.9413815140724182,
        -0.052031420171260834,
        0.33330708742141724,
        -0.06785521656274796,
        0.055178429931402206,
        0.9984765648841858,
        2.459581446601078e-05,
        -0.10202518850564957,
        -0.33280056715011597,
        0.018368206918239594,
        0.942818284034729,
        0.5972722172737122
    ],
    [
        0.9280439615249634,
        -0.05771849676966667,
        0.3679714500904083,
        -0.07271037995815277,
        0.060230035334825516,
        0.9981736540794373,
        0.004666008986532688,
        -0.1062530055642128,
        -0.3675687313079834,
        0.017832672223448753,
        0.9298254251480103,
        0.64500492811203
    ],
    [
        0.9117463827133179,
        -0.06341298669576645,
        0.4058290719985962,
        -0.06938779354095459,
        0.0644427090883255,
        0.9978592395782471,
        0.011142170056700706,
        -0.11162883043289185,
        -0.40566685795783997,
        0.015993893146514893,
        0.9138810038566589,
        0.7013930678367615
    ],
    [
        0.8933842182159424,
        -0.06941621005535126,
        0.4438987970352173,
        -0.06586576998233795,
        0.06853993982076645,
        0.9974851608276367,
        0.01804274320602417,
        -0.11688592284917831,
        -0.4440349340438843,
        0.014305693097412586,
        0.8958951830863953,
        0.7571606636047363
    ],
    [
        0.8739576935768127,
        -0.07626287639141083,
        0.4799811542034149,
        -0.06791507452726364,
        0.07300075143575668,
        0.9970061182975769,
        0.025490522384643555,
        -0.12248068302869797,
        -0.480488121509552,
        0.012761348858475685,
        0.8769084811210632,
        0.8083611726760864
    ],
    [
        0.8480482697486877,
        -0.0839710533618927,
        0.5232236981391907,
        -0.07153674215078354,
        0.07743043452501297,
        0.9964038133621216,
        0.03441038355231285,
        -0.12642636895179749,
        -0.524231493473053,
        0.011331766843795776,
        0.8515004515647888,
        0.8674588203430176
    ],
    [
        0.8229691386222839,
        -0.0899147093296051,
        0.5609251260757446,
        -0.0704457238316536,
        0.08035540580749512,
        0.9958916902542114,
        0.041744064539670944,
        -0.12964177131652832,
        -0.5623741745948792,
        0.010719280689954758,
        0.826813280582428,
        0.9145711660385132
    ],
    [
        0.8000536561012268,
        -0.09397823363542557,
        0.5925219058990479,
        -0.07065940648317337,
        0.08243857324123383,
        0.9955068826675415,
        0.04658173397183418,
        -0.1356193721294403,
        -0.5942373275756836,
        0.011578771285712719,
        0.8042064309120178,
        0.9556191563606262
    ],
    [
        0.766965389251709,
        -0.09765901416540146,
        0.6342136263847351,
        -0.08193399757146835,
        0.08549415320158005,
        0.9950913190841675,
        0.04983900487422943,
        -0.1452963948249817,
        -0.6359676718711853,
        0.015996763482689857,
        0.7715499401092529,
        1.0146363973617554
    ],
    [
        0.7328112721443176,
        -0.10119287669658661,
        0.6728651523590088,
        -0.09461028128862381,
        0.08943755179643631,
        0.9946248531341553,
        0.052177008241415024,
        -0.1563694328069687,
        -0.6745283603668213,
        0.02194351516664028,
        0.737922728061676,
        1.077527642250061
    ],
    [
        0.7072318196296692,
        -0.10432684421539307,
        0.6992418169975281,
        -0.10313502699136734,
        0.09267932176589966,
        0.9941980838775635,
        0.0545959435403347,
        -0.1669209897518158,
        -0.7008805871009827,
        0.026193268597126007,
        0.7127974629402161,
        1.1213617324829102
    ],
    [
        0.6788950562477112,
        -0.1067720428109169,
        0.7264305949211121,
        -0.10369128733873367,
        0.09655812382698059,
        0.9937605261802673,
        0.05582506209611893,
        -0.17733441293239594,
        -0.7278585433959961,
        0.03224341571331024,
        0.6849687099456787,
        1.1737780570983887
    ],
    [
        0.6546301245689392,
        -0.10770800709724426,
        0.748236894607544,
        -0.10023384541273117,
        0.10100778937339783,
        0.9933848977088928,
        0.05462540686130524,
        -0.18464075028896332,
        -0.7491706609725952,
        0.03981831297278404,
        0.6611790657043457,
        1.2234469652175903
    ],
    [
        0.6351904273033142,
        -0.10844320058822632,
        0.7647046446800232,
        -0.09611089527606964,
        0.10504837334156036,
        0.9930235147476196,
        0.05356437340378761,
        -0.19192321598529816,
        -0.765178382396698,
        0.04630741477012634,
        0.6421508193016052,
        1.2681910991668701
    ],
    [
        0.611778199672699,
        -0.10569147020578384,
        0.7839366793632507,
        -0.09756559133529663,
        0.10674159228801727,
        0.9929996132850647,
        0.05057729035615921,
        -0.20356616377830505,
        -0.7837944030761719,
        0.05273657664656639,
        0.6187772750854492,
        1.322710633277893
    ],
    [
        0.5910223126411438,
        -0.09770384430885315,
        0.8007164001464844,
        -0.09850510954856873,
        0.10550639778375626,
        0.9934732913970947,
        0.04334811493754387,
        -0.21780043840408325,
        -0.7997255921363831,
        0.05886097997426987,
        0.5974733233451843,
        1.3685861825942993
    ],
    [
        0.5735695362091064,
        -0.0880015566945076,
        0.8144161701202393,
        -0.09893590211868286,
        0.10514310747385025,
        0.9938978552818298,
        0.03334622457623482,
        -0.23048321902751923,
        -0.8123810291290283,
        0.06650388240814209,
        0.5793222188949585,
        1.4052376747131348
    ],
    [
        0.5491343140602112,
        -0.07623932510614395,
        0.8322493433952332,
        -0.108017697930336,
        0.10928212106227875,
        0.9938304424285889,
        0.01893467828631401,
        -0.2450771927833557,
        -0.8285582661628723,
        0.08055230230093002,
        0.5540780425071716,
        1.4508986473083496
    ],
    [
        0.5271012783050537,
        -0.06410972774028778,
        0.8473808169364929,
        -0.12018194794654846,
        0.11760779470205307,
        0.9930581450462341,
        0.0019748627673834562,
        -0.25958260893821716,
        -0.8416249752044678,
        0.09861764311790466,
        0.5309820175170898,
        1.493041753768921
    ]
]