[
    [
        0.9999886751174927,
        0.00010198730888077989,
        0.004756969399750233,
        -0.018200522288680077,
        -9.097070869756863e-05,
        0.9999973773956299,
        -0.0023159831762313843,
        -0.003661210648715496,
        -0.004757191985845566,
        0.002315524034202099,
        0.9999860525131226,
        0.22544126212596893
    ],
    [
        0.9999844431877136,
        0.0006050087395124137,
        0.005551396403461695,
        -0.019932275637984276,
        -0.0005914233042858541,
        0.9999969005584717,
        -0.0024483855813741684,
        -0.005823327228426933,
        -0.005552859045565128,
        0.0024450637865811586,
        0.9999816417694092,
        0.24309894442558289
    ],
    [
        0.9999796748161316,
        0.0008672993280924857,
        0.006330888252705336,
        -0.02297177165746689,
        -0.0008527608588337898,
        0.9999970197677612,
        -0.0022987406700849533,
        -0.008872139267623425,
        -0.006332862190902233,
        0.0022932952269911766,
        0.9999773502349854,
        0.26046937704086304
    ],
    [
        0.9999752044677734,
        0.0006732181645929813,
        0.007012433838099241,
        -0.02671423926949501,
        -0.0006566328811459243,
        0.9999970197677612,
        -0.002367134438827634,
        -0.011817710474133492,
        -0.007014006841927767,
        0.002362470841035247,
        0.9999725818634033,
        0.2782619595527649
    ],
    [
        0.9999704957008362,
        0.0005117408582009375,
        0.007677583489567041,
        -0.03166500851511955,
        -0.0004992682370357215,
        0.9999985694885254,
        -0.0016263984143733978,
        -0.01531854085624218,
        -0.007678404916077852,
        0.0016225166618824005,
        0.9999692440032959,
        0.29643380641937256
    ],
    [
        0.9999657273292542,
        0.0004135550989303738,
        0.008269722573459148,
        -0.035905539989471436,
        -0.00040159496711567044,
        0.9999988675117493,
        -0.0014478577068075538,
        -0.01831303909420967,
        -0.008270311169326305,
        0.0014444872504100204,
        0.999964714050293,
        0.31596454977989197
    ],
    [
        0.9999570846557617,
        0.00021793151972815394,
        0.009261415340006351,
        -0.0386362224817276,
        -0.0002036034711636603,
        0.9999988079071045,
        -0.0015479270368814468,
        -0.02257368713617325,
        -0.009261741302907467,
        0.0015459749847650528,
        0.9999558925628662,
        0.34155741333961487
    ],
    [
        0.9999504685401917,
        0.0004533133178483695,
        0.00995334330946207,
        -0.03816888853907585,
        -0.0004382967599667609,
        0.9999988079071045,
        -0.0015108955558389425,
        -0.025833221152424812,
        -0.009954016655683517,
        0.0015064574545249343,
        0.9999493360519409,
        0.36475619673728943
    ],
    [
        0.9999437928199768,
        0.0006875600665807724,
        0.01058028731495142,
        -0.03618578240275383,
        -0.0006691760499961674,
        0.9999982714653015,
        -0.0017410141881555319,
        -0.029618196189403534,
        -0.010581465438008308,
        0.001733836135827005,
        0.9999425411224365,
        0.3900912404060364
    ],
    [
        0.9999362230300903,
        0.00072102015838027,
        0.011272279545664787,
        -0.033229462802410126,
        -0.0006994108553044498,
        0.9999979734420776,
        -0.0019208425655961037,
        -0.033065732568502426,
        -0.0112736402079463,
        0.001912835519760847,
        0.9999345541000366,
        0.41659533977508545
    ],
    [
        0.9999262690544128,
        0.0008040711400099099,
        0.01212469395250082,
        -0.029275616630911827,
        -0.000782275921665132,
        0.9999980926513672,
        -0.0018022148869931698,
        -0.03512810543179512,
        -0.012126119807362556,
        0.0017925972351804376,
        0.999924898147583,
        0.4430842995643616
    ],
    [
        0.9998934268951416,
        0.0010233144275844097,
        0.014562290161848068,
        -0.023301146924495697,
        -0.000996370567008853,
        0.9999977946281433,
        -0.0018573503475636244,
        -0.03677435591816902,
        -0.014564156532287598,
        0.0018426437163725495,
        0.9998922348022461,
        0.47081539034843445
    ],
    [
        0.9998019337654114,
        0.001042987103573978,
        0.01987149938941002,
        -0.01474694162607193,
        -0.0010035819141194224,
        0.9999974966049194,
        -0.001992864301428199,
        -0.03785831108689308,
        -0.019873525947332382,
        0.001972526777535677,
        0.9998006224632263,
        0.5054876208305359
    ],
    [
        0.9997467994689941,
        0.0011197394924238324,
        0.02247488684952259,
        -0.012575818225741386,
        -0.0010640716645866632,
        0.9999963641166687,
        -0.0024886804167181253,
        -0.03700777888298035,
        -0.022477591410279274,
        0.0024641351774334908,
        0.9997443556785583,
        0.5325894355773926
    ],
    [
        0.9997173547744751,
        0.0011209618533030152,
        0.023748140782117844,
        -0.013298014178872108,
        -0.0010656033409759402,
        0.9999967217445374,
        -0.0023436055053025484,
        -0.03659405931830406,
        -0.02375068888068199,
        0.0023176362738013268,
        0.9997151494026184,
        0.5580177903175354
    ],
    [
        0.9996989369392395,
        0.0013278137193992734,
        0.024502648040652275,
        -0.015105685219168663,
        -0.0012664826354011893,
        0.9999961256980896,
        -0.0025183665566146374,
        -0.03565213084220886,
        -0.024505894631147385,
        0.0024865753948688507,
        0.9996964931488037,
        0.5824299454689026
    ],
    [
        0.9996755719184875,
        0.001207720604725182,
        0.025443682447075844,
        -0.017315836623311043,
        -0.0011483177077025175,
        0.9999966025352478,
        -0.0023491454776376486,
        -0.034908272325992584,
        -0.02544643171131611,
        0.0023191659711301327,
        0.9996734857559204,
        0.6071376800537109
    ],
    [
        0.9996495842933655,
        0.001317994319833815,
        0.026442119851708412,
        -0.01916705071926117,
        -0.0012565548531711102,
        0.9999964833259583,
        -0.002340017119422555,
        -0.03346007317304611,
        -0.026445111259818077,
        0.002305970760062337,
        0.9996476173400879,
        0.6315063834190369
    ],
    [
        0.9996179938316345,
        0.0014238790608942509,
        0.02760000340640545,
        -0.021574126556515694,
        -0.0013632787158712745,
        0.9999966025352478,
        -0.0022143875248730183,
        -0.03261508792638779,
        -0.027603063732385635,
        0.0021759148221462965,
        0.9996166229248047,
        0.6608529090881348
    ],
    [
        0.9995965957641602,
        0.00155224883928895,
        0.028357939794659615,
        -0.02344820648431778,
        -0.0014829918509349227,
        0.9999958276748657,
        -0.0024631100241094828,
        -0.031256526708602905,
        -0.028361644595861435,
        0.002420061966404319,
        0.9995948672294617,
        0.6853999495506287
    ],
    [
        0.9995700716972351,
        0.001733487006276846,
        0.029271140694618225,
        -0.02574269473552704,
        -0.0016615113709121943,
        0.9999956488609314,
        -0.0024830761831253767,
        -0.030428903177380562,
        -0.02927531488239765,
        0.002433373825624585,
        0.9995684027671814,
        0.710483729839325
    ],
    [
        0.9995484948158264,
        0.0019469690741971135,
        0.029985379427671432,
        -0.028234008699655533,
        -0.0018777763471007347,
        0.9999955296516418,
        -0.002335504163056612,
        -0.029866401106119156,
        -0.02998979203402996,
        0.002278144471347332,
        0.99954754114151,
        0.7357325553894043
    ],
    [
        0.9995070099830627,
        0.0021381976548582315,
        0.031326599419116974,
        -0.03145946189761162,
        -0.002074367832392454,
        0.9999957084655762,
        -0.002069902839139104,
        -0.029313089326024055,
        -0.031330887228250504,
        0.0020038983784615993,
        0.9995070695877075,
        0.7612031698226929
    ],
    [
        0.9994697570800781,
        0.002082097576931119,
        0.032495174556970596,
        -0.035334132611751556,
        -0.002023734850808978,
        0.9999963045120239,
        -0.001828850363381207,
        -0.02935047633945942,
        -0.032498858869075775,
        0.0017621186561882496,
        0.9994701743125916,
        0.786892294883728
    ],
    [
        0.9994128346443176,
        0.0019845322240144014,
        0.034205738455057144,
        -0.04125785455107689,
        -0.0019105076789855957,
        0.999995768070221,
        -0.002196635352447629,
        -0.029661942273378372,
        -0.034209951758384705,
        0.002129994798451662,
        0.9994124174118042,
        0.8169081211090088
    ]
]