[
    [
        0.9998893141746521,
        -0.002016987418755889,
        0.014746946282684803,
        0.0818089097738266,
        0.0020344112999737263,
        0.9999973177909851,
        -0.0011666289065033197,
        -0.0074847182258963585,
        -0.014744551852345467,
        0.001196501194499433,
        0.9998905658721924,
        0.5345031023025513
    ],
    [
        0.9998106360435486,
        -0.003157359780743718,
        0.019198892638087273,
        0.13774971663951874,
        0.0031972769647836685,
        0.9999927878379822,
        -0.002048797905445099,
        -0.005639244336634874,
        -0.0191922839730978,
        0.0021097934804856777,
        0.9998136162757874,
        0.7429490685462952
    ],
    [
        0.9997806549072266,
        -0.0030702482908964157,
        0.020719455555081367,
        0.2080453485250473,
        0.0031279295217245817,
        0.9999912977218628,
        -0.002752053551375866,
        -0.013622459955513477,
        -0.02071082405745983,
        0.0028162591625005007,
        0.9997815489768982,
        0.9577318429946899
    ],
    [
        0.9997829794883728,
        -0.0024750903248786926,
        0.02068428508937359,
        0.24179930984973907,
        0.0025321932043880224,
        0.999993085861206,
        -0.0027349493466317654,
        -0.015621895901858807,
        -0.02067737653851509,
        0.0027867332100868225,
        0.9997822046279907,
        1.166927695274353
    ],
    [
        0.9997786283493042,
        -0.0017567615723237395,
        0.020968833938241005,
        0.2634075880050659,
        0.0018254636088386178,
        0.999993085861206,
        -0.003257672069594264,
        -0.03524474799633026,
        -0.020962970331311226,
        0.0032952288165688515,
        0.9997748136520386,
        1.396519660949707
    ],
    [
        0.9997959136962891,
        -0.0016913104336708784,
        0.02012639306485653,
        0.2955346703529358,
        0.0017574552912265062,
        0.9999931454658508,
        -0.0032692174427211285,
        -0.03504002094268799,
        -0.02012072689831257,
        0.0033039210829883814,
        0.9997920393943787,
        1.6048721075057983
    ],
    [
        0.9998084306716919,
        -0.0019189747981727123,
        0.01947852037847042,
        0.33840227127075195,
        0.0019864323548972607,
        0.9999921917915344,
        -0.003444453701376915,
        -0.041229523718357086,
        -0.01947176083922386,
        0.0034824868198484182,
        0.9998042583465576,
        1.8221845626831055
    ],
    [
        0.9998064041137695,
        -0.0007529312279075384,
        0.019663600251078606,
        0.3598420023918152,
        0.000817134918179363,
        0.9999944567680359,
        -0.0032572781201452017,
        -0.040478743612766266,
        -0.01966104283928871,
        0.003272715723142028,
        0.9998013973236084,
        2.0357532501220703
    ],
    [
        0.9998075366020203,
        3.2884927350096405e-05,
        0.019619222730398178,
        0.3672477900981903,
        3.925993951270357e-05,
        0.9999932646751404,
        -0.0036768601275980473,
        -0.05286303162574768,
        -0.01961921527981758,
        0.00367692275904119,
        0.9998008012771606,
        2.2306437492370605
    ],
    [
        0.9998245239257812,
        -0.0009083927725441754,
        0.01871318742632866,
        0.3873125910758972,
        0.000985348247922957,
        0.9999910593032837,
        -0.00410354183986783,
        -0.051402781158685684,
        -0.018709294497966766,
        0.00412126025184989,
        0.9998164176940918,
        2.443305730819702
    ],
    [
        0.9998371005058289,
        -0.0016942102229222655,
        0.01796659640967846,
        0.4198605418205261,
        0.0017775784945115447,
        0.999987781047821,
        -0.004625250585377216,
        -0.0635548010468483,
        -0.017958540469408035,
        0.004656434524804354,
        0.9998279213905334,
        2.6460587978363037
    ],
    [
        0.9998419284820557,
        -0.0010105721885338426,
        0.01775306649506092,
        0.440682977437973,
        0.0010910938726738095,
        0.9999892115592957,
        -0.0045265625230968,
        -0.06602964550256729,
        -0.01774829998612404,
        0.004545217379927635,
        0.9998320937156677,
        2.8598694801330566
    ],
    [
        0.999841570854187,
        -0.0008879723027348518,
        0.017775626853108406,
        0.44797205924987793,
        0.0009631117573007941,
        0.999990701675415,
        -0.004219005815684795,
        -0.0730457752943039,
        -0.01777171529829502,
        0.0042354571633040905,
        0.9998331069946289,
        3.0799481868743896
    ],
    [
        0.9997702240943909,
        -0.0013921026838943362,
        0.021391399204730988,
        0.4623101055622101,
        0.0014904063427820802,
        0.9999884366989136,
        -0.004580252803862095,
        -0.070355623960495,
        -0.021384775638580322,
        0.0046110814437270164,
        0.9997606873512268,
        3.2776167392730713
    ],
    [
        0.9996517896652222,
        -0.0018877481343224645,
        0.026322485879063606,
        0.4917069375514984,
        0.002013535937294364,
        0.9999867081642151,
        -0.004753002896904945,
        -0.0783599466085434,
        -0.026313157752156258,
        0.004804346710443497,
        0.9996421933174133,
        3.49853253364563
    ],
    [
        0.9995661973953247,
        -0.0012742332182824612,
        0.029424896463751793,
        0.5063013434410095,
        0.0014177580596879125,
        0.9999873042106628,
        -0.004857323132455349,
        -0.07705574482679367,
        -0.029418330639600754,
        0.004896932747215033,
        0.999555230140686,
        3.6851251125335693
    ],
    [
        0.9992693662643433,
        -0.00112777145113796,
        0.0382038913667202,
        0.5080066919326782,
        0.0013445958029478788,
        0.9999831914901733,
        -0.005650216713547707,
        -0.09479977190494537,
        -0.038196876645088196,
        0.005697457119822502,
        0.9992541074752808,
        3.892943859100342
    ],
    [
        0.9986094832420349,
        -0.001901165465824306,
        0.05268345773220062,
        0.5167285203933716,
        0.0021832813508808613,
        0.9999836087226868,
        -0.005297900177538395,
        -0.10075978934764862,
        -0.05267252400517464,
        0.005405556410551071,
        0.9985972046852112,
        4.067586421966553
    ],
    [
        0.9980767965316772,
        -0.002263808622956276,
        0.06194817274808884,
        0.5384867787361145,
        0.002633623778820038,
        0.9999792575836182,
        -0.005888739600777626,
        -0.11493229120969772,
        -0.06193355843424797,
        0.006040563341230154,
        0.9980619549751282,
        4.269255638122559
    ],
    [
        0.9978823661804199,
        -0.0023661067243665457,
        0.0650007426738739,
        0.5545505285263062,
        0.002777774352580309,
        0.9999766945838928,
        -0.0062436433508992195,
        -0.11892116069793701,
        -0.06498444825410843,
        0.00641097966581583,
        0.9978656768798828,
        4.4506354331970215
    ],
    [
        0.9976223707199097,
        -0.0026659886352717876,
        0.0688653364777565,
        0.5651966333389282,
        0.0030493822414427996,
        0.9999804496765137,
        -0.0054627638310194016,
        -0.12498078495264053,
        -0.06884942948818207,
        0.005659773014485836,
        0.9976109266281128,
        4.625833034515381
    ],
    [
        0.9972129464149475,
        -0.0028917943127453327,
        0.07455211877822876,
        0.5753880739212036,
        0.003326239762827754,
        0.9999781847000122,
        -0.00570389349013567,
        -0.12761497497558594,
        -0.07453399151563644,
        0.005935974884778261,
        0.9972008466720581,
        4.795554161071777
    ],
    [
        0.9968241453170776,
        -0.003451636293902993,
        0.07955977320671082,
        0.5917707085609436,
        0.003930739127099514,
        0.9999750852584839,
        -0.005866100545972586,
        -0.13348837196826935,
        -0.079537533223629,
        0.0061601982451975346,
        0.9968128800392151,
        4.9651618003845215
    ],
    [
        0.9964239001274109,
        -0.0031927041709423065,
        0.08443466573953629,
        0.6049797534942627,
        0.003672037972137332,
        0.9999780654907227,
        -0.005522289779037237,
        -0.13572204113006592,
        -0.08441518247127533,
        0.005812589079141617,
        0.9964137077331543,
        5.136839389801025
    ],
    [
        0.9958333969116211,
        -0.0024660583585500717,
        0.09115780144929886,
        0.601550281047821,
        0.002854046178981662,
        0.9999873638153076,
        -0.004126119427382946,
        -0.14462965726852417,
        -0.09114648401737213,
        0.004369096364825964,
        0.9958279728889465,
        5.339878082275391
    ]
]