[
    [
        0.9999809265136719,
        0.005149394273757935,
        -0.0034207822754979134,
        0.04604833573102951,
        -0.005154578946530819,
        0.9999855160713196,
        -0.0015085841296240687,
        -0.18703386187553406,
        0.00341296405531466,
        0.0015261879889294505,
        0.999993085861206,
        0.19710588455200195
    ],
    [
        0.9999681711196899,
        0.006285872310400009,
        -0.0049181655049324036,
        0.05216332897543907,
        -0.006291784346103668,
        0.9999794960021973,
        -0.0011874177725985646,
        -0.22388729453086853,
        0.004910600837320089,
        0.0012183242943137884,
        0.9999872446060181,
        0.27372148633003235
    ],
    [
        0.9999535083770752,
        0.007308554835617542,
        -0.00628867419436574,
        0.05693930760025978,
        -0.0073157125152647495,
        0.9999725818634033,
        -0.0011159488931298256,
        -0.2624305188655853,
        0.006280347239226103,
        0.001161903259344399,
        0.9999796152114868,
        0.3525855839252472
    ],
    [
        0.9999339580535889,
        0.008380550891160965,
        -0.007851975038647652,
        0.060543421655893326,
        -0.008385376073420048,
        0.999964714050293,
        -0.0005819196230731905,
        -0.30861642956733704,
        0.007846822030842304,
        0.0006477223942056298,
        0.9999690055847168,
        0.4455881118774414
    ],
    [
        0.9999229311943054,
        0.008980173617601395,
        -0.008568483404815197,
        0.06173865869641304,
        -0.008984996005892754,
        0.9999595284461975,
        -0.0005243755294941366,
        -0.34946680068969727,
        0.008563428185880184,
        0.0006013233214616776,
        0.9999630451202393,
        0.5280260443687439
    ],
    [
        0.999914288520813,
        0.009512797929346561,
        -0.009002860635519028,
        0.06150040775537491,
        -0.009517323225736618,
        0.9999545812606812,
        -0.000459964299807325,
        -0.39196068048477173,
        0.008998076431453228,
        0.0005456076469272375,
        0.9999593496322632,
        0.6122352480888367
    ],
    [
        0.9999092221260071,
        0.009768896736204624,
        -0.009273846633732319,
        0.0600929856300354,
        -0.009772888384759426,
        0.9999521374702454,
        -0.00038523462717421353,
        -0.43902507424354553,
        0.009269638918340206,
        0.0004758322611451149,
        0.9999568462371826,
        0.7041174173355103
    ],
    [
        0.9999081492424011,
        0.010113736614584923,
        -0.009023641236126423,
        0.057373303920030594,
        -0.010117096826434135,
        0.9999488592147827,
        -0.0003268579894211143,
        -0.48360446095466614,
        0.009019874036312103,
        0.00041812003473751247,
        0.9999592304229736,
        0.7909702658653259
    ],
    [
        0.999907374382019,
        0.010485129430890083,
        -0.008683147840201855,
        0.05404618754982948,
        -0.010487725026905537,
        0.9999449849128723,
        -0.00025344997993670404,
        -0.5328633785247803,
        0.008680013939738274,
        0.00034449296072125435,
        0.9999622106552124,
        0.8858367800712585
    ],
    [
        0.9999081492424011,
        0.010584143921732903,
        -0.008460437878966331,
        0.05032243952155113,
        -0.010586675256490707,
        0.9999439120292664,
        -0.00025446139625273645,
        -0.5792949199676514,
        0.00845726951956749,
        0.00034400552976876497,
        0.9999641180038452,
        0.9757673740386963
    ],
    [
        0.9999105334281921,
        0.010591494850814342,
        -0.008169328793883324,
        0.045494988560676575,
        -0.01059302594512701,
        0.9999439120292664,
        -0.00014399435895029455,
        -0.6263410449028015,
        0.008167345076799393,
        0.0002305060188518837,
        0.9999666213989258,
        1.067394495010376
    ],
    [
        0.9999113082885742,
        0.010691879317164421,
        -0.007929191924631596,
        0.039955925196409225,
        -0.010690456256270409,
        0.9999428391456604,
        0.00022176123457029462,
        -0.681714653968811,
        0.007931112311780453,
        -0.00013698966358788311,
        0.9999685883522034,
        1.174628496170044
    ],
    [
        0.9999080300331116,
        0.01096989493817091,
        -0.007980834692716599,
        0.034820470958948135,
        -0.01096490677446127,
        0.9999396204948425,
        0.0006684897816739976,
        -0.7300603985786438,
        0.007987686432898045,
        -0.0005809194408357143,
        0.9999679327011108,
        1.2689273357391357
    ],
    [
        0.9999095797538757,
        0.010822284035384655,
        -0.007987385615706444,
        0.029248548671603203,
        -0.010817212983965874,
        0.9999411702156067,
        0.0006777493399567902,
        -0.779790997505188,
        0.007994250394403934,
        -0.0005912775523029268,
        0.9999679327011108,
        1.3647574186325073
    ],
    [
        0.9999071359634399,
        0.01111888512969017,
        -0.007885744795203209,
        0.022842315956950188,
        -0.011111792176961899,
        0.9999377727508545,
        0.0009428543853573501,
        -0.8340808749198914,
        0.007895737886428833,
        -0.0008551545324735343,
        0.999968409538269,
        1.4691944122314453
    ],
    [
        0.9999029636383057,
        0.011436806060373783,
        -0.007962296716868877,
        0.016278015449643135,
        -0.011429780162870884,
        0.9999342560768127,
        0.0009273499599657953,
        -0.8845033049583435,
        0.007972379215061665,
        -0.0008362627122551203,
        0.9999678730964661,
        1.5676740407943726
    ],
    [
        0.999904453754425,
        0.011409210041165352,
        -0.007812246680259705,
        0.008333461359143257,
        -0.011401659809052944,
        0.9999344348907471,
        0.0010103195672854781,
        -0.9383642673492432,
        0.007823260501027107,
        -0.000921160914003849,
        0.9999690651893616,
        1.6752296686172485
    ],
    [
        0.9998986721038818,
        0.011666371487081051,
        -0.008163265883922577,
        0.0009163896320387721,
        -0.011657273396849632,
        0.9999313950538635,
        0.001161226537078619,
        -0.9886490702629089,
        0.008176252245903015,
        -0.0010659549152478576,
        0.999966025352478,
        1.7764226198196411
    ],
    [
        0.9998929500579834,
        0.012066417373716831,
        -0.00829385593533516,
        -0.006728712469339371,
        -0.01205468364059925,
        0.9999262094497681,
        0.0014632809907197952,
        -1.0400227308273315,
        0.008310901932418346,
        -0.0013632156187668443,
        0.9999645948410034,
        1.8789855241775513
    ],
    [
        0.9998912811279297,
        0.01225768867880106,
        -0.008196521550416946,
        -0.01721564307808876,
        -0.01224576123058796,
        0.999923825263977,
        0.0015037002740427852,
        -1.099403977394104,
        0.008214328438043594,
        -0.001403100905008614,
        0.9999654293060303,
        1.9995163679122925
    ],
    [
        0.999891459941864,
        0.012211017310619354,
        -0.008238482289016247,
        -0.026330824941396713,
        -0.01219977531582117,
        0.9999246001243591,
        0.0014133622171357274,
        -1.1509698629379272,
        0.008255119435489178,
        -0.001312723965384066,
        0.9999650716781616,
        2.105853319168091
    ],
    [
        0.9998903274536133,
        0.012254876084625721,
        -0.008316684514284134,
        -0.035787660628557205,
        -0.012244462966918945,
        0.9999241828918457,
        0.0013021690538153052,
        -1.2027535438537598,
        0.008332012221217155,
        -0.0012000518618151546,
        0.9999644756317139,
        2.2140326499938965
    ],
    [
        0.9998902678489685,
        0.012350712902843952,
        -0.008184223435819149,
        -0.046805333346128464,
        -0.012340908870100975,
        0.9999231100082397,
        0.001247307751327753,
        -1.2589001655578613,
        0.008198998868465424,
        -0.0011462196707725525,
        0.9999657273292542,
        2.332415819168091
    ],
    [
        0.9998908638954163,
        0.012397744692862034,
        -0.008046423085033894,
        -0.05810631066560745,
        -0.012387966737151146,
        0.999922513961792,
        0.0012639150954782963,
        -1.3117066621780396,
        0.008061467669904232,
        -0.0011640791781246662,
        0.9999668002128601,
        2.4437406063079834
    ],
    [
        0.9998893141746521,
        0.012566805817186832,
        -0.007977812550961971,
        -0.06901527941226959,
        -0.012555669993162155,
        0.999920129776001,
        0.0014443604741245508,
        -1.369690179824829,
        0.00799532700330019,
        -0.001344018615782261,
        0.9999670386314392,
        2.564568519592285
    ]
]