[
    [
        0.9999995827674866,
        0.0005416659987531602,
        -0.0007681164424866438,
        -0.018255962058901787,
        -0.0005417629727162421,
        0.9999998807907104,
        -0.00012602793867699802,
        -0.0006855516694486141,
        0.0007680486887693405,
        0.00012644409434869885,
        0.9999997615814209,
        -0.0001490781723987311
    ],
    [
        0.999999463558197,
        0.0009341948316432536,
        -0.0004452016146387905,
        -0.031065048649907112,
        -0.0009341224795207381,
        0.9999996423721313,
        0.00016336097905877978,
        -0.0008590669604018331,
        0.0004453534202184528,
        -0.00016294504166580737,
        0.9999998807907104,
        -0.00025369590730406344
    ],
    [
        0.9999992847442627,
        0.0011538667604327202,
        -0.000289135699858889,
        -0.0421060286462307,
        -0.0011537160025909543,
        0.9999991059303284,
        0.0005213369731791317,
        -0.001149092335253954,
        0.0002897373342420906,
        -0.0005210030358284712,
        0.9999998807907104,
        -0.00038426838000304997
    ],
    [
        0.9999987483024597,
        0.0015575456200167537,
        1.0958116263282136e-06,
        -0.05355631932616234,
        -0.00155754538718611,
        0.9999986886978149,
        0.0004974558833055198,
        -0.000948144297581166,
        -3.2118836656991334e-07,
        -0.000497457105666399,
        0.9999998807907104,
        -0.0005395707557909191
    ],
    [
        0.9999984502792358,
        0.0017924224957823753,
        0.00011891569738509133,
        -0.06138738989830017,
        -0.001792500144802034,
        0.9999982714653015,
        0.0006580319022759795,
        -0.0011346922256052494,
        -0.0001177363155875355,
        -0.00065824412740767,
        0.9999997615814209,
        -0.0004849394899792969
    ],
    [
        0.9999980330467224,
        0.00194115424528718,
        0.0002541402354836464,
        -0.06911950558423996,
        -0.0019413453992456198,
        0.9999977350234985,
        0.0007555789779871702,
        -0.001242606551386416,
        -0.0002526737516745925,
        -0.0007560718222521245,
        0.9999996423721313,
        -0.0006013141246512532
    ],
    [
        0.9999974966049194,
        0.0021600541658699512,
        0.0006250606966204941,
        -0.08025085180997849,
        -0.0021605915389955044,
        0.9999972581863403,
        0.000859238556586206,
        -0.0014141384745016694,
        -0.0006232032901607454,
        -0.000860587228089571,
        0.9999994039535522,
        -0.0008088846225291491
    ],
    [
        0.9999970197677612,
        0.0023394443560391665,
        0.0006865731556899846,
        -0.09160394966602325,
        -0.0023402851074934006,
        0.9999966025352478,
        0.0012266570702195168,
        -0.001919170725159347,
        -0.0006837008986622095,
        -0.0012282602256163955,
        0.9999990463256836,
        -0.000761298811994493
    ],
    [
        0.9999958276748657,
        0.002650131704285741,
        0.0011454324703663588,
        -0.10488664358854294,
        -0.0026516213547438383,
        0.9999957084655762,
        0.0013008591486141086,
        -0.0020904724951833487,
        -0.0011419805232435465,
        -0.0013038909528404474,
        0.9999984502792358,
        -0.0010183654958382249
    ],
    [
        0.9999951124191284,
        0.0027827925514429808,
        0.001488041365519166,
        -0.11412631720304489,
        -0.002785010728985071,
        0.9999950528144836,
        0.0014909491874277592,
        -0.0022649813909083605,
        -0.0014838845236226916,
        -0.0014950857730582356,
        0.9999977350234985,
        -0.001128974836319685
    ],
    [
        0.9999945163726807,
        0.0028628811705857515,
        0.0016735134413465858,
        -0.12309485673904419,
        -0.0028658516239374876,
        0.9999943375587463,
        0.0017754618311300874,
        -0.0025554217863827944,
        -0.001668420503847301,
        -0.0017802473157644272,
        0.9999970197677612,
        -0.0011480735847726464
    ],
    [
        0.9999931454658508,
        0.0031092092394828796,
        0.002056106925010681,
        -0.13220611214637756,
        -0.003112900536507368,
        0.9999935626983643,
        0.001794450101442635,
        -0.0026071309112012386,
        -0.0020505134016275406,
        -0.0018008380429819226,
        0.9999963045120239,
        -0.0012247244594618678
    ],
    [
        0.999992847442627,
        0.0030454969964921474,
        0.0022358912974596024,
        -0.14047624170780182,
        -0.00305070448666811,
        0.9999926686286926,
        0.0023292487021535635,
        -0.002928521716967225,
        -0.002228780882433057,
        -0.002336053177714348,
        0.9999947547912598,
        -0.0013475941959768534
    ],
    [
        0.9999920129776001,
        0.003233766183257103,
        0.0023826141841709614,
        -0.151218444108963,
        -0.0032402467913925648,
        0.9999909996986389,
        0.0027212235145270824,
        -0.003066224977374077,
        -0.0023737929295748472,
        -0.0027289222925901413,
        0.9999934434890747,
        -0.001404062146320939
    ]
]