[
    [
        0.9999995827674866,
        0.0005416659987531602,
        -0.0007681164424866438,
        -0.018255962058901787,
        -0.0005417629727162421,
        0.9999998807907104,
        -0.00012602793867699802,
        -0.0006855516694486141,
        0.0007680486887693405,
        0.00012644409434869885,
        0.9999997615814209,
        -0.0001490781723987311
    ],
    [
        0.9999995827674866,
        0.0007218380342237651,
        -0.0005777096375823021,
        -0.023321161046624184,
        -0.0007218840764835477,
        0.9999997615814209,
        -7.94970037532039e-05,
        -0.0006979521131142974,
        0.000577652535866946,
        7.99140107119456e-05,
        0.9999998807907104,
        -0.0002126373874489218
    ],
    [
        0.999999463558197,
        0.0009341948316432536,
        -0.0004452016146387905,
        -0.031065048649907112,
        -0.0009341224795207381,
        0.9999996423721313,
        0.00016336097905877978,
        -0.0008590669604018331,
        0.0004453534202184528,
        -0.00016294504166580737,
        0.9999998807907104,
        -0.00025369590730406344
    ],
    [
        0.9999994039535522,
        0.0011409512953832746,
        -0.00020778350881300867,
        -0.03797105327248573,
        -0.0011408886639401317,
        0.9999992847442627,
        0.00030468226759694517,
        -0.0009028441272675991,
        0.00020813147420994937,
        -0.00030444475123658776,
        0.9999998807907104,
        -0.0003731196920853108
    ],
    [
        0.9999992251396179,
        0.0011832795571535826,
        -0.00029446635744534433,
        -0.04398569464683533,
        -0.001183100393973291,
        0.9999991655349731,
        0.0006058558938093483,
        -0.0012413159711286426,
        0.000295182631816715,
        -0.0006055072299204767,
        0.9999997615814209,
        -0.00035360033507458866
    ],
    [
        0.9999990463256836,
        0.0013777425047010183,
        -9.066455822903663e-05,
        -0.049939677119255066,
        -0.001377689535729587,
        0.999998927116394,
        0.0005875935312360525,
        -0.0011192604433745146,
        9.147345554083586e-05,
        -0.0005874676280654967,
        0.9999998807907104,
        -0.0004869571712333709
    ],
    [
        0.9999987483024597,
        0.0016040188493207097,
        5.364807657315396e-05,
        -0.05524313449859619,
        -0.0016040480695664883,
        0.9999985098838806,
        0.0005461266846396029,
        -0.001035782159306109,
        -5.277192758512683e-05,
        -0.0005462123081088066,
        0.9999998807907104,
        -0.0005287777748890221
    ],
    [
        0.9999984502792358,
        0.0017621041042730212,
        0.00016520931967534125,
        -0.06007928028702736,
        -0.0017621925799176097,
        0.9999982714653015,
        0.0005385827389545739,
        -0.0009435829124413431,
        -0.00016425969079136848,
        -0.0005388723220676184,
        0.9999998807907104,
        -0.0005350272986106575
    ],
    [
        0.9999983310699463,
        0.001851671258918941,
        0.00014649592048954219,
        -0.06426067650318146,
        -0.001851774170063436,
        0.9999980926513672,
        0.0007061839569360018,
        -0.0012029869249090552,
        -0.00014518809621222317,
        -0.0007064541568979621,
        0.9999997615814209,
        -0.0006018987623974681
    ],
    [
        0.9999980330467224,
        0.00194115424528718,
        0.0002541402354836464,
        -0.06911950558423996,
        -0.0019413453992456198,
        0.9999977350234985,
        0.0007555789779871702,
        -0.001242606551386416,
        -0.0002526737516745925,
        -0.0007560718222521245,
        0.9999996423721313,
        -0.0006013141246512532
    ],
    [
        0.9999979138374329,
        0.0019972266163676977,
        0.0003267325519118458,
        -0.07420423626899719,
        -0.0019975292962044477,
        0.999997615814209,
        0.0009276642231270671,
        -0.0015315746422857046,
        -0.0003248784632887691,
        -0.0009283157414756715,
        0.9999995231628418,
        -0.0006349986069835722
    ],
    [
        0.9999974966049194,
        0.0021600541658699512,
        0.0006250606966204941,
        -0.08025085180997849,
        -0.0021605915389955044,
        0.9999972581863403,
        0.000859238556586206,
        -0.0014141384745016694,
        -0.0006232032901607454,
        -0.000860587228089571,
        0.9999994039535522,
        -0.0008088846225291491
    ],
    [
        0.9999972581863403,
        0.002259724773466587,
        0.0006286913412623107,
        -0.08692482858896255,
        -0.002260389970615506,
        0.9999968409538269,
        0.0010591448517516255,
        -0.0017108704196289182,
        -0.0006262956885620952,
        -0.001060563139617443,
        0.9999992847442627,
        -0.0007972017046995461
    ],
    [
        0.9999970197677612,
        0.0023394443560391665,
        0.0006865731556899846,
        -0.09160394966602325,
        -0.0023402851074934006,
        0.9999966025352478,
        0.0012266570702195168,
        -0.001919170725159347,
        -0.0006837008986622095,
        -0.0012282602256163955,
        0.9999990463256836,
        -0.000761298811994493
    ],
    [
        0.9999966621398926,
        0.002468992257490754,
        0.0007710876525379717,
        -0.09826017171144485,
        -0.0024700164794921875,
        0.9999960660934448,
        0.001330781728029251,
        -0.002137249568477273,
        -0.0007677992107346654,
        -0.0013326819753274322,
        0.9999988079071045,
        -0.0008913036435842514
    ],
    [
        0.9999958276748657,
        0.002650131704285741,
        0.0011454324703663588,
        -0.10488664358854294,
        -0.0026516213547438383,
        0.9999957084655762,
        0.0013008591486141086,
        -0.0020904724951833487,
        -0.0011419805232435465,
        -0.0013038909528404474,
        0.9999984502792358,
        -0.0010183654958382249
    ],
    [
        0.9999955296516418,
        0.0027026161551475525,
        0.00127646594773978,
        -0.1103678047657013,
        -0.0027044513262808323,
        0.9999952912330627,
        0.001438879407942295,
        -0.002255161991342902,
        -0.0012725713895633817,
        -0.0014423258835449815,
        0.9999982118606567,
        -0.0010643803980201483
    ],
    [
        0.9999950528144836,
        0.0027654580771923065,
        0.0014967195456847548,
        -0.11584045737981796,
        -0.0027677344623953104,
        0.9999950528144836,
        0.0015208880649879575,
        -0.0023027309216558933,
        -0.0014925056602805853,
        -0.0015250230208039284,
        0.9999977350234985,
        -0.0011011087335646152
    ],
    [
        0.9999949336051941,
        0.002809790661558509,
        0.001558065414428711,
        -0.12120918184518814,
        -0.0028125711251050234,
        0.9999943971633911,
        0.0017850808799266815,
        -0.002628869377076626,
        -0.0015530406963080168,
        -0.0017894537886604667,
        0.9999971389770508,
        -0.001113523612730205
    ],
    [
        0.9999940395355225,
        0.0029907694552093744,
        0.001739482511766255,
        -0.12612245976924896,
        -0.0029938574880361557,
        0.9999939799308777,
        0.0017751138657331467,
        -0.0025459076277911663,
        -0.0017341633792966604,
        -0.0017803112277761102,
        0.9999969005584717,
        -0.0011734995059669018
    ],
    [
        0.9999932050704956,
        0.003082584124058485,
        0.002010035328567028,
        -0.1306837499141693,
        -0.003086086828261614,
        0.9999937415122986,
        0.0017419615760445595,
        -0.0025320635177195072,
        -0.002004652749747038,
        -0.0017481533577665687,
        0.9999964237213135,
        -0.0012184606166556478
    ],
    [
        0.9999929666519165,
        0.0030995472334325314,
        0.002144855447113514,
        -0.13555602729320526,
        -0.0031035859137773514,
        0.9999934434890747,
        0.0018822707934305072,
        -0.002744857920333743,
        -0.002139007905498147,
        -0.001888913451693952,
        0.9999959468841553,
        -0.0013557348866015673
    ],
    [
        0.999992847442627,
        0.0030454969964921474,
        0.0022358912974596024,
        -0.14047624170780182,
        -0.00305070448666811,
        0.9999926686286926,
        0.0023292487021535635,
        -0.002928521716967225,
        -0.002228780882433057,
        -0.002336053177714348,
        0.9999947547912598,
        -0.0013475941959768534
    ],
    [
        0.999992311000824,
        0.0031459443271160126,
        0.0023804660886526108,
        -0.14599540829658508,
        -0.0031520919874310493,
        0.9999916553497314,
        0.002583369379863143,
        -0.002999776741489768,
        -0.002372319344431162,
        -0.0025908518582582474,
        0.9999938011169434,
        -0.0014186109183356166
    ],
    [
        0.9999920129776001,
        0.003233766183257103,
        0.0023826141841709614,
        -0.151218444108963,
        -0.0032402467913925648,
        0.9999909996986389,
        0.0027212235145270824,
        -0.003066224977374077,
        -0.0023737929295748472,
        -0.0027289222925901413,
        0.9999934434890747,
        -0.001404062146320939
    ]
]