[
    [
        0.9995792508125305,
        -0.00962679274380207,
        0.027358995750546455,
        -0.15041305124759674,
        0.009620917961001396,
        0.9999536275863647,
        0.0003463563625700772,
        -0.020798416808247566,
        -0.027361063286662102,
        -8.299160253955051e-05,
        0.999625563621521,
        0.19031189382076263
    ],
    [
        0.9992795586585999,
        -0.010096272453665733,
        0.0365835502743721,
        -0.19080442190170288,
        0.010075678117573261,
        0.9999489188194275,
        0.0007472835131920874,
        -0.03240274265408516,
        -0.03658922761678696,
        -0.0003781415871344507,
        0.9993304014205933,
        0.2756606340408325
    ],
    [
        0.9989853501319885,
        -0.010393177159130573,
        0.04382188618183136,
        -0.24716554582118988,
        0.01035335473716259,
        0.9999457001686096,
        0.0011356048053130507,
        -0.038180675357580185,
        -0.04383131116628647,
        -0.0006807493045926094,
        0.999038815498352,
        0.3784622848033905
    ],
    [
        0.9986550807952881,
        -0.010862397961318493,
        0.0506955049932003,
        -0.3069111406803131,
        0.010807684622704983,
        0.9999406337738037,
        0.0013532580342143774,
        -0.04291527718305588,
        -0.050707194954156876,
        -0.000803536968305707,
        0.9987132549285889,
        0.46638965606689453
    ],
    [
        0.9977014660835266,
        -0.011602809652686119,
        0.06676202267408371,
        -0.3818390369415283,
        0.011536756530404091,
        0.9999325275421143,
        0.0013748272322118282,
        -0.04432211071252823,
        -0.06677347421646118,
        -0.0006014496902935207,
        0.9977680444717407,
        0.5599099397659302
    ],
    [
        0.9959757924079895,
        -0.013519695028662682,
        0.08859651535749435,
        -0.4488086700439453,
        0.013425905257463455,
        0.9999085068702698,
        0.0016544832615181804,
        -0.04422374442219734,
        -0.08861076831817627,
        -0.00045833687181584537,
        0.9960662722587585,
        0.6291148662567139
    ],
    [
        0.9935315251350403,
        -0.01583745889365673,
        0.11244762688875198,
        -0.5310871601104736,
        0.015709606930613518,
        0.9998745918273926,
        0.0020230207592248917,
        -0.040130794048309326,
        -0.11246555298566818,
        -0.0002434271009406075,
        0.9936555624008179,
        0.7153578400611877
    ],
    [
        0.99173903465271,
        -0.017047593370079994,
        0.1271340548992157,
        -0.5899465084075928,
        0.01689029112458229,
        0.999854564666748,
        0.002315312623977661,
        -0.03863101825118065,
        -0.12715503573417664,
        -0.00014885507698636502,
        0.9918828010559082,
        0.799547016620636
    ],
    [
        0.9894367456436157,
        -0.01834808476269245,
        0.14379967749118805,
        -0.6605632901191711,
        0.018138255923986435,
        0.9998315572738647,
        0.0027701116632670164,
        -0.049404483288526535,
        -0.14382630586624146,
        -0.00013257397222332656,
        0.9896029829978943,
        0.9274243712425232
    ],
    [
        0.987578809261322,
        -0.01930731162428856,
        0.15593403577804565,
        -0.71043860912323,
        0.019077884033322334,
        0.9998136162757874,
        0.0029679215513169765,
        -0.063543401658535,
        -0.1559622883796692,
        4.383471605251543e-05,
        0.9877630472183228,
        1.0158205032348633
    ],
    [
        0.9858454465866089,
        -0.020410433411598206,
        0.16640962660312653,
        -0.7684727311134338,
        0.02014843001961708,
        0.99979168176651,
        0.0032626830507069826,
        -0.08040086179971695,
        -0.16644157469272614,
        0.0001363930496154353,
        0.9860513210296631,
        1.1149688959121704
    ],
    [
        0.9848248958587646,
        -0.020595351234078407,
        0.1723245233297348,
        -0.8139203786849976,
        0.020358342677354813,
        0.9997878074645996,
        0.003142738016322255,
        -0.0885864645242691,
        -0.1723526120185852,
        0.0004131961613893509,
        0.9850351214408875,
        1.1996263265609741
    ],
    [
        0.9825841188430786,
        -0.021328099071979523,
        0.18459022045135498,
        -0.869800329208374,
        0.02111401967704296,
        0.9997721910476685,
        0.003125510411337018,
        -0.09852592647075653,
        -0.184614896774292,
        0.0008263678173534572,
        0.9828105568885803,
        1.307112216949463
    ],
    [
        0.9787958860397339,
        -0.02315637655556202,
        0.20352467894554138,
        -0.9355918765068054,
        0.02294689416885376,
        0.9997308850288391,
        0.003389355493709445,
        -0.12252241373062134,
        -0.203548401594162,
        0.0013527738628908992,
        0.9790639877319336,
        1.4177477359771729
    ],
    [
        0.9754408001899719,
        -0.024639908224344254,
        0.2188793569803238,
        -0.9959704279899597,
        0.02443188801407814,
        0.9996947646141052,
        0.003657394554466009,
        -0.1452396810054779,
        -0.2189025580883026,
        0.0017800728091970086,
        0.9757450819015503,
        1.5127331018447876
    ],
    [
        0.9742454886436462,
        -0.024818656966090202,
        0.22411999106407166,
        -1.0693213939666748,
        0.024579286575317383,
        0.9996904134750366,
        0.0038582521956413984,
        -0.1592385470867157,
        -0.22414635121822357,
        0.0017498219385743141,
        0.9745539426803589,
        1.6592732667922974
    ],
    [
        0.9748786091804504,
        -0.024413051083683968,
        0.22139498591423035,
        -1.1064449548721313,
        0.02412063255906105,
        0.9997009634971619,
        0.004024852998554707,
        -0.1679271012544632,
        -0.22142702341079712,
        0.0014164415188133717,
        0.9751758575439453,
        1.775724172592163
    ],
    [
        0.9786083102226257,
        -0.02244304120540619,
        0.20450448989868164,
        -1.1405038833618164,
        0.022145245224237442,
        0.9997476935386658,
        0.003744928864762187,
        -0.18164119124412537,
        -0.20453700423240662,
        0.0008639825973659754,
        0.9788584113121033,
        1.9277526140213013
    ],
    [
        0.9840677380561829,
        -0.019161565229296684,
        0.17675845324993134,
        -1.155180811882019,
        0.018905455246567726,
        0.9998162984848022,
        0.0031330022029578686,
        -0.19490118324756622,
        -0.17678624391555786,
        0.0002586152113508433,
        0.9842491745948792,
        2.0490453243255615
    ],
    [
        0.9895845651626587,
        -0.014891698025166988,
        0.14318042993545532,
        -1.170058250427246,
        0.014662579633295536,
        0.999889075756073,
        0.0026554588694125414,
        -0.20619647204875946,
        -0.1432039588689804,
        -0.000528410542756319,
        0.9896930456161499,
        2.188425302505493
    ],
    [
        0.9931889176368713,
        -0.012094028294086456,
        0.11588547378778458,
        -1.1862561702728271,
        0.011912327259778976,
        0.9999264478683472,
        0.002260258188471198,
        -0.20690792798995972,
        -0.11590426415205002,
        -0.0008643951150588691,
        0.9932599663734436,
        2.3040435314178467
    ],
    [
        0.9961744546890259,
        -0.008656559512019157,
        0.08695708960294724,
        -1.2120671272277832,
        0.008535509929060936,
        0.9999620318412781,
        0.0017642040038481355,
        -0.20825731754302979,
        -0.08696907013654709,
        -0.0010152285685762763,
        0.9962103962898254,
        2.452418088912964
    ],
    [
        0.9975003600120544,
        -0.006384043488651514,
        0.07037311792373657,
        -1.240355134010315,
        0.0062906621024012566,
        0.9999790787696838,
        0.0015486904885619879,
        -0.21683591604232788,
        -0.07038163393735886,
        -0.0011021237587556243,
        0.9975194931030273,
        2.5721166133880615
    ],
    [
        0.9986114501953125,
        -0.003851446555927396,
        0.05253897234797478,
        -1.283151388168335,
        0.0037967830430716276,
        0.9999921917915344,
        0.0011400057701393962,
        -0.2363918423652649,
        -0.05254284292459488,
        -0.0009389423066750169,
        0.9986181855201721,
        2.734452247619629
    ],
    [
        0.9992004036903381,
        -0.0024101503659039736,
        0.03990938887000084,
        -1.3211032152175903,
        0.0023754225112497807,
        0.9999967217445374,
        0.0009174368460662663,
        -0.24253849685192108,
        -0.03991146385669708,
        -0.0008218978182412684,
        0.9992027878761292,
        2.8708133697509766
    ]
]