[
    [
        0.9379579424858093,
        -0.0036546539049595594,
        0.34672966599464417,
        0.6626893281936646,
        0.01920914463698864,
        0.998956561088562,
        -0.04143437743186951,
        -0.11612192541360855,
        -0.34621644020080566,
        0.04552408680319786,
        0.9370495080947876,
        0.6931042075157166
    ],
    [
        0.9243075847625732,
        -0.003730218857526779,
        0.381630003452301,
        0.7466669082641602,
        0.02011692337691784,
        0.9990383982658386,
        -0.03895813599228859,
        -0.11861780285835266,
        -0.38111770153045654,
        0.043686527758836746,
        0.9234937429428101,
        0.7498374581336975
    ],
    [
        0.9089494943618774,
        -0.004313817247748375,
        0.41688403487205505,
        0.8317607641220093,
        0.021023720502853394,
        0.9991485476493835,
        -0.0354999303817749,
        -0.1251765638589859,
        -0.41637593507766724,
        0.0410320982336998,
        0.9082662463188171,
        0.8033254742622375
    ],
    [
        0.8920843601226807,
        -0.004866631701588631,
        0.45184269547462463,
        0.918878436088562,
        0.021864591166377068,
        0.9992356300354004,
        -0.03240540996193886,
        -0.13336710631847382,
        -0.45133960247039795,
        0.03878771513700485,
        0.8915088772773743,
        0.8531102538108826
    ],
    [
        0.8738232851028442,
        -0.005295702256262302,
        0.48621487617492676,
        1.0069423913955688,
        0.022536175325512886,
        0.9993072748184204,
        -0.029617775231599808,
        -0.14540287852287292,
        -0.4857211112976074,
        0.03683812543749809,
        0.8733372688293457,
        0.8968275785446167
    ],
    [
        0.8542237281799316,
        -0.005053623113781214,
        0.519881010055542,
        1.0966111421585083,
        0.02284860424697399,
        0.9993515610694885,
        -0.027828438207507133,
        -0.1569747030735016,
        -0.5194032788276672,
        0.03565026447176933,
        0.8537853360176086,
        0.9335853457450867
    ],
    [
        0.8259372711181641,
        -0.004741399548947811,
        0.5637422204017639,
        1.2186421155929565,
        0.02392716333270073,
        0.9993584156036377,
        -0.02665043994784355,
        -0.16483348608016968,
        -0.5632541179656982,
        0.03550034016370773,
        0.8255208134651184,
        0.9761808514595032
    ],
    [
        0.8027286529541016,
        -0.004426263272762299,
        0.5963280200958252,
        1.312709927558899,
        0.025032922625541687,
        0.9993411302566528,
        -0.02627965249121189,
        -0.16604681313037872,
        -0.595818817615509,
        0.03602327033877373,
        0.8023104667663574,
        1.0041741132736206
    ],
    [
        0.7779013514518738,
        -0.004020722117275,
        0.6283735036849976,
        1.4080733060836792,
        0.025909649208188057,
        0.9993342757225037,
        -0.025680748745799065,
        -0.16499151289463043,
        -0.6278520822525024,
        0.036258019506931305,
        0.7774877548217773,
        1.0249978303909302
    ],
    [
        0.7510975003242493,
        -0.003764516208320856,
        0.6601805686950684,
        1.504902720451355,
        0.026874860748648643,
        0.999329149723053,
        -0.02487751469016075,
        -0.1595390886068344,
        -0.6596440672874451,
        0.03642769530415535,
        0.7506949305534363,
        1.0442814826965332
    ],
    [
        0.722387433052063,
        -0.004203286953270435,
        0.6914758086204529,
        1.6075533628463745,
        0.027629472315311432,
        0.9993583559989929,
        -0.022789807990193367,
        -0.15392081439495087,
        -0.6909363269805908,
        0.035568177700042725,
        0.7220401167869568,
        1.0634925365447998
    ],
    [
        0.6927012801170349,
        -0.004641587845981121,
        0.7212097644805908,
        1.713411808013916,
        0.027696684002876282,
        0.9994129538536072,
        -0.020169811323285103,
        -0.15038076043128967,
        -0.7206926345825195,
        0.033946771174669266,
        0.6924231052398682,
        1.082639455795288
    ],
    [
        0.6514878869056702,
        -0.0047787390649318695,
        0.7586440443992615,
        1.8524065017700195,
        0.027689890936017036,
        0.9994636178016663,
        -0.01748310588300228,
        -0.15160948038101196,
        -0.7581535577774048,
        0.03239680081605911,
        0.651270866394043,
        1.1057559251785278
    ],
    [
        0.6083948612213135,
        -0.0059308637864887714,
        0.7936123609542847,
        1.9994467496871948,
        0.02894030138850212,
        0.9994728565216064,
        -0.014716744422912598,
        -0.15519186854362488,
        -0.7931066751480103,
        0.03192097321152687,
        0.6082456111907959,
        1.1216115951538086
    ],
    [
        0.574140727519989,
        -0.0070127020590007305,
        0.818726658821106,
        2.1117184162139893,
        0.030521336942911148,
        0.9994516968727112,
        -0.01284273061901331,
        -0.15744923055171967,
        -0.8181875348091125,
        0.03236216679215431,
        0.574039876461029,
        1.1278798580169678
    ],
    [
        0.5261616110801697,
        -0.008043095469474792,
        0.8503463864326477,
        2.258981227874756,
        0.03311269357800484,
        0.999390721321106,
        -0.011036012321710587,
        -0.1565002202987671,
        -0.849739670753479,
        0.033963993191719055,
        0.5261074304580688,
        1.1282174587249756
    ],
    [
        0.4891016185283661,
        -0.00913762766867876,
        0.8721790313720703,
        2.37143874168396,
        0.03581840917468071,
        0.9993120431900024,
        -0.009616721421480179,
        -0.15573230385780334,
        -0.8714910745620728,
        0.035943616181612015,
        0.4890924394130707,
        1.1222734451293945
    ],
    [
        0.4387246370315552,
        -0.010596088133752346,
        0.898559033870697,
        2.5243444442749023,
        0.0392865426838398,
        0.9992006421089172,
        -0.0073989094235002995,
        -0.1562023162841797,
        -0.8977623581886292,
        0.038547366857528687,
        0.4387902319431305,
        1.1123831272125244
    ],
    [
        0.38827264308929443,
        -0.011051901616156101,
        0.9214782118797302,
        2.674429178237915,
        0.04277324303984642,
        0.9990665912628174,
        -0.006040395703166723,
        -0.16571632027626038,
        -0.9205513596534729,
        0.04175993427634239,
        0.3883828818798065,
        1.1011736392974854
    ],
    [
        0.33857107162475586,
        -0.009340316988527775,
        0.9408944249153137,
        2.8171944618225098,
        0.045729126781225204,
        0.9989325404167175,
        -0.006538684945553541,
        -0.17738565802574158,
        -0.9398289322853088,
        0.04524008929729462,
        0.33863675594329834,
        1.0841153860092163
    ],
    [
        0.3011208176612854,
        -0.007005100604146719,
        0.9535602331161499,
        2.9199483394622803,
        0.04824604094028473,
        0.9988041520118713,
        -0.007897939532995224,
        -0.18588121235370636,
        -0.9523646831512451,
        0.04838373884558678,
        0.30109870433807373,
        1.0675114393234253
    ],
    [
        0.2526218593120575,
        -0.004206596873700619,
        0.9675559997558594,
        3.0581297874450684,
        0.05232800170779228,
        0.9985864162445068,
        -0.009320955723524094,
        -0.19837437570095062,
        -0.966149091720581,
        0.05298495292663574,
        0.25248488783836365,
        1.03614342212677
    ],
    [
        0.2153007686138153,
        -0.002065681153908372,
        0.9765455722808838,
        3.15820574760437,
        0.05608438327908516,
        0.9983733892440796,
        -0.010253170505166054,
        -0.2044658213853836,
        -0.9749359488487244,
        0.05697647109627724,
        0.21506640315055847,
        1.0084612369537354
    ],
    [
        0.16352008283138275,
        0.00028943183133378625,
        0.986539900302887,
        3.297434091567993,
        0.06282591074705124,
        0.997967004776001,
        -0.010706248693168163,
        -0.2051360011100769,
        -0.9845375418663025,
        0.06373094767332077,
        0.1631695032119751,
        0.969007134437561
    ],
    [
        0.11180989444255829,
        0.00016028938989620656,
        0.9937295317649841,
        3.438779592514038,
        0.06738792359828949,
        0.9976967573165894,
        -0.007743110414594412,
        -0.2086423635482788,
        -0.9914421439170837,
        0.0678311288356781,
        0.11154158413410187,
        0.9173811078071594
    ]
]