[
    [
        0.999876856803894,
        -0.0005611130618490279,
        0.015683932229876518,
        0.06342215090990067,
        0.0005670359241776168,
        0.9999997615814209,
        -0.00037319958209991455,
        0.018045712262392044,
        -0.015683718025684357,
        0.00038204737938940525,
        0.9998769760131836,
        0.4396194815635681
    ],
    [
        0.9996644258499146,
        -0.0006804927252233028,
        0.025895828381180763,
        0.08794662356376648,
        0.000686276238411665,
        0.9999997019767761,
        -0.00021444026788230985,
        0.028593694791197777,
        -0.025895675644278526,
        0.000232139733270742,
        0.9996646642684937,
        0.7322766780853271
    ],
    [
        0.9991188645362854,
        -0.00046323586138896644,
        0.0419691763818264,
        0.12788771092891693,
        0.0005340022034943104,
        0.9999984502792358,
        -0.0016749518690630794,
        0.03347914665937424,
        -0.041968341916799545,
        0.0016958876512944698,
        0.9991174340248108,
        1.0275306701660156
    ],
    [
        0.9985763430595398,
        -0.0008279954199679196,
        0.05333395302295685,
        0.20197299122810364,
        0.0009716784697957337,
        0.9999959468841553,
        -0.0026681602466851473,
        0.03848918154835701,
        -0.05333152413368225,
        0.0027161857578903437,
        0.9985731840133667,
        1.2921494245529175
    ],
    [
        0.9984496235847473,
        -0.0009712758474051952,
        0.05565484240651131,
        0.2698895335197449,
        0.0012939291773363948,
        0.9999825954437256,
        -0.005761653650552034,
        0.04532327502965927,
        -0.055648282170295715,
        0.00582473399117589,
        0.9984334111213684,
        1.542243480682373
    ],
    [
        0.9984716176986694,
        -0.0003539538593031466,
        0.05526494234800339,
        0.29473036527633667,
        0.0007179451058618724,
        0.9999781847000122,
        -0.006566578522324562,
        0.04262541979551315,
        -0.05526141822338104,
        0.006596220191568136,
        0.9984502196311951,
        1.76314377784729
    ],
    [
        0.998557448387146,
        0.000729280523955822,
        0.05368972197175026,
        0.32686227560043335,
        -0.0002912534400820732,
        0.999966561794281,
        -0.008165872655808926,
        0.04558343440294266,
        -0.05369387939572334,
        0.008138454519212246,
        0.9985243678092957,
        1.9740997552871704
    ],
    [
        0.9985666871070862,
        0.001063524279743433,
        0.05351153016090393,
        0.3692573308944702,
        -0.0005954456864856184,
        0.9999613761901855,
        -0.008762425743043423,
        0.0541420578956604,
        -0.05351879075169563,
        0.00871800072491169,
        0.9985287189483643,
        2.1895382404327393
    ],
    [
        0.9987943172454834,
        0.0016082471702247858,
        0.049064572900533676,
        0.39928439259529114,
        -0.001121919834986329,
        0.9999500513076782,
        -0.009937914088368416,
        0.06111535802483559,
        -0.04907810688018799,
        0.00987088494002819,
        0.9987461566925049,
        2.371286630630493
    ],
    [
        0.9991841912269592,
        0.0018323382828384638,
        0.040344804525375366,
        0.41895347833633423,
        -0.0013810409000143409,
        0.9999362230300903,
        -0.011211060918867588,
        0.058420971035957336,
        -0.04036278277635574,
        0.011146195232868195,
        0.9991229176521301,
        2.5339479446411133
    ],
    [
        0.9994902014732361,
        0.002204011892899871,
        0.031851913779973984,
        0.44793322682380676,
        -0.0017951702466234565,
        0.9999157190322876,
        -0.012858578003942966,
        0.06284649670124054,
        -0.03187757357954979,
        0.012794842012226582,
        0.9994099140167236,
        2.6384665966033936
    ],
    [
        0.9996740221977234,
        0.002627987414598465,
        0.02539527602493763,
        0.48676422238349915,
        -0.002265556715428829,
        0.9998953342437744,
        -0.014289847575128078,
        0.06097408011555672,
        -0.02543017640709877,
        0.014227655716240406,
        0.9995753169059753,
        2.7224056720733643
    ],
    [
        0.9997453689575195,
        0.0029009573627263308,
        0.022379228845238686,
        0.5212342143058777,
        -0.0025719760451465845,
        0.9998884797096252,
        -0.014715087600052357,
        0.057271651923656464,
        -0.02241942100226879,
        0.014653783291578293,
        0.9996412992477417,
        2.8022654056549072
    ],
    [
        0.9997358322143555,
        0.00270328251644969,
        0.022825980558991432,
        0.5524575710296631,
        -0.002380372490733862,
        0.9998968839645386,
        -0.014161965809762478,
        0.06132141873240471,
        -0.022861910983920097,
        0.014103889465332031,
        0.999639093875885,
        2.887571334838867
    ],
    [
        0.9992431998252869,
        0.002860332140699029,
        0.038793303072452545,
        0.5818623304367065,
        -0.002323848893865943,
        0.9999011754989624,
        -0.01386732142418623,
        0.06446860730648041,
        -0.03882912918925285,
        0.01376667432487011,
        0.9991509914398193,
        2.9706242084503174
    ],
    [
        0.9965781569480896,
        0.0027335055638104677,
        0.08261135220527649,
        0.6072655320167542,
        -0.001601975760422647,
        0.9999040365219116,
        -0.013760202564299107,
        0.06108686700463295,
        -0.08264103531837463,
        0.013580773957073689,
        0.9964867830276489,
        3.058023452758789
    ],
    [
        0.9855554699897766,
        0.0015599961625412107,
        0.16934603452682495,
        0.6334154009819031,
        0.0007046780665405095,
        0.9999111890792847,
        -0.013312133029103279,
        0.05733877792954445,
        -0.1693517416715622,
        0.01323917880654335,
        0.9854667782783508,
        3.1370654106140137
    ],
    [
        0.9683834910392761,
        -0.000378305820049718,
        0.24946585297584534,
        0.6739227771759033,
        0.0036062065046280622,
        0.9999155402183533,
        -0.012482338584959507,
        0.0672583281993866,
        -0.2494400441646576,
        0.012987315654754639,
        0.9683031439781189,
        3.2370946407318115
    ],
    [
        0.9462534785270691,
        -0.0027555825654417276,
        0.3234142065048218,
        0.7391747832298279,
        0.006300434935837984,
        0.9999310374259949,
        -0.009914267808198929,
        0.06797332316637039,
        -0.32336461544036865,
        0.011419062502682209,
        0.9462056159973145,
        3.376167058944702
    ],
    [
        0.9220613241195679,
        -0.00463415402919054,
        0.38701602816581726,
        0.8106401562690735,
        0.009078494273126125,
        0.9999122619628906,
        -0.00965640228241682,
        0.0757056400179863,
        -0.38693729043006897,
        0.012417316436767578,
        0.9220224618911743,
        3.5042617321014404
    ],
    [
        0.8958826065063477,
        -0.005152103491127491,
        0.44426098465919495,
        0.8812398910522461,
        0.009904556907713413,
        0.9999158382415771,
        -0.00837717019021511,
        0.08301708102226257,
        -0.4441803991794586,
        0.011905169114470482,
        0.8958584070205688,
        3.6284966468811035
    ],
    [
        0.8574959635734558,
        -0.0060033537447452545,
        0.5144557952880859,
        0.9496942758560181,
        0.011943824589252472,
        0.9998947381973267,
        -0.008239902555942535,
        0.09236879646778107,
        -0.5143520832061768,
        0.01321024727076292,
        0.8574772477149963,
        3.735625982284546
    ],
    [
        0.8211488723754883,
        -0.006834294646978378,
        0.5706732273101807,
        1.0043144226074219,
        0.013743136078119278,
        0.9998751282691956,
        -0.0078008281998336315,
        0.09437546879053116,
        -0.5705484747886658,
        0.014248481951653957,
        0.8211402297019958,
        3.811783790588379
    ],
    [
        0.7887381911277771,
        -0.00833248719573021,
        0.6146730184555054,
        1.0832653045654297,
        0.015547126531600952,
        0.9998586773872375,
        -0.006395765580236912,
        0.09073489159345627,
        -0.6145325303077698,
        0.01460097823292017,
        0.788756251335144,
        3.8969221115112305
    ],
    [
        0.7653957605361938,
        -0.009274870157241821,
        0.643493115901947,
        1.1761269569396973,
        0.01671471819281578,
        0.9998453259468079,
        -0.005470045376569033,
        0.09073299169540405,
        -0.6433428525924683,
        0.014942549169063568,
        0.7654322981834412,
        3.967846155166626
    ]
]