[
    [
        0.9999721646308899,
        -0.0034312328789383173,
        0.006627821363508701,
        0.017004262655973434,
        0.0034070895053446293,
        0.9999876022338867,
        0.003650456201285124,
        -0.09903369843959808,
        -0.006640264298766851,
        -0.0036277729086577892,
        0.9999713897705078,
        0.34782540798187256
    ],
    [
        0.9999748468399048,
        -0.0036769609432667494,
        0.006063851993530989,
        0.047327302396297455,
        0.0036374516785144806,
        0.9999722838401794,
        0.006513775791972876,
        -0.149924635887146,
        -0.006087634712457657,
        -0.006491555832326412,
        0.9999604225158691,
        0.5095412731170654
    ],
    [
        0.9999854564666748,
        -0.002681661630049348,
        -0.0046938760206103325,
        0.06957419961690903,
        0.002751052612438798,
        0.999886155128479,
        0.014839951880276203,
        -0.21507450938224792,
        0.0046535455621778965,
        -0.014852648600935936,
        0.9998788833618164,
        0.6697116494178772
    ],
    [
        0.9997062683105469,
        -1.5069928849698044e-05,
        -0.024236910045146942,
        0.07379096746444702,
        0.000609732000157237,
        0.9996989369392395,
        0.02452818863093853,
        -0.2816533148288727,
        0.024229243397712708,
        -0.024535764008760452,
        0.9994053840637207,
        0.8611491918563843
    ],
    [
        0.9981921315193176,
        0.003657367080450058,
        -0.059992529451847076,
        0.06195550039410591,
        -0.0018842233112081885,
        0.9995604753494263,
        0.0295860692858696,
        -0.3647919297218323,
        0.06007436290383339,
        -0.029419537633657455,
        0.9977602958679199,
        1.0455154180526733
    ],
    [
        0.9930417537689209,
        0.010182580910623074,
        -0.11732110381126404,
        0.06895055621862411,
        -0.006491222884505987,
        0.9994730353355408,
        0.031802982091903687,
        -0.41750529408454895,
        0.11758311092853546,
        -0.030820121988654137,
        0.9925846457481384,
        1.2241817712783813
    ],
    [
        0.9791589379310608,
        0.018124625086784363,
        -0.20228521525859833,
        0.09597352147102356,
        -0.011585831642150879,
        0.9993727803230286,
        0.03346209600567818,
        -0.47856342792510986,
        0.2027648240327835,
        -0.030421074479818344,
        0.9787548184394836,
        1.4554615020751953
    ],
    [
        0.9616937637329102,
        0.02503463253378868,
        -0.2729804813861847,
        0.10667216032743454,
        -0.01675991527736187,
        0.9993278384208679,
        0.0326026976108551,
        -0.5399379134178162,
        0.27361321449279785,
        -0.0267786905169487,
        0.9614668488502502,
        1.6482737064361572
    ],
    [
        0.9456506371498108,
        0.03187147527933121,
        -0.3236188292503357,
        0.0847625732421875,
        -0.02204885520040989,
        0.999179482460022,
        0.03397456929087639,
        -0.5837132930755615,
        0.32443609833717346,
        -0.024992642924189568,
        0.9455773234367371,
        1.8463199138641357
    ],
    [
        0.9298153519630432,
        0.037005722522735596,
        -0.3661610186100006,
        0.04797811061143875,
        -0.026651810854673386,
        0.9990901947021484,
        0.033293526619672775,
        -0.6443260312080383,
        0.36705994606018066,
        -0.021197985857725143,
        0.9299557209014893,
        2.032524824142456
    ],
    [
        0.9140356183052063,
        0.041282422840595245,
        -0.4035276770591736,
        0.015403587371110916,
        -0.030672702938318253,
        0.9989936351776123,
        0.03272370621562004,
        -0.6898787617683411,
        0.40447261929512024,
        -0.017533326521515846,
        0.9143821001052856,
        2.1998250484466553
    ],
    [
        0.8943999409675598,
        0.0468873530626297,
        -0.4448036551475525,
        -0.020169030874967575,
        -0.035656385123729706,
        0.9987995624542236,
        0.033587872982025146,
        -0.7348657250404358,
        0.44584453105926514,
        -0.01418092381209135,
        0.8949980139732361,
        2.395660161972046
    ],
    [
        0.872044563293457,
        0.05034470558166504,
        -0.486830472946167,
        -0.04727732017636299,
        -0.03936360403895378,
        0.9986874461174011,
        0.032766688615083694,
        -0.7576397657394409,
        0.4878409802913666,
        -0.00941057875752449,
        0.8728817701339722,
        2.5629801750183105
    ],
    [
        0.8570324182510376,
        0.053799647837877274,
        -0.5124462246894836,
        -0.08724348992109299,
        -0.04237055405974388,
        0.9985243082046509,
        0.03396898880600929,
        -0.7753163576126099,
        0.513517439365387,
        -0.007399892434477806,
        0.8580471873283386,
        2.7314231395721436
    ],
    [
        0.8486571311950684,
        0.0561843179166317,
        -0.5259507894515991,
        -0.14818547666072845,
        -0.04468991607427597,
        0.9984034299850464,
        0.03454354777932167,
        -0.7983539700508118,
        0.5270519852638245,
        -0.005810875911265612,
        0.8498132824897766,
        2.917322874069214
    ],
    [
        0.8431951999664307,
        0.05686661973595619,
        -0.5345913767814636,
        -0.1926332712173462,
        -0.04636019468307495,
        0.9983769655227661,
        0.033078882843256,
        -0.8123517036437988,
        0.5356049537658691,
        -0.0031082259956747293,
        0.8444629907608032,
        3.066366672515869
    ],
    [
        0.8337469100952148,
        0.05838916823267937,
        -0.5490509867668152,
        -0.22390548884868622,
        -0.04748200997710228,
        0.9982911348342896,
        0.034061405807733536,
        -0.8259782195091248,
        0.5501013398170471,
        -0.0023285795468837023,
        0.8350946307182312,
        3.243187189102173
    ],
    [
        0.8216227293014526,
        0.05944981798529625,
        -0.5669231414794922,
        -0.24760840833187103,
        -0.04967844486236572,
        0.9982303977012634,
        0.03268115222454071,
        -0.8460265398025513,
        0.5678628087043762,
        0.0013123024255037308,
        0.8231222033500671,
        3.4056334495544434
    ],
    [
        0.8077958822250366,
        0.062499526888132095,
        -0.5861397385597229,
        -0.2835594415664673,
        -0.05272308364510536,
        0.9980382919311523,
        0.033758897334337234,
        -0.8418331742286682,
        0.5870997309684753,
        0.0036328057758510113,
        0.8095064163208008,
        3.545161485671997
    ],
    [
        0.801563024520874,
        0.0638808012008667,
        -0.5944880247116089,
        -0.3287699818611145,
        -0.05434482544660568,
        0.9979445934295654,
        0.03395978361368179,
        -0.8343853950500488,
        0.595435380935669,
        0.0050864568911492825,
        0.8033869862556458,
        3.7009713649749756
    ],
    [
        0.7993581891059875,
        0.06383209675550461,
        -0.5974545478820801,
        -0.36988210678100586,
        -0.05491102859377861,
        0.997940719127655,
        0.033152420073747635,
        -0.8412604331970215,
        0.5983403921127319,
        0.006306213792413473,
        0.8012170791625977,
        3.846123218536377
    ],
    [
        0.7982689142227173,
        0.06349340081214905,
        -0.598945140838623,
        -0.39543434977531433,
        -0.05527075380086899,
        0.9979544281959534,
        0.0321274995803833,
        -0.8534054756164551,
        0.5997599363327026,
        0.00745774619281292,
        0.8001453280448914,
        3.99562406539917
    ],
    [
        0.7974607348442078,
        0.06272110342979431,
        -0.6001020669937134,
        -0.3909354507923126,
        -0.054281361401081085,
        0.9980071783065796,
        0.03217592090368271,
        -0.8488441705703735,
        0.6009241342544556,
        0.00691533088684082,
        0.7992761135101318,
        4.166904926300049
    ],
    [
        0.7980261445045471,
        0.060269180685281754,
        -0.5996013879776001,
        -0.3413827121257782,
        -0.05281659960746765,
        0.998152494430542,
        0.030034568160772324,
        -0.8479483127593994,
        0.6003037691116333,
        0.007700558286160231,
        0.7997349500656128,
        4.354010105133057
    ],
    [
        0.8192415237426758,
        0.05428696051239967,
        -0.5708733201026917,
        -0.2735775113105774,
        -0.04947691038250923,
        0.9984881281852722,
        0.023948242887854576,
        -0.8419629335403442,
        0.57131028175354,
        0.0086256368085742,
        0.8206888437271118,
        4.520134449005127
    ]
]