[
    [
        0.9729726314544678,
        -0.024410653859376907,
        0.2296263426542282,
        0.29230257868766785,
        0.02436542697250843,
        0.9996985197067261,
        0.003032740205526352,
        0.1256755143404007,
        -0.22963114082813263,
        0.0026441714726388454,
        0.9732741713523865,
        0.27732959389686584
    ],
    [
        0.9569289088249207,
        -0.028094740584492683,
        0.2889596223831177,
        0.4036649167537689,
        0.027989642694592476,
        0.9995980858802795,
        0.004496647510677576,
        0.17837996780872345,
        -0.28896981477737427,
        0.0037849044892936945,
        0.9573307633399963,
        0.39519059658050537
    ],
    [
        0.9474536180496216,
        -0.0296068973839283,
        0.3185199499130249,
        0.516148030757904,
        0.029384465888142586,
        0.9995530843734741,
        0.005504345986992121,
        0.2223401963710785,
        -0.3185405731201172,
        0.004144425969570875,
        0.947900116443634,
        0.4902123510837555
    ],
    [
        0.9445365071296692,
        -0.029537925496697426,
        0.3270752429962158,
        0.6475617289543152,
        0.029210887849330902,
        0.9995558857917786,
        0.005913166329264641,
        0.2589395344257355,
        -0.3271045982837677,
        0.003968956880271435,
        0.9449798464775085,
        0.5870082378387451
    ],
    [
        0.9444933533668518,
        -0.029761314392089844,
        0.3271794021129608,
        0.7816010117530823,
        0.029387477785348892,
        0.9995496273040771,
        0.006087265908718109,
        0.26967206597328186,
        -0.32721322774887085,
        0.003865594044327736,
        0.9449425935745239,
        0.6764681339263916
    ],
    [
        0.9453204274177551,
        -0.028679480776190758,
        0.32487982511520386,
        0.9049524664878845,
        0.027753224596381187,
        0.9995867609977722,
        0.007485665380954742,
        0.26278549432754517,
        -0.32496023178100586,
        0.0019401106983423233,
        0.9457256197929382,
        0.7791550159454346
    ],
    [
        0.9499439001083374,
        -0.02708832547068596,
        0.3112439811229706,
        1.0501590967178345,
        0.02601352520287037,
        0.9996326565742493,
        0.00760492030531168,
        0.2360381931066513,
        -0.3113356828689575,
        0.0008723070495761931,
        0.9502996802330017,
        0.910069465637207
    ],
    [
        0.9576287269592285,
        -0.023299887776374817,
        0.2870616316795349,
        1.1669000387191772,
        0.022681860253214836,
        0.999727725982666,
        0.005478763487190008,
        0.20711104571819305,
        -0.2871111035346985,
        0.0012644747039303184,
        0.9578964114189148,
        1.0115699768066406
    ],
    [
        0.9668871760368347,
        -0.019517237320542336,
        0.2544572353363037,
        1.2920409440994263,
        0.018633464351296425,
        0.9998090267181396,
        0.005883299745619297,
        0.19637535512447357,
        -0.25452351570129395,
        -0.0009470679797232151,
        0.9670661687850952,
        1.105007529258728
    ],
    [
        0.9771402478218079,
        -0.015013777650892735,
        0.21206499636173248,
        1.424776315689087,
        0.014249888248741627,
        0.9998852610588074,
        0.00513013731688261,
        0.16712506115436554,
        -0.2121177464723587,
        -0.0019909609109163284,
        0.9772421717643738,
        1.1898350715637207
    ],
    [
        0.9867886900901794,
        -0.009383798576891422,
        0.16173996031284332,
        1.5407363176345825,
        0.0089636305347085,
        0.9999542832374573,
        0.0033272223081439734,
        0.12132690101861954,
        -0.16176389157772064,
        -0.0018334861379116774,
        0.9868277907371521,
        1.2671818733215332
    ],
    [
        0.992152988910675,
        -0.004601190332323313,
        0.1249447762966156,
        1.6478191614151,
        0.004052499309182167,
        0.9999809861183167,
        0.004645285662263632,
        0.0751170814037323,
        -0.12496379017829895,
        -0.00410249549895525,
        0.992152750492096,
        1.3623974323272705
    ],
    [
        0.9951765537261963,
        -0.001209633657708764,
        0.09809291362762451,
        1.7437926530838013,
        0.0005941502749919891,
        0.9999799132347107,
        0.006303475704044104,
        0.016768144443631172,
        -0.09809847921133041,
        -0.006214789114892483,
        0.9951573014259338,
        1.4815763235092163
    ],
    [
        0.9977545738220215,
        0.003263398539274931,
        0.06689503788948059,
        1.8126444816589355,
        -0.003725470742210746,
        0.999970018863678,
        0.006783875171095133,
        -0.051076002418994904,
        -0.06687109172344208,
        -0.007017859723418951,
        0.9977369904518127,
        1.5849465131759644
    ],
    [
        0.9994015693664551,
        0.008714228868484497,
        0.03347402438521385,
        1.8490352630615234,
        -0.0089418301358819,
        0.999937891960144,
        0.006655705161392689,
        -0.11985501646995544,
        -0.03341398015618324,
        -0.006951042916625738,
        0.9994173645973206,
        1.682837963104248
    ],
    [
        0.9999081492424011,
        0.012655739672482014,
        0.004869446158409119,
        1.8841445446014404,
        -0.012695238925516605,
        0.9998860955238342,
        0.008167834021151066,
        -0.18476156890392303,
        -0.004765484947711229,
        -0.008228901773691177,
        0.9999548196792603,
        1.7870279550552368
    ],
    [
        0.9994747638702393,
        0.015906335785984993,
        -0.02823430299758911,
        1.9358043670654297,
        -0.01567501202225685,
        0.9998419284820557,
        0.008395250886678696,
        -0.25435003638267517,
        0.028363315388560295,
        -0.007948269136250019,
        0.9995660185813904,
        1.899237036705017
    ],
    [
        0.9982437491416931,
        0.019275885075330734,
        -0.0560162328183651,
        1.9576069116592407,
        -0.018853571265935898,
        0.9997897744178772,
        0.008057770319283009,
        -0.3018980324268341,
        0.056159794330596924,
        -0.006987514439970255,
        0.9983974099159241,
        1.987963318824768
    ],
    [
        0.9969655275344849,
        0.023629169911146164,
        -0.0741715282201767,
        1.9302541017532349,
        -0.02294938452541828,
        0.9996865391731262,
        0.010004146955907345,
        -0.32987967133522034,
        0.07438468188047409,
        -0.008271600119769573,
        0.997195303440094,
        2.0873899459838867
    ],
    [
        0.9961764812469482,
        0.027532106265425682,
        -0.08291197568178177,
        1.8419301509857178,
        -0.026762500405311584,
        0.999587893486023,
        0.010379539802670479,
        -0.3615248203277588,
        0.08316363394260406,
        -0.008120917715132236,
        0.9965027570724487,
        2.215839385986328
    ],
    [
        0.9954068660736084,
        0.030360791832208633,
        -0.09079285711050034,
        1.7402191162109375,
        -0.029404791072010994,
        0.9994972944259644,
        0.011849017813801765,
        -0.390303373336792,
        0.09110695868730545,
        -0.009124851785600185,
        0.9957992434501648,
        2.3221516609191895
    ],
    [
        0.9929451942443848,
        0.034369319677352905,
        -0.11348305642604828,
        1.6224000453948975,
        -0.033101774752140045,
        0.9993669986724854,
        0.013035446405410767,
        -0.4030758738517761,
        0.11385928094387054,
        -0.009186995215713978,
        0.9934543967247009,
        2.4228310585021973
    ],
    [
        0.9813904762268066,
        0.04310643672943115,
        -0.1871216744184494,
        1.4439796209335327,
        -0.04090064764022827,
        0.999040961265564,
        0.015634682029485703,
        -0.4118228852748871,
        0.187616229057312,
        -0.0076903305016458035,
        0.9822123050689697,
        2.5428388118743896
    ],
    [
        0.9556883573532104,
        0.046525128185749054,
        -0.2906803786754608,
        1.2832175493240356,
        -0.048852093517780304,
        0.9988056421279907,
        -0.0007493534358218312,
        -0.4177113175392151,
        0.2902984321117401,
        0.014916501007974148,
        0.9568198919296265,
        2.625070095062256
    ],
    [
        0.9076892733573914,
        0.0505889467895031,
        -0.4165823757648468,
        1.0836644172668457,
        -0.061158157885074615,
        0.9980552792549133,
        -0.012055300176143646,
        -0.4117928147315979,
        0.41516244411468506,
        0.036419887095689774,
        0.9090180397033691,
        2.6763010025024414
    ]
]