[
    [
        0.998974621295929,
        -0.011702758260071278,
        0.04373457282781601,
        -0.07361306250095367,
        0.011655238457024097,
        0.9999311566352844,
        0.001341390423476696,
        0.13442863523960114,
        -0.04374726116657257,
        -0.0008302776841446757,
        0.9990423321723938,
        0.26971548795700073
    ],
    [
        0.9986111521720886,
        -0.012822393327951431,
        0.05110215023159981,
        -0.07687126845121384,
        0.012778338976204395,
        0.9999176859855652,
        0.0011887337313964963,
        0.1432574838399887,
        -0.05111318081617355,
        -0.0005340816569514573,
        0.9986928105354309,
        0.3021247982978821
    ],
    [
        0.998258113861084,
        -0.01390682440251112,
        0.057337116450071335,
        -0.08211205154657364,
        0.013792112469673157,
        0.9999020099639893,
        0.0023958776146173477,
        0.14832349121570587,
        -0.0573648177087307,
        -0.0016009032260626554,
        0.99835205078125,
        0.3314698338508606
    ],
    [
        0.9975275993347168,
        -0.015055788680911064,
        0.06864271312952042,
        -0.08554298430681229,
        0.01492021232843399,
        0.9998854994773865,
        0.002487392397597432,
        0.16821616888046265,
        -0.068672314286232,
        -0.001457079080864787,
        0.9976381063461304,
        0.3767784535884857
    ],
    [
        0.9970207810401917,
        -0.015605861321091652,
        0.07553885877132416,
        -0.08925506472587585,
        0.01545992773026228,
        0.9998772740364075,
        0.002516292268410325,
        0.18636134266853333,
        -0.07556886225938797,
        -0.0013409701641649008,
        0.9971398115158081,
        0.4102726876735687
    ],
    [
        0.9965863823890686,
        -0.017446087673306465,
        0.08069222420454025,
        -0.09503933787345886,
        0.017334723845124245,
        0.9998475313186646,
        0.0020805024541914463,
        0.20483720302581787,
        -0.08071622997522354,
        -0.0006746232975274324,
        0.9967368245124817,
        0.4445280134677887
    ],
    [
        0.9959943294525146,
        -0.018231045454740524,
        0.08753800392150879,
        -0.1000753864645958,
        0.01811680942773819,
        0.9998337030410767,
        0.0020993805956095457,
        0.23899567127227783,
        -0.0875617191195488,
        -0.0005050625768490136,
        0.9961589574813843,
        0.4972984492778778
    ],
    [
        0.9952284693717957,
        -0.019123276695609093,
        0.09568008035421371,
        -0.1091933399438858,
        0.018901115283370018,
        0.9998162388801575,
        0.0032277717255055904,
        0.2557142674922943,
        -0.09572421759366989,
        -0.0014039096422493458,
        0.995406985282898,
        0.5293513536453247
    ],
    [
        0.9944005608558655,
        -0.020643560215830803,
        0.10364104807376862,
        -0.11399053782224655,
        0.020451394841074944,
        0.9997865557670593,
        0.0029165763407945633,
        0.26884639263153076,
        -0.10367914289236069,
        -0.0007806408102624118,
        0.9946105480194092,
        0.5590818524360657
    ],
    [
        0.993535041809082,
        -0.022102946415543556,
        0.11135293543338776,
        -0.12227922677993774,
        0.021880310028791428,
        0.9997554421424866,
        0.0032211311627179384,
        0.28533613681793213,
        -0.11139687895774841,
        -0.0007638700772076845,
        0.9937757253646851,
        0.5999289155006409
    ],
    [
        0.9926917552947998,
        -0.023036986589431763,
        0.11845862865447998,
        -0.12462674826383591,
        0.022902091965079308,
        0.9997345805168152,
        0.002500063506886363,
        0.29683005809783936,
        -0.11848478764295578,
        0.0002311586868017912,
        0.9929558038711548,
        0.6282151937484741
    ],
    [
        0.9920387268066406,
        -0.024310484528541565,
        0.12356435507535934,
        -0.12816846370697021,
        0.024260174483060837,
        0.9997038245201111,
        0.0019119956996291876,
        0.3083570897579193,
        -0.12357424944639206,
        0.00110091851092875,
        0.9923346638679504,
        0.6572538018226624
    ],
    [
        0.9907106161117554,
        -0.026284147053956985,
        0.1334228664636612,
        -0.13303905725479126,
        0.02638438530266285,
        0.9996513724327087,
        0.0010170165915042162,
        0.3321719467639923,
        -0.13340307772159576,
        0.002512711565941572,
        0.9910586476325989,
        0.7027431726455688
    ],
    [
        0.989557147026062,
        -0.027298061177134514,
        0.14153242111206055,
        -0.13686032593250275,
        0.027252858504652977,
        0.9996259212493896,
        0.00225808285176754,
        0.34968939423561096,
        -0.14154112339019775,
        0.0016226611332967877,
        0.9899309873580933,
        0.7364705801010132
    ],
    [
        0.9886780977249146,
        -0.027989041060209274,
        0.14741834998130798,
        -0.13728588819503784,
        0.02810625545680523,
        0.9996041059494019,
        0.0012883099261671305,
        0.3684500753879547,
        -0.1473960429430008,
        0.002869653981178999,
        0.9890734553337097,
        0.7672102451324463
    ],
    [
        0.9873522520065308,
        -0.029141070321202278,
        0.15584075450897217,
        -0.1353529542684555,
        0.029485754668712616,
        0.9995651841163635,
        9.994846186600626e-05,
        0.3953412175178528,
        -0.15577590465545654,
        0.004496397916227579,
        0.9877821803092957,
        0.8103820085525513
    ],
    [
        0.986240804195404,
        -0.03057209402322769,
        0.16246339678764343,
        -0.1355040818452835,
        0.03090415708720684,
        0.9995222687721252,
        0.0004834794963244349,
        0.40843579173088074,
        -0.16240055859088898,
        0.004543966613709927,
        0.9867144227027893,
        0.8372712135314941
    ],
    [
        0.985561192035675,
        -0.03111782856285572,
        0.16643530130386353,
        -0.13311070203781128,
        0.03160952404141426,
        0.9995002150535583,
        -0.00030549694201909006,
        0.41919535398483276,
        -0.1663426160812378,
        0.0055620260536670685,
        0.9860522747039795,
        0.8644527792930603
    ],
    [
        0.9845338463783264,
        -0.03167808800935745,
        0.17230680584907532,
        -0.13288357853889465,
        0.03225606679916382,
        0.9994794130325317,
        -0.0005547382752411067,
        0.42988041043281555,
        -0.1721995323896408,
        0.006104098167270422,
        0.9850431680679321,
        0.9027843475341797
    ],
    [
        0.9837448596954346,
        -0.03255121037364006,
        0.17659679055213928,
        -0.13376955687999725,
        0.033324889838695526,
        0.9994434714317322,
        -0.0014161416329443455,
        0.43768319487571716,
        -0.17645244300365448,
        0.007278190925717354,
        0.9842823147773743,
        0.9272105693817139
    ],
    [
        0.9826669096946716,
        -0.033192407339811325,
        0.1823842078447342,
        -0.13706493377685547,
        0.03369217365980148,
        0.9994320869445801,
        0.00035847097751684487,
        0.44409796595573425,
        -0.18229255080223083,
        0.005792662966996431,
        0.9832272529602051,
        0.9538900256156921
    ],
    [
        0.980947732925415,
        -0.03540649265050888,
        0.1910180002450943,
        -0.14074450731277466,
        0.036407068371772766,
        0.9993355870246887,
        -0.0017300265608355403,
        0.4654887616634369,
        -0.1908298134803772,
        0.008651470765471458,
        0.9815850257873535,
        0.9978389739990234
    ],
    [
        0.9797521233558655,
        -0.03702548146247864,
        0.19676107168197632,
        -0.1430077701807022,
        0.03815435245633125,
        0.999269962310791,
        -0.0019483151845633984,
        0.48008787631988525,
        -0.1965452879667282,
        0.009416153654456139,
        0.9804495573043823,
        1.0321277379989624
    ],
    [
        0.9785581231117249,
        -0.0373898409307003,
        0.20254887640476227,
        -0.1439496874809265,
        0.03854718804359436,
        0.9992551803588867,
        -0.0017707408405840397,
        0.49471867084503174,
        -0.2023318111896515,
        0.009540469385683537,
        0.9792705774307251,
        1.0666271448135376
    ],
    [
        0.9742226600646973,
        -0.04097570851445198,
        0.22183580696582794,
        -0.15437403321266174,
        0.04240301996469498,
        0.9990991950035095,
        -0.0016732256626710296,
        0.5148113965988159,
        -0.22156740725040436,
        0.011036599986255169,
        0.9750826954841614,
        1.1254172325134277
    ]
]