[
    [
        0.9989871382713318,
        -0.0003916138375643641,
        -0.04499633610248566,
        0.3655730187892914,
        0.0003386102325748652,
        0.9999993443489075,
        -0.0011855741031467915,
        0.026525001972913742,
        0.04499676451086998,
        0.0011691369581967592,
        0.9989864230155945,
        -0.261836439371109
    ],
    [
        0.997043788433075,
        0.000835113285575062,
        -0.07683081924915314,
        0.5396069288253784,
        -0.0008200626471079886,
        0.9999995827674866,
        0.0002274514699820429,
        0.000611644412856549,
        0.07683098316192627,
        -0.00016377356951124966,
        0.9970441460609436,
        -0.44747570157051086
    ],
    [
        0.9927236437797546,
        0.001530834473669529,
        -0.12040509283542633,
        0.7150712013244629,
        -0.0016045436495915055,
        0.9999985694885254,
        -0.0005152236553840339,
        -0.025666452944278717,
        0.12040413171052933,
        0.0007046692189760506,
        0.9927247166633606,
        -0.6630900502204895
    ],
    [
        0.9859882593154907,
        0.0018084689509123564,
        -0.16680434346199036,
        0.9206874370574951,
        -0.0018070677760988474,
        0.9999983310699463,
        0.00016017610323615372,
        -0.02964645065367222,
        0.16680435836315155,
        0.00014349512639455497,
        0.985990047454834,
        -0.8718483448028564
    ],
    [
        0.9746103882789612,
        0.0023304992355406284,
        -0.2238951474428177,
        1.1638751029968262,
        -0.0022971928119659424,
        0.9999973177909851,
        0.0004092298331670463,
        -0.038153842091560364,
        0.22389550507068634,
        0.00011549060582183301,
        0.9746130704879761,
        -1.0653315782546997
    ],
    [
        0.9583333134651184,
        0.0028839039150625467,
        -0.2856377363204956,
        1.3599961996078491,
        -0.0032819905318319798,
        0.9999942183494568,
        -0.0009149829857051373,
        -0.06895048916339874,
        0.2856334149837494,
        0.001814318005926907,
        0.9583372473716736,
        -1.251129388809204
    ],
    [
        0.9431406259536743,
        0.004283808171749115,
        -0.33236628770828247,
        1.4990116357803345,
        -0.004768879618495703,
        0.9999883770942688,
        -0.0006437633419409394,
        -0.09569316357374191,
        0.3323596715927124,
        0.00219217361882329,
        0.9431502223014832,
        -1.467668890953064
    ],
    [
        0.9341623783111572,
        0.0058429003693163395,
        -0.3568004369735718,
        1.6387978792190552,
        -0.005818995181471109,
        0.9999824166297913,
        0.001140448497608304,
        -0.11044733226299286,
        0.35680079460144043,
        0.0010108548449352384,
        0.934179961681366,
        -1.7151364088058472
    ],
    [
        0.9274998307228088,
        0.005757245235145092,
        -0.3737791180610657,
        1.8154144287109375,
        -0.005675317253917456,
        0.9999830722808838,
        0.0013197982916608453,
        -0.13116554915905,
        0.3737802803516388,
        0.0008971958886831999,
        0.927516758441925,
        -1.9597868919372559
    ],
    [
        0.9240710735321045,
        0.0054130651988089085,
        -0.3821820914745331,
        2.036099433898926,
        -0.005589119158685207,
        0.9999842047691345,
        0.0006495299749076366,
        -0.14515244960784912,
        0.38217979669570923,
        0.0015358480159193277,
        0.9240868091583252,
        -2.156240224838257
    ],
    [
        0.9199694395065308,
        0.004381617531180382,
        -0.3919657766819,
        2.3070783615112305,
        -0.004025461617857218,
        0.9999904036521912,
        0.001730437157675624,
        -0.14175382256507874,
        0.39196935296058655,
        -1.4100199223321397e-05,
        0.9199783802032471,
        -2.3575384616851807
    ],
    [
        0.9069997072219849,
        0.0039559523575007915,
        -0.42111262679100037,
        2.5845861434936523,
        -0.0034466220531612635,
        0.9999920725822449,
        0.001970556564629078,
        -0.1748853623867035,
        0.4211171567440033,
        -0.0003358735120855272,
        0.9070060849189758,
        -2.5800795555114746
    ],
    [
        0.8859797120094299,
        0.004716006573289633,
        -0.4637000262737274,
        2.8135170936584473,
        -0.004483940079808235,
        0.9999886751174927,
        0.0016029049875214696,
        -0.21845796704292297,
        0.46370235085487366,
        0.0006590625853277743,
        0.8859909772872925,
        -2.811331033706665
    ],
    [
        0.8644081354141235,
        0.005348627921193838,
        -0.5027624368667603,
        3.0416603088378906,
        -0.005217805504798889,
        0.9999849796295166,
        0.0016672612400725484,
        -0.23438502848148346,
        0.5027636289596558,
        0.0011821211082860827,
        0.8644230365753174,
        -3.0421934127807617
    ],
    [
        0.8527439832687378,
        0.005676280241459608,
        -0.5222982168197632,
        3.343593120574951,
        -0.005627750884741545,
        0.9999827742576599,
        0.0016794081311672926,
        -0.25094929337501526,
        0.5222987532615662,
        0.0015072444221004844,
        0.8527610301971436,
        -3.295214891433716
    ],
    [
        0.8455878496170044,
        0.005591465160250664,
        -0.533807098865509,
        3.6756255626678467,
        -0.005169378127902746,
        0.999984085559845,
        0.0022858751472085714,
        -0.24025844037532806,
        0.5338113307952881,
        0.0008265475044026971,
        0.8456034064292908,
        -3.5207207202911377
    ],
    [
        0.8391281962394714,
        0.005789465736597776,
        -0.5439028143882751,
        4.005880832672119,
        -0.004714217968285084,
        0.9999831914901733,
        0.003371055703610182,
        -0.22031138837337494,
        0.5439133644104004,
        -0.00026466368581168354,
        0.839141309261322,
        -3.7234511375427246
    ],
    [
        0.837064266204834,
        0.006540545728057623,
        -0.5470653772354126,
        4.313118934631348,
        -0.00510198762640357,
        0.9999784231185913,
        0.004148895386606455,
        -0.22915683686733246,
        0.5470808744430542,
        -0.0006817803368903697,
        0.837079644203186,
        -3.916046619415283
    ],
    [
        0.8367122411727905,
        0.007148610427975655,
        -0.5475960373878479,
        4.559350490570068,
        -0.005048742052167654,
        0.9999730587005615,
        0.00533983064815402,
        -0.20381735265254974,
        0.5476194620132446,
        -0.0017032318282872438,
        0.8367260694503784,
        -4.068831443786621
    ],
    [
        0.8414343595504761,
        0.008182622492313385,
        -0.5402976274490356,
        4.781213283538818,
        -0.005980514455586672,
        0.9999650716781616,
        0.005830364767462015,
        -0.20373962819576263,
        0.5403262972831726,
        -0.0016746114706620574,
        0.8414536714553833,
        -4.231021404266357
    ],
    [
        0.8584226965904236,
        0.009275299496948719,
        -0.5128591656684875,
        5.027823448181152,
        -0.006480327341705561,
        0.9999528527259827,
        0.007237881887704134,
        -0.22136032581329346,
        0.5129020810127258,
        -0.0028896701987832785,
        0.8584421277046204,
        -4.367908477783203
    ],
    [
        0.8879516124725342,
        0.00927762221544981,
        -0.459843248128891,
        5.277103900909424,
        -0.005981950089335442,
        0.9999448657035828,
        0.008623434230685234,
        -0.2201458215713501,
        0.4598979651927948,
        -0.0049064308404922485,
        0.8879583477973938,
        -4.474664688110352
    ],
    [
        0.9170072674751282,
        0.008576138876378536,
        -0.3987782299518585,
        5.507210731506348,
        -0.005164686124771833,
        0.9999402165412903,
        0.009628321044147015,
        -0.2554176449775696,
        0.39883705973625183,
        -0.006769673898816109,
        0.9169968366622925,
        -4.558812141418457
    ],
    [
        0.9393007159233093,
        0.007853247225284576,
        -0.3430050313472748,
        5.7271294593811035,
        -0.004305623471736908,
        0.9999291300773621,
        0.011103089898824692,
        -0.27992913126945496,
        0.3430679738521576,
        -0.008952288888394833,
        0.9392679333686829,
        -4.587441921234131
    ],
    [
        0.9569567441940308,
        0.007706425152719021,
        -0.2901281714439392,
        5.933653831481934,
        -0.004275018814951181,
        0.999913215637207,
        0.012459145858883858,
        -0.30975690484046936,
        0.2901991605758667,
        -0.010682562366127968,
        0.9569066762924194,
        -4.592219352722168
    ]
]