[
    [
        0.9978603720664978,
        -0.012213279493153095,
        -0.06423011422157288,
        0.023110520094633102,
        0.012173428200185299,
        0.9999253749847412,
        -0.0010117916390299797,
        -0.19761912524700165,
        0.06423767656087875,
        0.00022772552620153874,
        0.9979345798492432,
        -0.061947423964738846
    ],
    [
        0.9977308511734009,
        -0.012653027661144733,
        -0.06612958759069443,
        0.02424287609755993,
        0.012673956342041492,
        0.9999197125434875,
        -0.00010308429773431271,
        -0.2123955488204956,
        0.06612558662891388,
        -0.000735273293685168,
        0.9978111386299133,
        -0.0668787956237793
    ],
    [
        0.9975523352622986,
        -0.012950785458087921,
        -0.0687132403254509,
        0.025409864261746407,
        0.013042428530752659,
        0.9999146461486816,
        0.0008852222235873342,
        -0.23330432176589966,
        0.06869591027498245,
        -0.0017792439321056008,
        0.997636079788208,
        -0.07691892981529236
    ],
    [
        0.9973381757736206,
        -0.01321722287684679,
        -0.07170634716749191,
        0.027903515845537186,
        0.013402189128100872,
        0.9999079704284668,
        0.002098951954394579,
        -0.2548503875732422,
        0.07167200744152069,
        -0.003054387168958783,
        0.9974236488342285,
        -0.08902746438980103
    ],
    [
        0.9972220063209534,
        -0.013222419656813145,
        -0.07330428808927536,
        0.02963544987142086,
        0.01349548064172268,
        0.9999036192893982,
        0.0032309654634445906,
        -0.26888373494148254,
        0.07325450330972672,
        -0.004211266525089741,
        0.9973043203353882,
        -0.09807350486516953
    ],
    [
        0.9970487952232361,
        -0.013049287721514702,
        -0.07565265148878098,
        0.03147279843688011,
        0.013433602638542652,
        0.9998993277549744,
        0.004573313053697348,
        -0.29108497500419617,
        0.07558535784482956,
        -0.005576104391366243,
        0.9971237778663635,
        -0.11154140532016754
    ],
    [
        0.9968895316123962,
        -0.013009561225771904,
        -0.0777297168970108,
        0.03381788358092308,
        0.01355294045060873,
        0.999887228012085,
        0.006467173341661692,
        -0.3185449242591858,
        0.07763681560754776,
        -0.0075005232356488705,
        0.9969534873962402,
        -0.1279255896806717
    ],
    [
        0.996759295463562,
        -0.013001952320337296,
        -0.07938307523727417,
        0.03607705608010292,
        0.013662093318998814,
        0.9998764395713806,
        0.0077784303575754166,
        -0.34094148874282837,
        0.07927212864160538,
        -0.008837761357426643,
        0.996813952922821,
        -0.14083343744277954
    ],
    [
        0.9965799450874329,
        -0.012451169081032276,
        -0.081690214574337,
        0.03966853767633438,
        0.013293254189193249,
        0.9998639225959778,
        0.009772490710020065,
        -0.3812427222728729,
        0.08155740797519684,
        -0.01082499697804451,
        0.9966098666191101,
        -0.16591164469718933
    ],
    [
        0.9964221715927124,
        -0.010988420806825161,
        -0.0837981104850769,
        0.041991762816905975,
        0.012001549825072289,
        0.9998607635498047,
        0.011595961637794971,
        -0.4285382330417633,
        0.08365901559591293,
        -0.012560180388391018,
        0.9964152574539185,
        -0.19683249294757843
    ],
    [
        0.9962767958641052,
        -0.01056201383471489,
        -0.08556264638900757,
        0.047091543674468994,
        0.011645667254924774,
        0.999858021736145,
        0.01217578910291195,
        -0.4650143086910248,
        0.08542191237211227,
        -0.013126889243721962,
        0.9962583780288696,
        -0.21863944828510284
    ],
    [
        0.9959599375724792,
        -0.009436354041099548,
        -0.08930133283138275,
        0.054380305111408234,
        0.010725458152592182,
        0.999845027923584,
        0.013966607861220837,
        -0.5230312347412109,
        0.08915568143129349,
        -0.014867980033159256,
        0.9959067106246948,
        -0.2553866505622864
    ],
    [
        0.9956121444702148,
        -0.00782698392868042,
        -0.09324803203344345,
        0.06044328212738037,
        0.009289775975048542,
        0.9998403787612915,
        0.015263370238244534,
        -0.5820102095603943,
        0.09311367571353912,
        -0.016062650829553604,
        0.9955258965492249,
        -0.2978624701499939
    ],
    [
        0.9952645897865295,
        -0.006353710312396288,
        -0.0969952791929245,
        0.06545470654964447,
        0.007941024377942085,
        0.9998406171798706,
        0.015987617895007133,
        -0.6235911846160889,
        0.09687824547290802,
        -0.016682149842381477,
        0.9951564073562622,
        -0.3312906324863434
    ],
    [
        0.9948847889900208,
        -0.004374852403998375,
        -0.10092201828956604,
        0.06898359954357147,
        0.0060895592905581,
        0.9998422861099243,
        0.016688603907823563,
        -0.683357834815979,
        0.10083308070898056,
        -0.017217807471752167,
        0.9947543144226074,
        -0.3799595236778259
    ],
    [
        0.9942447543144226,
        -0.002487398451194167,
        -0.1071031242609024,
        0.0755823403596878,
        0.004645667038857937,
        0.9997910857200623,
        0.019906528294086456,
        -0.7508134245872498,
        0.10703122615814209,
        -0.020289527252316475,
        0.9940487146377563,
        -0.43008530139923096
    ],
    [
        0.9936379790306091,
        -0.0014371387660503387,
        -0.11261218786239624,
        0.07950460910797119,
        0.003777617122977972,
        0.9997812509536743,
        0.02057291381061077,
        -0.7916097044944763,
        0.11255797743797302,
        -0.02086743339896202,
        0.9934260845184326,
        -0.46413400769233704
    ],
    [
        0.9922318458557129,
        0.0014399824431166053,
        -0.12439462542533875,
        0.08764875680208206,
        0.0013593544717878103,
        0.9997478723526001,
        0.022415868937969208,
        -0.8490943312644958,
        0.12439553439617157,
        -0.022410834208130836,
        0.9919795989990234,
        -0.512989342212677
    ],
    [
        0.9904294013977051,
        0.004319190047681332,
        -0.13795246183872223,
        0.08904053270816803,
        -0.000782852410338819,
        0.9996699690818787,
        0.025678446516394615,
        -0.9083073139190674,
        0.13801784813404083,
        -0.025324692949652672,
        0.990105926990509,
        -0.564286470413208
    ],
    [
        0.9887268543243408,
        0.00584787642583251,
        -0.14961597323417664,
        0.09454760700464249,
        -0.001467702561058104,
        0.9995676279067993,
        0.029369790107011795,
        -0.9502217769622803,
        0.14972302317619324,
        -0.028819110244512558,
        0.9883078932762146,
        -0.593545138835907
    ],
    [
        0.9857941269874573,
        0.008268971927464008,
        -0.16775423288345337,
        0.09954976290464401,
        -0.0028051212430000305,
        0.9994585514068604,
        0.03278141841292381,
        -0.9960615038871765,
        0.16793447732925415,
        -0.03184516355395317,
        0.985283613204956,
        -0.63936448097229
    ],
    [
        0.9823264479637146,
        0.012089493684470654,
        -0.1867847591638565,
        0.10149092972278595,
        -0.0052413796074688435,
        0.9992973208427429,
        0.0371134988963604,
        -1.0404168367385864,
        0.18710216879844666,
        -0.03547864407300949,
        0.9816995859146118,
        -0.6830703616142273
    ],
    [
        0.9797159433364868,
        0.013905871659517288,
        -0.19990836083889008,
        0.1035902127623558,
        -0.006135832518339157,
        0.9992033243179321,
        0.03943515196442604,
        -1.0612479448318481,
        0.2002975046634674,
        -0.03740865737199783,
        0.9790206551551819,
        -0.7099959850311279
    ],
    [
        0.9747148156166077,
        0.01631937175989151,
        -0.2228558212518692,
        0.1170215904712677,
        -0.007262813858687878,
        0.9991163611412048,
        0.04139794409275055,
        -1.0816525220870972,
        0.22333447635173798,
        -0.038732655346393585,
        0.9739720225334167,
        -0.7428280115127563
    ],
    [
        0.9687049984931946,
        0.019937841221690178,
        -0.24741242825984955,
        0.1268208622932434,
        -0.00911668036133051,
        0.9989541172981262,
        0.04480624571442604,
        -1.0988879203796387,
        0.24804699420928955,
        -0.041148412972688675,
        0.9678736329078674,
        -0.7734114527702332
    ]
]