[
    [
        0.8889887928962708,
        -0.049533553421497345,
        0.4552420675754547,
        0.022220294922590256,
        0.028256608173251152,
        0.9981718063354492,
        0.053429149091243744,
        -1.2996116876602173,
        -0.45705631375312805,
        -0.034634292125701904,
        0.8887632489204407,
        -0.19561854004859924
    ],
    [
        0.8761013150215149,
        -0.05165107920765877,
        0.4793521761894226,
        0.043353013694286346,
        0.030458444729447365,
        0.9981882572174072,
        0.05188841000199318,
        -1.2954189777374268,
        -0.4811638593673706,
        -0.03085917979478836,
        0.8760873079299927,
        -0.19170109927654266
    ],
    [
        0.8628044724464417,
        -0.05398133024573326,
        0.5026476383209229,
        0.0701092779636383,
        0.032349277287721634,
        0.9981403946876526,
        0.051666099578142166,
        -1.2934309244155884,
        -0.5045018792152405,
        -0.028317440301179886,
        0.8629460334777832,
        -0.17592720687389374
    ],
    [
        0.8499237298965454,
        -0.057259704917669296,
        0.5237852334976196,
        0.09847897291183472,
        0.03526539355516434,
        0.9980303049087524,
        0.0518801212310791,
        -1.28557550907135,
        -0.5257242321968079,
        -0.02562265843153,
        0.850269079208374,
        -0.1468627005815506
    ],
    [
        0.8355157971382141,
        -0.05951809138059616,
        0.5462333559989929,
        0.14405980706214905,
        0.03684777393937111,
        0.9979473948478699,
        0.05237510800361633,
        -1.2659815549850464,
        -0.548229455947876,
        -0.023632746189832687,
        0.8359938859939575,
        -0.08613132685422897
    ],
    [
        0.8246816992759705,
        -0.06112769991159439,
        0.5622841715812683,
        0.1807549148797989,
        0.0379025861620903,
        0.9978806376457214,
        0.05289243534207344,
        -1.2508950233459473,
        -0.5643256902694702,
        -0.02230740338563919,
        0.8252508044242859,
        -0.020397352054715157
    ],
    [
        0.8142223358154297,
        -0.06257793307304382,
        0.5771706700325012,
        0.21486470103263855,
        0.03823543339967728,
        0.9977954626083374,
        0.05424362048506737,
        -1.2458083629608154,
        -0.5792926549911499,
        -0.0220979955047369,
        0.8148199915885925,
        0.060788992792367935
    ],
    [
        0.8023186922073364,
        -0.06367689371109009,
        0.5934897661209106,
        0.2438891977071762,
        0.038943078368902206,
        0.9977591633796692,
        0.05440607666969299,
        -1.244566798210144,
        -0.5956242680549622,
        -0.02053869143128395,
        0.8030006289482117,
        0.1648753136396408
    ],
    [
        0.7910885214805603,
        -0.06486888974905014,
        0.6082524061203003,
        0.2639191150665283,
        0.03971939906477928,
        0.9977100491523743,
        0.05474502593278885,
        -1.253132700920105,
        -0.610410749912262,
        -0.01914873719215393,
        0.7918534874916077,
        0.24764832854270935
    ],
    [
        0.7786341309547424,
        -0.06632309406995773,
        0.6239632964134216,
        0.289501816034317,
        0.041023992002010345,
        0.9976515769958496,
        0.054850392043590546,
        -1.2562322616577148,
        -0.6261357665061951,
        -0.017110953107476234,
        0.77952641248703,
        0.32140234112739563
    ],
    [
        0.763765275478363,
        -0.06797818839550018,
        0.6419047117233276,
        0.31294921040534973,
        0.04253161698579788,
        0.9975780248641968,
        0.05503835156559944,
        -1.2483147382736206,
        -0.6440914273262024,
        -0.014735125005245209,
        0.7648066282272339,
        0.3764275312423706
    ],
    [
        0.747499406337738,
        -0.07139067351818085,
        0.6604150533676147,
        0.3524641990661621,
        0.044368550181388855,
        0.9973536729812622,
        0.057594526559114456,
        -1.2263206243515015,
        -0.6627790331840515,
        -0.013750212267041206,
        0.7486887574195862,
        0.4346235394477844
    ],
    [
        0.7357797622680664,
        -0.07426517456769943,
        0.6731366515159607,
        0.3978208005428314,
        0.04527285322546959,
        0.9971393942832947,
        0.06052544340491295,
        -1.199846625328064,
        -0.6757059693336487,
        -0.014058575965464115,
        0.737037181854248,
        0.48786452412605286
    ],
    [
        0.7246785163879395,
        -0.07733312994241714,
        0.6847341060638428,
        0.44760799407958984,
        0.047154005616903305,
        0.9969186782836914,
        0.06268611550331116,
        -1.164118766784668,
        -0.6874719262123108,
        -0.013139353133738041,
        0.7260921001434326,
        0.5502122044563293
    ],
    [
        0.7142359614372253,
        -0.07954252511262894,
        0.6953703165054321,
        0.5149791836738586,
        0.04816323518753052,
        0.9967516660690308,
        0.06454730033874512,
        -1.1238480806350708,
        -0.6982457637786865,
        -0.012610695324838161,
        0.7157471179962158,
        0.6287311911582947
    ],
    [
        0.7071323990821838,
        -0.08062932640314102,
        0.7024691104888916,
        0.5734169483184814,
        0.04882476478815079,
        0.9966737627983093,
        0.06524918228387833,
        -1.095038890838623,
        -0.7053934931755066,
        -0.011841956526041031,
        0.7087169289588928,
        0.6847488880157471
    ],
    [
        0.7023049592971802,
        -0.08101899176836014,
        0.7072507739067078,
        0.6258917450904846,
        0.04881858453154564,
        0.996644914150238,
        0.06569334864616394,
        -1.0725128650665283,
        -0.710200309753418,
        -0.011609731242060661,
        0.7039039134979248,
        0.7414048910140991
    ],
    [
        0.6990668177604675,
        -0.08179590851068497,
        0.7103626132011414,
        0.679612934589386,
        0.049904465675354004,
        0.9965944290161133,
        0.06564368307590485,
        -1.0506794452667236,
        -0.7133128046989441,
        -0.010439028963446617,
        0.700767993927002,
        0.8029000759124756
    ],
    [
        0.6965284943580627,
        -0.08180426806211472,
        0.71285080909729,
        0.7509903907775879,
        0.049789030104875565,
        0.9965953230857849,
        0.06571681052446365,
        -1.0147900581359863,
        -0.7157996892929077,
        -0.010281490162014961,
        0.6982300877571106,
        0.8783929347991943
    ],
    [
        0.694774329662323,
        -0.08194541186094284,
        0.714544415473938,
        0.8191732168197632,
        0.050085537135601044,
        0.9965887665748596,
        0.06559108197689056,
        -0.9876531362533569,
        -0.717481791973114,
        -0.009782666340470314,
        0.6965085864067078,
        0.9482917189598083
    ],
    [
        0.6927432417869568,
        -0.08259210735559464,
        0.7164393067359924,
        0.8941099047660828,
        0.050670988857746124,
        0.9965397119522095,
        0.06588725000619888,
        -0.9676610231399536,
        -0.719402015209198,
        -0.009340370073914528,
        0.6945310831069946,
        1.0188357830047607
    ],
    [
        0.6921149492263794,
        -0.08318976312875748,
        0.7169772982597351,
        0.9816899299621582,
        0.0519396997988224,
        0.9965009093284607,
        0.06548389792442322,
        -0.9434742331504822,
        -0.7199161052703857,
        -0.008082753047347069,
        0.6940140128135681,
        1.0897364616394043
    ],
    [
        0.6920203566551208,
        -0.08320297300815582,
        0.7170670628547668,
        1.049631953239441,
        0.05245880410075188,
        0.9965054392814636,
        0.06500041484832764,
        -0.9225378632545471,
        -0.7199694514274597,
        -0.007365089375525713,
        0.693966805934906,
        1.131750226020813
    ],
    [
        0.6918603181838989,
        -0.08298878371715546,
        0.7172461748123169,
        1.119858741760254,
        0.05294305458664894,
        0.9965294599533081,
        0.06423389166593552,
        -0.9033913612365723,
        -0.7200877070426941,
        -0.0064677027985453606,
        0.6938528418540955,
        1.1633445024490356
    ],
    [
        0.6925633549690247,
        -0.08309100568294525,
        0.7165555357933044,
        1.2173504829406738,
        0.05415672808885574,
        0.9965295195579529,
        0.06321307271718979,
        -0.8769795298576355,
        -0.7193212509155273,
        -0.004972759168595076,
        0.6946598887443542,
        1.190663456916809
    ]
]