[
    [
        0.9911454916000366,
        -0.0017210536170750856,
        0.13276925683021545,
        0.1576286107301712,
        0.0025557000190019608,
        0.9999781250953674,
        -0.006116288248449564,
        -0.01475080568343401,
        -0.1327558159828186,
        0.00640144944190979,
        0.9911280870437622,
        0.05164945498108864
    ],
    [
        0.9866718649864197,
        -0.001852107816375792,
        0.16271178424358368,
        0.20674628019332886,
        0.00303071946837008,
        0.9999710321426392,
        -0.006995629984885454,
        -0.016660477966070175,
        -0.16269409656524658,
        0.007395525462925434,
        0.9866487383842468,
        0.06871062517166138
    ],
    [
        0.9799260497093201,
        -0.0016929213888943195,
        0.1993541717529297,
        0.2640736997127533,
        0.0034196998458355665,
        0.9999595880508423,
        -0.008317861706018448,
        -0.01781540736556053,
        -0.19933201372623444,
        0.008832620456814766,
        0.9798921942710876,
        0.09391354769468307
    ],
    [
        0.9710257053375244,
        -0.0019069479312747717,
        0.23896726965904236,
        0.3221738636493683,
        0.004232837352901697,
        0.9999485611915588,
        -0.009220276027917862,
        -0.01792192831635475,
        -0.2389373928308487,
        0.009964634664356709,
        0.9709839224815369,
        0.13186007738113403
    ],
    [
        0.9598897695541382,
        -0.0022256197407841682,
        0.2803686857223511,
        0.3877922594547272,
        0.005349499639123678,
        0.9999318718910217,
        -0.010377271100878716,
        -0.014989052899181843,
        -0.2803264856338501,
        0.011460869573056698,
        0.9598362445831299,
        0.17906509339809418
    ],
    [
        0.9495964050292969,
        -0.0023481673561036587,
        0.3134666681289673,
        0.4480270743370056,
        0.006150980480015278,
        0.9999189972877502,
        -0.011143039911985397,
        -0.009383801370859146,
        -0.3134151101112366,
        0.01250951737165451,
        0.9495338201522827,
        0.22682741284370422
    ],
    [
        0.9353777170181274,
        -0.0028725597076117992,
        0.35363855957984924,
        0.5212050080299377,
        0.00750022241845727,
        0.9999032616615295,
        -0.011716083623468876,
        -0.006400236394256353,
        -0.35357069969177246,
        0.013611331582069397,
        0.9353088140487671,
        0.28601959347724915
    ],
    [
        0.9179415106773376,
        -0.003302993718534708,
        0.39670199155807495,
        0.6070156693458557,
        0.00895727053284645,
        0.9998829364776611,
        -0.01240136194974184,
        -0.004124544560909271,
        -0.39661458134651184,
        0.014937089756131172,
        0.9178637266159058,
        0.3484896123409271
    ],
    [
        0.8980920314788818,
        -0.003377842251211405,
        0.4397945702075958,
        0.7091572284698486,
        0.010291621088981628,
        0.9998581409454346,
        -0.013336817733943462,
        0.0026445842813700438,
        -0.4396871328353882,
        0.016503889113664627,
        0.8979994654655457,
        0.41035163402557373
    ],
    [
        0.8792288303375244,
        -0.0033315785694867373,
        0.47638803720474243,
        0.8231693506240845,
        0.011381486430764198,
        0.9998369812965393,
        -0.014013562351465225,
        0.006048883777111769,
        -0.47626376152038574,
        0.017743131145834923,
        0.8791235089302063,
        0.47039565443992615
    ],
    [
        0.8655880689620972,
        -0.002883452922105789,
        0.5007485747337341,
        0.9109281897544861,
        0.011952449567615986,
        0.9998174905776978,
        -0.014903627336025238,
        0.007234780117869377,
        -0.5006141066551208,
        0.018885573372244835,
        0.8654645085334778,
        0.5190662145614624
    ],
    [
        0.8528229594230652,
        -0.0018154585268348455,
        0.5221970081329346,
        1.0142019987106323,
        0.012173409573733807,
        0.9997912645339966,
        -0.016405081376433372,
        0.016260728240013123,
        -0.5220582485198975,
        0.02034754864871502,
        0.8526670932769775,
        0.5850626826286316
    ],
    [
        0.8415621519088745,
        -0.0007167475996538997,
        0.5401597619056702,
        1.1152441501617432,
        0.012000237591564655,
        0.99977707862854,
        -0.017369594424962997,
        0.033139705657958984,
        -0.5400269031524658,
        0.021099640056490898,
        0.841383159160614,
        0.6684779524803162
    ],
    [
        0.8322579264640808,
        -0.00023182097356766462,
        0.5543885827064514,
        1.2149533033370972,
        0.012243548408150673,
        0.9997636675834656,
        -0.017962174490094185,
        0.05177995562553406,
        -0.5542533993721008,
        0.02173684351146221,
        0.8320640921592712,
        0.7708682417869568
    ],
    [
        0.8243379592895508,
        -1.1371542314009275e-05,
        0.566098153591156,
        1.306509017944336,
        0.013056272640824318,
        0.9997343420982361,
        -0.018992135301232338,
        0.057874903082847595,
        -0.5659475326538086,
        0.02304706908762455,
        0.8241191506385803,
        0.8714812397956848
    ],
    [
        0.8186318278312683,
        0.00042608598596416414,
        0.574318528175354,
        1.3800369501113892,
        0.013161107897758484,
        0.9997231960296631,
        -0.019501494243741035,
        0.05874195694923401,
        -0.5741678476333618,
        0.02352321147918701,
        0.8183996081352234,
        0.951263427734375
    ],
    [
        0.8113867044448853,
        0.0002766922989394516,
        0.5845097303390503,
        1.472895860671997,
        0.013653824105858803,
        0.9997180700302124,
        -0.01942678727209568,
        0.06664510071277618,
        -0.5843502879142761,
        0.02374342828989029,
        0.8111540079116821,
        1.0511958599090576
    ],
    [
        0.804556667804718,
        0.0004914795863442123,
        0.5938758254051208,
        1.5728769302368164,
        0.013962766155600548,
        0.9997075200080872,
        -0.01974347233772278,
        0.07319878041744232,
        -0.5937118530273438,
        0.024176891893148422,
        0.804314374923706,
        1.1544818878173828
    ],
    [
        0.798298180103302,
        0.000833605881780386,
        0.6022617816925049,
        1.6707230806350708,
        0.014416560530662537,
        0.999686062335968,
        -0.02049284800887108,
        0.07338471710681915,
        -0.6020898222923279,
        0.02504194900393486,
        0.7980356216430664,
        1.2490425109863281
    ],
    [
        0.7926991581916809,
        0.0019960752688348293,
        0.6096097826957703,
        1.761393666267395,
        0.014115818776190281,
        0.9996664524078369,
        -0.0216286052018404,
        0.0763755589723587,
        -0.6094496250152588,
        0.025750117376446724,
        0.7924065589904785,
        1.3363211154937744
    ],
    [
        0.7880985140800476,
        0.002342210616916418,
        0.6155446171760559,
        1.8350722789764404,
        0.014098666608333588,
        0.9996617436408997,
        -0.021854722872376442,
        0.08099254965782166,
        -0.6153876781463623,
        0.025902030989527702,
        0.7877989411354065,
        1.4109879732131958
    ],
    [
        0.7817724347114563,
        0.003322816453874111,
        0.6235550045967102,
        1.9242461919784546,
        0.01322672888636589,
        0.9996724128723145,
        -0.021909888833761215,
        0.08534304797649384,
        -0.6234235763549805,
        0.02537613734602928,
        0.7814724445343018,
        1.5092531442642212
    ],
    [
        0.7720854878425598,
        0.004307215567678213,
        0.6355040073394775,
        2.008415699005127,
        0.0136380884796381,
        0.9996344447135925,
        -0.02334432117640972,
        0.08185312151908875,
        -0.6353722810745239,
        0.026690874248743057,
        0.7717444896697998,
        1.603623628616333
    ],
    [
        0.7608720064163208,
        0.004972852300852537,
        0.6488828659057617,
        2.0864598751068115,
        0.013921239413321018,
        0.9996153116226196,
        -0.023984642699360847,
        0.07796397060155869,
        -0.6487526297569275,
        0.02728249505162239,
        0.7605101466178894,
        1.680833101272583
    ],
    [
        0.750123143196106,
        0.005451183766126633,
        0.6612756848335266,
        2.1626508235931396,
        0.014474989846348763,
        0.9995911121368408,
        -0.02465987764298916,
        0.08582301437854767,
        -0.6611397862434387,
        0.028069909662008286,
        0.749737560749054,
        1.7483711242675781
    ]
]