[
    [
        0.9999284148216248,
        -2.1762387405033223e-05,
        -0.011967008002102375,
        0.02737409994006157,
        -0.0004058434278704226,
        0.9993614554405212,
        -0.03572843223810196,
        -0.006303977686911821,
        0.011960144154727459,
        0.03573073074221611,
        0.999289870262146,
        0.00022546791296917945
    ],
    [
        0.9998565316200256,
        0.0002388287102803588,
        -0.016933755949139595,
        0.037018656730651855,
        -0.0010226464364677668,
        0.9989274144172668,
        -0.04629374295473099,
        -0.008094046264886856,
        0.01690453663468361,
        0.04630441591143608,
        0.9987843632698059,
        0.0007139762165024877
    ],
    [
        0.9997566938400269,
        0.00033784957486204803,
        -0.022053521126508713,
        0.046829551458358765,
        -0.0015827923780307174,
        0.9984036684036255,
        -0.05645795166492462,
        -0.010528303682804108,
        0.021999243646860123,
        0.05647912248969078,
        0.9981613755226135,
        0.0012534658890217543
    ],
    [
        0.9996314644813538,
        0.0003498137230053544,
        -0.02714572101831436,
        0.05651802569627762,
        -0.0021617065649479628,
        0.9977676272392273,
        -0.0667463093996048,
        -0.012398271821439266,
        0.02706177346408367,
        0.06678038090467453,
        0.9974006414413452,
        0.0017253794940188527
    ],
    [
        0.999415934085846,
        0.0004642849962692708,
        -0.03417086973786354,
        0.06940756738185883,
        -0.0032217970583587885,
        0.9967342615127563,
        -0.0806870386004448,
        -0.014192501083016396,
        0.03402181342244148,
        0.08075001090765,
        0.9961535334587097,
        0.002232456812635064
    ],
    [
        0.9992228746414185,
        0.00034729394246824086,
        -0.03941461071372032,
        0.07883051782846451,
        -0.003924162592738867,
        0.9958698153495789,
        -0.09070884436368942,
        -0.016120707616209984,
        0.03922031447291374,
        0.09079302102327347,
        0.9950972199440002,
        0.002680812729522586
    ],
    [
        0.9989863038063049,
        0.00042205542558804154,
        -0.045013152062892914,
        0.08872250467538834,
        -0.004964670166373253,
        0.994888961315155,
        -0.10085362941026688,
        -0.017642974853515625,
        0.04474052041769028,
        0.10097486525774002,
        0.9938825368881226,
        0.0026189100462943316
    ],
    [
        0.9986088275909424,
        0.0002139479765901342,
        -0.052729282528162,
        0.1019679382443428,
        -0.006235822569578886,
        0.9934537410736084,
        -0.11406566947698593,
        -0.01991252228617668,
        0.0523596927523613,
        0.1142357885837555,
        0.9920728802680969,
        0.003116825595498085
    ],
    [
        0.9982738494873047,
        -3.662832023110241e-05,
        -0.05873067304491997,
        0.11217494308948517,
        -0.007250567432492971,
        0.9922731518745422,
        -0.12386025488376617,
        -0.021454840898513794,
        0.05828140676021576,
        0.12407229095697403,
        0.9905601143836975,
        0.0032625331077724695
    ],
    [
        0.9978927969932556,
        -0.00023380717902909964,
        -0.0648832768201828,
        0.12228504568338394,
        -0.008465897291898727,
        0.9909756183624268,
        -0.13377492129802704,
        -0.02253633365035057,
        0.06432902067899704,
        0.13404232263565063,
        0.9888854026794434,
        0.003414710285142064
    ],
    [
        0.9974635243415833,
        -0.0004484863020479679,
        -0.0711781233549118,
        0.13237303495407104,
        -0.00977633148431778,
        0.9896400570869446,
        -0.14323745667934418,
        -0.02428325079381466,
        0.07050496339797974,
        0.14356999099254608,
        0.9871254563331604,
        0.0035659857094287872
    ],
    [
        0.9968096613883972,
        -0.0007843332714401186,
        -0.07981140166521072,
        0.14535211026668549,
        -0.011718125082552433,
        0.9876779317855835,
        -0.15606051683425903,
        -0.02567131631076336,
        0.07895036041736603,
        0.15649786591529846,
        0.9845178723335266,
        0.003785722656175494
    ],
    [
        0.9962456226348877,
        -0.0011589493369683623,
        -0.08656354993581772,
        0.15531232953071594,
        -0.0132221020758152,
        0.9861423373222351,
        -0.16537387669086456,
        -0.027430394664406776,
        0.08555564284324646,
        0.16589754819869995,
        0.9824246764183044,
        0.003574870526790619
    ],
    [
        0.9956192374229431,
        -0.0018654203740879893,
        -0.09348215907812119,
        0.16519860923290253,
        -0.014573285356163979,
        0.9844861626625061,
        -0.17485608160495758,
        -0.028709758073091507,
        0.0923580676317215,
        0.17545242607593536,
        0.9801461100578308,
        0.0038490011356770992
    ],
    [
        0.9946809411048889,
        -0.002687720814719796,
        -0.10296883434057236,
        0.1779862940311432,
        -0.01676309108734131,
        0.9821087718009949,
        -0.1875670701265335,
        -0.030092841014266014,
        0.10163072496652603,
        0.18829545378684998,
        0.9768398404121399,
        0.003918535076081753
    ],
    [
        0.9939182996749878,
        -0.0033297766931355,
        -0.11006953567266464,
        0.18677188456058502,
        -0.018561597913503647,
        0.9801751375198364,
        -0.19726146757602692,
        -0.030911821871995926,
        0.108544260263443,
        0.1981048583984375,
        0.9741522073745728,
        0.0038559138774871826
    ],
    [
        0.9930839538574219,
        -0.004206041805446148,
        -0.11733150482177734,
        0.19572824239730835,
        -0.02029922977089882,
        0.9781566262245178,
        -0.20687542855739594,
        -0.03218937665224075,
        0.11563871055841446,
        0.2078264057636261,
        0.9713062644004822,
        0.00373968668282032
    ],
    [
        0.9922199249267578,
        -0.004880719352513552,
        -0.12440138310194016,
        0.20354588329792023,
        -0.022352924570441246,
        0.9760093688964844,
        -0.21657833456993103,
        -0.0333574153482914,
        0.12247396260499954,
        0.21767409145832062,
        0.9683068990707397,
        0.0036267987452447414
    ],
    [
        0.9908832311630249,
        -0.0067145004868507385,
        -0.13455630838871002,
        0.21523571014404297,
        -0.02466827817261219,
        0.9728295803070068,
        -0.23020434379577637,
        -0.034294866025447845,
        0.1324460655450821,
        0.23142488300800323,
        0.9637949466705322,
        0.0031139987986534834
    ],
    [
        0.989799439907074,
        -0.007918499410152435,
        -0.14224788546562195,
        0.2235906422138214,
        -0.02678808383643627,
        0.97030109167099,
        -0.2404124140739441,
        -0.035239141434431076,
        0.1399269849061966,
        0.24177059531211853,
        0.9601913690567017,
        0.0024761389940977097
    ],
    [
        0.9886181950569153,
        -0.009670231491327286,
        -0.15013475716114044,
        0.232550710439682,
        -0.028645075857639313,
        0.9675770998001099,
        -0.25094619393348694,
        -0.03616030141711235,
        0.1476936638355255,
        0.252390593290329,
        0.9562874436378479,
        0.0020988930482417345
    ],
    [
        0.9869250059127808,
        -0.012308841571211815,
        -0.16070936620235443,
        0.24433110654354095,
        -0.031143121421337128,
        0.9637277126312256,
        -0.26506417989730835,
        -0.037628620862960815,
        0.15814270079135895,
        0.2666034698486328,
        0.9507436752319336,
        0.0016507884720340371
    ],
    [
        0.9856382608413696,
        -0.014389247633516788,
        -0.1682564616203308,
        0.2517041862010956,
        -0.03304596245288849,
        0.9606648087501526,
        -0.275737464427948,
        -0.03898994252085686,
        0.16560570895671844,
        0.27733761072158813,
        0.9463924765586853,
        0.0011058804811909795
    ],
    [
        0.9842092394828796,
        -0.016805928200483322,
        -0.1762094348669052,
        0.26013514399528503,
        -0.03499013930559158,
        0.9573679566383362,
        -0.2867444157600403,
        -0.03956485167145729,
        0.17351627349853516,
        0.28838208317756653,
        0.9416622519493103,
        -0.000951643567532301
    ],
    [
        0.982203483581543,
        -0.020467044785618782,
        -0.18670152127742767,
        0.27136459946632385,
        -0.037471067160367966,
        0.952707827091217,
        -0.3015686273574829,
        -0.040038470178842545,
        0.1840442419052124,
        0.3031976819038391,
        0.9349860548973083,
        -0.0038710155058652163
    ]
]