[
    [
        0.7804023623466492,
        -0.13779883086681366,
        0.6099045872688293,
        1.0434824228286743,
        0.13173556327819824,
        0.9897547364234924,
        0.05505826324224472,
        -0.2588980793952942,
        -0.611242949962616,
        0.03737854212522507,
        0.7905597686767578,
        2.2755205631256104
    ],
    [
        0.7834296822547913,
        -0.1373353898525238,
        0.6061162352561951,
        1.0977773666381836,
        0.13086585700511932,
        0.9898656606674194,
        0.05513691529631615,
        -0.2647816240787506,
        -0.6075458526611328,
        0.03612402081489563,
        0.7934627532958984,
        2.343549966812134
    ],
    [
        0.7878111004829407,
        -0.1366354525089264,
        0.6005700826644897,
        1.171305537223816,
        0.13005420565605164,
        0.9900005459785461,
        0.05463314801454544,
        -0.2697655260562897,
        -0.60202956199646,
        0.03506607189774513,
        0.7977033257484436,
        2.4264659881591797
    ],
    [
        0.7915903329849243,
        -0.1362220048904419,
        0.5956745743751526,
        1.2458363771438599,
        0.13005277514457703,
        0.9900580048561096,
        0.053584903478622437,
        -0.27597421407699585,
        -0.5970518589019775,
        0.035051845014095306,
        0.8014364838600159,
        2.507097005844116
    ],
    [
        0.7945672273635864,
        -0.13489508628845215,
        0.5920019149780273,
        1.3155388832092285,
        0.1280251443386078,
        0.9903093576431274,
        0.05382293835282326,
        -0.28772756457328796,
        -0.5935254096984863,
        0.03302518278360367,
        0.8041373491287231,
        2.5850021839141846
    ],
    [
        0.7972911596298218,
        -0.1326281875371933,
        0.5888435244560242,
        1.380676031112671,
        0.12513886392116547,
        0.9906849265098572,
        0.05369959771633148,
        -0.30056339502334595,
        -0.5904804468154907,
        0.03087298758327961,
        0.8064612150192261,
        2.654566526412964
    ],
    [
        0.7985542416572571,
        -0.1324082612991333,
        0.5871788859367371,
        1.444051742553711,
        0.12466216832399368,
        0.9907357096672058,
        0.05387129262089729,
        -0.309878408908844,
        -0.5888721346855164,
        0.030179843306541443,
        0.8076625466346741,
        2.7302801609039307
    ],
    [
        0.7985926270484924,
        -0.13344120979309082,
        0.58689284324646,
        1.4950658082962036,
        0.12534551322460175,
        0.9906055331230164,
        0.0546736903488636,
        -0.31838923692703247,
        -0.5886749625205994,
        0.029902372509241104,
        0.8078166246414185,
        2.792980194091797
    ],
    [
        0.7960758209228516,
        -0.13471029698848724,
        0.5900139212608337,
        1.5572192668914795,
        0.12643949687480927,
        0.9904187321662903,
        0.05553121119737625,
        -0.32921355962753296,
        -0.5918415188789368,
        0.030394000932574272,
        0.8054810166358948,
        2.8817005157470703
    ],
    [
        0.791610062122345,
        -0.13532699644565582,
        0.5958524942398071,
        1.6165244579315186,
        0.12643983960151672,
        0.9903386831283569,
        0.056941162794828415,
        -0.3392421305179596,
        -0.5978013873100281,
        0.03026427887380123,
        0.8010726571083069,
        2.985011339187622
    ],
    [
        0.7874444127082825,
        -0.13535939157009125,
        0.6013394594192505,
        1.6780922412872314,
        0.12556615471839905,
        0.9903590083122253,
        0.05849948525428772,
        -0.3483390212059021,
        -0.6034604907035828,
        0.029442785307765007,
        0.796849250793457,
        3.0828170776367188
    ],
    [
        0.7840039730072021,
        -0.13573062419891357,
        0.6057350039482117,
        1.7431119680404663,
        0.12542660534381866,
        0.9903131127357483,
        0.05956543609499931,
        -0.35520392656326294,
        -0.6079521775245667,
        0.029275724664330482,
        0.7934337258338928,
        3.166346549987793
    ],
    [
        0.7822343707084656,
        -0.13649608194828033,
        0.6078472137451172,
        1.8243281841278076,
        0.12617206573486328,
        0.9901931881904602,
        0.059984415769577026,
        -0.3608698844909668,
        -0.6100737452507019,
        0.0297714713960886,
        0.791784942150116,
        3.2381181716918945
    ],
    [
        0.7799156308174133,
        -0.13755853474140167,
        0.6105810403823853,
        1.8985108137130737,
        0.12678216397762299,
        0.9900466203689575,
        0.061105675995349884,
        -0.3663845360279083,
        -0.6129093766212463,
        0.02975352853536606,
        0.7895926833152771,
        3.3012442588806152
    ],
    [
        0.7739656567573547,
        -0.14038923382759094,
        0.617469072341919,
        1.976144790649414,
        0.1282537281513214,
        0.9896578788757324,
        0.06425149738788605,
        -0.3770541846752167,
        -0.6201033592224121,
        0.029464269056916237,
        0.7839667201042175,
        3.3775064945220947
    ],
    [
        0.7648485898971558,
        -0.1450251042842865,
        0.6276738047599792,
        2.0406570434570312,
        0.1308993101119995,
        0.9889914393424988,
        0.06900148838758469,
        -0.39258456230163574,
        -0.6307709217071533,
        0.029386380687355995,
        0.7754122614860535,
        3.444990634918213
    ],
    [
        0.7543919682502747,
        -0.1482372283935547,
        0.6394672989845276,
        2.100493907928467,
        0.13296639919281006,
        0.988481342792511,
        0.0722804144024849,
        -0.40191102027893066,
        -0.6428162455558777,
        0.030499909073114395,
        0.7654129266738892,
        3.5041775703430176
    ],
    [
        0.7418089509010315,
        -0.14825421571731567,
        0.6540181040763855,
        2.1467249393463135,
        0.13357043266296387,
        0.9883803129196167,
        0.07254809141159058,
        -0.40223410725593567,
        -0.6571746468544006,
        0.03354061767458916,
        0.7529917359352112,
        3.558720827102661
    ],
    [
        0.7206698656082153,
        -0.15077129006385803,
        0.6766853332519531,
        2.1563515663146973,
        0.13459335267543793,
        0.9879220724105835,
        0.07677560299634933,
        -0.41400715708732605,
        -0.6800878047943115,
        0.03574756905436516,
        0.7322580814361572,
        3.6210427284240723
    ],
    [
        0.6976214051246643,
        -0.153751939535141,
        0.6997750401496887,
        2.143247604370117,
        0.13538621366024017,
        0.987395703792572,
        0.08197740465402603,
        -0.42687880992889404,
        -0.7035588622093201,
        0.03755071759223938,
        0.7096442580223083,
        3.6835052967071533
    ],
    [
        0.6678510308265686,
        -0.15743418037891388,
        0.727453887462616,
        2.1267893314361572,
        0.1351049393415451,
        0.9867788553237915,
        0.0895213931798935,
        -0.4443452060222626,
        -0.7319300174713135,
        0.03849572315812111,
        0.6802916526794434,
        3.758479595184326
    ],
    [
        0.6411547660827637,
        -0.1597500443458557,
        0.7505999803543091,
        2.1244378089904785,
        0.1351836770772934,
        0.9863091111183167,
        0.09444348514080048,
        -0.45235347747802734,
        -0.7554110884666443,
        0.040915995836257935,
        0.6539726257324219,
        3.821749448776245
    ],
    [
        0.6174752712249756,
        -0.16044294834136963,
        0.7700533270835876,
        2.121901750564575,
        0.13346324861049652,
        0.9861518144607544,
        0.0984487533569336,
        -0.45849835872650146,
        -0.7751849889755249,
        0.04198417067527771,
        0.630337655544281,
        3.873180627822876
    ],
    [
        0.5974264740943909,
        -0.16213762760162354,
        0.785361647605896,
        2.1208932399749756,
        0.13274303078651428,
        0.9858313798904419,
        0.10254655033349991,
        -0.4647617042064667,
        -0.7908608317375183,
        0.04298724606633186,
        0.6104844212532043,
        3.9134106636047363
    ],
    [
        0.5770788192749023,
        -0.16373662650585175,
        0.8001064658164978,
        2.1160025596618652,
        0.13225069642066956,
        0.9855009913444519,
        0.10629032552242279,
        -0.470479816198349,
        -0.8059093356132507,
        0.04447675123810768,
        0.5903659462928772,
        3.955637216567993
    ]
]