[
    [
        0.995154619216919,
        0.017510922625660896,
        0.09675052762031555,
        -0.11155566573143005,
        -0.015614495612680912,
        0.9996715188026428,
        -0.02032371796667576,
        -0.11154519766569138,
        -0.09707464277744293,
        0.018714530393481255,
        0.9951011538505554,
        -0.20770509541034698
    ],
    [
        0.9915738105773926,
        0.01662994734942913,
        0.12847113609313965,
        -0.13760028779506683,
        -0.01365723367780447,
        0.9996190667152405,
        -0.02398557774722576,
        -0.14060282707214355,
        -0.12882108986377716,
        0.022028908133506775,
        0.9914231896400452,
        -0.3082636296749115
    ],
    [
        0.9884817600250244,
        0.014923397451639175,
        0.1506025791168213,
        -0.1659054011106491,
        -0.010925563052296638,
        0.9995664954185486,
        -0.027338242158293724,
        -0.18318356573581696,
        -0.1509452909231186,
        0.02537793666124344,
        0.98821622133255,
        -0.4149797856807709
    ],
    [
        0.9884851574897766,
        0.013816592283546925,
        0.15068542957305908,
        -0.1916685849428177,
        -0.00937681645154953,
        0.9995018243789673,
        -0.030134739354252815,
        -0.218687042593956,
        -0.15102674067020416,
        0.028374794870615005,
        0.988122284412384,
        -0.5108938217163086
    ],
    [
        0.989226222038269,
        0.01340195257216692,
        0.14577952027320862,
        -0.21888358891010284,
        -0.008641657419502735,
        0.9994100332260132,
        -0.03323850780725479,
        -0.2541944682598114,
        -0.1461389660835266,
        0.031620632857084274,
        0.9887585639953613,
        -0.6115710139274597
    ],
    [
        0.9897496700286865,
        0.012740802951157093,
        0.14224296808242798,
        -0.24317507445812225,
        -0.007733105216175318,
        0.9993325471878052,
        -0.03570270538330078,
        -0.28863006830215454,
        -0.14260292053222656,
        0.034236762672662735,
        0.9891877770423889,
        -0.7003490328788757
    ],
    [
        0.9902721643447876,
        0.011929553933441639,
        0.13863134384155273,
        -0.2686317265033722,
        -0.006730922032147646,
        0.9992585182189941,
        -0.03790818899869919,
        -0.3291451930999756,
        -0.13898077607154846,
        0.0366063117980957,
        0.9896183609962463,
        -0.7943472266197205
    ],
    [
        0.9908559322357178,
        0.011040954850614071,
        0.13447123765945435,
        -0.293472558259964,
        -0.005698648281395435,
        0.9991814494132996,
        -0.04004853963851929,
        -0.3694135844707489,
        -0.13480336964130402,
        0.038916029036045074,
        0.9901078939437866,
        -0.8871279358863831
    ],
    [
        0.9913553595542908,
        0.010123923420906067,
        0.13081282377243042,
        -0.31595346331596375,
        -0.004708942025899887,
        0.9991216063499451,
        -0.0416380949318409,
        -0.40340837836265564,
        -0.13111945986747742,
        0.04066215828061104,
        0.990532398223877,
        -0.9700534343719482
    ],
    [
        0.9919627904891968,
        0.009562309831380844,
        0.12616807222366333,
        -0.3392281234264374,
        -0.004127678461372852,
        0.9990549683570862,
        -0.04326585680246353,
        -0.44031956791877747,
        -0.12646257877349854,
        0.04239734634757042,
        0.9910650253295898,
        -1.0579358339309692
    ],
    [
        0.9923712015151978,
        0.009104158729314804,
        0.12294930964708328,
        -0.3584805428981781,
        -0.0036597673315554857,
        0.9990055561065674,
        -0.0444350428879261,
        -0.4743994474411011,
        -0.12323159724473953,
        0.043646086007356644,
        0.991417646408081,
        -1.1357115507125854
    ],
    [
        0.9923925399780273,
        0.008828423917293549,
        0.12279736995697021,
        -0.377511203289032,
        -0.0032330576796084642,
        0.9989503622055054,
        -0.04569068178534508,
        -0.5100582838058472,
        -0.12307184934616089,
        0.044946085661649704,
        0.9913793802261353,
        -1.2178375720977783
    ],
    [
        0.9908822774887085,
        0.00850156880915165,
        0.1344616860151291,
        -0.39720842242240906,
        -0.0022901585325598717,
        0.9989256858825684,
        -0.04628203436732292,
        -0.54261714220047,
        -0.13471074402332306,
        0.04555211216211319,
        0.9898374676704407,
        -1.2981206178665161
    ],
    [
        0.98972088098526,
        0.007174719590693712,
        0.14283287525177002,
        -0.4156848192214966,
        -0.0011952222557738423,
        0.999120831489563,
        -0.04190546274185181,
        -0.5702314376831055,
        -0.14300796389579773,
        0.04130399599671364,
        0.9888592958450317,
        -1.3702069520950317
    ],
    [
        0.9884275794029236,
        0.005562087520956993,
        0.15159182250499725,
        -0.4346862733364105,
        -7.458581967512146e-05,
        0.9993453025817871,
        -0.03618084639310837,
        -0.5997265577316284,
        -0.15169380605220795,
        0.035750847309827805,
        0.9877808094024658,
        -1.4462190866470337
    ],
    [
        0.9869592189788818,
        0.003945746924728155,
        0.16092190146446228,
        -0.4512014091014862,
        0.0009903738973662257,
        0.9995317459106445,
        -0.03058227151632309,
        -0.627393364906311,
        -0.16096721589565277,
        0.03034282475709915,
        0.9864931702613831,
        -1.5145189762115479
    ],
    [
        0.9857543706893921,
        0.001383602269925177,
        0.16818563640117645,
        -0.468036413192749,
        0.0020234216935932636,
        0.9997963309288025,
        -0.02008446492254734,
        -0.6575639843940735,
        -0.16817915439605713,
        0.02013864926993847,
        0.9855507016181946,
        -1.5895359516143799
    ],
    [
        0.9845470190048218,
        -0.0010616680374369025,
        0.17511743307113647,
        -0.48253509402275085,
        0.002658131532371044,
        0.9999570846557617,
        -0.008882218971848488,
        -0.6857573986053467,
        -0.17510049045085907,
        0.009210447780787945,
        0.9845075011253357,
        -1.65720534324646
    ],
    [
        0.9836452603340149,
        -0.005383055191487074,
        0.18003599345684052,
        -0.4997081458568573,
        0.0032075606286525726,
        0.9999182820320129,
        0.012372598983347416,
        -0.7184332013130188,
        -0.1800878942012787,
        -0.011592772789299488,
        0.9835821390151978,
        -1.7317007780075073
    ],
    [
        0.9832411408424377,
        -0.011188383214175701,
        0.1819659024477005,
        -0.5157214999198914,
        0.003766555106267333,
        0.9991486668586731,
        0.041081465780735016,
        -0.7519078254699707,
        -0.1822706162929535,
        -0.03970760479569435,
        0.9824461936950684,
        -1.8046038150787354
    ],
    [
        0.9831037521362305,
        -0.01622890681028366,
        0.18232813477516174,
        -0.5304853320121765,
        0.0039023850113153458,
        0.9976937770843506,
        0.06776263564825058,
        -0.7812910676002502,
        -0.1830073446035385,
        -0.06590618193149567,
        0.98089998960495,
        -1.8710284233093262
    ],
    [
        0.9834920763969421,
        -0.019774438813328743,
        0.179867222905159,
        -0.5456857085227966,
        0.004152633715420961,
        0.9962155818939209,
        0.08681691437959671,
        -0.8150421977043152,
        -0.18090330064296722,
        -0.08463684469461441,
        0.9798523187637329,
        -1.9420942068099976
    ],
    [
        0.9837912917137146,
        -0.020644957199692726,
        0.17812462151050568,
        -0.5610119104385376,
        0.003765414236113429,
        0.9955096244812012,
        0.09458473324775696,
        -0.8480350971221924,
        -0.17927749454975128,
        -0.09238093346357346,
        0.979451596736908,
        -2.0087409019470215
    ],
    [
        0.9841289520263672,
        -0.0217999629676342,
        0.17611092329025269,
        -0.5769818425178528,
        0.0036256788298487663,
        0.9946884512901306,
        0.10286717861890793,
        -0.8856952786445618,
        -0.17741802334785461,
        -0.10059605538845062,
        0.9789807796478271,
        -2.080618381500244
    ],
    [
        0.9845383763313293,
        -0.02267397940158844,
        0.17369529604911804,
        -0.5935654044151306,
        0.003242023056373,
        0.9937760233879089,
        0.11134994029998779,
        -0.9239473342895508,
        -0.1751389354467392,
        -0.10906515270471573,
        0.9784841537475586,
        -2.152660846710205
    ]
]