[
    [
        0.9976134896278381,
        0.0015355946961790323,
        -0.06902872771024704,
        -0.145072340965271,
        -0.002238754415884614,
        0.9999464154243469,
        -0.010110284201800823,
        -0.034734658896923065,
        0.06900949776172638,
        0.01024069357663393,
        0.9975634813308716,
        0.3873177170753479
    ],
    [
        0.9974161982536316,
        0.001580041367560625,
        -0.07182228565216064,
        -0.15160523355007172,
        -0.002350191818550229,
        0.9999406337738037,
        -0.01063974853605032,
        -0.036986906081438065,
        0.07180120795965195,
        0.010781052522361279,
        0.9973606467247009,
        0.4060947000980377
    ],
    [
        0.9972233176231384,
        0.00179356022272259,
        -0.07444828003644943,
        -0.15876047313213348,
        -0.0026172969955950975,
        0.9999364614486694,
        -0.01096846628934145,
        -0.039800774306058884,
        0.07442387193441391,
        0.011132863350212574,
        0.9971645474433899,
        0.4259805679321289
    ],
    [
        0.9970296025276184,
        0.0023372462019324303,
        -0.07698329538106918,
        -0.16605593264102936,
        -0.0032048006542026997,
        0.9999328255653381,
        -0.011147778481245041,
        -0.04273020476102829,
        0.07695205509662628,
        0.011361381970345974,
        0.9969700574874878,
        0.4465094208717346
    ],
    [
        0.9968467354774475,
        0.0028832622338086367,
        -0.07929844409227371,
        -0.1733851581811905,
        -0.003780907718464732,
        0.9999304413795471,
        -0.011172021739184856,
        -0.045583054423332214,
        0.07926071435213089,
        0.011436615139245987,
        0.9967882633209229,
        0.4672541916370392
    ],
    [
        0.9966641664505005,
        0.003344394266605377,
        -0.0815439522266388,
        -0.1801500767469406,
        -0.004272785969078541,
        0.9999280571937561,
        -0.011213334277272224,
        -0.04800252616405487,
        0.0815005749464035,
        0.011524347588419914,
        0.996606707572937,
        0.48716458678245544
    ],
    [
        0.9964597225189209,
        0.003657025285065174,
        -0.08399229496717453,
        -0.1863602250814438,
        -0.004624668974429369,
        0.9999251961708069,
        -0.011328955180943012,
        -0.050378382205963135,
        0.08394457399845123,
        0.01167728379368782,
        0.9964019060134888,
        0.5071207284927368
    ],
    [
        0.9962537884712219,
        0.003814919851720333,
        -0.08639472723007202,
        -0.19163276255130768,
        -0.004846144933253527,
        0.9999194741249084,
        -0.011729609221220016,
        -0.05203547328710556,
        0.08634302020072937,
        0.01210434827953577,
        0.9961919784545898,
        0.5256038308143616
    ],
    [
        0.9960412979125977,
        0.00385506683960557,
        -0.08880824595689774,
        -0.19663795828819275,
        -0.0049545117653906345,
        0.9999138116836548,
        -0.012162887491285801,
        -0.054124899208545685,
        0.08875370770692825,
        0.01255473867058754,
        0.9959744811058044,
        0.5451761484146118
    ],
    [
        0.9958282113075256,
        0.0037594600580632687,
        -0.09117090702056885,
        -0.20119529962539673,
        -0.004924810957163572,
        0.9999090433120728,
        -0.012560446746647358,
        -0.05617690831422806,
        0.09111539274454117,
        0.012957045808434486,
        0.9957559704780579,
        0.5635766983032227
    ],
    [
        0.995618999004364,
        0.0038787461817264557,
        -0.09342149645090103,
        -0.20582948625087738,
        -0.005113355815410614,
        0.9999027848243713,
        -0.012979723513126373,
        -0.05790140852332115,
        0.09336205571889877,
        0.013400557450950146,
        0.9955419898033142,
        0.5823785662651062
    ],
    [
        0.9954355359077454,
        0.0039559113793075085,
        -0.09535489976406097,
        -0.21072012186050415,
        -0.005236328113824129,
        0.9998995065689087,
        -0.013181435875594616,
        -0.06015307828783989,
        0.09529316425323486,
        0.01362057775259018,
        0.9953560829162598,
        0.6013556122779846
    ],
    [
        0.9952423572540283,
        0.004049223847687244,
        -0.09734557569026947,
        -0.21518103778362274,
        -0.005364780314266682,
        0.9998977780342102,
        -0.013256357051432133,
        -0.06244901195168495,
        0.09728194773197174,
        0.013715526089072227,
        0.995162308216095,
        0.6202344298362732
    ],
    [
        0.9950746297836304,
        0.004181085154414177,
        -0.09903993457555771,
        -0.22032693028450012,
        -0.0055088079534471035,
        0.9998985528945923,
        -0.013136259280145168,
        -0.06499059498310089,
        0.09897495806217194,
        0.013617151416838169,
        0.9949966669082642,
        0.6397867202758789
    ],
    [
        0.9949036836624146,
        0.004260572139173746,
        -0.10073968023061752,
        -0.22488106787204742,
        -0.005608993582427502,
        0.999898374080658,
        -0.01310575008392334,
        -0.06759136915206909,
        0.1006736010313034,
        0.01360400766134262,
        0.9948264956474304,
        0.659118115901947
    ],
    [
        0.9947376251220703,
        0.004266112577170134,
        -0.1023658886551857,
        -0.22925814986228943,
        -0.0056433058343827724,
        0.9998973608016968,
        -0.01316780410706997,
        -0.0697246715426445,
        0.10229920595884323,
        0.013676192611455917,
        0.9946596026420593,
        0.678540050983429
    ],
    [
        0.9945850968360901,
        0.004111235495656729,
        -0.1038440465927124,
        -0.23394833505153656,
        -0.005513554438948631,
        0.9998974800109863,
        -0.013220645487308502,
        -0.07180871814489365,
        0.10377904027700424,
        0.013721606694161892,
        0.9945057034492493,
        0.6982057690620422
    ],
    [
        0.9944209456443787,
        0.003926465287804604,
        -0.1054118275642395,
        -0.237911656498909,
        -0.005348523613065481,
        0.9998984336853027,
        -0.013211204670369625,
        -0.07421176880598068,
        0.10534925013780594,
        0.013701294548809528,
        0.9943407773971558,
        0.7175562977790833
    ],
    [
        0.9942465424537659,
        0.0040328833274543285,
        -0.10703960806131363,
        -0.24176499247550964,
        -0.00544898072257638,
        0.9999014735221863,
        -0.012940490618348122,
        -0.07730205357074738,
        0.10697687417268753,
        0.013449295423924923,
        0.9941704869270325,
        0.7367108464241028
    ],
    [
        0.99407958984375,
        0.004183010198175907,
        -0.10857397317886353,
        -0.24509413540363312,
        -0.005595473572611809,
        0.9999035596847534,
        -0.012707826681435108,
        -0.08007010817527771,
        0.1085103452205658,
        0.013240114785730839,
        0.9940071105957031,
        0.7568145394325256
    ],
    [
        0.9939139485359192,
        0.003878592746332288,
        -0.11009140312671661,
        -0.2483358383178711,
        -0.005322040989995003,
        0.9999036192893982,
        -0.012820538133382797,
        -0.0826353207230568,
        0.11003107577562332,
        0.01332842092961073,
        0.9938388466835022,
        0.7785353064537048
    ],
    [
        0.9937460422515869,
        0.003766306908801198,
        -0.1116001158952713,
        -0.25128495693206787,
        -0.005240580998361111,
        0.9999028444290161,
        -0.01291993260383606,
        -0.08516719937324524,
        0.11154060065746307,
        0.0134239811450243,
        0.9936692118644714,
        0.7990017533302307
    ],
    [
        0.9935871958732605,
        0.0037587606348097324,
        -0.11300608515739441,
        -0.2544171214103699,
        -0.0052252765744924545,
        0.9999059438705444,
        -0.012683934532105923,
        -0.08868558704853058,
        0.11294776946306229,
        0.013193082064390182,
        0.9935134053230286,
        0.8194325566291809
    ],
    [
        0.9934413433074951,
        0.003689973149448633,
        -0.11428321152925491,
        -0.25750574469566345,
        -0.005170782096683979,
        0.9999064803123474,
        -0.012663636356592178,
        -0.09155892580747604,
        0.11422578990459442,
        0.013171512633562088,
        0.9933674931526184,
        0.8395881652832031
    ],
    [
        0.9933077096939087,
        0.0036273777950555086,
        -0.11544081568717957,
        -0.26097792387008667,
        -0.005132433492690325,
        0.9999057054519653,
        -0.012742896564304829,
        -0.09421160072088242,
        0.11538369953632355,
        0.013250109739601612,
        0.9932326078414917,
        0.8596943616867065
    ],
    [
        0.993209719657898,
        0.003392757847905159,
        -0.11628858745098114,
        -0.2649640142917633,
        -0.004914238583296537,
        0.999906063079834,
        -0.012799462303519249,
        -0.09693720936775208,
        0.11623422801494598,
        0.013284018263220787,
        0.993133008480072,
        0.8801175951957703
    ],
    [
        0.9931297898292542,
        0.0032972595654428005,
        -0.11697162687778473,
        -0.26906105875968933,
        -0.004807120189070702,
        0.9999086856842041,
        -0.012628153897821903,
        -0.1001996248960495,
        0.11691930890083313,
        0.013103690929710865,
        0.9930550456047058,
        0.9004001021385193
    ],
    [
        0.9930920004844666,
        0.003217519959434867,
        -0.1172942966222763,
        -0.27382344007492065,
        -0.0047148447483778,
        0.9999109506607056,
        -0.012490298599004745,
        -0.1030319556593895,
        0.11724366247653961,
        0.012957041151821613,
        0.9930185675621033,
        0.9207441210746765
    ],
    [
        0.9930709600448608,
        0.003352435538545251,
        -0.11746874451637268,
        -0.27905428409576416,
        -0.0048006800934672356,
        0.9999159574508667,
        -0.012047993950545788,
        -0.1064206063747406,
        0.11741848289966583,
        0.012528441846370697,
        0.9930035471916199,
        0.9405032396316528
    ],
    [
        0.9930729866027832,
        0.0032950853928923607,
        -0.11745268851518631,
        -0.2842889726161957,
        -0.0047107175923883915,
        0.999919593334198,
        -0.01177721656858921,
        -0.10888873785734177,
        0.11740443110466003,
        0.012248923070728779,
        0.9930087327957153,
        0.9603179097175598
    ],
    [
        0.9930952191352844,
        0.0032396723981946707,
        -0.11726615577936172,
        -0.289984792470932,
        -0.004614557139575481,
        0.9999237060546875,
        -0.01145488303154707,
        -0.11144427955150604,
        0.11722010374069214,
        0.011916921474039555,
        0.9930344820022583,
        0.981018602848053
    ],
    [
        0.9931259155273438,
        0.002991278190165758,
        -0.11701299995183945,
        -0.2955794334411621,
        -0.00434507429599762,
        0.9999265670776367,
        -0.011316240765154362,
        -0.11362700164318085,
        0.11697055399417877,
        0.01174688059836626,
        0.9930658340454102,
        1.0010673999786377
    ],
    [
        0.9931678771972656,
        0.0027670152485370636,
        -0.11666182428598404,
        -0.301539808511734,
        -0.004097461700439453,
        0.9999293088912964,
        -0.011166008189320564,
        -0.11594664305448532,
        0.1166226863861084,
        0.011567739769816399,
        0.993108868598938,
        1.0211141109466553
    ],
    [
        0.9932461380958557,
        0.00256607448682189,
        -0.11599807441234589,
        -0.3082040548324585,
        -0.0038723198231309652,
        0.9999315738677979,
        -0.011036965996026993,
        -0.11810631304979324,
        0.11596183478832245,
        0.011411604471504688,
        0.9931881427764893,
        1.0415523052215576
    ],
    [
        0.9933480024337769,
        0.00233618076890707,
        -0.1151273250579834,
        -0.31538525223731995,
        -0.0036251910496503115,
        0.9999330639839172,
        -0.010988296940922737,
        -0.11984197795391083,
        0.11509395390748978,
        0.0113325584679842,
        0.9932900071144104,
        1.0615785121917725
    ],
    [
        0.9934548735618591,
        0.0023197566624730825,
        -0.114202119410038,
        -0.322327584028244,
        -0.0035955850034952164,
        0.9999333620071411,
        -0.010966959409415722,
        -0.12148431688547134,
        0.11416907608509064,
        0.011305803433060646,
        0.9933969974517822,
        1.0817391872406006
    ],
    [
        0.9935802817344666,
        0.00231232400983572,
        -0.1131046935915947,
        -0.3297055959701538,
        -0.003581630066037178,
        0.9999328255653381,
        -0.011020486243069172,
        -0.12297213822603226,
        0.11307162046432495,
        0.01135484129190445,
        0.9935219287872314,
        1.1024800539016724
    ],
    [
        0.9936880469322205,
        0.0022653373889625072,
        -0.11215536296367645,
        -0.33646002411842346,
        -0.003543711267411709,
        0.9999309778213501,
        -0.011200199835002422,
        -0.1242021843791008,
        0.11212223768234253,
        0.01152694784104824,
        0.9936275482177734,
        1.1227701902389526
    ],
    [
        0.9937683343887329,
        0.0021427362225949764,
        -0.111444853246212,
        -0.3427671492099762,
        -0.003410332603380084,
        0.9999316334724426,
        -0.01118482369929552,
        -0.12620364129543304,
        0.11141326278448105,
        0.011495189741253853,
        0.9937076568603516,
        1.1440918445587158
    ],
    [
        0.993891179561615,
        0.0018737736390903592,
        -0.11034908145666122,
        -0.35018813610076904,
        -0.0031211196910589933,
        0.999933123588562,
        -0.011131992563605309,
        -0.12807370722293854,
        0.11032085120677948,
        0.011408399790525436,
        0.9938304424285889,
        1.165656566619873
    ],
    [
        0.9940580725669861,
        0.0013303435407578945,
        -0.10884327441453934,
        -0.3590780794620514,
        -0.002521148882806301,
        0.9999384880065918,
        -0.01080367062240839,
        -0.13075879216194153,
        0.10882221162319183,
        0.011013887822628021,
        0.994000256061554,
        1.1878384351730347
    ],
    [
        0.9941890239715576,
        0.0007391468388959765,
        -0.10764608532190323,
        -0.36694949865341187,
        -0.0018735268386080861,
        0.9999437928199768,
        -0.010437315329909325,
        -0.1338496208190918,
        0.10763230174779892,
        0.010578338988125324,
        0.9941344857215881,
        1.2086403369903564
    ],
    [
        0.9943782687187195,
        0.0006785002187825739,
        -0.10588393360376358,
        -0.3758121728897095,
        -0.00172526971437037,
        0.9999505281448364,
        -0.009794719517230988,
        -0.13665752112865448,
        0.10587204992771149,
        0.009922333061695099,
        0.9943302273750305,
        1.2295539379119873
    ],
    [
        0.9945447444915771,
        0.0007064814562909305,
        -0.10430846363306046,
        -0.3836017847061157,
        -0.0016733900411054492,
        0.999956488609314,
        -0.009182482957839966,
        -0.1398417353630066,
        0.10429743677377701,
        0.009306938387453556,
        0.9945025444030762,
        1.2496857643127441
    ],
    [
        0.994712233543396,
        0.0010825430508702993,
        -0.102695994079113,
        -0.39148253202438354,
        -0.001968980999663472,
        0.9999617338180542,
        -0.008530689403414726,
        -0.1427934765815735,
        0.10268282890319824,
        0.008687789551913738,
        0.9946761727333069,
        1.2691261768341064
    ],
    [
        0.9948508143424988,
        0.0012572783743962646,
        -0.10134249925613403,
        -0.3982934355735779,
        -0.0020812300499528646,
        0.9999657273292542,
        -0.008025041781365871,
        -0.14563734829425812,
        0.10132890939712524,
        0.008194632828235626,
        0.9948193430900574,
        1.2879317998886108
    ],
    [
        0.994954526424408,
        0.001111408811993897,
        -0.10032118111848831,
        -0.4037163555622101,
        -0.0019125334220007062,
        0.999967098236084,
        -0.007889770902693272,
        -0.14786267280578613,
        0.1003091037273407,
        0.00804183166474104,
        0.9949237704277039,
        1.306470274925232
    ],
    [
        0.9950430989265442,
        0.000906523724552244,
        -0.09944149106740952,
        -0.4088590443134308,
        -0.0016771933296695352,
        0.9999692440032959,
        -0.007666662335395813,
        -0.15044689178466797,
        0.09943147748708725,
        0.00779544236138463,
        0.9950138926506042,
        1.324584722518921
    ],
    [
        0.9951232075691223,
        0.0007400372996926308,
        -0.09863653779029846,
        -0.41347599029541016,
        -0.0014677495928481221,
        0.9999722838401794,
        -0.0073053473606705666,
        -0.15335015952587128,
        0.09862840920686722,
        0.007414497435092926,
        0.995096743106842,
        1.3432590961456299
    ],
    [
        0.9952155351638794,
        0.0005169892683625221,
        -0.09770236909389496,
        -0.41835930943489075,
        -0.0012193667935207486,
        0.9999738335609436,
        -0.0071293688379228115,
        -0.15581947565078735,
        0.09769614040851593,
        0.007214393466711044,
        0.9951901435852051,
        1.36232590675354
    ],
    [
        0.9952928423881531,
        0.0006586824310943484,
        -0.09691131114959717,
        -0.4226832389831543,
        -0.0013090920401737094,
        0.9999769926071167,
        -0.006647964473813772,
        -0.1586853563785553,
        0.0969046950340271,
        0.006743534002453089,
        0.995270848274231,
        1.3806113004684448
    ],
    [
        0.9953704476356506,
        0.0007856956799514592,
        -0.09611010551452637,
        -0.42701420187950134,
        -0.0014075146755203605,
        0.9999785423278809,
        -0.00640223128721118,
        -0.1609816998243332,
        0.0961030125617981,
        0.006507867015898228,
        0.9953500628471375,
        1.3985857963562012
    ],
    [
        0.9954293370246887,
        0.0008308601099997759,
        -0.09549835324287415,
        -0.43099522590637207,
        -0.0014285581419244409,
        0.9999799132347107,
        -0.006190519779920578,
        -0.16317978501319885,
        0.09549127519130707,
        0.006298647727817297,
        0.9954104423522949,
        1.4162814617156982
    ],
    [
        0.995485246181488,
        0.0007194096106104553,
        -0.09491368383169174,
        -0.434850811958313,
        -0.0013135694898664951,
        0.9999800324440002,
        -0.006197668612003326,
        -0.1650240421295166,
        0.09490731358528137,
        0.006294363643974066,
        0.9954662322998047,
        1.4339783191680908
    ],
    [
        0.9955493211746216,
        0.0006811847561039031,
        -0.09423962235450745,
        -0.43874701857566833,
        -0.0012664024252444506,
        0.9999802708625793,
        -0.006150228902697563,
        -0.16670167446136475,
        0.09423356503248215,
        0.006242201663553715,
        0.9955304861068726,
        1.4520878791809082
    ],
    [
        0.9956094026565552,
        0.00034746795427054167,
        -0.09360428154468536,
        -0.44255968928337097,
        -0.0009402609430253506,
        0.9999797940254211,
        -0.006288954988121986,
        -0.16817820072174072,
        0.09360019117593765,
        0.006349352654069662,
        0.9955896139144897,
        1.4700959920883179
    ],
    [
        0.9956750869750977,
        0.00013344129547476768,
        -0.09290411323308945,
        -0.4463474452495575,
        -0.0007359018782153726,
        0.9999788999557495,
        -0.006450521294027567,
        -0.16964319348335266,
        0.0929013043642044,
        0.006490990053862333,
        0.995654284954071,
        1.4881858825683594
    ],
    [
        0.9957716464996338,
        -0.00020041604875586927,
        -0.09186317026615143,
        -0.4510766267776489,
        -0.00040442930185236037,
        0.9999783635139465,
        -0.006565531250089407,
        -0.17103725671768188,
        0.09186249226331711,
        0.006574923172593117,
        0.9957499504089355,
        1.5068094730377197
    ],
    [
        0.9958714842796326,
        -0.00044331036042422056,
        -0.09077410399913788,
        -0.4551098048686981,
        -0.00014578331320080906,
        0.9999789595603943,
        -0.0064829252660274506,
        -0.17232273519039154,
        0.09077508002519608,
        0.006469396874308586,
        0.9958503842353821,
        1.5242480039596558
    ],
    [
        0.9960038661956787,
        -0.0006867411429993808,
        -0.0893072858452797,
        -0.4598012864589691,
        0.0001533726172056049,
        0.9999821186065674,
        -0.005979019682854414,
        -0.17500321567058563,
        0.08930980414152145,
        0.0059414273127913475,
        0.9959861636161804,
        1.5431801080703735
    ],
    [
        0.9961163997650146,
        -0.000927454384509474,
        -0.08804188668727875,
        -0.4637907147407532,
        0.0004250830679666251,
        0.999983549118042,
        -0.005724624264985323,
        -0.17695510387420654,
        0.08804574608802795,
        0.005664967931807041,
        0.9961003065109253,
        1.563231348991394
    ],
    [
        0.9962154030799866,
        -0.001201701001264155,
        -0.08691047132015228,
        -0.4672833979129791,
        0.0007249228074215353,
        0.9999845623970032,
        -0.0055172024294734,
        -0.178970068693161,
        0.0869157686829567,
        0.005433320999145508,
        0.9962007999420166,
        1.5833959579467773
    ],
    [
        0.9963201880455017,
        -0.0014556394889950752,
        -0.08569800853729248,
        -0.4707740545272827,
        0.0010003860807046294,
        0.9999851584434509,
        -0.005355012137442827,
        -0.18092747032642365,
        0.08570453524589539,
        0.005249577108770609,
        0.9963067770004272,
        1.602896809577942
    ],
    [
        0.9964233636856079,
        -0.001630046172067523,
        -0.0844867154955864,
        -0.4748077988624573,
        0.0011985335731878877,
        0.999985933303833,
        -0.005157923325896263,
        -0.1832069307565689,
        0.08449395000934601,
        0.00503821624442935,
        0.996411144733429,
        1.624598503112793
    ],
    [
        0.9965078830718994,
        -0.0013090597931295633,
        -0.08348879218101501,
        -0.4783197343349457,
        0.0008898873347789049,
        0.9999868273735046,
        -0.005057721398770809,
        -0.18535801768302917,
        0.08349430561065674,
        0.004965763073414564,
        0.9964958429336548,
        1.646592140197754
    ],
    [
        0.9966022372245789,
        -0.0011602207086980343,
        -0.08235711604356766,
        -0.4812144339084625,
        0.0007820642204023898,
        0.9999890327453613,
        -0.00462378142401576,
        -0.18801875412464142,
        0.08236157894134521,
        0.004543661139905453,
        0.9965922832489014,
        1.6659489870071411
    ],
    [
        0.9966830611228943,
        -0.0013755055842921138,
        -0.08137011528015137,
        -0.4838235676288605,
        0.001027613878250122,
        0.9999901652336121,
        -0.004317160230129957,
        -0.19062146544456482,
        0.08137524127960205,
        0.004219221416860819,
        0.9966745376586914,
        1.6858751773834229
    ],
    [
        0.9967806935310364,
        -0.0014210728695616126,
        -0.08016388863325119,
        -0.486715167760849,
        0.001104827388189733,
        0.9999914765357971,
        -0.003989208489656448,
        -0.19340571761131287,
        0.08016885817050934,
        0.0038877984043210745,
        0.9967737197875977,
        1.705629587173462
    ],
    [
        0.9968684315681458,
        -0.0014507106970995665,
        -0.07906456291675568,
        -0.4890865683555603,
        0.0011625330662354827,
        0.9999925494194031,
        -0.0036907342728227377,
        -0.19612133502960205,
        0.0790693387389183,
        0.003587262239307165,
        0.9968626499176025,
        1.7254825830459595
    ],
    [
        0.9969766139984131,
        -0.0010842757765203714,
        -0.07769469171762466,
        -0.4923173487186432,
        0.0008414480835199356,
        0.9999947547912598,
        -0.003158078994601965,
        -0.1993885189294815,
        0.07769770920276642,
        0.003083153162151575,
        0.9969722032546997,
        1.74480402469635
    ],
    [
        0.9970735907554626,
        -0.0009170762496069074,
        -0.07644237577915192,
        -0.495205283164978,
        0.0007179310778155923,
        0.9999963045120239,
        -0.002632607938721776,
        -0.2023010551929474,
        0.07644450664520264,
        0.0025700225960463285,
        0.9970704913139343,
        1.7638278007507324
    ],
    [
        0.9971736073493958,
        -0.0007787938229739666,
        -0.07512781023979187,
        -0.4982236623764038,
        0.0006229735445231199,
        0.999997615814209,
        -0.002097486052662134,
        -0.20512306690216064,
        0.07512926310300827,
        0.002044757129624486,
        0.9971717000007629,
        1.7832578420639038
    ],
    [
        0.9972643852233887,
        -0.0006600695196539164,
        -0.07391445338726044,
        -0.5008948445320129,
        0.0005547936307266355,
        0.9999988079071045,
        -0.0014448227593675256,
        -0.20858798921108246,
        0.07391532510519028,
        0.0013998651411384344,
        0.997263491153717,
        1.8011267185211182
    ],
    [
        0.9973713159561157,
        -0.0006836955435574055,
        -0.07245749235153198,
        -0.5040470361709595,
        0.0006040461594238877,
        0.9999992847442627,
        -0.001121161854825914,
        -0.21122825145721436,
        0.07245820760726929,
        0.0010744500905275345,
        0.9973707795143127,
        1.820342779159546
    ],
    [
        0.9974841475486755,
        -0.0006590643897652626,
        -0.07088621705770493,
        -0.5075772404670715,
        0.0006106928922235966,
        0.9999995231628418,
        -0.0007040651398710907,
        -0.21404170989990234,
        0.07088665664196014,
        0.0006590040866285563,
        0.9974841475486755,
        1.8398946523666382
    ],
    [
        0.9976017475128174,
        -0.0006373474607244134,
        -0.06921208649873734,
        -0.5111729502677917,
        0.0006132315029390156,
        0.9999997615814209,
        -0.000369676505215466,
        -0.21633782982826233,
        0.06921230256557465,
        0.00032634541275911033,
        0.9976019263267517,
        1.8579142093658447
    ],
    [
        0.9977241158485413,
        -0.0008682971238158643,
        -0.0674237534403801,
        -0.5149518847465515,
        0.0008822365780360997,
        0.9999995827674866,
        0.00017697202565614134,
        -0.21922945976257324,
        0.06742357462644577,
        -0.00023605595924891531,
        0.9977245330810547,
        1.877191424369812
    ],
    [
        0.9978497624397278,
        -0.0011226533679291606,
        -0.06553277373313904,
        -0.5189653635025024,
        0.0011573752854019403,
        0.9999992251396179,
        0.000491892802529037,
        -0.22132320702075958,
        0.06553217768669128,
        -0.0005666784127242863,
        0.9978502988815308,
        1.8957921266555786
    ],
    [
        0.997968316078186,
        -0.001368192257359624,
        -0.06369662284851074,
        -0.5225375294685364,
        0.001419263775460422,
        0.9999987483024597,
        0.0007565436535514891,
        -0.22360645234584808,
        0.0636955127120018,
        -0.0008454053313471377,
        0.9979690909385681,
        1.9158046245574951
    ],
    [
        0.9980933666229248,
        -0.0014807336265221238,
        -0.06170456111431122,
        -0.5266515612602234,
        0.0015375205548480153,
        0.9999984502792358,
        0.0008728249813430011,
        -0.22547464072704315,
        0.06170317530632019,
        -0.0009660318028181791,
        0.9980940222740173,
        1.9354110956192017
    ],
    [
        0.9982268810272217,
        -0.001695443643257022,
        -0.05950029939413071,
        -0.5309551954269409,
        0.0017586725298315287,
        0.9999979138374329,
        0.00101032096426934,
        -0.22746707499027252,
        0.059498462826013565,
        -0.0011131722712889314,
        0.9982278943061829,
        1.954463243484497
    ],
    [
        0.9983610510826111,
        -0.001898169401101768,
        -0.05719780549407005,
        -0.5356048941612244,
        0.0019744315650314093,
        0.9999972581863403,
        0.001276814960874617,
        -0.22978831827640533,
        0.05719522759318352,
        -0.001387654454447329,
        0.9983620047569275,
        1.9746198654174805
    ],
    [
        0.9985053539276123,
        -0.002357345772907138,
        -0.05460339039564133,
        -0.540939450263977,
        0.0024389196187257767,
        0.9999960064888,
        0.0014273353153839707,
        -0.23178371787071228,
        0.054599810391664505,
        -0.0015583737986162305,
        0.9985070824623108,
        1.995761752128601
    ],
    [
        0.9986463785171509,
        -0.0030365667771548033,
        -0.051925692707300186,
        -0.5460482835769653,
        0.003123021684587002,
        0.9999939203262329,
        0.0015839079860597849,
        -0.2337573915719986,
        0.0519205704331398,
        -0.0017439270159229636,
        0.9986497163772583,
        2.0176119804382324
    ],
    [
        0.9987835884094238,
        -0.0032902031671255827,
        -0.049196843057870865,
        -0.5511399507522583,
        0.0033877522218972445,
        0.9999924898147583,
        0.0018995915306732059,
        -0.23547802865505219,
        0.049190226942300797,
        -0.0020639465656131506,
        0.9987873435020447,
        2.0398852825164795
    ],
    [
        0.998917818069458,
        -0.0037323031574487686,
        -0.04636216536164284,
        -0.5566801428794861,
        0.003838472766801715,
        0.9999902248382568,
        0.002201181137934327,
        -0.23757274448871613,
        0.04635349288582802,
        -0.0023767573293298483,
        0.9989221692085266,
        2.062370538711548
    ],
    [
        0.9990566372871399,
        -0.004361371509730816,
        -0.043206837028265,
        -0.5632234811782837,
        0.004475517198443413,
        0.9999867081642151,
        0.0025454540736973286,
        -0.2396504133939743,
        0.04319516569375992,
        -0.0027364257257431746,
        0.9990628361701965,
        2.0854008197784424
    ],
    [
        0.9991920590400696,
        -0.0052418941631913185,
        -0.03984702378511429,
        -0.5696656703948975,
        0.005363889504224062,
        0.9999812245368958,
        0.002955283271148801,
        -0.2414790689945221,
        0.03983079269528389,
        -0.0031666269060224295,
        0.9992012977600098,
        2.1063530445098877
    ],
    [
        0.9993229508399963,
        -0.006033054552972317,
        -0.036294735968112946,
        -0.5762432217597961,
        0.006148431915789843,
        0.9999764561653137,
        0.0030681213829666376,
        -0.24293851852416992,
        0.03627537190914154,
        -0.003289200598374009,
        0.9993364214897156,
        2.1264514923095703
    ],
    [
        0.999456524848938,
        -0.006623044144362211,
        -0.03228944167494774,
        -0.5843141674995422,
        0.006745380815118551,
        0.9999704957008362,
        0.0036812720354646444,
        -0.24584268033504486,
        0.0322640985250473,
        -0.003897079499438405,
        0.9994718432426453,
        2.146923780441284
    ],
    [
        0.9995643496513367,
        -0.006954026874154806,
        -0.028683306649327278,
        -0.5909403562545776,
        0.00707325479015708,
        0.9999667406082153,
        0.004057326819747686,
        -0.24824734032154083,
        0.028654133901000023,
        -0.004258445929735899,
        0.9995803236961365,
        2.168891668319702
    ],
    [
        0.9996587634086609,
        -0.007526042405515909,
        -0.025012675672769547,
        -0.5970593094825745,
        0.007649152539670467,
        0.9999590516090393,
        0.004829872865229845,
        -0.2507683336734772,
        0.024975303560495377,
        -0.005019550211727619,
        0.9996753931045532,
        2.1897971630096436
    ],
    [
        0.9997381567955017,
        -0.008352860808372498,
        -0.02130298502743244,
        -0.6025833487510681,
        0.008470523171126842,
        0.9999492764472961,
        0.0054390826262533665,
        -0.25321003794670105,
        0.021256478503346443,
        -0.005618103314191103,
        0.999758243560791,
        2.2089037895202637
    ],
    [
        0.9998050332069397,
        -0.008917421102523804,
        -0.01761723682284355,
        -0.6078513264656067,
        0.009021002799272537,
        0.999942421913147,
        0.005808840971440077,
        -0.2549199163913727,
        0.017564427107572556,
        -0.005966633092612028,
        0.9998278617858887,
        2.228332042694092
    ],
    [
        0.9998550415039062,
        -0.009615879505872726,
        -0.014050501398742199,
        -0.6121851801872253,
        0.00971113983541727,
        0.999930202960968,
        0.006727521773427725,
        -0.2578885555267334,
        0.01398483756929636,
        -0.006862989626824856,
        0.9998786449432373,
        2.24794602394104
    ],
    [
        0.999893844127655,
        -0.010086096823215485,
        -0.010517964139580727,
        -0.6162662506103516,
        0.010163833387196064,
        0.9999211430549622,
        0.007363696116954088,
        -0.25972312688827515,
        0.010442866012454033,
        -0.007469818461686373,
        0.9999175071716309,
        2.2668559551239014
    ],
    [
        0.9999179244041443,
        -0.01064638327807188,
        -0.007121460046619177,
        -0.6190923452377319,
        0.010706312954425812,
        0.9999071955680847,
        0.00843092706054449,
        -0.26284897327423096,
        0.007031036075204611,
        -0.008506480604410172,
        0.9999390840530396,
        2.2868220806121826
    ],
    [
        0.9999306201934814,
        -0.011236130259931087,
        -0.0035313430707901716,
        -0.6221401691436768,
        0.011268111877143383,
        0.9998944401741028,
        0.009171227924525738,
        -0.265288770198822,
        0.0034279292449355125,
        -0.009210380725562572,
        0.9999516606330872,
        2.3059380054473877
    ],
    [
        0.9999312162399292,
        -0.011725475080311298,
        0.00020225362095516175,
        -0.6256576776504517,
        0.011722964234650135,
        0.9998843669891357,
        0.009688219986855984,
        -0.2676420509815216,
        -0.0003158315666951239,
        -0.009685182943940163,
        0.999953031539917,
        2.3249878883361816
    ],
    [
        0.9999168515205383,
        -0.012301946990191936,
        0.003874083049595356,
        -0.6285562515258789,
        0.012262579053640366,
        0.9998745322227478,
        0.010026807896792889,
        -0.26938170194625854,
        -0.0039969515055418015,
        -0.009978470392525196,
        0.9999421834945679,
        2.343790292739868
    ],
    [
        0.9998878836631775,
        -0.013044213876128197,
        0.007365551311522722,
        -0.630918562412262,
        0.012967064045369625,
        0.9998615384101868,
        0.0104267792776227,
        -0.2711215615272522,
        -0.007500539533793926,
        -0.01033010147511959,
        0.9999184608459473,
        2.362605094909668
    ],
    [
        0.9998453259468079,
        -0.013926991261541843,
        0.010734419338405132,
        -0.6329208016395569,
        0.013811572454869747,
        0.9998467564582825,
        0.010752391070127487,
        -0.27290067076683044,
        -0.010882521979510784,
        -0.010602468624711037,
        0.9998844861984253,
        2.3808557987213135
    ],
    [
        0.9997929334640503,
        -0.014418747276067734,
        0.014357795007526875,
        -0.6347953081130981,
        0.014260423369705677,
        0.9998371005058289,
        0.011068991385400295,
        -0.2746599018573761,
        -0.01451505720615387,
        -0.010861950926482677,
        0.9998356699943542,
        2.400550365447998
    ],
    [
        0.9997260570526123,
        -0.014797115698456764,
        0.018136849626898766,
        -0.636909008026123,
        0.01459646038711071,
        0.9998313784599304,
        0.011146271601319313,
        -0.27564936876296997,
        -0.018298719078302383,
        -0.010878480970859528,
        0.9997732639312744,
        2.4196410179138184
    ],
    [
        0.9996417164802551,
        -0.015051432885229588,
        0.02213788591325283,
        -0.6391820311546326,
        0.014802618883550167,
        0.9998258948326111,
        0.0113605335354805,
        -0.27694031596183777,
        -0.022305021062493324,
        -0.011028761975467205,
        0.9996904134750366,
        2.4390368461608887
    ],
    [
        0.9995392560958862,
        -0.015444761142134666,
        0.026126803830266,
        -0.6406288146972656,
        0.015144210308790207,
        0.9998173713684082,
        0.011662623845040798,
        -0.2784578204154968,
        -0.0263021532446146,
        -0.01126157958060503,
        0.9995905756950378,
        2.458876848220825
    ],
    [
        0.9994214177131653,
        -0.015892701223492622,
        0.030067525804042816,
        -0.6415913701057434,
        0.015543606132268906,
        0.9998094439506531,
        0.01180875301361084,
        -0.27962997555732727,
        -0.030249467119574547,
        -0.011334561742842197,
        0.9994781017303467,
        2.47831130027771
    ],
    [
        0.9992756843566895,
        -0.016636140644550323,
        0.034223705530166626,
        -0.6428757309913635,
        0.0162339024245739,
        0.9997962117195129,
        0.0119976457208395,
        -0.280750572681427,
        -0.03441633656620979,
        -0.011433374136686325,
        0.999342143535614,
        2.4982619285583496
    ],
    [
        0.9991025924682617,
        -0.017791250720620155,
        0.03843679279088974,
        -0.644212543964386,
        0.017324870452284813,
        0.9997726678848267,
        0.01243295893073082,
        -0.28218555450439453,
        -0.03864924609661102,
        -0.011755887418985367,
        0.999183714389801,
        2.517850875854492
    ],
    [
        0.9988982677459717,
        -0.01912153884768486,
        0.042855117470026016,
        -0.6457207798957825,
        0.018590856343507767,
        0.9997458457946777,
        0.01274776365607977,
        -0.28353002667427063,
        -0.04308798164129257,
        -0.011937003582715988,
