[
    [
        0.944366455078125,
        0.047011103481054306,
        -0.3255179524421692,
        -0.604042112827301,
        -0.05284588783979416,
        0.9985612630844116,
        -0.009100637398660183,
        -0.03513045981526375,
        0.32462170720100403,
        0.025796620175242424,
        0.9454920887947083,
        0.39817407727241516
    ],
    [
        0.9440498352050781,
        0.047608599066734314,
        -0.3263484835624695,
        -0.6230739951133728,
        -0.053397782146930695,
        0.9985345602035522,
        -0.008798366412520409,
        -0.033359281718730927,
        0.3254513442516327,
        0.025732381269335747,
        0.9452086091041565,
        0.42080050706863403
    ],
    [
        0.9436126947402954,
        0.047712162137031555,
        -0.3275952935218811,
        -0.6438372135162354,
        -0.05358624830842018,
        0.9985233545303345,
        -0.008922453038394451,
        -0.03235391154885292,
        0.3266858756542206,
        0.02597394399344921,
        0.9447759389877319,
        0.4449126422405243
    ],
    [
        0.9430574774742126,
        0.04827581346035004,
        -0.3291080594062805,
        -0.6653639674186707,
        -0.05408095568418503,
        0.998500406742096,
        -0.008501856587827206,
        -0.03422620892524719,
        0.32820406556129456,
        0.025816218927502632,
        0.9442539811134338,
        0.4704240560531616
    ],
    [
        0.9426300525665283,
        0.04931465908885002,
        -0.3301764726638794,
        -0.7005411982536316,
        -0.054953381419181824,
        0.9984588027000427,
        -0.0077596683986485004,
        -0.0320938378572464,
        0.3292849361896515,
        0.025458810850977898,
        0.9438872337341309,
        0.5099785327911377
    ],
    [
        0.9422832727432251,
        0.04919859766960144,
        -0.33118218183517456,
        -0.7271571755409241,
        -0.05497734993696213,
        0.998454749584198,
        -0.008097251877188683,
        -0.029301680624485016,
        0.33027201890945435,
        0.025837423279881477,
        0.9435321092605591,
        0.5450953841209412
    ],
    [
        0.9418478608131409,
        0.04979238659143448,
        -0.33233004808425903,
        -0.755984365940094,
        -0.055423032492399216,
        0.9984349608421326,
        -0.007479317020624876,
        -0.0234021358191967,
        0.33143752813339233,
        0.02546311728656292,
        0.943133533000946,
        0.5792371034622192
    ],
    [
        0.9413955807685852,
        0.05062146857380867,
        -0.3334842920303345,
        -0.7995449900627136,
        -0.05594449117779732,
        0.998413622379303,
        -0.006371343974024057,
        -0.01489293947815895,
        0.3326326608657837,
        0.024654563516378403,
        0.9427341818809509,
        0.6250680088996887
    ],
    [
        0.9408538937568665,
        0.05090290307998657,
        -0.3349669277667999,
        -0.8342257142066956,
        -0.05617089942097664,
        0.9984028339385986,
        -0.006051348056644201,
        -0.010342932306230068,
        0.3341239094734192,
        0.024508830159902573,
        0.9422105550765991,
        0.6607939004898071
    ],
    [
        0.9408416152000427,
        0.05167524516582489,
        -0.3348831236362457,
        -0.8694954514503479,
        -0.0566910021007061,
        0.9983780980110168,
        -0.005213214084506035,
        -0.003334036562591791,
        0.3340705931186676,
        0.02388966642320156,
        0.9422452449798584,
        0.6980089545249939
    ],
    [
        0.9406977891921997,
        0.05125829577445984,
        -0.335350900888443,
        -0.8978939652442932,
        -0.05608402565121651,
        0.9984148740768433,
        -0.004714682698249817,
        0.0031871439423412085,
        0.33457767963409424,
        0.023242920637130737,
        0.9420815706253052,
        0.733635425567627
    ],
    [
        0.9415448307991028,
        0.051198165863752365,
        -0.332974374294281,
        -0.9369155764579773,
        -0.05580678582191467,
        0.9984323978424072,
        -0.0042846850119531155,
        0.011090590618550777,
        0.3322330713272095,
        0.02261645533144474,
        0.9429261088371277,
        0.7804971933364868
    ],
    [
        0.9424340128898621,
        0.051049694418907166,
        -0.33047235012054443,
        -0.9641739130020142,
        -0.05553077906370163,
        0.9984485507011414,
        -0.004126247484236956,
        0.018483923748135567,
        0.3297489583492279,
        0.022240104153752327,
        0.9438067078590393,
        0.8165357112884521
    ],
    [
        0.9438754320144653,
        0.052129052579402924,
        -0.32616230845451355,
        -0.9916805028915405,
        -0.05596169829368591,
        0.9984301328659058,
        -0.002371974289417267,
        0.027015624567866325,
        0.3255265951156616,
        0.02049144171178341,
        0.9453108310699463,
        0.8525243997573853
    ],
    [
        0.945650577545166,
        0.05113011598587036,
        -0.3211395740509033,
        -1.0242074728012085,
        -0.0550682507455349,
        0.9984775185585022,
        -0.0031857136636972427,
        0.04582991823554039,
        0.32048773765563965,
        0.02069716341793537,
        0.9470264911651611,
        0.9071923494338989
    ],
    [
        0.9481623768806458,
        0.05299472063779831,
        -0.3133360743522644,
        -1.0557595491409302,
        -0.05643467605113983,
        0.9984045028686523,
        -0.0019119286444038153,
        0.06417015194892883,
        0.31273481249809265,
        0.01949584111571312,
        0.9496404528617859,
        0.9559026956558228
    ],
    [
        0.9512898325920105,
        0.0533955842256546,
        -0.30363887548446655,
        -1.0938031673431396,
        -0.0567561499774456,
        0.998385488986969,
        -0.0022466552909463644,
        0.08200047165155411,
        0.30302873253822327,
        0.01937059499323368,
        0.9527844786643982,
        1.0060746669769287
    ],
    [
        0.9543940424919128,
        0.05328753963112831,
        -0.29375573992729187,
        -1.1295948028564453,
        -0.05626506358385086,
        0.9984144568443298,
        -0.0016884688520804048,
        0.09457291662693024,
        0.29319998621940613,
        0.01813965104520321,
        0.9558789134025574,
        1.0523453950881958
    ],
    [
        0.9595863223075867,
        0.053352270275354385,
        -0.27631062269210815,
        -1.1788359880447388,
        -0.05625978857278824,
        0.9984127879142761,
        -0.0026004568208009005,
        0.10726596415042877,
        0.2757333517074585,
        0.01804053783416748,
        0.9610647559165955,
        1.1158546209335327
    ],
    [
        0.9643377065658569,
        0.05382925644516945,
        -0.259143203496933,
        -1.2141382694244385,
        -0.0563761368393898,
        0.9984066486358643,
        -0.002400762401521206,
        0.11609182506799698,
        0.2586011290550232,
        0.01692463830113411,
        0.9658358097076416,
        1.1646963357925415
    ],
    [
        0.9693854451179504,
        0.05302412807941437,
        -0.2397502064704895,
        -1.246313452720642,
        -0.055538929998874664,
        0.9984495639801025,
        -0.0037402184680104256,
        0.12098996341228485,
        0.23918017745018005,
        0.01694118045270443,
        0.9708274006843567,
        1.206990361213684
    ],
    [
        0.9767153263092041,
        0.05257474258542061,
        -0.2079978585243225,
        -1.2893518209457397,
        -0.055054306983947754,
        0.9984644651412964,
        -0.006146067287772894,
        0.12798713147640228,
        0.20735515654087067,
        0.017454130575060844,
        0.9781100153923035,
        1.2638558149337769
    ],
    [
        0.9815136790275574,
        0.05238339677453041,
        -0.18408390879631042,
        -1.3152012825012207,
        -0.05457516759634018,
        0.9984861612319946,
        -0.006856555584818125,
        0.1344662308692932,
        0.18344594538211823,
        0.01677621714770794,
        0.9828867316246033,
        1.3022682666778564
    ],
    [
        0.9857035279273987,
        0.05135306715965271,
        -0.16047237813472748,
        -1.3364906311035156,
        -0.05364450067281723,
        0.9985103011131287,
        -0.009976962581276894,
        0.13960622251033783,
        0.15972085297107697,
        0.01844278909265995,
        0.9869899153709412,
        1.3378198146820068
    ],
    [
        0.9904167652130127,
        0.05083148926496506,
        -0.12841610610485077,
        -1.3592276573181152,
        -0.052926961332559586,
        0.9985143542289734,
        -0.012956137768924236,
        0.1420678049325943,
        0.12756678462028503,
        0.019628651440143585,
        0.9916357398033142,
        1.3799644708633423
    ]
]