[
    [
        0.9893593192100525,
        -0.011014804244041443,
        0.14507587254047394,
        0.03866301104426384,
        0.010476854629814625,
        0.9999351501464844,
        0.0044715674594044685,
        -0.015422021970152855,
        -0.14511573314666748,
        -0.002904048655182123,
        0.9894104599952698,
        0.025480050593614578
    ],
    [
        0.9778102040290833,
        -0.01652815006673336,
        0.20884019136428833,
        0.07709591835737228,
        0.015855561941862106,
        0.9998623132705688,
        0.004894384648650885,
        -0.014571919105947018,
        -0.20889230072498322,
        -0.0014745004009455442,
        0.977937638759613,
        0.006491335574537516
    ],
    [
        0.9595417380332947,
        -0.025794178247451782,
        0.28038251399993896,
        0.11907541006803513,
        0.02496865950524807,
        0.9996669888496399,
        0.006516517139971256,
        -0.013599852100014687,
        -0.2804572284221649,
        0.0007479057530872524,
        0.9598662257194519,
        -0.00927998311817646
    ],
    [
        0.9383006691932678,
        -0.03285704553127289,
        0.34425607323646545,
        0.1557588130235672,
        0.03188240900635719,
        0.9994555115699768,
        0.00849330797791481,
        -0.010150632821023464,
        -0.34434774518013,
        0.0030064359307289124,
        0.9388372898101807,
        -0.018026385456323624
    ],
    [
        0.911607563495636,
        -0.036881934851408005,
        0.4094037413597107,
        0.19272029399871826,
        0.03515533357858658,
        0.9993128180503845,
        0.011745678260922432,
        -0.010679135099053383,
        -0.4095556139945984,
        0.0036852764897048473,
        0.9122776985168457,
        -0.026183437556028366
    ],
    [
        0.8824100494384766,
        -0.036866143345832825,
        0.4690345823764801,
        0.22381137311458588,
        0.03498516604304314,
        0.9993067979812622,
        0.012726833112537861,
        -0.011493241414427757,
        -0.46917858719825745,
        0.0051789665594697,
        0.8830881714820862,
        -0.03737321496009827
    ],
    [
        0.8491528630256653,
        -0.03884565457701683,
        0.5267166495323181,
        0.25565648078918457,
        0.036937594413757324,
        0.9992174506187439,
        0.014143448323011398,
        -0.01185082457959652,
        -0.5268538594245911,
        0.007445698603987694,
        0.8499232530593872,
        -0.05230090394616127
    ],
    [
        0.813401997089386,
        -0.037131138145923615,
        0.5805156826972961,
        0.29079869389533997,
        0.03911399096250534,
        0.9991932511329651,
        0.009105321951210499,
        -0.013554288074374199,
        -0.5803853869438171,
        0.015299997292459011,
        0.8141981959342957,
        -0.0723171979188919
    ],
    [
        0.781507134437561,
        -0.03863368555903435,
        0.622698962688446,
        0.3274531066417694,
        0.04418012127280235,
        0.9990022778511047,
        0.006532937753945589,
        -0.01327747292816639,
        -0.6223300099372864,
        0.02240537665784359,
        0.7824342250823975,
        -0.08554118126630783
    ],
    [
        0.7479506731033325,
        -0.04088012874126434,
        0.6624940633773804,
        0.3863915205001831,
        0.049348581582307816,
        0.998764157295227,
        0.005915975663810968,
        -0.013859830796718597,
        -0.6619172096252441,
        0.02826828509569168,
        0.7490437626838684,
        -0.07834044098854065
    ],
    [
        0.7192487120628357,
        -0.04051997885107994,
        0.693570077419281,
        0.4548294246196747,
        0.05062967538833618,
        0.9987003803253174,
        0.005842224229127169,
        -0.018570419400930405,
        -0.6929054260253906,
        0.0309132169932127,
        0.7203654646873474,
        -0.05904199555516243
    ],
    [
        0.6942411065101624,
        -0.04249052330851555,
        0.7184872627258301,
        0.5271511077880859,
        0.05266949534416199,
        0.998578667640686,
        0.008162710815668106,
        -0.009072167798876762,
        -0.717812716960907,
        0.032175466418266296,
        0.6954923272132874,
        -0.019021814689040184
    ],
    [
        0.6752817630767822,
        -0.04803977534174919,
        0.7359936833381653,
        0.6309667825698853,
        0.05336407572031021,
        0.9984436631202698,
        0.01620832271873951,
        -0.00665969168767333,
        -0.7356268167495728,
        0.02833043970167637,
        0.6767942905426025,
        0.06450584530830383
    ],
    [
        0.661018967628479,
        -0.04889150708913803,
        0.7487746477127075,
        0.7355265617370605,
        0.05173215642571449,
        0.9984700679779053,
        0.01952626183629036,
        -0.0056467424146831036,
        -0.7485838532447815,
        0.025828493759036064,
        0.6625369191169739,
        0.14726968109607697
    ],
    [
        0.6453667283058167,
        -0.0424666553735733,
        0.7626915574073792,
        0.8637173771858215,
        0.043543603271245956,
        0.9988751411437988,
        0.018772058188915253,
        -0.005026656202971935,
        -0.762630820274353,
        0.021095475181937218,
        0.6464899182319641,
        0.2238808274269104
    ],
    [
        0.6386770606040955,
        -0.044725216925144196,
        0.7681739926338196,
        0.9976470470428467,
        0.047300394624471664,
        0.9987034201622009,
        0.01882067322731018,
        -0.0055975834839046,
        -0.7680197358131409,
        0.024314602836966515,
        0.6399644017219543,
        0.29001498222351074
    ],
    [
        0.6370813846588135,
        -0.04616057500243187,
        0.7694130539894104,
        1.1463782787322998,
        0.052276529371738434,
        0.9984943270683289,
        0.016618726775050163,
        -0.0019938501063734293,
        -0.76902174949646,
        0.029634762555360794,
        0.6385352611541748,
        0.3635067045688629
    ],
    [
        0.6342148780822754,
        -0.0475606806576252,
        0.7716926336288452,
        1.2981313467025757,
        0.05534166842699051,
        0.9983385801315308,
        0.016046740114688873,
        -0.0015616677701473236,
        -0.7711736559867859,
        0.03252968564629555,
        0.6357932686805725,
        0.4586930274963379
    ],
    [
        0.6316272020339966,
        -0.048751022666692734,
        0.7737379670143127,
        1.4514007568359375,
        0.06055595725774765,
        0.9980741739273071,
        0.013452019542455673,
        -0.004928013309836388,
        -0.7729036211967468,
        0.03835777938365936,
        0.6333629488945007,
        0.5430339574813843
    ],
    [
        0.6253869533538818,
        -0.04732195660471916,
        0.7788785099983215,
        1.6180665493011475,
        0.06237544119358063,
        0.9979970455169678,
        0.010551557876169682,
        -0.01091625727713108,
        -0.7778177261352539,
        0.04198409244418144,
        0.6270860433578491,
        0.6167529821395874
    ],
    [
        0.6211133599281311,
        -0.04825485870242119,
        0.7822337746620178,
        1.7633750438690186,
        0.0644531175494194,
        0.9978668093681335,
        0.01037953794002533,
        -0.013365473598241806,
        -0.7810658812522888,
        0.04397053271532059,
        0.6228986382484436,
        0.676786482334137
    ],
    [
        0.6171371340751648,
        -0.044462256133556366,
        0.7855985164642334,
        1.927842140197754,
        0.05994899198412895,
        0.9981572031974792,
        0.009398655034601688,
        -0.01518268883228302,
        -0.7845686674118042,
        0.041295576840639114,
        0.6186653971672058,
        0.7655203938484192
    ],
    [
        0.6175922155380249,
        -0.05231903865933418,
        0.7847564816474915,
        2.0700435638427734,
        0.06362087279558182,
        0.9978384971618652,
        0.016456302255392075,
        -0.012321840971708298,
        -0.7839210629463196,
        0.03976360335946083,
        0.6195858716964722,
        0.8357816934585571
    ],
    [
        0.6164180040359497,
        -0.058521516621112823,
        0.785241425037384,
        2.241328239440918,
        0.06557315587997437,
        0.9975855350494385,
        0.022871633991599083,
        -0.014605581760406494,
        -0.7846839427947998,
        0.0373922660946846,
        0.6187670826911926,
        0.896172821521759
    ],
    [
        0.6159860491752625,
        -0.053617801517248154,
        0.7859302163124084,
        2.409471035003662,
        0.059911761432886124,
        0.9979801177978516,
        0.021127432584762573,
        -0.02112184651196003,
        -0.785475492477417,
        0.034072257578372955,
        0.6179541349411011,
        0.9323331713676453
    ]
]