[
    [
        0.9999783635139465,
        -0.006563629023730755,
        0.0006449062493629754,
        -0.19332946836948395,
        0.006564283277839422,
        0.9999780058860779,
        -0.0010186347644776106,
        0.0006423380109481514,
        -0.0006382059073075652,
        0.0010228463215753436,
        0.9999992847442627,
        0.45972856879234314
    ],
    [
        0.9999754428863525,
        -0.006783046759665012,
        0.0017789496341720223,
        -0.2902209460735321,
        0.006782792042940855,
        0.9999769926071167,
        0.00014897189976181835,
        0.005752012599259615,
        -0.0017799197230488062,
        -0.0001369020901620388,
        0.9999984502792358,
        0.7032989859580994
    ],
    [
        0.9999156594276428,
        -0.007756974548101425,
        0.010417074896395206,
        -0.38262858986854553,
        0.007760778535157442,
        0.9999698400497437,
        -0.0003248908033128828,
        -0.004409088287502527,
        -0.010414239019155502,
        0.00040570818237029016,
        0.9999456405639648,
        0.9395920038223267
    ],
    [
        0.9997012615203857,
        -0.009698480367660522,
        0.022434834390878677,
        -0.40069547295570374,
        0.009717650711536407,
        0.9999525547027588,
        -0.0007455979357473552,
        -0.004259264096617699,
        -0.022426526993513107,
        0.0009633890585973859,
        0.9997480511665344,
        1.1249715089797974
    ],
    [
        0.9993839859962463,
        -0.011984046548604965,
        0.03298359364271164,
        -0.3689872920513153,
        0.011991215869784355,
        0.9999281167984009,
        -1.9543635062291287e-05,
        -0.006085918750613928,
        -0.03298098221421242,
        0.0004150453023612499,
        0.9994558691978455,
        1.368798851966858
    ],
    [
        0.9991578459739685,
        -0.013470289297401905,
        0.03875722736120224,
        -0.31544265151023865,
        0.013457750901579857,
        0.9999092221260071,
        0.0005844098632223904,
        -0.026530854403972626,
        -0.03876158595085144,
        -6.233366730157286e-05,
        0.9992485046386719,
        1.6078017950057983
    ],
    [
        0.9990406036376953,
        -0.013481488451361656,
        0.04166688397526741,
        -0.2725389003753662,
        0.013455956242978573,
        0.9999091029167175,
        0.0008932077325880527,
        -0.046922147274017334,
        -0.0416751354932785,
        -0.0003316825022920966,
        0.9991312623023987,
        1.8430657386779785
    ],
    [
        0.998918890953064,
        -0.013768802396953106,
        0.04440184682607651,
        -0.22186893224716187,
        0.013723505660891533,
        0.999904990196228,
        0.0013248766772449017,
        -0.05016496032476425,
        -0.04441586881875992,
        -0.000714095716830343,
        0.9990128874778748,
        2.116755247116089
    ],
    [
        0.9988350868225098,
        -0.014171084389090538,
        0.04612424224615097,
        -0.15191693603992462,
        0.014085697941482067,
        0.9998984336853027,
        0.0021757697686553,
        -0.057318031787872314,
        -0.046150386333465576,
        -0.001523542683571577,
        0.9989333748817444,
        2.399730682373047
    ],
    [
        0.9988327026367188,
        -0.014783162623643875,
        0.04598645493388176,
        -0.07068874686956406,
        0.014699653722345829,
        0.9998896718025208,
        0.0021536191925406456,
        -0.07766985893249512,
        -0.04601321369409561,
        -0.0014751199632883072,
        0.9989396929740906,
        2.6748085021972656
    ],
    [
        0.9989074468612671,
        -0.015148387290537357,
        0.044209059327840805,
        0.03319363668560982,
        0.015116897411644459,
        0.9998851418495178,
        0.0010465520899742842,
        -0.07889402657747269,
        -0.04421983286738396,
        -0.00037710476317442954,
        0.9990217685699463,
        2.902979850769043
    ],
    [
        0.9998140335083008,
        -0.012978975661098957,
        0.0142664248123765,
        0.2174532413482666,
        0.01296546682715416,
        0.9999154210090637,
        0.0010389038361608982,
        -0.0798090472817421,
        -0.01427870336920023,
        -0.0008537388639524579,
        0.9998976588249207,
        3.1612296104431152
    ],
    [
        0.9982115626335144,
        -0.00620586471632123,
        -0.05945570021867752,
        0.32236358523368835,
        0.0061763571575284,
        0.9999806880950928,
        -0.0006800674018450081,
        -0.07959547638893127,
        0.05945876985788345,
        0.00031163220410235226,
        0.9982307553291321,
        3.377060890197754
    ],
    [
        0.9913880825042725,
        0.00242397072724998,
        -0.1309339553117752,
        0.31856244802474976,
        -0.0025463378988206387,
        0.9999964237213135,
        -0.0007671567145735025,
        -0.06824447959661484,
        0.13093164563179016,
        0.0010939515195786953,
        0.9913908839225769,
        3.583780288696289
    ],
    [
        0.9704840183258057,
        0.013636002317070961,
        -0.24077963829040527,
        0.2510092854499817,
        -0.013895181007683277,
        0.9999033212661743,
        0.0006214276072569191,
        -0.07198430597782135,
        0.24076445400714874,
        0.002742587821558118,
        0.9705796241760254,
        3.7949912548065186
    ],
    [
        0.9309788942337036,
        0.024233080446720123,
        -0.3642679750919342,
        0.1519068032503128,
        -0.025436969473958015,
        0.9996752738952637,
        0.001493214862421155,
        -0.07344644516706467,
        0.36418575048446655,
        0.007875720039010048,
        0.9312930703163147,
        3.899052143096924
    ],
    [
        0.8723728656768799,
        0.03466310724616051,
        -0.4876105487346649,
        0.0407131165266037,
        -0.036858800798654556,
        0.9993075132369995,
        0.005095224827528,
        -0.06981702148914337,
        0.4874494969844818,
        0.013527803122997284,
        0.873046338558197,
        3.950241804122925
    ],
    [
        0.7919069528579712,
        0.0456274151802063,
        -0.6089346408843994,
        -0.08344623446464539,
        -0.0482872799038887,
        0.9987608790397644,
        0.012040449306368828,
        -0.0900324285030365,
        0.6087295413017273,
        0.019868889823555946,
        0.7931289672851562,
        4.015773773193359
    ],
    [
        0.6648765802383423,
        0.05598175898194313,
        -0.7448523044586182,
        -0.21233539283275604,
        -0.058892879635095596,
        0.9980120658874512,
        0.02243931218981743,
        -0.11575718224048615,
        0.7446279525756836,
        0.028947127982974052,
        0.666851818561554,
        4.1250176429748535
    ],
    [
        0.521991491317749,
        0.06336020678281784,
        -0.8505941033363342,
        -0.32893434166908264,
        -0.06829675287008286,
        0.9971399307250977,
        0.032364048063755035,
        -0.1620495468378067,
        0.850212037563324,
        0.04119905084371567,
        0.524825930595398,
        4.215610027313232
    ],
    [
        0.3981817662715912,
        0.06792720407247543,
        -0.914788007736206,
        -0.4600675106048584,
        -0.07398062944412231,
        0.9963839650154114,
        0.041784368455410004,
        -0.21736258268356323,
        0.9143183827400208,
        0.051038824021816254,
        0.40176713466644287,
        4.248551845550537
    ],
    [
        0.274461954832077,
        0.07212337851524353,
        -0.9588894248008728,
        -0.6633233428001404,
        -0.0809558853507042,
        0.9953761100769043,
        0.051695823669433594,
        -0.28249382972717285,
        0.9581841826438904,
        0.06343919783830643,
        0.2790316641330719,
        4.279238700866699
    ],
    [
        0.1568322330713272,
        0.07262828201055527,
        -0.9849511981010437,
        -0.8183969259262085,
        -0.08634461462497711,
        0.9944820404052734,
        0.059582557529211044,
        -0.34813687205314636,
        0.9838436245918274,
        0.0757007747888565,
        0.16223788261413574,
        4.293339729309082
    ],
    [
        0.041975222527980804,
        0.07169344276189804,
        -0.9965431094169617,
        -0.9234861135482788,
        -0.09103638678789139,
        0.9935476183891296,
        0.0676434114575386,
        -0.4161910116672516,
        0.9949626326560974,
        0.08788233250379562,
        0.048231128603219986,
        4.2661452293396
    ],
    [
        -0.06999462842941284,
        0.06945592164993286,
        -0.995126485824585,
        -1.026931881904602,
        -0.09593258053064346,
        0.9924808144569397,
        0.07601891458034515,
        -0.4626646637916565,
        0.9929237961769104,
        0.10078596323728561,
        -0.06280525028705597,
        4.253170967102051
    ]
]