[
    [
        0.9999740123748779,
        0.007073298562318087,
        -0.00137965043541044,
        -0.17680898308753967,
        -0.007074751425534487,
        0.9999744296073914,
        -0.001050157705321908,
        0.0040344614535570145,
        0.0013721866998821497,
        0.0010598916560411453,
        0.9999985694885254,
        0.02315571904182434
    ],
    [
        0.9999719262123108,
        0.007406584452837706,
        -0.001100633991882205,
        -0.18720495700836182,
        -0.007407785393297672,
        0.9999719858169556,
        -0.0010916213504970074,
        0.0038010997232049704,
        0.0010925179813057184,
        0.0010997448116540909,
        0.9999988079071045,
        0.024706892669200897
    ],
    [
        0.9999683499336243,
        0.00786716490983963,
        -0.0012024723691865802,
        -0.19698046147823334,
        -0.007868397980928421,
        0.9999685287475586,
        -0.0010247008176520467,
        0.004207837861031294,
        0.0011943727731704712,
        0.001034129993058741,
        0.9999986886978149,
        0.026701197028160095
    ],
    [
        0.9999684691429138,
        0.007869157008826733,
        -0.0010347490897402167,
        -0.2064381092786789,
        -0.007869990542531013,
        0.9999687075614929,
        -0.0008034778293222189,
        0.003979208413511515,
        0.0010283939773216844,
        0.000811596168205142,
        0.9999991655349731,
        0.02807592786848545
    ],
    [
        0.9999675750732422,
        0.007968267425894737,
        -0.0011636189883574843,
        -0.2154880166053772,
        -0.007969505153596401,
        0.999967634677887,
        -0.0010622688569128513,
        0.003777561243623495,
        0.0011551168281584978,
        0.0010715079260990024,
        0.9999986886978149,
        0.029784070327878
    ],
    [
        0.9999640583992004,
        0.008403316140174866,
        -0.0012175958836451173,
        -0.22491630911827087,
        -0.008404909633100033,
        0.9999638199806213,
        -0.0013101722579449415,
        0.004068771377205849,
        0.0012065422488376498,
        0.001320359413512051,
        0.9999983310699463,
        0.031176751479506493
    ],
    [
        0.99996018409729,
        0.008869622834026814,
        -0.001049273880198598,
        -0.23389257490634918,
        -0.008870621211826801,
        0.9999602437019348,
        -0.0009506851201876998,
        0.004039525520056486,
        0.0010408000089228153,
        0.0009599547483958304,
        0.999998927116394,
        0.032953839749097824
    ],
    [
        0.9999579787254333,
        0.009116879664361477,
        -0.0009066553902812302,
        -0.24316252768039703,
        -0.009117387235164642,
        0.999958336353302,
        -0.0005563950398936868,
        0.004081243649125099,
        0.0009015455725602806,
        0.0005646379431709647,
        0.9999994039535522,
        0.034564144909381866
    ],
    [
        0.9999545812606812,
        0.00949765369296074,
        -0.0007993184262886643,
        -0.25261351466178894,
        -0.009498008526861668,
        0.9999547600746155,
        -0.00044162108679302037,
        0.004091200884431601,
        0.0007950884755700827,
        0.0004491928266361356,
        0.9999995231628418,
        0.036088936030864716
    ],
    [
        0.9999518394470215,
        0.009789916686713696,
        -0.0007983974064700305,
        -0.26213398575782776,
        -0.009790073148906231,
        0.9999520182609558,
        -0.0001916249020723626,
        0.004223703406751156,
        0.0007964828400872648,
        0.00019943213555961847,
        0.9999997615814209,
        0.037692077457904816
    ],
    [
        0.9999507665634155,
        0.009903957135975361,
        -0.0006797473761253059,
        -0.2718820571899414,
        -0.009903771802783012,
        0.9999509453773499,
        0.00027524965116754174,
        0.004165587481111288,
        0.0006824397714808583,
        -0.00026850440190173686,
        0.9999997615814209,
        0.03938864544034004
    ],
    [
        0.9999501705169678,
        0.009959541261196136,
        -0.0007156789652071893,
        -0.28180959820747375,
        -0.009959273971617222,
        0.9999502897262573,
        0.0003762793494388461,
        0.00438836170360446,
        0.0007193910423666239,
        -0.00036913255462422967,
        0.9999996423721313,
        0.04108696058392525
    ],
    [
        0.999944806098938,
        0.01047888770699501,
        -0.0007765178452245891,
        -0.29507583379745483,
        -0.0104787303134799,
        0.9999449849128723,
        0.00020839540229644626,
        0.004533005878329277,
        0.0007786590722389519,
        -0.00020024654804728925,
        0.9999996423721313,
        0.043302983045578
    ],
    [
        0.9999397397041321,
        0.010976164601743221,
        -0.000505449075717479,
        -0.3048560321331024,
        -0.010975661687552929,
        0.9999393224716187,
        0.0009868312627077103,
        0.004377784673124552,
        0.0005162500310689211,
        -0.0009812238859012723,
        0.9999994039535522,
        0.04513772949576378
    ],
    [
        0.9999328255653381,
        0.011578023433685303,
        -0.0005488703609444201,
        -0.31482988595962524,
        -0.01157744973897934,
        0.9999324083328247,
        0.0010377223370596766,
        0.004571937955915928,
        0.0005608477513305843,
        -0.0010312988888472319,
        0.9999994039535522,
        0.046833429485559464
    ],
    [
        0.9999272227287292,
        0.012054028920829296,
        -0.0006845372845418751,
        -0.32424643635749817,
        -0.01205290388315916,
        0.9999260902404785,
        0.001624960103072226,
        0.004626758396625519,
        0.0007040746859274805,
        -0.0016165908891707659,
        0.9999984502792358,
        0.0486137717962265
    ],
    [
        0.9999232888221741,
        0.012385466136038303,
        -0.0005165444454178214,
        -0.33347412943840027,
        -0.012384534813463688,
        0.9999217987060547,
        0.0017710333922877908,
        0.004848277196288109,
        0.000538438674993813,
        -0.0017645000480115414,
        0.9999983310699463,
        0.05026189982891083
    ],
    [
        0.9999176263809204,
        0.01282296422868967,
        -0.0006081368192099035,
        -0.3424086570739746,
        -0.012821775861084461,
        0.9999159574508667,
        0.0019201698014512658,
        0.004902608692646027,
        0.0006327081355266273,
        -0.001912213396281004,
        0.9999979734420776,
        0.05183582752943039
    ],
    [
        0.9999122619628906,
        0.013234931044280529,
        -0.0005986252217553556,
        -0.35077089071273804,
        -0.013233636505901814,
        0.9999101758003235,
        0.002115953713655472,
        0.004994591232389212,
        0.0006265766569413245,
        -0.002107845153659582,
        0.999997615814209,
        0.053351305425167084
    ],
    [
        0.9999051094055176,
        0.013767993077635765,
        -0.0004905413370579481,
        -0.3586042523384094,
        -0.013766762800514698,
        0.9999021887779236,
        0.002430316060781479,
        0.00507937790825963,
        0.0005239536985754967,
        -0.002423332305625081,
        0.9999970197677612,
        0.054825372993946075
    ],
    [
        0.9999003410339355,
        0.014109784737229347,
        -0.0004117105854675174,
        -0.3662670850753784,
        -0.014108610339462757,
        0.9998967051506042,
        0.002730796579271555,
        0.005274105817079544,
        0.0004501994408201426,
        -0.0027247159741818905,
        0.9999961853027344,
        0.056249652057886124
    ],
    [
        0.999896764755249,
        0.014364141039550304,
        -0.0002686035295482725,
        -0.37364813685417175,
        -0.014363223686814308,
        0.9998918771743774,
        0.003151841927319765,
        0.005270037334412336,
        0.00031384846079163253,
        -0.0031476584263145924,
        0.9999949932098389,
        0.0576104111969471
    ],
    [
        0.9998910427093506,
        0.014757524244487286,
        -0.00032378852483816445,
        -0.38091835379600525,
        -0.014756410382688046,
        0.9998859763145447,
        0.0032116747461259365,
        0.00538097508251667,
        0.0003711474419105798,
        -0.003206547349691391,
        0.9999947547912598,
        0.05895061045885086
    ],
    [
        0.9998839497566223,
        0.01522593293339014,
        -0.0004107482673134655,
        -0.388045996427536,
        -0.01522448193281889,
        0.9998785257339478,
        0.003329820930957794,
        0.005481744185090065,
        0.00046139772166498005,
        -0.003323180368170142,
        0.9999943971633911,
        0.060281552374362946
    ],
    [
        0.999873161315918,
        0.01592394895851612,
        -0.0003989057440776378,
        -0.39729762077331543,
        -0.01592235080897808,
        0.999866247177124,
        0.003736234735697508,
        0.0057374960742890835,
        0.00045834830962121487,
        -0.0037294095382094383,
        0.9999929666519165,
        0.06199697405099869
    ]
]