[
    [
        0.976463794708252,
        0.030618492513895035,
        -0.21349699795246124,
        -0.0570744127035141,
        -0.0340401791036129,
        0.999343991279602,
        -0.012368305586278439,
        -0.005046885460615158,
        0.21297822892665863,
        0.01934467814862728,
        0.9768654108047485,
        0.21662098169326782
    ],
    [
        0.9703241586685181,
        0.03569725528359413,
        -0.23915855586528778,
        -0.056133292615413666,
        -0.040005676448345184,
        0.9991124868392944,
        -0.013183282688260078,
        -0.007774103432893753,
        0.2384757101535797,
        0.022359754890203476,
        0.970890998840332,
        0.23662644624710083
    ],
    [
        0.963606059551239,
        0.04110192134976387,
        -0.26414743065834045,
        -0.05575872212648392,
        -0.045746758580207825,
        0.9988873600959778,
        -0.011454475112259388,
        -0.016265273094177246,
        0.2633827328681946,
        0.023121491074562073,
        0.9644142389297485,
        0.2588593065738678
    ],
    [
        0.9542548060417175,
        0.04717825725674629,
        -0.2952491343021393,
        -0.057931091636419296,
        -0.053064972162246704,
        0.9985194802284241,
        -0.011952925473451614,
        -0.020046096295118332,
        0.29424813389778137,
        0.02707352489233017,
        0.9553455114364624,
        0.290851891040802
    ],
    [
        0.9471212029457092,
        0.049211423844099045,
        -0.3170800805091858,
        -0.06055481359362602,
        -0.056037891656160355,
        0.9983512163162231,
        -0.012439741753041744,
        -0.022403063252568245,
        0.3159450888633728,
        0.029550444334745407,
        0.9483171701431274,
        0.3137024939060211
    ],
    [
        0.9376161098480225,
        0.050773583352565765,
        -0.34394514560699463,
        -0.06395205855369568,
        -0.058689869940280914,
        0.9981963634490967,
        -0.012637369334697723,
        -0.02722984179854393,
        0.3426831066608429,
        0.03203509375452995,
        0.9389046430587769,
        0.3421507179737091
    ],
    [
        0.9309599995613098,
        0.05300188809633255,
        -0.36125391721725464,
        -0.06876036524772644,
        -0.06192079931497574,
        0.9979945421218872,
        -0.013149193488061428,
        -0.029170813038945198,
        0.3598324656486511,
        0.034610502421855927,
        0.9323748350143433,
        0.3637612760066986
    ],
    [
        0.9248397350311279,
        0.05555880442261696,
        -0.3762773871421814,
        -0.07626771926879883,
        -0.06516709178686142,
        0.9977916479110718,
        -0.01284425612539053,
        -0.031898945569992065,
        0.3747328221797943,
        0.036399781703948975,
        0.9264180660247803,
        0.3861776888370514
    ],
    [
        0.9175523519515991,
        0.0589708611369133,
        -0.3932175934314728,
        -0.08898188918828964,
        -0.06926365196704865,
        0.9975259304046631,
        -0.012024033814668655,
        -0.03627774864435196,
        0.3915356695652008,
        0.03826836496591568,
        0.9193668365478516,
        0.4144012928009033
    ],
    [
        0.9129892587661743,
        0.061675261706113815,
        -0.40329498052597046,
        -0.10025552660226822,
        -0.07242745161056519,
        0.9973079562187195,
        -0.011446348391473293,
        -0.04021835699677467,
        0.4015033543109894,
        0.0396600216627121,
        0.9149983525276184,
        0.43499070405960083
    ],
    [
        0.9080582857131958,
        0.0636507198214531,
        -0.41397929191589355,
        -0.11722175031900406,
        -0.07509244233369827,
        0.9971113204956055,
        -0.011405045166611671,
        -0.043174587190151215,
        0.4120575487613678,
        0.04144316166639328,
        0.9102148413658142,
        0.46210741996765137
    ],
    [
        0.9049152731895447,
        0.0651293471455574,
        -0.42057883739471436,
        -0.12874722480773926,
        -0.07698677480220795,
        0.9969685673713684,
        -0.011257322505116463,
        -0.04581489413976669,
        0.41857069730758667,
        0.04256592318415642,
        0.9071862697601318,
        0.4816989004611969
    ],
    [
        0.9017019867897034,
        0.06648228317499161,
        -0.42721623182296753,
        -0.14424969255924225,
        -0.07884112000465393,
        0.9968233108520508,
        -0.011282560415565968,
        -0.049348749220371246,
        0.42510902881622314,
        0.04385571554303169,
        0.9040790796279907,
        0.5061731934547424
    ],
    [
        0.8998168706893921,
        0.06707671284675598,
        -0.43108052015304565,
        -0.1553683876991272,
        -0.07994650304317474,
        0.9967294931411743,
        -0.011784045025706291,
        -0.050747986882925034,
        0.4288802444934845,
        0.04506685957312584,
        0.9022365808486938,
        0.523949146270752
    ],
    [
        0.8983243703842163,
        0.06785505264997482,
        -0.4340610206127167,
        -0.1672726720571518,
        -0.08132617175579071,
        0.9966089725494385,
        -0.012515131384134293,
        -0.05187392979860306,
        0.4317398965358734,
        0.04654316604137421,
        0.9007965922355652,
        0.5417022705078125
    ],
    [
        0.8970070481300354,
        0.06925097852945328,
        -0.43655768036842346,
        -0.18522250652313232,
        -0.08317878842353821,
        0.9964519143104553,
        -0.012842986732721329,
        -0.05464012175798416,
        0.434119313955307,
        0.047832589596509933,
        0.8995846509933472,
        0.5653201341629028
    ],
    [
        0.895750105381012,
        0.07006654888391495,
        -0.4390014111995697,
        -0.1954176127910614,
        -0.08437168598175049,
        0.9963477849960327,
        -0.013132757507264614,
        -0.05614185705780983,
        0.436477929353714,
        0.04880296066403389,
        0.8983904123306274,
        0.5838611721992493
    ],
    [
        0.8933989405632019,
        0.07165418565273285,
        -0.4435133934020996,
        -0.20320545136928558,
        -0.0861973911523819,
        0.9961973428726196,
        -0.012687213718891144,
        -0.060494326055049896,
        0.4409177005290985,
        0.04956443980336189,
        0.8961779475212097,
        0.6085633635520935
    ],
    [
        0.8916124105453491,
        0.07219325751066208,
        -0.44700729846954346,
        -0.20717935264110565,
        -0.08745577931404114,
        0.9960759878158569,
        -0.013571779243648052,
        -0.06189858540892601,
        0.444273442029953,
        0.05119413882493973,
        0.8944273591041565,
        0.6260743141174316
    ],
    [
        0.8894404768943787,
        0.0729142501950264,
        -0.45119747519493103,
        -0.20863108336925507,
        -0.08911742269992828,
        0.9959120750427246,
        -0.014735147356987,
        -0.06261616945266724,
        0.4482787251472473,
        0.05331559479236603,
        0.8923025131225586,
        0.6438296437263489
    ],
    [
        0.8863558173179626,
        0.07384533435106277,
        -0.4570779800415039,
        -0.20989614725112915,
        -0.090968057513237,
        0.9957326650619507,
        -0.015533124096691608,
        -0.06577696651220322,
        0.453980416059494,
        0.055347371846437454,
        0.8892910480499268,
        0.6675258874893188
    ],
    [
        0.8850284814834595,
        0.07431764900684357,
        -0.45956650376319885,
        -0.2148166447877884,
        -0.0924922376871109,
        0.995566189289093,
        -0.017125137150287628,
        -0.06605024635791779,
        0.4562561511993408,
        0.057662565261125565,
        0.8879782557487488,
        0.682685136795044
    ],
    [
        0.8826391696929932,
        0.07499196380376816,
        -0.4640304744243622,
        -0.2191087156534195,
        -0.09499458968639374,
        0.9952800869941711,
        -0.019843414425849915,
        -0.06538818031549454,
        0.4603521525859833,
        0.061594948172569275,
        0.8855969309806824,
        0.7037959098815918
    ],
    [
        0.8812415599822998,
        0.07525572180747986,
        -0.46663689613342285,
        -0.2231340855360031,
        -0.09668624401092529,
        0.9950692653656006,
        -0.02211415395140648,
        -0.06423141062259674,
        0.46267181634902954,
        0.06460528075695038,
        0.8841724991798401,
        0.7178144454956055
    ],
    [
        0.8784135580062866,
        0.07426057755947113,
        -0.4720962345600128,
        -0.22073093056678772,
        -0.09762793779373169,
        0.9949050545692444,
        -0.025154825299978256,
        -0.06253122538328171,
        0.46782299876213074,
        0.06818611919879913,
        0.8811880350112915,
        0.7348268032073975
    ]
]