[
    [
        0.9999617338180542,
        0.006216013804078102,
        0.006153529975563288,
        -0.08654538542032242,
        -0.006059585139155388,
        0.9996660351753235,
        -0.025121111422777176,
        0.3324589133262634,
        -0.006307628471404314,
        0.025082862004637718,
        0.9996654987335205,
        -0.3589341342449188
    ],
    [
        0.9999487400054932,
        0.008633442223072052,
        0.005303349811583757,
        -0.0950632318854332,
        -0.008491957560181618,
        0.999622106552124,
        -0.026145339012145996,
        0.381658673286438,
        -0.005527069792151451,
        0.026098961010575294,
        0.9996440410614014,
        -0.4694463312625885
    ],
    [
        0.99992835521698,
        0.010398302227258682,
        0.005955811124294996,
        -0.10375311970710754,
        -0.01023159734904766,
        0.9995730519294739,
        -0.027368277311325073,
        0.42430275678634644,
        -0.006237851455807686,
        0.027305373921990395,
        0.9996077418327332,
        -0.5687909722328186
    ],
    [
        0.9999075531959534,
        0.012219374999403954,
        0.005979297216981649,
        -0.11293188482522964,
        -0.012051419354975224,
        0.9995529651641846,
        -0.0273622814565897,
        0.4731898903846741,
        -0.00631097424775362,
        0.027287691831588745,
        0.9996077418327332,
        -0.6840110421180725
    ],
    [
        0.9998805522918701,
        0.014580009505152702,
        0.005139530170708895,
        -0.12069548666477203,
        -0.014426431618630886,
        0.9994825720787048,
        -0.028749072924256325,
        0.5172291994094849,
        -0.005556032527238131,
        0.028671491891145706,
        0.9995734095573425,
        -0.7832207679748535
    ],
    [
        0.9998356699943542,
        0.01745522767305374,
        0.004884305875748396,
        -0.13158337771892548,
        -0.017304755747318268,
        0.9994203448295593,
        -0.029317544773221016,
        0.5669795274734497,
        -0.005393217317759991,
        0.02922820672392845,
        0.99955815076828,
        -0.8995282053947449
    ],
    [
        0.9997931718826294,
        0.01980728656053543,
        0.004623708315193653,
        -0.1386735737323761,
        -0.019653446972370148,
        0.9993188977241516,
        -0.03123311512172222,
        0.6108119487762451,
        -0.0052392021752893925,
        0.031135782599449158,
        0.9995014667510986,
        -0.9991388916969299
    ],
    [
        0.9997203946113586,
        0.023380355909466743,
        0.0035542300902307034,
        -0.1461048126220703,
        -0.023251576349139214,
        0.9991929531097412,
        -0.03275337815284729,
        0.6607365608215332,
        -0.004317151382565498,
        0.03266159072518349,
        0.9994571208953857,
        -1.1131216287612915
    ],
    [
        0.9996534585952759,
        0.026200901716947556,
        0.0025074367877095938,
        -0.15355184674263,
        -0.026100903749465942,
        0.9990838170051575,
        -0.033915143460035324,
        0.7063032984733582,
        -0.003393743885681033,
        0.0338379330933094,
        0.9994215965270996,
        -1.2139607667922974
    ],
    [
        0.999584436416626,
        0.028797119855880737,
        0.0012727391440421343,
        -0.16308410465717316,
        -0.02873379737138748,
        0.998956024646759,
        -0.035514090210199356,
        0.7609965801239014,
        -0.002294115023687482,
        0.03546276316046715,
        0.9993683695793152,
        -1.3300925493240356
    ],
    [
        0.999534010887146,
        0.030444564297795296,
        0.0021860627457499504,
        -0.16877782344818115,
        -0.03034345619380474,
        0.9988601803779602,
        -0.03684461861848831,
        0.8102219700813293,
        -0.0033052857033908367,
        0.03676111251115799,
        0.9993187189102173,
        -1.4336389303207397
    ],
    [
        0.9994979500770569,
        0.030789731070399284,
        0.007467164192348719,
        -0.17322486639022827,
        -0.03048819676041603,
        0.9988276958465576,
        -0.037597667425870895,
        0.8678717017173767,
        -0.008616029284894466,
        0.03735112398862839,
        0.9992650747299194,
        -1.5599992275238037
    ],
    [
        0.9994535446166992,
        0.030617214739322662,
        0.012462852522730827,
        -0.1765255331993103,
        -0.03012719564139843,
        0.9988321661949158,
        -0.03777066618204117,
        0.9190568327903748,
        -0.013604735024273396,
        0.03737456351518631,
        0.9992086887359619,
        -1.6717928647994995
    ],
    [
        0.999336302280426,
        0.03190202638506889,
        0.017587456852197647,
        -0.17873689532279968,
        -0.031194433569908142,
        0.9987468719482422,
        -0.03913695737719536,
        0.9803231954574585,
        -0.0188139621168375,
        0.038562338799238205,
        0.999079167842865,
        -1.7989343404769897
    ],
    [
        0.9992274641990662,
        0.03334643691778183,
        0.020797066390514374,
        -0.1822599172592163,
        -0.032487545162439346,
        0.9986572265625,
        -0.04035235196352005,
        1.0316232442855835,
        -0.022114746272563934,
        0.03964552655816078,
        0.9989691376686096,
        -1.9123497009277344
    ],
    [
        0.9991347193717957,
        0.03497074171900749,
        0.022513488307595253,
        -0.18739794194698334,
        -0.03401032090187073,
        0.9985504746437073,
        -0.04171539098024368,
        1.0880451202392578,
        -0.023939672857522964,
        0.04091363400220871,
        0.9988757967948914,
        -2.0388381481170654
    ],
    [
        0.9990668892860413,
        0.03649497032165527,
        0.023094793781638145,
        -0.1943514347076416,
        -0.03546993434429169,
        0.998430609703064,
        -0.04333721846342087,
        1.1383241415023804,
        -0.02464013360440731,
        0.042477454990148544,
        0.9987936019897461,
        -2.1448988914489746
    ],
    [
        0.9990233778953552,
        0.03720398247241974,
        0.023838141933083534,
        -0.2070106863975525,
        -0.036119505763053894,
        0.9983600378036499,
        -0.04441412165760994,
        1.1948039531707764,
        -0.025451429188251495,
        0.04350942373275757,
        0.9987287521362305,
        -2.2707509994506836
    ],
    [
        0.9989675283432007,
        0.038922715932130814,
        0.02342596836388111,
        -0.2166995406150818,
        -0.037824902683496475,
        0.9982429146766663,
        -0.045610398054122925,
        1.2464704513549805,
        -0.025160090997815132,
        0.0446772538125515,
        0.9986845850944519,
        -2.3786909580230713
    ],
    [
        0.9988997578620911,
        0.04088936373591423,
        0.022962084040045738,
        -0.2318865805864334,
        -0.039796821773052216,
        0.9981403350830078,
        -0.04617536440491676,
        1.302935004234314,
        -0.024807455018162727,
        0.045210693031549454,
        0.9986693859100342,
        -2.5067296028137207
    ],
    [
        0.998833954334259,
        0.043661314994096756,
        0.02060089074075222,
        -0.2450731098651886,
        -0.04265621304512024,
        0.9979866743087769,
        -0.04693661630153656,
        1.3543139696121216,
        -0.022608723491430283,
        0.04600317031145096,
        0.9986854195594788,
        -2.6184566020965576
    ],
    [
        0.998759388923645,
        0.04535912349820137,
        0.020548611879348755,
        -0.2621355354785919,
        -0.04435397684574127,
        0.9979106187820435,
        -0.04698130488395691,
        1.41285240650177,
        -0.022636709734797478,
        0.04601166397333145,
        0.998684287071228,
        -2.7492291927337646
    ],
    [
        0.9986751675605774,
        0.04696196690201759,
        0.021033741533756256,
        -0.2753044664859772,
        -0.04592176899313927,
        0.9978164434432983,
        -0.04747068136930466,
        1.4641873836517334,
        -0.02321711927652359,
        0.046441663056612015,
        0.9986511468887329,
        -2.8668930530548096
    ],
    [
        0.998545229434967,
        0.04874200373888016,
        0.0230591781437397,
        -0.28847163915634155,
        -0.04757910221815109,
        0.9976871609687805,
        -0.048543523997068405,
        1.5238124132156372,
        -0.025371955707669258,
        0.04737589508295059,
        0.9985548257827759,
        -2.998204469680786
    ],
    [
        0.9984469413757324,
        0.04971688613295555,
        0.02514045126736164,
        -0.29967179894447327,
        -0.04839567467570305,
        0.997541606426239,
        -0.050681307911872864,
        1.5772991180419922,
        -0.02759835124015808,
        0.04938577488064766,
        0.9983983635902405,
        -3.112605571746826
    ]
]