[
    [
        0.9999954104423523,
        0.002169080078601837,
        -0.002168666571378708,
        -0.006055186968296766,
        -0.0021687843836843967,
        0.9999977350234985,
        0.00013822101755067706,
        -0.13665536046028137,
        0.0021689620334655046,
        -0.00013351699453778565,
        0.9999977350234985,
        0.00282139889895916
    ],
    [
        0.9999938011169434,
        0.002293282188475132,
        -0.002697667805477977,
        -0.005662926938384771,
        -0.0022831042297184467,
        0.9999903440475464,
        0.0037698878441005945,
        -0.197308748960495,
        0.0027062874287366867,
        -0.003763705724850297,
        0.9999892711639404,
        -0.0012339469976723194
    ],
    [
        0.9999925494194031,
        0.0022510951384902,
        -0.00316760316491127,
        -0.005373809486627579,
        -0.0022258423268795013,
        0.9999659061431885,
        0.007953004911541939,
        -0.2647895812988281,
        0.0031853981781750917,
        -0.007945895195007324,
        0.9999634027481079,
        -0.007562041282653809
    ],
    [
        0.9999921917915344,
        0.0021995645947754383,
        -0.003291249740868807,
        -0.006600519642233849,
        -0.002160740550607443,
        0.9999285936355591,
        0.01175339613109827,
        -0.3324694335460663,
        0.003316867398098111,
        -0.011746191419661045,
        0.9999254941940308,
        -0.012359678745269775
    ],
    [
        0.9999906420707703,
        0.0025016588624566793,
        -0.003515950869768858,
        -0.00632883608341217,
        -0.0024482409935444593,
        0.999882698059082,
        0.015116114169359207,
        -0.3930025100708008,
        0.0035533541813492775,
        -0.01510736532509327,
        0.9998795986175537,
        -0.01638096198439598
    ],
    [
        0.9999908804893494,
        0.0025075592566281557,
        -0.0034696904476732016,
        -0.009170161560177803,
        -0.002443083794787526,
        0.9998265504837036,
        0.01846352033317089,
        -0.45978957414627075,
        0.0035153874196112156,
        -0.01845487393438816,
        0.9998235106468201,
        -0.020179258659482002
    ],
    [
        0.9999885559082031,
        0.0028490277472883463,
        -0.003860876662656665,
        -0.010405599139630795,
        -0.002762641292065382,
        0.9997497200965881,
        0.022198239341378212,
        -0.5298168659210205,
        0.003923153504729271,
        -0.02218731679022312,
        0.9997461438179016,
        -0.022773314267396927
    ],
    [
        0.9999842047691345,
        0.0032087466679513454,
        -0.004607532173395157,
        -0.00965604092925787,
        -0.003093085717409849,
        0.9996852874755859,
        0.02489401027560234,
        -0.5947649478912354,
        0.00468596164137125,
        -0.024879368022084236,
        0.999679446220398,
        -0.024396704509854317
    ],
    [
        0.9999801516532898,
        0.0032647387124598026,
        -0.005379092413932085,
        -0.014528453350067139,
        -0.00311395525932312,
        0.9996085166931152,
        0.027805086225271225,
        -0.6644130945205688,
        0.0054677631705999374,
        -0.02778778411448002,
        0.9995989203453064,
        -0.029057439416646957
    ],
    [
        0.9999784827232361,
        0.003574271220713854,
        -0.005494951270520687,
        -0.01804775930941105,
        -0.0034034396521747112,
        0.9995201230049133,
        0.030789904296398163,
        -0.7339968085289001,
        0.005602366290986538,
        -0.03077053837478161,
        0.9995107650756836,
        -0.03620276227593422
    ],
    [
        0.999976634979248,
        0.0039028848987072706,
        -0.005611158907413483,
        -0.017420118674635887,
        -0.0037124042864888906,
        0.9994296431541443,
        0.033565327525138855,
        -0.7971009612083435,
        0.005738959647715092,
        -0.03354370966553688,
        0.9994208812713623,
        -0.042897190898656845
    ],
    [
        0.9999728798866272,
        0.0040354314260184765,
        -0.00615412974730134,
        -0.015595821663737297,
        -0.003806381719186902,
        0.9993159174919128,
        0.03678698465228081,
        -0.8685756921768188,
        0.0062983715906739235,
        -0.03676256164908409,
        0.9993041753768921,
        -0.050656624138355255
    ],
    [
        0.9999669790267944,
        0.004390014335513115,
        -0.006845992058515549,
        -0.012392221949994564,
        -0.004113190341740847,
        0.9991936683654785,
        0.03993871808052063,
        -0.9407869577407837,
        0.007015803828835487,
        -0.0399092435836792,
        0.9991785883903503,
        -0.05719079449772835
    ],
    [
        0.9999603629112244,
        0.004744836129248142,
        -0.007526138797402382,
        -0.006772990804165602,
        -0.004418280906975269,
        0.9990727305412292,
        0.042828019708395004,
        -1.0074704885482788,
        0.007722371723502874,
        -0.04279306158423424,
        0.9990540742874146,
        -0.060778871178627014
    ],
    [
        0.9999496936798096,
        0.005300021730363369,
        -0.008513418026268482,
        -0.0015215445309877396,
        -0.004904733505100012,
        0.9989386200904846,
        0.04579947888851166,
        -1.0832253694534302,
        0.008747119456529617,
        -0.04575541615486145,
        0.9989144802093506,
        -0.06378619372844696
    ],
    [
        0.9999489188194275,
        0.005098835099488497,
        -0.008720231242477894,
        -0.0029715022537857294,
        -0.0046648080460727215,
        0.9987835884094238,
        0.04908839985728264,
        -1.1575977802276611,
        0.008959918282926083,
        -0.049045220017433167,
        0.9987563490867615,
        -0.06612370163202286
    ],
    [
        0.9999495148658752,
        0.0054801637306809425,
        -0.00841762125492096,
        -0.00738406041637063,
        -0.0050344220362603664,
        0.9986295700073242,
        0.05209145322442055,
        -1.2238845825195312,
        0.008691555820405483,
        -0.05204645171761513,
        0.9986067414283752,
        -0.06923066824674606
    ],
    [
        0.999946117401123,
        0.0059868511743843555,
        -0.008482561446726322,
        -0.013983036391437054,
        -0.005503952503204346,
        0.9984240531921387,
        0.05585094168782234,
        -1.2962933778762817,
        0.008803564123809338,
        -0.05580125004053116,
        0.9984031319618225,
        -0.07298919558525085
    ],
    [
        0.9999454617500305,
        0.006350458133965731,
        -0.008282487280666828,
        -0.021197378635406494,
        -0.005844411440193653,
        0.998196005821228,
        0.05975374951958656,
        -1.3698099851608276,
        0.008647008799016476,
        -0.05970209091901779,
        0.9981787800788879,
        -0.07665852457284927
    ],
    [
        0.9999436736106873,
        0.006594914011657238,
        -0.00831632036715746,
        -0.02593429945409298,
        -0.006055503152310848,
        0.9979763627052307,
        0.06329794973134995,
        -1.4380013942718506,
        0.008716936223208904,
        -0.06324401497840881,
        0.9979600310325623,
        -0.08095155656337738
    ],
    [
        0.9999433159828186,
        0.006956357508897781,
        -0.008064559660851955,
        -0.03238857164978981,
        -0.006396101787686348,
        0.9976966977119446,
        0.06752976775169373,
        -1.5135644674301147,
        0.008515746332705021,
        -0.0674743503332138,
        0.9976846575737,
        -0.08706530183553696
    ],
    [
        0.9999421834945679,
        0.007330670487135649,
        -0.007863950915634632,
        -0.03599793463945389,
        -0.0067461272701621056,
        0.9973858594894409,
        0.07194466888904572,
        -1.5895260572433472,
        0.008370795287191868,
        -0.07188746333122253,
        0.9973776340484619,
        -0.09153854101896286
    ],
    [
        0.9999368786811829,
        0.0077611226588487625,
        -0.008116263896226883,
        -0.033582333475351334,
        -0.007123418152332306,
        0.997093915939331,
        0.07584764808416367,
        -1.658368468284607,
        0.0086813410744071,
        -0.07578505575656891,
        0.9970864653587341,
        -0.09459405392408371
    ],
    [
        0.9999349117279053,
        0.0077658966183662415,
        -0.008359977044165134,
        -0.028705229982733727,
        -0.007068667560815811,
        0.996735692024231,
        0.08042354136705399,
        -1.7341415882110596,
        0.008957247249782085,
        -0.08035921305418015,
        0.9967257380485535,
        -0.09708332270383835
    ],
    [
        0.9999279379844666,
        0.007918636314570904,
        -0.009016793221235275,
        -0.021019956097006798,
        -0.007108017336577177,
        0.9962149858474731,
        0.0866336077451706,
        -1.8090840578079224,
        0.009668683633208275,
        -0.08656325936317444,
        0.996199369430542,
        -0.10060027241706848
    ]
]