[
    [
        0.9999986886978149,
        -0.0009164240909740329,
        0.0013277375837787986,
        0.04158119112253189,
        0.0009168969700112939,
        0.9999995231628418,
        -0.00035567505983635783,
        0.001967772375792265,
        -0.0013274115044623613,
        0.0003568919491954148,
        0.9999990463256836,
        0.000996007933281362
    ],
    [
        0.9999991655349731,
        -0.000913438037969172,
        0.0009519294835627079,
        0.05092637613415718,
        0.000913649913854897,
        0.999999463558197,
        -0.00022220144455786794,
        0.0016561306547373533,
        -0.0009517266880720854,
        0.00022307153267320246,
        0.9999995231628418,
        0.0012602133210748434
    ],
    [
        0.9999991059303284,
        -0.0012278539361432195,
        0.0007035219459794462,
        0.06399830430746078,
        0.0012280871160328388,
        0.9999991655349731,
        -0.0003309433232061565,
        0.0017022242536768317,
        -0.000703115132637322,
        0.0003318066301289946,
        0.9999996423721313,
        0.0015543465269729495
    ],
    [
        0.9999987483024597,
        -0.0015251821605488658,
        0.0004999801749363542,
        0.0766386091709137,
        0.001525249914266169,
        0.9999988079071045,
        -0.00013545657566282898,
        0.0013235657243058085,
        -0.0004997728392481804,
        0.00013621841208077967,
        0.9999998807907104,
        0.0022725050803273916
    ],
    [
        0.9999982118606567,
        -0.001894875429570675,
        0.00025121268117800355,
        0.0891580656170845,
        0.0018949098885059357,
        0.9999982118606567,
        -0.0001383912458550185,
        0.0016000173054635525,
        -0.00025095033925026655,
        0.00013886677334085107,
        1.0,
        0.002721110126003623
    ],
    [
        0.9999977946281433,
        -0.002081607934087515,
        -9.247778507415205e-05,
        0.10191810131072998,
        0.0020815939642488956,
        0.9999978542327881,
        -0.0001500798243796453,
        0.001618208596482873,
        9.279020741814747e-05,
        0.00014988717157393694,
        1.0,
        0.003124989103525877
    ],
    [
        0.9999975562095642,
        -0.0022570553701370955,
        -0.00019997380150016397,
        0.1148262470960617,
        0.002257059793919325,
        0.9999974966049194,
        2.315870915481355e-05,
        0.0014041231479495764,
        0.0001999212399823591,
        -2.3610296921106055e-05,
        1.0,
        0.0037866230122745037
    ],
    [
        0.9999954700469971,
        -0.0029679681174457073,
        -0.0006186155369505286,
        0.12789642810821533,
        0.0029681038577109575,
        0.9999955296516418,
        0.00021890189964324236,
        0.0012369622709229589,
        0.0006179626798257232,
        -0.00022073711443226784,
        0.9999998807907104,
        0.004156116861850023
    ],
    [
        0.999993085861206,
        -0.0036019301041960716,
        -0.0009919237345457077,
        0.14079074561595917,
        0.0036019296385347843,
        0.9999935626983643,
        -1.3198483657106408e-06,
        0.0020493834745138884,
        0.0009919223375618458,
        -2.2538501980307046e-06,
        0.9999995231628418,
        0.004836274776607752
    ],
    [
        0.999991774559021,
        -0.0039077261462807655,
        -0.0011651539243757725,
        0.1534842997789383,
        0.003907894715666771,
        0.9999923706054688,
        0.00014174290117807686,
        0.0019580302760004997,
        0.0011645914055407047,
        -0.00014629513316322118,
        0.9999994039535522,
        0.005224444437772036
    ],
    [
        0.9999889135360718,
        -0.0044371820986270905,
        -0.0016224710270762444,
        0.16724537312984467,
        0.004437296185642481,
        0.9999901056289673,
        6.668935384368524e-05,
        0.0024299805518239737,
        0.0016221592668443918,
        -7.388764061033726e-05,
        0.9999986886978149,
        0.005975139327347279
    ],
    [
        0.9999834299087524,
        -0.005359097383916378,
        -0.002092877635732293,
        0.18090543150901794,
        0.0053595490753650665,
        0.9999856352806091,
        0.00021090764494147152,
        0.0025315212551504374,
        0.002091716742143035,
        -0.00022212140902411193,
        0.9999978542327881,
        0.006446629296988249
    ],
    [
        0.9999809265136719,
        -0.005734669044613838,
        -0.0022941261995583773,
        0.1936323344707489,
        0.005735716782510281,
        0.9999834299087524,
        0.00045031114132143557,
        0.0026701833121478558,
        0.0022915066219866276,
        -0.00046346086310222745,
        0.9999972581863403,
        0.007074263878166676
    ],
    [
        0.9999796748161316,
        -0.005856084171682596,
        -0.0025650912430137396,
        0.20228251814842224,
        0.005856692790985107,
        0.9999827742576599,
        0.00022979575442150235,
        0.0032095364294946194,
        0.0025637017097324133,
        -0.00024481327272951603,
        0.9999967813491821,
        0.007545406464487314
    ],
    [
        0.9999767541885376,
        -0.006224458105862141,
        -0.0027856403030455112,
        0.21430541574954987,
        0.006225177552551031,
        0.999980628490448,
        0.0002495346707291901,
        0.003399549052119255,
        0.002784033538773656,
        -0.00026687030913308263,
        0.9999960660934448,
        0.007733667269349098
    ],
    [
        0.9999724626541138,
        -0.006783098913729191,
        -0.003037350717931986,
        0.2251906394958496,
        0.006784315686672926,
        0.9999768137931824,
        0.0003904854238498956,
        0.0033476625103503466,
        0.003034632420167327,
        -0.00041108051664195955,
        0.9999953508377075,
        0.008572523482143879
    ],
    [
        0.9999682903289795,
        -0.007250440772622824,
        -0.0033086128532886505,
        0.2357211858034134,
        0.007251986302435398,
        0.9999735355377197,
        0.00045521240099333227,
        0.0035283707547932863,
        0.0033052251674234867,
        -0.00047919253120198846,
        0.9999943971633911,
        0.00902195181697607
    ],
    [
        0.9999628067016602,
        -0.00780883664265275,
        -0.0036626800429075956,
        0.2467641681432724,
        0.0078109921887516975,
        0.9999693632125854,
        0.0005746112437918782,
        0.0038701712619513273,
        0.003658081404864788,
        -0.0006031987722963095,
        0.999993085861206,
        0.009509880095720291
    ],
    [
        0.9999617338180542,
        -0.007915186695754528,
        -0.0037243247497826815,
        0.25766855478286743,
        0.007917726412415504,
        0.999968409538269,
        0.0006674723117612302,
        0.0038452823646366596,
        0.00371892424300313,
        -0.00069693464320153,
        0.999992847442627,
        0.010014863684773445
    ],
    [
        0.9999571442604065,
        -0.008365961723029613,
        -0.0039933668449521065,
        0.2689777612686157,
        0.008369158022105694,
        0.9999646544456482,
        0.0007845276268199086,
        0.0039353687316179276,
        0.00398666225373745,
        -0.0008179144351743162,
        0.999991774559021,
        0.010341296903789043
    ],
    [
        0.9999517202377319,
        -0.008895630948245525,
        -0.004196700640022755,
        0.28054293990135193,
        0.008898316882550716,
        0.9999601244926453,
        0.0006217974587343633,
        0.004318284802138805,
        0.0041910032741725445,
        -0.0006591114797629416,
        0.9999910593032837,
        0.010967121459543705
    ],
    [
        0.9999439120292664,
        -0.00959448516368866,
        -0.0044881911017000675,
        0.29200074076652527,
        0.009597317315638065,
        0.9999538064002991,
        0.0006102837505750358,
        0.004956722725182772,
        0.004482128191739321,
        -0.0006533243576996028,
        0.9999897480010986,
        0.011716244742274284
    ],
    [
        0.9999392032623291,
        -0.010027275420725346,
        -0.004589714575558901,
        0.3043535649776459,
        0.01003036554902792,
        0.9999494552612305,
        0.0006507610087282956,
        0.005098068155348301,
        0.004582958295941353,
        -0.0006967580411583185,
        0.9999892711639404,
        0.011809746734797955
    ],
    [
        0.9999351501464844,
        -0.010440300218760967,
        -0.004567120689898729,
        0.31606364250183105,
        0.010443183593451977,
        0.9999452233314514,
        0.0006079991580918431,
        0.005499605555087328,
        0.004560523666441441,
        -0.0006556547596119344,
        0.99998939037323,
        0.01234614010900259
    ],
    [
        0.9999276399612427,
        -0.010897635482251644,
        -0.0050897118635475636,
        0.3293180763721466,
        0.01090182363986969,
        0.9999402165412903,
        0.0007957724155858159,
        0.005396883003413677,
        0.005080735310912132,
        -0.000851201533805579,
        0.9999867677688599,
        0.012879800982773304
    ]
]