[
    [
        0.9853410124778748,
        0.016313299536705017,
        -0.1698140650987625,
        -0.16886693239212036,
        -0.0254227165132761,
        0.9983437061309814,
        -0.051607999950647354,
        -0.06460181623697281,
        0.16869093477725983,
        0.05516861751675606,
        0.9841238856315613,
        0.2193804383277893
    ],
    [
        0.9746251702308655,
        0.01935223676264286,
        -0.22300505638122559,
        -0.24558305740356445,
        -0.034074265509843826,
        0.9974719882011414,
        -0.06235877797007561,
        -0.0938868597149849,
        0.2212345004081726,
        0.06837517768144608,
        0.9728207588195801,
        0.32547640800476074
    ],
    [
        0.9620043635368347,
        0.023764921352267265,
        -0.2719980478286743,
        -0.3485426902770996,
        -0.04484959691762924,
        0.9964271783828735,
        -0.07156483083963394,
        -0.1283857822418213,
        0.26932546496391296,
        0.08104468137025833,
        0.959632933139801,
        0.45841503143310547
    ],
    [
        0.9525549411773682,
        0.02339167892932892,
        -0.3034665584564209,
        -0.481521338224411,
        -0.04999476298689842,
        0.9955247640609741,
        -0.08019255101680756,
        -0.1598285734653473,
        0.3002326786518097,
        0.09155953675508499,
        0.9494615793228149,
        0.5793011784553528
    ],
    [
        0.9436725378036499,
        0.023055091500282288,
        -0.3300767242908478,
        -0.616093099117279,
        -0.05395204946398735,
        0.9949403405189514,
        -0.08475188910961151,
        -0.19485458731651306,
        0.32645270228385925,
        0.09778635203838348,
        0.9401416182518005,
        0.7247301936149597
    ],
    [
        0.9340932965278625,
        0.022823583334684372,
        -0.35629895329475403,
        -0.7165960669517517,
        -0.057874955236911774,
        0.9944353103637695,
        -0.08802725374698639,
        -0.2222333550453186,
        0.35230720043182373,
        0.10284645110368729,
        0.9302163124084473,
        0.8762917518615723
    ],
    [
        0.9264129996299744,
        0.025286193937063217,
        -0.3756590187549591,
        -0.833592414855957,
        -0.06203823909163475,
        0.9943564534187317,
        -0.08606084436178207,
        -0.2609179615974426,
        0.3713628649711609,
        0.10303309559822083,
        0.9227532744407654,
        1.0445528030395508
    ],
    [
        0.924043595790863,
        0.02556050941348076,
        -0.3814316391944885,
        -0.9613265991210938,
        -0.061640746891498566,
        0.9946684241294861,
        -0.0826740562915802,
        -0.29718852043151855,
        0.3772848844528198,
        0.09990616887807846,
        0.9206925630569458,
        1.2228177785873413
    ],
    [
        0.9264588356018066,
        0.02698955312371254,
        -0.37542736530303955,
        -1.0913145542144775,
        -0.059838149696588516,
        0.9953020215034485,
        -0.07611279934644699,
        -0.33416879177093506,
        0.37160933017730713,
        0.09298025071620941,
        0.9237213730812073,
        1.4044578075408936
    ],
    [
        0.930338978767395,
        0.029712490737438202,
        -0.3654949367046356,
        -1.1992831230163574,
        -0.059531811624765396,
        0.9957275986671448,
        -0.07058709859848022,
        -0.365814208984375,
        0.3618360459804535,
        0.0874285101890564,
        0.9281330108642578,
        1.5852571725845337
    ],
    [
        0.9362742304801941,
        0.03176732361316681,
        -0.34983041882514954,
        -1.3038772344589233,
        -0.05818721652030945,
        0.9961696267127991,
        -0.0652703195810318,
        -0.3959333598613739,
        0.34641698002815247,
        0.08146658539772034,
        0.9345366358757019,
        1.746677041053772
    ],
    [
        0.9460113644599915,
        0.03317061811685562,
        -0.322431743144989,
        -1.4237008094787598,
        -0.05557604506611824,
        0.9966179132461548,
        -0.060531072318553925,
        -0.43202683329582214,
        0.31933340430259705,
        0.07518255710601807,
        0.9446554183959961,
        1.9197542667388916
    ],
    [
        0.9591025114059448,
        0.031379614025354385,
        -0.2813141644001007,
        -1.571033239364624,
        -0.049492258578538895,
        0.997117280960083,
        -0.05751219019293785,
        -0.4705454111099243,
        0.27869853377342224,
        0.06908296048641205,
        0.9578906893730164,
        2.0952131748199463
    ],
    [
        0.9694831371307373,
        0.027593158185482025,
        -0.24360041320323944,
        -1.6875578165054321,
        -0.0424499437212944,
        0.9975306987762451,
        -0.055950187146663666,
        -0.509575366973877,
        0.24145488440990448,
        0.06458358466625214,
        0.9682605862617493,
        2.279463291168213
    ],
    [
        0.9789599180221558,
        0.021088169887661934,
        -0.20295992493629456,
        -1.7877686023712158,
        -0.03275683522224426,
        0.997986912727356,
        -0.05430591106414795,
        -0.5485967993736267,
        0.20140627026557922,
        0.05981164798140526,
        0.9776798486709595,
        2.459105968475342
    ],
    [
        0.9863941669464111,
        0.015717625617980957,
        -0.16364432871341705,
        -1.8692831993103027,
        -0.024639761075377464,
        0.998309850692749,
        -0.05263475328683853,
        -0.5861386060714722,
        0.16254059970378876,
        0.05595075339078903,
        0.9851142168045044,
        2.6334612369537354
    ],
    [
        0.9947190284729004,
        0.00940750539302826,
        -0.10220319777727127,
        -1.977590799331665,
        -0.014666307717561722,
        0.9985998868942261,
        -0.050825729966163635,
        -0.6249908208847046,
        0.10158205032348633,
        0.05205626040697098,
        0.9934642910957336,
        2.811279773712158
    ],
    [
        0.9991723895072937,
        0.0015191698912531137,
        -0.04064512997865677,
        -2.0528082847595215,
        -0.0034116620663553476,
        0.9989109635353088,
        -0.04653273522853851,
        -0.6719565987586975,
        0.04053039848804474,
        0.04663290083408356,
        0.9980894327163696,
        3.0120391845703125
    ],
    [
        0.999680757522583,
        -0.008735441602766514,
        0.023708250373601913,
        -2.113767623901367,
        0.00980270653963089,
        0.9989261627197266,
        -0.045279670506715775,
        -0.7100827693939209,
        -0.023287134245038033,
        0.04549762234091759,
        0.9986929297447205,
        3.1887319087982178
    ],
    [
        0.9958242177963257,
        -0.01868775114417076,
        0.08935929089784622,
        -2.1605148315429688,
        0.02250085212290287,
        0.9988701939582825,
        -0.041856370866298676,
        -0.7555227279663086,
        -0.08847615122795105,
        0.04369225725531578,
        0.9951195120811462,
        3.3847646713256836
    ],
    [
        0.9879606366157532,
        -0.027245989069342613,
        0.1522875726222992,
        -2.1854734420776367,
        0.03379906341433525,
        0.9986034035682678,
        -0.0406087301671505,
        -0.7909230589866638,
        -0.15096835792064667,
        0.045267004519701004,
        0.9875016212463379,
        3.5883047580718994
    ],
    [
        0.9738017320632935,
        -0.038521379232406616,
        0.22411219775676727,
        -2.1935770511627197,
        0.04851911589503288,
        0.9980499148368835,
        -0.03927379474043846,
        -0.8332009315490723,
        -0.22216224670410156,
        0.04911861568689346,
        0.9737716317176819,
        3.821012020111084
    ],
    [
        0.9559230208396912,
        -0.05189533531665802,
        0.2889948785305023,
        -2.1805672645568848,
        0.06551547348499298,
        0.9971410036087036,
        -0.037650518119335175,
        -0.8713961839675903,
        -0.28621456027030945,
        0.05492463335394859,
        0.956589937210083,
        4.020336627960205
    ],
    [
        0.9297757744789124,
        -0.07006341964006424,
        0.36139747500419617,
        -2.1875364780426025,
        0.08587981015443802,
        0.9959156513214111,
        -0.027868764474987984,
        -0.9142970442771912,
        -0.35796886682510376,
        0.05694844573736191,
        0.9319953322410583,
        4.170602798461914
    ],
    [
        0.9067875742912292,
        -0.08092829585075378,
        0.41374725103378296,
        -2.1206777095794678,
        0.10005488991737366,
        0.994674563407898,
        -0.024728208780288696,
        -0.9482055902481079,
        -0.40954267978668213,
        0.06382066756486893,
        0.910055935382843,
        4.392832279205322
    ]
]