[
    [
        0.9966866970062256,
        0.0034648010041564703,
        -0.0812615379691124,
        0.32767781615257263,
        -0.003417277242988348,
        0.9999938607215881,
        0.0007238895632326603,
        -0.040445633232593536,
        0.08126354217529297,
        -0.0004437973548192531,
        0.9966925382614136,
        0.044248707592487335
    ],
    [
        0.9942122101783752,
        0.005511824507266283,
        -0.10729262232780457,
        0.41426369547843933,
        -0.005383561830967665,
        0.9999844431877136,
        0.0014850638108327985,
        -0.04977698624134064,
        0.10729911923408508,
        -0.0008988525369204581,
        0.9942263960838318,
        0.06986959278583527
    ],
    [
        0.9915713667869568,
        0.0069544510915875435,
        -0.12937572598457336,
        0.5042113065719604,
        -0.006578642409294844,
        0.9999728202819824,
        0.0033319254871457815,
        -0.04777863994240761,
        0.12939536571502686,
        -0.0024527248460799456,
        0.9915900826454163,
        0.1067238599061966
    ],
    [
        0.9886138439178467,
        0.008138271979987621,
        -0.15025445818901062,
        0.5948436260223389,
        -0.0076601034961640835,
        0.999963641166687,
        0.0037608928978443146,
        -0.05455427244305611,
        0.15027958154678345,
        -0.002567105460911989,
        0.9886401891708374,
        0.1556173712015152
    ],
    [
        0.984126627445221,
        0.009871475398540497,
        -0.17719276249408722,
        0.6796828508377075,
        -0.009083159267902374,
        0.9999449253082275,
        0.005259539000689983,
        -0.06255269050598145,
        0.1772349327802658,
        -0.003566583152860403,
        0.9841622114181519,
        0.20386365056037903
    ],
    [
        0.979045033454895,
        0.011633270420134068,
        -0.20331120491027832,
        0.7495489120483398,
        -0.0107074324041605,
        0.999926745891571,
        0.0056532034650444984,
        -0.0813223272562027,
        0.20336207747459412,
        -0.0033578008878976107,
        0.979097843170166,
        0.2567974030971527
    ],
    [
        0.9729440808296204,
        0.014082543551921844,
        -0.23061086237430573,
        0.8272871971130371,
        -0.0127061503008008,
        0.999891459941864,
        0.0074525512754917145,
        -0.10469603538513184,
        0.23069077730178833,
        -0.004320740234106779,
        0.9730175137519836,
        0.32705187797546387
    ],
    [
        0.9672906994819641,
        0.015605272725224495,
        -0.2531900107860565,
        0.9021356105804443,
        -0.013878108933568,
        0.9998667240142822,
        0.0086062615737319,
        -0.11491648852825165,
        0.2532905042171478,
        -0.0048109558410942554,
        0.9673782587051392,
        0.4022098779678345
    ],
    [
        0.9607618451118469,
        0.01670280657708645,
        -0.27687138319015503,
        0.9877990484237671,
        -0.014481700956821442,
        0.9998443722724915,
        0.010065104812383652,
        -0.12200019508600235,
        0.2769964635372162,
        -0.005660598631948233,
        0.9608542919158936,
        0.4883548319339752
    ],
    [
        0.9540684223175049,
        0.017729198560118675,
        -0.2990637719631195,
        1.0638467073440552,
        -0.015344548039138317,
        0.9998289942741394,
        0.010320267640054226,
        -0.12879566848278046,
        0.29919564723968506,
        -0.005257244221866131,
        0.9541772603988647,
        0.5721679329872131
    ],
    [
        0.9453902244567871,
        0.019822536036372185,
        -0.32533732056617737,
        1.1226931810379028,
        -0.016958720982074738,
        0.9997884631156921,
        0.01163632981479168,
        -0.13598749041557312,
        0.32549920678138733,
        -0.005483570042997599,
        0.9455264806747437,
        0.6493015289306641
    ],
    [
        0.9370834827423096,
        0.021593499928712845,
        -0.3484368324279785,
        1.1640022993087769,
        -0.01845894753932953,
        0.9997537732124329,
        0.012313872575759888,
        -0.13783594965934753,
        0.34861692786216736,
        -0.005107349716126919,
        0.9372513294219971,
        0.7328320145606995
    ],
    [
        0.9283832311630249,
        0.024203378707170486,
        -0.3708353340625763,
        1.1941157579421997,
        -0.020334159955382347,
        0.9996903538703918,
        0.014340592548251152,
        -0.1361589878797531,
        0.37106767296791077,
        -0.005772947799414396,
        0.9285878539085388,
        0.8437021970748901
    ],
    [
        0.9218457937240601,
        0.025541210547089577,
        -0.38671427965164185,
        1.2024790048599243,
        -0.021352261304855347,
        0.9996575117111206,
        0.015124748460948467,
        -0.14349201321601868,
        0.38696810603141785,
        -0.005685457959771156,
        0.9220755100250244,
        0.934280276298523
    ],
    [
        0.9164423942565918,
        0.027031026780605316,
        -0.3992528021335602,
        1.2038347721099854,
        -0.02267792634665966,
        0.9996207356452942,
        0.015623613260686398,
        -0.15188391506671906,
        0.39952367544174194,
        -0.0052639213390648365,
        0.9167078137397766,
        1.016455888748169
    ],
    [
        0.9108563661575317,
        0.028622914105653763,
        -0.4117296040058136,
        1.203263282775879,
        -0.023869723081588745,
        0.9995758533477783,
        0.016682980582118034,
        -0.15657249093055725,
        0.4120325446128845,
        -0.005367923993617296,
        0.9111533761024475,
        1.087017297744751
    ],
    [
        0.9071220755577087,
        0.029614442959427834,
        -0.41982463002204895,
        1.197641134262085,
        -0.024706166237592697,
        0.9995481371879578,
        0.017125146463513374,
        -0.1526220440864563,
        0.4201420843601227,
        -0.005162340588867664,
        0.907443642616272,
        1.1536880731582642
    ],
    [
        0.9043808579444885,
        0.0306171216070652,
        -0.42562663555145264,
        1.1835449934005737,
        -0.02550864778459072,
        0.9995179176330566,
        0.017698219045996666,
        -0.13753308355808258,
        0.42596331238746643,
        -0.005148768424987793,
        0.9047257900238037,
        1.2276555299758911
    ],
    [
        0.900489091873169,
        0.031569913029670715,
        -0.4337312877178192,
        1.1630576848983765,
        -0.02619420923292637,
        0.9994882345199585,
        0.018366575241088867,
        -0.11190906167030334,
        0.4340890944004059,
        -0.005177654325962067,
        0.9008550643920898,
        1.319780707359314
    ],
    [
        0.8958528637886047,
        0.03234904631972313,
        -0.44317179918289185,
        1.1471980810165405,
        -0.02656937763094902,
        0.9994616508483887,
        0.01924619823694229,
        -0.08576667308807373,
        0.4435558617115021,
        -0.005466964561492205,
        0.896230161190033,
        1.3995884656906128
    ],
    [
        0.8884709477424622,
        0.033426281064748764,
        -0.4577139914035797,
        1.1395342350006104,
        -0.027337120845913887,
        0.9994277358055115,
        0.019922737032175064,
        -0.0585576593875885,
        0.4581179916858673,
        -0.0051881903782486916,
        0.8888762593269348,
        1.4807250499725342
    ],
    [
        0.8786348700523376,
        0.03359795734286308,
        -0.4763108789920807,
        1.1298247575759888,
        -0.027868501842021942,
        0.9994293451309204,
        0.019089529290795326,
        -0.03709026426076889,
        0.4766804873943329,
        -0.003498653182759881,
        0.8790697455406189,
        1.558111548423767
    ],
    [
        0.8674649000167847,
        0.03460511192679405,
        -0.496293306350708,
        1.1187466382980347,
        -0.02845602110028267,
        0.9993959665298462,
        0.019947092980146408,
        -0.015020597726106644,
        0.49668392539024353,
        -0.003180871019139886,
        0.8679256439208984,
        1.6233199834823608
    ],
    [
        0.8569379448890686,
        0.035624898970127106,
        -0.5141869783401489,
        1.1077758073806763,
        -0.029125194996595383,
        0.9993614554405212,
        0.02069997787475586,
        0.016740849241614342,
        0.5145960450172424,
        -0.0027627970557659864,
        0.857428252696991,
        1.6660970449447632
    ],
    [
        0.8468985557556152,
        0.036500491201877594,
        -0.5305002331733704,
        1.0944167375564575,
        -0.030329013243317604,
        0.9993329644203186,
        0.020340317860245705,
        0.04975145682692528,
        0.5308887958526611,
        -0.001136638573370874,
        0.8474407196044922,
        1.6984682083129883
    ]
]