[
    [
        0.9266855716705322,
        -0.04157264158129692,
        0.3735310733318329,
        -0.06901393830776215,
        0.042584579437971115,
        0.9990774393081665,
        0.005546458996832371,
        -0.09761638194322586,
        -0.37341704964637756,
        0.010766837745904922,
        0.927601158618927,
        0.12389866262674332
    ],
    [
        0.9053821563720703,
        -0.047015730291604996,
        0.42198652029037476,
        -0.07844418287277222,
        0.04841555282473564,
        0.9987998008728027,
        0.007404806558042765,
        -0.11546069383621216,
        -0.4218282103538513,
        0.013726532459259033,
        0.9065719246864319,
        0.14061298966407776
    ],
    [
        0.875920832157135,
        -0.053382061421871185,
        0.4794926345348358,
        -0.08808286488056183,
        0.05449877679347992,
        0.9984463453292847,
        0.011600837111473083,
        -0.1398240625858307,
        -0.4793669581413269,
        0.015970343723893166,
        0.8774693012237549,
        0.16020745038986206
    ],
    [
        0.8479534983634949,
        -0.0583437941968441,
        0.5268499255180359,
        -0.09439864009618759,
        0.059438399970531464,
        0.9981212019920349,
        0.014867951162159443,
        -0.16289860010147095,
        -0.526727557182312,
        0.01870778575539589,
        0.8498282432556152,
        0.17487560212612152
    ],
    [
        0.8224159479141235,
        -0.0627545565366745,
        0.5654147863388062,
        -0.10125062614679337,
        0.06329997628927231,
        0.9978197813034058,
        0.018674487248063087,
        -0.1887284368276596,
        -0.5653539896011353,
        0.020432550460100174,
        0.8245952725410461,
        0.18558330833911896
    ],
    [
        0.8005703091621399,
        -0.0654437392950058,
        0.5956544876098633,
        -0.10850047320127487,
        0.06621917337179184,
        0.9975923299789429,
        0.020604342222213745,
        -0.21186861395835876,
        -0.5955687761306763,
        0.022948523983359337,
        0.8029764294624329,
        0.19606433808803558
    ],
    [
        0.783324122428894,
        -0.06912410259246826,
        0.6177582740783691,
        -0.114986352622509,
        0.0680944174528122,
        0.9973592162132263,
        0.025255123153328896,
        -0.23050561547279358,
        -0.6178725957870483,
        0.02228293940424919,
        0.7859624624252319,
        0.2046300321817398
    ],
    [
        0.7704458832740784,
        -0.07102682441473007,
        0.6335362792015076,
        -0.11795254796743393,
        0.06972984969615936,
        0.9972004294395447,
        0.026999088004231453,
        -0.24019934237003326,
        -0.6336804032325745,
        0.02337505854666233,
        0.7732416987419128,
        0.20995251834392548
    ],
    [
        0.7613617181777954,
        -0.07279396802186966,
        0.6442277431488037,
        -0.12109026312828064,
        0.07067099958658218,
        0.997073769569397,
        0.029143070802092552,
        -0.2452908754348755,
        -0.6444640755653381,
        0.02333979681134224,
        0.7642782926559448,
        0.21249864995479584
    ],
    [
        0.7562510967254639,
        -0.07359876483678818,
        0.6501287817955017,
        -0.12275296449661255,
        0.07103705406188965,
        0.9970152974128723,
        0.030235927551984787,
        -0.2476901262998581,
        -0.6504136323928833,
        0.023317277431488037,
        0.7592222094535828,
        0.2150643765926361
    ],
    [
        0.7515261173248291,
        -0.07408476620912552,
        0.6555302739143372,
        -0.12444514036178589,
        0.07146836072206497,
        0.9969691634178162,
        0.030738282948732376,
        -0.2473824918270111,
        -0.6558206081390381,
        0.023749053478240967,
        0.754543125629425,
        0.21952080726623535
    ],
    [
        0.7488695979118347,
        -0.07461722195148468,
        0.6585032939910889,
        -0.1281943917274475,
        0.0713522657752037,
        0.9969432950019836,
        0.031823087483644485,
        -0.24437540769577026,
        -0.6588650345802307,
        0.023154353722929955,
        0.7519046664237976,
        0.22186841070652008
    ],
    [
        0.7474106550216675,
        -0.07501831650733948,
        0.6601133346557617,
        -0.13485892117023468,
        0.07110066711902618,
        0.9969300031661987,
        0.03279229253530502,
        -0.2400873750448227,
        -0.6605467796325684,
        0.02242518588900566,
        0.7504498958587646,
        0.2201596200466156
    ],
    [
        0.7463594079017639,
        -0.07510732859373093,
        0.6612915396690369,
        -0.1435025930404663,
        0.07090971618890762,
        0.9969301223754883,
        0.0331965908408165,
        -0.2334045022726059,
        -0.661754846572876,
        0.022115414962172508,
        0.7493940591812134,
        0.21735204756259918
    ],
    [
        0.7461600303649902,
        -0.07503117620944977,
        0.6615251898765564,
        -0.15641923248767853,
        0.07056888937950134,
        0.9969450235366821,
        0.03347758576273918,
        -0.22280696034431458,
        -0.6620160937309265,
        0.021703464910387993,
        0.7491753101348877,
        0.2152920663356781
    ],
    [
        0.7463338971138,
        -0.07463642209768295,
        0.6613736748695374,
        -0.17252033948898315,
        0.07015635818243027,
        0.9969787001609802,
        0.03334099054336548,
        -0.20959313213825226,
        -0.6618638634681702,
        0.02151605673134327,
        0.7493153214454651,
        0.2119218409061432
    ],
    [
        0.7465696334838867,
        -0.0745624229311943,
        0.6611159443855286,
        -0.18714489042758942,
        0.06952942907810211,
        0.9970027804374695,
        0.03392805531620979,
        -0.194905623793602,
        -0.6616641879081726,
        0.020637355744838715,
        0.7495161890983582,
        0.2078227400779724
    ],
    [
        0.7474796175956726,
        -0.07422979921102524,
        0.6601243019104004,
        -0.19530700147151947,
        0.0691799595952034,
        0.9970320463180542,
        0.033779826015233994,
        -0.18504099547863007,
        -0.6606726050376892,
        0.020417632535099983,
        0.7503964900970459,
        0.20491915941238403
    ],
    [
        0.7524515390396118,
        -0.07348978519439697,
        0.6545348167419434,
        -0.20559222996234894,
        0.06817151606082916,
        0.9971082210540771,
        0.033583395183086395,
        -0.17255017161369324,
        -0.6551101207733154,
        0.019350750371813774,
        0.7552855014801025,
        0.20016059279441833
    ],
    [
        0.7647960782051086,
        -0.07212512195110321,
        0.6402225494384766,
        -0.21886441111564636,
        0.06604495644569397,
        0.9972557425498962,
        0.033451300114393234,
        -0.15943089127540588,
        -0.6408783197402954,
        0.01670004241168499,
        0.767460823059082,
        0.19511960446834564
    ],
    [
        0.7875540256500244,
        -0.06822624057531357,
        0.6124571561813354,
        -0.23201072216033936,
        0.06175253540277481,
        0.9975872039794922,
        0.03172168508172035,
        -0.14639922976493835,
        -0.613143801689148,
        0.012838240712881088,
        0.7898669838905334,
        0.18979433178901672
    ],
    [
        0.8171656131744385,
        -0.06208479776978493,
        0.5730496048927307,
        -0.2474297285079956,
        0.0557529591023922,
        0.9980341196060181,
        0.028624674305319786,
        -0.13340690732002258,
        -0.5737003087997437,
        0.008558105677366257,
        0.8190205097198486,
        0.18614619970321655
    ],
    [
        0.8511630892753601,
        -0.05560644716024399,
        0.5219476222991943,
        -0.26506945490837097,
        0.049375858157873154,
        0.9984457492828369,
        0.02585146762430668,
        -0.12054989486932755,
        -0.5225738286972046,
        0.0037677932996302843,
        0.8525857329368591,
        0.17792899906635284
    ],
    [
        0.8855249881744385,
        -0.04700733721256256,
        0.4622076153755188,
        -0.28573358058929443,
        0.04159688949584961,
        0.9988945126533508,
        0.021895548328757286,
        -0.10929682105779648,
        -0.4627258777618408,
        -0.00016265524027403444,
        0.8865013718605042,
        0.1650463044643402
    ],
    [
        0.9172828197479248,
        -0.03812769055366516,
        0.3964070677757263,
        -0.3146856725215912,
        0.03318368270993233,
        0.9992624521255493,
        0.01932545192539692,
        -0.10197971016168594,
        -0.396851509809494,
        -0.004572656471282244,
        0.9178714752197266,
        0.15085135400295258
    ]
]