[
    [
        0.9932377934455872,
        0.030527863651514053,
        -0.11201182752847672,
        0.005630834493786097,
        -0.03305552154779434,
        0.9992374181747437,
        -0.02077820524573326,
        0.11767961829900742,
        0.11129210889339447,
        0.02434030920267105,
        0.9934896230697632,
        0.16712146997451782
    ],
    [
        0.9913468956947327,
        0.0318966768682003,
        -0.1273343563079834,
        0.00717773986980319,
        -0.035279639065265656,
        0.9990795254707336,
        -0.02440066635608673,
        0.12722361087799072,
        0.12643884122371674,
        0.028681831434369087,
        0.9915596842765808,
        0.1847863644361496
    ],
    [
        0.9890645146369934,
        0.03289220854640007,
        -0.14376913011074066,
        0.0047333696857094765,
        -0.03737681359052658,
        0.9988917112350464,
        -0.02860361337661743,
        0.14033393561840057,
        0.1426689624786377,
        0.03366444259881973,
        0.9891977906227112,
        0.20753121376037598
    ],
    [
        0.9862635135650635,
        0.03414708375930786,
        -0.1616111844778061,
        0.005000496748834848,
        -0.0399874784052372,
        0.998654305934906,
        -0.033024098724126816,
        0.15532848238945007,
        0.16026602685451508,
        0.039032887667417526,
        0.9863017797470093,
        0.2302427440881729
    ],
    [
        0.984079122543335,
        0.03424360975623131,
        -0.1744009256362915,
        0.00809340737760067,
        -0.04125281795859337,
        0.9984736442565918,
        -0.036723971366882324,
        0.16825778782367706,
        0.17287716269493103,
        0.04333382472395897,
        0.9839897155761719,
        0.24848493933677673
    ],
    [
        0.9805562496185303,
        0.03510450944304466,
        -0.1930726319551468,
        0.013219792395830154,
        -0.043751418590545654,
        0.9982128143310547,
        -0.040704671293497086,
        0.18019138276576996,
        0.1912986785173416,
        0.048360418528318405,
        0.9803398251533508,
        0.2705709636211395
    ],
    [
        0.9762821793556213,
        0.03546702861785889,
        -0.2135774940252304,
        0.019036877900362015,
        -0.04600830748677254,
        0.9979454874992371,
        -0.04458768665790558,
        0.1884758174419403,
        0.2115572839975357,
        0.05335650593042374,
        0.9759081602096558,
        0.2907008230686188
    ],
    [
        0.9723724722862244,
        0.03617629408836365,
        -0.23061434924602509,
        0.023078620433807373,
        -0.04839126393198967,
        0.9976969361305237,
        -0.04753114655613899,
        0.1943058967590332,
        0.22836372256278992,
        0.05737769976258278,
        0.9718837141990662,
        0.30640894174575806
    ],
    [
        0.9670993685722351,
        0.037412527948617935,
        -0.2516329884529114,
        0.025626875460147858,
        -0.05154981464147568,
        0.9974267482757568,
        -0.04982467740774155,
        0.20517070591449738,
        0.24912141263484955,
        0.061157047748565674,
        0.9665392637252808,
        0.3283980190753937
    ],
    [
        0.9612526297569275,
        0.03810594230890274,
        -0.27302271127700806,
        0.02323567308485508,
        -0.05418221279978752,
        0.9971978068351746,
        -0.05158409848809242,
        0.2192937284708023,
        0.2702920138835907,
        0.06437832117080688,
        0.960623562335968,
        0.35388699173927307
    ],
    [
        0.9549859762191772,
        0.03900517150759697,
        -0.29407551884651184,
        0.0158427432179451,
        -0.05724493786692619,
        0.9969165325164795,
        -0.05367061868309975,
        0.23653492331504822,
        0.2910752594470978,
        0.06808902323246002,
        0.9542741775512695,
        0.38287487626075745
    ],
    [
        0.9502649903297424,
        0.039526063948869705,
        -0.3089241087436676,
        0.00810869038105011,
        -0.059564292430877686,
        0.9966692328453064,
        -0.05570124834775925,
        0.2522159218788147,
        0.30569350719451904,
        0.07133179157972336,
        0.9494541883468628,
        0.4084532856941223
    ],
    [
        0.9439743161201477,
        0.03967612236738205,
        -0.32762518525123596,
        -0.004812496714293957,
        -0.06209789961576462,
        0.9963683485984802,
        -0.05825801566243172,
        0.2653089165687561,
        0.32412391901016235,
        0.07533890753984451,
        0.9430099129676819,
        0.4426887631416321
    ],
    [
        0.9370839595794678,
        0.03936724737286568,
        -0.3468772768974304,
        -0.01408138033002615,
        -0.06453175097703934,
        0.996031641960144,
        -0.06129154562950134,
        0.2708613872528076,
        0.3430878818035126,
        0.07981991767883301,
        0.9359058141708374,
        0.47592148184776306
    ],
    [
        0.9321403503417969,
        0.03919262811541557,
        -0.35996997356414795,
        -0.019905459135770798,
        -0.06610517203807831,
        0.995837390422821,
        -0.06275470554828644,
        0.273197203874588,
        0.3560119867324829,
        0.08229207247495651,
        0.9308509230613708,
        0.5016548037528992
    ],
    [
        0.9245608448982239,
        0.03909402713179588,
        -0.3790234327316284,
        -0.026023536920547485,
        -0.06824220716953278,
        0.9956285953521729,
        -0.06377163529396057,
        0.27378880977630615,
        0.37487345933914185,
        0.08482616394758224,
        0.9231870174407959,
        0.5361000895500183
    ],
    [
        0.917873740196228,
        0.038580961525440216,
        -0.39499273896217346,
        -0.031243810430169106,
        -0.06965866684913635,
        0.9954745769500732,
        -0.06463789194822311,
        0.2717548906803131,
        0.3907114267349243,
        0.08684409409761429,
        0.9164074659347534,
        0.5749270915985107
    ],
    [
        0.910837709903717,
        0.03866146132349968,
        -0.4109500050544739,
        -0.034240689128637314,
        -0.07147351652383804,
        0.9953369498252869,
        -0.06477577984333038,
        0.2692645788192749,
        0.40652936697006226,
        0.08837226778268814,
        0.9093537330627441,
        0.6169642210006714
    ],
    [
        0.9050256013870239,
        0.03798753768205643,
        -0.4236574172973633,
        -0.0367920957505703,
        -0.07238355278968811,
        0.995231032371521,
        -0.06538911908864975,
        0.26658058166503906,
        0.41915303468704224,
        0.08984465897083282,
        0.9034593105316162,
        0.6492446064949036
    ],
    [
        0.8976821303367615,
        0.03795450180768967,
        -0.43900594115257263,
        -0.037705473601818085,
        -0.07445307075977325,
        0.9950236678123474,
        -0.06621679663658142,
        0.2633940279483795,
        0.43430808186531067,
        0.0921269878745079,
        0.8960407376289368,
        0.6854742765426636
    ],
    [
        0.8901046514511108,
        0.03743094205856323,
        -0.4542165994644165,
        -0.03934916853904724,
        -0.07593638449907303,
        0.9948709607124329,
        -0.0668235570192337,
        0.26283833384513855,
        0.4493856728076935,
        0.09397152066230774,
        0.8883816599845886,
        0.7177833318710327
    ],
    [
        0.884536623954773,
        0.036934755742549896,
        -0.4650062024593353,
        -0.04303496330976486,
        -0.07702577859163284,
        0.9947410821914673,
        -0.06750789284706116,
        0.2628607451915741,
        0.46006742119789124,
        0.0955306813120842,
        0.882729709148407,
        0.7424437403678894
    ],
    [
        0.8781070113182068,
        0.03693896532058716,
        -0.47703635692596436,
        -0.04676821082830429,
        -0.07886849343776703,
        0.9945518374443054,
        -0.06816515326499939,
        0.2639600336551666,
        0.471919447183609,
        0.0974794402718544,
        0.8762362003326416,
        0.7734234929084778
    ],
    [
        0.8725659251213074,
        0.036985237151384354,
        -0.4870941638946533,
        -0.05425914749503136,
        -0.08023672550916672,
        0.9944382309913635,
        -0.06822562217712402,
        0.26429182291030884,
        0.4818616807460785,
        0.09861419349908829,
        0.8706806302070618,
        0.807249903678894
    ],
    [
        0.8670371770858765,
        0.03693453222513199,
        -0.4968726336956024,
        -0.06304267048835754,
        -0.08137036859989166,
        0.9943563342094421,
        -0.06807588785886765,
        0.26163268089294434,
        0.49155405163764954,
        0.09945503622293472,
        0.865149199962616,
        0.8428506255149841
    ]
]