[
    [
        0.9598331451416016,
        -0.0602446012198925,
        0.2740270793437958,
        -0.20225945115089417,
        0.045209966599941254,
        0.9971219301223755,
        0.06085962429642677,
        0.017253601923584938,
        -0.2769048810005188,
        -0.046026330441236496,
        0.959794282913208,
        0.028119070455431938
    ],
    [
        0.9170429110527039,
        -0.09301334619522095,
        0.387789785861969,
        -0.26564422249794006,
        0.06405317783355713,
        0.994148850440979,
        0.08697906136512756,
        0.02499924972653389,
        -0.3936109244823456,
        -0.05492435395717621,
        0.917634904384613,
        0.0031116814352571964
    ],
    [
        0.859114944934845,
        -0.12292730808258057,
        0.496800035238266,
        -0.3599048852920532,
        0.0810575857758522,
        0.9911550879478455,
        0.10507698357105255,
        -0.0032620069105178118,
        -0.5053227543830872,
        -0.050003811717033386,
        0.8614804148674011,
        -0.04705369099974632
    ],
    [
        0.7947160005569458,
        -0.1489173173904419,
        0.5884302258491516,
        -0.46520036458969116,
        0.0975700169801712,
        0.9881718158721924,
        0.11830703169107437,
        -0.04472823441028595,
        -0.599088191986084,
        -0.03660733997821808,
        0.799845814704895,
        -0.11030194163322449
    ],
    [
        0.7182258367538452,
        -0.17381423711776733,
        0.6737508177757263,
        -0.5545213222503662,
        0.11445962637662888,
        0.9846195578575134,
        0.13199694454669952,
        -0.09268615394830704,
        -0.6863312125205994,
        -0.01768636144697666,
        0.7270740270614624,
        -0.1885220855474472
    ],
    [
        0.6360366940498352,
        -0.19561728835105896,
        0.7464523911476135,
        -0.5965595245361328,
        0.130385622382164,
        0.9806697964668274,
        0.1458980143070221,
        -0.13990183174610138,
        -0.7605634927749634,
        0.004530167207121849,
        0.6492477655410767,
        -0.27447378635406494
    ],
    [
        0.509296178817749,
        -0.2183278352022171,
        0.8324363827705383,
        -0.6268417239189148,
        0.14850261807441711,
        0.9750699400901794,
        0.1648811399936676,
        -0.1737551987171173,
        -0.8476817011833191,
        0.03964565321803093,
        0.5290216207504272,
        -0.36808785796165466
    ],
    [
        0.3502916693687439,
        -0.2357332557439804,
        0.9064908027648926,
        -0.6735200881958008,
        0.16426999866962433,
        0.9682719111442566,
        0.18832123279571533,
        -0.2044711709022522,
        -0.9221230745315552,
        0.08294187486171722,
        0.37790149450302124,
        -0.46413031220436096
    ],
    [
        0.19883087277412415,
        -0.24485591053962708,
        0.9489531517028809,
        -0.7417461276054382,
        0.1735195517539978,
        0.9617836475372314,
        0.21180960536003113,
        -0.2465108186006546,
        -0.9645503163337708,
        0.12254763394594193,
        0.2337195724248886,
        -0.5485805869102478
    ],
    [
        0.030458500608801842,
        -0.24615620076656342,
        0.9687514901161194,
        -0.825067937374115,
        0.17941537499427795,
        0.9548060297966003,
        0.2369716763496399,
        -0.2999021112918854,
        -0.9833018779754639,
        0.1665910929441452,
        0.07324615865945816,
        -0.6298791170120239
    ],
    [
        -0.12047259509563446,
        -0.23570702970027924,
        0.9643279910087585,
        -0.9141340255737305,
        0.17892469465732574,
        0.9503389596939087,
        0.2546406388282776,
        -0.3671077489852905,
        -0.9764590859413147,
        0.20321933925151825,
        -0.0723159983754158,
        -0.6942555904388428
    ],
    [
        -0.26594287157058716,
        -0.2119981050491333,
        0.9403888583183289,
        -0.9755452871322632,
        0.17327943444252014,
        0.9491161108016968,
        0.26296913623809814,
        -0.43419942259788513,
        -0.948287308216095,
        0.23288479447364807,
        -0.21567580103874207,
        -0.720649242401123
    ],
    [
        -0.39581918716430664,
        -0.18021292984485626,
        0.9004723429679871,
        -1.0258649587631226,
        0.16855528950691223,
        0.9496403336524963,
        0.26414451003074646,
        -0.4991162121295929,
        -0.9027271270751953,
        0.2563328146934509,
        -0.34550994634628296,
        -0.7447055578231812
    ],
    [
        -0.4954337179660797,
        -0.15016794204711914,
        0.8555670976638794,
        -1.0575122833251953,
        0.16339349746704102,
        0.9512513875961304,
        0.2615787088871002,
        -0.5731661319732666,
        -0.8531399965286255,
        0.2693890333175659,
        -0.4467455744743347,
        -0.7571629285812378
    ],
    [
        -0.5735730528831482,
        -0.12065231800079346,
        0.8102203011512756,
        -1.0733331441879272,
        0.15614576637744904,
        0.9548541307449341,
        0.252729207277298,
        -0.6359291076660156,
        -0.8041344881057739,
        0.2714710533618927,
        -0.5288393497467041,
        -0.7652671933174133
    ],
    [
        -0.6311870813369751,
        -0.09444025158882141,
        0.7698597311973572,
        -1.092371940612793,
        0.15087954699993134,
        0.9586495757102966,
        0.24130164086818695,
        -0.6616945266723633,
        -0.7608141303062439,
        0.26846250891685486,
        -0.5908381342887878,
        -0.7829724550247192
    ],
    [
        -0.6892744898796082,
        -0.06973398476839066,
        0.7211364507675171,
        -1.1216589212417603,
        0.14390186965465546,
        0.962348461151123,
        0.2306029051542282,
        -0.6772958636283875,
        -0.710065484046936,
        0.26272156834602356,
        -0.6532874703407288,
        -0.7982627749443054
    ],
    [
        -0.7329966425895691,
        -0.05245516449213028,
        0.6782068014144897,
        -1.1391582489013672,
        0.13788826763629913,
        0.9648656845092773,
        0.22365427017211914,
        -0.6725642085075378,
        -0.6661102771759033,
        0.2574545741081238,
        -0.7000101804733276,
        -0.8157381415367126
    ],
    [
        -0.7747020125389099,
        -0.03875752538442612,
        0.6311377286911011,
        -1.1393963098526,
        0.13177652657032013,
        0.966309130191803,
        0.22109173238277435,
        -0.657317578792572,
        -0.6184432506561279,
        0.25444936752319336,
        -0.7434941530227661,
        -0.8265781402587891
    ],
    [
        -0.8047938346862793,
        -0.03130745887756348,
        0.5927280187606812,
        -1.1258196830749512,
        0.12632597982883453,
        0.966694712638855,
        0.22258290648460388,
        -0.625554621219635,
        -0.579955518245697,
        0.2540103793144226,
        -0.7740350365638733,
        -0.8472211360931396
    ],
    [
        -0.823891282081604,
        -0.028357727453112602,
        0.5660380721092224,
        -1.0723247528076172,
        0.12265820801258087,
        0.9661545157432556,
        0.2269369661808014,
        -0.572085440158844,
        -0.5533156991004944,
        0.25640058517456055,
        -0.7925278544425964,
        -0.918264627456665
    ],
    [
        -0.8428186178207397,
        -0.025733349844813347,
        0.5375822186470032,
        -0.9597417116165161,
        0.11812059581279755,
        0.9656580090522766,
        0.23141369223594666,
        -0.5118829011917114,
        -0.5250755548477173,
        0.2585392892360687,
        -0.8108348250389099,
        -1.0253362655639648
    ],
    [
        -0.8600102066993713,
        -0.023684563115239143,
        0.5097267031669617,
        -0.8480865359306335,
        0.11275197565555573,
        0.9654108881950378,
        0.23509296774864197,
        -0.4666255712509155,
        -0.4976637661457062,
        0.25965505838394165,
        -0.8275928497314453,
        -1.1296131610870361
    ],
    [
        -0.8751197457313538,
        -0.02128446288406849,
        0.48343807458877563,
        -0.725654661655426,
        0.10820051282644272,
        0.9651314616203308,
        0.23835673928260803,
        -0.40226563811302185,
        -0.4716547429561615,
        0.26089897751808167,
        -0.8423026204109192,
        -1.2457274198532104
    ],
    [
        -0.8890864253044128,
        -0.020094947889447212,
        0.45729807019233704,
        -0.5549067258834839,
        0.10339292883872986,
        0.9644002914428711,
        0.24339674413204193,
        -0.2988712787628174,
        -0.44590944051742554,
        0.26368212699890137,
        -0.8553575277328491,
        -1.4248052835464478
    ]
]