[
    [
        0.9988678097724915,
        -0.0049738590605556965,
        0.04731232300400734,
        -0.193869948387146,
        0.005195265170186758,
        0.9999760985374451,
        -0.004557857755571604,
        -0.07115394622087479,
        -0.047288525849580765,
        0.004798497539013624,
        0.9988697171211243,
        0.3717135787010193
    ],
    [
        0.9958080649375916,
        -0.008351155556738377,
        0.09108507633209229,
        -0.2900339961051941,
        0.009559410624206066,
        0.9998719096183777,
        -0.012836921028792858,
        -0.11272726207971573,
        -0.09096620231866837,
        0.01365382969379425,
        0.9957603812217712,
        0.5925204157829285
    ],
    [
        0.9905979633331299,
        -0.012104730121791363,
        0.13626882433891296,
        -0.373904287815094,
        0.014365279115736485,
        0.9997749328613281,
        -0.015617748722434044,
        -0.11762997508049011,
        -0.13604910671710968,
        0.017428450286388397,
        0.9905487895011902,
        0.808260440826416
    ],
    [
        0.9816520810127258,
        -0.016688043251633644,
        0.18994943797588348,
        -0.46923789381980896,
        0.01982760615646839,
        0.9996962547302246,
        -0.014639879576861858,
        -0.070948526263237,
        -0.18964745104312897,
        0.018137510865926743,
        0.9816847443580627,
        1.0663756132125854
    ],
    [
        0.9689128398895264,
        -0.020511861890554428,
        0.2465505599975586,
        -0.5719418525695801,
        0.025514381006360054,
        0.9995279312133789,
        -0.017112240195274353,
        -0.02559201791882515,
        -0.24608318507671356,
        0.022870853543281555,
        0.9689788818359375,
        1.2913119792938232
    ],
    [
        0.9551218152046204,
        -0.02491120621562004,
        0.2951637804508209,
        -0.6597578525543213,
        0.030723797157406807,
        0.999414324760437,
        -0.015070779249072075,
        0.01452136691659689,
        -0.2946155369281769,
        0.023462984710931778,
        0.9553278088569641,
        1.5157924890518188
    ],
    [
        0.9447397589683533,
        -0.028355412185192108,
        0.3265923857688904,
        -0.7006732821464539,
        0.03461904078722,
        0.999311089515686,
        -0.013380933552980423,
        0.05929090455174446,
        -0.32598796486854553,
        0.023947814479470253,
        0.9450705051422119,
        1.7808032035827637
    ],
    [
        0.9369255304336548,
        -0.029557611793279648,
        0.3482770323753357,
        -0.7308617830276489,
        0.03669871389865875,
        0.999229371547699,
        -0.01392317097634077,
        0.08026248961687088,
        -0.34759700298309326,
        0.025826288387179375,
        0.9372883439064026,
        2.0634169578552246
    ],
    [
        0.931566596031189,
        -0.030453527346253395,
        0.3622931241989136,
        -0.7842828035354614,
        0.03805692866444588,
        0.9991793632507324,
        -0.013867328874766827,
        0.10062622278928757,
        -0.3615734279155731,
        0.026706106960773468,
        0.9319609999656677,
        2.3303146362304688
    ],
    [
        0.926683783531189,
        -0.030782748013734818,
        0.37457895278930664,
        -0.882220983505249,
        0.03869631886482239,
        0.9991581439971924,
        -0.013621714897453785,
        0.11911822110414505,
        -0.3738444447517395,
        0.02711785025894642,
        0.9270949959754944,
        2.58297061920166
    ],
    [
        0.9208614230155945,
        -0.031035292893648148,
        0.38865286111831665,
        -1.0365642309188843,
        0.03893965482711792,
        0.9991637468338013,
        -0.012475632131099701,
        0.12268956005573273,
        -0.38794058561325073,
        0.026622332632541656,
        0.9212998151779175,
        2.849933624267578
    ],
    [
        0.9136793613433838,
        -0.03074687160551548,
        0.4052709639072418,
        -1.1708736419677734,
        0.04021017253398895,
        0.9990808367729187,
        -0.014855754561722279,
        0.10744849592447281,
        -0.4044417440891266,
        0.029869424179196358,
        0.9140758514404297,
        3.0602645874023438
    ],
    [
        0.9055685997009277,
        -0.03289300948381424,
        0.42292240262031555,
        -1.2910258769989014,
        0.042739059776067734,
        0.9989907741546631,
        -0.013816576451063156,
        0.1052318811416626,
        -0.4220410883426666,
        0.030587168410420418,
        0.906060516834259,
        3.274972915649414
    ],
    [
        0.9001877307891846,
        -0.03443598374724388,
        0.43413853645324707,
        -1.4149012565612793,
        0.043902721256017685,
        0.9989662170410156,
        -0.011794175021350384,
        0.0863296315073967,
        -0.4332834780216217,
        0.029676832258701324,
        0.9007688760757446,
        3.511937141418457
    ],
    [
        0.8971397280693054,
        -0.03469180315732956,
        0.44038259983062744,
        -1.5246371030807495,
        0.04446457698941231,
        0.9989401698112488,
        -0.011889426037669182,
        0.065146304666996,
        -0.43950340151786804,
        0.030247900635004044,
        0.8977314829826355,
        3.7199392318725586
    ],
    [
        0.8946171402931213,
        -0.0374147854745388,
        0.44526416063308716,
        -1.6393135786056519,
        0.04543652385473251,
        0.9989402890205383,
        -0.007351054809987545,
        0.03963186964392662,
        -0.44451722502708435,
        0.026807637885212898,
        0.8953691124916077,
        3.916250705718994
    ],
    [
        0.8918368220329285,
        -0.035769857466220856,
        0.450940877199173,
        -1.8049372434616089,
        0.045151807367801666,
        0.9989294409751892,
        -0.01006003562361002,
        0.019449541345238686,
        -0.45009827613830566,
        0.029332708567380905,
        0.8924970626831055,
        4.143869400024414
    ],
    [
        0.8892297744750977,
        -0.03505479171872139,
        0.45611563324928284,
        -2.0244052410125732,
        0.04426596313714981,
        0.9989743232727051,
        -0.009523406624794006,
        -0.008151094429194927,
        -0.4553140699863434,
        0.028658894822001457,
        0.8898695707321167,
        4.381248950958252
    ],
    [
        0.8878240585327148,
        -0.035053517669439316,
        0.4588458836078644,
        -2.1948883533477783,
        0.04451598599553108,
        0.9989603757858276,
        -0.00981874018907547,
        -0.03011091984808445,
        -0.458024799823761,
        0.02914329245686531,
        0.8884615898132324,
        4.59287691116333
    ],
    [
        0.8868553638458252,
        -0.03522877022624016,
        0.46070221066474915,
        -2.3500161170959473,
        0.0447789691388607,
        0.9989487528800964,
        -0.009812694042921066,
        -0.019247474148869514,
        -0.4598722755908966,
        0.02933221124112606,
        0.8875004649162292,
        4.851279258728027
    ],
    [
        0.8951771259307861,
        -0.03535261005163193,
        0.4443064332008362,
        -2.5141870975494385,
        0.0427551195025444,
        0.9990634918212891,
        -0.006648361217230558,
        -0.033017754554748535,
        -0.4436553418636322,
        0.024947840720415115,
        0.8958502411842346,
        5.155699729919434
    ],
    [
        0.9138820171356201,
        -0.03149908781051636,
        0.4047561585903168,
        -2.6456000804901123,
        0.039903365075588226,
        0.9991272687911987,
        -0.01234167255461216,
        -0.052920710295438766,
        -0.40401411056518555,
        0.027429958805441856,
        0.9143413305282593,
        5.39465856552124
    ],
    [
        0.9428544640541077,
        -0.02527574822306633,
        0.3322448134422302,
        -2.8297080993652344,
        0.032772839069366455,
        0.9993184804916382,
        -0.01697992905974388,
        -0.060144323855638504,
        -0.3315892815589905,
        0.026898209005594254,
        0.9430403709411621,
        5.632258892059326
    ],
    [
        0.9694189429283142,
        -0.018321625888347626,
        0.24472704529762268,
        -3.0853593349456787,
        0.023225778713822365,
        0.999582827091217,
        -0.01716821826994419,
        -0.09666639566421509,
        -0.2443104237318039,
        0.022327173501253128,
        0.9694399833679199,
        5.914037227630615
    ],
    [
        0.9880658388137817,
        -0.01097841002047062,
        0.15364107489585876,
        -3.34942889213562,
        0.014140300452709198,
        0.9997097849845886,
        -0.019502097740769386,
        -0.15735773742198944,
        -0.1533823311328888,
        0.021441882476210594,
        0.9879342913627625,
        6.168127059936523
    ]
]