[
    [
        0.9783433675765991,
        -0.014429300092160702,
        0.20648525655269623,
        0.20699304342269897,
        0.014039890840649605,
        0.9998958110809326,
        0.0033511549700051546,
        0.06395160406827927,
        -0.20651210844516754,
        -0.00037954963045194745,
        0.97844398021698,
        0.07257116585969925
    ],
    [
        0.9801191091537476,
        -0.014091084711253643,
        0.19790874421596527,
        0.1952720433473587,
        0.013719890266656876,
        0.9999005794525146,
        0.003246735315769911,
        0.06313135474920273,
        -0.1979348212480545,
        -0.0004669009358622134,
        0.9802150726318359,
        0.07618599385023117
    ],
    [
        0.9827489256858826,
        -0.013600938022136688,
        0.18444375693798065,
        0.18071036040782928,
        0.013161785900592804,
        0.9999068379402161,
        0.003605118254199624,
        0.059106916189193726,
        -0.1844756156206131,
        -0.0011153166415169835,
        0.9828364253044128,
        0.08129709213972092
    ],
    [
        0.984373927116394,
        -0.012971549294888973,
        0.17561252415180206,
        0.17126093804836273,
        0.01259689312428236,
        0.9999154210090637,
        0.003248057793825865,
        0.05808752775192261,
        -0.1756397932767868,
        -0.0009851314825937152,
        0.9844539761543274,
        0.08314663916826248
    ],
    [
        0.9866958260536194,
        -0.012510169297456741,
        0.16209514439105988,
        0.16008338332176208,
        0.012195556424558163,
        0.9999213218688965,
        0.0029358132742345333,
        0.05813681334257126,
        -0.16211910545825958,
        -0.0009199143387377262,
        0.9867708683013916,
        0.08173808455467224
    ],
    [
        0.9881134033203125,
        -0.011728623881936073,
        0.15327882766723633,
        0.15306684374809265,
        0.011438420973718166,
        0.9999306797981262,
        0.002775042550638318,
        0.05968887358903885,
        -0.15330076217651367,
        -0.0009887890191748738,
        0.9881789684295654,
        0.08121351152658463
    ],
    [
        0.9901636838912964,
        -0.01114982645958662,
        0.13946904242038727,
        0.14089086651802063,
        0.010842475108802319,
        0.9999368786811829,
        0.0029633664526045322,
        0.05678226426243782,
        -0.13949327170848846,
        -0.0014220279408618808,
        0.9902219772338867,
        0.08409109711647034
    ],
    [
        0.9914366006851196,
        -0.010996594093739986,
        0.13012433052062988,
        0.1297283172607422,
        0.010711723007261753,
        0.9999384880065918,
        0.0028889458626508713,
        0.05367233231663704,
        -0.13014811277389526,
        -0.0014703512424603105,
        0.9914934635162354,
        0.084274061024189
    ],
    [
        0.9933356642723083,
        -0.00964949931949377,
        0.11485360562801361,
        0.11441237479448318,
        0.009393768385052681,
        0.9999520778656006,
        0.002767634578049183,
        0.04913508519530296,
        -0.11487480252981186,
        -0.0016702822176739573,
        0.9933785200119019,
        0.08398036658763885
    ],
    [
        0.994456946849823,
        -0.009105434641242027,
        0.10474970191717148,
        0.10364191234111786,
        0.008869846351444721,
        0.9999570250511169,
        0.002714683534577489,
        0.04625123739242554,
        -0.10476991534233093,
        -0.0017705216305330396,
        0.9944948554039001,
        0.08130773901939392
    ],
    [
        0.9960433840751648,
        -0.008284669369459152,
        0.08848175406455994,
        0.09003974497318268,
        0.008094444870948792,
        0.9999640583992004,
        0.002508467063307762,
        0.04266715049743652,
        -0.08849935978651047,
        -0.0017823311500251293,
        0.9960746765136719,
        0.07726992666721344
    ],
    [
        0.9969599843025208,
        -0.007349249441176653,
        0.07756742835044861,
        0.07987663149833679,
        0.007189247757196426,
        0.9999713897705078,
        0.002341787563636899,
        0.039458200335502625,
        -0.07758242636919022,
        -0.0017770177219063044,
        0.9969844222068787,
        0.07187088578939438
    ],
    [
        0.9981184005737305,
        -0.007044621277600527,
        0.060910459607839584,
        0.06544478237628937,
        0.006900421343743801,
        0.9999728798866272,
        0.0025774245150387287,
        0.030720915645360947,
        -0.06092696264386177,
        -0.0021522671449929476,
        0.9981398582458496,
        0.06254029273986816
    ],
    [
        0.9990183115005493,
        -0.006033560261130333,
        0.043887875974178314,
        0.04719598963856697,
        0.0059279692359268665,
        0.9999791979789734,
        0.002535705454647541,
        0.01961360312998295,
        -0.043902263045310974,
        -0.002273049671202898,
        0.9990333318710327,
        0.04881954938173294
    ],
    [
        0.9994632601737976,
        -0.004842426627874374,
        0.032399531453847885,
        0.0332944393157959,
        0.004776946734637022,
        0.9999864101409912,
        0.002098134020343423,
        0.011521171778440475,
        -0.03240925073623657,
        -0.0019422370241954923,
        0.9994727969169617,
        0.038077883422374725
    ],
    [
        0.9998993277549744,
        -0.0035297877620905638,
        0.013742939569056034,
        0.016142746433615685,
        0.0034998212940990925,
        0.9999914169311523,
        0.002203890820965171,
        -0.004332918673753738,
        -0.01375060249119997,
        -0.002155570313334465,
        0.9999030828475952,
        0.022338129580020905
    ],
    [
        0.999995768070221,
        -0.0026211999356746674,
        0.0012157997116446495,
        0.0042641968466341496,
        0.002618504222482443,
        0.999994158744812,
        0.002213626867160201,
        -0.015330799855291843,
        -0.001221595099195838,
        -0.002210434293374419,
        0.9999967813491821,
        0.010483326390385628
    ],
    [
        0.9998418688774109,
        -0.001426303992047906,
        -0.017730893567204475,
        -0.01281717885285616,
        0.0014700073515996337,
        0.9999959468841553,
        0.002452016109600663,
        -0.031453073024749756,
        0.01772732473909855,
        -0.0024776929058134556,
        0.9998397827148438,
        -0.006620750296860933
    ],
    [
        0.9995296001434326,
        -0.0006653110613115132,
        -0.03066202439367771,
        -0.024497199803590775,
        0.0007373499101959169,
        0.9999969601631165,
        0.002338204300031066,
        -0.041278939694166183,
        0.030660375952720642,
        -0.002359712729230523,
        0.999527096748352,
        -0.01783188432455063
    ],
    [
        0.9987424612045288,
        0.0012366927694529295,
        -0.05011763051152229,
        -0.04431305453181267,
        -0.0011387839913368225,
        0.9999973773956299,
        0.0019820895977318287,
        -0.051695335656404495,
        0.050119951367378235,
        -0.001922524650581181,
        0.9987414479255676,
        -0.0378764308989048
    ],
    [
        0.9979650974273682,
        0.0019222247647121549,
        -0.0637337863445282,
        -0.053888313472270966,
        -0.0017694045091047883,
        0.9999954700469971,
        0.0024541523307561874,
        -0.06268022954463959,
        0.06373821198940277,
        -0.002336387522518635,
        0.9979640245437622,
        -0.04679514095187187
    ],
    [
        0.9965014457702637,
        0.003600676544010639,
        -0.08349798619747162,
        -0.06994176656007767,
        -0.003406381467357278,
        0.9999911785125732,
        0.0024692800361663103,
        -0.07386194914579391,
        0.08350614458322525,
        -0.0021762161049991846,
        0.9965049028396606,
        -0.061546627432107925
    ],
    [
        0.995352566242218,
        0.00446132430806756,
        -0.09619490057229996,
        -0.08096890151500702,
        -0.0042143166065216064,
        0.9999872446060181,
        0.0027707957196980715,
        -0.0813356414437294,
        0.09620604664087296,
        -0.002352522686123848,
        0.9953586459159851,
        -0.06983211636543274
    ],
    [
        0.9933325052261353,
        0.006093348376452923,
        -0.11512316763401031,
        -0.09371744096279144,
        -0.005797934252768755,
        0.9999790191650391,
        0.0029007450211793184,
        -0.09178512543439865,
        0.11513841152191162,
        -0.002213927684351802,
        0.9933469295501709,
        -0.08039935678243637
    ],
    [
        0.9910092949867249,
        0.007977064698934555,
        -0.13355471193790436,
        -0.10622033476829529,
        -0.0076807765290141106,
        0.9999667406082153,
        0.0027335553895682096,
        -0.10099156945943832,
        0.1335720717906952,
        -0.001683174748905003,
        0.9910377264022827,
        -0.08930371701717377
    ]
]