[
    [
        0.9546103477478027,
        -0.01081414520740509,
        0.2976611256599426,
        -21.144569396972656,
        0.010014357045292854,
        0.9999409317970276,
        0.004211858846247196,
        -5.2453203201293945,
        -0.2976891100406647,
        -0.0010397990699857473,
        0.9546622037887573,
        -5.184842109680176
    ],
    [
        0.9523646235466003,
        -0.011190592311322689,
        0.30475637316703796,
        -21.14240074157715,
        0.010348460637032986,
        0.9999369382858276,
        0.0043786996975541115,
        -5.241962909698486,
        -0.30478614568710327,
        -0.0010163667611777782,
        0.9524202346801758,
        -5.187252521514893
    ],
    [
        0.9500737190246582,
        -0.011548144742846489,
        0.31181207299232483,
        -21.141071319580078,
        0.010601703077554703,
        0.9999326467514038,
        0.004730465821921825,
        -5.239545822143555,
        -0.311845600605011,
        -0.0011885525891557336,
        0.9501321315765381,
        -5.190518856048584
    ],
    [
        0.9476811289787292,
        -0.011907558888196945,
        0.318996399641037,
        -21.1401309967041,
        0.010808940045535564,
        0.9999279379844666,
        0.00521406065672636,
        -5.237068176269531,
        -0.31903547048568726,
        -0.0014932475751265883,
        0.9477416276931763,
        -5.193606376647949
    ],
    [
        0.9428263306617737,
        -0.012450098991394043,
        0.3330517113208771,
        -21.13711166381836,
        0.011069903150200844,
        0.9999204277992249,
        0.00604143226519227,
        -5.232680797576904,
        -0.33310043811798096,
        -0.0020091563928872347,
        0.9428892135620117,
        -5.200591564178467
    ],
    [
        0.9402913451194763,
        -0.012692650780081749,
        0.3401339054107666,
        -21.1356143951416,
        0.01116191130131483,
        0.9999168515205383,
        0.006456755567342043,
        -5.2303009033203125,
        -0.34018757939338684,
        -0.002274690195918083,
        0.9403548240661621,
        -5.203299522399902
    ],
    [
        0.937777042388916,
        -0.013047956861555576,
        0.34699270129203796,
        -21.13390350341797,
        0.011310728266835213,
        0.999911367893219,
        0.00703153433278203,
        -5.228302478790283,
        -0.3470537066459656,
        -0.0026692820247262716,
        0.9378414154052734,
        -5.206489562988281
    ],
    [
        0.9351640939712524,
        -0.013505076989531517,
        0.35395723581314087,
        -21.132204055786133,
        0.011575393378734589,
        0.9999043345451355,
        0.007568448781967163,
        -5.226219654083252,
        -0.35402560234069824,
        -0.0029805446974933147,
        0.9352310299873352,
        -5.209685802459717
    ],
    [
        0.929873526096344,
        -0.014672042801976204,
        0.36758682131767273,
        -21.12919044494629,
        0.012292387895286083,
        0.9998855590820312,
        0.008814249187707901,
        -5.222496032714844,
        -0.3676740527153015,
        -0.003677603555843234,
        0.9299474358558655,
        -5.21712064743042
    ],
    [
        0.9271445870399475,
        -0.01517581008374691,
        0.37439626455307007,
        -21.127534866333008,
        0.012645679526031017,
        0.9998776912689209,
        0.009213774465024471,
        -5.219799518585205,
        -0.3744902014732361,
        -0.003808010835200548,
        0.9272231459617615,
        -5.220839023590088
    ],
    [
        0.9243279695510864,
        -0.016126049682497978,
        0.38125818967819214,
        -21.126352310180664,
        0.013345973566174507,
        0.9998615384101868,
        0.009934905916452408,
        -5.218704700469971,
        -0.3813656270503998,
        -0.004094855859875679,
        0.924415111541748,
        -5.224750995635986
    ],
    [
        0.9214061498641968,
        -0.016833912581205368,
        0.3882361054420471,
        -21.124042510986328,
        0.013993949629366398,
        0.9998506903648376,
        0.010141435079276562,
        -5.215419769287109,
        -0.38834887742996216,
        -0.003911430481821299,
        0.921504020690918,
        -5.227734565734863
    ],
    [
        0.9154104590415955,
        -0.018717968836426735,
        0.4020862877368927,
        -21.120054244995117,
        0.015680814161896706,
        0.9998182058334351,
        0.010843913070857525,
        -5.211733818054199,
        -0.4022161364555359,
        -0.003621584502980113,
        0.9155375957489014,
        -5.235337257385254
    ],
    [
        0.9123172163963318,
        -0.019640015438199043,
        0.40901297330856323,
        -21.117996215820312,
        0.0165525134652853,
        0.999801516532898,
        0.011087565682828426,
        -5.209585189819336,
        -0.40914955735206604,
        -0.0033451879862695932,
        0.9124611616134644,
        -5.238783359527588
    ],
    [
        0.9092236757278442,
        -0.020402811467647552,
        0.41580772399902344,
        -21.116119384765625,
        0.017254838719964027,
        0.9997870326042175,
        0.011327250860631466,
        -5.20712423324585,
        -0.415950208902359,
        -0.003124307608231902,
        0.9093820452690125,
        -5.243107795715332
    ],
    [
        0.9060429930686951,
        -0.021134931594133377,
        0.42265740036964417,
        -21.114511489868164,
        0.017869770526885986,
        0.9997720122337341,
        0.011686354875564575,
        -5.204594612121582,
        -0.42280811071395874,
        -0.0030355460476130247,
        0.9062141180038452,
        -5.247409820556641
    ],
    [
        0.8995803594589233,
        -0.022751735523343086,
        0.43616217374801636,
        -21.110877990722656,
        0.01908228173851967,
        0.9997360706329346,
        0.01279262825846672,
        -5.2014570236206055,
        -0.4363381266593933,
        -0.003185016568750143,
        0.8997771739959717,
        -5.254895210266113
    ],
    [
        0.8962873816490173,
        -0.023471491411328316,
        0.44285231828689575,
        -21.108530044555664,
        0.019645461812615395,
        0.9997194409370422,
        0.013225437141954899,
        -5.19887113571167,
        -0.4430384635925293,
        -0.003153742989525199,
        0.8964970707893372,
        -5.257072925567627
    ],
    [
        0.8929718136787415,
        -0.02427332103252411,
        0.4494574964046478,
        -21.106828689575195,
        0.02013584040105343,
        0.9996994137763977,
        0.01398411300033331,
        -5.1972808837890625,
        -0.44966191053390503,
        -0.0034372129011899233,
        0.8931922316551208,
        -5.261737823486328
    ],
    [
        0.8896275758743286,
        -0.02482808567583561,
        0.4560113251209259,
        -21.104747772216797,
        0.02035496197640896,
        0.9996844530105591,
        0.014718734659254551,
        -5.195819854736328,
        -0.4562329649925232,
        -0.0038120991084724665,
        0.8898522853851318,
        -5.265444278717041
    ],
    [
        0.8827592730522156,
        -0.02584526687860489,
        0.4691140353679657,
        -21.10179901123047,
        0.020664982497692108,
        0.9996553659439087,
        0.01618826761841774,
        -5.191574573516846,
        -0.46937084197998047,
        -0.004596100654453039,
        0.882989227771759,
        -5.272375583648682
    ],
    [
        0.8791800141334534,
        -0.02648167312145233,
        0.4757533371448517,
        -21.10109519958496,
        0.020755061879754066,
        0.9996352195739746,
        0.01728750765323639,
        -5.191381931304932,
        -0.47603753209114075,
        -0.0053245569579303265,
        0.8794088959693909,
        -5.276079177856445
    ],
    [
        0.8756259679794312,
        -0.0272461399435997,
        0.4822207987308502,
        -21.098758697509766,
        0.02098832093179226,
        0.999610960483551,
        0.01836848445236683,
        -5.189772605895996,
        -0.48253366351127625,
        -0.0059629278257489204,
        0.8758571743965149,
        -5.2788214683532715
    ],
    [
        0.8719479441642761,
        -0.028030863031744957,
        0.48879554867744446,
        -21.09705352783203,
        0.021274268627166748,
        0.9995859265327454,
        0.01937250792980194,
        -5.187446594238281,
        -0.4891362190246582,
        -0.006493034772574902,
        0.8721832036972046,
        -5.282188892364502
    ],
    [
        0.8644425868988037,
        -0.029931427910923958,
        0.501839816570282,
        -21.092870712280273,
        0.022232260555028915,
        0.9995254874229431,
        0.021318931132555008,
        -5.183536052703857,
        -0.5022397637367249,
        -0.007271959912031889,
        0.8646977543830872,
        -5.287819862365723
    ]
]