[
    [
        0.9999914169311523,
        0.0027044948656111956,
        0.003155415877699852,
        -0.25983211398124695,
        -0.002695326926186681,
        0.9999921917915344,
        -0.0029062877874821424,
        0.02286471799015999,
        -0.0031632501631975174,
        0.0028977578040212393,
        0.999990701675415,
        0.1306663304567337
    ],
    [
        0.999987781047821,
        0.0027806484140455723,
        0.004093691240996122,
        -0.30495381355285645,
        -0.0027706685941666365,
        0.999993085861206,
        -0.00244143302552402,
        0.02526656724512577,
        -0.004100451711565256,
        0.0024300608783960342,
        0.9999886751174927,
        0.15801359713077545
    ],
    [
        0.9999780058860779,
        0.003183238208293915,
        0.00582390371710062,
        -0.3650037348270416,
        -0.0031658669468015432,
        0.9999905228614807,
        -0.0029895382467657328,
        0.030036253854632378,
        -0.005833364091813564,
        0.002971034264191985,
        0.9999785423278809,
        0.19174210727214813
    ],
    [
        0.9999746680259705,
        0.002936622826382518,
        0.006485647987574339,
        -0.4095524549484253,
        -0.0029178198892623186,
        0.9999914765357971,
        -0.0029067310970276594,
        0.032434165477752686,
        -0.006494130007922649,
        0.002887732582166791,
        0.9999748468399048,
        0.2165328562259674
    ],
    [
        0.9999703764915466,
        0.0028967189136892557,
        0.007134817540645599,
        -0.4683883786201477,
        -0.0028738488908857107,
        0.999990701675415,
        -0.003213587449863553,
        0.03647204115986824,
        -0.007144060917198658,
        0.0031929872930049896,
        0.9999693632125854,
        0.2513773441314697
    ],
    [
        0.9999659061431885,
        0.002931277733296156,
        0.007720098365098238,
        -0.5131422877311707,
        -0.002901307540014386,
        0.999988317489624,
        -0.003890330670401454,
        0.03878021240234375,
        -0.0077314116060733795,
        0.0038677991833537817,
        0.9999626874923706,
        0.27676814794540405
    ],
    [
        0.9999639987945557,
        0.002922592917457223,
        0.007974576205015182,
        -0.5719690322875977,
        -0.0028881863690912724,
        0.9999865293502808,
        -0.004322664346545935,
        0.04216587170958519,
        -0.007987101562321186,
        0.004299475811421871,
        0.999958872795105,
        0.31055665016174316
    ],
    [
        0.9999631643295288,
        0.0031561478972434998,
        0.007981859147548676,
        -0.6170895099639893,
        -0.0031156267505139112,
        0.9999822378158569,
        -0.005083960015326738,
        0.04475093260407448,
        -0.007997763343155384,
        0.005058904178440571,
        0.9999551773071289,
        0.33791831135749817
    ],
    [
        0.9999614357948303,
        0.0034871038515120745,
        0.008060736581683159,
        -0.6771451830863953,
        -0.003440441796556115,
        0.9999772906303406,
        -0.0057954913936555386,
        0.04880876466631889,
        -0.008080762811005116,
        0.005767535418272018,
        0.9999507665634155,
        0.374185711145401
    ],
    [
        0.999955952167511,
        0.003454767633229494,
        0.008722224272787571,
        -0.7220236659049988,
        -0.003397490130737424,
        0.9999725818634033,
        -0.006573183927685022,
        0.05156756564974785,
        -0.008744694292545319,
        0.006543259602040052,
        0.9999403953552246,
        0.3992616534233093
    ],
    [
        0.9999597668647766,
        0.0034093374852091074,
        0.008293281309306622,
        -0.7817162871360779,
        -0.00334796030074358,
        0.9999669790267944,
        -0.007403525989502668,
        0.05455893278121948,
        -0.008318248204886913,
        0.0073754629120230675,
        0.9999382495880127,
        0.43476784229278564
    ],
    [
        0.9999550580978394,
        0.0039017063099890947,
        0.008641398511826992,
        -0.8277158141136169,
        -0.003825150663033128,
        0.9999535083770752,
        -0.00885811261832714,
        0.057876527309417725,
        -0.008675559423863888,
        0.008824658580124378,
        0.9999234676361084,
        0.4604349136352539
    ],
    [
        0.9999464750289917,
        0.00421680323779583,
        0.00945480540394783,
        -0.8888221979141235,
        -0.004120218567550182,
        0.9999393820762634,
        -0.010211649350821972,
        0.061124153435230255,
        -0.009497292339801788,
        0.010172144509851933,
        0.9999032020568848,
        0.4951511025428772
    ],
    [
        0.9999406933784485,
        0.003998437896370888,
        0.010126658715307713,
        -0.9352242350578308,
        -0.0038907492998987436,
        0.9999359250068665,
        -0.010631650686264038,
        0.06317944824695587,
        -0.010168518871068954,
        0.010591619648039341,
        0.9998922348022461,
        0.5225008130073547
    ],
    [
        0.9999322891235352,
        0.0036142636090517044,
        0.011064411140978336,
        -0.9966737031936646,
        -0.0034825222101062536,
        0.999923050403595,
        -0.011902551166713238,
        0.06660261750221252,
        -0.011106648482382298,
        0.011863213032484055,
        0.9998679757118225,
        0.5548011064529419
    ],
    [
        0.9999389052391052,
        0.003071840852499008,
        0.010623839683830738,
        -1.0409767627716064,
        -0.002940246369689703,
        0.9999191164970398,
        -0.012380728498101234,
        0.0680207833647728,
        -0.010661043226718903,
        0.012348733842372894,
        0.9998669028282166,
        0.5823144316673279
    ],
    [
        0.9999390840530396,
        0.002035875339061022,
        0.010837585665285587,
        -1.1020692586898804,
        -0.0019019776955246925,
        0.9999219179153442,
        -0.012350264005362988,
        0.07009756565093994,
        -0.010861832648515701,
        0.012328902259469032,
        0.999864935874939,
        0.615402102470398
    ],
    [
        0.9999356865882874,
        0.000840624503325671,
        0.011308861896395683,
        -1.146822214126587,
        -0.0007034083246253431,
        0.9999261498451233,
        -0.012131426483392715,
        0.07098612189292908,
        -0.011318212375044823,
        0.012122691608965397,
        0.999862551689148,
        0.6386719346046448
    ],
    [
        0.9999397397041321,
        -0.00043888678192161024,
        0.010971449315547943,
        -1.2065036296844482,
        0.0005763945518992841,
        0.9999213218688965,
        -0.01253363024443388,
        0.07340265810489655,
        -0.010965142399072647,
        0.012539197690784931,
        0.9998612999916077,
        0.6688065528869629
    ],
    [
        0.9999369382858276,
        -0.0015476300613954663,
        0.011119761504232883,
        -1.2503548860549927,
        0.0016985669499263167,
        0.9999063611030579,
        -0.013577052392065525,
        0.07518211752176285,
        -0.01109782513231039,
        0.013595085591077805,
        0.9998460412025452,
        0.6918190717697144
    ],
    [
        0.9999440908432007,
        -0.0032703822944313288,
        0.010058747604489326,
        -1.3070769309997559,
        0.003419457469135523,
        0.9998840093612671,
        -0.014838965609669685,
        0.07779437303543091,
        -0.010009117424488068,
        0.014872529543936253,
        0.9998393654823303,
        0.7258198261260986
    ],
    [
        0.9999467730522156,
        -0.004302334040403366,
        0.009368613362312317,
        -1.35030996799469,
        0.00444928789511323,
        0.9998665452003479,
        -0.015720514580607414,
        0.08034773916006088,
        -0.009299674071371555,
        0.01576136238873005,
        0.9998325705528259,
        0.750558078289032
    ],
    [
        0.9999516606330872,
        -0.004849457647651434,
        0.00855369120836258,
        -1.407360315322876,
        0.0050033088773489,
        0.9998244047164917,
        -0.01805729605257511,
        0.08607535809278488,
        -0.008464538492262363,
        0.01809922233223915,
        0.9998003244400024,
        0.7836888432502747
    ],
    [
        0.999961793422699,
        -0.004797174129635096,
        0.00729968911036849,
        -1.4509344100952148,
        0.004941832739859819,
        0.999789297580719,
        -0.01992916874587536,
        0.090744249522686,
        -0.007202582433819771,
        0.01996448077261448,
        0.9997747540473938,
        0.809714138507843
    ],
    [
        0.9999643564224243,
        -0.0039038171526044607,
        0.007465919479727745,
        -1.5111002922058105,
        0.004083771724253893,
        0.9996978044509888,
        -0.024240858852863312,
        0.10019617527723312,
        -0.007369083818048239,
        0.02427048794925213,
        0.999678373336792,
        0.8421881198883057
    ]
]