[
    [
        0.9999969005584717,
        -0.0018508542561903596,
        0.0016715599922463298,
        -0.02153930626809597,
        0.001820027595385909,
        0.9998316168785095,
        0.018259217962622643,
        -0.1275898516178131,
        -0.0017050746828317642,
        -0.01825612038373947,
        0.9998317956924438,
        0.35611721873283386
    ],
    [
        0.9999971985816956,
        -0.0018480527214705944,
        0.0015588669339194894,
        -0.027836976572871208,
        0.0018186673987656832,
        0.9998244643211365,
        0.01864595338702202,
        -0.16626521944999695,
        -0.0015930522931739688,
        -0.018643062561750412,
        0.9998249411582947,
        0.3670301139354706
    ],
    [
        0.9999969601631165,
        -0.0018345292191952467,
        0.0016478989273309708,
        -0.03492681309580803,
        0.0018024691380560398,
        0.9998131394386292,
        0.01925027184188366,
        -0.20973534882068634,
        -0.0016829062951728702,
        -0.01924723945558071,
        0.9998133778572083,
        0.3792855441570282
    ],
    [
        0.9999967217445374,
        -0.002002004301175475,
        0.0016156660858541727,
        -0.04165894538164139,
        0.0019694198854267597,
        0.9997996091842651,
        0.019923482090234756,
        -0.25041115283966064,
        -0.0016552291344851255,
        -0.01992023177444935,
        0.9998002648353577,
        0.39045941829681396
    ],
    [
        0.9999969005584717,
        -0.0016823303885757923,
        0.0018383124843239784,
        -0.048482365906238556,
        0.0016448079841211438,
        0.9997941851615906,
        0.02022554539144039,
        -0.2972099483013153,
        -0.0018719594227150083,
        -0.020222458988428116,
        0.9997937083244324,
        0.40347710251808167
    ],
    [
        0.999996542930603,
        -0.0018723949324339628,
        0.0018511757953092456,
        -0.05513063073158264,
        0.0018335359636694193,
        0.9997825026512146,
        0.020774999633431435,
        -0.33911624550819397,
        -0.0018896714318543673,
        -0.020771533250808716,
        0.9997825026512146,
        0.415545791387558
    ],
    [
        0.9999966621398926,
        -0.001895513036288321,
        0.0017800176283344626,
        -0.06316905468702316,
        0.0018567012157291174,
        0.9997658729553223,
        0.021558456122875214,
        -0.3873668909072876,
        -0.0018204657826572657,
        -0.02155507728457451,
        0.9997660517692566,
        0.42970237135887146
    ],
    [
        0.9999954700469971,
        -0.0023592738434672356,
        0.0019072762224823236,
        -0.07016761600971222,
        0.0023166462779045105,
        0.9997541308403015,
        0.022051556035876274,
        -0.431049644947052,
        -0.0019588337745517492,
        -0.02204703725874424,
        0.9997549653053284,
        0.44317683577537537
    ],
    [
        0.9999954700469971,
        -0.0024616119917482138,
        0.001722977845929563,
        -0.0772346705198288,
        0.0024216712918132544,
        0.9997368454933167,
        0.02281167544424534,
        -0.48072099685668945,
        -0.0017786771059036255,
        -0.022807398810982704,
        0.9997382760047913,
        0.4590315520763397
    ],
    [
        0.9999958276748657,
        -0.0023123184219002724,
        0.0017835666658356786,
        -0.08335304260253906,
        0.0022698366083204746,
        0.9997221231460571,
        0.023463932797312737,
        -0.5244258046150208,
        -0.0018373265629634261,
        -0.0234597846865654,
        0.9997231364250183,
        0.47297102212905884
    ],
    [
        0.9999957084655762,
        -0.0023085756693035364,
        0.0017901150276884437,
        -0.08990605175495148,
        0.002264195354655385,
        0.9996994733810425,
        0.024409955367445946,
        -0.5716450810432434,
        -0.0018459284910932183,
        -0.02440579980611801,
        0.9997005462646484,
        0.4885741174221039
    ],
    [
        0.9999958276748657,
        -0.0022064305376261473,
        0.0018843691796064377,
        -0.09640336036682129,
        0.002158483024686575,
        0.9996832013130188,
        0.025078527629375458,
        -0.6137465238571167,
        -0.0019391060341149569,
        -0.025074351578950882,
        0.9996837377548218,
        0.5025763511657715
    ],
    [
        0.9999960064888,
        -0.002223702846094966,
        0.00181242311373353,
        -0.10365615785121918,
        0.0021762526594102383,
        0.999665379524231,
        0.02577521651983261,
        -0.6615548729896545,
        -0.0018691329751163721,
        -0.025771165266633034,
        0.9996660947799683,
        0.5186964273452759
    ],
    [
        0.9999955296516418,
        -0.0023960017133504152,
        0.0017491391627117991,
        -0.11000294983386993,
        0.00234885117970407,
        0.9996466636657715,
        0.02647784724831581,
        -0.7046462297439575,
        -0.0018119628075510263,
        -0.026473620906472206,
        0.999647855758667,
        0.5332594513893127
    ],
    [
        0.9999961853027344,
        -0.0022589336149394512,
        0.0016367865027859807,
        -0.11609816551208496,
        0.002213360508903861,
        0.9996240139007568,
        0.02732914127409458,
        -0.7546029686927795,
        -0.0016979062929749489,
        -0.02732541225850582,
        0.9996250867843628,
        0.5498191714286804
    ],
    [
        0.9999969005584717,
        -0.0019426161888986826,
        0.0015758114168420434,
        -0.11960415542125702,
        0.0018981555476784706,
        0.9996132850646973,
        0.02774195931851864,
        -0.7986945509910583,
        -0.001629093661904335,
        -0.02773888222873211,
        0.9996139407157898,
        0.5643172264099121
    ],
    [
        0.999997079372406,
        -0.0019751337822526693,
        0.0013685879530385137,
        -0.12330013513565063,
        0.001935199135914445,
        0.9995892643928528,
        0.028590988367795944,
        -0.8477490544319153,
        -0.0014244968770071864,
        -0.028588255867362022,
        0.9995902180671692,
        0.5810901522636414
    ],
    [
        0.9999971985816956,
        -0.0019715516828000546,
        0.0013200907269492745,
        -0.1252531260251999,
        0.0019320532446727157,
        0.999569296836853,
        0.02928144484758377,
        -0.8913863301277161,
        -0.0013772513484582305,
        -0.029278812929987907,
        0.9995703101158142,
        0.5961966514587402
    ],
    [
        0.9999974966049194,
        -0.0018380485707893968,
        0.0012956237187609076,
        -0.12716224789619446,
        0.0017984154401347041,
        0.9995496273040771,
        0.029954984784126282,
        -0.9406715035438538,
        -0.0013500992208719254,
        -0.029952580109238625,
        0.9995504021644592,
        0.6136451959609985
    ],
    [
        0.9999979734420776,
        -0.0016759101999923587,
        0.0011729109100997448,
        -0.1284225732088089,
        0.0016393469413742423,
        0.9995333552360535,
        0.030498845502734184,
        -0.9847251772880554,
        -0.0012234768364578485,
        -0.030496830120682716,
        0.9995340704917908,
        0.629662036895752
    ],
    [
        0.9999979734420776,
        -0.0016351444646716118,
        0.0012245915131643414,
        -0.1302388608455658,
        0.0015963459154590964,
        0.9995167255401611,
        0.031045647338032722,
        -1.0351078510284424,
        -0.0012747638393193483,
        -0.031043728813529015,
        0.9995173215866089,
        0.6484947800636292
    ],
    [
        0.9999977350234985,
        -0.0017856830963864923,
        0.0012202970683574677,
        -0.13200493156909943,
        0.0017462995601817966,
        0.9995008707046509,
        0.0315425843000412,
        -1.0800458192825317,
        -0.0012760127428919077,
        -0.03154037892818451,
        0.999501645565033,
        0.6655452251434326
    ],
    [
        0.9999973177909851,
        -0.002028538379818201,
        0.0011557196266949177,
        -0.13417884707450867,
        0.001990417717024684,
        0.9994832277297974,
        0.03208258002996445,
        -1.1308772563934326,
        -0.0012202035868540406,
        -0.032080259174108505,
        0.9994845986366272,
        0.6851184368133545
    ],
    [
        0.999997079372406,
        -0.002124638995155692,
        0.0012329940218478441,
        -0.1363663375377655,
        0.002083223545923829,
        0.9994641542434692,
        0.0326639786362648,
        -1.1765323877334595,
        -0.0013017324963584542,
        -0.032661329954862595,
        0.9994656443595886,
        0.7028883695602417
    ],
    [
        0.9999971985816956,
        -0.0019515661988407373,
        0.0013115016045048833,
        -0.13985837996006012,
        0.0019068685360252857,
        0.9994449615478516,
        0.03325992077589035,
        -1.228629469871521,
        -0.001375683001242578,
        -0.03325735032558441,
        0.9994458556175232,
        0.7224031686782837
    ]
]