[
    [
        0.9958828091621399,
        -0.008667949587106705,
        0.09023448824882507,
        0.07010895758867264,
        0.008907295763492584,
        0.9999578595161438,
        -0.002250145422294736,
        -0.026892803609371185,
        -0.0902111828327179,
        0.0030446257442235947,
        0.9959180951118469,
        0.31473737955093384
    ],
    [
        0.9940864443778992,
        -0.011645566672086716,
        0.10796544700860977,
        0.09413934499025345,
        0.012169979512691498,
        0.9999170899391174,
        -0.004199574701488018,
        -0.02937421016395092,
        -0.10790759325027466,
        0.005488677881658077,
        0.9941457509994507,
        0.38925689458847046
    ],
    [
        0.9921318292617798,
        -0.01370221097022295,
        0.1244458258152008,
        0.1191735714673996,
        0.01444991771131754,
        0.9998825192451477,
        -0.005107611417770386,
        -0.03632655367255211,
        -0.12436123937368393,
        0.006865655537694693,
        0.9922131896018982,
        0.47247743606567383
    ],
    [
        0.9893234968185425,
        -0.016999226063489914,
        0.14474153518676758,
        0.1461586058139801,
        0.017979618161916733,
        0.9998233914375305,
        -0.005467903334647417,
        -0.050186436623334885,
        -0.1446230262517929,
        0.008011922240257263,
        0.9894545078277588,
        0.5798718333244324
    ],
    [
        0.9871439337730408,
        -0.019827380776405334,
        0.1585989147424698,
        0.16876688599586487,
        0.020978707820177078,
        0.9997642636299133,
        -0.005588289815932512,
        -0.061431966722011566,
        -0.15845073759555817,
        0.008843647316098213,
        0.9873272776603699,
        0.668179988861084
    ],
    [
        0.9846367835998535,
        -0.02257896400988102,
        0.17314904928207397,
        0.19454440474510193,
        0.02388741821050644,
        0.999699592590332,
        -0.005476489197462797,
        -0.07647647708654404,
        -0.1729733943939209,
        0.009528436698019505,
        0.9848804473876953,
        0.7799976468086243
    ],
    [
        0.9826120734214783,
        -0.02477138862013817,
        0.1840103417634964,
        0.20740997791290283,
        0.026190442964434624,
        0.9996430277824402,
        -0.005285032093524933,
        -0.08735700696706772,
        -0.18381372094154358,
        0.010012448765337467,
        0.9829100966453552,
        0.8729711174964905
    ],
    [
        0.980087161064148,
        -0.027238965034484863,
        0.1966903805732727,
        0.20674453675746918,
        0.028911497443914413,
        0.9995661377906799,
        -0.005636487156152725,
        -0.09595648944377899,
        -0.19645150005817413,
        0.011210862547159195,
        0.9804494976997375,
        0.9692537188529968
    ],
    [
        0.9773738980293274,
        -0.029262781143188477,
        0.20948489010334015,
        0.19775570929050446,
        0.031013665720820427,
        0.9995060563087463,
        -0.005077306646853685,
        -0.1115700826048851,
        -0.20923283696174622,
        0.01145932450890541,
        0.9777986407279968,
        1.1059186458587646
    ],
    [
        0.9759843945503235,
        -0.030754948034882545,
        0.21565832197666168,
        0.19313859939575195,
        0.032445330172777176,
        0.999464213848114,
        -0.004301533102989197,
        -0.1244477778673172,
        -0.2154105007648468,
        0.011195335537195206,
        0.9764594435691833,
        1.2177209854125977
    ],
    [
        0.9765426516532898,
        -0.031417056918144226,
        0.21302005648612976,
        0.20436616241931915,
        0.033245135098695755,
        0.9994347095489502,
        -0.005004221107810736,
        -0.1352701485157013,
        -0.212742418050766,
        0.011968716979026794,
        0.9770349264144897,
        1.3596466779708862
    ],
    [
        0.9778252840042114,
        -0.03167616203427315,
        0.20701278746128082,
        0.21426156163215637,
        0.03354647010564804,
        0.9994218945503235,
        -0.005529805086553097,
        -0.14307372272014618,
        -0.20671792328357697,
        0.012351729907095432,
        0.9783225655555725,
        1.4702165126800537
    ],
    [
        0.9791680574417114,
        -0.032380010932683945,
        0.20045322179794312,
        0.2133454531431198,
        0.0342729426920414,
        0.9993946552276611,
        -0.005979240406304598,
        -0.15240895748138428,
        -0.20013824105262756,
        0.012724802829325199,
        0.9796851873397827,
        1.6069124937057495
    ],
    [
        0.9801744222640991,
        -0.03305544704198837,
        0.1953594833612442,
        0.20770862698554993,
        0.034934237599372864,
        0.9993705749511719,
        -0.006178425159305334,
        -0.1600172221660614,
        -0.1950322538614273,
        0.012880665250122547,
        0.9807122945785522,
        1.7185497283935547
    ],
    [
        0.9814370274543762,
        -0.034149568527936935,
        0.18871961534023285,
        0.20191510021686554,
        0.03613690659403801,
        0.999321699142456,
        -0.007098870817571878,
        -0.16559816896915436,
        -0.1883491724729538,
        0.013786837458610535,
        0.9820053577423096,
        1.8314950466156006
    ],
    [
        0.9840173125267029,
        -0.03373761102557182,
        0.17484760284423828,
        0.2008552998304367,
        0.035251688212156296,
        0.9993630051612854,
        -0.005559988785535097,
        -0.1823931485414505,
        -0.17454864084720612,
        0.011634795926511288,
        0.9845798015594482,
        1.9769835472106934
    ],
    [
        0.986381471157074,
        -0.0335710309445858,
        0.16101117432117462,
        0.20478004217147827,
        0.03486809507012367,
        0.9993782043457031,
        -0.0052361986599862576,
        -0.19264766573905945,
        -0.16073529422283173,
        0.010779041796922684,
        0.9869387149810791,
        2.086444616317749
    ],
    [
        0.9890373349189758,
        -0.03319855406880379,
        0.14388501644134521,
        0.20657356083393097,
        0.03431190550327301,
        0.9993972778320312,
        -0.005262601654976606,
        -0.20402371883392334,
        -0.14362359046936035,
        0.010141879320144653,
        0.989580512046814,
        2.2249791622161865
    ],
    [
        0.9908013939857483,
        -0.03427364304661751,
        0.13091161847114563,
        0.20531350374221802,
        0.035673849284648895,
        0.9993284344673157,
        -0.008364992216229439,
        -0.20496562123298645,
        -0.1305370032787323,
        0.012958168052136898,
        0.991358757019043,
        2.3400192260742188
    ],
    [
        0.9928857088088989,
        -0.031857870519161224,
        0.11472997069358826,
        0.20897705852985382,
        0.03287563845515251,
        0.9994350671768188,
        -0.006989314686506987,
        -0.2188970297574997,
        -0.11444248259067535,
        0.010711409151554108,
        0.9933720827102661,
        2.4655702114105225
    ],
    [
        0.9953820109367371,
        -0.02880466915667057,
        0.09156918525695801,
        0.21215370297431946,
        0.029585782438516617,
        0.999536395072937,
        -0.007184105459600687,
        -0.2304399460554123,
        -0.09131980687379837,
        0.009860074147582054,
        0.9957727789878845,
        2.604618549346924
    ],
    [
        0.9972118735313416,
        -0.025261182337999344,
        0.07021597772836685,
        0.22016194462776184,
        0.025768142193555832,
        0.9996479153633118,
        -0.006323499139398336,
        -0.24117380380630493,
        -0.07003152370452881,
        0.00811520405113697,
        0.9975117444992065,
        2.7067370414733887
    ],
    [
        0.9989804625511169,
        -0.021585999056696892,
        0.039649102836847305,
        0.23524737358093262,
        0.02186165750026703,
        0.9997396469116211,
        -0.006532083265483379,
        -0.2518447935581207,
        -0.03949778154492378,
        0.007392219267785549,
        0.9991922974586487,
        2.8248863220214844
    ],
    [
        0.9997406005859375,
        -0.02094029262661934,
        0.008951820433139801,
        0.2587786912918091,
        0.02099892497062683,
        0.9997583627700806,
        -0.006506777368485928,
        -0.2602568566799164,
        -0.00881340354681015,
        0.0066930679604411125,
        0.9999388456344604,
        2.9110262393951416
    ],
    [
        0.9990973472595215,
        -0.021707668900489807,
        -0.03651304170489311,
        0.2955644726753235,
        0.021547306329011917,
        0.999756395816803,
        -0.004779794253408909,
        -0.27398234605789185,
        0.036607902497053146,
        0.003988721873611212,
        0.9993218183517456,
        3.0136327743530273
    ]
]