[
    [
        0.9019520282745361,
        -0.05453565716743469,
        0.42837876081466675,
        0.27944883704185486,
        0.050985533744096756,
        0.9985037446022034,
        0.01976650021970272,
        -0.012514449656009674,
        -0.4288157522678375,
        0.004012684803456068,
        0.9033831357955933,
        -0.11898574233055115
    ],
    [
        0.9017366170883179,
        -0.054664164781570435,
        0.42881569266319275,
        0.2780711054801941,
        0.051096267998218536,
        0.9984967112541199,
        0.01983744464814663,
        -0.019761256873607635,
        -0.4292554259300232,
        0.0040227328427135944,
        0.9031742215156555,
        -0.11491186916828156
    ],
    [
        0.9015569090843201,
        -0.05436403676867485,
        0.42923158407211304,
        0.27717503905296326,
        0.05103864520788193,
        0.9985108971595764,
        0.01926429010927677,
        -0.027101807296276093,
        -0.42963963747024536,
        0.004539544228464365,
        0.9029890298843384,
        -0.10967079550027847
    ],
    [
        0.9011486768722534,
        -0.05190093442797661,
        0.43039214611053467,
        0.2742261290550232,
        0.05107150971889496,
        0.9986039400100708,
        0.01348874717950821,
        -0.03607959300279617,
        -0.4304913580417633,
        0.00982541125267744,
        0.9025413393974304,
        -0.10486708581447601
    ],
    [
        0.9010316729545593,
        -0.05062289163470268,
        0.43078914284706116,
        0.27128952741622925,
        0.05122407525777817,
        0.9986349940299988,
        0.010212128050625324,
        -0.04382568970322609,
        -0.4307180643081665,
        0.01286532636731863,
        0.902394711971283,
        -0.10003786534070969
    ],
    [
        0.900776207447052,
        -0.048609912395477295,
        0.43155449628829956,
        0.2669452726840973,
        0.051173076033592224,
        0.9986737370491028,
        0.005677030887454748,
        -0.05143313854932785,
        -0.43125811219215393,
        0.016970237717032433,
        0.9020690321922302,
        -0.09502504765987396
    ],
    [
        0.9006085395812988,
        -0.04676201567053795,
        0.4321083128452301,
        0.260312557220459,
        0.05132179334759712,
        0.9986814856529236,
        0.0011097153183072805,
        -0.057596854865550995,
        -0.4315905272960663,
        0.021177154034376144,
        0.9018210768699646,
        -0.08997718244791031
    ],
    [
        0.9005705714225769,
        -0.04521425813436508,
        0.4323522746562958,
        0.2534038722515106,
        0.05118479207158089,
        0.9986867308616638,
        -0.00217560026794672,
        -0.06268075108528137,
        -0.4316861629486084,
        0.024089142680168152,
        0.9017021059989929,
        -0.08403246104717255
    ],
    [
        0.9004768133163452,
        -0.042936891317367554,
        0.4327792525291443,
        0.24509502947330475,
        0.05093422904610634,
        0.9986782073974609,
        -0.006897180341184139,
        -0.06762763857841492,
        -0.43191105127334595,
        0.028254030272364616,
        0.9014735221862793,
        -0.0769060030579567
    ],
    [
        0.9004306793212891,
        -0.04124047979712486,
        0.43304017186164856,
        0.23579806089401245,
        0.05081595852971077,
        0.9986522197723389,
        -0.010556422173976898,
        -0.0725286528468132,
        -0.4320211708545685,
        0.03151067718863487,
        0.9013128876686096,
        -0.06864552944898605
    ],
    [
        0.9002638459205627,
        -0.03938743472099304,
        0.4335593581199646,
        0.22519032657146454,
        0.05063305422663689,
        0.9986132979393005,
        -0.01441622618585825,
        -0.07675901800394058,
        -0.43239033222198486,
        0.034930843859910965,
        0.9010096788406372,
        -0.0586850643157959
    ],
    [
        0.900018036365509,
        -0.037510886788368225,
        0.4342353641986847,
        0.21271033585071564,
        0.05060172080993652,
        0.9985453486442566,
        -0.018621571362018585,
        -0.08136925846338272,
        -0.4329051971435547,
        0.03873280808329582,
        0.9006069302558899,
        -0.048690419644117355
    ],
    [
        0.900283932685852,
        -0.03502369672060013,
        0.4338919222354889,
        0.19130046665668488,
        0.0505070723593235,
        0.9984303116798401,
        -0.024204136803746223,
        -0.08668787777423859,
        -0.4323631823062897,
        0.04370521008968353,
        0.9006397128105164,
        -0.034303970634937286
    ],
    [
        0.900812029838562,
        -0.0329570546746254,
        0.4329567849636078,
        0.17482887208461761,
        0.05008360370993614,
        0.9983465671539307,
        -0.028209153562784195,
        -0.0900302603840828,
        -0.4313112199306488,
        0.04709518700838089,
        0.9009731411933899,
        -0.02621966414153576
    ],
    [
        0.9017115831375122,
        -0.030941268429160118,
        0.43122947216033936,
        0.1589646190404892,
        0.04956713318824768,
        0.9982574582099915,
        -0.032019853591918945,
        -0.09288988262414932,
        -0.42948734760284424,
        0.05024748295545578,
        0.9016739130020142,
        -0.01819557324051857
    ],
    [
        0.9030495285987854,
        -0.02916940115392208,
        0.4285447895526886,
        0.1420852541923523,
        0.049101442098617554,
        0.998161792755127,
        -0.03552781045436859,
        -0.09632062166929245,
        -0.4267207086086273,
        0.053125541657209396,
        0.9028217196464539,
        -0.011266781948506832
    ],
    [
        0.9047163724899292,
        -0.02752113714814186,
        0.42512452602386475,
        0.12312599271535873,
        0.04872988536953926,
        0.9980466961860657,
        -0.03909289091825485,
        -0.09888333827257156,
        -0.4232182204723358,
        0.056084245443344116,
        0.9042901992797852,
        -0.004289836622774601
    ],
    [
        0.9072123765945435,
        -0.026264185085892677,
        0.4198521375656128,
        0.10383681952953339,
        0.04835056513547897,
        0.9979450702667236,
        -0.042048193514347076,
        -0.1009334996342659,
        -0.4178849458694458,
        0.0584467314183712,
        0.9066179990768433,
        0.003027230966836214
    ],
    [
        0.9103729724884033,
        -0.024559857323765755,
        0.4130590260028839,
        0.08238299190998077,
        0.0472799614071846,
        0.9978733658790588,
        -0.04487199708819389,
        -0.10192330926656723,
        -0.41107848286628723,
        0.06037966161966324,
        0.9095980525016785,
        0.011219657957553864
    ],
    [
        0.9142019152641296,
        -0.023396886885166168,
        0.4045829474925995,
        0.059431880712509155,
        0.04647177457809448,
        0.9977988004684448,
        -0.04730600118637085,
        -0.10416903346776962,
        -0.40258559584617615,
        0.06204892694950104,
        0.9132769703865051,
        0.01895144395530224
    ],
    [
        0.9190723896026611,
        -0.021786250174045563,
        0.39348605275154114,
        0.03530159965157509,
        0.0448790118098259,
        0.9977613687515259,
        -0.04958139732480049,
        -0.10737648606300354,
        -0.39152494072914124,
        0.06322816014289856,
        0.9179924726486206,
        0.026137368753552437
    ],
    [
        0.9243887662887573,
        -0.019952187314629555,
        0.3809293806552887,
        0.012416406534612179,
        0.04299880936741829,
        0.9977164268493652,
        -0.0520857498049736,
        -0.11007261276245117,
        -0.3790203034877777,
        0.0645269900560379,
        0.9231359362602234,
        0.033271051943302155
    ],
    [
        0.9298022389411926,
        -0.01924443244934082,
        0.3675561845302582,
        -0.012060802429914474,
        0.04202628135681152,
        0.9976518750190735,
        -0.05407847836613655,
        -0.11493907868862152,
        -0.3656524419784546,
        0.0657293051481247,
        0.9284275770187378,
        0.03934678062796593
    ],
    [
        0.9359351396560669,
        -0.017921291291713715,
        0.3517162799835205,
        -0.032963164150714874,
        0.04046761244535446,
        0.9975619316101074,
        -0.056856803596019745,
        -0.11675634980201721,
        -0.34983980655670166,
        0.06744739413261414,
        0.9343783855438232,
        0.04738982394337654
    ],
    [
        0.9450638294219971,
        -0.015723221004009247,
        0.32650747895240784,
        -0.06626316159963608,
        0.03742295876145363,
        0.9974793791770935,
        -0.06028498709201813,
        -0.11953530460596085,
        -0.3247365951538086,
        0.06919202953577042,
        0.9432701468467712,
        0.05788170546293259
    ]
]