[
    [
        0.9996628165245056,
        0.024855466559529305,
        -0.007511431816965342,
        0.18042132258415222,
        -0.02504274994134903,
        0.9993492960929871,
        -0.02596289850771427,
        -0.14847645163536072,
        0.00686122290790081,
        0.02614225260913372,
        0.9996346831321716,
        1.6471409797668457
    ],
    [
        0.9995847940444946,
        0.028637206181883812,
        -0.003186467569321394,
        0.1902167648077011,
        -0.028718138113617897,
        0.9991610646247864,
        -0.029196646064519882,
        -0.23368383944034576,
        0.0023476851638406515,
        0.029276032000780106,
        0.9995686411857605,
        2.0775561332702637
    ],
    [
        0.9995182156562805,
        0.030777908861637115,
        0.0040216404013335705,
        0.20177441835403442,
        -0.030635159462690353,
        0.9990271329879761,
        -0.03172042965888977,
        -0.3233121633529663,
        -0.0049940175376832485,
        0.03158194199204445,
        0.9994885921478271,
        2.4775540828704834
    ],
    [
        0.999576985836029,
        0.028442353010177612,
        0.006070895120501518,
        0.23401576280593872,
        -0.02819312922656536,
        0.9988874197006226,
        -0.03780411183834076,
        -0.37164920568466187,
        -0.0071393814869225025,
        0.03761696815490723,
        0.9992666840553284,
        2.758104085922241
    ],
    [
        0.9995648860931396,
        0.02946462854743004,
        0.0013383651385083795,
        0.25517305731773376,
        -0.029377594590187073,
        0.9986051321029663,
        -0.043871816247701645,
        -0.3673741817474365,
        -0.0026291669346392155,
        0.04381340742111206,
        0.9990363121032715,
        2.830996513366699
    ],
    [
        0.9995723366737366,
        0.029213786125183105,
        -0.0012956904247403145,
        0.26274195313453674,
        -0.029242467135190964,
        0.9985188841819763,
        -0.04588031396269798,
        -0.3698264956474304,
        -4.6568929974455386e-05,
        0.04589859023690224,
        0.9989460706710815,
        2.8724782466888428
    ],
    [
        0.9995605945587158,
        0.029399093240499496,
        -0.003787373425439,
        0.2724507749080658,
        -0.029545409604907036,
        0.9984447956085205,
        -0.047277506440877914,
        -0.373826801776886,
        0.0023915653582662344,
        0.04736863076686859,
        0.9988746047019958,
        2.918179988861084
    ],
    [
        0.9995152950286865,
        0.03063572570681572,
        -0.00552718760445714,
        0.28010639548301697,
        -0.030868060886859894,
        0.9983464479446411,
        -0.048493362963199615,
        -0.37923866510391235,
        0.004032420460134745,
        0.04864047095179558,
        0.9988082647323608,
        2.9616851806640625
    ],
    [
        0.9994618892669678,
        0.032579097896814346,
        -0.0038080886006355286,
        0.28363218903541565,
        -0.032724589109420776,
        0.9983085989952087,
        -0.048051733523607254,
        -0.388033390045166,
        0.002236167900264263,
        0.048150498420000076,
        0.9988376498222351,
        3.020660877227783
    ],
    [
        0.9994639754295349,
        0.03273576498031616,
        -0.00017057053628377616,
        0.28435075283050537,
        -0.03270729258656502,
        0.998348593711853,
        -0.047225650399923325,
        -0.3951335549354553,
        -0.0013756804401054978,
        0.04720591753721237,
        0.9988842606544495,
        3.075944662094116
    ],
    [
        0.9995183944702148,
        0.030950680375099182,
        0.0022257729433476925,
        0.2868807017803192,
        -0.03081393428146839,
        0.9984443783760071,
        -0.04647093266248703,
        -0.40000930428504944,
        -0.003660615999251604,
        0.046379972249269485,
        0.9989172220230103,
        3.120270013809204
    ],
    [
        0.9995395541191101,
        0.030313488095998764,
        0.0013658718671649694,
        0.2923564612865448,
        -0.03021835722029209,
        0.9984799027442932,
        -0.04609650745987892,
        -0.4064639210700989,
        -0.002761142561212182,
        0.04603400081396103,
        0.998936116695404,
        3.1584925651550293
    ],
    [
        0.9995210766792297,
        0.030559249222278595,
        -0.004852192010730505,
        0.3016265332698822,
        -0.030751455575227737,
        0.9984532594680786,
        -0.04631960019469261,
        -0.41151192784309387,
        0.0034291918855160475,
        0.04644663631916046,
        0.9989149570465088,
        3.1933395862579346
    ],
    [
        0.9994369745254517,
        0.030369393527507782,
        -0.014264840632677078,
        0.313615083694458,
        -0.031015079468488693,
        0.9983912706375122,
        -0.047464922070503235,
        -0.41407227516174316,
        0.012800413183867931,
        0.0478806234896183,
        0.9987710118293762,
        3.2267861366271973
    ],
    [
        0.9992309212684631,
        0.030188128352165222,
        -0.025019921362400055,
        0.3263372480869293,
        -0.03133569285273552,
        0.9984117150306702,
        -0.04681942239403725,
        -0.42002663016319275,
        0.023566795513033867,
        0.04756743833422661,
        0.9985899925231934,
        3.2586565017700195
    ],
    [
        0.999009370803833,
        0.029304059222340584,
        -0.033490993082523346,
        0.3362937569618225,
        -0.030792994424700737,
        0.9985193610191345,
        -0.04484235867857933,
        -0.4268534183502197,
        0.03212733939290047,
        0.045829225331544876,
        0.998432457447052,
        3.287534475326538
    ],
    [
        0.9988689422607422,
        0.029169943183660507,
        -0.03754808008670807,
        0.34348002076148987,
        -0.030817151069641113,
        0.9985532164573669,
        -0.04406489431858063,
        -0.43142855167388916,
        0.0362083874642849,
        0.04517218470573425,
        0.9983228445053101,
        3.312878131866455
    ],
    [
        0.9989719986915588,
        0.029892534017562866,
        -0.034076374024152756,
        0.34510329365730286,
        -0.03134965896606445,
        0.9985804557800293,
        -0.043060146272182465,
        -0.43811535835266113,
        0.03274082392454147,
        0.04408416897058487,
        0.9984911680221558,
        3.3369572162628174
    ],
    [
        0.9992831945419312,
        0.02913169376552105,
        -0.02417387068271637,
        0.34781062602996826,
        -0.03013872168958187,
        0.9986461400985718,
        -0.042395345866680145,
        -0.4450085163116455,
        0.022906096652150154,
        0.04309352859854698,
        0.9988083839416504,
        3.3596861362457275
    ],
    [
        0.9995880722999573,
        0.028009958565235138,
        -0.006249013356864452,
        0.3491514325141907,
        -0.02826107293367386,
        0.9986066222190857,
        -0.044568344950675964,
        -0.4494974613189697,
        0.004991947207599878,
        0.04472659155726433,
        0.9989867806434631,
        3.376842498779297
    ],
    [
        0.9994111061096191,
        0.026668088510632515,
        0.02159220352768898,
        0.3497612774372101,
        -0.02560546062886715,
        0.998515248298645,
        -0.048078373074531555,
        -0.4542195796966553,
        -0.02284230664372444,
        0.04749717935919762,
        0.9986101984977722,
        3.395474433898926
    ],
    [
        0.9984410405158997,
        0.025253627449274063,
        0.04977630823850632,
        0.35212138295173645,
        -0.022685309872031212,
        0.9984152317047119,
        -0.051503587514162064,
        -0.456850528717041,
        -0.05099807307124138,
        0.05029410496354103,
        0.9974315762519836,
        3.4076545238494873
    ],
    [
        0.996322512626648,
        0.024177083745598793,
        0.08219994604587555,
        0.3537244498729706,
        -0.019752174615859985,
        0.9983333349227905,
        -0.054224517196416855,
        -0.4603106379508972,
        -0.08337394893169403,
        0.05240148678421974,
        0.9951395988464355,
        3.4189672470092773
    ],
    [
        0.9930421113967896,
        0.023552993312478065,
        0.11537982523441315,
        0.3575511574745178,
        -0.017053857445716858,
        0.9982288479804993,
        -0.05699501559138298,
        -0.46274328231811523,
        -0.11651787906885147,
        0.054630789905786514,
        0.9916848540306091,
        3.4283571243286133
    ],
    [
        0.9877392649650574,
        0.022273505106568336,
        0.15451578795909882,
        0.3613260090351105,
        -0.013158794492483139,
        0.9981258511543274,
        -0.0597628615796566,
        -0.4663427174091339,
        -0.15555734932422638,
        0.05699688196182251,
        0.9861811995506287,
        3.4406392574310303
    ]
]