[
    [
        0.9997266530990601,
        0.0002100895217154175,
        -0.02337733842432499,
        0.10855605453252792,
        -0.00023800646886229515,
        0.9999992847442627,
        -0.0011914337519556284,
        -0.056435469537973404,
        0.02337706834077835,
        0.001196673372760415,
        0.9997259974479675,
        1.2430055141448975
    ],
    [
        0.9993069171905518,
        0.0005292485002428293,
        -0.0372210331261158,
        0.12463094294071198,
        -0.0006133855786174536,
        0.9999973773956299,
        -0.002249074401333928,
        -0.06925740092992783,
        0.03721974045038223,
        0.002270346274599433,
        0.9993045330047607,
        1.4818482398986816
    ],
    [
        0.9987809062004089,
        0.0007277461118064821,
        -0.049358077347278595,
        0.13064880669116974,
        -0.0008912758785299957,
        0.9999942779541016,
        -0.003291205270215869,
        -0.06607465445995331,
        0.0493553951382637,
        0.0033311855513602495,
        0.9987757205963135,
        1.7203840017318726
    ],
    [
        0.9981205463409424,
        0.0006869636126793921,
        -0.06127762421965599,
        0.12828336656093597,
        -0.0008809374994598329,
        0.9999947547912598,
        -0.0031385263428092003,
        -0.08507072925567627,
        0.06127514690160751,
        0.003186608199030161,
        0.9981158971786499,
        1.9559684991836548
    ],
    [
        0.9975873231887817,
        0.0009826739551499486,
        -0.06941579282283783,
        0.1259012073278427,
        -0.0012072131503373384,
        0.999994158744812,
        -0.0031928212847560644,
        -0.10023989528417587,
        0.06941225379705429,
        0.0032689182553440332,
        0.9975826740264893,
        2.2276759147644043
    ],
    [
        0.9971422553062439,
        0.0009114909335039556,
        -0.07554198801517487,
        0.12829799950122833,
        -0.0012310371967032552,
        0.9999905824661255,
        -0.004183589480817318,
        -0.08255884051322937,
        0.07553746551275253,
        0.004264630377292633,
        0.997133731842041,
        2.4714794158935547
    ],
    [
        0.9966318011283875,
        0.0010321392910555005,
        -0.08199948072433472,
        0.136698380112648,
        -0.0012977992882952094,
        0.9999940395355225,
        -0.0031865492928773165,
        -0.09158895164728165,
        0.08199571073055267,
        0.003282235935330391,
        0.9966272711753845,
        2.721277952194214
    ],
    [
        0.9959080219268799,
        0.0013829056406393647,
        -0.09036190062761307,
        0.13641147315502167,
        -0.0017696305876597762,
        0.9999896883964539,
        -0.004199751187115908,
        -0.11511571705341339,
        0.09035515040159225,
        0.004342474043369293,
        0.99590003490448,
        2.994320869445801
    ],
    [
        0.9950813055038452,
        0.0017075005453079939,
        -0.09904692322015762,
        0.12230673432350159,
        -0.0021826024167239666,
        0.9999866485595703,
        -0.004688573069870472,
        -0.10672923177480698,
        0.09903759509325027,
        0.00488169165328145,
        0.9950717091560364,
        3.228105068206787
    ],
    [
        0.9943732619285583,
        0.002017104998230934,
        -0.10591406375169754,
        0.0948357880115509,
        -0.002519506262615323,
        0.9999862313270569,
        -0.004609891213476658,
        -0.11575208604335785,
        0.10590330511331558,
        0.004850803874433041,
        0.9943644404411316,
        3.460857391357422
    ],
    [
        0.9936391711235046,
        0.0017311784904450178,
        -0.11259762942790985,
        0.06593155860900879,
        -0.0022326670587062836,
        0.9999881386756897,
        -0.004327866714447737,
        -0.14215847849845886,
        0.1125888079404831,
        0.004551730118691921,
        0.9936312437057495,
        3.6807315349578857
    ],
    [
        0.9930185079574585,
        0.0019475060980767012,
        -0.1179421916604042,
        0.03790293633937836,
        -0.0025425248313695192,
        0.9999848008155823,
        -0.004894751589745283,
        -0.138157457113266,
        0.11793087422847748,
        0.005160451401025057,
        0.9930083155632019,
        3.9402925968170166
    ],
    [
        0.9927271008491516,
        0.001055107801221311,
        -0.12038150429725647,
        0.02788548357784748,
        -0.001716495375148952,
        0.9999840259552002,
        -0.005390532780438662,
        -0.13511976599693298,
        0.12037389725446701,
        0.005557962227612734,
        0.9927130937576294,
        4.171108245849609
    ],
    [
        0.9923073649406433,
        0.0007182167028076947,
        -0.1237965002655983,
        0.018924826756119728,
        -0.0013655192451551557,
        0.9999858736991882,
        -0.0051439907401800156,
        -0.15608371794223785,
        0.12379105389118195,
        0.005273466929793358,
        0.9922943115234375,
        4.387614727020264
    ],
    [
        0.991584062576294,
        0.001017326838336885,
        -0.12946046888828278,
        -0.0029572146013379097,
        -0.0018536291318014264,
        0.9999781847000122,
        -0.0063395812176167965,
        -0.1577296257019043,
        0.1294512152671814,
        0.006526199169456959,
        0.9915642738342285,
        4.639222621917725
    ],
    [
        0.9911288022994995,
        0.001475379685871303,
        -0.13289660215377808,
        -0.03358489274978638,
        -0.002313272561877966,
        0.9999783635139465,
        -0.006150666158646345,
        -0.14985617995262146,
        0.1328846663236618,
        0.006403529085218906,
        0.9911109209060669,
        4.859016418457031
    ],
    [
        0.9906316995620728,
        0.0015025868779048324,
        -0.13655255734920502,
        -0.06959643959999084,
        -0.002398841315880418,
        0.9999766945838928,
        -0.006399121135473251,
        -0.16620847582817078,
        0.1365397423505783,
        0.0066667404025793076,
        0.9906122088432312,
        5.068294525146484
    ],
    [
        0.9904931783676147,
        0.001285612117499113,
        -0.1375555843114853,
        -0.10113552957773209,
        -0.002195490524172783,
        0.9999767541885376,
        -0.006463108584284782,
        -0.17491444945335388,
        0.13754405081272125,
        0.006703667808324099,
        0.9904729723930359,
        5.271573066711426
    ],
    [
        0.9903978705406189,
        0.0008438194636255503,
        -0.13824419677257538,
        -0.12761563062667847,
        -0.0018404285656288266,
        0.9999732971191406,
        -0.007081381976604462,
        -0.16454942524433136,
        0.13823451101779938,
        0.007267815060913563,
        0.990372896194458,
        5.510658264160156
    ],
    [
        0.9902805685997009,
        0.0009041267912834883,
        -0.1390809714794159,
        -0.1432063728570938,
        -0.0018889489583671093,
        0.9999740719795227,
        -0.0069490885362029076,
        -0.17881393432617188,
        0.13907107710838318,
        0.0071442644111812115,
        0.9902566075325012,
        5.7102460861206055
    ],
    [
        0.990251898765564,
        0.0007391931139864028,
        -0.1392861008644104,
        -0.16041404008865356,
        -0.0018336165230721235,
        0.999968409538269,
        -0.007729218807071447,
        -0.20141442120075226,
        0.13927598297595978,
        0.00790927093476057,
        0.9902219772338867,
        5.891956806182861
    ],
    [
        0.9901865124702454,
        0.0002540585119277239,
        -0.13975167274475098,
        -0.17912337183952332,
        -0.00143599568400532,
        0.9999641180038452,
        -0.008356641978025436,
        -0.21024586260318756,
        0.13974453508853912,
        0.008475316688418388,
        0.9901512861251831,
        6.086082935333252
    ],
    [
        0.9902915954589844,
        0.0007025728700682521,
        -0.1390036642551422,
        -0.2002827227115631,
        -0.001800679019652307,
        0.9999682307243347,
        -0.007774239871650934,
        -0.2263595163822174,
        0.1389937698841095,
        0.007949065417051315,
        0.9902612566947937,
        6.252335548400879
    ],
    [
        0.9901558756828308,
        0.0005417937063612044,
        -0.13996775448322296,
        -0.23594240844249725,
        -0.0015950589440762997,
        0.9999712705612183,
        -0.0074129868298769,
        -0.26513516902923584,
        0.1399596929550171,
        0.0075632683001458645,
        0.9901282787322998,
        6.407774448394775
    ],
    [
        0.9902639389038086,
        0.0012306217104196548,
        -0.13919661939144135,
        -0.26945000886917114,
        -0.0024330278392881155,
        0.9999611377716064,
        -0.00846834946423769,
        -0.31377461552619934,
        0.13918080925941467,
        0.008724573068320751,
        0.9902284741401672,
        6.577733993530273
    ]
]