[
    [
        0.94676673412323,
        0.016538843512535095,
        -0.32149538397789,
        -0.13364239037036896,
        -0.016476739197969437,
        0.9998599886894226,
        0.0029141991399228573,
        -0.003027348779141903,
        0.3214986026287079,
        0.002538129687309265,
        0.9469066262245178,
        0.6288517117500305
    ],
    [
        0.9347673058509827,
        0.01792813651263714,
        -0.3548080027103424,
        -0.15686237812042236,
        -0.017992697656154633,
        0.9998332858085632,
        0.003117636078968644,
        -0.0032617878168821335,
        0.35480478405952454,
        0.0034696892835199833,
        0.9349340796470642,
        0.7360002398490906
    ],
    [
        0.9211637377738953,
        0.019451851025223732,
        -0.3886886537075043,
        -0.18166683614253998,
        -0.019139675423502922,
        0.9998059272766113,
        0.004675461445003748,
        0.01373025868088007,
        0.38870418071746826,
        0.0031325083691626787,
        0.9213573932647705,
        0.8807404637336731
    ],
    [
        0.9091798067092896,
        0.02106679603457451,
        -0.4158705472946167,
        -0.19999532401561737,
        -0.020483732223510742,
        0.9997730255126953,
        0.005863889120519161,
        0.018655925989151,
        0.41589972376823425,
        0.0031872508116066456,
        0.909404993057251,
        1.0140085220336914
    ],
    [
        0.8943175673484802,
        0.022576354444026947,
        -0.4468627870082855,
        -0.2127566933631897,
        -0.02227228879928589,
        0.9997342824935913,
        0.005934389773756266,
        0.021206524223089218,
        0.446878045797348,
        0.0046454258263111115,
        0.8945827484130859,
        1.1528524160385132
    ],
    [
        0.8806400299072266,
        0.023442571982741356,
        -0.4732056260108948,
        -0.22536201775074005,
        -0.023708099499344826,
        0.9997043013572693,
        0.005404284689575434,
        0.019130563363432884,
        0.47319239377975464,
        0.006459576543420553,
        0.8809354305267334,
        1.2713370323181152
    ],
    [
        0.8656778335571289,
        0.02485242299735546,
        -0.4999842047691345,
        -0.24596501886844635,
        -0.02495688572525978,
        0.9996675252914429,
        0.006479284726083279,
        0.017420360818505287,
        0.49997901916503906,
        0.006869076285511255,
        0.866010308265686,
        1.4113150835037231
    ],
    [
        0.8543773889541626,
        0.026194393634796143,
        -0.5189924240112305,
        -0.26669004559516907,
        -0.026076972484588623,
        0.9996315240859985,
        0.007524519227445126,
        0.016004711389541626,
        0.5189983248710632,
        0.00710497098043561,
        0.8547457456588745,
        1.5647844076156616
    ],
    [
        0.8447954058647156,
        0.027398480102419853,
        -0.5343875288963318,
        -0.28621533513069153,
        -0.0269259475171566,
        0.999599814414978,
        0.008683957159519196,
        0.016843140125274658,
        0.534411609172821,
        0.0070527237839996815,
        0.8451949954032898,
        1.6944105625152588
    ],
    [
        0.833290696144104,
        0.028647705912590027,
        -0.5520921945571899,
        -0.3097025454044342,
        -0.028641244396567345,
        0.9995524883270264,
        0.00863696914166212,
        -0.001131465658545494,
        0.5520926117897034,
        0.008615502156317234,
        0.8337382674217224,
        1.8337666988372803
    ],
    [
        0.8228393197059631,
        0.0299039538949728,
        -0.5674866437911987,
        -0.32650476694107056,
        -0.030192295089364052,
        0.999504566192627,
        0.008891364559531212,
        -0.021149924024939537,
        0.5674715638160706,
        0.00981756392866373,
        0.8233345746994019,
        1.950629472732544
    ],
    [
        0.8067216277122498,
        0.030915193259716034,
        -0.5901221036911011,
        -0.3368518352508545,
        -0.03136003017425537,
        0.9994631409645081,
        0.009489182382822037,
        -0.03749385476112366,
        0.5900989174842834,
        0.010851128026843071,
        0.8072580695152283,
        2.100778579711914
    ],
    [
        0.7852107882499695,
        0.031876277178525925,
        -0.6184075474739075,
        -0.32427340745925903,
        -0.03227097541093826,
        0.9994235634803772,
        0.010540594346821308,
        -0.0652109831571579,
        0.6183871030807495,
        0.011680022813379765,
        0.7857868075370789,
        2.263737440109253
    ],
    [
        0.7664860486984253,
        0.032975662499666214,
        -0.6414139270782471,
        -0.3158210217952728,
        -0.03329416736960411,
        0.9993783235549927,
        0.011592588387429714,
        -0.10039518773555756,
        0.6413973569869995,
        0.012469777837395668,
        0.7671074271202087,
        2.393503427505493
    ],
    [
        0.7529945373535156,
        0.03399137780070305,
        -0.6571481823921204,
        -0.32231923937797546,
        -0.03462815284729004,
        0.9993281364440918,
        0.012012097984552383,
        -0.14153225719928741,
        0.6571149230003357,
        0.01371078472584486,
        0.7536656856536865,
        2.5213286876678467
    ],
    [
        0.7495916485786438,
        0.035353995859622955,
        -0.6609556078910828,
        -0.347711980342865,
        -0.03560607135295868,
        0.9992805123329163,
        0.013069783337414265,
        -0.1642175167798996,
        0.6609421968460083,
        0.013737032189965248,
        0.7503111362457275,
        2.6455533504486084
    ],
    [
        0.7495317459106445,
        0.03687027469277382,
        -0.6609407067298889,
        -0.3985500931739807,
        -0.03643616661429405,
        0.9992319941520691,
        0.014421718195080757,
        -0.19164341688156128,
        0.6609649062156677,
        0.01327260211110115,
        0.7502993941307068,
        2.8092241287231445
    ],
    [
        0.7505365610122681,
        0.03747895359992981,
        -0.6597651839256287,
        -0.4412979185581207,
        -0.036766428500413895,
        0.9992122054100037,
        0.014936944469809532,
        -0.2199419140815735,
        0.6598052382469177,
        0.013046507723629475,
        0.7513231635093689,
        2.9534847736358643
    ],
    [
        0.7609456181526184,
        0.036785777658224106,
        -0.6477721333503723,
        -0.4611715078353882,
        -0.03624950349330902,
        0.9992424249649048,
        0.014162398874759674,
        -0.25654295086860657,
        0.6478022933006287,
        0.012704592198133469,
        0.7617026567459106,
        3.1079983711242676
    ],
    [
        0.788572371006012,
        0.034964822232723236,
        -0.6139470934867859,
        -0.45583197474479675,
        -0.03439659625291824,
        0.9993271827697754,
        0.012732514180243015,
        -0.2792219817638397,
        0.6139792203903198,
        0.011077183298766613,
        0.7892444729804993,
        3.2713255882263184
    ],
    [
        0.8201276659965515,
        0.03288659080862999,
        -0.5712345838546753,
        -0.4355384111404419,
        -0.032099124044179916,
        0.9994190335273743,
        0.011452543549239635,
        -0.2980002164840698,
        0.5712793469429016,
        0.008943608030676842,
        0.820706844329834,
        3.4364233016967773
    ],
    [
        0.8544135093688965,
        0.030513282865285873,
        -0.518697202205658,
        -0.39237290620803833,
        -0.029948625713586807,
        0.9995065927505493,
        0.009465503506362438,
        -0.31750279664993286,
        0.5187298655509949,
        0.00744680967181921,
        0.8549057245254517,
        3.616560220718384
    ],
    [
        0.8835656642913818,
        0.028435446321964264,
        -0.4674433171749115,
        -0.34132659435272217,
        -0.028171982616186142,
        0.999574601650238,
        0.007555027958005667,
        -0.33652639389038086,
        0.46745914220809937,
        0.006493444088846445,
        0.8839907646179199,
        3.744316339492798
    ],
    [
        0.9165834188461304,
        0.02472580224275589,
        -0.39907827973365784,
        -0.2928744852542877,
        -0.024897931143641472,
        0.9996787309646606,
        0.0047530909068882465,
        -0.34518882632255554,
        0.3990676701068878,
        0.005579627584666014,
        0.9169045686721802,
        3.8800415992736816
    ],
    [
        0.9550349712371826,
        0.020369160920381546,
        -0.2957928478717804,
        -0.2589084804058075,
        -0.020129069685935974,
        0.9997900128364563,
        0.0038571427576243877,
        -0.34814217686653137,
        0.295809268951416,
        0.002270328812301159,
        0.9552444219589233,
        4.030099868774414
    ]
]