[
    [
        0.9985939860343933,
        0.009942746721208096,
        -0.052069976925849915,
        -0.09829548746347427,
        -0.009681975468993187,
        0.9999392628669739,
        0.00525796040892601,
        0.0006525334320031106,
        0.052119094878435135,
        -0.0047464268282055855,
        0.9986296892166138,
        0.3546724319458008
    ],
    [
        0.9977552890777588,
        0.011387777514755726,
        -0.06598959863185883,
        -0.18358898162841797,
        -0.011081618256866932,
        0.9999260306358337,
        0.005003706552088261,
        0.0027191953267902136,
        0.06604170799255371,
        -0.004261202644556761,
        0.9978078007698059,
        0.5279847979545593
    ],
    [
        0.9972846508026123,
        0.012432108633220196,
        -0.07258620858192444,
        -0.29027843475341797,
        -0.01192324236035347,
        0.999901294708252,
        0.007439625449478626,
        0.00032383162761107087,
        0.07267152518033981,
        -0.006553961429744959,
        0.9973344802856445,
        0.7254719138145447
    ],
    [
        0.9970247149467468,
        0.009598689153790474,
        -0.07648167759180069,
        -0.3761400282382965,
        -0.008771775290369987,
        0.9998994469642639,
        0.011140524409711361,
        -0.0052201091311872005,
        0.07658091932535172,
        -0.010436498560011387,
        0.997008740901947,
        0.9218554496765137
    ],
    [
        0.9976289868354797,
        0.0062418305315077305,
        -0.0685378760099411,
        -0.45195692777633667,
        -0.005101365502923727,
        0.9998458623886108,
        0.016802344471216202,
        -0.019829601049423218,
        0.06863218545913696,
        -0.016412867233157158,
        0.9975070357322693,
        1.1405813694000244
    ],
    [
        0.9989460706710815,
        0.00593843637034297,
        -0.04551474377512932,
        -0.5400862693786621,
        -0.004955516196787357,
        0.9997527599334717,
        0.021678125485777855,
        -0.028978561982512474,
        0.04563221335411072,
        -0.021429728716611862,
        0.9987283945083618,
        1.358523964881897
    ],
    [
        0.9999548196792603,
        0.008046185597777367,
        -0.005058996845036745,
        -0.6571629643440247,
        -0.007919925265014172,
        0.9996684789657593,
        0.02450128272175789,
        -0.03402702510356903,
        0.005254468414932489,
        -0.02446010895073414,
        0.9996869564056396,
        1.5828030109405518
    ],
    [
        0.9994398951530457,
        0.0036402568221092224,
        0.033263400197029114,
        -0.7589636445045471,
        -0.004457663279026747,
        0.9996891617774963,
        0.02453269250690937,
        -0.03957204520702362,
        -0.03316375985741615,
        -0.024667229503393173,
        0.9991453886032104,
        1.799951434135437
    ],
    [
        0.9973690509796143,
        -0.0034288724418729544,
        0.07241073250770569,
        -0.8535798788070679,
        0.0015189411351457238,
        0.9996499419212341,
        0.026415009051561356,
        -0.04933616518974304,
        -0.07247614860534668,
        -0.026235520839691162,
        0.9970250725746155,
        2.034435272216797
    ],
    [
        0.9939841032028198,
        -0.012263283133506775,
        0.10883551836013794,
        -0.9312452077865601,
        0.009329654276371002,
        0.999580442905426,
        0.027423154562711716,
        -0.061261046677827835,
        -0.10912612825632095,
        -0.026242777705192566,
        0.9936814904212952,
        2.2424328327178955
    ],
    [
        0.9874584078788757,
        -0.02420341782271862,
        0.15601269900798798,
        -1.0181025266647339,
        0.020405791699886322,
        0.9994563460350037,
        0.025897813960909843,
        -0.06561082601547241,
        -0.1565546989440918,
        -0.022389452904462814,
        0.9874154925346375,
        2.4651050567626953
    ],
    [
        0.9782618284225464,
        -0.038294464349746704,
        0.20380733907222748,
        -1.0675311088562012,
        0.03396137058734894,
        0.9991174936294556,
        0.024717263877391815,
        -0.07394557446241379,
        -0.20457400381565094,
        -0.017258377745747566,
        0.9786989688873291,
        2.6635260581970215
    ],
    [
        0.9662506580352783,
        -0.05222829058766365,
        0.25225353240966797,
        -1.081229567527771,
        0.04707782343029976,
        0.9985420107841492,
        0.0264145378023386,
        -0.08199921995401382,
        -0.2532653212547302,
        -0.013647508807480335,
        0.9673005938529968,
        2.885601758956909
    ],
    [
        0.9514155387878418,
        -0.0637076124548912,
        0.30124709010124207,
        -1.0665273666381836,
        0.05748292803764343,
        0.9979107975959778,
        0.029491938650608063,
        -0.10139994323253632,
        -0.3024965822696686,
        -0.010742520913481712,
        0.9530898332595825,
        3.114717483520508
    ],
    [
        0.9316985607147217,
        -0.06746715307235718,
        0.35691186785697937,
        -1.0492360591888428,
        0.05993838235735893,
        0.9976850152015686,
        0.03212690353393555,
        -0.11040627956390381,
        -0.35825300216674805,
        -0.008539866656064987,
        0.9335854053497314,
        3.3533642292022705
    ],
    [
        0.9090006351470947,
        -0.06698274612426758,
        0.4113770127296448,
        -1.0030264854431152,
        0.06070014089345932,
        0.9977538585662842,
        0.028333669528365135,
        -0.1315024495124817,
        -0.4123508334159851,
        -0.0007846776861697435,
        0.9110247492790222,
        3.564521312713623
    ],
    [
        0.8833339214324951,
        -0.06693261116743088,
        0.4639408588409424,
        -0.9065985083580017,
        0.06220482662320137,
        0.997737467288971,
        0.025506578385829926,
        -0.14462688565254211,
        -0.46459847688674927,
        0.006328541319817305,
        0.8854989409446716,
        3.7732982635498047
    ],
    [
        0.8580484986305237,
        -0.06604702770709991,
        0.509303867816925,
        -0.7916644215583801,
        0.06310413777828217,
        0.9977401494979858,
        0.023073377087712288,
        -0.16340284049510956,
        -0.509676992893219,
        0.012341110967099667,
        0.8602773547172546,
        3.954397678375244
    ],
    [
        0.8269869089126587,
        -0.06539084017276764,
        0.5584053993225098,
        -0.6580516695976257,
        0.06341224908828735,
        0.9977240562438965,
        0.022924039512872696,
        -0.17456990480422974,
        -0.55863356590271,
        0.01645185798406601,
        0.8292514085769653,
        4.155520915985107
    ],
    [
        0.7936349511146545,
        -0.060572221875190735,
        0.6053714156150818,
        -0.5261976718902588,
        0.061063218861818314,
        0.9979375004768372,
        0.019798390567302704,
        -0.18974246084690094,
        -0.6053220629692078,
        0.02125323750078678,
        0.7956968545913696,
        4.352613925933838
    ],
    [
        0.7673900127410889,
        -0.06131511554121971,
        0.6382421851158142,
        -0.36736831068992615,
        0.06697501242160797,
        0.997637152671814,
        0.015314384363591671,
        -0.20478840172290802,
        -0.6376730799674988,
        0.03099415823817253,
        0.7696833610534668,
        4.531370639801025
    ],
    [
        0.7423532605171204,
        -0.06397891044616699,
        0.6669470071792603,
        -0.18291117250919342,
        0.0733683854341507,
        0.9972067475318909,
        0.013996538706123829,
        -0.23277613520622253,
        -0.6659795641899109,
        0.038542453199625015,
        0.7449735999107361,
        4.683387756347656
    ],
    [
        0.7142429947853088,
        -0.06133073940873146,
        0.6972054839134216,
        0.0016254308866336942,
        0.07274828106164932,
        0.9972630143165588,
        0.013199741020798683,
        -0.25008100271224976,
        -0.6961067914962769,
        0.04129267483949661,
        0.716749906539917,
        4.830747127532959
    ],
    [
        0.6834190487861633,
        -0.05601329356431961,
        0.727874219417572,
        0.18921685218811035,
        0.06899045407772064,
        0.9975451827049255,
        0.011988891288638115,
        -0.2648027241230011,
        -0.7267590761184692,
        0.0420229509472847,
        0.6856057047843933,
        4.987881660461426
    ],
    [
        0.6577749848365784,
        -0.04995599761605263,
        0.7515560984611511,
        0.3889853358268738,
        0.0688837543129921,
        0.9976064562797546,
        0.006022733170539141,
        -0.28191205859184265,
        -0.7500579953193665,
        0.04780840501189232,
        0.6596416234970093,
        5.1184258460998535
    ]
]