[
    [
        0.997490406036377,
        0.003743300214409828,
        -0.07070253789424896,
        -0.21040065586566925,
        -0.004264740739017725,
        0.9999647736549377,
        -0.00722562475129962,
        0.010014732368290424,
        0.07067299634218216,
        0.007509020157158375,
        0.9974713325500488,
        0.7222063541412354
    ],
    [
        0.9932966828346252,
        0.004109221510589123,
        -0.11551960557699203,
        -0.30418553948402405,
        -0.005132042337208986,
        0.9999502301216125,
        -0.008558053523302078,
        0.017978109419345856,
        0.11547868698835373,
        0.00909353606402874,
        0.9932683110237122,
        1.054821252822876
    ],
    [
        0.9857010841369629,
        0.006412038579583168,
        -0.16838127374649048,
        -0.44063660502433777,
        -0.008089598268270493,
        0.9999241828918457,
        -0.009278779849410057,
        -0.0027656937018036842,
        0.1683090180158615,
        0.010508240200579166,
        0.9856782555580139,
        1.391818642616272
    ],
    [
        0.9788388609886169,
        0.007388260681182146,
        -0.20449918508529663,
        -0.6426510214805603,
        -0.009483066387474537,
        0.9999121427536011,
        -0.009265481494367123,
        0.009382378309965134,
        0.20441274344921112,
        0.011008691973984241,
        0.9788228869438171,
        1.6866503953933716
    ],
    [
        0.9773723483085632,
        0.004847698844969273,
        -0.21147087216377258,
        -0.8873592615127563,
        -0.0070710619911551476,
        0.9999274015426636,
        -0.009758856147527695,
        -0.016883743926882744,
        0.21140819787979126,
        0.011033358052372932,
        0.9773355722427368,
        1.99220609664917
    ],
    [
        0.9770693778991699,
        0.0038807736709713936,
        -0.2128857523202896,
        -1.1089223623275757,
        -0.005822652950882912,
        0.9999469518661499,
        -0.008495486341416836,
        -0.012435516342520714,
        0.2128414660692215,
        0.009540239349007607,
        0.97704017162323,
        2.2859652042388916
    ],
    [
        0.9766687750816345,
        0.0017947944579645991,
        -0.2147437334060669,
        -1.347245693206787,
        -0.004049572627991438,
        0.9999412298202515,
        -0.010060376487672329,
        -0.04282497614622116,
        0.21471303701400757,
        0.010695277713239193,
        0.9766185879707336,
        2.6175999641418457
    ],
    [
        0.9768189191818237,
        0.0006147273816168308,
        -0.21406635642051697,
        -1.6491256952285767,
        -0.002622203901410103,
        0.9999551773071289,
        -0.00909399427473545,
        -0.03219063952565193,
        0.21405117213726044,
        0.009444509632885456,
        0.9767768979072571,
        2.886566400527954
    ],
    [
        0.9767078161239624,
        -0.001092848484404385,
        -0.21457116305828094,
        -2.002484083175659,
        -0.0012057163985446095,
        0.9999432563781738,
        -0.010581186972558498,
        -0.04910881072282791,
        0.21457064151763916,
        0.01059343945235014,
        0.9766510128974915,
        3.078657388687134
    ],
    [
        0.9765234589576721,
        -0.002193512162193656,
        -0.21539972722530365,
        -2.334561347961426,
        0.000340622675139457,
        0.9999626278877258,
        -0.008638852275907993,
        -0.048139043152332306,
        0.21541059017181396,
        0.008362672291696072,
        0.9764878749847412,
        3.278042793273926
    ],
    [
        0.9776920676231384,
        -0.003963576629757881,
        -0.21000617742538452,
        -2.6432032585144043,
        0.0021752160973846912,
        0.9999593496322632,
        -0.008746057748794556,
        -0.10621695220470428,
        0.21003225445747375,
        0.00809414405375719,
        0.9776607751846313,
        3.462261199951172
    ],
    [
        0.983562171459198,
        -0.007359521463513374,
        -0.18042030930519104,
        -2.9428203105926514,
        0.005937313660979271,
        0.9999470114707947,
        -0.008421523496508598,
        -0.12871086597442627,
        0.18047264218330383,
        0.00721187936142087,
        0.9835535883903503,
        3.5974061489105225
    ],
    [
        0.9940006136894226,
        -0.013204498216509819,
        -0.1085747554898262,
        -3.303549289703369,
        0.012569322250783443,
        0.9998997449874878,
        -0.006532455328851938,
        -0.16027314960956573,
        0.10865005850791931,
        0.005128554999828339,
        0.9940668344497681,
        3.6803860664367676
    ],
    [
        0.998981773853302,
        -0.020047659054398537,
        -0.040415722876787186,
        -3.574324607849121,
        0.019953742623329163,
        0.9997972249984741,
        -0.00272574694827199,
        -0.17200355231761932,
        0.04046214371919632,
        0.0019165267003700137,
        0.9991792440414429,
        3.796062469482422
    ],
    [
        0.9993353486061096,
        -0.02628823183476925,
        0.025252504274249077,
        -3.8701229095458984,
        0.0262749083340168,
        0.9996544718742371,
        0.0008591911173425615,
        -0.1934497207403183,
        -0.025266457349061966,
        -0.0001951070298673585,
        0.9996806979179382,
        3.985644578933716
    ],
    [
        0.9963387250900269,
        -0.032683469355106354,
        0.07899994403123856,
        -4.104690074920654,
        0.032560788094997406,
        0.9994657635688782,
        0.002840956673026085,
        -0.22713221609592438,
        -0.07905060052871704,
        -0.0002582539455033839,
        0.9968705773353577,
        4.145977020263672
    ],
    [
        0.9877116680145264,
        -0.03885415196418762,
        0.15137997269630432,
        -4.399607181549072,
        0.03822588175535202,
        0.999244213104248,
        0.007059270516037941,
        -0.239320769906044,
        -0.15153977274894714,
        -0.0011858915677294135,
        0.9884504675865173,
        4.293023109436035
    ],
    [
        0.9695272445678711,
        -0.04706922918558121,
        0.24041973054409027,
        -4.662282466888428,
        0.04569710046052933,
        0.9988916516304016,
        0.011282287538051605,
        -0.26630473136901855,
        -0.24068433046340942,
        4.800177339348011e-05,
        0.9706034064292908,
        4.408223628997803
    ],
    [
        0.9506512880325317,
        -0.05295582115650177,
        0.3057085871696472,
        -4.90099573135376,
        0.050616294145584106,
        0.9985966682434082,
        0.015580382198095322,
        -0.23783552646636963,
        -0.3061046600341797,
        0.0006623279768973589,
        0.9519976377487183,
        4.605042934417725
    ],
    [
        0.926206648349762,
        -0.05890084058046341,
        0.3723870813846588,
        -5.143309593200684,
        0.05529571697115898,
        0.998262345790863,
        0.02036386728286743,
        -0.25202903151512146,
        -0.37293949723243713,
        0.0017302616033703089,
        0.9278541207313538,
        4.807736396789551
    ],
    [
        0.8988126516342163,
        -0.06460695713758469,
        0.43354570865631104,
        -5.360401630401611,
        0.05976118519902229,
        0.9979043006896973,
        0.024812722578644753,
        -0.2603023052215576,
        -0.4342401325702667,
        0.0036072134971618652,
        0.9007898569107056,
        4.948909759521484
    ],
    [
        0.8456395864486694,
        -0.07357157766819,
        0.5286597609519958,
        -5.6523919105529785,
        0.06572268158197403,
        0.9972700476646423,
        0.03365688771009445,
        -0.28814440965652466,
        -0.5296928286552429,
        0.006283347029238939,
        0.848166286945343,
        5.078665733337402
    ],
    [
        0.8051180839538574,
        -0.07874898612499237,
        0.5878633260726929,
        -5.881499767303467,
        0.06907813996076584,
        0.99685138463974,
        0.03892909362912178,
        -0.2851172089576721,
        -0.5890779495239258,
        0.009265979751944542,
        0.8080230355262756,
        5.213968753814697
    ],
    [
        0.7802059650421143,
        -0.08261793851852417,
        0.6200427412986755,
        -6.102682590484619,
        0.07147926837205887,
        0.9965217113494873,
        0.04283902421593666,
        -0.26165851950645447,
        -0.6214253306388855,
        0.010896934196352959,
        0.7833975553512573,
        5.410202503204346
    ],
    [
        0.7473193407058716,
        -0.08548606932163239,
        0.6589429378509521,
        -6.309891700744629,
        0.07390057295560837,
        0.9962302446365356,
        0.045431070029735565,
        -0.2877771556377411,
        -0.6603425741195679,
        0.014744744636118412,
        0.7508196830749512,
        5.583521842956543
    ]
]