[
    [
        0.9985467195510864,
        0.006584607530385256,
        -0.05348940193653107,
        0.0761096179485321,
        -0.007500206120312214,
        0.9998284578323364,
        -0.016934724524617195,
        -0.03627561032772064,
        0.053368717432022095,
        0.01731129363179207,
        0.998424768447876,
        0.3251207768917084
    ],
    [
        0.9973350167274475,
        0.010585172101855278,
        -0.07218560576438904,
        0.0855046957731247,
        -0.012094210833311081,
        0.9997166991233826,
        -0.020500043407082558,
        -0.04802706092596054,
        0.07194817066192627,
        0.02131844125688076,
        0.9971805810928345,
        0.4165741503238678
    ],
    [
        0.9954430460929871,
        0.01438821665942669,
        -0.09426585584878922,
        0.08532565087080002,
        -0.01660257577896118,
        0.9996033906936646,
        -0.022748537361621857,
        -0.06508396565914154,
        0.0939011499285698,
        0.02420993335545063,
        0.9952870607376099,
        0.524308979511261
    ],
    [
        0.9931443929672241,
        0.015451157465577126,
        -0.1158677190542221,
        0.0798211619257927,
        -0.01799578033387661,
        0.9996185898780823,
        -0.020947545766830444,
        -0.0732768252491951,
        0.11549986898899078,
        0.022889070212841034,
        0.9930437803268433,
        0.6127973198890686
    ],
    [
        0.9898543357849121,
        0.01615295745432377,
        -0.1411651223897934,
        0.07925677299499512,
        -0.018779249861836433,
        0.9996742010116577,
        -0.01729200780391693,
        -0.07945261895656586,
        0.1408398151397705,
        0.01976754516363144,
        0.9898349642753601,
        0.7201278209686279
    ],
    [
        0.9855555891990662,
        0.01610085740685463,
        -0.1685848981142044,
        0.0878763198852539,
        -0.018334941938519478,
        0.9997633695602417,
        -0.011703643016517162,
        -0.08725118637084961,
        0.16835655272006989,
        0.014625584706664085,
        0.9856176972389221,
        0.8336664438247681
    ],
    [
        0.9804643392562866,
        0.015709752216935158,
        -0.19606885313987732,
        0.09965255111455917,
        -0.017546379938721657,
        0.9998169541358948,
        -0.007633659522980452,
        -0.09614121913909912,
        0.19591301679611206,
        0.010924828238785267,
        0.9805604219436646,
        0.9227683544158936
    ],
    [
        0.9732453227043152,
        0.01650041714310646,
        -0.22917546331882477,
        0.11147871613502502,
        -0.018217554315924644,
        0.9998196363449097,
        -0.005378885194659233,
        -0.10116788744926453,
        0.22904536128044128,
        0.009409991092979908,
        0.9733702540397644,
        1.0074211359024048
    ],
    [
        0.9643850922584534,
        0.018565813079476357,
        -0.2638496458530426,
        0.11771264672279358,
        -0.020206959918141365,
        0.9997896552085876,
        -0.0035072299651801586,
        -0.10343895852565765,
        0.2637290060520172,
        0.00871391873806715,
        0.964557409286499,
        1.090488314628601
    ],
    [
        0.9550018310546875,
        0.02105301432311535,
        -0.29585179686546326,
        0.11510786414146423,
        -0.02291928417980671,
        0.9997332692146301,
        -0.0028411471284925938,
        -0.10214084386825562,
        0.29571306705474854,
        0.009494013153016567,
        0.955229640007019,
        1.1552860736846924
    ],
    [
        0.9416453242301941,
        0.023294717073440552,
        -0.3357996642589569,
        0.10457456111907959,
        -0.024647478014230728,
        0.9996962547302246,
        0.00023364870867226273,
        -0.11177925020456314,
        0.3357030749320984,
        0.008056599646806717,
        0.9419334530830383,
        1.2280471324920654
    ],
    [
        0.927467942237854,
        0.023929864168167114,
        -0.3731359839439392,
        0.09822650998830795,
        -0.02430717647075653,
        0.999697744846344,
        0.0036943678278476,
        -0.11715195327997208,
        0.3731116056442261,
        0.005643476266413927,
        0.9277693033218384,
        1.281501293182373
    ],
    [
        0.9081920981407166,
        0.02368147484958172,
        -0.4178829789161682,
        0.09528319537639618,
        -0.023093240335583687,
        0.9997124075889587,
        0.006464879959821701,
        -0.12815622985363007,
        0.417915940284729,
        0.003778920043259859,
        0.9084778428077698,
        1.339668869972229
    ],
    [
        0.8854536414146423,
        0.023792101070284843,
        -0.4641181528568268,
        0.09101705253124237,
        -0.022763986140489578,
        0.9997102618217468,
        0.00781860202550888,
        -0.13651330769062042,
        0.4641697108745575,
        0.0036421685945242643,
        0.885738730430603,
        1.3979992866516113
    ],
    [
        0.8634770512580872,
        0.023273887112736702,
        -0.5038509368896484,
        0.08520141988992691,
        -0.021865999326109886,
        0.9997230768203735,
        0.008706249296665192,
        -0.13380029797554016,
        0.5039139986038208,
        0.0034995595924556255,
        0.863746702671051,
        1.4488389492034912
    ],
    [
        0.8361510038375854,
        0.02239496260881424,
        -0.5480419397354126,
        0.0732017233967781,
        -0.02028387039899826,
        0.9997451305389404,
        0.00990594457834959,
        -0.12726806104183197,
        0.5481241345405579,
        0.002833547769114375,
        0.8363922834396362,
        1.5063502788543701
    ],
    [
        0.8079471588134766,
        0.02045697346329689,
        -0.5888996720314026,
        0.057317741215229034,
        -0.01880495250225067,
        0.9997833371162415,
        0.008930457755923271,
        -0.11769049614667892,
        0.588954746723175,
        0.003858902957290411,
        0.8081566691398621,
        1.5570387840270996
    ],
    [
        0.7831408381462097,
        0.01994369737803936,
        -0.621524453163147,
        0.03182629868388176,
        -0.01856936700642109,
        0.9997897744178772,
        0.008683623746037483,
        -0.11358943581581116,
        0.6215671300888062,
        0.004740807227790356,
        0.7833466529846191,
        1.5980042219161987
    ],
    [
        0.7539548873901367,
        0.01881442964076996,
        -0.6566567420959473,
        -0.006300218869000673,
        -0.01761585660278797,
        0.9998094439506531,
        0.008420368656516075,
        -0.11000075936317444,
        0.6566899418830872,
        0.005218991544097662,
        0.7541425824165344,
        1.6481420993804932
    ],
    [
        0.7287259101867676,
        0.018404418602585793,
        -0.6845580339431763,
        -0.04583258554339409,
        -0.018231704831123352,
        0.9998058676719666,
        0.007471861783415079,
        -0.1079668402671814,
        0.6845626831054688,
        0.007035724353045225,
        0.7289199829101562,
        1.6889938116073608
    ],
    [
        0.699168860912323,
        0.01819514110684395,
        -0.7147250175476074,
        -0.08558864891529083,
        -0.01941138319671154,
        0.9997907280921936,
        0.006463328842073679,
        -0.10893500596284866,
        0.7146929502487183,
        0.0093548484146595,
        0.6993756890296936,
        1.731448769569397
    ],
    [
        0.670831561088562,
        0.01915186643600464,
        -0.7413623332977295,
        -0.12205219268798828,
        -0.020189831033349037,
        0.9997676014900208,
        0.007558295503258705,
        -0.1060950756072998,
        0.741334855556488,
        0.009897644631564617,
        0.6710623502731323,
        1.7832292318344116
    ],
    [
        0.6468875408172607,
        0.021431539207696915,
        -0.7622842788696289,
        -0.15335945785045624,
        -0.02207392081618309,
        0.999712347984314,
        0.009374498389661312,
        -0.10474181175231934,
        0.7622658610343933,
        0.010762359015643597,
        0.6471746563911438,
        1.8293778896331787
    ],
    [
        0.6195974349975586,
        0.02266446314752102,
        -0.7845923900604248,
        -0.1931958943605423,
        -0.02210986241698265,
        0.9996902942657471,
        0.01141768041998148,
        -0.10303230583667755,
        0.7846083045005798,
        0.010272866114974022,
        0.6199066042900085,
        1.8823307752609253
    ],
    [
        0.5946804881095886,
        0.023745233193039894,
        -0.8036113381385803,
        -0.2302076369524002,
        -0.022553225979208946,
        0.9996631741523743,
        0.012848583981394768,
        -0.10132516920566559,
        0.8036457300186157,
        0.010483226738870144,
        0.5950155258178711,
        1.931725263595581
    ]
]