[
    [
        0.9996067881584167,
        0.028019310906529427,
        -0.0011265778448432684,
        0.09528934210538864,
        -0.028034741058945656,
        0.9994538426399231,
        -0.017493097111582756,
        -0.06006399169564247,
        0.0006358181708492339,
        0.017517801374197006,
        0.999846339225769,
        0.7377533316612244
    ],
    [
        0.9996140599250793,
        0.027623290196061134,
        -0.002926842076703906,
        0.12469764053821564,
        -0.027662599459290504,
        0.9995139837265015,
        -0.01437036320567131,
        -0.06451061367988586,
        0.0025284637231379747,
        0.014445782639086246,
        0.9998924732208252,
        0.8619164824485779
    ],
    [
        0.9996473789215088,
        0.026234274730086327,
        -0.004100603982806206,
        0.14985939860343933,
        -0.026281025260686874,
        0.9995850324630737,
        -0.011796669103205204,
        -0.06785955280065536,
        0.003789419773966074,
        0.01190027967095375,
        0.9999219179153442,
        1.0143650770187378
    ],
    [
        0.9996926188468933,
        0.024389561265707016,
        -0.0044300854206085205,
        0.16631342470645905,
        -0.02443128451704979,
        0.9996551871299744,
        -0.009622144512832165,
        -0.07410850375890732,
        0.0041938768699765205,
        0.009727420285344124,
        0.9999438524246216,
        1.149880290031433
    ],
    [
        0.9997555613517761,
        0.02152421325445175,
        -0.005054260604083538,
        0.18995772302150726,
        -0.021565744653344154,
        0.9997329115867615,
        -0.008312107995152473,
        -0.0811813548207283,
        0.004873997997492552,
        0.008419075049459934,
        0.9999526739120483,
        1.3035783767700195
    ],
    [
        0.9997962117195129,
        0.019133668392896652,
        -0.00643898406997323,
        0.2210041582584381,
        -0.019182730466127396,
        0.9997867345809937,
        -0.007645835168659687,
        -0.08989937603473663,
        0.006291317753493786,
        0.007767793256789446,
        0.9999500513076782,
        1.4324945211410522
    ],
    [
        0.9998147487640381,
        0.016823844984173775,
        -0.009357600472867489,
        0.2717318534851074,
        -0.01688850112259388,
        0.9998337626457214,
        -0.006873957347124815,
        -0.10486793518066406,
        0.009240403771400452,
        0.00703071802854538,
        0.999932587146759,
        1.5780284404754639
    ],
    [
        0.9998111128807068,
        0.01512357871979475,
        -0.012201995588839054,
        0.31973201036453247,
        -0.015208542346954346,
        0.9998605251312256,
        -0.006900649517774582,
        -0.11786583065986633,
        0.01209593378007412,
        0.007084921468049288,
        0.9999017715454102,
        1.71500563621521
    ],
    [
        0.9998134970664978,
        0.013395157642662525,
        -0.01391201838850975,
        0.3541451692581177,
        -0.01350184716284275,
        0.9998799562454224,
        -0.007603519130498171,
        -0.12430668622255325,
        0.013808499090373516,
        0.007789938244968653,
        0.9998744130134583,
        1.8307465314865112
    ],
    [
        0.9998033046722412,
        0.01157555915415287,
        -0.016107123345136642,
        0.3916412889957428,
        -0.011719092726707458,
        0.9998921751976013,
        -0.008845576085150242,
        -0.1274978518486023,
        0.016002992168068886,
        0.009032596834003925,
        0.9998312592506409,
        1.9657502174377441
    ],
    [
        0.9997846484184265,
        0.009633073583245277,
        -0.018382031470537186,
        0.4220045208930969,
        -0.009798343293368816,
        0.9999122619628906,
        -0.00892205536365509,
        -0.13326296210289001,
        0.01829446665942669,
        0.009100248105823994,
        0.9997912645339966,
        2.081186294555664
    ],
    [
        0.9997380375862122,
        0.007449861615896225,
        -0.021643875166773796,
        0.4587790369987488,
        -0.0076184142380952835,
        0.9999412298202515,
        -0.007715519051998854,
        -0.14222338795661926,
        0.021585123613476753,
        0.007878389209508896,
        0.9997360110282898,
        2.215658664703369
    ],
    [
        0.9996145963668823,
        0.004623051732778549,
        -0.02737513557076454,
        0.5097512006759644,
        -0.00480924965813756,
        0.9999657273292542,
        -0.0067398082464933395,
        -0.14624789357185364,
        0.027343038469552994,
        0.006868863943964243,
        0.9996024966239929,
        2.356981039047241
    ],
    [
        0.9994175434112549,
        0.0032234059181064367,
        -0.03397352993488312,
        0.5639662146568298,
        -0.003397983266040683,
        0.9999813437461853,
        -0.005082142539322376,
        -0.14919178187847137,
        0.033956509083509445,
        0.005194623488932848,
        0.9994097352027893,
        2.4806511402130127
    ],
    [
        0.9991210699081421,
        0.0024580040480941534,
        -0.04184682294726372,
        0.6211541295051575,
        -0.0025875421706587076,
        0.9999920725822449,
        -0.0030416438821703196,
        -0.14965854585170746,
        0.041839003562927246,
        0.0031472526025027037,
        0.9991194605827332,
        2.6271564960479736
    ],
    [
        0.9988355040550232,
        0.0022165514528751373,
        -0.048193980008363724,
        0.6602635383605957,
        -0.0022945005912333727,
        0.9999961853027344,
        -0.0015621497295796871,
        -0.14826051890850067,
        0.04819032549858093,
        0.001670912140980363,
        0.9988367557525635,
        2.7551169395446777
    ],
    [
        0.9984254240989685,
        0.0018721314845606685,
        -0.05606364086270332,
        0.7030442953109741,
        -0.0018433566438034177,
        0.9999982118606567,
        0.0005649534286931157,
        -0.14986927807331085,
        0.05606459453701973,
        -0.0004607201262842864,
        0.9984270334243774,
        2.9091622829437256
    ],
    [
        0.9979603886604309,
        0.0016428626840934157,
        -0.06381556391716003,
        0.7416477203369141,
        -0.0014819474890828133,
        0.9999956488609314,
        0.002568824915215373,
        -0.151802197098732,
        0.06381949782371521,
        -0.002469012513756752,
        0.9979583621025085,
        3.042369842529297
    ],
    [
        0.997161328792572,
        0.002059427322819829,
        -0.07526601850986481,
        0.7937114238739014,
        -0.0016887973761186004,
        0.9999862313270569,
        0.004987898748368025,
        -0.15533509850502014,
        0.07527539134025574,
        -0.004846634808927774,
        0.9971510767936707,
        3.197451114654541
    ],
    [
        0.9959247708320618,
        0.0033742107916623354,
        -0.09012512117624283,
        0.8628560304641724,
        -0.0028017875738441944,
        0.9999751448631287,
        0.006477193906903267,
        -0.15738797187805176,
        0.09014496207237244,
        -0.006198282819241285,
        0.9959093332290649,
        3.355579376220703
    ],
    [
        0.994611382484436,
        0.005721315275877714,
        -0.10351522266864777,
        0.9197289347648621,
        -0.004919590428471565,
        0.9999558925628662,
        0.007998641580343246,
        -0.16222649812698364,
        0.10355669260025024,
        -0.007446290459483862,
        0.9945957064628601,
        3.4854750633239746
    ],
    [
        0.9929298758506775,
        0.009042435325682163,
        -0.11835749447345734,
        0.9726961255073547,
        -0.008118361234664917,
        0.9999326467514038,
        0.008287225849926472,
        -0.16222377121448517,
        0.11842436343431473,
        -0.007267762441188097,
        0.9929364323616028,
        3.6366918087005615
    ],
    [
        0.9914435744285583,
        0.012469341047108173,
        -0.1299390196800232,
        1.0082036256790161,
        -0.011527536436915398,
        0.9999015927314758,
        0.007997715845704079,
        -0.16227003931999207,
        0.1300259381532669,
        -0.0064314063638448715,
        0.9914896488189697,
        3.767023801803589
    ],
    [
        0.9896743893623352,
        0.01690768636763096,
        -0.1423332691192627,
        1.04209303855896,
        -0.01585657335817814,
        0.9998379945755005,
        0.008515922352671623,
        -0.1688348352909088,
        0.14245404303073883,
        -0.006171075161546469,
        0.9897822141647339,
        3.9145004749298096
    ],
    [
        0.9879088401794434,
        0.021672790870070457,
        -0.15351387858390808,
        1.0702871084213257,
        -0.020589709281921387,
        0.9997506141662598,
        0.00864187628030777,
        -0.17349474132061005,
        0.15366299450397491,
        -0.005376576445996761,
        0.98810875415802,
        4.061522483825684
    ]
]