[
    [
        0.991163432598114,
        0.016456209123134613,
        -0.13162142038345337,
        0.06109955534338951,
        -0.0164919663220644,
        0.9998636841773987,
        0.0008184858597815037,
        0.0010147857246920466,
        0.13161695003509521,
        0.0013594427146017551,
        0.9912996888160706,
        0.2687664330005646
    ],
    [
        0.9886820316314697,
        0.018319450318813324,
        -0.14890317618846893,
        0.0677947849035263,
        -0.018409593030810356,
        0.9998302459716797,
        0.0007730230572633445,
        -0.0035543027333915234,
        0.14889205992221832,
        0.001976973144337535,
        0.9888514876365662,
        0.3005503714084625
    ],
    [
        0.9861231446266174,
        0.020168719813227654,
        -0.1647864431142807,
        0.07132259011268616,
        -0.02020043134689331,
        0.9997948408126831,
        0.0014835628680884838,
        -0.008979099802672863,
        0.1647825390100479,
        0.0018657821929082274,
        0.9863280653953552,
        0.3314427137374878
    ],
    [
        0.9833246469497681,
        0.02230793796479702,
        -0.18048538267612457,
        0.07230131328105927,
        -0.0223737433552742,
        0.9997482895851135,
        0.001671435427851975,
        -0.013059467077255249,
        0.18047726154327393,
        0.002394570503383875,
        0.983576238155365,
        0.3586960732936859
    ],
    [
        0.9803614616394043,
        0.02437419258058071,
        -0.1956968903541565,
        0.07180334627628326,
        -0.024540141224861145,
        0.9996975660324097,
        0.0015770038589835167,
        -0.012689455412328243,
        0.19567613303661346,
        0.003256394760683179,
        0.9806632399559021,
        0.3854781687259674
    ],
    [
        0.9772639870643616,
        0.025962743908166885,
        -0.21043045818805695,
        0.07243495434522629,
        -0.026186231523752213,
        0.999655544757843,
        0.0017247608629986644,
        -0.012783664278686047,
        0.21040275692939758,
        0.0038248333148658276,
        0.9776073098182678,
        0.4148995876312256
    ],
    [
        0.9740245938301086,
        0.027549000456929207,
        -0.22476042807102203,
        0.07318542152643204,
        -0.027688613161444664,
        0.9996134638786316,
        0.0025314069353044033,
        -0.014384981244802475,
        0.22474324703216553,
        0.003757651662454009,
        0.9744107723236084,
        0.449104905128479
    ],
    [
        0.9708302021026611,
        0.028745971620082855,
        -0.238038569688797,
        0.07526382058858871,
        -0.028797795996069908,
        0.9995799660682678,
        0.0032605051528662443,
        -0.017040792852640152,
        0.2380322962999344,
        0.0036895889788866043,
        0.9712502956390381,
        0.48654428124427795
    ],
    [
        0.9676085710525513,
        0.029578130692243576,
        -0.25071656703948975,
        0.07832951843738556,
        -0.029496286064386368,
        0.9995565414428711,
        0.0040848953649401665,
        -0.019073158502578735,
        0.25072619318962097,
        0.0034426290076225996,
        0.9680518507957458,
        0.5252675414085388
    ],
    [
        0.9642353653907776,
        0.030552541837096214,
        -0.26328057050704956,
        0.08173441141843796,
        -0.03056340664625168,
        0.9995245933532715,
        0.004055364988744259,
        -0.020769042894244194,
        0.2632793188095093,
        0.004136424511671066,
        0.9647107720375061,
        0.5611830949783325
    ],
    [
        0.9606227874755859,
        0.03184972703456879,
        -0.27602431178092957,
        0.08239761739969254,
        -0.03202393651008606,
        0.9994795918464661,
        0.003877297043800354,
        -0.02063339203596115,
        0.2760041356086731,
        0.005114764906466007,
        0.9611427783966064,
        0.5954317450523376
    ],
    [
        0.9567081928253174,
        0.03306610509753227,
        -0.28916460275650024,
        0.08272355794906616,
        -0.0333934985101223,
        0.9994350075721741,
        0.0038026475813239813,
        -0.01966046541929245,
        0.2891269624233246,
        0.006018195301294327,
        0.9572718739509583,
        0.6305229067802429
    ],
    [
        0.9528180360794067,
        0.034474313259124756,
        -0.3015780746936798,
        0.08202776312828064,
        -0.03491169214248657,
        0.9993826746940613,
        0.003941058646887541,
        -0.01894335448741913,
        0.301527738571167,
        0.006773488130420446,
        0.9534332752227783,
        0.6668968200683594
    ],
    [
        0.9488306641578674,
        0.03598862513899803,
        -0.3137276768684387,
        0.07877819240093231,
        -0.03650524094700813,
        0.9993244409561157,
        0.004229850601404905,
        -0.020573604851961136,
        0.31366798281669617,
        0.007439292501658201,
        0.9495036005973816,
        0.7029339671134949
    ],
    [
        0.9446523189544678,
        0.036453716456890106,
        -0.32604146003723145,
        0.07402066886425018,
        -0.03718270733952522,
        0.9993004202842712,
        0.003997908439487219,
        -0.024781767278909683,
        0.32595911622047424,
        0.008346469141542912,
        0.9453469514846802,
        0.7378777265548706
    ],
    [
        0.9408945441246033,
        0.03717357665300369,
        -0.33665356040000916,
        0.06908193230628967,
        -0.03807877004146576,
        0.999267041683197,
        0.0039156717248260975,
        -0.029396891593933105,
        0.33655235171318054,
        0.009135116823017597,
        0.9416205286979675,
        0.7689590454101562
    ],
    [
        0.9376052618026733,
        0.03791416436433792,
        -0.34562844038009644,
        0.06602679938077927,
        -0.039266347885131836,
        0.9992240071296692,
        0.003091204911470413,
        -0.03105558641254902,
        0.345477432012558,
        0.010673237964510918,
        0.9383664131164551,
        0.7986700534820557
    ],
    [
        0.9340184330940247,
        0.03830618038773537,
        -0.3551650941371918,
        0.06260557472705841,
        -0.03985857218503952,
        0.9992009997367859,
        0.00294773792847991,
        -0.034129682928323746,
        0.3549942076206207,
        0.011403132230043411,
        0.9347989559173584,
        0.8278733491897583
    ],
    [
        0.9303438663482666,
        0.03893323987722397,
        -0.3646155893802643,
        0.061149682849645615,
        -0.04070542752742767,
        0.9991671442985535,
        0.002827006159350276,
        -0.03811356797814369,
        0.3644219934940338,
        0.012211745604872704,
        0.9311538934707642,
        0.8609261512756348
    ],
    [
        0.9265917539596558,
        0.03880170360207558,
        -0.37406158447265625,
        0.05989683046936989,
        -0.04089058190584183,
        0.9991608262062073,
        0.0023532602936029434,
        -0.04117986932396889,
        0.37383899092674255,
        0.01311508473008871,
        0.9274008870124817,
        0.895071268081665
    ],
    [
        0.922906756401062,
        0.03941497579216957,
        -0.3830007314682007,
        0.05881306529045105,
        -0.041750818490982056,
        0.9991256594657898,
        0.0022151339799165726,
        -0.042559247463941574,
        0.3827531337738037,
        0.013946233317255974,
        0.923745334148407,
        0.9277290105819702
    ],
    [
        0.9192800521850586,
        0.040079399943351746,
        -0.3915582597255707,
        0.05710292235016823,
        -0.04285702109336853,
        0.9990797638893127,
        0.0016470677219331264,
        -0.0436379499733448,
        0.3912639915943146,
        0.0152669046074152,
        0.9201517701148987,
        0.9574844241142273
    ],
    [
        0.9155327081680298,
        0.04082181304693222,
        -0.40016672015190125,
        0.05207780376076698,
        -0.04383401945233345,
        0.999037504196167,
        0.0016269296174868941,
        -0.04387587308883667,
        0.39984798431396484,
        0.016051409766077995,
        0.9164407849311829,
        0.9866476655006409
    ],
    [
        0.9121432900428772,
        0.04083350673317909,
        -0.4078323543071747,
        0.043503280729055405,
        -0.0441972091794014,
        0.9990221858024597,
        0.0011754686711356044,
        -0.04526429623365402,
        0.4074815511703491,
        0.01695285551249981,
        0.9130560755729675,
        1.016447901725769
    ],
    [
        0.9092676639556885,
        0.04083540663123131,
        -0.41420385241508484,
        0.033801235258579254,
        -0.04456575587391853,
        0.9990062713623047,
        0.0006581901106983423,
        -0.04852787405252457,
        0.4138190448284149,
        0.017860835418105125,
        0.9101839065551758,
        1.048171043395996
    ]
]