[
    [
        0.9997028708457947,
        -0.004235949832946062,
        0.024000968784093857,
        0.05286223441362381,
        0.004105048719793558,
        0.9999764561653137,
        0.005500623490661383,
        0.020807262510061264,
        -0.02402370423078537,
        -0.005400464404374361,
        0.9996968507766724,
        -0.09767346829175949
    ],
    [
        0.9997202754020691,
        -0.004545481875538826,
        0.023209823295474052,
        0.06265848129987717,
        0.0044327122159302235,
        0.9999781847000122,
        0.004907840397208929,
        0.025894997641444206,
        -0.0232316255569458,
        -0.0048035853542387486,
        0.9997186064720154,
        -0.10617737472057343
    ],
    [
        0.9997215867042542,
        -0.0049064019694924355,
        0.02307896316051483,
        0.07693536579608917,
        0.004781955387443304,
        0.999973714351654,
        0.005444339010864496,
        0.03235010802745819,
        -0.023105068132281303,
        -0.005332459695637226,
        0.9997187256813049,
        -0.11928413808345795
    ],
    [
        0.9997143149375916,
        -0.005105904769152403,
        0.023348473012447357,
        0.08710366487503052,
        0.004983037244528532,
        0.9999734163284302,
        0.005317450501024723,
        0.03680770471692085,
        -0.023375006392598152,
        -0.005199584644287825,
        0.9997132420539856,
        -0.12854988873004913
    ],
    [
        0.9996960163116455,
        -0.005202810745686293,
        0.02410120889544487,
        0.1023864597082138,
        0.0050755157135427,
        0.9999728798866272,
        0.005339816678315401,
        0.04380318522453308,
        -0.02412833645939827,
        -0.005215867888182402,
        0.9996953010559082,
        -0.14247873425483704
    ],
    [
        0.9996695518493652,
        -0.005194622091948986,
        0.02517402358353138,
        0.11247794330120087,
        0.0050687347538769245,
        0.9999743103981018,
        0.005061924923211336,
        0.04807864502072334,
        -0.02519966848194599,
        -0.00493265176191926,
        0.9996702671051025,
        -0.151972696185112
    ],
    [
        0.9996101260185242,
        -0.005214539356529713,
        0.02742818370461464,
        0.12652519345283508,
        0.005057907663285732,
        0.999970555305481,
        0.0057769231498241425,
        0.052721552550792694,
        -0.027457496151328087,
        -0.005635942332446575,
        0.9996071457862854,
        -0.1673969328403473
    ],
    [
        0.9995319843292236,
        -0.005628827027976513,
        0.030068635940551758,
        0.13518492877483368,
        0.005490421317517757,
        0.9999739527702332,
        0.00468358164653182,
        0.056533489376306534,
        -0.030094217509031296,
        -0.004516300745308399,
        0.9995368719100952,
        -0.17751510441303253
    ],
    [
        0.9994208216667175,
        -0.005552319809794426,
        0.033571016043424606,
        0.14827647805213928,
        0.0054014683701097965,
        0.9999749660491943,
        0.004582523833960295,
        0.058692049235105515,
        -0.03359561040997505,
        -0.004398536868393421,
        0.9994258880615234,
        -0.1933305263519287
    ],
    [
        0.9993203282356262,
        -0.005725069437175989,
        0.036416586488485336,
        0.15689873695373535,
        0.005568945314735174,
        0.9999748468399048,
        0.0043871719390153885,
        0.06052982807159424,
        -0.036440785974264145,
        -0.004181386902928352,
        0.9993270635604858,
        -0.20382648706436157
    ],
    [
        0.9991095066070557,
        -0.005961127579212189,
        0.04176950454711914,
        0.16872538626194,
        0.005788715090602636,
        0.9999741911888123,
        0.004247454926371574,
        0.06340882182121277,
        -0.04179374501109123,
        -0.004001880995929241,
        0.9991181492805481,
        -0.22050146758556366
    ],
    [
        0.998966634273529,
        -0.006196514703333378,
        0.045024625957012177,
        0.17553530633449554,
        0.006031652446836233,
        0.9999745488166809,
        0.003796560224145651,
        0.06523025780916214,
        -0.045047007501125336,
        -0.0035210640635341406,
        0.9989787340164185,
        -0.23283781111240387
    ],
    [
        0.9986967444419861,
        -0.006367215886712074,
        0.05064040422439575,
        0.18573524057865143,
        0.006178491748869419,
        0.9999734163284302,
        0.0038824023213237524,
        0.06785088032484055,
        -0.050663772970438004,
        -0.0035644606687128544,
        0.9987094402313232,
        -0.2534809708595276
    ],
    [
        0.9983723163604736,
        -0.006447760388255119,
        0.0566675029695034,
        0.19660595059394836,
        0.006276234053075314,
        0.9999751448631287,
        0.003204341046512127,
        0.07055169343948364,
        -0.056686751544475555,
        -0.0028434665873646736,
        0.9983879327774048,
        -0.2768257260322571
    ],
    [
        0.9981156587600708,
        -0.006711525842547417,
        0.06099148839712143,
        0.20372971892356873,
        0.006483578123152256,
        0.9999711513519287,
        0.003934505395591259,
        0.07195693254470825,
        -0.06101614236831665,
        -0.0035316485445946455,
        0.9981305003166199,
        -0.2934032380580902
    ],
    [
        0.9976689219474792,
        -0.006941448897123337,
        0.06788715720176697,
        0.21456825733184814,
        0.0065720826387405396,
        0.9999623894691467,
        0.005662701092660427,
        0.07411745935678482,
        -0.067923903465271,
        -0.005203340668231249,
        0.9976770281791687,
        -0.31938236951828003
    ],
    [
        0.997377336025238,
        -0.007223905064165592,
        0.07201574742794037,
        0.2223261147737503,
        0.006970581598579884,
        0.9999686479568481,
        0.0037683090195059776,
        0.07560239732265472,
        -0.07204070687294006,
        -0.0032564348075538874,
        0.9973964691162109,
        -0.3369908034801483
    ],
    [
        0.9969208240509033,
        -0.00794597715139389,
        0.07801145315170288,
        0.23610657453536987,
        0.007627291604876518,
        0.9999613761901855,
        0.0043822238221764565,
        0.07711590081453323,
        -0.07804325222969055,
        -0.003773714182898402,
        0.9969428181648254,
        -0.36153239011764526
    ],
    [
        0.9966844320297241,
        -0.008063478395342827,
        0.08096328377723694,
        0.24623097479343414,
        0.007758846040815115,
        0.9999614953994751,
        0.004076504148542881,
        0.07834798842668533,
        -0.08099303394556046,
        -0.003434806363657117,
        0.9967087507247925,
        -0.37583863735198975
    ],
    [
        0.9961468577384949,
        -0.008491940796375275,
        0.08728893101215363,
        0.260855495929718,
        0.008248095400631428,
        0.9999609589576721,
        0.0031538496259599924,
        0.07831674069166183,
        -0.08731231093406677,
        -0.0024217304307967424,
        0.9961780309677124,
        -0.3982474207878113
    ],
    [
        0.9958059191703796,
        -0.008975483477115631,
        0.09104983508586884,
        0.2714096009731293,
        0.008714169263839722,
        0.9999567866325378,
        0.003267134539783001,
        0.07918250560760498,
        -0.09107521176338196,
        -0.002460008952766657,
        0.9958409667015076,
        -0.4128968417644501
    ],
    [
        0.9953263401985168,
        -0.00952522549778223,
        0.0960971936583519,
        0.2891596257686615,
        0.009157792665064335,
        0.9999489784240723,
        0.0042638699524104595,
        0.07991364598274231,
        -0.09613291174173355,
        -0.003363904310390353,
        0.9953628778457642,
        -0.43447962403297424
    ],
    [
        0.9949333071708679,
        -0.010135255753993988,
        0.10002494603395462,
        0.30037155747413635,
        0.009820498526096344,
        0.9999451637268066,
        0.0036386679857969284,
        0.08173535764217377,
        -0.10005634278059006,
        -0.002637936733663082,
        0.9949783682823181,
        -0.4500412940979004
    ],
    [
        0.9943704605102539,
        -0.011016442440450191,
        0.10538486391305923,
        0.31803828477859497,
        0.010729185305535793,
        0.9999369978904724,
        0.0032923389226198196,
        0.08296164870262146,
        -0.1054145023226738,
        -0.0021431115455925465,
        0.9944260120391846,
        -0.47556161880493164
    ],
    [
        0.9938571453094482,
        -0.011819431558251381,
        0.11003732681274414,
        0.33828869462013245,
        0.011420858092606068,
        0.9999257922172546,
        0.004251765087246895,
        0.08427315950393677,
        -0.11007940769195557,
        -0.002968926215544343,
        0.9939184188842773,
        -0.5009616613388062
    ]
]