[
    [
        0.9999969601631165,
        -0.0017117051174864173,
        -0.0017962718848139048,
        0.0919567197561264,
        0.0017068140441551805,
        0.9999948740005493,
        -0.002720907097682357,
        0.002816388150677085,
        0.0018009201157838106,
        0.0027178325690329075,
        0.9999946355819702,
        -0.0023212761152535677
    ],
    [
        0.9999969601631165,
        -0.0016602250980213284,
        -0.0018317005597054958,
        0.09586574137210846,
        0.001654831226915121,
        0.9999943375587463,
        -0.0029423756059259176,
        0.0031746451277285814,
        0.0018365747528150678,
        0.0029393350705504417,
        0.9999940395355225,
        -0.0022164909169077873
    ],
    [
        0.9999964833259583,
        -0.001836201292462647,
        -0.001935880514793098,
        0.10234544426202774,
        0.001830236753448844,
        0.999993622303009,
        -0.0030781913083046675,
        0.003144696122035384,
        0.0019415199058130383,
        0.003074637148529291,
        0.9999934434890747,
        -0.0019368205685168505
    ],
    [
        0.9999961256980896,
        -0.0020581777207553387,
        -0.0018463246524333954,
        0.108885757625103,
        0.0020525925792753696,
        0.9999933838844299,
        -0.0030214686412364244,
        0.002987090963870287,
        0.001852531568147242,
        0.003017666982486844,
        0.9999938011169434,
        -0.001440793159417808
    ],
    [
        0.9999958276748657,
        -0.002157401293516159,
        -0.0019014086574316025,
        0.11514318734407425,
        0.0021510932128876448,
        0.9999922513961792,
        -0.0033133772667497396,
        0.003145068883895874,
        0.001908542588353157,
        0.00330927362665534,
        0.9999927282333374,
        -0.0014094001380726695
    ],
    [
        0.9999955892562866,
        -0.0024004685692489147,
        -0.0017894243355840445,
        0.120871901512146,
        0.0023942349944263697,
        0.9999911189079285,
        -0.0034775082021951675,
        0.003154472215101123,
        0.0017977558309212327,
        0.003473208285868168,
        0.9999923706054688,
        -0.0008256415603682399
    ],
    [
        0.999995231628418,
        -0.0024946406483650208,
        -0.0018431803910061717,
        0.12672069668769836,
        0.0024879227858036757,
        0.9999903440475464,
        -0.0036377408541738987,
        0.0034126935061067343,
        0.0018522372702136636,
        0.003633137559518218,
        0.999991774559021,
        -0.0008072282071225345
    ],
    [
        0.9999952912330627,
        -0.0025579293724149466,
        -0.0017203849274665117,
        0.13256286084651947,
        0.0025516950991004705,
        0.9999901652336121,
        -0.00361581495963037,
        0.0031499092001467943,
        0.0017296160804107785,
        0.003611407708376646,
        0.9999920129776001,
        -0.0003068349906243384
    ],
    [
        0.9999948143959045,
        -0.002622658386826515,
        -0.0019163626711815596,
        0.13862061500549316,
        0.0026150622870773077,
        0.9999887943267822,
        -0.003955555614084005,
        0.003499224316328764,
        0.0019267157185822725,
        0.003950522746890783,
        0.9999903440475464,
        -0.0001641728013055399
    ],
    [
        0.9999946355819702,
        -0.0027268670964986086,
        -0.0018232072470709682,
        0.14415137469768524,
        0.002719378564506769,
        0.9999880194664001,
        -0.004097313620150089,
        0.0035951673053205013,
        0.0018343578558415174,
        0.00409233383834362,
        0.9999899864196777,
        0.00018576119327917695
    ],
    [
        0.9999943375587463,
        -0.0028259505052119493,
        -0.0018569070380181074,
        0.15008442103862762,
        0.0028183176182210445,
        0.9999876022338867,
        -0.004100179765373468,
        0.003732256358489394,
        0.0018684709211811423,
        0.004094923380762339,
        0.9999898672103882,
        0.0003123178903479129
    ],
    [
        0.999994158744812,
        -0.0029326954390853643,
        -0.0017899653175845742,
        0.1554715931415558,
        0.0029250667430460453,
        0.9999867081642151,
        -0.004249521065503359,
        0.00397333363071084,
        0.0018024039454758167,
        0.004244260955601931,
        0.99998939037323,
        0.0008755318121984601
    ],
    [
        0.9999935626983643,
        -0.0030915632378309965,
        -0.0018231791909784079,
        0.16072216629981995,
        0.0030833957716822624,
        0.9999853372573853,
        -0.0044655692763626575,
        0.003795105032622814,
        0.0018369576428085566,
        0.00445991987362504,
        0.999988317489624,
        0.0007950817234814167
    ],
    [
        0.9999932646751404,
        -0.003185223788022995,
        -0.0018780104583129287,
        0.16421420872211456,
        0.0031771124340593815,
        0.9999856352806091,
        -0.004306606948375702,
        0.0036251714918762445,
        0.0018917018314823508,
        0.0043006110936403275,
        0.9999889135360718,
        0.0012678041821345687
    ],
    [
        0.9999935626983643,
        -0.0032068497966974974,
        -0.0016070951241999865,
        0.16898852586746216,
        0.003199702827259898,
        0.9999851584434509,
        -0.004429889377206564,
        0.003815943840891123,
        0.0016212770715355873,
        0.004424717742949724,
        0.9999889135360718,
        0.0015874785603955388
    ],
    [
        0.9999932646751404,
        -0.003223525593057275,
        -0.0018211250426247716,
        0.17472465336322784,
        0.003214784897863865,
        0.9999834895133972,
        -0.004782129544764757,
        0.00400625029578805,
        0.0018365101423114538,
        0.004776242189109325,
        0.9999868869781494,
        0.0016629955498501658
    ],
    [
        0.9999938011169434,
        -0.0031168509740382433,
        -0.0016866102814674377,
        0.18050166964530945,
        0.0031087701208889484,
        0.9999837875366211,
        -0.004772846587002277,
        0.0040186429396271706,
        0.001701459172181785,
        0.004767572972923517,
        0.9999872446060181,
        0.0021435089875012636
    ],
    [
        0.9999933242797852,
        -0.0031533397268503904,
        -0.001862918259575963,
        0.18646275997161865,
        0.003144415095448494,
        0.9999836683273315,
        -0.00477411737665534,
        0.004054551478475332,
        0.0018779421225190163,
        0.004768227227032185,
        0.9999868869781494,
        0.002286632778123021
    ],
    [
        0.9999933838844299,
        -0.0032175842206925154,
        -0.0017015250632539392,
        0.19262787699699402,
        0.0032093122135847807,
        0.9999831318855286,
        -0.004842094611376524,
        0.004210492130368948,
        0.0017170764040201902,
        0.004836601670831442,
        0.9999868869781494,
        0.0028075790032744408
    ],
    [
        0.9999931454658508,
        -0.0032569977920502424,
        -0.0017641832819208503,
        0.19948157668113708,
        0.0032484654802829027,
        0.9999831318855286,
        -0.004817570094019175,
        0.004349274095147848,
        0.0017798442859202623,
        0.004811806138604879,
        0.9999868869781494,
        0.0028787849005311728
    ],
    [
        0.9999942779541016,
        -0.0029939236119389534,
        -0.0016070423880591989,
        0.20628374814987183,
        0.0029857547488063574,
        0.9999827146530151,
        -0.00506208511069417,
        0.005028831772506237,
        0.001622169977054,
        0.005057258065789938,
        0.999985933303833,
        0.003394656116142869
    ],
    [
        0.9999936819076538,
        -0.0031711121555417776,
        -0.0016040315385907888,
        0.21347561478614807,
        0.0031629002187401056,
        0.9999820590019226,
        -0.005096408072859049,
        0.004851066507399082,
        0.0016201643738895655,
        0.005091303493827581,
        0.9999856948852539,
        0.0034489217214286327
    ],
    [
        0.9999933838844299,
        -0.0032532380428165197,
        -0.0016249653417617083,
        0.22082145512104034,
        0.003244727849960327,
        0.9999812245368958,
        -0.0052121481858193874,
        0.004936300218105316,
        0.0016418908489868045,
        0.005206839647144079,
        0.9999850988388062,
        0.004135213792324066
    ],
    [
        0.9999927282333374,
        -0.003356637666001916,
        -0.00180554308462888,
        0.22876803576946259,
        0.0033471661154180765,
        0.9999808669090271,
        -0.005223290994763374,
        0.005109364632517099,
        0.0018230410059913993,
        0.00521721038967371,
        0.9999847412109375,
        0.004483271390199661
    ],
    [
        0.9999919533729553,
        -0.0036059743724763393,
        -0.0017863573739305139,
        0.2388271540403366,
        0.0035960334353148937,
        0.9999781847000122,
        -0.005537072196602821,
        0.0053941356018185616,
        0.0018062854651361704,
        0.0055306036956608295,
        0.9999830722808838,
        0.005027138628065586
    ]
]