[
    [
        0.9999914169311523,
        -0.0013819290325045586,
        0.0039231255650520325,
        -0.2855939567089081,
        0.001391677069477737,
        0.9999959468841553,
        -0.002483115065842867,
        -0.04412710294127464,
        -0.003919679205864668,
        0.002488553524017334,
        0.9999892711639404,
        0.4036557674407959
    ],
    [
        0.9999741911888123,
        -0.0012469232315197587,
        0.007078001741319895,
        -0.3103838562965393,
        0.0012650847202166915,
        0.9999958872795105,
        -0.0025620360393077135,
        -0.058176301419734955,
        -0.007074778433889151,
        0.0025709241162985563,
        0.9999716281890869,
        0.4562653601169586
    ],
    [
        0.9999446272850037,
        -0.0012810127809643745,
        0.010456017218530178,
        -0.3430585563182831,
        0.0013025504304096103,
        0.999997079372406,
        -0.002053358592092991,
        -0.08322823792695999,
        -0.010453355498611927,
        0.002066864864900708,
        0.9999432563781738,
        0.5201730132102966
    ],
    [
        0.9999271631240845,
        -0.001200528466142714,
        0.012010792270302773,
        -0.3771834969520569,
        0.001224941574037075,
        0.9999971985816956,
        -0.002025397028774023,
        -0.10796869546175003,
        -0.012008327059447765,
        0.002039961749687791,
        0.9999258518218994,
        0.5757213830947876
    ],
    [
        0.999910295009613,
        -0.0013137218775227666,
        0.013325672596693039,
        -0.4039183557033539,
        0.0013484649825841188,
        0.9999957084655762,
        -0.002598575549200177,
        -0.13300545513629913,
        -0.013322204351425171,
        0.0026163123548030853,
        0.9999078512191772,
        0.6274206638336182
    ],
    [
        0.9998993873596191,
        -0.0011931638000532985,
        0.014132899232208729,
        -0.4351249635219574,
        0.0012372072087600827,
        0.9999944567680359,
        -0.0031080266926437616,
        -0.15330496430397034,
        -0.014129112474620342,
        0.003125198883935809,
        0.9998953342437744,
        0.6789335608482361
    ],
    [
        0.9998928904533386,
        -0.0006244182586669922,
        0.0146286990493536,
        -0.4771426320075989,
        0.0006581568741239607,
        0.9999971985816956,
        -0.0023016431368887424,
        -0.1717853844165802,
        -0.014627219177782536,
        0.0023110241163522005,
        0.9998903274536133,
        0.7332267165184021
    ],
    [
        0.9998871684074402,
        0.0003843616577796638,
        0.015013808384537697,
        -0.5234842896461487,
        -0.00033578433794900775,
        0.9999947547912598,
        -0.003237849799916148,
        -0.1959451586008072,
        -0.01501497346907854,
        0.003232443705201149,
        0.9998819828033447,
        0.7902756333351135
    ],
    [
        0.9998712539672852,
        0.0005271594855003059,
        0.016035865992307663,
        -0.5748926401138306,
        -0.0004618375969585031,
        0.9999916553497314,
        -0.0040768892504274845,
        -0.22017498314380646,
        -0.01603787951171398,
        0.004068957641720772,
        0.9998631477355957,
        0.8447893857955933
    ],
    [
        0.9998648762702942,
        0.0012930389493703842,
        0.01638825051486492,
        -0.6261687874794006,
        -0.0012167582754045725,
        0.9999884963035583,
        -0.004663714207708836,
        -0.24553236365318298,
        -0.01639408804476261,
        0.004643142223358154,
        0.9998548030853271,
        0.8912796974182129
    ],
    [
        0.999830961227417,
        0.0019070170819759369,
        0.018285363912582397,
        -0.6784532070159912,
        -0.0018200072227045894,
        0.999987006187439,
        -0.004773849621415138,
        -0.2672805190086365,
        -0.01829422637820244,
        0.004739763680845499,
        0.9998213648796082,
        0.9352189898490906
    ],
    [
        0.9998196363449097,
        0.002492699772119522,
        0.01883014291524887,
        -0.7352439165115356,
        -0.0024043205194175243,
        0.9999859929084778,
        -0.004714646376669407,
        -0.2836920917034149,
        -0.018841631710529327,
        0.004668521229177713,
        0.999811589717865,
        0.9843859672546387
    ],
    [
        0.9997870326042175,
        0.002844631439074874,
        0.020440340042114258,
        -0.7963355183601379,
        -0.0027613677084445953,
        0.9999878406524658,
        -0.004100549500435591,
        -0.2990504801273346,
        -0.020451731979846954,
        0.00404324010014534,
        0.9997825622558594,
        1.0344675779342651
    ],
    [
        0.9998133182525635,
        0.0029039368964731693,
        0.01910439506173134,
        -0.8473029732704163,
        -0.0028135718312114477,
        0.9999848008155823,
        -0.004755217116326094,
        -0.31034034490585327,
        -0.01911790668964386,
        0.004700580146163702,
        0.9998062252998352,
        1.0686691999435425
    ],
    [
        0.9998349547386169,
        0.003620372386649251,
        0.017800329253077507,
        -0.9022191762924194,
        -0.0035282683093100786,
        0.9999802708625793,
        -0.005202944856137037,
        -0.3209085464477539,
        -0.017818814143538475,
        0.005139281507581472,
        0.9998279809951782,
        1.0981621742248535
    ],
    [
        0.9999546408653259,
        0.00477499607950449,
        0.008244995027780533,
        -0.9587485790252686,
        -0.004722718149423599,
        0.9999687671661377,
        -0.006348359398543835,
        -0.3278120756149292,
        -0.00827504601329565,
        0.006309134885668755,
        0.999945878982544,
        1.1167124509811401
    ],
    [
        0.9999315738677979,
        0.007626465987414122,
        -0.008869296871125698,
        -1.0217970609664917,
        -0.007696778513491154,
        0.9999390244483948,
        -0.007918517105281353,
        -0.3319414556026459,
        0.008808430284261703,
        0.007986238226294518,
        0.9999292492866516,
        1.1241809129714966
    ],
    [
        0.9992284774780273,
        0.01212990377098322,
        -0.03735398128628731,
        -1.0965503454208374,
        -0.01247582957148552,
        0.999881386756897,
        -0.009042112156748772,
        -0.33350035548210144,
        0.037239812314510345,
        0.009501160122454166,
        0.9992611408233643,
        1.1218763589859009
    ],
    [
        0.9974757432937622,
        0.01733800768852234,
        -0.06885945796966553,
        -1.1787762641906738,
        -0.0179977435618639,
        0.9997977614402771,
        -0.008972288109362125,
        -0.3290708661079407,
        0.06868994235992432,
        0.010188951157033443,
        0.9975860118865967,
        1.1147863864898682
    ],
    [
        0.994350790977478,
        0.02219771221280098,
        -0.10379728674888611,
        -1.2673171758651733,
        -0.023342570289969444,
        0.9996792078018188,
        -0.009828017093241215,
        -0.325054794549942,
        0.10354577749967575,
        0.012195390649139881,
        0.9945499300956726,
        1.1027674674987793
    ],
    [
        0.9885832667350769,
        0.02832951955497265,
        -0.14798793196678162,
        -1.3547658920288086,
        -0.030088044703006744,
        0.9995006322860718,
        -0.00965715479105711,
        -0.3252217471599579,
        0.14764052629470825,
        0.013999571092426777,
        0.98894202709198,
        1.0840473175048828
    ],
    [
        0.9781554341316223,
        0.0358256958425045,
        -0.20476408302783966,
        -1.4365252256393433,
        -0.03821660950779915,
        0.9992396235466003,
        -0.007732411380857229,
        -0.3273109197616577,
        0.2043314278125763,
        0.01538888644427061,
        0.9787808060646057,
        1.0636717081069946
    ],
    [
        0.9590643644332886,
        0.044752173125743866,
        -0.2796298861503601,
        -1.5174375772476196,
        -0.04810389131307602,
        0.998829185962677,
        -0.005131684243679047,
        -0.32416775822639465,
        0.2790728509426117,
        0.01837291568517685,
        0.9600940942764282,
        1.0434658527374268
    ],
    [
        0.9282394647598267,
        0.055994912981987,
        -0.36774441599845886,
        -1.6017810106277466,
        -0.06011243164539337,
        0.9981915950775146,
        0.0002581433509476483,
        -0.31936854124069214,
        0.36709392070770264,
        0.021866394206881523,
        0.9299269318580627,
        1.0198380947113037
    ],
    [
        0.882359504699707,
        0.0694953128695488,
        -0.4654161036014557,
        -1.6950920820236206,
        -0.07390819489955902,
        0.9972262978553772,
        0.008785557933151722,
        -0.3187483549118042,
        0.4647357165813446,
        0.026646045967936516,
        0.8850484490394592,
        0.9930989146232605
    ]
]