[
    [
        0.9479052424430847,
        0.01393558457493782,
        -0.31824737787246704,
        0.030133599415421486,
        -0.01468684896826744,
        0.9998921751976013,
        3.877729977830313e-05,
        -0.22465668618679047,
        0.3182136118412018,
        0.004637293983250856,
        0.9480076432228088,
        0.13276511430740356
    ],
    [
        0.9472100734710693,
        0.0142879169434309,
        -0.32029494643211365,
        0.027872739359736443,
        -0.015037351287901402,
        0.9998869299888611,
        0.00013353474787436426,
        -0.22094833850860596,
        0.320260614156723,
        0.004689902067184448,
        0.947317898273468,
        0.1259002536535263
    ],
    [
        0.9461550116539001,
        0.014913598075509071,
        -0.32337021827697754,
        0.023007623851299286,
        -0.015767643228173256,
        0.9998756647109985,
        -2.1303030734998174e-05,
        -0.21377816796302795,
        0.3233296871185303,
        0.005118942353874445,
        0.9462724924087524,
        0.11259181052446365
    ],
    [
        0.9450950622558594,
        0.01547540444880724,
        -0.32642871141433716,
        0.013929707929491997,
        -0.01671683043241501,
        0.9998597502708435,
        -0.0009979563765227795,
        -0.2003633677959442,
        0.32636749744415283,
        0.006400016602128744,
        0.9452212452888489,
        0.09585592150688171
    ],
    [
        0.9439201354980469,
        0.01586669683456421,
        -0.3297925591468811,
        0.00392884761095047,
        -0.01739993691444397,
        0.9998471140861511,
        -0.0016976712504401803,
        -0.18398244678974152,
        0.32971522212028503,
        0.007340836338698864,
        0.9440518617630005,
        0.07521379739046097
    ],
    [
        0.9423120617866516,
        0.015987897291779518,
        -0.33435365557670593,
        -0.0067725102417171,
        -0.01775682345032692,
        0.9998397827148438,
        -0.002234556945040822,
        -0.16418467462062836,
        0.3342643678188324,
        0.008042708039283752,
        0.9424450397491455,
        0.04955793544650078
    ],
    [
        0.9403657913208008,
        0.016483299434185028,
        -0.33976539969444275,
        -0.01611882634460926,
        -0.01866289973258972,
        0.9998208284378052,
        -0.003148075193166733,
        -0.14214955270290375,
        0.3396526575088501,
        0.009301349520683289,
        0.9405049085617065,
        0.018085913732647896
    ],
    [
        0.9382003545761108,
        0.016811223700642586,
        -0.345684289932251,
        -0.02760341949760914,
        -0.01914489082992077,
        0.999811053276062,
        -0.0033374126069247723,
        -0.11751862615346909,
        0.3455628752708435,
        0.00974925048649311,
        0.9383449554443359,
        -0.018320394679903984
    ],
    [
        0.9356162548065186,
        0.016963206231594086,
        -0.3526107966899872,
        -0.03736654296517372,
        -0.019999805837869644,
        0.9997876286506653,
        -0.004970183130353689,
        -0.09332656115293503,
        0.3524515926837921,
        0.011702332645654678,
        0.9357569217681885,
        -0.05975354462862015
    ],
    [
        0.9338250756263733,
        0.017295701429247856,
        -0.35731175541877747,
        -0.0440492182970047,
        -0.020662479102611542,
        0.9997708201408386,
        -0.005606876220554113,
        -0.07763154059648514,
        0.35713285207748413,
        0.012618787586688995,
        0.9339683055877686,
        -0.08963757753372192
    ],
    [
        0.930333137512207,
        0.01779288984835148,
        -0.36628344655036926,
        -0.053230900317430496,
        -0.021608753129839897,
        0.999746561050415,
        -0.006320133805274963,
        -0.04924945533275604,
        0.36607810854911804,
        0.013794759288430214,
        0.9304817914962769,
        -0.1353784203529358
    ],
    [
        0.9258571267127991,
        0.018045002594590187,
        -0.37744253873825073,
        -0.06318596750497818,
        -0.021974418312311172,
        0.9997398257255554,
        -0.0061065275222063065,
        -0.02215597964823246,
        0.37723419070243835,
        0.01394785288721323,
        0.9260128736495972,
        -0.1822107434272766
    ],
    [
        0.9191269278526306,
        0.018073905259370804,
        -0.3935466706752777,
        -0.07077254354953766,
        -0.022414909675717354,
        0.9997280240058899,
        -0.006436740979552269,
        0.0023462017998099327,
        0.39332327246665955,
        0.01473749428987503,
        0.919282078742981,
        -0.2302183210849762
    ],
    [
        0.9098939895629883,
        0.017842549830675125,
        -0.414456844329834,
        -0.0765504539012909,
        -0.02278507873415947,
        0.9997159242630005,
        -0.006983894854784012,
        0.02350727468729019,
        0.414214551448822,
        0.015798034146428108,
        0.9100421071052551,
        -0.2796165943145752
    ],
    [
        0.8975526690483093,
        0.017385980114340782,
        -0.44056418538093567,
        -0.07453872263431549,
        -0.022813715040683746,
        0.9997149705886841,
        -0.007026182021945715,
        0.041129812598228455,
        0.44031646847724915,
        0.01635727472603321,
        0.8976935744285583,
        -0.32837653160095215
    ],
    [
        0.8832194805145264,
        0.017538603395223618,
        -0.46863165497779846,
        -0.0702720582485199,
        -0.023691803216934204,
        0.9996930956840515,
        -0.007237751502543688,
        0.05814293399453163,
        0.46836090087890625,
        0.017495254054665565,
        0.8833641409873962,
        -0.37364891171455383
    ],
    [
        0.8662964701652527,
        0.017894413322210312,
        -0.49920958280563354,
        -0.06390980631113052,
        -0.024600213393568993,
        0.9996738433837891,
        -0.006855842657387257,
        0.07252946496009827,
        0.4989240765571594,
        0.018219852820038795,
        0.8664541840553284,
        -0.4154086410999298
    ],
    [
        0.853359043598175,
        0.01799602620303631,
        -0.5210129022598267,
        -0.0588642843067646,
        -0.025128504261374474,
        0.9996622800827026,
        -0.006628795526921749,
        0.08108535408973694,
        0.5207176208496094,
        0.018749017268419266,
        0.8535231351852417,
        -0.44073352217674255
    ],
    [
        0.8315338492393494,
        0.017825715243816376,
        -0.555188000202179,
        -0.04950358718633652,
        -0.02555110491812229,
        0.9996544718742371,
        -0.006172774825245142,
        0.09281469881534576,
        0.5548861622810364,
        0.019318539649248123,
        0.8317019939422607,
        -0.47436827421188354
    ],
    [
        0.8057113289833069,
        0.01766587607562542,
        -0.5920448303222656,
        -0.0377252958714962,
        -0.025726202875375748,
        0.999655544757843,
        -0.005182215012609959,
        0.10616637021303177,
        0.5917494297027588,
        0.019406437873840332,
        0.8058884143829346,
        -0.5060826539993286
    ],
    [
        0.775502622127533,
        0.0177661944180727,
        -0.6310943961143494,
        -0.019209858030080795,
        -0.02560458518564701,
        0.9996666312217712,
        -0.0033214555587619543,
        0.116024911403656,
        0.6308249235153198,
        0.018734704703092575,
        0.7756989002227783,
        -0.5358262658119202
    ],
    [
        0.74118971824646,
        0.018225060775876045,
        -0.6710482239723206,
        0.0038210651837289333,
        -0.026453416794538498,
        0.999647855758667,
        -0.0020689349621534348,
        0.1245964989066124,
        0.6707742214202881,
        0.019284991547465324,
        0.7414107918739319,
        -0.5669029355049133
    ],
    [
        0.701918363571167,
        0.018725043162703514,
        -0.7120112776756287,
        0.025315066799521446,
        -0.02818102203309536,
        0.9996017217636108,
        -0.0014932232443243265,
        0.1370486170053482,
        0.7116997241973877,
        0.021113324910402298,
        0.7021664977073669,
        -0.599972128868103
    ],
    [
        0.6588729619979858,
        0.01945282332599163,
        -0.7520026564598083,
        0.0435844361782074,
        -0.029577448964118958,
        0.9995625019073486,
        -5.780348146799952e-05,
        0.14949814975261688,
        0.7516725063323975,
        0.022280406206846237,
        0.6591600179672241,
        -0.6329891681671143
    ],
    [
        0.61356520652771,
        0.0200909823179245,
        -0.7893884778022766,
        0.06001882255077362,
        -0.03067788854241371,
        0.9995280504226685,
        0.001594420289620757,
        0.160824254155159,
        0.78904789686203,
        0.023238491266965866,
        0.6138918995857239,
        -0.666611909866333
    ]
]