[
    [
        0.9886288046836853,
        -0.019672906026244164,
        0.1490841954946518,
        -0.040446795523166656,
        0.020295778289437294,
        0.9997905492782593,
        -0.002657600911334157,
        -0.03195587545633316,
        -0.14900067448616028,
        0.0056531610898673534,
        0.9888209104537964,
        0.23707492649555206
    ],
    [
        0.9850597977638245,
        -0.02204103209078312,
        0.17079651355743408,
        -0.0457252599298954,
        0.022914918139576912,
        0.9997324347496033,
        -0.0031465960200875998,
        -0.03710242360830307,
        -0.17068147659301758,
        0.007013373542577028,
        0.9853013157844543,
        0.2714402973651886
    ],
    [
        0.9815612435340881,
        -0.024744417518377304,
        0.1895395964384079,
        -0.04825820401310921,
        0.025999994948506355,
        0.9996534585952759,
        -0.004140285309404135,
        -0.04055490717291832,
        -0.18937146663665771,
        0.008991972543299198,
        0.981864333152771,
        0.3047409653663635
    ],
    [
        0.9780786633491516,
        -0.027622701600193977,
        0.20639555156230927,
        -0.0506107360124588,
        0.029243815690279007,
        0.9995607137680054,
        -0.004807195160537958,
        -0.04510824382305145,
        -0.20617209374904633,
        0.01073760911822319,
        0.9784568548202515,
        0.33654940128326416
    ],
    [
        0.9746845364570618,
        -0.03080034628510475,
        0.22145286202430725,
        -0.05207879841327667,
        0.032857708632946014,
        0.9994441866874695,
        -0.005611428525298834,
        -0.05033119395375252,
        -0.22115696966648102,
        0.012745806947350502,
        0.9751549959182739,
        0.366534024477005
    ],
    [
        0.971423864364624,
        -0.033316776156425476,
        0.23500144481658936,
        -0.05218493565917015,
        0.03587599843740463,
        0.9993342161178589,
        -0.006622090004384518,
        -0.055206745862960815,
        -0.23462440073490143,
        0.014863766729831696,
        0.9719725251197815,
        0.3979406952857971
    ],
    [
        0.9675753712654114,
        -0.03423301503062248,
        0.25025174021720886,
        -0.051357608288526535,
        0.03770558536052704,
        0.9992475509643555,
        -0.009093808941543102,
        -0.05924515798687935,
        -0.24975211918354034,
        0.01823483407497406,
        0.9681380987167358,
        0.4453796446323395
    ],
    [
        0.9646973609924316,
        -0.035566385835409164,
        0.2609484791755676,
        -0.0533384345471859,
        0.039473116397857666,
        0.9991732239723206,
        -0.009743817150592804,
        -0.06629666686058044,
        -0.2603861689567566,
        0.01970028504729271,
        0.9653035998344421,
        0.47896307706832886
    ],
    [
        0.9617823362350464,
        -0.03613816574215889,
        0.27142003178596497,
        -0.05587425082921982,
        0.04072810709476471,
        0.9991064667701721,
        -0.01129504106938839,
        -0.07137928903102875,
        -0.2707693576812744,
        0.02191779389977455,
        0.962394654750824,
        0.5163059234619141
    ],
    [
        0.9588668346405029,
        -0.03712684288620949,
        0.2814177870750427,
        -0.05916213616728783,
        0.0423160046339035,
        0.9990274906158447,
        -0.012382576242089272,
        -0.07812546193599701,
        -0.2806844413280487,
        0.02378172054886818,
        0.9595054388046265,
        0.5518143177032471
    ],
    [
        0.9561870694160461,
        -0.03714291751384735,
        0.2903905510902405,
        -0.05925573408603668,
        0.043218985199928284,
        0.9989598393440247,
        -0.014536133036017418,
        -0.08191399276256561,
        -0.2895486056804657,
        0.026449650526046753,
        0.9567977786064148,
        0.5871544480323792
    ],
    [
        0.953581690788269,
        -0.03724382817745209,
        0.2988223433494568,
        -0.05790598317980766,
        0.044353123754262924,
        0.9988705515861511,
        -0.01704212836921215,
        -0.08555608242750168,
        -0.297850102186203,
        0.029504766687750816,
        0.9541565179824829,
        0.6211106777191162
    ],
    [
        0.9502891898155212,
        -0.036272142082452774,
        0.30924877524375916,
        -0.05312332510948181,
        0.04536273702979088,
        0.9987226128578186,
        -0.022253617644309998,
        -0.08650430291891098,
        -0.3080465793609619,
        0.03517574444413185,
        0.9507207870483398,
        0.6649559140205383
    ],
    [
        0.9472943544387817,
        -0.03554863482713699,
        0.3183860778808594,
        -0.052019789814949036,
        0.04609207808971405,
        0.9986081123352051,
        -0.02564060315489769,
        -0.08925872296094894,
        -0.3170314133167267,
        0.038964271545410156,
        0.947614312171936,
        0.6975207328796387
    ],
    [
        0.9437561631202698,
        -0.03595108538866043,
        0.32868191599845886,
        -0.05166538432240486,
        0.04782804846763611,
        0.9984596371650696,
        -0.028119303286075592,
        -0.09532421827316284,
        -0.32716473937034607,
        0.04225798323750496,
        0.944021999835968,
        0.731078028678894
    ],
    [
        0.9397489428520203,
        -0.03709306940436363,
        0.33984696865081787,
        -0.04997597634792328,
        0.0499996617436409,
        0.9983194470405579,
        -0.02929670922458172,
        -0.103817880153656,
        -0.33818915486335754,
        0.04452378675341606,
        0.9400243163108826,
        0.7707639932632446
    ],
    [
        0.9353285431861877,
        -0.038269560784101486,
        0.3517042398452759,
        -0.04729320481419563,
        0.052263498306274414,
        0.9981712102890015,
        -0.030377713963389397,
        -0.11285898834466934,
        -0.34989848732948303,
        0.04679444432258606,
        0.9356182217597961,
        0.8131193518638611
    ],
    [
        0.9299670457839966,
        -0.03931476175785065,
        0.3655346632003784,
        -0.04704923555254936,
        0.054605379700660706,
        0.9980084300041199,
        -0.03158318251371384,
        -0.12305904179811478,
        -0.36356496810913086,
        0.049331482499837875,
        0.9302617311477661,
        0.8581762909889221
    ],
    [
        0.9224931597709656,
        -0.04022940993309021,
        0.3839113116264343,
        -0.04669914394617081,
        0.0573439784348011,
        0.9978012442588806,
        -0.03323287516832352,
        -0.1349133402109146,
        -0.38173022866249084,
        0.05267211049795151,
        0.9227716326713562,
        0.9169700741767883
    ],
    [
        0.9160993695259094,
        -0.04130079597234726,
        0.3988185226917267,
        -0.04732716828584671,
        0.05923272296786308,
        0.9977072477340698,
        -0.032739099115133286,
        -0.1480942666530609,
        -0.3965519666671753,
        0.05361538007855415,
        0.9164451956748962,
        0.9640310406684875
    ],
    [
        0.90937739610672,
        -0.041961345821619034,
        0.41385018825531006,
        -0.04461447149515152,
        0.061790402978658676,
        0.9974879026412964,
        -0.03463781625032425,
        -0.15669576823711395,
        -0.4113571345806122,
        0.05707079917192459,
        0.9096857905387878,
        1.0110427141189575
    ],
    [
        0.9021516442298889,
        -0.04422233626246452,
        0.4291466474533081,
        -0.040474843233823776,
        0.06534918397665024,
        0.9972619414329529,
        -0.03461200371384621,
        -0.16867290437221527,
        -0.4264409840106964,
        0.05926964804530144,
        0.902571439743042,
        1.0578110218048096
    ],
    [
        0.8955187797546387,
        -0.04607276991009712,
        0.4426323175430298,
        -0.033672597259283066,
        0.06872742623090744,
        0.9970117807388306,
        -0.03526991978287697,
        -0.18024666607379913,
        -0.43968465924263,
        0.06200585514307022,
        0.8960093259811401,
        1.101746916770935
    ],
    [
        0.8889053463935852,
        -0.048040155321359634,
        0.4555652141571045,
        -0.02449353225529194,
        0.07196702063083649,
        0.9967818260192871,
        -0.035310689359903336,
        -0.1917458325624466,
        -0.45240268111228943,
        0.06417351961135864,
        0.8895018696784973,
        1.1449365615844727
    ],
    [
        0.8803439140319824,
        -0.05014685168862343,
        0.4716777503490448,
        -0.008674210868775845,
        0.07613883167505264,
        0.9964410066604614,
        -0.036168716847896576,
        -0.2047019749879837,
        -0.46818527579307556,
        0.06775389611721039,
        0.881028950214386,
        1.201592206954956
    ]
]