[
    [
        0.9851259589195251,
        -0.01469173189252615,
        0.17120447754859924,
        0.053623124957084656,
        0.01356439758092165,
        0.9998779296875,
        0.007752711419016123,
        -0.02197911962866783,
        -0.17129747569561005,
        -0.005315111484378576,
        0.9852050542831421,
        0.21794478595256805
    ],
    [
        0.9725362062454224,
        -0.021634813398122787,
        0.23174400627613068,
        0.1290445476770401,
        0.019657835364341736,
        0.9997480511665344,
        0.010836982168257236,
        -0.02945191040635109,
        -0.23192007839679718,
        -0.0059837717562913895,
        0.9727163910865784,
        0.40965473651885986
    ],
    [
        0.965233564376831,
        -0.025503039360046387,
        0.26014167070388794,
        0.23436971008777618,
        0.022810330614447594,
        0.9996504187583923,
        0.013365127146244049,
        -0.059031590819358826,
        -0.26039159297943115,
        -0.006966551300138235,
        0.9654780030250549,
        0.6333648562431335
    ],
    [
        0.9612259864807129,
        -0.02702406235039234,
        0.2744344174861908,
        0.3236736059188843,
        0.02383407950401306,
        0.9996041059494019,
        0.014952314086258411,
        -0.06749842315912247,
        -0.27472981810569763,
        -0.007831663824617863,
        0.9614895582199097,
        0.8446914553642273
    ],
    [
        0.9581544399261475,
        -0.027880020439624786,
        0.2848908007144928,
        0.40690478682518005,
        0.02417987771332264,
        0.9995713829994202,
        0.016497615724802017,
        -0.0940977931022644,
        -0.2852286994457245,
        -0.0089186392724514,
        0.9584179520606995,
        1.0998104810714722
    ],
    [
        0.9564926624298096,
        -0.02834782935678959,
        0.2903757691383362,
        0.48962098360061646,
        0.02438691072165966,
        0.9995537996292114,
        0.017251020297408104,
        -0.10446374863386154,
        -0.2907351553440094,
        -0.009419109672307968,
        0.9567572474479675,
        1.3182353973388672
    ],
    [
        0.9562029242515564,
        -0.029768869280815125,
        0.2911868095397949,
        0.6066051721572876,
        0.02551668882369995,
        0.9995052814483643,
        0.01839028112590313,
        -0.1029822900891304,
        -0.29159015417099,
        -0.010154719464480877,
        0.9564894437789917,
        1.555230736732483
    ],
    [
        0.9560540318489075,
        -0.03035125508904457,
        0.29161539673805237,
        0.7113571763038635,
        0.025883648544549942,
        0.999481201171875,
        0.019166825339198112,
        -0.10426595062017441,
        -0.29204583168029785,
        -0.010776445269584656,
        0.9563435316085815,
        1.7693771123886108
    ],
    [
        0.9560566544532776,
        -0.02974141389131546,
        0.29166918992996216,
        0.7926182746887207,
        0.02493264339864254,
        0.999485194683075,
        0.02019096538424492,
        -0.08435450494289398,
        -0.2921196222305298,
        -0.012031623162329197,
        0.9563060998916626,
        1.9979028701782227
    ],
    [
        0.957980751991272,
        -0.029420984908938408,
        0.28531959652900696,
        0.8614910840988159,
        0.025062670931220055,
        0.999506950378418,
        0.01891535520553589,
        -0.0662921816110611,
        -0.28573545813560486,
        -0.010969673283398151,
        0.9582457542419434,
        2.216716766357422
    ],
    [
        0.9604901075363159,
        -0.028374413028359413,
        0.2768639922142029,
        0.9427549242973328,
        0.024176590144634247,
        0.999535322189331,
        0.01856454461812973,
        -0.03903457894921303,
        -0.2772621214389801,
        -0.011137433350086212,
        0.9607295989990234,
        2.430194616317749
    ],
    [
        0.9659160375595093,
        -0.026800869032740593,
        0.25746434926986694,
        1.0232805013656616,
        0.022960904985666275,
        0.9995759129524231,
        0.017910033464431763,
        -0.029902897775173187,
        -0.2578352093696594,
        -0.01138797402381897,
        0.9661218523979187,
        2.6382224559783936
    ],
    [
        0.9723379611968994,
        -0.023847294971346855,
        0.2323574721813202,
        1.087538242340088,
        0.02038845233619213,
        0.9996427893638611,
        0.017276441678404808,
        -0.0198574997484684,
        -0.23268646001815796,
        -0.012061133049428463,
        0.9724770188331604,
        2.8473169803619385
    ],
    [
        0.9800737500190735,
        -0.020593926310539246,
        0.19756338000297546,
        1.1324867010116577,
        0.01780799590051174,
        0.9997155666351318,
        0.015867896378040314,
        -0.037201639264822006,
        -0.19783395528793335,
        -0.012033502571284771,
        0.9801616668701172,
        3.04624080657959
    ],
    [
        0.988135039806366,
        -0.01625683531165123,
        0.15272486209869385,
        1.1731460094451904,
        0.01439682487398386,
        0.9998081922531128,
        0.013276887126266956,
        -0.04451297968626022,
        -0.15291142463684082,
        -0.010920602828264236,
        0.9881795048713684,
        3.2550721168518066
    ],
    [
        0.9943749904632568,
        -0.013036456890404224,
        0.10511104017496109,
        1.2274285554885864,
        0.011563068255782127,
        0.9998264312744141,
        0.014614700339734554,
        -0.06261628866195679,
        -0.10528331249952316,
        -0.013317085802555084,
        0.9943530559539795,
        3.4666452407836914
    ],
    [
        0.9992332458496094,
        -0.006923110689967871,
        0.03853386640548706,
        1.2693451642990112,
        0.006480099633336067,
        0.9999116659164429,
        0.01160985603928566,
        -0.08811886608600616,
        -0.03861096873879433,
        -0.011351250112056732,
        0.9991897344589233,
        3.678405284881592
    ],
    [
        0.9997758865356445,
        -0.0013284359592944384,
        -0.021128389984369278,
        1.2905019521713257,
        0.0015630691777914762,
        0.9999372959136963,
        0.011092442087829113,
        -0.11762075126171112,
        0.021112289279699326,
        -0.011122978292405605,
        0.9997151494026184,
        3.8762423992156982
    ],
    [
        0.9958486557006836,
        0.005749844014644623,
        -0.09084310382604599,
        1.2952945232391357,
        -0.0046994807198643684,
        0.9999196529388428,
        0.011772161349654198,
        -0.1765298694372177,
        0.09090366959571838,
        -0.011296373791992664,
        0.9957956075668335,
        4.047036647796631
    ],
    [
        0.9864472150802612,
        0.01147251483052969,
        -0.1636773645877838,
        1.323472499847412,
        -0.009949211962521076,
        0.9998992681503296,
        0.010123517364263535,
        -0.22711573541164398,
        0.1637769192457199,
        -0.008357856422662735,
        0.9864619374275208,
        4.192225933074951
    ],
    [
        0.9685398936271667,
        0.01780366525053978,
        -0.24822045862674713,
        1.3858559131622314,
        -0.01583925262093544,
        0.9998253583908081,
        0.009908942505717278,
        -0.2637879252433777,
        0.24835364520549774,
        -0.005665584001690149,
        0.9686529040336609,
        4.320764541625977
    ],
    [
        0.9418418407440186,
        0.0240862425416708,
        -0.33519217371940613,
        1.4349956512451172,
        -0.022093594074249268,
        0.9997081756591797,
        0.009757193736732006,
        -0.3262256681919098,
        0.33532941341400146,
        -0.0017841291846707463,
        0.9420992136001587,
        4.423666954040527
    ],
    [
        0.9225799441337585,
        0.02953529730439186,
        -0.38467392325401306,
        1.4467984437942505,
        -0.02759898081421852,
        0.9995633959770203,
        0.010554768145084381,
        -0.3872835040092468,
        0.3848177492618561,
        0.0008789952844381332,
        0.9229921698570251,
        4.511502265930176
    ],
    [
        0.9003540277481079,
        0.035038597881793976,
        -0.4337451457977295,
        1.4569579362869263,
        -0.033171385526657104,
        0.9993791580200195,
        0.011875278316438198,
        -0.44795265793800354,
        0.43389183282852173,
        0.003695971332490444,
        0.9009573459625244,
        4.616553783416748
    ],
    [
        0.8718587160110474,
        0.04091528803110123,
        -0.4880453646183014,
        1.4524550437927246,
        -0.038537248969078064,
        0.9991458058357239,
        0.01491930615156889,
        -0.479312002658844,
        0.4882389008998871,
        0.005800396203994751,
        0.8726908564567566,
        4.696189880371094
    ]
]