[
    [
        0.999625027179718,
        -0.023784790188074112,
        -0.013564182445406914,
        0.5534035563468933,
        0.024328039959073067,
        0.9988464117050171,
        0.041400566697120667,
        -0.41852283477783203,
        0.012563837692141533,
        -0.04171504080295563,
        0.9990506172180176,
        2.461324453353882
    ],
    [
        0.9991145730018616,
        -0.01782957836985588,
        -0.03810713440179825,
        0.5665253400802612,
        0.019281508401036263,
        0.9990886449813843,
        0.03807966411113739,
        -0.424818217754364,
        0.03739345446228981,
        -0.03878070414066315,
        0.9985478520393372,
        2.5332913398742676
    ],
    [
        0.9979800581932068,
        -0.010463422164320946,
        -0.06266097724437714,
        0.57677161693573,
        0.0126342186704278,
        0.9993300437927246,
        0.03434809669852257,
        -0.43219903111457825,
        0.062259603291749954,
        -0.03507038578391075,
        0.9974436163902283,
        2.6185994148254395
    ],
    [
        0.9956846237182617,
        -0.004816005472093821,
        -0.09267581254243851,
        0.5860632061958313,
        0.007507795002311468,
        0.9995592832565308,
        0.028718527406454086,
        -0.4364919066429138,
        0.09249666333198547,
        -0.02929038554430008,
        0.9952821135520935,
        2.7155022621154785
    ],
    [
        0.9934968948364258,
        -0.0008945257286541164,
        -0.11385577917098999,
        0.5850493311882019,
        0.004016829188913107,
        0.9996219873428345,
        0.027196863666176796,
        -0.4459329843521118,
        0.1137884110212326,
        -0.027477340772747993,
        0.9931250214576721,
        2.7925102710723877
    ],
    [
        0.9911150932312012,
        0.0034254330676048994,
        -0.13296273350715637,
        0.5836052894592285,
        0.00020778379985131323,
        0.9996271729469299,
        0.027301590889692307,
        -0.4584754705429077,
        0.13300667703151703,
        -0.027086643502116203,
        0.9907448291778564,
        2.8683559894561768
    ],
    [
        0.9875887632369995,
        0.00807484146207571,
        -0.15685416758060455,
        0.5894288420677185,
        -0.0038986317813396454,
        0.9996300935745239,
        0.02691405825316906,
        -0.47064951062202454,
        0.1570136994123459,
        -0.02596849761903286,
        0.9872549176216125,
        2.955451488494873
    ],
    [
        0.9839185476303101,
        0.013628621585667133,
        -0.17809702455997467,
        0.5965510606765747,
        -0.008882079273462296,
        0.9995845556259155,
        0.027421554550528526,
        -0.48218777775764465,
        0.17839650809764862,
        -0.025398695841431618,
        0.9836307764053345,
        3.0340356826782227
    ],
    [
        0.979537844657898,
        0.018739260733127594,
        -0.20038585364818573,
        0.5976476669311523,
        -0.012874695472419262,
        0.9994509816169739,
        0.030529802665114403,
        -0.4989846348762512,
        0.20084816217422485,
        -0.02732519991695881,
        0.9792413115501404,
        3.1180191040039062
    ],
    [
        0.9753055572509766,
        0.023896558210253716,
        -0.21956327557563782,
        0.5921646356582642,
        -0.016913805156946182,
        0.9992913007736206,
        0.03362822160124779,
        -0.5120357275009155,
        0.2202112078666687,
        -0.02908414416015148,
        0.9750185608863831,
        3.19514799118042
    ],
    [
        0.97043377161026,
        0.02908143773674965,
        -0.23960921168327332,
        0.591383695602417,
        -0.021040111780166626,
        0.9991284608840942,
        0.036050498485565186,
        -0.5236272215843201,
        0.24044866859912872,
        -0.029943205416202545,
        0.9701998829841614,
        3.2708616256713867
    ],
    [
        0.9635947942733765,
        0.034088343381881714,
        -0.26518458127975464,
        0.5979264974594116,
        -0.025124449282884598,
        0.9989948272705078,
        0.03712238743901253,
        -0.5329527854919434,
        0.26618364453315735,
        -0.029108332470059395,
        0.9634827375411987,
        3.3629186153411865
    ],
    [
        0.9573023319244385,
        0.03684109076857567,
        -0.2867313027381897,
        0.6029356122016907,
        -0.026960790157318115,
        0.9989012479782104,
        0.03833198919892311,
        -0.5406136512756348,
        0.28782856464385986,
        -0.028964808210730553,
        0.9572439193725586,
        3.4397614002227783
    ],
    [
        0.9518502950668335,
        0.038258519023656845,
        -0.3041665256023407,
        0.6036238670349121,
        -0.027064239606261253,
        0.9987951517105103,
        0.04093599691987038,
        -0.5493245124816895,
        0.30536630749702454,
        -0.03073291853070259,
        0.9517388939857483,
        3.5188095569610596
    ],
    [
        0.9477904438972473,
        0.0412202887237072,
        -0.3162187933921814,
        0.589203953742981,
        -0.028822030872106552,
        0.9986250996589661,
        0.043787337839603424,
        -0.5597556233406067,
        0.31758880615234375,
        -0.03238715976476669,
        0.9476752877235413,
        3.603123426437378
    ],
    [
        0.9470141530036926,
        0.04317786544561386,
        -0.3182765245437622,
        0.5615261197090149,
        -0.029247267171740532,
        0.9983986616134644,
        0.04842066019773483,
        -0.5718371272087097,
        0.31985750794410706,
        -0.03654632344841957,
        0.9467605352401733,
        3.682246208190918
    ],
    [
        0.9464582800865173,
        0.044464875012636185,
        -0.3197493255138397,
        0.5357450246810913,
        -0.029093272984027863,
        0.9981868863105774,
        0.052693355828523636,
        -0.5829001069068909,
        0.32151249051094055,
        -0.04056950658559799,
        0.9460359215736389,
        3.768101453781128
    ],
    [
        0.9472976922988892,
        0.04509137570858002,
        -0.3171654939651489,
        0.5094234943389893,
        -0.02867426723241806,
        0.998005211353302,
        0.056243181228637695,
        -0.5925918221473694,
        0.3190686106681824,
        -0.04418453574180603,
        0.9467009902000427,
        3.8405208587646484
    ],
    [
        0.9471020698547363,
        0.044979438185691833,
        -0.3177649974822998,
        0.4917660355567932,
        -0.0276692695915699,
        0.9978872537612915,
        0.05878179520368576,
        -0.6005940437316895,
        0.3197377026081085,
        -0.04688004404306412,
        0.9463457465171814,
        3.9103171825408936
    ],
    [
        0.9466841220855713,
        0.045334361493587494,
        -0.31895777583122253,
        0.4731766879558563,
        -0.027140000835061073,
        0.9977527856826782,
        0.06126054376363754,
        -0.6099047064781189,
        0.3210180401802063,
        -0.04933789744973183,
        0.9457870721817017,
        3.990170478820801
    ],
    [
        0.9465462565422058,
        0.045199617743492126,
        -0.31938546895980835,
        0.4542527496814728,
        -0.026366407051682472,
        0.9976620674133301,
        0.0630490779876709,
        -0.6184262037277222,
        0.32148855924606323,
        -0.05125783011317253,
        0.945525050163269,
        4.061927795410156
    ],
    [
        0.9470384120941162,
        0.0455978624522686,
        -0.31786680221557617,
        0.43326908349990845,
        -0.026729095727205276,
        0.997625470161438,
        0.06347355246543884,
        -0.6273376941680908,
        0.32000598311424255,
        -0.05161561444401741,
        0.9460083842277527,
        4.134052753448486
    ],
    [
        0.9464159607887268,
        0.04552644491195679,
        -0.3197251856327057,
        0.41718071699142456,
        -0.026681430637836456,
        0.9976518750190735,
        0.06307858973741531,
        -0.6375505328178406,
        0.3218461871147156,
        -0.051167868077754974,
        0.9454084038734436,
        4.214850425720215
    ],
    [
        0.9459308981895447,
        0.047104381024837494,
        -0.32092955708503723,
        0.4020264446735382,
        -0.027684513479471207,
        0.9975135326385498,
        0.0648103579878807,
        -0.6512655019760132,
        0.32318437099456787,
        -0.05242132395505905,
        0.944882869720459,
        4.287774562835693
    ],
    [
        0.9461260437965393,
        0.04825642704963684,
        -0.32018253207206726,
        0.3815845251083374,
        -0.02859814092516899,
        0.9974215626716614,
        0.06582054495811462,
        -0.6661854386329651,
        0.3225332796573639,
        -0.05311790853738785,
        0.9450665712356567,
        4.372766017913818
    ]
]