[
    [
        0.9999868273735046,
        0.0010703210718929768,
        0.00501218531280756,
        -0.035117071121931076,
        -0.0010657520033419132,
        0.9999990463256836,
        -0.0009141707560047507,
        0.0020922424737364054,
        -0.0050131590105593204,
        0.0009088172228075564,
        0.999987006187439,
        0.004248762968927622
    ],
    [
        0.9999833703041077,
        0.0012717617210000753,
        0.0056279506534338,
        -0.046062834560871124,
        -0.0012665545800700784,
        0.9999988079071045,
        -0.0009285846026614308,
        0.002264504786580801,
        -0.00562912505120039,
        0.0009214404853992164,
        0.9999837875366211,
        0.00424855574965477
    ],
    [
        0.9999792575836182,
        0.0014729677932336926,
        0.006281755864620209,
        -0.057306431233882904,
        -0.001465987297706306,
        0.9999982714653015,
        -0.001115746097639203,
        0.002228959696367383,
        -0.006283389404416084,
        0.0011065136641263962,
        0.9999796152114868,
        0.004192036110907793
    ],
    [
        0.9999758005142212,
        0.0017646923661231995,
        0.006738018710166216,
        -0.06848975270986557,
        -0.0017568616895005107,
        0.9999976754188538,
        -0.0011678559239953756,
        0.002425396116450429,
        -0.006740065757185221,
        0.0011559908743947744,
        0.999976634979248,
        0.004246730823069811
    ],
    [
        0.9999728798866272,
        0.0019427452934905887,
        0.007105377968400717,
        -0.0772198736667633,
        -0.0019334607059136033,
        0.9999971985816956,
        -0.0013132974272593856,
        0.0024537453427910805,
        -0.007107910700142384,
        0.0012995233992114663,
        0.9999738931655884,
        0.004133767448365688
    ],
    [
        0.9999672770500183,
        0.0021567579824477434,
        0.007811295799911022,
        -0.0895431712269783,
        -0.0021460244897753,
        0.9999967813491821,
        -0.0013822616310790181,
        0.0027078150305896997,
        -0.007814250886440277,
        0.0013654525391757488,
        0.9999685287475586,
        0.004220594651997089
    ],
    [
        0.9999603629112244,
        0.002485550008714199,
        0.008550330996513367,
        -0.10419757664203644,
        -0.0024727019481360912,
        0.9999957084655762,
        -0.0015128800878301263,
        0.0028887707740068436,
        -0.00855405442416668,
        0.0014916773652657866,
        0.9999622106552124,
        0.004072161391377449
    ],
    [
        0.9999546408653259,
        0.0027956191916018724,
        0.009109108708798885,
        -0.11607291549444199,
        -0.002781753661110997,
        0.9999949336051941,
        -0.0015345452120527625,
        0.003198927268385887,
        -0.009113352745771408,
        0.0015091360546648502,
        0.9999574422836304,
        0.004192175343632698
    ],
    [
        0.9999471306800842,
        0.0031066492665559053,
        0.009806436486542225,
        -0.13066695630550385,
        -0.0030899066478013992,
        0.9999937415122986,
        -0.0017219613073393703,
        0.00325370323844254,
        -0.009811723604798317,
        0.001691568992100656,
        0.9999505281448364,
        0.0041467794217169285
    ],
    [
        0.9999407529830933,
        0.0033221531193703413,
        0.010366919450461864,
        -0.14222091436386108,
        -0.003305084304884076,
        0.9999931454658508,
        -0.0016631068428978324,
        0.0035043980460613966,
        -0.010372374206781387,
        0.0016287458129227161,
        0.999944806098938,
        0.004167870152741671
    ],
    [
        0.9999372363090515,
        0.003325560363009572,
        0.010701753199100494,
        -0.1505986899137497,
        -0.0033091630320996046,
        0.9999933838844299,
        -0.0015495250700041652,
        0.003619652707129717,
        -0.010706835426390171,
        0.001514013740234077,
        0.9999414682388306,
        0.004112618044018745
    ],
    [
        0.9999305605888367,
        0.0035279500298202038,
        0.011244319379329681,
        -0.16530172526836395,
        -0.0035082201939076185,
        0.9999922513961792,
        -0.0017739146715030074,
        0.0038121577817946672,
        -0.011250491254031658,
        0.001734343240968883,
        0.9999351501464844,
        0.004040656145662069
    ],
    [
        0.9999220371246338,
        0.00376622355543077,
        0.011910215951502323,
        -0.1808708757162094,
        -0.0037450427189469337,
        0.9999913573265076,
        -0.0018001515418291092,
        0.003927584737539291,
        -0.011916892603039742,
        0.0017554060323163867,
        0.9999274015426636,
        0.00388530595228076
    ],
    [
        0.9999158978462219,
        0.0038300473242998123,
        0.012392987497150898,
        -0.19356410205364227,
        -0.0038065079133957624,
        0.9999909400939941,
        -0.0019224216230213642,
        0.004373600240796804,
        -0.012400236912071705,
        0.0018750852905213833,
        0.9999213218688965,
        0.003983915783464909
    ],
    [
        0.9999049305915833,
        0.004179895855486393,
        0.013136450201272964,
        -0.21002618968486786,
        -0.004156222101300955,
        0.9999897480010986,
        -0.001828859793022275,
        0.004636984784156084,
        -0.013143959455192089,
        0.0017740882467478514,
        0.9999120235443115,
        0.003858195384964347
    ],
    [
        0.999894917011261,
        0.004355915356427431,
        0.013827665708959103,
        -0.22351576387882233,
        -0.0043301451951265335,
        0.9999887943267822,
        -0.0018930475926026702,
        0.005016618873924017,
        -0.013835757039487362,
        0.0018329732120037079,
        0.999902606010437,
        0.0039375857450068
    ],
    [
        0.9998844265937805,
        0.004590908531099558,
        0.014494949020445347,
        -0.23652927577495575,
        -0.0045629036612808704,
        0.9999876618385315,
        -0.001964559545740485,
        0.005313391797244549,
        -0.014503789134323597,
        0.0018981930334120989,
        0.999893069267273,
        0.0038035858888179064
    ],
    [
        0.9998787045478821,
        0.004713565576821566,
        0.014846590347588062,
        -0.24586839973926544,
        -0.004685278050601482,
        0.9999871850013733,
        -0.0019394978880882263,
        0.005691935308277607,
        -0.014855542220175266,
        0.0018697024788707495,
        0.9998879432678223,
        0.0037600381765514612
    ],
    [
        0.9998647570610046,
        0.004951946437358856,
        0.01567898318171501,
        -0.2606002688407898,
        -0.004922137595713139,
        0.9999859929084778,
        -0.0019392063841223717,
        0.006054919213056564,
        -0.015688365325331688,
        0.0018617698224261403,
        0.9998751878738403,
        0.003927592653781176
    ],
    [
        0.9998545050621033,
        0.005225795321166515,
        0.016237741336226463,
        -0.271798312664032,
        -0.0051946984604001045,
        0.9999845623970032,
        -0.001956712920218706,
        0.006386298220604658,
        -0.016247717663645744,
        0.001872077933512628,
        0.999866247177124,
        0.003835569368675351
    ],
    [
        0.9998424649238586,
        0.005440202541649342,
        0.016896074637770653,
        -0.2829935550689697,
        -0.0054099359549582005,
        0.9999836683273315,
        -0.001836577896028757,
        0.006839845795184374,
        -0.01690579392015934,
        0.0017448818543925881,
        0.9998555183410645,
        0.003957250155508518
    ],
    [
        0.9998327493667603,
        0.0055978670716285706,
        0.017410850152373314,
        -0.2939854860305786,
        -0.0055685522966086864,
        0.999983012676239,
        -0.0017317746533080935,
        0.007141981739550829,
        -0.017420247197151184,
        0.0016345320036634803,
        0.9998468160629272,
        0.003957570064812899
    ],
    [
        0.999824047088623,
        0.005760280881077051,
        0.01785171590745449,
        -0.30205821990966797,
        -0.005730277858674526,
        0.9999821782112122,
        -0.0017313510179519653,
        0.007411961443722248,
        -0.017861368134617805,
        0.0016287511680275202,
        0.9998390674591064,
        0.003992483951151371
    ],
    [
        0.99981290102005,
        0.005991057492792606,
        0.018393659964203835,
        -0.3127686083316803,
        -0.005960678681731224,
        0.9999806880950928,
        -0.0017059246310964227,
        0.007909348234534264,
        -0.01840352639555931,
        0.001595966867171228,
        0.9998292922973633,
        0.003995303064584732
    ],
    [
        0.999798059463501,
        0.006298787426203489,
        0.019081726670265198,
        -0.3255999982357025,
        -0.0062675466760993,
        0.9999789595603943,
        -0.0016965253744274378,
        0.008339780382812023,
        -0.019092010334134102,
        0.0015765869757160544,
        0.9998165965080261,
        0.004033681936562061
    ]
]