[
    [
        0.9976557493209839,
        -0.06832896918058395,
        -0.0037383839953690767,
        0.12718676030635834,
        0.06839942187070847,
        0.9940404891967773,
        0.08488235622644424,
        -0.3692169487476349,
        -0.0020838184282183647,
        -0.08493908494710922,
        0.9963839054107666,
        -0.07253018021583557
    ],
    [
        0.9975828528404236,
        -0.06935952603816986,
        -0.004198151640594006,
        0.1300782412290573,
        0.06946253776550293,
        0.9938327074050903,
        0.08643806725740433,
        -0.37547510862350464,
        -0.0018230426358059049,
        -0.08652075380086899,
        0.9962484240531921,
        -0.0727146565914154
    ],
    [
        0.997482419013977,
        -0.07078152894973755,
        -0.004346815403550863,
        0.13335734605789185,
        0.07088803499937057,
        0.9935439229011536,
        0.08857408165931702,
        -0.38407382369041443,
        -0.001950656995177269,
        -0.08865921944379807,
        0.9960600733757019,
        -0.07278338074684143
    ],
    [
        0.9973872303962708,
        -0.07209973782300949,
        -0.004516773857176304,
        0.13658301532268524,
        0.07221280783414841,
        0.9932970404624939,
        0.09025628119707108,
        -0.3918243944644928,
        -0.0020209546200931072,
        -0.09034662693738937,
        0.9959083795547485,
        -0.0731685608625412
    ],
    [
        0.9972716569900513,
        -0.07367115467786789,
        -0.004659880883991718,
        0.14029139280319214,
        0.0737847313284874,
        0.9929227232933044,
        0.09306059032678604,
        -0.4013305902481079,
        -0.002228980418294668,
        -0.09315051883459091,
        0.9956496357917786,
        -0.07281067967414856
    ],
    [
        0.9971685409545898,
        -0.07504002004861832,
        -0.004866206087172031,
        0.14367683231830597,
        0.0751631110906601,
        0.9926608204841614,
        0.09473685920238495,
        -0.4095780849456787,
        -0.0022785647306591272,
        -0.09483439475297928,
        0.9954904913902283,
        -0.07306518405675888
    ],
    [
        0.9970619678497314,
        -0.07641766220331192,
        -0.005281713325530291,
        0.14749667048454285,
        0.076568603515625,
        0.9923081994056702,
        0.09727094322443008,
        -0.4183546006679535,
        -0.0021921307779848576,
        -0.09738956391811371,
        0.9952439665794373,
        -0.07276677340269089
    ],
    [
        0.9969548583030701,
        -0.07779967039823532,
        -0.005330413579940796,
        0.15062512457370758,
        0.07794605940580368,
        0.9920869469642639,
        0.09842690825462341,
        -0.4257742762565613,
        -0.0023693472612649202,
        -0.09854266047477722,
        0.9951300621032715,
        -0.07329680770635605
    ],
    [
        0.996833086013794,
        -0.07933806627988815,
        -0.005409764591604471,
        0.15357103943824768,
        0.07947932183742523,
        0.9917505383491516,
        0.10056842118501663,
        -0.43443164229393005,
        -0.0026137663517147303,
        -0.1006798967719078,
        0.9949154853820801,
        -0.07309858500957489
    ],
    [
        0.9967111945152283,
        -0.08082950115203857,
        -0.005794283468276262,
        0.15713749825954437,
        0.08099633455276489,
        0.991399884223938,
        0.10279092192649841,
        -0.44379323720932007,
        -0.002564086578786373,
        -0.10292217135429382,
        0.9946861267089844,
        -0.07291712611913681
    ],
    [
        0.9965966939926147,
        -0.08221201598644257,
        -0.006024850998073816,
        0.16025081276893616,
        0.08239042013883591,
        0.9910893440246582,
        0.10466043651103973,
        -0.4518354535102844,
        -0.0026331802364438772,
        -0.10480062663555145,
        0.9944896697998047,
        -0.07287252694368362
    ],
    [
        0.9965026378631592,
        -0.08331417292356491,
        -0.006422877311706543,
        0.16356875002384186,
        0.08352231234312057,
        0.9907398223876953,
        0.10704493522644043,
        -0.4597031772136688,
        -0.002554959151893854,
        -0.10720701515674591,
        0.9942334294319153,
        -0.07286161929368973
    ],
    [
        0.996366024017334,
        -0.08491972088813782,
        -0.0065917023457586765,
        0.16676390171051025,
        0.08513068407773972,
        0.9903587102890015,
        0.10928173363208771,
        -0.468522846698761,
        -0.0027520242147147655,
        -0.10944576561450958,
        0.9939889907836914,
        -0.07250533998012543
    ],
    [
        0.9962709546089172,
        -0.08601165562868118,
        -0.006795487366616726,
        0.16898274421691895,
        0.0862344354391098,
        0.990104615688324,
        0.11070870608091354,
        -0.4745965600013733,
        -0.0027939968276768923,
        -0.11088187992572784,
        0.9938296675682068,
        -0.0723353773355484
    ],
    [
        0.9961501955986023,
        -0.08737189322710037,
        -0.007136017549782991,
        0.17205554246902466,
        0.08761786669492722,
        0.9897287487983704,
        0.11296065151691437,
        -0.48286694288253784,
        -0.002806862350553274,
        -0.11315101385116577,
        0.9935738444328308,
        -0.07220393419265747
    ],
    [
        0.9960336685180664,
        -0.08866614103317261,
        -0.007427440490573645,
        0.17537809908390045,
        0.08893085271120071,
        0.9893671870231628,
        0.11508281528949738,
        -0.49156227707862854,
        -0.00285548297688365,
        -0.11528688669204712,
        0.9933280944824219,
        -0.0720461905002594
    ],
    [
        0.9958981871604919,
        -0.09013467282056808,
        -0.007903320714831352,
        0.17883694171905518,
        0.09043879806995392,
        0.9889827370643616,
        0.11719156801700592,
        -0.49982181191444397,
        -0.0027467766776680946,
        -0.11742563545703888,
        0.9930778741836548,
        -0.0718475952744484
    ],
    [
        0.9957695007324219,
        -0.09151303023099899,
        -0.008287745527923107,
        0.18204781413078308,
        0.09184655547142029,
        0.9885750412940979,
        0.11951430886983871,
        -0.5086791515350342,
        -0.0027440590783953667,
        -0.1197698786854744,
        0.9927979111671448,
        -0.07163440436124802
    ],
    [
        0.9956554174423218,
        -0.09273067861795425,
        -0.008447695523500443,
        0.1843148022890091,
        0.09306910634040833,
        0.9882262945175171,
        0.12143775075674057,
        -0.5173476338386536,
        -0.002912769792601466,
        -0.1216963678598404,
        0.9925630688667297,
        -0.0716421976685524
    ],
    [
        0.9955271482467651,
        -0.09406781196594238,
        -0.008783545345067978,
        0.1876990795135498,
        0.09443093091249466,
        0.9878289699554443,
        0.12359873950481415,
        -0.5257015824317932,
        -0.0029500212986022234,
        -0.12387533485889435,
        0.9922933578491211,
        -0.0714627280831337
    ],
    [
        0.9953888058662415,
        -0.0954517275094986,
        -0.009492258541285992,
        0.19110660254955292,
        0.09588613361120224,
        0.9874005317687988,
        0.12588092684745789,
        -0.5344103574752808,
        -0.0026428918354213238,
        -0.12621064484119415,
        0.9919999837875366,
        -0.07127821445465088
    ],
    [
        0.9952585697174072,
        -0.0967462882399559,
        -0.01001693680882454,
        0.19429682195186615,
        0.09723135828971863,
        0.9869935512542725,
        0.12802277505397797,
        -0.5430741310119629,
        -0.002499076072126627,
        -0.12838971614837646,
        0.9917206764221191,
        -0.07102922350168228
    ],
    [
        0.9951150417327881,
        -0.09820380061864853,
        -0.010105721652507782,
        0.19669979810714722,
        0.09868364781141281,
        0.9866315126419067,
        0.12969116866588593,
        -0.5511404871940613,
        -0.0027655423618853092,
        -0.13005490601062775,
        0.9915028810501099,
        -0.07118600606918335
    ],
    [
        0.9949676394462585,
        -0.09963202476501465,
        -0.010627429001033306,
        0.19997063279151917,
        0.10016235709190369,
        0.9862132668495178,
        0.13172279298305511,
        -0.5597598552703857,
        -0.002642897190526128,
        -0.1321243941783905,
        0.9912296533584595,
        -0.0708748996257782
    ],
    [
        0.9948049783706665,
        -0.10118058323860168,
        -0.011213834397494793,
        0.20319202542304993,
        0.10176839679479599,
        0.9856939911842346,
        0.13435198366641998,
        -0.5692494511604309,
        -0.002540402114391327,
        -0.13479521870613098,
        0.9908701777458191,
        -0.07027891278266907
    ]
]