[
    [
        0.9706740975379944,
        -0.04004543274641037,
        0.23704081773757935,
        0.11009468883275986,
        0.03135395795106888,
        0.9986945390701294,
        0.040325064212083817,
        -0.008285113610327244,
        -0.23834621906280518,
        -0.03171032294631004,
        0.9706624150276184,
        0.13054011762142181
    ],
    [
        0.9660058617591858,
        -0.044149983674287796,
        0.2547222077846527,
        0.11700683832168579,
        0.034106384962797165,
        0.9984617233276367,
        0.04371466860175133,
        -0.009938578121364117,
        -0.25626036524772644,
        -0.03354097902774811,
        0.966025710105896,
        0.14271427690982819
    ],
    [
        0.9608431458473206,
        -0.04762452840805054,
        0.2729693055152893,
        0.1227283850312233,
        0.03623657301068306,
        0.9982556104660034,
        0.04661250859498978,
        -0.009550457820296288,
        -0.27471306920051575,
        -0.03489583730697632,
        0.9608928561210632,
        0.15408751368522644
    ],
    [
        0.9522823095321655,
        -0.05292932689189911,
        0.3005942404270172,
        0.1327674835920334,
        0.03919922932982445,
        0.9979018568992615,
        0.05152972787618637,
        -0.010516003705561161,
        -0.3026910126209259,
        -0.03728778287768364,
        0.9523590207099915,
        0.17055560648441315
    ],
    [
        0.9459980726242065,
        -0.0563531331717968,
        0.3192366361618042,
        0.13951218128204346,
        0.04096688702702522,
        0.997661292552948,
        0.054714102298021317,
        -0.010782447643578053,
        -0.32157331705093384,
        -0.038681305944919586,
        0.9460941553115845,
        0.1817609965801239
    ],
    [
        0.93590247631073,
        -0.06213812902569771,
        0.3467353582382202,
        0.1532040387392044,
        0.044104404747486115,
        0.997243344783783,
        0.059669215232133865,
        -0.010351110249757767,
        -0.3494872748851776,
        -0.040552012622356415,
        0.9360631108283997,
        0.19832856953144073
    ],
    [
        0.928390383720398,
        -0.06459799408912659,
        0.36594876646995544,
        0.16103094816207886,
        0.044887103140354156,
        0.9970583915710449,
        0.062126778066158295,
        -0.00855935923755169,
        -0.3688855469226837,
        -0.041251517832279205,
        0.9285590648651123,
        0.2099962830543518
    ],
    [
        0.9165638089179993,
        -0.06962816417217255,
        0.39378005266189575,
        0.1782519519329071,
        0.047001179307699203,
        0.9966568350791931,
        0.06682868301868439,
        -0.0077176205813884735,
        -0.3971167504787445,
        -0.042744625359773636,
        0.9167722463607788,
        0.23028571903705597
    ],
    [
        0.9086459875106812,
        -0.07317639887332916,
        0.41110554337501526,
        0.19448170065879822,
        0.0484701432287693,
        0.9963533282279968,
        0.07021883130073547,
        -0.00722840940579772,
        -0.4147447347640991,
        -0.04387771710753441,
        0.9088792204856873,
        0.2447996288537979
    ],
    [
        0.8954325914382935,
        -0.07695290446281433,
        0.4384959638118744,
        0.21678079664707184,
        0.04941156134009361,
        0.9960409998893738,
        0.07389698922634125,
        -0.0037916842848062515,
        -0.4424465298652649,
        -0.04450300335884094,
        0.8956900238990784,
        0.26814860105514526
    ],
    [
        0.8858320713043213,
        -0.07965413480997086,
        0.45711785554885864,
        0.2318059802055359,
        0.05002493038773537,
        0.9958076477050781,
        0.07658091187477112,
        -0.003042669501155615,
        -0.46130144596099854,
        -0.04497053846716881,
        0.8861029148101807,
        0.28403398394584656
    ],
    [
        0.8711909651756287,
        -0.08433976769447327,
        0.483645498752594,
        0.26098501682281494,
        0.051274724304676056,
        0.995376706123352,
        0.08121601492166519,
        -0.002846852410584688,
        -0.4882592558860779,
        -0.04595587030053139,
        0.8714877963066101,
        0.3127664029598236
    ],
    [
        0.8612369894981384,
        -0.08675272017717361,
        0.5007442235946655,
        0.2831026613712311,
        0.051588527858257294,
        0.9951564073562622,
        0.08368059247732162,
        -0.0010643820278346539,
        -0.5055782794952393,
        -0.04623616859316826,
        0.8615409731864929,
        0.3335602283477783
    ],
    [
        0.8513611555099487,
        -0.0885286033153534,
        0.5170559287071228,
        0.3070041239261627,
        0.05122629553079605,
        0.9949764609336853,
        0.08600965887308121,
        0.0008480104152113199,
        -0.5220727920532227,
        -0.046738430857658386,
        0.8516192436218262,
        0.35424095392227173
    ],
    [
        0.835229218006134,
        -0.09030861407518387,
        0.5424356460571289,
        0.33924874663352966,
        0.04961852356791496,
        0.9947755932807922,
        0.08921605348587036,
        0.0011457564542070031,
        -0.5476587414741516,
        -0.04760100692510605,
        0.8353467583656311,
        0.38271188735961914
    ],
    [
        0.8241754770278931,
        -0.09215187281370163,
        0.5587869882583618,
        0.3621237277984619,
        0.04930803179740906,
        0.9946022033691406,
        0.09129772335290909,
        0.002265480114147067,
        -0.5641839504241943,
        -0.047692667692899704,
        0.8242703676223755,
        0.402631014585495
    ],
    [
        0.8070385456085205,
        -0.09643891453742981,
        0.582570493221283,
        0.39489394426345825,
        0.04999249801039696,
        0.9941901564598083,
        0.09532368183135986,
        0.0009705534321255982,
        -0.5883787870407104,
        -0.04780573025345802,
        0.8071709275245667,
        0.42780277132987976
    ],
    [
        0.7957963943481445,
        -0.09839063137769699,
        0.597517728805542,
        0.4193442463874817,
        0.04989897087216377,
        0.9940110445022583,
        0.09722214937210083,
        0.0010858930181711912,
        -0.6035049557685852,
        -0.047553516924381256,
        0.7959399819374084,
        0.4463251531124115
    ],
    [
        0.779100239276886,
        -0.10178150981664658,
        0.6185817122459412,
        0.45538681745529175,
        0.050687290728092194,
        0.9937288165092468,
        0.09966789931058884,
        0.00259089982137084,
        -0.6248469352722168,
        -0.04629705101251602,
        0.7793734669685364,
        0.47165828943252563
    ],
    [
        0.767446756362915,
        -0.10550830513238907,
        0.6323713660240173,
        0.4789023995399475,
        0.05186547711491585,
        0.9933497309684753,
        0.1027919128537178,
        -0.0002604696783237159,
        -0.6390113234519958,
        -0.04608907550573349,
        0.7678152918815613,
        0.48836126923561096
    ],
    [
        0.7503257393836975,
        -0.1096988096833229,
        0.651902973651886,
        0.5149924755096436,
        0.05302019789814949,
        0.9929448962211609,
        0.10606250166893005,
        -0.0012625639792531729,
        -0.6589387059211731,
        -0.04501741752028465,
        0.7508482933044434,
        0.5162186622619629
    ],
    [
        0.739165723323822,
        -0.11252407729625702,
        0.6640576124191284,
        0.5395987629890442,
        0.05431130900979042,
        0.9926927089691162,
        0.10775688290596008,
        -0.0014768175315111876,
        -0.6713302731513977,
        -0.04358436167240143,
        0.7398756742477417,
        0.5341522097587585
    ],
    [
        0.723113477230072,
        -0.11775187402963638,
        0.6806185245513916,
        0.5781967043876648,
        0.056712791323661804,
        0.9921563863754272,
        0.11139649897813797,
        -0.003948721569031477,
        -0.6883971691131592,
        -0.041952524334192276,
        0.7241197824478149,
        0.5613102912902832
    ],
    [
        0.7127238512039185,
        -0.12057150900363922,
        0.6910045146942139,
        0.6036572456359863,
        0.05813628062605858,
        0.9918805360794067,
        0.11310695856809616,
        -0.004023078363388777,
        -0.6990313529968262,
        -0.040441595017910004,
        0.7139464616775513,
        0.5808061361312866
    ],
    [
        0.6956402659416199,
        -0.1271381378173828,
        0.7070505619049072,
        0.6378491520881653,
        0.061798643320798874,
        0.9911571741104126,
        0.11742337048053741,
        -0.006801343057304621,
        -0.7157272696495056,
        -0.03798965737223625,
        0.6973458528518677,
        0.6099355220794678
    ]
]