[
    [
        0.9999598860740662,
        0.004721601493656635,
        -0.007624408695846796,
        0.06711559742689133,
        -0.004660542123019695,
        0.9999571442604065,
        0.008006446994841099,
        0.010032185353338718,
        0.007661884650588036,
        -0.007970592007040977,
        0.9999388456344604,
        -0.05570333078503609
    ],
    [
        0.9999070763587952,
        0.006024362053722143,
        -0.012225243262946606,
        0.08456116169691086,
        -0.005924657452851534,
        0.999949038028717,
        0.008175566792488098,
        0.010662565007805824,
        0.012273873202502728,
        -0.008102376945316792,
        0.9998918771743774,
        -0.05397742986679077
    ],
    [
        0.9998324513435364,
        0.006911758333444595,
        -0.016955506056547165,
        0.10240985453128815,
        -0.0067754448391497135,
        0.9999443888664246,
        0.008083781227469444,
        0.011432042345404625,
        0.017010437324643135,
        -0.007967544719576836,
        0.9998236298561096,
        -0.052473898977041245
    ],
    [
        0.9997217059135437,
        0.00812578946352005,
        -0.022149523720145226,
        0.12029747664928436,
        -0.007943307049572468,
        0.9999338984489441,
        0.008314268663525581,
        0.011850601993501186,
        0.022215617820620537,
        -0.008136013522744179,
        0.99972003698349,
        -0.05086224526166916
    ],
    [
        0.9995680451393127,
        0.009113628417253494,
        -0.027940496802330017,
        0.13810087740421295,
        -0.0088860634714365,
        0.9999263286590576,
        0.008258082903921604,
        0.012715850956737995,
        0.028013702481985092,
        -0.008006234653294086,
        0.9995754361152649,
        -0.04918625205755234
    ],
    [
        0.9993086457252502,
        0.010873290710151196,
        -0.03555343672633171,
        0.15601477026939392,
        -0.010576431639492512,
        0.9999077320098877,
        0.008527121506631374,
        0.013084200210869312,
        0.035642869770526886,
        -0.008145197294652462,
        0.9993314743041992,
        -0.0472734197974205
    ],
    [
        0.9989065527915955,
        0.012889614328742027,
        -0.04493860527873039,
        0.1737615466117859,
        -0.012511423788964748,
        0.9998840093612671,
        0.008686884306371212,
        0.013651647605001926,
        0.045045364648103714,
        -0.008115139789879322,
        0.9989519119262695,
        -0.04536707326769829
    ],
    [
        0.9983863234519958,
        0.01470554806292057,
        -0.054849687963724136,
        0.1916167289018631,
        -0.014235395938158035,
        0.999858558177948,
        0.008952529169619083,
        0.014222516678273678,
        0.054973579943180084,
        -0.008157276548445225,
        0.9984544515609741,
        -0.043071649968624115
    ],
    [
        0.9975433349609375,
        0.017237169668078423,
        -0.06789854913949966,
        0.21768853068351746,
        -0.01663682982325554,
        0.999817430973053,
        0.00939738005399704,
        0.015478975139558315,
        0.06804812699556351,
        -0.008244677446782589,
        0.9976479411125183,
        -0.0400552935898304
    ],
    [
        0.9968014359474182,
        0.019319891929626465,
        -0.0775480717420578,
        0.2408793419599533,
        -0.0186151135712862,
        0.999778687953949,
        0.00980095099657774,
        0.01590629480779171,
        0.07772025465965271,
        -0.008326035924255848,
        0.9969404935836792,
        -0.037838295102119446
    ],
    [
        0.9961711764335632,
        0.020828042179346085,
        -0.08490686118602753,
        0.26108959317207336,
        -0.020055357366800308,
        0.9997493624687195,
        0.009943281300365925,
        0.015445073135197163,
        0.08509267866611481,
        -0.00820237398147583,
        0.9963393211364746,
        -0.035894427448511124
    ],
    [
        0.9955627918243408,
        0.022216223180294037,
        -0.09143969416618347,
        0.28081557154655457,
        -0.021387038752436638,
        0.9997209310531616,
        0.010038113221526146,
        0.014960932545363903,
        0.09163717925548553,
        -0.008037947118282318,
        0.9957600235939026,
        -0.03419793024659157
    ],
    [
        0.9948258996009827,
        0.023984450846910477,
        -0.09872177988290787,
        0.30500495433807373,
        -0.02308909222483635,
        0.999681293964386,
        0.01020218525081873,
        0.014323794282972813,
        0.09893503040075302,
        -0.007870002649724483,
        0.9950628876686096,
        -0.03211992233991623
    ],
    [
        0.9942344427108765,
        0.02514582872390747,
        -0.10423847287893295,
        0.3248179852962494,
        -0.024215811863541603,
        0.9996549487113953,
        0.010178198106586933,
        0.013897551223635674,
        0.10445844382047653,
        -0.0075952946208417416,
        0.9945002794265747,
        -0.030201813206076622
    ],
    [
        0.9936746954917908,
        0.026383360847830772,
        -0.10915406793355942,
        0.3451404273509979,
        -0.025402244180440903,
        0.9996234774589539,
        0.010369407944381237,
        0.013934517279267311,
        0.10938654839992523,
        -0.00753105990588665,
        0.9939708709716797,
        -0.02784547209739685
    ],
    [
        0.9930717349052429,
        0.027665451169013977,
        -0.11420666426420212,
        0.3647036552429199,
        -0.026627343147993088,
        0.999589204788208,
        0.0106055224314332,
        0.013639687560498714,
        0.11445314437150955,
        -0.007491023745387793,
        0.9934003353118896,
        -0.025434035807847977
    ],
    [
        0.9919899702072144,
        0.029414376243948936,
        -0.12284432351589203,
        0.39543330669403076,
        -0.02831604890525341,
        0.9995419979095459,
        0.010677503421902657,
        0.012325221672654152,
        0.12310212850570679,
        -0.0071135107427835464,
        0.9923685193061829,
        -0.0220347810536623
    ],
    [
        0.9911773204803467,
        0.030767682939767838,
        -0.12892161309719086,
        0.4141158163547516,
        -0.02961748279631138,
        0.9995026588439941,
        0.01082981750369072,
        0.011100499890744686,
        0.12919071316719055,
        -0.00691593624651432,
        0.9915956854820251,
        -0.020080935209989548
    ],
    [
        0.9903075695037842,
        0.03216911852359772,
        -0.13511456549167633,
        0.43245717883110046,
        -0.03099151700735092,
        0.9994612336158752,
        0.010810459963977337,
        0.009372539818286896,
        0.1353895217180252,
        -0.006518275942653418,
        0.9907710552215576,
        -0.018746530637145042
    ],
    [
        0.989350438117981,
        0.03350132331252098,
        -0.1416449248790741,
        0.4507465958595276,
        -0.03228019177913666,
        0.9994192719459534,
        0.01091071404516697,
        0.007302341051399708,
        0.14192819595336914,
        -0.006222195457667112,
        0.9898574352264404,
        -0.017560645937919617
    ],
    [
        0.9883434176445007,
        0.03473396599292755,
        -0.14822576940059662,
        0.46849295496940613,
        -0.03348756954073906,
        0.9993797540664673,
        0.010896913707256317,
        0.004898719489574432,
        0.14851230382919312,
        -0.0058061727322638035,
        0.9888935685157776,
        -0.016513260081410408
    ],
    [
        0.987260103225708,
        0.03603874519467354,
        -0.15497975051403046,
        0.4861644208431244,
        -0.0347544327378273,
        0.9993354082107544,
        0.01098940521478653,
        0.002323260297998786,
        0.15527281165122986,
        -0.005463169422000647,
        0.9878565073013306,
        -0.01543598435819149
    ],
    [
        0.9861472845077515,
        0.037373606115579605,
        -0.16160663962364197,
        0.5034762024879456,
        -0.036076270043849945,
        0.9992889761924744,
        0.010955683887004852,
        -0.000489601050503552,
        0.16190117597579956,
        -0.004973753821104765,
        0.9867944121360779,
        -0.014355889521539211
    ],
    [
        0.985014796257019,
        0.03865291550755501,
        -0.16808302700519562,
        0.5206930637359619,
        -0.03731894865632057,
        0.999241828918457,
        0.011089161038398743,
        -0.0037012933753430843,
        0.16838423907756805,
        -0.004650305025279522,
        0.9857104420661926,
        -0.01293664239346981
    ],
    [
        0.9837496876716614,
        0.039918795228004456,
        -0.1750517338514328,
        0.5408430695533752,
        -0.038575440645217896,
        0.999194324016571,
        0.011071361601352692,
        -0.006906822323799133,
        0.17535264790058136,
        -0.004138751421123743,
        0.9844969511032104,
        -0.010864495299756527
    ]
]