[
    [
        0.9245704412460327,
        -0.059404101222753525,
        0.37635165452957153,
        0.4709700047969818,
        0.05799411982297897,
        0.998202919960022,
        0.015086156316101551,
        -0.03928042948246002,
        -0.37657150626182556,
        0.00787796825170517,
        0.9263541102409363,
        0.3317683935165405
    ],
    [
        0.91398686170578,
        -0.0622614361345768,
        0.4009384214878082,
        0.5075036883354187,
        0.06104609742760658,
        0.9980095624923706,
        0.015818335115909576,
        -0.04817512631416321,
        -0.4011252820491791,
        0.01001797802746296,
        0.9159684777259827,
        0.387962281703949
    ],
    [
        0.903220534324646,
        -0.06611216813325882,
        0.42405393719673157,
        0.5404238104820251,
        0.06522610783576965,
        0.9977320432662964,
        0.016622083261609077,
        -0.054201409220695496,
        -0.4241911470890045,
        0.012645984068512917,
        0.9054843187332153,
        0.44906431436538696
    ],
    [
        0.8923872113227844,
        -0.07116983830928802,
        0.4456232488155365,
        0.5711632966995239,
        0.0697825625538826,
        0.9973707795143127,
        0.019544905051589012,
        -0.06637777388095856,
        -0.4458426237106323,
        0.013655106537044048,
        0.8950071930885315,
        0.5073049664497375
    ],
    [
        0.8829508423805237,
        -0.07706964761018753,
        0.4630962014198303,
        0.6077770590782166,
        0.07472188770771027,
        0.9969287514686584,
        0.023444777354598045,
        -0.08210708200931549,
        -0.46348080039024353,
        0.013902838341891766,
        0.8859979510307312,
        0.5674881339073181
    ],
    [
        0.8746535181999207,
        -0.08270995318889618,
        0.477640300989151,
        0.655955970287323,
        0.07968004792928696,
        0.9964643716812134,
        0.026641573756933212,
        -0.09446556866168976,
        -0.47815510630607605,
        0.014756250195205212,
        0.8781514763832092,
        0.6367378234863281
    ],
    [
        0.8674952387809753,
        -0.0862153172492981,
        0.4899172782897949,
        0.7105653285980225,
        0.08338610082864761,
        0.9961336851119995,
        0.027647411450743675,
        -0.10525450110435486,
        -0.49040675163269043,
        0.016868291422724724,
        0.8713304996490479,
        0.7043341398239136
    ],
    [
        0.8621283769607544,
        -0.08996954560279846,
        0.4986383318901062,
        0.7718771696090698,
        0.08814564347267151,
        0.9957345724105835,
        0.027260081842541695,
        -0.11130305379629135,
        -0.49896395206451416,
        0.020451104268431664,
        0.8663814067840576,
        0.7772596478462219
    ],
    [
        0.8578446507453918,
        -0.09203307330608368,
        0.505601167678833,
        0.8545793294906616,
        0.09158321470022202,
        0.9954627752304077,
        0.025813480839133263,
        -0.12268174439668655,
        -0.5056827664375305,
        0.02416062355041504,
        0.862381100654602,
        0.8642773032188416
    ],
    [
        0.8551024198532104,
        -0.09355642646551132,
        0.5099481344223022,
        0.9239155054092407,
        0.09398242831230164,
        0.9952599406242371,
        0.024999331682920456,
        -0.1333906650543213,
        -0.5098697543144226,
        0.02654917724430561,
        0.8598417043685913,
        0.9350861310958862
    ],
    [
        0.8520932197570801,
        -0.09534849226474762,
        0.5146317481994629,
        0.9901859164237976,
        0.09677047282457352,
        0.9950143098831177,
        0.02412532828748226,
        -0.14182879030704498,
        -0.5143662691116333,
        0.02924412302672863,
        0.8570718765258789,
        1.0036883354187012
    ],
    [
        0.8481113314628601,
        -0.0955578163266182,
        0.5211295485496521,
        1.0471153259277344,
        0.0964045450091362,
        0.9950140118598938,
        0.02555905096232891,
        -0.15804606676101685,
        -0.5209736227989197,
        0.028562339022755623,
        0.8530948758125305,
        1.0692224502563477
    ],
    [
        0.8441441059112549,
        -0.09683207422494888,
        0.5272990465164185,
        1.1130768060684204,
        0.09783320128917694,
        0.9948612451553345,
        0.026074666529893875,
        -0.1713229864835739,
        -0.52711421251297,
        0.029576577246189117,
        0.8492797017097473,
        1.1361171007156372
    ],
    [
        0.8385190963745117,
        -0.09614994376897812,
        0.5363216400146484,
        1.179150104522705,
        0.0981191098690033,
        0.994861900806427,
        0.024949871003627777,
        -0.18264521658420563,
        -0.535964846611023,
        0.03170245513319969,
        0.8436447978019714,
        1.2079284191131592
    ],
    [
        0.8327082991600037,
        -0.09615333378314972,
        0.5452994704246521,
        1.253130316734314,
        0.09938099980354309,
        0.9947683811187744,
        0.023647423833608627,
        -0.19544614851474762,
        -0.5447204113006592,
        0.034501004964113235,
        0.8379076719284058,
        1.2790977954864502
    ],
    [
        0.8262953162193298,
        -0.09788068383932114,
        0.5546668767929077,
        1.3312300443649292,
        0.10191705822944641,
        0.9945112466812134,
        0.023671573027968407,
        -0.21233662962913513,
        -0.5539394021034241,
        0.03697030618786812,
        0.8317357301712036,
        1.3569958209991455
    ],
    [
        0.8181865215301514,
        -0.09854746609926224,
        0.5664443969726562,
        1.4229514598846436,
        0.10445918142795563,
        0.9942836165428162,
        0.022097554057836533,
        -0.22867991030216217,
        -0.5653839707374573,
        0.04109038785099983,
        0.8238038420677185,
        1.4442890882492065
    ],
    [
        0.8137162327766418,
        -0.10015840083360672,
        0.5725680589675903,
        1.5050899982452393,
        0.10722516477108002,
        0.9940024018287659,
        0.021494099870324135,
        -0.24020592868328094,
        -0.5712868571281433,
        0.043903615325689316,
        0.8195753693580627,
        1.5137900114059448
    ],
    [
        0.8108167052268982,
        -0.1012318879365921,
        0.5764793157577515,
        1.5896607637405396,
        0.10970655083656311,
        0.9937586188316345,
        0.020205680280923843,
        -0.24767202138900757,
        -0.5749267935752869,
        0.046860452741384506,
        0.8168618679046631,
        1.5810346603393555
    ],
    [
        0.8094246983528137,
        -0.1001800000667572,
        0.5786153674125671,
        1.6786550283432007,
        0.10929720103740692,
        0.9938242435455322,
        0.019172428175807,
        -0.2548450827598572,
        -0.5769625902175903,
        0.047722406685352325,
        0.8153751492500305,
        1.6492708921432495
    ],
    [
        0.8091059327125549,
        -0.10010560601949692,
        0.5790736675262451,
        1.7681771516799927,
        0.10866287350654602,
        0.9938777089118958,
        0.019985252991318703,
        -0.26351311802864075,
        -0.5775290727615356,
        0.046753622591495514,
        0.8150302171707153,
        1.7180849313735962
    ],
    [
        0.8080258369445801,
        -0.10177773982286453,
        0.5802892446517944,
        1.8534880876541138,
        0.10820764303207397,
        0.9938472509384155,
        0.02363811992108822,
        -0.27413415908813477,
        -0.5791246891021729,
        0.043691519647836685,
        0.8140673637390137,
        1.787631630897522
    ],
    [
        0.8060212135314941,
        -0.10461254417896271,
        0.5825684070587158,
        1.9332692623138428,
        0.10860103368759155,
        0.9936858415603638,
        0.028180837631225586,
        -0.28221869468688965,
        -0.5818381309509277,
        0.04055317863821983,
        0.8122928738594055,
        1.859159231185913
    ],
    [
        0.8035402894020081,
        -0.1058119609951973,
        0.5857701301574707,
        2.0146336555480957,
        0.10752879828214645,
        0.993687093257904,
        0.03199249878525734,
        -0.288809210062027,
        -0.5854575037956238,
        0.03727990388870239,
        0.8098455667495728,
        1.9313392639160156
    ],
    [
        0.7991156578063965,
        -0.10993490368127823,
        0.5910402536392212,
        2.1214661598205566,
        0.1073218360543251,
        0.9934322834014893,
        0.039676353335380554,
        -0.302076518535614,
        -0.5915202498435974,
        0.03172553330659866,
        0.8056656718254089,
        2.027279853820801
    ]
]