[
    [
        -0.15477778017520905,
        -0.22305475175380707,
        0.962439775466919,
        7.170012950897217,
        0.267415851354599,
        0.9283543825149536,
        0.25816047191619873,
        -0.6880295276641846,
        -0.9510692358016968,
        0.2973291575908661,
        -0.08404025435447693,
        5.800361156463623
    ],
    [
        -0.16944453120231628,
        -0.2272874414920807,
        0.9589728713035583,
        7.2187323570251465,
        0.2686007022857666,
        0.925557553768158,
        0.26682764291763306,
        -0.6954302191734314,
        -0.9482311010360718,
        0.3027932643890381,
        -0.09578113257884979,
        5.794104099273682
    ],
    [
        -0.18497106432914734,
        -0.23034939169883728,
        0.9553663730621338,
        7.258902072906494,
        0.26767468452453613,
        0.923577070236206,
        0.2745099365711212,
        -0.7014529705047607,
        -0.9455875754356384,
        0.3065038025379181,
        -0.10917641222476959,
        5.801972389221191
    ],
    [
        -0.19397906959056854,
        -0.23421207070350647,
        0.95263671875,
        7.302090644836426,
        0.2667193114757538,
        0.9219099283218384,
        0.28096795082092285,
        -0.7036445140838623,
        -0.9440513253211975,
        0.30858853459358215,
        -0.11636239290237427,
        5.784457683563232
    ],
    [
        -0.20143021643161774,
        -0.23543697595596313,
        0.9507867097854614,
        7.342121601104736,
        0.26428520679473877,
        0.9216187596321106,
        0.2842048108577728,
        -0.6967139840126038,
        -0.9431750774383545,
        0.30852624773979187,
        -0.12341928482055664,
        5.770566463470459
    ],
    [
        -0.2097858488559723,
        -0.23726201057434082,
        0.9485234022140503,
        7.382784843444824,
        0.2622051239013672,
        0.920924723148346,
        0.2883506715297699,
        -0.6927024126052856,
        -0.9419334530830383,
        0.3091995418071747,
        -0.1309855580329895,
        5.7587738037109375
    ],
    [
        -0.21761445701122284,
        -0.2388966679573059,
        0.9463468790054321,
        7.4220075607299805,
        0.2618948817253113,
        0.9197348952293396,
        0.2924019694328308,
        -0.68824303150177,
        -0.9402419328689575,
        0.3114742934703827,
        -0.1375817507505417,
        5.745892524719238
    ],
    [
        -0.22784948348999023,
        -0.24145512282848358,
        0.9432836771011353,
        7.459567546844482,
        0.2607676088809967,
        0.9182460308074951,
        0.2980343699455261,
        -0.6891014575958252,
        -0.9381284117698669,
        0.31388476490974426,
        -0.14625822007656097,
        5.742559909820557
    ],
    [
        -0.2387256920337677,
        -0.244019016623497,
        0.9399281144142151,
        7.494358539581299,
        0.2596482038497925,
        0.9166334867477417,
        0.30391761660575867,
        -0.6918817162513733,
        -0.9357312321662903,
        0.31660354137420654,
        -0.1554647982120514,
        5.743510723114014
    ],
    [
        -0.2444152683019638,
        -0.24737833440303802,
        0.9375846982002258,
        7.535335063934326,
        0.25987544655799866,
        0.9148277044296265,
        0.3091198205947876,
        -0.6872163414955139,
        -0.9341980814933777,
        0.31920886039733887,
        -0.1593102514743805,
        5.721131801605225
    ],
    [
        -0.2536657154560089,
        -0.24866388738155365,
        0.9347834587097168,
        7.566183567047119,
        0.2579597234725952,
        0.9140033721923828,
        0.31313687562942505,
        -0.6861196756362915,
        -0.9322609901428223,
        0.32056859135627747,
        -0.16770601272583008,
        5.724411964416504
    ],
    [
        -0.2615244686603546,
        -0.2514384388923645,
        0.9318710565567017,
        7.601733684539795,
        0.25715261697769165,
        0.91242516040802,
        0.31835997104644775,
        -0.6847324967384338,
        -0.9303103685379028,
        0.3228920102119446,
        -0.17396347224712372,
        5.718739032745361
    ],
    [
        -0.26650726795196533,
        -0.2531759440898895,
        0.9299870729446411,
        7.637732028961182,
        0.25653526186943054,
        0.9114463925361633,
        0.3216440677642822,
        -0.6789628863334656,
        -0.929066002368927,
        0.32429492473602295,
        -0.17795850336551666,
        5.702476978302002
    ],
    [
        -0.2761828601360321,
        -0.25342902541160583,
        0.9270904660224915,
        7.671571254730225,
        0.2552149295806885,
        0.9106401801109314,
        0.32496142387390137,
        -0.673629105091095,
        -0.9266003370285034,
        0.32635611295700073,
        -0.18682444095611572,
        5.708577632904053
    ],
    [
        -0.28007054328918457,
        -0.2557203471660614,
        0.9252930879592896,
        7.711460590362549,
        0.2558627724647522,
        0.9091169238090515,
        0.3286951780319214,
        -0.6653985977172852,
        -0.9252538681030273,
        0.32880595326423645,
        -0.18918761610984802,
        5.690242290496826
    ],
    [
        -0.28865909576416016,
        -0.25704753398895264,
        0.9222811460494995,
        7.749182224273682,
        0.2538265287876129,
        0.9082720875740051,
        0.3325866758823395,
        -0.6611166596412659,
        -0.9231727719306946,
        0.33010363578796387,
        -0.1969355046749115,
        5.695985794067383
    ],
    [
        -0.2936210334300995,
        -0.260326623916626,
        0.9197916388511658,
        7.791511535644531,
        0.2515906095504761,
        0.9072345495223999,
        0.3370867967605591,
        -0.6567867398262024,
        -0.9222195744514465,
        0.3303866982460022,
        -0.20088747143745422,
        5.683850288391113
    ],
    [
        -0.3008776009082794,
        -0.261444091796875,
        0.9171258807182312,
        7.83005952835083,
        0.24905531108379364,
        0.9067723155021667,
        0.34019914269447327,
        -0.6495480537414551,
        -0.9205672144889832,
        0.33077335357666016,
        -0.20771333575248718,
        5.684850215911865
    ],
    [
        -0.306303471326828,
        -0.26409971714019775,
        0.9145651459693909,
        7.86729621887207,
        0.24590057134628296,
        0.9061854481697083,
        0.34403619170188904,
        -0.6438131332397461,
        -0.9196255207061768,
        0.33027157187461853,
        -0.21262545883655548,
        5.681148052215576
    ],
    [
        -0.31261202692985535,
        -0.2657102942466736,
        0.9119604229927063,
        7.904629230499268,
        0.2443898469209671,
        0.9052595496177673,
        0.34753260016441345,
        -0.6392692923545837,
        -0.91790372133255,
        0.33151671290397644,
        -0.21805807948112488,
        5.680453777313232
    ],
    [
        -0.31881946325302124,
        -0.26714766025543213,
        0.9093877673149109,
        7.940065860748291,
        0.24307863414287567,
        0.904321014881134,
        0.35087937116622925,
        -0.637092649936676,
        -0.9161151051521301,
        0.3329199552536011,
        -0.2233772873878479,
        5.68235969543457
    ],
    [
        -0.3243119716644287,
        -0.26980727910995483,
        0.9066563844680786,
        7.979650974273682,
        0.2433106005191803,
        0.9024208188056946,
        0.35557928681373596,
        -0.6348404884338379,
        -0.9141234159469604,
        0.33591774106025696,
        -0.22701884806156158,
        5.6743903160095215
    ],
    [
        -0.33007675409317017,
        -0.27214595675468445,
        0.9038727283477783,
        8.015057563781738,
        0.240692138671875,
        0.9016231298446655,
        0.3593645989894867,
        -0.6324542164802551,
        -0.9127522706985474,
        0.3361729383468628,
        -0.23210139572620392,
        5.6743011474609375
    ],
    [
        -0.3357735872268677,
        -0.27358296513557434,
        0.9013370871543884,
        8.047456741333008,
        0.23939603567123413,
        0.9006856679916382,
        0.36256709694862366,
        -0.6295257210731506,
        -0.9110134840011597,
        0.3375169634819031,
        -0.23693174123764038,
        5.672262668609619
    ],
    [
        -0.33995625376701355,
        -0.2758793234825134,
        0.8990664482116699,
        8.088383674621582,
        0.23775961995124817,
        0.899735689163208,
        0.3659866750240326,
        -0.626355767250061,
        -0.9098900556564331,
        0.33818119764328003,
        -0.24027790129184723,
        5.6661553382873535
    ]
]