[
    [
        0.9999822378158569,
        -0.000604206754360348,
        -0.00593149708583951,
        0.08469315618276596,
        0.0006152532296255231,
        0.9999980926513672,
        0.0018606566591188312,
        -0.00425247335806489,
        0.005930362269282341,
        -0.001864272286184132,
        0.9999806880950928,
        -0.010638700798153877
    ],
    [
        0.9999797344207764,
        -0.0008699201280251145,
        -0.0063142236322164536,
        0.0937282145023346,
        0.0008811270818114281,
        0.9999980330467224,
        0.001772313378751278,
        -0.004248443990945816,
        0.006312669720500708,
        -0.001777840661816299,
        0.9999785423278809,
        -0.011005421169102192
    ],
    [
        0.9999753832817078,
        -0.001216629520058632,
        -0.006926656235009432,
        0.10589485615491867,
        0.0012281929375603795,
        0.9999979138374329,
        0.0016654521459713578,
        -0.004178171511739492,
        0.006924614775925875,
        -0.0016739184502512217,
        0.9999747276306152,
        -0.011347195133566856
    ],
    [
        0.9999709129333496,
        -0.0017214471008628607,
        -0.007441429886966944,
        0.11765691637992859,
        0.0017341027269139886,
        0.9999969601631165,
        0.0016946032410487533,
        -0.004248591139912605,
        0.007438490632921457,
        -0.0017074577044695616,
        0.9999709129333496,
        -0.011665889993309975
    ],
    [
        0.9999625086784363,
        -0.0026025264523923397,
        -0.008259272202849388,
        0.13019657135009766,
        0.002614052500575781,
        0.9999955296516418,
        0.0013850945979356766,
        -0.0038115871138870716,
        0.008255630731582642,
        -0.001406633178703487,
        0.9999649524688721,
        -0.01235705241560936
    ],
    [
        0.9999595284461975,
        -0.002936022123321891,
        -0.00849881675094366,
        0.13819901645183563,
        0.0029488857835531235,
        0.9999945163726807,
        0.0015014826785773039,
        -0.003802946303039789,
        0.0084943613037467,
        -0.0015264843823388219,
        0.9999628067016602,
        -0.012674832716584206
    ],
    [
        0.9999540448188782,
        -0.0034380618017166853,
        -0.00896022841334343,
        0.14913691580295563,
        0.0034513564314693213,
        0.9999929070472717,
        0.0014686677604913712,
        -0.003833353752270341,
        0.008955116383731365,
        -0.0014995242236182094,
        0.999958872795105,
        -0.012951950542628765
    ],
    [
        0.9999475479125977,
        -0.004258155822753906,
        -0.00931626744568348,
        0.1590619832277298,
        0.004272404592484236,
        0.9999896883964539,
        0.001510106143541634,
        -0.003871109103783965,
        0.009309741668403149,
        -0.0015498294960707426,
        0.999955415725708,
        -0.013338400050997734
    ],
    [
        0.9999404549598694,
        -0.004777571652084589,
        -0.00981473084539175,
        0.16839082539081573,
        0.004790541250258684,
        0.9999876618385315,
        0.001298320246860385,
        -0.0035175762604922056,
        0.009808406233787537,
        -0.0013452611165121198,
        0.9999508857727051,
        -0.013436278328299522
    ],
    [
        0.9999384880065918,
        -0.005138992797583342,
        -0.009828432463109493,
        0.17442217469215393,
        0.005150751210749149,
        0.9999860525131226,
        0.0011715273139998317,
        -0.0032046751584857702,
        0.00982227548956871,
        -0.0012220788048580289,
        0.9999510049819946,
        -0.013461767695844173
    ],
    [
        0.9999346137046814,
        -0.005339805968105793,
        -0.010121462866663933,
        0.18358613550662994,
        0.005354009568691254,
        0.9999846816062927,
        0.0013767995405942202,
        -0.0035022306255996227,
        0.010113957338035107,
        -0.0014309001853689551,
        0.9999477863311768,
        -0.013997853733599186
    ],
    [
        0.9999271035194397,
        -0.0056802500039339066,
        -0.010655309073626995,
        0.19406016170978546,
        0.0056967297568917274,
        0.9999827146530151,
        0.0015169352991506457,
        -0.0035194309893995523,
        0.010646507143974304,
        -0.001577524933964014,
        0.9999420642852783,
        -0.014111779630184174
    ],
    [
        0.9999170899391174,
        -0.006464576348662376,
        -0.01113757211714983,
        0.2040882557630539,
        0.006481482181698084,
        0.9999778866767883,
        0.001482590101659298,
        -0.0030948433559387922,
        0.011127742938697338,
        -0.0015546552604064345,
        0.9999369382858276,
        -0.01445107813924551
    ],
    [
        0.9999112486839294,
        -0.007032026071101427,
        -0.011316674761474133,
        0.210882768034935,
        0.00704944645985961,
        0.9999740123748779,
        0.0015001748688519,
        -0.0029567170422524214,
        0.01130583230406046,
        -0.001579818082973361,
        0.9999347925186157,
        -0.014561309479176998
    ],
    [
        0.9999047517776489,
        -0.007474742829799652,
        -0.01160222664475441,
        0.21993230283260345,
        0.007493519224226475,
        0.9999706745147705,
        0.001575735630467534,
        -0.002937040524557233,
        0.011590108275413513,
        -0.0016625274438410997,
        0.9999314546585083,
        -0.014853142201900482
    ],
    [
        0.9998924732208252,
        -0.008092720992863178,
        -0.012234577909111977,
        0.22916002571582794,
        0.008111405186355114,
        0.9999659657478333,
        0.0014783911174163222,
        -0.002502283314242959,
        0.012222196906805038,
        -0.0015774723142385483,
        0.9999239444732666,
        -0.015035843476653099
    ],
    [
        0.999882161617279,
        -0.008734582923352718,
        -0.01262036431580782,
        0.23753346502780914,
        0.008754167705774307,
        0.9999605417251587,
        0.001497495686635375,
        -0.002275325357913971,
        0.01260678842663765,
        -0.0016078004846349359,
        0.9999192953109741,
        -0.01516710501164198
    ],
    [
        0.9998727440834045,
        -0.00915049109607935,
        -0.01306397095322609,
        0.24475790560245514,
        0.009173515252768993,
        0.999956488609314,
        0.001703596324659884,
        -0.0026081169489771128,
        0.013047812506556511,
        -0.001823222846724093,
        0.999913215637207,
        -0.0154076823964715
    ],
    [
        0.9998674392700195,
        -0.009495286270976067,
        -0.013230649754405022,
        0.2542688548564911,
        0.009517519734799862,
        0.9999534487724304,
        0.0016185255954042077,
        -0.0023305166978389025,
        0.013214664533734322,
        -0.001744234119541943,
        0.9999110698699951,
        -0.015583964996039867
    ],
    [
        0.9998553395271301,
        -0.01042306236922741,
        -0.013442842289805412,
        0.26457199454307556,
        0.010448492132127285,
        0.999943733215332,
        0.0018228982808068395,
        -0.002512871753424406,
        0.013423088006675243,
        -0.001963091781362891,
        0.9999079704284668,
        -0.015861893072724342
    ],
    [
        0.9998480081558228,
        -0.011116892099380493,
        -0.013431687839329243,
        0.27308887243270874,
        0.011137645691633224,
        0.9999369382858276,
        0.0014713113196194172,
        -0.0017615443794056773,
        0.013414484448730946,
        -0.0016206847503781319,
        0.9999086856842041,
        -0.016210336238145828
    ],
    [
        0.9998332262039185,
        -0.01178841944783926,
        -0.013951864093542099,
        0.2794915437698364,
        0.011814316734671593,
        0.9999285936355591,
        0.0017752402927726507,
        -0.002245981013402343,
        0.013929939828813076,
        -0.0019397754222154617,
        0.9999010562896729,
        -0.01646360009908676
    ],
    [
        0.9998244047164917,
        -0.012182005681097507,
        -0.014243648387491703,
        0.28679609298706055,
        0.012208822183310986,
        0.9999238848686218,
        0.0017972864443436265,
        -0.0020673349499702454,
        0.01422066893428564,
        -0.001970869256183505,
        0.9998968839645386,
        -0.01662980206310749
    ],
    [
        0.9998151659965515,
        -0.012690844014286995,
        -0.014437801204621792,
        0.29356175661087036,
        0.012716458179056644,
        0.9999176859855652,
        0.0016837583389133215,
        -0.0015712841413915157,
        0.014415244571864605,
        -0.0018670456483960152,
        0.999894380569458,
        -0.01672169752418995
    ],
    [
        0.9998035430908203,
        -0.013092919252812862,
        -0.014880562201142311,
        0.29993075132369995,
        0.01311967708170414,
        0.9999125003814697,
        0.0017019972437992692,
        -0.0014484911225736141,
        0.014856976456940174,
        -0.0018968908116221428,
        0.9998878240585327,
        -0.01692325621843338
    ]
]