[
    [
        0.8926446437835693,
        0.07565664499998093,
        -0.44436660408973694,
        -0.3903977870941162,
        -0.051613520830869675,
        0.9964852929115295,
        0.06597750633955002,
        -0.23910529911518097,
        0.44779643416404724,
        -0.0359591469168663,
        0.893412172794342,
        2.5743556022644043
    ],
    [
        0.8846093416213989,
        0.07913074642419815,
        -0.45957013964653015,
        -0.4037989377975464,
        -0.05449682101607323,
        0.9962873458862305,
        0.06664611399173737,
        -0.24536937475204468,
        0.463137686252594,
        -0.03391064703464508,
        0.8856372833251953,
        2.6410813331604004
    ],
    [
        0.873333215713501,
        0.08127697557210922,
        -0.48029518127441406,
        -0.41795870661735535,
        -0.056398335844278336,
        0.996222198009491,
        0.06603316962718964,
        -0.2534008026123047,
        0.483847439289093,
        -0.030581088736653328,
        0.8746176958084106,
        2.713280200958252
    ],
    [
        0.8628847599029541,
        0.08375053107738495,
        -0.4984130859375,
        -0.42906317114830017,
        -0.05824970826506615,
        0.996082603931427,
        0.0665305107831955,
        -0.2606663703918457,
        0.5020327568054199,
        -0.028375718742609024,
        0.8643829226493835,
        2.776718854904175
    ],
    [
        0.8495262265205383,
        0.08628678321838379,
        -0.5204419493675232,
        -0.4421837627887726,
        -0.060552507638931274,
        0.9959616661071777,
        0.06628488004207611,
        -0.2679312229156494,
        0.5240598917007446,
        -0.02479667216539383,
        0.8513205051422119,
        2.855281352996826
    ],
    [
        0.8384996056556702,
        0.08830010890960693,
        -0.5377002358436584,
        -0.45408350229263306,
        -0.06242719292640686,
        0.9958524703979492,
        0.06618686020374298,
        -0.2726757228374481,
        0.5413143038749695,
        -0.021930569782853127,
        0.8405342698097229,
        2.9229278564453125
    ],
    [
        0.8270487785339355,
        0.0911773145198822,
        -0.5546865463256836,
        -0.4827640950679779,
        -0.06557394564151764,
        0.9956696629524231,
        0.06589240580797195,
        -0.27888190746307373,
        0.5582923889160156,
        -0.018123209476470947,
        0.8294461369514465,
        3.0132668018341064
    ],
    [
        0.8193065524101257,
        0.0914517343044281,
        -0.5660152435302734,
        -0.5130795240402222,
        -0.06645062565803528,
        0.9956905841827393,
        0.06468771398067474,
        -0.28235676884651184,
        0.5694920420646667,
        -0.015387010760605335,
        0.82185298204422,
        3.0866339206695557
    ],
    [
        0.8102893233299255,
        0.09241344779729843,
        -0.5786977410316467,
        -0.5551693439483643,
        -0.06780928373336792,
        0.9956402778625488,
        0.06404968351125717,
        -0.2895604074001312,
        0.5820937156677246,
        -0.012657691724598408,
        0.8130231499671936,
        3.175985813140869
    ],
    [
        0.8028398156166077,
        0.09278611838817596,
        -0.5889304876327515,
        -0.5850476622581482,
        -0.06872880458831787,
        0.9956334233283997,
        0.06317003071308136,
        -0.2961924076080322,
        0.5922201871871948,
        -0.010238929651677608,
        0.8057110905647278,
        3.243028163909912
    ],
    [
        0.7956165671348572,
        0.09250597655773163,
        -0.5986959934234619,
        -0.6255019307136536,
        -0.0696440190076828,
        0.9956870675086975,
        0.06129499152302742,
        -0.30211713910102844,
        0.6017840504646301,
        -0.007071704603731632,
        0.798627495765686,
        3.3146636486053467
    ],
    [
        0.7911026477813721,
        0.09190300107002258,
        -0.6047399044036865,
        -0.6601340770721436,
        -0.06992250680923462,
        0.9957550168037415,
        0.059855516999959946,
        -0.30562520027160645,
        0.6076739430427551,
        -0.0050669219344854355,
        0.7941704988479614,
        3.367194652557373
    ],
    [
        0.7871910333633423,
        0.09007993340492249,
        -0.6100947856903076,
        -0.7063464522361755,
        -0.0696990042924881,
        0.9959315061569214,
        0.05711740255355835,
        -0.3089196979999542,
        0.6127580404281616,
        -0.0024392881896346807,
        0.7902668118476868,
        3.4267988204956055
    ],
    [
        0.7843939661979675,
        0.08907817304134369,
        -0.6138331890106201,
        -0.741683304309845,
        -0.06969624757766724,
        0.9960243701934814,
        0.05547875165939331,
        -0.31392794847488403,
        0.6163346767425537,
        -0.0007353494293056428,
        0.7874839901924133,
        3.475163221359253
    ],
    [
        0.7822303175926208,
        0.08787690848112106,
        -0.6167603731155396,
        -0.7871847748756409,
        -0.06975595653057098,
        0.9961305260658264,
        0.05345943942666054,
        -0.32130712270736694,
        0.6190718412399292,
        0.0012051251251250505,
        0.7853333950042725,
        3.533475160598755
    ],
    [
        0.7828068137168884,
        0.08613064885139465,
        -0.6162748336791992,
        -0.8264978528022766,
        -0.06940346211194992,
        0.9962800145149231,
        0.0510823018848896,
        -0.32565414905548096,
        0.6183822751045227,
        0.00278403889387846,
        0.7858726978302002,
        3.574993848800659
    ],
    [
        0.7836688160896301,
        0.08432328701019287,
        -0.6154291033744812,
        -0.872000515460968,
        -0.06947238743305206,
        0.996425449848175,
        0.04806159809231758,
        -0.3307768702507019,
        0.6172818541526794,
        0.005090928636491299,
        0.786725640296936,
        3.626608371734619
    ],
    [
        0.7852839231491089,
        0.08265798538923264,
        -0.613593339920044,
        -0.9054567217826843,
        -0.06975662708282471,
        0.9965497255325317,
        0.04497121274471283,
        -0.3338086009025574,
        0.6151935458183289,
        0.007487031165510416,
        0.7883405685424805,
        3.6654908657073975
    ],
    [
        0.7885735630989075,
        0.08018988370895386,
        -0.609689474105835,
        -0.9472788572311401,
        -0.07008839398622513,
        0.9967206120491028,
        0.040442030876874924,
        -0.33653634786605835,
        0.6109333038330078,
        0.01084065530449152,
        0.7916079759597778,
        3.713261127471924
    ],
    [
        0.7922163009643555,
        0.07815670967102051,
        -0.6052148342132568,
        -0.9791440963745117,
        -0.0702049508690834,
        0.9968522191047668,
        0.0368352010846138,
        -0.3389036953449249,
        0.6061885952949524,
        0.013307630084455013,
        0.7952094674110413,
        3.7472550868988037
    ],
    [
        0.7989462018013,
        0.0747268944978714,
        -0.5967420339584351,
        -1.0195451974868774,
        -0.0703313797712326,
        0.9970514178276062,
        0.030692625790834427,
        -0.33780205249786377,
        0.5972758531570435,
        0.01744794100522995,
        0.8018458485603333,
        3.7801153659820557
    ],
    [
        0.8048949241638184,
        0.07222776114940643,
        -0.5890049338340759,
        -1.0516232252120972,
        -0.07012338191270828,
        0.9971875548362732,
        0.02645590901374817,
        -0.33825400471687317,
        0.589259684085846,
        0.020008768886327744,
        0.8076962232589722,
        3.802778482437134
    ],
    [
        0.8108143210411072,
        0.07018379867076874,
        -0.5810805559158325,
        -1.0956958532333374,
        -0.07006027549505234,
        0.9972845315933228,
        0.02269449457526207,
        -0.3428436517715454,
        0.5810950994491577,
        0.022309625521302223,
        0.8135298490524292,
        3.83788800239563
    ],
    [
        0.8156310319900513,
        0.0685136467218399,
        -0.5745014548301697,
        -1.1269978284835815,
        -0.06995272636413574,
        0.9973570704460144,
        0.019629109650850296,
        -0.34621375799179077,
        0.5743278861045837,
        0.02417786233127117,
        0.8182680010795593,
        3.862581729888916
    ],
    [
        0.8216550350189209,
        0.06543619185686111,
        -0.5662163496017456,
        -1.1679965257644653,
        -0.06919904053211212,
        0.997492253780365,
        0.01486070267856121,
        -0.34712478518486023,
        0.5657689571380615,
        0.026971258223056793,
        0.824122428894043,
        3.8925650119781494
    ]
]