[
    [
        0.999955952167511,
        0.0014094456564635038,
        0.009283177554607391,
        0.003544796258211136,
        -0.0014094944344833493,
        0.9999990463256836,
        -1.2146401786594652e-06,
        0.014638054184615612,
        -0.009283170104026794,
        -1.1870646630995907e-05,
        0.9999569654464722,
        0.4206014573574066
    ],
    [
        0.9999513626098633,
        0.0008972116629593074,
        0.009827515110373497,
        -0.001873238943517208,
        -0.0009245095425285399,
        0.999995768070221,
        0.002773563377559185,
        0.008259096182882786,
        -0.009824984706938267,
        -0.0027825143188238144,
        0.9999477863311768,
        0.6439403891563416
    ],
    [
        0.9999614953994751,
        0.0010715065291151404,
        0.00871710479259491,
        0.00398477865383029,
        -0.0011414346517995,
        0.9999671578407288,
        0.008020862005650997,
        0.012781079858541489,
        -0.008708225563168526,
        -0.008030502125620842,
        0.9999299049377441,
        0.9208800196647644
    ],
    [
        0.9999569058418274,
        0.0024303935933858156,
        0.008960152976214886,
        0.005615572445094585,
        -0.002531267935410142,
        0.9999334216117859,
        0.01126394234597683,
        0.004352659918367863,
        -0.008932179771363735,
        -0.011286137625575066,
        0.9998964071273804,
        1.1713601350784302
    ],
    [
        0.9999319314956665,
        0.0027973472606390715,
        0.011334216222167015,
        -0.005453701596707106,
        -0.0029731369577348232,
        0.9998750686645508,
        0.015522611327469349,
        0.00823989324271679,
        -0.011289377696812153,
        -0.015555251389741898,
        0.9998152256011963,
        1.480362892150879
    ],
    [
        0.9999343156814575,
        0.002754130167886615,
        0.011131109669804573,
        -0.010021070949733257,
        -0.0029529475141316652,
        0.9998357892036438,
        0.0178846288472414,
        -0.004342332016676664,
        -0.011080024763941765,
        -0.017916323617100716,
        0.999778151512146,
        1.745182991027832
    ],
    [
        0.9999313354492188,
        0.004888931754976511,
        0.010650794953107834,
        0.009915708564221859,
        -0.005097821354866028,
        0.9997934699058533,
        0.019674601033329964,
        -0.0163356214761734,
        -0.010552406311035156,
        -0.019727546721696854,
        0.9997497200965881,
        2.0542681217193604
    ],
    [
        0.9999463558197021,
        0.005217048805207014,
        0.008952179923653603,
        0.027270426973700523,
        -0.0054072486236691475,
        0.9997572898864746,
        0.02135518006980419,
        -0.01845589280128479,
        -0.008838597685098648,
        -0.02140243910253048,
        0.9997318983078003,
        2.350292921066284
    ],
    [
        0.9999565482139587,
        0.006342187523841858,
        0.0068464274518191814,
        0.0216131042689085,
        -0.006493056658655405,
        0.9997314810752869,
        0.022243589162826538,
        -0.03607228398323059,
        -0.006703515537083149,
        -0.022287074476480484,
        0.9997290968894958,
        2.628865957260132
    ],
    [
        0.9999777674674988,
        0.004506055731326342,
        0.004918819293379784,
        0.019944041967391968,
        -0.004622878972440958,
        0.9997012615203857,
        0.02400316298007965,
        -0.045906729996204376,
        -0.004809189587831497,
        -0.024025369435548782,
        0.9996997714042664,
        2.909787178039551
    ],
    [
        0.9999700784683228,
        0.006888757925480604,
        -0.00356359058059752,
        0.047511026263237,
        -0.006802191957831383,
        0.9996946454048157,
        0.02375871315598488,
        -0.055933356285095215,
        0.003726170165464282,
        -0.023733757436275482,
        0.9997113347053528,
        3.170605421066284
    ],
    [
        0.999584972858429,
        0.01001816801726818,
        -0.027007201686501503,
        0.0595242977142334,
        -0.009334718808531761,
        0.9996359944343567,
        0.025314560160040855,
        -0.0647827610373497,
        0.027250973507761955,
        -0.02505195140838623,
        0.9993146657943726,
        3.4327120780944824
    ],
    [
        0.9980548024177551,
        0.012791494838893414,
        -0.061016909778118134,
        0.05168052390217781,
        -0.01124252937734127,
        0.999607503414154,
        0.025661958381533623,
        -0.08745605498552322,
        0.061321210116147995,
        -0.02492605522274971,
        0.9978068470954895,
        3.6935129165649414
    ],
    [
        0.9952210783958435,
        0.015781762078404427,
        -0.09636300802230835,
        0.05058378726243973,
        -0.013185280375182629,
        0.9995342493057251,
        0.027522390708327293,
        -0.09938991069793701,
        0.09675247967243195,
        -0.026120293885469437,
        0.9949656128883362,
        3.9259588718414307
    ],
    [
        0.9874860644340515,
        0.022994820028543472,
        -0.15602083504199982,
        0.056106969714164734,
        -0.018845006823539734,
        0.9994295239448547,
        0.028025252744555473,
        -0.11507988721132278,
        0.1565762609243393,
        -0.02473433129489422,
        0.9873561263084412,
        4.175997257232666
    ],
    [
        0.9754476547241211,
        0.028931261971592903,
        -0.2183225005865097,
        0.023661909624934196,
        -0.022794047370553017,
        0.9992724061012268,
        0.030577534809708595,
        -0.11689125001430511,
        0.21904850006103516,
        -0.02485032007098198,
        0.9753974676132202,
        4.403984546661377
    ],
    [
        0.9628422856330872,
        0.03276495262980461,
        -0.26806965470314026,
        -0.026185814291238785,
        -0.025416066870093346,
        0.9992011189460754,
        0.030839474871754646,
        -0.1331414431333542,
        0.26886582374572754,
        -0.022880271077156067,
        0.9629058837890625,
        4.64025354385376
    ],
    [
        0.953660249710083,
        0.0343516543507576,
        -0.2989181578159332,
        -0.08074857294559479,
        -0.0260279793292284,
        0.9991558194160461,
        0.03178396821022034,
        -0.14498835802078247,
        0.29975783824920654,
        -0.022530877962708473,
        0.9537493586540222,
        4.842357158660889
    ],
    [
        0.9467565417289734,
        0.0361236147582531,
        -0.31991738080978394,
        -0.1311551034450531,
        -0.027340127155184746,
        0.999116837978363,
        0.03190592676401138,
        -0.1591676026582718,
        0.3207874000072479,
        -0.02146056294441223,
        0.9469080567359924,
        5.033559322357178
    ],
    [
        0.9428461790084839,
        0.037407297641038895,
        -0.3311222791671753,
        -0.19341954588890076,
        -0.028260573744773865,
        0.9990754723548889,
        0.03239694610238075,
        -0.16342757642269135,
        0.33202749490737915,
        -0.02118765003979206,
        0.9430315494537354,
        5.21023416519165
    ],
    [
        0.9428229928016663,
        0.03729250654578209,
        -0.33120080828666687,
        -0.2685423493385315,
        -0.028623273596167564,
        0.9991089105606079,
        0.031016189604997635,
        -0.17287620902061462,
        0.332062691450119,
        -0.019762715324759483,
        0.9430504441261292,
        5.367722988128662
    ],
    [
        0.9425989389419556,
        0.03697655349969864,
        -0.33187341690063477,
        -0.33549684286117554,
        -0.028377830982208252,
        0.9991250038146973,
        0.03072037734091282,
        -0.1805482804775238,
        0.33271923661231995,
        -0.01953914389014244,
        0.9428235292434692,
        5.51287317276001
    ],
    [
        0.9423838257789612,
        0.03635197505354881,
        -0.33255264163017273,
        -0.39546141028404236,
        -0.028113486245274544,
        0.9991677403450012,
        0.029553283005952835,
        -0.18292370438575745,
        0.33335015177726746,
        -0.018501311540603638,
        0.9426214694976807,
        5.668538570404053
    ],
    [
        0.9422511458396912,
        0.03515439108014107,
        -0.33305689692497253,
        -0.4402146339416504,
        -0.02785666473209858,
        0.9992563724517822,
        0.026662932708859444,
        -0.19509577751159668,
        0.33374667167663574,
        -0.015845324844121933,
        0.9425296783447266,
        5.832699775695801
    ],
    [
        0.9421983957290649,
        0.03465114161372185,
        -0.3332594037055969,
        -0.4811192452907562,
        -0.028303897008299828,
        0.9993138909339905,
        0.023883705958724022,
        -0.18925458192825317,
        0.33385807275772095,
        -0.013070650398731232,
        0.9425327777862549,
        5.984712600708008
    ]
]