[
    [
        0.9999867081642151,
        -0.004123217426240444,
        -0.0031049707904458046,
        0.18380263447761536,
        0.0041210828348994255,
        0.9999911785125732,
        -0.000693280017003417,
        -0.0010926196118816733,
        0.0031078027095645666,
        0.0006804748554714024,
        0.9999949932098389,
        -0.010379020124673843
    ],
    [
        0.9999810457229614,
        -0.004923481959849596,
        -0.0036955387331545353,
        0.21258214116096497,
        0.004920888692140579,
        0.9999876022338867,
        -0.0007104437681846321,
        -0.0013405310455709696,
        0.0036989913787692785,
        0.0006922451430000365,
        0.9999929666519165,
        -0.012115996330976486
    ],
    [
        0.9999762177467346,
        -0.005455993581563234,
        -0.004224982112646103,
        0.23938171565532684,
        0.005453561432659626,
        0.999984860420227,
        -0.0005869811866432428,
        -0.0014579754788428545,
        0.004228121601045132,
        0.0005639258306473494,
        0.9999909400939941,
        -0.013422410935163498
    ],
    [
        0.9999672770500183,
        -0.006298555061221123,
        -0.005094571504741907,
        0.2732180953025818,
        0.006295156665146351,
        0.9999799132347107,
        -0.0006826244061812758,
        -0.001098739099688828,
        0.005098769906908274,
        0.0006505303899757564,
        0.9999867677688599,
        -0.015325622633099556
    ],
    [
        0.9999638199806213,
        -0.00656586280092597,
        -0.005406353622674942,
        0.2956879734992981,
        0.006562645081430674,
        0.9999783039093018,
        -0.0006126031512394547,
        -0.0013815180864185095,
        0.005410258658230305,
        0.0005771018913947046,
        0.9999852180480957,
        -0.016443364322185516
    ],
    [
        0.9999569058418274,
        -0.007044567260891199,
        -0.006054313387721777,
        0.3176381289958954,
        0.007039482705295086,
        0.9999748468399048,
        -0.0008608913631178439,
        -0.0013691842323169112,
        0.006060225889086723,
        0.0008182356250472367,
        0.9999812841415405,
        -0.018055520951747894
    ],
    [
        0.9999499320983887,
        -0.007498875260353088,
        -0.006625950802117586,
        0.3448161482810974,
        0.007491227239370346,
        0.9999712705612183,
        -0.0011781995417550206,
        -0.0010836729779839516,
        0.00663459487259388,
        0.001128503354266286,
        0.9999773502349854,
        -0.01955515146255493
    ],
    [
        0.9999448657035828,
        -0.007832562550902367,
        -0.0069946786388754845,
        0.3637988865375519,
        0.007822799496352673,
        0.9999683499336243,
        -0.00142207823228091,
        -0.0006774309440515935,
        0.007005595602095127,
        0.00136728142388165,
        0.9999744892120361,
        -0.020624686032533646
    ],
    [
        0.9999404549598694,
        -0.007953989319503307,
        -0.007465106900781393,
        0.3887183368206024,
        0.00794451404362917,
        0.999967634677887,
        -0.0012981670442968607,
        -0.0010169376619160175,
        0.007475190795958042,
        0.0012387834722176194,
        0.9999713897705078,
        -0.02183050476014614
    ],
    [
        0.9999336004257202,
        -0.008209808729588985,
        -0.008084369823336601,
        0.410438597202301,
        0.008198666386306286,
        0.9999654293060303,
        -0.0014102834975346923,
        -0.0006196080357767642,
        0.008095667697489262,
        0.0013439083704724908,
        0.9999662637710571,
        -0.022927353158593178
    ],
    [
        0.9999258518218994,
        -0.008621963672339916,
        -0.008589044213294983,
        0.43147945404052734,
        0.008609632030129433,
        0.999961793422699,
        -0.0014717795420438051,
        -0.0005866892752237618,
        0.008601405657827854,
        0.0013977225171402097,
        0.9999620914459229,
        -0.023947881534695625
    ],
    [
        0.9999172687530518,
        -0.009019840508699417,
        -0.00917650293558836,
        0.45731183886528015,
        0.00900554284453392,
        0.9999582171440125,
        -0.0015982037875801325,
        -0.0002461393887642771,
        0.009190533310174942,
        0.00151543237734586,
        0.9999566078186035,
        -0.02520044520497322
    ],
    [
        0.9999069571495056,
        -0.009624991565942764,
        -0.009660525247454643,
        0.47551628947257996,
        0.009610054083168507,
        0.9999525547027588,
        -0.0015914771938696504,
        -0.0001156237703980878,
        0.009675386361777782,
        0.0014984908048063517,
        0.9999520778656006,
        -0.025914888828992844
    ],
    [
        0.9998989701271057,
        -0.010084175504744053,
        -0.010011195205152035,
        0.49241194128990173,
        0.01006762869656086,
        0.9999479055404663,
        -0.0017018277430906892,
        -4.713357338914648e-05,
        0.01002783514559269,
        0.0016008662059903145,
        0.9999483823776245,
        -0.02686208486557007
    ],
    [
        0.9998853802680969,
        -0.010769663378596306,
        -0.010651277378201485,
        0.5170718431472778,
        0.010750028304755688,
        0.9999404549598694,
        -0.0018990584649145603,
        0.0005883711273781955,
        0.010671094991266727,
        0.0017843387322500348,
        0.9999414682388306,
        -0.027945982292294502
    ],
    [
        0.999876856803894,
        -0.011046088300645351,
        -0.011145053431391716,
        0.5370810031890869,
        0.01102625485509634,
        0.9999374747276306,
        -0.001839461619965732,
        0.0007295958930626512,
        0.011164676398038864,
        0.0017163472948595881,
        0.9999362230300903,
        -0.02879742532968521
    ],
    [
        0.9998579621315002,
        -0.011984421871602535,
        -0.011854869313538074,
        0.5664182305335999,
        0.011962935328483582,
        0.9999266266822815,
        -0.001881754375062883,
        0.0011116141686215997,
        0.011876551434397697,
        0.0017396676121279597,
        0.9999279975891113,
        -0.02997468411922455
    ],
    [
        0.9998397827148438,
        -0.012887061573565006,
        -0.012425077147781849,
        0.5874974727630615,
        0.012863119132816792,
        0.9999152421951294,
        -0.0020048886071890593,
        0.0016126390546560287,
        0.012449860572814941,
        0.001844741520471871,
        0.9999208450317383,
        -0.030811665579676628
    ],
    [
        0.999829113483429,
        -0.013462567701935768,
        -0.012671802192926407,
        0.606486439704895,
        0.013439672999083996,
        0.9999077916145325,
        -0.0018902230076491833,
        0.0016315289540216327,
        0.012696083635091782,
        0.001719595049507916,
        0.9999179840087891,
        -0.03140150010585785
    ],
    [
        0.9998124241828918,
        -0.01411938201636076,
        -0.01325575727969408,
        0.6305624842643738,
        0.014096830040216446,
        0.9998990297317505,
        -0.0017931285547092557,
        0.0018677788320928812,
        0.013279738835990429,
        0.0016059286426752806,
        0.9999105930328369,
        -0.03233448788523674
    ],
    [
        0.9998044371604919,
        -0.014336838386952877,
        -0.0136171355843544,
        0.6501597166061401,
        0.014314798638224602,
        0.9998960494995117,
        -0.0017145938472822309,
        0.0021739397197961807,
        0.01364030409604311,
        0.0015193321742117405,
        0.9999058246612549,
        -0.03289547935128212
    ],
    [
        0.9997824430465698,
        -0.015145213343203068,
        -0.014345191419124603,
        0.6726284027099609,
        0.015122548677027225,
        0.9998841285705566,
        -0.0016871189000084996,
        0.0029543794225901365,
        0.014369084499776363,
        0.0014698158483952284,
        0.9998956918716431,
        -0.033431943506002426
    ],
    [
        0.9997552037239075,
        -0.016482042148709297,
        -0.014760566875338554,
        0.6996060609817505,
        0.016460910439491272,
        0.9998632669448853,
        -0.0015519571024924517,
        0.0030832227785140276,
        0.014784128405153751,
        0.0013086056569591165,
        0.9998898506164551,
        -0.03468884900212288
    ],
    [
        0.9997345805168152,
        -0.017342425882816315,
        -0.015171007253229618,
        0.718138575553894,
        0.01732141152024269,
        0.9998487234115601,
        -0.0015154174761846662,
        0.0036050621420145035,
        0.015194996260106564,
        0.0012522322358563542,
        0.999883770942688,
        -0.035244978964328766
    ],
    [
        0.9997029304504395,
        -0.018664618954062462,
        -0.01567455381155014,
        0.7400739192962646,
        0.018641076982021332,
        0.9998248815536499,
        -0.0016468457179144025,
        0.00426279054954648,
        0.015702547505497932,
        0.0013541652588173747,
        0.9998757839202881,
        -0.035820066928863525
    ]
]