[
    [
        0.9812164306640625,
        -0.010060380212962627,
        -0.1926478147506714,
        -0.06881221383810043,
        0.010792072862386703,
        0.9999379515647888,
        0.0027490651700645685,
        -0.01612425409257412,
        0.19260822236537933,
        -0.004776496905833483,
        0.9812641143798828,
        -0.11407312005758286
    ],
    [
        0.979979395866394,
        -0.009446351788938046,
        -0.19887469708919525,
        -0.07227010279893875,
        0.010765792801976204,
        0.9999266266822815,
        0.00555424066260457,
        -0.017870647832751274,
        0.19880764186382294,
        -0.007584085687994957,
        0.9800091981887817,
        -0.11965416371822357
    ],
    [
        0.9774129390716553,
        -0.008794226683676243,
        -0.2111554592847824,
        -0.07828998565673828,
        0.010903602465987206,
        0.9999016523361206,
        0.008827432990074158,
        -0.01999111846089363,
        0.21105705201625824,
        -0.010930401273071766,
        0.9774126410484314,
        -0.1296664923429489
    ],
    [
        0.9747564792633057,
        -0.008812186308205128,
        -0.2230968475341797,
        -0.08471684157848358,
        0.011370565742254257,
        0.9998834729194641,
        0.01018559467047453,
        -0.021703269332647324,
        0.22298109531402588,
        -0.012465210631489754,
        0.974743127822876,
        -0.14001408219337463
    ],
    [
        0.9718481302261353,
        -0.008230936713516712,
        -0.2354641705751419,
        -0.08807513862848282,
        0.011638169176876545,
        0.9998467564582825,
        0.013084197416901588,
        -0.022520609200000763,
        0.23532037436962128,
        -0.015456223860383034,
        0.9717949628829956,
        -0.15095402300357819
    ],
    [
        0.9689749479293823,
        -0.007349998690187931,
        -0.24704959988594055,
        -0.09263063967227936,
        0.012006810866296291,
        0.9997773766517639,
        0.017348479479551315,
        -0.023645034059882164,
        0.2468670904636383,
        -0.019776521250605583,
        0.9688474535942078,
        -0.16187649965286255
    ],
    [
        0.9659263491630554,
        -0.006476999260485172,
        -0.25873613357543945,
        -0.09710536897182465,
        0.012228155508637428,
        0.9997124671936035,
        0.02062472328543663,
        -0.02397398091852665,
        0.2585282027721405,
        -0.023085828870534897,
        0.9657278060913086,
        -0.1728748381137848
    ],
    [
        0.9627656936645508,
        -0.006033773068338633,
        -0.2702699303627014,
        -0.10152282565832138,
        0.012617218308150768,
        0.999664306640625,
        0.02262803167104721,
        -0.023864900693297386,
        0.27004265785217285,
        -0.025195548310875893,
        0.9625186324119568,
        -0.18417048454284668
    ],
    [
        0.9594008922576904,
        -0.0050365617498755455,
        -0.28200098872184753,
        -0.10516739636659622,
        0.012898883782327175,
        0.9995779395103455,
        0.02603098377585411,
        -0.022661199793219566,
        0.2817508578300476,
        -0.028611646965146065,
        0.9590609669685364,
        -0.1948055475950241
    ],
    [
        0.9558400511741638,
        -0.0038362795021384954,
        -0.29386237263679504,
        -0.10962941497564316,
        0.01306703221052885,
        0.999480664730072,
        0.02945495955646038,
        -0.021465163677930832,
        0.2935967445373535,
        -0.03199414163827896,
        0.9553937315940857,
        -0.2041906863451004
    ],
    [
        0.9522454738616943,
        -0.002749059349298477,
        -0.3053211569786072,
        -0.11466293036937714,
        0.013193356804549694,
        0.9993959665298462,
        0.03214947134256363,
        -0.020490042865276337,
        0.305048406124115,
        -0.03464239835739136,
        0.9517065286636353,
        -0.21387198567390442
    ],
    [
        0.9484292268753052,
        -0.0014825935941189528,
        -0.31698569655418396,
        -0.11904539912939072,
        0.013460230082273483,
        0.9992754459381104,
        0.03559957072138786,
        -0.020418105646967888,
        0.3167032301425934,
        -0.03803037106990814,
        0.9477619528770447,
        -0.22407639026641846
    ],
    [
        0.9443220496177673,
        -0.00011663383338600397,
        -0.3290226459503174,
        -0.12287584692239761,
        0.013723200187087059,
        0.9991437196731567,
        0.039032530039548874,
        -0.020159346982836723,
        0.3287363350391388,
        -0.04137452319264412,
        0.9435150027275085,
        -0.23192644119262695
    ],
    [
        0.9402036666870117,
        0.0012420135317370296,
        -0.3406105041503906,
        -0.12714512646198273,
        0.013761861249804497,
        0.9990382790565491,
        0.04163045436143875,
        -0.018532294780015945,
        0.3403346538543701,
        -0.04382853955030441,
        0.9392822980880737,
        -0.2413942664861679
    ],
    [
        0.9358807802200317,
        0.0027140495367348194,
        -0.3523062467575073,
        -0.13106893002986908,
        0.014143184758722782,
        0.9988749027252197,
        0.04526553675532341,
        -0.017938964068889618,
        0.35203272104263306,
        -0.047345876693725586,
        0.9347894787788391,
        -0.24903279542922974
    ],
    [
        0.9314053058624268,
        0.004354038275778294,
        -0.36395785212516785,
        -0.13435666263103485,
        0.014265124686062336,
        0.998723566532135,
        0.048453669995069504,
        -0.016596121713519096,
        0.36370423436164856,
        -0.05032190680503845,
        0.9301542043685913,
        -0.2566240429878235
    ],
    [
        0.9267917275428772,
        0.005648994818329811,
        -0.37553316354751587,
        -0.138033926486969,
        0.014584586024284363,
        0.9985913634300232,
        0.05101523548364639,
        -0.015375791117548943,
        0.3752923607826233,
        -0.052757490426301956,
        0.9254038333892822,
        -0.2644418179988861
    ],
    [
        0.9219207167625427,
        0.007139589171856642,
        -0.38731274008750916,
        -0.14055830240249634,
        0.01483341958373785,
        0.9984462261199951,
        0.053713005036115646,
        -0.013689142651855946,
        0.3870944380760193,
        -0.05526430532336235,
        0.9203824996948242,
        -0.2713359296321869
    ],
    [
        0.9168780446052551,
        0.008863424882292747,
        -0.3990691602230072,
        -0.1443389505147934,
        0.015051607973873615,
        0.9982746839523315,
        0.05675361678004265,
        -0.011887408792972565,
        0.39888373017311096,
        -0.058042772114276886,
        0.9151627421379089,
        -0.2780512571334839
    ],
    [
        0.9115827083587646,
        0.010410980321466923,
        -0.41098493337631226,
        -0.14752696454524994,
        0.015193387866020203,
        0.9981433153152466,
        0.05898434296250343,
        -0.009386863559484482,
        0.41083595156669617,
        -0.060013365000486374,
        0.909731924533844,
        -0.28480637073516846
    ],
    [
        0.9061185121536255,
        0.01234627328813076,
        -0.4228438436985016,
        -0.1517792046070099,
        0.015227514319121838,
        0.9979742169380188,
        0.061770301312208176,
        -0.010108468122780323,
        0.42274990677833557,
        -0.06241007521748543,
        0.9040948748588562,
        -0.2924021780490875
    ],
    [
        0.9002690315246582,
        0.014287621714174747,
        -0.43509942293167114,
        -0.1548193395137787,
        0.015318082645535469,
        0.997802734375,
        0.06446025520563126,
        -0.008473620750010014,
        0.43506431579589844,
        -0.06469646841287613,
        0.8980720639228821,
        -0.3004646599292755
    ],
    [
        0.8942022323608398,
        0.015847153961658478,
        -0.4473826587200165,
        -0.15795107185840607,
        0.01568974368274212,
        0.9976499080657959,
        0.06669840961694717,
        -0.0058458889834582806,
        0.4473881423473358,
        -0.06666118651628494,
        0.891852080821991,
        -0.30814212560653687
    ],
    [
        0.8878945112228394,
        0.017520353198051453,
        -0.4597133696079254,
        -0.1616983413696289,
        0.01568787544965744,
        0.997540295124054,
        0.06831742078065872,
        -0.0034355344250798225,
        0.4597795605659485,
        -0.0678705945611,
        0.8854357004165649,
        -0.3164334297180176
    ],
    [
        0.8812960982322693,
        0.019142625853419304,
        -0.4721764922142029,
        -0.16466233134269714,
        0.015875982120633125,
        0.9974158406257629,
        0.07006828486919403,
        -0.0015046708285808563,
        0.47229766845703125,
        -0.06924717128276825,
        0.8787147998809814,
        -0.3244542181491852
    ]
]