[
    [
        0.9998353123664856,
        -0.005986744537949562,
        0.01713738590478897,
        -0.12342381477355957,
        0.005985704716295004,
        0.9999821186065674,
        0.00011199578148080036,
        -0.09350308030843735,
        -0.01713775098323822,
        -9.39822530199308e-06,
        0.9998531341552734,
        0.1059877872467041
    ],
    [
        0.9998148679733276,
        -0.005702014081180096,
        0.01837877556681633,
        -0.13988685607910156,
        0.005696543958038092,
        0.9999837279319763,
        0.0003499682934489101,
        -0.12258831411600113,
        -0.01838047429919243,
        -0.00024520765873603523,
        0.999830961227417,
        0.23352113366127014
    ],
    [
        0.9997836351394653,
        -0.006414188537746668,
        0.019786303862929344,
        -0.15917083621025085,
        0.00641333032399416,
        0.9999793767929077,
        0.000106815219623968,
        -0.15320658683776855,
        -0.01978658325970173,
        2.010322168644052e-05,
        0.9998043179512024,
        0.38485944271087646
    ],
    [
        0.9997529983520508,
        -0.00708436407148838,
        0.021067166700959206,
        -0.1798831671476364,
        0.007090985309332609,
        0.9999747276306152,
        -0.0002395651681581512,
        -0.1811656653881073,
        -0.021064937114715576,
        0.00038889271672815084,
        0.9997779726982117,
        0.5398626923561096
    ],
    [
        0.9997175335884094,
        -0.00767545448616147,
        0.02249184623360634,
        -0.20068050920963287,
        0.007686894852668047,
        0.9999703168869019,
        -0.0004222167481202632,
        -0.2079007625579834,
        -0.02248794212937355,
        0.0005949902115389705,
        0.9997469782829285,
        0.6980430483818054
    ],
    [
        0.9996814727783203,
        -0.008278798311948776,
        0.023841507732868195,
        -0.22121842205524445,
        0.008300119079649448,
        0.999965250492096,
        -0.0007954590255394578,
        -0.23258069157600403,
        -0.023834094405174255,
        0.0009930930100381374,
        0.9997153878211975,
        0.8582305908203125
    ],
    [
        0.9996252059936523,
        -0.009053888730704784,
        0.025837531313300133,
        -0.24051615595817566,
        0.00909500103443861,
        0.9999575614929199,
        -0.0014740764163434505,
        -0.25597599148750305,
        -0.025823082774877548,
        0.0017085237195715308,
        0.9996649622917175,
        1.018031358718872
    ],
    [
        0.9995115399360657,
        -0.010640429332852364,
        0.029385710135102272,
        -0.2555093467235565,
        0.01070617325603962,
        0.9999405145645142,
        -0.002080886857584119,
        -0.2744019329547882,
        -0.029361825436353683,
        0.0023944731801748276,
        0.9995660185813904,
        1.1557793617248535
    ],
    [
        0.9991821050643921,
        -0.014688332565128803,
        0.03767723962664604,
        -0.27366554737091064,
        0.01481518242508173,
        0.9998854994773865,
        -0.0030897308606654406,
        -0.2911742925643921,
        -0.03762753680348396,
        0.003645399585366249,
        0.9992851614952087,
        1.3193508386611938
    ],
    [
        0.9988753795623779,
        -0.0185016430914402,
        0.04365614056587219,
        -0.29094329476356506,
        0.018708935007452965,
        0.9998155832290649,
        -0.0043444386683404446,
        -0.29977819323539734,
        -0.043567705899477005,
        0.005156314931809902,
        0.9990372061729431,
        1.485587239265442
    ],
    [
        0.9985297918319702,
        -0.02180548571050167,
        0.049625784158706665,
        -0.3109404444694519,
        0.022101741284132004,
        0.9997410178184509,
        -0.005428866483271122,
        -0.30306756496429443,
        -0.04949454590678215,
        0.00651770643889904,
        0.998753011226654,
        1.656551480293274
    ],
    [
        0.9981508851051331,
        -0.025215905159711838,
        0.05530865490436554,
        -0.3310708701610565,
        0.025616370141506195,
        0.9996504187583923,
        -0.006543478462845087,
        -0.30256137251853943,
        -0.05512432008981705,
        0.007948187179863453,
        0.9984479546546936,
        1.8283029794692993
    ],
    [
        0.9978116154670715,
        -0.02831152081489563,
        0.059752125293016434,
        -0.35080036520957947,
        0.02882211282849312,
        0.9995549321174622,
        -0.007700501941144466,
        -0.2995884120464325,
        -0.059507519006729126,
        0.00940583273768425,
        0.99818354845047,
        1.9996669292449951
    ],
    [
        0.9976548552513123,
        -0.02959604375064373,
        0.06171620264649391,
        -0.3672078847885132,
        0.03018825687468052,
        0.9995065927505493,
        -0.00868530198931694,
        -0.29672059416770935,
        -0.06142869219183922,
        0.010528038255870342,
        0.9980560541152954,
        2.1451661586761475
    ],
    [
        0.9975204467773438,
        -0.03077358566224575,
        0.06329188495874405,
        -0.3863748610019684,
        0.03143489360809326,
        0.999460756778717,
        -0.009479166008532047,
        -0.2943921387195587,
        -0.06296605616807938,
        0.011445237323641777,
        0.9979500770568848,
        2.312676191329956
    ],
    [
        0.9974399209022522,
        -0.03151167929172516,
        0.06419217586517334,
        -0.40479761362075806,
        0.03223586082458496,
        0.9994274377822876,
        -0.01027685683220625,
        -0.29371100664138794,
        -0.06383159756660461,
        0.012319834902882576,
        0.9978847503662109,
        2.476252794265747
    ],
    [
        0.9972829222679138,
        -0.03274952992796898,
        0.06598742306232452,
        -0.42341938614845276,
        0.0335690937936306,
        0.9993719458580017,
        -0.011349433101713657,
        -0.29322370886802673,
        -0.0655742883682251,
        0.013533733785152435,
        0.9977559447288513,
        2.6357297897338867
    ],
    [
        0.9971255660057068,
        -0.03443506732583046,
        0.067490354180336,
        -0.4406984746456146,
        0.03534519672393799,
        0.9992990493774414,
        -0.012337635271251202,
        -0.2942603826522827,
        -0.06701819598674774,
        0.014687630347907543,
        0.9976436495780945,
        2.7914788722991943
    ],
    [
        0.9969972372055054,
        -0.03543458133935928,
        0.06885431706905365,
        -0.4584062993526459,
        0.03643125295639038,
        0.9992479681968689,
        -0.013273350894451141,
        -0.2976602613925934,
        -0.06833221018314362,
        0.015741942450404167,
        0.9975384473800659,
        2.94482421875
    ],
    [
        0.9969597458839417,
        -0.03577180579304695,
        0.06922168284654617,
        -0.4726839065551758,
        0.03684144839644432,
        0.9992197155952454,
        -0.014237490482628345,
        -0.29945898056030273,
        -0.06865835934877396,
        0.016744431108236313,
        0.9974996447563171,
        3.0739622116088867
    ],
    [
        0.9969038367271423,
        -0.035756852477788925,
        0.07003066688776016,
        -0.4889737069606781,
        0.036875080317258835,
        0.9992111325263977,
        -0.014740209095180035,
        -0.3020060062408447,
        -0.06944835186004639,
        0.017276953905820847,
        0.9974359273910522,
        3.219433069229126
    ],
    [
        0.996936559677124,
        -0.03490959107875824,
        0.06999049335718155,
        -0.5058329105377197,
        0.036022868007421494,
        0.9992427229881287,
        -0.014707060530781746,
        -0.30393433570861816,
        -0.06942406296730042,
        0.01718326471745968,
        0.9974391460418701,
        3.3592002391815186
    ],
    [
        0.9970486164093018,
        -0.033514171838760376,
        0.06907101720571518,
        -0.5234989523887634,
        0.03461471572518349,
        0.9992911219596863,
        -0.014798460528254509,
        -0.3065076470375061,
        -0.06852609664201736,
        0.017145659774541855,
        0.9975019693374634,
        3.496713161468506
    ],
    [
        0.9970850944519043,
        -0.03241807222366333,
        0.06906851381063461,
        -0.5427411198616028,
        0.03350067138671875,
        0.9993324279785156,
        -0.014573725871741772,
        -0.3096695840358734,
        -0.06854994595050812,
        0.016845086589455605,
        0.9975053668022156,
        3.6313138008117676
    ],
    [
        0.9971218109130859,
        -0.030814142897725105,
        0.06927128881216049,
        -0.561909556388855,
        0.03186222165822983,
        0.9993931651115417,
        -0.014076133258640766,
        -0.31422969698905945,
        -0.06879548728466034,
        0.01624275930225849,
        0.9974985122680664,
        3.763061761856079
    ]
]