[
    [
        0.33117547631263733,
        0.13069434463977814,
        -0.9344740509986877,
        -0.19696161150932312,
        -0.09782081097364426,
        0.9897800087928772,
        0.10376189649105072,
        0.09544597566127777,
        0.9384848475456238,
        0.057047612965106964,
        0.34057551622390747,
        -0.19032958149909973
    ],
    [
        0.2667282819747925,
        0.13557718694210052,
        -0.9541879892349243,
        -0.1795423924922943,
        -0.09878256171941757,
        0.9886876344680786,
        0.11286599934101105,
        0.09238959103822708,
        0.9586960673332214,
        0.06415259838104248,
        0.27710363268852234,
        -0.18560534715652466
    ],
    [
        0.2053336501121521,
        0.13928933441638947,
        -0.9687294363975525,
        -0.16278184950351715,
        -0.0993502289056778,
        0.9876737594604492,
        0.12095481902360916,
        0.0894012302160263,
        0.973636269569397,
        0.07140738517045975,
        0.21664108335971832,
        -0.1825944483280182
    ],
    [
        0.14034457504749298,
        0.14377287030220032,
        -0.9796084761619568,
        -0.143647700548172,
        -0.09889300167560577,
        0.9864887595176697,
        0.13061462342739105,
        0.084894560277462,
        0.9851515293121338,
        0.07854536920785904,
        0.15266646444797516,
        -0.17953704297542572
    ],
    [
        0.09415967762470245,
        0.14731580018997192,
        -0.984597384929657,
        -0.1281142234802246,
        -0.0983547493815422,
        0.9855297207832336,
        0.13804937899112701,
        0.08102099597454071,
        0.9906867146492004,
        0.08384115248918533,
        0.10728636384010315,
        -0.17626875638961792
    ],
    [
        0.055215492844581604,
        0.15016065537929535,
        -0.9871184825897217,
        -0.11462094634771347,
        -0.09798441082239151,
        0.9846696853637695,
        0.14430727064609528,
        0.07823421061038971,
        0.9936549663543701,
        0.08875422924757004,
        0.06908243149518967,
        -0.1727772206068039
    ],
    [
        0.019504664465785027,
        0.15348049998283386,
        -0.9879591464996338,
        -0.10035195201635361,
        -0.09749464690685272,
        0.9837298393249512,
        0.15089869499206543,
        0.07533015310764313,
        0.9950448870658875,
        0.0933774933218956,
        0.03415084257721901,
        -0.16944779455661774
    ],
    [
        -0.0004985577543266118,
        0.1550910919904709,
        -0.9879000186920166,
        -0.09151042252779007,
        -0.09721573442220688,
        0.9832132458686829,
        0.1544043868780136,
        0.07345085591077805,
        0.9952632188796997,
        0.09611640870571136,
        0.014587107114493847,
        -0.1657256931066513
    ],
    [
        -0.015869446098804474,
        0.1566985845565796,
        -0.9875189661979675,
        -0.08337948471307755,
        -0.09725519269704819,
        0.982718288898468,
        0.15749973058700562,
        0.07124033570289612,
        0.9951329827308655,
        0.0985407754778862,
        -0.00035544289858080447,
        -0.16111141443252563
    ],
    [
        -0.024847600609064102,
        0.15806105732917786,
        -0.9871166348457336,
        -0.07961901277303696,
        -0.09735313057899475,
        0.982345700263977,
        0.1597476750612259,
        0.06896208971738815,
        0.9949397444725037,
        0.10006824135780334,
        -0.009021195583045483,
        -0.15708258748054504
    ],
    [
        -0.03310167416930199,
        0.15889796614646912,
        -0.986739993095398,
        -0.07767505943775177,
        -0.09737072139978409,
        0.9820716977119446,
        0.16141265630722046,
        0.06745858490467072,
        0.9946974515914917,
        0.10142260789871216,
        -0.017036212608218193,
        -0.15182994306087494
    ],
    [
        -0.04089422523975372,
        0.15954488515853882,
        -0.986343264579773,
        -0.07694587111473083,
        -0.09722243249416351,
        0.9818493127822876,
        0.16284886002540588,
        0.06558992713689804,
        0.9944221377372742,
        0.10255427658557892,
        -0.024640627205371857,
        -0.14237892627716064
    ],
    [
        -0.0459597148001194,
        0.15983325242996216,
        -0.9860736131668091,
        -0.07981251925230026,
        -0.096977598965168,
        0.9817401766777039,
        0.16365084052085876,
        0.06376266479492188,
        0.9942249059677124,
        0.10314839333295822,
        -0.029620252549648285,
        -0.1314074844121933
    ],
    [
        -0.050921350717544556,
        0.16055621206760406,
        -0.9857122302055359,
        -0.08409209549427032,
        -0.09670636802911758,
        0.9815618991851807,
        0.16487598419189453,
        0.06097407639026642,
        0.9940094947814941,
        0.10372036695480347,
        -0.03445565328001976,
        -0.1174173429608345
    ],
    [
        -0.05284867063164711,
        0.16173715889453888,
        -0.9854177236557007,
        -0.09238310158252716,
        -0.09649612009525299,
        0.9813516736030579,
        0.16624492406845093,
        0.05801648274064064,
        0.9939294457435608,
        0.1038748100399971,
        -0.036256127059459686,
        -0.09752152860164642
    ],
    [
        -0.05460235849022865,
        0.16129527986049652,
        -0.9853945970535278,
        -0.1065666526556015,
        -0.09616221487522125,
        0.9814301133155823,
        0.16597487032413483,
        0.059200920164585114,
        0.9938668608665466,
        0.10382033884525299,
        -0.03807789459824562,
        -0.07724908739328384
    ],
    [
        -0.05530579388141632,
        0.16299176216125488,
        -0.9850761294364929,
        -0.13073505461215973,
        -0.0957595705986023,
        0.981172502040863,
        0.16772213578224182,
        0.059119999408721924,
        0.9938668608665466,
        0.1036064624786377,
        -0.03865650296211243,
        -0.045895207673311234
    ],
    [
        -0.0559178963303566,
        0.16393712162971497,
        -0.9848846197128296,
        -0.15367944538593292,
        -0.09603819996118546,
        0.9809709787368774,
        0.16873835027217865,
        0.05782207101583481,
        0.9938057661056519,
        0.1040220558643341,
        -0.03910960257053375,
        -0.012733744457364082
    ],
    [
        -0.0565461665391922,
        0.16520896553993225,
        -0.9846361875534058,
        -0.18087147176265717,
        -0.09534210711717606,
        0.9808136224746704,
        0.17004291713237762,
        0.0547957718372345,
        0.9938371777534485,
        0.10349256545305252,
        -0.03970987722277641,
        0.025680871680378914
    ],
    [
        -0.05748608708381653,
        0.16516044735908508,
        -0.9845899343490601,
        -0.21580494940280914,
        -0.094208262860775,
        0.9809226989746094,
        0.17004570364952087,
        0.04936983063817024,
        0.9938913583755493,
        0.10253177583217621,
        -0.04082992672920227,
        0.07422873377799988
    ],
    [
        -0.057195015251636505,
        0.16589762270450592,
        -0.9844829440116882,
        -0.24156391620635986,
        -0.09421500563621521,
        0.9807994961738586,
        0.1707504689693451,
        0.043884627521038055,
        0.9939075112342834,
        0.10251913219690323,
        -0.040466804057359695,
        0.11275657266378403
    ],
    [
        -0.05856269598007202,
        0.16533823311328888,
        -0.9844967126846313,
        -0.2680905759334564,
        -0.0935986116528511,
        0.9809355139732361,
        0.17030787467956543,
        0.03935743123292923,
        0.9938862323760986,
        0.10212119668722153,
        -0.04197079688310623,
        0.1497521549463272
    ],
    [
        -0.060414623469114304,
        0.16524305939674377,
        -0.9844006896018982,
        -0.3027331531047821,
        -0.09377465397119522,
        0.9809008240699768,
        0.17041072249412537,
        0.039095439016819,
        0.9937586784362793,
        0.10260713845491409,
        -0.04376513883471489,
        0.1968725621700287
    ],
    [
        -0.061651766300201416,
        0.165549635887146,
        -0.9842724800109863,
        -0.33467409014701843,
        -0.0935271754860878,
        0.9808511734008789,
        0.17083241045475006,
        0.040624525398015976,
        0.9937060475349426,
        0.10258835554122925,
        -0.044987816363573074,
        0.24379171431064606
    ],
    [
        -0.0622083880007267,
        0.16621184349060059,
        -0.9841259717941284,
        -0.37475013732910156,
        -0.09327183663845062,
        0.9807523488998413,
        0.17153795063495636,
        0.03778459504246712,
        0.9936953783035278,
        0.10246232897043228,
        -0.045508138835430145,
        0.30651286244392395
    ]
]