[
    [
        0.9990018606185913,
        0.03914010524749756,
        0.021528298035264015,
        -0.14380782842636108,
        -0.04028322175145149,
        0.9976450204849243,
        0.05551212280988693,
        -0.3408049941062927,
        -0.019304852932691574,
        -0.05632394179701805,
        0.9982258677482605,
        -0.3240557014942169
    ],
    [
        0.9988005757331848,
        0.045949582010507584,
        0.016919104382395744,
        -0.15137623250484467,
        -0.04668353870511055,
        0.9978548288345337,
        0.04589659348130226,
        -0.3536017835140228,
        -0.014773880131542683,
        -0.046631380915641785,
        0.998802900314331,
        -0.33084404468536377
    ],
    [
        0.9985601902008057,
        0.05281588435173035,
        0.009376101195812225,
        -0.15936914086341858,
        -0.0531248077750206,
        0.9979204535484314,
        0.036504290997982025,
        -0.3707271218299866,
        -0.007428597193211317,
        -0.03694983571767807,
        0.9992895126342773,
        -0.3392544984817505
    ],
    [
        0.9983373284339905,
        0.05763237923383713,
        0.0010576776694506407,
        -0.16636072099208832,
        -0.05763916298747063,
        0.9979342222213745,
        0.028376232832670212,
        -0.38726747035980225,
        0.0005798974889330566,
        -0.028390010818839073,
        0.9995967745780945,
        -0.3473873734474182
    ],
    [
        0.9981347918510437,
        0.06068969890475273,
        -0.006626508664339781,
        -0.1739160716533661,
        -0.06054508313536644,
        0.997961163520813,
        0.020194577053189278,
        -0.4028363823890686,
        0.007838601246476173,
        -0.019755706191062927,
        0.999774158000946,
        -0.3550974726676941
    ],
    [
        0.9979511499404907,
        0.06244691088795662,
        -0.013922386802732944,
        -0.18098433315753937,
        -0.06228407844901085,
        0.997988224029541,
        0.011837762780487537,
        -0.4189275801181793,
        0.014633611775934696,
        -0.010946366935968399,
        0.9998329877853394,
        -0.3629370331764221
    ],
    [
        0.9977902770042419,
        0.06316408514976501,
        -0.020617423579096794,
        -0.18818283081054688,
        -0.06312379986047745,
        0.9980023503303528,
        0.002599363448098302,
        -0.43553441762924194,
        0.02074042148888111,
        -0.0012921687448397279,
        0.9997840523719788,
        -0.3708451986312866
    ],
    [
        0.9976705312728882,
        0.06324063986539841,
        -0.025577068328857422,
        -0.19436906278133392,
        -0.06339134275913239,
        0.9979755878448486,
        -0.005123854149132967,
        -0.45017603039741516,
        0.025201255455613136,
        0.0067332834005355835,
        0.9996597766876221,
        -0.3770621418952942
    ],
    [
        0.9975159168243408,
        0.06300245970487595,
        -0.031507935374975204,
        -0.20239418745040894,
        -0.06349147856235504,
        0.9978731274604797,
        -0.014767652377486229,
        -0.4708167016506195,
        0.030510522425174713,
        0.01673145219683647,
        0.999394416809082,
        -0.38460126519203186
    ],
    [
        0.997314989566803,
        0.06286108493804932,
        -0.037566207349300385,
        -0.2097751945257187,
        -0.06379830092191696,
        0.997667133808136,
        -0.024292005226016045,
        -0.4939035177230835,
        0.03595154732465744,
        0.026623442769050598,
        0.9989989399909973,
        -0.392581969499588
    ],
    [
        0.9970988631248474,
        0.062126580625772476,
        -0.0439799539744854,
        -0.21648657321929932,
        -0.0637119933962822,
        0.9973326921463013,
        -0.035613447427749634,
        -0.5156590938568115,
        0.04165010526776314,
        0.03831217437982559,
        0.9983975291252136,
        -0.4001636505126953
    ],
    [
        0.9968568682670593,
        0.06148187816143036,
        -0.04996401444077492,
        -0.22383785247802734,
        -0.06392321735620499,
        0.9967595338821411,
        -0.04882795363664627,
        -0.5363453030586243,
        0.04680008068680763,
        0.051868341863155365,
        0.9975566864013672,
        -0.40822288393974304
    ],
    [
        0.996528685092926,
        0.060772381722927094,
        -0.05689596012234688,
        -0.2289922833442688,
        -0.0643158033490181,
        0.9959598183631897,
        -0.06267055124044418,
        -0.5586827993392944,
        0.05285744369029999,
        0.06611231714487076,
        0.996411144733429,
        -0.4170832633972168
    ],
    [
        0.9962068200111389,
        0.06069447845220566,
        -0.06235421076416969,
        -0.2329462617635727,
        -0.06532979011535645,
        0.995025634765625,
        -0.07520616054534912,
        -0.5756500363349915,
        0.05747944489121437,
        0.07899447530508041,
        0.9952166080474854,
        -0.4239917993545532
    ],
    [
        0.9957588315010071,
        0.06112649664282799,
        -0.06876081228256226,
        -0.23823967576026917,
        -0.06733377277851105,
        0.9934883117675781,
        -0.09190905094146729,
        -0.5959221720695496,
        0.0626949891448021,
        0.09614916890859604,
        0.9933904409408569,
        -0.4329625368118286
    ],
    [
        0.9952712655067444,
        0.061994291841983795,
        -0.07477778196334839,
        -0.24411046504974365,
        -0.06996515393257141,
        0.9915579557418823,
        -0.10916853696107864,
        -0.6148508787155151,
        0.06737866997718811,
        0.11388415098190308,
        0.9912065863609314,
        -0.441794216632843
    ],
    [
        0.9946685433387756,
        0.06314580887556076,
        -0.08152957260608673,
        -0.2487860918045044,
        -0.07320595532655716,
        0.989201545715332,
        -0.1269688606262207,
        -0.6310474872589111,
        0.07263161987066269,
        0.13226039707660675,
        0.9885503649711609,
        -0.4504125416278839
    ],
    [
        0.9939871430397034,
        0.06443469226360321,
        -0.08853201568126678,
        -0.25335565209388733,
        -0.07678788900375366,
        0.9865816235542297,
        -0.14408452808856964,
        -0.6459842920303345,
        0.07806001603603363,
        0.15001633763313293,
        0.9855970740318298,
        -0.4592125713825226
    ],
    [
        0.9932122230529785,
        0.06582071632146835,
        -0.09590063244104385,
        -0.2571573853492737,
        -0.08068442344665527,
        0.9837426543235779,
        -0.16043806076049805,
        -0.6596924662590027,
        0.083781398832798,
        0.16708672046661377,
        0.9823760390281677,
        -0.4683515429496765
    ],
    [
        0.9926260113716125,
        0.06658189743757248,
        -0.10129453241825104,
        -0.2606338858604431,
        -0.08351463079452515,
        0.9813095927238464,
        -0.17336899042129517,
        -0.668899655342102,
        0.08785806596279144,
        0.18055015802383423,
        0.9796338677406311,
        -0.4750489294528961
    ],
    [
        0.9919202327728271,
        0.06705908477306366,
        -0.10769118368625641,
        -0.2642890512943268,
        -0.08662153780460358,
        0.9782016277313232,
        -0.1887279897928238,
        -0.6797330379486084,
        0.09268777072429657,
        0.1965315043926239,
        0.9761066436767578,
        -0.48276087641716003
    ],
    [
        0.9913384318351746,
        0.0669563040137291,
        -0.11298253387212753,
        -0.26799166202545166,
        -0.08900311589241028,
        0.9751128554344177,
        -0.20306016504764557,
        -0.6905073523521423,
        0.09657455235719681,
        0.21135713160037994,
        0.9726260900497437,
        -0.48986905813217163
    ],
    [
        0.9908474087715149,
        0.06659217923879623,
        -0.11741726100444794,
        -0.2714328169822693,
        -0.09100285917520523,
        0.9719899296760559,
        -0.21668903529644012,
        -0.7004638910293579,
        0.09969860315322876,
        0.22539108991622925,
        0.9691537022590637,
        -0.4959140121936798
    ],
    [
        0.990389883518219,
        0.06605783849954605,
        -0.12150785326957703,
        -0.27384674549102783,
        -0.09276031702756882,
        0.9689211845397949,
        -0.22931887209415436,
        -0.7098628878593445,
        0.10258322209119797,
        0.23838619887828827,
        0.9657373428344727,
        -0.5007855296134949
    ],
    [
        0.9899433851242065,
        0.06553132832050323,
        -0.12537039816379547,
        -0.27613595128059387,
        -0.09445741027593613,
        0.9659281969070435,
        -0.24095740914344788,
        -0.7180424928665161,
        0.10530856251716614,
        0.2503763735294342,
        0.9624041318893433,
        -0.5048023462295532
    ]
]