[
    [
        0.9998797178268433,
        -0.014879784546792507,
        0.0043684206902980804,
        -1.0674725770950317,
        0.014977492392063141,
        0.9996173977851868,
        -0.023255547508597374,
        0.13347306847572327,
        -0.004020732827484608,
        0.023318180814385414,
        0.9997199773788452,
        -0.23232583701610565
    ],
    [
        0.9994773268699646,
        -0.012386457994580269,
        -0.0298604816198349,
        -1.2092403173446655,
        0.01171097531914711,
        0.9996739029884338,
        -0.022691085934638977,
        0.14428824186325073,
        0.030131801962852478,
        0.022329527884721756,
        0.9992964863777161,
        -0.1640481799840927
    ],
    [
        0.997879147529602,
        -0.01128329522907734,
        -0.06410811096429825,
        -1.3585017919540405,
        0.009661958552896976,
        0.9996271133422852,
        -0.02554474212229252,
        0.15127088129520416,
        0.06437242776155472,
        0.024871155619621277,
        0.9976159334182739,
        -0.07752704620361328
    ],
    [
        0.995341956615448,
        -0.01079745776951313,
        -0.09579960256814957,
        -1.4961003065109253,
        0.00824417732656002,
        0.9996013641357422,
        -0.027008282020688057,
        0.14253287017345428,
        0.09605301171541214,
        0.026092693209648132,
        0.9950342774391174,
        0.012508608400821686
    ],
    [
        0.9925013780593872,
        -0.009646947495639324,
        -0.12185245752334595,
        -1.6277154684066772,
        0.006534823682159185,
        0.9996427893638611,
        -0.02591392770409584,
        0.13811977207660675,
        0.1220589429140091,
        0.024923324584960938,
        0.9922099113464355,
        0.0899156779050827
    ],
    [
        0.9895118474960327,
        -0.008402816019952297,
        -0.14420770108699799,
        -1.7511804103851318,
        0.004292796831578016,
        0.9995763301849365,
        -0.028788099065423012,
        0.13830795884132385,
        0.14438849687576294,
        0.02786710485816002,
        0.9891287088394165,
        0.1530226320028305
    ],
    [
        0.9866358637809753,
        -0.007399232126772404,
        -0.16277271509170532,
        -1.8763190507888794,
        0.002666959771886468,
        0.9995678067207336,
        -0.029272209852933884,
        0.13732682168483734,
        0.16291898488998413,
        0.028446905314922333,
        0.9862293004989624,
        0.20497475564479828
    ],
    [
        0.9843851327896118,
        -0.006577626336365938,
        -0.17590461671352386,
        -2.014212131500244,
        0.001401750836521387,
        0.9995627403259277,
        -0.02953239157795906,
        0.13745224475860596,
        0.1760219931602478,
        0.02882467396557331,
        0.9839641451835632,
        0.24593937397003174
    ],
    [
        0.9826751947402954,
        -0.006571345031261444,
        -0.18521945178508759,
        -2.1640548706054688,
        0.0008942391723394394,
        0.9995276927947998,
        -0.030717598274350166,
        0.14454391598701477,
        0.18533383309841156,
        0.030019793659448624,
        0.982217013835907,
        0.2824183702468872
    ],
    [
        0.9812597036361694,
        -0.005872901529073715,
        -0.19260059297084808,
        -2.3110501766204834,
        -0.00016131401935126632,
        0.9995101094245911,
        -0.03129954636096954,
        0.15059953927993774,
        0.19269002974033356,
        0.030744051560759544,
        0.9807778596878052,
        0.31566858291625977
    ],
    [
        0.9795640707015991,
        -0.006533192005008459,
        -0.20102675259113312,
        -2.4492578506469727,
        -8.248728408943862e-05,
        0.9994591474533081,
        -0.03288348391652107,
        0.1510346680879593,
        0.2011328786611557,
        0.032228052616119385,
        0.9790336489677429,
        0.348825067281723
    ],
    [
        0.9775865077972412,
        -0.00555808050557971,
        -0.21046051383018494,
        -2.5808982849121094,
        -0.001256361254490912,
        0.9994796514511108,
        -0.03223120793700218,
        0.1527448445558548,
        0.2105301022529602,
        0.03177320584654808,
        0.9770709872245789,
        0.3842207193374634
    ],
    [
        0.9753993153572083,
        -0.006712731905281544,
        -0.22034336626529694,
        -2.736015796661377,
        -0.0005862546968273818,
        0.9994536638259888,
        -0.03304341062903404,
        0.15549640357494354,
        0.22044476866722107,
        0.03235970437526703,
        0.9748625755310059,
        0.43570661544799805
    ],
    [
        0.9742720723152161,
        -0.006790145765990019,
        -0.2252729833126068,
        -2.8675918579101562,
        -0.0008449951419606805,
        0.9994290471076965,
        -0.03377910703420639,
        0.14983856678009033,
        0.22537368535995483,
        0.033100396394729614,
        0.9737099409103394,
        0.48721975088119507
    ],
    [
        0.9737488031387329,
        -0.007329612039029598,
        -0.22750727832317352,
        -2.982133388519287,
        -0.0007498972699977458,
        0.999372661113739,
        -0.035406455397605896,
        0.14289627969264984,
        0.2276240885257721,
        0.03464759886264801,
        0.9731324911117554,
        0.5342562198638916
    ],
    [
        0.9736832976341248,
        -0.007863503880798817,
        -0.2277698963880539,
        -3.0895495414733887,
        -0.00047855303273536265,
        0.9993318915367126,
        -0.036546558141708374,
        0.12924914062023163,
        0.22790510952472687,
        0.03569377213716507,
        0.9730289578437805,
        0.579741895198822
    ],
    [
        0.9736943244934082,
        -0.007840432226657867,
        -0.22772341966629028,
        -3.2054388523101807,
        -0.00031751507776789367,
        0.9993601441383362,
        -0.03576523810625076,
        0.11541539430618286,
        0.22785814106464386,
        0.034896716475486755,
        0.9730687737464905,
        0.6249298453330994
    ],
    [
        0.9738478660583496,
        -0.007496537175029516,
        -0.22707749903202057,
        -3.3296144008636475,
        -0.0008062325650826097,
        0.9993351697921753,
        -0.03644880652427673,
        0.09941235929727554,
        0.2271997630596161,
        0.035678669810295105,
        0.973194420337677,
        0.6677387952804565
    ],
    [
        0.9753421545028687,
        -0.007493746001273394,
        -0.22057119011878967,
        -3.458871841430664,
        -0.0006224096287041903,
        0.9993260502815247,
        -0.036703601479530334,
        0.0934755802154541,
        0.22069747745990753,
        0.03593585267663002,
        0.9746800661087036,
        0.7073947191238403
    ],
    [
        0.9786802530288696,
        -0.00837753526866436,
        -0.20521849393844604,
        -3.576629161834717,
        0.0008663010667078197,
        0.9993271827697754,
        -0.036663707345724106,
        0.08475496619939804,
        0.20538760721683502,
        0.035704270005226135,
        0.9780292510986328,
        0.7461332678794861
    ],
    [
        0.9832648038864136,
        -0.010013902559876442,
        -0.18190670013427734,
        -3.65527081489563,
        0.003415339859202504,
        0.9993259310722351,
        -0.03655153140425682,
        0.0754174217581749,
        0.18215006589889526,
        0.035318560898303986,
        0.9826363325119019,
        0.7804968357086182
    ],
    [
        0.9873647689819336,
        -0.011736531741917133,
        -0.15802867710590363,
        -3.703387498855591,
        0.0063299741595983505,
        0.9993786215782166,
        -0.03467246890068054,
        0.06890130788087845,
        0.15833742916584015,
        0.03323405981063843,
        0.9868255257606506,
        0.8217496871948242
    ],
    [
        0.9906197786331177,
        -0.013276643119752407,
        -0.13600021600723267,
        -3.752708673477173,
        0.00878528505563736,
        0.9993977546691895,
        -0.03357180580496788,
        0.06364434212446213,
        0.13636405766010284,
        0.032062094658613205,
        0.9901397824287415,
        0.8616334199905396
    ],
    [
        0.9934289455413818,
        -0.0157481636852026,
        -0.11336193978786469,
        -3.809809923171997,
        0.012175154872238636,
        0.9994091987609863,
        -0.03214224427938461,
        0.0520496740937233,
        0.11380115151405334,
        0.03055083379149437,
        0.993033766746521,
        0.9085025787353516
    ],
    [
        0.998046875,
        -0.020504053682088852,
        -0.059007637202739716,
        -3.922844171524048,
        0.018654879182577133,
        0.9993226528167725,
        -0.031719956547021866,
        0.02037007361650467,
        0.05961807817220688,
        0.03055722638964653,
        0.9977534413337708,
        1.0154120922088623
    ]
]