[
    [
        0.994750440120697,
        0.004676518961787224,
        0.10222317278385162,
        -0.013652152381837368,
        -0.0037880318704992533,
        0.9999533891677856,
        -0.008884022943675518,
        -0.034914761781692505,
        -0.10225994884967804,
        0.00845016073435545,
        0.9947218894958496,
        0.20103462040424347
    ],
    [
        0.9924607276916504,
        0.004105654079467058,
        0.12249403446912766,
        -0.017733393236994743,
        -0.0029907834250479937,
        0.9999523758888245,
        -0.009283906780183315,
        -0.04006262123584747,
        -0.12252631783485413,
        0.008847560733556747,
        0.992425799369812,
        0.23968906700611115
    ],
    [
        0.9898622035980225,
        0.0035628783516585827,
        0.1419863998889923,
        -0.021387794986367226,
        -0.002282114466652274,
        0.9999552965164185,
        -0.009182150475680828,
        -0.046973660588264465,
        -0.14201277494430542,
        0.008765033446252346,
        0.989825963973999,
        0.2792637050151825
    ],
    [
        0.9867489337921143,
        0.0034737740643322468,
        0.16221696138381958,
        -0.023874793201684952,
        -0.0018863786244764924,
        0.9999488592147827,
        -0.009938632138073444,
        -0.05511198192834854,
        -0.16224318742752075,
        0.00950093287974596,
        0.9867050051689148,
        0.31614595651626587
    ],
    [
        0.9829031825065613,
        0.003084219293668866,
        0.18409717082977295,
        -0.02573433145880699,
        -0.0012470369692891836,
        0.999948263168335,
        -0.010094359517097473,
        -0.06417489051818848,
        -0.18411876261234283,
        0.009692203253507614,
        0.9828562140464783,
        0.3495956063270569
    ],
    [
        0.9785515666007996,
        0.0023269096855074167,
        0.2059888392686844,
        -0.02660905383527279,
        -0.00041769002564251423,
        0.9999565482139587,
        -0.00931155402213335,
        -0.07426494359970093,
        -0.20600159466266632,
        0.009025796316564083,
        0.9785100221633911,
        0.38039588928222656
    ],
    [
        0.97151780128479,
        0.0013231581542640924,
        0.23696273565292358,
        -0.026921169832348824,
        0.0012465390609577298,
        0.9999420046806335,
        -0.010694154538214207,
        -0.08869937062263489,
        -0.23696313798427582,
        0.010684945620596409,
        0.9714598059654236,
        0.42361506819725037
    ],
    [
        0.9666587114334106,
        0.0008458336815237999,
        0.25606679916381836,
        -0.024037884548306465,
        0.002272198675200343,
        0.9999268054962158,
        -0.011880542151629925,
        -0.09668058902025223,
        -0.25605812668800354,
        0.012066264636814594,
        0.9665860533714294,
        0.45146840810775757
    ],
    [
        0.961423933506012,
        0.0005987667245790362,
        0.2750704288482666,
        -0.019245237112045288,
        0.002992503345012665,
        0.9999156594276428,
        -0.012635966762900352,
        -0.10318713635206223,
        -0.27505478262901306,
        0.012971670366823673,
        0.9613410234451294,
        0.4782319664955139
    ],
    [
        0.9557238817214966,
        3.238859790144488e-05,
        0.29426494240760803,
        -0.013303076848387718,
        0.003911687061190605,
        0.9999102354049683,
        -0.012814573012292385,
        -0.10842964798212051,
        -0.2942389249801636,
        0.013398266397416592,
        0.9556379318237305,
        0.5031983852386475
    ],
    [
        0.9503223299980164,
        -0.0005600248696282506,
        0.31126710772514343,
        -0.008300801739096642,
        0.0047262865118682384,
        0.9999091029167175,
        -0.012630699202418327,
        -0.11146410554647446,
        -0.31123173236846924,
        0.013474373146891594,
        0.9502385258674622,
        0.5289498567581177
    ],
    [
        0.9450998306274414,
        -0.0012710579903796315,
        0.3267792761325836,
        -0.0025482408236712217,
        0.00558087695389986,
        0.9999093413352966,
        -0.01225152425467968,
        -0.11356329917907715,
        -0.3267340362071991,
        0.013402626849710941,
        0.945021390914917,
        0.55537348985672
    ],
    [
        0.9376638531684875,
        -0.0021627885289490223,
        0.3475366532802582,
        0.006299769040197134,
        0.007087110076099634,
        0.9998917579650879,
        -0.012898709625005722,
        -0.11572013795375824,
        -0.34747108817100525,
        0.014557684771716595,
        0.9375777244567871,
        0.5956658124923706
    ],
    [
        0.9328784346580505,
        -0.0027471252251416445,
        0.3601810038089752,
        0.013707214966416359,
        0.008134385570883751,
        0.9998766183853149,
        -0.013442150317132473,
        -0.11717728525400162,
        -0.3600996434688568,
        0.015469742938876152,
        0.9327855706214905,
        0.6221828460693359
    ],
    [
        0.9283285737037659,
        -0.003463427536189556,
        0.3717445135116577,
        0.022214215248823166,
        0.008925626054406166,
        0.9998760223388672,
        -0.012973740696907043,
        -0.11947046220302582,
        -0.37165340781211853,
        0.015361947938799858,
        0.928244411945343,
        0.6477859616279602
    ],
    [
        0.923406183719635,
        -0.0038577746599912643,
        0.3838047385215759,
        0.03140559047460556,
        0.009517433121800423,
        0.9998721480369568,
        -0.012848133221268654,
        -0.12209932506084442,
        -0.38370615243911743,
        0.015516882762312889,
        0.9233248829841614,
        0.6740341782569885
    ],
    [
        0.9189727902412415,
        -0.004261567257344723,
        0.39429792761802673,
        0.04062950238585472,
        0.01026927400380373,
        0.9998611211776733,
        -0.01312765758484602,
        -0.12537609040737152,
        -0.39418724179267883,
        0.01611311174929142,
        0.9188889265060425,
        0.6998697519302368
    ],
    [
        0.9151460528373718,
        -0.004622416105121374,
        0.40309587121009827,
        0.05026201158761978,
        0.010659171268343925,
        0.9998620748519897,
        -0.012733740732073784,
        -0.1284211277961731,
        -0.4029814302921295,
        0.015949901193380356,
        0.915069043636322,
        0.7223221659660339
    ],
    [
        0.9094610214233398,
        -0.005313131958246231,
        0.4157552421092987,
        0.06304037570953369,
        0.011360264383256435,
        0.9998626112937927,
        -0.012072766199707985,
        -0.13245534896850586,
        -0.4156339764595032,
        0.015702800825238228,
        0.9093964099884033,
        0.749923050403595
    ],
    [
        0.906448245048523,
        -0.005837824195623398,
        0.4222766160964966,
        0.07033651322126389,
        0.011882657185196877,
        0.9998611211776733,
        -0.011684284545481205,
        -0.13500364124774933,
        -0.42214974761009216,
        0.01560896635055542,
        0.9063916802406311,
        0.7653110027313232
    ],
    [
        0.9041375517845154,
        -0.006069183349609375,
        0.42719852924346924,
        0.07760900259017944,
        0.012380360625684261,
        0.999851405620575,
        -0.011997387744486332,
        -0.13711091876029968,
        -0.4270622134208679,
        0.016136160120368004,
        0.9040781855583191,
        0.7789716124534607
    ],
    [
        0.9021584987640381,
        -0.006213400512933731,
        0.4313598871231079,
        0.0847087949514389,
        0.012864689342677593,
        0.9998390674591064,
        -0.012503687292337418,
        -0.13900429010391235,
        -0.43121275305747986,
        0.01682961918413639,
        0.9020932912826538,
        0.7915669083595276
    ],
    [
        0.9000353217124939,
        -0.006228555925190449,
        0.4357723593711853,
        0.09051360934972763,
        0.013190366327762604,
        0.999829113483429,
        -0.012952413409948349,
        -0.13928617537021637,
        -0.43561720848083496,
        0.01740562915802002,
        0.8999637365341187,
        0.8036267161369324
    ],
    [
        0.8984552621841431,
        -0.006428310181945562,
        0.43901801109313965,
        0.09568013995885849,
        0.013408644124865532,
        0.9998281598091125,
        -0.012800980359315872,
        -0.139374241232872,
        -0.43886029720306396,
        0.017387742176651955,
        0.8983870148658752,
        0.8146235942840576
    ],
    [
        0.8965898156166077,
        -0.006211986765265465,
        0.44281840324401855,
        0.10139597952365875,
        0.013718117028474808,
        0.9998113512992859,
        -0.013749898411333561,
        -0.13930441439151764,
        -0.4426494836807251,
        0.01840265467762947,
        0.8965058326721191,
        0.8283937573432922
    ]
]