[
    [
        0.999127984046936,
        0.007362357806414366,
        0.041097719222307205,
        -0.08224853873252869,
        -0.007028140127658844,
        0.9999411106109619,
        -0.00827081874012947,
        -0.10680601745843887,
        -0.041156187653541565,
        0.00797476526349783,
        0.9991208910942078,
        0.19830115139484406
    ],
    [
        0.9984320402145386,
        0.004973786883056164,
        0.055757682770490646,
        -0.10744614899158478,
        -0.0046436539851129055,
        0.9999709129333496,
        -0.006048843264579773,
        -0.12709051370620728,
        -0.055786143988370895,
        0.005780438892543316,
        0.998426079750061,
        0.25885868072509766
    ],
    [
        0.9976425170898438,
        0.001280329772271216,
        0.06861241906881332,
        -0.13096313178539276,
        -0.0011970772175118327,
        0.9999985098838806,
        -0.0012544798664748669,
        -0.14480294287204742,
        -0.0686139240860939,
        0.0011693884152919054,
        0.9976426959037781,
        0.32951441407203674
    ],
    [
        0.9963783621788025,
        -0.00566093297675252,
        0.08484160900115967,
        -0.15614180266857147,
        0.0053435214795172215,
        0.9999778270721436,
        0.003967851400375366,
        -0.16632002592086792,
        -0.08486218750476837,
        -0.003500128397718072,
        0.9963866472244263,
        0.42320895195007324
    ],
    [
        0.9948118925094604,
        -0.011316138319671154,
        0.10109970718622208,
        -0.17853914201259613,
        0.010538836941123009,
        0.9999105930328369,
        0.00821929331868887,
        -0.1826261729001999,
        -0.1011836901307106,
        -0.007111177314072847,
        0.9948424696922302,
        0.5056270956993103
    ],
    [
        0.992577075958252,
        -0.015382434241473675,
        0.12064071744680405,
        -0.21055249869823456,
        0.014057696796953678,
        0.9998312592506409,
        0.01182429026812315,
        -0.19400081038475037,
        -0.12080224603414536,
        -0.0100405877456069,
        0.9926257729530334,
        0.606838047504425
    ],
    [
        0.9900918006896973,
        -0.014786598272621632,
        0.13964058458805084,
        -0.24550123512744904,
        0.013029588386416435,
        0.9998241662979126,
        0.013488256372511387,
        -0.1924043446779251,
        -0.13981546461582184,
        -0.011535153724253178,
        0.990110456943512,
        0.6948549151420593
    ],
    [
        0.9862461090087891,
        -0.011158237233757973,
        0.16490650177001953,
        -0.2938533425331116,
        0.009069747291505337,
        0.9998689293861389,
        0.013412268832325935,
        -0.19035878777503967,
        -0.16503453254699707,
        -0.011732138693332672,
        0.9862180352210999,
        0.804385781288147
    ],
    [
        0.981890857219696,
        -0.010561440140008926,
        0.18915314972400665,
        -0.3264831304550171,
        0.008673157542943954,
        0.9999039769172668,
        0.01080781314522028,
        -0.19140608608722687,
        -0.18924914300441742,
        -0.008971537463366985,
        0.9818881154060364,
        0.8936917781829834
    ],
    [
        0.9757751226425171,
        -0.01500834058970213,
        0.21826082468032837,
        -0.3535436689853668,
        0.014082440175116062,
        0.9998840689659119,
        0.0057972208596765995,
        -0.18903391063213348,
        -0.2183225154876709,
        -0.0025831391103565693,
        0.9758732914924622,
        0.9989244937896729
    ],
    [
        0.9701085090637207,
        -0.021330760791897774,
        0.24173212051391602,
        -0.36602047085762024,
        0.02155575156211853,
        0.9997662305831909,
        0.0017141221323981881,
        -0.18410620093345642,
        -0.24171216785907745,
        0.0035478323698043823,
        0.9703415036201477,
        1.0878193378448486
    ],
    [
        0.9615901112556458,
        -0.02974296733736992,
        0.27287304401397705,
        -0.3701251745223999,
        0.03135180473327637,
        0.9995072484016418,
        -0.0015365462750196457,
        -0.18349523842334747,
        -0.27269288897514343,
        0.010032589547336102,
        0.9620488882064819,
        1.1960850954055786
    ],
    [
        0.9535427689552307,
        -0.03927429020404816,
        0.29868629574775696,
        -0.3621566891670227,
        0.042001768946647644,
        0.999113917350769,
        -0.0027152227703481913,
        -0.18137481808662415,
        -0.2983149588108063,
        0.015134435147047043,
        0.9543474316596985,
        1.2883306741714478
    ],
    [
        0.9457489848136902,
        -0.049249302595853806,
        0.32114386558532715,
        -0.34654587507247925,
        0.052973028272390366,
        0.9985918402671814,
        -0.0028623859398066998,
        -0.17264187335968018,
        -0.3205506205558777,
        0.01971905678510666,
        0.9470260739326477,
        1.3835891485214233
    ],
    [
        0.9360496401786804,
        -0.059610914438962936,
        0.3467816114425659,
        -0.31895604729652405,
        0.06269446015357971,
        0.9980300664901733,
        0.002331034280359745,
        -0.1511003077030182,
        -0.346237450838089,
        0.01955932006239891,
        0.9379429817199707,
        1.5050214529037476
    ],
    [
        0.9287348985671997,
        -0.06453000754117966,
        0.3650853931903839,
        -0.2951682507991791,
        0.06715081632137299,
        0.9977275729179382,
        0.005527630914002657,
        -0.1332850307226181,
        -0.3646124303340912,
        0.01938207633793354,
        0.930957555770874,
        1.606864333152771
    ],
    [
        0.9207023978233337,
        -0.06595243513584137,
        0.3846522867679596,
        -0.26047441363334656,
        0.06756272912025452,
        0.9976713061332703,
        0.00934266671538353,
        -0.11888289451599121,
        -0.38437268137931824,
        0.017386341467499733,
        0.923014223575592,
        1.727430820465088
    ],
    [
        0.9137670397758484,
        -0.0645827129483223,
        0.40107208490371704,
        -0.22374515235424042,
        0.06449222564697266,
        0.9978235960006714,
        0.013741357252001762,
        -0.10426674038171768,
        -0.401086688041687,
        0.013309621252119541,
        0.9159435033798218,
        1.831758737564087
    ],
    [
        0.9053288102149963,
        -0.06114178150892258,
        0.4202870726585388,
        -0.17001238465309143,
        0.057927075773477554,
        0.9981118440628052,
        0.02042241580784321,
        -0.08338610827922821,
        -0.420742392539978,
        0.005857008043676615,
        0.9071612358093262,
        1.960068941116333
    ],
    [
        0.8988430500030518,
        -0.05543067678809166,
        0.4347514808177948,
        -0.12135249376296997,
        0.05069730058312416,
        0.9984608292579651,
        0.022487439215183258,
        -0.06608618050813675,
        -0.43532857298851013,
        0.0018280423246324062,
        0.9002696871757507,
        2.063184976577759
    ],
    [
        0.8922624588012695,
        -0.04425138980150223,
        0.44934332370758057,
        -0.061625752598047256,
        0.03932516649365425,
        0.9990203380584717,
        0.020295539870858192,
        -0.0458105243742466,
        -0.44980132579803467,
        -0.00043844268657267094,
        0.8931285738945007,
        2.1804122924804688
    ],
    [
        0.8863185048103333,
        -0.032738104462623596,
        0.46191731095314026,
        -0.011579751968383789,
        0.02779425121843815,
        0.9994603991508484,
        0.017505018040537834,
        -0.022255416959524155,
        -0.46224117279052734,
        -0.002676378469914198,
        0.8867502212524414,
        2.281294822692871
    ],
    [
        0.8790004849433899,
        -0.021098993718624115,
        0.4763537645339966,
        0.05163763090968132,
        0.015612566843628883,
        0.9997583627700806,
        0.015472617000341415,
        0.005074673797935247,
        -0.4765651226043701,
        -0.006163333542644978,
        0.8791176080703735,
        2.4082796573638916
    ],
    [
        0.8735750317573547,
        -0.013867215253412724,
        0.4864920377731323,
        0.10736823081970215,
        0.00888437032699585,
        0.9998818635940552,
        0.012547818943858147,
        0.020938675850629807,
        -0.4866083860397339,
        -0.006639288738369942,
        0.8735950589179993,
        2.5120487213134766
    ],
    [
        0.8671029210090637,
        -0.007617202587425709,
        0.49807074666023254,
        0.17916378378868103,
        0.005390919744968414,
        0.9999679923057556,
        0.005907753948122263,
        0.0408540740609169,
        -0.498099684715271,
        -0.00243757083080709,
        0.8671161532402039,
        2.626199245452881
    ]
]