[
    [
        0.9099197387695312,
        0.028741763904690742,
        -0.41378724575042725,
        -0.4019027054309845,
        -0.030179696157574654,
        0.999539852142334,
        0.0030630044639110565,
        0.011011567898094654,
        0.4136848747730255,
        0.009700886905193329,
        0.9103685021400452,
        0.09494352340698242
    ],
    [
        0.8961582779884338,
        0.028312789276242256,
        -0.4428303837776184,
        -0.44554105401039124,
        -0.02975628152489662,
        0.9995502829551697,
        0.0036892713978886604,
        0.006096493918448687,
        0.4427357017993927,
        0.00987081415951252,
        0.8965978622436523,
        0.11782437562942505
    ],
    [
        0.881130576133728,
        0.028791731223464012,
        -0.47199559211730957,
        -0.4957362711429596,
        -0.03074117749929428,
        0.9995209574699402,
        0.003582538804039359,
        0.004490415100008249,
        0.47187259793281555,
        0.011353015899658203,
        0.8815935850143433,
        0.14978794753551483
    ],
    [
        0.864418089389801,
        0.029033862054347992,
        -0.5019344687461853,
        -0.5498747825622559,
        -0.031944017857313156,
        0.9994857907295227,
        0.002801039721816778,
        0.005923716351389885,
        0.501757800579071,
        0.013612537644803524,
        0.864901065826416,
        0.19099433720111847
    ],
    [
        0.8466532230377197,
        0.030130520462989807,
        -0.5312913656234741,
        -0.6073118448257446,
        -0.03303484246134758,
        0.9994460344314575,
        0.004036912228912115,
        0.0033973155077546835,
        0.5311186909675598,
        0.01413326058536768,
        0.8471794128417969,
        0.23617038130760193
    ],
    [
        0.8280407786369324,
        0.03244538977742195,
        -0.55972820520401,
        -0.6618626713752747,
        -0.03484556823968887,
        0.9993722438812256,
        0.006380725651979446,
        0.005972717888653278,
        0.559583842754364,
        0.014220545068383217,
        0.8286516666412354,
        0.2800913453102112
    ],
    [
        0.8059223890304565,
        0.03650159388780594,
        -0.590894877910614,
        -0.7410939931869507,
        -0.0375378355383873,
        0.9992398023605347,
        0.010528537444770336,
        0.00681211706250906,
        0.5908299684524536,
        0.01369573175907135,
        0.806679904460907,
        0.34599459171295166
    ],
    [
        0.7867307066917419,
        0.04055619239807129,
        -0.6159627437591553,
        -0.8145695328712463,
        -0.0389581173658371,
        0.9991123080253601,
        0.016024747863411903,
        0.006042150780558586,
        0.6160658597946167,
        0.011389588937163353,
        0.78761225938797,
        0.4113686680793762
    ],
    [
        0.7685060501098633,
        0.043622903525829315,
        -0.638353705406189,
        -0.8822561502456665,
        -0.03828788921236992,
        0.9990206956863403,
        0.02217532880604267,
        0.008810513652861118,
        0.6386958360671997,
        0.007399340625852346,
        0.7694237232208252,
        0.477264940738678
    ],
    [
        0.7512877583503723,
        0.04947790130972862,
        -0.658117413520813,
        -0.9443386197090149,
        -0.03880125284194946,
        0.9987724423408508,
        0.030794266611337662,
        0.011285506188869476,
        0.6588331460952759,
        0.002400430850684643,
        0.7522851824760437,
        0.5460020899772644
    ],
    [
        0.7338159680366516,
        0.05373614653944969,
        -0.6772196888923645,
        -1.0054789781570435,
        -0.03719703108072281,
        0.9985494017601013,
        0.03892742842435837,
        0.016989298164844513,
        0.6783291697502136,
        -0.003375008935108781,
        0.7347503900527954,
        0.628538191318512
    ],
    [
        0.7162177562713623,
        0.05702238157391548,
        -0.6955434083938599,
        -1.0678452253341675,
        -0.035332873463630676,
        0.998340904712677,
        0.04546337202191353,
        0.016616059467196465,
        0.6969818472862244,
        -0.007986125536262989,
        0.7170441746711731,
        0.7154088020324707
    ],
    [
        0.6947519183158875,
        0.05925559997558594,
        -0.7168045043945312,
        -1.1361781358718872,
        -0.035423729568719864,
        0.998210072517395,
        0.04818446934223175,
        0.018468886613845825,
        0.718376636505127,
        -0.008084367029368877,
        0.6956074833869934,
        0.8067637085914612
    ],
    [
        0.67759108543396,
        0.062442582100629807,
        -0.7327832579612732,
        -1.2018861770629883,
        -0.03562382236123085,
        0.9980061650276184,
        0.052102312445640564,
        0.024101443588733673,
        0.7345755696296692,
        -0.009199521504342556,
        0.6784645318984985,
        0.88377845287323
    ],
    [
        0.6609490513801575,
        0.06495838612318039,
        -0.7476139664649963,
        -1.280437707901001,
        -0.03600627928972244,
        0.9978441596031189,
        0.05486791953444481,
        0.03335428610444069,
        0.7495664954185486,
        -0.009346096776425838,
        0.6618630886077881,
        0.9634206295013428
    ],
    [
        0.6436805725097656,
        0.06783214956521988,
        -0.7622823119163513,
        -1.3550488948822021,
        -0.0379788763821125,
        0.9976681470870972,
        0.056708283722400665,
        0.03461606428027153,
        0.7643513679504395,
        -0.007551391143351793,
        0.6447557210922241,
        1.0380134582519531
    ],
    [
        0.6270484924316406,
        0.06919362396001816,
        -0.7759010791778564,
        -1.4245363473892212,
        -0.039496153593063354,
        0.9975900650024414,
        0.057044465094804764,
        0.037013836205005646,
        0.7779783010482788,
        -0.005124547518789768,
        0.6282702684402466,
        1.1041631698608398
    ],
    [
        0.6112557649612427,
        0.06803277879953384,
        -0.7885035276412964,
        -1.4980872869491577,
        -0.03867902606725693,
        0.997675895690918,
        0.05609598010778427,
        0.039047881960868835,
        0.7904874682426453,
        -0.003790436079725623,
        0.61246657371521,
        1.1665606498718262
    ],
    [
        0.5922195911407471,
        0.06284409761428833,
        -0.8033222556114197,
        -1.5835820436477661,
        -0.034448932856321335,
        0.9980171918869019,
        0.05267893150448799,
        0.04010392725467682,
        0.8050399422645569,
        -0.0035239013377577066,
        0.5932102203369141,
        1.252556562423706
    ],
    [
        0.5762708783149719,
        0.056396741420030594,
        -0.815310537815094,
        -1.6551891565322876,
        -0.032783664762973785,
        0.9984084367752075,
        0.04589013010263443,
        0.042812079191207886,
        0.8166009783744812,
        0.00028372605447657406,
        0.5772024989128113,
        1.321876049041748
    ],
    [
        0.5630109310150146,
        0.052163027226924896,
        -0.8248016834259033,
        -1.7302229404449463,
        -0.030732536688447,
        0.9986371994018555,
        0.04217885434627533,
        0.041358090937137604,
        0.825877845287323,
        0.0016010886756703258,
        0.5638468265533447,
        1.3903446197509766
    ],
    [
        0.549891471862793,
        0.05018831044435501,
        -0.8337268829345703,
        -1.8170217275619507,
        -0.03178650140762329,
        0.9987275004386902,
        0.039155881851911545,
        0.044039808213710785,
        0.8346310257911682,
        0.0049697719514369965,
        0.5507870316505432,
        1.4615509510040283
    ],
    [
        0.5374710559844971,
        0.047778017818927765,
        -0.8419275283813477,
        -1.9090595245361328,
        -0.0328676775097847,
        0.998822033405304,
        0.03569939360022545,
        0.04348434880375862,
        0.8426414132118225,
        0.008484813384711742,
        0.5384082794189453,
        1.533279299736023
    ],
    [
        0.5273415446281433,
        0.04516579210758209,
        -0.848452091217041,
        -1.9928523302078247,
        -0.03125268593430519,
        0.9989415407180786,
        0.03375222533941269,
        0.04135521128773689,
        0.8490784168243408,
        0.008717460557818413,
        0.528194785118103,
        1.5961045026779175
    ],
    [
        0.5119361281394958,
        0.04227592051029205,
        -0.8579825758934021,
        -2.0981013774871826,
        -0.03086717613041401,
        0.99904865026474,
        0.030809104442596436,
        0.04394213855266571,
        0.8584688305854797,
        0.010711205191910267,
        0.512753963470459,
        1.683799386024475
    ]
]