[
    [
        0.9867762327194214,
        0.02047209069132805,
        -0.1607901155948639,
        -0.156942680478096,
        -0.020005781203508377,
        0.9997897148132324,
        0.004518661182373762,
        -0.04138447716832161,
        0.16084879636764526,
        -0.0012421765131875873,
        0.98697829246521,
        0.34887778759002686
    ],
    [
        0.9690380692481995,
        0.0336465947329998,
        -0.2446082979440689,
        -0.19987042248249054,
        -0.03317078575491905,
        0.999431312084198,
        0.00606565410271287,
        -0.06772424280643463,
        0.24467326700687408,
        0.0022359993308782578,
        0.9696030616760254,
        0.5321561694145203
    ],
    [
        0.9450586438179016,
        0.04340965673327446,
        -0.3240058720111847,
        -0.2596278786659241,
        -0.04295146092772484,
        0.999040424823761,
        0.008568846620619297,
        -0.10038095712661743,
        0.3240669071674347,
        0.00581846060231328,
        0.9460163712501526,
        0.6943822503089905
    ],
    [
        0.92870032787323,
        0.04621310159564018,
        -0.36794036626815796,
        -0.37717005610466003,
        -0.04676514491438866,
        0.9988783001899719,
        0.007420949172228575,
        -0.11544281989336014,
        0.36787062883377075,
        0.010314947925508022,
        0.9298197627067566,
        0.8517939448356628
    ],
    [
        0.91904616355896,
        0.04482470452785492,
        -0.3915928900241852,
        -0.5276458859443665,
        -0.04543965682387352,
        0.9989374279975891,
        0.007701701484620571,
        -0.14137586951255798,
        0.39152202010154724,
        0.010715628042817116,
        0.9201063513755798,
        1.0360853672027588
    ],
    [
        0.9143603444099426,
        0.042619653046131134,
        -0.4026522636413574,
        -0.6413320302963257,
        -0.04354075714945793,
        0.9990280866622925,
        0.0068701570853590965,
        -0.1617223471403122,
        0.4025536775588989,
        0.011249988339841366,
        0.915327250957489,
        1.2114105224609375
    ],
    [
        0.9147078990936279,
        0.04210103675723076,
        -0.4019166827201843,
        -0.7780463099479675,
        -0.0419049896299839,
        0.9990784525871277,
        0.009284043684601784,
        -0.19881118834018707,
        0.40193718671798706,
        0.008350130170583725,
        0.9156290292739868,
        1.4187288284301758
    ],
    [
        0.9235472083091736,
        0.03940592333674431,
        -0.38145455718040466,
        -0.9616700410842896,
        -0.03851349279284477,
        0.9992083311080933,
        0.009976784698665142,
        -0.22901873290538788,
        0.38154569268226624,
        0.0054771145805716515,
        0.9243337512016296,
        1.6552865505218506
    ],
    [
        0.9314776659011841,
        0.039077188819646835,
        -0.36169371008872986,
        -1.1136795282363892,
        -0.03638417273759842,
        0.9992361664772034,
        0.014255993068218231,
        -0.26161906123161316,
        0.3619745373725891,
        -0.00011920753604499623,
        0.9321879744529724,
        1.8627554178237915
    ],
    [
        0.9342132210731506,
        0.03958715498447418,
        -0.3545115888118744,
        -1.2222669124603271,
        -0.035388898104429245,
        0.9992057085037231,
        0.018320797011256218,
        -0.2982519268989563,
        0.3549552857875824,
        -0.004569754935801029,
        0.9348721504211426,
        2.097325563430786
    ],
    [
        0.9352325797080994,
        0.04284035786986351,
        -0.3514324128627777,
        -1.3156098127365112,
        -0.03849280625581741,
        0.9990715384483337,
        0.019351810216903687,
        -0.3300537168979645,
        0.35193514823913574,
        -0.004570820368826389,
        0.9360131621360779,
        2.3267552852630615
    ],
    [
        0.9372168183326721,
        0.046626243740320206,
        -0.3456164598464966,
        -1.4414021968841553,
        -0.04280262067914009,
        0.9989086985588074,
        0.018691319972276688,
        -0.3619321882724762,
        0.3461107611656189,
        -0.002724529942497611,
        0.938189685344696,
        2.5579776763916016
    ],
    [
        0.9390539526939392,
        0.04999572038650513,
        -0.340114951133728,
        -1.567926049232483,
        -0.04573015123605728,
        0.9987424612045288,
        0.020551173016428947,
        -0.4015347361564636,
        0.3407146632671356,
        -0.003745156107470393,
        0.9401593208312988,
        2.78427791595459
    ],
    [
        0.9391994476318359,
        0.052361272275447845,
        -0.3393562138080597,
        -1.6634173393249512,
        -0.0480843186378479,
        0.9986224174499512,
        0.02100556343793869,
        -0.42799484729766846,
        0.3399885594844818,
        -0.0034107037354260683,
        0.9404234290122986,
        2.99383544921875
    ],
    [
        0.9410601258277893,
        0.05477503687143326,
        -0.33377447724342346,
        -1.7803910970687866,
        -0.04956715553998947,
        0.9984797835350037,
        0.024106381461024284,
        -0.46367546916007996,
        0.33458754420280457,
        -0.006141304038465023,
        0.9423446655273438,
        3.2321150302886963
    ],
    [
        0.9473007917404175,
        0.05474846437573433,
        -0.3156322240829468,
        -1.912803292274475,
        -0.04946085065603256,
        0.9984695315361023,
        0.02474513277411461,
        -0.49093571305274963,
        0.3165038824081421,
        -0.00782964937388897,
        0.9485588669776917,
        3.4345173835754395
    ],
    [
        0.9569072723388672,
        0.052607037127017975,
        -0.2855885922908783,
        -2.057494640350342,
        -0.047549694776535034,
        0.9985653758049011,
        0.024619052186608315,
        -0.5225229859352112,
        0.2864740192890167,
        -0.00997850764542818,
        0.9580360054969788,
        3.625882625579834
    ],
    [
        0.9627589583396912,
        0.04843421280384064,
        -0.26598742604255676,
        -2.1643571853637695,
        -0.04369047284126282,
        0.9987633228302002,
        0.023726413026452065,
        -0.5483947396278381,
        0.26680776476860046,
        -0.011221708729863167,
        0.9636844396591187,
        3.81640362739563
    ],
    [
        0.9697227478027344,
        0.043836623430252075,
        -0.24024198949337006,
        -2.2929792404174805,
        -0.03912115469574928,
        0.9989374279975891,
        0.024364324286580086,
        -0.5794510245323181,
        0.24105478823184967,
        -0.0142280962318182,
        0.9704071879386902,
        4.013880729675293
    ],
    [
        0.979180097579956,
        0.0391322560608387,
        -0.1991855800151825,
        -2.448040008544922,
        -0.03514433279633522,
        0.9991055130958557,
        0.0235190037637949,
        -0.6087990403175354,
        0.19992798566818237,
        -0.016029108315706253,
        0.9796794056892395,
        4.202582836151123
    ],
    [
        0.9885414242744446,
        0.03227126970887184,
        -0.14745938777923584,
        -2.6013848781585693,
        -0.02914121001958847,
        0.9993028044700623,
        0.023338541388511658,
        -0.6347888112068176,
        0.14810968935489655,
        -0.018773965537548065,
        0.9887927770614624,
        4.367335796356201
    ],
    [
        0.9955102801322937,
        0.023431446403265,
        -0.0917070209980011,
        -2.723961591720581,
        -0.02094965986907482,
        0.9993903040885925,
        0.02793200872838497,
        -0.6668578386306763,
        0.09230558574199677,
        -0.025885365903377533,
        0.9953941106796265,
        4.562361240386963
    ],
    [
        0.9994817972183228,
        0.013731265440583229,
        -0.029110820963978767,
        -2.840911865234375,
        -0.012787296436727047,
        0.9993941783905029,
        0.03236984834074974,
        -0.6913166046142578,
        0.029537716880440712,
        -0.03198082745075226,
        0.9990518689155579,
        4.7586493492126465
    ],
    [
        0.9990427494049072,
        -0.0018288190476596355,
        0.04370748996734619,
        -2.9558181762695312,
        0.0001465597451897338,
        0.9992600679397583,
        0.038461267948150635,
        -0.7194212675094604,
        -0.04374564439058304,
        -0.03841803967952728,
        0.9983037710189819,
        4.968196392059326
    ],
    [
        0.9906803965568542,
        -0.021168697625398636,
        0.13455265760421753,
        -3.112123489379883,
        0.016119377687573433,
        0.9991282820701599,
        0.03850599750876427,
        -0.7419838309288025,
        -0.13525065779685974,
        -0.035978224128484726,
        0.990157961845398,
        5.159329891204834
    ]
]