[
    [
        0.9995238184928894,
        -0.004432865418493748,
        -0.030536074191331863,
        0.11405681818723679,
        0.004207756370306015,
        0.9999635815620422,
        -0.007432246580719948,
        -0.04432474076747894,
        0.03056790493428707,
        0.007300219032913446,
        0.9995059967041016,
        0.6100625395774841
    ],
    [
        0.998982846736908,
        -0.004868032410740852,
        -0.04482825845479965,
        0.14871329069137573,
        0.004427327774465084,
        0.9999409914016724,
        -0.009925003163516521,
        -0.05461081117391586,
        0.0448739193379879,
        0.009716437198221684,
        0.998945415019989,
        0.8196613788604736
    ],
    [
        0.9982732534408569,
        -0.003806765889748931,
        -0.058618128299713135,
        0.17580586671829224,
        0.003139672102406621,
        0.9999293684959412,
        -0.011468222364783287,
        -0.06694785505533218,
        0.058657631278038025,
        0.011264379136264324,
        0.9982146620750427,
        1.0674567222595215
    ],
    [
        0.9973973035812378,
        -0.003466580994427204,
        -0.07201725989580154,
        0.2166101485490799,
        0.0025219900999218225,
        0.9999097585678101,
        -0.013202968053519726,
        -0.07694502174854279,
        0.07205651700496674,
        0.012986976653337479,
        0.9973160028457642,
        1.3026179075241089
    ],
    [
        0.9963635206222534,
        -0.005844774190336466,
        -0.08500327169895172,
        0.27121126651763916,
        0.00469624437391758,
        0.9998951554298401,
        -0.013705284334719181,
        -0.08370533585548401,
        0.08507445454597473,
        0.013256249949336052,
        0.9962863922119141,
        1.522283911705017
    ],
    [
        0.9949686527252197,
        -0.00802044291049242,
        -0.09986566007137299,
        0.337558776140213,
        0.006745022721588612,
        0.9998914003372192,
        -0.013102459721267223,
        -0.0939616858959198,
        0.09995990991592407,
        0.01236293837428093,
        0.994914710521698,
        1.7794115543365479
    ],
    [
        0.9935527443885803,
        -0.00783870555460453,
        -0.11309867352247238,
        0.39557185769081116,
        0.006791727151721716,
        0.9999305009841919,
        -0.009639548137784004,
        -0.10118314623832703,
        0.11316637694835663,
        0.008809268474578857,
        0.9935368895530701,
        2.05053973197937
    ],
    [
        0.9922692179679871,
        -0.00653340108692646,
        -0.12393220514059067,
        0.44818395376205444,
        0.005823663901537657,
        0.9999644756317139,
        -0.006088224705308676,
        -0.11573059111833572,
        0.12396758794784546,
        0.005319418851286173,
        0.9922720193862915,
        2.2841107845306396
    ],
    [
        0.9913690686225891,
        -0.011565791442990303,
        -0.13058948516845703,
        0.5210703015327454,
        0.01119390781968832,
        0.9999309182167053,
        -0.0035814379807561636,
        -0.1252308040857315,
        0.13062188029289246,
        0.0020887190476059914,
        0.9914301037788391,
        2.5439999103546143
    ],
    [
        0.990340530872345,
        -0.01653423346579075,
        -0.1376667618751526,
        0.587531566619873,
        0.016354266554117203,
        0.99986332654953,
        -0.002438339637592435,
        -0.14655426144599915,
        0.13768824934959412,
        0.00016334648535121232,
        0.9904757142066956,
        2.7885074615478516
    ],
    [
        0.9909645318984985,
        -0.022193200886249542,
        -0.13227501511573792,
        0.6185492277145386,
        0.0220392644405365,
        0.9997537136077881,
        -0.002627743873745203,
        -0.1610616147518158,
        0.13230082392692566,
        -0.0003112490812782198,
        0.9912096261978149,
        3.032283306121826
    ],
    [
        0.991949737071991,
        -0.023074276745319366,
        -0.12451210618019104,
        0.625898003578186,
        0.022815586999058723,
        0.999733567237854,
        -0.0035033535677939653,
        -0.1735209822654724,
        0.12455985695123672,
        0.0006343229324556887,
        0.9922119379043579,
        3.2433152198791504
    ],
    [
        0.9926723837852478,
        -0.02239714190363884,
        -0.11874301731586456,
        0.6415466666221619,
        0.022119754925370216,
        0.9997485876083374,
        -0.003653845749795437,
        -0.1943667083978653,
        0.11879460513591766,
        0.001000511460006237,
        0.9929182529449463,
        3.482700824737549
    ],
    [
        0.9936489462852478,
        -0.023527901619672775,
        -0.11003746837377548,
        0.6638280749320984,
        0.0231246966868639,
        0.9997203946113586,
        -0.004939141683280468,
        -0.21828946471214294,
        0.11012288928031921,
        0.002363185165449977,
        0.9939152002334595,
        3.7106709480285645
    ],
    [
        0.9946942925453186,
        -0.02562885358929634,
        -0.09963120520114899,
        0.6703073382377625,
        0.02511771395802498,
        0.9996640682220459,
        -0.00638147396966815,
        -0.237980455160141,
        0.0997614860534668,
        0.003845095168799162,
        0.9950039982795715,
        3.918626308441162
    ],
    [
        0.9965724349021912,
        -0.03104926086962223,
        -0.07667668908834457,
        0.667060136795044,
        0.030146179720759392,
        0.9994621872901917,
        -0.012907533906400204,
        -0.2628333866596222,
        0.07703620940446854,
        0.010551784187555313,
        0.9969724416732788,
        4.1394877433776855
    ],
    [
        0.9980675578117371,
        -0.03259272500872612,
        -0.052903369069099426,
        0.6646563410758972,
        0.03158298507332802,
        0.9993047118186951,
        -0.0198118444532156,
        -0.28168177604675293,
        0.05351230874657631,
        0.01810271479189396,
        0.9984031319618225,
        4.346513271331787
    ],
    [
        0.9989294409751892,
        -0.033402662724256516,
        -0.03200316056609154,
        0.6829944252967834,
        0.03265083581209183,
        0.9991849660873413,
        -0.023733796551823616,
        -0.3000575304031372,
        0.03276984766125679,
        0.022663457319140434,
        0.9992058277130127,
        4.558951377868652
    ],
    [
        0.9994049072265625,
        -0.03240324929356575,
        -0.01182732917368412,
        0.6981933116912842,
        0.032089367508888245,
        0.9991512298583984,
        -0.025827787816524506,
        -0.31768083572387695,
        0.012654190883040428,
        0.02543288841843605,
        0.9995965361595154,
        4.7383198738098145
    ],
    [
        0.9993215203285217,
        -0.030440453439950943,
        0.020732946693897247,
        0.6982276439666748,
        0.031039729714393616,
        0.999090850353241,
        -0.029223760589957237,
        -0.33516889810562134,
        -0.01982451044023037,
        0.02984747849404812,
        0.9993578791618347,
        4.951552391052246
    ],
    [
        0.9980487823486328,
        -0.028075717389583588,
        0.05577080324292183,
        0.7048797607421875,
        0.029895387589931488,
        0.9990386366844177,
        -0.032065726816654205,
        -0.35111144185066223,
        -0.05481691285967827,
        0.03367045521736145,
        0.9979286193847656,
        5.148271083831787
    ],
    [
        0.9961585998535156,
        -0.026245368644595146,
        0.08354255557060242,
        0.7267554998397827,
        0.029083168134093285,
        0.9990343451499939,
        -0.032934412360191345,
        -0.35549652576446533,
        -0.08259749412536621,
        0.03523757681250572,
        0.9959598183631897,
        5.334959030151367
    ],
    [
        0.9940070509910583,
        -0.02733275294303894,
        0.10584346204996109,
        0.7755178213119507,
        0.030569251626729965,
        0.9991096258163452,
        -0.029077239334583282,
        -0.3728657364845276,
        -0.10495447367429733,
        0.032138533890247345,
        0.9939576387405396,
        5.558938026428223
    ],
    [
        0.9921851754188538,
        -0.02999481000006199,
        0.12111478298902512,
        0.8264970779418945,
        0.03299364447593689,
        0.9991948008537292,
        -0.02283085510134697,
        -0.38454699516296387,
        -0.12033244967460632,
        0.02664845436811447,
        0.9923759698867798,
        5.783785343170166
    ],
    [
        0.9911235570907593,
        -0.035675596445798874,
        0.12806782126426697,
        0.8804954290390015,
        0.03806397318840027,
        0.999143123626709,
        -0.016249749809503555,
        -0.3920312523841858,
        -0.12737837433815002,
        0.02098027989268303,
        0.9916322231292725,
        6.004798412322998
    ]
]