[
    [
        0.9999804496765137,
        -0.00011918050586245954,
        0.0062637291848659515,
        -0.07732194662094116,
        0.00012566451914608479,
        0.9999995231628418,
        -0.0010347041534259915,
        -0.005588183179497719,
        -0.006263601593673229,
        0.0010354708647355437,
        0.9999798536300659,
        0.23037269711494446
    ],
    [
        0.9999887347221375,
        -1.8847909188934864e-07,
        0.004754243418574333,
        -0.08246584236621857,
        5.413519829744473e-06,
        0.9999994039535522,
        -0.0010991146555170417,
        -0.0045691286213696,
        -0.004754240158945322,
        0.0010991282761096954,
        0.9999880790710449,
        0.24585027992725372
    ],
    [
        0.9999974966049194,
        2.897751437558327e-05,
        0.002240445464849472,
        -0.08820702135562897,
        -2.85294845525641e-05,
        0.9999999403953552,
        -0.00019977541523985565,
        -0.004411563277244568,
        -0.002240450819954276,
        0.0001997115759877488,
        0.9999974966049194,
        0.26259225606918335
    ],
    [
        0.9999994039535522,
        1.0321819900127593e-05,
        -0.0011327238753437996,
        -0.09308632463216782,
        -1.0635181752149947e-05,
        1.0,
        -0.000276479113381356,
        -0.002474176464602351,
        0.0011327210813760757,
        0.0002764908713288605,
        0.9999992847442627,
        0.28112417459487915
    ],
    [
        0.9999861121177673,
        0.0003894405672326684,
        -0.005275530740618706,
        -0.09871919453144073,
        -0.00038479454815387726,
        0.9999995827674866,
        0.000881560321431607,
        -0.0018370180623605847,
        0.005275871139019728,
        -0.0008795176399871707,
        0.9999856948852539,
        0.3000444173812866
    ],
    [
        0.9999476671218872,
        0.0008638775907456875,
        -0.01020108163356781,
        -0.10520152747631073,
        -0.000857948325574398,
        0.9999994039535522,
        0.000585635716561228,
        0.0013007777743041515,
        0.010201581753790379,
        -0.0005768523551523685,
        0.9999477863311768,
        0.3189508318901062
    ],
    [
        0.999803900718689,
        0.001246947911567986,
        -0.01976541429758072,
        -0.11265427619218826,
        -0.0012230142019689083,
        0.9999985098838806,
        0.0012229413259774446,
        0.004278105683624744,
        0.01976691000163555,
        -0.0011985278688371181,
        0.9998039603233337,
        0.3496398329734802
    ],
    [
        0.9996322393417358,
        0.0016850292449817061,
        -0.027065083384513855,
        -0.11806390434503555,
        -0.0016414325218647718,
        0.9999972581863403,
        0.0016329347854480147,
        0.003605390666052699,
        0.0270677637308836,
        -0.0015879087150096893,
        0.9996322393417358,
        0.3683820366859436
    ],
    [
        0.9993518590927124,
        0.002100150566548109,
        -0.03593766316771507,
        -0.12476719915866852,
        -0.0020582317374646664,
        0.9999971985816956,
        0.0012033790117129683,
        0.0049712685868144035,
        0.03594008460640907,
        -0.00112863106187433,
        0.9993533492088318,
        0.38699379563331604
    ],
    [
        0.9989686608314514,
        0.002888919087126851,
        -0.045312535017728806,
        -0.13084422051906586,
        -0.00282476469874382,
        0.9999948740005493,
        0.001479807309806347,
        0.007025626953691244,
        0.04531657695770264,
        -0.001350284437648952,
        0.998971700668335,
        0.4062684178352356
    ],
    [
        0.998431921005249,
        0.003584158606827259,
        -0.055863846093416214,
        -0.13668443262577057,
        -0.0034815322142094374,
        0.9999921321868896,
        0.0019342988962307572,
        0.008272413164377213,
        0.055870335549116135,
        -0.001736774225719273,
        0.9984365105628967,
        0.42782720923423767
    ],
    [
        0.997780978679657,
        0.004609463736414909,
        -0.06642158329486847,
        -0.14123012125492096,
        -0.004533187951892614,
        0.9999889135360718,
        0.0012990431860089302,
        0.010519662871956825,
        0.0664268359541893,
        -0.0009950599633157253,
        0.9977908134460449,
        0.4511130154132843
    ],
    [
        0.996680736541748,
        0.0052903504110872746,
        -0.08123781532049179,
        -0.15003399550914764,
        -0.005204913672059774,
        0.9999856948852539,
        0.0012634196318686008,
        0.011269287206232548,
        0.08124333620071411,
        -0.0008363905944861472,
        0.9966939687728882,
        0.4878156781196594
    ],
    [
        0.9957736134529114,
        0.005908390507102013,
        -0.09165152907371521,
        -0.15760239958763123,
        -0.005754590965807438,
        0.9999815225601196,
        0.0019422689219936728,
        0.010318204760551453,
        0.09166132658720016,
        -0.001406643190421164,
        0.9957893490791321,
        0.5130444169044495
    ],
    [
        0.9948393702507019,
        0.006849374156445265,
        -0.10123153775930405,
        -0.1672409176826477,
        -0.006627580616623163,
        0.99997478723526,
        0.002527123549953103,
        0.007389717269688845,
        0.10124630481004715,
        -0.0018431621138006449,
        0.9948596954345703,
        0.5362452268600464
    ],
    [
        0.9936869740486145,
        0.007371673360466957,
        -0.11194522678852081,
        -0.17618125677108765,
        -0.007125674281269312,
        0.9999712705612183,
        0.0025974346790462732,
        0.006304864771664143,
        0.11196114867925644,
        -0.0017833522288128734,
        0.993710994720459,
        0.5601763725280762
    ],
    [
        0.9925541877746582,
        0.008187562227249146,
        -0.12152863293886185,
        -0.1858823001384735,
        -0.007886476814746857,
        0.9999645352363586,
        0.002958287950605154,
        0.004103000741451979,
        0.12154854089021683,
        -0.001977827399969101,
        0.9925835132598877,
        0.5816143751144409
    ],
    [
        0.9913496971130371,
        0.009043445810675621,
        -0.13093554973602295,
        -0.19476835429668427,
        -0.008748932741582394,
        0.9999577403068542,
        0.00282437726855278,
        0.0050195311196148396,
        0.13095559179782867,
        -0.001654398743994534,
        0.9913868308067322,
        0.6029283404350281
    ],
    [
        0.9896456003189087,
        0.00988121796399355,
        -0.1431921422481537,
        -0.2086976319551468,
        -0.009593421593308449,
        0.9999503493309021,
        0.0027001521084457636,
        0.003917370922863483,
        0.1432117223739624,
        -0.001298491028137505,
        0.9896911978721619,
        0.6325861215591431
    ],
    [
        0.9885329008102417,
        0.010379813611507416,
        -0.1506480872631073,
        -0.2180258333683014,
        -0.010197496972978115,
        0.9999459981918335,
        0.00198271032422781,
        0.0026405940297991037,
        0.15066054463386536,
        -0.0004237417597323656,
        0.9885855317115784,
        0.6520044207572937
    ],
    [
        0.9874906539916992,
        0.010847536846995354,
        -0.1573037952184677,
        -0.2286960631608963,
        -0.010794466361403465,
        0.9999410510063171,
        0.0011917200172320008,
        0.0016058167675510049,
        0.1573074460029602,
        0.0005211980314925313,
        0.9875495433807373,
        0.6707544326782227
    ],
    [
        0.9864726662635803,
        0.011551604606211185,
        -0.16351854801177979,
        -0.23914888501167297,
        -0.011580570600926876,
        0.999932587146759,
        0.000776115688495338,
        0.0015465447213500738,
        0.16351647675037384,
        0.0011280208127573133,
        0.9865400195121765,
        0.6892544627189636
    ],
    [
        0.9854121208190918,
        0.01164513174444437,
        -0.16978676617145538,
        -0.24804562330245972,
        -0.011676321737468243,
        0.9999314546585083,
        0.0008148225024342537,
        0.0015756392385810614,
        0.16978462040424347,
        0.0011795483296737075,
        0.9854804873466492,
        0.7070859670639038
    ],
    [
        0.9844257235527039,
        0.012132079340517521,
        -0.17538180947303772,
        -0.25672009587287903,
        -0.012145893648266792,
        0.9999257326126099,
        0.0009946731152012944,
        0.0010103093227371573,
        0.1753808557987213,
        0.0011509871110320091,
        0.9845000505447388,
        0.7230526208877563
    ],
    [
        0.9828414916992188,
        0.012604733929038048,
        -0.18402062356472015,
        -0.26728618144989014,
        -0.012687645852565765,
        0.9999192953109741,
        0.0007269387133419514,
        0.004263516515493393,
        0.1840149462223053,
        0.001620322815142572,
        0.9829220771789551,
        0.748857319355011
    ]
]