[
    [
        0.9937099814414978,
        0.02085249312222004,
        -0.11002599447965622,
        0.04130210727453232,
        -0.021649399772286415,
        0.9997473359107971,
        -0.006053123623132706,
        -0.07709192484617233,
        0.10987197607755661,
        0.008397047407925129,
        0.9939103126525879,
        0.6542208790779114
    ],
    [
        0.9893976449966431,
        0.024090798571705818,
        -0.1432197391986847,
        0.022320253774523735,
        -0.025209598243236542,
        0.9996641278266907,
        -0.00600203825160861,
        -0.1112733855843544,
        0.14302703738212585,
        0.009548916481435299,
        0.9896726608276367,
        0.8965908288955688
    ],
    [
        0.9842574596405029,
        0.028490450233221054,
        -0.17442920804023743,
        -0.011779953725636005,
        -0.029344793409109116,
        0.9995666742324829,
        -0.0023202968295663595,
        -0.15513761341571808,
        0.17428751289844513,
        0.007402358110994101,
        0.9846669435501099,
        1.1541494131088257
    ],
    [
        0.9767227172851562,
        0.032098401337862015,
        -0.21209083497524261,
        -0.032839104533195496,
        -0.032256562262773514,
        0.9994759559631348,
        0.0027151810936629772,
        -0.19336499273777008,
        0.21206684410572052,
        0.004189343191683292,
        0.9772462248802185,
        1.4048534631729126
    ],
    [
        0.9665521383285522,
        0.038066666573286057,
        -0.2536294758319855,
        -0.035411447286605835,
        -0.03791036456823349,
        0.9992660284042358,
        0.0055056000128388405,
        -0.2216026484966278,
        0.2536529004573822,
        0.004293736070394516,
        0.9672857522964478,
        1.6228058338165283
    ],
    [
        0.9536867141723633,
        0.045451030135154724,
        -0.29734814167022705,
        -0.025984792038798332,
        -0.044655993580818176,
        0.9989575743675232,
        0.009469786658883095,
        -0.2545773386955261,
        0.2974686026573181,
        0.004247169941663742,
        0.9547222852706909,
        1.83183753490448
    ],
    [
        0.9423688650131226,
        0.04851779714226723,
        -0.33103933930397034,
        -0.03189128264784813,
        -0.046209972351789474,
        0.998821496963501,
        0.014843505807220936,
        -0.28577929735183716,
        0.3313693702220917,
        0.0013092568842694163,
        0.9435001611709595,
        2.003551721572876
    ],
    [
        0.9333813786506653,
        0.055272407829761505,
        -0.3546043038368225,
        -0.10197001695632935,
        -0.052213337272405624,
        0.99847012758255,
        0.018197456374764442,
        -0.3111421763896942,
        0.3550676107406616,
        0.0015299029182642698,
        0.9348393678665161,
        2.2407236099243164
    ],
    [
        0.9235127568244934,
        0.059690654277801514,
        -0.3788945972919464,
        -0.19834549725055695,
        -0.05397029593586922,
        0.9982115030288696,
        0.025710666552186012,
        -0.3617962598800659,
        0.379751592874527,
        -0.003295077010989189,
        0.9250825643539429,
        2.5823378562927246
    ],
    [
        0.9164344072341919,
        0.06251583993434906,
        -0.3952715992927551,
        -0.2618779242038727,
        -0.055513881146907806,
        0.9980325698852539,
        0.02913949452340603,
        -0.39916473627090454,
        0.39631566405296326,
        -0.0047613768838346004,
        0.9181021451950073,
        2.8355207443237305
    ],
    [
        0.9122027158737183,
        0.06538260728120804,
        -0.4044888913631439,
        -0.3009538948535919,
        -0.05691150575876236,
        0.9978355169296265,
        0.0329459011554718,
        -0.4388673007488251,
        0.4057675898075104,
        -0.0070332749746739864,
        0.9139492511749268,
        3.062589406967163
    ],
    [
        0.912328839302063,
        0.06565148383378983,
        -0.4041607677936554,
        -0.3487800657749176,
        -0.056824587285518646,
        0.9978115558624268,
        0.033810969442129135,
        -0.47785601019859314,
        0.40549585223197937,
        -0.007880463264882565,
        0.9140629768371582,
        3.3275649547576904
    ],
    [
        0.9179797172546387,
        0.06838309019804001,
        -0.3906882703304291,
        -0.4122163951396942,
        -0.059789229184389114,
        0.9976272583007812,
        0.03413345292210579,
        -0.5160358548164368,
        0.3920952081680298,
        -0.007974890060722828,
        0.9198901057243347,
        3.5747616291046143
    ],
    [
        0.9247678518295288,
        0.06663722544908524,
        -0.37465181946754456,
        -0.4706362783908844,
        -0.05709345266222954,
        0.9977002739906311,
        0.03652950003743172,
        -0.5586328506469727,
        0.376224547624588,
        -0.012391168624162674,
        0.9264456629753113,
        3.79085636138916
    ],
    [
        0.9333378076553345,
        0.06130676716566086,
        -0.35372617840766907,
        -0.5429877042770386,
        -0.0509747713804245,
        0.9979590773582458,
        0.03846187889575958,
        -0.6095554828643799,
        0.3553619384765625,
        -0.01786685176193714,
        0.9345579743385315,
        4.030939102172852
    ],
    [
        0.939628541469574,
        0.055885765701532364,
        -0.3376019299030304,
        -0.5977469086647034,
        -0.047332413494586945,
        0.9983165264129639,
        0.033521149307489395,
        -0.640940248966217,
        0.33890700340270996,
        -0.01551791187375784,
        0.9406918883323669,
        4.271463394165039
    ],
    [
        0.9447923898696899,
        0.05104507505893707,
        -0.32366931438446045,
        -0.628191351890564,
        -0.04315268248319626,
        0.9985711574554443,
        0.031519267708063126,
        -0.6726329326629639,
        0.3248157501220703,
        -0.015811961144208908,
        0.9456451535224915,
        4.465516090393066
    ],
    [
        0.9513490796089172,
        0.04922221228480339,
        -0.30415788292884827,
        -0.661662220954895,
        -0.04121775180101395,
        0.9986153244972229,
        0.032685618847608566,
        -0.7204267382621765,
        0.3053455650806427,
        -0.018558727577328682,
        0.9520607590675354,
        4.673092842102051
    ],
    [
        0.9588662385940552,
        0.046889759600162506,
        -0.2799588441848755,
        -0.7334132790565491,
        -0.038746707141399384,
        0.9986514449119568,
        0.03455371409654617,
        -0.7695842385292053,
        0.2812015414237976,
        -0.02228490635752678,
        0.9593899250030518,
        4.963504314422607
    ],
    [
        0.9672080874443054,
        0.04277858883142471,
        -0.25035685300827026,
        -0.8159282803535461,
        -0.034822843968868256,
        0.9987404346466064,
        0.036123476922512054,
        -0.8092835545539856,
        0.2515868544578552,
        -0.026220791041851044,
        0.9674794673919678,
        5.2719268798828125
    ],
    [
        0.9757126569747925,
        0.03852817788720131,
        -0.21563947200775146,
        -0.8606181144714355,
        -0.03163985162973404,
        0.9988755583763123,
        0.03530661389231682,
        -0.8484580516815186,
        0.21675729751586914,
        -0.027626141905784607,
        0.9758344888687134,
        5.585511684417725
    ],
    [
        0.9853594303131104,
        0.026251696050167084,
        -0.1684563159942627,
        -0.88919597864151,
        -0.02110321633517742,
        0.9992560148239136,
        0.03228078410029411,
        -0.8809446692466736,
        0.16917842626571655,
        -0.028253264725208282,
        0.9851804375648499,
        5.87811803817749
    ],
    [
        0.9926052689552307,
        0.014574347995221615,
        -0.12050838023424149,
        -0.8931001424789429,
        -0.010657680220901966,
        0.9993958473205566,
        0.033082179725170135,
        -0.9139450788497925,
        0.12091772258281708,
        -0.03155316039919853,
        0.9921609163284302,
        6.111802101135254
    ],
    [
        0.9986323714256287,
        0.0036521402653306723,
        -0.05215529724955559,
        -0.9012348651885986,
        -0.001709256088361144,
        0.9993045330047607,
        0.0372481532394886,
        -0.9518826007843018,
        0.052255067974328995,
        -0.03710824251174927,
        0.9979441165924072,
        6.3553786277771
    ],
    [
        0.9992858171463013,
        -0.021126899868249893,
        0.031328924000263214,
        -0.9239979386329651,
        0.01970181241631508,
        0.9987873435020447,
        0.04511915519833565,
        -1.011425495147705,
        -0.032244157046079636,
        -0.044469691812992096,
        0.9984902739524841,
        6.543572902679443
    ]
]