[
    [
        0.9057296514511108,
        0.028460044413805008,
        -0.42289939522743225,
        0.061112694442272186,
        -0.029568590223789215,
        0.9995549917221069,
        0.003940024878829718,
        -0.31756559014320374,
        0.42282336950302124,
        0.008935940451920033,
        0.9061680436134338,
        0.8847310543060303
    ],
    [
        0.8855987787246704,
        0.028432847931981087,
        -0.4635799527168274,
        0.02355101890861988,
        -0.036878835409879684,
        0.9992778301239014,
        -0.009162471629679203,
        -0.3319706320762634,
        0.462984561920166,
        0.025210559368133545,
        0.8860076665878296,
        0.9333915710449219
    ],
    [
        0.8647511005401611,
        0.030499586835503578,
        -0.5012736320495605,
        -0.02767937257885933,
        -0.049110494554042816,
        0.9985057711601257,
        -0.023967638611793518,
        -0.34235280752182007,
        0.49979355931282043,
        0.04534383490681648,
        0.8649569153785706,
        0.9966854453086853
    ],
    [
        0.8459042310714722,
        0.02992226742208004,
        -0.5324949026107788,
        -0.07204966247081757,
        -0.061803027987480164,
        0.997198224067688,
        -0.04214315116405487,
        -0.34141111373901367,
        0.5297418832778931,
        0.06855887174606323,
        0.84538334608078,
        1.0641193389892578
    ],
    [
        0.8302820920944214,
        0.024546781554818153,
        -0.55680251121521,
        -0.10604650527238846,
        -0.07011374831199646,
        0.9956931471824646,
        -0.06065547466278076,
        -0.349480003118515,
        0.5529155731201172,
        0.08940066397190094,
        0.8284274339675903,
        1.1298203468322754
    ],
    [
        0.8213773965835571,
        0.021256232634186745,
        -0.5699889659881592,
        -0.16228628158569336,
        -0.07872853428125381,
        0.9939654469490051,
        -0.07638373970985413,
        -0.35142889618873596,
        0.5649256706237793,
        0.10761426389217377,
        0.8180942535400391,
        1.187452793121338
    ],
    [
        0.8226809501647949,
        0.017742780968546867,
        -0.5682262778282166,
        -0.2295219451189041,
        -0.08622600138187408,
        0.991843581199646,
        -0.09386827796697617,
        -0.34419453144073486,
        0.5619261860847473,
        0.12621954083442688,
        0.8175008296966553,
        1.2313529253005981
    ],
    [
        0.8305725455284119,
        0.01681187003850937,
        -0.5566566586494446,
        -0.2886752486228943,
        -0.09085513651371002,
        0.9902435541152954,
        -0.10565569251775742,
        -0.3429979383945465,
        0.5494493246078491,
        0.13832984864711761,
        0.8239964842796326,
        1.2678728103637695
    ],
    [
        0.8363229036331177,
        0.016171837225556374,
        -0.5479987263679504,
        -0.33570051193237305,
        -0.0910729169845581,
        0.9897746443748474,
        -0.10978106409311295,
        -0.33291006088256836,
        0.5406198501586914,
        0.141720250248909,
        0.8292440176010132,
        1.3009052276611328
    ],
    [
        0.8408821225166321,
        0.015025289729237556,
        -0.5410096645355225,
        -0.37301987409591675,
        -0.08909709006547928,
        0.989819347858429,
        -0.11099215596914291,
        -0.30831852555274963,
        0.5338342189788818,
        0.14153368771076202,
        0.8336600661277771,
        1.3318758010864258
    ],
    [
        0.844490110874176,
        0.013469270430505276,
        -0.5354018211364746,
        -0.4076577126979828,
        -0.08482174575328827,
        0.9904302358627319,
        -0.10887288302183151,
        -0.2821885347366333,
        0.5288116931915283,
        0.13735580444335938,
        0.837550938129425,
        1.3562027215957642
    ],
    [
        0.8480277061462402,
        0.011074816808104515,
        -0.5298361778259277,
        -0.45787400007247925,
        -0.07737008482217789,
        0.9916566014289856,
        -0.10310650616884232,
        -0.24629177153110504,
        0.524273693561554,
        0.12843066453933716,
        0.8418092131614685,
        1.3844327926635742
    ],
    [
        0.8509611487388611,
        0.008376597426831722,
        -0.5251617431640625,
        -0.4997142553329468,
        -0.06854777038097382,
        0.9930920004844666,
        -0.09523304551839828,
        -0.19544647634029388,
        0.5207362771034241,
        0.1170383095741272,
        0.8456569910049438,
        1.4055694341659546
    ],
    [
        0.8523725271224976,
        0.005846262909471989,
        -0.5229025483131409,
        -0.5238731503486633,
        -0.059140898287296295,
        0.9945998787879944,
        -0.08528431504964828,
        -0.12959125638008118,
        0.5195801258087158,
        0.10361891984939575,
        0.8481153845787048,
        1.416664481163025
    ],
    [
        0.852152407169342,
        0.00363715342245996,
        -0.5232811570167542,
        -0.541226863861084,
        -0.050558559596538544,
        0.9958699941635132,
        -0.0754115954041481,
        -0.05950985103845596,
        0.5208456516265869,
        0.09071850776672363,
        0.8488168120384216,
        1.4208977222442627
    ],
    [
        0.84944748878479,
        0.0030037695541977882,
        -0.5276646614074707,
        -0.5537260174751282,
        -0.04324730858206749,
        0.9970158934593201,
        -0.0639449954032898,
        0.008124247193336487,
        0.5258979797363281,
        0.07713799178600311,
        0.8470425605773926,
        1.4286630153656006
    ],
    [
        0.8424182534217834,
        0.0023369593545794487,
        -0.5388191938400269,
        -0.5683677196502686,
        -0.035179127007722855,
        0.9980955719947815,
        -0.050671957433223724,
        0.09320391714572906,
        0.5376746654510498,
        0.06164216995239258,
        0.8408961296081543,
        1.4456936120986938
    ],
    [
        0.8330102562904358,
        0.003056485904380679,
        -0.5532491207122803,
        -0.5834754109382629,
        -0.02800113335251808,
        0.9989359974861145,
        -0.03664172813296318,
        0.1818249225616455,
        0.5525485277175903,
        0.046014539897441864,
        0.832209587097168,
        1.467502474784851
    ],
    [
        0.8263986110687256,
        0.004785994533449411,
        -0.5630651116371155,
        -0.5947186946868896,
        -0.021521423012018204,
        0.9995017051696777,
        -0.023090872913599014,
        0.26954805850982666,
        0.5626740455627441,
        0.03120022639632225,
        0.8260898590087891,
        1.4919068813323975
    ],
    [
        0.8232455253601074,
        0.007157324347645044,
        -0.5676403641700745,
        -0.6021191477775574,
        -0.015876561403274536,
        0.9998196959495544,
        -0.010419044643640518,
        0.36250901222229004,
        0.5674633383750916,
        0.01758960820734501,
        0.8232107162475586,
        1.5250400304794312
    ],
    [
        0.8227185010910034,
        0.009649892337620258,
        -0.5683671236038208,
        -0.6056411862373352,
        -0.011523005552589893,
        0.9999336004257202,
        0.00029746218933723867,
        0.4582943320274353,
        0.5683322548866272,
        0.006304565817117691,
        0.8227749466896057,
        1.548537015914917
    ],
    [
        0.8231366276741028,
        0.01277241576462984,
        -0.5676997303962708,
        -0.6070991158485413,
        -0.007874123752117157,
        0.9999076128005981,
        0.01107938401401043,
        0.5824270844459534,
        0.5677887797355652,
        -0.004649702459573746,
        0.8231610655784607,
        1.572454810142517
    ],
    [
        0.8228444457054138,
        0.017018567770719528,
        -0.5680117607116699,
        -0.6177113652229309,
        -0.006224516779184341,
        0.9997614622116089,
        0.020937403663992882,
        0.7173274159431458,
        0.5682324767112732,
        -0.013692631386220455,
        0.8227541446685791,
        1.589121699333191
    ],
    [
        0.8207011818885803,
        0.02238520048558712,
        -0.5709189772605896,
        -0.6281841397285461,
        -0.0072654676623642445,
        0.9995602369308472,
        0.028747661039233208,
        0.8618537783622742,
        0.5713114738464355,
        -0.01944524422287941,
        0.8205028772354126,
        1.5989362001419067
    ],
    [
        0.8157554268836975,
        0.02760693058371544,
        -0.5777378082275391,
        -0.6381311416625977,
        -0.00976489670574665,
        0.9993752241134644,
        0.0339667983353138,
        0.984813392162323,
        0.5783146023750305,
        -0.022067053243517876,
        0.8155154585838318,
        1.6068406105041504
    ]
]