[
    [
        0.9997367262840271,
        -0.008837133646011353,
        0.02117804065346718,
        0.018835557624697685,
        0.008724400773644447,
        0.9999473094940186,
        0.005409580189734697,
        -0.02237323485314846,
        -0.021224725991487503,
        -0.005223389714956284,
        0.9997610449790955,
        0.25148805975914
    ],
    [
        0.9991890788078308,
        -0.01764412596821785,
        0.036192093044519424,
        0.07637617737054825,
        0.01752549596130848,
        0.9998399019241333,
        0.0035924676340073347,
        -0.029471637681126595,
        -0.03624969348311424,
        -0.0029552693013101816,
        0.9993384480476379,
        0.4391833543777466
    ],
    [
        0.9984249472618103,
        -0.03053356520831585,
        0.04706824943423271,
        0.17122326791286469,
        0.030452385544776917,
        0.9995332360267639,
        0.0024409901816397905,
        -0.04506309702992439,
        -0.04712080955505371,
        -0.0010038047330453992,
        0.9988886713981628,
        0.6745812296867371
    ],
    [
        0.9975006580352783,
        -0.041295576840639114,
        0.057332783937454224,
        0.24673031270503998,
        0.04146590828895569,
        0.9991382956504822,
        -0.001783925574272871,
        -0.05255615711212158,
        -0.057209715247154236,
        0.0041568223387002945,
        0.9983536005020142,
        0.8953189849853516
    ],
    [
        0.9966285824775696,
        -0.049983832985162735,
        0.06506268680095673,
        0.3278140425682068,
        0.05034219101071358,
        0.9987244606018066,
        -0.0038791040424257517,
        -0.07121775299310684,
        -0.06478582322597504,
        0.007141424808651209,
        0.9978735446929932,
        1.1555627584457397
    ],
    [
        0.9969093203544617,
        -0.05264168232679367,
        0.05831528455018997,
        0.437218576669693,
        0.05311410874128342,
        0.9985668659210205,
        -0.006579999346286058,
        -0.08722473680973053,
        -0.057885318994522095,
        0.009657024405896664,
        0.9982764720916748,
        1.393962025642395
    ],
    [
        0.9976322054862976,
        -0.054030608385801315,
        0.04255065321922302,
        0.5723091959953308,
        0.054362405091524124,
        0.9984989166259766,
        -0.0066787865944206715,
        -0.10687419027090073,
        -0.042125917971134186,
        0.00897612888365984,
        0.9990718364715576,
        1.6619231700897217
    ],
    [
        0.9983822703361511,
        -0.05042080953717232,
        0.026279186829924583,
        0.6869971752166748,
        0.05073734000325203,
        0.998645544052124,
        -0.011520219035446644,
        -0.11364886164665222,
        -0.025662744417786598,
        0.012834920547902584,
        0.9995883107185364,
        1.9335402250289917
    ],
    [
        0.9990930557250977,
        -0.041825104504823685,
        0.00797552615404129,
        0.772057831287384,
        0.041932087391614914,
        0.9990257620811462,
        -0.01375484187155962,
        -0.12498767673969269,
        -0.007392458617687225,
        0.014076798222959042,
        0.9998736381530762,
        2.1721813678741455
    ],
    [
        0.9994495511054993,
        -0.029831063002347946,
        -0.014517096802592278,
        0.8480726480484009,
        0.029597649350762367,
        0.9994332194328308,
        -0.016036180779337883,
        -0.1378597915172577,
        0.014987234957516193,
        0.015597682446241379,
        0.9997659921646118,
        2.4017064571380615
    ],
    [
        0.9990870952606201,
        -0.018514161929488182,
        -0.038499411195516586,
        0.8857719898223877,
        0.017756236717104912,
        0.9996435642242432,
        -0.01993638090789318,
        -0.1422392874956131,
        0.038854796439409256,
        0.01923457346856594,
        0.9990597367286682,
        2.6254801750183105
    ],
    [
        0.9978073835372925,
        -0.008680813014507294,
        -0.06561201810836792,
        0.9049875140190125,
        0.0073104798793792725,
        0.9997506737709045,
        -0.021096589043736458,
        -0.15095974504947662,
        0.06577897071838379,
        0.020570671185851097,
        0.9976221323013306,
        2.855609178543091
    ],
    [
        0.9955004453659058,
        -0.0023915427736938,
        -0.09472640603780746,
        0.9215894937515259,
        0.00011629008076852188,
        0.9997115135192871,
        -0.024017419666051865,
        -0.15073205530643463,
        0.09475662559270859,
        0.02389833703637123,
        0.9952135682106018,
        3.060783624649048
    ],
    [
        0.9939612150192261,
        -0.00017914525233209133,
        -0.10973161458969116,
        0.9023789167404175,
        -0.002649423200637102,
        0.9996680617332458,
        -0.02563077211380005,
        -0.14720356464385986,
        0.10969974845647812,
        0.02576671727001667,
        0.9936308264732361,
        3.229142427444458
    ],
    [
        0.9942633509635925,
        -0.001468996750190854,
        -0.10694990307092667,
        0.8435007929801941,
        -0.0013782393652945757,
        0.9996467232704163,
        -0.026543447747826576,
        -0.14322052896022797,
        0.10695081949234009,
        0.026538578793406487,
        0.9939099550247192,
        3.4201483726501465
    ],
    [
        0.9954219460487366,
        -0.0076427822932600975,
        -0.09527231007814407,
        0.7964004278182983,
        0.0050925761461257935,
        0.9996230006217957,
        -0.026982050389051437,
        -0.13860079646110535,
        0.09544244408607483,
        0.026373345404863358,
        0.995085597038269,
        3.597376823425293
    ],
    [
        0.9975541234016418,
        -0.013379000127315521,
        -0.06860534846782684,
        0.7594754695892334,
        0.01166565902531147,
        0.9996114373207092,
        -0.025314072147011757,
        -0.13526178896427155,
        0.06891727447509766,
        0.02445182390511036,
        0.9973226189613342,
        3.792206287384033
    ],
    [
        0.9995781183242798,
        -0.015996063128113747,
        -0.02423866093158722,
        0.722134530544281,
        0.015454838052392006,
        0.9996306896209717,
        -0.0223542433232069,
        -0.13442638516426086,
        0.02458728663623333,
        0.02197020873427391,
        0.9994561672210693,
        3.9368655681610107
    ],
    [
        0.9991074204444885,
        -0.018238380551338196,
        0.03810344263911247,
        0.6737186908721924,
        0.018961559981107712,
        0.9996452927589417,
        -0.01870490238070488,
        -0.13498331606388092,
        -0.03774877265095711,
        0.01941070519387722,
        0.9990987777709961,
        4.106553554534912
    ],
    [
        0.9944404363632202,
        -0.02066035196185112,
        0.10325349122285843,
        0.6426281929016113,
        0.02234445884823799,
        0.9996350407600403,
        -0.015180332586169243,
        -0.13528898358345032,
        -0.10290216654539108,
        0.017403077334165573,
        0.994539201259613,
        4.265377998352051
    ],
    [
        0.9862422347068787,
        -0.022210897877812386,
        0.16380782425403595,
        0.6170862913131714,
        0.024269675835967064,
        0.9996495842933655,
        -0.010577427223324776,
        -0.13899120688438416,
        -0.16351547837257385,
        0.014407465234398842,
        0.98643559217453,
        4.4105448722839355
    ],
    [
        0.9739630818367004,
        -0.02828957512974739,
        0.22493447363376617,
        0.5968242287635803,
        0.029472265392541885,
        0.9995637536048889,
        -0.0019012754783034325,
        -0.1553705930709839,
        -0.2247825711965561,
        0.00848110020160675,
        0.9743719696998596,
        4.578854084014893
    ],
    [
        0.9592775702476501,
        -0.02988578751683235,
        0.2808794379234314,
        0.5608446002006531,
        0.029797546565532684,
        0.9995454549789429,
        0.004585892427712679,
        -0.16368605196475983,
        -0.28088879585266113,
        0.0039703743532299995,
        0.959732174873352,
        4.745832443237305
    ],
    [
        0.9426363110542297,
        -0.0323636457324028,
        0.33224916458129883,
        0.5328679084777832,
        0.03170575946569443,
        0.9994698762893677,
        0.007402554154396057,
        -0.167262464761734,
        -0.33231231570243835,
        0.00355629064142704,
        0.9431624412536621,
        4.93288516998291
    ],
    [
        0.9292287826538086,
        -0.033796463161706924,
        0.3679562509059906,
        0.5346171855926514,
        0.03359507769346237,
        0.9994112849235535,
        0.006954793352633715,
        -0.17020806670188904,
        -0.36797454953193665,
        0.005898916628211737,
        0.929817259311676,
        5.121264934539795
    ]
]