[
    [
        0.967352032661438,
        0.00283241318538785,
        -0.2534208297729492,
        -0.18703539669513702,
        0.0034304000437259674,
        0.999699592590332,
        0.024267807602882385,
        -0.01673719845712185,
        0.2534134089946747,
        -0.024344848468899727,
        0.9670517444610596,
        0.23160198330879211
    ],
    [
        0.9374333024024963,
        -0.0010458646574988961,
        -0.34816327691078186,
        -0.21115046739578247,
        0.005675868596881628,
        0.9999085664749146,
        0.012278665788471699,
        -0.03186504542827606,
        0.3481185734272003,
        -0.013486559502780437,
        0.9373534917831421,
        0.39118844270706177
    ],
    [
        0.8995898365974426,
        -0.007238855119794607,
        -0.4366757273674011,
        -0.22914458811283112,
        0.007745363749563694,
        0.9999697804450989,
        -0.000620565377175808,
        -0.05413482338190079,
        0.4366670250892639,
        -0.0028239579405635595,
        0.8996188044548035,
        0.5713928937911987
    ],
    [
        0.856958270072937,
        -0.01598728820681572,
        -0.5151377320289612,
        -0.2745586931705475,
        0.00815477967262268,
        0.9998142719268799,
        -0.017463315278291702,
        -0.07309006154537201,
        0.5153212547302246,
        0.010764498263597488,
        0.8569294810295105,
        0.7364588379859924
    ],
    [
        0.8156469464302063,
        -0.03109174594283104,
        -0.5777139067649841,
        -0.3663669526576996,
        0.007350863888859749,
        0.9990312457084656,
        -0.043388109654188156,
        -0.08293431997299194,
        0.5785032510757446,
        0.03114267997443676,
        0.8150854110717773,
        0.9046570062637329
    ],
    [
        0.7748059630393982,
        -0.055835921317338943,
        -0.6297285556793213,
        -0.4959360659122467,
        0.006019640248268843,
        0.9966986179351807,
        -0.08096746355295181,
        -0.10728990286588669,
        0.6321704387664795,
        0.058943331241607666,
        0.7725841403007507,
        1.0845683813095093
    ],
    [
        0.7352269291877747,
        -0.08266785740852356,
        -0.672761082649231,
        -0.6279866695404053,
        0.004729741252958775,
        0.9931363463401794,
        -0.11686621606349945,
        -0.15887176990509033,
        0.6778045296669006,
        0.08274120092391968,
        0.7305715680122375,
        1.251060962677002
    ],
    [
        0.6979422569274902,
        -0.11402419209480286,
        -0.7070185542106628,
        -0.7636159062385559,
        0.0026038445066660643,
        0.9876410961151123,
        -0.15671110153198242,
        -0.2324512004852295,
        0.7161493301391602,
        0.10753435641527176,
        0.6896133422851562,
        1.3981684446334839
    ],
    [
        0.6613336205482483,
        -0.16080191731452942,
        -0.7326531410217285,
        -0.9244194030761719,
        0.0009739477536641061,
        0.9769343733787537,
        -0.21353736519813538,
        -0.31557413935661316,
        0.7500912547111511,
        0.1405058652162552,
        0.6462362408638,
        1.5520848035812378
    ],
    [
        0.6311658024787903,
        -0.20551355183124542,
        -0.747926652431488,
        -1.0794973373413086,
        -0.00039540958823636174,
        0.964174747467041,
        -0.2652674615383148,
        -0.36877554655075073,
        0.7756478190422058,
        0.16772347688674927,
        0.6084728240966797,
        1.6990420818328857
    ],
    [
        0.5976578593254089,
        -0.24780163168907166,
        -0.7624954581260681,
        -1.244874358177185,
        0.000164855839102529,
        0.951075553894043,
        -0.30895859003067017,
        -0.4257979989051819,
        0.8017511963844299,
        0.18452583253383636,
        0.5684586763381958,
        1.85224187374115
    ],
    [
        0.5594697594642639,
        -0.2892259657382965,
        -0.776750922203064,
        -1.4260120391845703,
        8.380938379559666e-05,
        0.9371617436408997,
        -0.34889522194862366,
        -0.48300901055336,
        0.8288507461547852,
        0.19513122737407684,
        0.5243378281593323,
        1.9838144779205322
    ],
    [
        0.524763286113739,
        -0.3257793188095093,
        -0.7864423394203186,
        -1.639472484588623,
        -0.002033587545156479,
        0.9233869910240173,
        -0.3838649392127991,
        -0.5228363275527954,
        0.8512457609176636,
        0.20303753018379211,
        0.48389720916748047,
        2.0988779067993164
    ],
    [
        0.4957183599472046,
        -0.36004748940467834,
        -0.7903345823287964,
        -1.8695189952850342,
        -0.004555338528007269,
        0.9089268445968628,
        -0.4169308543205261,
        -0.5969746112823486,
        0.8684713840484619,
        0.21028053760528564,
        0.44893136620521545,
        2.200514078140259
    ],
    [
        0.47164949774742126,
        -0.3840208053588867,
        -0.7937724590301514,
        -2.06033992767334,
        -0.006634930614382029,
        0.8986161351203918,
        -0.43868565559387207,
        -0.7326679229736328,
        0.8817611336708069,
        0.2121725231409073,
        0.4212837517261505,
        2.2698915004730225
    ],
    [
        0.45064830780029297,
        -0.4024045467376709,
        -0.7968605160713196,
        -2.218998908996582,
        -0.009014643728733063,
        0.8905425071716309,
        -0.45481085777282715,
        -0.8528927564620972,
        0.8926560878753662,
        0.2121431678533554,
        0.39769381284713745,
        2.3385391235351562
    ],
    [
        0.42444297671318054,
        -0.42085373401641846,
        -0.8017045855522156,
        -2.4085309505462646,
        -0.007858875207602978,
        0.8836710453033447,
        -0.4680424630641937,
        -0.937141478061676,
        0.9054205417633057,
        0.20495787262916565,
        0.3717605769634247,
        2.441560983657837
    ],
    [
        0.3938053548336029,
        -0.4355894923210144,
        -0.8094311356544495,
        -2.5540642738342285,
        -0.006247254088521004,
        0.8792997002601624,
        -0.4762280285358429,
        -1.0281044244766235,
        0.9191725850105286,
        0.19259780645370483,
        0.3435518741607666,
        2.539674997329712
    ],
    [
        0.35449057817459106,
        -0.44881653785705566,
        -0.8203049898147583,
        -2.682188034057617,
        -0.004633631091564894,
        0.8764215707778931,
        -0.4815223515033722,
        -1.1344536542892456,
        0.9350481033325195,
        0.1744960993528366,
        0.308603435754776,
        2.6192550659179688
    ],
    [
        0.3086980879306793,
        -0.4605861008167267,
        -0.8322055339813232,
        -2.8142075538635254,
        -0.0037805940955877304,
        0.8743363618850708,
        -0.4853057563304901,
        -1.2041293382644653,
        0.9511525630950928,
        0.15295922756195068,
        0.26816457509994507,
        2.6781668663024902
    ],
    [
        0.26303184032440186,
        -0.47029268741607666,
        -0.8424007296562195,
        -2.954835891723633,
        -0.003869785461574793,
        0.8726253509521484,
        -0.4883747696876526,
        -1.2588050365447998,
        0.9647793769836426,
        0.1317180097103119,
        0.22770817577838898,
        2.715816020965576
    ],
    [
        0.21388202905654907,
        -0.48028311133384705,
        -0.8506366610527039,
        -3.0696005821228027,
        -0.004640425555408001,
        0.8702776432037354,
        -0.49253952503204346,
        -1.3613920211791992,
        0.9768484830856323,
        0.10929268598556519,
        0.1839079111814499,
        2.7482194900512695
    ],
    [
        0.15776363015174866,
        -0.4863590896129608,
        -0.8593983054161072,
        -3.1629250049591064,
        -0.002708671148866415,
        0.8700807094573975,
        -0.49290183186531067,
        -1.4677915573120117,
        0.98747318983078,
        0.08008980005979538,
        0.13594956696033478,
        2.79606032371521
    ],
    [
        0.09072495251893997,
        -0.4921279549598694,
        -0.8657821416854858,
        -3.268939256668091,
        -0.000585551664698869,
        0.8693411946296692,
        -0.49421221017837524,
        -1.5283533334732056,
        0.9958757162094116,
        0.04534429311752319,
        0.078582763671875,
        2.8643157482147217
    ],
    [
        -0.007329941727221012,
        -0.49435955286026,
        -0.8692266345024109,
        -3.3998100757598877,
        0.0018197169993072748,
        0.8692419528961182,
        -0.4943835735321045,
        -1.6231080293655396,
        0.9999714493751526,
        -0.005205544643104076,
        -0.00547190522775054,
        2.9560234546661377
    ]
]