[
    [
        0.9999997019767761,
        0.0004729580832645297,
        0.000657183991279453,
        0.0597541481256485,
        -0.00047218994586728513,
        0.9999992251396179,
        -0.0011683808406814933,
        0.003814676543697715,
        -0.0006577361491508782,
        0.0011680694296956062,
        0.9999991655349731,
        0.2020726501941681
    ],
    [
        0.9999985694885254,
        0.0011077352100983262,
        0.0013127826387062669,
        0.07210195064544678,
        -0.001106858137063682,
        0.9999991655349731,
        -0.0006694360636174679,
        0.00515197915956378,
        -0.0013135235058143735,
        0.0006679820362478495,
        0.999998927116394,
        0.26695775985717773
    ],
    [
        0.9999975562095642,
        0.0014368599513545632,
        0.0016859796596691012,
        0.08311662822961807,
        -0.0014361070934683084,
        0.9999988675117493,
        -0.000447711325250566,
        0.0056840782053768635,
        -0.0016866214573383331,
        0.00044528860598802567,
        0.9999984502792358,
        0.3375309407711029
    ],
    [
        0.9999963641166687,
        0.0016369061777368188,
        0.0021575759164988995,
        0.09019038826227188,
        -0.0016354749677702785,
        0.9999985098838806,
        -0.0006648771231994033,
        0.008207433857023716,
        -0.0021586609072983265,
        0.0006613458972424269,
        0.9999973773956299,
        0.4009924530982971
    ],
    [
        0.9999956488609314,
        0.000826392148155719,
        0.002843996277078986,
        0.10061751306056976,
        -0.000825097959022969,
        0.9999995827674866,
        -0.00045615757699124515,
        0.012960808351635933,
        -0.0028443727642297745,
        0.00045380942174233496,
        0.9999958276748657,
        0.4733729958534241
    ],
    [
        0.9999964833259583,
        0.0005897619412280619,
        0.0025734645314514637,
        0.11276980489492416,
        -0.0005887990118935704,
        0.9999997615814209,
        -0.00037492357660084963,
        0.011906230822205544,
        -0.0025736854877322912,
        0.00037340744165703654,
        0.9999966621398926,
        0.5413883328437805
    ],
    [
        0.9999956488609314,
        0.001292726956307888,
        0.002664995612576604,
        0.12216463685035706,
        -0.001292414148338139,
        0.9999991655349731,
        -0.00011875679774675518,
        0.010156861506402493,
        -0.0026651471853256226,
        0.00011531119525898248,
        0.9999964237213135,
        0.6128957271575928
    ],
    [
        0.9999951124191284,
        0.0013512996956706047,
        0.0028176975902169943,
        0.13528944551944733,
        -0.0013515523169189692,
        0.9999990463256836,
        8.800815703580156e-05,
        0.008493890054523945,
        -0.0028175765182822943,
        -9.181583300232887e-05,
        0.9999960660934448,
        0.6857283711433411
    ],
    [
        0.9999915361404419,
        0.0006650546565651894,
        0.004075841978192329,
        0.14937745034694672,
        -0.0006659202626906335,
        0.9999997019767761,
        0.00021094163821544498,
        0.00762947415933013,
        -0.0040757013484835625,
        -0.0002136543917004019,
        0.999991774559021,
        0.75478595495224
    ],
    [
        0.9999589323997498,
        0.001551306340843439,
        0.00892492476850748,
        0.16063520312309265,
        -0.0015557586448267102,
        0.9999986886978149,
        0.0004919781931675971,
        0.0014922514092177153,
        -0.008924148976802826,
        -0.000505843898281455,
        0.9999600648880005,
        0.8367689847946167
    ],
    [
        0.9998982548713684,
        0.0010474645532667637,
        0.01422914769500494,
        0.16462691128253937,
        -0.001049642451107502,
        0.9999994039535522,
        0.0001455573074053973,
        -0.0030382652767002583,
        -0.014228987507522106,
        -0.00016047769167926162,
        0.9998987913131714,
        0.9082881212234497
    ],
    [
        0.9997789859771729,
        0.0011621182784438133,
        0.020989028736948967,
        0.16889896988868713,
        -0.0011599475983530283,
        0.9999992847442627,
        -0.00011557872494449839,
        -0.003712545847520232,
        -0.020989149808883667,
        9.120627510128543e-05,
        0.9997797608375549,
        0.9777776002883911
    ],
    [
        0.9995765686035156,
        0.0012169844703748822,
        0.02907560206949711,
        0.17902305722236633,
        -0.0012139728059992194,
        0.9999992847442627,
        -0.00012122035695938393,
        -0.007699906360358,
        -0.029075728729367256,
        8.587166666984558e-05,
        0.9995772242546082,
        1.0545742511749268
    ],
    [
        0.9993188977241516,
        0.0009510190575383604,
        0.03689055144786835,
        0.18901327252388,
        -0.0009582799393683672,
        0.999999463558197,
        0.00017914269119501114,
        -0.015475091524422169,
        -0.03689035773277283,
        -0.00021437146642711014,
        0.999319314956665,
        1.1319079399108887
    ],
    [
        0.9988898634910583,
        0.0005324715166352689,
        0.047102607786655426,
        0.20265311002731323,
        -0.0005106914322823286,
        0.9999997615814209,
        -0.0004744185134768486,
        -0.022192025557160378,
        -0.04710284620523453,
        0.0004498364869505167,
        0.9988899827003479,
        1.2089656591415405
    ],
    [
        0.9983088970184326,
        0.0004222802526783198,
        0.05813073739409447,
        0.2158711701631546,
        -0.00037149270065128803,
        0.9999995827674866,
        -0.0008844765834510326,
        -0.027242979034781456,
        -0.05813108757138252,
        0.0008613861282356083,
        0.9983086585998535,
        1.2719389200210571
    ],
    [
        0.9974032640457153,
        0.000901260762475431,
        0.07201262563467026,
        0.22424224019050598,
        -0.0008686580695211887,
        0.999999463558197,
        -0.00048405397683382034,
        -0.03411075100302696,
        -0.07201302796602249,
        0.00042024266440421343,
        0.9974035620689392,
        1.3480472564697266
    ],
    [
        0.9963237047195435,
        0.0010630962206050754,
        0.08566287159919739,
        0.22507256269454956,
        -0.0010405289940536022,
        0.999999463558197,
        -0.0003080906462855637,
        -0.04124448448419571,
        -0.08566314727067947,
        0.00021782261319458485,
        0.9963240027427673,
        1.4232378005981445
    ],
    [
        0.9949887990951538,
        0.0010123056126758456,
        0.09998141974210739,
        0.22683019936084747,
        -0.0009299844386987388,
        0.9999992251396179,
        -0.0008699726895429194,
        -0.04293518513441086,
        -0.09998221695423126,
        0.0007726321346126497,
        0.9949888586997986,
        1.499482274055481
    ],
    [
        0.9939388036727905,
        0.0008323793299496174,
        0.109931580722332,
        0.22880856692790985,
        -0.0007275668322108686,
        0.9999993443489075,
        -0.0009935400448739529,
        -0.042131125926971436,
        -0.10993234068155289,
        0.0009075364214368165,
        0.9939385652542114,
        1.5736442804336548
    ],
    [
        0.9930034279823303,
        0.00041530749876983464,
        0.11808522790670395,
        0.23382727801799774,
        -0.0002979864948429167,
        0.999999463558197,
        -0.001011187443509698,
        -0.03992993384599686,
        -0.118085578083992,
        0.0009689235594123602,
        0.9930030107498169,
        1.6428354978561401
    ],
    [
        0.991875171661377,
        -0.00010389638191554695,
        0.12721514701843262,
        0.23981809616088867,
        0.00024122434842865914,
        0.9999994039535522,
        -0.0010640837717801332,
        -0.04317883029580116,
        -0.1272149682044983,
        0.0010861270129680634,
        0.9918745160102844,
        1.7128777503967285
    ],
    [
        0.9907525777816772,
        -0.00029513181652873755,
        0.13568082451820374,
        0.24513810873031616,
        0.0005125370807945728,
        0.9999986290931702,
        -0.001567405997775495,
        -0.0458093024790287,
        -0.13568015396595,
        0.0016224527498707175,
        0.9907512664794922,
        1.765220046043396
    ],
    [
        0.9892692565917969,
        -0.0004966915585100651,
        0.14610323309898376,
        0.2533515393733978,
        0.0007328176288865507,
        0.9999985694885254,
        -0.0015623444924131036,
        -0.050674472004175186,
        -0.14610224962234497,
        0.0016526461113244295,
        0.9892681837081909,
        1.8284575939178467
    ],
    [
        0.9876089692115784,
        -0.0006982106133364141,
        0.1569332778453827,
        0.2595869302749634,
        0.000796006468590349,
        0.9999995231628418,
        -0.0005603163735941052,
        -0.062330372631549835,
        -0.15693281590938568,
        0.0006782939890399575,
        0.9876091480255127,
        1.901676058769226
    ]
]