[
    [
        0.7817414402961731,
        -0.01894264668226242,
        0.6233148574829102,
        -0.03579219430685043,
        0.024286743253469467,
        0.9997050166130066,
        -7.844379433663562e-05,
        -0.02450721338391304,
        -0.6231294870376587,
        0.015199610032141209,
        0.7819709777832031,
        -0.5606364011764526
    ],
    [
        0.7584350109100342,
        -0.0195867158472538,
        0.6514542698860168,
        -0.012715254910290241,
        0.025030866265296936,
        0.9996862411499023,
        0.0009153138962574303,
        -0.024364402517676353,
        -0.6512677669525146,
        0.015612255781888962,
        0.7586873769760132,
        -0.5686607956886292
    ],
    [
        0.7343505024909973,
        -0.020764952525496483,
        0.678452730178833,
        0.011958586052060127,
        0.02612813003361225,
        0.9996559619903564,
        0.002314975019544363,
        -0.02293788455426693,
        -0.6782674193382263,
        0.016026699915528297,
        0.7346404194831848,
        -0.5763984322547913
    ],
    [
        0.7095834016799927,
        -0.022961579263210297,
        0.7042471766471863,
        0.03988323733210564,
        0.027857251465320587,
        0.9996017217636108,
        0.00452310498803854,
        -0.022298280149698257,
        -0.7040705680847168,
        0.016408871859312057,
        0.709940493106842,
        -0.5775609016418457
    ],
    [
        0.6831017136573792,
        -0.02641930803656578,
        0.7298452258110046,
        0.07738249748945236,
        0.030292028561234474,
        0.9995104074478149,
        0.007828830741345882,
        -0.02298879623413086,
        -0.729694664478302,
        0.016760604456067085,
        0.6835677027702332,
        -0.5651937127113342
    ],
    [
        0.6548438668251038,
        -0.030418213456869125,
        0.7551517486572266,
        0.12010941654443741,
        0.03299693390727043,
        0.9993876218795776,
        0.01164235919713974,
        -0.022459931671619415,
        -0.7550435662269592,
        0.017293766140937805,
        0.6554465293884277,
        -0.5448299646377563
    ],
    [
        0.626191258430481,
        -0.034647565335035324,
        0.7788991928100586,
        0.1734427958726883,
        0.03567666560411453,
        0.999238908290863,
        0.01576683484017849,
        -0.020801139995455742,
        -0.7788527607917786,
        0.017915472388267517,
        0.6269508600234985,
        -0.5238471031188965
    ],
    [
        0.5968242287635803,
        -0.03858166188001633,
        0.801443874835968,
        0.2340160459280014,
        0.038282230496406555,
        0.9990749359130859,
        0.01958741433918476,
        -0.020181531086564064,
        -0.8014582395553589,
        0.01899082027375698,
        0.5977491736412048,
        -0.5003386735916138
    ],
    [
        0.5670114755630493,
        -0.0415315255522728,
        0.8226622343063354,
        0.2959962785243988,
        0.040061868727207184,
        0.9989367127418518,
        0.02281838282942772,
        -0.018103253096342087,
        -0.8227351307868958,
        0.020019100978970528,
        0.5680722594261169,
        -0.47456711530685425
    ],
    [
        0.5381373763084412,
        -0.04383059963583946,
        0.8417167663574219,
        0.36189907789230347,
        0.04178817942738533,
        0.998806357383728,
        0.02529413253068924,
        -0.017357613891363144,
        -0.8418206572532654,
        0.021562090143561363,
        0.5393266081809998,
        -0.4517514407634735
    ],
    [
        0.5104060769081116,
        -0.04510008916258812,
        0.8587501645088196,
        0.43964850902557373,
        0.043516844511032104,
        0.998698890209198,
        0.026585321873426437,
        -0.016381891444325447,
        -0.8588317632675171,
        0.02380078285932541,
        0.5117045640945435,
        -0.42772743105888367
    ],
    [
        0.4816643297672272,
        -0.04807431250810623,
        0.8750361800193787,
        0.5237221121788025,
        0.04745863005518913,
        0.9984599947929382,
        0.028731541708111763,
        -0.022017501294612885,
        -0.8750698566436768,
        0.027689065784215927,
        0.48320403695106506,
        -0.3985627591609955
    ],
    [
        0.45267370343208313,
        -0.04737713560461998,
        0.8904167413711548,
        0.6076098680496216,
        0.04905248060822487,
        0.9983984231948853,
        0.02818511240184307,
        -0.023791635408997536,
        -0.8903259634971619,
        0.030918488278985023,
        0.45427268743515015,
        -0.3665863275527954
    ],
    [
        0.4233509600162506,
        -0.04478013515472412,
        0.9048584699630737,
        0.6912128329277039,
        0.04966898635029793,
        0.9984228014945984,
        0.026172157377004623,
        -0.024919599294662476,
        -0.9046032428741455,
        0.03386338800191879,
        0.424907386302948,
        -0.33184200525283813
    ],
    [
        0.3936110734939575,
        -0.04197269305586815,
        0.9183183908462524,
        0.7776721715927124,
        0.050707634538412094,
        0.9984275698661804,
        0.023899782449007034,
        -0.027689548209309578,
        -0.9178774952888489,
        0.037158526480197906,
        0.3951204717159271,
        -0.29353079199790955
    ],
    [
        0.36404725909233093,
        -0.03760111331939697,
        0.9306211471557617,
        0.8636465072631836,
        0.050961170345544815,
        0.9984921216964722,
        0.0204080231487751,
        -0.030890170484781265,
        -0.9299852848052979,
        0.039996061474084854,
        0.36541450023651123,
        -0.25780758261680603
    ],
    [
        0.33451512455940247,
        -0.03189452365040779,
        0.9418505430221558,
        0.9532796144485474,
        0.050581660121679306,
        0.9985941052436829,
        0.015851087868213654,
        -0.03290419280529022,
        -0.9410319924354553,
        0.04233793541789055,
        0.33565813302993774,
        -0.22055663168430328
    ],
    [
        0.30504077672958374,
        -0.027543209493160248,
        0.9519408941268921,
        1.0557103157043457,
        0.05178721621632576,
        0.9985824227333069,
        0.012297985143959522,
        -0.0379365049302578,
        -0.950930118560791,
        0.04554697871208191,
        0.30603474378585815,
        -0.1825360208749771
    ],
    [
        0.27538108825683594,
        -0.024136895313858986,
        0.9610320925712585,
        1.1545411348342896,
        0.0537419356405735,
        0.9985079765319824,
        0.009678519330918789,
        -0.045478031039237976,
        -0.9598317742347717,
        0.048982441425323486,
        0.2762673795223236,
        -0.1487458497285843
    ],
    [
        0.2454860359430313,
        -0.019961152225732803,
        0.9691945314407349,
        1.2508538961410522,
        0.05476968735456467,
        0.9984766244888306,
        0.006691694259643555,
        -0.04962657764554024,
        -0.9678516387939453,
        0.051439765840768814,
        0.24620530009269714,
        -0.11510404199361801
    ],
    [
        0.21596454083919525,
        -0.0161461029201746,
        0.9762677550315857,
        1.343902826309204,
        0.055021870881319046,
        0.9984756708145142,
        0.0043417601846158504,
        -0.05247762054204941,
        -0.9748496413230896,
        0.05277840420603752,
        0.21652373671531677,
        -0.08589348942041397
    ],
    [
        0.18665413558483124,
        -0.014911144971847534,
        0.9823125004768372,
        1.4320176839828491,
        0.05648108944296837,
        0.9983938932418823,
        0.004422998055815697,
        -0.05771656334400177,
        -0.9808008074760437,
        0.05465651676058769,
        0.1871965527534485,
        -0.06002912297844887
    ],
    [
        0.15805718302726746,
        -0.013841189444065094,
        0.9873329401016235,
        1.5188008546829224,
        0.057212043553590775,
        0.9983502626419067,
        0.004836848936975002,
        -0.06026579067111015,
        -0.985771119594574,
        0.055722832679748535,
        0.15858832001686096,
        -0.036984942853450775
    ],
    [
        0.1306026577949524,
        -0.010874742642045021,
        0.9913751482963562,
        1.6149301528930664,
        0.05530812218785286,
        0.9984626173973083,
        0.003666255157440901,
        -0.05756055563688278,
        -0.989890992641449,
        0.05435227230191231,
        0.13100336492061615,
        -0.01763867400586605
    ],
    [
        0.09902381896972656,
        -0.01104029268026352,
        0.9950238466262817,
        1.7276397943496704,
        0.056308548897504807,
        0.9983983635902405,
        0.0054739611223340034,
        -0.057803161442279816,
        -0.9934905767440796,
        0.055486295372247696,
        0.09948689490556717,
        0.0020483697298914194
    ]
]