[
    [
        0.9999144077301025,
        -0.0018144217319786549,
        0.012956689111888409,
        0.19402991235256195,
        0.0019626643043011427,
        0.9999326467514038,
        -0.01143784448504448,
        0.07405876368284225,
        -0.012935064733028412,
        0.011462296359241009,
        0.9998506307601929,
        -0.005964282434433699
    ],
    [
        0.9998723268508911,
        -0.0035249406937509775,
        0.015589174814522266,
        0.24702608585357666,
        0.0037058948073536158,
        0.9999259114265442,
        -0.01159408688545227,
        0.08922881633043289,
        -0.015547151677310467,
        0.011650378815829754,
        0.9998113512992859,
        -0.00518643157556653
    ],
    [
        0.9997223019599915,
        -0.007746034301817417,
        0.022255582734942436,
        0.3089279532432556,
        0.008051724173128605,
        0.9998740553855896,
        -0.013678847812116146,
        0.10669121891260147,
        -0.02214682474732399,
        0.013854246586561203,
        0.9996587038040161,
        -0.0037691444158554077
    ],
    [
        0.9995269775390625,
        -0.012607477605342865,
        0.028051109984517097,
        0.3722476363182068,
        0.012961922213435173,
        0.9998380541801453,
        -0.01248988788574934,
        0.11506535112857819,
        -0.027889098972082138,
        0.01284757535904646,
        0.9995285272598267,
        -0.0025538925547152758
    ],
    [
        0.9992892146110535,
        -0.01739625073969364,
        0.03344116732478142,
        0.43663451075553894,
        0.017872288823127747,
        0.9997424483299255,
        -0.013989235274493694,
        0.12347789108753204,
        -0.03318919613957405,
        0.01457696408033371,
        0.9993427395820618,
        -0.0016926934476941824
    ],
    [
        0.9990677237510681,
        -0.023350300267338753,
        0.03630901500582695,
        0.502799928188324,
        0.023796867579221725,
        0.9996458292007446,
        -0.011915840208530426,
        0.1255096048116684,
        -0.036017920821905136,
        0.012768772430717945,
        0.9992696642875671,
        -0.002811363898217678
    ],
    [
        0.9986914992332458,
        -0.029260747134685516,
        0.04194026440382004,
        0.5621910095214844,
        0.029850780963897705,
        0.9994630813598633,
        -0.01351180300116539,
        0.13070131838321686,
        -0.041522376239299774,
        0.014746071770787239,
        0.9990288019180298,
        -0.003370712511241436
    ],
    [
        0.9982073903083801,
        -0.03522093966603279,
        0.04838833957910538,
        0.6172206401824951,
        0.035835932940244675,
        0.9992868304252625,
        -0.011901121586561203,
        0.133192777633667,
        -0.04793466627597809,
        0.013613829389214516,
        0.9987577199935913,
        -0.005070369690656662
    ],
    [
        0.9977260828018188,
        -0.041488826274871826,
        0.05311591550707817,
        0.6711466908454895,
        0.04205989092588425,
        0.9990682005882263,
        -0.009678423404693604,
        0.13612639904022217,
        -0.052664872258901596,
        0.011890462599694729,
        0.9985414743423462,
        -0.008383042179048061
    ],
    [
        0.9971737265586853,
        -0.048247694969177246,
        0.05759257450699806,
        0.7227230668067932,
        0.04863522946834564,
        0.9988023042678833,
        -0.005345508456230164,
        0.1370404213666916,
        -0.057265687733888626,
        0.008131427690386772,
        0.9983258843421936,
        -0.012332062236964703
    ],
    [
        0.996684730052948,
        -0.05470600351691246,
        0.06022303178906441,
        0.7758148312568665,
        0.05499082803726196,
        0.9984820485115051,
        -0.0030810104217380285,
        0.14268168807029724,
        -0.05996306613087654,
        0.006382510531693697,
        0.9981801509857178,
        -0.016384752467274666
    ],
    [
        0.9960262179374695,
        -0.06130518764257431,
        0.0646018236875534,
        0.827045202255249,
        0.061465173959732056,
        0.9981090426445007,
        -0.0004901254433207214,
        0.14976511895656586,
        -0.06444961577653885,
        0.004458939656615257,
        0.9979110360145569,
        -0.02093404531478882
    ],
    [
        0.995406985282898,
        -0.06732261180877686,
        0.06806347519159317,
        0.8839885592460632,
        0.06752341985702515,
        0.9977174997329712,
        -0.0006513845291920006,
        0.16309675574302673,
        -0.06786426156759262,
        0.0052442713640630245,
        0.9976807832717896,
        -0.02730691060423851
    ],
    [
        0.9949502348899841,
        -0.07201966643333435,
        0.06991029530763626,
        0.9350656270980835,
        0.07231264561414719,
        0.9973806142807007,
        -0.0016657131491228938,
        0.1762932538986206,
        -0.069607213139534,
        0.006712700240314007,
        0.9975518584251404,
        -0.03278500586748123
    ],
    [
        0.9942583441734314,
        -0.07911837846040726,
        0.07204531878232956,
        1.005427360534668,
        0.07960539311170578,
        0.9968188405036926,
        -0.003909297287464142,
        0.19525401294231415,
        -0.07150683552026749,
        0.009622047655284405,
        0.997393786907196,
        -0.03996973857283592
    ],
    [
        0.9932088851928711,
        -0.086467444896698,
        0.07784313708543777,
        1.076573371887207,
        0.08737199008464813,
        0.9961413145065308,
        -0.00828393455594778,
        0.2178328037261963,
        -0.07682647556066513,
        0.015028988011181355,
        0.9969311952590942,
        -0.04825352877378464
    ],
    [
        0.9921585321426392,
        -0.094125896692276,
        0.08222943544387817,
        1.152875542640686,
        0.09443524479866028,
        0.9955309629440308,
        0.00012781172699760646,
        0.22384138405323029,
        -0.08187397569417953,
        0.007638544775545597,
        0.9966133832931519,
        -0.05551339313387871
    ],
    [
        0.9913001656532288,
        -0.10040264576673508,
        0.08510696887969971,
        1.232082724571228,
        0.10080815106630325,
        0.9949058294296265,
        -0.0004696077958215028,
        0.24003808200359344,
        -0.08462626487016678,
        0.009044996462762356,
        0.9963716864585876,
        -0.06336938589811325
    ],
    [
        0.9904078841209412,
        -0.1059982106089592,
        0.0886378064751625,
        1.3094737529754639,
        0.10623840987682343,
        0.9943386912345886,
        0.0020167864859104156,
        0.25007227063179016,
        -0.08834976702928543,
        0.0074192979373037815,
        0.9960619807243347,
        -0.07126650214195251
    ],
    [
        0.98951655626297,
        -0.11149444431066513,
        0.09179284423589706,
        1.3867955207824707,
        0.11173941195011139,
        0.9937344193458557,
        0.0024823690764606,
        0.2612133324146271,
        -0.09149449318647385,
        0.007800533901900053,
        0.9957749843597412,
        -0.07890207320451736
    ],
    [
        0.988344669342041,
        -0.11773191392421722,
        0.09650852531194687,
        1.46043860912323,
        0.11803179234266281,
        0.9930064082145691,
        0.002615726785734296,
        0.27402281761169434,
        -0.09614154696464539,
        0.008805837482213974,
        0.9953286647796631,
        -0.08742162585258484
    ],
    [
        0.987038254737854,
        -0.1249677836894989,
        0.1006903424859047,
        1.534815788269043,
        0.12531885504722595,
        0.992112398147583,
        0.0028561025392264128,
        0.2906745374202728,
        -0.10025305300951004,
        0.009799318388104439,
        0.9949138164520264,
        -0.09518899023532867
    ],
    [
        0.9853898882865906,
        -0.1325250118970871,
        0.10697650164365768,
        1.6098240613937378,
        0.1328241527080536,
        0.991129994392395,
        0.00435554888099432,
        0.3115557134151459,
        -0.10660484433174133,
        0.009917150251567364,
        0.9942520260810852,
        -0.1042165458202362
    ],
    [
        0.9830916523933411,
        -0.14308331906795502,
        0.11427150666713715,
        1.6890445947647095,
        0.14341536164283752,
        0.9896480441093445,
        0.005352864507585764,
        0.34166038036346436,
        -0.11385448276996613,
        0.011125932447612286,
        0.9934351444244385,
        -0.11394138634204865
    ],
    [
        0.9806933999061584,
        -0.1546642929315567,
        0.11966270208358765,
        1.781166911125183,
        0.15502378344535828,
        0.9878902435302734,
        0.006355449557304382,
        0.3807051181793213,
        -0.11919655650854111,
        0.012317820452153683,
        0.9927942752838135,
        -0.12006048858165741
    ]
]