[
    [
        0.9998735785484314,
        0.0037110699340701103,
        -0.015459294430911541,
        0.07903274148702621,
        -0.0046535213477909565,
        0.9981035590171814,
        -0.06138063594698906,
        0.1692999005317688,
        0.015202187933027744,
        0.06144481897354126,
        0.9979947805404663,
        0.3023873567581177
    ],
    [
        0.9993683099746704,
        0.00559983728453517,
        -0.03509419411420822,
        0.11326779425144196,
        -0.00832665991038084,
        0.9969152808189392,
        -0.07804244011640549,
        0.20338939130306244,
        0.03454890847206116,
        0.07828535884618759,
        0.9963321089744568,
        0.37488853931427
    ],
    [
        0.9967363476753235,
        0.008026880212128162,
        -0.08032550662755966,
        0.17888762056827545,
        -0.01591183803975582,
        0.9950582385063171,
        -0.09800989180803299,
        0.23291337490081787,
        0.07914184778928757,
        0.09896816313266754,
        0.9919384121894836,
        0.42011478543281555
    ],
    [
        0.9908651113510132,
        0.011846540495753288,
        -0.13433516025543213,
        0.24542424082756042,
        -0.027633214369416237,
        0.992833137512207,
        -0.11626999825239182,
        0.2372223138809204,
        0.13199499249458313,
        0.11891999840736389,
        0.9840912222862244,
        0.3994966447353363
    ],
    [
        0.9825953245162964,
        0.014970052056014538,
        -0.18515489995479584,
        0.3041650652885437,
        -0.03873240202665329,
        0.9913503527641296,
        -0.12539613246917725,
        0.2508469521999359,
        0.18167617917060852,
        0.130385160446167,
        0.9746760725975037,
        0.3512987196445465
    ],
    [
        0.9733249545097351,
        0.016694651916623116,
        -0.22882257401943207,
        0.37978798151016235,
        -0.048612236976623535,
        0.9897109270095825,
        -0.13456986844539642,
        0.2536105513572693,
        0.2242216169834137,
        0.14210377633571625,
        0.96412193775177,
        0.281305193901062
    ],
    [
        0.9620803594589233,
        0.018074579536914825,
        -0.27216657996177673,
        0.4631459414958954,
        -0.05828786641359329,
        0.9883771538734436,
        -0.1404033750295639,
        0.24118277430534363,
        0.26646551489830017,
        0.1509433388710022,
        0.951951801776886,
        0.19733461737632751
    ],
    [
        0.9503117799758911,
        0.018385684117674828,
        -0.3107563555240631,
        0.551984429359436,
        -0.06702463328838348,
        0.9869263768196106,
        -0.14657457172870636,
        0.23801466822624207,
        0.30399879813194275,
        0.16011986136436462,
        0.9391199350357056,
        0.10180716216564178
    ],
    [
        0.9396453499794006,
        0.018825601786375046,
        -0.3416317105293274,
        0.6253717541694641,
        -0.07381818443536758,
        0.9861242771148682,
        -0.14869385957717896,
        0.24069716036319733,
        0.33409205079078674,
        0.16493812203407288,
        0.9279967546463013,
        0.009345214813947678
    ],
    [
        0.9312417507171631,
        0.020898355171084404,
        -0.36380210518836975,
        0.6585540771484375,
        -0.08081261813640594,
        0.9853385090827942,
        -0.1502579003572464,
        0.252814918756485,
        0.3553280532360077,
        0.16932623088359833,
        0.9192771315574646,
        -0.09029363095760345
    ],
    [
        0.9298848509788513,
        0.02251601219177246,
        -0.36716124415397644,
        0.6699717044830322,
        -0.0837879329919815,
        0.984852135181427,
        -0.1518084555864334,
        0.2805071771144867,
        0.3581814169883728,
        0.1719280481338501,
        0.9176855683326721,
        -0.20877575874328613
    ],
    [
        0.9331336617469788,
        0.023287132382392883,
        -0.3587746024131775,
        0.6814846396446228,
        -0.08320553600788116,
        0.9847965836524963,
        -0.15248797833919525,
        0.305048406124115,
        0.3497689366340637,
        0.17214371263980865,
        0.9208845496177673,
        -0.3290296792984009
    ],
    [
        0.9488621950149536,
        0.021148772910237312,
        -0.3149813413619995,
        0.7204059958457947,
        -0.0737171620130539,
        0.9850131869316101,
        -0.15593180060386658,
        0.3324827551841736,
        0.3069630265235901,
        0.17117731273174286,
        0.9362007975578308,
        -0.45340025424957275
    ],
    [
        0.9669145941734314,
        0.018873514607548714,
        -0.2544010579586029,
        0.7546310424804688,
        -0.06045999750494957,
        0.9858005046844482,
        -0.15665866434574127,
        0.35409823060035706,
        0.2478320151567459,
        0.16685664653778076,
        0.9543259143829346,
        -0.5822417736053467
    ],
    [
        0.981789231300354,
        0.015906181186437607,
        -0.1893065720796585,
        0.7645750641822815,
        -0.0466562919318676,
        0.9861577153205872,
        -0.1591103971004486,
        0.358380526304245,
        0.18415530025959015,
        0.16504520177841187,
        0.9689411520957947,
        -0.6869834661483765
    ],
    [
        0.9946612119674683,
        0.01334029994904995,
        -0.10232743620872498,
        0.7563993334770203,
        -0.02957715280354023,
        0.9868603944778442,
        -0.15884533524513245,
        0.3738861680030823,
        0.09886384755373001,
        0.16102387011051178,
        0.981986403465271,
        -0.7846777439117432
    ],
    [
        0.9997751116752625,
        0.008218795992434025,
        0.019545160233974457,
        0.7355363965034485,
        -0.005017921794205904,
        0.9873454570770264,
        -0.15850457549095154,
        0.39572873711586,
        -0.020600542426109314,
        0.15837086737155914,
        0.9871647357940674,
        -0.8791917562484741
    ],
    [
        0.9874857068061829,
        0.0012023685267195106,
        0.1577039659023285,
        0.7214001417160034,
        0.023679133504629135,
        0.9875048995018005,
        -0.15579919517040253,
        0.4107459485530853,
        -0.15592077374458313,
        0.15758375823497772,
        0.9751185178756714,
        -0.9721969962120056
    ],
    [
        0.9499457478523254,
        -0.008535047061741352,
        0.312298446893692,
        0.7255305647850037,
        0.05766438692808151,
        0.9872414469718933,
        -0.1484217494726181,
        0.43259748816490173,
        -0.30704718828201294,
        0.15900108218193054,
        0.9383180141448975,
        -1.0675828456878662
    ],
    [
        0.8997980952262878,
        -0.015977419912815094,
        0.43601393699645996,
        0.7532490491867065,
        0.08439062535762787,
        0.9868311882019043,
        -0.13799446821212769,
        0.4555416703224182,
        -0.4280674159526825,
        0.16096262633800507,
        0.8892971277236938,
        -1.1737653017044067
    ],
    [
        0.8564919829368591,
        -0.0202637892216444,
        0.5157623291015625,
        0.7690004110336304,
        0.10027893632650375,
        0.9867227077484131,
        -0.12775923311710358,
        0.47340303659439087,
        -0.5063254237174988,
        0.16114485263824463,
        0.8471522331237793,
        -1.2972968816757202
    ],
    [
        0.8039078712463379,
        -0.02546546794474125,
        0.5942083597183228,
        0.7751216292381287,
        0.1166628897190094,
        0.9864257574081421,
        -0.11555954068899155,
        0.48708540201187134,
        -0.583199679851532,
        0.1622212827205658,
        0.7959665060043335,
        -1.3969780206680298
    ],
    [
        0.7329303622245789,
        -0.02995223179459572,
        0.6796439290046692,
        0.7676509618759155,
        0.13228969275951385,
        0.9862348437309265,
        -0.09919778257608414,
        0.47976014018058777,
        -0.6673174500465393,
        0.16261492669582367,
        0.7268038392066956,
        -1.4704872369766235
    ],
    [
        0.646540641784668,
        -0.03255510330200195,
        0.7621845602989197,
        0.7529544234275818,
        0.14679712057113647,
        0.9857268929481506,
        -0.08242079615592957,
        0.4688103497028351,
        -0.7486225962638855,
        0.16517488658428192,
        0.6420915126800537,
        -1.524280071258545
    ],
    [
        0.5601428747177124,
        -0.038754478096961975,
        0.8274890184402466,
        0.7308618426322937,
        0.1584058403968811,
        0.9854834079742432,
        -0.06107392534613609,
        0.4671526551246643,
        -0.8131098747253418,
        0.16528922319412231,
        0.5581504702568054,
        -1.566238284111023
    ]
]