[
    [
        0.9995030760765076,
        0.0008387315319851041,
        -0.03150861710309982,
        -0.07038767635822296,
        -0.0009654333698563278,
        0.9999914765357971,
        -0.004006168805062771,
        -0.026719754561781883,
        0.03150499239563942,
        0.00403459882363677,
        0.9994953870773315,
        0.7356340885162354
    ],
    [
        0.9994878768920898,
        0.0013589608715847135,
        -0.0319722481071949,
        -0.15345126390457153,
        -0.0015886252513155341,
        0.9999731779098511,
        -0.007158927619457245,
        -0.03378701210021973,
        0.03196166455745697,
        0.007206054870039225,
        0.9994630813598633,
        1.0059796571731567
    ],
    [
        0.9995254874229431,
        0.0009452368249185383,
        -0.030788041651248932,
        -0.22619231045246124,
        -0.001251891953870654,
        0.9999497532844543,
        -0.00994244497269392,
        -0.031082216650247574,
        0.03077709674835205,
        0.009976272471249104,
        0.999476432800293,
        1.338392972946167
    ],
    [
        0.9996265769004822,
        0.0010042102076113224,
        -0.027308234944939613,
        -0.2814658582210541,
        -0.0013393487315624952,
        0.9999239444732666,
        -0.012256922200322151,
        -0.03930339962244034,
        0.027293847873806953,
        0.012288919650018215,
        0.9995518326759338,
        1.632486343383789
    ],
    [
        0.9997703433036804,
        0.00022345372417476028,
        -0.021429341286420822,
        -0.32547929883003235,
        -0.0005537022370845079,
        0.9998811483383179,
        -0.015406335704028606,
        -0.05914456397294998,
        0.021423352882266045,
        0.015414663590490818,
        0.9996516704559326,
        1.9210740327835083
    ],
    [
        0.999949038028717,
        -0.00013827354996465147,
        -0.01009819284081459,
        -0.37000778317451477,
        -4.362046820460819e-05,
        0.9998378157615662,
        -0.018010038882493973,
        -0.06624007970094681,
        0.010099043138325214,
        0.01800956018269062,
        0.9997867941856384,
        2.1865122318267822
    ],
    [
        0.999859631061554,
        -0.0020942145492881536,
        0.016624808311462402,
        -0.423764169216156,
        0.002467468148097396,
        0.9997445940971375,
        -0.022462908178567886,
        -0.07312923669815063,
        -0.016573524102568626,
        0.022500773891806602,
        0.9996095299720764,
        2.4629459381103516
    ],
    [
        0.9985634088516235,
        -0.004374506417661905,
        0.05340340733528137,
        -0.450053870677948,
        0.005855649709701538,
        0.9996016621589661,
        -0.027610117569565773,
        -0.09165029972791672,
        -0.05326135829091072,
        0.027883164584636688,
        0.9981912970542908,
        2.659785509109497
    ],
    [
        0.995133101940155,
        -0.006304547190666199,
        0.09833858162164688,
        -0.46227583289146423,
        0.009600664488971233,
        0.9994065165519714,
        -0.03308093920350075,
        -0.09763182699680328,
        -0.09807166457176208,
        0.033864058554172516,
        0.9946029782295227,
        2.8854548931121826
    ],
    [
        0.9903372526168823,
        -0.007503184489905834,
        0.13847684860229492,
        -0.4638420045375824,
        0.012614578008651733,
        0.9992696642875671,
        -0.03607088699936867,
        -0.11270231008529663,
        -0.13810504972934723,
        0.03746916726231575,
        0.989708662033081,
        3.101830005645752
    ],
    [
        0.9834747314453125,
        -0.009988972917199135,
        0.18076996505260468,
        -0.43857160210609436,
        0.017289092764258385,
        0.9990953207015991,
        -0.038852959871292114,
        -0.13023404777050018,
        -0.18021826446056366,
        0.04133625328540802,
        0.9827577471733093,
        3.3202157020568848
    ],
    [
        0.9765058159828186,
        -0.010064606554806232,
        0.21525610983371735,
        -0.4185194969177246,
        0.019417451694607735,
        0.9989546537399292,
        -0.0413794219493866,
        -0.13312514126300812,
        -0.21461442112922668,
        0.04458697512745857,
        0.9756805300712585,
        3.497667074203491
    ],
    [
        0.9672936201095581,
        -0.01190301962196827,
        0.25337979197502136,
        -0.4108452796936035,
        0.023643411695957184,
        0.9987806081771851,
        -0.0433405339717865,
        -0.15137514472007751,
        -0.2525549829006195,
        0.047913793474435806,
        0.9663954377174377,
        3.7302052974700928
    ],
    [
        0.9556702375411987,
        -0.012438909150660038,
        0.2941760718822479,
        -0.40646374225616455,
        0.02695225179195404,
        0.9986082911491394,
        -0.04533293470740318,
        -0.18277090787887573,
        -0.2932029068470001,
        0.05125204101204872,
        0.954675555229187,
        3.964801073074341
    ],
    [
        0.9438244104385376,
        -0.013433750718832016,
        0.33017387986183167,
        -0.387439489364624,
        0.030612213537096977,
        0.9984311461448669,
        -0.04688404127955437,
        -0.19627906382083893,
        -0.3290259838104248,
        0.05435766279697418,
        0.9427549839019775,
        4.161489486694336
    ],
    [
        0.9276707768440247,
        -0.014475236646831036,
        0.3731183409690857,
        -0.33583465218544006,
        0.03473605215549469,
        0.9982606768608093,
        -0.04763519763946533,
        -0.19750156998634338,
        -0.37177976965904236,
        0.05715044215321541,
        0.92656010389328,
        4.418766498565674
    ],
    [
        0.9125367403030396,
        -0.01573791541159153,
        0.4086917042732239,
        -0.2681357264518738,
        0.03871460631489754,
        0.9980963468551636,
        -0.04800817370414734,
        -0.20346665382385254,
        -0.407158225774765,
        0.05963157117366791,
        0.9114089012145996,
        4.646580219268799
    ],
    [
        0.8938709497451782,
        -0.01577525958418846,
        0.44804689288139343,
        -0.17942921817302704,
        0.04217563942074776,
        0.9979075193405151,
        -0.049006763845682144,
        -0.204326331615448,
        -0.4463360905647278,
        0.06270238757133484,
        0.8926659226417542,
        4.860864639282227
    ],
    [
        0.8753803372383118,
        -0.01665465719997883,
        0.48314788937568665,
        -0.10938475281000137,
        0.046171121299266815,
        0.997718095779419,
        -0.049261581152677536,
        -0.19155964255332947,
        -0.48122501373291016,
        0.06543008238077164,
        0.874151885509491,
        5.049164295196533
    ],
    [
        0.8508133888244629,
        -0.017380988225340843,
        0.525180459022522,
        -0.04046953096985817,
        0.050835058093070984,
        0.997487485408783,
        -0.04934272542595863,
        -0.18327456712722778,
        -0.5230032801628113,
        0.06867902725934982,
        0.8495592474937439,
        5.277142524719238
    ],
    [
        0.8238319158554077,
        -0.016576172783970833,
        0.5665916800498962,
        0.024001749232411385,
        0.05409587547183037,
        0.997309148311615,
        -0.04947890713810921,
        -0.18586771190166473,
        -0.5642468929290771,
        0.0714125782251358,
        0.8225117325782776,
        5.449944019317627
    ],
    [
        0.7892515063285828,
        -0.017294734716415405,
        0.6138265132904053,
        0.11566997319459915,
        0.06029385328292847,
        0.9969557523727417,
        -0.049435682594776154,
        -0.17195691168308258,
        -0.6111028790473938,
        0.07602715492248535,
        0.7878915667533875,
        5.626063823699951
    ],
    [
        0.7587264776229858,
        -0.016834616661071777,
        0.6511918902397156,
        0.20921501517295837,
        0.06397198140621185,
        0.9967594742774963,
        -0.048767782747745514,
        -0.16603010892868042,
        -0.6482604742050171,
        0.07865944504737854,
        0.757344663143158,
        5.781220436096191
    ],
    [
        0.7240999341011047,
        -0.015998516231775284,
        0.6895095109939575,
        0.30600932240486145,
        0.06765411794185638,
        0.9965571165084839,
        -0.04792524501681328,
        -0.1744067519903183,
        -0.6863688826560974,
        0.08135083317756653,
        0.7226893305778503,
        5.921076774597168
    ],
    [
        0.6906412243843079,
        -0.014958515763282776,
        0.7230427861213684,
        0.3951055705547333,
        0.07093027979135513,
        0.9963668584823608,
        -0.047138575464487076,
        -0.16436387598514557,
        -0.7197107076644897,
        0.0838414803147316,
        0.6891930103302002,
        6.034116268157959
    ]
]