[
    [
        0.9991605281829834,
        0.007088066544383764,
        -0.0403471402823925,
        -0.18547861278057098,
        -0.007021034136414528,
        0.9999737739562988,
        0.0018028570339083672,
        -0.019155940040946007,
        0.040358856320381165,
        -0.001518065226264298,
        0.9991840720176697,
        -0.011997316032648087
    ],
    [
        0.9989873170852661,
        0.007667285855859518,
        -0.044333577156066895,
        -0.20395222306251526,
        -0.007591188419610262,
        0.9999694228172302,
        0.001884597004391253,
        -0.023781290277838707,
        0.04434667155146599,
        -0.0015461440198123455,
        0.9990149736404419,
        -0.003327394602820277
    ],
    [
        0.9988349080085754,
        0.007968826219439507,
        -0.04759408161044121,
        -0.22110064327716827,
        -0.007891022600233555,
        0.9999672174453735,
        0.001822433085180819,
        -0.02886071801185608,
        0.047607045620679855,
        -0.001444743829779327,
        0.9988651275634766,
        0.005008346866816282
    ],
    [
        0.9987167119979858,
        0.008251067250967026,
        -0.04996873438358307,
        -0.23836030066013336,
        -0.00815713033080101,
        0.9999645352363586,
        0.00208358746021986,
        -0.03455710783600807,
        0.0499841570854187,
        -0.0016733127413317561,
        0.9987486600875854,
        0.01371033489704132
    ],
    [
        0.998566210269928,
        0.00818287581205368,
        -0.05290134251117706,
        -0.253755658864975,
        -0.008097813464701176,
        0.999965488910675,
        0.0018220857018604875,
        -0.039370033890008926,
        0.05291442945599556,
        -0.00139108847361058,
        0.9985981583595276,
        0.02099359780550003
    ],
    [
        0.9983817338943481,
        0.008307253010571003,
        -0.05625826492905617,
        -0.26984551548957825,
        -0.008189093321561813,
        0.9999637007713318,
        0.0023305295035243034,
        -0.04567159712314606,
        0.05627558380365372,
        -0.0018660541391000152,
        0.9984134435653687,
        0.029366008937358856
    ],
    [
        0.997821569442749,
        0.008422540500760078,
        -0.06543070077896118,
        -0.2988866865634918,
        -0.008285444229841232,
        0.9999629259109497,
        0.0023663833271712065,
        -0.05350034311413765,
        0.06544820219278336,
        -0.001819106750190258,
        0.9978542923927307,
        0.04297411069273949
    ],
    [
        0.9976593852043152,
        0.008520768024027348,
        -0.06784585118293762,
        -0.305217444896698,
        -0.008386439643800259,
        0.999962329864502,
        0.0022644842974841595,
        -0.05477432534098625,
        0.06786258518695831,
        -0.0016901998315006495,
        0.9976932406425476,
        0.04650973528623581
    ],
    [
        0.9970759153366089,
        0.008949692361056805,
        -0.07589071989059448,
        -0.32439422607421875,
        -0.008805937133729458,
        0.9999587535858154,
        0.0022286714520305395,
        -0.05777369439601898,
        0.07590754330158234,
        -0.0015538663137704134,
        0.9971137046813965,
        0.05553260073065758
    ],
    [
        0.9964681267738342,
        0.009561975486576557,
        -0.08342526853084564,
        -0.3458884358406067,
        -0.009396682493388653,
        0.9999530911445618,
        0.002373770345002413,
        -0.0607626847922802,
        0.0834440365433693,
        -0.0015814666403457522,
        0.9965111613273621,
        0.06584937125444412
    ],
    [
        0.9957383871078491,
        0.010002527385950089,
        -0.09167951345443726,
        -0.3683794438838959,
        -0.009834426455199718,
        0.999949038028717,
        0.002285147085785866,
        -0.06423070281744003,
        0.09169769287109375,
        -0.0013737929984927177,
        0.9957858920097351,
        0.07636198401451111
    ],
    [
        0.9950069785118103,
        0.010646850802004337,
        -0.09923580288887024,
        -0.392234206199646,
        -0.010461925528943539,
        0.999942421913147,
        0.002383709652349353,
        -0.06793057173490524,
        0.09925546497106552,
        -0.0013336095726117492,
        0.9950610995292664,
        0.08771883696317673
    ],
    [
        0.9936602115631104,
        0.011400453746318817,
        -0.11184524744749069,
        -0.4320884048938751,
        -0.01119987666606903,
        0.9999343752861023,
        0.002421499462798238,
        -0.07631958276033401,
        0.11186550557613373,
        -0.001153494231402874,
        0.9937226176261902,
        0.1061331257224083
    ],
    [
        0.9933745861053467,
        0.011299891397356987,
        -0.11436474323272705,
        -0.4401181936264038,
        -0.011089980602264404,
        0.9999353885650635,
        0.002471527550369501,
        -0.07802441716194153,
        0.11438527703285217,
        -0.0011868498986586928,
        0.9934357404708862,
        0.10984376072883606
    ],
    [
        0.9923304319381714,
        0.011561423540115356,
        -0.12307155877351761,
        -0.4640243947505951,
        -0.011336012743413448,
        0.9999325275421143,
        0.0025316402316093445,
        -0.08379362523555756,
        0.12309252470731735,
        -0.0011170825455337763,
        0.9923945665359497,
        0.1201099380850792
    ],
    [
        0.9910463094711304,
        0.011710738763213158,
        -0.1330047845840454,
        -0.48792022466659546,
        -0.01146046631038189,
        0.9999307990074158,
        0.0026470941957086325,
        -0.08918076008558273,
        0.13302655518054962,
        -0.0010990966111421585,
        0.9911118149757385,
        0.13167035579681396
    ],
    [
        0.9893022179603577,
        0.011888464912772179,
        -0.14539535343647003,
        -0.5113257169723511,
        -0.01162857748568058,
        0.999928891658783,
        0.0026372468564659357,
        -0.09339673072099686,
        0.14541634917259216,
        -0.0009182934882119298,
        0.9893701076507568,
        0.14199724793434143
    ],
    [
        0.9855527877807617,
        0.012272371910512447,
        -0.1689235419034958,
        -0.5500651597976685,
        -0.011906745843589306,
        0.9999240040779114,
        0.0031772630754858255,
        -0.10024945437908173,
        0.16894970834255219,
        -0.001120030996389687,
        0.9856240749359131,
        0.1641351580619812
    ],
    [
        0.9830376505851746,
        0.0124733317643404,
        -0.18297889828681946,
        -0.5716747641563416,
        -0.012119182385504246,
        0.9999218583106995,
        0.0030536046251654625,
        -0.10346446931362152,
        0.18300269544124603,
        -0.0007842541672289371,
        0.9831120371818542,
        0.17688080668449402
    ],
    [
        0.9821397662162781,
        0.012425529770553112,
        -0.1877424120903015,
        -0.5792208909988403,
        -0.012008809484541416,
        0.9999222755432129,
        0.003356913337484002,
        -0.10473998636007309,
        0.18776953220367432,
        -0.0010423940839245915,
        0.9822126626968384,
        0.18213795125484467
    ],
    [
        0.97928786277771,
        0.012732279486954212,
        -0.2020723670721054,
        -0.6014112234115601,
        -0.012381492182612419,
        0.9999189376831055,
        0.0029999243561178446,
        -0.10764285922050476,
        0.202094167470932,
        -0.0004358318110462278,
        0.9793660640716553,
        0.19587302207946777
    ],
    [
        0.976179838180542,
        0.013443703763186932,
        -0.21654608845710754,
        -0.6246578693389893,
        -0.013018472120165825,
        0.9999094605445862,
        0.003390121040865779,
        -0.11177705973386765,
        0.21657204627990723,
        -0.000490269623696804,
        0.9762665033340454,
        0.2112368643283844
    ],
    [
        0.9730249643325806,
        0.01373813021928072,
        -0.23029035329818726,
        -0.6466727256774902,
        -0.013277709484100342,
        0.9999055862426758,
        0.0035489557776600122,
        -0.11714150756597519,
        0.2303173542022705,
        -0.0003954946587327868,
        0.9731155037879944,
        0.22648483514785767
    ],
    [
        0.9676036238670349,
        0.013595334254205227,
        -0.25210776925086975,
        -0.6832264065742493,
        -0.013127240352332592,
        0.9999075531959534,
        0.0035386141389608383,
        -0.12752783298492432,
        0.2521325945854187,
        -0.00011449713201727718,
        0.9676926136016846,
        0.2510601878166199
    ],
    [
        0.9640728235244751,
        0.013746804557740688,
        -0.2652820646762848,
        -0.7024654150009155,
        -0.013183912262320518,
        0.9999054670333862,
        0.0039024611469358206,
        -0.13464964926242828,
        0.2653106451034546,
        -0.0002648005320224911,
        0.9641629457473755,
        0.26487332582473755
    ]
]