[
    [
        0.975633442401886,
        0.02900073491036892,
        -0.2174815982580185,
        0.11410155147314072,
        -0.028538711369037628,
        0.9995788335800171,
        0.005265724845230579,
        -0.20367495715618134,
        0.21754273772239685,
        0.0010692261857911944,
        0.9760501980781555,
        0.48481228947639465
    ],
    [
        0.9557727575302124,
        0.04052308201789856,
        -0.2913009524345398,
        0.11721301823854446,
        -0.03978978469967842,
        0.9991723895072937,
        0.008443337865173817,
        -0.2467324137687683,
        0.29140207171440125,
        0.0035208892077207565,
        0.9565942287445068,
        0.6014050841331482
    ],
    [
        0.9221963286399841,
        0.052613068372011185,
        -0.38312631845474243,
        0.14834095537662506,
        -0.0517277792096138,
        0.9985814094543457,
        0.012620555236935616,
        -0.27774402499198914,
        0.38324683904647827,
        0.008179642260074615,
        0.923609733581543,
        0.7520731091499329
    ],
    [
        0.877758800983429,
        0.06337826699018478,
        -0.4748922884464264,
        0.19590440392494202,
        -0.06284677982330322,
        0.9978781342506409,
        0.017013264819979668,
        -0.3232271075248718,
        0.4749629497528076,
        0.014911913312971592,
        0.8798795342445374,
        0.9039213061332703
    ],
    [
        0.8282114863395691,
        0.07557354122400284,
        -0.5552967190742493,
        0.22644299268722534,
        -0.07416766881942749,
        0.9969309568405151,
        0.025058837607502937,
        -0.35064807534217834,
        0.555486261844635,
        0.020431051030755043,
        0.831274688243866,
        1.062490701675415
    ],
    [
        0.7805249691009521,
        0.08422037959098816,
        -0.6194252371788025,
        0.24387091398239136,
        -0.08254063874483109,
        0.9960921406745911,
        0.03142625093460083,
        -0.38949888944625854,
        0.6196513175964355,
        0.026598790660500526,
        0.7844263911247253,
        1.2407361268997192
    ],
    [
        0.7152436375617981,
        0.09466951340436935,
        -0.6924335360527039,
        0.26419273018836975,
        -0.09267675876617432,
        0.9948807954788208,
        0.04029037058353424,
        -0.4206506013870239,
        0.6927030682563782,
        0.03535507246851921,
        0.7203558087348938,
        1.4209321737289429
    ],
    [
        0.6401622295379639,
        0.10466562211513519,
        -0.7610763907432556,
        0.2953025698661804,
        -0.1012176126241684,
        0.9935306310653687,
        0.051496513187885284,
        -0.43340522050857544,
        0.7615427374839783,
        0.04406821355223656,
        0.6466148495674133,
        1.624327540397644
    ],
    [
        0.5580282211303711,
        0.11280513554811478,
        -0.8221189379692078,
        0.33227109909057617,
        -0.10965247452259064,
        0.9920535683631897,
        0.061693690717220306,
        -0.45537400245666504,
        0.8225454092025757,
        0.05572054162621498,
        0.5659632682800293,
        1.8084033727645874
    ],
    [
        0.47333452105522156,
        0.12113028764724731,
        -0.8725146651268005,
        0.3449226915836334,
        -0.11757951974868774,
        0.9903249144554138,
        0.07369951158761978,
        -0.45854610204696655,
        0.8730003237724304,
        0.06770534068346024,
        0.48299741744995117,
        1.988244891166687
    ],
    [
        0.4052950143814087,
        0.12610092759132385,
        -0.9054471254348755,
        0.33057624101638794,
        -0.12240681797266006,
        0.9890077710151672,
        0.0829467847943306,
        -0.48542141914367676,
        0.9059538841247559,
        0.07721500098705292,
        0.4162755012512207,
        2.1632230281829834
    ],
    [
        0.3187853693962097,
        0.13304144144058228,
        -0.9384434223175049,
        0.3108383119106293,
        -0.12778793275356293,
        0.9870929718017578,
        0.09652937203645706,
        -0.5031054019927979,
        0.9391731023788452,
        0.0891496017575264,
        0.3316718637943268,
        2.332712173461914
    ],
    [
        0.22123906016349792,
        0.13862396776676178,
        -0.9653168320655823,
        0.28252166509628296,
        -0.13105982542037964,
        0.9850926399230957,
        0.11142650991678238,
        -0.5202568769454956,
        0.9663729667663574,
        0.1018623635172844,
        0.23610897362232208,
        2.5226974487304688
    ],
    [
        0.13032367825508118,
        0.14010784029960632,
        -0.9815221428871155,
        0.254846453666687,
        -0.13325491547584534,
        0.9834581613540649,
        0.12269099056720734,
        -0.5350728631019592,
        0.9824758768081665,
        0.11480309069156647,
        0.14683794975280762,
        2.6927943229675293
    ],
    [
        0.052160196006298065,
        0.14269955456256866,
        -0.9883906841278076,
        0.18731077015399933,
        -0.13554809987545013,
        0.9815900325775146,
        0.13456445932388306,
        -0.5264636874198914,
        0.9893968105316162,
        0.1269555687904358,
        0.0705425888299942,
        2.8387115001678467
    ],
    [
        -0.00982760265469551,
        0.1445719450712204,
        -0.9894454479217529,
        0.09044282138347626,
        -0.13694852590560913,
        0.9799749255180359,
        0.1445484161376953,
        -0.5199330449104309,
        0.9905294179916382,
        0.1369236707687378,
        0.010168110020458698,
        2.953810930252075
    ],
    [
        -0.07636452466249466,
        0.14496050775051117,
        -0.9864861369132996,
        -0.004879012703895569,
        -0.1375451534986496,
        0.9783847332000732,
        0.154417484998703,
        -0.5082833170890808,
        0.9875473976135254,
        0.14747841656208038,
        -0.05477527529001236,
        3.051687717437744
    ],
    [
        -0.13844482600688934,
        0.14510197937488556,
        -0.9796828627586365,
        -0.09194272756576538,
        -0.13708719611167908,
        0.9768784642219543,
        0.16405923664569855,
        -0.49110954999923706,
        0.9808364510536194,
        0.1570151299238205,
        -0.11535214632749557,
        3.1287543773651123
    ],
    [
        -0.19965966045856476,
        0.1445930451154709,
        -0.9691381454467773,
        -0.21616417169570923,
        -0.13564085960388184,
        0.9754520058631897,
        0.17347945272922516,
        -0.47818413376808167,
        0.9704316854476929,
        0.16609160602092743,
        -0.17514567077159882,
        3.2091968059539795
    ],
    [
        -0.25324833393096924,
        0.14246748387813568,
        -0.9568533301353455,
        -0.32835787534713745,
        -0.13398250937461853,
        0.9743991494178772,
        0.1805407851934433,
        -0.45674800872802734,
        0.9580783247947693,
        0.17392326891422272,
        -0.22767680883407593,
        3.270026206970215
    ],
    [
        -0.3003559112548828,
        0.13980849087238312,
        -0.9435252547264099,
        -0.4083097279071808,
        -0.13379773497581482,
        0.9732431769371033,
        0.18680433928966522,
        -0.422844260931015,
        0.9443962574005127,
        0.1823493242263794,
        -0.2736132740974426,
        3.286454200744629
    ],
    [
        -0.3366982340812683,
        0.13881640136241913,
        -0.9313238859176636,
        -0.5119739174842834,
        -0.13414707779884338,
        0.9719129800796509,
        0.19336402416229248,
        -0.3892030715942383,
        0.9320079684257507,
        0.1900397390127182,
        -0.30861958861351013,
        3.25091552734375
    ],
    [
        -0.3530336022377014,
        0.13817685842514038,
        -0.9253510236740112,
        -0.6164472699165344,
        -0.13518080115318298,
        0.9711233377456665,
        0.196585014462471,
        -0.36215004324913025,
        0.9257933497428894,
        0.19449079036712646,
        -0.32416027784347534,
        3.18464732170105
    ],
    [
        -0.3616914749145508,
        0.13712003827095032,
        -0.9221590757369995,
        -0.7199724912643433,
        -0.13579657673835754,
        0.9708274006843567,
        0.1976192146539688,
        -0.34610843658447266,
        0.9223548769950867,
        0.196703240275383,
        -0.3325195908546448,
        3.107863664627075
    ],
    [
        -0.3651261031627655,
        0.13432173430919647,
        -0.9212169051170349,
        -0.831170380115509,
        -0.1366240531206131,
        0.9710910320281982,
        0.19574503600597382,
        -0.3142302632331848,
        0.9208781719207764,
        0.19733203947544098,
        -0.3362191319465637,
        3.0202362537384033
    ]
]