[
    [
        0.9993504285812378,
        0.011643888428807259,
        -0.03410753235220909,
        0.08370047807693481,
        -0.009376458823680878,
        0.9977821111679077,
        0.06590026617050171,
        0.06071595847606659,
        0.03479922190308571,
        -0.06553765386343002,
        0.9972431659698486,
        -0.031534839421510696
    ],
    [
        0.9999153017997742,
        0.009496145881712437,
        -0.008894653990864754,
        0.10921808332204819,
        -0.008899683132767677,
        0.9978551268577576,
        0.0648532584309578,
        0.056640028953552246,
        0.009491430595517159,
        -0.06476860493421555,
        0.9978551268577576,
        -0.053093720227479935
    ],
    [
        0.998494029045105,
        0.004828418605029583,
        0.054648708552122116,
        0.13732697069644928,
        -0.008324387483298779,
        0.9979199171066284,
        0.06392602622509003,
        0.04663801193237305,
        -0.05422637239098549,
        -0.06428466737270355,
        0.9964571595191956,
        -0.07784251123666763
    ],
    [
        0.9889461398124695,
        -0.002620702376589179,
        0.14825168251991272,
        0.1616632342338562,
        -0.006753031630069017,
        0.9980101585388184,
        0.06268982589244843,
        0.03373705968260765,
        -0.14812098443508148,
        -0.06299802660942078,
        0.986960768699646,
        -0.10677570849657059
    ],
    [
        0.9619892835617065,
        -0.012270842678844929,
        0.2728112041950226,
        0.1831045299768448,
        -0.004947833716869354,
        0.9980428218841553,
        0.06233830377459526,
        0.013088180683553219,
        -0.273042231798172,
        -0.06131860613822937,
        0.9600457549095154,
        -0.13040326535701752
    ],
    [
        0.9212124347686768,
        -0.02191460132598877,
        0.3884423077106476,
        0.20778515934944153,
        -0.002738578710705042,
        0.9980223774909973,
        0.06279974430799484,
        -0.0009007405024021864,
        -0.38905033469200134,
        -0.05891567841172218,
        0.9193306565284729,
        -0.13911496102809906
    ],
    [
        0.8546051383018494,
        -0.032718345522880554,
        0.5182466506958008,
        0.2400379776954651,
        6.927007052581757e-05,
        0.9980202317237854,
        0.06289355456829071,
        -0.011206598952412605,
        -0.5192784070968628,
        -0.053713247179985046,
        0.8529154658317566,
        -0.1426958590745926
    ],
    [
        0.784048855304718,
        -0.04128216207027435,
        0.6193247437477112,
        0.26961615681648254,
        0.0019088317640125751,
        0.9979415535926819,
        0.06410298496484756,
        -0.024756016209721565,
        -0.6206961274147034,
        -0.04907768592238426,
        0.7825136184692383,
        -0.14525029063224792
    ],
    [
        0.723193347454071,
        -0.048112764954566956,
        0.688967764377594,
        0.29745161533355713,
        0.0036096798721700907,
        0.9978201985359192,
        0.06589189916849136,
        -0.030191373080015182,
        -0.6906362175941467,
        -0.045165639370679855,
        0.721790611743927,
        -0.14531566202640533
    ],
    [
        0.6626145243644714,
        -0.053272925317287445,
        0.7470635771751404,
        0.34627604484558105,
        0.0049796272069215775,
        0.9977585077285767,
        0.06673319637775421,
        -0.013606689870357513,
        -0.7489440441131592,
        -0.040498290210962296,
        0.6613945364952087,
        -0.13853910565376282
    ],
    [
        0.6309542655944824,
        -0.05654790252447128,
        0.7737563252449036,
        0.41218918561935425,
        0.005631964188069105,
        0.9976476430892944,
        0.06831785291433334,
        0.007329868618398905,
        -0.7757995128631592,
        -0.038747671991586685,
        0.6297886371612549,
        -0.12652745842933655
    ],
    [
        0.6104893684387207,
        -0.05840711668133736,
        0.7898678779602051,
        0.49434909224510193,
        0.006254065781831741,
        0.9976016283035278,
        0.06893429905176163,
        0.02992294542491436,
        -0.7919997572898865,
        -0.0371437668800354,
        0.6093904376029968,
        -0.10807305574417114
    ],
    [
        0.5978915095329285,
        -0.05945497751235962,
        0.7993690967559814,
        0.5674009323120117,
        0.006131493952125311,
        0.9975553750991821,
        0.06960949301719666,
        0.05079807713627815,
        -0.8015536069869995,
        -0.03671759366989136,
        0.5967944860458374,
        -0.09661053121089935
    ],
    [
        0.5858566761016846,
        -0.05951245501637459,
        0.8082265257835388,
        0.6200820207595825,
        0.005740966182202101,
        0.9975797533988953,
        0.06929373741149902,
        0.07008425146341324,
        -0.8103944063186646,
        -0.03595619648694992,
        0.5847804546356201,
        -0.08377833664417267
    ],
    [
        0.5708974599838257,
        -0.0610417015850544,
        0.8187490701675415,
        0.6865536570549011,
        0.006022972520440817,
        0.9975168704986572,
        0.07017002999782562,
        0.09783493727445602,
        -0.8209992051124573,
        -0.03512858226895332,
        0.569847583770752,
        -0.06603094190359116
    ],
    [
        0.5537348985671997,
        -0.06195620819926262,
        0.8303849101066589,
        0.7498601675033569,
        0.00631083594635129,
        0.9975117444992065,
        0.07021746039390564,
        0.11960137635469437,
        -0.8326690793037415,
        -0.03364143148064613,
        0.5527482032775879,
        -0.04853444918990135
    ],
    [
        0.531865119934082,
        -0.06275693327188492,
        0.8445004820823669,
        0.8149593472480774,
        0.006860900204628706,
        0.9975367784500122,
        0.0698084607720375,
        0.14541950821876526,
        -0.8468013405799866,
        -0.03133464977145195,
        0.5309855937957764,
        -0.04217125102877617
    ],
    [
        0.5098243355751038,
        -0.06407516449689865,
        0.85788893699646,
        0.8802539110183716,
        0.008266631513834,
        0.9975411891937256,
        0.06959301978349686,
        0.16352449357509613,
        -0.8602388501167297,
        -0.028388364240527153,
        0.5091004967689514,
        -0.05401267483830452
    ],
    [
        0.4864664673805237,
        -0.06557163596153259,
        0.871235191822052,
        0.9691523313522339,
        0.010128871537744999,
        0.9975358843803406,
        0.06942179799079895,
        0.17493702471256256,
        -0.8736405968666077,
        -0.024946747347712517,
        0.48593196272850037,
        -0.09226879477500916
    ],
    [
        0.4667260944843292,
        -0.06698303669691086,
        0.8818617463111877,
        1.0638911724090576,
        0.011663218028843403,
        0.9975071549415588,
        0.06959428638219833,
        0.18066741526126862,
        -0.8843250274658203,
        -0.022196127101778984,
        0.46634384989738464,
        -0.15712681412696838
    ],
    [
        0.45282137393951416,
        -0.06696389615535736,
        0.8890830278396606,
        1.1375733613967896,
        0.012103008106350899,
        0.9975453019142151,
        0.06896883249282837,
        0.17712345719337463,
        -0.8915191292762756,
        -0.02046998403966427,
        0.45252034068107605,
        -0.21907681226730347
    ],
    [
        0.4308740496635437,
        -0.06768444180488586,
        0.8998702168464661,
        1.2111843824386597,
        0.011942226439714432,
        0.9975236058235168,
        0.06931135803461075,
        0.17040318250656128,
        -0.9023330211639404,
        -0.019118012860417366,
        0.43061527609825134,
        -0.27469950914382935
    ],
    [
        0.39247971773147583,
        -0.0690096989274025,
        0.9171680808067322,
        1.290001392364502,
        0.012327650561928749,
        0.9974863529205322,
        0.0697777047753334,
        0.154831662774086,
        -0.9196780323982239,
        -0.01607980765402317,
        0.3923439085483551,
        -0.3220715820789337
    ],
    [
        0.34271499514579773,
        -0.07013183832168579,
        0.9368179440498352,
        1.354788899421692,
        0.012489867396652699,
        0.9974614977836609,
        0.07010257989168167,
        0.125663161277771,
        -0.9393564462661743,
        -0.012324468232691288,
        0.34272098541259766,
        -0.38308897614479065
    ],
    [
        0.2849072515964508,
        -0.07086093723773956,
        0.9559322595596313,
        1.38315749168396,
        0.012760261073708534,
        0.9974557757377625,
        0.07013589888811111,
        0.09743068367242813,
        -0.9584701061248779,
        -0.00778427766636014,
        0.28508660197257996,
        -0.4405047297477722
    ]
]