[
    [
        0.9999997019767761,
        -0.0007188438903540373,
        -0.0001303439203184098,
        0.0183279886841774,
        0.0007187980227172375,
        0.9999996423721313,
        -0.00035211475915275514,
        0.0014559354167431593,
        0.00013059705088380724,
        0.00035202119033783674,
        0.9999998807907104,
        0.004300680011510849
    ],
    [
        0.9999994039535522,
        -0.0010402485495433211,
        -0.0005445498391054571,
        0.029570521786808968,
        0.0010399853345006704,
        0.9999992847442627,
        -0.00048410365707241,
        0.0011664098128676414,
        0.0005450532771646976,
        0.0004835363070014864,
        0.9999997615814209,
        0.006188817787915468
    ],
    [
        0.9999991059303284,
        -0.0011084330035373569,
        -0.0006665296386927366,
        0.040707025676965714,
        0.0011080970289185643,
        0.9999992847442627,
        -0.0005042129778303206,
        0.0010477660689502954,
        0.0006670884322375059,
        0.0005034739733673632,
        0.9999996423721313,
        0.008232439868152142
    ],
    [
        0.9999983906745911,
        -0.0016086087562143803,
        -0.0008473514462821186,
        0.05306624248623848,
        0.001608199207112193,
        0.9999985694885254,
        -0.0004841084883082658,
        0.0005863468395546079,
        0.0008481295662932098,
        0.00048274447908625007,
        0.9999995231628418,
        0.010578637942671776
    ],
    [
        0.9999974966049194,
        -0.0017996459500864148,
        -0.0013172869803383946,
        0.06859438866376877,
        0.0017987419851124287,
        0.9999980926513672,
        -0.0006870991201139987,
        0.0006099967868067324,
        0.001318521099165082,
        0.0006847277982160449,
        0.999998927116394,
        0.01349283754825592
    ],
    [
        0.9999972581863403,
        -0.0018682205118238926,
        -0.0014606938930228353,
        0.08148616552352905,
        0.001867119804956019,
        0.9999979734420776,
        -0.0007543324027210474,
        0.0007360893068835139,
        0.00146210053935647,
        0.000751603627577424,
        0.9999986886978149,
        0.016131257638335228
    ],
    [
        0.9999962449073792,
        -0.002145514590665698,
        -0.001676489133387804,
        0.0946221575140953,
        0.002144480124115944,
        0.9999974966049194,
        -0.0006181065109558403,
        0.00022865840583108366,
        0.0016778110293671489,
        0.0006145095103420317,
        0.9999984502792358,
        0.01884806714951992
    ],
    [
        0.9999948740005493,
        -0.002469266066327691,
        -0.002029328141361475,
        0.1107909306883812,
        0.0024678136687725782,
        0.9999966025352478,
        -0.0007183426641859114,
        0.00041512047755531967,
        0.002031095093116164,
        0.0007133303442969918,
        0.9999977350234985,
        0.021915830671787262
    ],
    [
        0.9999948143959045,
        -0.0023566517047584057,
        -0.00224509509280324,
        0.12376245111227036,
        0.0023554412182420492,
        0.999997079372406,
        -0.0005417541251517832,
        0.0002970961795654148,
        0.002246365649625659,
        0.0005364629905670881,
        0.9999973773956299,
        0.024461550638079643
    ],
    [
        0.9999927878379822,
        -0.0027477825060486794,
        -0.00261951913125813,
        0.1367865949869156,
        0.002746246987953782,
        0.9999960660934448,
        -0.0005895430804230273,
        -0.0001224660372827202,
        0.0026211284566670656,
        0.0005823448882438242,
        0.9999963045120239,
        0.026804203167557716
    ],
    [
        0.9999918937683105,
        -0.0028921389020979404,
        -0.002825376810505986,
        0.14864236116409302,
        0.0028902932535856962,
        0.9999956488609314,
        -0.0006571325357072055,
        -0.00013365990889724344,
        0.002827265067026019,
        0.0006489614024758339,
        0.9999957084655762,
        0.029437284916639328
    ],
    [
        0.9999917149543762,
        -0.0027041181456297636,
        -0.0030465435702353716,
        0.16222886741161346,
        0.0027026596944779158,
        0.9999961853027344,
        -0.00048261575284413993,
        -0.0005113309598527849,
        0.003047836944460869,
        0.00047437817556783557,
        0.999995231628418,
        0.03197450935840607
    ],
    [
        0.9999906420707703,
        -0.002833017148077488,
        -0.003300529206171632,
        0.1740424484014511,
        0.002830800134688616,
        0.9999957084655762,
        -0.0006762195262126625,
        -0.00046009471407160163,
        0.0033024316653609276,
        0.0006668693968094885,
        0.9999942779541016,
        0.03430648893117905
    ],
    [
        0.9999899864196777,
        -0.0027329714503139257,
        -0.0035606527235358953,
        0.18553796410560608,
        0.0027305895928293467,
        0.9999959468841553,
        -0.000673487491440028,
        -0.0005702198250219226,
        0.0035624788142740726,
        0.0006637584883719683,
        0.9999934434890747,
        0.03642810881137848
    ],
    [
        0.9999902844429016,
        -0.002533429069444537,
        -0.0035937440115958452,
        0.1987304836511612,
        0.002531385514885187,
        0.9999967217445374,
        -0.0005731236888095737,
        -0.0008393484749831259,
        0.003595183603465557,
        0.0005640212912112474,
        0.9999933242797852,
        0.03895628824830055
    ],
    [
        0.9999905228614807,
        -0.0023707901127636433,
        -0.003656972199678421,
        0.20952950417995453,
        0.0023684639018028975,
        0.9999969601631165,
        -0.0006399565027095377,
        -0.0008750552078709006,
        0.0036584786139428616,
        0.0006312896148301661,
        0.9999932050704956,
        0.04115208983421326
    ],
    [
        0.9999916553497314,
        -0.0020024690311402082,
        -0.0035793869756162167,
        0.22103121876716614,
        0.002000086475163698,
        0.9999977946281433,
        -0.0006691726157441735,
        -0.0008546258322894573,
        0.0035807189997285604,
        0.0006620072526857257,
        0.9999933242797852,
        0.04339681565761566
    ],
    [
        0.9999911189079285,
        -0.0018488499335944653,
        -0.003799478057771921,
        0.232916921377182,
        0.0018455754034221172,
        0.9999979734420776,
        -0.0008652009419165552,
        -0.0009647432598285377,
        0.003801069688051939,
        0.000858181098010391,
        0.9999923706054688,
        0.045936379581689835
    ],
    [
        0.9999904036521912,
        -0.0018119866726920009,
        -0.0039927540346980095,
        0.24689312279224396,
        0.0018077193526551127,
        0.9999977946281433,
        -0.0010721910512074828,
        -0.0012981562176719308,
        0.003994688857346773,
        0.0010649628238752484,
        0.9999914169311523,
        0.0484180711209774
    ],
    [
        0.9999902248382568,
        -0.0018025513272732496,
        -0.0040513379499316216,
        0.2580353021621704,
        0.0017984118312597275,
        0.9999978542327881,
        -0.0010251031490042806,
        -0.0010121171362698078,
        0.004053177312016487,
        0.001017807051539421,
        0.9999912977218628,
        0.050792332738637924
    ],
    [
        0.9999887347221375,
        -0.002099689794704318,
        -0.004260499961674213,
        0.2696237564086914,
        0.0020966525189578533,
        0.9999975562095642,
        -0.0007173318881541491,
        -0.0010058118496090174,
        0.0042619952000677586,
        0.0007083911914378405,
        0.999990701675415,
        0.052911143749952316
    ],
    [
        0.9999838471412659,
        -0.0028604851104319096,
        -0.004902617074549198,
        0.2832067608833313,
        0.0028572813607752323,
        0.9999956488609314,
        -0.0006605137605220079,
        -0.001325948745943606,
        0.004904485773295164,
        0.0006464951438829303,
        0.9999877214431763,
        0.05582587793469429
    ],
    [
        0.999980092048645,
        -0.003284603590145707,
        -0.005396571476012468,
        0.2942197918891907,
        0.0032807448878884315,
        0.9999943375587463,
        -0.0007238872349262238,
        -0.0013279017293825746,
        0.005398918874561787,
        0.0007061678334139287,
        0.9999852180480957,
        0.05784418061375618
    ],
    [
        0.9999775290489197,
        -0.0034084946382790804,
        -0.005781716201454401,
        0.30531519651412964,
        0.003404148854315281,
        0.9999939799308777,
        -0.000761236937250942,
        -0.001011234475299716,
        0.005784276407212019,
        0.0007415380096063018,
        0.9999829530715942,
        0.06014437600970268
    ],
    [
        0.9999746084213257,
        -0.0035798733588308096,
        -0.006174820009618998,
        0.31947433948516846,
        0.0035755736753344536,
        0.9999933242797852,
        -0.0007073375163599849,
        -0.0013262653956189752,
        0.006177311297506094,
        0.0006852404330857098,
        0.9999806880950928,
        0.06299930810928345
    ]
]