[
    [
        0.9630353450775146,
        0.03438679873943329,
        0.26717111468315125,
        -0.8375282883644104,
        0.012761685997247696,
        0.9848809838294983,
        -0.17276141047477722,
        0.24651125073432922,
        -0.2690724730491638,
        0.16978490352630615,
        0.9480364322662354,
        1.0651508569717407
    ],
    [
        0.9763322472572327,
        0.043799806386232376,
        0.21179433166980743,
        -0.8295786380767822,
        -0.006782366894185543,
        0.9849973917007446,
        -0.17243538796901703,
        0.20560477674007416,
        -0.21616962552070618,
        0.1669178158044815,
        0.9619819521903992,
        1.1632421016693115
    ],
    [
        0.9859656095504761,
        0.04995935410261154,
        0.1592981517314911,
        -0.82313472032547,
        -0.022285012528300285,
        0.9850203394889832,
        -0.17099200189113617,
        0.1638363152742386,
        -0.16545470058918,
        0.16504226624965668,
        0.9723095297813416,
        1.262786865234375
    ],
    [
        0.9918904900550842,
        0.056699156761169434,
        0.11374818533658981,
        -0.8390731811523438,
        -0.03664055094122887,
        0.9845458269119263,
        -0.17125128209590912,
        0.1268458515405655,
        -0.12170009315013885,
        0.1656947135925293,
        0.9786390662193298,
        1.3587796688079834
    ],
    [
        0.994257390499115,
        0.05980435013771057,
        0.08874484151601791,
        -0.8799050450325012,
        -0.043813906610012054,
        0.9840720295906067,
        -0.17228594422340393,
        0.10325943678617477,
        -0.09763479977846146,
        0.16740833222866058,
        0.9810413122177124,
        1.434393048286438
    ],
    [
        0.9952926635742188,
        0.06029611453413963,
        0.0758739560842514,
        -0.9386988878250122,
        -0.046527571976184845,
        0.9840534329414368,
        -0.17167969048023224,
        0.07002291828393936,
        -0.08501560986042023,
        0.16734129190444946,
        0.9822266697883606,
        1.526316523551941
    ],
    [
        0.9958871603012085,
        0.061579857021570206,
        0.06645790487527847,
        -0.9683057069778442,
        -0.04944491758942604,
        0.984050989151001,
        -0.17087693512439728,
        0.03849882632493973,
        -0.07592054456472397,
        0.16688808798789978,
        0.9830484986305237,
        1.6181648969650269
    ],
    [
        0.9963386654853821,
        0.06226145476102829,
        0.05858981981873512,
        -0.9844655990600586,
        -0.051375288516283035,
        0.9837929010391235,
        -0.17179080843925476,
        0.0090081337839365,
        -0.06833621114492416,
        0.16815176606178284,
        0.9833896160125732,
        1.7143570184707642
    ],
    [
        0.9963328838348389,
        0.06353376805782318,
        0.05730817839503288,
        -1.013124942779541,
        -0.05297932028770447,
        0.984041690826416,
        -0.1698681265115738,
        -0.027911338955163956,
        -0.06718604266643524,
        0.16620905697345734,
        0.983799159526825,
        1.8167918920516968
    ],
    [
        0.9961090683937073,
        0.06367314606904984,
        0.060929302126169205,
        -1.031895399093628,
        -0.05260661989450455,
        0.9842855334281921,
        -0.16856597363948822,
        -0.06260084360837936,
        -0.07070499658584595,
        0.1647047996520996,
        0.9838055372238159,
        1.913314700126648
    ],
    [
        0.9952359199523926,
        0.061828602105379105,
        0.07538376748561859,
        -1.062281608581543,
        -0.04840013012290001,
        0.984514057636261,
        -0.16849198937416077,
        -0.09670335054397583,
        -0.08463411778211594,
        0.1640406847000122,
        0.9828162789344788,
        2.023047924041748
    ],
    [
        0.9931141138076782,
        0.057352401316165924,
        0.10215248167514801,
        -1.110336184501648,
        -0.03965079411864281,
        0.9850620627403259,
        -0.16757242381572723,
        -0.12849773466587067,
        -0.11023716628551483,
        0.16236811876296997,
        0.9805530905723572,
        2.120371103286743
    ],
    [
        0.9900599718093872,
        0.05301876738667488,
        0.130270317196846,
        -1.1381826400756836,
        -0.03093842603266239,
        0.9856382012367249,
        -0.1660119891166687,
        -0.16507451236248016,
        -0.13720117509365082,
        0.16033147275447845,
        0.9774812459945679,
        2.2301876544952393
    ],
    [
        0.9862223863601685,
        0.04966375231742859,
        0.15779392421245575,
        -1.1584807634353638,
        -0.023132186383008957,
        0.9859011173248291,
        -0.16572287678718567,
        -0.19432632625102997,
        -0.1637997329235077,
        0.15978948771953583,
        0.9734664559364319,
        2.3269855976104736
    ],
    [
        0.9814732074737549,
        0.04581928998231888,
        0.18603962659835815,
        -1.1738845109939575,
        -0.01506506185978651,
        0.9864334464073181,
        -0.16346904635429382,
        -0.22847777605056763,
        -0.191005676984787,
        0.1576378345489502,
        0.9688483476638794,
        2.426305055618286
    ],
    [
        0.9747872352600098,
        0.04046574607491493,
        0.21943634748458862,
        -1.1906276941299438,
        -0.004763278178870678,
        0.9869681596755981,
        -0.16084487736225128,
        -0.2659287452697754,
        -0.2230854332447052,
        0.15574431419372559,
        0.9622767567634583,
        2.535294532775879
    ],
    [
        0.9667967557907104,
        0.03571443259716034,
        0.2530387043952942,
        -1.2123774290084839,
        0.005648037418723106,
        0.9869575500488281,
        -0.1608811318874359,
        -0.29409846663475037,
        -0.25548413395881653,
        0.15696851909160614,
        0.9539856910705566,
        2.632408618927002
    ],
    [
        0.9538390040397644,
        0.028893092647194862,
        0.2989254593849182,
        -1.2499698400497437,
        0.019475305452942848,
        0.9873151779174805,
        -0.15757401287555695,
        -0.33256208896636963,
        -0.299686461687088,
        0.15612192451953888,
        0.9411768317222595,
        2.745999574661255
    ],
    [
        0.9417924880981445,
        0.020692862570285797,
        0.33555731177330017,
        -1.263993740081787,
        0.03311586007475853,
        0.9875402450561523,
        -0.153843492269516,
        -0.36696621775627136,
        -0.33455973863601685,
        0.15600094199180603,
        0.9293726682662964,
        2.8416826725006104
    ],
    [
        0.9291173219680786,
        0.013529756106436253,
        0.36953750252723694,
        -1.2670493125915527,
        0.04600599408149719,
        0.9873367547988892,
        -0.1518206149339676,
        -0.3967434763908386,
        -0.36691197752952576,
        0.15806011855602264,
        0.9167291522026062,
        2.9310555458068848
    ],
    [
        0.9097721576690674,
        0.005163212772458792,
        0.41507580876350403,
        -1.2747735977172852,
        0.061557941138744354,
        0.9871887564659119,
        -0.14720387756824493,
        -0.4347609579563141,
        -0.41051825881004333,
        0.1594732254743576,
        0.8977989554405212,
        3.0398755073547363
    ],
    [
        0.8898650407791138,
        -0.0033538280986249447,
        0.4562114179134369,
        -1.2819370031356812,
        0.0762283131480217,
        0.987008810043335,
        -0.14143146574497223,
        -0.4668439030647278,
        -0.44981035590171814,
        0.16063113510608673,
        0.8785603046417236,
        3.134383201599121
    ],
    [
        0.8591196537017822,
        -0.011195458471775055,
        0.5116521716117859,
        -1.310286283493042,
        0.09270551800727844,
        0.9866254329681396,
        -0.13407427072525024,
        -0.5027068257331848,
        -0.503308117389679,
        0.16261881589889526,
        0.8486672639846802,
        3.251966953277588
    ],
    [
        0.8315019011497498,
        -0.020981354638934135,
        0.5551256537437439,
        -1.3210418224334717,
        0.10809308290481567,
        0.9862975478172302,
        -0.12463077157735825,
        -0.5391235947608948,
        -0.5449042320251465,
        0.16363593935966492,
        0.8223762512207031,
        3.34366774559021
    ],
    [
        0.7983428239822388,
        -0.030376199632883072,
        0.6014365553855896,
        -1.3229485750198364,
        0.12602387368679047,
        0.9850401282310486,
        -0.11753273755311966,
        -0.5708138346672058,
        -0.5888688564300537,
        0.16962681710720062,
        0.7902277708053589,
        3.442837953567505
    ]
]