[
    [
        0.9956747889518738,
        0.009652983397245407,
        -0.09240469336509705,
        0.2698611617088318,
        -0.009033527225255966,
        0.9999338388442993,
        0.007119671441614628,
        -0.03616247698664665,
        0.092467300593853,
        -0.006254136562347412,
        0.9956960678100586,
        0.22645564377307892
    ],
    [
        0.9916456341743469,
        0.014329059980809689,
        -0.12819339334964752,
        0.35833701491355896,
        -0.013365457765758038,
        0.999875545501709,
        0.008373912423849106,
        -0.03938603773713112,
        0.12829743325710297,
        -0.006590590346604586,
        0.9917138814926147,
        0.27971166372299194
    ],
    [
        0.9865990877151489,
        0.01940268650650978,
        -0.16200505197048187,
        0.44431018829345703,
        -0.017668405547738075,
        0.9997702240943909,
        0.01213909313082695,
        -0.04540381208062172,
        0.1622033417224884,
        -0.009114047512412071,
        0.9867153763771057,
        0.33362293243408203
    ],
    [
        0.9796637892723083,
        0.025827299803495407,
        -0.19897672533988953,
        0.546698808670044,
        -0.023062827065587044,
        0.9996027946472168,
        0.01619899645447731,
        -0.052897676825523376,
        0.19931605458259583,
        -0.0112806037068367,
        0.9798703193664551,
        0.4043132960796356
    ],
    [
        0.9744905829429626,
        0.029676105827093124,
        -0.22245773673057556,
        0.6186599731445312,
        -0.026010233908891678,
        0.999473512172699,
        0.01939135044813156,
        -0.05974038317799568,
        0.22291609644889832,
        -0.013110509142279625,
        0.9747495651245117,
        0.46184417605400085
    ],
    [
        0.9678536057472229,
        0.03272388130426407,
        -0.2493763417005539,
        0.7012498378753662,
        -0.02822991833090782,
        0.9993685483932495,
        0.021576983854174614,
        -0.06602577865123749,
        0.24992495775222778,
        -0.01384348887950182,
        0.9681662917137146,
        0.5393391251564026
    ],
    [
        0.9625648856163025,
        0.03532397374510765,
        -0.2687397003173828,
        0.7612335085868835,
        -0.030182695016264915,
        0.9992741346359253,
        0.02324008382856846,
        -0.07011536508798599,
        0.2693656086921692,
        -0.014258800074458122,
        0.9629324078559875,
        0.606624960899353
    ],
    [
        0.9548525810241699,
        0.039811328053474426,
        -0.29440027475357056,
        0.8369459509849548,
        -0.033919740468263626,
        0.9991094470024109,
        0.025093475356698036,
        -0.07454410940408707,
        0.2951371669769287,
        -0.013974586501717567,
        0.9553526639938354,
        0.6968314051628113
    ],
    [
        0.9482616186141968,
        0.045111753046512604,
        -0.3142685890197754,
        0.8964879512786865,
        -0.038507115095853806,
        0.9988881349563599,
        0.02719573676586151,
        -0.07862399518489838,
        0.31514599919319153,
        -0.013687100261449814,
        0.9489445090293884,
        0.7744395136833191
    ],
    [
        0.9404169917106628,
        0.05219890922307968,
        -0.3359927237033844,
        0.9678174257278442,
        -0.04411611333489418,
        0.9985249042510986,
        0.03165057674050331,
        -0.08872773498296738,
        0.33714917302131653,
        -0.014942049980163574,
        0.9413325786590576,
        0.8673385381698608
    ],
    [
        0.9349803328514099,
        0.05761308595538139,
        -0.3499891757965088,
        1.0150295495986938,
        -0.04804956912994385,
        0.998197615146637,
        0.035954948514699936,
        -0.09986336529254913,
        0.35142990946769714,
        -0.01680034212768078,
        0.9360634684562683,
        0.93503737449646
    ],
    [
        0.9288510680198669,
        0.06381092965602875,
        -0.36491629481315613,
        1.0646016597747803,
        -0.053045544773340225,
        0.9978120923042297,
        0.03946087136864662,
        -0.10875729471445084,
        0.3666359782218933,
        -0.017296096310019493,
        0.9302037358283997,
        1.0183255672454834
    ],
    [
        0.9231654405593872,
        0.06777232140302658,
        -0.3783811628818512,
        1.1063164472579956,
        -0.055910129100084305,
        0.9975408911705017,
        0.04226255044341087,
        -0.11875470727682114,
        0.3803148567676544,
        -0.017859986051917076,
        0.9246845245361328,
        1.0865851640701294
    ],
    [
        0.915122389793396,
        0.07106750458478928,
        -0.3968634009361267,
        1.1515693664550781,
        -0.05834358558058739,
        0.9973238110542297,
        0.044059984385967255,
        -0.1267213076353073,
        0.3989325165748596,
        -0.017165839672088623,
        0.9168195724487305,
        1.1571195125579834
    ],
    [
        0.9039227962493896,
        0.07429903745651245,
        -0.42119261622428894,
        1.2107765674591064,
        -0.060242608189582825,
        0.9970953464508057,
        0.04660234972834587,
        -0.13969703018665314,
        0.4234316349029541,
        -0.016751183196902275,
        0.9057731628417969,
        1.2486090660095215
    ],
    [
        0.895737886428833,
        0.07662871479988098,
        -0.4379289746284485,
        1.2455663681030273,
        -0.06172291189432144,
        0.9969290494918823,
        0.048194680362939835,
        -0.15013758838176727,
        0.4402771592140198,
        -0.016139546409249306,
        0.8977168202400208,
        1.3246538639068604
    ],
    [
        0.8870845437049866,
        0.07821210473775864,
        -0.45493283867836,
        1.2678261995315552,
        -0.06356146931648254,
        0.996849775314331,
        0.047438494861125946,
        -0.157993882894516,
        0.4572100341320038,
        -0.013165750540792942,
        0.8892613053321838,
        1.411832332611084
    ],
    [
        0.8801175355911255,
        0.07785747945308685,
        -0.4683281481266022,
        1.2673735618591309,
        -0.06372594088315964,
        0.9969080090522766,
        0.04597293213009834,
        -0.16703905165195465,
        0.47045937180519104,
        -0.010616941377520561,
        0.8823577761650085,
        1.4825506210327148
    ],
    [
        0.8721935153007507,
        0.0770258679986,
        -0.4830583930015564,
        1.2466676235198975,
        -0.06384287774562836,
        0.9970025420188904,
        0.043704092502593994,
        -0.17997533082962036,
        0.48497676849365234,
        -0.007278584409505129,
        0.8744966983795166,
        1.581592082977295
    ],
    [
        0.8671026229858398,
        0.07685691863298416,
        -0.4921644926071167,
        1.214128851890564,
        -0.06443697214126587,
        0.9970303177833557,
        0.042171262204647064,
        -0.19382792711257935,
        0.493943989276886,
        -0.00485321506857872,
        0.8694801926612854,
        1.6664388179779053
    ],
    [
        0.8617516756057739,
        0.07652179151773453,
        -0.5015261769294739,
        1.157906174659729,
        -0.06491199880838394,
        0.9970648884773254,
        0.04059445485472679,
        -0.21384815871715546,
        0.5031605362892151,
        -0.0024272629525512457,
        0.8641895055770874,
        1.776934027671814
    ],
    [
        0.8584783673286438,
        0.07660069316625595,
        -0.5070968866348267,
        1.1034698486328125,
        -0.06553002446889877,
        0.9970614910125732,
        0.03967580571770668,
        -0.23084373772144318,
        0.5086459517478943,
        -0.0008307456155307591,
        0.8609753847122192,
        1.8619438409805298
    ],
    [
        0.8522390127182007,
        0.07631666213274002,
        -0.5175561904907227,
        1.036607265472412,
        -0.06538426131010056,
        0.9970836043357849,
        0.03936011344194412,
        -0.2512381970882416,
        0.5190505385398865,
        0.0002958032418973744,
        0.8547434210777283,
        1.9725819826126099
    ],
    [
        0.8449408411979675,
        0.07714128494262695,
        -0.5292676687240601,
        0.9837210774421692,
        -0.06504129618406296,
        0.9970199465751648,
        0.041482508182525635,
        -0.2705484926700592,
        0.5308905839920044,
        -0.0006260054069571197,
        0.8474401235580444,
        2.066460609436035
    ],
    [
        0.8323133587837219,
        0.07897352427244186,
        -0.5486506223678589,
        0.9231386780738831,
        -0.06666744500398636,
        0.9968758821487427,
        0.042355895042419434,
        -0.2850748896598816,
        0.5502816438674927,
        0.0013237695675343275,
        0.8349781036376953,
        2.1900641918182373
    ]
]