[
    [
        0.995496928691864,
        -0.018846862018108368,
        0.09290119260549545,
        0.2499459981918335,
        0.019693873822689056,
        0.9997723698616028,
        -0.008208949118852615,
        -0.08023546636104584,
        -0.09272533655166626,
        0.01000156905502081,
        0.9956414699554443,
        0.32315248250961304
    ],
    [
        0.9936026930809021,
        -0.024359196424484253,
        0.11027391999959946,
        0.334272176027298,
        0.025801822543144226,
        0.9995988607406616,
        -0.011673960834741592,
        -0.09863574802875519,
        -0.10994531959295273,
        0.014444548636674881,
        0.9938327074050903,
        0.45765504240989685
    ],
    [
        0.9914718866348267,
        -0.02838616818189621,
        0.12719093263149261,
        0.4145011901855469,
        0.0300916638225317,
        0.9994808435440063,
        -0.011507169343531132,
        -0.11388348042964935,
        -0.12679827213287354,
        0.01523642335087061,
        0.9918113946914673,
        0.6065200567245483
    ],
    [
        0.9888524413108826,
        -0.032025277614593506,
        0.14541377127170563,
        0.498586505651474,
        0.03354118764400482,
        0.9994054436683655,
        -0.007984458468854427,
        -0.13802564144134521,
        -0.1450716108083725,
        0.012772800400853157,
        0.9893386960029602,
        0.772182285785675
    ],
    [
        0.9868354201316833,
        -0.03601843863725662,
        0.15766608715057373,
        0.5886679291725159,
        0.037091273814439774,
        0.9993044137954712,
        -0.003866353537887335,
        -0.16727903485298157,
        -0.1574171781539917,
        0.009663490578532219,
        0.987484872341156,
        0.9328279495239258
    ],
    [
        0.9858488440513611,
        -0.03866802155971527,
        0.16311584413051605,
        0.7065970301628113,
        0.039489079266786575,
        0.9992184638977051,
        -0.0017930023605003953,
        -0.19544833898544312,
        -0.1629190295934677,
        0.008208928629755974,
        0.9866053462028503,
        1.0982210636138916
    ],
    [
        0.9867921471595764,
        -0.037656523287296295,
        0.1575537472963333,
        0.8297628164291382,
        0.03879743814468384,
        0.9992383718490601,
        -0.004171045031398535,
        -0.21072593331336975,
        -0.1572767049074173,
        0.010228636674582958,
        0.9875016212463379,
        1.2334078550338745
    ],
    [
        0.988190233707428,
        -0.03533122316002846,
        0.14910253882408142,
        0.9592034220695496,
        0.03646077588200569,
        0.9993233680725098,
        -0.004848129115998745,
        -0.2369120866060257,
        -0.1488303542137146,
        0.010227271355688572,
        0.9888098239898682,
        1.3668615818023682
    ],
    [
        0.9891202449798584,
        -0.03317325934767723,
        0.14332032203674316,
        1.0694767236709595,
        0.034329209476709366,
        0.9993948936462402,
        -0.005599549971520901,
        -0.2628496289253235,
        -0.14304785430431366,
        0.010458700358867645,
        0.9896605014801025,
        1.4917500019073486
    ],
    [
        0.9902696013450623,
        -0.029258573427796364,
        0.13605137169361115,
        1.1622750759124756,
        0.030725866556167603,
        0.9994900822639465,
        -0.008697054348886013,
        -0.2833287715911865,
        -0.13572749495506287,
        0.012792721390724182,
        0.9906636476516724,
        1.6278854608535767
    ],
    [
        0.9928626418113708,
        -0.02205674722790718,
        0.11720582842826843,
        1.2672096490859985,
        0.023720942437648773,
        0.9996363520622253,
        -0.012822537682950497,
        -0.32031840085983276,
        -0.1168803945183754,
        0.01551124732941389,
        0.9930248856544495,
        1.8066301345825195
    ],
    [
        0.9953785538673401,
        -0.016613472253084183,
        0.09458094835281372,
        1.3477625846862793,
        0.018132861703634262,
        0.9997196197509766,
        -0.015227653086185455,
        -0.3578207790851593,
        -0.0943015068769455,
        0.016872311010956764,
        0.9954007863998413,
        1.9651559591293335
    ],
    [
        0.9976027011871338,
        -0.01144312135875225,
        0.06824905425310135,
        1.4309622049331665,
        0.012676112353801727,
        0.9997636675834656,
        -0.017660576850175858,
        -0.3798047602176666,
        -0.06803074479103088,
        0.018483366817235947,
        0.9975121021270752,
        2.122097969055176
    ],
    [
        0.9992789626121521,
        -0.005665169563144445,
        0.03754203021526337,
        1.530718207359314,
        0.0063989670015871525,
        0.9997902512550354,
        -0.019454846158623695,
        -0.3964807689189911,
        -0.03742406144738197,
        0.0196810532361269,
        0.9991055727005005,
        2.2923550605773926
    ],
    [
        0.9999672174453735,
        0.0007847234955988824,
        0.00805677566677332,
        1.6303151845932007,
        -0.0006354492506943643,
        0.9998284578323364,
        -0.018514199182391167,
        -0.4253736138343811,
        -0.008069903589785099,
        0.01850847527384758,
        0.9997962117195129,
        2.4655892848968506
    ],
    [
        0.9998014569282532,
        0.005545930005609989,
        -0.019143445417284966,
        1.7324162721633911,
        -0.005874096881598234,
        0.9998360276222229,
        -0.01712888851761818,
        -0.4555046856403351,
        0.019045334309339523,
        0.017237933352589607,
        0.9996699690818787,
        2.664029359817505
    ],
    [
        0.9992137551307678,
        0.008184045553207397,
        -0.03879411891102791,
        1.8234026432037354,
        -0.00890712346881628,
        0.9997891783714294,
        -0.018502505496144295,
        -0.47676882147789,
        0.03863457962870598,
        0.01883350871503353,
        0.9990758895874023,
        2.8431146144866943
    ],
    [
        0.9983274936676025,
        0.010343094356358051,
        -0.056878652423620224,
        1.9134284257888794,
        -0.011512295342981815,
        0.9997283816337585,
        -0.020266778767108917,
        -0.5105492472648621,
        0.056653667241334915,
        0.020887678489089012,
        0.9981754422187805,
        3.0206573009490967
    ],
    [
        0.9969585537910461,
        0.01175410021096468,
        -0.0770416408777237,
        2.0020997524261475,
        -0.01338409073650837,
        0.9996965527534485,
        -0.020675228908658028,
        -0.5412584543228149,
        0.07677530497312546,
        0.02164348028600216,
        0.9968134760856628,
        3.1894068717956543
    ],
    [
        0.9944959878921509,
        0.012109101749956608,
        -0.10407229512929916,
        2.1008718013763428,
        -0.014397221617400646,
        0.9996702075004578,
        -0.02126285433769226,
        -0.5657142996788025,
        0.1037803366780281,
        0.02264418639242649,
        0.9943423271179199,
        3.355494499206543
    ],
    [
        0.9903450012207031,
        0.01476049143821001,
        -0.1378364861011505,
        2.219083070755005,
        -0.017443832010030746,
        0.999680757522583,
        -0.01827990449965,
        -0.6053460240364075,
        0.1375226378440857,
        0.0205078087747097,
        0.9902862906455994,
        3.5594801902770996
    ],
    [
        0.9863904714584351,
        0.018367920070886612,
        -0.16339026391506195,
        2.2959516048431396,
        -0.02083222009241581,
        0.9996933341026306,
        -0.013381637632846832,
        -0.6357112526893616,
        0.16309425234794617,
        0.016603298485279083,
        0.9864706993103027,
        3.7334792613983154
    ],
    [
        0.9822528958320618,
        0.022100714966654778,
        -0.18625494837760925,
        2.35374116897583,
        -0.024137146770954132,
        0.9996710419654846,
        -0.008672690019011497,
        -0.660213828086853,
        0.1860019564628601,
        0.013014430180191994,
        0.9824632406234741,
        3.8914954662323
    ],
    [
        0.9781815409660339,
        0.026927968487143517,
        -0.20599967241287231,
        2.407902479171753,
        -0.02854541502892971,
        0.9995805621147156,
        -0.004883150104433298,
        -0.6912696957588196,
        0.2057816982269287,
        0.010656960308551788,
        0.9785398244857788,
        4.069613456726074
    ],
    [
        0.9741101264953613,
        0.031261689960956573,
        -0.22390221059322357,
        2.456076145172119,
        -0.03322004899382591,
        0.999435544013977,
        -0.004984038881957531,
        -0.7308709025382996,
        0.2236199826002121,
        0.012293050065636635,
        0.97459876537323,
        4.267334938049316
    ]
]