[
    [
        0.9996216893196106,
        -0.0005884402198716998,
        0.02749853953719139,
        -0.009148740209639072,
        0.0006613117293454707,
        0.9999963045120239,
        -0.002641004975885153,
        -0.048376306891441345,
        -0.027496885508298874,
        0.002658190904185176,
        0.9996182918548584,
        0.31807824969291687
    ],
    [
        0.9990043640136719,
        -0.00118964200373739,
        0.0445958711206913,
        -0.015456910245120525,
        0.0012861678842455149,
        0.9999968409538269,
        -0.002135827671736479,
        -0.05604996904730797,
        -0.04459318891167641,
        0.002191058360040188,
        0.9990028738975525,
        0.35543763637542725
    ],
    [
        0.9978458881378174,
        -0.002100288402289152,
        0.06556776165962219,
        -0.023527570068836212,
        0.0022187596186995506,
        0.9999960064888,
        -0.0017340944614261389,
        -0.05994906276464462,
        -0.06556385010480881,
        0.0018758379155769944,
        0.9978467226028442,
        0.39133670926094055
    ],
    [
        0.9959860444068909,
        -0.0033005988225340843,
        0.08944748342037201,
        -0.03325594216585159,
        0.003436171682551503,
        0.9999932050704956,
        -0.0013617189833894372,
        -0.06234586983919144,
        -0.08944237232208252,
        0.0016636098735034466,
        0.9959905743598938,
        0.42804914712905884
    ],
    [
        0.9920180439949036,
        -0.0048257107846438885,
        0.1260034739971161,
        -0.04062652960419655,
        0.004919491242617369,
        0.9999878406524658,
        -0.0004331090021878481,
        -0.06511468440294266,
        -0.12599985301494598,
        0.0010495252208784223,
        0.9920296669006348,
        0.471179723739624
    ],
    [
        0.9873685836791992,
        -0.0066823093220591545,
        0.15829890966415405,
        -0.04346119984984398,
        0.006774827837944031,
        0.9999770522117615,
        -4.483352313400246e-05,
        -0.0653657391667366,
        -0.15829499065876007,
        0.001116714789532125,
        0.9873912930488586,
        0.5059478282928467
    ],
    [
        0.9812923669815063,
        -0.00845689419656992,
        0.19233772158622742,
        -0.04248147830367088,
        0.008495046757161617,
        0.9999637007713318,
        0.0006263097748160362,
        -0.06306108832359314,
        -0.1923360526561737,
        0.0010193256894126534,
        0.9813286066055298,
        0.5491667985916138
    ],
    [
        0.9740192890167236,
        -0.010299993678927422,
        0.22623063623905182,
        -0.0354582741856575,
        0.010199581272900105,
        0.9999467134475708,
        0.0016127523267641664,
        -0.06105228140950203,
        -0.22623519599437714,
        0.000736606540158391,
        0.9740724563598633,
        0.5996769070625305
    ],
    [
        0.9615961909294128,
        -0.012264110147953033,
        0.27419358491897583,
        -0.021152447909116745,
        0.012062178924679756,
        0.9999242424964905,
        0.002422500867396593,
        -0.060205403715372086,
        -0.2742025852203369,
        0.000977904419414699,
        0.9616713523864746,
        0.6735188961029053
    ],
    [
        0.9496058225631714,
        -0.013905835337936878,
        0.3131381571292877,
        -0.004970570094883442,
        0.013536066748201847,
        0.9999027252197266,
        0.0033549328800290823,
        -0.06212541460990906,
        -0.31315433979034424,
        0.00105279462877661,
        0.9497016072273254,
        0.7329102158546448
    ],
    [
        0.9360829591751099,
        -0.015085915103554726,
        0.35145553946495056,
        0.013677072711288929,
        0.014376122504472733,
        0.9998859167098999,
        0.004629175178706646,
        -0.0702219158411026,
        -0.35148534178733826,
        0.000719276606105268,
        0.9361931681632996,
        0.7869859933853149
    ],
    [
        0.9213882088661194,
        -0.01701968163251877,
        0.3882705867290497,
        0.03378584235906601,
        0.01620149426162243,
        0.9998542666435242,
        0.005381136666983366,
        -0.07835913449525833,
        -0.38830557465553284,
        0.0013324456522241235,
        0.9215296506881714,
        0.8402882218360901
    ],
    [
        0.9020946025848389,
        -0.019007762894034386,
        0.43111956119537354,
        0.06360000371932983,
        0.017988106235861778,
        0.9998174905776978,
        0.006442107260227203,
        -0.08289266377687454,
        -0.43116331100463867,
        0.0019436348229646683,
        0.9022718071937561,
        0.9127839803695679
    ],
    [
        0.8850884437561035,
        -0.020426305010914803,
        0.4649743139743805,
        0.0862821638584137,
        0.019088925793766975,
        0.9997889995574951,
        0.0075845252722501755,
        -0.08459644764661789,
        -0.46503114700317383,
        0.0021628839895129204,
        0.8852916955947876,
        0.9781659841537476
    ],
    [
        0.8665945529937744,
        -0.02144164778292179,
        0.4985520541667938,
        0.1069941595196724,
        0.019492920488119125,
        0.9997684955596924,
        0.009114844724535942,
        -0.08763175457715988,
        -0.4986321032047272,
        0.0018193592550233006,
        0.8668118715286255,
        1.0472036600112915
    ],
    [
        0.8478944897651672,
        -0.02227892354130745,
        0.5296965837478638,
        0.1248907595872879,
        0.020454656332731247,
        0.9997474551200867,
        0.009307041764259338,
        -0.09175968915224075,
        -0.5297702550888062,
        0.0029433700256049633,
        0.8481361269950867,
        1.114945888519287
    ],
    [
        0.8229666352272034,
        -0.023912228643894196,
        0.5675861835479736,
        0.1503702849149704,
        0.02147715538740158,
        0.9997091293334961,
        0.010976816527545452,
        -0.09678683429956436,
        -0.5676835775375366,
        0.0031565839890390635,
        0.8232408761978149,
        1.1903388500213623
    ],
    [
        0.802198588848114,
        -0.024616150185465813,
        0.5965496897697449,
        0.17613941431045532,
        0.022168569266796112,
        0.9996887445449829,
        0.011440612375736237,
        -0.09668467938899994,
        -0.5966456532478333,
        0.004047010093927383,
        0.8024946451187134,
        1.244048833847046
    ],
    [
        0.7810616493225098,
        -0.025586634874343872,
        0.623929500579834,
        0.20751416683197021,
        0.02281857468187809,
        0.9996623992919922,
        0.012429733760654926,
        -0.09636379778385162,
        -0.6240369081497192,
        0.004528792109340429,
        0.7813819050788879,
        1.296425700187683
    ],
    [
        0.7624180316925049,
        -0.026764970272779465,
        0.6465309262275696,
        0.24816958606243134,
        0.023786146193742752,
        0.9996281266212463,
        0.01333274133503437,
        -0.0956203043460846,
        -0.6466475129127502,
        0.005213356111198664,
        0.7627712488174438,
        1.3531005382537842
    ],
    [
        0.7410140633583069,
        -0.028244895860552788,
        0.6708953380584717,
        0.3101029098033905,
        0.024866865947842598,
        0.999583899974823,
        0.014616956003010273,
        -0.0982411652803421,
        -0.6710289716720581,
        0.005851694382727146,
        0.7414080500602722,
        1.4270142316818237
    ],
    [
        0.7252640128135681,
        -0.02902868762612343,
        0.6878585815429688,
        0.3674042820930481,
        0.025177428498864174,
        0.9995607137680054,
        0.015636414289474487,
        -0.10151781141757965,
        -0.6880103349685669,
        0.005977977067232132,
        0.7256762981414795,
        1.4833614826202393
    ],
    [
        0.7097018957138062,
        -0.029660090804100037,
        0.703877329826355,
        0.422367662191391,
        0.025514263659715652,
        0.9995399713516235,
        0.016393397003412247,
        -0.10646373778581619,
        -0.7040400505065918,
        0.006324488203972578,
        0.7101321816444397,
        1.532725214958191
    ],
    [
        0.6955817937850952,
        -0.029688168317079544,
        0.7178331613540649,
        0.47299841046333313,
        0.02572815679013729,
        0.9995342493057251,
        0.01640813611447811,
        -0.10972373187541962,
        -0.7179860472679138,
        0.007055338472127914,
        0.6960214972496033,
        1.580452799797058
    ],
    [
        0.6819990277290344,
        -0.030503254383802414,
        0.7307167053222656,
        0.5343336462974548,
        0.026399290189146996,
        0.9995054006576538,
        0.017084447667002678,
        -0.11336823552846909,
        -0.730876624584198,
        0.0076388223096728325,
        0.6824671030044556,
        1.6390304565429688
    ]
]