[
    [
        0.9999872446060181,
        -0.004612971097230911,
        -0.0020820628851652145,
        -0.009113661013543606,
        0.004632654599845409,
        0.9999436140060425,
        0.009549896232783794,
        0.11244518309831619,
        0.0020378923509269953,
        -0.009559419006109238,
        0.9999521970748901,
        0.6962494850158691
    ],
    [
        0.9999432563781738,
        -0.0052278293296694756,
        -0.009289387613534927,
        0.020137954503297806,
        0.005326760932803154,
        0.9999290704727173,
        0.010657350532710552,
        0.15986499190330505,
        0.009233012795448303,
        -0.010706227272748947,
        0.9999001026153564,
        0.9880287647247314
    ],
    [
        0.9998968839645386,
        -0.005624263547360897,
        -0.013213212601840496,
        0.048203278332948685,
        0.00578994769603014,
        0.9999047517776489,
        0.012534722685813904,
        0.20994462072849274,
        0.013141453266143799,
        -0.012609933502972126,
        0.9998342394828796,
        1.3558986186981201
    ],
    [
        0.999826192855835,
        -0.007129867561161518,
        -0.017225008457899094,
        0.09154683351516724,
        0.007334958761930466,
        0.999902606010437,
        0.011872940696775913,
        0.25790533423423767,
        0.017138678580522537,
        -0.0119972238317132,
        0.9997811913490295,
        1.665528416633606
    ],
    [
        0.9996961355209351,
        -0.009203887544572353,
        -0.022868039086461067,
        0.20349450409412384,
        0.009439289569854736,
        0.9999033808708191,
        0.010207396000623703,
        0.3081427812576294,
        0.022771883755922318,
        -0.010420149192214012,
        0.9996863603591919,
        2.038466691970825
    ],
    [
        0.9994571208953857,
        -0.009580504149198532,
        -0.03152155131101608,
        0.26577022671699524,
        0.00994674488902092,
        0.9998845458030701,
        0.011482496745884418,
        0.323141872882843,
        0.031407903879880905,
        -0.011789802461862564,
        0.999437153339386,
        2.368656873703003
    ],
    [
        0.9990330338478088,
        -0.009567832574248314,
        -0.04291196167469025,
        0.3019616901874542,
        0.010088462382555008,
        0.9998779296875,
        0.011932364664971828,
        0.37564000487327576,
        0.04279255494475365,
        -0.012353748083114624,
        0.9990075826644897,
        2.7872314453125
    ],
    [
        0.998328447341919,
        -0.011074954643845558,
        -0.05672246217727661,
        0.3313838243484497,
        0.011756033636629581,
        0.9998626112937927,
        0.011687623336911201,
        0.4037531316280365,
        0.05658522993326187,
        -0.012334923259913921,
        0.9983215928077698,
        3.1837432384490967
    ],
    [
        0.9975011348724365,
        -0.012844166718423367,
        -0.06947349011898041,
        0.3909897804260254,
        0.013625863939523697,
        0.9998489022254944,
        0.010789535939693451,
        0.4455567002296448,
        0.06932441890239716,
        -0.011709210462868214,
        0.9975254535675049,
        3.5640475749969482
    ],
    [
        0.996431827545166,
        -0.014121235348284245,
        -0.0832124724984169,
        0.42473307251930237,
        0.014967062510550022,
        0.9998424053192139,
        0.009549634531140327,
        0.4751421809196472,
        0.0830644965171814,
        -0.010761008597910404,
        0.9964860081672668,
        3.9446425437927246
    ],
    [
        0.9956334233283997,
        -0.014384105801582336,
        -0.09223493188619614,
        0.43601298332214355,
        0.015301365405321121,
        0.9998401403427124,
        0.009245315566658974,
        0.5218685865402222,
        0.09208719432353973,
        -0.010616268962621689,
        0.9956942796707153,
        4.324370384216309
    ],
    [
        0.9945011138916016,
        -0.01585242711007595,
        -0.10351990908384323,
        0.4559611976146698,
        0.016778623685240746,
        0.9998264908790588,
        0.008082345128059387,
        0.54777592420578,
        0.10337383300065994,
        -0.009774826467037201,
        0.9945945739746094,
        4.714902400970459
    ],
    [
        0.9927035570144653,
        -0.01847006008028984,
        -0.1191578209400177,
        0.5159612894058228,
        0.019445374608039856,
        0.9997861981391907,
        0.007027473300695419,
        0.5691044926643372,
        0.1190023198723793,
        -0.009293267503380775,
        0.9928504228591919,
        5.1172285079956055
    ],
    [
        0.9899865984916687,
        -0.02044547162950039,
        -0.13967269659042358,
        0.5353445410728455,
        0.02165008895099163,
        0.9997403621673584,
        0.007110424339771271,
        0.5893514752388,
        0.13949096202850342,
        -0.010063140653073788,
        0.9901722073554993,
        5.458881855010986
    ],
    [
        0.9869891405105591,
        -0.020859213545918465,
        -0.15942752361297607,
        0.5110397338867188,
        0.02211279422044754,
        0.9997368454933167,
        0.0060930210165679455,
        0.6097236275672913,
        0.15925849974155426,
        -0.009539135731756687,
        0.9871907830238342,
        5.861769199371338
    ],
    [
        0.9855074286460876,
        -0.021284233778715134,
        -0.16829191148281097,
        0.47996190190315247,
        0.02252841554582119,
        0.9997313022613525,
        0.005486804060637951,
        0.6195695996284485,
        0.16812965273857117,
        -0.009198620915412903,
        0.9857220649719238,
        6.196618556976318
    ],
    [
        0.9842774271965027,
        -0.02153926156461239,
        -0.17531117796897888,
        0.445645272731781,
        0.022729670628905296,
        0.9997301697731018,
        0.0047850171104073524,
        0.6656313538551331,
        0.17516104876995087,
        -0.008694560267031193,
        0.9845014214515686,
        6.600244045257568
    ],
    [
        0.9833680987358093,
        -0.021552570164203644,
        -0.18034066259860992,
        0.39788904786109924,
        0.022817248478531837,
        0.9997274279594421,
        0.004940866492688656,
        0.688168466091156,
        0.18018501996994019,
        -0.008973573334515095,
        0.9835917949676514,
        6.94433069229126
    ],
    [
        0.9835265874862671,
        -0.019151896238327026,
        -0.17974604666233063,
        0.2881070375442505,
        0.020542791113257408,
        0.999771773815155,
        0.005879599135369062,
        0.7182700037956238,
        0.17959213256835938,
        -0.009475222788751125,
        0.9836955070495605,
        7.343124866485596
    ],
    [
        0.9838157296180725,
        -0.018908608704805374,
        -0.1781829297542572,
        0.19386166334152222,
        0.019883939996361732,
        0.9997954964637756,
        0.0036895324010401964,
        0.7208535075187683,
        0.17807666957378387,
        -0.007172797340899706,
        0.9839904308319092,
        7.683402061462402
    ],
    [
        0.9838579893112183,
        -0.019369935616850853,
        -0.17789924144744873,
        0.11660415679216385,
        0.020358074456453323,
        0.999785840511322,
        0.003730623284354806,
        0.7665506601333618,
        0.1777891218662262,
        -0.007292082533240318,
        0.9840416312217712,
        8.028604507446289
    ],
    [
        0.9842545986175537,
        -0.019505318254232407,
        -0.1756773144006729,
        0.026050979271531105,
        0.020303044468164444,
        0.9997900724411011,
        0.00274446583352983,
        0.7856237888336182,
        0.17558637261390686,
        -0.006268036086112261,
        0.9844440221786499,
        8.356786727905273
    ],
    [
        0.9864826202392578,
        -0.016730379313230515,
        -0.16300970315933228,
        -0.08606565743684769,
        0.01733114756643772,
        0.9998472929000854,
        0.002263522706925869,
        0.8197677135467529,
        0.16294710338115692,
        -0.005058069713413715,
        0.9866217970848083,
        8.671259880065918
    ],
    [
        0.9921112656593323,
        -0.012371700257062912,
        -0.12474838644266129,
        -0.1811906397342682,
        0.012667395174503326,
        0.9999184608459473,
        0.0015773560153320432,
        0.7988133430480957,
        0.12471869587898254,
        -0.0031451485119760036,
        0.9921872019767761,
        8.973288536071777
    ],
    [
        0.996708869934082,
        -0.008722307160496712,
        -0.08059356361627579,
        -0.24120600521564484,
        0.008984803222119808,
        0.999955415725708,
        0.0028949484694749117,
        0.8393155932426453,
        0.0805647224187851,
        -0.003609537612646818,
        0.9967429041862488,
        9.310224533081055
    ]
]