[
    [
        0.8719130754470825,
        -0.08932595700025558,
        0.48144423961639404,
        0.12169492244720459,
        0.08111146837472916,
        0.9959843158721924,
        0.03789663687348366,
        -0.04488697275519371,
        -0.4828960597515106,
        0.006008075084537268,
        0.8756570219993591,
        0.35157692432403564
    ],
    [
        0.8634155988693237,
        -0.0919598713517189,
        0.49604108929634094,
        0.14662069082260132,
        0.08308519423007965,
        0.9957402348518372,
        0.03997870907187462,
        -0.0487310066819191,
        -0.4976045489311218,
        0.006695426069200039,
        0.8673781156539917,
        0.39081594347953796
    ],
    [
        0.8545442223548889,
        -0.09488432109355927,
        0.5106379389762878,
        0.17078623175621033,
        0.08589626848697662,
        0.9954508543014526,
        0.04122398421168327,
        -0.054585497826337814,
        -0.5122264623641968,
        0.00863417237997055,
        0.8588069081306458,
        0.42906180024147034
    ],
    [
        0.8499546647071838,
        -0.09664826095104218,
        0.5179153084754944,
        0.18901312351226807,
        0.08721385151147842,
        0.9952782988548279,
        0.04260175675153732,
        -0.06037411093711853,
        -0.5195872187614441,
        0.008959830738604069,
        0.8543704152107239,
        0.46246883273124695
    ],
    [
        0.8477563858032227,
        -0.09643074870109558,
        0.521545946598053,
        0.2133704274892807,
        0.08661841601133347,
        0.9953032732009888,
        0.043230149894952774,
        -0.06478679925203323,
        -0.5232650637626648,
        0.00852685235440731,
        0.8521272540092468,
        0.5001401305198669
    ],
    [
        0.8480887413024902,
        -0.09521408379077911,
        0.5212290287017822,
        0.23102107644081116,
        0.08578852564096451,
        0.9954171776771545,
        0.04224909096956253,
        -0.0680723637342453,
        -0.5228630900382996,
        0.00888449139893055,
        0.8523703813552856,
        0.5231267809867859
    ],
    [
        0.8519114851951599,
        -0.09214712679386139,
        0.5155149698257446,
        0.25790902972221375,
        0.08380677551031113,
        0.995699405670166,
        0.039484575390815735,
        -0.07055850327014923,
        -0.5169363617897034,
        0.00956628005951643,
        0.8559703826904297,
        0.5494314432144165
    ],
    [
        0.8602943420410156,
        -0.08729995787143707,
        0.5022673606872559,
        0.2919316589832306,
        0.07970043271780014,
        0.9961456656455994,
        0.03662920370697975,
        -0.07201743125915527,
        -0.5035291314125061,
        0.008519032038748264,
        0.8639363050460815,
        0.5765410661697388
    ],
    [
        0.8692485094070435,
        -0.0830342173576355,
        0.4873523712158203,
        0.322666734457016,
        0.07579823583364487,
        0.9965230226516724,
        0.034590985625982285,
        -0.0744641050696373,
        -0.48853006958961487,
        0.006872295401990414,
        0.8725199103355408,
        0.5929372310638428
    ],
    [
        0.8816313147544861,
        -0.07753051817417145,
        0.4655267596244812,
        0.3635513484477997,
        0.07140406966209412,
        0.9969714879989624,
        0.030811648815870285,
        -0.07483871281147003,
        -0.4665057361125946,
        0.006075992248952389,
        0.884497344493866,
        0.6183953881263733
    ],
    [
        0.8919078707695007,
        -0.0735049620270729,
        0.44620320200920105,
        0.3969214856624603,
        0.0682016983628273,
        0.997279703617096,
        0.027958961203694344,
        -0.07622639834880829,
        -0.4470445513725281,
        0.00549499224871397,
        0.8944947123527527,
        0.6402300000190735
    ],
    [
        0.9043394327163696,
        -0.06834471970796585,
        0.4213065803050995,
        0.4367469549179077,
        0.06416963785886765,
        0.9976480007171631,
        0.02409844473004341,
        -0.07745399326086044,
        -0.4219626486301422,
        0.005241920705884695,
        0.9065979719161987,
        0.673206090927124
    ],
    [
        0.9159504771232605,
        -0.0647246241569519,
        0.3960373103618622,
        0.46922388672828674,
        0.06120489165186882,
        0.9978929758071899,
        0.021532317623496056,
        -0.0812508761882782,
        -0.3965964913368225,
        0.004516883287578821,
        0.9179818630218506,
        0.708732545375824
    ],
    [
        0.924415647983551,
        -0.0628976970911026,
        0.37616416811943054,
        0.4924805164337158,
        0.0598769448697567,
        0.9980107545852661,
        0.01972910761833191,
        -0.08552876114845276,
        -0.37665683031082153,
        0.0042856670916080475,
        0.9263429641723633,
        0.7361522316932678
    ],
    [
        0.9342890381813049,
        -0.05914938449859619,
        0.3515757918357849,
        0.5180142521858215,
        0.05576807260513306,
        0.9982485175132751,
        0.01974623091518879,
        -0.09442038089036942,
        -0.35212793946266174,
        0.0011580160353332758,
        0.9359510540962219,
        0.7774282097816467
    ],
    [
        0.9419472217559814,
        -0.05556187406182289,
        0.33113202452659607,
        0.5391549468040466,
        0.05234099552035332,
        0.998455286026001,
        0.018643885850906372,
        -0.09888742119073868,
        -0.33165639638900757,
        -0.0002297752071171999,
        0.9434003233909607,
        0.8101902604103088
    ],
    [
        0.9511409401893616,
        -0.0508420430123806,
        0.3045421242713928,
        0.563697338104248,
        0.047651857137680054,
        0.9987034797668457,
        0.017903899773955345,
        -0.10490492731332779,
        -0.3050575852394104,
        -0.002517133951187134,
        0.9523305892944336,
        0.8474124073982239
    ],
    [
        0.9582862257957458,
        -0.04729441925883293,
        0.28187018632888794,
        0.5842299461364746,
        0.04438386484980583,
        0.998874843120575,
        0.01670541800558567,
        -0.10841718316078186,
        -0.2823431193828583,
        -0.003498084144666791,
        0.959307074546814,
        0.8747618198394775
    ],
    [
        0.9663735628128052,
        -0.04280005767941475,
        0.25355494022369385,
        0.6075037717819214,
        0.04053432121872902,
        0.9990779161453247,
        0.014155847020447254,
        -0.11114528775215149,
        -0.25392699241638184,
        -0.0034021607134491205,
        0.9672174453735352,
        0.9076908230781555
    ],
    [
        0.9737076163291931,
        -0.03867131844162941,
        0.2244953066110611,
        0.6313105821609497,
        0.03714001551270485,
        0.9992491006851196,
        0.011041497811675072,
        -0.11298193037509918,
        -0.2247537076473236,
        -0.0024134311825037003,
        0.9744126200675964,
        0.9388402700424194
    ],
    [
        0.9791832566261292,
        -0.03444971516728401,
        0.20003339648246765,
        0.6522514224052429,
        0.033425018191337585,
        0.9994051456451416,
        0.00849857833236456,
        -0.11529594659805298,
        -0.2002071589231491,
        -0.0016355464467778802,
        0.9797520637512207,
        0.9626529812812805
    ],
    [
        0.9857516884803772,
        -0.026887787505984306,
        0.16604407131671906,
        0.6858810186386108,
        0.026657022535800934,
        0.9996381402015686,
        0.0036186256911605597,
        -0.11411671340465546,
        -0.1660812795162201,
        0.0008591744699515402,
        0.9861117601394653,
        0.9922581911087036
    ],
    [
        0.9902729988098145,
        -0.02189650386571884,
        0.13740359246730804,
        0.7144954204559326,
        0.02202857844531536,
        0.9997571706771851,
        0.0005595337715931237,
        -0.11488620936870575,
        -0.13738249242305756,
        0.0024727163836359978,
        0.9905149936676025,
        1.0066282749176025
    ],
    [
        0.9945808053016663,
        -0.016358191147446632,
        0.10267125070095062,
        0.7479581832885742,
        0.016887681558728218,
        0.9998482465744019,
        -0.004289973061531782,
        -0.11412353813648224,
        -0.10258548706769943,
        0.006000602152198553,
        0.9947060942649841,
        1.024549961090088
    ],
    [
        0.997386634349823,
        -0.0105631984770298,
        0.07147163152694702,
        0.7786363363265991,
        0.011228127405047417,
        0.9998972415924072,
        -0.008907982148230076,
        -0.11409929394721985,
        -0.0713701993227005,
        0.009687195532023907,
        0.9974028468132019,
        1.0429129600524902
    ]
]