[
    [
        0.9999992251396179,
        0.00017944931460078806,
        -0.0011952469358220696,
        0.10712353885173798,
        -0.0001779576705303043,
        0.9999991655349731,
        0.0012476964620873332,
        -0.0013549273135140538,
        0.0011954698711633682,
        -0.0012474822578951716,
        0.9999984502792358,
        -0.000489009078592062
    ],
    [
        0.9999992847442627,
        0.0001786955544957891,
        -0.0012196979951113462,
        0.12400629371404648,
        -0.00017717346781864762,
        0.9999991655349731,
        0.0012482890160754323,
        -0.0013642854755744338,
        0.0012199202319607139,
        -0.001248071901500225,
        0.9999984502792358,
        -0.0004454754525795579
    ],
    [
        0.9999991655349731,
        0.00023382143990602344,
        -0.001259376178495586,
        0.1409682333469391,
        -0.00023200154828373343,
        0.9999989867210388,
        0.0014454562915489078,
        -0.0016092293662950397,
        0.001259712502360344,
        -0.0014451624592766166,
        0.9999980926513672,
        -0.0004511426668614149
    ],
    [
        0.9999992847442627,
        0.00019689436885528266,
        -0.0012200056808069348,
        0.16181832551956177,
        -0.00019532364967744797,
        0.9999991655349731,
        0.0012871513608843088,
        -0.0013855422148481011,
        0.0012202586513012648,
        -0.0012869127094745636,
        0.9999984502792358,
        -0.00037912189145572484
    ],
    [
        0.9999991655349731,
        0.00017681285680737346,
        -0.0012626422103494406,
        0.17881351709365845,
        -0.00017516413936391473,
        0.9999991059303284,
        0.0013058711774647236,
        -0.0013908649561926723,
        0.0012628728291019797,
        -0.0013056485913693905,
        0.9999983310699463,
        -0.0003791967174038291
    ],
    [
        0.9999991059303284,
        0.00020829220011364669,
        -0.0012838415568694472,
        0.1955323964357376,
        -0.00020661178859882057,
        0.9999991059303284,
        0.0013087233528494835,
        -0.0014028683071956038,
        0.0012841124553233385,
        -0.0013084565289318562,
        0.9999983310699463,
        -0.0004075842152815312
    ],
    [
        0.9999992251396179,
        0.00019144470570608974,
        -0.0011875416385009885,
        0.21653184294700623,
        -0.00018997924053110182,
        0.9999991655349731,
        0.0012342504924163222,
        -0.0013035613810643554,
        0.0011877772631123662,
        -0.0012340235989540815,
        0.9999985694885254,
        -0.00037714597419835627
    ],
    [
        0.9999991059303284,
        0.00018861463468056172,
        -0.0012869565980508924,
        0.23354539275169373,
        -0.00018701535009313375,
        0.9999991655349731,
        0.0012429726775735617,
        -0.0013281138380989432,
        0.0012871903600171208,
        -0.0012427313486114144,
        0.9999984502792358,
        -0.00034409991349093616
    ],
    [
        0.9999992847442627,
        0.0001894898305181414,
        -0.0011601130245253444,
        0.2500777840614319,
        -0.0001878541661426425,
        0.9999989867210388,
        0.0014100070111453533,
        -0.001568676671013236,
        0.001160379033535719,
        -0.0014097881503403187,
        0.9999983310699463,
        -0.00031908421078696847
    ],
    [
        0.9999992847442627,
        0.0001951547310454771,
        -0.0011796032777056098,
        0.2709903120994568,
        -0.00019363226601853967,
        0.9999991655349731,
        0.0012908504577353597,
        -0.0014030664460733533,
        0.0011798541527241468,
        -0.0012906218180432916,
        0.9999985694885254,
        -0.0002309962292201817
    ],
    [
        0.9999992251396179,
        0.00018830526096280664,
        -0.0011942331911996007,
        0.28775519132614136,
        -0.0001868547115009278,
        0.9999992251396179,
        0.0012143920175731182,
        -0.0013012004783377051,
        0.0011944606667384505,
        -0.0012141679180786014,
        0.9999985694885254,
        -0.00017520235269330442
    ],
    [
        0.9999991655349731,
        0.0001855288282968104,
        -0.0012573391431942582,
        0.30489420890808105,
        -0.00018393120262771845,
        0.9999992251396179,
        0.0012707822024822235,
        -0.0013930081622675061,
        0.001257574651390314,
        -0.0012705496046692133,
        0.9999983310699463,
        -0.0001985153794521466
    ],
    [
        0.9999993443489075,
        0.00018773163901641965,
        -0.0010788098443299532,
        0.325543075799942,
        -0.00018653138249646872,
        0.9999993443489075,
        0.0011129119666293263,
        -0.001177885220386088,
        0.0010790172964334488,
        -0.0011127101024612784,
        0.9999988079071045,
        -0.00025040964828804135
    ],
    [
        0.9999992251396179,
        0.00020444430992938578,
        -0.0011838964419439435,
        0.34260934591293335,
        -0.0002029426977969706,
        0.9999992251396179,
        0.0012689211871474981,
        -0.0013874165015295148,
        0.0011841553496196866,
        -0.0012686807895079255,
        0.9999984502792358,
        -0.00016907756798900664
    ],
    [
        0.9999992847442627,
        0.00016844629135448486,
        -0.0011836016783490777,
        0.3593806028366089,
        -0.00016693372162990272,
        0.9999992251396179,
        0.001277681440114975,
        -0.0013949975837022066,
        0.001183816115371883,
        -0.0012774824863299727,
        0.9999984502792358,
        -0.0001081191876437515
    ],
    [
        0.9999992847442627,
        0.00019734434317797422,
        -0.001177360536530614,
        0.3803320527076721,
        -0.00019595866615418345,
        0.9999993443489075,
        0.0011766426032409072,
        -0.001267295447178185,
        0.0011775912716984749,
        -0.0011764104710891843,
        0.9999985694885254,
        -8.530323975719512e-05
    ],
    [
        0.9999992251396179,
        0.00020488331210799515,
        -0.0012459332356229424,
        0.39728882908821106,
        -0.00020345569646451622,
        0.9999992847442627,
        0.0011455893982201815,
        -0.001224417588673532,
        0.001246166997589171,
        -0.0011453356128185987,
        0.9999985694885254,
        -0.00012321621761657298
    ],
    [
        0.9999992251396179,
        0.00019602641987148672,
        -0.0011963739525526762,
        0.41407570242881775,
        -0.0001943785755429417,
        0.9999990463256836,
        0.001377804554067552,
        -0.0015476549742743373,
        0.0011966428719460964,
        -0.0013775713741779327,
        0.9999983310699463,
        -9.612641588319093e-05
    ],
    [
        0.9999992847442627,
        0.00017264424241147935,
        -0.0012539386516436934,
        0.4352928102016449,
        -0.00017105077859014273,
        0.9999992251396179,
        0.001271380577236414,
        -0.0014156606048345566,
        0.001254157512448728,
        -0.001271164626814425,
        0.9999984502792358,
        -5.7561584981158376e-05
    ],
    [
        0.9999993443489075,
        0.00016232293273787946,
        -0.0011609483044594526,
        0.45200327038764954,
        -0.00016090911231003702,
        0.9999993443489075,
        0.0012178848264738917,
        -0.001346056000329554,
        0.001161145861260593,
        -0.0012176973978057504,
        0.9999985694885254,
        -6.036947524989955e-06
    ],
    [
        0.9999991059303284,
        0.0001774703268893063,
        -0.0012882455484941602,
        0.46908244490623474,
        -0.00017573864897713065,
        0.9999990463256836,
        0.0013439434114843607,
        -0.0015046129701659083,
        0.001288483152166009,
        -0.0013437162851914763,
        0.9999982118606567,
        -5.702638009097427e-05
    ],
    [
        0.9999992847442627,
        0.0001730568619677797,
        -0.0011976083042100072,
        0.4896726608276367,
        -0.00017143313016276807,
        0.9999991059303284,
        0.0013558943755924702,
        -0.0015380732947960496,
        0.0011978413676843047,
        -0.001355688669718802,
        0.9999983310699463,
        -1.4438698599406052e-05
    ],
    [
        0.9999993443489075,
        0.00019445068028289825,
        -0.001136879320256412,
        0.5065885782241821,
        -0.00019299634732306004,
        0.9999992251396179,
        0.001279494259506464,
        -0.0014196778647601604,
        0.0011371279833838344,
        -0.0012792737688869238,
        0.9999985694885254,
        -2.1886045942665078e-05
    ],
    [
        0.9999992251396179,
        0.00020472871256060898,
        -0.0012415718520060182,
        0.5235507488250732,
        -0.00020312631386332214,
        0.9999991655349731,
        0.0012908512726426125,
        -0.0014495531795546412,
        0.0012418352998793125,
        -0.001290597952902317,
        0.9999984502792358,
        7.76011984271463e-06
    ],
    [
        0.9999992847442627,
        0.0002044706343440339,
        -0.0011791355209425092,
        0.5444608926773071,
        -0.000202637369511649,
        0.9999987483024597,
        0.0015549811068922281,
        -0.0018223724327981472,
        0.0011794515885412693,
        -0.001554741058498621,
        0.9999980926513672,
        1.2458643141144421e-05
    ]
]