[
    [
        0.7712910771369934,
        0.04758567363023758,
        -0.6347012519836426,
        -0.02413145639002323,
        -0.06448845565319061,
        0.9979120492935181,
        -0.0035497676581144333,
        0.0050053526647388935,
        0.6332072019577026,
        0.04366881027817726,
        0.7727493643760681,
        0.5384756326675415
    ],
    [
        0.760380208492279,
        0.04748153313994408,
        -0.6477403044700623,
        -0.03144920989871025,
        -0.06525412946939468,
        0.9978626370429993,
        -0.003454918274655938,
        0.006525720003992319,
        0.6461918354034424,
        0.044894780963659286,
        0.7618533372879028,
        0.5424344539642334
    ],
    [
        0.746045708656311,
        0.04816237464547157,
        -0.6641507744789124,
        -0.04330484941601753,
        -0.06639222055673599,
        0.9977911114692688,
        -0.0022218357771635056,
        0.00725979870185256,
        0.6625767946243286,
        0.04575203359127045,
        0.7475952506065369,
        0.5476550459861755
    ],
    [
        0.7325748801231384,
        0.04860374331474304,
        -0.6789489388465881,
        -0.05677337571978569,
        -0.0672290027141571,
        0.997736930847168,
        -0.001114266226068139,
        0.008658058010041714,
        0.6773582696914673,
        0.04646134376525879,
        0.7341846823692322,
        0.5506066083908081
    ],
    [
        0.7186546921730042,
        0.04897158220410347,
        -0.6936404705047607,
        -0.07228735089302063,
        -0.06895100325345993,
        0.9976195096969604,
        -0.00100478355307132,
        0.010950014926493168,
        0.691940188407898,
        0.048549313098192215,
        0.7203206419944763,
        0.5527064800262451
    ],
    [
        0.7065795063972473,
        0.05073392391204834,
        -0.7058125734329224,
        -0.08925075083971024,
        -0.07293900847434998,
        0.9973355531692505,
        -0.0013296229299157858,
        0.014511086978018284,
        0.703864574432373,
        0.052420757710933685,
        0.7083973288536072,
        0.5572216510772705
    ],
    [
        0.6953786611557007,
        0.05227923020720482,
        -0.7167394161224365,
        -0.109066903591156,
        -0.07618231326341629,
        0.997093141078949,
        -0.0011835350887849927,
        0.017045259475708008,
        0.7145941853523254,
        0.055425871163606644,
        0.6973400115966797,
        0.5632723569869995
    ],
    [
        0.6852551102638245,
        0.054321758449077606,
        -0.7262744307518005,
        -0.13381841778755188,
        -0.07920432835817337,
        0.9968584179878235,
        -0.000170825922396034,
        0.02134012244641781,
        0.7239834666252136,
        0.05764113739132881,
        0.6874047517776489,
        0.5719088912010193
    ],
    [
        0.6759132146835327,
        0.05638495087623596,
        -0.734821081161499,
        -0.16111499071121216,
        -0.08198941498994827,
        0.9966326951980591,
        0.0010578768560662866,
        0.02617129497230053,
        0.7324063777923584,
        0.0595325268805027,
        0.6782601475715637,
        0.5832552313804626
    ],
    [
        0.6665948033332825,
        0.058069802820682526,
        -0.7431549429893494,
        -0.1915505975484848,
        -0.08368591964244843,
        0.9964883327484131,
        0.00280059315264225,
        0.030071556568145752,
        0.7407078146934509,
        0.06032474711537361,
        0.6691135764122009,
        0.5979790687561035
    ],
    [
        0.6585780382156372,
        0.05873967707157135,
        -0.7502163648605347,
        -0.2247689813375473,
        -0.08327843993902206,
        0.9965142011642456,
        0.00491800531744957,
        0.03241933509707451,
        0.7478901147842407,
        0.05923796072602272,
        0.6611741185188293,
        0.6161662936210632
    ],
    [
        0.6512131094932556,
        0.058276791125535965,
        -0.7566541433334351,
        -0.25760480761528015,
        -0.08127904683351517,
        0.9966682195663452,
        0.00680978037416935,
        0.03509366139769554,
        0.7545297741889954,
        0.05706550553441048,
        0.6537799835205078,
        0.6367628574371338
    ],
    [
        0.6431836485862732,
        0.0573914460837841,
        -0.7635581493377686,
        -0.2931230366230011,
        -0.0786878764629364,
        0.9968618750572205,
        0.008644510060548782,
        0.03895818069577217,
        0.7616580724716187,
        0.05452276021242142,
        0.6456812620162964,
        0.6622158885002136
    ],
    [
        0.6346368789672852,
        0.05627509206533432,
        -0.7707586884498596,
        -0.3290199637413025,
        -0.07576192915439606,
        0.9970715641975403,
        0.010416966862976551,
        0.040795255452394485,
        0.7690878510475159,
        0.051783181726932526,
        0.6370418667793274,
        0.6899067759513855
    ],
    [
        0.6264702081680298,
        0.05474843084812164,
        -0.7775201797485352,
        -0.3671572208404541,
        -0.0724450871348381,
        0.9973018765449524,
        0.011853097006678581,
        0.042887747287750244,
        0.7760714292526245,
        0.04890190437436104,
        0.6287462115287781,
        0.7201344966888428
    ],
    [
        0.6204643845558167,
        0.05621199309825897,
        -0.7822174429893494,
        -0.40650674700737,
        -0.07236424088478088,
        0.9972761869430542,
        0.01426642294973135,
        0.0448913499712944,
        0.7808888554573059,
        0.04775276035070419,
        0.6228421330451965,
        0.752998948097229
    ],
    [
        0.6150625348091125,
        0.058608900755643845,
        -0.7862970232963562,
        -0.44533538818359375,
        -0.07424483448266983,
        0.997107744216919,
        0.01624598540365696,
        0.04599195718765259,
        0.784974992275238,
        0.04838619753718376,
        0.6176350712776184,
        0.7831882238388062
    ],
    [
        0.6094375252723694,
        0.06145119294524193,
        -0.7904490232467651,
        -0.48404163122177124,
        -0.07613354176282883,
        0.9969204068183899,
        0.01880362071096897,
        0.047949083149433136,
        0.7891701459884644,
        0.04872006177902222,
        0.6122391223907471,
        0.8114833235740662
    ],
    [
        0.604561448097229,
        0.06520268321037292,
        -0.793885350227356,
        -0.5253797769546509,
        -0.0786212757229805,
        0.9966620802879333,
        0.021985100582242012,
        0.05005863681435585,
        0.7926690578460693,
        0.049124933779239655,
        0.6076697707176208,
        0.8388473987579346
    ],
    [
        0.5995974540710449,
        0.06832974404096603,
        -0.7973794341087341,
        -0.5708133578300476,
        -0.08090150356292725,
        0.9964196681976318,
        0.024551378563046455,
        0.05250481888651848,
        0.7962021231651306,
        0.049788251519203186,
        0.6029787063598633,
        0.8655759692192078
    ],
    [
        0.5951962471008301,
        0.07117751240730286,
        -0.8004218339920044,
        -0.6195615530014038,
        -0.08277393877506256,
        0.9962015748023987,
        0.027036264538764954,
        0.05549943074584007,
        0.7993058562278748,
        0.05016219615936279,
        0.598827064037323,
        0.8915318250656128
    ],
    [
        0.5910271406173706,
        0.07299547642469406,
        -0.8033421635627747,
        -0.667788028717041,
        -0.08393941074609756,
        0.9960559606552124,
        0.028751283884048462,
        0.0567493662238121,
        0.802272379398346,
        0.05043928325176239,
        0.5948233008384705,
        0.9180894494056702
    ],
    [
        0.5868184566497803,
        0.0733514279127121,
        -0.8063892126083374,
        -0.7119641304016113,
        -0.08346866816282272,
        0.9960628747940063,
        0.029863594099879265,
        0.057509858161211014,
        0.8054049015045166,
        0.04978372901678085,
        0.5906305909156799,
        0.9424107670783997
    ],
    [
        0.5821272134780884,
        0.07290837168693542,
        -0.8098224401473999,
        -0.7538776397705078,
        -0.08184894174337387,
        0.9961672425270081,
        0.0308492761105299,
        0.05956202745437622,
        0.808967649936676,
        0.04832490533590317,
        0.5858635306358337,
        0.966057300567627
    ],
    [
        0.5771372318267822,
        0.07177077233791351,
        -0.8134872317314148,
        -0.7968602180480957,
        -0.08038286119699478,
        0.9962859749794006,
        0.030869893729686737,
        0.06306301802396774,
        0.8126814961433411,
        0.047574274241924286,
        0.5807628035545349,
        0.9914557933807373
    ]
]