[
    [
        0.9999995827674866,
        -0.0009352100896649063,
        0.0003895768604706973,
        8.548444020561874e-05,
        0.0009352199849672616,
        0.9999995231628418,
        -2.533166843932122e-05,
        -0.17266017198562622,
        -0.00038955314084887505,
        2.5695324438856915e-05,
        0.9999998807907104,
        0.09965561330318451
    ],
    [
        0.9999995231628418,
        -0.0009033616515807807,
        0.00030222360510379076,
        0.0005264634964987636,
        0.0009033284150063992,
        0.9999996423721313,
        0.00010796806600410491,
        -0.1880103349685669,
        -0.0003023214521817863,
        -0.00010769495565909892,
        1.0,
        0.10843789577484131
    ],
    [
        0.9999995827674866,
        -0.0008748249965719879,
        8.248269296018407e-05,
        0.0010550578590482473,
        0.0008748379768803716,
        0.9999996423721313,
        -0.000157354908878915,
        -0.21021492779254913,
        -8.234530832851306e-05,
        0.00015742710093036294,
        1.0,
        0.1213974878191948
    ],
    [
        0.9999995827674866,
        -0.0008670249371789396,
        -7.232486677821726e-05,
        0.0018087885109707713,
        0.0008670079987496138,
        0.9999995827674866,
        -0.00023432479065377265,
        -0.23255625367164612,
        7.25281352060847e-05,
        0.00023426220286637545,
        1.0,
        0.13432356715202332
    ],
    [
        0.9999996423721313,
        -0.0007782854372635484,
        -0.0003414412203710526,
        0.0024994807317852974,
        0.0007781455060467124,
        0.9999995827674866,
        -0.0004084838437847793,
        -0.2549170255661011,
        0.00034175877226516604,
        0.0004082181549165398,
        0.9999998807907104,
        0.14727823436260223
    ],
    [
        0.9999996423721313,
        -0.0007780478917993605,
        -0.0003663883253466338,
        0.003020784817636013,
        0.0007778190774843097,
        0.999999463558197,
        -0.0006244772230274975,
        -0.2772151231765747,
        0.0003668747085612267,
        0.0006241917726583779,
        0.9999997615814209,
        0.1601862758398056
    ],
    [
        0.9999997019767761,
        -0.0006414596573449671,
        -0.00048419757513329387,
        0.0037976952735334635,
        0.0006411333451978862,
        0.9999995231628418,
        -0.0006744666607119143,
        -0.29994702339172363,
        0.0004846304655075073,
        0.0006741553661413491,
        0.9999996423721313,
        0.17314663529396057
    ],
    [
        0.9999995231628418,
        -0.0006244420656003058,
        -0.0008120971033349633,
        0.0046564084477722645,
        0.0006235619657672942,
        0.9999991655349731,
        -0.001083478913642466,
        -0.32204586267471313,
        0.0008127729524858296,
        0.0010829719249159098,
        0.9999990463256836,
        0.18605166673660278
    ],
    [
        0.9999994039535522,
        -0.0006012959056533873,
        -0.0008977437391877174,
        0.005194418132305145,
        0.0006002971203997731,
        0.9999992251396179,
        -0.001112510566599667,
        -0.3444962501525879,
        0.0008984121377579868,
        0.0011119715636596084,
        0.999998927116394,
        0.19884444773197174
    ],
    [
        0.9999993443489075,
        -0.0007287792395800352,
        -0.0009218202321790159,
        0.005696992389857769,
        0.0007276888936758041,
        0.9999991059303284,
        -0.0011823717504739761,
        -0.3670276999473572,
        0.0009226808324456215,
        0.0011816995684057474,
        0.999998927116394,
        0.21175257861614227
    ],
    [
        0.9999990463256836,
        -0.0006047972710803151,
        -0.001297975773923099,
        0.00656518479809165,
        0.0006032358505763113,
        0.9999991655349731,
        -0.0012028393102809787,
        -0.3893640339374542,
        0.0012987024383619428,
        0.001202054787427187,
        0.9999984502792358,
        0.22473299503326416
    ],
    [
        0.999998927116394,
        -0.0006825271993875504,
        -0.0012957793660461903,
        0.0069589014165103436,
        0.000680787954479456,
        0.999998927116394,
        -0.0013421174371615052,
        -0.41165122389793396,
        0.0012966934591531754,
        0.001341234310530126,
        0.9999982118606567,
        0.23770727217197418
    ],
    [
        0.9999990463256836,
        -0.0005791420117020607,
        -0.0012925663031637669,
        0.007605009712278843,
        0.0005775421159341931,
        0.9999990463256836,
        -0.0012378656538203359,
        -0.4342646598815918,
        0.001293282606638968,
        0.0012371171033009887,
        0.9999983310699463,
        0.25078442692756653
    ],
    [
        0.9999986886978149,
        -0.0005246456130407751,
        -0.001518197706900537,
        0.008274816907942295,
        0.0005224284250289202,
        0.9999988079071045,
        -0.0014600149588659406,
        -0.456680029630661,
        0.0015189620899036527,
        0.0014592199586331844,
        0.9999977350234985,
        0.26389822363853455
    ],
    [
        0.9999992251396179,
        -0.00045407345169223845,
        -0.0012395018711686134,
        0.00895279087126255,
        0.0004518867062870413,
        0.9999984502792358,
        -0.0017644136678427458,
        -0.4787502884864807,
        0.0012403011787682772,
        0.0017638524295762181,
        0.999997615814209,
        0.27679702639579773
    ],
    [
        0.9999992251396179,
        -0.0005122113507241011,
        -0.0012154972646385431,
        0.009461550042033195,
        0.0005099607515148818,
        0.9999982714653015,
        -0.0018509055953472853,
        -0.5010425448417664,
        0.0012164429062977433,
        0.001850283588282764,
        0.9999974966049194,
        0.28985732793807983
    ],
    [
        0.9999992847442627,
        -0.00036447992897592485,
        -0.0011997304391115904,
        0.010189675725996494,
        0.0003622221411205828,
        0.9999982714653015,
        -0.001881670206785202,
        -0.5237594246864319,
        0.0012004136806353927,
        0.0018812351627275348,
        0.9999974966049194,
        0.3029196262359619
    ],
    [
        0.9999991059303284,
        -0.0002829759323503822,
        -0.001325479126535356,
        0.01081036776304245,
        0.00028022710466757417,
        0.9999978542327881,
        -0.0020736304577440023,
        -0.546409010887146,
        0.00132606306578964,
        0.002073256764560938,
        0.9999970197677612,
        0.31585362553596497
    ],
    [
        0.9999992847442627,
        -0.00010571200255071744,
        -0.001241513411514461,
        0.011386050842702389,
        0.0001029550185194239,
        0.9999975562095642,
        -0.0022205256391316652,
        -0.568988561630249,
        0.0012417447287589312,
        0.002220396650955081,
        0.9999967813491821,
        0.3287517726421356
    ],
    [
        0.9999995231628418,
        8.295546649605967e-06,
        -0.0010438996832817793,
        0.011829955503344536,
        -1.0671454219846055e-05,
        0.9999974370002747,
        -0.002275573555380106,
        -0.5916249752044678,
        0.0010438784956932068,
        0.0022755833342671394,
        0.9999969005584717,
        0.3417240083217621
    ],
    [
        0.9999994039535522,
        0.0002628978400025517,
        -0.001074687228538096,
        0.01242115255445242,
        -0.0002656541473697871,
        0.9999967813491821,
        -0.002566212322562933,
        -0.6140021681785583,
        0.0010740088764578104,
        0.0025664963759481907,
        0.9999961853027344,
        0.3548290431499481
    ],
    [
        0.9999992251396179,
        0.0006329072639346123,
        -0.0010899591725319624,
        0.013154597952961922,
        -0.0006358737591654062,
        0.9999961853027344,
        -0.0027237313333898783,
        -0.6364028453826904,
        0.0010882309870794415,
        0.002724422374740243,
        0.9999957084655762,
        0.36786842346191406
    ],
    [
        0.9999991655349731,
        0.0008751285495236516,
        -0.0010199537500739098,
        0.013679010793566704,
        -0.0008782335207797587,
        0.9999949932098389,
        -0.00304828817024827,
        -0.6588831543922424,
        0.0010172812035307288,
        0.0030491810757666826,
        0.9999948740005493,
        0.38094764947891235
    ],
    [
        0.9999991059303284,
        0.001049777027219534,
        -0.0007392901461571455,
        0.01392320729792118,
        -0.0010521870572119951,
        0.9999940991401672,
        -0.0032671205699443817,
        -0.6813536882400513,
        0.0007358558941632509,
        0.0032678961288183928,
        0.9999943971633911,
        0.3941599428653717
    ],
    [
        0.9999987483024597,
        0.0013474839506670833,
        -0.0007589213200844824,
        0.0143573684617877,
        -0.001350207021459937,
        0.9999926686286926,
        -0.003599116811528802,
        -0.7036342024803162,
        0.0007540666847489774,
        0.0036001375410705805,
        0.9999932050704956,
        0.40722107887268066
    ]
]