[
    [
        0.9996787309646606,
        -0.018753593787550926,
        -0.017050765454769135,
        0.016601333394646645,
        0.019275780767202377,
        0.9993336200714111,
        0.030995190143585205,
        -0.05957876145839691,
        0.01645813137292862,
        -0.03131389617919922,
        0.9993740916252136,
        0.01895984262228012
    ],
    [
        0.9996727705001831,
        -0.016273068264126778,
        -0.01973780244588852,
        0.05737008899450302,
        0.017236948013305664,
        0.9986159205436707,
        0.049689412117004395,
        -0.31953689455986023,
        0.0189018864184618,
        -0.05001337081193924,
        0.9985696077346802,
        -0.015369418077170849
    ],
    [
        0.9996362328529358,
        -0.017489969730377197,
        -0.020529046654701233,
        0.10030850023031235,
        0.019004875794053078,
        0.9969205260276794,
        0.07608018070459366,
        -0.6442107558250427,
        0.019135188311338425,
        -0.0764426589012146,
        0.9968903660774231,
        -0.047544702887535095
    ],
    [
        0.9996183514595032,
        -0.018674593418836594,
        -0.020361708477139473,
        0.14112812280654907,
        0.020604077726602554,
        0.994865894317627,
        0.09908292442560196,
        -0.9588536024093628,
        0.018406834453344345,
        -0.09946463257074356,
        0.9948709011077881,
        -0.07684983313083649
    ],
    [
        0.9996157884597778,
        -0.01896756887435913,
        -0.020210454240441322,
        0.18437252938747406,
        0.021255962550640106,
        0.9925709366798401,
        0.11979609727859497,
        -1.2665894031524658,
        0.01778806746006012,
        -0.1201796680688858,
        0.9925927519798279,
        -0.1060483530163765
    ],
    [
        0.9995682835578918,
        -0.0192684568464756,
        -0.022180210798978806,
        0.2393188774585724,
        0.022164104506373405,
        0.9900813698768616,
        0.1387358158826828,
        -1.5635950565338135,
        0.0192869883030653,
        -0.13916751742362976,
        0.9900810122489929,
        -0.13140685856342316
    ],
    [
        0.9995091557502747,
        -0.02175075188279152,
        -0.02255145274102688,
        0.2750203013420105,
        0.024646366015076637,
        0.9902238249778748,
        0.13729292154312134,
        -1.7313785552978516,
        0.019344758242368698,
        -0.1377813071012497,
        0.9902737736701965,
        -0.15441438555717468
    ],
    [
        0.9994514584541321,
        -0.0242070984095335,
        -0.022600466385483742,
        0.30807408690452576,
        0.027118349447846413,
        0.9899290204048157,
        0.13894253969192505,
        -1.884317398071289,
        0.019009463489055634,
        -0.13947920501232147,
        0.9900424480438232,
        -0.161385178565979
    ],
    [
        0.999378502368927,
        -0.027149157598614693,
        -0.022482385858893394,
        0.34263521432876587,
        0.030021226033568382,
        0.9898051023483276,
        0.13922877609729767,
        -2.0340592861175537,
        0.01847323589026928,
        -0.1398172229528427,
        0.9900049567222595,
        -0.17237403988838196
    ],
    [
        0.9993613362312317,
        -0.02704363875091076,
        -0.02335728146135807,
        0.3712417483329773,
        0.030103111639618874,
        0.9893354177474976,
        0.1425100564956665,
        -2.15974760055542,
        0.019254200160503387,
        -0.14312219619750977,
        0.9895176887512207,
        -0.19122529029846191
    ],
    [
        0.9993394017219543,
        -0.027496060356497765,
        -0.023765847086906433,
        0.40530115365982056,
        0.03067297302186489,
        0.9888497591018677,
        0.1457231044769287,
        -2.2963807582855225,
        0.01949404366314411,
        -0.14635583758354187,
        0.9890398979187012,
        -0.20715287327766418
    ],
    [
        0.9992910027503967,
        -0.029000934213399887,
        -0.024009985849261284,
        0.4366461932659149,
        0.03224898874759674,
        0.9884130954742432,
        0.14832286536693573,
        -2.433816432952881,
        0.019430283457040787,
        -0.14899200201034546,
        0.9886475205421448,
        -0.2230679839849472
    ],
    [
        0.9992624521255493,
        -0.02986224927008152,
        -0.024139778688549995,
        0.4664495885372162,
        0.03317664563655853,
        0.9879467487335205,
        0.15119728446006775,
        -2.567304849624634,
        0.019333725795149803,
        -0.15188665688037872,
        0.9882088303565979,
        -0.23060883581638336
    ],
    [
        0.9992167353630066,
        -0.030903169885277748,
        -0.024717437103390694,
        0.4985800087451935,
        0.03435508534312248,
        0.9874292612075806,
        0.15428324043750763,
        -2.7032079696655273,
        0.019638879224658012,
        -0.15501154959201813,
        0.9877173900604248,
        -0.239634171128273
    ],
    [
        0.9991916418075562,
        -0.031254325062036514,
        -0.02528417482972145,
        0.5266773700714111,
        0.03485817462205887,
        0.9868820905685425,
        0.15763430297374725,
        -2.8380792140960693,
        0.020025743171572685,
        -0.15838821232318878,
        0.987173855304718,
        -0.2496166080236435
    ],
    [
        0.9991695880889893,
        -0.03144022822380066,
        -0.025917401537299156,
        0.5525842308998108,
        0.035214755684137344,
        0.986306369304657,
        0.16112029552459717,
        -2.973276376724243,
        0.020496835932135582,
        -0.1618991643190384,
        0.9865943789482117,
        -0.25993990898132324
    ],
    [
        0.9991331696510315,
        -0.03182798996567726,
        -0.026827974244952202,
        0.5779979228973389,
        0.03581961616873741,
        0.9857134819030762,
        0.16457849740982056,
        -3.1085920333862305,
        0.02120649255812168,
        -0.1653967797756195,
        0.9859990477561951,
        -0.27062466740608215
    ],
    [
        0.9991000890731812,
        -0.03224657475948334,
        -0.027553046122193336,
        0.5968946814537048,
        0.036408670246601105,
        0.9852652549743652,
        0.16711263358592987,
        -3.2131803035736084,
        0.021758249029517174,
        -0.16796544194221497,
        0.9855527281761169,
        -0.2782021760940552
    ],
    [
        0.9990572929382324,
        -0.03269380331039429,
        -0.02855810709297657,
        0.6204119920730591,
        0.03709499537944794,
        0.9846696257591248,
        0.1704399436712265,
        -3.349799871444702,
        0.022547969594597816,
        -0.17133866250514984,
        0.9849540591239929,
        -0.28703707456588745
    ],
    [
        0.9990063905715942,
        -0.03321733698248863,
        -0.02971208095550537,
        0.6441261172294617,
        0.037894122302532196,
        0.9840149879455566,
        0.17400701344013214,
        -3.486872434616089,
        0.023457085713744164,
        -0.17496004700660706,
        0.9842960834503174,
        -0.2925109565258026
    ],
    [
        0.9989514350891113,
        -0.0338035486638546,
        -0.030878162011504173,
        0.6669567823410034,
        0.03875741735100746,
        0.983394205570221,
        0.1772957593202591,
        -3.62237811088562,
        0.024372177198529243,
        -0.17830659449100494,
        0.983673095703125,
        -0.2983119487762451
    ],
    [
        0.9988948106765747,
        -0.034489575773477554,
        -0.031931906938552856,
        0.687644362449646,
        0.039705030620098114,
        0.9827588796615601,
        0.18057823181152344,
        -3.757689952850342,
        0.02515329420566559,
        -0.18164651095867157,
        0.9830421805381775,
        -0.30411261320114136
    ],
    [
        0.9988317489624023,
        -0.035255592316389084,
        -0.03304960951209068,
        0.7107027173042297,
        0.04075018689036369,
        0.9820981621742249,
        0.18390919268131256,
        -3.893801689147949,
        0.025974135845899582,
        -0.185041144490242,
        0.9823874235153198,
        -0.3080143928527832
    ],
    [
        0.998769998550415,
        -0.03606870770454407,
        -0.03402304649353027,
        0.7330177426338196,
        0.041821129620075226,
        0.9814198613166809,
        0.18725918233394623,
        -4.031280517578125,
        0.026636697351932526,
        -0.18845175206661224,
        0.9817212224006653,
        -0.31094059348106384
    ],
    [
        0.9987092018127441,
        -0.03693953529000282,
        -0.03486103191971779,
        0.7542389631271362,
        0.042931120842695236,
        0.9807037711143494,
        0.1907275766134262,
        -4.170905590057373,
        0.027142956852912903,
        -0.19197800755500793,
        0.9810238480567932,
        -0.31240054965019226
    ]
]