[
    [
        0.9013842344284058,
        -0.07770936191082001,
        0.42599040269851685,
        0.13444551825523376,
        0.07972569763660431,
        0.9967304468154907,
        0.013126567006111145,
        -0.0691649541258812,
        -0.42561760544776917,
        0.02213030681014061,
        0.9046323895454407,
        0.48301878571510315
    ],
    [
        0.8991492986679077,
        -0.07791727036237717,
        0.43065017461776733,
        0.1378157138824463,
        0.08013393729925156,
        0.9966990947723389,
        0.01302146352827549,
        -0.06863066554069519,
        -0.4302431643009186,
        0.022801458835601807,
        0.9024251103401184,
        0.4881998300552368
    ],
    [
        0.8969705104827881,
        -0.07844090461730957,
        0.43507570028305054,
        0.14159086346626282,
        0.0807807520031929,
        0.9966451525688171,
        0.013146686367690563,
        -0.06860014796257019,
        -0.43464741110801697,
        0.02335355430841446,
        0.9002978205680847,
        0.4941590428352356
    ],
    [
        0.8950465321540833,
        -0.07919448614120483,
        0.43888482451438904,
        0.1458139419555664,
        0.08160234242677689,
        0.9965747594833374,
        0.013409719802439213,
        -0.06889236718416214,
        -0.43844351172447205,
        0.02381170727312565,
        0.8984432220458984,
        0.4991896152496338
    ],
    [
        0.8933534026145935,
        -0.07957273721694946,
        0.44225311279296875,
        0.15048278868198395,
        0.08213914930820465,
        0.9965310096740723,
        0.013380137272179127,
        -0.06860028207302094,
        -0.4417836368083954,
        0.02437310479581356,
        0.8967905044555664,
        0.5045800805091858
    ],
    [
        0.891887366771698,
        -0.08038678020238876,
        0.44505611062049866,
        0.15572114288806915,
        0.08312643319368362,
        0.9964489340782166,
        0.013395878486335278,
        -0.06771568953990936,
        -0.44455260038375854,
        0.025048311799764633,
        0.8954024910926819,
        0.5094713568687439
    ],
    [
        0.8904193639755249,
        -0.08113009482622147,
        0.4478518068790436,
        0.16076788306236267,
        0.08371392637491226,
        0.9963906407356262,
        0.014059934765100479,
        -0.06866813451051712,
        -0.447376012802124,
        0.02497219294309616,
        0.8939972519874573,
        0.5139731168746948
    ],
    [
        0.8889239430427551,
        -0.08113998919725418,
        0.4508109390735626,
        0.16486670076847076,
        0.0838637575507164,
        0.9963793158531189,
        0.013969709165394306,
        -0.06844250857830048,
        -0.45031219720840454,
        0.02538868971168995,
        0.8925101161003113,
        0.5191335678100586
    ],
    [
        0.8876047134399414,
        -0.08132871985435486,
        0.4533691704273224,
        0.16956591606140137,
        0.08422423899173737,
        0.9963508248329163,
        0.013838836923241615,
        -0.06846244633197784,
        -0.4528401792049408,
        0.025901256129145622,
        0.891215443611145,
        0.5245575308799744
    ],
    [
        0.886461615562439,
        -0.08144578337669373,
        0.4555792510509491,
        0.17435063421726227,
        0.08435247093439102,
        0.9963377714157104,
        0.013987223617732525,
        -0.06858405470848083,
        -0.4550500214099884,
        0.026030100882053375,
        0.8900853991508484,
        0.5299142599105835
    ],
    [
        0.8853302597999573,
        -0.08137589693069458,
        0.4577864110469818,
        0.17881950736045837,
        0.08436271548271179,
        0.9963374137878418,
        0.013956238515675068,
        -0.06857334822416306,
        -0.457245409488678,
        0.02626422978937626,
        0.8889526724815369,
        0.5352180004119873
    ],
    [
        0.8844221830368042,
        -0.08211259543895721,
        0.45940715074539185,
        0.184299498796463,
        0.08509775251150131,
        0.9962708353996277,
        0.01424452569335699,
        -0.06917005777359009,
        -0.45886361598968506,
        0.026496343314647675,
        0.8881115317344666,
        0.5408101081848145
    ],
    [
        0.8834932446479797,
        -0.08209887892007828,
        0.4611934721469879,
        0.18841728568077087,
        0.08494932949542999,
        0.9962781071662903,
        0.014616725966334343,
        -0.06982764601707458,
        -0.4606769382953644,
        0.02626429870724678,
        0.8871792554855347,
        0.54536372423172
    ],
    [
        0.8829083442687988,
        -0.08202391117811203,
        0.46232566237449646,
        0.19407998025417328,
        0.0850132629275322,
        0.9962756633758545,
        0.014404388144612312,
        -0.06975243985652924,
        -0.46178528666496277,
        0.026586057618260384,
        0.886593222618103,
        0.550532877445221
    ],
    [
        0.8822305202484131,
        -0.08180736005306244,
        0.46365606784820557,
        0.19845418632030487,
        0.0848226249217987,
        0.996292233467102,
        0.014387671835720539,
        -0.06987524777650833,
        -0.4631139039993286,
        0.02663528174161911,
        0.8858984708786011,
        0.5554706454277039
    ],
    [
        0.8816086649894714,
        -0.081912562251091,
        0.4648186266422272,
        0.20274722576141357,
        0.08501394838094711,
        0.9962767362594604,
        0.01432504877448082,
        -0.06991588324308395,
        -0.4642614424228668,
        0.02688697911798954,
        0.8852900862693787,
        0.5608347058296204
    ],
    [
        0.8811907172203064,
        -0.08212528377771378,
        0.46557316184043884,
        0.20767129957675934,
        0.08536849915981293,
        0.9962489008903503,
        0.014157355763018131,
        -0.06973294168710709,
        -0.4649893343448639,
        0.02726995386183262,
        0.8848962187767029,
        0.5661925673484802
    ],
    [
        0.880800724029541,
        -0.0817420706152916,
        0.46637794375419617,
        0.21236470341682434,
        0.08514132350683212,
        0.9962731003761292,
        0.013819020241498947,
        -0.06899736821651459,
        -0.46576935052871704,
        0.027536233887076378,
        0.8844775557518005,
        0.5719383358955383
    ],
    [
        0.8804042339324951,
        -0.08146222680807114,
        0.467174768447876,
        0.2160852700471878,
        0.08485810458660126,
        0.9962974190711975,
        0.013808881863951683,
        -0.06860048323869705,
        -0.4665698707103729,
        0.027486171573400497,
        0.8840571641921997,
        0.5771276354789734
    ],
    [
        0.8799604773521423,
        -0.08152367174625397,
        0.46799951791763306,
        0.2191786915063858,
        0.08498996496200562,
        0.996286928653717,
        0.013746114447712898,
        -0.0681634247303009,
        -0.4673824608325958,
        0.02767922729253769,
        0.8836218118667603,
        0.5821001529693604
    ],
    [
        0.879696786403656,
        -0.08126261830329895,
        0.4685400724411011,
        0.22256962954998016,
        0.08481213450431824,
        0.9963046312332153,
        0.013559920713305473,
        -0.06770102679729462,
        -0.4679105579853058,
        0.02780926041305065,
        0.883338212966919,
        0.5870875120162964
    ],
    [
        0.8795709013938904,
        -0.0809730589389801,
        0.4688265323638916,
        0.2260638028383255,
        0.08453911542892456,
        0.9963290691375732,
        0.013475455343723297,
        -0.06768322736024857,
        -0.46819666028022766,
        0.02778155729174614,
        0.8831875324249268,
        0.5917420387268066
    ],
    [
        0.8795551061630249,
        -0.08084140717983246,
        0.4688788652420044,
        0.22983160614967346,
        0.08451742678880692,
        0.9963340163230896,
        0.013238606043159962,
        -0.06689558923244476,
        -0.4682302176952362,
        0.02798435278236866,
        0.8831632733345032,
        0.5967949628829956
    ],
    [
        0.8795148730278015,
        -0.0805620551109314,
        0.4690023362636566,
        0.23269440233707428,
        0.08431225270032883,
        0.9963541030883789,
        0.013037120923399925,
        -0.06671552360057831,
        -0.46834269165992737,
        0.028076304122805595,
        0.8831006288528442,
        0.60067218542099
    ],
    [
        0.8796302080154419,
        -0.08071619272232056,
        0.46875959634780884,
        0.2366829216480255,
        0.08446535468101501,
        0.996340811252594,
        0.013061177916824818,
        -0.06660335510969162,
        -0.46809855103492737,
        0.028104938566684723,
        0.8832293152809143,
        0.6055696606636047
    ],
    [
        0.8797521591186523,
        -0.08055732399225235,
        0.4685581624507904,
        0.23980656266212463,
        0.08444665372371674,
        0.9963465332984924,
        0.012743120081722736,
        -0.06577066332101822,
        -0.4678727984428406,
        0.028357381001114845,
        0.8833408355712891,
        0.6099681854248047
    ],
    [
        0.8800345063209534,
        -0.08074083179235458,
        0.46799591183662415,
        0.2438170313835144,
        0.08467895537614822,
        0.996327817440033,
        0.01265809591859579,
        -0.06559529900550842,
        -0.46729937195777893,
        0.028489843010902405,
        0.8836399912834167,
        0.6144469976425171
    ],
    [
        0.8802491426467896,
        -0.08030105382204056,
        0.46766793727874756,
        0.24690447747707367,
        0.08436505496501923,
        0.9963591694831848,
        0.012287396937608719,
        -0.0646909549832344,
        -0.4669519066810608,
        0.02863886207342148,
        0.8838188052177429,
        0.6193039417266846
    ],
    [
        0.8805803060531616,
        -0.08015072345733643,
        0.4670698642730713,
        0.25017035007476807,
        0.08426745980978012,
        0.9963696002960205,
        0.012108415365219116,
        -0.06426701694726944,
        -0.4663447141647339,
        0.028696361929178238,
        0.8841374516487122,
        0.6238393187522888
    ],
    [
        0.8810086846351624,
        -0.07978186011314392,
        0.46632447838783264,
        0.2534542679786682,
        0.08398463577032089,
        0.9963971972465515,
        0.011801264248788357,
        -0.06337127834558487,
        -0.4655859172344208,
        0.028767075389623642,
        0.884535014629364,
        0.6283153891563416
    ],
    [
        0.8814355731010437,
        -0.07942165434360504,
        0.46557867527008057,
        0.2565314471721649,
        0.08372221142053604,
        0.9964231252670288,
        0.011473534628748894,
        -0.0625210776925087,
        -0.4648246467113495,
        0.02886609546840191,
        0.8849320411682129,
        0.6325113773345947
    ],
    [
        0.8819554448127747,
        -0.07917758822441101,
        0.4646349549293518,
        0.25954729318618774,
        0.08357610553503036,
        0.9964388608932495,
        0.011159812100231647,
        -0.06165401265025139,
        -0.46386387944221497,
        0.028989920392632484,
        0.8854320645332336,
        0.6365223526954651
    ],
    [
        0.8824710845947266,
        -0.07876257598400116,
        0.46372532844543457,
        0.2622443735599518,
        0.08322420716285706,
        0.9964715838432312,
        0.010872193612158298,
        -0.060983993113040924,
        -0.46294546127319336,
        0.02899877540767193,
        0.885912299156189,
        0.6407468914985657
    ],
    [
        0.8830778002738953,
        -0.07844549417495728,
        0.4626227915287018,
        0.26493433117866516,
        0.08301737904548645,
        0.9964926838874817,
        0.010504353791475296,
        -0.06011402979493141,
        -0.4618242681026459,
        0.029129570350050926,
        0.8864929676055908,
        0.6443996429443359
    ],
    [
        0.8837087750434875,
        -0.07778152078390121,
        0.46152880787849426,
        0.26723983883857727,
        0.08259032666683197,
        0.9965353608131409,
        0.009807062335312366,
        -0.05846361443400383,
        -0.4606925845146179,
        0.02945122867822647,
        0.8870709538459778,
        0.6482418179512024
    ],
    [
        0.8843517899513245,
        -0.07738902419805527,
        0.4603617191314697,
        0.269451379776001,
        0.08224096894264221,
        0.9965667724609375,
        0.009543308056890965,
        -0.05788104236125946,
        -0.45951971411705017,
        0.02942095883190632,
        0.8876801133155823,
        0.6514394283294678
    ]
]