[
    [
        0.9999990463256836,
        0.0003431509539950639,
        -0.0013825654750689864,
        -0.06502864509820938,
        -0.00033693708246573806,
        0.9999898076057434,
        0.00449224142357707,
        -0.007550681475549936,
        0.0013840924948453903,
        -0.004491770640015602,
        0.9999889135360718,
        -0.01176148559898138
    ],
    [
        0.9999992251396179,
        0.00038241047877818346,
        -0.0012579680187627673,
        -0.0692363753914833,
        -0.0003767126181628555,
        0.9999897480010986,
        0.0045262048952281475,
        -0.007528285030275583,
        0.0012596859596669674,
        -0.004525726195424795,
        0.9999889135360718,
        -0.012026749551296234
    ],
    [
        0.9999991059303284,
        0.00042515259701758623,
        -0.0013437997549772263,
        -0.07336901873350143,
        -0.00041922449599951506,
        0.9999902248382568,
        0.004408988170325756,
        -0.0075949691236019135,
        0.0013456604210659862,
        -0.004408419132232666,
        0.99998939037323,
        -0.012574425898492336
    ],
    [
        0.9999990463256836,
        0.0005321869975887239,
        -0.0013197945663705468,
        -0.07750294357538223,
        -0.0005264410865493119,
        0.9999904036521912,
        0.0043501961044967175,
        -0.007545691914856434,
        0.0013220974942669272,
        -0.004349496681243181,
        0.9999896287918091,
        -0.012948734685778618
    ],
    [
        0.999998927116394,
        0.000696715374942869,
        -0.0013320662546902895,
        -0.08267147094011307,
        -0.0006909117801114917,
        0.9999903440475464,
        0.004352865740656853,
        -0.007491080556064844,
        0.0013350859517231584,
        -0.004351940006017685,
        0.9999896287918091,
        -0.013417059555649757
    ],
    [
        0.9999988675117493,
        0.0006818235269747674,
        -0.0013015461154282093,
        -0.08645649999380112,
        -0.0006760704563930631,
        0.9999900460243225,
        0.0044158692471683025,
        -0.0075316354632377625,
        0.0013045438099652529,
        -0.004414984956383705,
        0.99998939037323,
        -0.013870758935809135
    ],
    [
        0.999998927116394,
        0.0007515597390010953,
        -0.0013061591889709234,
        -0.08995487540960312,
        -0.0007456413004547358,
        0.9999895095825195,
        0.004525972064584494,
        -0.007635453250259161,
        0.0013095478061586618,
        -0.004524993244558573,
        0.9999889135360718,
        -0.014350554905831814
    ],
    [
        0.9999987483024597,
        0.0009112617117352784,
        -0.0012572875712066889,
        -0.09334851056337357,
        -0.000905470282305032,
        0.9999889731407166,
        0.0045994422398507595,
        -0.007628290448337793,
        0.0012614644365385175,
        -0.004598297644406557,
        0.9999886751174927,
        -0.014653313905000687
    ],
    [
        0.9999986886978149,
        0.0009920455049723387,
        -0.0012817756505683064,
        -0.09764229506254196,
        -0.0009860266000032425,
        0.9999886155128479,
        0.004688317887485027,
        -0.007767639588564634,
        0.0012864123564213514,
        -0.004687047563493252,
        0.9999881982803345,
        -0.015165372751653194
    ],
    [
        0.999998927116394,
        0.000986674684099853,
        -0.0010839899769052863,
        -0.10118564963340759,
        -0.0009816363453865051,
        0.999988853931427,
        0.004638970829546452,
        -0.007566309999674559,
        0.001088554970920086,
        -0.004637901205569506,
        0.9999886751174927,
        -0.015339476987719536
    ],
    [
        0.9999989867210388,
        0.0010115198092535138,
        -0.0010104291141033173,
        -0.10489601641893387,
        -0.0010068033589050174,
        0.9999886751174927,
        0.0046566748060286045,
        -0.007488193456083536,
        0.001015127869322896,
        -0.004655652213841677,
        0.9999886751174927,
        -0.01584089733660221
    ],
    [
        0.9999988675117493,
        0.0011725687654688954,
        -0.0008752418798394501,
        -0.10907933115959167,
        -0.0011683021439239383,
        0.9999874830245972,
        0.004858613945543766,
        -0.007724996656179428,
        0.0008809281280264258,
        -0.004857586231082678,
        0.9999878406524658,
        -0.01616877131164074
    ],
    [
        0.9999989867210388,
        0.0012658025370910764,
        -0.0005484484718181193,
        -0.11454857885837555,
        -0.0012631225399672985,
        0.9999874830245972,
        0.004860477522015572,
        -0.007630367763340473,
        0.0005545945023186505,
        -0.004859779495745897,
        0.9999880790710449,
        -0.016705268993973732
    ],
    [
        0.999998927116394,
        0.0012878311099484563,
        -0.0005532000795938075,
        -0.11888312548398972,
        -0.0012851038482040167,
        0.9999871850013733,
        0.004902062937617302,
        -0.007723135873675346,
        0.000559505948331207,
        -0.004901346284896135,
        0.9999878406524658,
        -0.017342211678624153
    ],
    [
        0.9999990463256836,
        0.0013926182873547077,
        -0.0003998191386926919,
        -0.12341209501028061,
        -0.0013906520325690508,
        0.9999871850013733,
        0.004876426421105862,
        -0.007538401987403631,
        0.0004066048713866621,
        -0.004875865299254656,
        0.9999880790710449,
        -0.017790472134947777
    ],
    [
        0.999998927116394,
        0.0014359060442075133,
        -0.00046110450057312846,
        -0.12791560590267181,
        -0.0014335800660774112,
        0.9999864101409912,
        0.00500573730096221,
        -0.0076179541647434235,
        0.000468286540126428,
        -0.005005070939660072,
        0.9999873638153076,
        -0.018285207450389862
    ],
    [
        0.9999988079071045,
        0.0015489977085962892,
        -0.00031287045567296445,
        -0.13304367661476135,
        -0.0015473663806915283,
        0.9999855756759644,
        0.0051465947180986404,
        -0.007769442163407803,
        0.0003208385605830699,
        -0.005146104842424393,
        0.9999866485595703,
        -0.018814101815223694
    ],
    [
        0.9999984502792358,
        0.0017318533500656486,
        -0.00035952881444245577,
        -0.13658566772937775,
        -0.0017299887258559465,
        0.9999854564666748,
        0.0051225218921899796,
        -0.007442412432283163,
        0.00036839517997577786,
        -0.005121891386806965,
        0.9999867677688599,
        -0.019063608720898628
    ],
    [
        0.9999980926513672,
        0.0019166922429576516,
        -0.0003554988943506032,
        -0.13983683288097382,
        -0.0019147559069097042,
        0.9999838471412659,
        0.005368570797145367,
        -0.007793876342475414,
        0.00036578314029611647,
        -0.005367879755795002,
        0.9999855756759644,
        -0.019541999325156212
    ],
    [
        0.9999977946281433,
        0.0020531381014734507,
        -0.00023386637622024864,
        -0.14340636134147644,
        -0.0020518640521913767,
        0.9999837279319763,
        0.005323285236954689,
        -0.007664182223379612,
        0.0002447916485834867,
        -0.005322793964296579,
        0.9999858140945435,
        -0.019751811400055885
    ],
    [
        0.9999975562095642,
        0.0021989638917148113,
        -0.0003371513157617301,
        -0.14831557869911194,
        -0.0021971112582832575,
        0.999983012676239,
        0.00540044903755188,
        -0.007677105721086264,
        0.0003490216622594744,
        -0.005399694666266441,
        0.9999853372573853,
        -0.020379213616251945
    ],
    [
        0.9999971389770508,
        0.0023421214427798986,
        -0.0005631943349726498,
        -0.15203723311424255,
        -0.002339001977816224,
        0.9999822974205017,
        0.005476523190736771,
        -0.007895390503108501,
        0.0005760107305832207,
        -0.005475190002471209,
        0.999984860420227,
        -0.020811529830098152
    ],
    [
        0.999997079372406,
        0.0024106029886752367,
        -0.0003124376817140728,
        -0.1562546044588089,
        -0.002408910309895873,
        0.999983012676239,
        0.005309703294187784,
        -0.007985577918589115,
        0.0003252322494518012,
        -0.005308934487402439,
        0.9999858140945435,
        -0.02105519361793995
    ],
    [
        0.9999969005584717,
        0.0024221460334956646,
        -0.0005604379111900926,
        -0.1596071869134903,
        -0.0024192072451114655,
        0.9999837279319763,
        0.0051864334382116795,
        -0.0081107122823596,
        0.0005729911499656737,
        -0.005185061600059271,
        0.9999864101409912,
        -0.02166510373353958
    ],
    [
        0.9999967813491821,
        0.0025108642876148224,
        -0.00045705592492595315,
        -0.16462625563144684,
        -0.0025085180532187223,
        0.9999840259552002,
        0.005065334960818291,
        -0.008117800578474998,
        0.0004697670810855925,
        -0.005064171738922596,
        0.999987006187439,
        -0.02214711904525757
    ]
]