[
    [
        0.9999969005584717,
        0.002340256469324231,
        -0.0008347221883013844,
        -0.18105141818523407,
        -0.002336449921131134,
        0.9999869465827942,
        0.004532698076218367,
        -0.0014092733617872,
        0.0008453188347630203,
        -0.004530733916908503,
        0.99998939037323,
        8.479211101075634e-05
    ],
    [
        0.9999959468841553,
        0.0027704639360308647,
        -0.0007248038309626281,
        -0.19486722350120544,
        -0.0027671705465763807,
        0.9999859929084778,
        0.004506269004195929,
        -0.0012215044116601348,
        0.0007372784311883152,
        -0.004504245240241289,
        0.9999896287918091,
        6.325654976535589e-05
    ],
    [
        0.9999949932098389,
        0.0031280771363526583,
        -0.0004925982793793082,
        -0.21385034918785095,
        -0.003125805640593171,
        0.9999848008155823,
        0.0045456914231181145,
        -0.0010049924021586776,
        0.0005068097379989922,
        -0.004544127732515335,
        0.9999895095825195,
        0.00019841820176225156
    ],
    [
        0.9999933242797852,
        0.0036407429724931717,
        -0.0002685355138964951,
        -0.23291975259780884,
        -0.0036394973285496235,
        0.9999833106994629,
        0.004501556046307087,
        -0.00058733084006235,
        0.00028492053388617933,
        -0.004500549286603928,
        0.9999898672103882,
        0.0003230818547308445
    ],
    [
        0.9999911189079285,
        0.004223286174237728,
        -7.510228897444904e-05,
        -0.2520887553691864,
        -0.0042229038663208485,
        0.9999810457229614,
        0.004501268267631531,
        -0.0004882113425992429,
        9.41107064136304e-05,
        -0.004500911105424166,
        0.9999898672103882,
        0.00039778026985004544
    ],
    [
        0.9999899864196777,
        0.0044912369921803474,
        6.307719741016626e-05,
        -0.263772189617157,
        -0.0044914735481143,
        0.9999799728393555,
        0.004445753525942564,
        -3.6333964089863e-05,
        -4.310980875743553e-05,
        -0.004445992410182953,
        0.9999901056289673,
        0.0005844045663252473
    ],
    [
        0.9999880790710449,
        0.004891920834779739,
        0.0001885617384687066,
        -0.2798519432544708,
        -0.004892703145742416,
        0.9999783039093018,
        0.004406786058098078,
        0.0003922400064766407,
        -0.00016700026753824204,
        -0.004407656379044056,
        0.9999902248382568,
        0.0007798474398441613
    ],
    [
        0.9999856352806091,
        0.005339408293366432,
        0.00046982659841887653,
        -0.29613620042800903,
        -0.005341437645256519,
        0.9999759197235107,
        0.004430687520653009,
        0.0005006141145713627,
        -0.000446158490376547,
        -0.004433134105056524,
        0.9999901056289673,
        0.0007401270559057593
    ],
    [
        0.9999819993972778,
        0.005978129804134369,
        0.0005552329821512103,
        -0.3112228214740753,
        -0.005980552174150944,
        0.9999721646308899,
        0.00446888105943799,
        0.0008123491425067186,
        -0.0005285019869916141,
        -0.0044721211306750774,
        0.9999898672103882,
        0.0007768147625029087
    ],
    [
        0.999981164932251,
        0.006096326746046543,
        0.0006740796961821616,
        -0.32484501600265503,
        -0.006099237594753504,
        0.9999717473983765,
        0.004404067061841488,
        0.0009237723425030708,
        -0.0006472123204730451,
        -0.004408095497637987,
        0.9999901056289673,
        0.0006855860119685531
    ],
    [
        0.9999796152114868,
        0.006342008709907532,
        0.000748343940358609,
        -0.3344203233718872,
        -0.0063452585600316525,
        0.9999700784683228,
        0.004422505386173725,
        0.0010397726437076926,
        -0.0007202740525826812,
        -0.004427163861691952,
        0.9999899864196777,
        0.0005673657287843525
    ],
    [
        0.9999770522117615,
        0.006742269266396761,
        0.000827793322969228,
        -0.3483193516731262,
        -0.006745876744389534,
        0.9999674558639526,
        0.004434901289641857,
        0.0012377387611195445,
        -0.0007978658541105688,
        -0.004440381657332182,
        0.9999898672103882,
        0.0008991856011562049
    ],
    [
        0.999973714351654,
        0.00720305647701025,
        0.000958287506364286,
        -0.36295682191848755,
        -0.00720721110701561,
        0.9999643564224243,
        0.004406074061989784,
        0.001657073968090117,
        -0.0009265157277695835,
        -0.004412864334881306,
        0.9999898672103882,
        0.0009000288555398583
    ],
    [
        0.9999708533287048,
        0.007554569281637669,
        0.001140605192631483,
        -0.3785935044288635,
        -0.007559582591056824,
        0.9999614953994751,
        0.0044582621194422245,
        0.0017889554146677256,
        -0.0011068807216361165,
        -0.00446675531566143,
        0.99998939037323,
        0.0009577710879966617
    ],
    [
        0.9999653697013855,
        0.008219338953495026,
        0.0012614649021998048,
        -0.39474454522132874,
        -0.008224893361330032,
        0.9999561905860901,
        0.0044623492285609245,
        0.0021806557197123766,
        -0.0012247322592884302,
        -0.004472571425139904,
        0.9999892711639404,
        0.0009061683667823672
    ],
    [
        0.9999627470970154,
        0.00853227823972702,
        0.0012613226426765323,
        -0.40466463565826416,
        -0.008537719026207924,
        0.9999539852142334,
        0.004373935051262379,
        0.0025187269784510136,
        -0.0012239452917128801,
        -0.0043845409527421,
        0.9999896287918091,
        0.001014061621390283
    ],
    [
        0.9999577403068542,
        0.00907941535115242,
        0.0014836308546364307,
        -0.4183604419231415,
        -0.009085830301046371,
        0.9999490976333618,
        0.00437577348202467,
        0.002724556252360344,
        -0.0014438258949667215,
        -0.004389068111777306,
        0.9999892711639404,
        0.0009053281391970813
    ],
    [
        0.9999523758888245,
        0.009614351205527782,
        0.0017471988685429096,
        -0.43070629239082336,
        -0.00962209515273571,
        0.9999436140060425,
        0.004479886963963509,
        0.0026185819879174232,
        -0.0017040284583345056,
        -0.004496484529227018,
        0.9999884366989136,
        0.0007765881600789726
    ],
    [
        0.9999473094940186,
        0.01009850949048996,
        0.0018266263650730252,
        -0.44116654992103577,
        -0.010106541216373444,
        0.9999390244483948,
        0.0044434345327317715,
        0.0030343779362738132,
        -0.0017816426698118448,
        -0.004461660981178284,
        0.9999884366989136,
        0.0009625443490222096
    ],
    [
        0.9999417066574097,
        0.01061035692691803,
        0.0020086418371647596,
        -0.4517587125301361,
        -0.010619165375828743,
        0.9999338388442993,
        0.004427366424351931,
        0.0032809593249112368,
        -0.001961533213034272,
        -0.004448438063263893,
        0.9999881982803345,
        0.0014321114867925644
    ],
    [
        0.9999341368675232,
        0.011292335577309132,
        0.0020309239625930786,
        -0.45981016755104065,
        -0.011301126331090927,
        0.9999265670776367,
        0.0043709371238946915,
        0.003622376127168536,
        -0.001981416717171669,
        -0.004393601790070534,
        0.999988317489624,
        0.0011818460188806057
    ],
    [
        0.9999183416366577,
        0.012616187334060669,
        0.0020761156920343637,
        -0.4722946286201477,
        -0.01262514665722847,
        0.9999107718467712,
        0.004360605031251907,
        0.004404060542583466,
        -0.0020209159702062607,
        -0.004386459477245808,
        0.9999884366989136,
        0.0013191821053624153
    ],
    [
        0.9999027848243713,
        0.013754766434431076,
        0.002286562230437994,
        -0.4845161437988281,
        -0.013764717616140842,
        0.9998955726623535,
        0.004394578747451305,
        0.004716519732028246,
        -0.0022258779499679804,
        -0.004425625316798687,
        0.9999877214431763,
        0.0013773894170299172
    ],
    [
        0.999886691570282,
        0.014852303080260754,
        0.002450923202559352,
        -0.49572432041168213,
        -0.014862924814224243,
        0.9998799562454224,
        0.004373567644506693,
        0.005061458796262741,
        -0.0023856714833527803,
        -0.004409500397741795,
        0.9999874830245972,
        0.00166373944375664
    ],
    [
        0.9998720288276672,
        0.015809090808033943,
        0.002453515538945794,
        -0.5059671401977539,
        -0.01581929251551628,
        0.9998660087585449,
        0.004194980021566153,
        0.005562571343034506,
        -0.002386867767199874,
        -0.004233255982398987,
        0.9999881982803345,
        0.0017000993248075247
    ]
]