[
    [
        0.6076799631118774,
        0.09351423382759094,
        -0.7886573076248169,
        -0.8441472053527832,
        -0.09588877111673355,
        0.9944177865982056,
        0.0440274178981781,
        -0.20814377069473267,
        0.7883720397949219,
        0.04886878281831741,
        0.6132547855377197,
        1.1894865036010742
    ],
    [
        0.5780503749847412,
        0.09931832551956177,
        -0.8099342584609985,
        -0.9035604596138,
        -0.10007962584495544,
        0.9937007427215576,
        0.050425849854946136,
        -0.21923349797725677,
        0.8098406195640564,
        0.05190923064947128,
        0.5843489170074463,
        1.2528563737869263
    ],
    [
        0.5470699667930603,
        0.10603739321231842,
        -0.8303435444831848,
        -0.9517196416854858,
        -0.10518879443407059,
        0.9927898049354553,
        0.05747886747121811,
        -0.2313191145658493,
        0.8304515480995178,
        0.05589788407087326,
        0.5542793869972229,
        1.311657190322876
    ],
    [
        0.5236279964447021,
        0.10989908874034882,
        -0.8448288440704346,
        -1.0007092952728271,
        -0.10776649415493011,
        0.9922235608100891,
        0.062278784811496735,
        -0.23747506737709045,
        0.8451035618782043,
        0.058433324098587036,
        0.5313995480537415,
        1.3663501739501953
    ],
    [
        0.5127307176589966,
        0.1126168742775917,
        -0.8511314988136292,
        -1.0732512474060059,
        -0.10938331484794617,
        0.9918497204780579,
        0.06534221023321152,
        -0.2433660328388214,
        0.8515529632568359,
        0.059596624225378036,
        0.5208701491355896,
        1.4189987182617188
    ],
    [
        0.5116872787475586,
        0.11573426425457001,
        -0.8513410091400146,
        -1.1482689380645752,
        -0.1112322211265564,
        0.9914700984954834,
        0.06792925298213959,
        -0.2511867880821228,
        0.8519410490989685,
        0.05993804335594177,
        0.5201960206031799,
        1.464079737663269
    ],
    [
        0.5202576518058777,
        0.11874043941497803,
        -0.845714271068573,
        -1.2291263341903687,
        -0.1122884675860405,
        0.9912006258964539,
        0.07009065896272659,
        -0.2605186700820923,
        0.8465951085090637,
        0.05849875882267952,
        0.5290128588676453,
        1.5141589641571045
    ],
    [
        0.535613477230072,
        0.11987035721540451,
        -0.83591228723526,
        -1.303551435470581,
        -0.11234810948371887,
        0.9911896586418152,
        0.07014980912208557,
        -0.2671975791454315,
        0.8369565010070801,
        0.05633998289704323,
        0.5443617105484009,
        1.5699405670166016
    ],
    [
        0.5596393942832947,
        0.12002693116664886,
        -0.8199982643127441,
        -1.37934410572052,
        -0.1108589619398117,
        0.9914061427116394,
        0.06945671886205673,
        -0.2750273048877716,
        0.821287989616394,
        0.0520334430038929,
        0.5681359767913818,
        1.637326717376709
    ],
    [
        0.5854611396789551,
        0.11916863173246384,
        -0.8018942475318909,
        -1.4382350444793701,
        -0.10788971185684204,
        0.9917919635772705,
        0.06861910223960876,
        -0.2867330014705658,
        0.8034893870353699,
        0.04634231701493263,
        0.5935126543045044,
        1.6880004405975342
    ],
    [
        0.6233617663383484,
        0.11512870341539383,
        -0.7734116911888123,
        -1.5010887384414673,
        -0.102944016456604,
        0.9925754070281982,
        0.06478124856948853,
        -0.2981938123703003,
        0.7751275300979614,
        0.03923593461513519,
        0.6305853128433228,
        1.7365752458572388
    ],
    [
        0.6619970798492432,
        0.11192373931407928,
        -0.7411025166511536,
        -1.5626579523086548,
        -0.10011839866638184,
        0.9931311011314392,
        0.06055420637130737,
        -0.30788958072662354,
        0.7427894473075867,
        0.03411129117012024,
        0.668655514717102,
        1.8028813600540161
    ],
    [
        0.7007938027381897,
        0.1064133495092392,
        -0.7053823471069336,
        -1.639509677886963,
        -0.09617234021425247,
        0.993877649307251,
        0.054388780146837234,
        -0.31416940689086914,
        0.7068514227867126,
        0.029722949489951134,
        0.7067373394966125,
        1.8962748050689697
    ],
    [
        0.7335843443870544,
        0.10119250416755676,
        -0.6720223426818848,
        -1.690692663192749,
        -0.09230238944292068,
        0.9945247769355774,
        0.048996713012456894,
        -0.32421496510505676,
        0.6733009815216064,
        0.026086023077368736,
        0.7389083504676819,
        1.9656046628952026
    ],
    [
        0.770132303237915,
        0.09391050785779953,
        -0.6309334635734558,
        -1.7368535995483398,
        -0.08701898157596588,
        0.9953238368034363,
        0.04193029925227165,
        -0.3367503881454468,
        0.6319208145141602,
        0.022611316293478012,
        0.7747029662132263,
        2.0428693294525146
    ],
    [
        0.8053644895553589,
        0.08651984483003616,
        -0.5864319205284119,
        -1.7739325761795044,
        -0.08231844753026962,
        0.9960293173789978,
        0.03389985114336014,
        -0.3489397466182709,
        0.5870363712310791,
        0.020972419530153275,
        0.8092887997627258,
        2.1243741512298584
    ],
    [
        0.8370245695114136,
        0.0778031200170517,
        -0.5416054725646973,
        -1.8111234903335571,
        -0.07662776857614517,
        0.9967522025108337,
        0.024761756882071495,
        -0.3559478521347046,
        0.5417730808258057,
        0.020775822922587395,
        0.840268075466156,
        2.2315328121185303
    ],
    [
        0.8604281544685364,
        0.07111888378858566,
        -0.504584550857544,
        -1.8255252838134766,
        -0.07137328386306763,
        0.9972714781761169,
        0.018853623420000076,
        -0.36647987365722656,
        0.5045486092567444,
        0.019791677594184875,
        0.8631563782691956,
        2.319875717163086
    ],
    [
        0.8851019740104675,
        0.06506664305925369,
        -0.4608263671398163,
        -1.834329605102539,
        -0.06614882498979568,
        0.9977140426635742,
        0.01382178720086813,
        -0.38207200169563293,
        0.4606722593307495,
        0.01824943907558918,
        0.8873826265335083,
        2.411508321762085
    ],
    [
        0.9064438939094543,
        0.0595652237534523,
        -0.4181044399738312,
        -1.8327544927597046,
        -0.06167227774858475,
        0.9980603456497192,
        0.008484077639877796,
        -0.3929773271083832,
        0.4177989065647125,
        0.018095113337039948,
        0.9083592891693115,
        2.491863250732422
    ],
    [
        0.9240682721138,
        0.05667508393526077,
        -0.3780025541782379,
        -1.8326356410980225,
        -0.05909973010420799,
        0.9982386231422424,
        0.005193292163312435,
        -0.40704724192619324,
        0.3776310682296753,
        0.017540890723466873,
        0.9257898926734924,
        2.588484764099121
    ],
    [
        0.9392735362052917,
        0.054488327354192734,
        -0.3388160467147827,
        -1.8505457639694214,
        -0.056693799793720245,
        0.9983857870101929,
        0.0033923848532140255,
        -0.42096415162086487,
        0.3384539783000946,
        0.016022393479943275,
        0.9408465027809143,
        2.725567102432251
    ],
    [
        0.9539602994918823,
        0.05059654638171196,
        -0.2956346869468689,
        -1.8595143556594849,
        -0.05257929116487503,
        0.9986159205436707,
        0.001244665589183569,
        -0.43115347623825073,
        0.2952885031700134,
        0.014356897212564945,
        0.9553002715110779,
        2.8629353046417236
    ],
    [
        0.9648551940917969,
        0.048116933554410934,
        -0.258338987827301,
        -1.855595350265503,
        -0.049790214747190475,
        0.9987596869468689,
        6.544224743265659e-05,
        -0.4458945393562317,
        0.2580219507217407,
        0.012799624353647232,
        0.9660543203353882,
        2.9701011180877686
    ],
    [
        0.9731348752975464,
        0.04373154044151306,
        -0.22604461014270782,
        -1.8440362215042114,
        -0.0449090451002121,
        0.998991072177887,
        -6.69496730552055e-05,
        -0.4595307409763336,
        0.22581344842910767,
        0.010216583497822285,
        0.9741169810295105,
        3.0932540893554688
    ]
]