[
    [
        0.9990466833114624,
        0.007823963649570942,
        0.04294838756322861,
        -0.11480040848255157,
        -0.008446886204183102,
        0.999861478805542,
        0.01434169989079237,
        -0.08594729006290436,
        -0.04283023253083229,
        -0.014690808951854706,
        0.9989744424819946,
        -0.24368765950202942
    ],
    [
        0.9988796710968018,
        0.007075042463839054,
        0.04678957909345627,
        -0.12345396727323532,
        -0.007789773866534233,
        0.9998555183410645,
        0.015110799111425877,
        -0.09648626297712326,
        -0.0466759093105793,
        -0.01545835193246603,
        0.9987905621528625,
        -0.2816167175769806
    ],
    [
        0.9986622333526611,
        0.0058515314012765884,
        0.05137750506401062,
        -0.13397054374217987,
        -0.006692302413284779,
        0.9998462796211243,
        0.016207823529839516,
        -0.10993264615535736,
        -0.05127476528286934,
        -0.016529973596334457,
        0.9985477328300476,
        -0.3288663625717163
    ],
    [
        0.9984250664710999,
        0.004721482750028372,
        0.05590355023741722,
        -0.14423947036266327,
        -0.005702331196516752,
        0.9998323321342468,
        0.017398886382579803,
        -0.12309730052947998,
        -0.05581203103065491,
        -0.01769026555120945,
        0.9982845187187195,
        -0.37597715854644775
    ],
    [
        0.9982075095176697,
        0.003920372575521469,
        0.059720076620578766,
        -0.15429015457630157,
        -0.005054419860243797,
        0.9998095035552979,
        0.018850170075893402,
        -0.13660451769828796,
        -0.05963480472564697,
        -0.019118232652544975,
        0.9980372786521912,
        -0.42262059450149536
    ],
    [
        0.9980331063270569,
        0.0033339860383421183,
        0.06260152161121368,
        -0.16219647228717804,
        -0.004636420868337154,
        0.9997755885124207,
        0.020671438425779343,
        -0.14761054515838623,
        -0.06251854449510574,
        -0.020921025425195694,
        0.9978245496749878,
        -0.45953691005706787
    ],
    [
        0.9978305101394653,
        0.0028885058127343655,
        0.06577324122190475,
        -0.17147721350193024,
        -0.004399531986564398,
        0.9997293949127197,
        0.022840023040771484,
        -0.16092805564403534,
        -0.06568947434425354,
        -0.02307984232902527,
        0.99757319688797,
        -0.5055094361305237
    ],
    [
        0.9976375102996826,
        0.00235462817363441,
        0.06865759193897247,
        -0.18044646084308624,
        -0.00409597996622324,
        0.9996731877326965,
        0.025233114138245583,
        -0.17430758476257324,
        -0.06857573986053467,
        -0.025454720482230186,
        0.9973211884498596,
        -0.55100417137146
    ],
    [
        0.9974324703216553,
        0.001594053697772324,
        0.07159539312124252,
        -0.18915362656116486,
        -0.0035857404582202435,
        0.9996099472045898,
        0.027698738500475883,
        -0.18665935099124908,
        -0.07152330875396729,
        -0.02788434363901615,
        0.9970491528511047,
        -0.595814049243927
    ],
    [
        0.9972469210624695,
        0.0010717813856899738,
        0.0741446316242218,
        -0.19747908413410187,
        -0.003307953244075179,
        0.9995430707931519,
        0.030043363571166992,
        -0.1974964439868927,
        -0.07407855242490768,
        -0.030205918475985527,
        0.9967948794364929,
        -0.640146791934967
    ],
    [
        0.9970982074737549,
        0.0006256005144678056,
        0.0761234313249588,
        -0.2040102332830429,
        -0.003082568757236004,
        0.9994779229164124,
        0.03216290473937988,
        -0.205974742770195,
        -0.07606355845928192,
        -0.032304227352142334,
        0.9965795874595642,
        -0.6755789518356323
    ],
    [
        0.9969047904014587,
        -7.240083050419344e-06,
        0.07861895859241486,
        -0.21213145554065704,
        -0.0027397549711167812,
        0.9993893504142761,
        0.034832704812288284,
        -0.2167883962392807,
        -0.07857120037078857,
        -0.03494028374552727,
        0.9962961077690125,
        -0.7199016809463501
    ],
    [
        0.9966985583305359,
        -0.0005514992517419159,
        0.08118995279073715,
        -0.22077341377735138,
        -0.0025018053129315376,
        0.9992934465408325,
        0.037500400096178055,
        -0.22826480865478516,
        -0.0811532735824585,
        -0.03757971525192261,
        0.99599289894104,
        -0.76451575756073
    ],
    [
        0.9964866042137146,
        -0.0011206497438251972,
        0.08374539762735367,
        -0.2296423614025116,
        -0.0022232867777347565,
        0.9992040991783142,
        0.03982586786150932,
        -0.23984134197235107,
        -0.08372337371110916,
        -0.03987212851643562,
        0.9956911206245422,
        -0.809144139289856
    ],
    [
        0.9962462782859802,
        -0.0016475232550874352,
        0.0865483358502388,
        -0.23811498284339905,
        -0.002022635890170932,
        0.999102771282196,
        0.042301077395677567,
        -0.25165805220603943,
        -0.08654037117958069,
        -0.04231734946370125,
        0.9953492283821106,
        -0.8540233373641968
    ],
    [
        0.9960450530052185,
        -0.0020909649319946766,
        0.0888255387544632,
        -0.24487736821174622,
        -0.0018314577173441648,
        0.9990274906158447,
        0.04405428469181061,
        -0.2612093389034271,
        -0.08883126825094223,
        -0.044042736291885376,
        0.9950724244117737,
        -0.8902071714401245
    ],
    [
        0.9957898259162903,
        -0.0026463987305760384,
        0.09162715822458267,
        -0.2529534101486206,
        -0.001567584346048534,
        0.9989452958106995,
        0.04588805511593819,
        -0.2731511890888214,
        -0.09165196865797043,
        -0.04583849385380745,
        0.9947355389595032,
        -0.9358435869216919
    ],
    [
        0.9955326914787292,
        -0.003235067240893841,
        0.09436239302158356,
        -0.2611916959285736,
        -0.0013219917891547084,
        0.9988372921943665,
        0.048190727829933167,
        -0.28556692600250244,
        -0.09440857917070389,
        -0.04810018837451935,
        0.9943708777427673,
        -0.9814375042915344
    ],
    [
        0.9952945709228516,
        -0.00394652783870697,
        0.0968145877122879,
        -0.26918622851371765,
        -0.0009484667098149657,
        0.9987254738807678,
        0.05046246945858002,
        -0.29769665002822876,
        -0.09689033776521683,
        -0.05031684413552284,
        0.9940224885940552,
        -1.0271986722946167
    ],
    [
        0.9950409531593323,
        -0.0044602020643651485,
        0.09936602413654327,
        -0.277002215385437,
        -0.0007949489518068731,
        0.9986055493354797,
        0.05278456211090088,
        -0.3105136454105377,
        -0.09946288913488388,
        -0.05260178819298744,
        0.9936498999595642,
        -1.0734552145004272
    ],
    [
        0.9948265552520752,
        -0.004946965724229813,
        0.10146687924861908,
        -0.2829850912094116,
        -0.0006245675613172352,
        0.9984968900680542,
        0.05480475351214409,
        -0.3206228017807007,
        -0.1015854924917221,
        -0.05458459630608559,
        0.9933282136917114,
        -1.1105908155441284
    ],
    [
        0.9945675730705261,
        -0.005449383985251188,
        0.103950634598732,
        -0.289978563785553,
        -0.0004934996250085533,
        0.9983705878257751,
        0.057059042155742645,
        -0.3332546055316925,
        -0.10409220308065414,
        -0.056800372898578644,
        0.9929444193840027,
        -1.1576123237609863
    ],
    [
        0.994306206703186,
        -0.006126550026237965,
        0.10638397932052612,
        -0.2968257665634155,
        -0.00023396684264298528,
        0.9982179403305054,
        0.059673141688108444,
        -0.34616464376449585,
        -0.10655999928712845,
        -0.059358276426792145,
        0.9925328493118286,
        -1.2047888040542603
    ],
    [
        0.9940139055252075,
        -0.006721720565110445,
        0.10904703289270401,
        -0.30290016531944275,
        -7.875415030866861e-05,
        0.9980612397193909,
        0.06223895773291588,
        -0.3592461347579956,
        -0.10925396531820297,
        -0.06187496706843376,
        0.9920861124992371,
        -1.2523393630981445
    ],
    [
        0.9937652945518494,
        -0.0072692399844527245,
        0.11125542968511581,
        -0.3080616891384125,
        4.6606844989582896e-05,
        0.9978992938995361,
        0.0647847056388855,
        -0.3723394274711609,
        -0.11149265617132187,
        -0.0643756315112114,
        0.9916779398918152,
        -1.3001383543014526
    ]
]