[
    [
        0.9966857433319092,
        -0.0034822728484869003,
        0.0812731385231018,
        -0.003066873410716653,
        0.003679885296151042,
        0.9999906420707703,
        -0.002281797584146261,
        0.0003958766465075314,
        -0.0812644213438034,
        0.002573310397565365,
        0.9966892600059509,
        0.5168455839157104
    ],
    [
        0.995006799697876,
        -0.004770476371049881,
        0.09969355911016464,
        0.008221704512834549,
        0.004996908828616142,
        0.9999854564666748,
        -0.002021707594394684,
        -0.0053640929982066154,
        -0.09968246519565582,
        0.0025097716134041548,
        0.9950161576271057,
        0.6064046621322632
    ],
    [
        0.9928877353668213,
        -0.0049609350971877575,
        0.11895014345645905,
        0.024343935772776604,
        0.005372018087655306,
        0.999980628490448,
        -0.003135537961497903,
        -0.015943288803100586,
        -0.11893229186534882,
        0.003752239979803562,
        0.9928953051567078,
        0.7092603445053101
    ],
    [
        0.9908716082572937,
        -0.00577528728172183,
        0.13468515872955322,
        0.03765731304883957,
        0.006330352742224932,
        0.9999731779098511,
        -0.003693323815241456,
        -0.0203963965177536,
        -0.13466022908687592,
        0.004512213636189699,
        0.9908815622329712,
        0.811215341091156
    ],
    [
        0.9892289638519287,
        -0.005504677537828684,
        0.14627279341220856,
        0.044901251792907715,
        0.0061220889911055565,
        0.9999741315841675,
        -0.003771124640479684,
        -0.020400432869791985,
        -0.14624826610088348,
        0.004625999368727207,
        0.9892370104789734,
        0.8996639251708984
    ],
    [
        0.9868782162666321,
        -0.005607991944998503,
        0.16136890649795532,
        0.05007869750261307,
        0.006272593978792429,
        0.999973714351654,
        -0.0036093706730753183,
        -0.021418482065200806,
        -0.16134443879127502,
        0.004574211779981852,
        0.986887514591217,
        1.0039641857147217
    ],
    [
        0.9848601818084717,
        -0.005790747702121735,
        0.17325326800346375,
        0.05772651359438896,
        0.006669133435934782,
        0.9999676942825317,
        -0.004488243721425533,
        -0.022332560271024704,
        -0.1732216775417328,
        0.0055757430382072926,
        0.9848671555519104,
        1.0952140092849731
    ],
    [
        0.9830734729766846,
        -0.0054445331916213036,
        0.18313086032867432,
        0.06815195828676224,
        0.006601236294955015,
        0.9999619722366333,
        -0.005707261152565479,
        -0.021060671657323837,
        -0.18309280276298523,
        0.006819547154009342,
        0.9830719828605652,
        1.1698328256607056
    ],
    [
        0.9818210601806641,
        -0.006050205323845148,
        0.18971264362335205,
        0.08820059895515442,
        0.007279307581484318,
        0.9999567866325378,
        -0.005782606545835733,
        -0.02141069434583187,
        -0.18966946005821228,
        0.0070584616623818874,
        0.9818226099014282,
        1.2626771926879883
    ],
    [
        0.9813644886016846,
        -0.006014958489686251,
        0.19206112623214722,
        0.11639244854450226,
        0.007311204448342323,
        0.9999551177024841,
        -0.006041145417839289,
        -0.027217496186494827,
        -0.19201615452766418,
        0.007332763634622097,
        0.9813643097877502,
        1.3483659029006958
    ],
    [
        0.9808927774429321,
        -0.006190119311213493,
        0.19445058703422546,
        0.139562726020813,
        0.00769864022731781,
        0.999945878982544,
        -0.007003110367804766,
        -0.036999430507421494,
        -0.1943967044353485,
        0.008366302587091923,
        0.9808873534202576,
        1.4187126159667969
    ],
    [
        0.9812794923782349,
        -0.006410283036530018,
        0.19248244166374207,
        0.15605293214321136,
        0.00801851972937584,
        0.9999391436576843,
        -0.0075773936696350574,
        -0.041664719581604004,
        -0.19242213666439056,
        0.008978965692222118,
        0.9812710881233215,
        1.4748753309249878
    ],
    [
        0.9812637567520142,
        -0.005627141799777746,
        0.19258734583854675,
        0.17505522072315216,
        0.00736965099349618,
        0.9999381899833679,
        -0.008332728408277035,
        -0.042145222425460815,
        -0.19252854585647583,
        0.009595905430614948,
        0.9812444448471069,
        1.5466054677963257
    ],
    [
        0.9812840819358826,
        -0.006043360102921724,
        0.19247081875801086,
        0.19214504957199097,
        0.007669919636100531,
        0.9999409317970276,
        -0.007706971373409033,
        -0.04547717794775963,
        -0.1924128532409668,
        0.009038964286446571,
        0.9812723398208618,
        1.6150577068328857
    ],
    [
        0.981532096862793,
        -0.005996024701744318,
        0.19120359420776367,
        0.20735590159893036,
        0.007872926071286201,
        0.9999279975891113,
        -0.009058071300387383,
        -0.050978660583496094,
        -0.19113551080226898,
        0.010396121069788933,
        0.9815085530281067,
        1.6625598669052124
    ],
    [
        0.9822132587432861,
        -0.006098038516938686,
        0.18766963481903076,
        0.22753338515758514,
        0.008063849993050098,
        0.9999203681945801,
        -0.009713171981275082,
        -0.05448105186223984,
        -0.1875954419374466,
        0.01105374563485384,
        0.9821841716766357,
        1.7112447023391724
    ],
    [
        0.9831782579421997,
        -0.006093943957239389,
        0.18254715204238892,
        0.24918949604034424,
        0.008169122971594334,
        0.9999103546142578,
        -0.010618115775287151,
        -0.05572480708360672,
        -0.1824660748243332,
        0.01193075068295002,
        0.9831397533416748,
        1.7577831745147705
    ],
    [
        0.9844883680343628,
        -0.005743900313973427,
        0.17535583674907684,
        0.2737661898136139,
        0.007877303287386894,
        0.9999032020568848,
        -0.01147250086069107,
        -0.05930329114198685,
        -0.17527295649051666,
        0.012675875797867775,
        0.9844382405281067,
        1.799167513847351
    ],
    [
        0.9858371615409851,
        -0.005664829630404711,
        0.16760972142219543,
        0.2926001250743866,
        0.007781528867781162,
        0.9998980760574341,
        -0.011974651366472244,
        -0.06269238889217377,
        -0.1675247848033905,
        0.013109313324093819,
        0.9857807159423828,
        1.828427791595459
    ],
    [
        0.9873748421669006,
        -0.005180695094168186,
        0.158316507935524,
        0.31591036915779114,
        0.007352935615926981,
        0.9998867511749268,
        -0.01313821505755186,
        -0.06764307618141174,
        -0.1582304835319519,
        0.01413643267005682,
        0.9873010516166687,
        1.8621740341186523
    ],
    [
        0.9887793660163879,
        -0.0044611915946006775,
        0.14931637048721313,
        0.3404037058353424,
        0.006602866109460592,
        0.9998822808265686,
        -0.013850536197423935,
        -0.07262709736824036,
        -0.1492369920015335,
        0.014681040309369564,
        0.9886925220489502,
        1.8924106359481812
    ],
    [
        0.9897198677062988,
        -0.004238451831042767,
        0.14295677840709686,
        0.3622307777404785,
        0.006359792780131102,
        0.9998762607574463,
        -0.01438535563647747,
        -0.07639118283987045,
        -0.14287813007831573,
        0.015146647579967976,
        0.9896243810653687,
        1.9190330505371094
    ],
    [
        0.9906646609306335,
        -0.0038754926063120365,
        0.13626612722873688,
        0.38548779487609863,
        0.005950128193944693,
        0.9998725056648254,
        -0.014820865355432034,
        -0.08082922548055649,
        -0.13619130849838257,
        0.015493310056626797,
        0.9905614256858826,
        1.9509563446044922
    ],
    [
        0.991241455078125,
        -0.003238373901695013,
        0.13202235102653503,
        0.4063381850719452,
        0.005304298363626003,
        0.9998689293861389,
        -0.015299608930945396,
        -0.08120553195476532,
        -0.13195551931858063,
        0.01586589217185974,
        0.9911285042762756,
        1.9832202196121216
    ],
    [
        0.9917405247688293,
        -0.0031255667563527822,
        0.1282225400209427,
        0.4271986782550812,
        0.005105405580252409,
        0.9998727440834045,
        -0.015114882029592991,
        -0.08315809816122055,
        -0.12815895676612854,
        0.01564466767013073,
        0.9916302561759949,
        2.0171265602111816
    ]
]