[
    [
        0.9998214244842529,
        -0.014013594016432762,
        0.012683939188718796,
        0.07080996781587601,
        0.014331458136439323,
        0.9995765089988708,
        -0.025326482951641083,
        -0.052293259650468826,
        -0.012323652394115925,
        0.0255037359893322,
        0.9995988011360168,
        0.605619490146637
    ],
    [
        0.9995982646942139,
        -0.017320986837148666,
        0.02243298478424549,
        0.08149175345897675,
        0.01785184256732464,
        0.9995600581169128,
        -0.023684019222855568,
        -0.05907772108912468,
        -0.02201288565993309,
        0.0240749754011631,
        0.9994677901268005,
        0.72041255235672
    ],
    [
        0.9992230534553528,
        -0.019529160112142563,
        0.034231361001729965,
        0.0965627059340477,
        0.020275816321372986,
        0.9995611310005188,
        -0.021602388471364975,
        -0.0657266229391098,
        -0.03379445523023605,
        0.02227967232465744,
        0.9991803765296936,
        0.8378088474273682
    ],
    [
        0.9981173872947693,
        -0.016041642054915428,
        0.059198055416345596,
        0.11863305419683456,
        0.017203770577907562,
        0.9996681809425354,
        -0.01917402260005474,
        -0.07434024661779404,
        -0.0588708259165287,
        0.02015635371208191,
        0.9980621933937073,
        0.969641387462616
    ],
    [
        0.9963933825492859,
        -0.012181132100522518,
        0.08397597074508667,
        0.13901078701019287,
        0.013536411337554455,
        0.999786913394928,
        -0.015588420443236828,
        -0.07907331734895706,
        -0.08376818895339966,
        0.016668926924467087,
        0.9963458180427551,
        1.0861009359359741
    ],
    [
        0.9932305216789246,
        -0.010308105498552322,
        0.1157018318772316,
        0.1613696664571762,
        0.011609511449933052,
        0.9998767375946045,
        -0.010579683817923069,
        -0.08500730246305466,
        -0.11557850241661072,
        0.011851306073367596,
        0.9932276606559753,
        1.2078354358673096
    ],
    [
        0.9879231452941895,
        -0.009845774620771408,
        0.15463146567344666,
        0.1954858899116516,
        0.011176458559930325,
        0.9999076128005981,
        -0.007738509681075811,
        -0.09276387840509415,
        -0.1545409858226776,
        0.009373286738991737,
        0.9879419207572937,
        1.3390930891036987
    ],
    [
        0.9820482730865479,
        -0.013711242005228996,
        0.18813081085681915,
        0.23704980313777924,
        0.015456855297088623,
        0.9998499751091003,
        -0.007814730517566204,
        -0.09895181655883789,
        -0.18799541890621185,
        0.010582351125776768,
        0.9821130037307739,
        1.4473402500152588
    ],
    [
        0.9735587239265442,
        -0.017670756205916405,
        0.22775253653526306,
        0.2950064241886139,
        0.020000457763671875,
        0.9997684955596924,
        -0.0079250643029809,
        -0.10226859152317047,
        -0.22755979001522064,
        0.012270670384168625,
        0.9736867547035217,
        1.580604910850525
    ],
    [
        0.9640967845916748,
        -0.01785752736032009,
        0.2649497985839844,
        0.34960871934890747,
        0.020432721823453903,
        0.9997669458389282,
        -0.006966456305235624,
        -0.10733934491872787,
        -0.26476365327835083,
        0.012129982002079487,
        0.9642370343208313,
        1.6951453685760498
    ],
    [
        0.9529464840888977,
        -0.015983175486326218,
        0.30271685123443604,
        0.40300750732421875,
        0.01898208260536194,
        0.9997954964637756,
        -0.0069669084623456,
        -0.11201866716146469,
        -0.30254364013671875,
        0.012385288253426552,
        0.9530551433563232,
        1.8064972162246704
    ],
    [
        0.9373102784156799,
        -0.012044955044984818,
        0.34828779101371765,
        0.46277981996536255,
        0.015427242033183575,
        0.9998568892478943,
        -0.006939319893717766,
        -0.11787345260381699,
        -0.34815436601638794,
        0.01187741756439209,
        0.9373619556427002,
        1.9428019523620605
    ],
    [
        0.922020673751831,
        -0.009146075695753098,
        0.3870326578617096,
        0.5181020498275757,
        0.012902218848466873,
        0.999891459941864,
        -0.007107999641448259,
        -0.12564091384410858,
        -0.38692566752433777,
        0.011547301895916462,
        0.9220385551452637,
        2.0527687072753906
    ],
    [
        0.9052527546882629,
        -0.010470632463693619,
        0.42474445700645447,
        0.5837655067443848,
        0.01475033164024353,
        0.9998682141304016,
        -0.006788851227611303,
        -0.12893809378147125,
        -0.42461735010147095,
        0.01241074688732624,
        0.9052879214286804,
        2.1554908752441406
    ],
    [
        0.8842465877532959,
        -0.01288763526827097,
        0.4668424427509308,
        0.6719375848770142,
        0.017969105392694473,
        0.9998177886009216,
        -0.006434360984712839,
        -0.13476578891277313,
        -0.46667444705963135,
        0.01407830324023962,
        0.8843171000480652,
        2.274712085723877
    ],
    [
        0.865378737449646,
        -0.01442093588411808,
        0.500910758972168,
        0.7515636682510376,
        0.02078806795179844,
        0.9997584223747253,
        -0.007131203543394804,
        -0.14315225183963776,
        -0.5006869435310364,
        0.016584161669015884,
        0.8654694557189941,
        2.375079393386841
    ],
    [
        0.842237114906311,
        -0.01765109784901142,
        0.5388181805610657,
        0.8465908765792847,
        0.02346777357161045,
        0.9997168183326721,
        -0.003933290019631386,
        -0.14958468079566956,
        -0.5385961532592773,
        0.015957623720169067,
        0.8424128890037537,
        2.490590810775757
    ],
    [
        0.8217376470565796,
        -0.02074325643479824,
        0.5694884657859802,
        0.9316362142562866,
        0.024914909154176712,
        0.9996894598007202,
        0.00046233818284235895,
        -0.14879918098449707,
        -0.5693211555480957,
        0.01380883064121008,
        0.8219991326332092,
        2.5987038612365723
    ],
    [
        0.800179123878479,
        -0.02251455932855606,
        0.5993383526802063,
        1.0191148519515991,
        0.024639172479510307,
        0.9996855854988098,
        0.00465803500264883,
        -0.14894597232341766,
        -0.5992546677589417,
        0.011039942502975464,
        0.8004822134971619,
        2.7127718925476074
    ],
    [
        0.7752085328102112,
        -0.025735368952155113,
        0.6311808824539185,
        1.1246984004974365,
        0.02646014094352722,
        0.9996156692504883,
        0.008259668946266174,
        -0.15312525629997253,
        -0.631151020526886,
        0.010298185981810093,
        0.7755913734436035,
        2.8349428176879883
    ],
    [
        0.7536447644233704,
        -0.029642557725310326,
        0.6566130518913269,
        1.2233096361160278,
        0.029285063967108727,
        0.9995047450065613,
        0.01150958426296711,
        -0.15804272890090942,
        -0.6566293239593506,
        0.010554800741374493,
        0.7541398406028748,
        2.9386861324310303
    ],
    [
        0.731879711151123,
        -0.03329138457775116,
        0.6806200742721558,
        1.3275539875030518,
        0.033046551048755646,
        0.9993647336959839,
        0.013346845284104347,
        -0.16446927189826965,
        -0.6806321144104004,
        0.012723841704428196,
        0.7325150966644287,
        3.0401482582092285
    ],
    [
        0.7048595547676086,
        -0.037344954907894135,
        0.7083631753921509,
        1.4501100778579712,
        0.03595789894461632,
        0.9992104172706604,
        0.01689840294420719,
        -0.17378497123718262,
        -0.7084349989891052,
        0.013560242019593716,
        0.7056457996368408,
        3.153705358505249
    ],
    [
        0.6800656914710999,
        -0.03978939354419708,
        0.7320705056190491,
        1.552186369895935,
        0.035929124802351,
        0.9991351366043091,
        0.02092806249856949,
        -0.17860805988311768,
        -0.7322702407836914,
        0.012070219963788986,
        0.6809071898460388,
        3.2539613246917725
    ],
    [
        0.6510412693023682,
        -0.04252101853489876,
        0.7578503489494324,
        1.6666967868804932,
        0.036003343760967255,
        0.9990357756614685,
        0.025124162435531616,
        -0.1838899701833725,
        -0.7581879496574402,
        0.010928277857601643,
        0.6519444584846497,
        3.3724868297576904
    ]
]