[
    [
        0.9807412028312683,
        -0.035302236676216125,
        0.1920948624610901,
        -0.029519394040107727,
        0.029022563248872757,
        0.9989514946937561,
        0.035407472401857376,
        0.03612523525953293,
        -0.19314342737197876,
        -0.02915048412978649,
        0.9807373881340027,
        0.5176352858543396
    ],
    [
        0.9670428037643433,
        -0.052712585777044296,
        0.2490975260734558,
        -0.016790973022580147,
        0.03986026346683502,
        0.9976142644882202,
        0.05636446177959442,
        0.038761984556913376,
        -0.2514743208885193,
        -0.04457775875926018,
        0.9668368101119995,
        0.6276361346244812
    ],
    [
        0.9469751715660095,
        -0.0725843757390976,
        0.31300073862075806,
        -0.008724365383386612,
        0.050011392682790756,
        0.9955743551254272,
        0.07956407964229584,
        0.04494517296552658,
        -0.3173906207084656,
        -0.05969160050153732,
        0.9464143514633179,
        0.7358633875846863
    ],
    [
        0.9243246912956238,
        -0.09212596714496613,
        0.37031978368759155,
        -0.0022225254215300083,
        0.05602473393082619,
        0.9926673769950867,
        0.10711117833852768,
        0.048904918134212494,
        -0.37747207283973694,
        -0.0782584398984909,
        0.9227080941200256,
        0.8369113802909851
    ],
    [
        0.9040408134460449,
        -0.11352226883172989,
        0.4120956063270569,
        0.0083524901419878,
        0.06194602698087692,
        0.9887056946754456,
        0.13646920025348663,
        0.044153667986392975,
        -0.42293357849121094,
        -0.09784606099128723,
        0.900862455368042,
        0.9277041554450989
    ],
    [
        0.8902270197868347,
        -0.12830808758735657,
        0.43707287311553955,
        0.0205274298787117,
        0.06540536880493164,
        0.9855718612670898,
        0.15610943734645844,
        0.02288566529750824,
        -0.45079687237739563,
        -0.1103859543800354,
        0.8857749104499817,
        0.9970698356628418
    ],
    [
        0.8808434009552002,
        -0.1368650645017624,
        0.4531918168067932,
        0.028726084157824516,
        0.0671311765909195,
        0.9837347865104675,
        0.16661125421524048,
        -0.025343269109725952,
        -0.4686237871646881,
        -0.11633510142564774,
        0.875704288482666,
        1.0499969720840454
    ],
    [
        0.8760149478912354,
        -0.13973970711231232,
        0.46159571409225464,
        0.03756830468773842,
        0.06750886887311935,
        0.9832099676132202,
        0.16953077912330627,
        -0.09077765047550201,
        -0.47753575444221497,
        -0.11734969913959503,
        0.8707403540611267,
        1.0872679948806763
    ],
    [
        0.8745982050895691,
        -0.14061720669269562,
        0.46400949358940125,
        0.05001286417245865,
        0.06827959418296814,
        0.9832034707069397,
        0.16925972700119019,
        -0.17097380757331848,
        -0.4800165891647339,
        -0.1163518875837326,
        0.8695092797279358,
        1.1104985475540161
    ],
    [
        0.8746641874313354,
        -0.13909225165843964,
        0.46434468030929565,
        0.05432203412055969,
        0.06857366114854813,
        0.9838179349899292,
        0.1655290275812149,
        -0.2360917627811432,
        -0.4798544645309448,
        -0.1129404827952385,
        0.8700484037399292,
        1.1151704788208008
    ],
    [
        0.8747283220291138,
        -0.13458672165870667,
        0.4655500054359436,
        0.053692858666181564,
        0.06903625279664993,
        0.9854713082313538,
        0.15517857670783997,
        -0.2958914339542389,
        -0.47967109084129333,
        -0.10359927266836166,
        0.8713110685348511,
        1.103742241859436
    ],
    [
        0.8749774694442749,
        -0.12891173362731934,
        0.466686487197876,
        0.051079925149679184,
        0.07033246755599976,
        0.9875200986862183,
        0.14091604948043823,
        -0.35127508640289307,
        -0.47902804613113403,
        -0.0904751569032669,
        0.8731244802474976,
        1.078592300415039
    ],
    [
        0.8752850890159607,
        -0.1187630221247673,
        0.4687976539134979,
        0.05169227346777916,
        0.06981716305017471,
        0.9902538061141968,
        0.12051170319318771,
        -0.39934489130973816,
        -0.47854098677635193,
        -0.07275199145078659,
        0.8750460743904114,
        1.028882622718811
    ],
    [
        0.8755121231079102,
        -0.1103685051202774,
        0.4704224765300751,
        0.05094744265079498,
        0.06998851150274277,
        0.9922633171081543,
        0.10254359990358353,
        -0.42819905281066895,
        -0.4781005084514618,
        -0.056853998452425,
        0.8764630556106567,
        0.9712092876434326
    ],
    [
        0.8791275024414062,
        -0.1009351834654808,
        0.4657755494117737,
        0.05175405740737915,
        0.06953433901071548,
        0.9940227270126343,
        0.08416569232940674,
        -0.44844675064086914,
        -0.4714867174625397,
        -0.04160498082637787,
        0.8808912038803101,
        0.9086697101593018
    ],
    [
        0.8842568397521973,
        -0.09142608195543289,
        0.4579640328884125,
        0.04466986283659935,
        0.06827748566865921,
        0.9954215288162231,
        0.06688880175352097,
        -0.46449995040893555,
        -0.4619826674461365,
        -0.027878250926733017,
        0.8864507079124451,
        0.8426989912986755
    ],
    [
        0.8937494158744812,
        -0.07974874973297119,
        0.44142061471939087,
        0.03184632211923599,
        0.06563422083854675,
        0.996727705001831,
        0.04718228802084923,
        -0.46917909383773804,
        -0.4437388777732849,
        -0.01319684274494648,
        0.8960589170455933,
        0.7610384821891785
    ],
    [
        0.9038664698600769,
        -0.07149815559387207,
        0.4217977821826935,
        0.013897189870476723,
        0.06241518259048462,
        0.9974249601364136,
        0.035322751849889755,
        -0.4634290933609009,
        -0.423237144947052,
        -0.005600469186902046,
        0.9060016870498657,
        0.6808068752288818
    ],
    [
        0.9146232604980469,
        -0.06383636593818665,
        0.39923566579818726,
        -0.012862946838140488,
        0.05882573500275612,
        0.997960090637207,
        0.024804282933473587,
        -0.45160549879074097,
        -0.40000468492507935,
        0.0007987543358467519,
        0.9165127873420715,
        0.6032631397247314
    ],
    [
        0.9255626201629639,
        -0.056957658380270004,
        0.37428539991378784,
        -0.04958561435341835,
        0.05406852811574936,
        0.9983709454536438,
        0.01822422258555889,
        -0.4322900176048279,
        -0.3747136890888214,
        0.0033693979494273663,
        0.9271343946456909,
        0.5312706828117371
    ],
    [
        0.9375932812690735,
        -0.05093546584248543,
        0.3439832627773285,
        -0.08696725964546204,
        0.04908599704504013,
        0.9986951351165771,
        0.014088780619204044,
        -0.39553290605545044,
        -0.3442520499229431,
        0.0036752168089151382,
        0.9388699531555176,
        0.45914873480796814
    ],
    [
        0.9504565596580505,
        -0.04527535289525986,
        0.307542622089386,
        -0.11239676922559738,
        0.04398442804813385,
        0.9989702105522156,
        0.01113159954547882,
        -0.36749836802482605,
        -0.3077298700809479,
        0.0029469835571944714,
        0.9514691829681396,
        0.385073721408844
    ],
    [
        0.964360773563385,
        -0.038075435906648636,
        0.26183703541755676,
        -0.12476478517055511,
        0.03718971088528633,
        0.9992734789848328,
        0.008339042775332928,
        -0.34110942482948303,
        -0.2619643211364746,
        0.0016957984771579504,
        0.9650759696960449,
        0.3095606565475464
    ],
    [
        0.9810335636138916,
        -0.026872387155890465,
        0.19196617603302002,
        -0.1419709026813507,
        0.026120442897081375,
        0.9996380805969238,
        0.006447123363614082,
        -0.3110990524291992,
        -0.19206994771957397,
        -0.0013106029946357012,
        0.9813804030418396,
        0.24087727069854736
    ],
    [
        0.9954140186309814,
        -0.01168947946280241,
        0.09494417905807495,
        -0.17076651751995087,
        0.01125841960310936,
        0.9999236464500427,
        0.005074561107903719,
        -0.28256723284721375,
        -0.09499625116586685,
        -0.003982368391007185,
        0.9954696893692017,
        0.18420211970806122
    ]
]