[
    [
        0.9996191263198853,
        -0.0003849523782264441,
        0.027596596628427505,
        0.053273171186447144,
        0.0002686146181076765,
        0.9999910593032837,
        0.004219261929392815,
        -0.01637904904782772,
        -0.027597973123192787,
        -0.004210241604596376,
        0.9996102452278137,
        0.3295260965824127
    ],
    [
        0.9984738230705261,
        -0.00159986421931535,
        0.055204715579748154,
        0.10291443020105362,
        0.0015573658747598529,
        0.9999984502792358,
        0.0008128585759550333,
        -0.016342565417289734,
        -0.05520593002438545,
        -0.0007256445242092013,
        0.9984747767448425,
        0.4574711322784424
    ],
    [
        0.9975923299789429,
        -0.0022917971946299076,
        0.06931338459253311,
        0.15756869316101074,
        0.0021444186568260193,
        0.999995231628418,
        0.0022005941718816757,
        -0.02610957622528076,
        -0.06931810826063156,
        -0.002046658657491207,
        0.9975925087928772,
        0.5828700661659241
    ],
    [
        0.9975170493125916,
        -0.002434186637401581,
        0.07038339972496033,
        0.2251042276620865,
        0.0022131362929940224,
        0.9999924302101135,
        0.0032184605952352285,
        -0.03172360360622406,
        -0.07039068639278412,
        -0.003054700791835785,
        0.9975148439407349,
        0.6933194398880005
    ],
    [
        0.9974668025970459,
        0.001105273375287652,
        0.07112520188093185,
        0.2954101264476776,
        -0.0016598246293142438,
        0.9999686479568481,
        0.007738207001239061,
        -0.0541485995054245,
        -0.0711144283413887,
        -0.007836658507585526,
        0.9974373579025269,
        0.8599441051483154
    ],
    [
        0.9973313212394714,
        0.003248780034482479,
        0.07293608784675598,
        0.33494195342063904,
        -0.003732407698407769,
        0.9999719858169556,
        0.006495527923107147,
        -0.06130436807870865,
        -0.07291293889284134,
        -0.006750420201569796,
        0.9973154664039612,
        0.9939958453178406
    ],
    [
        0.997247040271759,
        0.007174562197178602,
        0.07380370795726776,
        0.3647193908691406,
        -0.007722340989857912,
        0.9999446868896484,
        0.007139421068131924,
        -0.07698050141334534,
        -0.0737484022974968,
        -0.0076897041872143745,
        0.9972473382949829,
        1.1607611179351807
    ],
    [
        0.997915506362915,
        0.004788562189787626,
        0.06435645371675491,
        0.4083574414253235,
        -0.005114635918289423,
        0.9999749660491943,
        0.004902898799628019,
        -0.08864875882863998,
        -0.06433135271072388,
        -0.005221839994192123,
        0.9979149103164673,
        1.2966970205307007
    ],
    [
        0.9984356760978699,
        0.00035514915362000465,
        0.055912237614393234,
        0.4471489191055298,
        -0.0004671467759180814,
        0.9999979138374329,
        0.001990042394027114,
        -0.09845983982086182,
        -0.055911414325237274,
        -0.0020130500197410583,
        0.9984336495399475,
        1.4247406721115112
    ],
    [
        0.9983966946601868,
        -0.0024610937107354403,
        0.05655081570148468,
        0.46217870712280273,
        0.002369346795603633,
        0.9999958276748657,
        0.0016893657157197595,
        -0.11298654973506927,
        -0.05655473470687866,
        -0.0015526668867096305,
        0.9983982443809509,
        1.5935852527618408
    ],
    [
        0.9983782768249512,
        -0.004005404654890299,
        0.056787922978401184,
        0.472182035446167,
        0.0038278528954833746,
        0.9999874830245972,
        0.0032350048422813416,
        -0.12860287725925446,
        -0.05680016428232193,
        -0.0030123807955533266,
        0.9983809590339661,
        1.7307648658752441
    ],
    [
        0.9988831281661987,
        -0.0038068878930062056,
        0.04709647595882416,
        0.5094035863876343,
        0.0036168501246720552,
        0.9999850392341614,
        0.0041196104139089584,
        -0.13910743594169617,
        -0.047111447900533676,
        -0.003944667987525463,
        0.9988818168640137,
        1.8731985092163086
    ],
    [
        0.9993447065353394,
        -0.0018680441426113248,
        0.03614632412791252,
        0.5425119400024414,
        0.0016495247837156057,
        0.9999801516532898,
        0.006074287462979555,
        -0.15542781352996826,
        -0.03615695983171463,
        -0.006010681390762329,
        0.9993279576301575,
        2.013334035873413
    ],
    [
        0.9995559453964233,
        0.00028155077598057687,
        0.029796533286571503,
        0.5593380331993103,
        -0.00047587728477083147,
        0.9999786615371704,
        0.006514884531497955,
        -0.1674276441335678,
        -0.02979406528174877,
        -0.006526170298457146,
        0.9995347857475281,
        2.1557350158691406
    ],
    [
        0.9995718598365784,
        0.0014060393441468477,
        0.029227256774902344,
        0.5761346817016602,
        -0.001608896884135902,
        0.9999748468399048,
        0.006918347906321287,
        -0.18841136991977692,
        -0.029216792434453964,
        -0.006962410174310207,
        0.9995489120483398,
        2.3108632564544678
    ],
    [
        0.9995067715644836,
        0.002740276977419853,
        0.03128252550959587,
        0.6078125238418579,
        -0.0029051017481833696,
        0.9999821186065674,
        0.005224674474447966,
        -0.20085997879505157,
        -0.031267646700143814,
        -0.005312977824360132,
        0.9994969964027405,
        2.453630208969116
    ],
    [
        0.9992543458938599,
        0.0034366813488304615,
        0.038457851856946945,
        0.6383455395698547,
        -0.0035965146962553263,
        0.9999852180480957,
        0.0040876371785998344,
        -0.219580739736557,
        -0.03844323381781578,
        -0.004222904331982136,
        0.9992519617080688,
        2.606999158859253
    ],
    [
        0.9987179040908813,
        0.0018486252520233393,
        0.05058678984642029,
        0.6486510038375854,
        -0.001956214429810643,
        0.9999959468841553,
        0.0020773850847035646,
        -0.23297825455665588,
        -0.05058274045586586,
        -0.0021736810449510813,
        0.9987175464630127,
        2.7636399269104004
    ],
    [
        0.9979305267333984,
        -0.0001103976828744635,
        0.06430133432149887,
        0.6609341502189636,
        -4.825762880500406e-05,
        0.9999970197677612,
        0.002465819474309683,
        -0.25356730818748474,
        -0.06430141627788544,
        -0.0024638192262500525,
        0.9979274272918701,
        2.9216418266296387
    ],
    [
        0.9974411129951477,
        -0.002824867842718959,
        0.07143770158290863,
        0.6977348923683167,
        0.002538960427045822,
        0.9999883770942688,
        0.004092689137905836,
        -0.26250165700912476,
        -0.0714484453201294,
        -0.0039008380845189095,
        0.9974366426467896,
        3.075673818588257
    ],
    [
        0.9968544840812683,
        -0.004111072048544884,
        0.07914622873067856,
        0.7193283438682556,
        0.0034343034494668245,
        0.9999563694000244,
        0.008685095235705376,
        -0.2806485891342163,
        -0.07917848974466324,
        -0.008385964669287205,
        0.9968251585960388,
        3.205744504928589
    ],
    [
        0.9957759380340576,
        -0.0034469030797481537,
        0.09175161272287369,
        0.7219724059104919,
        0.0027464379090815783,
        0.9999662041664124,
        0.007759529631584883,
        -0.2945283055305481,
        -0.09177525341510773,
        -0.007474762853235006,
        0.9957516193389893,
        3.3919880390167236
    ],
    [
        0.9953271746635437,
        -0.0021523733157664537,
        0.09653688967227936,
        0.737106204032898,
        0.0015161725459620357,
        0.9999767541885376,
        0.00666310777887702,
        -0.3145306408405304,
        -0.09654896706342697,
        -0.0064856079407036304,
        0.995307207107544,
        3.5264110565185547
    ],
    [
        0.9956241846084595,
        -0.0019497080938890576,
        0.09342785179615021,
        0.7843773365020752,
        0.0016352626262232661,
        0.9999927282333374,
        0.003442085348069668,
        -0.31998392939567566,
        -0.09343387931585312,
        -0.003274244023486972,
        0.99562007188797,
        3.6520535945892334
    ],
    [
        0.9954814314842224,
        -0.0023880796507000923,
        0.09492656588554382,
        0.8199358582496643,
        0.002076739212498069,
        0.9999921321868896,
        0.003378462279215455,
        -0.3328548073768616,
        -0.0949338749051094,
        -0.0031660578679293394,
        0.9954783916473389,
        3.774214267730713
    ]
]