[
    [
        0.9998660087585449,
        0.0009998447494581342,
        0.01633853279054165,
        -0.01242312416434288,
        -0.0010337413987144828,
        0.9999973773956299,
        0.002066316083073616,
        -0.010368513874709606,
        -0.01633642241358757,
        -0.002082929015159607,
        0.9998643398284912,
        -0.25108838081359863
    ],
    [
        0.9998064041137695,
        0.0009571293485350907,
        0.019655652344226837,
        -0.015826623886823654,
        -0.001008044695481658,
        0.9999961256980896,
        0.0025806380435824394,
        -0.010595729574561119,
        -0.01965310610830784,
        -0.002599952043965459,
        0.9998034834861755,
        -0.2810596227645874
    ],
    [
        0.999715268611908,
        0.0012297049397602677,
        0.023832062259316444,
        -0.02018226683139801,
        -0.0013014022260904312,
        0.9999946355819702,
        0.002993154339492321,
        -0.008591124787926674,
        -0.023828255012631416,
        -0.00302331754937768,
        0.9997114539146423,
        -0.32158854603767395
    ],
    [
        0.9996597766876221,
        0.0015123316552489996,
        0.026037069037556648,
        -0.025452710688114166,
        -0.0015988541999831796,
        0.9999932646751404,
        0.003302543656900525,
        -0.006055454723536968,
        -0.026031896471977234,
        -0.0033430499024689198,
        0.9996554851531982,
        -0.364041268825531
    ],
    [
        0.9995781183242798,
        0.0016939517809078097,
        0.02899676002562046,
        -0.03173951432108879,
        -0.0017954153008759022,
        0.9999924302101135,
        0.0034734460059553385,
        -0.005364123731851578,
        -0.02899065427482128,
        -0.00352404173463583,
        0.9995734095573425,
        -0.4085177481174469
    ],
    [
        0.9995324611663818,
        0.0017993805231526494,
        0.030522072687745094,
        -0.03506246581673622,
        -0.0019142646342515945,
        0.9999911785125732,
        0.003735146950930357,
        -0.006213729735463858,
        -0.03051508404314518,
        -0.003791827941313386,
        0.999527096748352,
        -0.4416934847831726
    ],
    [
        0.9994633793830872,
        0.0017003987450152636,
        0.03270995616912842,
        -0.0393659807741642,
        -0.00183765625115484,
        0.9999896883964539,
        0.004166587721556425,
        -0.007893530651926994,
        -0.03270253539085388,
        -0.00422446196898818,
        0.9994561076164246,
        -0.4845181703567505
    ],
    [
        0.9993550181388855,
        0.001660419162362814,
        0.03587188199162483,
        -0.04208565503358841,
        -0.0018276110058650374,
        0.9999876618385315,
        0.0046285176649689674,
        -0.007471521385014057,
        -0.03586375340819359,
        -0.004691093694418669,
        0.9993457198143005,
        -0.5273516774177551
    ],
    [
        0.9993352293968201,
        0.00102093699388206,
        0.03644438832998276,
        -0.04618999361991882,
        -0.0012314212508499622,
        0.9999827146530151,
        0.00575350783765316,
        -0.0040264190174639225,
        -0.03643788397312164,
        -0.005794561002403498,
        0.9993190765380859,
        -0.5724759697914124
    ],
    [
        0.9992213845252991,
        0.0006150336121208966,
        0.0394519567489624,
        -0.04952601343393326,
        -0.0008256143191829324,
        0.9999854564666748,
        0.005321596749126911,
        -0.002189687918871641,
        -0.03944810852408409,
        -0.005350025836378336,
        0.9992073178291321,
        -0.6211958527565002
    ],
    [
        0.9991649389266968,
        0.0001669168268563226,
        0.040857020765542984,
        -0.05392779782414436,
        -0.00039303404628299177,
        0.999984622001648,
        0.005526381079107523,
        -0.0038879169151186943,
        -0.040855467319488525,
        -0.005537825636565685,
        0.9991496801376343,
        -0.6584784984588623
    ],
    [
        0.9991055130958557,
        -0.00016555210459046066,
        0.042287617921829224,
        -0.0607895702123642,
        -6.803210999350995e-05,
        0.9999847412109375,
        0.005522201303392649,
        -0.007438740227371454,
        -0.04228788986802101,
        -0.005520138423889875,
        0.999090313911438,
        -0.7074044346809387
    ],
    [
        0.9989706873893738,
        -0.000505318574141711,
        0.04535825178027153,
        -0.06976999342441559,
        0.0002343124069739133,
        0.9999820590019226,
        0.005979897920042276,
        -0.009645763784646988,
        -0.045360464602708817,
        -0.005963114555925131,
        0.9989528656005859,
        -0.7541295289993286
    ],
    [
        0.9989846348762512,
        -0.0003251406305935234,
        0.04505195468664169,
        -0.0806126743555069,
        3.924643897335045e-05,
        0.9999798536300659,
        0.006346626207232475,
        -0.0092410147190094,
        -0.045053109526634216,
        -0.006338414270430803,
        0.9989645481109619,
        -0.8012416362762451
    ],
    [
        0.9990072846412659,
        -0.0005595185211859643,
        0.044542454183101654,
        -0.09470880776643753,
        0.00027359346859157085,
        0.9999793171882629,
        0.0064249830320477486,
        -0.008212221786379814,
        -0.04454512521624565,
        -0.006406418513506651,
        0.9989867806434631,
        -0.851642370223999
    ],
    [
        0.9989965558052063,
        -0.000362204882549122,
        0.04478581249713898,
        -0.10497767478227615,
        7.71151389926672e-05,
        0.9999797344207764,
        0.006367193069308996,
        -0.009347798302769661,
        -0.0447872094810009,
        -0.0063573503866791725,
        0.9989763498306274,
        -0.8900132179260254
    ],
    [
        0.9990031123161316,
        -0.00022817787248641253,
        0.044638749212026596,
        -0.11719363182783127,
        -6.483392644440755e-05,
        0.9999784827232361,
        0.006562511436641216,
        -0.012381541542708874,
        -0.04463928937911987,
        -0.006558863911777735,
        0.9989815354347229,
        -0.940807044506073
    ],
    [
        0.998962938785553,
        -0.0002442350669298321,
        0.045530445873737335,
        -0.12792381644248962,
        -6.316899816738442e-05,
        0.999977171421051,
        0.00675005279481411,
        -0.013836503028869629,
        -0.045531053096055984,
        -0.006745929829776287,
        0.9989400506019592,
        -0.9900546669960022
    ],
    [
        0.9989752173423767,
        -0.00033942333539016545,
        0.04526025429368019,
        -0.13645604252815247,
        8.56263159221271e-06,
        0.9999732375144958,
        0.007310167886316776,
        -0.012257595546543598,
        -0.045261528342962265,
        -0.007302288431674242,
        0.9989484548568726,
        -1.039762020111084
    ],
    [
        0.9989123344421387,
        -0.0003511452814564109,
        0.04662667587399483,
        -0.14553935825824738,
        -3.025290652658441e-06,
        0.9999711513519287,
        0.007595582399517298,
        -0.009576497599482536,
        -0.04662800207734108,
        -0.007587462197989225,
        0.9988833665847778,
        -1.0904902219772339
    ],
    [
        0.9989724159240723,
        -0.0005069835460744798,
        0.04531964659690857,
        -0.1511368602514267,
        0.00018361455295234919,
        0.9999744892120361,
        0.007139160763472319,
        -0.009603844955563545,
        -0.04532210901379585,
        -0.0071235038340091705,
        0.998947024345398,
        -1.1306145191192627
    ],
    [
        0.9989185929298401,
        -0.0007835944998078048,
        0.046486563980579376,
        -0.16026367247104645,
        0.0004483754455577582,
        0.9999738931655884,
        0.007221071980893612,
        -0.012399480678141117,
        -0.04649100452661514,
        -0.007192419376224279,
        0.9988927245140076,
        -1.1824952363967896
    ],
    [
        0.9989311099052429,
        -0.001194474520161748,
        0.04620993882417679,
        -0.17022064328193665,
        0.0008588297059759498,
        0.9999731183052063,
        0.007282640319317579,
        -0.016634903848171234,
        -0.04621739685535431,
        -0.007235169410705566,
        0.9989051818847656,
        -1.2310305833816528
    ],
    [
        0.9989213943481445,
        -0.001274764770641923,
        0.04641609638929367,
        -0.18156741559505463,
        0.0009321632096543908,
        0.9999722242355347,
        0.0074019948951900005,
        -0.017454426735639572,
        -0.046424251049757004,
        -0.0073507437482476234,
        0.9988948106765747,
        -1.27802574634552
    ],
    [
        0.998935878276825,
        -0.0011637788265943527,
        0.046105772256851196,
        -0.19447185099124908,
        0.00080296111991629,
        0.999968945980072,
        0.007843620143830776,
        -0.01594480685889721,
        -0.04611345753073692,
        -0.007798252161592245,
        0.9989057779312134,
        -1.3264788389205933
    ]
]