[
    [
        0.6578108668327332,
        0.06656022369861603,
        -0.7502365112304688,
        0.5892759561538696,
        -0.12408041954040527,
        0.9920545816421509,
        -0.020780229941010475,
        0.28977441787719727,
        0.7428922653198242,
        0.10675911605358124,
        0.6608430743217468,
        0.3276252746582031
    ],
    [
        0.5756507515907288,
        0.07313968241214752,
        -0.8144180178642273,
        0.42125481367111206,
        -0.13585731387138367,
        0.9907032251358032,
        -0.00705614173784852,
        0.2631315290927887,
        0.8063305616378784,
        0.11470650881528854,
        0.5802357196807861,
        0.36520376801490784
    ],
    [
        0.5122250914573669,
        0.07768423855304718,
        -0.8553306460380554,
        0.23763936758041382,
        -0.1432156264781952,
        0.9896829724311829,
        0.004120181780308485,
        0.22878596186637878,
        0.8468263149261475,
        0.1203862652182579,
        0.5180660486221313,
        0.40950557589530945
    ],
    [
        0.44971439242362976,
        0.07842070609331131,
        -0.8897230625152588,
        0.06575494259595871,
        -0.14981205761432648,
        0.9886484742164612,
        0.011416911147534847,
        0.19052644073963165,
        0.8805187940597534,
        0.1281569004058838,
        0.45635783672332764,
        0.4374054968357086
    ],
    [
        0.3965471088886261,
        0.07381339371204376,
        -0.915041983127594,
        -0.09481766819953918,
        -0.15504176914691925,
        0.98782879114151,
        0.012495206668972969,
        0.16065527498722076,
        0.9048272967338562,
        0.13691480457782745,
        0.4031648337841034,
        0.46101847290992737
    ],
    [
        0.33831489086151123,
        0.07457426190376282,
        -0.9380733966827393,
        -0.24615563452243805,
        -0.15945200622081757,
        0.9869831800460815,
        0.020956313237547874,
        0.1582423597574234,
        0.9274255037307739,
        0.14248783886432648,
        0.3458021581172943,
        0.4937288165092468
    ],
    [
        0.28195762634277344,
        0.07043629884719849,
        -0.9568378329277039,
        -0.3769312798976898,
        -0.1631643921136856,
        0.9862940907478333,
        0.024523962289094925,
        0.1950223594903946,
        0.9454508423805237,
        0.14920714497566223,
        0.28958579897880554,
        0.5281257629394531
    ],
    [
        0.23877550661563873,
        0.06950410455465317,
        -0.9685842394828796,
        -0.47184985876083374,
        -0.16596969962120056,
        0.9856799840927124,
        0.029815999791026115,
        0.24337206780910492,
        0.9567864537239075,
        0.15363630652427673,
        0.2468918114900589,
        0.5259220004081726
    ],
    [
        0.19503235816955566,
        0.06680949032306671,
        -0.9785187244415283,
        -0.5633776187896729,
        -0.16823485493659973,
        0.985169529914856,
        0.03373205289244652,
        0.3064378798007965,
        0.966260552406311,
        0.1580420881509781,
        0.20337964594364166,
        0.5092034935951233
    ],
    [
        0.13444912433624268,
        0.06850650161504745,
        -0.988549530506134,
        -0.6755568385124207,
        -0.17074012756347656,
        0.9842884540557861,
        0.0449894443154335,
        0.3807021677494049,
        0.976099967956543,
        0.16273629665374756,
        0.1440335512161255,
        0.480078786611557
    ],
    [
        0.05962805077433586,
        0.06757395714521408,
        -0.9959308505058289,
        -0.8000736832618713,
        -0.17178593575954437,
        0.9835158586502075,
        0.05644647777080536,
        0.4252118468284607,
        0.9833281636238098,
        0.16772113740444183,
        0.07025337964296341,
        0.4345186650753021
    ],
    [
        -0.040080565959215164,
        0.06992685049772263,
        -0.9967465400695801,
        -0.9131086468696594,
        -0.17273752391338348,
        0.9820436835289001,
        0.07584138214588165,
        0.4548954665660858,
        0.98415207862854,
        0.17521528899669647,
        -0.027281872928142548,
        0.3599013388156891
    ],
    [
        -0.25100383162498474,
        0.06701778620481491,
        -0.9656633138656616,
        -1.1113098859786987,
        -0.1695946902036667,
        0.9791249632835388,
        0.11203460395336151,
        0.48623719811439514,
        0.9530134201049805,
        0.19189248979091644,
        -0.23439829051494598,
        0.20707565546035767
    ],
    [
        -0.3651178181171417,
        0.06867445260286331,
        -0.9284249544143677,
        -1.28725004196167,
        -0.16302354633808136,
        0.9771494269371033,
        0.13639016449451447,
        0.5094951391220093,
        0.9165764451026917,
        0.20115360617637634,
        -0.3455791473388672,
        0.10831959545612335
    ],
    [
        -0.4828236997127533,
        0.06123245507478714,
        -0.8735742568969727,
        -1.481980800628662,
        -0.1541847139596939,
        0.9760248064994812,
        0.15363138914108276,
        0.5189787149429321,
        0.8620373606681824,
        0.20886865258216858,
        -0.4618067741394043,
        0.06094792112708092
    ],
    [
        -0.5946192741394043,
        0.05661226063966751,
        -0.8020117878913879,
        -1.6748719215393066,
        -0.14198434352874756,
        0.9744465351104736,
        0.17405259609222412,
        0.5246284008026123,
        0.7913712859153748,
        0.21736818552017212,
        -0.5713865756988525,
        -0.008499637246131897
    ],
    [
        -0.6493698358535767,
        0.05517539381980896,
        -0.758468747138977,
        -1.8770962953567505,
        -0.13496653735637665,
        0.9731695652008057,
        0.1863468587398529,
        0.5168145895004272,
        0.7484002709388733,
        0.22337591648101807,
        -0.6244999170303345,
        -0.12331449240446091
    ],
    [
        -0.678220272064209,
        0.05464296042919159,
        -0.7328241467475891,
        -2.0555622577667236,
        -0.13111259043216705,
        0.9722328186035156,
        0.19383759796619415,
        0.4909587502479553,
        0.723067581653595,
        0.2275470644235611,
        -0.6522235870361328,
        -0.2746310234069824
    ],
    [
        -0.6961666345596313,
        0.05231694132089615,
        -0.7159714102745056,
        -2.2076966762542725,
        -0.12877754867076874,
        0.972061812877655,
        0.1962452232837677,
        0.46448463201522827,
        0.7062353491783142,
        0.22882036864757538,
        -0.6699797511100769,
        -0.4165230989456177
    ],
    [
        -0.7052599191665649,
        0.05063702538609505,
        -0.7071383595466614,
        -2.374687910079956,
        -0.12692883610725403,
        0.9723104238510132,
        0.19621725380420685,
        0.43947550654411316,
        0.6974937915802002,
        0.22814036905765533,
        -0.6793042421340942,
        -0.5682730674743652
    ],
    [
        -0.7101719975471497,
        0.052597712725400925,
        -0.7020605206489563,
        -2.543574810028076,
        -0.12587685883045197,
        0.9716504216194153,
        0.20012636482715607,
        0.3924829661846161,
        0.6926835179328918,
        0.230497345328331,
        -0.683418333530426,
        -0.7328592538833618
    ],
    [
        -0.7111340761184692,
        0.05095183104276657,
        -0.7012079358100891,
        -2.6806840896606445,
        -0.12644043564796448,
        0.9718398451805115,
        0.19884705543518066,
        0.35700780153274536,
        0.6915932297706604,
        0.23006795346736908,
        -0.6846656799316406,
        -0.890041708946228
    ],
    [
        -0.7098963856697083,
        0.05115586146712303,
        -0.702445924282074,
        -2.7842612266540527,
        -0.127638041973114,
        0.9714998006820679,
        0.19974161684513092,
        0.3699314594268799,
        0.692643940448761,
        0.23145467042922974,
        -0.6831347942352295,
        -1.0741302967071533
    ],
    [
        -0.6986671090126038,
        0.05012904480099678,
        -0.7136887311935425,
        -2.8729958534240723,
        -0.13130739331245422,
        0.9716134667396545,
        0.19678913056850433,
        0.3750836253166199,
        0.7032942175865173,
        0.23120266199111938,
        -0.6722519397735596,
        -1.2716437578201294
    ],
    [
        -0.6585878133773804,
        0.0547826811671257,
        -0.7505071759223938,
        -2.9892473220825195,
        -0.13638323545455933,
        0.9721397161483765,
        0.1906401813030243,
        0.4124995172023773,
        0.7400416731834412,
        0.2279098927974701,
        -0.6327681541442871,
        -1.3809242248535156
    ]
]