[
    [
        0.9825679063796997,
        0.05988968908786774,
        -0.1759929060935974,
        -0.46687692403793335,
        -0.0824882909655571,
        0.9888436198234558,
        -0.12403232604265213,
        -0.13215422630310059,
        0.16660122573375702,
        0.13638754189014435,
        0.9765461683273315,
        -0.16216830909252167
    ],
    [
        0.9816386103630066,
        0.06016362085938454,
        -0.1810135692358017,
        -0.4696387052536011,
        -0.08384320884943008,
        0.9884621500968933,
        -0.12614676356315613,
        -0.13234710693359375,
        0.1713356077671051,
        0.1390073001384735,
        0.975356936454773,
        -0.16286782920360565
    ],
    [
        0.9804460406303406,
        0.0604945607483387,
        -0.1872587502002716,
        -0.4722178280353546,
        -0.08544459939002991,
        0.9880643486976624,
        -0.12817180156707764,
        -0.1326775997877121,
        0.17727002501487732,
        0.14166580140590668,
        0.97391277551651,
        -0.16352367401123047
    ],
    [
        0.9791919589042664,
        0.06086193025112152,
        -0.19359451532363892,
        -0.47484058141708374,
        -0.08714494854211807,
        0.9876397848129272,
        -0.13028249144554138,
        -0.13254529237747192,
        0.18327239155769348,
        0.1444423645734787,
        0.9723926782608032,
        -0.1641106903553009
    ],
    [
        0.9779597520828247,
        0.061271727085113525,
        -0.19960066676139832,
        -0.4778110682964325,
        -0.08884889632463455,
        0.987223207950592,
        -0.13227294385433197,
        -0.13275988399982452,
        0.18894584476947784,
        0.14709191024303436,
        0.970908522605896,
        -0.164804607629776
    ],
    [
        0.9766762256622314,
        0.06152116507291794,
        -0.20571503043174744,
        -0.4804707169532776,
        -0.09047138690948486,
        0.9867852330207825,
        -0.13442420959472656,
        -0.13312239944934845,
        0.1947266310453415,
        0.14990024268627167,
        0.9693356156349182,
        -0.165578693151474
    ],
    [
        0.9753167033195496,
        0.06167585030198097,
        -0.2120223045349121,
        -0.4830542504787445,
        -0.09208495914936066,
        0.9863258004188538,
        -0.136681467294693,
        -0.13330426812171936,
        0.20069311559200287,
        0.1528317928314209,
        0.9676594734191895,
        -0.1663796454668045
    ],
    [
        0.973917543888092,
        0.061878103762865067,
        -0.21830180287361145,
        -0.48580414056777954,
        -0.09378421306610107,
        0.9858468174934387,
        -0.13896246254444122,
        -0.13323943316936493,
        0.20661339163780212,
        0.15581125020980835,
        0.9659367203712463,
        -0.16717226803302765
    ],
    [
        0.9725272059440613,
        0.06200309470295906,
        -0.22437991201877594,
        -0.48847243189811707,
        -0.09534291177988052,
        0.9854161739349365,
        -0.14094282686710358,
        -0.1332806497812271,
        0.2123686820268631,
        0.15846377611160278,
        0.9642554521560669,
        -0.16792066395282745
    ],
    [
        0.9710694551467896,
        0.062341704964637756,
        -0.23051629960536957,
        -0.49108630418777466,
        -0.09702465683221817,
        0.985053539276123,
        -0.14232292771339417,
        -0.13381022214889526,
        0.21819821000099182,
        0.16057121753692627,
        0.9626040458679199,
        -0.16892209649085999
    ],
    [
        0.9697077870368958,
        0.06251104176044464,
        -0.23613373935222626,
        -0.4938851594924927,
        -0.09856559336185455,
        0.9846407771110535,
        -0.1441085785627365,
        -0.13377134501934052,
        0.22349853813648224,
        0.1630178987979889,
        0.9609752893447876,
        -0.16977344453334808
    ],
    [
        0.9682284593582153,
        0.06265430152416229,
        -0.24209120869636536,
        -0.4967914819717407,
        -0.10015195608139038,
        0.9842273592948914,
        -0.14582887291908264,
        -0.13423912227153778,
        0.22913597524166107,
        0.16544155776500702,
        0.9592318534851074,
        -0.1706615537405014
    ],
    [
        0.9666194915771484,
        0.06246429309248924,
        -0.24848541617393494,
        -0.4995865225791931,
        -0.10167840868234634,
        0.9837092161178589,
        -0.14824864268302917,
        -0.13383446633815765,
        0.2351771593093872,
        0.16856564581394196,
        0.9572237133979797,
        -0.17150160670280457
    ],
    [
        0.964961051940918,
        0.06243012845516205,
        -0.2548580467700958,
        -0.5026088953018188,
        -0.10332908481359482,
        0.9832130670547485,
        -0.1503833830356598,
        -0.1340159922838211,
        0.2411913424730301,
        0.17144834995269775,
        0.9552131295204163,
        -0.17242757976055145
    ],
    [
        0.9632170796394348,
        0.06234204024076462,
        -0.2613934278488159,
        -0.5056679844856262,
        -0.10496938228607178,
        0.9827245473861694,
        -0.15242630243301392,
        -0.13415496051311493,
        0.24737516045570374,
        0.17425791919231415,
        0.9531210660934448,
        -0.17346937954425812
    ],
    [
        0.9614114165306091,
        0.06225406005978584,
        -0.26797884702682495,
        -0.5084593296051025,
        -0.10660036653280258,
        0.9822636246681213,
        -0.15425434708595276,
        -0.13431380689144135,
        0.25362294912338257,
        0.1768685281276703,
        0.9509957432746887,
        -0.17444469034671783
    ],
    [
        0.9596511721611023,
        0.0622066855430603,
        -0.27422598004341125,
        -0.5111041069030762,
        -0.10816168040037155,
        0.9818515777587891,
        -0.155783012509346,
        -0.13465751707553864,
        0.2595584988594055,
        0.17915810644626617,
        0.9489635229110718,
        -0.17544490098953247
    ],
    [
        0.9578002095222473,
        0.062049783766269684,
        -0.2806575298309326,
        -0.5138420462608337,
        -0.10979457944631577,
        0.9813593626022339,
        -0.15773001313209534,
        -0.1349300593137741,
        0.2656387984752655,
        0.18188850581645966,
        0.9467589259147644,
        -0.176645427942276
    ],
    [
        0.9559692144393921,
        0.06168874725699425,
        -0.28690996766090393,
        -0.5164617300033569,
        -0.11130821704864502,
        0.9808236956596375,
        -0.15998560190200806,
        -0.1347542256116867,
        0.27153876423835754,
        0.18487675487995148,
        0.9445037245750427,
        -0.17763948440551758
    ],
    [
        0.9541182518005371,
        0.06120840832591057,
        -0.2931070029735565,
        -0.5191202759742737,
        -0.11272760480642319,
        0.9802913069725037,
        -0.16223908960819244,
        -0.13482782244682312,
        0.27739986777305603,
        0.18783654272556305,
        0.9422138333320618,
        -0.17878057062625885
    ],
    [
        0.9521165490150452,
        0.060730814933776855,
        -0.29964277148246765,
        -0.5213336944580078,
        -0.11421183496713638,
        0.9797707796096802,
        -0.1643313318490982,
        -0.1349087357521057,
        0.283601313829422,
        0.19068534672260284,
        0.9397920966148376,
        -0.18006299436092377
    ],
    [
        0.9502257704734802,
        0.060268960893154144,
        -0.30567747354507446,
        -0.5241824388504028,
        -0.11563020944595337,
        0.9792601466178894,
        -0.16637080907821655,
        -0.13479125499725342,
        0.2893107235431671,
        0.19343537092208862,
        0.9374870657920837,
        -0.18104104697704315
    ],
    [
        0.948258638381958,
        0.059777699410915375,
        -0.31182074546813965,
        -0.5266417264938354,
        -0.1170131042599678,
        0.9787827730178833,
        -0.1682034283876419,
        -0.13503310084342957,
        0.29514995217323303,
        0.19598747789859772,
        0.9351338744163513,
        -0.18237924575805664
    ],
    [
        0.9463424682617188,
        0.05919128656387329,
        -0.3176983594894409,
        -0.5287818312644958,
        -0.11827791482210159,
        0.9783118367195129,
        -0.17004767060279846,
        -0.13520212471485138,
        0.3007427155971527,
        0.19850005209445953,
        0.9328190684318542,
        -0.1837470978498459
    ],
    [
        0.9443469643592834,
        0.05868665128946304,
        -0.32367369532585144,
        -0.5310795903205872,
        -0.11970770359039307,
        0.977802038192749,
        -0.171968474984169,
        -0.13521668314933777,
        0.3063965439796448,
        0.20114415884017944,
        0.9304096698760986,
        -0.18492470681667328
    ]
]