[
    [
        0.9653679728507996,
        0.07091569155454636,
        -0.2510690987110138,
        -0.08139624446630478,
        -0.09351733326911926,
        0.9924584031105042,
        -0.07925216108560562,
        -0.19036804139614105,
        0.24355541169643402,
        0.09998681396245956,
        0.9647192358970642,
        0.1143699437379837
    ],
    [
        0.9635880589485168,
        0.07234390825033188,
        -0.25741878151893616,
        -0.08033637702465057,
        -0.09601230174303055,
        0.9921131134033203,
        -0.08058065921068192,
        -0.1949678659439087,
        0.24955902993679047,
        0.10236193984746933,
        0.9629341959953308,
        0.11845550686120987
    ],
    [
        0.961785614490509,
        0.07422834634780884,
        -0.2635498344898224,
        -0.07942250370979309,
        -0.09904538840055466,
        0.9916865229606628,
        -0.08214451372623444,
        -0.19917353987693787,
        0.2552614212036133,
        0.10510881245136261,
        0.9611418843269348,
        0.12277393788099289
    ],
    [
        0.9599475264549255,
        0.07567533850669861,
        -0.26976659893989563,
        -0.07868776470422745,
        -0.10168933868408203,
        0.9912822246551514,
        -0.08377916365861893,
        -0.20367924869060516,
        0.2610747814178467,
        0.10785598307847977,
        0.9592742919921875,
        0.12638527154922485
    ],
    [
        0.958059549331665,
        0.07722382247447968,
        -0.2759677469730377,
        -0.07758165150880814,
        -0.10439637303352356,
        0.9908841252326965,
        -0.08514798432588577,
        -0.20814591646194458,
        0.26687657833099365,
        0.11038688570261002,
        0.9573879241943359,
        0.132033109664917
    ],
    [
        0.9561342597007751,
        0.07812537997961044,
        -0.2823185920715332,
        -0.0762471929192543,
        -0.10660217702388763,
        0.9904939532279968,
        -0.0869346410036087,
        -0.2134607881307602,
        0.27284303307533264,
        0.11321696639060974,
        0.9553735852241516,
        0.13655781745910645
    ],
    [
        0.9541352391242981,
        0.07920227199792862,
        -0.28870895504951477,
        -0.07456771284341812,
        -0.1090071052312851,
        0.9900810122489929,
        -0.08863890916109085,
        -0.21750088036060333,
        0.2788248658180237,
        0.11604483425617218,
        0.9533049464225769,
        0.14213937520980835
    ],
    [
        0.9521799087524414,
        0.08042841404676437,
        -0.2947620749473572,
        -0.0736214816570282,
        -0.11164414137601852,
        0.9896073341369629,
        -0.09062483161687851,
        -0.22176267206668854,
        0.28440991044044495,
        0.11919960379600525,
        0.9512636065483093,
        0.1474207490682602
    ],
    [
        0.9501537680625916,
        0.0813818871974945,
        -0.30097317695617676,
        -0.07203256338834763,
        -0.11398131400346756,
        0.9891802668571472,
        -0.09236180782318115,
        -0.22643034160137177,
        0.2902001142501831,
        0.12206322699785233,
        0.9491493701934814,
        0.15296624600887299
    ],
    [
        0.948117733001709,
        0.08222641795873642,
        -0.3071017861366272,
        -0.07051132619380951,
        -0.11627771705389023,
        0.9887346625328064,
        -0.09425169229507446,
        -0.23125451803207397,
        0.2958921790122986,
        0.12507079541683197,
        0.9469979405403137,
        0.15954211354255676
    ],
    [
        0.9460916519165039,
        0.08293351531028748,
        -0.31310155987739563,
        -0.06900661438703537,
        -0.11851036548614502,
        0.9882691502571106,
        -0.09632988274097443,
        -0.23606346547603607,
        0.30143964290618896,
        0.12824267148971558,
        0.9448217153549194,
        0.16400040686130524
    ],
    [
        0.9440923929214478,
        0.08374384045600891,
        -0.31886759400367737,
        -0.06808710098266602,
        -0.12080690264701843,
        0.9878012537956238,
        -0.09825582802295685,
        -0.24047209322452545,
        0.30674949288368225,
        0.13128399848937988,
        0.9426925182342529,
        0.17014242708683014
    ],
    [
        0.9420777559280396,
        0.08422336727380753,
        -0.3246473968029022,
        -0.06653961539268494,
        -0.12292274832725525,
        0.9873076677322388,
        -0.10056573897600174,
        -0.2442615032196045,
        0.31205689907073975,
        0.13464729487895966,
        0.9404734969139099,
        0.17643551528453827
    ],
    [
        0.9401857256889343,
        0.08466162532567978,
        -0.32997456192970276,
        -0.06512055546045303,
        -0.12496733665466309,
        0.9868125915527344,
        -0.10287869721651077,
        -0.24891449511051178,
        0.3169131577014923,
        0.13796111941337585,
        0.9383671283721924,
        0.18130788207054138
    ],
    [
        0.9382702708244324,
        0.08464566618204117,
        -0.33538636565208435,
        -0.06345008313655853,
        -0.12657436728477478,
        0.9863672256469727,
        -0.10516012459993362,
        -0.25385192036628723,
        0.3219127655029297,
        0.14111994206905365,
        0.9361929297447205,
        0.18666177988052368
    ],
    [
        0.9363958239555359,
        0.08482358604669571,
        -0.3405405879020691,
        -0.06223827973008156,
        -0.12854142487049103,
        0.9858165383338928,
        -0.10790242999792099,
        -0.2575489282608032,
        0.32655784487724304,
        0.14481297135353088,
        0.9340176582336426,
        0.19100573658943176
    ],
    [
        0.9346129298210144,
        0.08445146679878235,
        -0.34549468755722046,
        -0.06130674108862877,
        -0.12981218099594116,
        0.9853849411010742,
        -0.11029676347970963,
        -0.26393216848373413,
        0.3311305642127991,
        0.1479342132806778,
        0.931916356086731,
        0.1964641511440277
    ],
    [
        0.9327977299690247,
        0.08439138531684875,
        -0.3503803312778473,
        -0.06012238934636116,
        -0.13172636926174164,
        0.9847669005393982,
        -0.11350017786026001,
        -0.2678268551826477,
        0.3354645073413849,
        0.15202707052230835,
        0.9297049641609192,
        0.2025270313024521
    ],
    [
        0.9309325814247131,
        0.08418609946966171,
        -0.3553551435470581,
        -0.05899795517325401,
        -0.13343143463134766,
        0.9841998815536499,
        -0.11638978868722916,
        -0.2723233997821808,
        0.3399420976638794,
        0.1557665914297104,
        0.9274568557739258,
        0.2066008299589157
    ],
    [
        0.9292197227478027,
        0.08332047611474991,
        -0.3600115180015564,
        -0.058076538145542145,
        -0.13466103374958038,
        0.9836077094078064,
        -0.11992679536342621,
        -0.27653029561042786,
        0.34411776065826416,
        0.15991787612438202,
        0.9252076745033264,
        0.21329468488693237
    ],
    [
        0.9275596141815186,
        0.0827661082148552,
        -0.36439380049705505,
        -0.05812721326947212,
        -0.13604675233364105,
        0.983034074306488,
        -0.123025082051754,
        -0.28245288133621216,
        0.348029226064682,
        0.16368769109249115,
        0.9230828881263733,
        0.2188584953546524
    ],
    [
        0.9258000254631042,
        0.08216769248247147,
        -0.36897534132003784,
        -0.05682091787457466,
        -0.1376315951347351,
        0.9823633432388306,
        -0.12656894326210022,
        -0.2871934473514557,
        0.3520679771900177,
        0.16796018183231354,
        0.9207809567451477,
        0.22573241591453552
    ],
    [
        0.9245568513870239,
        0.08159381151199341,
        -0.3722056746482849,
        -0.059272561222314835,
        -0.13895712792873383,
        0.9817343950271606,
        -0.1299559324979782,
        -0.2927362024784088,
        0.35480350255966187,
        0.17187227308750153,
        0.9190072417259216,
        0.23043102025985718
    ],
    [
        0.9229074120521545,
        0.08076810836791992,
        -0.3764549493789673,
        -0.05782085284590721,
        -0.14038734138011932,
        0.9810291528701782,
        -0.13369105756282806,
        -0.2972329258918762,
        0.35851529240608215,
        0.17623399198055267,
        0.9167378544807434,
        0.23674751818180084
    ],
    [
        0.9215911626815796,
        0.08066535741090775,
        -0.3796878755092621,
        -0.05925587937235832,
        -0.14246505498886108,
        0.9801955223083496,
        -0.13755173981189728,
        -0.30031585693359375,
        0.36107268929481506,
        0.18085871636867523,
        0.9148315191268921,
        0.2430446594953537
    ]
]