[
    [
        0.9805802702903748,
        0.005300728604197502,
        -0.19604650139808655,
        0.01769622229039669,
        -0.0037804089952260256,
        0.9999598860740662,
        0.008128279820084572,
        -0.019652526825666428,
        0.1960817128419876,
        -0.007229294627904892,
        0.980560839176178,
        0.291072279214859
    ],
    [
        0.9661805629730225,
        0.007757282815873623,
        -0.25774964690208435,
        0.016377221792936325,
        -0.005807996261864901,
        0.9999485015869141,
        0.00832323171198368,
        -0.015749773010611534,
        0.2578009366989136,
        -0.006544736213982105,
        0.9661757946014404,
        0.36625659465789795
    ],
    [
        0.9455518126487732,
        0.010701912455260754,
        -0.32529571652412415,
        -0.0015258148778229952,
        -0.008406288921833038,
        0.9999287724494934,
        0.008461745455861092,
        -0.00470205582678318,
        0.3253631293773651,
        -0.005266488529741764,
        0.9455744624137878,
        0.45088571310043335
    ],
    [
        0.9247753024101257,
        0.010243783704936504,
        -0.3803757429122925,
        -0.028440892696380615,
        -0.008564929477870464,
        0.9999446272850037,
        0.006106019020080566,
        0.021062402054667473,
        0.38041722774505615,
        -0.0023888039868324995,
        0.9248118996620178,
        0.5359721183776855
    ],
    [
        0.900051474571228,
        0.00978489127010107,
        -0.43567368388175964,
        -0.06580813974142075,
        -0.008008862845599651,
        0.9999504089355469,
        0.005912723019719124,
        0.03970630094408989,
        0.43570995330810547,
        -0.0018325046403333545,
        0.9000853300094604,
        0.6311054825782776
    ],
    [
        0.8801097273826599,
        0.015093057416379452,
        -0.47453024983406067,
        -0.10871940851211548,
        -0.012596250511705875,
        0.9998850226402283,
        0.008440426550805569,
        0.03970661759376526,
        0.4746030569076538,
        -0.001451200107112527,
        0.88019859790802,
        0.7040451765060425
    ],
    [
        0.8586932420730591,
        0.018539821729063988,
        -0.5121544003486633,
        -0.15830186009407043,
        -0.015370171517133713,
        0.99982750415802,
        0.010423342697322369,
        0.04668140783905983,
        0.5122593641281128,
        -0.0010785527992993593,
        0.8588301539421082,
        0.7970985770225525
    ],
    [
        0.8422703146934509,
        0.01803283393383026,
        -0.5387537479400635,
        -0.20177966356277466,
        -0.01480975653976202,
        0.9998371005058289,
        0.010312840342521667,
        0.06660082936286926,
        0.5388519167900085,
        -0.0007073876913636923,
        0.8424002528190613,
        0.8954840898513794
    ],
    [
        0.8302599191665649,
        0.01862964779138565,
        -0.557064950466156,
        -0.2633237838745117,
        -0.016147064045071602,
        0.9998257756233215,
        0.009370791725814342,
        0.09532132744789124,
        0.557142436504364,
        0.0012147699017077684,
        0.8304161429405212,
        1.0067286491394043
    ],
    [
        0.8234292268753052,
        0.017680468037724495,
        -0.5671433806419373,
        -0.3157484233379364,
        -0.016178887337446213,
        0.9998396039009094,
        0.007679652888327837,
        0.12086862325668335,
        0.5671882033348083,
        0.0028520943596959114,
        0.8235833048820496,
        1.109605073928833
    ],
    [
        0.8191129565238953,
        0.017670515924692154,
        -0.5733599662780762,
        -0.3721742630004883,
        -0.016319582238793373,
        0.9998387694358826,
        0.007499793078750372,
        0.1365804672241211,
        0.57340008020401,
        0.0032138177193701267,
        0.8192691802978516,
        1.2216073274612427
    ],
    [
        0.8183322548866272,
        0.019247151911258698,
        -0.5744229555130005,
        -0.4258752465248108,
        -0.017583249136805534,
        0.9998096823692322,
        0.008451169356703758,
        0.14169588685035706,
        0.5744763612747192,
        0.003184358822181821,
        0.8185149431228638,
        1.3119306564331055
    ],
    [
        0.8176760077476501,
        0.019516993314027786,
        -0.5753477215766907,
        -0.49103066325187683,
        -0.0182401891797781,
        0.9998016357421875,
        0.007992655038833618,
        0.15010210871696472,
        0.5753896236419678,
        0.003959046211093664,
        0.8178698420524597,
        1.4210928678512573
    ],
    [
        0.8172920346260071,
        0.019810490310192108,
        -0.5758830904960632,
        -0.5563368797302246,
        -0.019101595506072044,
        0.9997909665107727,
        0.00728406710550189,
        0.1564536839723587,
        0.5759069919586182,
        0.0050470721907913685,
        0.8174996972084045,
        1.5228325128555298
    ],
    [
        0.8165445923805237,
        0.019665323197841644,
        -0.5769473910331726,
        -0.6151962280273438,
        -0.01954040490090847,
        0.9997884035110474,
        0.006422694772481918,
        0.16112565994262695,
        0.5769515037536621,
        0.006029368843883276,
        0.816756010055542,
        1.609801173210144
    ],
    [
        0.8175600171089172,
        0.02116204984486103,
        -0.5754542946815491,
        -0.6913628578186035,
        -0.020870566368103027,
        0.9997568726539612,
        0.007114314008504152,
        0.16005252301692963,
        0.5754649639129639,
        0.006193676497787237,
        0.817802906036377,
        1.6984390020370483
    ],
    [
        0.8182954788208008,
        0.022513408213853836,
        -0.5743566155433655,
        -0.7567221522331238,
        -0.021347085013985634,
        0.9997336864471436,
        0.00877362210303545,
        0.15756379067897797,
        0.5744011998176575,
        0.005081424955278635,
        0.8185580968856812,
        1.776519536972046
    ],
    [
        0.8190470337867737,
        0.022059233859181404,
        -0.5733020305633545,
        -0.8223689794540405,
        -0.021455103531479836,
        0.9997392892837524,
        0.007815671153366566,
        0.16527236998081207,
        0.5733250379562378,
        0.005898850504308939,
        0.8193067312240601,
        1.8670003414154053
    ],
    [
        0.8203285336494446,
        0.02217424288392067,
        -0.5714625120162964,
        -0.8700118064880371,
        -0.021702775731682777,
        0.9997352361679077,
        0.007638238370418549,
        0.17212188243865967,
        0.5714806318283081,
        0.006136453244835138,
        0.8205925822257996,
        1.9434622526168823
    ],
    [
        0.8248855471611023,
        0.021048348397016525,
        -0.5649078488349915,
        -0.9184573888778687,
        -0.021834705024957657,
        0.9997472167015076,
        0.005367061123251915,
        0.18396203219890594,
        0.5648779273033142,
        0.007907387800514698,
        0.8251366019248962,
        2.0198774337768555
    ],
    [
        0.833660900592804,
        0.01981368288397789,
        -0.5519210696220398,
        -0.9619327783584595,
        -0.022746773436665535,
        0.9997400641441345,
        0.0015318014193326235,
        0.1962938904762268,
        0.5518079996109009,
        0.011277418583631516,
        0.8338948488235474,
        2.076425075531006
    ],
    [
        0.846126914024353,
        0.02006228268146515,
        -0.5326035618782043,
        -1.0032397508621216,
        -0.02282012067735195,
        0.9997385740280151,
        0.0014050237368792295,
        0.1938583254814148,
        0.5324925780296326,
        0.010965246707201004,
        0.8463635444641113,
        2.1376779079437256
    ],
    [
        0.8572301864624023,
        0.02023957297205925,
        -0.5145356059074402,
        -1.0282745361328125,
        -0.02243509702384472,
        0.9997463822364807,
        0.00194816873408854,
        0.1859244704246521,
        0.5144445300102234,
        0.009873627685010433,
        0.8574669361114502,
        2.1855459213256836
    ],
    [
        0.8697064518928528,
        0.020509084686636925,
        -0.49314308166503906,
        -1.0507782697677612,
        -0.022529933601617813,
        0.9997444748878479,
        0.0018441230058670044,
        0.1778886914253235,
        0.49305489659309387,
        0.009506632573902607,
        0.8699462413787842,
        2.2369186878204346
    ],
    [
        0.8822340965270996,
        0.020804135128855705,
        -0.4703510105609894,
        -1.0757040977478027,
        -0.023028455674648285,
        0.9997342824935913,
        0.001025015371851623,
        0.17232204973697662,
        0.47024738788604736,
        0.009927153587341309,
        0.8824788331985474,
        2.2861318588256836
    ]
]