[
    [
        0.895423948764801,
        0.10576525330543518,
        -0.43246936798095703,
        -0.09984934329986572,
        -0.11523471027612686,
        0.993328869342804,
        0.0043373084627091885,
        -0.09902136772871017,
        0.43004298210144043,
        0.04595175012946129,
        0.9016382694244385,
        0.46561500430107117
    ],
    [
        0.8845224976539612,
        0.10834302008152008,
        -0.4537418782711029,
        -0.1120632067322731,
        -0.11871363967657089,
        0.9929123520851135,
        0.00566454790532589,
        -0.10418399423360825,
        0.4511396586894989,
        0.04885493218898773,
        0.8911150693893433,
        0.4901300370693207
    ],
    [
        0.8682001829147339,
        0.11196871101856232,
        -0.4834163188934326,
        -0.13310398161411285,
        -0.12365411221981049,
        0.99229496717453,
        0.0077561866492033005,
        -0.11232694983482361,
        0.4805601239204407,
        0.05304249748587608,
        0.875356137752533,
        0.523949384689331
    ],
    [
        0.8506659865379333,
        0.11446558684110641,
        -0.5130935907363892,
        -0.151677668094635,
        -0.12785258889198303,
        0.9917498230934143,
        0.009279714897274971,
        -0.11880183219909668,
        0.5099226236343384,
        0.057706400752067566,
        0.8582826256752014,
        0.5632912516593933
    ],
    [
        0.8383144736289978,
        0.11629766970872879,
        -0.5326384902000427,
        -0.16294661164283752,
        -0.13030022382736206,
        0.9914091229438782,
        0.011388663202524185,
        -0.1263871192932129,
        0.5293871760368347,
        0.0598556287586689,
        0.8462661504745483,
        0.5918825268745422
    ],
    [
        0.8201395273208618,
        0.1177968978881836,
        -0.5599062442779541,
        -0.18116258084774017,
        -0.1334124505519867,
        0.990974485874176,
        0.013068062253296375,
        -0.13353358209133148,
        0.5563921928405762,
        0.0639808252453804,
        0.8284528851509094,
        0.6334152817726135
    ],
    [
        0.8011437654495239,
        0.12028586864471436,
        -0.5862594246864319,
        -0.19770492613315582,
        -0.13645108044147491,
        0.9905049204826355,
        0.016761919483542442,
        -0.14913584291934967,
        0.5827090740203857,
        0.06656701862812042,
        0.8099499344825745,
        0.6782137155532837
    ],
    [
        0.7884591221809387,
        0.12190622091293335,
        -0.6028857231140137,
        -0.20696718990802765,
        -0.13928940892219543,
        0.9900875091552734,
        0.01803627982735634,
        -0.15870817005634308,
        0.5991082787513733,
        0.06975473463535309,
        0.7976237535476685,
        0.708765983581543
    ],
    [
        0.7698032855987549,
        0.12338800728321075,
        -0.6262415051460266,
        -0.22037817537784576,
        -0.14341366291046143,
        0.9894867539405823,
        0.018667733296751976,
        -0.17265629768371582,
        0.6219610571861267,
        0.07544108480215073,
        0.7794055342674255,
        0.7545718550682068
    ],
    [
        0.7526426911354065,
        0.12473683059215546,
        -0.6465057134628296,
        -0.23441247642040253,
        -0.1482638120651245,
        0.9887807965278625,
        0.018171101808547974,
        -0.18471167981624603,
        0.6415191888809204,
        0.082177072763443,
        0.7626925706863403,
        0.7962655425071716
    ],
    [
        0.7376611232757568,
        0.1259414255619049,
        -0.6633210778236389,
        -0.2512160539627075,
        -0.15298768877983093,
        0.9880737662315369,
        0.017467143014073372,
        -0.1981513798236847,
        0.6576098799705505,
        0.08859512954950333,
        0.7481312155723572,
        0.8341705203056335
    ],
    [
        0.7284395694732666,
        0.1257961094379425,
        -0.6734620928764343,
        -0.261741578578949,
        -0.15525183081626892,
        0.9877358675003052,
        0.01657371036708355,
        -0.20634423196315765,
        0.6672875881195068,
        0.0924832671880722,
        0.7390359044075012,
        0.8585795760154724
    ],
    [
        0.7160868644714355,
        0.12403644621372223,
        -0.6869022250175476,
        -0.27762138843536377,
        -0.15701621770858765,
        0.9874877333641052,
        0.014626849442720413,
        -0.21842072904109955,
        0.6801217794418335,
        0.09738069772720337,
        0.7266026735305786,
        0.8956553339958191
    ],
    [
        0.7055919766426086,
        0.12184399366378784,
        -0.6980644464492798,
        -0.29010337591171265,
        -0.1583261340856552,
        0.9873102903366089,
        0.01229710690677166,
        -0.2308606505393982,
        0.6907045841217041,
        0.10184510797262192,
        0.7159292101860046,
        0.933090329170227
    ],
    [
        0.7002561688423157,
        0.11942940950393677,
        -0.703830897808075,
        -0.3015134930610657,
        -0.15842348337173462,
        0.9873214960098267,
        0.009914619848132133,
        -0.23854197561740875,
        0.6960914731025696,
        0.10456056892871857,
        0.7102984189987183,
        0.9587519764900208
    ],
    [
        0.6935204863548279,
        0.11664775013923645,
        -0.7109308838844299,
        -0.3197973072528839,
        -0.15981538593769073,
        0.9871282577514648,
        0.006063977722078562,
        -0.2504512071609497,
        0.7024872899055481,
        0.10941218584775925,
        0.7032358050346375,
        0.9988612532615662
    ],
    [
        0.6889739632606506,
        0.11481983214616776,
        -0.7156334519386292,
        -0.3440960645675659,
        -0.16190212965011597,
        0.9868037104606628,
        0.0024569607339799404,
        -0.264384925365448,
        0.7064719200134277,
        0.11416980624198914,
        0.6984716653823853,
        1.0386216640472412
    ],
    [
        0.6849694848060608,
        0.11209721863269806,
        -0.7198966145515442,
        -0.36684295535087585,
        -0.16378143429756165,
        0.986494243144989,
        -0.0022253510542213917,
        -0.27780771255493164,
        0.7099242806434631,
        0.11942999809980392,
        0.6940778493881226,
        1.0798144340515137
    ],
    [
        0.6827457547187805,
        0.11057567596435547,
        -0.7222404479980469,
        -0.3831031918525696,
        -0.1652185022830963,
        0.9862433075904846,
        -0.005188991781324148,
        -0.28833651542663574,
        0.7117310166358948,
        0.12287024408578873,
        0.6916226148605347,
        1.108203411102295
    ],
    [
        0.6817640662193298,
        0.10694325715303421,
        -0.723713219165802,
        -0.4121219217777252,
        -0.16562287509441376,
        0.9861353039741516,
        -0.010301308706402779,
        -0.3024207651615143,
        0.7125775814056396,
        0.1268865466117859,
        0.6900238394737244,
        1.1463793516159058
    ],
    [
        0.6830616593360901,
        0.1023976281285286,
        -0.7231468558311462,
        -0.4459162950515747,
        -0.1649588644504547,
        0.986167848110199,
        -0.016173535957932472,
        -0.3147386312484741,
        0.7114880681037903,
        0.13033702969551086,
        0.6905048489570618,
        1.1790423393249512
    ],
    [
        0.6829879879951477,
        0.099803626537323,
        -0.7235790491104126,
        -0.4647236168384552,
        -0.1650516539812088,
        0.9860865473747253,
        -0.01978122815489769,
        -0.32266464829444885,
        0.71153724193573,
        0.13293825089931488,
        0.6899580955505371,
        1.204390287399292
    ],
    [
        0.6841017603874207,
        0.09659646451473236,
        -0.7229619026184082,
        -0.4938375651836395,
        -0.16456551849842072,
        0.9860748648643494,
        -0.023968340829014778,
        -0.3327488601207733,
        0.7105793356895447,
        0.1353713870048523,
        0.6904720067977905,
        1.2411741018295288
    ],
    [
        0.6848382353782654,
        0.09525462239980698,
        -0.7224424481391907,
        -0.5211290121078491,
        -0.1649758517742157,
        0.9859445095062256,
        -0.026391029357910156,
        -0.34244394302368164,
        0.7097742557525635,
        0.13725915551185608,
        0.6909272074699402,
        1.2821749448776245
    ],
    [
        0.6842540502548218,
        0.09585457295179367,
        -0.7229166030883789,
        -0.5423479676246643,
        -0.16519781947135925,
        0.9859272837638855,
        -0.025634557008743286,
        -0.35424163937568665,
        0.7102859616279602,
        0.136964812874794,
        0.6904596090316772,
        1.3241676092147827
    ]
]