[
    [
        0.9579889178276062,
        0.024013439193367958,
        -0.2857980728149414,
        -0.3273608982563019,
        -0.02538304217159748,
        0.999677300453186,
        -0.0010881341295316815,
        -0.038235824555158615,
        0.28567972779273987,
        0.008296845480799675,
        0.9582892060279846,
        0.13794104754924774
    ],
    [
        0.9519444108009338,
        0.027632704004645348,
        -0.3050217926502228,
        -0.3676123321056366,
        -0.02818428725004196,
        0.9995993971824646,
        0.002595748985186219,
        -0.050475768744945526,
        0.304971307516098,
        0.006125811953097582,
        0.9523417353630066,
        0.17969997227191925
    ],
    [
        0.9444601535797119,
        0.03208979591727257,
        -0.3270554542541504,
        -0.41717132925987244,
        -0.03087620437145233,
        0.999483585357666,
        0.008903315290808678,
        -0.06419508904218674,
        0.32717224955558777,
        0.001689405064098537,
        0.9449631571769714,
        0.24904491007328033
    ],
    [
        0.9363790154457092,
        0.03610030561685562,
        -0.34912896156311035,
        -0.4612407386302948,
        -0.03283928334712982,
        0.9993441700935364,
        0.015256866812705994,
        -0.07523003965616226,
        0.3494507968425751,
        -0.0028210654854774475,
        0.9369504451751709,
        0.32912105321884155
    ],
    [
        0.9297729134559631,
        0.03823855519294739,
        -0.36614224314689636,
        -0.5011218190193176,
        -0.033346109092235565,
        0.9992499947547913,
        0.019679708406329155,
        -0.08135929703712463,
        0.3666202127933502,
        -0.006088241934776306,
        0.9303507208824158,
        0.4029427170753479
    ],
    [
        0.9235759973526001,
        0.03829863294959068,
        -0.3814978003501892,
        -0.5435068011283875,
        -0.03228023275732994,
        0.999233067035675,
        0.022165296599268913,
        -0.08272913843393326,
        0.3820541203022003,
        -0.00815649889409542,
        0.9241039156913757,
        0.47136056423187256
    ],
    [
        0.9192622900009155,
        0.037497520446777344,
        -0.3918556571006775,
        -0.5926337838172913,
        -0.0307528804987669,
        0.9992513060569763,
        0.02347671240568161,
        -0.0841839462518692,
        0.3924425542354584,
        -0.00953056663274765,
        0.9197271466255188,
        0.538725733757019
    ],
    [
        0.9162819981575012,
        0.03619049862027168,
        -0.3988955020904541,
        -0.6521323919296265,
        -0.028783950954675674,
        0.9992842674255371,
        0.024543726816773415,
        -0.0874900370836258,
        0.39949825406074524,
        -0.011007185094058514,
        0.9166678190231323,
        0.6145247220993042
    ],
    [
        0.9146106839179993,
        0.035414062440395355,
        -0.40278172492980957,
        -0.7246605157852173,
        -0.027727866545319557,
        0.9993053078651428,
        0.02489999122917652,
        -0.08931754529476166,
        0.4033837616443634,
        -0.011605522595345974,
        0.9149573445320129,
        0.6950741410255432
    ],
    [
        0.915795624256134,
        0.032634276896715164,
        -0.40031662583351135,
        -0.7862463593482971,
        -0.024877652525901794,
        0.9993886947631836,
        0.024559268727898598,
        -0.09098351746797562,
        0.40087342262268066,
        -0.012532333843410015,
        0.9160476922988892,
        0.7589656710624695
    ],
    [
        0.9180521965026855,
        0.029249252751469612,
        -0.3953791856765747,
        -0.8704661726951599,
        -0.021564677357673645,
        0.9994825720787048,
        0.023867251351475716,
        -0.09489527344703674,
        0.39587271213531494,
        -0.013385157100856304,
        0.9182078242301941,
        0.8432250022888184
    ],
    [
        0.9210136532783508,
        0.025948841124773026,
        -0.3886651396751404,
        -0.9546946287155151,
        -0.01799662411212921,
        0.9995478987693787,
        0.024087509140372276,
        -0.09740926325321198,
        0.3891144394874573,
        -0.015190263278782368,
        0.9210641384124756,
        0.9320679306983948
    ],
    [
        0.9244576096534729,
        0.021635115146636963,
        -0.3806706368923187,
        -1.033595085144043,
        -0.013801764696836472,
        0.9996334314346313,
        0.023295823484659195,
        -0.09645669907331467,
        0.38103505969047546,
        -0.01628207415342331,
        0.9244171380996704,
        1.0184578895568848
    ],
    [
        0.9287787079811096,
        0.01345901470631361,
        -0.3703904151916504,
        -1.1034529209136963,
        -0.00696552824229002,
        0.9997978806495667,
        0.018863501027226448,
        -0.09042215347290039,
        0.3705693781375885,
        -0.014940053224563599,
        0.928684651851654,
        1.0943175554275513
    ],
    [
        0.9355036616325378,
        0.003194025717675686,
        -0.35330259799957275,
        -1.1777840852737427,
        0.002541586058214307,
        0.9998724460601807,
        0.015769148245453835,
        -0.08594115823507309,
        0.3533078730106354,
        -0.01565004512667656,
        0.9353762269020081,
        1.1665191650390625
    ],
    [
        0.942267119884491,
        -0.006333151366561651,
        -0.3348020911216736,
        -1.2524983882904053,
        0.0108723109588027,
        0.9998726844787598,
        0.01168534904718399,
        -0.08128304779529572,
        0.33468544483184814,
        -0.014650792814791203,
        0.9422159194946289,
        1.2360411882400513
    ],
    [
        0.9488984942436218,
        -0.014392651617527008,
        -0.3152529001235962,
        -1.3188837766647339,
        0.01798032410442829,
        0.9998024702072144,
        0.008474770002067089,
        -0.07904848456382751,
        0.31506866216659546,
        -0.013710047118365765,
        0.9489699006080627,
        1.3000839948654175
    ],
    [
        0.954526424407959,
        -0.021465929225087166,
        -0.29735252261161804,
        -1.362411379814148,
        0.024765528738498688,
        0.9996664524078369,
        0.007333331275731325,
        -0.0782613605260849,
        0.29709592461586,
        -0.014363949187099934,
        0.954739511013031,
        1.3526346683502197
    ],
    [
        0.9612749218940735,
        -0.029507014900445938,
        -0.27400729060173035,
        -1.4093656539916992,
        0.03215768560767174,
        0.9994693994522095,
        0.005186047870665789,
        -0.0769238993525505,
        0.2737087607383728,
        -0.01379665732383728,
        0.9617136716842651,
        1.4235644340515137
    ],
    [
        0.9690849781036377,
        -0.03188909962773323,
        -0.24465753138065338,
        -1.4556748867034912,
        0.03432022035121918,
        0.9993947744369507,
        0.005679004825651646,
        -0.07743420451879501,
        0.24432848393917084,
        -0.01390013936907053,
        0.9695929288864136,
        1.5028550624847412
    ],
    [
        0.9764341115951538,
        -0.031668249517679214,
        -0.213479682803154,
        -1.4974881410598755,
        0.03392048925161362,
        0.9994008541107178,
        0.006894521880894899,
        -0.08449503034353256,
        0.213133305311203,
        -0.013973385095596313,
        0.9769232273101807,
        1.5884678363800049
    ],
    [
        0.9829782843589783,
        -0.030721280723810196,
        -0.18113510310649872,
        -1.5268291234970093,
        0.03283073008060455,
        0.9994233846664429,
        0.008658330887556076,
        -0.09428905695676804,
        0.18076454102993011,
        -0.014457747340202332,
        0.983420193195343,
        1.668152928352356
    ],
    [
        0.9885637164115906,
        -0.029557298868894577,
        -0.14787891507148743,
        -1.5464656352996826,
        0.031310003250837326,
        0.999464213848114,
        0.0095379538834095,
        -0.10142900794744492,
        0.1475178450345993,
        -0.014058960601687431,
        0.9889594912528992,
        1.7426890134811401
    ],
    [
        0.9933587312698364,
        -0.026069805026054382,
        -0.1120666041970253,
        -1.5628762245178223,
        0.02757405675947666,
        0.9995489716529846,
        0.011893616989254951,
        -0.10433854907751083,
        0.11170594394207001,
        -0.01490475982427597,
        0.993629515171051,
        1.8211332559585571
    ],
    [
        0.9970381259918213,
        -0.01961330696940422,
        -0.074365995824337,
        -1.5832462310791016,
        0.020830651745200157,
        0.9996607303619385,
        0.015629559755325317,
        -0.10724184662103653,
        0.07403406500816345,
        -0.017132356762886047,
        0.9971083998680115,
        1.9119033813476562
    ]
]