[
    [
        0.9999871850013733,
        -0.004971219226717949,
        -0.000980760552920401,
        0.08824533969163895,
        0.004974571987986565,
        0.9999816417694092,
        0.003446357324719429,
        -0.022923579439520836,
        0.0009636104223318398,
        -0.0034511927515268326,
        0.9999935626983643,
        0.3674740493297577
    ],
    [
        0.9997039437294006,
        -0.0028002567123621702,
        -0.02417137287557125,
        0.0912105068564415,
        0.002885907655581832,
        0.9999896883964539,
        0.0035093098413199186,
        -0.04040836915373802,
        0.02416129782795906,
        -0.0035780277103185654,
        0.9997016787528992,
        0.5435031652450562
    ],
    [
        0.9971075057983398,
        0.0007972139283083379,
        -0.07599969208240509,
        0.06447736918926239,
        -0.0005921490374021232,
        0.9999961853027344,
        0.0027207303792238235,
        -0.06968061625957489,
        0.07600156217813492,
        -0.0026678575668483973,
        0.9971042275428772,
        0.738823413848877
    ],
    [
        0.9906823635101318,
        0.004074693191796541,
        -0.13613207638263702,
        0.04134201258420944,
        -0.0037620963994413614,
        0.9999896883964539,
        0.0025534583255648613,
        -0.09538717567920685,
        0.1361410766839981,
        -0.002017523627728224,
        0.9906874299049377,
        0.8895600438117981
    ],
    [
        0.9763871431350708,
        0.006882563233375549,
        -0.2159186601638794,
        0.020671235397458076,
        -0.006970028858631849,
        0.9999756217002869,
        0.00035638504778034985,
        -0.10878502577543259,
        0.21591585874557495,
        0.0011569916969165206,
        0.9764113426208496,
        1.0747319459915161
    ],
    [
        0.9518229961395264,
        0.011013076640665531,
        -0.3064502477645874,
        -0.002383187646046281,
        -0.011202509514987469,
        0.9999366402626038,
        0.0011407163692638278,
        -0.13357014954090118,
        0.30644333362579346,
        0.0023472493048757315,
        0.9518860578536987,
        1.208266019821167
    ],
    [
        0.9162690043449402,
        0.016187777742743492,
        -0.40023648738861084,
        -0.03939487040042877,
        -0.017157448455691338,
        0.9998521208763123,
        0.0011606839252635837,
        -0.19761711359024048,
        0.4001960754394531,
        0.0058035412803292274,
        0.9164110422134399,
        1.2985824346542358
    ],
    [
        0.8899912238121033,
        0.018445106223225594,
        -0.4556044042110443,
        -0.07336005568504333,
        -0.020289482548832893,
        0.9997938871383667,
        0.0008424880215898156,
        -0.26937973499298096,
        0.45552605390548706,
        0.008494174107909203,
        0.8901820182800293,
        1.3423607349395752
    ],
    [
        0.8712326884269714,
        0.01977004110813141,
        -0.4904720187187195,
        -0.09198863059282303,
        -0.022176409140229225,
        0.9997536540031433,
        0.0009059818112291396,
        -0.33512160181999207,
        0.49036905169487,
        0.010087591595947742,
        0.871456503868103,
        1.3610210418701172
    ],
    [
        0.8606953620910645,
        0.019741615280508995,
        -0.5087375044822693,
        -0.08854075521230698,
        -0.02323833853006363,
        0.9997298121452332,
        -0.0005205820198170841,
        -0.3812686502933502,
        0.5085898041725159,
        0.012270279228687286,
        0.8609214425086975,
        1.361228108406067
    ],
    [
        0.8546273112297058,
        0.019394155591726303,
        -0.5188794732093811,
        -0.07319330424070358,
        -0.024095937609672546,
        0.9997069239616394,
        -0.002321504522114992,
        -0.42998671531677246,
        0.5186824798583984,
        0.014486905187368393,
        0.8548442721366882,
        1.3532458543777466
    ],
    [
        0.8525018095970154,
        0.0198370348662138,
        -0.5223477482795715,
        -0.06046542525291443,
        -0.024923915043473244,
        0.9996857047080994,
        -0.0027125291526317596,
        -0.46356886625289917,
        0.5221297740936279,
        0.015331381931900978,
        0.8527281880378723,
        1.3403438329696655
    ],
    [
        0.8524914979934692,
        0.019732950255274773,
        -0.5223686099052429,
        -0.04591701179742813,
        -0.02529432252049446,
        0.9996738433837891,
        -0.003516043536365032,
        -0.4811405837535858,
        0.5221288800239563,
        0.01621035858988762,
        0.8527123928070068,
        1.3094067573547363
    ],
    [
        0.8548133373260498,
        0.019902916625142097,
        -0.5185539126396179,
        -0.027761928737163544,
        -0.02549038641154766,
        0.9996684193611145,
        -0.0036509374622255564,
        -0.48306989669799805,
        0.5183092355728149,
        0.016339007765054703,
        0.8550370931625366,
        1.2580476999282837
    ],
    [
        0.87230384349823,
        0.0189619492739439,
        -0.48859646916389465,
        -0.012464956380426884,
        -0.02468051016330719,
        0.9996815323829651,
        -0.005266088526695967,
        -0.4730440676212311,
        0.4883410334587097,
        0.0166524276137352,
        0.8724939823150635,
        1.1861045360565186
    ],
    [
        0.9205395579338074,
        0.01612364873290062,
        -0.3903164863586426,
        -0.014058917760848999,
        -0.019671041518449783,
        0.999793529510498,
        -0.00509238988161087,
        -0.441236674785614,
        0.3901538550853729,
        0.01236568484455347,
        0.9206666946411133,
        1.0807933807373047
    ],
    [
        0.9636975526809692,
        0.00978380162268877,
        -0.2668166160583496,
        -0.013402698561549187,
        -0.012517104856669903,
        0.999885082244873,
        -0.008545298129320145,
        -0.39281952381134033,
        0.2667023539543152,
        0.011574856005609035,
        0.9637094736099243,
        0.9685342311859131
    ],
    [
        0.9871742129325867,
        0.004937929101288319,
        -0.159570574760437,
        -0.006160449702292681,
        -0.006316066719591618,
        0.9999470710754395,
        -0.008130512200295925,
        -0.326528936624527,
        0.15952196717262268,
        0.009034090675413609,
        0.9871531128883362,
        0.8171135783195496
    ],
    [
        0.9949049353599548,
        0.0011131598148494959,
        -0.10081127285957336,
        0.004206970799714327,
        -0.00193460239097476,
        0.9999657869338989,
        -0.008050920441746712,
        -0.27647948265075684,
        0.10079886019229889,
        0.008204929530620575,
        0.9948729872703552,
        0.6337908506393433
    ],
    [
        0.9987745881080627,
        -0.0012077231658622622,
        -0.049477167427539825,
        0.007378981914371252,
        0.000786087941378355,
        0.9999632835388184,
        -0.008540383540093899,
        -0.24944613873958588,
        0.04948566481471062,
        0.008491024374961853,
        0.998738706111908,
        0.4187008738517761
    ],
    [
        0.9999164342880249,
        -0.0031340220011770725,
        0.012541759759187698,
        -0.0028005067724734545,
        0.0032430849969387054,
        0.9999570250511169,
        -0.008685123175382614,
        -0.219554603099823,
        -0.012514001689851284,
        0.00872507132589817,
        0.9998835325241089,
        0.22046206891536713
    ],
    [
        0.9923895597457886,
        -0.009171530604362488,
        0.12279624491930008,
        0.0065704635344445705,
        0.009880276396870613,
        0.9999379515647888,
        -0.005164030008018017,
        -0.2037016898393631,
        -0.12274125218391418,
        0.006337990052998066,
        0.9924184083938599,
        0.00978731457144022
    ],
    [
        0.9722862243652344,
        -0.015389448963105679,
        0.2332867830991745,
        0.05049334093928337,
        0.015979789197444916,
        0.999872088432312,
        -0.0006406161701306701,
        -0.18540652096271515,
        -0.2332470864057541,
        0.004350736271589994,
        0.9724077582359314,
        -0.14811336994171143
    ],
    [
        0.929900586605072,
        -0.02365567721426487,
        0.3670494854450226,
        0.13799269497394562,
        0.023254940286278725,
        0.9997143149375916,
        0.005514621734619141,
        -0.13425977528095245,
        -0.36707502603530884,
        0.003407663432881236,
        0.930185079574585,
        -0.27226540446281433
    ],
    [
        0.8635050058364868,
        -0.030985085293650627,
        0.5033875703811646,
        0.2387804538011551,
        0.028610283508896828,
        0.9995131492614746,
        0.01244544330984354,
        -0.09682171046733856,
        -0.5035281181335449,
        0.003655356587842107,
        0.8639710545539856,
        -0.3357790410518646
    ]
]