[
    [
        0.991495668888092,
        -0.07472749054431915,
        0.10654556751251221,
        -0.11222118884325027,
        0.07349375635385513,
        0.9971757531166077,
        0.015464667230844498,
        -0.0733240470290184,
        -0.10740029811859131,
        -0.007502718362957239,
        0.994187593460083,
        -0.06921486556529999
    ],
    [
        0.9905374050140381,
        -0.08121241629123688,
        0.11063453555107117,
        -0.11559049040079117,
        0.0797189474105835,
        0.9966572523117065,
        0.017863679677248,
        -0.08065682649612427,
        -0.11171546578407288,
        -0.008874977007508278,
        0.9937006235122681,
        -0.07125639170408249
    ],
    [
        0.9895428419113159,
        -0.08797495812177658,
        0.11430346220731735,
        -0.11829608678817749,
        0.08617877215147018,
        0.996067225933075,
        0.020571507513523102,
        -0.08870243281126022,
        -0.11566371470689774,
        -0.0105058578774333,
        0.9932328462600708,
        -0.07378792017698288
    ],
    [
        0.9885725378990173,
        -0.09402702748775482,
        0.11782810091972351,
        -0.12094777822494507,
        0.09196111559867859,
        0.9955000877380371,
        0.022861335426568985,
        -0.09553728252649307,
        -0.11944747716188431,
        -0.011764484457671642,
        0.9927708506584167,
        -0.07570889592170715
    ],
    [
        0.9873760342597961,
        -0.10177796334028244,
        0.12136616557836533,
        -0.12243325263261795,
        0.09930868446826935,
        0.9947106838226318,
        0.0262396689504385,
        -0.10460475087165833,
        -0.12339482456445694,
        -0.01385570503771305,
        0.9922608733177185,
        -0.0775015726685524
    ],
    [
        0.9861605167388916,
        -0.10889320820569992,
        0.12501858174800873,
        -0.12422977387905121,
        0.10608546435832977,
        0.9939364194869995,
        0.028920689597725868,
        -0.11200017482042313,
        -0.12740978598594666,
        -0.015257791616022587,
        0.9917328357696533,
        -0.07855426520109177
    ],
    [
        0.9848617315292358,
        -0.11604565382003784,
        0.12876580655574799,
        -0.1266668438911438,
        0.11284862458705902,
        0.9931007027626038,
        0.031877387315034866,
        -0.12042732536792755,
        -0.13157667219638824,
        -0.016863778233528137,
        0.9911625385284424,
        -0.0807223841547966
    ],
    [
        0.9835915565490723,
        -0.12233661115169525,
        0.1325947642326355,
        -0.128806009888649,
        0.1188042014837265,
        0.9923263192176819,
        0.03426264971494675,
        -0.12764036655426025,
        -0.1357688456773758,
        -0.017947640269994736,
        0.9905780553817749,
        -0.08400306850671768
    ],
    [
        0.9821416735649109,
        -0.12956374883651733,
        0.1364213228225708,
        -0.1313098967075348,
        0.1255829781293869,
        0.9913768172264099,
        0.037429552525281906,
        -0.13670867681503296,
        -0.14009445905685425,
        -0.01962892897427082,
        0.9899435043334961,
        -0.08680877089500427
    ],
    [
        0.9806022047996521,
        -0.1372605711221695,
        0.13992467522621155,
        -0.13316252827644348,
        0.13282285630702972,
        0.9903070330619812,
        0.040620096027851105,
        -0.14605750143527985,
        -0.1441439390182495,
        -0.021246958523988724,
        0.9893285632133484,
        -0.08995750546455383
    ],
    [
        0.9790105223655701,
        -0.1443379521369934,
        0.14389190077781677,
        -0.13563945889472961,
        0.13938584923744202,
        0.9892612099647522,
        0.04397553205490112,
        -0.1547670215368271,
        -0.1486940085887909,
        -0.02299601584672928,
        0.9886158108711243,
        -0.09119126945734024
    ],
    [
        0.9771757125854492,
        -0.15260979533195496,
        0.14777648448944092,
        -0.13756701350212097,
        0.14705510437488556,
        0.987968921661377,
        0.047876667231321335,
        -0.1649157702922821,
        -0.1533050239086151,
        -0.0250526312738657,
        0.9878612756729126,
        -0.09298098087310791
    ],
    [
        0.9731972813606262,
        -0.1687588393688202,
        0.1562289595603943,
        -0.14229494333267212,
        0.16199304163455963,
        0.9852486848831177,
        0.05516428127884865,
        -0.18433453142642975,
        -0.16323384642601013,
        -0.028377728536725044,
        0.9861792325973511,
        -0.09606851637363434
    ],
    [
        0.9711180925369263,
        -0.17696484923362732,
        0.16004106402397156,
        -0.14417202770709991,
        0.1694379597902298,
        0.9837356209754944,
        0.05962453410029411,
        -0.19555611908435822,
        -0.1679895669221878,
        -0.03078543022274971,
        0.9853079915046692,
        -0.09777316451072693
    ],
    [
        0.9688041806221008,
        -0.18526454269886017,
        0.1646069437265396,
        -0.14688242971897125,
        0.17703989148139954,
        0.982157289981842,
        0.06343546509742737,
        -0.20547188818454742,
        -0.1734222173690796,
        -0.032314546406269073,
        0.9843173027038574,
        -0.09880883246660233
    ],
    [
        0.9663977026939392,
        -0.1938551515340805,
        0.1688063144683838,
        -0.1489606499671936,
        0.18484504520893097,
        0.9804331064224243,
        0.06769989430904388,
        -0.21644194424152374,
        -0.17862725257873535,
        -0.03422201797366142,
        0.9833214282989502,
        -0.10018710792064667
    ],
    [
        0.9637368321418762,
        -0.20314376056194305,
        0.17304329574108124,
        -0.15095391869544983,
        0.19324474036693573,
        0.978473424911499,
        0.07243098318576813,
        -0.22862187027931213,
        -0.18403218686580658,
        -0.03636470437049866,
        0.9822472929954529,
        -0.10222068428993225
    ],
    [
        0.9612903594970703,
        -0.21136541664600372,
        0.17676371335983276,
        -0.15216413140296936,
        0.20062071084976196,
        0.9766537547111511,
        0.07680363953113556,
        -0.23929919302463531,
        -0.18887056410312653,
        -0.038368143141269684,
        0.9812521934509277,
        -0.10271807760000229
    ],
    [
        0.9586568474769592,
        -0.21995948255062103,
        0.18054074048995972,
        -0.15312790870666504,
        0.20829787850379944,
        0.9746696949005127,
        0.08143123239278793,
        -0.2509406805038452,
        -0.1938791424036026,
        -0.04045834764838219,
        0.9801908135414124,
        -0.104177325963974
    ],
    [
        0.9556853175163269,
        -0.22931931912899017,
        0.18460266292095184,
        -0.15475282073020935,
        0.2166602909564972,
        0.9724226593971252,
        0.08632730692625046,
        -0.26356056332588196,
        -0.1993083506822586,
        -0.04250567406415939,
        0.9790145754814148,
        -0.10616426914930344
    ],
    [
        0.9525578618049622,
        -0.2387462556362152,
        0.18876951932907104,
        -0.15630608797073364,
        0.22494636476039886,
        0.970041811466217,
        0.09174922108650208,
        -0.27725929021835327,
        -0.20501913130283356,
        -0.04493340477347374,
        0.9777260422706604,
        -0.10788358002901077
    ],
    [
        0.9494437575340271,
        -0.24791884422302246,
        0.1925944983959198,
        -0.15722604095935822,
        0.23310190439224243,
        0.9676538705825806,
        0.09648517519235611,
        -0.28911393880844116,
        -0.21028530597686768,
        -0.04671311751008034,
        0.9765234589576721,
        -0.10885689407587051
    ],
    [
        0.9461459517478943,
        -0.25734081864356995,
        0.19642718136310577,
        -0.15828363597393036,
        0.2414107322692871,
        0.9650943279266357,
        0.10155625641345978,
        -0.30195435881614685,
        -0.21570535004138947,
        -0.048667408525943756,
        0.9752448797225952,
        -0.11034649610519409
    ],
    [
        0.9423904418945312,
        -0.2676222026348114,
        0.20069508254528046,
        -0.1598014086484909,
        0.2503564655780792,
        0.9621723294258118,
        0.10745234787464142,
        -0.3169683516025543,
        -0.2218598872423172,
        -0.05101676657795906,
        0.9737431406974792,
        -0.11294116824865341
    ],
    [
        0.9349691867828369,
        -0.2867724895477295,
        0.20879241824150085,
        -0.160813570022583,
        0.26687395572662354,
        0.9564113616943359,
        0.11855592578649521,
        -0.3426739275455475,
        -0.2336900383234024,
        -0.05512487143278122,
        0.970747172832489,
        -0.11116862297058105
    ]
]