[
    [
        0.993141770362854,
        -0.006374282296746969,
        0.11674270778894424,
        -0.3485233187675476,
        0.007073386572301388,
        0.999959409236908,
        -0.005575097166001797,
        -0.01738068461418152,
        -0.11670244485139847,
        0.006362628657370806,
        0.9931464791297913,
        0.15618091821670532
    ],
    [
        0.9757290482521057,
        -0.01184149831533432,
        0.21866101026535034,
        -0.6884875893592834,
        0.013940083794295788,
        0.9998703598976135,
        -0.008057139813899994,
        -0.04837678000330925,
        -0.21853724122047424,
        0.010909738950431347,
        0.9757677316665649,
        0.2766047418117523
    ],
    [
        0.942057728767395,
        -0.021116362884640694,
        0.33478546142578125,
        -0.9731716513633728,
        0.02413461171090603,
        0.9996969699859619,
        -0.004857562482357025,
        -0.07563001662492752,
        -0.3345814049243927,
        0.012656020000576973,
        0.9422819018363953,
        0.4309818148612976
    ],
    [
        0.9107483625411987,
        -0.027368780225515366,
        0.4120538532733917,
        -1.1933904886245728,
        0.030383991077542305,
        0.9995378851890564,
        -0.000766991637647152,
        -0.11831725388765335,
        -0.4118425250053406,
        0.013218377716839314,
        0.9111592173576355,
        0.6888840198516846
    ],
    [
        0.881966769695282,
        -0.030974600464105606,
        0.4702925682067871,
        -1.37181556224823,
        0.03531980141997337,
        0.9993759989738464,
        -0.00041598116513341665,
        -0.19715231657028198,
        -0.4699861407279968,
        0.016977528110146523,
        0.8825104832649231,
        0.9701648950576782
    ],
    [
        0.8519964814186096,
        -0.03457917273044586,
        0.5224041938781738,
        -1.5159356594085693,
        0.03894515335559845,
        0.9992378950119019,
        0.0026256947312504053,
        -0.24699491262435913,
        -0.5220969319343567,
        0.018108030781149864,
        0.8526939153671265,
        1.2249524593353271
    ],
    [
        0.8117562532424927,
        -0.03799879178404808,
        0.5827588438987732,
        -1.6728812456130981,
        0.04410978779196739,
        0.9990198612213135,
        0.0036981815937906504,
        -0.34456688165664673,
        -0.582328200340271,
        0.02270333841443062,
        0.8126367926597595,
        1.5020560026168823
    ],
    [
        0.7794214487075806,
        -0.04312560707330704,
        0.6250140070915222,
        -1.7108209133148193,
        0.04918530210852623,
        0.9987609386444092,
        0.0075775980949401855,
        -0.38148990273475647,
        -0.624566376209259,
        0.02483535371720791,
        0.780576765537262,
        1.7765361070632935
    ],
    [
        0.7541424632072449,
        -0.045503757894039154,
        0.6551324129104614,
        -1.6587003469467163,
        0.05191316083073616,
        0.998605489730835,
        0.009601707570254803,
        -0.45037153363227844,
        -0.6546556353569031,
        0.026768961921334267,
        0.7554529905319214,
        2.071324110031128
    ],
    [
        0.7269299626350403,
        -0.047027695924043655,
        0.6850994229316711,
        -1.5885933637619019,
        0.05489298328757286,
        0.9984393119812012,
        0.010291831567883492,
        -0.4954364001750946,
        -0.684514045715332,
        0.03012571483850479,
        0.7283768653869629,
        2.321228504180908
    ],
    [
        0.6890572905540466,
        -0.047764845192432404,
        0.7231310606002808,
        -1.5540262460708618,
        0.05760069563984871,
        0.9982785582542419,
        0.011052546091377735,
        -0.5084172487258911,
        -0.7224140763282776,
        0.03403700515627861,
        0.6906224489212036,
        2.5249996185302734
    ],
    [
        0.6258960962295532,
        -0.047944847494363785,
        0.778431236743927,
        -1.5553855895996094,
        0.06229379028081894,
        0.9979928731918335,
        0.011380787007510662,
        -0.5086419582366943,
        -0.7774145007133484,
        0.041368260979652405,
        0.6276265978813171,
        2.656949043273926
    ],
    [
        0.5634067058563232,
        -0.05095236003398895,
        0.8246070742607117,
        -1.6123595237731934,
        0.06692420691251755,
        0.9976310729980469,
        0.015918022021651268,
        -0.4880881607532501,
        -0.8234646916389465,
        0.046217840164899826,
        0.5654820203781128,
        2.634226083755493
    ],
    [
        0.4963073134422302,
        -0.050527364015579224,
        0.8666751980781555,
        -1.6966822147369385,
        0.07027823477983475,
        0.9973667860031128,
        0.01790139637887478,
        -0.46100127696990967,
        -0.8652976751327515,
        0.05202380567789078,
        0.49855148792266846,
        2.5233256816864014
    ],
    [
        0.3874248266220093,
        -0.05471394583582878,
        0.9202762246131897,
        -1.8164377212524414,
        0.07312249392271042,
        0.9969160556793213,
        0.028486814349889755,
        -0.41559118032455444,
        -0.9189968109130859,
        0.05625639483332634,
        0.39023083448410034,
        2.3788154125213623
    ],
    [
        0.25221550464630127,
        -0.05779892951250076,
        0.9659433960914612,
        -1.9349949359893799,
        0.07562844455242157,
        0.9963386058807373,
        0.039870504289865494,
        -0.35684657096862793,
        -0.9647112488746643,
        0.06299684196710587,
        0.2556632459163666,
        2.2414774894714355
    ],
    [
        0.09089170396327972,
        -0.06051230803132057,
        0.9940205812454224,
        -2.0509116649627686,
        0.07695557177066803,
        0.9955942630767822,
        0.053571417927742004,
        -0.2761602997779846,
        -0.992883026599884,
        0.071626216173172,
        0.09514790773391724,
        2.11130952835083
    ],
    [
        -0.038981255143880844,
        -0.060849327594041824,
        0.9973853826522827,
        -2.137342691421509,
        0.07666187733411789,
        0.9950202703475952,
        0.06370124220848083,
        -0.18844161927700043,
        -0.9962947964668274,
        0.07894459366798401,
        -0.034122250974178314,
        2.0223822593688965
    ],
    [
        -0.15700529515743256,
        -0.05886244401335716,
        0.9858418703079224,
        -2.2509615421295166,
        0.07487796992063522,
        0.9946394562721252,
        0.0713128000497818,
        -0.08251868933439255,
        -0.9847551584243774,
        0.08501433581113815,
        -0.15175628662109375,
        1.9263569116592407
    ],
    [
        -0.2714191973209381,
        -0.0570354238152504,
        0.9607698917388916,
        -2.3780155181884766,
        0.07274829596281052,
        0.994171142578125,
        0.07956978678703308,
        0.015742193907499313,
        -0.9597079753875732,
        0.09149114787578583,
        -0.2656879127025604,
        1.8196336030960083
    ],
    [
        -0.38590553402900696,
        -0.05474400520324707,
        0.9209126234054565,
        -2.492279052734375,
        0.06885481625795364,
        0.9937443733215332,
        0.08792691677808762,
        0.09795230627059937,
        -0.9199652671813965,
        0.09734074771404266,
        -0.37972211837768555,
        1.7498012781143188
    ],
    [
        -0.5183358788490295,
        -0.051068343222141266,
        0.8536509871482849,
        -2.570549488067627,
        0.06247904151678085,
        0.9932863116264343,
        0.09735901653766632,
        0.16842234134674072,
        -0.852891743183136,
        0.1037999615073204,
        -0.5116652250289917,
        1.7377241849899292
    ],
    [
        -0.6481090784072876,
        -0.04475130885839462,
        0.7602315545082092,
        -2.6027143001556396,
        0.05380259454250336,
        0.9930868148803711,
        0.10432595759630203,
        0.2129613161087036,
        -0.759644627571106,
        0.10851703584194183,
        -0.64122074842453,
        1.7677725553512573
    ],
    [
        -0.7779139876365662,
        -0.03660503402352333,
        0.6273035407066345,
        -2.6874349117279053,
        0.04259828105568886,
        0.9929330945014954,
        0.1107664480805397,
        0.24859820306301117,
        -0.6269251108169556,
        0.1128888875246048,
        -0.7708575129508972,
        1.7890342473983765
    ],
    [
        -0.881084144115448,
        -0.030552033334970474,
        0.4719715714454651,
        -2.840228319168091,
        0.02949114516377449,
        0.9924205541610718,
        0.11929667741060257,
        0.24688342213630676,
        -0.4720390737056732,
        0.11902936547994614,
        -0.8735049962997437,
        1.8167484998703003
    ]
]