[
    [
        0.9999939203262329,
        0.0034754311200231314,
        -0.0004268031916581094,
        0.09021086990833282,
        -0.0034704573918133974,
        0.9999318718910217,
        0.011148817837238312,
        -0.23460809886455536,
        0.000465520890429616,
        -0.011147269047796726,
        0.9999377727508545,
        0.31044331192970276
    ],
    [
        0.9999909400939941,
        0.004266983829438686,
        0.0002447754086460918,
        0.10664749145507812,
        -0.004270338453352451,
        0.9998643398284912,
        0.015910344198346138,
        -0.280899316072464,
        -0.00017685259808786213,
        -0.015911245718598366,
        0.9998733997344971,
        0.40500783920288086
    ],
    [
        0.9999868273735046,
        0.005121563095599413,
        -0.00032163283322006464,
        0.12432655692100525,
        -0.0051131597720086575,
        0.9997404217720032,
        0.022204099223017693,
        -0.34394770860671997,
        0.0004352692048996687,
        -0.022202162072062492,
        0.9997534155845642,
        0.5316867232322693
    ],
    [
        0.9999815225601196,
        0.00579664995893836,
        -0.0018229049164801836,
        0.13485103845596313,
        -0.005747006740421057,
        0.9996415376663208,
        0.026150768622756004,
        -0.39286527037620544,
        0.001973838312551379,
        -0.02613981068134308,
        0.9996564388275146,
        0.6283694505691528
    ],
    [
        0.9999704957008362,
        0.006813389714807272,
        -0.003551418660208583,
        0.13946011662483215,
        -0.0066972034983336926,
        0.9994730353355408,
        0.03176038712263107,
        -0.45895278453826904,
        0.003765943692997098,
        -0.03173566237092018,
        0.9994891881942749,
        0.7581202983856201
    ],
    [
        0.9999604821205139,
        0.007379541173577309,
        -0.0049767387099564075,
        0.1362353414297104,
        -0.00719761848449707,
        0.9993391036987305,
        0.035631753504276276,
        -0.507910430431366,
        0.005236396566033363,
        -0.03559452295303345,
        0.9993526339530945,
        0.8521642088890076
    ],
    [
        0.9999407529830933,
        0.008533785119652748,
        -0.006756168324500322,
        0.12304700165987015,
        -0.008251380175352097,
        0.9991341829299927,
        0.04077824205160141,
        -0.5703351497650146,
        0.00709831016138196,
        -0.040720075368881226,
        0.9991453886032104,
        0.9794216752052307
    ],
    [
        0.9999263882637024,
        0.009077637456357479,
        -0.00805182009935379,
        0.107414111495018,
        -0.008711665868759155,
        0.9989768266677856,
        0.044378120452165604,
        -0.615795373916626,
        0.00844642985612154,
        -0.04430470988154411,
        0.9989823698997498,
        1.0762863159179688
    ],
    [
        0.999897837638855,
        0.009856633841991425,
        -0.010350620374083519,
        0.0822596475481987,
        -0.009340982884168625,
        0.9987678527832031,
        0.048737335950136185,
        -0.6757336258888245,
        0.01081824954599142,
        -0.04863565042614937,
        0.9987579584121704,
        1.2106391191482544
    ],
    [
        0.9998782873153687,
        0.010135546326637268,
        -0.01186580490320921,
        0.05985132232308388,
        -0.009503568522632122,
        0.9985936284065247,
        0.052156802266836166,
        -0.7201729416847229,
        0.012377754785120487,
        -0.05203767493367195,
        0.9985684156417847,
        1.3133046627044678
    ],
    [
        0.9998444318771362,
        0.011095973663032055,
        -0.01370989065617323,
        0.022750865668058395,
        -0.010313840582966805,
        0.9983854293823242,
        0.055858906358480453,
        -0.775844395160675,
        0.014307561330497265,
        -0.055708806961774826,
        0.9983444809913635,
        1.4465177059173584
    ],
    [
        0.9998133182525635,
        0.011771762743592262,
        -0.015324275009334087,
        -0.007597287185490131,
        -0.010861233808100224,
        0.9982458353042603,
        0.05820206552743912,
        -0.8136500716209412,
        0.015982531011104584,
        -0.058024752885103226,
        0.998187243938446,
        1.5475698709487915
    ],
    [
        0.9997740387916565,
        0.011850048787891865,
        -0.017644554376602173,
        -0.045620664954185486,
        -0.010738560929894447,
        0.9980303049087524,
        0.06180790811777115,
        -0.8665755391120911,
        0.01834222674369812,
        -0.06160447746515274,
        0.9979321360588074,
        1.6852917671203613
    ],
    [
        0.9997407793998718,
        0.012510079890489578,
        -0.019026510417461395,
        -0.0812094658613205,
        -0.011256318539381027,
        0.9978456497192383,
        0.064632348716259,
        -0.9215832352638245,
        0.019794074818491936,
        -0.06440148502588272,
        0.9977278113365173,
        1.8215330839157104
    ],
    [
        0.9997149705886841,
        0.012938620522618294,
        -0.020066073164343834,
        -0.10449587553739548,
        -0.011597869917750359,
        0.9977818131446838,
        0.06555115431547165,
        -0.9603993892669678,
        0.020869705826044083,
        -0.06529980152845383,
        0.9976473450660706,
        1.9236348867416382
    ],
    [
        0.9996689558029175,
        0.013936560600996017,
        -0.021628551185131073,
        -0.1338203400373459,
        -0.012471617199480534,
        0.9977119565010071,
        0.06644856929779053,
        -1.0136841535568237,
        0.022505125030875206,
        -0.066156767308712,
        0.9975554347038269,
        2.0582263469696045
    ],
    [
        0.9996356964111328,
        0.014492767862975597,
        -0.022770889103412628,
        -0.15064501762390137,
        -0.012927002273499966,
        0.997637927532196,
        0.06746504455804825,
        -1.0534987449645996,
        0.023694857954978943,
        -0.0671461820602417,
        0.9974618554115295,
        2.161966562271118
    ],
    [
        0.999597430229187,
        0.015218435786664486,
        -0.023946700617671013,
        -0.16998139023780823,
        -0.01354153361171484,
        0.9975458979606628,
        0.0686943456530571,
        -1.1085739135742188,
        0.024933353066444397,
        -0.06834246218204498,
        0.9973503351211548,
        2.2999367713928223
    ],
    [
        0.999567985534668,
        0.01580960862338543,
        -0.024775316938757896,
        -0.1812451183795929,
        -0.014054915867745876,
        0.997485339641571,
        0.06946485489606857,
        -1.1479520797729492,
        0.02581123076379299,
        -0.06908663362264633,
        0.9972767233848572,
        2.402665138244629
    ],
    [
        0.9995293021202087,
        0.016730699688196182,
        -0.02571663074195385,
        -0.196843683719635,
        -0.014870448969304562,
        0.997372567653656,
        0.07089957594871521,
        -1.2073469161987305,
        0.026835264638066292,
        -0.07048365473747253,
        0.9971518516540527,
        2.541160821914673
    ],
    [
        0.9994896054267883,
        0.017387831583619118,
        -0.026798903942108154,
        -0.20384365320205688,
        -0.015403344295918941,
        0.9972452521324158,
        0.07255716621875763,
        -1.2525347471237183,
        0.027986694127321243,
        -0.07210727781057358,
        0.9970041513442993,
        2.648592472076416
    ],
    [
        0.9994547367095947,
        0.01811175048351288,
        -0.02760441042482853,
        -0.21714065968990326,
        -0.016033312305808067,
        0.9971486926078796,
        0.07373946905136108,
        -1.3090219497680664,
        0.028861254453659058,
        -0.07325664162635803,
        0.9968953728675842,
        2.7872438430786133
    ],
    [
        0.9994193911552429,
        0.018925873562693596,
        -0.02832859940826893,
        -0.23412711918354034,
        -0.016755040735006332,
        0.9970428943634033,
        0.07499819993972778,
        -1.3645199537277222,
        0.029664238914847374,
        -0.07447999715805054,
        0.9967811107635498,
        2.929011344909668
    ],
    [
        0.999369204044342,
        0.019549336284399033,
        -0.0296467337757349,
        -0.2476443648338318,
        -0.017238421365618706,
        0.9969363212585449,
        0.07629473507404327,
        -1.418207049369812,
        0.031047416850924492,
        -0.07573554664850235,
        0.9966444969177246,
        3.0714821815490723
    ],
    [
        0.9993173480033875,
        0.020199524238705635,
        -0.03093382716178894,
        -0.258739173412323,
        -0.017748242244124413,
        0.9968293905258179,
        0.07756409794092178,
        -1.4723289012908936,
        0.03240250423550606,
        -0.07696221768856049,
        0.9965074062347412,
        3.215871572494507
    ]
]