[
    [
        0.9980746507644653,
        0.018612898886203766,
        0.05916522815823555,
        -0.21430207788944244,
        -0.020434284582734108,
        0.9993310570716858,
        0.030330266803503036,
        -0.01653950661420822,
        -0.058561116456985474,
        -0.03148087486624718,
        0.9977872371673584,
        -0.17002283036708832
    ],
    [
        0.9988872408866882,
        0.0393824577331543,
        0.025946181267499924,
        -0.2478480339050293,
        -0.0402522012591362,
        0.9986144304275513,
        0.03389795124530792,
        -0.01883239671587944,
        -0.0245752464979887,
        -0.03490462526679039,
        0.9990884065628052,
        -0.16141125559806824
    ],
    [
        0.9977638721466064,
        0.06540607661008835,
        -0.013756773434579372,
        -0.29203054308891296,
        -0.0648375153541565,
        0.997158408164978,
        0.038357656449079514,
        -0.019246859475970268,
        0.016226505860686302,
        -0.037379927933216095,
        0.9991694688796997,
        -0.15622016787528992
    ],
    [
        0.9956090450286865,
        0.08409658074378967,
        -0.04111218824982643,
        -0.32560408115386963,
        -0.0823914110660553,
        0.9957336187362671,
        0.04154849052429199,
        -0.01789025589823723,
        0.04443087428808212,
        -0.03797876462340355,
        0.9982902407646179,
        -0.1562032401561737
    ],
    [
        0.9923902153968811,
        0.10322607308626175,
        -0.06712613254785538,
        -0.3626161813735962,
        -0.10041149705648422,
        0.9939708709716797,
        0.04404114559292793,
        -0.01402963325381279,
        0.07126761972904205,
        -0.03696577250957489,
        0.9967719912528992,
        -0.15931648015975952
    ],
    [
        0.9879369139671326,
        0.12461311370134354,
        -0.09193577617406845,
        -0.40788716077804565,
        -0.12088759988546371,
        0.9916430115699768,
        0.04505757987499237,
        -0.005222953390330076,
        0.09678224474191666,
        -0.03340015560388565,
        0.9947450160980225,
        -0.16654670238494873
    ],
    [
        0.9784712791442871,
        0.16144493222236633,
        -0.12856675684452057,
        -0.5009068250656128,
        -0.15767714381217957,
        0.9867190718650818,
        0.03903220593929291,
        0.02397359535098076,
        0.13316082954406738,
        -0.017919857054948807,
        0.9909324645996094,
        -0.1886039674282074
    ],
    [
        0.9671277403831482,
        0.1994001865386963,
        -0.15780825912952423,
        -0.61360764503479,
        -0.1978265941143036,
        0.9798979163169861,
        0.0257797259837389,
        0.07133886218070984,
        0.1597764790058136,
        0.006286380346864462,
        0.987133264541626,
        -0.2222452312707901
    ],
    [
        0.9549760222434998,
        0.23215922713279724,
        -0.18472334742546082,
        -0.7264364957809448,
        -0.2350521832704544,
        0.9719617962837219,
        0.006391472183167934,
        0.13581208884716034,
        0.1810278743505478,
        0.03731591999530792,
        0.9827697277069092,
        -0.25912871956825256
    ],
    [
        0.9385693669319153,
        0.27101680636405945,
        -0.21362943947315216,
        -0.8697822690010071,
        -0.2804754078388214,
        0.9597488641738892,
        -0.014686720445752144,
        0.22061949968338013,
        0.20105023682117462,
        0.07370229065418243,
        0.9768043756484985,
        -0.3094526529312134
    ],
    [
        0.9248940944671631,
        0.3021400570869446,
        -0.23082996904850006,
        -0.9942857623100281,
        -0.31502342224121094,
        0.9488680958747864,
        -0.020240839570760727,
        0.27914267778396606,
        0.2129116654396057,
        0.09143747389316559,
        0.9727834463119507,
        -0.353312611579895
    ],
    [
        0.9070980548858643,
        0.3411235809326172,
        -0.2465921938419342,
        -1.1526023149490356,
        -0.35384681820869446,
        0.9352705478668213,
        -0.007830347865819931,
        0.3312007188796997,
        0.2279593050479889,
        0.09435873478651047,
        0.9690876603126526,
        -0.40928173065185547
    ],
    [
        0.885053277015686,
        0.3831876218318939,
        -0.26428765058517456,
        -1.3315532207489014,
        -0.3961579501628876,
        0.9181709885597229,
        0.004581434652209282,
        0.40396344661712646,
        0.24441681802272797,
        0.10064484924077988,
        0.9644330143928528,
        -0.4726506173610687
    ],
    [
        0.8603988885879517,
        0.42070430517196655,
        -0.28761371970176697,
        -1.4878780841827393,
        -0.43631675839424133,
        0.8997280597686768,
        0.010823782533407211,
        0.4910573661327362,
        0.2633277177810669,
        0.11617790907621384,
        0.9576852917671204,
        -0.5317407250404358
    ],
    [
        0.8300414681434631,
        0.45779088139533997,
        -0.31852611899375916,
        -1.6293201446533203,
        -0.4782586693763733,
        0.8780785799026489,
        0.015703175216913223,
        0.5945338606834412,
        0.2868797481060028,
        0.13930359482765198,
        0.9477840065956116,
        -0.5933815836906433
    ],
    [
        0.8011212348937988,
        0.49287641048431396,
        -0.33952566981315613,
        -1.7526899576187134,
        -0.5120015144348145,
        0.8581580519676208,
        0.03767184168100357,
        0.6605685353279114,
        0.30993422865867615,
        0.14365795254707336,
        0.939842164516449,
        -0.6511290669441223
    ],
    [
        0.7745975852012634,
        0.5280764102935791,
        -0.34804296493530273,
        -1.8688499927520752,
        -0.538370668888092,
        0.8393357992172241,
        0.07531481236219406,
        0.6929797530174255,
        0.33189693093299866,
        0.12903748452663422,
        0.9344483017921448,
        -0.707811176776886
    ],
    [
        0.7551182508468628,
        0.552185595035553,
        -0.3533945083618164,
        -1.951682209968567,
        -0.5561825633049011,
        0.8249518275260925,
        0.10057585686445236,
        0.7238689064979553,
        0.34706997871398926,
        0.12060516327619553,
        0.9300520420074463,
        -0.7524208426475525
    ],
    [
        0.7236040830612183,
        0.5889976620674133,
        -0.359831839799881,
        -2.0828335285186768,
        -0.5828306078910828,
        0.800689697265625,
        0.13858070969581604,
        0.7791647911071777,
        0.3697373569011688,
        0.10944344848394394,
        0.9226680397987366,
        -0.8230010867118835
    ],
    [
        0.6782222986221313,
        0.6340712904930115,
        -0.3714405596256256,
        -2.253791570663452,
        -0.6136553883552551,
        0.7667624950408936,
        0.18842095136642456,
        0.8676701188087463,
        0.4042789936065674,
        0.10014523565769196,
        0.9091365933418274,
        -0.9268248677253723
    ],
    [
        0.6345350742340088,
        0.6674410700798035,
        -0.38972747325897217,
        -2.388644218444824,
        -0.6414196491241455,
        0.7360772490501404,
        0.2162664383649826,
        0.9883980751037598,
        0.4312146306037903,
        0.11275021731853485,
        0.8951767086982727,
        -1.0343750715255737
    ],
    [
        0.5818359851837158,
        0.6966451406478882,
        -0.41970500349998474,
        -2.497103214263916,
        -0.6688204407691956,
        0.7034631371498108,
        0.24045540392398834,
        1.1299622058868408,
        0.4627590775489807,
        0.14080162346363068,
        0.8752307295799255,
        -1.1463720798492432
    ],
    [
        0.5250850319862366,
        0.7262681126594543,
        -0.44364434480667114,
        -2.594897747039795,
        -0.6897761225700378,
        0.668522298336029,
        0.2780049741268158,
        1.2429237365722656,
        0.4984922409057617,
        0.1600390374660492,
        0.8519935011863708,
        -1.2591253519058228
    ],
    [
        0.458585262298584,
        0.7553003430366516,
        -0.46821022033691406,
        -2.684684991836548,
        -0.7048631906509399,
        0.6300188899040222,
        0.3259509801864624,
        1.359740138053894,
        0.541172206401825,
        0.180547833442688,
        0.8213008642196655,
        -1.387809157371521
    ],
    [
        0.3851451873779297,
        0.7779722213745117,
        -0.49640953540802,
        -2.7405874729156494,
        -0.7085803747177124,
        0.5939153432846069,
        0.38102272152900696,
        1.4605792760849,
        0.5912503600120544,
        0.2049970030784607,
        0.7799995541572571,
        -1.5113270282745361
    ]
]