[
    [
        0.9998157620429993,
        -0.0005855757044628263,
        -0.019187763333320618,
        -0.060299769043922424,
        0.0003811772330664098,
        0.999943196773529,
        -0.010654429905116558,
        -0.20125046372413635,
        0.01919291354715824,
        0.010645151138305664,
        0.9997591376304626,
        0.48674851655960083
    ],
    [
        0.9999594688415527,
        -0.003500589169561863,
        -0.00829982478171587,
        -0.1413457840681076,
        0.0033980379812419415,
        0.9999181032180786,
        -0.012337880209088326,
        -0.2791292667388916,
        0.008342335000634193,
        0.012309176847338676,
        0.9998893737792969,
        0.8374323844909668
    ],
    [
        0.9999879598617554,
        -0.004641365725547075,
        0.0016512256115674973,
        -0.18974079191684723,
        0.004659134428948164,
        0.9999294281005859,
        -0.010924694128334522,
        -0.3583439290523529,
        -0.0016003989148885012,
        0.010932264849543571,
        0.9999389052391052,
        1.2038997411727905
    ],
    [
        0.9999259114265442,
        -0.005282737780362368,
        0.010969998314976692,
        -0.2113431841135025,
        0.005344988778233528,
        0.9999697208404541,
        -0.005653112195432186,
        -0.43812307715415955,
        -0.010939800180494785,
        0.005711335688829422,
        0.9999237656593323,
        1.534829020500183
    ],
    [
        0.9994751811027527,
        -0.005135523620992899,
        0.03198195621371269,
        -0.24580088257789612,
        0.005226592067629099,
        0.999982476234436,
        -0.00276454770937562,
        -0.4972012937068939,
        -0.031967196613550186,
        0.002930245827883482,
        0.9994847178459167,
        1.8676762580871582
    ],
    [
        0.9983870387077332,
        -0.002128162421286106,
        0.056734323501586914,
        -0.3013904392719269,
        0.0022641480900347233,
        0.9999947547912598,
        -0.002332726726308465,
        -0.548088550567627,
        -0.05672905594110489,
        0.0024574212729930878,
        0.998386561870575,
        2.1822633743286133
    ],
    [
        0.9988844394683838,
        0.007520886603742838,
        0.0466197244822979,
        -0.3095480799674988,
        -0.007569117937237024,
        0.9999709725379944,
        0.0008581074071116745,
        -0.624180018901825,
        -0.04661191254854202,
        -0.0012100156163796782,
        0.9989122748374939,
        2.5519092082977295
    ],
    [
        0.9998492002487183,
        0.01735939085483551,
        -0.00041849014814943075,
        -0.2882383465766907,
        -0.017357777804136276,
        0.9998428821563721,
        0.0035909630823880434,
        -0.694323718547821,
        0.0004807631194125861,
        -0.0035831525456160307,
        0.9999935030937195,
        2.8987057209014893
    ],
    [
        0.9995360374450684,
        0.019399341195821762,
        -0.023481294512748718,
        -0.3282407820224762,
        -0.019391942769289017,
        0.9998117685317993,
        0.0005427387077361345,
        -0.7337636351585388,
        0.023487402126193047,
        -8.714530849829316e-05,
        0.9997241497039795,
        3.1788697242736816
    ],
    [
        0.9996764063835144,
        0.008249572478234768,
        -0.024062776938080788,
        -0.4130081236362457,
        -0.008163383230566978,
        0.9999598860740662,
        0.0036778103094547987,
        -0.7994313836097717,
        0.02409215457737446,
        -0.0034801869187504053,
        0.9997037053108215,
        3.5596323013305664
    ],
    [
        0.9996393322944641,
        -0.0012060407316312194,
        -0.026829343289136887,
        -0.4807870388031006,
        0.0014323416398838162,
        0.999963641166687,
        0.008417235687375069,
        -0.8669511675834656,
        0.02681821584701538,
        -0.008452622219920158,
        0.9996046423912048,
        3.933939218521118
    ],
    [
        0.9995934367179871,
        -0.010531122796237469,
        -0.026494061574339867,
        -0.5183824896812439,
        0.010616485960781574,
        0.9999388456344604,
        0.00308334082365036,
        -0.924112856388092,
        0.026459969580173492,
        -0.003363366238772869,
        0.9996442198753357,
        4.226138591766357
    ],
    [
        0.999380886554718,
        -0.01766262575984001,
        -0.030428223311901093,
        -0.5468133091926575,
        0.017444726079702377,
        0.999820351600647,
        -0.007411833852529526,
        -1.0053555965423584,
        0.030553674325346947,
        0.00687643326818943,
        0.9995094537734985,
        4.586263656616211
    ],
    [
        0.9993517994880676,
        -0.013261462561786175,
        -0.033467862755060196,
        -0.5717897415161133,
        0.012348281219601631,
        0.9995497465133667,
        -0.027346080169081688,
        -1.0460785627365112,
        0.03381543606519699,
        0.026915080845355988,
        0.9990655779838562,
        4.855120658874512
    ],
    [
        0.9994037747383118,
        -0.006835481151938438,
        -0.033840615302324295,
        -0.5978556275367737,
        0.005561982747167349,
        0.9992780089378357,
        -0.03758437559008598,
        -1.1000698804855347,
        0.03407308831810951,
        0.03737374767661095,
        0.9987202286720276,
        5.131318092346191
    ],
    [
        0.9993778467178345,
        -0.0007240076665766537,
        -0.035261161625385284,
        -0.6216400265693665,
        -0.0006557510932907462,
        0.9992349743843079,
        -0.039102423936128616,
        -1.1522331237792969,
        0.03526249900460243,
        0.039101216942071915,
        0.9986127614974976,
        5.40716028213501
    ],
    [
        0.9985263347625732,
        0.0038538456428796053,
        -0.05413207784295082,
        -0.5512552261352539,
        -0.005881108809262514,
        0.9992852210998535,
        -0.037341080605983734,
        -1.212679386138916,
        0.05394947901368141,
        0.03760441392660141,
        0.9978352785110474,
        5.711455821990967
    ],
    [
        0.996718168258667,
        0.010025395080447197,
        -0.08032672852277756,
        -0.4958815574645996,
        -0.012801709584891796,
        0.9993357062339783,
        -0.03412267938256264,
        -1.2684776782989502,
        0.07993125915527344,
        0.03503899648785591,
        0.9961844682693481,
        6.004530906677246
    ],
    [
        0.9925175309181213,
        0.019115671515464783,
        -0.12059629708528519,
        -0.44573163986206055,
        -0.02237858437001705,
        0.9994176626205444,
        -0.02576061338186264,
        -1.336908221244812,
        0.1200336217880249,
        0.028266454115509987,
        0.9923673272132874,
        6.33828067779541
    ],
    [
        0.9825217723846436,
        0.024679770693182945,
        -0.1845046579837799,
        -0.32123470306396484,
        -0.02858697436749935,
        0.9994192123413086,
        -0.01854652352631092,
        -1.3961607217788696,
        0.18393979966640472,
        0.023496637120842934,
        0.9826566576957703,
        6.64594841003418
    ],
    [
        0.9666377902030945,
        0.02816687524318695,
        -0.2545934021472931,
        -0.1956651508808136,
        -0.03262774646282196,
        0.9993788599967957,
        -0.013314587995409966,
        -1.436126708984375,
        0.25406038761138916,
        0.021177228540182114,
        0.9669564366340637,
        6.9324188232421875
    ],
    [
        0.9429945945739746,
        0.03606783598661423,
        -0.3308478891849518,
        -0.08980804681777954,
        -0.03932993859052658,
        0.9992212653160095,
        -0.0031680928077548742,
        -1.484329342842102,
        0.33047595620155334,
        0.015999749302864075,
        0.943678617477417,
        7.24965238571167
    ],
    [
        0.917795717716217,
        0.04549916461110115,
        -0.39443716406822205,
        -0.02419046126306057,
        -0.04692864790558815,
        0.99888014793396,
        0.0060271709226071835,
        -1.5357407331466675,
        0.39427000284194946,
        0.01297872606664896,
        0.9189029932022095,
        7.516382694244385
    ],
    [
        0.8845661282539368,
        0.05671323463320732,
        -0.4629538357257843,
        0.04231254756450653,
        -0.057046353816986084,
        0.9982830286026001,
        0.01329424511641264,
        -1.599462628364563,
        0.46291297674179077,
        0.014650188386440277,
        0.8862826824188232,
        7.809238433837891
    ],
    [
        0.8457852602005005,
        0.06534189730882645,
        -0.5295071005821228,
        0.08938022702932358,
        -0.069294773042202,
        0.9975191354751587,
        0.012410150840878487,
        -1.6611427068710327,
        0.5290042161941528,
        0.026195764541625977,
        0.8482147455215454,
        8.11445140838623
    ]
]