[
    [
        0.9999961853027344,
        0.000176377609022893,
        0.0027739685028791428,
        -0.053846389055252075,
        -0.0001801974285626784,
        0.9999990463256836,
        0.0013766863849014044,
        -0.0018924508476629853,
        -0.0027737226337194443,
        -0.0013771813828498125,
        0.9999951124191284,
        0.07257553189992905
    ],
    [
        0.9999924302101135,
        -0.00016012699052225798,
        0.0038988704327493906,
        -0.06451166421175003,
        0.0001536840427434072,
        0.9999986886978149,
        0.0016527666011825204,
        -0.0021656472235918045,
        -0.003899129806086421,
        -0.0016521550714969635,
        0.9999909400939941,
        0.08185305446386337
    ],
    [
        0.9999880194664001,
        -0.0004222517309244722,
        0.00488050514832139,
        -0.07457402348518372,
        0.00041277630953118205,
        0.9999980330467224,
        0.0019423887133598328,
        -0.002331716474145651,
        -0.0048813167959451675,
        -0.001940351095981896,
        0.9999861717224121,
        0.09071765840053558
    ],
    [
        0.9999813437461853,
        -0.0007165645947679877,
        0.0060609010979533195,
        -0.08528175204992294,
        0.0007029693806543946,
        0.9999972581863403,
        0.0022450005635619164,
        -0.0026945790741592646,
        -0.006062492728233337,
        -0.002240697620436549,
        0.9999791383743286,
        0.09978953003883362
    ],
    [
        0.9999719858169556,
        -0.0010999375954270363,
        0.007409179583191872,
        -0.09824129194021225,
        0.0010810346575453877,
        0.9999962449073792,
        0.0025547444820404053,
        -0.0031663195695728064,
        -0.007411960978060961,
        -0.0025466629303991795,
        0.9999692440032959,
        0.11079531162977219
    ],
    [
        0.9999615550041199,
        -0.0014498402597382665,
        0.008651802316308022,
        -0.10952549427747726,
        0.001425430760718882,
        0.9999950528144836,
        0.0028267870657145977,
        -0.003662268863990903,
        -0.008655858226120472,
        -0.002814345760270953,
        0.9999585151672363,
        0.12032300978899002
    ],
    [
        0.9999505877494812,
        -0.0018397916574031115,
        0.009765304625034332,
        -0.12006454169750214,
        0.0018101471941918135,
        0.9999937415122986,
        0.003043588250875473,
        -0.003918103873729706,
        -0.00977084320038557,
        -0.0030257615726441145,
        0.9999477863311768,
        0.12997376918792725
    ],
    [
        0.9999376535415649,
        -0.0021175078582018614,
        0.010969272814691067,
        -0.13068196177482605,
        0.002082492457702756,
        0.9999926686286926,
        0.0032026011031121016,
        -0.0038754146080464125,
        -0.010975974611938,
        -0.003179558552801609,
        0.9999346733093262,
        0.13916589319705963
    ],
    [
        0.999922513961792,
        -0.0023471994791179895,
        0.012231063097715378,
        -0.14329281449317932,
        0.0023044305853545666,
        0.999991238117218,
        0.0035096118226647377,
        -0.004183733370155096,
        -0.012239194475114346,
        -0.0034811540972441435,
        0.9999189376831055,
        0.1501471847295761
    ],
    [
        0.9999064207077026,
        -0.0024855704978108406,
        0.01345401257276535,
        -0.15383778512477875,
        0.0024338182993233204,
        0.9999896287918091,
        0.003861547214910388,
        -0.004581604618579149,
        -0.01346347201615572,
        -0.0038284421898424625,
        0.9999020099639893,
        0.1590472161769867
    ],
    [
        0.9998882412910461,
        -0.0028778708074241877,
        0.014672528021037579,
        -0.16489975154399872,
        0.002819306682795286,
        0.9999880194664001,
        0.0040105655789375305,
        -0.004735455848276615,
        -0.014683893881738186,
        -0.003968751523643732,
        0.9998842477798462,
        0.16869288682937622
    ],
    [
        0.999869704246521,
        -0.0031139887869358063,
        0.01583869196474552,
        -0.17567691206932068,
        0.0030450003687292337,
        0.9999858140945435,
        0.004377972334623337,
        -0.00527276610955596,
        -0.015852101147174835,
        -0.004329172428697348,
        0.999864935874939,
        0.17804177105426788
    ],
    [
        0.9998472332954407,
        -0.003334928071126342,
        0.017163528129458427,
        -0.18831442296504974,
        0.003252260386943817,
        0.999983012676239,
        0.004842150956392288,
        -0.005951575934886932,
        -0.01717938296496868,
        -0.0047855922020971775,
        0.9998409748077393,
        0.18889838457107544
    ],
    [
        0.999824583530426,
        -0.003564630402252078,
        0.018392669036984444,
        -0.19965854287147522,
        0.003472408279776573,
        0.9999813437461853,
        0.0050435601733624935,
        -0.006087632849812508,
        -0.018410302698612213,
        -0.004978808108717203,
        0.9998180270195007,
        0.19825300574302673
    ],
    [
        0.9998039603233337,
        -0.003751027397811413,
        0.019441872835159302,
        -0.2098488211631775,
        0.003647745354101062,
        0.9999790787696838,
        0.005345115903764963,
        -0.006362945772707462,
        -0.01946151629090309,
        -0.005273148883134127,
        0.9997966885566711,
        0.2070721983909607
    ],
    [
        0.9997825622558594,
        -0.004143312573432922,
        0.020434506237506866,
        -0.22046276926994324,
        0.00403045816347003,
        0.9999764561653137,
        0.005560881458222866,
        -0.006462350487709045,
        -0.020457062870264053,
        -0.005477311555296183,
        0.9997757077217102,
        0.216652512550354
    ],
    [
        0.9997544288635254,
        -0.0042645554058253765,
        0.02175111323595047,
        -0.23302282392978668,
        0.004130088724195957,
        0.9999721050262451,
        0.006223278120160103,
        -0.007173654157668352,
        -0.021777043119072914,
        -0.006131915841251612,
        0.9997441172599792,
        0.2278185933828354
    ],
    [
        0.9997300505638123,
        -0.004442685749381781,
        0.02280852198600769,
        -0.24393269419670105,
        0.004298658575862646,
        0.999970555305481,
        0.006359743885695934,
        -0.007362938951700926,
        -0.02283610589802265,
        -0.006259980145841837,
        0.9997196793556213,
        0.2372070550918579
    ],
    [
        0.9997002482414246,
        -0.004222200717777014,
        0.02411501295864582,
        -0.2547960579395294,
        0.004055987577885389,
        0.9999678134918213,
        0.006937247235327959,
        -0.00777270644903183,
        -0.024143526330590248,
        -0.006837357301265001,
        0.9996851682662964,
        0.24619512259960175
    ],
    [
        0.9996763467788696,
        -0.0043550762347877026,
        0.025062529370188713,
        -0.2654029130935669,
        0.004173994529992342,
        0.9999648928642273,
        0.007272964809089899,
        -0.007742032408714294,
        -0.02509332448244095,
        -0.0071659996174275875,
        0.999659538269043,
        0.2554601728916168
    ],
    [
        0.9996419548988342,
        -0.004766485653817654,
        0.02633051946759224,
        -0.2779802083969116,
        0.004561050795018673,
        0.9999587535858154,
        0.007856740616261959,
        -0.008107001893222332,
        -0.026366882026195526,
        -0.007733833510428667,
        0.9996224641799927,
        0.2661682963371277
    ],
    [
        0.9996126294136047,
        -0.004765060264617205,
        0.027423860505223274,
        -0.2883891761302948,
        0.004536288324743509,
        0.9999544620513916,
        0.00839825440198183,
        -0.008365580812096596,
        -0.027462629601359367,
        -0.008270598948001862,
        0.999588668346405,
        0.2750009298324585
    ],
    [
        0.9995843172073364,
        -0.00442445557564497,
        0.02848861739039421,
        -0.2982645332813263,
        0.004173131659626961,
        0.999951958656311,
        0.0088753467425704,
        -0.008457334712147713,
        -0.028526516631245613,
        -0.008752770721912384,
        0.9995546936988831,
        0.2834051251411438
    ],
    [
        0.9995543956756592,
        -0.004110728856176138,
        0.029564067721366882,
        -0.3076222240924835,
        0.003836659714579582,
        0.9999492168426514,
        0.009321100078523159,
        -0.008609505370259285,
        -0.029600882902741432,
        -0.009203520603477955,
        0.9995194673538208,
        0.29110437631607056
    ],
    [
        0.9995206594467163,
        -0.004054637625813484,
        0.03069273941218853,
        -0.31719130277633667,
        0.003758498700335622,
        0.999945878982544,
        0.009700077585875988,
        -0.008564245887100697,
        -0.030730409547686577,
        -0.009580068290233612,
        0.9994818568229675,
        0.29928404092788696
    ]
]