[
    [
        0.9802476763725281,
        0.03029627911746502,
        -0.1954394280910492,
        0.3415255546569824,
        -0.027486693114042282,
        0.9994763731956482,
        0.017072536051273346,
        0.036908429116010666,
        0.19585435092449188,
        -0.01136332843452692,
        0.9805671572685242,
        0.09353354573249817
    ],
    [
        0.9497714042663574,
        0.037423111498355865,
        -0.3106990456581116,
        0.5268614292144775,
        -0.03289363905787468,
        0.9992625713348389,
        0.019807210192084312,
        0.03415331616997719,
        0.31121116876602173,
        -0.008592301048338413,
        0.9503018260002136,
        0.10978259146213531
    ],
    [
        0.9144408702850342,
        0.043010156601667404,
        -0.40242764353752136,
        0.7128081917762756,
        -0.036986734718084335,
        0.9990571737289429,
        0.02273060381412506,
        0.06541543453931808,
        0.40302589535713196,
        -0.005901307333260775,
        0.9151695370674133,
        0.1174979880452156
    ],
    [
        0.8871485590934753,
        0.04635573923587799,
        -0.45914989709854126,
        0.9135139584541321,
        -0.0393972173333168,
        0.9989175796508789,
        0.024729136377573013,
        0.05009894818067551,
        0.45979925990104675,
        -0.0038491899613291025,
        0.8880144357681274,
        0.06322168558835983
    ],
    [
        0.8609054088592529,
        0.04933493956923485,
        -0.5063672661781311,
        1.1396292448043823,
        -0.04246719926595688,
        0.9987822771072388,
        0.025109484791755676,
        0.011041933670639992,
        0.5069894194602966,
        -0.00011289383837720379,
        0.8619522452354431,
        -0.019218113273382187
    ],
    [
        0.8379780054092407,
        0.05191037431359291,
        -0.5432295203208923,
        1.3687227964401245,
        -0.04450225457549095,
        0.9986502528190613,
        0.026781318709254265,
        -0.004556911997497082,
        0.5438865423202515,
        0.0017327851383015513,
        0.8391570448875427,
        -0.06823017448186874
    ],
    [
        0.8084839582443237,
        0.05389096960425377,
        -0.586045503616333,
        1.6877291202545166,
        -0.04596910998225212,
        0.9985389709472656,
        0.02840554155409336,
        -0.025120459496974945,
        0.5867199897766113,
        0.003974566701799631,
        0.8097801208496094,
        -0.08804050087928772
    ],
    [
        0.7810441851615906,
        0.05744776129722595,
        -0.6218278408050537,
        1.9468631744384766,
        -0.04848432540893555,
        0.9983324408531189,
        0.031332727521657944,
        -0.05660519376397133,
        0.6225907802581787,
        0.005676650907844305,
        0.782526969909668,
        -0.14306065440177917
    ],
    [
        0.7514890432357788,
        0.06019199267029762,
        -0.6569939255714417,
        2.1842901706695557,
        -0.051062751561403275,
        0.9981487393379211,
        0.033040571957826614,
        -0.06200592592358589,
        0.657766580581665,
        0.008718294091522694,
        0.753171443939209,
        -0.2626208961009979
    ],
    [
        0.7327467203140259,
        0.061075903475284576,
        -0.6777551770210266,
        2.423579454421997,
        -0.05306857451796532,
        0.9980596899986267,
        0.032565709203481674,
        -0.09981842339038849,
        0.6784290671348572,
        0.012105084024369717,
        0.7345660924911499,
        -0.40445375442504883
    ],
    [
        0.7194940447807312,
        0.06256373226642609,
        -0.6916748285293579,
        2.655816078186035,
        -0.054780181497335434,
        0.9979435801506042,
        0.0332830548286438,
        -0.17548397183418274,
        0.6923347115516663,
        0.01394310686737299,
        0.7214418053627014,
        -0.5165191292762756
    ],
    [
        0.7116336226463318,
        0.05557866767048836,
        -0.7003490328788757,
        2.818065643310547,
        -0.05565876513719559,
        0.9981927871704102,
        0.02265952341258526,
        -0.2521582543849945,
        0.7003425359725952,
        0.02285526879131794,
        0.713441014289856,
        -0.5422173738479614
    ],
    [
        0.7037283778190613,
        0.027993150055408478,
        -0.7099175453186035,
        3.0139963626861572,
        -0.05646036937832832,
        0.9982666969299316,
        -0.01660493202507496,
        -0.36191999912261963,
        0.7082222104072571,
        0.05176755413413048,
        0.7040891051292419,
        -0.5319986939430237
    ],
    [
        0.6945421099662781,
        -0.01892937906086445,
        -0.7192031741142273,
        3.181556463241577,
        -0.057504020631313324,
        0.9949949979782104,
        -0.08172041177749634,
        -0.5167499780654907,
        0.7171503901481628,
        0.09811534732580185,
        0.68997722864151,
        -0.5424104928970337
    ],
    [
        0.6859003901481628,
        -0.07390017807483673,
        -0.7239334583282471,
        3.2866077423095703,
        -0.05978645384311676,
        0.9857439398765564,
        -0.15727169811725616,
        -0.6590597033500671,
        0.7252353429794312,
        0.15115408599376678,
        0.6717039942741394,
        -0.5618186593055725
    ],
    [
        0.6752382516860962,
        -0.13936014473438263,
        -0.7243146896362305,
        3.3647396564483643,
        -0.062243275344371796,
        0.9677206873893738,
        -0.24421809613704681,
        -0.8022772073745728,
        0.7349687218666077,
        0.20998917520046234,
        0.6447678804397583,
        -0.591385006904602
    ],
    [
        0.6624651551246643,
        -0.19005566835403442,
        -0.7245816588401794,
        3.3973255157470703,
        -0.06392814964056015,
        0.9494064450263977,
        -0.30747437477111816,
        -0.9088489413261414,
        0.7463598847389221,
        0.25001227855682373,
        0.6167989373207092,
        -0.6256959438323975
    ],
    [
        0.6478683948516846,
        -0.24681277573108673,
        -0.7206593155860901,
        3.4161324501037598,
        -0.06661182641983032,
        0.924074649810791,
        -0.3763626515865326,
        -1.0262460708618164,
        0.7588342428207397,
        0.2918379008769989,
        0.5822381973266602,
        -0.6492666006088257
    ],
    [
        0.6372840404510498,
        -0.29084834456443787,
        -0.7136359810829163,
        3.4190587997436523,
        -0.0679459273815155,
        0.9012304544448853,
        -0.42798036336898804,
        -1.085102915763855,
        0.7676278352737427,
        0.3212336599826813,
        0.5545778274536133,
        -0.6480394601821899
    ],
    [
        0.6253684163093567,
        -0.3245767056941986,
        -0.7096226811408997,
        3.4198596477508545,
        -0.06875915825366974,
        0.882930338382721,
        -0.46444180607795715,
        -1.1410502195358276,
        0.777294397354126,
        0.3392401933670044,
        0.529839038848877,
        -0.605671226978302
    ],
    [
        0.6082636713981628,
        -0.34732842445373535,
        -0.7137075066566467,
        3.4038238525390625,
        -0.06820721924304962,
        0.8729774951934814,
        -0.48296788334846497,
        -1.1703201532363892,
        0.7907990217208862,
        0.34245193004608154,
        0.507310152053833,
        -0.5263360142707825
    ],
    [
        0.5773048400878906,
        -0.37073010206222534,
        -0.7275151014328003,
        3.3470518589019775,
        -0.06673260033130646,
        0.8665828704833984,
        -0.49455124139785767,
        -1.2119275331497192,
        0.8137972354888916,
        0.3340558409690857,
        0.4755427837371826,
        -0.36495131254196167
    ],
    [
        0.5428683757781982,
        -0.39254653453826904,
        -0.7424291968345642,
        3.2787604331970215,
        -0.06598737090826035,
        0.8613651394844055,
        -0.5036822557449341,
        -1.279624581336975,
        0.8372213244438171,
        0.32242411375045776,
        0.4417048394680023,
        -0.19865655899047852
    ],
    [
        0.4973823130130768,
        -0.4267966151237488,
        -0.7552851438522339,
        3.228111743927002,
        -0.0650862455368042,
        0.8498020768165588,
        -0.5230679512023926,
        -1.3611477613449097,
        0.8650864958763123,
        0.30932343006134033,
        0.3948978781700134,
        -0.02604394033551216
    ],
    [
        0.4407627284526825,
        -0.4722788333892822,
        -0.7633354067802429,
        3.1901297569274902,
        -0.0645412728190422,
        0.8315202593803406,
        -0.5517323613166809,
        -1.435930609703064,
        0.8953003883361816,
        0.2924496829509735,
        0.33602169156074524,
        0.1718282550573349
    ]
]