[
    [
        0.9952489137649536,
        -0.024193499237298965,
        0.09430898725986481,
        1.9725366830825806,
        0.010374299250543118,
        0.9894718527793884,
        0.14435338973999023,
        -0.5311905741691589,
        -0.09680866450071335,
        -0.14268918335437775,
        0.9850217700004578,
        5.653932571411133
    ],
    [
        0.9848505258560181,
        -0.04465508833527565,
        0.16755680739879608,
        2.0402016639709473,
        0.013552634976804256,
        0.9831393361091614,
        0.18235495686531067,
        -0.5058865547180176,
        -0.1728747934103012,
        -0.17732156813144684,
        0.9688505530357361,
        5.604437828063965
    ],
    [
        0.9665333032608032,
        -0.07225813716650009,
        0.24615474045276642,
        2.1135878562927246,
        0.016485929489135742,
        0.9750246405601501,
        0.22148378193378448,
        -0.4818337857723236,
        -0.2560109496116638,
        -0.21001338958740234,
        0.9435850977897644,
        5.533606052398682
    ],
    [
        0.9429492950439453,
        -0.10339709371328354,
        0.3164735734462738,
        2.1668477058410645,
        0.01891784369945526,
        0.9656572937965393,
        0.25912946462631226,
        -0.4725203812122345,
        -0.33239826560020447,
        -0.23835884034633636,
        0.91252201795578,
        5.451330184936523
    ],
    [
        0.9138145446777344,
        -0.13548296689987183,
        0.3828672766685486,
        2.1908955574035645,
        0.021725736558437347,
        0.9576744437217712,
        0.2870323359966278,
        -0.49812331795692444,
        -0.4055502712726593,
        -0.2539762258529663,
        0.8780803680419922,
        5.36533784866333
    ],
    [
        0.8785020709037781,
        -0.16743914783000946,
        0.4474351704120636,
        2.187213897705078,
        0.02349225804209709,
        0.9505767226219177,
        0.309599906206131,
        -0.5246363282203674,
        -0.47716060280799866,
        -0.2614727020263672,
        0.8390172123908997,
        5.275581359863281
    ],
    [
        0.8399054408073425,
        -0.19729776680469513,
        0.5056009888648987,
        2.158799409866333,
        0.02603856287896633,
        0.945159912109375,
        0.3255684971809387,
        -0.5686306953430176,
        -0.542107880115509,
        -0.26028165221214294,
        0.7989822030067444,
        5.175938606262207
    ],
    [
        0.8026613593101501,
        -0.2223951667547226,
        0.5534212589263916,
        2.130100727081299,
        0.02729584276676178,
        0.9406068921089172,
        0.33839869499206543,
        -0.6204220056533813,
        -0.595810055732727,
        -0.2565135061740875,
        0.7610593438148499,
        5.078989505767822
    ],
    [
        0.7698708176612854,
        -0.24087902903556824,
        0.5909960865974426,
        2.0922372341156006,
        0.02828347310423851,
        0.9380038380622864,
        0.34546905755996704,
        -0.6709773540496826,
        -0.637572705745697,
        -0.24925114214420319,
        0.7289546132087708,
        4.986092567443848
    ],
    [
        0.7316526174545288,
        -0.2576937675476074,
        0.6310930252075195,
        2.0474627017974854,
        0.030959639698266983,
        0.937400221824646,
        0.3468751907348633,
        -0.7172832489013672,
        -0.6809741854667664,
        -0.23425373435020447,
        0.6938294768333435,
        4.886480808258057
    ],
    [
        0.6818844676017761,
        -0.2767302691936493,
        0.6770922541618347,
        2.0010452270507812,
        0.03491981700062752,
        0.9369326829910278,
        0.3477611243724823,
        -0.7520707845687866,
        -0.7306259274482727,
        -0.21348895132541656,
        0.648543119430542,
        4.77567720413208
    ],
    [
        0.6134352087974548,
        -0.29961130023002625,
        0.7307054400444031,
        1.9558696746826172,
        0.040024902671575546,
        0.9358476996421814,
        0.35012438893318176,
        -0.7544196844100952,
        -0.788730263710022,
        -0.18553225696086884,
        0.5860740542411804,
        4.643555641174316
    ],
    [
        0.5337345600128174,
        -0.318968802690506,
        0.7831898927688599,
        1.9180753231048584,
        0.04395749419927597,
        0.9353497624397278,
        0.35098230838775635,
        -0.7527273297309875,
        -0.8445087671279907,
        -0.15290433168411255,
        0.5132494568824768,
        4.4985222816467285
    ],
    [
        0.4399043321609497,
        -0.32272079586982727,
        0.8380544781684875,
        1.8657405376434326,
        0.0471353754401207,
        0.9402102828025818,
        0.33731725811958313,
        -0.7196334600448608,
        -0.8968068361282349,
        -0.10888533294200897,
        0.4288143217563629,
        4.327760696411133
    ],
    [
        0.33857429027557373,
        -0.31427237391471863,
        0.8869048357009888,
        1.802769422531128,
        0.04804471135139465,
        0.9471182227134705,
        0.3172677755355835,
        -0.6687568426132202,
        -0.9397122859954834,
        -0.06480765342712402,
        0.3357689678668976,
        4.158915996551514
    ],
    [
        0.23270337283611298,
        -0.2885555922985077,
        0.9287543296813965,
        1.7123966217041016,
        0.047531113028526306,
        0.9572036862373352,
        0.2854853868484497,
        -0.6120036244392395,
        -0.9713854789733887,
        -0.02228866145014763,
        0.23645979166030884,
        4.015419960021973
    ],
    [
        0.12733584642410278,
        -0.261019229888916,
        0.9568983912467957,
        1.6148676872253418,
        0.04864845052361488,
        0.9652342200279236,
        0.25681933760643005,
        -0.5571953058242798,
        -0.9906660318374634,
        0.013849272392690182,
        0.13560710847377777,
        3.890873670578003
    ],
    [
        0.023053959012031555,
        -0.24227747321128845,
        0.9699331521987915,
        1.5173135995864868,
        0.048725675791502,
        0.9693101644515991,
        0.24096377193927765,
        -0.4981808662414551,
        -0.9985461831092834,
        0.04170546308159828,
        0.034151606261730194,
        3.7830607891082764
    ],
    [
        -0.07780792564153671,
        -0.2231043577194214,
        0.9716842770576477,
        1.4353270530700684,
        0.04950122535228729,
        0.972572386264801,
        0.22727209329605103,
        -0.43294063210487366,
        -0.9957387447357178,
        0.06578312069177628,
        -0.06462989747524261,
        3.6968026161193848
    ],
    [
        -0.18292772769927979,
        -0.20599257946014404,
        0.9613035917282104,
        1.3707047700881958,
        0.04906080290675163,
        0.9746715426445007,
        0.21819302439689636,
        -0.3591318130493164,
        -0.9819014072418213,
        0.08707588911056519,
        -0.16818828880786896,
        3.6176505088806152
    ],
    [
        -0.2843053340911865,
        -0.18900473415851593,
        0.9399189949035645,
        1.3021214008331299,
        0.048454754054546356,
        0.9762898087501526,
        0.21097491681575775,
        -0.2844395637512207,
        -0.9575086236000061,
        0.10552483797073364,
        -0.2684062123298645,
        3.562039613723755
    ],
    [
        -0.3896140456199646,
        -0.17153218388557434,
        0.9048633575439453,
        1.2232439517974854,
        0.047453634440898895,
        0.9774583578109741,
        0.20572631061077118,
        -0.20065703988075256,
        -0.9197548627853394,
        0.12309291213750839,
        -0.37269169092178345,
        3.506462335586548
    ],
    [
        -0.4908766448497772,
        -0.1542564332485199,
        0.8574642539024353,
        1.1384217739105225,
        0.04489094391465187,
        0.9784151315689087,
        0.2017141878604889,
        -0.14712156355381012,
        -0.8700717091560364,
        0.13750919699668884,
        -0.4733563959598541,
        3.4778831005096436
    ],
    [
        -0.5784890055656433,
        -0.13695085048675537,
        0.8041112422943115,
        1.063300371170044,
        0.04239748790860176,
        0.9794239401817322,
        0.19731028378009796,
        -0.11043579131364822,
        -0.8145875334739685,
        0.14823412895202637,
        -0.5607795715332031,
        3.4671378135681152
    ],
    [
        -0.6516363620758057,
        -0.12198638916015625,
        0.7486583590507507,
        1.0096981525421143,
        0.039309628307819366,
        0.9802268147468567,
        0.19393347203731537,
        -0.07451897114515305,
        -0.7575122117996216,
        0.15580357611179352,
        -0.633956253528595,
        3.458141803741455
    ]
]