[
    [
        0.9999995231628418,
        0.0008444685372523963,
        0.0005326422397047281,
        -0.021843835711479187,
        -0.0008449785527773201,
        0.9999992251396179,
        0.000958992401137948,
        -0.001368194818496704,
        -0.0005318327457644045,
        -0.0009594425791874528,
        0.9999994039535522,
        0.0007065464742481709
    ],
    [
        0.9999980330467224,
        0.0007773019606247544,
        0.0018454446690157056,
        -0.03033614717423916,
        -0.000779080088250339,
        0.9999992847442627,
        0.0009629661799408495,
        -0.0014424949185922742,
        -0.0018446949543431401,
        -0.0009644017554819584,
        0.9999977350234985,
        0.0016206861473619938
    ],
    [
        0.9999944567680359,
        0.0015576704172417521,
        0.0029533354099839926,
        -0.03889847174286842,
        -0.001559560769237578,
        0.9999986290931702,
        0.000638011668343097,
        -0.0014203422470018268,
        -0.0029523384291678667,
        -0.000642613391391933,
        0.9999954700469971,
        0.002512957202270627
    ],
    [
        0.9999887347221375,
        0.002304586349055171,
        0.0041730464436113834,
        -0.048542920500040054,
        -0.0023061700630933046,
        0.9999972581863403,
        0.0003747634473256767,
        -0.0011548977345228195,
        -0.004172171466052532,
        -0.0003843824379146099,
        0.9999911785125732,
        0.0035147652961313725
    ],
    [
        0.9999814033508301,
        0.002518195891752839,
        0.0055663506500422955,
        -0.06140734627842903,
        -0.0025226909201592207,
        0.9999964833259583,
        0.0008006768766790628,
        -0.0012482963502407074,
        -0.005564315244555473,
        -0.0008147042826749384,
        0.9999842643737793,
        0.005029192194342613
    ],
    [
        0.999973714351654,
        0.0027460830751806498,
        0.0067139738239347935,
        -0.07133541256189346,
        -0.00274952151812613,
        0.9999961853027344,
        0.0005030640750192106,
        -0.000939381483476609,
        -0.006712565664201975,
        -0.000521511014085263,
        0.9999773502349854,
        0.0062384214252233505
    ],
    [
        0.999965488910675,
        0.0032848671544343233,
        0.007634941954165697,
        -0.08135467022657394,
        -0.0032868399284780025,
        0.9999945759773254,
        0.00024573164409957826,
        -0.0009412759682163596,
        -0.0076340921223163605,
        -0.00027081830194219947,
        0.9999707937240601,
        0.007369243074208498
    ],
    [
        0.9999547004699707,
        0.0037059581372886896,
        0.008772820234298706,
        -0.09410585463047028,
        -0.0037073269486427307,
        0.999993085861206,
        0.00013978862261865288,
        -0.0009205641690641642,
        -0.00877224188297987,
        -0.0001723063614917919,
        0.9999614953994751,
        0.008767856284976006
    ],
    [
        0.9999487400054932,
        0.0038897765334695578,
        0.00935387797653675,
        -0.10305682569742203,
        -0.003891041735187173,
        0.9999924898147583,
        0.00011706468649208546,
        -0.0005942859570495784,
        -0.009353351779282093,
        -0.00015345533029176295,
        0.9999562501907349,
        0.009974109940230846
    ],
    [
        0.9999415874481201,
        0.004186008125543594,
        0.009972834028303623,
        -0.11212200671434402,
        -0.004187650978565216,
        0.9999911785125732,
        0.00014384467795025557,
        -0.0007227175519801676,
        -0.009972144849598408,
        -0.00018559831369202584,
        0.9999502897262573,
        0.011040233075618744
    ],
    [
        0.999932587146759,
        0.004699634853750467,
        0.01061425730586052,
        -0.12099423259496689,
        -0.004696084186434746,
        0.9999889135360718,
        -0.000359420693712309,
        -0.0004010527627542615,
        -0.010615828447043896,
        0.00030955031979829073,
        0.9999436140060425,
        0.012149830348789692
    ],
    [
        0.9999144077301025,
        0.005214459262788296,
        0.012003310024738312,
        -0.133279487490654,
        -0.005212873220443726,
        0.9999864101409912,
        -0.00016335872351191938,
        -0.00037295170477591455,
        -0.012003998272120953,
        0.00010077328624902293,
        0.9999279975891113,
        0.01353533286601305
    ],
    [
        0.9999029636383057,
        0.005402157083153725,
        0.012845288962125778,
        -0.1427006721496582,
        -0.005400889087468386,
        0.9999854564666748,
        -0.00013344093167688698,
        -0.00033002259442582726,
        -0.012845823541283607,
        6.405208114301786e-05,
        0.9999175071716309,
        0.014694449491798878
    ],
    [
        0.9998906850814819,
        0.005859879776835442,
        0.013579661026597023,
        -0.15220491588115692,
        -0.00585952028632164,
        0.9999828338623047,
        -6.628354458371177e-05,
        -0.001093184808269143,
        -0.013579817488789558,
        -1.3293547453940846e-05,
        0.9999077320098877,
        0.015761256217956543
    ],
    [
        0.9998780488967896,
        0.006261604838073254,
        0.014311213046312332,
        -0.1641204059123993,
        -0.006258626002818346,
        0.9999803900718689,
        -0.00025288440519943833,
        -0.0003485039924271405,
        -0.01431251596659422,
        0.00016328462515957654,
        0.9998975992202759,
        0.017253216356039047
    ],
    [
        0.9998586177825928,
        0.0066281831823289394,
        0.015456456691026688,
        -0.17278555035591125,
        -0.006626493763178587,
        0.9999780654907227,
        -0.00016053981380537152,
        -0.0006898935534991324,
        -0.015457181259989738,
        5.8094206906389445e-05,
        0.9998805522918701,
        0.018222292885184288
    ],
    [
        0.9998406171798706,
        0.006847997661679983,
        0.016486870124936104,
        -0.1807049661874771,
        -0.006845440249890089,
        0.9999765157699585,
        -0.0002115075767505914,
        -0.0005566116888076067,
        -0.016487931832671165,
        9.861440776148811e-05,
        0.9998641014099121,
        0.019396232441067696
    ],
    [
        0.9998113512992859,
        0.007343886885792017,
        0.017982592806220055,
        -0.18899750709533691,
        -0.007337640505284071,
        0.999972939491272,
        -0.0004132987232878804,
        -0.0005536663229577243,
        -0.017985140904784203,
        0.00028127117548137903,
        0.99983811378479,
        0.020360134541988373
    ],
    [
        0.9997607469558716,
        0.007668542675673962,
        0.020483672618865967,
        -0.1990337371826172,
        -0.0076583256013691425,
        0.999970555305481,
        -0.0005771646974608302,
        -0.0002240615285700187,
        -0.02048749476671219,
        0.00042015628423541784,
        0.9997900128364563,
        0.021424230188131332
    ],
    [
        0.9997127056121826,
        0.007635165471583605,
        0.022721322253346443,
        -0.20636039972305298,
        -0.007623382844030857,
        0.9999707937240601,
        -0.0006051401724107563,
        2.384488470852375e-05,
        -0.02272527664899826,
        0.00043175279279239476,
        0.9997416138648987,
        0.022338086739182472
    ],
    [
        0.9996517300605774,
        0.007736715953797102,
        0.025234488770365715,
        -0.2144014835357666,
        -0.007720842957496643,
        0.9999699592590332,
        -0.0007264085579663515,
        0.00017004477558657527,
        -0.02523934841156006,
        0.0005313244764693081,
        0.9996813535690308,
        0.02321694605052471
    ],
    [
        0.9995651245117188,
        0.008181468583643436,
        0.028331739827990532,
        -0.22586530447006226,
        -0.008162904530763626,
        0.9999664425849915,
        -0.0007708306075073779,
        0.00019047065870836377,
        -0.028337091207504272,
        0.0005392265738919377,
        0.9995983242988586,
        0.024662120267748833
    ],
    [
        0.9995073676109314,
        0.008520793169736862,
        0.030209561809897423,
        -0.23505397140979767,
        -0.008504700846970081,
        0.999963641166687,
        -0.0006611210410483181,
        0.00010187576845055446,
        -0.0302140973508358,
        0.0004038719926029444,
        0.9995433688163757,
        0.025904232636094093
    ],
    [
        0.9994788765907288,
        0.008488679304718971,
        0.031143611297011375,
        -0.24436073005199432,
        -0.008476361632347107,
        0.9999639987945557,
        -0.0005275384755805135,
        0.00038484070682898164,
        -0.03114696405827999,
        0.00026327866362407804,
        0.9995148181915283,
        0.02712278999388218
    ],
    [
        0.9994310140609741,
        0.009017783217132092,
        0.03249961510300636,
        -0.25654351711273193,
        -0.008997537195682526,
        0.9999592304229736,
        -0.0007691361824981868,
        0.0005405820556916296,
        -0.03250522166490555,
        0.0004762829339597374,
        0.9994714856147766,
        0.028396673500537872
    ]
]