[
    [
        0.9974778294563293,
        0.01291666366159916,
        -0.06979251652956009,
        0.06363450735807419,
        -0.01450924202799797,
        0.9996446967124939,
        -0.022360196337103844,
        0.015375490300357342,
        0.06947889924049377,
        0.023316437378525734,
        0.997310996055603,
        -0.09565294533967972
    ],
    [
        0.9963515400886536,
        0.015047415159642696,
        -0.08400736004114151,
        0.07788121700286865,
        -0.01728878542780876,
        0.9995120167732239,
        -0.026017189025878906,
        0.017658211290836334,
        0.08357486873865128,
        0.02737465128302574,
        0.9961254000663757,
        -0.11393818259239197
    ],
    [
        0.9946184754371643,
        0.017623424530029297,
        -0.10209570825099945,
        0.09599799662828445,
        -0.020840980112552643,
        0.9993164539337158,
        -0.030534561723470688,
        0.020475653931498528,
        0.10148779302835464,
        0.032498013228178024,
        0.9943057894706726,
        -0.13659800589084625
    ],
    [
        0.9925037622451782,
        0.02006223052740097,
        -0.12055609375238419,
        0.1147763729095459,
        -0.024523086845874786,
        0.999064028263092,
        -0.03563324362039566,
        0.02412468194961548,
        0.11972837895154953,
        0.038322534412145615,
        0.9920667409896851,
        -0.15986186265945435
    ],
    [
        0.9901571869850159,
        0.022217996418476105,
        -0.1381853222846985,
        0.13342531025409698,
        -0.027998896315693855,
        0.9988059997558594,
        -0.0400320366024971,
        0.026690486818552017,
        0.13713088631629944,
        0.04350704327225685,
        0.9895970225334167,
        -0.18313367664813995
    ],
    [
        0.9876021146774292,
        0.02398795448243618,
        -0.1551344245672226,
        0.1519964635372162,
        -0.03126866742968559,
        0.9985126256942749,
        -0.04466268792748451,
        0.02961965836584568,
        0.1538323163986206,
        0.04895981401205063,
        0.9868832230567932,
        -0.2060210257768631
    ],
    [
        0.984756588935852,
        0.025629248470067978,
        -0.17203930020332336,
        0.17069454491138458,
        -0.034531041979789734,
        0.9982041120529175,
        -0.04895075038075447,
        0.03262463957071304,
        0.1704757660627365,
        0.05414527282118797,
        0.9838730692863464,
        -0.22874478995800018
    ],
    [
        0.9815921783447266,
        0.027245238423347473,
        -0.18903617560863495,
        0.18934214115142822,
        -0.038004353642463684,
        0.9978429079055786,
        -0.05352575331926346,
        0.03614048659801483,
        0.1871700882911682,
        0.059724655002355576,
        0.9805102348327637,
        -0.251363068819046
    ],
    [
        0.978140652179718,
        0.028523307293653488,
        -0.205978661775589,
        0.20793865621089935,
        -0.04126221314072609,
        0.997474193572998,
        -0.05781663581728935,
        0.03903783857822418,
        0.20380927622318268,
        0.06505193561315536,
        0.9768469929695129,
        -0.2742944061756134
    ],
    [
        0.9743505120277405,
        0.02965511754155159,
        -0.22307324409484863,
        0.22667905688285828,
        -0.044660236686468124,
        0.9970437288284302,
        -0.0625232681632042,
        0.04274344816803932,
        0.22055967152118683,
        0.07088207453489304,
        0.9727945923805237,
        -0.2970314621925354
    ],
    [
        0.9701427221298218,
        0.03081381320953369,
        -0.24056921899318695,
        0.245224267244339,
        -0.048103027045726776,
        0.9966376423835754,
        -0.0663284957408905,
        0.045467544347047806,
        0.23771651089191437,
        0.0759202167391777,
        0.9683629870414734,
        -0.3193361163139343
    ],
    [
        0.9655753374099731,
        0.03167199343442917,
        -0.258188396692276,
        0.26384082436561584,
        -0.05156012997031212,
        0.9961695075035095,
        -0.07062481343746185,
        0.04887266829609871,
        0.25496259331703186,
        0.08150579035282135,
        0.9635096788406372,
        -0.34176865220069885
    ],
    [
        0.9605950713157654,
        0.03221224620938301,
        -0.2760790288448334,
        0.28229621052742004,
        -0.05483023822307587,
        0.9957048892974854,
        -0.07460096478462219,
        0.05134447291493416,
        0.27249014377593994,
        0.0867987871170044,
        0.958235502243042,
        -0.364126980304718
    ],
    [
        0.9563577771186829,
        0.032609064131975174,
        -0.2903728187084198,
        0.2976844310760498,
        -0.05762083828449249,
        0.9952864050865173,
        -0.07800588011741638,
        0.054254330694675446,
        0.28646036982536316,
        0.0913330614566803,
        0.9537288546562195,
        -0.3815687298774719
    ],
    [
        0.9508947134017944,
        0.032858170568943024,
        -0.3077656328678131,
        0.31620562076568604,
        -0.060890525579452515,
        0.9947766661643982,
        -0.08192574977874756,
        0.05701335147023201,
        0.30346614122390747,
        0.09664277732372284,
        0.9479284882545471,
        -0.40435513854026794
    ],
    [
        0.9448807835578918,
        0.03298298269510269,
        -0.32574906945228577,
        0.33587315678596497,
        -0.06434839218854904,
        0.9942162036895752,
        -0.08598438650369644,
        0.060601115226745605,
        0.32102903723716736,
        0.10220642387866974,
        0.9415382742881775,
        -0.42550012469291687
    ],
    [
        0.9390472173690796,
        0.032881978899240494,
        -0.3422122001647949,
        0.35423099994659424,
        -0.06744088977575302,
        0.9936936497688293,
        -0.08958057314157486,
        0.06285960972309113,
        0.33710846304893494,
        0.10719947516918182,
        0.9353427290916443,
        -0.4486018717288971
    ],
    [
        0.9331701397895813,
        0.03241119906306267,
        -0.35797062516212463,
        0.3726605474948883,
        -0.07038159668445587,
        0.9931234121322632,
        -0.09355428814888,
        0.06571805477142334,
        0.3524768054485321,
        0.11249660700559616,
        0.9290342330932617,
        -0.47084832191467285
    ],
    [
        0.92690509557724,
        0.03179990127682686,
        -0.37394627928733826,
        0.39179468154907227,
        -0.0732346922159195,
        0.9925745725631714,
        -0.09712046384811401,
        0.06841173022985458,
        0.36808112263679504,
        0.11740729212760925,
        0.9223513007164001,
        -0.49246206879615784
    ],
    [
        0.9203125834465027,
        0.030817490071058273,
        -0.3899679481983185,
        0.41089335083961487,
        -0.0760195404291153,
        0.9919765591621399,
        -0.10101215541362762,
        0.07163140922784805,
        0.38372617959976196,
        0.12260795384645462,
        0.9152712821960449,
        -0.514450192451477
    ],
    [
        0.9135424494743347,
        0.02993585541844368,
        -0.40564030408859253,
        0.4292313754558563,
        -0.07865620404481888,
        0.9914650917053223,
        -0.10397247225046158,
        0.07335129380226135,
        0.39906567335128784,
        0.1268893927335739,
        0.9081000685691833,
        -0.5367609262466431
    ],
    [
        0.9063562154769897,
        0.028524324297904968,
        -0.42155054211616516,
        0.4474509060382843,
        -0.08129190653562546,
        0.9908505082130432,
        -0.10773579031229019,
        0.07656660676002502,
        0.41462045907974243,
        0.1319156438112259,
        0.9003822207450867,
        -0.5588293671607971
    ],
    [
        0.8984980583190918,
        0.027059417217969894,
        -0.43814271688461304,
        0.46633344888687134,
        -0.08392401039600372,
        0.9902768135070801,
        -0.11094384640455246,
        0.07821281999349594,
        0.43088048696517944,
        0.1364535242319107,
        0.89203280210495,
        -0.5808923244476318
    ],
    [
        0.8907096982002258,
        0.025473615154623985,
        -0.45385822653770447,
        0.48322999477386475,
        -0.0865325853228569,
        0.9896732568740845,
        -0.11427544802427292,
        0.08071599155664444,
        0.44626036286354065,
        0.1410597860813141,
        0.8837159276008606,
        -0.602550208568573
    ],
    [
        0.883296549320221,
        0.023839907720685005,
        -0.4682080149650574,
        0.4996122717857361,
        -0.08906923979520798,
        0.9890497922897339,
        -0.11767353862524033,
        0.08332782238721848,
        0.460275799036026,
        0.14564359188079834,
        0.875747799873352,
        -0.6221655011177063
    ]
]