[
    [
        0.9996793270111084,
        -0.0058420873247087,
        0.024639885872602463,
        -0.0613761842250824,
        0.005759996362030506,
        0.9999775886535645,
        0.0034013104159384966,
        -0.05142633616924286,
        -0.024659205228090286,
        -0.0032582946587353945,
        0.9996906518936157,
        0.4157327115535736
    ],
    [
        0.9994249939918518,
        -0.007270691450685263,
        0.03311992809176445,
        -0.08651657402515411,
        0.007120862603187561,
        0.9999638199806213,
        0.004639537073671818,
        -0.06935268640518188,
        -0.033152464777231216,
        -0.004401027224957943,
        0.999440610408783,
        0.5165238976478577
    ],
    [
        0.9990524649620056,
        -0.008274897001683712,
        0.04272812232375145,
        -0.11100944131612778,
        0.008051675744354725,
        0.9999530911445618,
        0.005393662489950657,
        -0.08971606940031052,
        -0.04277075082063675,
        -0.0050445194356143475,
        0.9990720748901367,
        0.6369392275810242
    ],
    [
        0.9988092184066772,
        -0.008832300081849098,
        0.04798060283064842,
        -0.12486881017684937,
        0.008611541241407394,
        0.9999513626098633,
        0.004805764649063349,
        -0.10069973766803741,
        -0.04802071303129196,
        -0.0043868557550013065,
        0.9988368153572083,
        0.7261558175086975
    ],
    [
        0.998525083065033,
        -0.010115270502865314,
        0.05334194749593735,
        -0.13666656613349915,
        0.009956229478120804,
        0.9999451637268066,
        0.003246455918997526,
        -0.10779938846826553,
        -0.053371861577034,
        -0.0027105833869427443,
        0.9985710382461548,
        0.8299018740653992
    ],
    [
        0.9982677698135376,
        -0.010780013166368008,
        0.05783893167972565,
        -0.15110602974891663,
        0.01074135396629572,
        0.9999418258666992,
        0.0009792736964300275,
        -0.1139603704214096,
        -0.05784612521529198,
        -0.00035630824277177453,
        0.9983254075050354,
        0.9177653193473816
    ],
    [
        0.9980607032775879,
        -0.010961535386741161,
        0.061274684965610504,
        -0.16550779342651367,
        0.011002860032022,
        0.9999394416809082,
        -0.000337032979587093,
        -0.12645544111728668,
        -0.06126728281378746,
        0.0010105753317475319,
        0.998120903968811,
        1.0181224346160889
    ],
    [
        0.9979228973388672,
        -0.010772377252578735,
        0.06351221352815628,
        -0.1777985692024231,
        0.010870375670492649,
        0.9999401569366455,
        -0.0011976159876212478,
        -0.13776899874210358,
        -0.06349552422761917,
        0.0018855308881029487,
        0.9979803562164307,
        1.1003048419952393
    ],
    [
        0.9976856708526611,
        -0.010183270089328289,
        0.06722811609506607,
        -0.19494688510894775,
        0.010358810424804688,
        0.9999438524246216,
        -0.0022630002349615097,
        -0.15014643967151642,
        -0.06720129400491714,
        0.0029541682451963425,
        0.9977350234985352,
        1.20783531665802
    ],
    [
        0.9973146319389343,
        -0.010180152952671051,
        0.07252499461174011,
        -0.21552015841007233,
        0.010499273426830769,
        0.9999367594718933,
        -0.004020273219794035,
        -0.15909984707832336,
        -0.0724794790148735,
        0.004770936910063028,
        0.9973583817481995,
        1.297702670097351
    ],
    [
        0.9967901110649109,
        -0.010046292096376419,
        0.07942715287208557,
        -0.24043650925159454,
        0.01053309254348278,
        0.9999281167984009,
        -0.005712275858968496,
        -0.1733778566122055,
        -0.07936404645442963,
        0.006530554499477148,
        0.9968242049217224,
        1.411259651184082
    ],
    [
        0.9964603185653687,
        -0.00943016167730093,
        0.08353446424007416,
        -0.25313737988471985,
        0.009984051808714867,
        0.9999307990074158,
        -0.006215439643710852,
        -0.18661123514175415,
        -0.08347006887197495,
        0.007027452811598778,
        0.9964854717254639,
        1.4973043203353882
    ],
    [
        0.9960942268371582,
        -0.008512829430401325,
        0.08788517117500305,
        -0.2609158754348755,
        0.009189411997795105,
        0.9999311566352844,
        -0.007296750321984291,
        -0.20212425291538239,
        -0.0878169909119606,
        0.008075866848230362,
        0.9961038827896118,
        1.612496018409729
    ],
    [
        0.9958126544952393,
        -0.0070322612300515175,
        0.09114589542150497,
        -0.26260867714881897,
        0.007866403087973595,
        0.9999303817749023,
        -0.008795712143182755,
        -0.21148423850536346,
        -0.09107769280672073,
        0.009475872851908207,
        0.995798647403717,
        1.7068729400634766
    ],
    [
        0.9954958558082581,
        -0.0051746666431427,
        0.0946640893816948,
        -0.26222890615463257,
        0.006229916587471962,
        0.9999217391014099,
        -0.010855168104171753,
        -0.21905355155467987,
        -0.09460049122571945,
        0.01139602717012167,
        0.9954500794410706,
        1.8197017908096313
    ],
    [
        0.9952634572982788,
        -0.0034355337265878916,
        0.09715424478054047,
        -0.2613878548145294,
        0.00458192266523838,
        0.999922513961792,
        -0.011579029262065887,
        -0.22938767075538635,
        -0.09710693359375,
        0.01196933351457119,
        0.9952020049095154,
        1.9095125198364258
    ],
    [
        0.9950299859046936,
        -0.00063458236400038,
        0.09957394748926163,
        -0.26229217648506165,
        0.0018419299740344286,
        0.9999259114265442,
        -0.012033664621412754,
        -0.24278795719146729,
        -0.09955892711877823,
        0.012157263234257698,
        0.9949573874473572,
        2.0220186710357666
    ],
    [
        0.9948133826255798,
        0.000691815628670156,
        0.10171441733837128,
        -0.2661885619163513,
        0.0005681521142832935,
        0.999923586845398,
        -0.012357816100120544,
        -0.2530200779438019,
        -0.10171519219875336,
        0.012351510114967823,
        0.9947368502616882,
        2.1155550479888916
    ],
    [
        0.9944204092025757,
        0.001617596484720707,
        0.10547744482755661,
        -0.27518847584724426,
        -0.00034098734613507986,
        0.9999265074729919,
        -0.012120052240788937,
        -0.26712754368782043,
        -0.10548930615186691,
        0.012016458436846733,
        0.9943478107452393,
        2.235412120819092
    ],
    [
        0.9940317273139954,
        0.0016672640340402722,
        0.10907779633998871,
        -0.28557124733924866,
        -0.0003900736919604242,
        0.9999310970306396,
        -0.011729270219802856,
        -0.28054505586624146,
        -0.10908983647823334,
        0.0116167226806283,
        0.9939639568328857,
        2.3283116817474365
    ],
    [
        0.9938234686851501,
        0.0026095276698470116,
        0.11094100773334503,
        -0.2929266095161438,
        -0.001412334037013352,
        0.9999399781227112,
        -0.010868479497730732,
        -0.29672569036483765,
        -0.11096269637346268,
        0.010644666850566864,
        0.9937674403190613,
        2.441128969192505
    ],
    [
        0.9937309622764587,
        0.003364341566339135,
        0.11174715310335159,
        -0.29623082280158997,
        -0.002151455730199814,
        0.9999375343322754,
        -0.010972660966217518,
        -0.30641114711761475,
        -0.11177708208560944,
        0.010663455352187157,
        0.9936761260032654,
        2.5292809009552
    ],
    [
        0.993805468082428,
        0.0036982488818466663,
        0.1110721006989479,
        -0.29459577798843384,
        -0.002463978249579668,
        0.999933660030365,
        -0.011247549206018448,
        -0.31537768244743347,
        -0.11110632866621017,
        0.010904197581112385,
        0.993748664855957,
        2.641540050506592
    ],
    [
        0.9939789772033691,
        0.00303532462567091,
        0.10952887684106827,
        -0.28816646337509155,
        -0.0018086539348587394,
        0.9999345541000366,
        -0.011297134682536125,
        -0.322341650724411,
        -0.10955598205327988,
        0.011031017638742924,
        0.9939193725585938,
        2.7295868396759033
    ],
    [
        0.9942104816436768,
        0.0022180096711963415,
        0.10742729902267456,
        -0.28015825152397156,
        -0.0011824941029772162,
        0.9999523162841797,
        -0.009701965376734734,
        -0.33678653836250305,
        -0.10744369029998779,
        0.009518761187791824,
        0.9941655397415161,
        2.8409879207611084
    ]
]