[
    [
        0.9999538064002991,
        -0.006146228406578302,
        -0.007403139490634203,
        -0.008524114266037941,
        0.00591968884691596,
        0.9995250701904297,
        -0.030243149027228355,
        0.04807956889271736,
        0.007585504557937384,
        0.030197925865650177,
        0.999515175819397,
        -0.01718776486814022
    ],
    [
        0.9999600648880005,
        -0.006148437038064003,
        -0.0064825499430298805,
        -0.015063773840665817,
        0.005755037069320679,
        0.9982384443283081,
        -0.059050530195236206,
        0.11935781687498093,
        0.006834198720753193,
        0.05901086702942848,
        0.9982339143753052,
        0.01607077196240425
    ],
    [
        0.9999610781669617,
        -0.006374905817210674,
        -0.006092352326959372,
        -0.017506586387753487,
        0.005806087050586939,
        0.9959956407546997,
        -0.08921300619840622,
        0.19645695388317108,
        0.006636680569499731,
        0.08917415887117386,
        0.995993971824646,
        0.05741027742624283
    ],
    [
        0.9999608397483826,
        -0.006468560080975294,
        -0.006057844962924719,
        -0.014334234409034252,
        0.005733046680688858,
        0.9934157729148865,
        -0.11442157626152039,
        0.27329593896865845,
        0.006758101284503937,
        0.11438234150409698,
        0.9934138655662537,
        0.09762328863143921
    ],
    [
        0.9999576210975647,
        -0.006891385652124882,
        -0.006110026966780424,
        -0.012663419358432293,
        0.006012240424752235,
        0.9909941554069519,
        -0.1337699592113495,
        0.3408831059932709,
        0.0069768610410392284,
        0.1337275505065918,
        0.9909935593605042,
        0.12970463931560516
    ],
    [
        0.9999590516090393,
        -0.007132491562515497,
        -0.005563420709222555,
        -0.019343210384249687,
        0.0061807772144675255,
        0.9878175854682922,
        -0.15549345314502716,
        0.41642317175865173,
        0.006604701280593872,
        0.15545271337032318,
        0.9878212809562683,
        0.16489626467227936
    ],
    [
        0.9999627470970154,
        -0.006972880568355322,
        -0.005107359029352665,
        -0.024957673624157906,
        0.005999653600156307,
        0.9853278398513794,
        -0.17056670784950256,
        0.4657328426837921,
        0.006221764720976353,
        0.17052969336509705,
        0.9853329062461853,
        0.18773050606250763
    ],
    [
        0.999964714050293,
        -0.0068474458530545235,
        -0.004876502323895693,
        -0.02769007533788681,
        0.005839591380208731,
        0.9830983281135559,
        -0.18298514187335968,
        0.5045537352561951,
        0.006047062110155821,
        0.1829502135515213,
        0.9831035137176514,
        0.20511238276958466
    ],
    [
        0.9999675750732422,
        -0.006478963419795036,
        -0.0047891889698803425,
        -0.029623478651046753,
        0.005401729606091976,
        0.9801612496376038,
        -0.19812829792499542,
        0.5488678812980652,
        0.005977843422442675,
        0.19809600710868835,
        0.9801644682884216,
        0.22423553466796875
    ],
    [
        0.9999696612358093,
        -0.006342443637549877,
        -0.004515356849879026,
        -0.033081814646720886,
        0.005235219374299049,
        0.9770389795303345,
        -0.21299637854099274,
        0.5890305638313293,
        0.00576259708032012,
        0.21296630799770355,
        0.977042555809021,
        0.24274559319019318
    ],
    [
        0.9999701380729675,
        -0.006541114300489426,
        -0.004102700389921665,
        -0.03805160149931908,
        0.0054357415065169334,
        0.9737399816513062,
        -0.22759777307510376,
        0.62459397315979,
        0.00548370648175478,
        0.22756870090961456,
        0.9737465977668762,
        0.26215291023254395
    ],
    [
        0.9999693632125854,
        -0.006633133161813021,
        -0.004157597664743662,
        -0.0409185029566288,
        0.005439861211925745,
        0.9706873893737793,
        -0.24028417468070984,
        0.6538901925086975,
        0.005629565101116896,
        0.24025419354438782,
        0.9706935882568359,
        0.27957895398139954
    ],
    [
        0.9999693036079407,
        -0.006836839485913515,
        -0.0038132884074002504,
        -0.04539111629128456,
        0.005637135356664658,
        0.966860830783844,
        -0.2552415728569031,
        0.6886125206947327,
        0.00543196452781558,
        0.2552122473716736,
        0.9668698310852051,
        0.29969364404678345
    ],
    [
        0.999970018863678,
        -0.00697562238201499,
        -0.003374472726136446,
        -0.050602734088897705,
        0.005804816260933876,
        0.9628071784973145,
        -0.2701272666454315,
        0.7246900796890259,
        0.005133271683007479,
        0.27009958028793335,
        0.9628186821937561,
        0.31913208961486816
    ],
    [
        0.9999715089797974,
        -0.0069801597855985165,
        -0.0028774146921932697,
        -0.05565753951668739,
        0.005879656877368689,
        0.9590486884117126,
        -0.2831798791885376,
        0.7574197053909302,
        0.004736221861094236,
        0.2831548750400543,
        0.9590625166893005,
        0.3357102572917938
    ],
    [
        0.9999722838401794,
        -0.006917545571923256,
        -0.002791318343952298,
        -0.05901723355054855,
        0.005771915428340435,
        0.9545759558677673,
        -0.29791194200515747,
        0.7947489619255066,
        0.004725344479084015,
        0.29788753390312195,
        0.954589307308197,
        0.3552824556827545
    ],
    [
        0.9999732971191406,
        -0.0068474020808935165,
        -0.002582556800916791,
        -0.06156687065958977,
        0.005695528816431761,
        0.9497694969177246,
        -0.31289854645729065,
        0.8331159949302673,
        0.004595376085489988,
        0.3128754198551178,
        0.9497831463813782,
        0.37480998039245605
    ],
    [
        0.9999746084213257,
        -0.006782668177038431,
        -0.0022147521376609802,
        -0.06319951266050339,
        0.005683402065187693,
        0.9448412656784058,
        -0.3274793028831482,
        0.8707531094551086,
        0.004313773941248655,
        0.32745835185050964,
        0.944855809211731,
        0.39331158995628357
    ],
    [
        0.9999751448631287,
        -0.006805910728871822,
        -0.00181805738247931,
        -0.06375625729560852,
        0.005782213527709246,
        0.9403975605964661,
        -0.34002795815467834,
        0.9035582542419434,
        0.0040238965302705765,
        0.34000900387763977,
        0.9404135942459106,
        0.40956729650497437
    ],
    [
        0.9999761581420898,
        -0.006592730525881052,
        -0.002054171171039343,
        -0.061545055359601974,
        0.005441277753561735,
        0.9354463219642639,
        -0.3534267544746399,
        0.9404346942901611,
        0.0042516146786510944,
        0.3534071445465088,
        0.9354598522186279,
        0.4277305006980896
    ],
    [
        0.9999778270721436,
        -0.006315598264336586,
        -0.0021104170009493828,
        -0.06118031591176987,
        0.005111600272357464,
        0.9311650395393372,
        -0.3645619750022888,
        0.9763240218162537,
        0.00426757475361228,
        0.364543080329895,
        0.9311767220497131,
        0.44612452387809753
    ],
    [
        0.9999786019325256,
        -0.006175901275128126,
        -0.0021684356033802032,
        -0.062196265906095505,
        0.00492601003497839,
        0.9282171726226807,
        -0.37200623750686646,
        1.0079615116119385,
        0.0043102530762553215,
        0.37198761105537415,
        0.9282277226448059,
        0.46133050322532654
    ],
    [
        0.9999776482582092,
        -0.006320314481854439,
        -0.0022325334139168262,
        -0.06597091257572174,
        0.005005469545722008,
        0.9256189465522766,
        -0.3784238398075104,
        1.0461691617965698,
        0.004458235111087561,
        0.3784041702747345,
        0.9256297945976257,
        0.4786147475242615
    ],
    [
        0.9999765157699585,
        -0.006587801966816187,
        -0.0018877226393669844,
        -0.07306606322526932,
        0.005361293442547321,
        0.923624575138092,
        -0.3832606375217438,
        1.085729956626892,
        0.00426839105784893,
        0.3832415044307709,
        0.9236383438110352,
        0.49663129448890686
    ],
    [
        0.9999750256538391,
        -0.006791798397898674,
        -0.0019738227128982544,
        -0.07847193628549576,
        0.005501631647348404,
        0.9223151206970215,
        -0.3863994777202606,
        1.1228091716766357,
        0.004444836173206568,
        0.3863789141178131,
        0.9223294258117676,
        0.5147765278816223
    ]
]