[
    [
        0.9999198913574219,
        0.001634805928915739,
        -0.012551037594676018,
        0.14051955938339233,
        -0.001649648998863995,
        0.9999979138374329,
        -0.0011723518837243319,
        -0.042151063680648804,
        0.012549097649753094,
        0.0011929627507925034,
        0.9999204874038696,
        0.01797374151647091
    ],
    [
        0.9999002814292908,
        0.001888617523945868,
        -0.013995823450386524,
        0.21294516324996948,
        -0.0019062244100496173,
        0.9999973177909851,
        -0.001244814950041473,
        -0.05120162293314934,
        0.013993436470627785,
        0.0012713698670268059,
        0.999901294708252,
        0.020325828343629837
    ],
    [
        0.9999186396598816,
        0.0015486849006265402,
        -0.012658914551138878,
        0.2930138409137726,
        -0.0015683291712775826,
        0.999997615814209,
        -0.0015420231502503157,
        -0.05411166697740555,
        0.012656495906412601,
        0.0015617519384250045,
        0.9999186992645264,
        0.01924656517803669
    ],
    [
        0.99997478723526,
        -0.001163372420705855,
        0.007011766079813242,
        0.3742484152317047,
        0.0011762965004891157,
        0.9999976754188538,
        -0.0018394225044175982,
        -0.051687948405742645,
        -0.0070096091367304325,
        0.0018476244295015931,
        0.9999736547470093,
        0.010172278620302677
    ],
    [
        0.9969356060028076,
        -0.009172785095870495,
        0.0776875764131546,
        0.4571549892425537,
        0.009411897510290146,
        0.9999520182609558,
        -0.002712277229875326,
        -0.0539415180683136,
        -0.07765898108482361,
        0.00343515258282423,
        0.996973991394043,
        -0.000490794307552278
    ],
    [
        0.9738590121269226,
        -0.026460014283657074,
        0.22560694813728333,
        0.5339699983596802,
        0.026891127228736877,
        0.9996376633644104,
        0.0011624718317762017,
        -0.053954318165779114,
        -0.22555598616600037,
        0.004934741649776697,
        0.9742177128791809,
        0.011149263009428978
    ],
    [
        0.9166269302368164,
        -0.04671140015125275,
        0.3970053791999817,
        0.6294740438461304,
        0.04655242711305618,
        0.9988654255867004,
        0.010043185204267502,
        -0.06335776299238205,
        -0.39702409505844116,
        0.009275711141526699,
        0.9177612662315369,
        0.06620317697525024
    ],
    [
        0.8479236364364624,
        -0.06146026402711868,
        0.5265434384346008,
        0.7248808145523071,
        0.061020419001579285,
        0.9979701638221741,
        0.01822233758866787,
        -0.07081769406795502,
        -0.5265946388244629,
        0.016678746789693832,
        0.8499529361724854,
        0.13578195869922638
    ],
    [
        0.7964367270469666,
        -0.07101691514253616,
        0.6005373597145081,
        0.8403670191764832,
        0.06948351860046387,
        0.997249960899353,
        0.02578088268637657,
        -0.061341434717178345,
        -0.6007167100906372,
        0.02119460701942444,
        0.7991809844970703,
        0.2085101157426834
    ],
    [
        0.7616254091262817,
        -0.07719192653894424,
        0.6434034705162048,
        0.995122492313385,
        0.07412008196115494,
        0.9967408180236816,
        0.031844090670347214,
        -0.06398780643939972,
        -0.6437646150588989,
        0.02343585155904293,
        0.7648646831512451,
        0.3040350675582886
    ],
    [
        0.7299312353134155,
        -0.08091304451227188,
        0.6787145137786865,
        1.1349173784255981,
        0.07732748240232468,
        0.9963693022727966,
        0.035619575530290604,
        -0.06437011063098907,
        -0.6791324019432068,
        0.02648344449698925,
        0.7335379719734192,
        0.3958062529563904
    ],
    [
        0.6906260251998901,
        -0.086243636906147,
        0.7180511951446533,
        1.2915948629379272,
        0.08118131011724472,
        0.9958338737487793,
        0.04152684286236763,
        -0.056433387100696564,
        -0.7186412811279297,
        0.02961282804608345,
        0.6947502493858337,
        0.5300760865211487
    ],
    [
        0.6521802544593811,
        -0.09019934386014938,
        0.7526785731315613,
        1.4471285343170166,
        0.08487778156995773,
        0.9953411817550659,
        0.04573466628789902,
        -0.056444428861141205,
        -0.7532971501350403,
        0.03405842185020447,
        0.6567978262901306,
        0.6512907147407532
    ],
    [
        0.629726231098175,
        -0.09370329976081848,
        0.7711451053619385,
        1.6192551851272583,
        0.08857004344463348,
        0.9948854446411133,
        0.04856307432055473,
        -0.03480523079633713,
        -0.7717514038085938,
        0.03771889954805374,
        0.6348047256469727,
        0.7517510652542114
    ],
    [
        0.6235867142677307,
        -0.09484008699655533,
        0.7759799361228943,
        1.8146814107894897,
        0.09002954512834549,
        0.9947217702865601,
        0.049225833266973495,
        -0.024959005415439606,
        -0.7765528559684753,
        0.03916454315185547,
        0.6288337111473083,
        0.8482987880706787
    ],
    [
        0.620654284954071,
        -0.09611455351114273,
        0.7781710624694824,
        1.9974645376205444,
        0.0906560942530632,
        0.994598925113678,
        0.050540752708911896,
        -0.004784479737281799,
        -0.7788259387016296,
        0.039177630096673965,
        0.6260153651237488,
        0.9507647156715393
    ],
    [
        0.619597852230072,
        -0.09613589197397232,
        0.7790098786354065,
        2.1948418617248535,
        0.09052072465419769,
        0.9946009516716003,
        0.050744425505399704,
        -0.007915124297142029,
        -0.7796823382377625,
        0.03907540813088417,
        0.624954879283905,
        1.0671169757843018
    ],
    [
        0.6195416450500488,
        -0.09638898074626923,
        0.779023289680481,
        2.385136365890503,
        0.09094366431236267,
        0.9945629239082336,
        0.050732143223285675,
        -0.001941397786140442,
        -0.7796778082847595,
        0.03941655158996582,
        0.6249391436576843,
        1.1717009544372559
    ],
    [
        0.6204259991645813,
        -0.09637776017189026,
        0.7783206105232239,
        2.6068527698516846,
        0.09111181646585464,
        0.9945580959320068,
        0.05052564665675163,
        -0.010160952806472778,
        -0.7789545059204102,
        0.039566781371831894,
        0.6258308291435242,
        1.2731945514678955
    ],
    [
        0.6261240839958191,
        -0.09468286484479904,
        0.7739534378051758,
        2.807244062423706,
        0.08951541781425476,
        0.99476557970047,
        0.04927881062030792,
        0.005438104271888733,
        -0.7745679616928101,
        0.03842611238360405,
        0.6313222050666809,
        1.382372498512268
    ],
    [
        0.6372899413108826,
        -0.09270941466093063,
        0.7650271058082581,
        2.9748728275299072,
        0.087599977850914,
        0.9950175285339355,
        0.04760735109448433,
        0.00040949881076812744,
        -0.7656289935112,
        0.03667668253183365,
        0.6422359347343445,
        1.4958752393722534
    ],
    [
        0.6555624604225159,
        -0.08952083438634872,
        0.7498155832290649,
        3.152655601501465,
        0.0846918448805809,
        0.9953997731208801,
        0.04479524493217468,
        0.002189186867326498,
        -0.7503766417503357,
        0.03413717448711395,
        0.6601287126541138,
        1.6122982501983643
    ],
    [
        0.6770356893539429,
        -0.0861823633313179,
        0.730886697769165,
        3.321934938430786,
        0.08170876652002335,
        0.9957822561264038,
        0.04172896221280098,
        0.0019265386508777738,
        -0.7314002513885498,
        0.03146786615252495,
        0.6812219619750977,
        1.721319556236267
    ],
    [
        0.705263614654541,
        -0.0819542407989502,
        0.704192578792572,
        3.4731197357177734,
        0.07730047404766083,
        0.9962632060050964,
        0.038527537137269974,
        0.008159523829817772,
        -0.7047183513641357,
        0.027262354269623756,
        0.7089628577232361,
        1.86190664768219
    ],
    [
        0.7234516739845276,
        -0.07833896577358246,
        0.6859160661697388,
        3.6014065742492676,
        0.0728023424744606,
        0.996658205986023,
        0.03704271838068962,
        0.003301013261079788,
        -0.6865257620811462,
        0.023137681186199188,
        0.7267372012138367,
        2.025852680206299
    ]
]