[
    [
        0.9934757351875305,
        0.09397831559181213,
        -0.06460701674222946,
        0.05588677152991295,
        -0.09477794915437698,
        0.9954538941383362,
        -0.009418684989213943,
        -0.0816461369395256,
        0.06342816352844238,
        0.015480554662644863,
        0.9978663325309753,
        -0.04611869528889656
    ],
    [
        0.988347053527832,
        0.12163978070020676,
        -0.09150934964418411,
        0.07916432619094849,
        -0.12273502349853516,
        0.9924188256263733,
        -0.006416913587599993,
        -0.1023884266614914,
        0.09003502875566483,
        0.017573539167642593,
        0.9957835674285889,
        -0.024054383859038353
    ],
    [
        0.9813004732131958,
        0.1503439098596573,
        -0.12019234895706177,
        0.10146106034517288,
        -0.151715487241745,
        0.9884215593338013,
        -0.002290403703227639,
        -0.12666760385036469,
        0.11845635622739792,
        0.020482612773776054,
        0.992747962474823,
        0.003154614707455039
    ],
    [
        0.973703145980835,
        0.17571917176246643,
        -0.1449993997812271,
        0.12175223976373672,
        -0.1773378849029541,
        0.984148383140564,
        0.0017881564563140273,
        -0.1496620774269104,
        0.14301514625549316,
        0.023972753435373306,
        0.9894300699234009,
        0.0315907821059227
    ],
    [
        0.9642640352249146,
        0.20209065079689026,
        -0.17133040726184845,
        0.14267700910568237,
        -0.20397236943244934,
        0.97895348072052,
        0.0067361160181462765,
        -0.17473985254764557,
        0.1690858006477356,
        0.028451278805732727,
        0.9851905703544617,
        0.06585615873336792
    ],
    [
        0.9547942876815796,
        0.22493118047714233,
        -0.19435518980026245,
        0.1599702686071396,
        -0.22701822221279144,
        0.9738194346427917,
        0.011765414848923683,
        -0.19886523485183716,
        0.19191326200962067,
        0.032888609915971756,
        0.980860710144043,
        0.09821458905935287
    ],
    [
        0.9443154335021973,
        0.2472885251045227,
        -0.21706372499465942,
        0.17662975192070007,
        -0.249532550573349,
        0.9682089686393738,
        0.017458045855164528,
        -0.22435007989406586,
        0.2144802361726761,
        0.03767856955528259,
        0.9760012626647949,
        0.13486889004707336
    ],
    [
        0.9340645670890808,
        0.26695480942726135,
        -0.23718896508216858,
        0.1939760446548462,
        -0.2693212032318115,
        0.9627758264541626,
        0.022995345294475555,
        -0.2502688467502594,
        0.2344985157251358,
        0.04240087419748306,
        0.9711913466453552,
        0.1726893186569214
    ],
    [
        0.9343491792678833,
        0.2660628855228424,
        -0.23706980049610138,
        0.21137656271457672,
        -0.2681688070297241,
        0.9630745053291321,
        0.023938169702887535,
        -0.27634990215301514,
        0.23468494415283203,
        0.04120812192559242,
        0.9711976647377014,
        0.20717953145503998
    ],
    [
        0.9360638856887817,
        0.26228785514831543,
        -0.23449835181236267,
        0.22983980178833008,
        -0.2640532851219177,
        0.9641988277435303,
        0.024421973153948784,
        -0.30822205543518066,
        0.23250864446163177,
        0.039059534668922424,
        0.9718098044395447,
        0.24295419454574585
    ],
    [
        0.9367392659187317,
        0.258942574262619,
        -0.23551712930202484,
        0.24561843276023865,
        -0.26243045926094055,
        0.9648014903068542,
        0.01698066107928753,
        -0.34089183807373047,
        0.2316243052482605,
        0.04590042680501938,
        0.971721887588501,
        0.27478358149528503
    ],
    [
        0.9368500113487244,
        0.25534453988075256,
        -0.23897966742515564,
        0.26263850927352905,
        -0.2618192136287689,
        0.965104877948761,
        0.004807819612324238,
        -0.3763411343097687,
        0.23186808824539185,
        0.0580652579665184,
        0.9710125923156738,
        0.3084382116794586
    ],
    [
        0.9366173148155212,
        0.25251635909080505,
        -0.2428651750087738,
        0.2787664234638214,
        -0.26182302832603455,
        0.9650955200195312,
        -0.006281553767621517,
        -0.4094061553478241,
        0.2328018695116043,
        0.06947110593318939,
        0.9700397849082947,
        0.341508150100708
    ],
    [
        0.936295211315155,
        0.2495873123407364,
        -0.2470981478691101,
        0.2924753427505493,
        -0.2618641257286072,
        0.96494460105896,
        -0.017580779269337654,
        -0.4402223229408264,
        0.2340480536222458,
        0.08116693794727325,
        0.9688310623168945,
        0.37094444036483765
    ],
    [
        0.9355208873748779,
        0.24554820358753204,
        -0.2539817988872528,
        0.30711761116981506,
        -0.2633480727672577,
        0.9639490246772766,
        -0.038080088794231415,
        -0.47221213579177856,
        0.23547503352165222,
        0.10251034051179886,
        0.9664589762687683,
        0.40315932035446167
    ],
    [
        0.9347719550132751,
        0.23931308090686798,
        -0.2625463306903839,
        0.32003140449523926,
        -0.26458632946014404,
        0.962168276309967,
        -0.06501133739948273,
        -0.5002886652946472,
        0.23705565929412842,
        0.13023695349693298,
        0.962726891040802,
        0.43263673782348633
    ],
    [
        0.934076726436615,
        0.23182521760463715,
        -0.2715836763381958,
        0.3318503499031067,
        -0.26553162932395935,
        0.9594851136207581,
        -0.09424003958702087,
        -0.5298824310302734,
        0.23873327672481537,
        0.1601414680480957,
        0.9577896595001221,
        0.4645584523677826
    ],
    [
        0.9332565665245056,
        0.22531349956989288,
        -0.2797606885433197,
        0.3413281738758087,
        -0.2670982778072357,
        0.9560372233390808,
        -0.12104327231645584,
        -0.5576112866401672,
        0.24018892645835876,
        0.18768803775310516,
        0.9524087905883789,
        0.49412229657173157
    ],
    [
        0.9325733780860901,
        0.21742558479309082,
        -0.28815439343452454,
        0.34918832778930664,
        -0.26798591017723083,
        0.951813280582428,
        -0.14911457896232605,
        -0.58648681640625,
        0.24184778332710266,
        0.21628160774707794,
        0.9459027647972107,
        0.5264337658882141
    ],
    [
        0.9317395091056824,
        0.21009084582328796,
        -0.2961810231208801,
        0.35737237334251404,
        -0.26957830786705017,
        0.9466544389724731,
        -0.17655882239341736,
        -0.6141461133956909,
        0.24328769743442535,
        0.24435080587863922,
        0.9386712312698364,
        0.5598752498626709
    ],
    [
        0.9311056733131409,
        0.20320719480514526,
        -0.30290117859840393,
        0.3651692569255829,
        -0.2707013785839081,
        0.9415605664253235,
        -0.20046037435531616,
        -0.6399193406105042,
        0.24446484446525574,
        0.26864558458328247,
        0.9317008852958679,
        0.5904856324195862
    ],
    [
        0.930404543876648,
        0.19548825919628143,
        -0.3100510239601135,
        0.37255096435546875,
        -0.2719418704509735,
        0.9353211522102356,
        -0.2263229936361313,
        -0.6707137823104858,
        0.24575376510620117,
        0.29488781094551086,
        0.9233884215354919,
        0.6214946508407593
    ],
    [
        0.9296030402183533,
        0.18869833648204803,
        -0.31659311056137085,
        0.3798716068267822,
        -0.27368783950805664,
        0.9287423491477966,
        -0.2500650882720947,
        -0.6986991167068481,
        0.24684657156467438,
        0.3191089332103729,
        0.915006160736084,
        0.6499488353729248
    ],
    [
        0.9288715124130249,
        0.18050411343574524,
        -0.32344409823417664,
        0.3870604634284973,
        -0.27498552203178406,
        0.9210763573646545,
        -0.27568334341049194,
        -0.7276090979576111,
        0.24815471470355988,
        0.34501686692237854,
        0.9051975607872009,
        0.6803726553916931
    ],
    [
        0.9282408952713013,
        0.17346525192260742,
        -0.3290572166442871,
        0.3940701484680176,
        -0.2761450409889221,
        0.9140298366546631,
        -0.29714199900627136,
        -0.7559658885002136,
        0.24922430515289307,
        0.3666868507862091,
        0.8963413834571838,
        0.7109853029251099
    ]
]