[
    [
        0.9864771962165833,
        -0.025201985612511635,
        0.16194936633110046,
        -0.5894989967346191,
        0.024045562371611595,
        0.9996694326400757,
        0.009096931666135788,
        -1.466013789176941,
        -0.16212521493434906,
        -0.005079804453998804,
        0.9867571592330933,
        3.858431816101074
    ],
    [
        0.98625648021698,
        -0.025562310591340065,
        0.16323237121105194,
        -0.5831156969070435,
        0.02422313764691353,
        0.9996545910835266,
        0.010189590975642204,
        -1.4777206182479858,
        -0.1634363979101181,
        -0.006095462944358587,
        0.9865350723266602,
        3.9232001304626465
    ],
    [
        0.9859688878059387,
        -0.025838792324066162,
        0.16491717100143433,
        -0.5746241211891174,
        0.02435191534459591,
        0.9996426105499268,
        0.011032136157155037,
        -1.4879895448684692,
        -0.16514338552951813,
        -0.00686142360791564,
        0.9862457513809204,
        4.004027843475342
    ],
    [
        0.9856637120246887,
        -0.026086971163749695,
        0.1666925698518753,
        -0.56965172290802,
        0.024825554341077805,
        0.9996452927589417,
        0.009647440165281296,
        -1.4929102659225464,
        -0.16688525676727295,
        -0.005370993632823229,
        0.9859616756439209,
        4.080248832702637
    ],
    [
        0.9857215881347656,
        -0.02620871737599373,
        0.1663314700126648,
        -0.5604392886161804,
        0.02484714426100254,
        0.999638557434082,
        0.01026208233088255,
        -1.503416657447815,
        -0.1665402054786682,
        -0.005982640199363232,
        0.9860165119171143,
        4.13102388381958
    ],
    [
        0.9856915473937988,
        -0.02661813795566559,
        0.16644473373889923,
        -0.5497399568557739,
        0.025178859010338783,
        0.9996251463890076,
        0.0107515724375844,
        -1.5096964836120605,
        -0.1666683852672577,
        -0.006406740285456181,
        0.9859921336174011,
        4.193910121917725
    ],
    [
        0.9856328368186951,
        -0.02663886360824108,
        0.16678838431835175,
        -0.5422090888023376,
        0.02516782097518444,
        0.9996234178543091,
        0.01092758122831583,
        -1.512771487236023,
        -0.16701658070087433,
        -0.006572829559445381,
        0.9859321713447571,
        4.25433874130249
    ],
    [
        0.9855928421020508,
        -0.02614695206284523,
        0.16710251569747925,
        -0.5385915040969849,
        0.024918189272284508,
        0.9996448159217834,
        0.009445510804653168,
        -1.5105127096176147,
        -0.16728997230529785,
        -0.0051456294022500515,
        0.9858942627906799,
        4.301359176635742
    ],
    [
        0.9855439066886902,
        -0.025599393993616104,
        0.16747519373893738,
        -0.5344024300575256,
        0.024491550400853157,
        0.9996622800827026,
        0.008676901459693909,
        -1.508345603942871,
        -0.16764071583747864,
        -0.004449563100934029,
        0.9858381152153015,
        4.366115570068359
    ],
    [
        0.9854947924613953,
        -0.025835739448666573,
        0.16772767901420593,
        -0.528251051902771,
        0.024614600464701653,
        0.9996532201766968,
        0.009355499409139156,
        -1.5085304975509644,
        -0.16791105270385742,
        -0.005091169849038124,
        0.9857889413833618,
        4.435773849487305
    ],
    [
        0.9854364395141602,
        -0.02570117451250553,
        0.1680905818939209,
        -0.5215977430343628,
        0.024412667378783226,
        0.9996546506881714,
        0.009727660566568375,
        -1.5083929300308228,
        -0.16828252375125885,
        -0.005482392851263285,
        0.985723614692688,
        4.492780685424805
    ],
    [
        0.9853289723396301,
        -0.02568943053483963,
        0.16872160136699677,
        -0.512895405292511,
        0.02445409446954727,
        0.9996568560600281,
        0.009395726025104523,
        -1.5127278566360474,
        -0.16890491545200348,
        -0.005132038611918688,
        0.985619068145752,
        4.5682244300842285
    ],
    [
        0.9851953983306885,
        -0.025386277586221695,
        0.1695450097322464,
        -0.5111608505249023,
        0.024379977956414223,
        0.9996705651283264,
        0.00801519863307476,
        -1.5173273086547852,
        -0.16969262063503265,
        -0.0037626526318490505,
        0.9854898452758789,
        4.638434886932373
    ],
    [
        0.9851399660110474,
        -0.025057047605514526,
        0.16991585493087769,
        -0.510732114315033,
        0.024143988266587257,
        0.9996808767318726,
        0.007437757216393948,
        -1.5229055881500244,
        -0.17004795372486115,
        -0.003224473213776946,
        0.9854304194450378,
        4.683455944061279
    ],
    [
        0.9850505590438843,
        -0.025031207129359245,
        0.17043755948543549,
        -0.5080891251564026,
        0.024216046556830406,
        0.9996832013130188,
        0.00686033396050334,
        -1.5313886404037476,
        -0.17055530846118927,
        -0.002630371367558837,
        0.9853445291519165,
        4.74381685256958
    ],
    [
        0.985039234161377,
        -0.0251088198274374,
        0.17049124836921692,
        -0.5019339323043823,
        0.024261966347694397,
        0.9996808767318726,
        0.00704897940158844,
        -1.5389740467071533,
        -0.17061379551887512,
        -0.0028072388377040625,
        0.9853339195251465,
        4.804697036743164
    ],
    [
        0.9849867224693298,
        -0.02474597468972206,
        0.17084701359272003,
        -0.49941742420196533,
        0.024112746119499207,
        0.999692440032959,
        0.005780475679785013,
        -1.539453148841858,
        -0.17093756794929504,
        -0.0015740515664219856,
        0.9852805733680725,
        4.854097843170166
    ],
    [
        0.9848979115486145,
        -0.024266695603728294,
        0.17142675817012787,
        -0.4932309687137604,
        0.023853370919823647,
        0.99970543384552,
        0.004470344632863998,
        -1.5384151935577393,
        -0.1714848279953003,
        -0.0003139157488476485,
        0.9851866960525513,
        4.921847343444824
    ],
    [
        0.9849646091461182,
        -0.024100830778479576,
        0.1710665374994278,
        -0.48365601897239685,
        0.023812642320990562,
        0.9997094869613647,
        0.0037362638395279646,
        -1.5423533916473389,
        -0.1711069941520691,
        0.0003934378328267485,
        0.9852524399757385,
        4.99232292175293
    ],
    [
        0.9848759770393372,
        -0.024140378460288048,
        0.1715707629919052,
        -0.4773617386817932,
        0.02402210421860218,
        0.9997075796127319,
        0.0027655994053930044,
        -1.54353928565979,
        -0.17158746719360352,
        0.0013977820053696632,
        0.9851679801940918,
        5.04258918762207
    ],
    [
        0.9848793148994446,
        -0.023814009502530098,
        0.17159704864025116,
        -0.4668407440185547,
        0.023765267804265022,
        0.9997147917747498,
        0.0023379784543067217,
        -1.5417695045471191,
        -0.1716037094593048,
        0.0017753045540302992,
        0.9851644039154053,
        5.105063438415527
    ],
    [
        0.9848806858062744,
        -0.023471703752875328,
        0.17163614928722382,
        -0.45782598853111267,
        0.023553434759378433,
        0.999721348285675,
        0.0015605000080540776,
        -1.5394742488861084,
        -0.17162516713142395,
        0.002505964133888483,
        0.9851592183113098,
        5.162491798400879
    ],
    [
        0.9848312735557556,
        -0.023552095517516136,
        0.17190876603126526,
        -0.4535016119480133,
        0.023653775453567505,
        0.9997191429138184,
        0.001457038102671504,
        -1.5392812490463257,
        -0.171894833445549,
        0.0026315771974623203,
        0.9851118922233582,
        5.20616340637207
    ],
    [
        0.9847155809402466,
        -0.023233430460095406,
        0.17261344194412231,
        -0.4461403489112854,
        0.02334655448794365,
        0.999726414680481,
        0.0013751765945926309,
        -1.5384293794631958,
        -0.17259813845157623,
        0.00267621292732656,
        0.9849887490272522,
        5.27039909362793
    ],
    [
        0.98466557264328,
        -0.02332969196140766,
        0.17288538813591003,
        -0.4387410283088684,
        0.023467449471354485,
        0.9997238516807556,
        0.0012476309202611446,
        -1.5350247621536255,
        -0.17286674678325653,
        0.0028287770692259073,
        0.9849411249160767,
        5.340536594390869
    ]
]