[
    [
        0.9983241558074951,
        0.004908810369670391,
        -0.05766100436449051,
        -0.0789542868733406,
        -0.0054584406316280365,
        0.9999411702156067,
        -0.009378467686474323,
        -0.006161751691251993,
        0.05761156976222992,
        0.009677490219473839,
        0.9982921481132507,
        0.1737653613090515
    ],
    [
        0.9953427314758301,
        0.010145291686058044,
        -0.09586416929960251,
        -0.13849255442619324,
        -0.01122073270380497,
        0.9998799562454224,
        -0.010685962624847889,
        -0.025722894817590714,
        0.09574425220489502,
        0.01171186100691557,
        0.9953370094299316,
        0.2716540992259979
    ],
    [
        0.9912621378898621,
        0.012255370616912842,
        -0.13133683800697327,
        -0.20387983322143555,
        -0.01420772634446621,
        0.9998018741607666,
        -0.01393848191946745,
        -0.04297349974513054,
        0.13113999366760254,
        0.015682684257626534,
        0.9912398457527161,
        0.3974933326244354
    ],
    [
        0.9878438711166382,
        0.01371474377810955,
        -0.1548427939414978,
        -0.2796667516231537,
        -0.016428405418992043,
        0.9997328519821167,
        -0.016259219497442245,
        -0.06175437942147255,
        0.15457844734191895,
        0.018605386838316917,
        0.9878052473068237,
        0.5207359790802002
    ],
    [
        0.9848849177360535,
        0.013991672545671463,
        -0.1726437509059906,
        -0.3635675609111786,
        -0.017424071207642555,
        0.9996792674064636,
        -0.018381908535957336,
        -0.0809345692396164,
        0.17233116924762726,
        0.021112222224473953,
        0.9848127961158752,
        0.6295361518859863
    ],
    [
        0.9809326529502869,
        0.012950650416314602,
        -0.19391605257987976,
        -0.4105522632598877,
        -0.01775476709008217,
        0.9995763897895813,
        -0.023056691512465477,
        -0.08965689688920975,
        0.19353532791137695,
        0.026059994474053383,
        0.9807471632957458,
        0.7553918361663818
    ],
    [
        0.9753465056419373,
        0.01927519217133522,
        -0.21983565390110016,
        -0.43498969078063965,
        -0.024781029671430588,
        0.9994438886642456,
        -0.02231493964791298,
        -0.11431167274713516,
        0.21928325295448303,
        0.02721255272626877,
        0.9752817749977112,
        0.8762134909629822
    ],
    [
        0.969485342502594,
        0.02097104862332344,
        -0.24425053596496582,
        -0.45718470215797424,
        -0.026533257216215134,
        0.9994576573371887,
        -0.01950427144765854,
        -0.1349761039018631,
        0.24370907247066498,
        0.02538987249135971,
        0.9695159196853638,
        1.0052509307861328
    ],
    [
        0.964850902557373,
        0.022248420864343643,
        -0.26185405254364014,
        -0.4946756362915039,
        -0.02752671018242836,
        0.9994847178459167,
        -0.01650620438158512,
        -0.150845468044281,
        0.26135191321372986,
        0.023134006187319756,
        0.9649664163589478,
        1.1452343463897705
    ],
    [
        0.9619492888450623,
        0.02549268864095211,
        -0.2720363736152649,
        -0.5372401475906372,
        -0.03029816970229149,
        0.9994500279426575,
        -0.013478455133736134,
        -0.17098909616470337,
        0.27154314517974854,
        0.021207798272371292,
        0.9621924757957458,
        1.2980328798294067
    ],
    [
        0.9613689184188843,
        0.02663210593163967,
        -0.273971825838089,
        -0.5658569931983948,
        -0.03105788864195347,
        0.9994476437568665,
        -0.011828558519482613,
        -0.18966935575008392,
        0.27350547909736633,
        0.019880594685673714,
        0.9616649150848389,
        1.4209846258163452
    ],
    [
        0.9626302123069763,
        0.02553650364279747,
        -0.2696128487586975,
        -0.5894509553909302,
        -0.028957916423678398,
        0.9995426535606384,
        -0.008719692938029766,
        -0.21474765241146088,
        0.26926687359809875,
        0.016201265156269073,
        0.9629294276237488,
        1.560544490814209
    ],
    [
        0.9658579230308533,
        0.020411495119333267,
        -0.25826677680015564,
        -0.6085704565048218,
        -0.022851597517728806,
        0.9997180700302124,
        -0.0064493753015995026,
        -0.23661643266677856,
        0.25806233286857605,
        0.012130992487072945,
        0.9660520553588867,
        1.691861867904663
    ],
    [
        0.9713267683982849,
        0.0144504951313138,
        -0.23730888962745667,
        -0.6372312307357788,
        -0.015689151361584663,
        0.9998713731765747,
        -0.003331759013235569,
        -0.25557222962379456,
        0.23723024129867554,
        0.0069594052620232105,
        0.9714285135269165,
        1.8088531494140625
    ],
    [
        0.980792224407196,
        0.009248357266187668,
        -0.19483593106269836,
        -0.6912325024604797,
        -0.009281524457037449,
        0.9999566078186035,
        0.0007427200325764716,
        -0.2750539779663086,
        0.19483435153961182,
        0.0010799167212098837,
        0.9808355569839478,
        1.924535870552063
    ],
    [
        0.9875251054763794,
        0.0030898924451321363,
        -0.15743094682693481,
        -0.7189849615097046,
        -0.0023180735297501087,
        0.9999843835830688,
        0.005085961427539587,
        -0.2969343364238739,
        0.15744419395923615,
        -0.0046575781889259815,
        0.9875168204307556,
        2.0258655548095703
    ],
    [
        0.993738055229187,
        -0.004852627404034138,
        -0.11162935942411423,
        -0.7383490800857544,
        0.00549572566524148,
        0.9999700784683228,
        0.005454035475850105,
        -0.3094698190689087,
        0.11159954965114594,
        -0.006033369340002537,
        0.9937348961830139,
        2.134544610977173
    ],
    [
        0.9979017376899719,
        -0.010096755810081959,
        -0.06395472586154938,
        -0.7607933878898621,
        0.010638575069606304,
        0.9999103546142578,
        0.00813704077154398,
        -0.32827624678611755,
        0.06386682391166687,
        -0.008800356648862362,
        0.9979196190834045,
        2.2446582317352295
    ],
    [
        0.9998116493225098,
        -0.016506122425198555,
        -0.010198075324296951,
        -0.7791348099708557,
        0.016627859324216843,
        0.9997900724411011,
        0.011969790793955326,
        -0.3478321433067322,
        0.009998360648751259,
        -0.012137111276388168,
        0.9998762607574463,
        2.352384328842163
    ],
    [
        0.9981532096862793,
        -0.025574563071131706,
        0.0551026277244091,
        -0.8226827383041382,
        0.024782564491033554,
        0.9995802044868469,
        0.015008972026407719,
        -0.3618794083595276,
        -0.05546334385871887,
        -0.013615668751299381,
        0.998367965221405,
        2.4722273349761963
    ],
    [
        0.9923840761184692,
        -0.0364810973405838,
        0.11765632778406143,
        -0.8681365847587585,
        0.03474413603544235,
        0.999255359172821,
        0.016781218349933624,
        -0.37313079833984375,
        -0.11818113178014755,
        -0.012565548531711102,
        0.9929125905036926,
        2.590202569961548
    ],
    [
        0.9818611741065979,
        -0.04865950718522072,
        0.18325068056583405,
        -0.8913708925247192,
        0.045764051377773285,
        0.9987520575523376,
        0.01999887265264988,
        -0.3881392180919647,
        -0.1839950680732727,
        -0.011249830946326256,
        0.9828628301620483,
        2.7080576419830322
    ],
    [
        0.9677882790565491,
        -0.06024857237935066,
        0.24445047974586487,
        -0.9112213850021362,
        0.05687607079744339,
        0.9981637001037598,
        0.02083841897547245,
        -0.39761924743652344,
        -0.245257169008255,
        -0.00626378832384944,
        0.969437837600708,
        2.807171583175659
    ],
    [
        0.9466429352760315,
        -0.07205093652009964,
        0.3141270577907562,
        -0.9327520728111267,
        0.06830621510744095,
        0.9974008798599243,
        0.022927269339561462,
        -0.4085271656513214,
        -0.31496259570121765,
        -0.00024712554295547307,
        0.9491040706634521,
        2.9097254276275635
    ],
    [
        0.9185284972190857,
        -0.08023636043071747,
        0.38712719082832336,
        -0.9791678190231323,
        0.07673314958810806,
        0.9967500567436218,
        0.024524223059415817,
        -0.4205056130886078,
        -0.3878366947174072,
        0.007179304026067257,
        0.9217000603675842,
        3.0054664611816406
    ]
]