[
    [
        0.9822860956192017,
        -0.1766536980867386,
        0.06250926107168198,
        1.3357110023498535,
        0.1792745143175125,
        0.9830215573310852,
        -0.03910595178604126,
        0.4282282292842865,
        -0.05453974008560181,
        0.04961955174803734,
        0.9972778558731079,
        -0.1424136906862259
    ],
    [
        0.9814472198486328,
        -0.18013375997543335,
        0.06567496061325073,
        1.372017741203308,
        0.18307755887508392,
        0.9822044372558594,
        -0.04191559925675392,
        0.4359953999519348,
        -0.05695582553744316,
        0.05316156521439552,
        0.9969602227210999,
        -0.1444222331047058
    ],
    [
        0.980241060256958,
        -0.18535488843917847,
        0.0690717101097107,
        1.4227701425552368,
        0.18838143348693848,
        0.9812735915184021,
        -0.04018052667379379,
        0.4407392740249634,
        -0.060330580919981,
        0.052398432046175,
        0.9968022704124451,
        -0.14798398315906525
    ],
    [
        0.9790976643562317,
        -0.18991127610206604,
        0.07280990481376648,
        1.474300503730774,
        0.19302135705947876,
        0.9804466366767883,
        -0.03830397129058838,
        0.44790321588516235,
        -0.0641118735074997,
        0.05155720189213753,
        0.9966099858283997,
        -0.1514875292778015
    ],
    [
        0.9778734445571899,
        -0.1948031634092331,
        0.07625814527273178,
        1.5271857976913452,
        0.19812676310539246,
        0.9794126152992249,
        -0.03868759050965309,
        0.4585295617580414,
        -0.06715172529220581,
        0.05294034630060196,
        0.9963372945785522,
        -0.15522731840610504
    ],
    [
        0.976474940776825,
        -0.20009605586528778,
        0.08036325126886368,
        1.5793827772140503,
        0.20353470742702484,
        0.9783654808998108,
        -0.03707457706332207,
        0.4653826057910919,
        -0.07120616734027863,
        0.052559107542037964,
        0.9960758686065674,
        -0.1590595543384552
    ],
    [
        0.9750058054924011,
        -0.2051813006401062,
        0.08523043990135193,
        1.630876898765564,
        0.20902518928050995,
        0.9771386384963989,
        -0.03883840888738632,
        0.4750743508338928,
        -0.07531304657459259,
        0.05568298324942589,
        0.9956040382385254,
        -0.16180244088172913
    ],
    [
        0.9739194512367249,
        -0.20864607393741608,
        0.08915108442306519,
        1.669166922569275,
        0.2126881331205368,
        0.9763638377189636,
        -0.038435790687799454,
        0.4777872562408447,
        -0.07902442663908005,
        0.05639473348855972,
        0.9952762722969055,
        -0.1639283299446106
    ],
    [
        0.9726760387420654,
        -0.21279437839984894,
        0.09284429997205734,
        1.7235591411590576,
        0.21725358068943024,
        0.9752625823020935,
        -0.040788114070892334,
        0.4835802912712097,
        -0.08186808973550797,
        0.059844374656677246,
        0.9948447942733765,
        -0.16568465530872345
    ],
    [
        0.9713262915611267,
        -0.216844379901886,
        0.0974871963262558,
        1.7757649421691895,
        0.22177107632160187,
        0.9741595983505249,
        -0.04278568923473358,
        0.4880286157131195,
        -0.08569025248289108,
        0.06317870318889618,
        0.9943167567253113,
        -0.16802309453487396
    ],
    [
        0.9697549343109131,
        -0.22111982107162476,
        0.10334998369216919,
        1.8258904218673706,
        0.22664055228233337,
        0.9729387164115906,
        -0.044990792870521545,
        0.4926946461200714,
        -0.09060484915971756,
        0.06705334782600403,
        0.9936269521713257,
        -0.1693219691514969
    ],
    [
        0.9680430293083191,
        -0.22591768205165863,
        0.10887664556503296,
        1.8764185905456543,
        0.23198941349983215,
        0.9716013669967651,
        -0.04660094901919365,
        0.49752870202064514,
        -0.09525672346353531,
        0.07036993652582169,
        0.9929623603820801,
        -0.1701842099428177
    ],
    [
        0.9662535786628723,
        -0.23071089386940002,
        0.11457077413797379,
        1.927671194076538,
        0.23748193681240082,
        0.9701413512229919,
        -0.04927600175142288,
        0.5055376887321472,
        -0.0997813269495964,
        0.0748216062784195,
        0.9921922087669373,
        -0.170344740152359
    ],
    [
        0.9648546576499939,
        -0.23446542024612427,
        0.11866581439971924,
        1.966913104057312,
        0.2418569028377533,
        0.9689133167266846,
        -0.05207975581288338,
        0.513511061668396,
        -0.10276597738265991,
        0.07894954085350037,
        0.9915674924850464,
        -0.16968770325183868
    ],
    [
        0.9627355933189392,
        -0.24005404114723206,
        0.12455639988183975,
        2.0203375816345215,
        0.2483339011669159,
        0.9670757055282593,
        -0.05563315376639366,
        0.5249006748199463,
        -0.10710049420595169,
        0.08449159562587738,
        0.9906516671180725,
        -0.1685573160648346
    ],
    [
        0.9604856371879578,
        -0.24590753018856049,
        0.13037151098251343,
        2.0752451419830322,
        0.25505197048187256,
        0.9651519060134888,
        -0.05856822431087494,
        0.5367209911346436,
        -0.11142595112323761,
        0.08950544148683548,
        0.989733874797821,
        -0.16758465766906738
    ],
    [
        0.9585855603218079,
        -0.2508523464202881,
        0.13485834002494812,
        2.134730815887451,
        0.2606406807899475,
        0.9635480046272278,
        -0.0603458546102047,
        0.5494067072868347,
        -0.11480458080768585,
        0.09299624711275101,
        0.9890255928039551,
        -0.16796879470348358
    ],
    [
        0.9566050171852112,
        -0.2560137212276459,
        0.1391543447971344,
        2.1951639652252197,
        0.2660132348537445,
        0.9621952772140503,
        -0.05845602974295616,
        0.5584349632263184,
        -0.11892811954021454,
        0.09293622523546219,
        0.9885438084602356,
        -0.1711495965719223
    ],
    [
        0.953997015953064,
        -0.2621033489704132,
        0.1455734521150589,
        2.253952980041504,
        0.2726879119873047,
        0.9603580236434937,
        -0.057911574840545654,
        0.569949209690094,
        -0.12462380528450012,
        0.094943568110466,
        0.9876510500907898,
        -0.17244139313697815
    ],
    [
        0.9524039030075073,
        -0.2656037509441376,
        0.14960455894470215,
        2.3012914657592773,
        0.2767040729522705,
        0.9591626524925232,
        -0.05866680666804314,
        0.5804056525230408,
        -0.1279129534959793,
        0.0972706750035286,
        0.9870038628578186,
        -0.17344453930854797
    ],
    [
        0.9497450590133667,
        -0.27068382501602173,
        0.15720899403095245,
        2.3614702224731445,
        0.28205397725105286,
        0.9578343629837036,
        -0.0547620989382267,
        0.5875324010848999,
        -0.1357569694519043,
        0.09635145962238312,
        0.9860458374023438,
        -0.17764301598072052
    ],
    [
        0.9486005306243896,
        -0.2734764814376831,
        0.15927234292030334,
        2.432539701461792,
        0.28563442826271057,
        0.9565337300300598,
        -0.05878926441073418,
        0.6043990254402161,
        -0.1362719088792801,
        0.1012611910700798,
        0.9854826331138611,
        -0.1811068207025528
    ],
    [
        0.9468746185302734,
        -0.2760564684867859,
        0.164988711476326,
        2.5007243156433105,
        0.2886921763420105,
        0.9556763172149658,
        -0.057789891958236694,
        0.6135192513465881,
        -0.14172253012657166,
        0.10235074162483215,
        0.9846010208129883,
        -0.1855759471654892
    ],
    [
        0.9448795914649963,
        -0.28006529808044434,
        0.1696052998304367,
        2.5714995861053467,
        0.29238757491111755,
        0.954877495765686,
        -0.05213875696063042,
        0.6168127059936523,
        -0.14735004305839539,
        0.09885532408952713,
        0.984131932258606,
        -0.19330669939517975
    ],
    [
        0.9427607655525208,
        -0.28417593240737915,
        0.17448829114437103,
        2.6449942588806152,
        0.2964617609977722,
        0.9538189172744751,
        -0.04837058484554291,
        0.6250720024108887,
        -0.1526845246553421,
        0.09733100235462189,
        0.9834704399108887,
        -0.20054830610752106
    ]
]