[
    [
        0.9800666570663452,
        0.03425180912017822,
        -0.19569404423236847,
        0.04017643257975578,
        -0.03719112649559975,
        0.9992434978485107,
        -0.011364090256392956,
        -0.04799914360046387,
        0.1951567679643631,
        0.018415648490190506,
        0.9805991649627686,
        0.3635813295841217
    ],
    [
        0.9678003787994385,
        0.04285675659775734,
        -0.24804353713989258,
        0.03274679183959961,
        -0.04694533348083496,
        0.9988413453102112,
        -0.01058930717408657,
        -0.06788039207458496,
        0.2473023384809494,
        0.02189282327890396,
        0.9686910510063171,
        0.4523921012878418
    ],
    [
        0.9541614055633545,
        0.04895062744617462,
        -0.29526233673095703,
        0.015361415222287178,
        -0.05455438047647476,
        0.9984526634216309,
        -0.010766008868813515,
        -0.08351472020149231,
        0.29427847266197205,
        0.02638036385178566,
        0.9553555250167847,
        0.5327098369598389
    ],
    [
        0.9384544491767883,
        0.05417458713054657,
        -0.3411281108856201,
        -0.0039000012911856174,
        -0.061405014246702194,
        0.9980584979057312,
        -0.01042542327195406,
        -0.10056161880493164,
        0.33990103006362915,
        0.03073076531291008,
        0.9399590492248535,
        0.6146814823150635
    ],
    [
        0.9214598536491394,
        0.061940696090459824,
        -0.38350382447242737,
        -0.045284852385520935,
        -0.07079611718654633,
        0.9974502325057983,
        -0.009003880433738232,
        -0.12121839821338654,
        0.3819682002067566,
        0.035447292029857635,
        0.9234954714775085,
        0.7067226767539978
    ],
    [
        0.9030314087867737,
        0.06933481246232986,
        -0.4239421784877777,
        -0.09127897769212723,
        -0.08015759289264679,
        0.9967522025108337,
        -0.007725569885224104,
        -0.1415064036846161,
        0.42202967405319214,
        0.040958620607852936,
        0.9056562185287476,
        0.7992719411849976
    ],
    [
        0.8821020722389221,
        0.07484067976474762,
        -0.4650750756263733,
        -0.1325838714838028,
        -0.08817677944898605,
        0.9960805177688599,
        -0.006952786352485418,
        -0.1619775891304016,
        0.46273189783096313,
        0.04714188724756241,
        0.8852439522743225,
        0.8959868550300598
    ],
    [
        0.8589874505996704,
        0.07758210599422455,
        -0.506084680557251,
        -0.16283106803894043,
        -0.09391230344772339,
        0.9955574870109558,
        -0.006781584583222866,
        -0.1803141087293625,
        0.5033101439476013,
        0.05335286632180214,
        0.8624570965766907,
        0.998850405216217
    ],
    [
        0.8364631533622742,
        0.07824336737394333,
        -0.54240882396698,
        -0.20087279379367828,
        -0.09752638638019562,
        0.9952094554901123,
        -0.006837461609393358,
        -0.19889500737190247,
        0.5392754077911377,
        0.058618463575839996,
        0.8400866985321045,
        1.1084104776382446
    ],
    [
        0.8227683305740356,
        0.08142149448394775,
        -0.5625147223472595,
        -0.25366663932800293,
        -0.10141017287969589,
        0.9948352575302124,
        -0.004330734722316265,
        -0.21972718834877014,
        0.5592569708824158,
        0.0606079138815403,
        0.8267759084701538,
        1.1924198865890503
    ],
    [
        0.8136667013168335,
        0.08433931320905685,
        -0.5751811265945435,
        -0.3153556287288666,
        -0.1043030172586441,
        0.9945440888404846,
        -0.001719005755148828,
        -0.24309073388576508,
        0.5718979835510254,
        0.06139182671904564,
        0.8180243372917175,
        1.2812455892562866
    ],
    [
        0.8093297481536865,
        0.08510991185903549,
        -0.5811553597450256,
        -0.3904450535774231,
        -0.10460473597049713,
        0.9945138096809387,
        -2.8780154025298543e-05,
        -0.26892849802970886,
        0.577964723110199,
        0.060814887285232544,
        0.8137926459312439,
        1.3864723443984985
    ],
    [
        0.8091477751731873,
        0.08517512679100037,
        -0.581399142742157,
        -0.46062713861465454,
        -0.10376325994729996,
        0.9946011900901794,
        0.0012993782293051481,
        -0.2914256751537323,
        0.5783710479736328,
        0.059276483952999115,
        0.813617467880249,
        1.4777936935424805
    ],
    [
        0.8096168637275696,
        0.08273592591285706,
        -0.5810984373092651,
        -0.5248392224311829,
        -0.10131151974201202,
        0.9948546886444092,
        0.0004933924647048116,
        -0.3099423944950104,
        0.5781493186950684,
        0.05847250670194626,
        0.8138331770896912,
        1.57389235496521
    ],
    [
        0.8110089898109436,
        0.07860586792230606,
        -0.579728901386261,
        -0.5919099450111389,
        -0.0982593446969986,
        0.9951575994491577,
        -0.00252529070712626,
        -0.324058473110199,
        0.5767230987548828,
        0.059011805802583694,
        0.8148055672645569,
        1.6758244037628174
    ],
    [
        0.8121575117111206,
        0.07509975135326385,
        -0.5785846710205078,
        -0.6584096550941467,
        -0.09593112766742706,
        0.9953729510307312,
        -0.005459734704345465,
        -0.3397936522960663,
        0.575497567653656,
        0.05993844196200371,
        0.8156042098999023,
        1.7860019207000732
    ],
    [
        0.8153910636901855,
        0.07492883503437042,
        -0.5740411281585693,
        -0.7485461831092834,
        -0.09454615414142609,
        0.9955110549926758,
        -0.004354420118033886,
        -0.3726380169391632,
        0.5711379647254944,
        0.05782392993569374,
        0.8188149333000183,
        1.9200537204742432
    ],
    [
        0.820350170135498,
        0.07390355318784714,
        -0.5670661330223083,
        -0.8346503376960754,
        -0.09281806647777557,
        0.9956728219985962,
        -0.0045136804692447186,
        -0.39890381693840027,
        0.564278781414032,
        0.05633678287267685,
        0.8236598372459412,
        2.03195858001709
    ],
    [
        0.8282386064529419,
        0.07175838947296143,
        -0.5557620525360107,
        -0.9273827075958252,
        -0.09096302837133408,
        0.9958297610282898,
        -0.006981332786381245,
        -0.41816508769989014,
        0.5529434084892273,
        0.056336019188165665,
        0.8313119411468506,
        2.1325669288635254
    ],
    [
        0.8349946141242981,
        0.07098314166069031,
        -0.5456604361534119,
        -1.022232174873352,
        -0.0891210064291954,
        0.9959975481033325,
        -0.006811078172177076,
        -0.4434010088443756,
        0.5429929494857788,
        0.054317012429237366,
        0.8379787802696228,
        2.247608184814453
    ],
    [
        0.8433440327644348,
        0.06998127698898315,
        -0.5327975749969482,
        -1.1265168190002441,
        -0.08725433051586151,
        0.996159553527832,
        -0.007269004825502634,
        -0.46231722831726074,
        0.5302428007125854,
        0.05261917784810066,
        0.8462114930152893,
        2.365624189376831
    ],
    [
        0.8519103527069092,
        0.06961769610643387,
        -0.5190395712852478,
        -1.2257803678512573,
        -0.08559603244066238,
        0.9963063597679138,
        -0.006858031265437603,
        -0.47806811332702637,
        0.5166448950767517,
        0.05027014762163162,
        0.8547226786613464,
        2.4767420291900635
    ],
    [
        0.8601755499839783,
        0.06959866732358932,
        -0.5052266120910645,
        -1.323959469795227,
        -0.08296995609998703,
        0.9965440630912781,
        -0.003979551140218973,
        -0.4981037378311157,
        0.5032036900520325,
        0.045341745018959045,
        0.8629774451255798,
        2.588984727859497
    ],
    [
        0.8700771927833557,
        0.06942809373140335,
        -0.48800128698349,
        -1.423105239868164,
        -0.07988888770341873,
        0.9968035817146301,
        -0.0006215850589796901,
        -0.5188549757003784,
        0.486398309469223,
        0.03952670469880104,
        0.8728427290916443,
        2.6837551593780518
    ],
    [
        0.8849869966506958,
        0.06722758710384369,
        -0.46073678135871887,
        -1.5489332675933838,
        -0.07604184001684189,
        0.9971044659614563,
        -0.0005710572586394846,
        -0.5335884690284729,
        0.4593643248081207,
        0.03554064407944679,
        0.8875365853309631,
        2.775739908218384
    ]
]