[
    [
        0.9998331665992737,
        -0.01601560041308403,
        -0.008776365779340267,
        -0.01986037567257881,
        0.01662297546863556,
        0.997107207775116,
        0.07416875660419464,
        -0.17629224061965942,
        0.007563121151179075,
        -0.07430227100849152,
        0.99720698595047,
        0.7923725843429565
    ],
    [
        0.99982750415802,
        -0.016048498451709747,
        -0.009354054927825928,
        -0.023954840376973152,
        0.016760824248194695,
        0.996504545211792,
        0.08183915913105011,
        -0.3417417109012604,
        0.008007963187992573,
        -0.0819818302989006,
        0.9966015815734863,
        0.864463746547699
    ],
    [
        0.9998132586479187,
        -0.016517044976353645,
        -0.01003030501306057,
        -0.028944406658411026,
        0.017352495342493057,
        0.9958010315895081,
        0.089883953332901,
        -0.5263215899467468,
        0.008503570221364498,
        -0.09004122018814087,
        0.9959017634391785,
        0.9474230408668518
    ],
    [
        0.9998018741607666,
        -0.017115158960223198,
        -0.010159405879676342,
        -0.035427525639534,
        0.018018361181020737,
        0.9951479434967041,
        0.09672578424215317,
        -0.6964627504348755,
        0.008454634808003902,
        -0.09688965231180191,
        0.995259165763855,
        1.025364875793457
    ],
    [
        0.9997806549072266,
        -0.017673179507255554,
        -0.011238167993724346,
        -0.04392843320965767,
        0.018737846985459328,
        0.9945032000541687,
        0.1030152291059494,
        -0.8846023082733154,
        0.009355788119137287,
        -0.10320322960615158,
        0.9946163296699524,
        1.1132622957229614
    ],
    [
        0.9997494220733643,
        -0.018433086574077606,
        -0.012696017511188984,
        -0.04785780981183052,
        0.019698457792401314,
        0.9939488172531128,
        0.10806382447481155,
        -1.0627127885818481,
        0.010627243667840958,
        -0.10828680545091629,
        0.9940629005432129,
        1.1939784288406372
    ],
    [
        0.9997016191482544,
        -0.019565433263778687,
        -0.014622022397816181,
        -0.0534769669175148,
        0.0210952777415514,
        0.9933621883392334,
        0.11307746917009354,
        -1.2666288614273071,
        0.012312554754316807,
        -0.11335214972496033,
        0.993478536605835,
        1.2822376489639282
    ],
    [
        0.9996440410614014,
        -0.021319448947906494,
        -0.016043439507484436,
        -0.0638873353600502,
        0.02304612100124359,
        0.9929208755493164,
        0.11652039736509323,
        -1.4720734357833862,
        0.013445713557302952,
        -0.11684869229793549,
        0.9930588006973267,
        1.3735768795013428
    ],
    [
        0.9995865225791931,
        -0.02245480567216873,
        -0.017961081117391586,
        -0.06955662369728088,
        0.024454684928059578,
        0.9924452304840088,
        0.1202268898487091,
        -1.6660747528076172,
        0.015125718899071217,
        -0.12061639130115509,
        0.9925839304924011,
        1.4580947160720825
    ],
    [
        0.9995425939559937,
        -0.02303653582930565,
        -0.019591372460126877,
        -0.07601739466190338,
        0.025291087105870247,
        0.9919683933258057,
        0.12393223494291306,
        -1.8748613595962524,
        0.016579052433371544,
        -0.12437108159065247,
        0.9920971989631653,
        1.5514543056488037
    ],
    [
        0.9995036125183105,
        -0.023554017767310143,
        -0.020920781418681145,
        -0.08467857539653778,
        0.026023542508482933,
        0.9915724396705627,
        0.1269126981496811,
        -2.0606579780578613,
        0.01775517128407955,
        -0.12739408016204834,
        0.9916931986808777,
        1.6376131772994995
    ],
    [
        0.999467134475708,
        -0.02402155101299286,
        -0.02210167795419693,
        -0.09318776428699493,
        0.02670969069004059,
        0.9910626411437988,
        0.13069592416286469,
        -2.260693311691284,
        0.01876463182270527,
        -0.13121652603149414,
        0.9911760091781616,
        1.7317640781402588
    ],
    [
        0.9994427561759949,
        -0.0240292027592659,
        -0.023167874664068222,
        -0.09890946000814438,
        0.026918992400169373,
        0.9906442165374756,
        0.13378889858722687,
        -2.4639132022857666,
        0.01973627880215645,
        -0.13433797657489777,
        0.9907390475273132,
        1.8256089687347412
    ],
    [
        0.9994251728057861,
        -0.024037091061472893,
        -0.023904526606202126,
        -0.10507217794656754,
        0.02707931399345398,
        0.9902859926223755,
        0.13638244569301605,
        -2.6468656063079834,
        0.020394086837768555,
        -0.13695132732391357,
        0.9903677105903625,
        1.9111961126327515
    ],
    [
        0.9994062781333923,
        -0.023805074393749237,
        -0.024909449741244316,
        -0.1162111684679985,
        0.027053821831941605,
        0.9898564219474792,
        0.1394713968038559,
        -2.84761381149292,
        0.02133665233850479,
        -0.14006248116493225,
        0.9899128079414368,
        2.0020766258239746
    ],
    [
        0.9993910193443298,
        -0.02372499369084835,
        -0.025590967386960983,
        -0.12568189203739166,
        0.02714836224913597,
        0.9893503189086914,
        0.14299951493740082,
        -3.032043218612671,
        0.02192576788365841,
        -0.14360718429088593,
        0.9893918633460999,
        2.086587905883789
    ],
    [
        0.9993897676467896,
        -0.02326090633869171,
        -0.026058455929160118,
        -0.1375122219324112,
        0.02682996541261673,
        0.9888822436332703,
        0.14625944197177887,
        -3.235212564468384,
        0.022366616874933243,
        -0.14686930179595947,
        0.9889029860496521,
        2.1807942390441895
    ],
    [
        0.9993767142295837,
        -0.022998526692390442,
        -0.026779886335134506,
        -0.14734774827957153,
        0.026728244498372078,
        0.9885540008544922,
        0.14848080277442932,
        -3.423459053039551,
        0.02305852621793747,
        -0.149104043841362,
        0.9885526895523071,
        2.269432783126831
    ],
    [
        0.9993773102760315,
        -0.022172529250383377,
        -0.02744598500430584,
        -0.15685933828353882,
        0.026074377819895744,
        0.9881698489189148,
        0.15113015472888947,
        -3.6286885738372803,
        0.02377036213874817,
        -0.15175169706344604,
        0.9881328344345093,
        2.3661794662475586
    ],
    [
        0.9993671774864197,
        -0.021757815033197403,
        -0.02814304083585739,
        -0.17131194472312927,
        0.025843551382422447,
        0.9877187013626099,
        0.15409114956855774,
        -3.8334927558898926,
        0.024444719776511192,
        -0.1547209769487381,
        0.987655758857727,
        2.4640750885009766
    ],
    [
        0.9993686079978943,
        -0.021282274276018143,
        -0.028451062738895416,
        -0.1837541162967682,
        0.025488344952464104,
        0.9873071312904358,
        0.15676429867744446,
        -4.019656658172607,
        0.024753637611865997,
        -0.1573905348777771,
        0.987226128578186,
        2.5553715229034424
    ],
    [
        0.9993614554405212,
        -0.020679984241724014,
        -0.029139399528503418,
        -0.20177724957466125,
        0.02508370764553547,
        0.9868082404136658,
        0.15993854403495789,
        -4.226890563964844,
        0.02544747106730938,
        -0.16056734323501587,
        0.9866967797279358,
        2.653979778289795
    ],
    [
        0.9993584752082825,
        -0.02005794085562229,
        -0.02967003546655178,
        -0.2162477821111679,
        0.02459518238902092,
        0.9865710735321045,
        0.16146989166736603,
        -4.420111656188965,
        0.026032840833067894,
        -0.1620960384607315,
        0.9864315986633301,
        2.742908000946045
    ],
    [
        0.9993498921394348,
        -0.019143611192703247,
        -0.03055034764111042,
        -0.23307977616786957,
        0.023913342505693436,
        0.9861177802085876,
        0.16431698203086853,
        -4.6321916580200195,
        0.02698061801493168,
        -0.16494077444076538,
        0.9859343767166138,
        2.8415889739990234
    ],
    [
        0.9993497729301453,
        -0.018481029197573662,
        -0.03095860965549946,
        -0.24940243363380432,
        0.023416077718138695,
        0.985590934753418,
        0.16751785576343536,
        -4.847685813903809,
        0.027416622266173363,
        -0.16813383996486664,
        0.9853829145431519,
        2.939197540283203
    ]
]