[
    [
        0.9998077750205994,
        9.205989772453904e-05,
        0.019603921100497246,
        -0.0044384668581187725,
        -0.00013234310608822852,
        0.9999979138374329,
        0.0020535625517368317,
        -0.03199353814125061,
        -0.01960369013249874,
        -0.0020557621028274298,
        0.9998058676719666,
        0.33032527565956116
    ],
    [
        0.9996055960655212,
        0.00038081943057477474,
        0.028081176802515984,
        -0.012644607573747635,
        -0.0004290196520742029,
        0.9999985098838806,
        0.0017104343278333545,
        -0.0614713616669178,
        -0.02808048203587532,
        -0.001721806707791984,
        0.9996041655540466,
        0.46721139550209045
    ],
    [
        0.999336838722229,
        0.0007929625571705401,
        0.036404725164175034,
        -0.02287103794515133,
        -0.0008809874998405576,
        0.9999967813491821,
        0.0024019621778279543,
        -0.08672725409269333,
        -0.03640270605683327,
        -0.0024324413388967514,
        0.9993342757225037,
        0.6025800704956055
    ],
    [
        0.9991209506988525,
        0.000794137129560113,
        0.0419122539460659,
        -0.03590598702430725,
        -0.0009160979534499347,
        0.9999954700469971,
        0.0028907854575663805,
        -0.13807842135429382,
        -0.04190976545214653,
        -0.002926639746874571,
        0.9991170763969421,
        0.757686972618103
    ],
    [
        0.9989972114562988,
        0.0005981700378470123,
        0.044766247272491455,
        -0.03947789594531059,
        -0.0007163719274103642,
        0.9999963641166687,
        0.0026244299951940775,
        -0.1938210278749466,
        -0.04476451128721237,
        -0.002653867704793811,
        0.9989939332008362,
        0.8942942023277283
    ],
    [
        0.9988842606544495,
        0.00022685570002067834,
        0.04722367599606514,
        -0.041325803846120834,
        -0.00038194027729332447,
        0.9999945759773254,
        0.0032750538084656,
        -0.24860531091690063,
        -0.04722268134355545,
        -0.003289442742243409,
        0.9988789558410645,
        1.0345109701156616
    ],
    [
        0.9987627863883972,
        0.00037742394488304853,
        0.04972619190812111,
        -0.037637434899806976,
        -0.0005414620973169804,
        0.9999944567680359,
        0.0032853882294148207,
        -0.31671378016471863,
        -0.04972468316555023,
        -0.00330825662240386,
        0.998757541179657,
        1.2071045637130737
    ],
    [
        0.9986644387245178,
        0.0006518904119729996,
        0.05166139453649521,
        -0.03915810212492943,
        -0.00088928930927068,
        0.9999891519546509,
        0.004572450183331966,
        -0.35778212547302246,
        -0.05165785551071167,
        -0.004612281918525696,
        0.9986542463302612,
        1.3597807884216309
    ],
    [
        0.9985127449035645,
        0.00038430982385762036,
        0.05451665818691254,
        -0.04667222872376442,
        -0.0006710446323268116,
        0.9999860525131226,
        0.00524138705804944,
        -0.4062708914279938,
        -0.054513879120349884,
        -0.0052701691165566444,
        0.9984991550445557,
        1.518584966659546
    ],
    [
        0.9985009431838989,
        0.0007260151905938983,
        0.0547286756336689,
        -0.05104098469018936,
        -0.001006205682642758,
        0.9999865293502808,
        0.0050922296941280365,
        -0.4708145558834076,
        -0.05472423881292343,
        -0.005139668472111225,
        0.9984883069992065,
        1.6883375644683838
    ],
    [
        0.998374879360199,
        0.0008627252536825836,
        0.056980401277542114,
        -0.0485231876373291,
        -0.00112634408287704,
        0.999988853931427,
        0.004594520200043917,
        -0.502173125743866,
        -0.05697580426931381,
        -0.004651238676160574,
        0.9983648061752319,
        1.8323805332183838
    ],
    [
        0.9982852935791016,
        -0.00028158724308013916,
        0.05853582173585892,
        -0.040084194391965866,
        -1.0784028745547403e-05,
        0.9999875426292419,
        0.004994364455342293,
        -0.5396919846534729,
        -0.05853649973869324,
        -0.0049864319153130054,
        0.9982728362083435,
        1.9845871925354004
    ],
    [
        0.9981605410575867,
        -0.000607372960075736,
        0.06062234565615654,
        -0.03164546564221382,
        0.0002940255799330771,
        0.9999866485595703,
        0.005177628714591265,
        -0.5762240290641785,
        -0.06062467768788338,
        -0.005150273907929659,
        0.998147189617157,
        2.1561813354492188
    ],
    [
        0.9981018304824829,
        -0.0006478811264969409,
        0.061580099165439606,
        -0.0286956075578928,
        0.00030560969025827944,
        0.9999845027923584,
        0.005567401647567749,
        -0.599490225315094,
        -0.06158275157213211,
        -0.005538014695048332,
        0.9980865716934204,
        2.3079981803894043
    ],
    [
        0.998037576675415,
        -0.000544674985576421,
        0.06261486560106277,
        -0.02613837458193302,
        0.0002208817022619769,
        0.9999865889549255,
        0.005178008694201708,
        -0.6278132200241089,
        -0.06261685490608215,
        -0.005154013633728027,
        0.9980243444442749,
        2.4582486152648926
    ],
    [
        0.9978572130203247,
        -0.00014894141349941492,
        0.06542973965406418,
        -0.02292952872812748,
        -0.00015174476720858365,
        0.9999895095825195,
        0.004590567667037249,
        -0.64068603515625,
        -0.06542972475290298,
        -0.0045906598679721355,
        0.9978466033935547,
        2.6291208267211914
    ],
    [
        0.9975733757019043,
        7.725624891463667e-05,
        0.06962332129478455,
        -0.020063430070877075,
        -0.0004360245948191732,
        0.9999867081642151,
        0.005137807223945856,
        -0.660904586315155,
        -0.06962200254201889,
        -0.005155704449862242,
        0.9975602030754089,
        2.7857279777526855
    ],
    [
        0.9974111318588257,
        0.0005045224679633975,
        0.07190771400928497,
        -0.02174266427755356,
        -0.0008655581041239202,
        0.9999871850013733,
        0.004989728331565857,
        -0.6826299428939819,
        -0.0719042643904686,
        -0.005039054434746504,
        0.997398853302002,
        2.9431917667388916
    ],
    [
        0.9972316026687622,
        0.00110269570723176,
        0.07434870302677155,
        -0.030980011448264122,
        -0.0014737427700310946,
        0.9999867677688599,
        0.004935963079333305,
        -0.7039252519607544,
        -0.074342280626297,
        -0.005031863693147898,
        0.997219979763031,
        3.121753215789795
    ],
    [
        0.9970940351486206,
        0.0015635037561878562,
        0.07616458088159561,
        -0.03510931506752968,
        -0.0018676641630008817,
        0.9999905824661255,
        0.003922400996088982,
        -0.7335780262947083,
        -0.07615773379802704,
        -0.004053248558193445,
        0.9970874786376953,
        3.2738382816314697
    ],
    [
        0.9969108700752258,
        0.0013841442996636033,
        0.07852848619222641,
        -0.036467015743255615,
        -0.0016568509163334966,
        0.999992847442627,
        0.003407677635550499,
        -0.7450639009475708,
        -0.07852321863174438,
        -0.0035272566601634026,
        0.996906042098999,
        3.4117209911346436
    ],
    [
        0.9965613484382629,
        0.0006737821968272328,
        0.0828562080860138,
        -0.028200341388583183,
        -0.0010039255721494555,
        0.999991774559021,
        0.003942924551665783,
        -0.7595157623291016,
        -0.08285286277532578,
        -0.004012553486973047,
        0.9965537190437317,
        3.5753939151763916
    ],
    [
        0.9962587952613831,
        0.0007766769267618656,
        0.08641618490219116,
        -0.01670195162296295,
        -0.0010280638234689832,
        0.9999954700469971,
        0.0028645596466958523,
        -0.782036542892456,
        -0.08641355484724045,
        -0.0029426878318190575,
        0.9962550401687622,
        3.718762159347534
    ],
    [
        0.9959981441497803,
        0.0005930925253778696,
        0.08937157690525055,
        -0.0052286433055996895,
        -0.0008255860302597284,
        0.9999964237213135,
        0.002564495662227273,
        -0.7967075705528259,
        -0.08936972916126251,
        -0.002628014422953129,
        0.9959949851036072,
        3.856555938720703
    ],
    [
        0.9955703020095825,
        -0.00035020458744838834,
        0.09401987493038177,
        0.006345236673951149,
        8.998568227980286e-05,
        0.9999961256980896,
        0.0027719191275537014,
        -0.8209429383277893,
        -0.09402048587799072,
        -0.0027511832304298878,
        0.9955663681030273,
        4.017512321472168
    ]
]