[
    [
        0.992938756942749,
        0.006569861434400082,
        -0.11844653636217117,
        -0.10506460070610046,
        -0.006734903436154127,
        0.9999768733978271,
        -0.0009931651875376701,
        0.0012420115526765585,
        0.1184372752904892,
        0.0017838780768215656,
        0.9929599165916443,
        -0.043070707470178604
    ],
    [
        0.9917150139808655,
        0.007118549197912216,
        -0.12826046347618103,
        -0.11304043978452682,
        -0.007313600741326809,
        0.9999727606773376,
        -0.0010498421033844352,
        0.0018767680739983916,
        0.12824948132038116,
        0.001979190856218338,
        0.9917398691177368,
        -0.045593347400426865
    ],
    [
        0.9897255301475525,
        0.007781466003507376,
        -0.1427687555551529,
        -0.12591637670993805,
        -0.008030763827264309,
        0.999967098236084,
        -0.0011700132163241506,
        0.0018246177351102233,
        0.1427549421787262,
        0.00230453466065228,
        0.9897553324699402,
        -0.05248502269387245
    ],
    [
        0.9874923229217529,
        0.008338063023984432,
        -0.15744633972644806,
        -0.1389676183462143,
        -0.008631233125925064,
        0.9999620318412781,
        -0.0011783675290644169,
        0.0017943040002137423,
        0.15743055939674377,
        0.002522584516555071,
        0.9875268340110779,
        -0.05837668105959892
    ],
    [
        0.9858605265617371,
        0.00891661923378706,
        -0.16733033955097198,
        -0.14780579507350922,
        -0.009254549629986286,
        0.9999563694000244,
        -0.0012398536782711744,
        0.0023514733184129,
        0.16731198132038116,
        0.002770888851955533,
        0.9859001040458679,
        -0.061675455421209335
    ],
    [
        0.9831962585449219,
        0.009422768838703632,
        -0.18230865895748138,
        -0.1611856073141098,
        -0.009822490625083447,
        0.9999509453773499,
        -0.0012897284468635917,
        0.0027202432975172997,
        0.1822875440120697,
        0.0030587816145271063,
        0.98324054479599,
        -0.06638301908969879
    ],
    [
        0.9791810512542725,
        0.010437923483550549,
        -0.20272019505500793,
        -0.17849776148796082,
        -0.010913197882473469,
        0.9999396800994873,
        -0.001226829714141786,
        0.002772045321762562,
        0.20269513130187988,
        0.003413613885641098,
        0.9792359471321106,
        -0.07574859261512756
    ],
    [
        0.9770203232765198,
        0.010843980126082897,
        -0.2128702998161316,
        -0.1879989504814148,
        -0.01136157289147377,
        0.999934732913971,
        -0.001208320609293878,
        0.0027142642065882683,
        0.21284329891204834,
        0.0035990949254482985,
        0.9770797491073608,
        -0.08106403797864914
    ],
    [
        0.9734578728675842,
        0.011698542162775993,
        -0.22856731712818146,
        -0.20014351606369019,
        -0.012287724763154984,
        0.999923825263977,
        -0.0011547165922820568,
        0.0035976278595626354,
        0.22853641211986542,
        0.0039326404221355915,
        0.9735274910926819,
        -0.08727073669433594
    ],
    [
        0.9696608781814575,
        0.012285282835364342,
        -0.24414514005184174,
        -0.21268291771411896,
        -0.012947825714945793,
        0.9999155402183533,
        -0.001108992495574057,
        0.0038786116056144238,
        0.24411089718341827,
        0.004236496053636074,
        0.9697381258010864,
        -0.09354463964700699
    ],
    [
        0.967043399810791,
        0.012636120431125164,
        -0.25429821014404297,
        -0.22261971235275269,
        -0.013331555761396885,
        0.9999106526374817,
        -0.0010114155011251569,
        0.0038430611602962017,
        0.25426268577575684,
        0.004368273541331291,
        0.9671252965927124,
        -0.09896113723516464
    ],
    [
        0.9628139138221741,
        0.013322068378329277,
        -0.2698366940021515,
        -0.23530830442905426,
        -0.014043872244656086,
        0.9999010562896729,
        -0.0007444688817486167,
        0.003132245969027281,
        0.269800066947937,
        0.00450633792206645,
        0.9629058837890625,
        -0.10827702283859253
    ],
    [
        0.9584000706672668,
        0.014104905538260937,
        -0.2850795388221741,
        -0.24914908409118652,
        -0.014904323033988476,
        0.9998886585235596,
        -0.000634795636869967,
        0.0034304549917578697,
        0.28503888845443726,
        0.004857306368649006,
        0.9585036039352417,
        -0.11756355315446854
    ],
    [
        0.9552658796310425,
        0.014725121669471264,
        -0.2953815758228302,
        -0.25660258531570435,
        -0.015591459348797798,
        0.9998782873153687,
        -0.0005777556798420846,
        0.0038451715372502804,
        0.29533714056015015,
        0.005157340317964554,
        0.9553792476654053,
        -0.12313735485076904
    ],
    [
        0.9504706263542175,
        0.01545568648725748,
        -0.31042975187301636,
        -0.2697027921676636,
        -0.016384955495595932,
        0.9998655915260315,
        -0.000385945662856102,
        0.004245835822075605,
        0.31038209795951843,
        0.005453207064419985,
        0.9505961537361145,
        -0.13078130781650543
    ],
    [
        0.9455125331878662,
        0.016272088512778282,
        -0.32517898082733154,
        -0.28259119391441345,
        -0.017312075942754745,
        0.9998500347137451,
        -0.00030486236209981143,
        0.005149294156581163,
        0.3251253068447113,
        0.005917774047702551,
        0.9456523656845093,
        -0.13871920108795166
    ],
    [
        0.9402874112129211,
        0.017054550349712372,
        -0.3399539887905121,
        -0.29462140798568726,
        -0.018158674240112305,
        0.9998350739479065,
        -6.658786878688261e-05,
        0.004446257371455431,
        0.3398967981338501,
        0.006235724780708551,
        0.9404419660568237,
        -0.14805053174495697
    ],
    [
        0.9348188638687134,
        0.01773371361196041,
        -0.3546818792819977,
        -0.3058376610279083,
        -0.0189569890499115,
        0.999820351600647,
        2.586591108411085e-05,
        0.004686297848820686,
        0.3546185791492462,
        0.006699520628899336,
        0.9349871277809143,
        -0.15593697130680084
    ],
    [
        0.9292210340499878,
        0.018411679193377495,
        -0.3690652847290039,
        -0.3184627592563629,
        -0.019724158570170403,
        0.9998055100440979,
        0.00021674435993190855,
        0.0036710426211357117,
        0.3689974248409271,
        0.007078096736222506,
        0.9294034838676453,
        -0.16788041591644287
    ],
    [
        0.9253738522529602,
        0.01888948306441307,
        -0.37858453392982483,
        -0.32576295733451843,
        -0.02029249258339405,
        0.999794065952301,
        0.0002838177897501737,
        0.0037934272550046444,
        0.378511905670166,
        0.007419786881655455,
        0.9255667924880981,
        -0.17354965209960938
    ],
    [
        0.9195230603218079,
        0.019600829109549522,
        -0.3925471007823944,
        -0.3374102711677551,
        -0.02115883305668831,
        0.9997760653495789,
        0.00035767917870543897,
        0.003821979509666562,
        0.3924661874771118,
        0.00797694455832243,
        0.9197317957878113,
        -0.18363873660564423
    ],
    [
        0.9135739803314209,
        0.020289132371544838,
        -0.4061659872531891,
        -0.34887227416038513,
        -0.022000741213560104,
        0.9997578859329224,
        0.0004552664468064904,
        0.004086227156221867,
        0.4060768783092499,
        0.008520033210515976,
        0.9137991666793823,
        -0.1940273642539978
    ],
    [
        0.9094724059104919,
        0.0208115354180336,
        -0.41524311900138855,
        -0.35510972142219543,
        -0.022672178223729134,
        0.999742865562439,
        0.0004490495484787971,
        0.004913699813187122,
        0.4151456952095032,
        0.009006069041788578,
        0.9097104072570801,
        -0.1989903748035431
    ],
    [
        0.903378427028656,
        0.021365907043218613,
        -0.42831194400787354,
        -0.3666919767856598,
        -0.023381909355521202,
        0.9997264742851257,
        0.0005541599239222705,
        0.0045399111695587635,
        0.42820659279823303,
        0.009514132514595985,
        0.903630793094635,
        -0.21132108569145203
    ],
    [
        0.8971132040023804,
        0.021951772272586823,
        -0.44125500321388245,
        -0.3769040107727051,
        -0.024144301190972328,
        0.9997082948684692,
        0.0006463272729888558,
        0.004975025076419115,
        0.44114047288894653,
        0.010073965415358543,
        0.8973815441131592,
        -0.22010059654712677
    ]
]