[
    [
        0.9997687339782715,
        -0.000565585563890636,
        -0.021493585780262947,
        -0.17023973166942596,
        -2.0590538042597473e-05,
        0.9996283054351807,
        -0.027262112125754356,
        -0.10761304199695587,
        0.02150101587176323,
        0.027256254106760025,
        0.9993972778320312,
        0.554726779460907
    ],
    [
        0.9997395873069763,
        -0.0024995910935103893,
        -0.02268560416996479,
        -0.23423655331134796,
        0.0016808378277346492,
        0.9993489384651184,
        -0.03603888303041458,
        -0.12181923538446426,
        0.022760920226573944,
        0.0359913632273674,
        0.9990929365158081,
        0.8523882627487183
    ],
    [
        0.999736487865448,
        -0.0045939357951283455,
        -0.022490892559289932,
        -0.2680717408657074,
        0.0036067122127860785,
        0.9990365505218506,
        -0.04373977333307266,
        -0.13734424114227295,
        0.022670160979032516,
        0.04364712908864021,
        0.9987897872924805,
        1.1745851039886475
    ],
    [
        0.9997642636299133,
        -0.006289836950600147,
        -0.020778663456439972,
        -0.2867620587348938,
        0.005319848656654358,
        0.9989082217216492,
        -0.04641174152493477,
        -0.12012794613838196,
        0.02104790322482586,
        0.046290259808301926,
        0.9987062215805054,
        1.4862741231918335
    ],
    [
        0.9998753070831299,
        -0.007760688662528992,
        -0.013751191087067127,
        -0.26486313343048096,
        0.007099728100001812,
        0.9988470077514648,
        -0.04747926816344261,
        -0.11284535378217697,
        0.014103807508945465,
        0.047375716269016266,
        0.9987776279449463,
        1.789067029953003
    ],
    [
        0.999930202960968,
        -0.010590024292469025,
        -0.00524281756952405,
        -0.1615198850631714,
        0.010319191962480545,
        0.9987337589263916,
        -0.04923770949244499,
        -0.11635555326938629,
        0.00575760705396533,
        0.04918017238378525,
        0.9987732768058777,
        2.0714735984802246
    ],
    [
        0.9999178647994995,
        -0.012232634238898754,
        0.0038144737482070923,
        -0.02141936682164669,
        0.012399469502270222,
        0.9988033771514893,
        -0.04730856791138649,
        -0.13095209002494812,
        -0.0032312010880559683,
        0.04735197871923447,
        0.9988729953765869,
        2.361182689666748
    ],
    [
        0.9997856616973877,
        -0.01242832001298666,
        0.016560200601816177,
        0.11423280090093613,
        0.013168057426810265,
        0.9988850355148315,
        -0.045335862785577774,
        -0.1452295184135437,
        -0.015978286042809486,
        0.045544207096099854,
        0.998834490776062,
        2.7000629901885986
    ],
    [
        0.9994745850563049,
        -0.012582126073539257,
        0.029869046062231064,
        0.2364491969347,
        0.013929035514593124,
        0.9988753795623779,
        -0.045322634279727936,
        -0.16623781621456146,
        -0.02926519699394703,
        0.04571487009525299,
        0.9985257387161255,
        2.9868581295013428
    ],
    [
        0.9993493556976318,
        -0.012950337491929531,
        0.03366376832127571,
        0.40369004011154175,
        0.014390244148671627,
        0.9989761114120483,
        -0.04288886487483978,
        -0.18367943167686462,
        -0.03307388350367546,
        0.04334539175033569,
        0.9985124468803406,
        3.301346778869629
    ],
    [
        0.9993402361869812,
        -0.012624654918909073,
        0.03405465930700302,
        0.5172275304794312,
        0.014128319919109344,
        0.9989191889762878,
        -0.044281378388404846,
        -0.197165846824646,
        -0.033458828926086426,
        0.044733308255672455,
        0.9984385371208191,
        3.596224546432495
    ],
    [
        0.9993334412574768,
        -0.011377126909792423,
        0.03468726575374603,
        0.6096165180206299,
        0.012814526446163654,
        0.9990561604499817,
        -0.04150211066007614,
        -0.22369174659252167,
        -0.0341823510825634,
        0.04191894829273224,
        0.9985360503196716,
        3.944873571395874
    ],
    [
        0.9993374943733215,
        -0.011804590933024883,
        0.03442929685115814,
        0.7224776744842529,
        0.013272605836391449,
        0.9989986419677734,
        -0.04272643104195595,
        -0.22361227869987488,
        -0.03389045223593712,
        0.043155085295438766,
        0.9984934329986572,
        4.262939453125
    ],
    [
        0.9995014667510986,
        -0.012556097470223904,
        0.028968049213290215,
        0.8678498268127441,
        0.013796140439808369,
        0.9989793300628662,
        -0.043012309819459915,
        -0.22072690725326538,
        -0.028398416936397552,
        0.04339051991701126,
        0.9986544847488403,
        4.569820404052734
    ],
    [
        0.9997779130935669,
        -0.012178479693830013,
        0.017202379181981087,
        0.9611567854881287,
        0.012876491993665695,
        0.9990733861923218,
        -0.04106613248586655,
        -0.20832468569278717,
        -0.016686314716935158,
        0.04127850756049156,
        0.9990083575248718,
        4.908437252044678
    ],
    [
        0.9999250769615173,
        -0.010218922980129719,
        0.006744693964719772,
        0.9912311434745789,
        0.010492876172065735,
        0.9990660548210144,
        -0.041916023939847946,
        -0.23707106709480286,
        -0.006310052238404751,
        0.04198366031050682,
        0.9990984201431274,
        5.229079246520996
    ],
    [
        0.9999579191207886,
        -0.0090631740167737,
        -0.0014254144625738263,
        1.0232012271881104,
        0.008996594697237015,
        0.9991062879562378,
        -0.04129846394062042,
        -0.2353249192237854,
        0.0017982613062486053,
        0.04128389433026314,
        0.9991457462310791,
        5.573243618011475
    ],
    [
        0.9998528361320496,
        -0.008844506926834583,
        -0.014693448320031166,
        1.0585384368896484,
        0.008231552317738533,
        0.9991143345832825,
        -0.041265424340963364,
        -0.23884722590446472,
        0.015045424923300743,
        0.04113839939236641,
        0.9990402460098267,
        5.891852378845215
    ],
    [
        0.9996293187141418,
        -0.007683614734560251,
        -0.026117010042071342,
        1.0500820875167847,
        0.006615992169827223,
        0.9991485476493835,
        -0.04072147235274315,
        -0.21152867376804352,
        0.026407843455672264,
        0.04053359478712082,
        0.9988291263580322,
        6.225927352905273
    ],
    [
        0.9995418787002563,
        -0.006438081618398428,
        -0.029572414234280586,
        0.9943292140960693,
        0.00523142796009779,
        0.9991575479507446,
        -0.04070141538977623,
        -0.17996284365653992,
        0.029809365049004555,
        0.0405280701816082,
        0.9987336993217468,
        6.551178932189941
    ],
    [
        0.9995343685150146,
        -0.006073894444853067,
        -0.029903443530201912,
        0.9564748406410217,
        0.004797837231308222,
        0.9990823268890381,
        -0.04256029799580574,
        -0.12079291045665741,
        0.030134761705994606,
        0.04239700734615326,
        0.9986461997032166,
        6.834201335906982
    ],
    [
        0.9994935393333435,
        -0.007849806919693947,
        -0.03083791583776474,
        0.9437887668609619,
        0.0065122731029987335,
        0.9990437030792236,
        -0.043236494064331055,
        -0.07291368395090103,
        0.031147550791502,
        0.04301377385854721,
        0.9985888004302979,
        7.138729572296143
    ],
    [
        0.9994941353797913,
        -0.00825469009578228,
        -0.030713846907019615,
        0.9244568347930908,
        0.006943998858332634,
        0.9990707039833069,
        -0.04253915697336197,
        -0.045391812920570374,
        0.031036335974931717,
        0.04230435937643051,
        0.9986225366592407,
        7.3768744468688965
    ],
    [
        0.999660313129425,
        -0.008111436851322651,
        -0.024767788127064705,
        0.8663737177848816,
        0.007001722697168589,
        0.9989818334579468,
        -0.0445687472820282,
        -0.011854761280119419,
        0.025103889405727386,
        0.04438019543886185,
        0.9986993074417114,
        7.631361484527588
    ],
    [
        0.9999746084213257,
        -0.006918609607964754,
        0.001741009415127337,
        0.7764445543289185,
        0.006991407833993435,
        0.9989161491394043,
        -0.04601895064115524,
        0.0077336132526397705,
        -0.0014207341009750962,
        0.0460299476981163,
        0.9989391565322876,
        7.83204984664917
    ]
]