[
    [
        0.8719356656074524,
        -0.010957570746541023,
        0.4894978404045105,
        0.32227689027786255,
        0.02712152898311615,
        0.9992954730987549,
        -0.0259416401386261,
        0.0038429705891758204,
        -0.48886871337890625,
        0.035895369946956635,
        0.8716185688972473,
        -0.022578120231628418
    ],
    [
        0.869745671749115,
        -0.01098837610334158,
        0.4933779239654541,
        0.3266160190105438,
        0.027268435806035995,
        0.9992948174476624,
        -0.025813838467001915,
        0.0043676127679646015,
        -0.4927462935447693,
        0.03590511903166771,
        0.8694318532943726,
        -0.0233400110155344
    ],
    [
        0.8651129603385925,
        -0.01112789660692215,
        0.5014535784721375,
        0.3336338400840759,
        0.02777020074427128,
        0.9992830157279968,
        -0.025734074413776398,
        0.005217946134507656,
        -0.5008076429367065,
        0.03618834540247917,
        0.8648017644882202,
        -0.024719374254345894
    ],
    [
        0.8628137707710266,
        -0.011414117179811,
        0.5053929090499878,
        0.3369314968585968,
        0.02819303795695305,
        0.9992756843566895,
        -0.025563275441527367,
        0.005195739213377237,
        -0.504734992980957,
        0.03630490601062775,
        0.8625106811523438,
        -0.02555927261710167
    ],
    [
        0.8579788208007812,
        -0.0117970434948802,
        0.5135496258735657,
        0.34260082244873047,
        0.02893153950572014,
        0.9992591142654419,
        -0.02538088895380497,
        0.005754716228693724,
        -0.5128697156906128,
        0.03663404658436775,
        0.8576844930648804,
        -0.026795251294970512
    ],
    [
        0.8556281924247742,
        -0.01170897576957941,
        0.5174584984779358,
        0.3457299470901489,
        0.02908208593726158,
        0.9992523193359375,
        -0.025476893410086632,
        0.0066787488758563995,
        -0.5167732238769531,
        0.036847520619630814,
        0.8553289771080017,
        -0.027885347604751587
    ],
    [
        0.8508864045143127,
        -0.012194677256047726,
        0.5252081751823425,
        0.3504774868488312,
        0.029801348224282265,
        0.999241054058075,
        -0.025079844519495964,
        0.0065415240824222565,
        -0.524503767490387,
        0.036992013454437256,
        0.8506040573120117,
        -0.030152421444654465
    ],
    [
        0.8464173674583435,
        -0.012228348292410374,
        0.5323796272277832,
        0.3567107617855072,
        0.030171426013112068,
        0.9992316365242004,
        -0.025017237290740013,
        0.007928913459181786,
        -0.5316646099090576,
        0.03723767772316933,
        0.8461358547210693,
        -0.033231716603040695
    ],
    [
        0.8440783023834229,
        -0.012372201308608055,
        0.5360772609710693,
        0.3591783344745636,
        0.03043985180556774,
        0.9992271065711975,
        -0.02486763894557953,
        0.008090990595519543,
        -0.5353553295135498,
        0.03730834648013115,
        0.8438025116920471,
        -0.03448959439992905
    ],
    [
        0.8394482135772705,
        -0.012807208113372326,
        0.5432887673377991,
        0.36452561616897583,
        0.031227096915245056,
        0.9992071986198425,
        -0.02469491958618164,
        0.008752701804041862,
        -0.5425418019294739,
        0.03769543766975403,
        0.8391825556755066,
        -0.03723027929663658
    ],
    [
        0.8370040059089661,
        -0.013090536929666996,
        0.5470401048660278,
        0.36701226234436035,
        0.0317203663289547,
        0.9991933703422546,
        -0.024623597040772438,
        0.008865559473633766,
        -0.5462765693664551,
        0.03796235844492912,
        0.8367442488670349,
        -0.03805512562394142
    ],
    [
        0.8323194980621338,
        -0.013778144493699074,
        0.5541249513626099,
        0.3723811209201813,
        0.032727520912885666,
        0.9991685152053833,
        -0.02431413345038891,
        0.008913754485547543,
        -0.5533292293548584,
        0.038372259587049484,
        0.8320782780647278,
        -0.04037627577781677
    ],
    [
        0.8275947570800781,
        -0.01432884857058525,
        0.5611431002616882,
        0.3772554099559784,
        0.0335971973836422,
        0.9991464018821716,
        -0.02403709478676319,
        0.009282085113227367,
        -0.5603196620941162,
        0.038745809346437454,
        0.8273696899414062,
        -0.042552996426820755
    ],
    [
        0.8253238201141357,
        -0.014397306367754936,
        0.5644760131835938,
        0.3807179629802704,
        0.03379731997847557,
        0.9991421103477478,
        -0.023931529372930527,
        0.009733875282108784,
        -0.5636472702026367,
        0.03882903605699539,
        0.8251024484634399,
        -0.04356934502720833
    ],
    [
        0.8206411004066467,
        -0.014901846647262573,
        0.5712497234344482,
        0.3874703049659729,
        0.03453802317380905,
        0.9991258382797241,
        -0.02355273999273777,
        0.00998078752309084,
        -0.5703993439674377,
        0.039058178663253784,
        0.8204382658004761,
        -0.04492732137441635
    ],
    [
        0.8183536529541016,
        -0.015024157240986824,
        0.5745185017585754,
        0.390911728143692,
        0.03484785184264183,
        0.999116063117981,
        -0.023510105907917023,
        0.010334660299122334,
        -0.5736574530601501,
        0.03926032409071922,
        0.8181537985801697,
        -0.0458664670586586
    ],
    [
        0.8136739134788513,
        -0.0157870315015316,
        0.5811070203781128,
        0.3963998854160309,
        0.03576432168483734,
        0.9990970492362976,
        -0.022935055196285248,
        0.010020723566412926,
        -0.5802202820777893,
        0.03944455832242966,
        0.8135038614273071,
        -0.048032861202955246
    ],
    [
        0.8113594651222229,
        -0.015853401273489,
        0.5843323469161987,
        0.4000309109687805,
        0.03593685105443001,
        0.9990940690040588,
        -0.022792965173721313,
        0.010348168201744556,
        -0.5834417939186096,
        0.03949235379695892,
        0.8111941814422607,
        -0.04874967411160469
    ],
    [
        0.8066746592521667,
        -0.016173966228961945,
        0.5907743573188782,
        0.4053816795349121,
        0.03654290735721588,
        0.9990776777267456,
        -0.02254530042409897,
        0.01078441645950079,
        -0.5898648500442505,
        0.039775338023900986,
        0.8065217733383179,
        -0.05083410441875458
    ],
    [
        0.8022587299346924,
        -0.01637357845902443,
        0.5967519283294678,
        0.4117446839809418,
        0.03696361556649208,
        0.9990681409835815,
        -0.022280722856521606,
        0.011525052599608898,
        -0.595831036567688,
        0.039933014661073685,
        0.8021163940429688,
        -0.05332161858677864
    ],
    [
        0.8000487089157104,
        -0.016662083566188812,
        0.5997036695480347,
        0.41487225890159607,
        0.03717056289315224,
        0.9990704655647278,
        -0.021830221638083458,
        0.011179529130458832,
        -0.5987824201583862,
        0.039756570011377335,
        0.7999243140220642,
        -0.0546073280274868
    ],
    [
        0.7955084443092346,
        -0.016894567757844925,
        0.6057069301605225,
        0.4207193851470947,
        0.037650205194950104,
        0.999057948589325,
        -0.021582063287496567,
        0.011683005839586258,
        -0.6047716736793518,
        0.039973702281713486,
        0.7953950762748718,
        -0.0568695105612278
    ],
    [
        0.7932493686676025,
        -0.016983991488814354,
        0.6086600422859192,
        0.423229455947876,
        0.03779172897338867,
        0.9990569949150085,
        -0.021375294774770737,
        0.011884929612278938,
        -0.60772305727005,
        0.039958253502845764,
        0.7931431531906128,
        -0.058204472064971924
    ],
    [
        0.7890388369560242,
        -0.017406446859240532,
        0.6140967011451721,
        0.4292994737625122,
        0.038261912763118744,
        0.9990503191947937,
        -0.020843977108597755,
        0.01195334643125534,
        -0.6131506562232971,
        0.03994322195649147,
        0.7889555096626282,
        -0.0614321194589138
    ],
    [
        0.7846317887306213,
        -0.017403310164809227,
        0.6197177767753601,
        0.43364712595939636,
        0.03845933824777603,
        0.9990469813346863,
        -0.020637936890125275,
        0.012654059566557407,
        -0.618768036365509,
        0.040027111768722534,
        0.7845534086227417,
        -0.0643540769815445
    ]
]