[
    [
        0.9999832510948181,
        0.0010285443859174848,
        -0.005689055193215609,
        -0.026153622195124626,
        -0.0010302464943379164,
        0.9999994039535522,
        -0.0002963448059745133,
        -0.14762188494205475,
        0.005688746925443411,
        0.0003022011951543391,
        0.9999837875366211,
        -0.13219818472862244
    ],
    [
        0.9999873042106628,
        0.002220242517068982,
        -0.004513871390372515,
        -0.03267610818147659,
        -0.002218580339103937,
        0.9999974966049194,
        0.0003732711193151772,
        -0.1906449794769287,
        0.0045146881602704525,
        -0.00036325189284980297,
        0.9999897480010986,
        -0.09553078562021255
    ],
    [
        0.9999844431877136,
        0.0038514158222824335,
        -0.004043781664222479,
        -0.03887753561139107,
        -0.0038472311571240425,
        0.9999920129776001,
        0.0010418716119602323,
        -0.2359553426504135,
        0.00404776306822896,
        -0.0010262982686981559,
        0.9999912977218628,
        -0.05843369662761688
    ],
    [
        0.999975323677063,
        0.005412873346358538,
        -0.004483683500438929,
        -0.04539730027318001,
        -0.005404467694461346,
        0.9999836087226868,
        0.0018845455488190055,
        -0.28449323773384094,
        0.004493811633437872,
        -0.0018602664349600673,
        0.9999881982803345,
        -0.0206918865442276
    ],
    [
        0.9999629259109497,
        0.006519355345517397,
        -0.005635601934045553,
        -0.05219658836722374,
        -0.00650462182238698,
        0.9999754428863525,
        0.002628771122545004,
        -0.3351396918296814,
        0.005652601830661297,
        -0.0025920160114765167,
        0.9999806880950928,
        0.01805976964533329
    ],
    [
        0.9999496936798096,
        0.007336917333304882,
        -0.006839535664767027,
        -0.060389891266822815,
        -0.007314352318644524,
        0.9999676942825317,
        0.0033184275962412357,
        -0.387678861618042,
        0.006863662973046303,
        -0.003268234431743622,
        0.9999711513519287,
        0.058417778462171555
    ],
    [
        0.9999410510063171,
        0.007264817599207163,
        -0.008062989450991154,
        -0.06808433681726456,
        -0.0072328271344304085,
        0.9999658465385437,
        0.003989703953266144,
        -0.4415067732334137,
        0.00809169840067625,
        -0.003931150306016207,
        0.9999594688415527,
        0.09866562485694885
    ],
    [
        0.9999375343322754,
        0.006609564647078514,
        -0.009010556153953075,
        -0.07587788999080658,
        -0.006567494012415409,
        0.9999674558639526,
        0.0046906438656151295,
        -0.49715492129325867,
        0.00904126651585102,
        -0.004631173796951771,
        0.9999485015869141,
        0.14157713949680328
    ],
    [
        0.9999422430992126,
        0.005289514549076557,
        -0.00934995710849762,
        -0.08386286348104477,
        -0.005239141173660755,
        0.9999716877937317,
        0.005403884686529636,
        -0.5549457669258118,
        0.009378274902701378,
        -0.00535458792001009,
        0.9999415874481201,
        0.18843355774879456
    ],
    [
        0.999947726726532,
        0.003803473897278309,
        -0.009494208730757236,
        -0.08961315453052521,
        -0.0037438063882291317,
        0.9999732375144958,
        0.0062943981029093266,
        -0.6132732629776001,
        0.009517894126474857,
        -0.006258524954319,
        0.9999351501464844,
        0.23760603368282318
    ],
    [
        0.9999550580978394,
        0.0020986171439290047,
        -0.009251893498003483,
        -0.0938093513250351,
        -0.0020307928789407015,
        0.9999710321426392,
        0.007334020454436541,
        -0.6719294190406799,
        0.009267016313970089,
        -0.0073149013333022594,
        0.9999302625656128,
        0.29112839698791504
    ],
    [
        0.9999608993530273,
        6.529397796839476e-05,
        -0.008848041296005249,
        -0.09480802714824677,
        8.065958354563918e-06,
        0.9999657273292542,
        0.008290807716548443,
        -0.7304893732070923,
        0.008848277851939201,
        -0.008290555328130722,
        0.9999264478683472,
        0.3490876257419586
    ],
    [
        0.99996417760849,
        -0.001865140744484961,
        -0.00825849361717701,
        -0.09267397969961166,
        0.0019400102319195867,
        0.9999569654464722,
        0.00906701572239399,
        -0.7971670627593994,
        0.008241225965321064,
        -0.009082711301743984,
        0.9999247789382935,
        0.421286016702652
    ],
    [
        0.9999628067016602,
        -0.0036642421036958694,
        -0.007814555428922176,
        -0.08664467930793762,
        0.0037401975132524967,
        0.9999457597732544,
        0.009727361612021923,
        -0.8579020500183105,
        0.0077784862369298935,
        -0.009756227023899555,
        0.9999221563339233,
        0.4894270896911621
    ],
    [
        0.9999569058418274,
        -0.00569751113653183,
        -0.007325572893023491,
        -0.07687725871801376,
        0.005778816528618336,
        0.9999215006828308,
        0.011125974357128143,
        -0.9175702333450317,
        0.007261606864631176,
        -0.011167828924953938,
        0.9999113082885742,
        0.5607425570487976
    ],
    [
        0.9999436140060425,
        -0.008170160464942455,
        -0.006792871281504631,
        -0.06223718449473381,
        0.008279197849333286,
        0.9998348355293274,
        0.016181517392396927,
        -0.9777109026908875,
        0.006659543141722679,
        -0.016236843541264534,
        0.9998459815979004,
        0.6345284581184387
    ],
    [
        0.9999232888221741,
        -0.010875429026782513,
        -0.005931536201387644,
        -0.043891146779060364,
        0.011038768105208874,
        0.999540388584137,
        0.02823731303215027,
        -1.0352177619934082,
        0.0056217145174741745,
        -0.0283006951212883,
        0.9995837211608887,
        0.7141020894050598
    ],
    [
        0.9998999238014221,
        -0.013263994827866554,
        -0.004939713049679995,
        -0.01999589242041111,
        0.013480810448527336,
        0.9988129734992981,
        0.04680662974715233,
        -1.08822762966156,
        0.0043130056001245975,
        -0.04686857387423515,
        0.9988917708396912,
        0.7990436553955078
    ],
    [
        0.9998794794082642,
        -0.015094153583049774,
        -0.0036354921758174896,
        0.007712868973612785,
        0.015308627858757973,
        0.9975117444992065,
        0.06881766766309738,
        -1.1406351327896118,
        0.002587701892480254,
        -0.06886501610279083,
        0.9976226687431335,
        0.8895546197891235
    ],
    [
        0.9998509287834167,
        -0.016973037272691727,
        -0.0031550817657262087,
        0.038219064474105835,
        0.017188064754009247,
        0.995798647403717,
        0.08994249254465103,
        -1.1898947954177856,
        0.001615228597074747,
        -0.08998334407806396,
        0.9959419369697571,
        0.9837440252304077
    ],
    [
        0.9998118281364441,
        -0.017939912155270576,
        -0.0073749348521232605,
        0.06871646642684937,
        0.01864132285118103,
        0.9937841296195984,
        0.10975281149148941,
        -1.2399581670761108,
        0.0053601390682160854,
        -0.10986968129873276,
        0.9939315915107727,
        1.0796400308609009
    ],
    [
        0.9995384812355042,
        -0.018751295283436775,
        -0.02389899455010891,
        0.10164725035429001,
        0.021644653752446175,
        0.9916399121284485,
        0.12720774114131927,
        -1.2869478464126587,
        0.021313892677426338,
        -0.12766629457473755,
        0.9915881156921387,
        1.1740987300872803
    ],
    [
        0.9982244968414307,
        -0.018278593197464943,
        -0.05669057369232178,
        0.1395205408334732,
        0.026203786954283714,
        0.9894661903381348,
        0.14237305521965027,
        -1.3312424421310425,
        0.0534910224378109,
        -0.1436057984828949,
        0.9881883263587952,
        1.2750673294067383
    ],
    [
        0.9948602914810181,
        -0.0155955720692873,
        -0.10004831850528717,
        0.17942361533641815,
        0.0310739167034626,
        0.9874140620231628,
        0.15507443249225616,
        -1.3687598705291748,
        0.0963706374168396,
        -0.15738627314567566,
        0.9828236103057861,
        1.3883479833602905
    ],
    [
        0.9880441427230835,
        -0.007138083688914776,
        -0.15400609374046326,
        0.226985901594162,
        0.0335143581032753,
        0.9849839806556702,
        0.16936197876930237,
        -1.4167983531951904,
        0.1504845917224884,
        -0.172498419880867,
        0.9734467267990112,
        1.5277316570281982
    ]
]