[
    [
        0.9686866998672485,
        0.04184865579009056,
        -0.24473421275615692,
        -0.15148808062076569,
        -0.013526706025004387,
        0.9931243658065796,
        0.11628033965826035,
        -0.20325495302677155,
        0.24791769683361053,
        -0.1093287542462349,
        0.9625923037528992,
        0.3616456985473633
    ],
    [
        0.9736137390136719,
        0.03747826814651489,
        -0.22510382533073425,
        -0.14727827906608582,
        -0.011429932899773121,
        0.9931924343109131,
        0.11592336744070053,
        -0.19505006074905396,
        0.22791600227355957,
        -0.11029166728258133,
        0.9674140810966492,
        0.3458196222782135
    ],
    [
        0.9781421422958374,
        0.03308834135532379,
        -0.20528773963451385,
        -0.1427053064107895,
        -0.009356506168842316,
        0.9932618737220764,
        0.11551295965909958,
        -0.18714752793312073,
        0.2077266424894333,
        -0.11106730997562408,
        0.971860945224762,
        0.333487331867218
    ],
    [
        0.9824055433273315,
        0.028612447902560234,
        -0.18455517292022705,
        -0.13894732296466827,
        -0.007331648841500282,
        0.993341326713562,
        0.1149752140045166,
        -0.1787492334842682,
        0.18661600351333618,
        -0.11159919202327728,
        0.9760738611221313,
        0.3179546296596527
    ],
    [
        0.9896435141563416,
        0.019607022404670715,
        -0.14220108091831207,
        -0.12951010465621948,
        -0.0032900208607316017,
        0.9934655427932739,
        0.11408460885286331,
        -0.16427619755268097,
        0.14350873231887817,
        -0.11243526637554169,
        0.9832413196563721,
        0.29001384973526
    ],
    [
        0.9926605224609375,
        0.015057151205837727,
        -0.11999310553073883,
        -0.12436352670192719,
        -0.0013490847777575254,
        0.9935356974601746,
        0.11351180821657181,
        -0.15570218861103058,
        0.12092659622430801,
        -0.11251682043075562,
        0.9862639904022217,
        0.2725447118282318
    ],
    [
        0.9951815009117126,
        0.010293019004166126,
        -0.0975080206990242,
        -0.1196114644408226,
        0.0008160119177773595,
        0.9935707449913025,
        0.11321039497852325,
        -0.14904196560382843,
        0.09804639220237732,
        -0.11274446547031403,
        0.9887747764587402,
        0.2542216181755066
    ],
    [
        0.998684287071228,
        0.0011336990864947438,
        -0.05126838758587837,
        -0.11142835766077042,
        0.004674933850765228,
        0.9935799241065979,
        0.11303658038377762,
        -0.13404953479766846,
        0.05106738209724426,
        -0.11312752962112427,
        0.9922671914100647,
        0.21636492013931274
    ],
    [
        0.9996038675308228,
        -0.003474748693406582,
        -0.027927743270993233,
        -0.10760030895471573,
        0.006629364099353552,
        0.993496298789978,
        0.11367152631282806,
        -0.1291254609823227,
        0.027351127937436104,
        -0.11381164938211441,
        0.9931257963180542,
        0.19850483536720276
    ],
    [
        0.9999523162841797,
        -0.008441881276667118,
        -0.00492566404864192,
        -0.10257880389690399,
        0.008949864655733109,
        0.9933995604515076,
        0.11435491591691971,
        -0.12297893315553665,
        0.00392778217792511,
        -0.11439353972673416,
        0.9934276938438416,
        0.1776672899723053
    ],
    [
        0.9997531175613403,
        -0.013150621205568314,
        0.01791156269609928,
        -0.0996214747428894,
        0.011007740162312984,
        0.9933180212974548,
        0.1148827001452446,
        -0.11671128123998642,
        -0.01930265501141548,
        -0.11465717107057571,
        0.9932175278663635,
        0.15817490220069885
    ],
    [
        0.9977173805236816,
        -0.022877724841237068,
        0.06353487074375153,
        -0.09464865177869797,
        0.015400700271129608,
        0.9931562542915344,
        0.11577283591032028,
        -0.10860737413167953,
        -0.0657486766576767,
        -0.11453007906675339,
        0.9912415742874146,
        0.11581703275442123
    ],
    [
        0.9959371089935303,
        -0.027673127129673958,
        0.08569400757551193,
        -0.09212885797023773,
        0.017610015347599983,
        0.9930891394615173,
        0.11603392660617828,
        -0.10558470338582993,
        -0.08831281960010529,
        -0.11405342072248459,
        0.9895416498184204,
        0.09502524882555008
    ],
    [
        0.9936410784721375,
        -0.03245754912495613,
        0.1078137755393982,
        -0.09004034847021103,
        0.019857613369822502,
        0.99305659532547,
        0.11594849824905396,
        -0.10186827927827835,
        -0.11082860082387924,
        -0.1130702793598175,
        0.9873865246772766,
        0.07411187142133713
    ],
    [
        0.9874462485313416,
        -0.04190349951386452,
        0.15229614078998566,
        -0.08443722873926163,
        0.024208197370171547,
        0.9929262399673462,
        0.1162392646074295,
        -0.0959075391292572,
        -0.156089648604393,
        -0.1110931932926178,
        0.9814755916595459,
        0.03212727606296539
    ],
    [
        0.9834967851638794,
        -0.04642272740602493,
        0.17486898601055145,
        -0.08310654759407043,
        0.026098567992448807,
        0.9928147196769714,
        0.11678065359592438,
        -0.09388449043035507,
        -0.1790337860584259,
        -0.1102895513176918,
        0.9776416420936584,
        0.00909088458865881
    ],
    [
        0.9789272546768188,
        -0.05150538682937622,
        0.19760721921920776,
        -0.0815378800034523,
        0.028469758108258247,
        0.9926420450210571,
        0.11769099533557892,
        -0.09194457530975342,
        -0.20221497118473053,
        -0.10958509147167206,
        0.9731907248497009,
        -0.013331263326108456
    ],
    [
        0.9737371802330017,
        -0.05652906373143196,
        0.22054551541805267,
        -0.08031995594501495,
        0.030741780996322632,
        0.9924597144126892,
        0.11865309625864029,
        -0.0902005061507225,
        -0.22558988630771637,
        -0.10875696688890457,
        0.9681328535079956,
        -0.03573339805006981
    ],
    [
        0.9613623023033142,
        -0.06678808480501175,
        0.26706162095069885,
        -0.0767318606376648,
        0.03542326018214226,
        0.9920706152915955,
        0.12058605998754501,
        -0.08753444999456406,
        -0.2729977071285248,
        -0.10646668076515198,
        0.95610511302948,
        -0.08068860322237015
    ],
    [
        0.9542398452758789,
        -0.07166032493114471,
        0.29032912850379944,
        -0.07498196512460709,
        0.037681471556425095,
        0.9919388890266418,
        0.12098508328199387,
        -0.08585422486066818,
        -0.29665857553482056,
        -0.10450877994298935,
        0.9492478966712952,
        -0.10237925499677658
    ],
    [
        0.9463980197906494,
        -0.07687678933143616,
        0.31372085213661194,
        -0.07348043471574783,
        0.04019736126065254,
        0.9917449355125427,
        0.12176261842250824,
        -0.08551619946956635,
        -0.3204917907714844,
        -0.10262515395879745,
        0.9416757822036743,
        -0.12460625916719437
    ],
    [
        0.9286812543869019,
        -0.08682408928871155,
        0.3605727255344391,
        -0.07129219174385071,
        0.044607941061258316,
        0.9913027882575989,
        0.12380973249673843,
        -0.08446674793958664,
        -0.36818641424179077,
        -0.09889537841081619,
        0.9244773983955383,
        -0.17006203532218933
    ],
    [
        0.9188934564590454,
        -0.09148823469877243,
        0.3837508261203766,
        -0.07051490992307663,
        0.04644313082098961,
        0.991060733795166,
        0.12506581842899323,
        -0.08333158493041992,
        -0.39176246523857117,
        -0.09709957987070084,
        0.9149283170700073,
        -0.19150637090206146
    ],
    [
        0.9084210991859436,
        -0.09679970890283585,
        0.4066952168941498,
        -0.06941071152687073,
        0.048770979046821594,
        0.9907197952270508,
        0.12686850130558014,
        -0.08303600549697876,
        -0.4152018427848816,
        -0.09541510045528412,
        0.9047116637229919,
        -0.21270501613616943
    ],
    [
        0.8855603337287903,
        -0.1062711700797081,
        0.4522050619125366,
        -0.06879270076751709,
        0.05277044326066971,
        0.9901924729347229,
        0.12936055660247803,
        -0.08235787600278854,
        -0.461517333984375,
        -0.09069351851940155,
        0.882483184337616,
        -0.2565895915031433
    ]
]