[
    [
        0.9997661113739014,
        0.021129358559846878,
        0.004590537399053574,
        0.0005392472958192229,
        -0.021103601902723312,
        0.999761700630188,
        -0.005588533356785774,
        -0.3437206745147705,
        -0.004707525949925184,
        0.005490349140018225,
        0.9999738931655884,
        0.6790481805801392
    ],
    [
        0.9997220039367676,
        0.023015867918729782,
        0.005105956923216581,
        0.026897184550762177,
        -0.022959483787417412,
        0.9996776580810547,
        -0.010839191265404224,
        -0.5122724175453186,
        -0.005353783257305622,
        0.010718947276473045,
        0.9999282360076904,
        0.8435206413269043
    ],
    [
        0.9997310638427734,
        0.023032480850815773,
        0.0027125526685267687,
        0.06195972114801407,
        -0.02298281528055668,
        0.9995895028114319,
        -0.017103446647524834,
        -0.6880159974098206,
        -0.003105373587459326,
        0.017036501318216324,
        0.9998500347137451,
        0.9908815622329712
    ],
    [
        0.9997554421424866,
        0.022083710879087448,
        0.0011822690721601248,
        0.0903148427605629,
        -0.022049279883503914,
        0.9994728565216064,
        -0.02383383922278881,
        -0.8422573804855347,
        -0.0017079863464459777,
        0.02380194701254368,
        0.999715268611908,
        1.1247618198394775
    ],
    [
        0.9998137354850769,
        0.01928236335515976,
        0.0009362798882648349,
        0.1092800721526146,
        -0.019248798489570618,
        0.9994263648986816,
        -0.027864400297403336,
        -0.9913216233253479,
        -0.0014730344992130995,
        0.027841191738843918,
        0.9996113181114197,
        1.3002729415893555
    ],
    [
        0.9998356103897095,
        0.018026115372776985,
        0.0019588263239711523,
        0.11643823981285095,
        -0.017959171906113625,
        0.999387264251709,
        -0.03004300221800804,
        -1.1256487369537354,
        -0.002499178983271122,
        0.030002860352396965,
        0.9995467066764832,
        1.4494551420211792
    ],
    [
        0.9999002814292908,
        0.014021102339029312,
        0.0016586525598540902,
        0.13744476437568665,
        -0.013965762220323086,
        0.9994624853134155,
        -0.029658494517207146,
        -1.2687304019927979,
        -0.00207359716296196,
        0.02963244915008545,
        0.9995588064193726,
        1.567274808883667
    ],
    [
        0.999960720539093,
        0.008847386576235294,
        0.0006118759047240019,
        0.17079171538352966,
        -0.008827544748783112,
        0.9995935559272766,
        -0.027108611539006233,
        -1.4095861911773682,
        -0.0008514666114933789,
        0.027102164924144745,
        0.9996323585510254,
        1.70344877243042
    ],
    [
        0.9999968409538269,
        0.0021047405898571014,
        -0.0014472099719569087,
        0.19211271405220032,
        -0.002140464261174202,
        0.9996815919876099,
        -0.02514011599123478,
        -1.5746275186538696,
        0.001393842976540327,
        0.025143049657344818,
        0.9996829628944397,
        1.8650054931640625
    ],
    [
        0.9999858736991882,
        -0.0033589613158255816,
        -0.004128837492316961,
        0.19506393373012543,
        0.0032605913002043962,
        0.99971604347229,
        -0.023604581132531166,
        -1.7011066675186157,
        0.0042069521732628345,
        0.02359081245958805,
        0.9997129440307617,
        1.9818127155303955
    ],
    [
        0.9999467134475708,
        -0.008864751085639,
        -0.005304120015352964,
        0.18151231110095978,
        0.00873402040451765,
        0.9996693730354309,
        -0.024182450026273727,
        -1.7947267293930054,
        0.005516738165169954,
        0.024134783074259758,
        0.9996935725212097,
        2.1061580181121826
    ],
    [
        0.9998961091041565,
        -0.013701586984097958,
        -0.004485915880650282,
        0.15447601675987244,
        0.013585533015429974,
        0.999596357345581,
        -0.024951793253421783,
        -1.891826868057251,
        0.004825987853109837,
        0.02488815411925316,
        0.9996786713600159,
        2.2403266429901123
    ],
    [
        0.9997975826263428,
        -0.019744200631976128,
        -0.0038413896691054106,
        0.13437606394290924,
        0.01964789815247059,
        0.9995266795158386,
        -0.023671872913837433,
        -2.0170252323150635,
        0.004306955263018608,
        0.023591598495841026,
        0.9997124075889587,
        2.375501871109009
    ],
    [
        0.9997429251670837,
        -0.022481998428702354,
        -0.0029070621822029352,
        0.1314709633588791,
        0.022419027984142303,
        0.9995459914207458,
        -0.020131640136241913,
        -2.099453926086426,
        0.003358340123668313,
        0.020061427727341652,
        0.9997930526733398,
        2.5056746006011963
    ],
    [
        0.9996917247772217,
        -0.024752462282776833,
        -0.0019381651654839516,
        0.1395665854215622,
        0.024720627814531326,
        0.9995816946029663,
        -0.01501306053251028,
        -2.168780565261841,
        0.0023089658934623003,
        0.014960547909140587,
        0.9998853206634521,
        2.663499116897583
    ],
    [
        0.999789834022522,
        -0.020445076748728752,
        0.0015321315731853247,
        0.14271876215934753,
        0.020453063771128654,
        0.9997762441635132,
        -0.005391858052462339,
        -2.258012056350708,
        -0.0014215531991794705,
        0.005422075279057026,
        0.9999843835830688,
        2.8220536708831787
    ],
    [
        0.9999039173126221,
        -0.012789597734808922,
        0.005345315206795931,
        0.14592266082763672,
        0.012774496339261532,
        0.9999144077301025,
        0.0028494778089225292,
        -2.3401739597320557,
        -0.005381302908062935,
        -0.0027808956801891327,
        0.9999816417694092,
        2.986999988555908
    ],
    [
        0.999837338924408,
        -0.008025792427361012,
        0.016149932518601418,
        0.15441252291202545,
        0.007940242066979408,
        0.9999541640281677,
        0.005354307126253843,
        -2.373838186264038,
        -0.01619216613471508,
        -0.005225170869380236,
        0.9998553395271301,
        3.1458990573883057
    ],
    [
        0.9995778203010559,
        -0.004965623840689659,
        0.028624895960092545,
        0.16607390344142914,
        0.004807299468666315,
        0.9999727606773376,
        0.005597167648375034,
        -2.3913261890411377,
        -0.02865190990269184,
        -0.005457206163555384,
        0.999574601650238,
        3.3088929653167725
    ],
    [
        0.9989114999771118,
        -0.0018215049058198929,
        0.04660866782069206,
        0.1921878457069397,
        0.0016149352304637432,
        0.9999887347221375,
        0.004469220992177725,
        -2.4013900756835938,
        -0.04661628231406212,
        -0.0043891118839383125,
        0.9989033937454224,
        3.4494447708129883
    ],
    [
        0.9976556301116943,
        -0.00032448043930344284,
        0.06843405961990356,
        0.2444598227739334,
        0.0002511030761525035,
        0.9999993443489075,
        0.0010808610823005438,
        -2.403703212738037,
        -0.06843437254428864,
        -0.0010611023753881454,
        0.9976550936698914,
        3.5901541709899902
    ],
    [
        0.9962688088417053,
        0.00020313427376095206,
        0.08630437403917313,
        0.3108598291873932,
        -3.309671956230886e-05,
        0.9999980926513672,
        -0.0019716843962669373,
        -2.402693748474121,
        -0.08630461245775223,
        0.00196147826500237,
        0.9962669014930725,
        3.6962273120880127
    ],
    [
        0.9938732981681824,
        0.0015456334222108126,
        0.11051443964242935,
        0.376756876707077,
        -0.0014775623567402363,
        0.9999986886978149,
        -0.000697724346537143,
        -2.3881824016571045,
        -0.11051537096500397,
        0.0005302547360770404,
        0.9938743114471436,
        3.7832415103912354
    ],
    [
        0.9904583096504211,
        0.0027505161706358194,
        0.13778530061244965,
        0.43377822637557983,
        -0.0028609680011868477,
        0.9999957084655762,
        0.0006036850973032415,
        -2.378589391708374,
        -0.13778306543827057,
        -0.0009920495795086026,
        0.9904618263244629,
        3.8514468669891357
    ],
    [
        0.9853338003158569,
        0.002647683722898364,
        0.17061734199523926,
        0.4900774359703064,
        -0.002795939100906253,
        0.9999958276748657,
        0.0006286525749601424,
        -2.38069486618042,
        -0.17061495780944824,
        -0.0010964765679091215,
        0.9853371381759644,
        3.9071571826934814
    ]
]