[
    [
        0.9966583847999573,
        -0.0043477388098835945,
        0.08156570047140121,
        -0.14726190268993378,
        0.007997339591383934,
        0.9989786148071289,
        -0.0444711297750473,
        -0.05260119214653969,
        -0.08128904551267624,
        0.04497483745217323,
        0.9956754446029663,
        1.1385911703109741
    ],
    [
        0.9928756356239319,
        -0.003524996805936098,
        0.11910274624824524,
        -0.16104106605052948,
        0.008457738906145096,
        0.9991260170936584,
        -0.04093580320477486,
        -0.05191041901707649,
        -0.11885435879230499,
        0.04165150225162506,
        0.9920376539230347,
        1.2838960886001587
    ],
    [
        0.9851900935173035,
        -0.0053208512254059315,
        0.17138338088989258,
        -0.1782539188861847,
        0.011311906389892101,
        0.9993578195571899,
        -0.03399946540594101,
        -0.05642024427652359,
        -0.17109240591526031,
        0.03543461114168167,
        0.9846175909042358,
        1.4524706602096558
    ],
    [
        0.9720573425292969,
        -0.005218143574893475,
        0.23468558490276337,
        -0.20499616861343384,
        0.012664520181715488,
        0.9994626045227051,
        -0.030233217403292656,
        -0.045014966279268265,
        -0.23440171778202057,
        0.03236059844493866,
        0.9716010689735413,
        1.6262707710266113
    ],
    [
        0.9556748867034912,
        -0.005331610795110464,
        0.29437562823295593,
        -0.2103293240070343,
        0.01404933538287878,
        0.9995228052139282,
        -0.027507472783327103,
        -0.034327633678913116,
        -0.2940885126590729,
        0.03042398765683174,
        0.9552938342094421,
        1.7699841260910034
    ],
    [
        0.9304501414299011,
        -0.005988826043903828,
        0.3663695454597473,
        -0.21617814898490906,
        0.015893299132585526,
        0.9995850920677185,
        -0.02402377873659134,
        -0.0285490732640028,
        -0.3660736680030823,
        0.028175747022032738,
        0.9301591515541077,
        1.9009774923324585
    ],
    [
        0.8969491124153137,
        -0.009778500534594059,
        0.4420256018638611,
        -0.21490147709846497,
        0.021780680865049362,
        0.9995187520980835,
        -0.02208552323281765,
        -0.030762553215026855,
        -0.44159698486328125,
        0.029437212273478508,
        0.8967304825782776,
        2.0245413780212402
    ],
    [
        0.8602267503738403,
        -0.015467977151274681,
        0.5096771121025085,
        -0.17273737490177155,
        0.029343832284212112,
        0.9993849396705627,
        -0.019196240231394768,
        -0.042009685188531876,
        -0.5090665817260742,
        0.03146899491548538,
        0.8601516485214233,
        2.1466615200042725
    ],
    [
        0.8144542574882507,
        -0.017664337530732155,
        0.5799587965011597,
        -0.062199342995882034,
        0.03511703014373779,
        0.9992047548294067,
        -0.018882233649492264,
        -0.047205593436956406,
        -0.5791642069816589,
        0.03574514761567116,
        0.814426839351654,
        2.3161017894744873
    ],
    [
        0.7652371525764465,
        -0.02159213088452816,
        0.64338618516922,
        0.0573892779648304,
        0.043858133256435394,
        0.9988637566566467,
        -0.01864241063594818,
        -0.06088312715291977,
        -0.6422526836395264,
        0.04248358681797981,
        0.7653146982192993,
        2.4473953247070312
    ],
    [
        0.7157223224639893,
        -0.024431416764855385,
        0.6979575157165527,
        0.1759795844554901,
        0.05172688141465187,
        0.9984973669052124,
        -0.018091898411512375,
        -0.07592136412858963,
        -0.6964667439460754,
        0.04905194044113159,
        0.7159105539321899,
        2.545638084411621
    ],
    [
        0.6700249314308167,
        -0.027814531698822975,
        0.7418172955513,
        0.31930011510849,
        0.06028721109032631,
        0.998035728931427,
        -0.017031202092766762,
        -0.09156175702810287,
        -0.7398864030838013,
        0.05613342672586441,
        0.6703856587409973,
        2.6203670501708984
    ],
    [
        0.6209436655044556,
        -0.02907573990523815,
        0.7833157777786255,
        0.4908304810523987,
        0.06628269702196121,
        0.9976803660392761,
        -0.015510372817516327,
        -0.10386241227388382,
        -0.7810478806495667,
        0.06155134364962578,
        0.6214303970336914,
        2.6927425861358643
    ],
    [
        0.5696823596954346,
        -0.02746368572115898,
        0.8214058876037598,
        0.6772950887680054,
        0.07133165001869202,
        0.9973223209381104,
        -0.016126295551657677,
        -0.11198513209819794,
        -0.8187635540962219,
        0.06777911633253098,
        0.5701159238815308,
        2.76936411857605
    ],
    [
        0.5308349132537842,
        -0.027083061635494232,
        0.8470423817634583,
        0.8639073967933655,
        0.07561130076646805,
        0.9970168471336365,
        -0.015506726689636707,
        -0.12549814581871033,
        -0.8440955281257629,
        0.0722774937748909,
        0.5312991142272949,
        2.8157434463500977
    ],
    [
        0.4951974153518677,
        -0.022829165682196617,
        0.8684804439544678,
        1.0989676713943481,
        0.07653110474348068,
        0.9969147443771362,
        -0.01743190549314022,
        -0.13629761338233948,
        -0.8654031157493591,
        0.07509800046682358,
        0.4954167306423187,
        2.8514833450317383
    ],
    [
        0.45722514390945435,
        -0.020288042724132538,
        0.8891194462776184,
        1.3210277557373047,
        0.07694404572248459,
        0.9968935251235962,
        -0.01682082936167717,
        -0.15518219769001007,
        -0.886016309261322,
        0.07610336691141129,
        0.45736584067344666,
        2.8892035484313965
    ],
    [
        0.413289874792099,
        -0.014986071735620499,
        0.9104761481285095,
        1.5437817573547363,
        0.07812874019145966,
        0.9967610836029053,
        -0.019058475270867348,
        -0.1657445728778839,
        -0.9072416424751282,
        0.07901103049516678,
        0.4131219983100891,
        2.948890209197998
    ],
    [
        0.37204185128211975,
        -0.01094740815460682,
        0.9281513690948486,
        1.736020803451538,
        0.07719486951828003,
        0.9968313574790955,
        -0.019185449928045273,
        -0.18049472570419312,
        -0.9250003695487976,
        0.07878632098436356,
        0.37170806527137756,
        2.9990074634552
    ],
    [
        0.32487767934799194,
        -0.006214640568941832,
        0.9457356333732605,
        1.9427452087402344,
        0.07480256259441376,
        0.9970146417617798,
        -0.019144464284181595,
        -0.19133204221725464,
        -0.9427933096885681,
        0.07696305960416794,
        0.3243727684020996,
        3.0450685024261475
    ],
    [
        0.2772435247898102,
        -0.003988953307271004,
        0.9607915282249451,
        2.148742437362671,
        0.07367826253175735,
        0.9971351027488708,
        -0.01712055876851082,
        -0.2084091454744339,
        -0.9579704999923706,
        0.07553602010011673,
        0.2767430543899536,
        3.0810561180114746
    ],
    [
        0.23276281356811523,
        -0.002068548696115613,
        0.9725313186645508,
        2.3229918479919434,
        0.07399517297744751,
        0.997136652469635,
        -0.015588904730975628,
        -0.22566604614257812,
        -0.9697145819664001,
        0.07559115439653397,
        0.2322494238615036,
        3.110691547393799
    ],
    [
        0.17716115713119507,
        -0.00020052431500516832,
        0.9841819405555725,
        2.5091397762298584,
        0.07444588840007782,
        0.9971377849578857,
        -0.01319773681461811,
        -0.2580816447734833,
        -0.9813622236251831,
        0.07560641318559647,
        0.17666900157928467,
        3.1608636379241943
    ],
    [
        0.12161966413259506,
        -0.008286267518997192,
        0.9925422668457031,
        2.6683237552642822,
        0.07315727323293686,
        0.9973202347755432,
        -0.0006380463601090014,
        -0.34384945034980774,
        -0.9898770451545715,
        0.07268930226564407,
        0.12189985066652298,
        3.2031610012054443
    ],
    [
        0.07304321974515915,
        -0.013448282144963741,
        0.9972381591796875,
        2.7965734004974365,
        0.07392536848783493,
        0.9972314834594727,
        0.008033499121665955,
        -0.4316067099571228,
        -0.9945850372314453,
        0.0731344148516655,
        0.07383505254983902,
        3.210791826248169
    ]
]