[
    [
        0.9999997019767761,
        0.0008208638755604625,
        -0.000378490163711831,
        -0.09329623728990555,
        -0.0008204322657547891,
        0.9999990463256836,
        0.0011368879349902272,
        0.05340704321861267,
        0.0003794228832703084,
        -0.0011365771060809493,
        0.9999992847442627,
        -0.004755709785968065
    ],
    [
        0.9999997019767761,
        0.000877381069585681,
        -0.00014605929027311504,
        -0.10371319204568863,
        -0.0008772241417318583,
        0.9999991059303284,
        0.0010712036164477468,
        0.05976380407810211,
        0.00014699873281642795,
        -0.0010710754431784153,
        0.9999994039535522,
        -0.005150543991476297
    ],
    [
        0.9999997615814209,
        0.0008584432071074843,
        0.0001950330479303375,
        -0.12012382596731186,
        -0.0008586290059611201,
        0.9999992251396179,
        0.0009550589602440596,
        0.0689985603094101,
        -0.0001942129892995581,
        -0.000955226132646203,
        0.9999995231628418,
        -0.006389162503182888
    ],
    [
        0.9999995231628418,
        0.0008389504509977996,
        0.0005607927450910211,
        -0.13634951412677765,
        -0.0008395047043450177,
        0.9999991655349731,
        0.00098952476400882,
        0.07804515957832336,
        -0.0005599624128080904,
        -0.0009899953147396445,
        0.9999994039535522,
        -0.007546303793787956
    ],
    [
        0.9999992847442627,
        0.0007878142641857266,
        0.0009181545465253294,
        -0.15246787667274475,
        -0.0007886308594606817,
        0.9999993443489075,
        0.0008884635753929615,
        0.08715730905532837,
        -0.0009174533770419657,
        -0.0008891874458640814,
        0.9999991655349731,
        -0.008755233138799667
    ],
    [
        0.9999989867210388,
        0.0007924556848593056,
        0.0012028062483295798,
        -0.16849911212921143,
        -0.0007934663444757462,
        0.9999992847442627,
        0.000839730491861701,
        0.09629754722118378,
        -0.0012021397706121206,
        -0.0008406845154240727,
        0.999998927116394,
        -0.010210864245891571
    ],
    [
        0.9999987483024597,
        0.0007422819617204368,
        0.001472131465561688,
        -0.18514154851436615,
        -0.0007434182334691286,
        0.9999995231628418,
        0.0007713676895946264,
        0.10538211464881897,
        -0.001471557654440403,
        -0.0007724614115431905,
        0.9999985694885254,
        -0.011617942713201046
    ],
    [
        0.9999982118606567,
        0.0007404614007100463,
        0.001746694091707468,
        -0.20123383402824402,
        -0.000741698662750423,
        0.9999995231628418,
        0.0007080127252265811,
        0.11492224037647247,
        -0.001746168709360063,
        -0.0007093072636052966,
        0.9999982118606567,
        -0.012627245858311653
    ],
    [
        0.9999977350234985,
        0.0008597377454861999,
        0.0019851913675665855,
        -0.21763361990451813,
        -0.0008608871139585972,
        0.9999994039535522,
        0.0005781033542007208,
        0.12416020780801773,
        -0.0019846928771585226,
        -0.0005798107013106346,
        0.9999978542327881,
        -0.013919338583946228
    ],
    [
        0.9999971985816956,
        0.0008492263150401413,
        0.002221215283498168,
        -0.23371273279190063,
        -0.0008503528079017997,
        0.9999995231628418,
        0.0005063656717538834,
        0.13348117470741272,
        -0.0022207850124686956,
        -0.0005082524148747325,
        0.9999974966049194,
        -0.015207977965474129
    ],
    [
        0.9999966621398926,
        0.000755737884901464,
        0.002463513519614935,
        -0.24993091821670532,
        -0.0007570061134174466,
        0.9999996423721313,
        0.0005138738779351115,
        0.14266741275787354,
        -0.0024631237611174583,
        -0.0005157372797839344,
        0.9999969005584717,
        -0.016282115131616592
    ],
    [
        0.9999962449073792,
        0.0007724391180090606,
        0.002663812367245555,
        -0.26579397916793823,
        -0.0007740349974483252,
        0.9999995231628418,
        0.0005977704422548413,
        0.1517341583967209,
        -0.0026633492670953274,
        -0.0005998306442052126,
        0.9999963045120239,
        -0.017233796417713165
    ],
    [
        0.9999953508377075,
        0.0008270951802842319,
        0.00293457368388772,
        -0.28252342343330383,
        -0.0008284698124043643,
        0.9999995231628418,
        0.00046695995843037963,
        0.16088233888149261,
        -0.0029341864865273237,
        -0.00046938902232795954,
        0.9999955892562866,
        -0.019100703299045563
    ],
    [
        0.9999948143959045,
        0.000809466524515301,
        0.0031313595827668905,
        -0.29340580105781555,
        -0.0008108094916678965,
        0.9999995827674866,
        0.00042747726547531784,
        0.16720005869865417,
        -0.0031310117337852716,
        -0.00043001369340345263,
        0.9999949932098389,
        -0.019927596673369408
    ],
    [
        0.9999938011169434,
        0.0010159246157854795,
        0.0033775619231164455,
        -0.309604287147522,
        -0.0010166753781959414,
        0.999999463558197,
        0.0002204624906880781,
        0.1767740100622177,
        -0.0033773360773921013,
        -0.0002238955203210935,
        0.9999942779541016,
        -0.021245725452899933
    ],
    [
        0.9999926686286926,
        0.0008762240177020431,
        0.003717763116583228,
        -0.3259716331958771,
        -0.0008765640668570995,
        0.9999996423721313,
        8.98358048289083e-05,
        0.18601103127002716,
        -0.0037176827900111675,
        -9.309420420322567e-05,
        0.999993085861206,
        -0.02240322344005108
    ],
    [
        0.9999912977218628,
        0.0008906933362595737,
        0.004076474346220493,
        -0.34287703037261963,
        -0.0008905247086659074,
        0.9999996423721313,
        -4.3104573705932125e-05,
        0.19538772106170654,
        -0.004076510667800903,
        3.9473419747082517e-05,
        0.9999916553497314,
        -0.023964980617165565
    ],
    [
        0.9999902844429016,
        0.000999781652353704,
        0.004294958431273699,
        -0.35876038670539856,
        -0.0009987754747271538,
        0.999999463558197,
        -0.00023650801449548453,
        0.20506466925144196,
        -0.00429519172757864,
        0.0002322160144103691,
        0.9999908208847046,
        -0.0248003788292408
    ],
    [
        0.9999890923500061,
        0.000984543701633811,
        0.004588616546243429,
        -0.3753402531147003,
        -0.0009832264622673392,
        0.999999463558197,
        -0.0002891728072427213,
        0.21421924233436584,
        -0.004588899202644825,
        0.00028465711511671543,
        0.99998939037323,
        -0.026221999898552895
    ],
    [
        0.9999878406524658,
        0.0010915128514170647,
        0.0048194280825555325,
        -0.3920769989490509,
        -0.0010896824533119798,
        0.9999994039535522,
        -0.00038246632902882993,
        0.22361814975738525,
        -0.004819841589778662,
        0.000377209740690887,
        0.999988317489624,
        -0.02768746390938759
    ],
    [
        0.9999866485595703,
        0.001009116880595684,
        0.005081015173345804,
        -0.4084167182445526,
        -0.0010068301344290376,
        0.9999993443489075,
        -0.00045261572813615203,
        0.23286190629005432,
        -0.005081468727439642,
        0.0004474931338336319,
        0.9999868869781494,
        -0.028760045766830444
    ],
    [
        0.9999850988388062,
        0.0010659139370545745,
        0.0053551085293293,
        -0.424503356218338,
        -0.001062616240233183,
        0.9999992847442627,
        -0.0006186386453919113,
        0.24225682020187378,
        -0.005355764180421829,
        0.0006129393586888909,
        0.9999854564666748,
        -0.029622791334986687
    ],
    [
        0.999983549118042,
        0.001188402296975255,
        0.0056192101910710335,
        -0.4411706030368805,
        -0.001184430904686451,
        0.9999990463256836,
        -0.000709974265191704,
        0.2516302466392517,
        -0.005620049312710762,
        0.0007033066940493882,
        0.9999840259552002,
        -0.03118804097175598
    ],
    [
        0.999981701374054,
        0.001262974925339222,
        0.005907923448830843,
        -0.45772162079811096,
        -0.0012581540504470468,
        0.9999988675117493,
        -0.0008196599083021283,
        0.26129618287086487,
        -0.005908952560275793,
        0.0008122118306346238,
        0.9999821186065674,
        -0.03228972852230072
    ],
    [
        0.9999808073043823,
        0.0013500532368198037,
        0.0060576568357646465,
        -0.47476911544799805,
        -0.001343808020465076,
        0.9999985694885254,
        -0.0010349043877795339,
        0.27100351452827454,
        -0.006059044972062111,
        0.001026744837872684,
        0.999981164932251,
        -0.03409609571099281
    ]
]