[
    [
        0.9989308714866638,
        -0.006426407024264336,
        0.04578126221895218,
        0.13347482681274414,
        0.006307375151664019,
        0.9999763369560242,
        0.0027439971454441547,
        -0.02338545024394989,
        -0.04579780995845795,
        -0.002452303422614932,
        0.9989476799964905,
        -0.07349955290555954
    ],
    [
        0.9987401962280273,
        -0.0067047537304461,
        0.04973101243376732,
        0.13546958565711975,
        0.006588694639503956,
        0.9999751448631287,
        0.002497314475476742,
        -0.023687729611992836,
        -0.049746520817279816,
        -0.0021665063686668873,
        0.9987596273422241,
        -0.07338897138834
    ],
    [
        0.9985220432281494,
        -0.00681872246786952,
        0.053918659687042236,
        0.13718773424625397,
        0.00672142906114459,
        0.9999754428863525,
        0.001985568320378661,
        -0.023600852116942406,
        -0.05393087863922119,
        -0.0016202230472117662,
        0.998543381690979,
        -0.07303442060947418
    ],
    [
        0.9982777237892151,
        -0.007224388420581818,
        0.05821678414940834,
        0.13867591321468353,
        0.007123726885765791,
        0.9999727606773376,
        0.0019364272011443973,
        -0.024066658690571785,
        -0.05822918936610222,
        -0.0015183724462985992,
        0.9983019828796387,
        -0.07295247167348862
    ],
    [
        0.9980476498603821,
        -0.007560142781585455,
        0.06199828162789345,
        0.1410580277442932,
        0.007472217548638582,
        0.9999707341194153,
        0.0016499168705195189,
        -0.024201301857829094,
        -0.062008943408727646,
        -0.0011834311299026012,
        0.9980748891830444,
        -0.07294122874736786
    ],
    [
        0.9977851510047913,
        -0.007889307104051113,
        0.06605096906423569,
        0.1430283635854721,
        0.007793905679136515,
        0.9999681711196899,
        0.00170191063079983,
        -0.02483387477695942,
        -0.06606230139732361,
        -0.0011833453318104148,
        0.9978147745132446,
        -0.07240655273199081
    ],
    [
        0.9975073337554932,
        -0.00822298415005207,
        0.07008302211761475,
        0.14482474327087402,
        0.008143623359501362,
        0.9999657869338989,
        0.0014180224388837814,
        -0.024841168895363808,
        -0.07009228318929672,
        -0.000843758403789252,
        0.9975401163101196,
        -0.07243651896715164
    ],
    [
        0.9972549080848694,
        -0.00841448362916708,
        0.07356540113687515,
        0.14767970144748688,
        0.008357248269021511,
        0.9999644160270691,
        0.0010858080349862576,
        -0.024784576147794724,
        -0.07357192039489746,
        -0.00046802309225313365,
        0.9972898960113525,
        -0.07260522991418839
    ],
    [
        0.99661785364151,
        -0.008847853168845177,
        0.08169744163751602,
        0.1512705385684967,
        0.008775470778346062,
        0.999960720539093,
        0.0012450171634554863,
        -0.026088371872901917,
        -0.081705242395401,
        -0.0005238726735115051,
        0.9966562986373901,
        -0.07273048162460327
    ],
    [
        0.9962526559829712,
        -0.009160897694528103,
        0.08600403368473053,
        0.15263566374778748,
        0.009094621054828167,
        0.9999579787254333,
        0.0011624080361798406,
        -0.026454539969563484,
        -0.08601106703281403,
        -0.0003758779785130173,
        0.9962940812110901,
        -0.07270558923482895
    ],
    [
        0.9959051012992859,
        -0.009617051109671593,
        0.08989203721284866,
        0.15453389286994934,
        0.009549281559884548,
        0.9999537467956543,
        0.001183944521471858,
        -0.02687639556825161,
        -0.08989927172660828,
        -0.00032069144072011113,
        0.9959508180618286,
        -0.07300397753715515
    ],
    [
        0.9955741763114929,
        -0.009862967766821384,
        0.09346018731594086,
        0.15694057941436768,
        0.009800816886126995,
        0.9999513626098633,
        0.001123983645811677,
        -0.027260741218924522,
        -0.09346672147512436,
        -0.00020302330085542053,
        0.9956223368644714,
        -0.07331593334674835
    ],
    [
        0.9951906204223633,
        -0.010183232836425304,
        0.0974261686205864,
        0.1587284952402115,
        0.01009573508054018,
        0.9999480843544006,
        0.0013910357374697924,
        -0.028105949983000755,
        -0.09743527323007584,
        -0.0004007570678368211,
        0.9952417612075806,
        -0.07347002625465393
    ],
    [
        0.9947993755340576,
        -0.01063492987304926,
        0.10129709541797638,
        0.16036561131477356,
        0.010564279742538929,
        0.9999434351921082,
        0.0012338787782937288,
        -0.02821854129433632,
        -0.10130449384450912,
        -0.0001573299668962136,
        0.9948554039001465,
        -0.0735495314002037
    ],
    [
        0.9944560527801514,
        -0.01081180851906538,
        0.10459570586681366,
        0.16294638812541962,
        0.010767726227641106,
        0.9999414682388306,
        0.0009861449943855405,
        -0.028153283521533012,
        -0.10460025072097778,
        0.00014558005204889923,
        0.9945143461227417,
        -0.07382649183273315
    ],
    [
        0.9940654635429382,
        -0.011207200586795807,
        0.10820430517196655,
        0.1650983989238739,
        0.01118658296763897,
        0.9999371767044067,
        0.0007975707412697375,
        -0.02817130647599697,
        -0.10820643603801727,
        0.0004175985523033887,
        0.9941283464431763,
        -0.07420171797275543
    ],
    [
        0.9932310581207275,
        -0.011925797909498215,
        0.11554162204265594,
        0.16891324520111084,
        0.011896049603819847,
        0.9999287724494934,
        0.0009470443474128842,
        -0.02909800596535206,
        -0.11554467678070068,
        0.00043385440949350595,
        0.9933021068572998,
        -0.07467448711395264
    ],
    [
        0.9928417205810547,
        -0.012495552189648151,
        0.11878199875354767,
        0.17126058042049408,
        0.012467309832572937,
        0.9999217987060547,
        0.0009808622999116778,
        -0.029390644282102585,
        -0.11878496408462524,
        0.0005070514162071049,
        0.9929198622703552,
        -0.07495904713869095
    ],
    [
        0.9924279451370239,
        -0.012596596032381058,
        0.1221814677119255,
        0.17334873974323273,
        0.012601222842931747,
        0.9999203681945801,
        0.0007348793442361057,
        -0.029399210587143898,
        -0.1221809908747673,
        0.0008103203144855797,
        0.9925075173377991,
        -0.0753258466720581
    ],
    [
        0.9919750690460205,
        -0.013163621537387371,
        0.12574662268161774,
        0.17509469389915466,
        0.013179204426705837,
        0.9999127984046936,
        0.0007080233772285283,
        -0.029585452750325203,
        -0.1257449984550476,
        0.0009548995876684785,
        0.9920622110366821,
        -0.07569507509469986
    ],
    [
        0.9915664792060852,
        -0.013443052768707275,
        0.1288996934890747,
        0.17737625539302826,
        0.013460332527756691,
        0.9999091029167175,
        0.0007371282554231584,
        -0.029952457174658775,
        -0.12889789044857025,
        0.0010041212663054466,
        0.9916573762893677,
        -0.07590684294700623
    ],
    [
        0.9910728931427002,
        -0.013824595138430595,
        0.1326032280921936,
        0.1788012683391571,
        0.013856532983481884,
        0.9999037384986877,
        0.0006819881382398307,
        -0.030079331248998642,
        -0.13259990513324738,
        0.0011615209514275193,
        0.9911689758300781,
        -0.07619816064834595
    ],
    [
        0.99068284034729,
        -0.014286658726632595,
        0.13543806970119476,
        0.18158206343650818,
        0.014332347549498081,
        0.9998971223831177,
        0.0006377744721248746,
        -0.030159084126353264,
        -0.13543322682380676,
        0.0013093134621158242,
        0.9907855987548828,
        -0.07652305066585541
    ],
    [
        0.9903000593185425,
        -0.01450889091938734,
        0.13818567991256714,
        0.18439358472824097,
        0.014600840397179127,
        0.999893307685852,
        0.00034830067306756973,
        -0.029926173388957977,
        -0.13817599415779114,
        0.0016727045876905322,
        0.9904062151908875,
        -0.07684585452079773
    ],
    [
        0.9893995523452759,
        -0.015096047893166542,
        0.14443226158618927,
        0.18853479623794556,
        0.01525447890162468,
        0.9998836517333984,
        1.0502504665055312e-05,
        -0.029808349907398224,
        -0.14441561698913574,
        0.0021928471978753805,
        0.9895145893096924,
        -0.07770553976297379
    ]
]