[
    [
        0.9895413517951965,
        0.01066434197127819,
        -0.1438547819852829,
        -0.00841238908469677,
        -0.009589060209691525,
        0.9999207258224487,
        0.008166045881807804,
        -0.017753368243575096,
        0.14393046498298645,
        -0.006701207719743252,
        0.9895650148391724,
        0.2343825101852417
    ],
    [
        0.9755212664604187,
        0.018297092989087105,
        -0.21914252638816833,
        -0.017890775576233864,
        -0.015706665813922882,
        0.9997847676277161,
        0.013557245023548603,
        -0.015137131325900555,
        0.2193433940410614,
        -0.009783384390175343,
        0.9755986332893372,
        0.3854498863220215
    ],
    [
        0.940370500087738,
        0.027663573622703552,
        -0.3390252888202667,
        -0.04287135601043701,
        -0.0229206345975399,
        0.9995754957199097,
        0.017986688762903214,
        -0.030568033456802368,
        0.3393789529800415,
        -0.009143476374447346,
        0.9406053423881531,
        0.5503277778625488
    ],
    [
        0.8939712643623352,
        0.03842216357588768,
        -0.44647419452667236,
        -0.09310492873191833,
        -0.030302658677101135,
        0.9992201924324036,
        0.025314997881650925,
        -0.023720530793070793,
        0.44709864258766174,
        -0.009101521223783493,
        0.8944383263587952,
        0.6999974250793457
    ],
    [
        0.8450631499290466,
        0.04858144372701645,
        -0.5324548482894897,
        -0.18008741736412048,
        -0.036581940948963165,
        0.9987832307815552,
        0.03307000920176506,
        -0.02785598672926426,
        0.5334136486053467,
        -0.008468015119433403,
        0.8458120822906494,
        0.857869565486908
    ],
    [
        0.7973381280899048,
        0.057169653475284576,
        -0.6008191108703613,
        -0.27288544178009033,
        -0.04163610562682152,
        0.9983422160148621,
        0.039740465581417084,
        -0.014962874352931976,
        0.6020950078964233,
        -0.006670817267149687,
        0.7983965277671814,
        0.9936315417289734
    ],
    [
        0.7364693284034729,
        0.06303828209638596,
        -0.6735274195671082,
        -0.37442392110824585,
        -0.04543054848909378,
        0.9980098605155945,
        0.043731894344091415,
        -0.01949486881494522,
        0.6749436855316162,
        -0.0016084800008684397,
        0.7378674149513245,
        1.134042501449585
    ],
    [
        0.6833155155181885,
        0.067904531955719,
        -0.7269586324691772,
        -0.49400633573532104,
        -0.05012953281402588,
        0.9976794719696045,
        0.04607231542468071,
        -0.006204034201800823,
        0.7284002304077148,
        0.004960158374160528,
        0.6851339936256409,
        1.2441673278808594
    ],
    [
        0.6495723128318787,
        0.07123279571533203,
        -0.7569555044174194,
        -0.6251440048217773,
        -0.05296307057142258,
        0.9974222183227539,
        0.04841214045882225,
        0.011918358504772186,
        0.7584528923034668,
        0.008643506094813347,
        0.6516706347465515,
        1.3245899677276611
    ],
    [
        0.6304983496665955,
        0.0744439959526062,
        -0.7726123332977295,
        -0.7652347683906555,
        -0.05528244748711586,
        0.9971690773963928,
        0.050967026501894,
        0.02430138923227787,
        0.7742193341255188,
        0.01057727076113224,
        0.6328290104866028,
        1.3999097347259521
    ],
    [
        0.6181057095527649,
        0.0751267597079277,
        -0.7824968695640564,
        -0.8980804681777954,
        -0.05626755580306053,
        0.9970978498458862,
        0.0512838251888752,
        0.036420393735170364,
        0.7840785980224609,
        0.01233036071062088,
        0.6205390691757202,
        1.4816522598266602
    ],
    [
        0.606366753578186,
        0.07480970770120621,
        -0.7916582822799683,
        -1.0279228687286377,
        -0.05680203437805176,
        0.9970964789390564,
        0.050715867429971695,
        0.035836026072502136,
        0.7931538224220276,
        0.014215384609997272,
        0.6088554859161377,
        1.5633351802825928
    ],
    [
        0.6011897921562195,
        0.07621680200099945,
        -0.7954632043838501,
        -1.1646348237991333,
        -0.05811586603522301,
        0.996975302696228,
        0.05160212889313698,
        0.04865897074341774,
        0.7969902157783508,
        0.015206360258162022,
        0.6038008332252502,
        1.6333928108215332
    ],
    [
        0.6013112664222717,
        0.07678364217281342,
        -0.7953170537948608,
        -1.279373049736023,
        -0.05789610370993614,
        0.9969424605369568,
        0.052476294338703156,
        0.04647855460643768,
        0.7969145178794861,
        0.014491159468889236,
        0.6039181351661682,
        1.6858692169189453
    ],
    [
        0.6023712754249573,
        0.07584953308105469,
        -0.7946041822433472,
        -1.3991577625274658,
        -0.05840914696455002,
        0.9969947338104248,
        0.050890251994132996,
        0.06767100840806961,
        0.7960761189460754,
        0.015757326036691666,
        0.6049912571907043,
        1.7408325672149658
    ],
    [
        0.610261857509613,
        0.07455087453126907,
        -0.7886841297149658,
        -1.506720781326294,
        -0.05849061906337738,
        0.9970850348472595,
        0.04899169132113457,
        0.07985717058181763,
        0.7900375127792358,
        0.016232870519161224,
        0.6128434538841248,
        1.7935763597488403
    ],
    [
        0.6300434470176697,
        0.07230110466480255,
        -0.7731866240501404,
        -1.5975205898284912,
        -0.0577910952270031,
        0.9972608089447021,
        0.04616240784525871,
        0.08334116637706757,
        0.7744065523147583,
        0.015598991885781288,
        0.6324959993362427,
        1.8400719165802002
    ],
    [
        0.659389317035675,
        0.07026754319667816,
        -0.7485106587409973,
        -1.6796833276748657,
        -0.05660878121852875,
        0.9974367022514343,
        0.043767184019088745,
        0.09201817959547043,
        0.7496674656867981,
        0.013512666337192059,
        0.6616768836975098,
        1.8753600120544434
    ],
    [
        0.701709508895874,
        0.06760618090629578,
        -0.7092484831809998,
        -1.76676607131958,
        -0.05568777397274971,
        0.9976465702056885,
        0.04000071808695793,
        0.09631799161434174,
        0.7102834582328796,
        0.011427581310272217,
        0.703822910785675,
        1.9019185304641724
    ],
    [
        0.7344244122505188,
        0.06385873258113861,
        -0.6756795048713684,
        -1.8301185369491577,
        -0.05377960950136185,
        0.9979087710380554,
        0.035857416689395905,
        0.08516918867826462,
        0.6765562891960144,
        0.010003222152590752,
        0.7363228797912598,
        1.9277575016021729
    ],
    [
        0.7538768649101257,
        0.061726294457912445,
        -0.65410977602005,
        -1.86165452003479,
        -0.05203547701239586,
        0.998059093952179,
        0.03421160578727722,
        0.06555387377738953,
        0.6549519300460815,
        0.008245576173067093,
        0.7556256651878357,
        1.9520790576934814
    ],
    [
        0.7610399127006531,
        0.06005844473838806,
        -0.6459188461303711,
        -1.874449610710144,
        -0.05109340697526932,
        0.9981613159179688,
        0.03261074051260948,
        0.026122070848941803,
        0.6466897130012512,
        0.008184113539755344,
        0.7627093195915222,
        1.966719627380371
    ],
    [
        0.7654198408126831,
        0.05965546518564224,
        -0.6407603025436401,
        -1.8745393753051758,
        -0.05119232088327408,
        0.9981830716133118,
        0.031780142337083817,
        -0.017354212701320648,
        0.6414918899536133,
        0.008476854301989079,
        0.767082929611206,
        1.9647941589355469
    ],
    [
        0.7680864930152893,
        0.06033185496926308,
        -0.6374976634979248,
        -1.874550461769104,
        -0.05163102224469185,
        0.9981451630592346,
        0.032255593687295914,
        -0.06533249467611313,
        0.6382612586021423,
        0.00813956931233406,
        0.7697768807411194,
        1.955500841140747
    ],
    [
        0.7682642340660095,
        0.05986456200480461,
        -0.6373274922370911,
        -1.8648366928100586,
        -0.05179062858223915,
        0.9981663823127747,
        0.03132756054401398,
        -0.08943874388933182,
        0.6380342245101929,
        0.008939742110669613,
        0.769956111907959,
        1.942170262336731
    ]
]