[
    [
        0.9911547303199768,
        0.02898469939827919,
        -0.12950707972049713,
        0.6866544485092163,
        -0.02845616079866886,
        0.9995774626731873,
        0.00593010988086462,
        -0.1418071985244751,
        0.12962426245212555,
        -0.0021923815365880728,
        0.9915607571601868,
        0.2783619165420532
    ],
    [
        0.985779881477356,
        0.03472163528203964,
        -0.16441555321216583,
        0.8096364736557007,
        -0.03387787938117981,
        0.9993945360183716,
        0.007934055291116238,
        -0.17063161730766296,
        0.1645914763212204,
        -0.002251182682812214,
        0.9863592982292175,
        0.4438070058822632
    ],
    [
        0.9794692993164062,
        0.03984352573752403,
        -0.19761694967746735,
        0.9219110608100891,
        -0.03863251954317093,
        0.9992035627365112,
        0.009981020353734493,
        -0.19824780523777008,
        0.19785724580287933,
        -0.0021416563540697098,
        0.9802285432815552,
        0.617490291595459
    ],
    [
        0.9722391963005066,
        0.04460033401846886,
        -0.22969934344291687,
        1.0302343368530273,
        -0.042974069714546204,
        0.9990032315254211,
        0.01208014227449894,
        -0.22400301694869995,
        0.23000913858413696,
        -0.00187367619946599,
        0.9731866717338562,
        0.7989725470542908
    ],
    [
        0.9643903374671936,
        0.04930582642555237,
        -0.259846568107605,
        1.1296297311782837,
        -0.04693964496254921,
        0.9987804293632507,
        0.015307324007153511,
        -0.25621095299720764,
        0.2602843642234802,
        -0.002565128495916724,
        0.9655284881591797,
        0.9786441326141357
    ],
    [
        0.9560742378234863,
        0.054213061928749084,
        -0.28806784749031067,
        1.220363736152649,
        -0.05103398114442825,
        0.9985248446464539,
        0.01854010485112667,
        -0.2874637544155121,
        0.28864800930023193,
        -0.003024464938789606,
        0.9574304223060608,
        1.1632510423660278
    ],
    [
        0.9472821354866028,
        0.059293393045663834,
        -0.31486639380455017,
        1.3049181699752808,
        -0.05564364045858383,
        0.9982386231422424,
        0.020576100796461105,
        -0.31007665395736694,
        0.315531849861145,
        -0.001971046905964613,
        0.9489129185676575,
        1.3559911251068115
    ],
    [
        0.938144862651825,
        0.06423019617795944,
        -0.3402332663536072,
        1.3821617364883423,
        -0.05949670076370239,
        0.997931718826294,
        0.02433866076171398,
        -0.34229668974876404,
        0.34109294414520264,
        -0.0025904271751642227,
        0.9400259852409363,
        1.5457861423492432
    ],
    [
        0.9286044836044312,
        0.06921414285898209,
        -0.3645589351654053,
        1.4525070190429688,
        -0.06341870874166489,
        0.9975979924201965,
        0.027861077338457108,
        -0.3717392086982727,
        0.3656117618083954,
        -0.002752062166109681,
        0.9307633638381958,
        1.739189624786377
    ],
    [
        0.9187009930610657,
        0.07363367080688477,
        -0.38802918791770935,
        1.5164424180984497,
        -0.06667429208755493,
        0.9972809553146362,
        0.03138864412903786,
        -0.3993263244628906,
        0.38928544521331787,
        -0.002965198829770088,
        0.9211124181747437,
        1.9353785514831543
    ],
    [
        0.9086229801177979,
        0.07722281664609909,
        -0.41041550040245056,
        1.5720324516296387,
        -0.06858927756547928,
        0.9970044493675232,
        0.03574351593852043,
        -0.43100452423095703,
        0.41194626688957214,
        -0.004327262751758099,
        0.91119784116745,
        2.1274187564849854
    ],
    [
        0.8990241885185242,
        0.08181250840425491,
        -0.43018850684165955,
        1.6111277341842651,
        -0.07233689725399017,
        0.9966420531272888,
        0.03836729750037193,
        -0.4497419595718384,
        0.4318828582763672,
        -0.0033746291883289814,
        0.901923418045044,
        2.3189940452575684
    ],
    [
        0.889230489730835,
        0.08646460622549057,
        -0.44921374320983887,
        1.640449047088623,
        -0.07582186907529831,
        0.9962504506111145,
        0.041666727513074875,
        -0.47364065051078796,
        0.4511320888996124,
        -0.0029910977464169264,
        0.8924522399902344,
        2.516909122467041
    ],
    [
        0.8818695545196533,
        0.09267359226942062,
        -0.4622962176799774,
        1.652527928352356,
        -0.07990984618663788,
        0.9956856966018677,
        0.0471639446914196,
        -0.506323516368866,
        0.4646725356578827,
        -0.004650424234569073,
        0.8854703307151794,
        2.668177604675293
    ],
    [
        0.8746303915977478,
        0.09771867841482162,
        -0.47483962774276733,
        1.666738748550415,
        -0.08341992646455765,
        0.9952008724212646,
        0.051150139421224594,
        -0.5298882126808167,
        0.4775591194629669,
        -0.0051263803616166115,
        0.8785846829414368,
        2.821495294570923
    ],
    [
        0.8671302795410156,
        0.10155860334634781,
        -0.48761752247810364,
        1.687686562538147,
        -0.08580346405506134,
        0.9948142170906067,
        0.05461074411869049,
        -0.5495497584342957,
        0.4906350076198578,
        -0.0055153570137917995,
        0.8713477253913879,
        2.979567289352417
    ],
    [
        0.8589462637901306,
        0.10431964695453644,
        -0.5013269782066345,
        1.7191725969314575,
        -0.08684508502483368,
        0.9945231080055237,
        0.05815175175666809,
        -0.5700972080230713,
        0.5046475529670715,
        -0.006411462090909481,
        0.8633016347885132,
        3.140321969985962
    ],
    [
        0.8508430123329163,
        0.1069372370839119,
        -0.5144224762916565,
        1.7518690824508667,
        -0.08835399150848389,
        0.994247317314148,
        0.06054685264825821,
        -0.5832921266555786,
        0.5179377794265747,
        -0.00606459379196167,
        0.8553967475891113,
        3.2972002029418945
    ],
    [
        0.8430238962173462,
        0.10980262607336044,
        -0.526549220085144,
        1.7822730541229248,
        -0.09078087657690048,
        0.9939436912536621,
        0.06192617863416672,
        -0.5903058052062988,
        0.5301600098609924,
        -0.004404658451676369,
        0.8478862047195435,
        3.4474525451660156
    ],
    [
        0.8355246782302856,
        0.11387890577316284,
        -0.5375221371650696,
        1.8094446659088135,
        -0.0939241498708725,
        0.9934889078140259,
        0.06448380649089813,
        -0.6018227338790894,
        0.5413656830787659,
        -0.0033915010280907154,
        0.8407804369926453,
        3.587470054626465
    ],
    [
        0.8279429078102112,
        0.11850818246603012,
        -0.5481480360031128,
        1.836652398109436,
        -0.0967990979552269,
        0.9929463863372803,
        0.0684635117650032,
        -0.6205068230628967,
        0.5523950457572937,
        -0.0036236438900232315,
        0.8335744738578796,
        3.716665029525757
    ],
    [
        0.820039689540863,
        0.12231945246458054,
        -0.5590822100639343,
        1.8665004968643188,
        -0.0990852415561676,
        0.9924847483634949,
        0.07180763781070709,
        -0.6376208662986755,
        0.563663899898529,
        -0.003488321788609028,
        0.8259968161582947,
        3.8425216674804688
    ],
    [
        0.8111097812652588,
        0.12575162947177887,
        -0.5712157487869263,
        1.9036448001861572,
        -0.10113591700792313,
        0.9920575618743896,
        0.07478874921798706,
        -0.6545110940933228,
        0.5760836005210876,
        -0.0028914546128362417,
        0.8173856139183044,
        3.969757556915283
    ],
    [
        0.800934374332428,
        0.1293029487133026,
        -0.5846237540245056,
        1.949408769607544,
        -0.1024506464600563,
        0.991599440574646,
        0.07895760983228683,
        -0.6786696910858154,
        0.5899220705032349,
        -0.003344786586239934,
        0.8074532747268677,
        4.098362922668457
    ],
    [
        0.7894409894943237,
        0.1323629915714264,
        -0.5993854999542236,
        1.9959805011749268,
        -0.10335733741521835,
        0.9911954998970032,
        0.08275659382343292,
        -0.7016952037811279,
        0.6050622463226318,
        -0.003380539594218135,
        0.7961710095405579,
        4.237536907196045
    ]
]