[
    [
        0.9976428747177124,
        0.0011618233984336257,
        0.0686100646853447,
        -0.293558269739151,
        -0.0010831388644874096,
        0.9999988079071045,
        -0.0011840231018140912,
        0.02073780633509159,
        -0.06861136108636856,
        0.0011069178581237793,
        0.9976428151130676,
        0.24860623478889465
    ],
    [
        0.9969145655632019,
        0.0009123946074396372,
        0.07848847657442093,
        -0.3365163505077362,
        -0.0008136973483487964,
        0.9999988675117493,
        -0.00128944031894207,
        0.02516372874379158,
        -0.07848955690860748,
        0.0012215956812724471,
        0.9969141483306885,
        0.2837596833705902
    ],
    [
        0.9958436489105225,
        0.0007585083949379623,
        0.09107709676027298,
        -0.3890656530857086,
        -0.0006300188833847642,
        0.9999988675117493,
        -0.0014395156176760793,
        0.028411006554961205,
        -0.09107807278633118,
        0.001376152504235506,
        0.9958427548408508,
        0.32943981885910034
    ],
    [
        0.9946377277374268,
        0.0005144817405380309,
        0.10341817140579224,
        -0.4367276132106781,
        -0.0003377242828719318,
        0.9999985098838806,
        -0.0017266483046114445,
        0.02953464910387993,
        -0.10341890156269073,
        0.0016824634512886405,
        0.9946363568305969,
        0.37182512879371643
    ],
    [
        0.9935172200202942,
        3.679691508295946e-05,
        0.1136808767914772,
        -0.4865114986896515,
        0.00018971195095218718,
        0.9999980330467224,
        -0.0019816788844764233,
        0.03247632458806038,
        -0.11368072777986526,
        0.0019903986249119043,
        0.9935152530670166,
        0.41507112979888916
    ],
    [
        0.9923061728477478,
        2.7843358111567795e-05,
        0.12380775809288025,
        -0.5365018248558044,
        0.000264094298472628,
        0.9999973177909851,
        -0.0023415768519043922,
        0.03769894316792488,
        -0.12380746752023697,
        0.002356258686631918,
        0.9923034906387329,
        0.4527684450149536
    ],
    [
        0.9909968972206116,
        3.336411828058772e-05,
        0.13388454914093018,
        -0.58615642786026,
        0.0003177292237523943,
        0.9999966025352478,
        -0.002600991167128086,
        0.04379875585436821,
        -0.13388419151306152,
        0.002620113082230091,
        0.9909935593605042,
        0.4898931682109833
    ],
    [
        0.9897215366363525,
        -0.00021110005036462098,
        0.14300772547721863,
        -0.6224983334541321,
        0.0006149170803837478,
        0.9999959468841553,
        -0.0027795524802058935,
        0.04928556829690933,
        -0.1430065780878067,
        0.002838920336216688,
        0.9897176027297974,
        0.5187350511550903
    ],
    [
        0.9879486560821533,
        -0.0006505986675620079,
        0.1547805666923523,
        -0.6651791930198669,
        0.0011384173994883895,
        0.999994695186615,
        -0.0030630615074187517,
        0.05663605406880379,
        -0.15477775037288666,
        0.00320235313847661,
        0.9879441261291504,
        0.5540211796760559
    ],
    [
        0.9858278036117554,
        -0.0011541908606886864,
        0.16775669157505035,
        -0.703295111656189,
        0.0017152816290035844,
        0.9999935030937195,
        -0.0031998108606785536,
        0.06457410007715225,
        -0.16775190830230713,
        0.0034422120079398155,
        0.9858232736587524,
        0.5924795866012573
    ],
    [
        0.9829522371292114,
        -0.00195738160982728,
        0.18385086953639984,
        -0.7365148663520813,
        0.0026054265908896923,
        0.9999911785125732,
        -0.0032833453733474016,
        0.06905698776245117,
        -0.18384282290935516,
        0.0037063818890601397,
        0.9829486012458801,
        0.6326189041137695
    ],
    [
        0.9797242879867554,
        -0.002979501150548458,
        0.20032842457294464,
        -0.7646896243095398,
        0.0036766903940588236,
        0.9999883770942688,
        -0.0031082723289728165,
        0.07272499054670334,
        -0.20031684637069702,
        0.0037817955017089844,
        0.9797238111495972,
        0.6734098792076111
    ],
    [
        0.9759349226951599,
        -0.003960976377129555,
        0.21802589297294617,
        -0.7892462015151978,
        0.004745895508676767,
        0.9999839067459106,
        -0.0030765715055167675,
        0.0786176472902298,
        -0.21801021695137024,
        0.004037261474877596,
        0.9759381413459778,
        0.7097240686416626
    ],
    [
        0.9722715020179749,
        -0.0047852094285190105,
        0.23380592465400696,
        -0.807564377784729,
        0.00557818403467536,
        0.9999807476997375,
        -0.0027304377872496843,
        0.08533231168985367,
        -0.23378832638263702,
        0.003958938643336296,
        0.97227942943573,
        0.7373011708259583
    ],
    [
        0.9670528173446655,
        -0.005648136138916016,
        0.2545129358768463,
        -0.8317333459854126,
        0.006497940979897976,
        0.999975860118866,
        -0.0024982851464301348,
        0.09302816540002823,
        -0.2544926106929779,
        0.0040697818621993065,
        0.9670661687850952,
        0.7730664610862732
    ],
    [
        0.9612186551094055,
        -0.006328250281512737,
        0.27571460604667664,
        -0.8534471392631531,
        0.007251075468957424,
        0.9999710917472839,
        -0.0023277667351067066,
        0.09885023534297943,
        -0.27569180727005005,
        0.004236720502376556,
        0.9612367749214172,
        0.8073013424873352
    ],
    [
        0.9548690915107727,
        -0.00715583236888051,
        0.2969408333301544,
        -0.872282862663269,
        0.008140516467392445,
        0.9999646544456482,
        -0.0020797017496079206,
        0.10452908277511597,
        -0.29691562056541443,
        0.004403095692396164,
        0.9548936486244202,
        0.83934485912323
    ],
    [
        0.9486263394355774,
        -0.007864389568567276,
        0.31630074977874756,
        -0.8878247737884521,
        0.008887543343007565,
        0.9999589920043945,
        -0.0017922656843438745,
        0.10793861746788025,
        -0.31627365946769714,
        0.004511324223130941,
        0.948657214641571,
        0.8653870820999146
    ],
    [
        0.9422271847724915,
        -0.008870147168636322,
        0.33485737442970276,
        -0.901073694229126,
        0.010009918361902237,
        0.9999485015869141,
        -0.0016781220911070704,
        0.11246216297149658,
        -0.3348253071308136,
        0.004933064337819815,
        0.9422673583030701,
        0.8899916410446167
    ],
    [
        0.9370311498641968,
        -0.009512340649962425,
        0.34911608695983887,
        -0.9094244241714478,
        0.010769248008728027,
        0.9999406337738037,
        -0.001659465255215764,
        0.1152300164103508,
        -0.34907960891723633,
        0.0053146895952522755,
        0.9370779991149902,
        0.9095295071601868
    ],
    [
        0.9306978583335876,
        -0.010175187140703201,
        0.36564740538597107,
        -0.9190477728843689,
        0.011526986956596375,
        0.9999324679374695,
        -0.0015141471521928906,
        0.1165240928530693,
        -0.36560729146003723,
        0.005624029785394669,
        0.9307522177696228,
        0.9336479306221008
    ],
    [
        0.925823986530304,
        -0.010558602400124073,
        0.37780746817588806,
        -0.9279751777648926,
        0.01200923603028059,
        0.999926745891571,
        -0.0014838471543043852,
        0.11846921592950821,
        -0.3777642250061035,
        0.005910966079682112,
        0.9258829951286316,
        0.9537166953086853
    ],
    [
        0.9209791421890259,
        -0.010670275427401066,
        0.38946568965911865,
        -0.9319950342178345,
        0.012258302420377731,
        0.9999235272407532,
        -0.0015924187609925866,
        0.12162907421588898,
        -0.3894188702106476,
        0.0062407683581113815,
        0.9210394620895386,
        0.9676116108894348
    ],
    [
        0.9153257012367249,
        -0.010866716504096985,
        0.4025677442550659,
        -0.9346603751182556,
        0.012609330005943775,
        0.999919056892395,
        -0.0016787633066996932,
        0.12583650648593903,
        -0.40251702070236206,
        0.006612727418541908,
        0.9153887033462524,
        0.9792701005935669
    ],
    [
        0.9092168807983398,
        -0.011182669550180435,
        0.41617247462272644,
        -0.9357116222381592,
        0.013142263516783714,
        0.999911904335022,
        -0.0018441625870764256,
        0.12895488739013672,
        -0.4161151647567749,
        0.0071461936458945274,
        0.9092838168144226,
        0.9894036054611206
    ]
]