[
    [
        0.9926035404205322,
        0.020182151347398758,
        -0.11971131712198257,
        -0.023435067385435104,
        -0.022429928183555603,
        0.9995959997177124,
        -0.017458917573094368,
        -0.06400960683822632,
        0.11931058764457703,
        0.020014898851513863,
        0.9926552772521973,
        0.39058539271354675
    ],
    [
        0.9900692701339722,
        0.02338281460106373,
        -0.1386222094297409,
        -0.026740746572613716,
        -0.02635895274579525,
        0.999458909034729,
        -0.019672373309731483,
        -0.07882794737815857,
        0.1380872279405594,
        0.02313094772398472,
        0.9901498556137085,
        0.4735506772994995
    ],
    [
        0.9873053431510925,
        0.026240134611725807,
        -0.15665104985237122,
        -0.04268597438931465,
        -0.030012408271431923,
        0.9993125200271606,
        -0.021763749420642853,
        -0.09834609925746918,
        0.15597227215766907,
        0.026188941672444344,
        0.9874141812324524,
        0.5792732238769531
    ],
    [
        0.9851630330085754,
        0.02599744312465191,
        -0.16964058578014374,
        -0.07254742830991745,
        -0.03072545677423477,
        0.9992074370384216,
        -0.025304939597845078,
        -0.11233893036842346,
        0.16884829103946686,
        0.03014177456498146,
        0.9851810932159424,
        0.6892479062080383
    ],
    [
        0.9831274747848511,
        0.027177773416042328,
        -0.18089179694652557,
        -0.10911392420530319,
        -0.03253030404448509,
        0.9991143941879272,
        -0.026688482612371445,
        -0.1318105161190033,
        0.1800062656402588,
        0.032122645527124405,
        0.9831408262252808,
        0.8136439323425293
    ],
    [
        0.9801088571548462,
        0.029927121475338936,
        -0.19619141519069672,
        -0.1368759572505951,
        -0.03560607507824898,
        0.999040961265564,
        -0.02548230066895485,
        -0.1558569073677063,
        0.19524064660072327,
        0.03196103125810623,
        0.9802345633506775,
        0.9293026924133301
    ],
    [
        0.9757859110832214,
        0.030735163018107414,
        -0.21655726432800293,
        -0.15277615189552307,
        -0.037225332111120224,
        0.9989697933197021,
        -0.025953685864806175,
        -0.17151091992855072,
        0.21553649008274078,
        0.03338665887713432,
        0.9759248495101929,
        1.0368919372558594
    ],
    [
        0.9703764915466309,
        0.032239772379398346,
        -0.23943720757961273,
        -0.16130657494068146,
        -0.0395602248609066,
        0.9988833069801331,
        -0.025829484686255455,
        -0.18584246933460236,
        0.23833708465099335,
        0.034536514431238174,
        0.9705682992935181,
        1.1415343284606934
    ],
    [
        0.9639338254928589,
        0.03599371388554573,
        -0.26369696855545044,
        -0.1702827662229538,
        -0.043675005435943604,
        0.9987735152244568,
        -0.023323168978095055,
        -0.2082999348640442,
        0.2625339925289154,
        0.03399894759058952,
        0.9643235802650452,
        1.260809063911438
    ],
    [
        0.958031952381134,
        0.039794810116291046,
        -0.2838858664035797,
        -0.1952163577079773,
        -0.04739750549197197,
        0.9986766576766968,
        -0.019959351047873497,
        -0.23242315649986267,
        0.28271591663360596,
        0.03257717564702034,
        0.9586502909660339,
        1.3884937763214111
    ],
    [
        0.9532375931739807,
        0.04322823882102966,
        -0.2991141974925995,
        -0.23575541377067566,
        -0.05099759250879288,
        0.9985327124595642,
        -0.018213829025626183,
        -0.2533600330352783,
        0.2978879511356354,
        0.032616209238767624,
        0.9540433883666992,
        1.5180927515029907
    ],
    [
        0.9498698711395264,
        0.046779412776231766,
        -0.30912601947784424,
        -0.28994107246398926,
        -0.05450906977057457,
        0.9983784556388855,
        -0.01641068048775196,
        -0.27570098638534546,
        0.30785703659057617,
        0.03243818134069443,
        0.9508794546127319,
        1.6579278707504272
    ],
    [
        0.9460898637771606,
        0.05158946290612221,
        -0.31976962089538574,
        -0.33632591366767883,
        -0.05858785659074783,
        0.9982065558433533,
        -0.012297709472477436,
        -0.3041480779647827,
        0.3185616731643677,
        0.030369354411959648,
        0.9474155306816101,
        1.7915332317352295
    ],
    [
        0.9425113797187805,
        0.05488578602671623,
        -0.3296360671520233,
        -0.3791009783744812,
        -0.061577167361974716,
        0.9980533719062805,
        -0.009884336031973362,
        -0.3288317322731018,
        0.32845190167427063,
        0.029614152386784554,
        0.9440563917160034,
        1.9229061603546143
    ],
    [
        0.9379514455795288,
        0.054150789976119995,
        -0.3425123989582062,
        -0.40854567289352417,
        -0.061426032334566116,
        0.9980571866035461,
        -0.0104201789945364,
        -0.3472957909107208,
        0.3412827253341675,
        0.03081280179321766,
        0.9394553899765015,
        2.0523085594177246
    ],
    [
        0.9332450032234192,
        0.054674193263053894,
        -0.3550556004047394,
        -0.43407776951789856,
        -0.0616489015519619,
        0.9980629682540894,
        -0.008351488038897514,
        -0.37143805623054504,
        0.35391125082969666,
        0.029682768508791924,
        0.9348077774047852,
        2.1821422576904297
    ],
    [
        0.9289551377296448,
        0.05541013926267624,
        -0.3660217821598053,
        -0.4618256390094757,
        -0.062064457684755325,
        0.9980514049530029,
        -0.006428377702832222,
        -0.39417847990989685,
        0.36495235562324524,
        0.028688620775938034,
        0.9305839538574219,
        2.305555582046509
    ],
    [
        0.9260114431381226,
        0.05776110664010048,
        -0.373050332069397,
        -0.49806973338127136,
        -0.06383635103702545,
        0.9979526996612549,
        -0.003941413015127182,
        -0.416178822517395,
        0.3720589280128479,
        0.027463966980576515,
        0.9278027415275574,
        2.427643060684204
    ],
    [
        0.9248660802841187,
        0.0571223720908165,
        -0.3759784996509552,
        -0.5443000793457031,
        -0.06363991647958755,
        0.9979607462882996,
        -0.004927175585180521,
        -0.4310535490512848,
        0.37493032217025757,
        0.02848421223461628,
        0.926615297794342,
        2.5526602268218994
    ],
    [
        0.923600435256958,
        0.05948920547962189,
        -0.3787126839160919,
        -0.59110027551651,
        -0.06520669162273407,
        0.9978692531585693,
        -0.0022774157114326954,
        -0.45084500312805176,
        0.3777702748775482,
        0.026798030361533165,
        0.9255114197731018,
        2.6783454418182373
    ],
    [
        0.9214544892311096,
        0.06434977799654007,
        -0.38311949372291565,
        -0.6320050358772278,
        -0.06754332780838013,
        0.9977031946182251,
        0.005125974304974079,
        -0.47868892550468445,
        0.3825693726539612,
        0.02115381509065628,
        0.9236846566200256,
        2.800285816192627
    ],
    [
        0.918552041053772,
        0.06817032396793365,
        -0.3893778920173645,
        -0.6677826642990112,
        -0.06992582976818085,
        0.997505247592926,
        0.009681464172899723,
        -0.49787357449531555,
        0.3890664577484131,
        0.018334640190005302,
        0.9210271835327148,
        2.92561936378479
    ],
    [
        0.9138425588607788,
        0.07076244801282883,
        -0.39985546469688416,
        -0.6948172450065613,
        -0.07189484685659409,
        0.9973376989364624,
        0.01218812819570303,
        -0.5155108571052551,
        0.39965343475341797,
        0.01760951802134514,
        0.9164971709251404,
        3.0492546558380127
    ],
    [
        0.9089734554290771,
        0.07140149921178818,
        -0.4106934368610382,
        -0.7233935594558716,
        -0.0714619979262352,
        0.9973271489143372,
        0.015226892195641994,
        -0.5374996662139893,
        0.4106828570365906,
        0.015508132055401802,
        0.91164630651474,
        3.1757233142852783
    ],
    [
        0.907935619354248,
        0.06606143712997437,
        -0.4138704538345337,
        -0.7596790194511414,
        -0.06609693914651871,
        0.9977113604545593,
        0.014252012595534325,
        -0.5549642443656921,
        0.41386479139328003,
        0.014415654353797436,
        0.910224199295044,
        3.2915351390838623
    ]
]