[
    [
        0.9999926090240479,
        0.0038598175160586834,
        -0.0001453935110475868,
        -0.07945187389850616,
        -0.003860040567815304,
        0.9999913573265076,
        -0.0015667156549170613,
        0.001417540363036096,
        0.00013934553135186434,
        0.0015672646695747972,
        0.9999988079071045,
        -0.0009860321879386902
    ],
    [
        0.9999895691871643,
        0.004548057448118925,
        0.00025682654813863337,
        -0.0917673259973526,
        -0.004547636955976486,
        0.999988317489624,
        -0.0016166087007150054,
        0.0014629107899963856,
        -0.00026417645858600736,
        0.0016154232434928417,
        0.9999986886978149,
        -0.0006380606209859252
    ],
    [
        0.999986469745636,
        0.005162217654287815,
        0.0007090753060765564,
        -0.10299524664878845,
        -0.0051610288210213184,
        0.9999852776527405,
        -0.0016679201507940888,
        0.0015988954110071063,
        -0.0007176747312769294,
        0.0016642387490719557,
        0.9999983310699463,
        -0.00037675839848816395
    ],
    [
        0.9999833703041077,
        0.005681245122104883,
        0.001105932635255158,
        -0.11333495378494263,
        -0.005679375492036343,
        0.9999823570251465,
        -0.00168711319565773,
        0.0016577988862991333,
        -0.001115498598664999,
        0.0016808037180453539,
        0.9999979734420776,
        3.6160825402475893e-05
    ],
    [
        0.9999790787696838,
        0.006299859844148159,
        0.001541021396405995,
        -0.12423578649759293,
        -0.0062971883453428745,
        0.9999786615371704,
        -0.001732649514451623,
        0.0017499304376542568,
        -0.0015519035514444113,
        0.0017229083459824324,
        0.9999972581863403,
        0.00015493137470912188
    ],
    [
        0.9999749064445496,
        0.006836446467787027,
        0.0018744902918115258,
        -0.1338413506746292,
        -0.006833204533904791,
        0.9999752044677734,
        -0.0017304865177720785,
        0.00172917649615556,
        -0.0018862738506868482,
        0.0017176340334117413,
        0.9999967813491821,
        0.0003678677894640714
    ],
    [
        0.9999721050262451,
        0.007155685219913721,
        0.002168159233406186,
        -0.14547163248062134,
        -0.00715171592310071,
        0.9999727010726929,
        -0.001832903129979968,
        0.0019763158634305,
        -0.002181215677410364,
        0.0018173456192016602,
        0.9999959468841553,
        0.0007230259943753481
    ],
    [
        0.999967098236084,
        0.007663430646061897,
        0.0026625816244632006,
        -0.15854714810848236,
        -0.007658645510673523,
        0.9999690055847168,
        -0.0018026831094175577,
        0.002034151228144765,
        -0.002676314441487193,
        0.0017822319641709328,
        0.9999948740005493,
        0.0010082600638270378
    ],
    [
        0.9999610185623169,
        0.008220359683036804,
        0.0032495928462594748,
        -0.175937220454216,
        -0.008214655332267284,
        0.9999647736549377,
        -0.0017647853819653392,
        0.0022559738717973232,
        -0.0032639859709888697,
        0.0017380219651386142,
        0.9999932050704956,
        0.001537378178909421
    ],
    [
        0.9999569058418274,
        0.008517561480402946,
        0.0036970421206206083,
        -0.18749240040779114,
        -0.008511049672961235,
        0.9999622106552124,
        -0.0017735610017552972,
        0.002539802808314562,
        -0.003712008474394679,
        0.0017420187359675765,
        0.9999915361404419,
        0.001944991061463952
    ],
    [
        0.9999540448188782,
        0.008698190562427044,
        0.004047955386340618,
        -0.19642288982868195,
        -0.008691280148923397,
        0.999960720539093,
        -0.0017216241685673594,
        0.0025809973012655973,
        -0.004062772262841463,
        0.0016863628989085555,
        0.9999903440475464,
        0.002222267212346196
    ],
    [
        0.9999504089355469,
        0.00891829002648592,
        0.004434718284755945,
        -0.2064407765865326,
        -0.008910915814340115,
        0.999958872795105,
        -0.0016799317672848701,
        0.0026372706051915884,
        -0.0044495174661278725,
        0.0016403301851823926,
        0.9999887943267822,
        0.002405998995527625
    ],
    [
        0.9999440908432007,
        0.009337931871414185,
        0.00495949387550354,
        -0.21952562034130096,
        -0.009329763241112232,
        0.9999551177024841,
        -0.0016677981475368142,
        0.0027698760386556387,
        -0.004974844865500927,
        0.0016214338829740882,
        0.9999862909317017,
        0.0029039541259407997
    ],
    [
        0.9999374747276306,
        0.009752416983246803,
        0.005478554870933294,
        -0.23071706295013428,
        -0.009742475114762783,
        0.9999508261680603,
        -0.0018383674323558807,
        0.0032614408992230892,
        -0.005496213678270578,
        0.0017848779680207372,
        0.9999831914901733,
        0.003139195730909705
    ],
    [
        0.9999301433563232,
        0.01019385177642107,
        0.005982881877571344,
        -0.24301683902740479,
        -0.010183458216488361,
        0.9999465942382812,
        -0.0017650926019996405,
        0.003329935483634472,
        -0.006000555120408535,
        0.001704042311757803,
        0.9999805688858032,
        0.0035661058500409126
    ],
    [
        0.9999249577522278,
        0.010457098484039307,
        0.006388330366462469,
        -0.2536713778972626,
        -0.010445700958371162,
        0.9999437928199768,
        -0.0018146306974813342,
        0.00355150131508708,
        -0.006406946573406458,
        0.001747764297761023,
        0.9999779462814331,
        0.003918444272130728
    ],
    [
        0.999916672706604,
        0.010908417403697968,
        0.006909857038408518,
        -0.2659643590450287,
        -0.010896186344325542,
        0.99993896484375,
        -0.00180521747097373,
        0.003653596853837371,
        -0.006929127965122461,
        0.0017297753365710378,
        0.9999744892120361,
        0.004403484985232353
    ],
    [
        0.9999098777770996,
        0.011275612749159336,
        0.007298055104911327,
        -0.2759811580181122,
        -0.011262496933341026,
        0.9999349117279053,
        -0.0018359048990532756,
        0.003784314962103963,
        -0.007318280637264252,
        0.0017535451333969831,
        0.9999716281890869,
        0.004670497961342335
    ],
    [
        0.9998987317085266,
        0.011921344324946404,
        0.0077748289331793785,
        -0.287519633769989,
        -0.011906544677913189,
        0.9999272227287292,
        -0.0019470107508823276,
        0.004154760390520096,
        -0.007797474041581154,
        0.0018542426405474544,
        0.9999679327011108,
        0.00509929284453392
    ],
    [
        0.9998897910118103,
        0.012360237538814545,
        0.00822401512414217,
        -0.2988816797733307,
        -0.01234441064298153,
        0.9999217987060547,
        -0.0019723549485206604,
        0.004333441145718098,
        -0.008247751742601395,
        0.0018706158734858036,
        0.9999642372131348,
        0.005524761509150267
    ],
    [
        0.9998754262924194,
        0.013136528432369232,
        0.008747044019401073,
        -0.31437948346138,
        -0.013118905946612358,
        0.9999117851257324,
        -0.002069026231765747,
        0.004801969509571791,
        -0.008773451671004295,
        0.0019540167413651943,
        0.9999595880508423,
        0.006072228774428368
    ],
    [
        0.9998648762702942,
        0.01364246103912592,
        0.009162775240838528,
        -0.3251597583293915,
        -0.013624277897179127,
        0.9999051094055176,
        -0.0020438742358237505,
        0.004891533404588699,
        -0.009189790114760399,
        0.001918761758133769,
        0.9999558925628662,
        0.006474923808127642
    ],
    [
        0.9998545050621033,
        0.014154763892292976,
        0.009520637802779675,
        -0.3345235288143158,
        -0.014135188423097134,
        0.9998977780342102,
        -0.0021205884404480457,
        0.005135140381753445,
        -0.009549682028591633,
        0.0019857040606439114,
        0.9999524354934692,
        0.006865067407488823
    ],
    [
        0.999845564365387,
        0.01454001385718584,
        0.009871670044958591,
        -0.34308406710624695,
        -0.014519178308546543,
        0.9998922348022461,
        -0.0021788999438285828,
        0.005509220063686371,
        -0.009902287274599075,
        0.0020352345891296864,
        0.9999488592147827,
        0.007176520302891731
    ],
    [
        0.9998323321342468,
        0.015128535218536854,
        0.01031717099249363,
        -0.35410866141319275,
        -0.015106530860066414,
        0.9998834133148193,
        -0.0022073634900152683,
        0.005694800056517124,
        -0.010349362157285213,
        0.0020511362235993147,
        0.9999443292617798,
        0.0076128109358251095
    ]
]