[
    [
        0.9780105352401733,
        -0.021743718534708023,
        0.207418754696846,
        0.014284978620707989,
        0.022002916783094406,
        0.9997573494911194,
        0.001057561719790101,
        -0.0027692848816514015,
        -0.2073914259672165,
        0.0035295116249471903,
        0.9782516956329346,
        0.2719743251800537
    ],
    [
        0.975239634513855,
        -0.02303028106689453,
        0.2199484407901764,
        0.018152981996536255,
        0.023229993879795074,
        0.9997287392616272,
        0.0016786857740953565,
        -0.003404858987778425,
        -0.21992744505405426,
        0.00347227999009192,
        0.9755099415779114,
        0.2890208959579468
    ],
    [
        0.972318172454834,
        -0.024480337277054787,
        0.23237483203411102,
        0.02185106836259365,
        0.024727605283260345,
        0.9996925592422485,
        0.0018492102390155196,
        -0.003102129092440009,
        -0.23234866559505463,
        0.0039480519481003284,
        0.9726245999336243,
        0.3057020604610443
    ],
    [
        0.9693787693977356,
        -0.02593938075006008,
        0.24419660866260529,
        0.025709200650453568,
        0.026164041832089424,
        0.9996548891067505,
        0.002324220957234502,
        -0.0032620872370898724,
        -0.244172602891922,
        0.00413611950352788,
        0.9697229862213135,
        0.32182425260543823
    ],
    [
        0.9662998914718628,
        -0.0275234654545784,
        0.25594332814216614,
        0.029808973893523216,
        0.027726517990231514,
        0.9996116757392883,
        0.002815635409206152,
        -0.00361470109783113,
        -0.2559214234352112,
        0.004375668708235025,
        0.9666877388954163,
        0.3374983072280884
    ],
    [
        0.9629231095314026,
        -0.028939329087734222,
        0.2682192921638489,
        0.03394259884953499,
        0.02911076880991459,
        0.9995706081390381,
        0.003338576527312398,
        -0.0037544884253293276,
        -0.26820072531700134,
        0.004593276418745518,
        0.9633522033691406,
        0.3527275323867798
    ],
    [
        0.9594981074333191,
        -0.030209537595510483,
        0.2800907790660858,
        0.03814895451068878,
        0.030282795429229736,
        0.9995330572128296,
        0.004067060071974993,
        -0.004295027814805508,
        -0.2800828814506531,
        0.004579596221446991,
        0.9599648714065552,
        0.36723655462265015
    ],
    [
        0.9559690952301025,
        -0.031433410942554474,
        0.2917790412902832,
        0.04197385907173157,
        0.03154425695538521,
        0.9994930028915405,
        0.004325656220316887,
        -0.004342548083513975,
        -0.29176709055900574,
        0.005068759899586439,
        0.9564759731292725,
        0.38208770751953125
    ],
    [
        0.9524582028388977,
        -0.03255623206496239,
        0.3029249608516693,
        0.04642908647656441,
        0.03264502435922623,
        0.9994555711746216,
        0.00477177370339632,
        -0.00544785289093852,
        -0.30291542410850525,
        0.0053440784104168415,
        0.9530024528503418,
        0.39517414569854736
    ],
    [
        0.9488164782524109,
        -0.03362441435456276,
        0.3140329420566559,
        0.05046548694372177,
        0.03386121988296509,
        0.9994154572486877,
        0.0047022998332977295,
        -0.0060685742646455765,
        -0.3140074908733368,
        0.00617191893979907,
        0.9494004249572754,
        0.4088493883609772
    ],
    [
        0.9451902508735657,
        -0.03468000143766403,
        0.3246731460094452,
        0.054773084819316864,
        0.034942664206027985,
        0.9993767142295837,
        0.005023268051445484,
        -0.0071465615183115005,
        -0.3246450126171112,
        0.006596998777240515,
        0.9458129405975342,
        0.42198243737220764
    ],
    [
        0.9414471983909607,
        -0.035970766097307205,
        0.335236132144928,
        0.05923003330826759,
        0.036393217742443085,
        0.9993249773979187,
        0.005023890174925327,
        -0.007613294292241335,
        -0.3351905345916748,
        0.007470595650374889,
        0.9421208500862122,
        0.43523234128952026
    ],
    [
        0.937737226486206,
        -0.03714464604854584,
        0.34535375237464905,
        0.06348174810409546,
        0.03755718097090721,
        0.9992793798446655,
        0.005499044433236122,
        -0.008216742426156998,
        -0.3453090786933899,
        0.007813852280378342,
        0.9384565949440002,
        0.4482231140136719
    ],
    [
        0.9340401887893677,
        -0.038171231746673584,
        0.3551222085952759,
        0.06756268441677094,
        0.0385371632874012,
        0.9992387890815735,
        0.00604557478800416,
        -0.008824551478028297,
        -0.3550826907157898,
        0.008038592524826527,
        0.934800386428833,
        0.46168041229248047
    ],
    [
        0.9304085373878479,
        -0.03909594565629959,
        0.36443328857421875,
        0.07241664826869965,
        0.039335981011390686,
        0.999203085899353,
        0.00676738703623414,
        -0.009552123956382275,
        -0.36440742015838623,
        0.008038903586566448,
        0.9312049746513367,
        0.4748646318912506
    ],
    [
        0.926558256149292,
        -0.04015311598777771,
        0.3740018904209137,
        0.07705402374267578,
        0.040397774428129196,
        0.9991578459739685,
        0.0071882084012031555,
        -0.010010853409767151,
        -0.37397557497024536,
        0.008448552340269089,
        0.9274000525474548,
        0.48819369077682495
    ],
    [
        0.9227105379104614,
        -0.04106597974896431,
        0.3833000957965851,
        0.08201783895492554,
        0.041386231780052185,
        0.9991157054901123,
        0.007414958905428648,
        -0.010624762624502182,
        -0.3832656443119049,
        0.009021488018333912,
        0.9235939979553223,
        0.5011308789253235
    ],
    [
        0.9188446998596191,
        -0.04189122095704079,
        0.3923896253108978,
        0.08678137511014938,
        0.042351607233285904,
        0.9990747570991516,
        0.007487225811928511,
        -0.011379748582839966,
        -0.39234021306037903,
        0.009738733991980553,
        0.9197686910629272,
        0.5142730474472046
    ],
    [
        0.9149807691574097,
        -0.04271165654063225,
        0.4012306034564972,
        0.0917477235198021,
        0.0433179996907711,
        0.999032735824585,
        0.00756473233923316,
        -0.012113366276025772,
        -0.40116560459136963,
        0.010458923876285553,
        0.9159458875656128,
        0.5273590683937073
    ],
    [
        0.9111156463623047,
        -0.0436665341258049,
        0.40983113646507263,
        0.09728943556547165,
        0.044322848320007324,
        0.9989860653877258,
        0.00790328998118639,
        -0.012156114913523197,
        -0.40976065397262573,
        0.010964072309434414,
        0.9121272563934326,
        0.5404587388038635
    ],
    [
        0.9073998928070068,
        -0.04458268731832504,
        0.4178970158100128,
        0.10296630859375,
        0.04497484862804413,
        0.9989483952522278,
        0.008915192447602749,
        -0.012203267775475979,
        -0.41785499453544617,
        0.010705211199820042,
        0.9084505438804626,
        0.5536578893661499
    ],
    [
        0.9036275744438171,
        -0.045665957033634186,
        0.42587772011756897,
        0.10889951139688492,
        0.04559137299656868,
        0.9989063143730164,
        0.010374770499765873,
        -0.01307952031493187,
        -0.42588570713996887,
        0.010041425935924053,
        0.9047212600708008,
        0.5664963126182556
    ],
    [
        0.8998315930366516,
        -0.04735032841563225,
        0.4336600601673126,
        0.11449119448661804,
        0.04685483127832413,
        0.998831570148468,
        0.011837713420391083,
        -0.015304488129913807,
        -0.4337138831615448,
        0.00966712087392807,
        0.9009987115859985,
        0.5781809091567993
    ],
    [
        0.8958597779273987,
        -0.04816723242402077,
        0.4417183995246887,
        0.12024842202663422,
        0.04755368456244469,
        0.9987908005714417,
        0.012468487955629826,
        -0.015520636923611164,
        -0.44178491830825806,
        0.00983532052487135,
        0.8970670700073242,
        0.5918780565261841
    ],
    [
        0.8920785784721375,
        -0.04876965656876564,
        0.44924089312553406,
        0.12575122714042664,
        0.04822436720132828,
        0.9987562894821167,
        0.012663747183978558,
        -0.015314631164073944,
        -0.44929972290992737,
        0.010367298498749733,
        0.8933209776878357,
        0.6045464277267456
    ],
    [
        0.888630211353302,
        -0.04961855709552765,
        0.45593246817588806,
        0.13191121816635132,
        0.04911709576845169,
        0.9987090229988098,
        0.012957108207046986,
        -0.01544186007231474,
        -0.45598679780960083,
        0.0108800008893013,
        0.8899199366569519,
        0.6161798238754272
    ],
    [
        0.8853769898414612,
        -0.050481971353292465,
        0.4621245563030243,
        0.13809432089328766,
        0.049897778779268265,
        0.9986631274223328,
        0.013494490645825863,
        -0.015203389339148998,
        -0.4621879756450653,
        0.011111279018223286,
        0.8867123126983643,
        0.6278669238090515
    ],
    [
        0.8821394443511963,
        -0.0512034073472023,
        0.4681967794895172,
        0.14452555775642395,
        0.05033015459775925,
        0.9986290335655212,
        0.014384963549673557,
        -0.014691704884171486,
        -0.46829143166542053,
        0.010874871164560318,
        0.8835071325302124,
        0.6398183107376099
    ],
    [
        0.8789147138595581,
        -0.05218208581209183,
        0.4741160571575165,
        0.15052399039268494,
        0.05097034201025963,
        0.9985811710357666,
        0.015417042188346386,
        -0.014246627688407898,
        -0.47424787282943726,
        0.010615592822432518,
        0.8803272843360901,
        0.6510615944862366
    ],
    [
        0.8758437633514404,
        -0.05322881042957306,
        0.47965022921562195,
        0.15650437772274017,
        0.05168019235134125,
        0.9985283017158508,
        0.01644260622560978,
        -0.01378621906042099,
        -0.4798196256160736,
        0.010387260466814041,
        0.877305805683136,
        0.6622059345245361
    ],
    [
        0.8729637265205383,
        -0.05425255745649338,
        0.4847586750984192,
        0.16243238747119904,
        0.05238300934433937,
        0.9984752535820007,
        0.0174135509878397,
        -0.014017639681696892,
        -0.4849642515182495,
        0.010191721841692924,
        0.8744745850563049,
        0.6731292009353638
    ],
    [
        0.8702179193496704,
        -0.05463032051920891,
        0.4896286725997925,
        0.16849075257778168,
        0.052736565470695496,
        0.9984520673751831,
        0.017673484981060028,
        -0.012928860262036324,
        -0.48983627557754517,
        0.010441550053656101,
        0.8717520236968994,
        0.6836583614349365
    ],
    [
        0.8675748109817505,
        -0.054802265018224716,
        0.4942778944969177,
        0.17551030218601227,
        0.053118012845516205,
        0.9984355568885803,
        0.017465222626924515,
        -0.011141328141093254,
        -0.49446171522140503,
        0.011102673597633839,
        0.8691284656524658,
        0.6940135359764099
    ],
    [
        0.8649923205375671,
        -0.05576297640800476,
        0.4986770451068878,
        0.18097691237926483,
        0.05388748273253441,
        0.9983817338943481,
        0.01816902682185173,
        -0.012043597176671028,
        -0.4988831579685211,
        0.011156384833157063,
        0.8665973544120789,
        0.7026365995407104
    ],
    [
        0.8625614047050476,
        -0.056360773742198944,
        0.502803385257721,
        0.18765175342559814,
        0.054443564265966415,
        0.9983453154563904,
        0.01850939355790615,
        -0.010987152345478535,
        -0.5030146241188049,
        0.011408924125134945,
        0.8642024993896484,
        0.7120710015296936
    ],
    [
        0.860160231590271,
        -0.05710295960307121,
        0.5068171620368958,
        0.19371066987514496,
        0.05493468418717384,
        0.9983044266700745,
        0.019244618713855743,
        -0.010782145895063877,
        -0.5070567727088928,
        0.011288381181657314,
        0.8618388175964355,
        0.720822811126709
    ],
    [
        0.8579608798027039,
        -0.05741771683096886,
        0.510496199131012,
        0.20038679242134094,
        0.055360905826091766,
        0.9982810020446777,
        0.019239164888858795,
        -0.008648430928587914,
        -0.5107234120368958,
        0.011755086481571198,
        0.8596646785736084,
        0.7304194569587708
    ],
    [
        0.8559413552284241,
        -0.05804077535867691,
        0.5138050317764282,
        0.20710720121860504,
        0.05596834421157837,
        0.9982416033744812,
        0.019527047872543335,
        -0.008025572635233402,
        -0.5140349864959717,
        0.012042811140418053,
        0.8576847314834595,
        0.7388745546340942
    ],
    [
        0.8539161086082458,
        -0.0582963302731514,
        0.5171350836753845,
        0.21378806233406067,
        0.05626330152153969,
        0.998223066329956,
        0.019624656066298485,
        -0.0067755249328911304,
        -0.517360270023346,
        0.01233791746199131,
        0.8556787967681885,
        0.7477887868881226
    ],
    [
        0.851916491985321,
        -0.05860724672675133,
        0.5203878283500671,
        0.22074182331562042,
        0.056590355932712555,
        0.9982014894485474,
        0.019776783883571625,
        -0.005418211221694946,
        -0.520611047744751,
        0.012600759975612164,
        0.8537010550498962,
        0.7567825317382812
    ],
    [
        0.8501249551773071,
        -0.05909218266606331,
        0.5232548117637634,
        0.22851674258708954,
        0.05709049105644226,
        0.9981691837310791,
        0.019971033558249474,
        -0.00399612495675683,
        -0.5234769582748413,
        0.012895003892481327,
        0.8519423007965088,
        0.7659506797790527
    ],
    [
        0.8482768535614014,
        -0.05937379598617554,
        0.5262140035629272,
        0.2361319363117218,
        0.057382386177778244,
        0.9981495141983032,
        0.020120671018958092,
        -0.002232416532933712,
        -0.5264348387718201,
        0.01312751043587923,
        0.8501141667366028,
        0.7753017544746399
    ],
    [
        0.8466217517852783,
        -0.05983370542526245,
        0.5288208723068237,
        0.24429121613502502,
        0.057816773653030396,
        0.9981193542480469,
        0.02037031576037407,
        -0.0006464555044658482,
        -0.5290451645851135,
        0.013328761793673038,
        0.8484890460968018,
        0.7841916084289551
    ],
    [
        0.8449799418449402,
        -0.060032472014427185,
        0.5314179062843323,
        0.25238534808158875,
        0.057958729565143585,
        0.9981064200401306,
        0.020595546811819077,
        0.0009928750805556774,
        -0.5316480398178101,
        0.013397479429841042,
        0.8468593955039978,
        0.7933654189109802
    ],
    [
        0.8432226777076721,
        -0.060481589287519455,
        0.5341511964797974,
        0.26058080792427063,
        0.05835629254579544,
        0.9980772733688354,
        0.020889125764369965,
        0.002175662899389863,
        -0.5343875288963318,
        0.013556898571550846,
        0.8451309204101562,
        0.802420973777771
    ],
    [
        0.8417071104049683,
        -0.0609305165708065,
        0.536485493183136,
        0.26901477575302124,
        0.05872896686196327,
        0.9980486631393433,
        0.021210329607129097,
        0.0029880639631301165,
        -0.5367308855056763,
        0.013654354959726334,
        0.8436428904533386,
        0.8115118145942688
    ],
    [
        0.8403512239456177,
        -0.06134295463562012,
        0.538560152053833,
        0.2779739499092102,
        0.05908030644059181,
        0.9980218410491943,
        0.021489541977643967,
        0.0036448680330067873,
        -0.5388129949569702,
        0.013759535737335682,
        0.8423129320144653,
        0.8205863237380981
    ],
    [
        0.8389956951141357,
        -0.06178484484553337,
        0.5406190156936646,
        0.2874637544155121,
        0.059470731765031815,
        0.9979928135871887,
        0.021762367337942123,
        0.00409462908282876,
        -0.5408783555030823,
        0.013892468996345997,
        0.8409860730171204,
        0.8299218416213989
    ],
    [
        0.8375699520111084,
        -0.06217377632856369,
        0.5427809357643127,
        0.2970353066921234,
        0.059841278940439224,
        0.9979660511016846,
        0.021972160786390305,
        0.004298436921089888,
        -0.5430429577827454,
        0.014077480882406235,
        0.8395868539810181,
        0.8396503329277039
    ],
    [
        0.8364065885543823,
        -0.06251320242881775,
        0.5445328950881958,
        0.306404709815979,
        0.060329921543598175,
        0.9979382157325745,
        0.021897615864872932,
        0.004266232252120972,
        -0.5447791218757629,
        0.014536316506564617,
        0.8384536504745483,
        0.8498793244361877
    ],
    [
        0.8358190655708313,
        -0.06271336227655411,
        0.5454113483428955,
        0.3171309530735016,
        0.06072442978620529,
        0.997918963432312,
        0.021686777472496033,
        0.003397023770958185,
        -0.5456362962722778,
        0.014993567019701004,
        0.8378880023956299,
        0.8595935106277466
    ],
    [
        0.8349444270133972,
        -0.06259419769048691,
        0.546763002872467,
        0.32795166969299316,
        0.060868773609399796,
        0.9979185461997986,
        0.021292362362146378,
        0.0029158033430576324,
        -0.5469576716423035,
        0.01550284679979086,
        0.8370167016983032,
        0.8692226409912109
    ],
    [
        0.8341442346572876,
        -0.06276585906744003,
        0.5479633808135986,
        0.33888909220695496,
        0.06105345860123634,
        0.9979058504104614,
        0.021364614367485046,
        0.0024757927749305964,
        -0.5481567978858948,
        0.015633894130587578,
        0.8362294435501099,
        0.8786939382553101
    ],
    [
        0.8335193991661072,
        -0.06324708461761475,
        0.5488580465316772,
        0.34968194365501404,
        0.061231132596731186,
        0.9978810548782349,
        0.022001557052135468,
        0.0016887277597561479,
        -0.5490866303443909,
        0.015268475748598576,
        0.8356260061264038,
        0.8883205056190491
    ],
    [
        0.8330396413803101,
        -0.06380045413970947,
        0.5495221018791199,
        0.36120128631591797,
        0.06144743412733078,
        0.9978521466255188,
        0.022702021524310112,
        0.00034702580887824297,
        -0.5497901439666748,
        0.014855043962597847,
        0.8351706862449646,
        0.8974944353103638
    ],
    [
        0.83254474401474,
        -0.0641128346323967,
        0.5502352714538574,
        0.3719739317893982,
        0.06160566210746765,
        0.9978342652320862,
        0.023052897304296494,
        -0.0013428463134914637,
        -0.5505216121673584,
        0.014705035835504532,
        0.8346913456916809,
        0.9066064953804016
    ],
    [
        0.8322924375534058,
        -0.06428144127130508,
        0.550597071647644,
        0.3825525641441345,
        0.06169033423066139,
        0.9978247284889221,
        0.023242421448230743,
        -0.0034153657034039497,
        -0.5508933663368225,
        0.014622023329138756,
        0.8344475626945496,
        0.9154321551322937
    ],
    [
        0.8321143388748169,
        -0.06444604694843292,
        0.5508469939231873,
        0.3937448263168335,
        0.06184005364775658,
        0.9978135228157043,
        0.023322539404034615,
        -0.005740555003285408,
        -0.551145613193512,
        0.014657387509942055,
        0.834280252456665,
        0.9234152436256409
    ],
    [
        0.8318626880645752,
        -0.06468577682971954,
        0.5511989593505859,
        0.40415385365486145,
        0.06192733347415924,
        0.9978007078170776,
        0.02363661304116249,
        -0.008650055155158043,
        -0.5515156388282776,
        0.014471860602498055,
        0.834039032459259,
        0.9311129450798035
    ],
    [
        0.8317781090736389,
        -0.06465991586446762,
        0.551329493522644,
        0.41474008560180664,
        0.061838362365961075,
        0.9978039860725403,
        0.023728327825665474,
        -0.011073373258113861,
        -0.5516530871391296,
        0.01435660757124424,
        0.8339501619338989,
        0.9385149478912354
    ],
    [
        0.831687331199646,
        -0.064813032746315,
        0.551448404788971,
        0.4246981739997864,
        0.061873435974121094,
        0.9977964758872986,
        0.02395664155483246,
        -0.014004053547978401,
        -0.5517860054969788,
        0.014195576310157776,
        0.8338649272918701,
        0.9458793997764587
    ],
    [
        0.8316766023635864,
        -0.06467454880475998,
        0.5514810085296631,
        0.43451961874961853,
        0.06164234131574631,
        0.9978082776069641,
        0.024055803194642067,
        -0.016784701496362686,
        -0.5518280863761902,
        0.01398792676627636,
        0.8338406085968018,
        0.9528616070747375
    ],
    [
        0.8316497802734375,
        -0.06470432132482529,
        0.551517903804779,
        0.44414591789245605,
        0.0615420900285244,
        0.9978095293045044,
        0.02426235005259514,
        -0.020316744223237038,
        -0.5518797039985657,
        0.01376378908753395,
        0.8338102698326111,
        0.9596971273422241
    ],
    [
        0.8315951824188232,
        -0.06461919844150543,
        0.5516101121902466,
        0.4536210596561432,
        0.06149177998304367,
        0.9978144764900208,
        0.024186834692955017,
        -0.023711293935775757,
        -0.5519675016403198,
        0.013805832713842392,
        0.8337513208389282,
        0.9664363861083984
    ],
    [
        0.8314816355705261,
        -0.06450292468070984,
        0.5517948269844055,
        0.46249401569366455,
        0.061437204480171204,
        0.9978208541870117,
        0.02406410314142704,
        -0.02757486328482628,
        -0.5521445870399475,
        0.013891873881220818,
        0.8336326479911804,
        0.9731587171554565
    ],
    [
        0.8314939737319946,
        -0.06438731402158737,
        0.5517899394035339,
        0.47113072872161865,
        0.06144968420267105,
        0.9978255033493042,
        0.023835645988583565,
        -0.03123066946864128,
        -0.5521247982978821,
        0.014088122174143791,
        0.8336424231529236,
        0.9799810647964478
    ],
    [
        0.8314951658248901,
        -0.06436187773942947,
        0.5517910122871399,
        0.4791553020477295,
        0.06139244884252548,
        0.9978280663490295,
        0.023876020684838295,
        -0.035251203924417496,
        -0.552129328250885,
        0.014023003168404102,
        0.8336405158042908,
        0.9865350127220154
    ],
    [
        0.8315255045890808,
        -0.06438616663217545,
        0.5517426133155823,
        0.48691821098327637,
        0.06134704872965813,
        0.9978282451629639,
        0.02398710697889328,
        -0.03892435133457184,
        -0.552088737487793,
        0.013901887461543083,
        0.8336694836616516,
        0.993248462677002
    ],
    [
        0.8315606713294983,
        -0.06448822468519211,
        0.5516775846481323,
        0.49395307898521423,
        0.061270423233509064,
        0.9978256821632385,
        0.024285810068249702,
        -0.042931511998176575,
        -0.552044153213501,
        0.013606389053165913,
        0.8337038159370422,
        0.9997956156730652
    ],
    [
        0.8316947221755981,
        -0.06464217603206635,
        0.5514573454856873,
        0.5012151002883911,
        0.061314355581998825,
        0.9978179931640625,
        0.02449200488626957,
        -0.047038137912750244,
        -0.5518372654914856,
        0.013442378491163254,
        0.8338434100151062,
        1.0063464641571045
    ],
    [
        0.8317370414733887,
        -0.06447135657072067,
        0.5514136552810669,
        0.5082946419715881,
        0.06117045506834984,
        0.9978291392326355,
        0.024398479610681534,
        -0.05047960579395294,
        -0.5517895817756653,
        0.013437113724648952,
        0.8338750600814819,
        1.0126951932907104
    ],
    [
        0.8316188454627991,
        -0.06442320346832275,
        0.5515974760055542,
        0.5148345828056335,
        0.06111232191324234,
        0.9978324770927429,
        0.024404389783740044,
        -0.054050784558057785,
        -0.5519741177558899,
        0.013414254412055016,
        0.8337534070014954,
        1.0192312002182007
    ],
    [
        0.831519365310669,
        -0.06441102176904678,
        0.5517487525939941,
        0.5207570195198059,
        0.06105663254857063,
        0.997834324836731,
        0.02447083406150341,
        -0.05744166299700737,
        -0.5521300435066223,
        0.01333994697779417,
        0.8336512446403503,
        1.0256332159042358
    ],
    [
        0.831682026386261,
        -0.06457120925188065,
        0.5514848828315735,
        0.5269365310668945,
        0.06112103909254074,
        0.9978257417678833,
        0.024656254798173904,
        -0.06090046465396881,
        -0.5518778562545776,
        0.013201160356402397,
        0.8338204622268677,
        1.031752347946167
    ],
    [
        0.8317938446998596,
        -0.06483004987239838,
        0.5512858033180237,
        0.5329000949859619,
        0.061276212334632874,
        0.9978105425834656,
        0.02488534338772297,
        -0.06433422863483429,
        -0.5516921877861023,
        0.013081228360533714,
        0.8339452743530273,
        1.0378388166427612
    ],
    [
        0.8318539261817932,
        -0.06494195014238358,
        0.5511819124221802,
        0.5391329526901245,
        0.06121581792831421,
        0.9978070259094238,
        0.025176627561450005,
        -0.06811108440160751,
        -0.551608145236969,
        0.01279777754098177,
        0.8340051770210266,
        1.0435739755630493
    ],
    [
        0.831785261631012,
        -0.06490500271320343,
        0.5512900352478027,
        0.5456104278564453,
        0.06103918328881264,
        0.9978127479553223,
        0.025379644706845284,
        -0.07177447527647018,
        -0.5517314076423645,
        0.012539874762296677,
        0.833927571773529,
        1.0492690801620483
    ],
    [
        0.8318089842796326,
        -0.06505898386240005,
        0.5512361526489258,
        0.5517520904541016,
        0.06101804971694946,
        0.9978060126304626,
        0.02568933553993702,
        -0.07564916461706161,
        -0.5516980290412903,
        0.012266729958355427,
        0.8339537382125854,
        1.054836392402649
    ],
    [
        0.8319557309150696,
        -0.06514725834131241,
        0.5510041117668152,
        0.5581380724906921,
        0.06104451045393944,
        0.9978015422821045,
        0.025803247466683388,
        -0.07935671508312225,
        -0.5514737367630005,
        0.012168615125119686,
        0.8341035842895508,
        1.0602904558181763
    ],
    [
        0.8320099711418152,
        -0.06513704359531403,
        0.5509234070777893,
        0.5644195675849915,
        0.060906946659088135,
        0.9978049993515015,
        0.02599068358540535,
        -0.08367695659399033,
        -0.5514070391654968,
        0.011930552311241627,
        0.8341511487960815,
        1.06563401222229
    ],
    [
        0.8321677446365356,
        -0.06496986746788025,
        0.5507047772407532,
        0.570637047290802,
        0.060647379606962204,
        0.9978185892105103,
        0.026074504479765892,
        -0.08804681152105331,
        -0.5511975288391113,
        0.011700442992150784,
        0.8342927098274231,
        1.0709660053253174
    ],
    [
        0.8324834704399109,
        -0.06488078832626343,
        0.5502378344535828,
        0.5771555304527283,
        0.06049012392759323,
        0.9978265166282654,
        0.026139121502637863,
        -0.09265345335006714,
        -0.5507377982139587,
        0.011523574590682983,
        0.8345987200737,
        1.0759644508361816
    ],
    [
        0.8327012658119202,
        -0.06463833153247833,
        0.5499368906021118,
        0.5836158990859985,
        0.06029907613992691,
        0.9978421330451965,
        0.025980699807405472,
        -0.09669327735900879,
        -0.5504295229911804,
        0.011526518501341343,
        0.8348020911216736,
        1.0812469720840454
    ],
    [
        0.8328583240509033,
        -0.06475263833999634,
        0.5496855974197388,
        0.5898301005363464,
        0.06027834489941597,
        0.9978373050689697,
        0.02621367573738098,
        -0.10193042457103729,
        -0.5501942038536072,
        0.011301863007247448,
        0.8349602818489075,
        1.086265206336975
    ],
    [
        0.8333635330200195,
        -0.06483284384012222,
        0.5489097237586975,
        0.596217930316925,
        0.060316506773233414,
        0.9978331923484802,
        0.026282617822289467,
        -0.10671506822109222,
        -0.5494243502616882,
        0.011205347254872322,
        0.8354682922363281,
        1.0915828943252563
    ],
    [
        0.8338884711265564,
        -0.06487645953893661,
        0.548106849193573,
        0.6028910875320435,
        0.06024681776762009,
        0.9978329539299011,
        0.026448780670762062,
        -0.11212310194969177,
        -0.5486350655555725,
        0.01096635963767767,
        0.8359900116920471,
        1.0966750383377075
    ],
    [
        0.8342439532279968,
        -0.06469035148620605,
        0.5475876331329346,
        0.609756350517273,
        0.05990571901202202,
        0.9978490471839905,
        0.026617156341671944,
        -0.11758015304803848,
        -0.5481317043304443,
        0.010598430410027504,
        0.83632493019104,
        1.1018542051315308
    ],
    [
        0.8346629738807678,
        -0.06460922211408615,
        0.546958327293396,
        0.6164008975028992,
        0.05964505299925804,
        0.9978584051132202,
        0.026852775365114212,
        -0.12319721281528473,
        -0.5475219488143921,
        0.010210339911282063,
        0.8367290496826172,
        1.1071807146072388
    ],
    [
        0.8351671099662781,
        -0.06462540477514267,
        0.5461861491203308,
        0.62291020154953,
        0.05960064381361008,
        0.9978588223457336,
        0.026933174580335617,
        -0.12828022241592407,
        -0.5467572808265686,
        0.010059344582259655,
        0.8372306227684021,
        1.1130764484405518
    ],
    [
        0.8364733457565308,
        -0.06478308141231537,
        0.5441650748252869,
        0.6359145641326904,
        0.05974965915083885,
        0.9978495240211487,
        0.026949143037199974,
        -0.13885226845741272,
        -0.5447406768798828,
        0.00997143890708685,
        0.8385452628135681,
        1.124457597732544
    ],
    [
        0.8371881246566772,
        -0.06479926407337189,
        0.5430625677108765,
        0.6420668959617615,
        0.05973964184522629,
        0.9978495836257935,
        0.02697036974132061,
        -0.14412280917167664,
        -0.5436424612998962,
        0.009863092564046383,
        0.8392590284347534,
        1.1302727460861206
    ],
    [
        0.838042140007019,
        -0.06477189809083939,
        0.5417470932006836,
        0.6484308242797852,
        0.059590525925159454,
        0.9978542923927307,
        0.027122536674141884,
        -0.14966674149036407,
        -0.5423415899276733,
        0.009553167968988419,
        0.8401037454605103,
        1.1357027292251587
    ],
    [
        0.8389459252357483,
        -0.06475741416215897,
        0.5403483510017395,
        0.6550095677375793,
        0.059468675404787064,
        0.9978579878807068,
        0.0272559504956007,
        -0.15511293709278107,
        -0.5409558415412903,
        0.009267531335353851,
        0.8409999012947083,
        1.1407374143600464
    ],
    [
        0.8398330211639404,
        -0.0647306740283966,
        0.5389716625213623,
        0.6607345938682556,
        0.059359241276979446,
        0.997861921787262,
        0.027349188923835754,
        -0.1606203317642212,
        -0.5395897030830383,
        0.009024192579090595,
        0.8418797850608826,
        1.1458044052124023
    ],
    [
        0.8416287899017334,
        -0.06448867917060852,
        0.5361921787261963,
        0.6711292862892151,
        0.059002798050642014,
        0.9978817105293274,
        0.027403639629483223,
        -0.17126166820526123,
        -0.536823570728302,
        0.00857314933091402,
        0.8436510562896729,
        1.1550040245056152
    ],
    [
        0.8426592946052551,
        -0.06426310539245605,
        0.5345984697341919,
        0.6761787533760071,
        0.05876360088586807,
        0.9978978037834167,
        0.027329495176672935,
        -0.17649681866168976,
        -0.5352309346199036,
        0.00838547945022583,
        0.8446642756462097,
        1.1587817668914795
    ],
    [
        0.8434160351753235,
        -0.06416533887386322,
        0.533415675163269,
        0.6807237267494202,
        0.058491967618465424,
        0.9979075193405151,
        0.02755451202392578,
        -0.1827346831560135,
        -0.5340675115585327,
        0.007960617542266846,
        0.8454043865203857,
        1.1621896028518677
    ],
    [
        0.8444761037826538,
        -0.06393119692802429,
        0.5317639112472534,
        0.6850711703300476,
        0.058270249515771866,
        0.9979236721992493,
        0.027438150718808174,
        -0.18838287889957428,
        -0.532413899898529,
        0.007815150544047356,
        0.8464479446411133,
        1.1655625104904175
    ],
    [
        0.8457133769989014,
        -0.06381164491176605,
        0.5298083424568176,
        0.688755989074707,
        0.05811843276023865,
        0.9979329705238342,
        0.027421629056334496,
        -0.19465504586696625,
        -0.5304630398750305,
        0.007600787095725536,
        0.8476740121841431,
        1.1684826612472534
    ],
    [
        0.8468514084815979,
        -0.06349512189626694,
        0.5280255079269409,
        0.6923918724060059,
        0.057827580720186234,
        0.9979543685913086,
        0.027259767055511475,
        -0.20048776268959045,
        -0.5286762714385986,
        0.007449473720043898,
        0.8487907648086548,
        1.17080819606781
    ],
    [
        0.8478728532791138,
        -0.06331882625818253,
        0.5264052152633667,
        0.6951702237129211,
        0.05761595070362091,
        0.9979671239852905,
        0.027239693328738213,
        -0.20634832978248596,
        -0.5270599126815796,
        0.007233540061861277,
        0.8497973680496216,
        1.173118233680725
    ],
    [
        0.8490781784057617,
        -0.06317930668592453,
        0.5244754552841187,
        0.6979423761367798,
        0.05737963691353798,
        0.9979784488677979,
        0.02732592262327671,
        -0.2124345898628235,
        -0.5251416563987732,
        0.006892369594424963,
        0.8509870171546936,
        1.1749687194824219
    ],
    [
        0.850306510925293,
        -0.0630447044968605,
        0.5224978923797607,
        0.7005886435508728,
        0.05709115043282509,
        0.9979898929595947,
        0.027508243918418884,
        -0.21812623739242554,
        -0.5231819152832031,
        0.006439565680921078,
        0.8521967530250549,
        1.1762462854385376
    ],
    [
        0.8515975475311279,
        -0.06332484632730484,
        0.5203571915626526,
        0.7034775018692017,
        0.056818343698978424,
        0.9979788064956665,
        0.02846214920282364,
        -0.22377218306064606,
        -0.5211077928543091,
        0.005327542312443256,
        0.8534743189811707,
        1.1767576932907104
    ],
    [
        0.8527871370315552,
        -0.06415443867444992,
        0.5183032751083374,
        0.7057422399520874,
        0.056475453078746796,
        0.9979349374771118,
        0.030600640922784805,
        -0.2290422022342682,
        -0.519196093082428,
        0.003175577614456415,
        0.8546491861343384,
        1.1768440008163452
    ],
    [
        0.8542056083679199,
        -0.06558507680892944,
        0.515782356262207,
        0.7083404064178467,
        0.05614154785871506,
        0.9978470206260681,
        0.03390472009778023,
        -0.23483610153198242,
        -0.5168954730033875,
        -4.785305009136209e-06,
        0.8560485243797302,
        1.1767452955245972
    ],
    [
        0.8555975556373596,
        -0.06702931225299835,
        0.513283371925354,
        0.710838794708252,
        0.055623602122068405,
        0.9977445602416992,
        0.037575166672468185,
        -0.24095962941646576,
        -0.5146443843841553,
        -0.003598555689677596,
        0.8573961853981018,
        1.176125407218933
    ],
    [
        0.8570346832275391,
        -0.06826066225767136,
        0.5107171535491943,
        0.7135308980941772,
        0.05514104291796684,
        0.9976442456245422,
        0.04080943018198013,
        -0.2484590858221054,
        -0.5122997164726257,
        -0.006813626270741224,
        0.858779788017273,
        1.175572156906128
    ],
    [
        0.8586708307266235,
        -0.06888531893491745,
        0.5078772306442261,
        0.7157538533210754,
        0.0547625906765461,
        0.9975851774215698,
        0.04271884635090828,
        -0.25581032037734985,
        -0.5095934271812439,
        -0.008868761360645294,
        0.8603697419166565,
        1.1748416423797607
    ],
    [
        0.8606989979743958,
        -0.06932631880044937,
        0.5043721199035645,
        0.718209445476532,
        0.05442168563604355,
        0.9975374341011047,
        0.044242944568395615,
        -0.26294228434562683,
        -0.5061972141265869,
        -0.010631080716848373,
        0.8623521327972412,
        1.1737881898880005
    ],
    [
        0.8627542853355408,
        -0.06968216598033905,
        0.5007988214492798,
        0.7210376262664795,
        0.05379163473844528,
        0.997486412525177,
        0.04612240940332413,
        -0.26942676305770874,
        -0.5027539730072021,
        -0.012853522785007954,
        0.8643340468406677,
        1.172291874885559
    ],
    [
        0.8649024963378906,
        -0.07041560858488083,
        0.4969760477542877,
        0.7236530184745789,
        0.053198762238025665,
        0.9973940253257751,
