[
    [
        0.9780105352401733,
        -0.021743718534708023,
        0.207418754696846,
        0.014284978620707989,
        0.022002916783094406,
        0.9997573494911194,
        0.001057561719790101,
        -0.0027692848816514015,
        -0.2073914259672165,
        0.0035295116249471903,
        0.9782516956329346,
        0.2719743251800537
    ],
    [
        0.9149807691574097,
        -0.04271165654063225,
        0.4012306034564972,
        0.0917477235198021,
        0.0433179996907711,
        0.999032735824585,
        0.00756473233923316,
        -0.012113366276025772,
        -0.40116560459136963,
        0.010458923876285553,
        0.9159458875656128,
        0.5273590683937073
    ],
    [
        0.8559413552284241,
        -0.05804077535867691,
        0.5138050317764282,
        0.20710720121860504,
        0.05596834421157837,
        0.9982416033744812,
        0.019527047872543335,
        -0.008025572635233402,
        -0.5140349864959717,
        0.012042811140418053,
        0.8576847314834595,
        0.7388745546340942
    ],
    [
        0.8322924375534058,
        -0.06428144127130508,
        0.550597071647644,
        0.3825525641441345,
        0.06169033423066139,
        0.9978247284889221,
        0.023242421448230743,
        -0.0034153657034039497,
        -0.5508933663368225,
        0.014622023329138756,
        0.8344475626945496,
        0.9154321551322937
    ],
    [
        0.8318539261817932,
        -0.06494195014238358,
        0.5511819124221802,
        0.5391329526901245,
        0.06121581792831421,
        0.9978070259094238,
        0.025176627561450005,
        -0.06811108440160751,
        -0.551608145236969,
        0.01279777754098177,
        0.8340051770210266,
        1.0435739755630493
    ],
    [
        0.8398330211639404,
        -0.0647306740283966,
        0.5389716625213623,
        0.6607345938682556,
        0.059359241276979446,
        0.997861921787262,
        0.027349188923835754,
        -0.1606203317642212,
        -0.5395897030830383,
        0.009024192579090595,
        0.8418797850608826,
        1.1458044052124023
    ],
    [
        0.8672515749931335,
        -0.0713120698928833,
        0.4927365779876709,
        0.7264230251312256,
        0.05250122770667076,
        0.9972699284553528,
        0.05192554369568825,
        -0.28275424242019653,
        -0.49509429931640625,
        -0.019163228571414948,
        0.8686277866363525,
        1.169145941734314
    ],
    [
        0.908694863319397,
        -0.07726941257715225,
        0.41024771332740784,
        0.7426635026931763,
        0.044151246547698975,
        0.9949977397918701,
        0.08961144834756851,
        -0.4090796113014221,
        -0.4151197075843811,
        -0.06331649422645569,
        0.9075607657432556,
        1.1321179866790771
    ],
    [
        0.9299692511558533,
        -0.07674536108970642,
        0.3595377504825592,
        0.732814371585846,
        0.03887224197387695,
        0.9930129647254944,
        0.11141849309206009,
        -0.5281198024749756,
        -0.36557647585868835,
        -0.08963972330093384,
        0.9264549016952515,
        1.0873745679855347
    ],
    [
        0.9401178956031799,
        -0.0749485120177269,
        0.33250734210014343,
        0.7324945330619812,
        0.036826133728027344,
        0.9921493530273438,
        0.11951378732919693,
        -0.6440427899360657,
        -0.3388543725013733,
        -0.10011207312345505,
        0.9354974031448364,
        1.0511908531188965
    ],
    [
        0.9409821033477783,
        -0.07464098930358887,
        0.33012330532073975,
        0.7194525599479675,
        0.03653734177350998,
        0.9920814633369446,
        0.12016403675079346,
        -0.6963948607444763,
        -0.3364783823490143,
        -0.10101037472486496,
        0.9362581372261047,
        1.0111042261123657
    ],
    [
        0.94102543592453,
        -0.07488887757062912,
        0.3299436867237091,
        0.7185001373291016,
        0.037176355719566345,
        0.9921776652336121,
        0.11916937679052353,
        -0.6661381125450134,
        -0.3362872302532196,
        -0.0998753234744072,
        0.9364485740661621,
        0.9622692465782166
    ],
    [
        0.9412544369697571,
        -0.0763971284031868,
        0.3289429545402527,
        0.7601727843284607,
        0.03899524733424187,
        0.9921469688415527,
        0.1188434436917305,
        -0.6161433458328247,
        -0.33543911576271057,
        -0.09903471171855927,
        0.9368419051170349,
        0.9171076416969299
    ],
    [
        0.9241917133331299,
        -0.07836829870939255,
        0.3738022744655609,
        0.8070361018180847,
        0.04241558536887169,
        0.9937278628349304,
        0.10346820950508118,
        -0.5415821075439453,
        -0.37956637144088745,
        -0.07976941019296646,
        0.9217191338539124,
        0.9285838603973389
    ]
]