[
    [
        0.9780105352401733,
        -0.021743718534708023,
        0.207418754696846,
        0.014284978620707989,
        0.022002916783094406,
        0.9997573494911194,
        0.001057561719790101,
        -0.0027692848816514015,
        -0.2073914259672165,
        0.0035295116249471903,
        0.9782516956329346,
        0.2719743251800537
    ],
    [
        0.9451902508735657,
        -0.03468000143766403,
        0.3246731460094452,
        0.054773084819316864,
        0.034942664206027985,
        0.9993767142295837,
        0.005023268051445484,
        -0.0071465615183115005,
        -0.3246450126171112,
        0.006596998777240515,
        0.9458129405975342,
        0.42198243737220764
    ],
    [
        0.9073998928070068,
        -0.04458268731832504,
        0.4178970158100128,
        0.10296630859375,
        0.04497484862804413,
        0.9989483952522278,
        0.008915192447602749,
        -0.012203267775475979,
        -0.41785499453544617,
        0.010705211199820042,
        0.9084505438804626,
        0.5536578893661499
    ],
    [
        0.8729637265205383,
        -0.05425255745649338,
        0.4847586750984192,
        0.16243238747119904,
        0.05238300934433937,
        0.9984752535820007,
        0.0174135509878397,
        -0.014017639681696892,
        -0.4849642515182495,
        0.010191721841692924,
        0.8744745850563049,
        0.6731292009353638
    ],
    [
        0.8501249551773071,
        -0.05909218266606331,
        0.5232548117637634,
        0.22851674258708954,
        0.05709049105644226,
        0.9981691837310791,
        0.019971033558249474,
        -0.00399612495675683,
        -0.5234769582748413,
        0.012895003892481327,
        0.8519423007965088,
        0.7659506797790527
    ],
    [
        0.8358190655708313,
        -0.06271336227655411,
        0.5454113483428955,
        0.3171309530735016,
        0.06072442978620529,
        0.997918963432312,
        0.021686777472496033,
        0.003397023770958185,
        -0.5456362962722778,
        0.014993567019701004,
        0.8378880023956299,
        0.8595935106277466
    ],
    [
        0.8316766023635864,
        -0.06467454880475998,
        0.5514810085296631,
        0.43451961874961853,
        0.06164234131574631,
        0.9978082776069641,
        0.024055803194642067,
        -0.016784701496362686,
        -0.5518280863761902,
        0.01398792676627636,
        0.8338406085968018,
        0.9528616070747375
    ],
    [
        0.8316188454627991,
        -0.06442320346832275,
        0.5515974760055542,
        0.5148345828056335,
        0.06111232191324234,
        0.9978324770927429,
        0.024404389783740044,
        -0.054050784558057785,
        -0.5519741177558899,
        0.013414254412055016,
        0.8337534070014954,
        1.0192312002182007
    ],
    [
        0.8324834704399109,
        -0.06488078832626343,
        0.5502378344535828,
        0.5771555304527283,
        0.06049012392759323,
        0.9978265166282654,
        0.026139121502637863,
        -0.09265345335006714,
        -0.5507377982139587,
        0.011523574590682983,
        0.8345987200737,
        1.0759644508361816
    ],
    [
        0.838042140007019,
        -0.06477189809083939,
        0.5417470932006836,
        0.6484308242797852,
        0.059590525925159454,
        0.9978542923927307,
        0.027122536674141884,
        -0.14966674149036407,
        -0.5423415899276733,
        0.009553167968988419,
        0.8401037454605103,
        1.1357027292251587
    ],
    [
        0.8490781784057617,
        -0.06317930668592453,
        0.5244754552841187,
        0.6979423761367798,
        0.05737963691353798,
        0.9979784488677979,
        0.02732592262327671,
        -0.2124345898628235,
        -0.5251416563987732,
        0.006892369594424963,
        0.8509870171546936,
        1.1749687194824219
    ],
    [
        0.8649024963378906,
        -0.07041560858488083,
        0.4969760477542877,
        0.7236530184745789,
        0.053198762238025665,
        0.9973940253257751,
        0.048735473304986954,
        -0.27598103880882263,
        -0.49911269545555115,
        -0.015712929889559746,
        0.866394579410553,
        1.170653223991394
    ],
    [
        0.8923095464706421,
        -0.07590983808040619,
        0.4449959993362427,
        0.7429444193840027,
        0.04732297360897064,
        0.9960584044456482,
        0.0750206857919693,
        -0.3506307899951935,
        -0.4489368498325348,
        -0.04588313773274422,
        0.8923847675323486,
        1.1536599397659302
    ],
    [
        0.9100127816200256,
        -0.0771617591381073,
        0.4073360860347748,
        0.7418363690376282,
        0.04384597763419151,
        0.9949293732643127,
        0.09051517397165298,
        -0.4162923991680145,
        -0.4122549593448639,
        -0.06450992077589035,
        0.9087817668914795,
        1.1297305822372437
    ],
    [
        0.9215401411056519,
        -0.07739905267953873,
        0.3804905116558075,
        0.7370686531066895,
        0.0409315787255764,
        0.9938357472419739,
        0.1030297577381134,
        -0.48381486535072327,
        -0.38611939549446106,
        -0.07937199622392654,
        0.9190278053283691,
        1.1069316864013672
    ],
    [
        0.9317672252655029,
        -0.07627850025892258,
        0.35495278239250183,
        0.7324643135070801,
        0.03865835443139076,
        0.9929665327072144,
        0.11190616339445114,
        -0.5405471920967102,
        -0.3609922528266907,
        -0.09054860472679138,
        0.9281625151634216,
        1.083363652229309
    ],
    [
        0.9385654330253601,
        -0.07566025853157043,
        0.33670544624328613,
        0.7324932813644409,
        0.03776830807328224,
        0.9923301339149475,
        0.11770500987768173,
        -0.6090553998947144,
        -0.34302854537963867,
        -0.09775703400373459,
        0.9342242479324341,
        1.0626665353775024
    ],
    [
        0.94049471616745,
        -0.07495515048503876,
        0.331438273191452,
        0.7319217324256897,
        0.036851994693279266,
        0.9921143651008606,
        0.11979600042104721,
        -0.6631170511245728,
        -0.33780398964881897,
        -0.10045336186885834,
        0.9358406066894531,
        1.0442392826080322
    ],
    [
        0.9409001469612122,
        -0.07452032715082169,
        0.3303839862346649,
        0.7219474911689758,
        0.036497145891189575,
        0.992122232913971,
        0.1198396384716034,
        -0.6969169974327087,
        -0.33671173453330994,
        -0.10069906711578369,
        0.9362077713012695,
        1.0210622549057007
    ],
    [
        0.9410915374755859,
        -0.07458502799272537,
        0.32982394099235535,
        0.7161807417869568,
        0.03677036985754967,
        0.9921597242355347,
        0.11944543570280075,
        -0.691596269607544,
        -0.33614686131477356,
        -0.10028132051229477,
        0.936455488204956,
        0.9963351488113403
    ],
    [
        0.9411357641220093,
        -0.07467804104089737,
        0.3296767473220825,
        0.7155077457427979,
        0.03697696700692177,
        0.9921827912330627,
        0.11918924748897552,
        -0.6736286878585815,
        -0.33600035309791565,
        -0.09998282045125961,
        0.9365399479866028,
        0.9696131944656372
    ],
    [
        0.9411371350288391,
        -0.07545152306556702,
        0.3294965922832489,
        0.7309384942054749,
        0.03792538493871689,
        0.9921846389770508,
        0.11887484043836594,
        -0.6510758399963379,
        -0.3358907401561737,
        -0.0993812307715416,
        0.9366434812545776,
        0.9447593688964844
    ],
    [
        0.9412820935249329,
        -0.07628963142633438,
        0.3288887143135071,
        0.7551174759864807,
        0.03899969160556793,
        0.9921841621398926,
        0.11853139847517014,
        -0.6224637627601624,
        -0.33536088466644287,
        -0.0987449362874031,
        0.9369004964828491,
        0.9207686185836792
    ],
    [
        0.9407688975334167,
        -0.07630760967731476,
        0.33034995198249817,
        0.7788698077201843,
        0.039072249084711075,
        0.992252767086029,
        0.11793096363544464,
        -0.5884679555892944,
        -0.33678969740867615,
        -0.09803827106952667,
        0.9364620447158813,
        0.9139389991760254
    ],
    [
        0.9241917133331299,
        -0.07836829870939255,
        0.3738022744655609,
        0.8070361018180847,
        0.04241558536887169,
        0.9937278628349304,
        0.10346820950508118,
        -0.5415821075439453,
        -0.37956637144088745,
        -0.07976941019296646,
        0.9217191338539124,
        0.9285838603973389
    ]
]