[
    [
        0.9950409531593323,
        -0.05180888995528221,
        0.08490819483995438,
        0.07356753200292587,
        0.05104785040020943,
        0.9986343383789062,
        0.01111129205673933,
        -0.026904558762907982,
        -0.08536790311336517,
        -0.006721807643771172,
        0.9963268637657166,
        -0.006474433001130819
    ],
    [
        0.9930586814880371,
        -0.06047150492668152,
        0.10088378936052322,
        0.08827826380729675,
        0.05941452458500862,
        0.9981427788734436,
        0.01345194224268198,
        -0.028046511113643646,
        -0.10150988399982452,
        -0.007364605087786913,
        0.9948073029518127,
        -0.007784373126924038
    ],
    [
        0.9909993410110474,
        -0.06881969422101974,
        0.1148223727941513,
        0.1054859310388565,
        0.06743458658456802,
        0.997596800327301,
        0.015908803790807724,
        -0.028586074709892273,
        -0.1156412735581398,
        -0.008022618480026722,
        0.9932585954666138,
        -0.009266071021556854
    ],
    [
        0.9894132614135742,
        -0.0752062276005745,
        0.12411905080080032,
        0.12124963104724884,
        0.07350113987922668,
        0.9971277713775635,
        0.018266545608639717,
        -0.030393855646252632,
        -0.12513631582260132,
        -0.008950269781053066,
        0.9920992851257324,
        -0.01052142959088087
    ],
    [
        0.9875586628913879,
        -0.08244545012712479,
        0.13390520215034485,
        0.13856416940689087,
        0.08039602637290955,
        0.9965490698814392,
        0.020649993792176247,
        -0.031139763072133064,
        -0.13514560461044312,
        -0.009627632796764374,
        0.9907790422439575,
        -0.012139877304434776
    ],
    [
        0.9857965707778931,
        -0.08891384303569794,
        0.14247587323188782,
        0.15369506180286407,
        0.08652453124523163,
        0.9959867000579834,
        0.02289104461669922,
        -0.031819507479667664,
        -0.14393939077854156,
        -0.010238255374133587,
        0.9895336031913757,
        -0.013812192715704441
    ],
    [
        0.9833285212516785,
        -0.09697043895721436,
        0.15382349491119385,
        0.17084169387817383,
        0.09411463141441345,
        0.995228111743927,
        0.025757476687431335,
        -0.03288446366786957,
        -0.15558716654777527,
        -0.010851021856069565,
        0.9877625703811646,
        -0.015484548173844814
    ],
    [
        0.9806135892868042,
        -0.10495181381702423,
        0.16547562181949615,
        0.1856788545846939,
        0.10161329060792923,
        0.9944145679473877,
        0.028537405654788017,
        -0.03349588066339493,
        -0.16754642128944397,
        -0.011169645003974438,
        0.9858009219169617,
        -0.017775939777493477
    ],
    [
        0.9764828085899353,
        -0.1149372011423111,
        0.182402566075325,
        0.20271922647953033,
        0.11093658208847046,
        0.9933115243911743,
        0.03202139213681221,
        -0.03390052914619446,
        -0.18486300110816956,
        -0.011033226735889912,
        0.982702374458313,
        -0.02028186060488224
    ],
    [
        0.97188800573349,
        -0.12467978894710541,
        0.19972118735313416,
        0.21726548671722412,
        0.11997360736131668,
        0.9921405911445618,
        0.035544417798519135,
        -0.034236859530210495,
        -0.20258314907550812,
        -0.010583928786218166,
        0.9792078137397766,
        -0.021813519299030304
    ],
    [
        0.9653232097625732,
        -0.13688191771507263,
        0.222293421626091,
        0.23426085710525513,
        0.131260946393013,
        0.9905430674552917,
        0.03993900120258331,
        -0.03429022803902626,
        -0.2256581038236618,
        -0.009375598281621933,
        0.9741615056991577,
        -0.02459847554564476
    ],
    [
        0.9585621356964111,
        -0.14818908274173737,
        0.24330772459506989,
        0.24861817061901093,
        0.1416352391242981,
        0.9889265894889832,
        0.04431397095322609,
        -0.03443601727485657,
        -0.24718031287193298,
        -0.008016745559871197,
        0.9689363241195679,
        -0.02562926895916462
    ],
    [
        0.9492525458335876,
        -0.1620839536190033,
        0.26953354477882385,
        0.2648504078388214,
        0.1542939990758896,
        0.986759603023529,
        0.04998979717493057,
        -0.035046257078647614,
        -0.27406734228134155,
        -0.005865537561476231,
        0.9616926312446594,
        -0.026932233944535255
    ],
    [
        0.93848717212677,
        -0.1759076863527298,
        0.2971504330635071,
        0.28140121698379517,
        0.1667657196521759,
        0.9844020009040833,
        0.05605369806289673,
        -0.03449716046452522,
        -0.3023757338523865,
        -0.0030511687509715557,
        0.9531838893890381,
        -0.02922673709690571
    ],
    [
        0.928033173084259,
        -0.18799713253974915,
        0.3215767741203308,
        0.2944726347923279,
        0.17754347622394562,
        0.9821695685386658,
        0.06181672215461731,
        -0.03382583335042,
        -0.3274642527103424,
        -0.00027410266920924187,
        0.944863498210907,
        -0.03217746317386627
    ],
    [
        0.9147672653198242,
        -0.20237897336483002,
        0.3496333956718445,
        0.3103051483631134,
        0.19027328491210938,
        0.9793014526367188,
        0.06902730464935303,
        -0.033296480774879456,
        -0.3563661575317383,
        0.003381966846063733,
        0.9343402981758118,
        -0.034795790910720825
    ],
    [
        0.9027485251426697,
        -0.2141963541507721,
        0.373048335313797,
        0.32327741384506226,
        0.20069365203380585,
        0.9767654538154602,
        0.07517451047897339,
        -0.032253116369247437,
        -0.38048282265663147,
        0.007004746235907078,
        0.9247614145278931,
        -0.03788837045431137
    ],
    [
        0.888323962688446,
        -0.22725306451320648,
        0.39904457330703735,
        0.3385259509086609,
        0.21214167773723602,
        0.9737672209739685,
        0.08229923993349075,
        -0.03065374866127968,
        -0.4072793424129486,
        0.011545595712959766,
        0.9132305383682251,
        -0.042420174926519394
    ],
    [
        0.875877320766449,
        -0.23761770129203796,
        0.4199722111225128,
        0.35035717487335205,
        0.22108341753482819,
        0.9712369441986084,
        0.08843700587749481,
        -0.029412755742669106,
        -0.4289066791534424,
        0.01538892462849617,
        0.9032176733016968,
        -0.0465242899954319
    ],
    [
        0.8614665865898132,
        -0.24937781691551208,
        0.4423641860485077,
        0.36483481526374817,
        0.23123770952224731,
        0.9681991934776306,
        0.09549569338560104,
        -0.027552200481295586,
        -0.452111154794693,
        0.020024923607707024,
        0.8917368054389954,
        -0.05140676349401474
    ],
    [
        0.8493220210075378,
        -0.258391797542572,
        0.46031057834625244,
        0.37632712721824646,
        0.23899024724960327,
        0.9657394886016846,
        0.10114793479442596,
        -0.025899892672896385,
        -0.47067591547966003,
        0.024102577939629555,
        0.8819769620895386,
        -0.05567906051874161
    ],
    [
        0.8355187773704529,
        -0.2684103548526764,
        0.4794415831565857,
        0.3902371823787689,
        0.2476922869682312,
        0.9628674387931824,
        0.10739997774362564,
        -0.023311158642172813,
        -0.49046599864959717,
        0.029019275680184364,
        0.8709770441055298,
        -0.061249028891325
    ],
    [
        0.8234761357307434,
        -0.27654245495796204,
        0.49539005756378174,
        0.40063780546188354,
        0.25470009446144104,
        0.9604238271713257,
        0.11275654286146164,
        -0.02123221382498741,
        -0.5069664120674133,
        0.033323585987091064,
        0.8613213896751404,
        -0.06627984344959259
    ],
    [
        0.8094112873077393,
        -0.2856403887271881,
        0.5130913853645325,
        0.41383489966392517,
        0.26250800490379333,
        0.9575673937797546,
        0.11897098273038864,
        -0.018544647842645645,
        -0.5253025889396667,
        0.03839414194226265,
        0.8500489592552185,
        -0.07253158837556839
    ],
    [
        0.7953358292579651,
        -0.2943631112575531,
        0.5298973917961121,
        0.42593419551849365,
        0.26996156573295593,
        0.9547025561332703,
        0.12515468895435333,
        -0.015647467225790024,
        -0.5427352786064148,
        0.04351191222667694,
        0.8387759923934937,
        -0.07928258925676346
    ]
]