[
    [
        0.9769557118415833,
        0.00012161637278040871,
        0.21344201266765594,
        -0.018857326358556747,
        0.0022394952829927206,
        0.9999390244483948,
        -0.010820251889526844,
        0.009647354483604431,
        -0.2134302854537964,
        0.011048910208046436,
        0.976895809173584,
        0.08352553844451904
    ],
    [
        0.9638574123382568,
        0.0009400657727383077,
        0.2664167582988739,
        -0.02137865498661995,
        0.002487438963726163,
        0.9999184608459473,
        -0.012527461163699627,
        0.010876201093196869,
        -0.2664068341255188,
        0.01273738220334053,
        0.9637764692306519,
        0.10589991509914398
    ],
    [
        0.9496967792510986,
        0.001600683550350368,
        0.3131670653820038,
        -0.01799451932311058,
        0.002809075405821204,
        0.99990314245224,
        -0.013629459775984287,
        0.013489720411598682,
        -0.3131585419178009,
        0.013823562301695347,
        0.9496002197265625,
        0.13171932101249695
    ],
    [
        0.9347736835479736,
        0.0006189391133375466,
        0.35524314641952515,
        -0.01225610263645649,
        0.003002178156748414,
        0.9999490976333618,
        -0.009642028249800205,
        0.01794108934700489,
        -0.35523104667663574,
        0.01007961668074131,
        0.9347242712974548,
        0.1647372841835022
    ],
    [
        0.9193342924118042,
        -0.0006605045055039227,
        0.3934769034385681,
        -0.005669910926371813,
        0.0032222014851868153,
        0.9999777674674988,
        -0.005849873181432486,
        0.019228331744670868,
        -0.39346426725387573,
        0.006645850371569395,
        0.9193158149719238,
        0.20246641337871552
    ],
    [
        0.9037334322929382,
        -0.0015751788159832358,
        0.4280927777290344,
        0.003789581824094057,
        0.0029083036351948977,
        0.999992847442627,
        -0.002460131421685219,
        0.020140744745731354,
        -0.4280857741832733,
        0.003468327224254608,
        0.9037313461303711,
        0.2461392730474472
    ],
    [
        0.888923704624176,
        -0.0026161745190620422,
        0.4580477774143219,
        0.015392569825053215,
        0.002582347020506859,
        0.9999963641166687,
        0.0007000492769293487,
        0.021570025011897087,
        -0.4580479562282562,
        0.0005605482147075236,
        0.8889272212982178,
        0.2869345247745514
    ],
    [
        0.8764520883560181,
        -0.003076937049627304,
        0.48147937655448914,
        0.02694634161889553,
        0.0015245953109115362,
        0.9999923706054688,
        0.0036152717657387257,
        0.02236773818731308,
        -0.48148679733276367,
        -0.0024345514830201864,
        0.8764500021934509,
        0.3260743319988251
    ],
    [
        0.8661078214645386,
        -0.0037850176449865103,
        0.4998428225517273,
        0.04228733852505684,
        0.0007892436115071177,
        0.9999804496765137,
        0.006204697769135237,
        0.02349947579205036,
        -0.4998565912246704,
        -0.004979438614100218,
        0.8660939335823059,
        0.3614949584007263
    ],
    [
        0.8577856421470642,
        -0.004774882923811674,
        0.5139853358268738,
        0.06297637522220612,
        0.0003591436834540218,
        0.9999622106552124,
        0.008690196089446545,
        0.026770932599902153,
        -0.5140073895454407,
        -0.007269732654094696,
        0.8577550053596497,
        0.39666569232940674
    ],
    [
        0.849361777305603,
        -0.005029310937970877,
        0.5277870893478394,
        0.08298874646425247,
        -0.0002618121507111937,
        0.9999505281448364,
        0.009949910454452038,
        0.02837579883635044,
        -0.5278110504150391,
        -0.00858925562351942,
        0.8493183851242065,
        0.43567103147506714
    ],
    [
        0.8413006663322449,
        -0.005069301929324865,
        0.5405436754226685,
        0.10095652937889099,
        -0.001226760563440621,
        0.9999355673789978,
        0.011286874301731586,
        0.027700988575816154,
        -0.540566086769104,
        -0.010158773511648178,
        0.8412402272224426,
        0.47763463854789734
    ],
    [
        0.8357808589935303,
        -0.004928424954414368,
        0.5490411520004272,
        0.11453533172607422,
        -0.0021208063699305058,
        0.9999233484268188,
        0.012204140424728394,
        0.030930157750844955,
        -0.5490591526031494,
        -0.011364396661520004,
        0.8357061743736267,
        0.5199955701828003
    ],
    [
        0.8310821652412415,
        -0.004774536471813917,
        0.5561290979385376,
        0.12299371510744095,
        -0.003449665615335107,
        0.9998996257781982,
        0.013739639893174171,
        0.03787229210138321,
        -0.5561389327049255,
        -0.013337225653231144,
        0.8309823274612427,
        0.5671626925468445
    ],
    [
        0.8280761241912842,
        -0.004946351982653141,
        0.560593843460083,
        0.12895071506500244,
        -0.003834879258647561,
        0.9998876452445984,
        0.01448708027601242,
        0.03912310674786568,
        -0.5606025457382202,
        -0.014146215282380581,
        0.8279643058776855,
        0.6098443269729614
    ],
    [
        0.8250483274459839,
        -0.004513515159487724,
        0.5650442242622375,
        0.13617464900016785,
        -0.005143814254552126,
        0.9998667240142822,
        0.015497565269470215,
        0.04205504432320595,
        -0.565038800239563,
        -0.01569272018969059,
        0.8249150514602661,
        0.648580014705658
    ],
    [
        0.8223618268966675,
        -0.004632293246686459,
        0.5689460635185242,
        0.13893817365169525,
        -0.005745474249124527,
        0.9998483061790466,
        0.016445232555270195,
        0.0455295667052269,
        -0.5689358711242676,
        -0.016792794689536095,
        0.8222104907035828,
        0.6856729388237
    ],
    [
        0.8209549784660339,
        -0.00441121868789196,
        0.5709758400917053,
        0.1419282704591751,
        -0.0064064618200063705,
        0.9998361468315125,
        0.016935763880610466,
        0.048680488020181656,
        -0.5709569454193115,
        -0.01756143383681774,
        0.820792019367218,
        0.7267786860466003
    ],
    [
        0.819831132888794,
        -0.0045164902694523335,
        0.5725875496864319,
        0.14614945650100708,
        -0.007043030112981796,
        0.9998136162757874,
        0.017970602959394455,
        0.05392343923449516,
        -0.572562038898468,
        -0.018765611574053764,
        0.8196465373039246,
        0.7727524042129517
    ],
    [
        0.8190754652023315,
        -0.004695027135312557,
        0.5736666321754456,
        0.15583616495132446,
        -0.007592090871185064,
        0.9997901916503906,
        0.019022440537810326,
        0.060931552201509476,
        -0.5736355781555176,
        -0.01993614062666893,
        0.8188679218292236,
        0.8246623277664185
    ],
    [
        0.8182189464569092,
        -0.004608918447047472,
        0.574888288974762,
        0.16666491329669952,
        -0.008389822207391262,
        0.9997656345367432,
        0.019956136122345924,
        0.06445008516311646,
        -0.574845552444458,
        -0.021151699125766754,
        0.8179885745048523,
        0.873716413974762
    ],
    [
        0.8179120421409607,
        -0.004502850119024515,
        0.575325608253479,
        0.17248903214931488,
        -0.00940908957272768,
        0.9997309446334839,
        0.02120094560086727,
        0.06927668303251266,
        -0.5752663016319275,
        -0.022753801196813583,
        0.8176496624946594,
        0.9183747172355652
    ],
    [
        0.817247211933136,
        -0.004368713591247797,
        0.5762706398963928,
        0.17935208976268768,
        -0.010457785800099373,
        0.9996942281723022,
        0.022409562021493912,
        0.07940192520618439,
        -0.5761923789978027,
        -0.024340666830539703,
        0.8169516324996948,
        0.9707916975021362
    ],
    [
        0.8164146542549133,
        -0.0042768181301653385,
        0.577450156211853,
        0.1837293654680252,
        -0.011329729110002518,
        0.9996614456176758,
        0.023422157391905785,
        0.08534909039735794,
        -0.5773548483848572,
        -0.025664543733000755,
        0.816089928150177,
        1.0308645963668823
    ],
    [
        0.8155525922775269,
        -0.004101034253835678,
        0.5786684155464172,
        0.18872202932834625,
        -0.012033422477543354,
        0.9996383786201477,
        0.024043889716267586,
        0.08656659722328186,
        -0.5785577893257141,
        -0.026572423055768013,
        0.8152084946632385,
        1.0920040607452393
    ]
]