[
    [
        0.9984719157218933,
        0.025114405900239944,
        -0.04922519624233246,
        -0.09073569625616074,
        -0.02754881978034973,
        0.9983983039855957,
        -0.049416664987802505,
        -0.012628207914531231,
        0.04790527746081352,
        0.050697240978479385,
        0.997564435005188,
        -0.003851083805784583
    ],
    [
        0.9971916675567627,
        0.03260555490851402,
        -0.06742098927497864,
        -0.11502769589424133,
        -0.03698572516441345,
        0.9972142577171326,
        -0.06477399170398712,
        -0.015509343706071377,
        0.06512118130922318,
        0.06708569824695587,
        0.9956198334693909,
        -0.003120632376521826
    ],
    [
        0.9955083131790161,
        0.039734095335006714,
        -0.08593261986970901,
        -0.13968631625175476,
        -0.04662757366895676,
        0.9957230091094971,
        -0.07975997775793076,
        -0.019365696236491203,
        0.08239588141441345,
        0.08340855687856674,
        0.9931031465530396,
        -0.003369733924046159
    ],
    [
        0.9930680394172668,
        0.046910274773836136,
        -0.1077742651104927,
        -0.16945071518421173,
        -0.057493630796670914,
        0.9935941100120544,
        -0.09728960692882538,
        -0.022821372374892235,
        0.10251998901367188,
        0.10281152278184891,
        0.989403486251831,
        -0.003145813476294279
    ],
    [
        0.9905224442481995,
        0.05274653062224388,
        -0.1268194615840912,
        -0.1951867789030075,
        -0.06715359538793564,
        0.9914191961288452,
        -0.11215319484472275,
        -0.02584805339574814,
        0.11981555819511414,
        0.1196066290140152,
        0.9855650067329407,
        -0.002847404917702079
    ],
    [
        0.9870162606239319,
        0.05848337709903717,
        -0.14959466457366943,
        -0.2246626615524292,
        -0.07816072553396225,
        0.988528311252594,
        -0.1292387843132019,
        -0.029148496687412262,
        0.14032024145126343,
        0.13925321400165558,
        0.9802646636962891,
        -0.001858590985648334
    ],
    [
        0.983597457408905,
        0.06242062523961067,
        -0.16923271119594574,
        -0.24982599914073944,
        -0.08722586929798126,
        0.9858206510543823,
        -0.14335063099861145,
        -0.032523106783628464,
        0.15788504481315613,
        0.1557607650756836,
        0.9750953912734985,
        -0.0017469612648710608
    ],
    [
        0.9791433811187744,
        0.06561241298913956,
        -0.19228443503379822,
        -0.2800973355770111,
        -0.09727908670902252,
        0.9822824597358704,
        -0.16018064320087433,
        -0.03558016195893288,
        0.17836780846118927,
        0.17554506659507751,
        0.9681781530380249,
        -0.0005035302601754665
    ],
    [
        0.9748604893684387,
        0.06793779879808426,
        -0.21220597624778748,
        -0.30562451481819153,
        -0.1061837300658226,
        0.9789337515830994,
        -0.1743953675031662,
        -0.038627367466688156,
        0.19588755071163177,
        0.19254396855831146,
        0.9615377187728882,
        0.00030610975227318704
    ],
    [
        0.9693921208381653,
        0.0702800378203392,
        -0.23524372279644012,
        -0.33562904596328735,
        -0.11699891090393066,
        0.9745994806289673,
        -0.19096343219280243,
        -0.0420871302485466,
        0.21584749221801758,
        0.21264168620109558,
        0.952991783618927,
        0.0004530646256171167
    ],
    [
        0.9642483592033386,
        0.07190928608179092,
        -0.2550573945045471,
        -0.36102095246315,
        -0.12653428316116333,
        0.9706079363822937,
        -0.20471759140491486,
        -0.04539132118225098,
        0.2328396439552307,
        0.22967210412025452,
        0.9450060725212097,
        0.00040865401388145983
    ],
    [
        0.9577488899230957,
        0.07284196466207504,
        -0.27822864055633545,
        -0.3898148834705353,
        -0.13748228549957275,
        0.9656628966331482,
        -0.22044000029563904,
        -0.0487593449652195,
        0.2526177763938904,
        0.24937765300273895,
        0.9348769783973694,
        0.0003033507091458887
    ],
    [
        0.9517903327941895,
        0.07285444438457489,
        -0.29797226190567017,
        -0.41555505990982056,
        -0.1466888189315796,
        0.9612191319465637,
        -0.2335381805896759,
        -0.051561709493398666,
        0.2694023549556732,
        0.26598861813545227,
        0.9255659580230713,
        0.00041895732283592224
    ],
    [
        0.9453820586204529,
        0.07234062254428864,
        -0.3178356885910034,
        -0.4407583177089691,
        -0.15603752434253693,
        0.9565204977989197,
        -0.24641600251197815,
        -0.05424509197473526,
        0.2861905097961426,
        0.2825515866279602,
        0.9155651330947876,
        0.0005193456308916211
    ],
    [
        0.9373784065246582,
        0.07116572558879852,
        -0.3409651815891266,
        -0.4706713855266571,
        -0.16708657145500183,
        0.9507949352264404,
        -0.26090437173843384,
        -0.05758897587656975,
        0.3056204915046692,
        0.30153682827949524,
        0.903145432472229,
        0.00044201704440638423
    ],
    [
        0.930000364780426,
        0.06934018433094025,
        -0.3609589636325836,
        -0.4956912398338318,
        -0.17646710574626923,
        0.9456918835639954,
        -0.2729950249195099,
        -0.06025783345103264,
        0.322426438331604,
        0.3175828754901886,
        0.8917299509048462,
        0.0004453742294572294
    ],
    [
        0.9208735227584839,
        0.06634116172790527,
        -0.3841755986213684,
        -0.524768054485321,
        -0.18724510073661804,
        0.939581036567688,
        -0.28657764196395874,
        -0.0634104460477829,
        0.34195223450660706,
        0.3358367681503296,
        0.8776572942733765,
        0.0010819373419508338
    ],
    [
        0.9126337170600891,
        0.06282978504896164,
        -0.4039209485054016,
        -0.5501097440719604,
        -0.1961786150932312,
        0.9342094659805298,
        -0.2979371249675751,
        -0.06602180749177933,
        0.35862746834754944,
        0.3511480689048767,
        0.8649170398712158,
        0.001950601115822792
    ],
    [
        0.9025828242301941,
        0.0580783411860466,
        -0.4265808165073395,
        -0.5799039006233215,
        -0.20665127038955688,
        0.9276915192604065,
        -0.3109402060508728,
        -0.06854148209095001,
        0.37767648696899414,
        0.3688027560710907,
        0.8493202924728394,
        0.0030010282061994076
    ],
    [
        0.8936477303504944,
        0.05334505811333656,
        -0.44558727741241455,
        -0.6051855087280273,
        -0.21541042625904083,
        0.9220365881919861,
        -0.3216315805912018,
        -0.07103967666625977,
        0.3936903178691864,
        0.3834095001220703,
        0.8354669809341431,
        0.0037324661388993263
    ],
    [
        0.8831037282943726,
        0.04773533716797829,
        -0.4667430520057678,
        -0.635239839553833,
        -0.2256036251783371,
        0.9154573678970337,
        -0.3332277238368988,
        -0.07439108937978745,
        0.4113767147064209,
        0.39957359433174133,
        0.8192130923271179,
        0.0033788206055760384
    ],
    [
        0.8741365671157837,
        0.0424039289355278,
        -0.48382559418678284,
        -0.6602307558059692,
        -0.2338366061449051,
        0.9098648428916931,
        -0.34273356199264526,
        -0.07734007388353348,
        0.4256826341152191,
        0.4127320945262909,
        0.8052617311477661,
        0.005171133670955896
    ],
    [
        0.8638633489608765,
        0.03571996092796326,
        -0.5024582147598267,
        -0.6880043745040894,
        -0.24267658591270447,
        0.9036074280738831,
        -0.35298973321914673,
        -0.08132962882518768,
        0.4414162039756775,
        0.4268696904182434,
        0.7892616391181946,
        0.008770336396992207
    ],
    [
        0.8555689454078674,
        0.030132297426462173,
        -0.5168110728263855,
        -0.7099123597145081,
        -0.24963845312595367,
        0.8985802531242371,
        -0.36087968945503235,
        -0.08405386656522751,
        0.45352211594581604,
        0.4377734065055847,
        0.7763195633888245,
        0.011578785255551338
    ],
    [
        0.8468669056892395,
        0.02407708950340748,
        -0.5312595963478088,
        -0.7323121428489685,
        -0.25673747062683105,
        0.8933611512184143,
        -0.36877068877220154,
        -0.08657103031873703,
        0.46572771668434143,
        0.4486939311027527,
        0.7627394795417786,
        0.01394571177661419
    ]
]