[
    [
        0.999886155128479,
        0.005929116625338793,
        0.01388088334351778,
        0.02997986227273941,
        -0.005758340936154127,
        0.9999077320098877,
        -0.012310760095715523,
        -0.10693901032209396,
        -0.013952594250440598,
        0.012229427695274353,
        0.9998278617858887,
        0.12761229276657104
    ],
    [
        0.9980399012565613,
        0.010827990248799324,
        0.06163725629448891,
        0.038515929132699966,
        -0.010100256651639938,
        0.9998757839202881,
        -0.012106068432331085,
        -0.12920598685741425,
        -0.06176067888736725,
        0.011459785513579845,
        0.9980252981185913,
        0.23463383316993713
    ],
    [
        0.9832760095596313,
        0.020379582419991493,
        0.18097727000713348,
        0.05173676460981369,
        -0.01764027774333954,
        0.9997043609619141,
        -0.016732990741729736,
        -0.21310117840766907,
        -0.18126480281352997,
        0.01326066069304943,
        0.9833449721336365,
        0.30099454522132874
    ],
    [
        0.9483122229576111,
        0.0296888817101717,
        0.3159469664096832,
        0.09839583188295364,
        -0.02381175197660923,
        0.9994643926620483,
        -0.022446822375059128,
        -0.2756095826625824,
        -0.31644415855407715,
        0.013763345777988434,
        0.9485112428665161,
        0.33716994524002075
    ],
    [
        0.8964898586273193,
        0.03584165498614311,
        0.44161224365234375,
        0.14664243161678314,
        -0.02754061296582222,
        0.9993031620979309,
        -0.025195861235260963,
        -0.35504281520843506,
        -0.44220754504203796,
        0.010425562039017677,
        0.8968521356582642,
        0.3813919723033905
    ],
    [
        0.8354153037071228,
        0.04387384653091431,
        0.5478653907775879,
        0.16406311094760895,
        -0.03140765428543091,
        0.9989907741546631,
        -0.032108504325151443,
        -0.454904705286026,
        -0.5487211346626282,
        0.009616765193641186,
        0.8359500765800476,
        0.3850732147693634
    ],
    [
        0.754287600517273,
        0.052183911204338074,
        0.654466986656189,
        0.19155766069889069,
        -0.036184683442115784,
        0.9986253976821899,
        -0.0379217267036438,
        -0.5380058288574219,
        -0.655546247959137,
        0.004922208376228809,
        0.7551389932632446,
        0.42424190044403076
    ],
    [
        0.6564968824386597,
        0.05799020826816559,
        0.7520964741706848,
        0.19219200313091278,
        -0.038219038397073746,
        0.9983171820640564,
        -0.04361401125788689,
        -0.6581954956054688,
        -0.7533599734306335,
        -0.00011194194667041302,
        0.6576083898544312,
        0.4762548506259918
    ],
    [
        0.5717064142227173,
        0.05416906625032425,
        0.8186681270599365,
        0.23362614214420319,
        -0.038243718445301056,
        0.998492956161499,
        -0.03936057910323143,
        -0.7679280042648315,
        -0.8195664286613464,
        -0.008806215599179268,
        0.5729165077209473,
        0.515927791595459
    ],
    [
        0.49049076437950134,
        0.04126226156949997,
        0.8704690337181091,
        0.326083779335022,
        -0.037132084369659424,
        0.9989607930183411,
        -0.026429936289787292,
        -0.8669847249984741,
        -0.8706549406051636,
        -0.019358685240149498,
        0.491513192653656,
        0.6177383065223694
    ],
    [
        0.4371391534805298,
        0.025795722380280495,
        0.8990238308906555,
        0.3918304741382599,
        -0.03640808165073395,
        0.9992767572402954,
        -0.010969310067594051,
        -0.981259286403656,
        -0.8986566066741943,
        -0.02793661504983902,
        0.43776220083236694,
        0.7080443501472473
    ],
    [
        0.3872070610523224,
        0.002389108994975686,
        0.9219897985458374,
        0.5087757110595703,
        -0.03618048131465912,
        0.9992657899856567,
        0.012605342082679272,
        -1.0542515516281128,
        -0.9212826490402222,
        -0.038238901644945145,
        0.38700923323631287,
        0.8410479426383972
    ],
    [
        0.32136520743370056,
        -0.020425351336598396,
        0.9467350244522095,
        0.6405153274536133,
        -0.03650547191500664,
        0.9987569451332092,
        0.03393932804465294,
        -1.1334257125854492,
        -0.946251392364502,
        -0.045467913150787354,
        0.32022008299827576,
        1.0359679460525513
    ],
    [
        0.2683658301830292,
        -0.053006839007139206,
        0.9618574976921082,
        0.791246771812439,
        -0.035956740379333496,
        0.9972379803657532,
        0.06498879939317703,
        -1.1521432399749756,
        -0.9626458287239075,
        -0.05202605947852135,
        0.2657186686992645,
        1.1660069227218628
    ],
    [
        0.22729544341564178,
        -0.0810781866312027,
        0.9704448580741882,
        1.040313720703125,
        -0.03416406363248825,
        0.9952508211135864,
        0.09115245193243027,
        -1.089988350868225,
        -0.9732263684272766,
        -0.05387292057275772,
        0.2234461009502411,
        1.2885313034057617
    ],
    [
        0.20293699204921722,
        -0.09611544758081436,
        0.9744631052017212,
        1.2966501712799072,
        -0.033068880438804626,
        0.993930459022522,
        0.10492241382598877,
        -1.032555341720581,
        -0.9786333441734314,
        -0.053516995161771774,
        0.1985267847776413,
        1.381608486175537
    ],
    [
        0.16019555926322937,
        -0.10268677771091461,
        0.9817294478416443,
        1.585021734237671,
        -0.03224119916558266,
        0.9934991598129272,
        0.109178826212883,
        -0.9659338593482971,
        -0.9865586161613464,
        -0.04914213344454765,
        0.15584346652030945,
        1.4959511756896973
    ],
    [
        0.09995023161172867,
        -0.10424597561359406,
        0.9895164370536804,
        1.8439486026763916,
        -0.030974142253398895,
        0.9936885237693787,
        0.10781416296958923,
        -0.9413691759109497,
        -0.994510293006897,
        -0.04142557084560394,
        0.09609051793813705,
        1.5843441486358643
    ],
    [
        0.00338975852355361,
        -0.10562585294246674,
        0.9944002032279968,
        2.117980718612671,
        -0.02951744757592678,
        0.9939619898796082,
        0.10567992925643921,
        -0.9028801918029785,
        -0.9995585083961487,
        -0.02971036173403263,
        0.00025158896460197866,
        1.6359920501708984
    ],
    [
        -0.11182349920272827,
        -0.10607568174600601,
        0.9880502820014954,
        2.403132200241089,
        -0.028542792424559593,
        0.9942190051078796,
        0.10350759327411652,
        -0.8820788264274597,
        -0.9933180212974548,
        -0.01662706583738327,
        -0.1142047867178917,
        1.6572396755218506
    ],
    [
        -0.24398355185985565,
        -0.10253583639860153,
        0.9643434882164001,
        2.6479790210723877,
        -0.02723844163119793,
        0.9947270154953003,
        0.09887495636940002,
        -0.8625881671905518,
        -0.9693968296051025,
        -0.002143420744687319,
        -0.24549005925655365,
        1.6600072383880615
    ],
    [
        -0.3869088888168335,
        -0.0983504056930542,
        0.9168580770492554,
        2.9131274223327637,
        -0.02581099420785904,
        0.9950613379478455,
        0.09584708511829376,
        -0.8526921272277832,
        -0.9217567443847656,
        0.013419002294540405,
        -0.3875364661216736,
        1.6613025665283203
    ],
    [
        -0.4976479709148407,
        -0.09193287044763565,
        0.8624933958053589,
        3.143455982208252,
        -0.023745466023683548,
        0.9954385161399841,
        0.09240259230136871,
        -0.8461777567863464,
        -0.8670541048049927,
        0.02550363913178444,
        -0.49756088852882385,
        1.6365385055541992
    ],
    [
        -0.5923784971237183,
        -0.08680296689271927,
        0.8009700775146484,
        3.4222304821014404,
        -0.022387510165572166,
        0.9955684542655945,
        0.09133478254079819,
        -0.8459319472312927,
        -0.8053487539291382,
        0.03617303818464279,
        -0.591696560382843,
        1.6031497716903687
    ],
    [
        -0.6816235780715942,
        -0.07975154370069504,
        0.727343738079071,
        3.6826751232147217,
        -0.02133181132376194,
        0.9957857131958008,
        0.08919468522071838,
        -0.8688530325889587,
        -0.731391966342926,
        0.04528164491057396,
        -0.6804522275924683,
        1.5963350534439087
    ]
]