[
    [
        0.999904990196228,
        0.008590152487158775,
        0.010786610655486584,
        0.24753962457180023,
        -0.008700049482285976,
        0.9999103546142578,
        0.01018308661878109,
        -0.034389425069093704,
        -0.010698169469833374,
        -0.010275963693857193,
        0.9998899698257446,
        0.3581308126449585
    ],
    [
        0.9998856782913208,
        0.00961238145828247,
        0.011676308698952198,
        0.3202041983604431,
        -0.009735231287777424,
        0.9998974204063416,
        0.010510336607694626,
        -0.03902144730091095,
        -0.01157408207654953,
        -0.010622805915772915,
        0.9998764991760254,
        0.44880229234695435
    ],
    [
        0.9998756051063538,
        0.011537040583789349,
        0.010754495859146118,
        0.3990447521209717,
        -0.011653518304228783,
        0.9998734593391418,
        0.010831516236066818,
        -0.04787081480026245,
        -0.01062817219644785,
        -0.010955496691167355,
        0.9998834133148193,
        0.5335389375686646
    ],
    [
        0.999845027923584,
        0.014682707376778126,
        0.009711947292089462,
        0.49580657482147217,
        -0.014816627837717533,
        0.9997941255569458,
        0.013864081352949142,
        -0.059153854846954346,
        -0.009506385773420334,
        -0.014005831442773342,
        0.99985671043396,
        0.6333364844322205
    ],
    [
        0.9998342990875244,
        0.016502566635608673,
        0.007681048475205898,
        0.5677341818809509,
        -0.01662912406027317,
        0.9997220635414124,
        0.01671515218913555,
        -0.0620700977742672,
        -0.007403070572763681,
        -0.01684010960161686,
        0.9998307228088379,
        0.7108691334724426
    ],
    [
        0.9998176097869873,
        0.018060434609651566,
        0.006218150723725557,
        0.6563120484352112,
        -0.01816972717642784,
        0.9996730089187622,
        0.017992794513702393,
        -0.06138976290822029,
        -0.00589115871116519,
        -0.01810249499976635,
        0.999818742275238,
        0.8372254371643066
    ],
    [
        0.9997497200965881,
        0.02162885293364525,
        0.005725025665014982,
        0.7804743647575378,
        -0.021739164367318153,
        0.9995642900466919,
        0.019963497295975685,
        -0.06879378855228424,
        -0.005290754605084658,
        -0.020082956179976463,
        0.9997843503952026,
        1.0979435443878174
    ],
    [
        0.9997333288192749,
        0.02299574762582779,
        0.002128944266587496,
        0.8655742406845093,
        -0.023031089454889297,
        0.9995651841163635,
        0.018412970006465912,
        -0.06645713746547699,
        -0.0017045780550688505,
        -0.018457092344760895,
        0.9998281598091125,
        1.2418063879013062
    ],
    [
        0.9997458457946777,
        0.022519651800394058,
        0.0010889522964134812,
        0.9154013395309448,
        -0.022535337135195732,
        0.999591052532196,
        0.01759837195277214,
        -0.0669412612915039,
        -0.0006922023603692651,
        -0.017618436366319656,
        0.9998444318771362,
        1.3254945278167725
    ],
    [
        0.9997130036354065,
        0.023933034390211105,
        -0.0009677024208940566,
        1.0011227130889893,
        -0.02391550876200199,
        0.9995977282524109,
        0.015246730297803879,
        -0.06414917856454849,
        0.0013320569414645433,
        -0.015219212509691715,
        0.9998832941055298,
        1.4712309837341309
    ],
    [
        0.9997409582138062,
        0.022518325597047806,
        -0.0032896094489842653,
        1.0506852865219116,
        -0.022465316578745842,
        0.9996297955513,
        0.015348540619015694,
        -0.060432542115449905,
        0.0036339417565613985,
        -0.015270660631358624,
        0.9998766779899597,
        1.552219271659851
    ],
    [
        0.9997485280036926,
        0.021666010841727257,
        -0.005787687376141548,
        1.1018328666687012,
        -0.021565794944763184,
        0.9996254444122314,
        0.016849778592586517,
        -0.05692940950393677,
        0.006150702014565468,
        -0.01672072894871235,
        0.9998412728309631,
        1.6500096321105957
    ],
    [
        0.9997669458389282,
        0.01937505230307579,
        -0.009521898813545704,
        1.1424590349197388,
        -0.019215811043977737,
        0.9996784925460815,
        0.016539283096790314,
        -0.04772671312093735,
        0.009839306585490704,
        -0.016352452337741852,
        0.9998179078102112,
        1.7287286520004272
    ],
    [
        0.9997807145118713,
        0.01720600202679634,
        -0.011930500157177448,
        1.1748530864715576,
        -0.01699802465736866,
        0.99970543384552,
        0.017319634556770325,
        -0.04337182641029358,
        0.012225019745528698,
        -0.01711304299533367,
        0.9997788071632385,
        1.8101521730422974
    ],
    [
        0.9997409582138062,
        0.016541047021746635,
        -0.015635373070836067,
        1.2098760604858398,
        -0.01630270481109619,
        0.9997508525848389,
        0.015250369906425476,
        -0.028719209134578705,
        0.015883848071098328,
        -0.014991522766649723,
        0.9997614026069641,
        1.9142560958862305
    ],
    [
        0.9996886253356934,
        0.015506045892834663,
        -0.019551681354641914,
        1.2296710014343262,
        -0.015178189612925053,
        0.9997435808181763,
        0.016807101666927338,
        -0.03042534366250038,
        0.019807329401373863,
        -0.016505103558301926,
        0.9996675848960876,
        1.995434045791626
    ],
    [
        0.9995474219322205,
        0.014733110554516315,
        -0.02622668258845806,
        1.2564111948013306,
        -0.014311975799500942,
        0.9997668266296387,
        0.016173405572772026,
        -0.027921216562390327,
        0.026458794251084328,
        -0.015790732577443123,
        0.9995251297950745,
        2.0828943252563477
    ],
    [
        0.9993695020675659,
        0.013293202966451645,
        -0.0329231433570385,
        1.2744077444076538,
        -0.012740647420287132,
        0.9997752904891968,
        0.016936566680669785,
        -0.02581474743783474,
        0.03314082324504852,
        -0.01650642231106758,
        0.9993143677711487,
        2.148019790649414
    ],
    [
        0.9990381598472595,
        0.010950460098683834,
        -0.04246094450354576,
        1.2993067502975464,
        -0.010249674320220947,
        0.9998081922531128,
        0.016686882823705673,
        -0.01977727748453617,
        0.04263555258512497,
        -0.01623562164604664,
        0.9989588260650635,
        2.236429452896118
    ],
    [
        0.9985568523406982,
        0.008484317921102047,
        -0.05302960053086281,
        1.3149558305740356,
        -0.007581096142530441,
        0.9998232126235962,
        0.017210379242897034,
        -0.01702079363167286,
        0.05316634848713875,
        -0.016783520579338074,
        0.9984446167945862,
        2.306330442428589
    ],
    [
        0.9974802136421204,
        0.006343065295368433,
        -0.07066051661968231,
        1.3314075469970703,
        -0.004942005500197411,
        0.9997879862785339,
        0.01998528465628624,
        -0.02133057825267315,
        0.07077211886644363,
        -0.01958572305738926,
        0.9973002076148987,
        2.3885748386383057
    ],
    [
        0.9962564706802368,
        0.006029818672686815,
        -0.08623604476451874,
        1.3410000801086426,
        -0.004170560277998447,
        0.9997553825378418,
        0.021724054589867592,
        -0.02580048143863678,
        0.08634587377309799,
        -0.021283075213432312,
        0.9960378408432007,
        2.4458730220794678
    ],
    [
        0.9941088557243347,
        0.0055174450390040874,
        -0.10824619233608246,
        1.3421167135238647,
        -0.002862190129235387,
        0.9996916055679321,
        0.02466982789337635,
        -0.024329233914613724,
        0.10834898054599762,
        -0.024214673787355423,
        0.993817925453186,
        2.5107734203338623
    ],
    [
        0.9919096231460571,
        0.006169761531054974,
        -0.12679630517959595,
        1.3390872478485107,
        -0.0030702794902026653,
        0.9996920824050903,
        0.02462548017501831,
        -0.016681566834449768,
        0.12690916657447815,
        -0.02403695322573185,
        0.9916231036186218,
        2.560152292251587
    ],
    [
        0.9879092574119568,
        0.007141456473618746,
        -0.15486837923526764,
        1.3282523155212402,
        -0.0028952935244888067,
        0.9996141791343689,
        0.027626127004623413,
        -0.017659876495599747,
        0.15500590205192566,
        -0.026843713596463203,
        0.9875487685203552,
        2.620286703109741
    ]
]