[
    [
        0.9923114776611328,
        -0.011938666924834251,
        0.12318800389766693,
        0.11589770019054413,
        0.010067193768918514,
        0.9998244643211365,
        0.01580330915749073,
        -0.012689566239714622,
        -0.12335504591464996,
        -0.014441649429500103,
        0.9922575950622559,
        0.2298477441072464
    ],
    [
        0.9891946911811829,
        -0.016894467175006866,
        0.1456318497657776,
        0.19346508383750916,
        0.01434503123164177,
        0.9997252821922302,
        0.01853851228952408,
        -0.02188429795205593,
        -0.1459050327539444,
        -0.016249101608991623,
        0.9891651272773743,
        0.32636353373527527
    ],
    [
        0.986027717590332,
        -0.018861074000597,
        0.1655101627111435,
        0.26587650179862976,
        0.015588765032589436,
        0.9996569752693176,
        0.02104795351624489,
        -0.02950691059231758,
        -0.16585034132003784,
        -0.018173769116401672,
        0.9859834313392639,
        0.4310842752456665
    ],
    [
        0.9824661016464233,
        -0.022029533982276917,
        0.18513530492782593,
        0.3384677469730377,
        0.017850317060947418,
        0.9995476007461548,
        0.024210572242736816,
        -0.03715267404913902,
        -0.1855848878622055,
        -0.02048134244978428,
        0.9824146628379822,
        0.5480949282646179
    ],
    [
        0.9793369770050049,
        -0.023897944018244743,
        0.20081844925880432,
        0.416159063577652,
        0.018768463283777237,
        0.9994481205940247,
        0.027408365160226822,
        -0.04807474836707115,
        -0.20136260986328125,
        -0.023072972893714905,
        0.9792449474334717,
        0.6574293971061707
    ],
    [
        0.9770627021789551,
        -0.025179529562592506,
        0.2114577442407608,
        0.5009205341339111,
        0.019669532775878906,
        0.9994110465049744,
        0.02812064066529274,
        -0.056348640471696854,
        -0.21204125881195068,
        -0.02331635169684887,
        0.9769824743270874,
        0.7675164937973022
    ],
    [
        0.9748557209968567,
        -0.02458399347960949,
        0.2214764952659607,
        0.6029340028762817,
        0.018902206793427467,
        0.999436616897583,
        0.027737533673644066,
        -0.06763463467359543,
        -0.22203360497951508,
        -0.022853700444102287,
        0.9747710824012756,
        0.9066533446311951
    ],
    [
        0.9728330373764038,
        -0.023603370413184166,
        0.23030145466327667,
        0.6838392019271851,
        0.017671171575784683,
        0.9994576573371887,
        0.027787355706095695,
        -0.08083423972129822,
        -0.23083241283893585,
        -0.022962763905525208,
        0.9727225303649902,
        1.0400041341781616
    ],
    [
        0.970914363861084,
        -0.02486690878868103,
        0.23813217878341675,
        0.7526469230651855,
        0.018729031085968018,
        0.999432384967804,
        0.0280033927410841,
        -0.09450036287307739,
        -0.23869335651397705,
        -0.02272891253232956,
        0.9708291292190552,
        1.1774816513061523
    ],
    [
        0.9717203974723816,
        -0.025314195081591606,
        0.23477357625961304,
        0.8301029801368713,
        0.01966574415564537,
        0.999458909034729,
        0.026369605213403702,
        -0.10504564642906189,
        -0.23531407117843628,
        -0.021006884053349495,
        0.9716923832893372,
        1.3072320222854614
    ],
    [
        0.9745982885360718,
        -0.026782119646668434,
        0.22235317528247833,
        0.9139975309371948,
        0.02122085727751255,
        0.9994003176689148,
        0.02736298367381096,
        -0.11952236294746399,
        -0.2229526787996292,
        -0.021949388086795807,
        0.9745821952819824,
        1.4341920614242554
    ],
    [
        0.9782317876815796,
        -0.0282992422580719,
        0.2055761069059372,
        0.9919745326042175,
        0.023285796865820885,
        0.9993704557418823,
        0.026766331866383553,
        -0.13094903528690338,
        -0.20620417594909668,
        -0.02139667607843876,
        0.9782750606536865,
        1.5575158596038818
    ],
    [
        0.9825977683067322,
        -0.027331238612532616,
        0.1837240755558014,
        1.0686988830566406,
        0.02243739925324917,
        0.9993372559547424,
        0.028663568198680878,
        -0.14410319924354553,
        -0.1843857318162918,
        -0.024042466655373573,
        0.9825598001480103,
        1.7064779996871948
    ],
    [
        0.9866615533828735,
        -0.02388649620115757,
        0.16102278232574463,
        1.1277636289596558,
        0.019097905606031418,
        0.9993300437927246,
        0.0312211737036705,
        -0.15890446305274963,
        -0.16166067123413086,
        -0.02772953175008297,
        0.9864567518234253,
        1.8303345441818237
    ],
    [
        0.9915545582771301,
        -0.019732896238565445,
        0.1281803548336029,
        1.203747034072876,
        0.01579526998102665,
        0.999373733997345,
        0.03166373074054718,
        -0.16997858881950378,
        -0.12872491776943207,
        -0.02937166951596737,
        0.9912453293800354,
        1.9590083360671997
    ],
    [
        0.9962601661682129,
        -0.013510371558368206,
        0.08534181863069534,
        1.284043312072754,
        0.010806792415678501,
        0.9994275569915771,
        0.03206224739551544,
        -0.1833248883485794,
        -0.08572623878717422,
        -0.031020063906908035,
        0.9958356618881226,
        2.0892739295959473
    ],
    [
        0.9988298416137695,
        -0.004947728477418423,
        0.048108045011758804,
        1.3275096416473389,
        0.0035104448907077312,
        0.9995463490486145,
        0.029914481565356255,
        -0.19404236972332,
        -0.04823438078165054,
        -0.029710590839385986,
        0.9983941316604614,
        2.209134578704834
    ],
    [
        0.9999727010726929,
        0.005033085588365793,
        0.00542262801900506,
        1.3627796173095703,
        -0.005173576530069113,
        0.9996429085731506,
        0.026214303448796272,
        -0.20525948703289032,
        -0.00528859905898571,
        -0.026241645216941833,
        0.9996415972709656,
        2.323071002960205
    ],
    [
        0.9988229870796204,
        0.013357764109969139,
        -0.046629272401332855,
        1.3858892917633057,
        -0.012297079898416996,
        0.9996607899665833,
        0.02296086587011814,
        -0.22214508056640625,
        0.04692012444138527,
        -0.022360440343618393,
        0.9986483454704285,
        2.4414987564086914
    ],
    [
        0.9944241046905518,
        0.017184613272547722,
        -0.10404513031244278,
        1.4096533060073853,
        -0.015058443881571293,
        0.9996619820594788,
        0.021186145022511482,
        -0.2405346781015396,
        0.10437414050102234,
        -0.019501253962516785,
        0.9943468570709229,
        2.5566599369049072
    ],
    [
        0.986956775188446,
        0.02206793986260891,
        -0.1594652384519577,
        1.4131046533584595,
        -0.019210580736398697,
        0.9996265769004822,
        0.019438020884990692,
        -0.25492340326309204,
        0.15983465313911438,
        -0.016121072694659233,
        0.9870122075080872,
        2.6674556732177734
    ],
    [
        0.9768014550209045,
        0.02814488112926483,
        -0.2122894525527954,
        1.4017668962478638,
        -0.024475090205669403,
        0.999502420425415,
        0.019895393401384354,
        -0.27116858959198,
        0.21274377405643463,
        -0.014238042756915092,
        0.9770042896270752,
        2.773542881011963
    ],
    [
        0.9637784957885742,
        0.03489168733358383,
        -0.26441168785095215,
        1.3842545747756958,
        -0.030887316912412643,
        0.9993366599082947,
        0.019288063049316406,
        -0.2841728627681732,
        0.2649093568325043,
        -0.010422462597489357,
        0.9642171263694763,
        2.8723928928375244
    ],
    [
        0.9456363916397095,
        0.04121534898877144,
        -0.3226037621498108,
        1.3747605085372925,
        -0.03719770535826683,
        0.9991345405578613,
        0.01861160807311535,
        -0.2976485788822174,
        0.3230917155742645,
        -0.005599688272923231,
        0.9463511109352112,
        2.9536001682281494
    ],
    [
        0.9135103225708008,
        0.04752475395798683,
        -0.4040302336215973,
        1.3946762084960938,
        -0.04230797290802002,
        0.998866081237793,
        0.021835260093212128,
        -0.3207535147666931,
        0.4046098589897156,
        -0.0028530308045446873,
        0.9144849181175232,
        3.047581672668457
    ]
]