[
    [
        0.9999982118606567,
        -0.0016966203693300486,
        -0.0009152113343589008,
        -0.09081683307886124,
        0.0016951046418398619,
        0.9999971389770508,
        -0.0016540454234927893,
        0.001951006823219359,
        0.0009180147899314761,
        0.0016524915117770433,
        0.9999982118606567,
        0.0021965373307466507
    ],
    [
        0.9999982714653015,
        -0.0017170225037261844,
        -0.00073954404797405,
        -0.09762450307607651,
        0.0017158854752779007,
        0.9999973177909851,
        -0.001534615526907146,
        0.001645218930207193,
        0.0007421770715154707,
        0.0015333432238548994,
        0.9999985694885254,
        0.001956518040969968
    ],
    [
        0.9999984502792358,
        -0.0017224980983883142,
        -0.00027283161762170494,
        -0.10521268099546432,
        0.0017220870358869433,
        0.9999973773956299,
        -0.0014996330719441175,
        0.0015470819780603051,
        0.0002754144079517573,
        0.0014991607749834657,
        0.9999988079071045,
        0.001959326909855008
    ],
    [
        0.9999982118606567,
        -0.0018961027963086963,
        -0.00019092860748060048,
        -0.11220364272594452,
        0.0018957839347422123,
        0.9999967813491821,
        -0.0016565498663112521,
        0.001655228086747229,
        0.00019406835781410336,
        0.0016561849042773247,
        0.9999985694885254,
        0.0016932704020291567
    ],
    [
        0.9999979734420776,
        -0.00204246467910707,
        7.499986531911418e-05,
        -0.1218758299946785,
        0.002042581560090184,
        0.9999966025352478,
        -0.001600813353434205,
        0.0014342984650284052,
        -7.173015910666436e-05,
        0.0016009630635380745,
        0.9999988079071045,
        0.001444334746338427
    ],
    [
        0.9999979138374329,
        -0.0020294690039008856,
        0.0003849614004138857,
        -0.13018745183944702,
        0.002030115108937025,
        0.9999964237213135,
        -0.0016851871041581035,
        0.0016031762352213264,
        -0.00038154065259732306,
        0.0016859648749232292,
        0.9999985694885254,
        0.0015319612575694919
    ],
    [
        0.9999974966049194,
        -0.0021811570040881634,
        0.0006075621349737048,
        -0.13867494463920593,
        0.0021821921691298485,
        0.9999961256980896,
        -0.0017081476980820298,
        0.001574789173901081,
        -0.0006038339924998581,
        0.0017094695940613747,
        0.9999984502792358,
        0.0012951758690178394
    ],
    [
        0.9999971389770508,
        -0.0022369297221302986,
        0.0008392343297600746,
        -0.14760418236255646,
        0.0022383364848792553,
        0.9999961256980896,
        -0.001680017332546413,
        0.001624898286536336,
        -0.0008354735909961164,
        0.0016818905714899302,
        0.9999982118606567,
        0.0010506972903385758
    ],
    [
        0.9999967217445374,
        -0.0023217068519443274,
        0.001051581697538495,
        -0.15860861539840698,
        0.0023236519191414118,
        0.9999955892562866,
        -0.0018521116580814123,
        0.0019315928220748901,
        -0.001047277357429266,
        0.0018545485800132155,
        0.9999977350234985,
        0.000959174707531929
    ],
    [
        0.9999964833259583,
        -0.002347288653254509,
        0.0011995251988992095,
        -0.16719457507133484,
        0.0023494279012084007,
        0.9999955892562866,
        -0.0017850010190159082,
        0.0017269073287025094,
        -0.0011953299399465322,
        0.0017878130311146379,
        0.9999977350234985,
        0.0008099785191006958
    ],
    [
        0.9999960064888,
        -0.0024481795262545347,
        0.0014469327870756388,
        -0.17590759694576263,
        0.002450954634696245,
        0.9999951124191284,
        -0.001919673290103674,
        0.002028901129961014,
        -0.001442225300706923,
        0.0019232116173952818,
        0.9999971389770508,
        0.0007521323277615011
    ],
    [
        0.9999953508377075,
        -0.0025110365822911263,
        0.0017150775529444218,
        -0.18446068465709686,
        0.002513950690627098,
        0.9999954104423523,
        -0.0016987404087558389,
        0.0016037214081734419,
        -0.0017108035972341895,
        0.0017030439339578152,
        0.9999971389770508,
        0.0006502525066025555
    ],
    [
        0.9999943375587463,
        -0.002632673131301999,
        0.0020654492545872927,
        -0.19528105854988098,
        0.0026360268238931894,
        0.999995231628418,
        -0.0016228024614974856,
        0.0014111064374446869,
        -0.0020611677318811417,
        0.0016282385913655162,
        0.999996542930603,
        0.0006093803094699979
    ],
    [
        0.9999935626983643,
        -0.0027132725808769464,
        0.0023444737307727337,
        -0.20425398647785187,
        0.0027169757522642612,
        0.9999951124191284,
        -0.001577582210302353,
        0.001217452809214592,
        -0.0023401817306876183,
        0.0015839417465031147,
        0.9999959468841553,
        0.0004289294593036175
    ],
    [
        0.9999926090240479,
        -0.0028648453298956156,
        0.0025628707371652126,
        -0.21307936310768127,
        0.002869170857593417,
        0.9999945163726807,
        -0.0016853453125804663,
        0.0013870279071852565,
        -0.002558028558269143,
        0.0016926859971135855,
        0.9999953508377075,
        0.0002690537949092686
    ],
    [
        0.9999923706054688,
        -0.0029863363597542048,
        0.0025217835791409016,
        -0.22144542634487152,
        0.00299078575335443,
        0.9999940395355225,
        -0.001762603409588337,
        0.0015189637197181582,
        -0.00251650414429605,
        0.0017701315227895975,
        0.999995231628418,
        0.00012714123295154423
    ],
    [
        0.9999908208847046,
        -0.0031589462887495756,
        0.0029119173996150494,
        -0.23233139514923096,
        0.003163621062412858,
        0.9999937415122986,
        -0.0016018744790926576,
        0.001339743728749454,
        -0.0029068393632769585,
        0.00161107222083956,
        0.9999943971633911,
        0.00017016203491948545
    ],
    [
        0.9999900460243225,
        -0.003242539707571268,
        0.0030717512127012014,
        -0.24043282866477966,
        0.003247338579967618,
        0.9999935030937195,
        -0.001558449468575418,
        0.0012443470768630505,
        -0.0030666785314679146,
        0.0015684094978496432,
        0.9999940395355225,
        4.6468558139167726e-05
    ],
    [
        0.9999887943267822,
        -0.0032319414895027876,
        0.003477397607639432,
        -0.24943333864212036,
        0.0032370383851230145,
        0.9999936819076538,
        -0.0014609518693760037,
        0.000976025068666786,
        -0.0034726543817669153,
        0.0014721918851137161,
        0.999992847442627,
        0.00010258766997139901
    ],
    [
        0.9999874234199524,
        -0.0032949435990303755,
        0.0037718131206929684,
        -0.2588120102882385,
        0.0033003324642777443,
        0.9999935626983643,
        -0.0014232576359063387,
        0.0008827535202726722,
        -0.003767098067328334,
        0.0014356884639710188,
        0.9999918937683105,
        -0.00019219295063521713
    ],
    [
        0.9999858736991882,
        -0.0035063589457422495,
        0.004001669120043516,
        -0.2705734074115753,
        0.0035119287203997374,
        0.9999929070472717,
        -0.0013858132297173142,
        0.0005678540910594165,
        -0.003996781539171934,
        0.0013998469803482294,
        0.9999910593032837,
        -0.000548799813259393
    ],
    [
        0.9999849796295166,
        -0.003560461103916168,
        0.004182158038020134,
        -0.280165433883667,
        0.003566672559827566,
        0.9999925494194031,
        -0.0014788927510380745,
        0.0007936024921946228,
        -0.004176860209554434,
        0.0014937870437279344,
        0.9999901056289673,
        -0.0006783310673199594
    ],
    [
        0.9999834299087524,
        -0.0037550562992691994,
        0.004363575950264931,
        -0.29001903533935547,
        0.0037617820780724287,
        0.999991774559021,
        -0.0015339546371251345,
        0.000863937137182802,
        -0.004357779864221811,
        0.0015503444010391831,
        0.9999892711639404,
        -0.0010384757770225406
    ],
    [
        0.9999822974205017,
        -0.004040013533085585,
        0.004359952639788389,
        -0.30006012320518494,
        0.0040474627166986465,
        0.9999904036521912,
        -0.0017012183088809252,
        0.0011966065503656864,
        -0.004353036638349295,
        0.0017188346246257424,
        0.9999890327453613,
        -0.000883541360963136
    ],
    [
        0.9999812245368958,
        -0.004204553551971912,
        0.004462151788175106,
        -0.3129122257232666,
        0.0042113191448152065,
        0.999989926815033,
        -0.0015078287106007338,
        0.0009428301709704101,
        -0.004455767571926117,
        0.0015265920665115118,
        0.9999889135360718,
        -0.0015808029565960169
    ]
]