[
    [
        0.9791855812072754,
        -0.042920079082250595,
        0.1983765810728073,
        0.28240635991096497,
        0.04111219942569733,
        0.9990670680999756,
        0.013225135393440723,
        -0.19602887332439423,
        -0.19875913858413696,
        -0.0047941654920578,
        0.980036735534668,
        -0.0026191554497927427
    ],
    [
        0.9293257594108582,
        -0.07931679487228394,
        0.360641747713089,
        0.4078565537929535,
        0.0761859193444252,
        0.9968303442001343,
        0.022914273664355278,
        -0.3352220058441162,
        -0.36131608486175537,
        0.006180997006595135,
        0.932422935962677,
        0.12538710236549377
    ],
    [
        0.8631675243377686,
        -0.10813678801059723,
        0.4932020306587219,
        0.5121567845344543,
        0.10307230055332184,
        0.993965208530426,
        0.03754148259758949,
        -0.4658251702785492,
        -0.4942852854728699,
        0.018430879339575768,
        0.8691043257713318,
        0.32090437412261963
    ],
    [
        0.8147721886634827,
        -0.12519535422325134,
        0.5661028027534485,
        0.6405653357505798,
        0.11861291527748108,
        0.9917498230934143,
        0.048613015562295914,
        -0.5535176992416382,
        -0.5675185322761536,
        0.02753857709467411,
        0.8228998184204102,
        0.541447103023529
    ],
    [
        0.7869840264320374,
        -0.1338857263326645,
        0.602271318435669,
        0.8497713804244995,
        0.12591661512851715,
        0.9904786348342896,
        0.055650342255830765,
        -0.5972945094108582,
        -0.6039877533912659,
        0.03204004094004631,
        0.7963493466377258,
        0.8211597204208374
    ],
    [
        0.77687668800354,
        -0.13739700615406036,
        0.6144792437553406,
        1.0826925039291382,
        0.12937599420547485,
        0.9899110794067383,
        0.057775165885686874,
        -0.6122835278511047,
        -0.6162179112434387,
        0.034614697098731995,
        0.7868145704269409,
        1.0529389381408691
    ],
    [
        0.7651352882385254,
        -0.14032772183418274,
        0.6283917427062988,
        1.2528210878372192,
        0.13315239548683167,
        0.9893494248390198,
        0.05880655720829964,
        -0.6274203062057495,
        -0.6299511790275574,
        0.038676898926496506,
        0.7756710648536682,
        1.2340964078903198
    ],
    [
        0.7392469048500061,
        -0.1459372192621231,
        0.6574316024780273,
        1.3499466180801392,
        0.13966470956802368,
        0.9882356524467468,
        0.06232383847236633,
        -0.6092447638511658,
        -0.6587926149368286,
        0.04574728384613991,
        0.7509323954582214,
        1.499670386314392
    ],
    [
        0.6998840570449829,
        -0.15428803861141205,
        0.6973934173583984,
        1.408323884010315,
        0.14785978198051453,
        0.9865373373031616,
        0.06986905634403229,
        -0.5797668695449829,
        -0.6987845301628113,
        0.05421619117259979,
        0.7132746577262878,
        1.8192030191421509
    ],
    [
        0.6362398266792297,
        -0.1654631346464157,
        0.7535388469696045,
        1.415923833847046,
        0.15896032750606537,
        0.9838881492614746,
        0.08182767033576965,
        -0.5938110947608948,
        -0.7549374103546143,
        0.06772077828645706,
        0.6522908210754395,
        2.15948224067688
    ],
    [
        0.5814402103424072,
        -0.17387787997722626,
        0.794791579246521,
        1.395613670349121,
        0.16721618175506592,
        0.981579601764679,
        0.09241253137588501,
        -0.5769617557525635,
        -0.7962197065353394,
        0.07916974276304245,
        0.5998051762580872,
        2.4110686779022217
    ],
    [
        0.5394473075866699,
        -0.18072716891765594,
        0.8223954439163208,
        1.415928840637207,
        0.1733168214559555,
        0.9796125292778015,
        0.10159014910459518,
        -0.573962390422821,
        -0.8239889740943909,
        0.08773244917392731,
        0.5597723722457886,
        2.7049686908721924
    ],
    [
        0.49571534991264343,
        -0.18612048029899597,
        0.8483075499534607,
        1.4566725492477417,
        0.17920304834842682,
        0.977667510509491,
        0.1097835972905159,
        -0.6076014041900635,
        -0.8497956395149231,
        0.0975978672504425,
        0.517998218536377,
        2.973778486251831
    ],
    [
        0.4482278525829315,
        -0.19213251769542694,
        0.8730273246765137,
        1.4958833456039429,
        0.1845913678407669,
        0.9754735231399536,
        0.1199059784412384,
        -0.6242666840553284,
        -0.8746529221534729,
        0.10740816593170166,
        0.4727003276348114,
        3.1709771156311035
    ],
    [
        0.39382481575012207,
        -0.19823478162288666,
        0.8975551128387451,
        1.613299012184143,
        0.1894417554140091,
        0.9730090498924255,
        0.13177736103534698,
        -0.6939616203308105,
        -0.8994520306587219,
        0.11813721805810928,
        0.4207489788532257,
        3.4144997596740723
    ],
    [
        0.34777820110321045,
        -0.204435333609581,
        0.9150172472000122,
        1.750415563583374,
        0.19234490394592285,
        0.9707375168800354,
        0.14377832412719727,
        -0.7333874106407166,
        -0.9176347851753235,
        0.1259959191083908,
        0.37692341208457947,
        3.6176252365112305
    ],
    [
        0.32635146379470825,
        -0.20505350828170776,
        0.9227392673492432,
        1.9914246797561646,
        0.19354204833507538,
        0.9700008630752563,
        0.14710475504398346,
        -0.7617263197898865,
        -0.9252222180366516,
        0.13058100640773773,
        0.35624760389328003,
        3.8604276180267334
    ],
    [
        0.3170495927333832,
        -0.2063864916563034,
        0.9256804585456848,
        2.2339510917663574,
        0.19370557367801666,
        0.9695520401000977,
        0.14982296526432037,
        -0.8226249814033508,
        -0.9284166693687439,
        0.13180814683437347,
        0.3473741412162781,
        4.150196552276611
    ],
    [
        0.3092433214187622,
        -0.2068120688199997,
        0.9282227158546448,
        2.4566357135772705,
        0.19307786226272583,
        0.9693918228149414,
        0.15165962278842926,
        -0.9443483948707581,
        -0.9311763644218445,
        0.13231950998306274,
        0.3397086560726166,
        4.4951276779174805
    ],
    [
        0.30679500102996826,
        -0.20648817718029022,
        0.9291068911552429,
        2.707465887069702,
        0.19346220791339874,
        0.9693328738212585,
        0.15154609084129333,
        -1.0104038715362549,
        -0.9319062232971191,
        0.13325347006320953,
        0.33733412623405457,
        4.807387828826904
    ],
    [
        0.30187147855758667,
        -0.2072654813528061,
        0.9305453300476074,
        2.9515762329101562,
        0.193960502743721,
        0.9690185189247131,
        0.15291349589824677,
        -1.0594643354415894,
        -0.9334093332290649,
        0.13432881236076355,
        0.33272039890289307,
        5.106777191162109
    ],
    [
        0.273038387298584,
        -0.20838680863380432,
        0.9391617774963379,
        3.1757028102874756,
        0.1964721530675888,
        0.9677585959434509,
        0.15761254727840424,
        -1.1250653266906738,
        -0.9417264461517334,
        0.14148491621017456,
        0.3051774203777313,
        5.391025543212891
    ],
    [
        0.2216397523880005,
        -0.21110092103481293,
        0.9520043134689331,
        3.371530532836914,
        0.19938182830810547,
        0.9654710292816162,
        0.16766823828220367,
        -1.20487642288208,
        -0.9545273184776306,
        0.15265044569969177,
        0.2560763657093048,
        5.595247268676758
    ],
    [
        0.17204542458057404,
        -0.21404996514320374,
        0.9615523219108582,
        3.6432998180389404,
        0.20116698741912842,
        0.9631715416908264,
        0.1784166842699051,
        -1.3185185194015503,
        -0.9643297791481018,
        0.16273686289787292,
        0.20876900851726532,
        5.790822982788086
    ],
    [
        0.13826078176498413,
        -0.2163296341896057,
        0.9664808511734009,
        3.962632656097412,
        0.2023792713880539,
        0.9614333510398865,
        0.1862483024597168,
        -1.465077519416809,
        -0.9694980978965759,
        0.1698448657989502,
        0.17670917510986328,
        5.9110612869262695
    ]
]