[
    [
        0.9997944235801697,
        -0.000693052017595619,
        -0.020260753110051155,
        -0.11403078585863113,
        0.0006332460325211287,
        0.9999954700469971,
        -0.0029580830596387386,
        0.04347321763634682,
        0.020262708887457848,
        0.0029446452390402555,
        0.999790370464325,
        0.694637656211853
    ],
    [
        0.9995191693305969,
        -0.002271417062729597,
        -0.03092239238321781,
        -0.1602776050567627,
        0.0022235261276364326,
        0.9999963045120239,
        -0.0015830490738153458,
        0.07851614058017731,
        0.030925868079066277,
        0.0015135322464630008,
        0.9995205402374268,
        1.0326300859451294
    ],
    [
        0.998512864112854,
        -0.004133341833949089,
        -0.05436021462082863,
        -0.22095981240272522,
        0.004044109024107456,
        0.9999902844429016,
        -0.0017514022765681148,
        0.060420241206884384,
        0.05436691641807556,
        0.0015289596049115062,
        0.9985198378562927,
        1.3846296072006226
    ],
    [
        0.996799111366272,
        -0.006402956787496805,
        -0.07969080656766891,
        -0.29524800181388855,
        0.006088634952902794,
        0.9999727010726929,
        -0.004186642821878195,
        0.07627417147159576,
        0.07971543073654175,
        0.0036880329716950655,
        0.9968109130859375,
        1.7203316688537598
    ],
    [
        0.9953953623771667,
        -0.0068695214577019215,
        -0.09560779482126236,
        -0.3887856602668762,
        0.0065336450934410095,
        0.999971330165863,
        -0.0038256675470620394,
        0.054127614945173264,
        0.09563132375478745,
        0.003183384658768773,
        0.9954116940498352,
        2.056997299194336
    ],
    [
        0.9943283796310425,
        -0.007367233280092478,
        -0.10609840601682663,
        -0.46175211668014526,
        0.006826186552643776,
        0.9999617338180542,
        -0.005461730062961578,
        -0.017824849113821983,
        0.10613458603620529,
        0.004706505686044693,
        0.994340717792511,
        2.3158445358276367
    ],
    [
        0.9933481216430664,
        -0.007240391802042723,
        -0.1149224042892456,
        -0.5040892362594604,
        0.007814544253051281,
        0.9999591112136841,
        0.0045462558045983315,
        -0.04837314784526825,
        0.11488477885723114,
        -0.005414080806076527,
        0.9933640956878662,
        2.559335708618164
    ],
    [
        0.9918476343154907,
        -0.007075421046465635,
        -0.1272328943014145,
        -0.5287150740623474,
        0.00890312809497118,
        0.9998651146888733,
        0.01380208507180214,
        -0.1274077594280243,
        0.1271180808544159,
        -0.014822335913777351,
        0.9917767643928528,
        2.779658079147339
    ],
    [
        0.9892398118972778,
        -0.0068327332846820354,
        -0.1461430788040161,
        -0.5747601985931396,
        0.010491892695426941,
        0.9996500611305237,
        0.024282056838274002,
        -0.2023884356021881,
        0.14592602849006653,
        -0.025554098188877106,
        0.9889653325080872,
        2.9556829929351807
    ],
    [
        0.9873289465904236,
        -0.005495850928127766,
        -0.15859146416187286,
        -0.6271403431892395,
        0.010939561761915684,
        0.9993797540664673,
        0.033472828567028046,
        -0.22059577703475952,
        0.15830916166305542,
        -0.03478361666202545,
        0.9867767691612244,
        3.117785692214966
    ],
    [
        0.9857144355773926,
        -0.0031030212994664907,
        -0.16839657723903656,
        -0.7035898566246033,
        0.010325634852051735,
        0.9990628957748413,
        0.04203181713819504,
        -0.3090706169605255,
        0.16810835897922516,
        -0.04317016899585724,
        0.9848228096961975,
        3.2962822914123535
    ],
    [
        0.9845588207244873,
        -0.0025730575434863567,
        -0.17503494024276733,
        -0.7504631280899048,
        0.011055374518036842,
        0.9988099336624146,
        0.04750292748212814,
        -0.38973742723464966,
        0.1747044026851654,
        -0.04870450869202614,
        0.9834154844284058,
        3.4415056705474854
    ],
    [
        0.9838014841079712,
        -0.0015492248348891735,
        -0.1792546510696411,
        -0.7873193621635437,
        0.011779273860156536,
        0.998360276222229,
        0.05601964145898819,
        -0.41530904173851013,
        0.17887389659881592,
        -0.05722370371222496,
        0.9822065234184265,
        3.6062490940093994
    ],
    [
        0.9828038215637207,
        -0.0010648283641785383,
        -0.1846500039100647,
        -0.8235078454017639,
        0.013252339325845242,
        0.9978114366531372,
        0.06478176265954971,
        -0.5052788257598877,
        0.18417690694332123,
        -0.06611480563879013,
        0.9806669354438782,
        3.772204637527466
    ],
    [
        0.980966329574585,
        0.000828890479169786,
        -0.19417604804039001,
        -0.8781213760375977,
        0.013676080852746964,
        0.9972127079963684,
        0.07334763556718826,
        -0.567161500453949,
        0.19369560480117798,
        -0.07460713386535645,
        0.9782207608222961,
        3.923487663269043
    ],
    [
        0.9795559644699097,
        0.0033900386188179255,
        -0.20114284753799438,
        -0.9438127875328064,
        0.013700000941753387,
        0.9964125752449036,
        0.08351177722215652,
        -0.5597226023674011,
        0.20070438086986542,
        -0.08456013351678848,
        0.9759956002235413,
        4.124989032745361
    ],
    [
        0.9788525104522705,
        0.005735117942094803,
        -0.20448698103427887,
        -1.028723120689392,
        0.013593034818768501,
        0.9955742359161377,
        0.09299023449420929,
        -0.6169069409370422,
        0.20411525666713715,
        -0.09380340576171875,
        0.9744423031806946,
        4.329909801483154
    ],
    [
        0.9781756401062012,
        0.007505164481699467,
        -0.20764432847499847,
        -1.0876771211624146,
        0.013955740258097649,
        0.9947175979614258,
        0.10169650614261627,
        -0.6936767101287842,
        0.2073107212781906,
        -0.10237478464841843,
        0.9729037284851074,
        4.488888263702393
    ],
    [
        0.9779472947120667,
        0.010158938355743885,
        -0.20860494673252106,
        -1.1472598314285278,
        0.013884422369301319,
        0.9934443235397339,
        0.11347100138664246,
        -0.7153041958808899,
        0.20839013159275055,
        -0.11386482417583466,
        0.9713950753211975,
        4.690643787384033
    ],
    [
        0.9772630929946899,
        0.0124584399163723,
        -0.211664080619812,
        -1.2203999757766724,
        0.014503039419651031,
        0.9920065402984619,
        0.12535029649734497,
        -0.6959455013275146,
        0.2115337997674942,
        -0.1255699247121811,
        0.9692705869674683,
        4.9415483474731445
    ],
    [
        0.9761751890182495,
        0.014197067357599735,
        -0.21651867032051086,
        -1.3009986877441406,
        0.014255804009735584,
        0.991504967212677,
        0.12928511202335358,
        -0.7102826833724976,
        0.21651478111743927,
        -0.12929148972034454,
        0.9676801562309265,
        5.164768695831299
    ],
    [
        0.9757611155509949,
        0.016246572136878967,
        -0.2182343751192093,
        -1.3904005289077759,
        0.013688800856471062,
        0.9907562136650085,
        0.134962260723114,
        -0.6935017108917236,
        0.2184097319841385,
        -0.13467824459075928,
        0.9665188789367676,
        5.375641822814941
    ],
    [
        0.9761223196983337,
        0.017384128645062447,
        -0.21652482450008392,
        -1.4759762287139893,
        0.013049040921032429,
        0.9902995824813843,
        0.13833487033843994,
        -0.6848904490470886,
        0.21682925522327423,
        -0.13785725831985474,
        0.9664266705513,
        5.573012351989746
    ],
    [
        0.9767075181007385,
        0.017277948558330536,
        -0.2138780951499939,
        -1.5296217203140259,
        0.013210281729698181,
        0.990020215511322,
        0.14030466973781586,
        -0.6721540689468384,
        0.21416780352592468,
        -0.1398620754480362,
        0.9667320847511292,
        5.7433366775512695
    ],
    [
        0.9775629043579102,
        0.01757693476974964,
        -0.2099088430404663,
        -1.5726556777954102,
        0.012695161625742912,
        0.9897848963737488,
        0.14200307428836823,
        -0.6339343786239624,
        0.21026058495044708,
        -0.14148180186748505,
        0.9673537611961365,
        5.929662704467773
    ]
]