[
    [
        0.9986665844917297,
        -0.008898702450096607,
        0.05085253715515137,
        0.04531346634030342,
        0.012136148288846016,
        0.9978945255279541,
        -0.06371363252401352,
        0.022607723250985146,
        -0.050178490579128265,
        0.06424582749605179,
        0.9966716766357422,
        -0.19793033599853516
    ],
    [
        0.9985169768333435,
        -0.009171118028461933,
        0.05366333946585655,
        0.04794709011912346,
        0.012781777419149876,
        0.9976487755775452,
        -0.06733213365077972,
        0.023976391181349754,
        -0.0529196560382843,
        0.06791818141937256,
        0.9962865114212036,
        -0.20932252705097198
    ],
    [
        0.9983116984367371,
        -0.009485408663749695,
        0.0573035404086113,
        0.051645390689373016,
        0.013618499040603638,
        0.9972991943359375,
        -0.0721721276640892,
        0.025813832879066467,
        -0.056464195251464844,
        0.07283066213130951,
        0.9957446455955505,
        -0.2245127409696579
    ],
    [
        0.9980924129486084,
        -0.00965934433043003,
        0.06097758188843727,
        0.05508575960993767,
        0.014354334212839603,
        0.9969252347946167,
        -0.07703341543674469,
        0.027840066701173782,
        -0.0600459910929203,
        0.07776175439357758,
        0.9951621890068054,
        -0.23971091210842133
    ],
    [
        0.9978565573692322,
        -0.00988262053579092,
        0.06468895077705383,
        0.05881541222333908,
        0.015174292027950287,
        0.9965308308601379,
        -0.08182895183563232,
        0.029590286314487457,
        -0.06365584582090378,
        0.08263516426086426,
        0.9945448637008667,
        -0.2548724114894867
    ],
    [
        0.9976023435592651,
        -0.009944000281393528,
        0.06848908960819244,
        0.062171570956707,
        0.01587671786546707,
        0.9961138963699341,
        -0.08663121610879898,
        0.031404998153448105,
        -0.06736146658658981,
        0.08751088380813599,
        0.993883490562439,
        -0.2703004777431488
    ],
    [
        0.9973404407501221,
        -0.010101653635501862,
        0.07217969000339508,
        0.06602846086025238,
        0.016698548570275307,
        0.9956755042076111,
        -0.09138540178537369,
        0.03323466703295708,
        -0.0709444060921669,
        0.09234766662120819,
        0.9931962490081787,
        -0.28524336218833923
    ],
    [
        0.9970613718032837,
        -0.010123654268682003,
        0.07593456655740738,
        0.06948869675397873,
        0.01743973419070244,
        0.9951983690261841,
        -0.09631240367889404,
        0.03538791090250015,
        -0.07459491491317749,
        0.09735365957021713,
        0.992450475692749,
        -0.300472229719162
    ],
    [
        0.9967578053474426,
        -0.01006461400538683,
        0.07982850074768066,
        0.07287872582674026,
        0.018146824091672897,
        0.9947030544281006,
        -0.101175457239151,
        0.03735700249671936,
        -0.07838735729455948,
        0.10229606181383133,
        0.9916606545448303,
        -0.3159889280796051
    ],
    [
        0.9964451789855957,
        -0.010127616114914417,
        0.08363231271505356,
        0.07651513069868088,
        0.018988337367773056,
        0.9942014813423157,
        -0.10584364086389542,
        0.03895198926329613,
        -0.08207542449235916,
        0.1070554181933403,
        0.9908596873283386,
        -0.33092617988586426
    ],
    [
        0.99611496925354,
        -0.009889342822134495,
        0.08750542998313904,
        0.07998963445425034,
        0.019595544785261154,
        0.9936529397964478,
        -0.1107684001326561,
        0.041053514927625656,
        -0.08585461229085922,
        0.112052783370018,
        0.9899864792823792,
        -0.345974326133728
    ],
    [
        0.9957696199417114,
        -0.009661667980253696,
        0.09137585759162903,
        0.08337463438510895,
        0.020250773057341576,
        0.9930801391601562,
        -0.1156793087720871,
        0.043020281940698624,
        -0.08962588757276535,
        0.11704036593437195,
        0.9890747666358948,
        -0.36105501651763916
    ],
    [
        0.9954254031181335,
        -0.009727248921990395,
        0.0950457900762558,
        0.08761262893676758,
        0.021187713369727135,
        0.9925082921981812,
        -0.12032528221607208,
        0.0446147620677948,
        -0.09316330403089523,
        0.1217886358499527,
        0.9881740808486938,
        -0.37647727131843567
    ],
    [
        0.995136559009552,
        -0.009428816847503185,
        0.09805262088775635,
        0.08976694941520691,
        0.02162349224090576,
        0.992038905620575,
        -0.1240617111325264,
        0.04628032073378563,
        -0.0961022600531578,
        0.12557858228683472,
        0.9874180555343628,
        -0.3877861797809601
    ],
    [
        0.9947596192359924,
        -0.00937628373503685,
        0.10181044042110443,
        0.09388107806444168,
        0.022524604573845863,
        0.9914178848266602,
        -0.12877613306045532,
        0.04787735641002655,
        -0.0997292548418045,
        0.13039451837539673,
        0.986433744430542,
        -0.40300649404525757
    ],
    [
        0.9943302869796753,
        -0.009023867547512054,
        0.10595197975635529,
        0.09682377427816391,
        0.023235984146595,
        0.9907518625259399,
        -0.13368158042430878,
        0.049861010164022446,
        -0.10376580059528351,
        0.13538554310798645,
        0.9853443503379822,
        -0.41891056299209595
    ],
    [
        0.9939139485359192,
        -0.00873697642236948,
        0.10981204360723495,
        0.10042333602905273,
        0.024000069126486778,
        0.9900782108306885,
        -0.13845215737819672,
        0.051773495972156525,
        -0.10751286894083023,
        0.14024502038955688,
        0.9842623472213745,
        -0.4339745342731476
    ],
    [
        0.9934869408607483,
        -0.008357491344213486,
        0.11363933235406876,
        0.1043255552649498,
        0.024709992110729218,
        0.9893760681152344,
        -0.14326336979866028,
        0.05377798154950142,
        -0.11123470216989517,
        0.14513829350471497,
        0.9831387996673584,
        -0.449181467294693
    ],
    [
        0.9930301308631897,
        -0.00800673384219408,
        0.11758814752101898,
        0.10791086405515671,
        0.025506099686026573,
        0.9886463284492493,
        -0.14808034896850586,
        0.055838748812675476,
        -0.11506745964288712,
        0.15004748106002808,
        0.9819598197937012,
        -0.4643875062465668
    ],
    [
        0.9925786852836609,
        -0.0077148303389549255,
        0.12135879695415497,
        0.11185651272535324,
        0.026353659108281136,
        0.9879147410392761,
        -0.1527411788702011,
        0.057610757648944855,
        -0.11871376633644104,
        0.15480589866638184,
        0.9807865023612976,
        -0.4789822995662689
    ],
    [
        0.9920691251754761,
        -0.0072830719873309135,
        0.12548238039016724,
        0.11470312625169754,
        0.02718300186097622,
        0.9871261715888977,
        -0.15761658549308777,
        0.05964885652065277,
        -0.12271901220083237,
        0.15977752208709717,
        0.9794953465461731,
        -0.49430546164512634
    ],
    [
        0.9915739297866821,
        -0.006764222867786884,
        0.1293649673461914,
        0.11824377626180649,
        0.027907991781830788,
        0.9863402843475342,
        -0.16233928501605988,
        0.061448972672224045,
        -0.12649977207183838,
        0.16458171606063843,
        0.978218138217926,
        -0.5094690918922424
    ],
    [
        0.9910573959350586,
        -0.006319789215922356,
        0.13328605890274048,
        0.12172694504261017,
        0.028768541291356087,
        0.9855061769485474,
        -0.16718240082263947,
        0.06352706998586655,
        -0.1302976757287979,
        0.16952182352542877,
        0.9768750667572021,
        -0.5243179798126221
    ],
    [
        0.9905357956886292,
        -0.005823183339089155,
        0.13713136315345764,
        0.12540072202682495,
        0.029580123722553253,
        0.9846787452697754,
        -0.1718512773513794,
        0.06541260331869125,
        -0.13402962684631348,
        0.17428120970726013,
        0.9755316972732544,
        -0.5397881269454956
    ],
    [
        0.9900144934654236,
        -0.005326104816049337,
        0.14086520671844482,
        0.1288258582353592,
        0.030389225110411644,
        0.9838530421257019,
        -0.1763790249824524,
        0.06731792539358139,
        -0.1376512497663498,
        0.17889857292175293,
        0.9741907119750977,
        -0.5541104674339294
    ]
]