[
    [
        0.9999942183494568,
        0.0009656401234678924,
        0.0032701236195862293,
        -0.15154892206192017,
        -0.0009678849019110203,
        0.9999992847442627,
        0.000684969883877784,
        -0.00245869648642838,
        -0.0032694602850824594,
        -0.0006881310837343335,
        0.9999943971633911,
        0.025576859712600708
    ],
    [
        0.9999926686286926,
        0.0012055018451064825,
        0.0036635994911193848,
        -0.17143116891384125,
        -0.0012080883607268333,
        0.9999990463256836,
        0.0007038172916509211,
        -0.002295477082952857,
        -0.0036627473309636116,
        -0.0007082377560436726,
        0.999993085861206,
        0.029253534972667694
    ],
    [
        0.9999905824661255,
        0.0014493090566247702,
        0.004091531969606876,
        -0.18991707265377045,
        -0.0014528478495776653,
        0.9999985098838806,
        0.0008620956796221435,
        -0.0024922024458646774,
        -0.004090276081115007,
        -0.000868032278958708,
        0.9999912977218628,
        0.03238624334335327
    ],
    [
        0.999988853931427,
        0.0015466655604541302,
        0.00448582274839282,
        -0.2080429345369339,
        -0.0015508114593103528,
        0.9999983310699463,
        0.0009210316929966211,
        -0.0025900504551827908,
        -0.004484391771256924,
        -0.0009279782534576952,
        0.9999895095825195,
        0.03548908233642578
    ],
    [
        0.9999866485595703,
        0.001778499106876552,
        0.0048635974526405334,
        -0.22838591039180756,
        -0.0017832533922046423,
        0.9999979734420776,
        0.0009733281331136823,
        -0.0024625069927424192,
        -0.00486185634508729,
        -0.0009819880360737443,
        0.9999877214431763,
        0.039121516048908234
    ],
    [
        0.9999831318855286,
        0.0021600720938295126,
        0.0053944215178489685,
        -0.25036555528640747,
        -0.002165724989026785,
        0.9999971389770508,
        0.0010422887280583382,
        -0.002125042723491788,
        -0.005392154213041067,
        -0.0010539531940594316,
        0.999984860420227,
        0.04318366199731827
    ],
    [
        0.9999796152114868,
        0.0025663883425295353,
        0.005845093168318272,
        -0.2699984014034271,
        -0.002573262667283416,
        0.9999960064888,
        0.0011687538353726268,
        -0.002091995906084776,
        -0.005842070560902357,
        -0.0011837700149044394,
        0.9999822378158569,
        0.04677063226699829
    ],
    [
        0.9999767541885376,
        0.0027798067312687635,
        0.006228501908481121,
        -0.2875036895275116,
        -0.0027872894424945116,
        0.9999954700469971,
        0.0011929471511393785,
        -0.0020004583057016134,
        -0.006225156132131815,
        -0.0012102799955755472,
        0.9999798536300659,
        0.0499781109392643
    ],
    [
        0.999973475933075,
        0.0030541885644197464,
        0.006607196759432554,
        -0.3045004904270172,
        -0.0030624158680438995,
        0.9999945163726807,
        0.0012354357168078423,
        -0.0018735775956884027,
        -0.006603387650102377,
        -0.0012556371511891484,
        0.9999773502349854,
        0.05320289358496666
    ],
    [
        0.9999700784683228,
        0.00337936426512897,
        0.006963441148400307,
        -0.3210409879684448,
        -0.0033885531593114138,
        0.9999933838844299,
        0.0013082160148769617,
        -0.0019210642203688622,
        -0.006958974525332451,
        -0.001331772655248642,
        0.9999748468399048,
        0.05606428533792496
    ],
    [
        0.999966025352478,
        0.0037664957344532013,
        0.007341246586292982,
        -0.33687570691108704,
        -0.0037766534369438887,
        0.9999918937683105,
        0.0013702112482860684,
        -0.0017437402857467532,
        -0.007336026057600975,
        -0.0013978896895423532,
        0.9999721050262451,
        0.059197649359703064
    ],
    [
        0.9999620318412781,
        0.004077905789017677,
        0.007707906886935234,
        -0.35159456729888916,
        -0.004088737536221743,
        0.9999906420707703,
        0.0013900941703468561,
        -0.0013835495337843895,
        -0.00770216528326273,
        -0.0014215565752238035,
        0.9999692440032959,
        0.06211287900805473
    ],
    [
        0.9999569058418274,
        0.004420136567205191,
        0.008159943856298923,
        -0.37254399061203003,
        -0.0044321115128695965,
        0.9999891519546509,
        0.0014501287369057536,
        -0.00143638055305928,
        -0.008153445087373257,
        -0.0014862323878332973,
        0.9999656677246094,
        0.06568767875432968
    ],
    [
        0.9999516606330872,
        0.004832990933209658,
        0.008564963936805725,
        -0.3889273405075073,
        -0.004846580792218447,
        0.9999871253967285,
        0.0015667080879211426,
        -0.0013696677051484585,
        -0.008557279594242573,
        -0.0016081430949270725,
        0.9999620914459229,
        0.06884358078241348
    ],
    [
        0.9999467134475708,
        0.005204752553254366,
        0.008923019282519817,
        -0.40507692098617554,
        -0.005219629500061274,
        0.9999850392341614,
        0.0016449110116809607,
        -0.0011390881845727563,
        -0.008914326317608356,
        -0.001691398094408214,
        0.999958872795105,
        0.07196265459060669
    ],
    [
        0.9999408721923828,
        0.005509021691977978,
        0.009374826215207577,
        -0.42173120379447937,
        -0.005525569431483746,
        0.9999833106994629,
        0.0017401447985321283,
        -0.0010237935930490494,
        -0.009365081787109375,
        -0.0017918426310643554,
        0.9999545812606812,
        0.07497825473546982
    ],
    [
        0.9999344348907471,
        0.005930500105023384,
        0.009801868349313736,
        -0.43907544016838074,
        -0.0059483787044882774,
        0.9999806880950928,
        0.0017957595409825444,
        -0.0007563922554254532,
        -0.009791028685867786,
        -0.0018539472948759794,
        0.9999502897262573,
        0.07830074429512024
    ],
    [
        0.9999266862869263,
        0.006486722733825445,
        0.010224397294223309,
        -0.4573681950569153,
        -0.0065072644501924515,
        0.9999768733978271,
        0.0019770930521190166,
        -0.0006749655585736036,
        -0.010211336426436901,
        -0.002043480984866619,
        0.9999457597732544,
        0.08191371709108353
    ],
    [
        0.9999204874038696,
        0.0068596419878304005,
        0.010588125325739384,
        -0.47616249322891235,
        -0.006881243549287319,
        0.9999743700027466,
        0.002005025278776884,
        -0.0003266158455517143,
        -0.0105740986764431,
        -0.002077725250273943,
        0.9999419450759888,
        0.08551240712404251
    ],
    [
        0.9999120235443115,
        0.007483803667128086,
        0.010951333679258823,
        -0.4963560998439789,
        -0.007506422698497772,
        0.9999697208404541,
        0.002025773050263524,
        0.00010053959704237059,
        -0.010935842990875244,
        -0.002107800217345357,
        0.9999380111694336,
        0.08942072093486786
    ],
    [
        0.9999037981033325,
        0.00791518110781908,
        0.011395584791898727,
        -0.5170485973358154,
        -0.007940402254462242,
        0.9999661445617676,
        0.0021696153562515974,
        0.00018444315355736762,
        -0.011378025636076927,
        -0.002259891713038087,
        0.9999327659606934,
        0.09326394647359848
    ],
    [
        0.9998931884765625,
        0.00855590496212244,
        0.011854587122797966,
        -0.537808895111084,
        -0.008584337309002876,
        0.9999603629112244,
        0.002349633490666747,
        0.0005801121005788445,
        -0.011834013275802135,
        -0.0024511460214853287,
        0.9999270439147949,
        0.09750714898109436
    ],
    [
        0.9998825192451477,
        0.009023540653288364,
        0.012387137860059738,
        -0.5591655373573303,
        -0.009054995141923428,
        0.9999560117721558,
        0.0024855940137058496,
        0.0006429742206819355,
        -0.012364162132143974,
        -0.002597467042505741,
        0.9999202489852905,
        0.10135915130376816
    ],
    [
        0.9998733997344971,
        0.00951542891561985,
        0.01275327242910862,
        -0.579254150390625,
        -0.009548834525048733,
        0.999951183795929,
        0.002561150351539254,
        0.0010029950644820929,
        -0.012728278525173664,
        -0.002682604594156146,
        0.999915361404419,
        0.10499683767557144
    ],
    [
        0.9998604655265808,
        0.01020318828523159,
        0.013221568427979946,
        -0.6020476818084717,
        -0.010240227915346622,
        0.9999438524246216,
        0.0027368557639420033,
        0.0014755515148863196,
        -0.013192900456488132,
        -0.0028718661051243544,
        0.9999088048934937,
        0.10968626290559769
    ]
]