[
    [
        0.9999925494194031,
        -0.0038373605348169804,
        -0.0004972241586074233,
        0.027488790452480316,
        0.003838935401290655,
        0.9999874234199524,
        0.0032071222085505724,
        -0.2356296181678772,
        0.0004849109100177884,
        -0.0032090076711028814,
        0.9999947547912598,
        0.19028937816619873
    ],
    [
        0.9999893307685852,
        -0.004576215986162424,
        0.0005359682254493237,
        0.03968648239970207,
        0.004574169870465994,
        0.9999824166297913,
        0.003759263549000025,
        -0.333478182554245,
        -0.0005531628266908228,
        -0.0037567715626209974,
        0.999992847442627,
        0.292692095041275
    ],
    [
        0.9999833106994629,
        -0.005573251750320196,
        0.0015693912282586098,
        0.052657995373010635,
        0.005567151587456465,
        0.9999769926071167,
        0.0038650676142424345,
        -0.43583858013153076,
        -0.0015908960485830903,
        -0.0038562649860978127,
        0.9999912977218628,
        0.4183017611503601
    ],
    [
        0.9999763369560242,
        -0.006437854841351509,
        0.002436880487948656,
        0.06647158414125443,
        0.006426761392503977,
        0.9999690055847168,
        0.004533032886683941,
        -0.5252909064292908,
        -0.0024659878108650446,
        -0.004517263267189264,
        0.9999867677688599,
        0.5443784594535828
    ],
    [
        0.9999651312828064,
        -0.007576692849397659,
        0.003515093820169568,
        0.08190950006246567,
        0.007558580953627825,
        0.9999582171440125,
        0.005137729924172163,
        -0.6218538880348206,
        -0.0035538740921765566,
        -0.0051109823398292065,
        0.9999805688858032,
        0.6929465532302856
    ],
    [
        0.9999535083770752,
        -0.008579008281230927,
        0.004412713926285505,
        0.09844249486923218,
        0.008554434403777122,
        0.9999479651451111,
        0.005558219272643328,
        -0.707774817943573,
        -0.004460168071091175,
        -0.00552021199837327,
        0.9999748468399048,
        0.8415380716323853
    ],
    [
        0.9999380707740784,
        -0.009744900278747082,
        0.0053650694899261,
        0.11928541958332062,
        0.009713515639305115,
        0.9999357461929321,
        0.005845102481544018,
        -0.8030605316162109,
        -0.005421686917543411,
        -0.005792609881609678,
        0.9999685287475586,
        1.0127092599868774
    ],
    [
        0.9999229311943054,
        -0.010726656764745712,
        0.006266433745622635,
        0.14163392782211304,
        0.0106880571693182,
        0.9999239444732666,
        0.0061609926633536816,
        -0.9000263214111328,
        -0.006332043092697859,
        -0.006093543488532305,
        0.9999613761901855,
        1.1934598684310913
    ],
    [
        0.9999074339866638,
        -0.011633843183517456,
        0.007055491209030151,
        0.1629043072462082,
        0.011586961336433887,
        0.9999107718467712,
        0.006649758666753769,
        -0.9915189146995544,
        -0.007132221944630146,
        -0.006567371543496847,
        0.9999529719352722,
        1.364235520362854
    ],
    [
        0.9998891949653625,
        -0.01267140731215477,
        0.007805476896464825,
        0.18704436719417572,
        0.012616193853318691,
        0.9998953342437744,
        0.007083321455866098,
        -1.092389464378357,
        -0.007894407026469707,
        -0.006984114646911621,
        0.9999444484710693,
        1.5557498931884766
    ],
    [
        0.9998724460601807,
        -0.01336944755166769,
        0.008745761588215828,
        0.20777860283851624,
        0.01330417487770319,
        0.9998835325241089,
        0.007479220163077116,
        -1.1859585046768188,
        -0.00884473230689764,
        -0.007361885160207748,
        0.9999338984489441,
        1.7385889291763306
    ],
    [
        0.9998459219932556,
        -0.01462897565215826,
        0.009712143801152706,
        0.22871291637420654,
        0.0145522840321064,
        0.9998627305030823,
        0.00792008638381958,
        -1.2788314819335938,
        -0.00982667412608862,
        -0.007777475751936436,
        0.999921441078186,
        1.9463218450546265
    ],
    [
        0.9998220801353455,
        -0.015740182250738144,
        0.01039188914000988,
        0.24821792542934418,
        0.015659527853131294,
        0.9998469352722168,
        0.007797232363373041,
        -1.3536263704299927,
        -0.01051302719861269,
        -0.0076331039890646935,
        0.999915599822998,
        2.1661744117736816
    ],
    [
        0.9998084902763367,
        -0.01622162014245987,
        0.010948357172310352,
        0.26460155844688416,
        0.01613656058907509,
        0.9998392462730408,
        0.007813326083123684,
        -1.4174667596817017,
        -0.011073339730501175,
        -0.007635303772985935,
        0.9999095797538757,
        2.373760461807251
    ],
    [
        0.9997798800468445,
        -0.017223060131072998,
        0.011983577162027359,
        0.2807425260543823,
        0.017124956473708153,
        0.9998193383216858,
        0.0082412613555789,
        -1.4844694137573242,
        -0.0121233481913805,
        -0.00803430750966072,
        0.9998942613601685,
        2.603696346282959
    ],
    [
        0.9997556209564209,
        -0.018066594377160072,
        0.012743690051138401,
        0.29662972688674927,
        0.01795828342437744,
        0.9998020529747009,
        0.008563084527850151,
        -1.5452321767807007,
        -0.012895881198346615,
        -0.00833210814744234,
        0.9998820424079895,
        2.816575050354004
    ],
    [
        0.9997314214706421,
        -0.018889177590608597,
        0.013421657495200634,
        0.3166862428188324,
        0.01877175271511078,
        0.9997847676277161,
        0.008822481147944927,
        -1.6154816150665283,
        -0.013585422188043594,
        -0.008568032644689083,
        0.9998709559440613,
        3.055490016937256
    ],
    [
        0.9997169971466064,
        -0.019318724051117897,
        0.013885315507650375,
        0.3375503718852997,
        0.019196800887584686,
        0.9997764825820923,
        0.008861013688147068,
        -1.684718132019043,
        -0.01405339129269123,
        -0.008591996505856514,
        0.9998644590377808,
        3.279629945755005
    ],
    [
        0.9996936917304993,
        -0.019962647929787636,
        0.014622347429394722,
        0.3601250648498535,
        0.019828828051686287,
        0.9997606873512268,
        0.009239468723535538,
        -1.7626376152038574,
        -0.014803290367126465,
        -0.008946802467107773,
        0.9998505115509033,
        3.527932643890381
    ],
    [
        0.999666154384613,
        -0.0207531601190567,
        0.015384546481072903,
        0.38242217898368835,
        0.020612474530935287,
        0.999744713306427,
        0.009247775189578533,
        -1.8418177366256714,
        -0.015572545118629932,
        -0.008927306160330772,
        0.9998388290405273,
        3.7817423343658447
    ],
    [
        0.999647319316864,
        -0.021229974925518036,
        0.015960030257701874,
        0.40540412068367004,
        0.021076370030641556,
        0.9997305274009705,
        0.009731851518154144,
        -1.921334981918335,
        -0.016162339597940445,
        -0.009392011910676956,
        0.9998252391815186,
        4.018450736999512
    ],
    [
        0.9996198415756226,
        -0.022012906149029732,
        0.01659587398171425,
        0.42805296182632446,
        0.02184620499610901,
        0.9997096657752991,
        0.010160024277865887,
        -2.016630172729492,
        -0.016814708709716797,
        -0.0097936000674963,
        0.9998106956481934,
        4.280090808868408
    ],
    [
        0.9995942115783691,
        -0.022743040695786476,
        0.017150746658444405,
        0.44753843545913696,
        0.022562533617019653,
        0.9996888041496277,
        0.010645768605172634,
        -2.1092374324798584,
        -0.017387524247169495,
        -0.010254486463963985,
        0.9997962713241577,
        4.526072025299072
    ],
    [
        0.999571681022644,
        -0.023312896490097046,
        0.01769421249628067,
        0.4711495637893677,
        0.02312297746539116,
        0.99967360496521,
        0.010863207280635834,
        -2.2185816764831543,
        -0.017941689118742943,
        -0.010449359193444252,
        0.9997844099998474,
        4.801197528839111
    ],
    [
        0.9995372295379639,
        -0.024293771013617516,
        0.0183095782995224,
        0.4940342605113983,
        0.02409203164279461,
        0.9996474385261536,
        0.011159202083945274,
        -2.33504581451416,
        -0.018574213609099388,
        -0.010712784714996815,
        0.9997701048851013,
        5.081569671630859
    ]
]