[
    [
        0.9993988871574402,
        0.00173185917083174,
        -0.03462735190987587,
        0.12400490790605545,
        -0.0015014412347227335,
        0.9999765753746033,
        0.006679112557321787,
        -0.05018087849020958,
        0.03463811054825783,
        -0.006623107008635998,
        0.9993778467178345,
        0.46293580532073975
    ],
    [
        0.9988240003585815,
        0.003511833492666483,
        -0.048356179147958755,
        0.1585720181465149,
        -0.0030328708235174417,
        0.9999457001686096,
        0.009974696673452854,
        -0.05232514068484306,
        0.04838857799768448,
        -0.009816308505833149,
        0.9987804293632507,
        0.5889261960983276
    ],
    [
        0.9981549978256226,
        0.0051787677221000195,
        -0.06049621105194092,
        0.1976855993270874,
        -0.004373816307634115,
        0.9999002814292908,
        0.013430650345981121,
        -0.05475293844938278,
        0.06055973842740059,
        -0.013141271658241749,
        0.9980781078338623,
        0.7339178323745728
    ],
    [
        0.9973654747009277,
        0.00697292247787118,
        -0.07220448553562164,
        0.24923864006996155,
        -0.005842875689268112,
        0.9998573660850525,
        0.015850048512220383,
        -0.07241062819957733,
        0.07230471819639206,
        -0.015386408194899559,
        0.9972639083862305,
        0.8882279992103577
    ],
    [
        0.9963545203208923,
        0.008571607992053032,
        -0.08487803488969803,
        0.3087613582611084,
        -0.007041620090603828,
        0.999807596206665,
        0.01830871030688286,
        -0.0912284106016159,
        0.08501864224672318,
        -0.017644289880990982,
        0.9962230920791626,
        1.0426832437515259
    ],
    [
        0.9948620200157166,
        0.010376395657658577,
        -0.10070757567882538,
        0.3691258728504181,
        -0.008289740420877934,
        0.9997426867485046,
        0.02111634612083435,
        -0.10583262145519257,
        0.10090076923370361,
        -0.02017301134765148,
        0.9946919083595276,
        1.1903841495513916
    ],
    [
        0.9922034740447998,
        0.012769866734743118,
        -0.12397211045026779,
        0.43719127774238586,
        -0.009926456026732922,
        0.9996739625930786,
        0.023526573553681374,
        -0.12350523471832275,
        0.12423210591077805,
        -0.022112546488642693,
        0.9920067191123962,
        1.36234450340271
    ],
    [
        0.9894887208938599,
        0.01472538523375988,
        -0.1438581347465515,
        0.476590633392334,
        -0.01129547692835331,
        0.9996327757835388,
        0.024630030617117882,
        -0.1321503072977066,
        0.14416801929473877,
        -0.022746196016669273,
        0.9892917275428772,
        1.4835022687911987
    ],
    [
        0.9870151877403259,
        0.016688546165823936,
        -0.1597575843334198,
        0.5068631172180176,
        -0.01278001070022583,
        0.9995941519737244,
        0.025461744517087936,
        -0.14061927795410156,
        0.16011765599250793,
        -0.023089425638318062,
        0.9868278503417969,
        1.5986372232437134
    ],
    [
        0.9853977560997009,
        0.01830189675092697,
        -0.16928182542324066,
        0.5221348404884338,
        -0.014012465253472328,
        0.9995506405830383,
        0.026499129831790924,
        -0.14752130210399628,
        0.16969074308872223,
        -0.023740127682685852,
        0.9852114319801331,
        1.7191956043243408
    ],
    [
        0.9844904541969299,
        0.019924746826291084,
        -0.17430301010608673,
        0.5235477685928345,
        -0.01526913233101368,
        0.9994909167289734,
        0.028010370209813118,
        -0.1588590294122696,
        0.17477236688137054,
        -0.024914484471082687,
        0.9842936396598816,
        1.836197018623352
    ],
    [
        0.9842744469642639,
        0.021393388509750366,
        -0.1753457635641098,
        0.5204994678497314,
        -0.01643720641732216,
        0.9994245767593384,
        0.02966912090778351,
        -0.17446380853652954,
        0.1758795976638794,
        -0.026320364326238632,
        0.9840598106384277,
        1.940232753753662
    ],
    [
        0.9841989278793335,
        0.022644374519586563,
        -0.17561273276805878,
        0.5180095434188843,
        -0.01746642030775547,
        0.9993675351142883,
        0.030975088477134705,
        -0.19978247582912445,
        0.17620308697223663,
        -0.02741832099854946,
        0.983971893787384,
        2.0512402057647705
    ],
    [
        0.984195351600647,
        0.023360148072242737,
        -0.17553839087486267,
        0.525155246257782,
        -0.018053574487566948,
        0.9993321895599365,
        0.0317668691277504,
        -0.2232733815908432,
        0.17616327106952667,
        -0.02809571474790573,
        0.983959972858429,
        2.127009391784668
    ],
    [
        0.9846179485321045,
        0.023576611652970314,
        -0.173123300075531,
        0.5377969741821289,
        -0.018237581476569176,
        0.9993096590042114,
        0.03236588090658188,
        -0.25348204374313354,
        0.1737668514251709,
        -0.028710681945085526,
        0.9843681454658508,
        2.1908857822418213
    ],
    [
        0.9858390688896179,
        0.023148497566580772,
        -0.16608880460262299,
        0.5563865303993225,
        -0.01823379471898079,
        0.9993513226509094,
        0.03105504810810089,
        -0.30438557267189026,
        0.16669994592666626,
        -0.02758685126900673,
        0.9856216311454773,
        2.2406883239746094
    ],
    [
        0.9877166152000427,
        0.022325914353132248,
        -0.15465234220027924,
        0.581923246383667,
        -0.01795654371380806,
        0.9994006752967834,
        0.029592549428343773,
        -0.36675402522087097,
        0.15522034466266632,
        -0.02645203471183777,
        0.9875257015228271,
        2.2778234481811523
    ],
    [
        0.990043580532074,
        0.021160269156098366,
        -0.1391613483428955,
        0.6101247072219849,
        -0.017396574839949608,
        0.9994507431983948,
        0.028206657618284225,
        -0.4168969988822937,
        0.13968178629875183,
        -0.02550489641726017,
        0.9898679256439209,
        2.2986791133880615
    ],
    [
        0.9932833313941956,
        0.01933026686310768,
        -0.11408057063817978,
        0.6598429083824158,
        -0.01644689030945301,
        0.9995224475860596,
        0.026162294670939445,
        -0.46258971095085144,
        0.11453181505203247,
        -0.024110304191708565,
        0.9931269884109497,
        2.299006223678589
    ],
    [
        0.99648517370224,
        0.016939448192715645,
        -0.08203820139169693,
        0.7232769131660461,
        -0.014998719096183777,
        0.9995942115783691,
        0.024215225130319595,
        -0.4887089431285858,
        0.08241511136293411,
        -0.022899648174643517,
        0.996334969997406,
        2.28767991065979
    ],
    [
        0.9991251230239868,
        0.013741747476160526,
        -0.03949989005923271,
        0.7927363514900208,
        -0.012845922261476517,
        0.9996565580368042,
        0.02284420095384121,
        -0.5067203044891357,
        0.039800237864255905,
        -0.022316796705126762,
        0.9989583492279053,
        2.26237154006958
    ],
    [
        0.9998748898506165,
        0.010433114133775234,
        0.011890365742146969,
        0.8728957176208496,
        -0.0106805469840765,
        0.9997236728668213,
        0.020939499139785767,
        -0.5189380049705505,
        -0.011668626219034195,
        -0.021063869819045067,
        0.9997100234031677,
        2.2309672832489014
    ],
    [
        0.9974380731582642,
        0.006105748005211353,
        0.07127401977777481,
        0.9636014699935913,
        -0.007549861446022987,
        0.999771237373352,
        0.020009633153676987,
        -0.5184580683708191,
        -0.07113555818796158,
        -0.020496470853686333,
        0.9972560405731201,
        2.184060573577881
    ],
    [
        0.9905371069908142,
        0.0017623624298721552,
        0.13723357021808624,
        1.0584818124771118,
        -0.004460543859750032,
        0.9998027086257935,
        0.019356194883584976,
        -0.5155592560768127,
        -0.1371723860502243,
        -0.019785163924098015,
        0.990349531173706,
        2.128474712371826
    ],
    [
        0.9756757616996765,
        -0.0038756486028432846,
        0.21918398141860962,
        1.164565920829773,
        -0.0004305871552787721,
        0.9998078942298889,
        0.019595487043261528,
        -0.5121205449104309,
        -0.21921779215335846,
        -0.019213227555155754,
        0.9754868149757385,
        2.051393985748291
    ]
]