[
    [
        0.646592915058136,
        -0.12672005593776703,
        0.7522364854812622,
        0.2405930608510971,
        0.13634635508060455,
        0.9894248247146606,
        0.049478333443403244,
        -0.11063584685325623,
        -0.7505512833595276,
        0.07057236135005951,
        0.6570329666137695,
        0.07212189584970474
    ],
    [
        0.642726480960846,
        -0.12292735278606415,
        0.7561690211296082,
        0.2568206787109375,
        0.13619448244571686,
        0.989654004573822,
        0.045121870934963226,
        -0.11137653887271881,
        -0.7538923621177673,
        0.0739850252866745,
        0.6528188586235046,
        0.09660769999027252
    ],
    [
        0.6419159173965454,
        -0.1182059794664383,
        0.7576090693473816,
        0.28952208161354065,
        0.13521695137023926,
        0.9900123476982117,
        0.03989853337407112,
        -0.109492227435112,
        -0.7547584772109985,
        0.07683005928993225,
        0.6514881253242493,
        0.14340755343437195
    ],
    [
        0.642890214920044,
        -0.11557859927415848,
        0.757188081741333,
        0.33170443773269653,
        0.1343192607164383,
        0.9902430772781372,
        0.037108831107616425,
        -0.11095332354307175,
        -0.7540891766548157,
        0.07784801721572876,
        0.6521419882774353,
        0.19584950804710388
    ],
    [
        0.6505836844444275,
        -0.10922524333000183,
        0.751538872718811,
        0.38951942324638367,
        0.1320311278104782,
        0.9908003807067871,
        0.029703214764595032,
        -0.11184725910425186,
        -0.7478694319725037,
        0.07990211248397827,
        0.6590197086334229,
        0.2537665069103241
    ],
    [
        0.6703556776046753,
        -0.10207775235176086,
        0.7349852323532104,
        0.43485063314437866,
        0.12697695195674896,
        0.9916635751724243,
        0.02191482111811638,
        -0.10937779396772385,
        -0.7310951948165894,
        0.07863548398017883,
        0.6777287721633911,
        0.30469125509262085
    ],
    [
        0.7079735994338989,
        -0.09218349307775497,
        0.7001969218254089,
        0.47569936513900757,
        0.1176043301820755,
        0.9929901361465454,
        0.011820318177342415,
        -0.10305888205766678,
        -0.696378231048584,
        0.07397770881652832,
        0.7138519883155823,
        0.3700108528137207
    ],
    [
        0.7514132857322693,
        -0.0824945867061615,
        0.6546546220779419,
        0.5118857622146606,
        0.10663434863090515,
        0.9942939877510071,
        0.0028983515221625566,
        -0.09649233520030975,
        -0.651158332824707,
        0.0676308199763298,
        0.7559225559234619,
        0.4418964982032776
    ],
    [
        0.8023799061775208,
        -0.06985200941562653,
        0.5927116870880127,
        0.5510403513908386,
        0.09200658649206161,
        0.9957324266433716,
        -0.007204745430499315,
        -0.10151465237140656,
        -0.589678943157196,
        0.06031433120369911,
        0.8053824305534363,
        0.5356371998786926
    ],
    [
        0.8429478406906128,
        -0.060616616159677505,
        0.5345695614814758,
        0.5867834091186523,
        0.07996641099452972,
        0.996711790561676,
        -0.013076331466436386,
        -0.11225610971450806,
        -0.5320190787315369,
        0.053770266473293304,
        0.8450232744216919,
        0.6124817132949829
    ],
    [
        0.8778594732284546,
        -0.05051227658987045,
        0.47624698281288147,
        0.6355358362197876,
        0.06801851838827133,
        0.9974918961524963,
        -0.019580421969294548,
        -0.12022290378808975,
        -0.4740634858608246,
        0.04958247020840645,
        0.879093587398529,
        0.7050560116767883
    ],
    [
        0.9051031470298767,
        -0.04340935871005058,
        0.42297038435935974,
        0.7006009817123413,
        0.058374788612127304,
        0.9980415105819702,
        -0.0224858857691288,
        -0.1304350048303604,
        -0.4211658537387848,
        0.04504285380244255,
        0.905864417552948,
        0.7961662411689758
    ],
    [
        0.9299232959747314,
        -0.03477298095822334,
        0.3661056160926819,
        0.7723841071128845,
        0.04755973815917969,
        0.9985309839248657,
        -0.025962505489587784,
        -0.15288729965686798,
        -0.3646649718284607,
        0.04155503213405609,
        0.930211067199707,
        0.8918377161026001
    ],
    [
        0.9470376372337341,
        -0.02687056176364422,
        0.3199964463710785,
        0.8173192739486694,
        0.03802657499909401,
        0.99886554479599,
        -0.028664445504546165,
        -0.17024606466293335,
        -0.318863183259964,
        0.03931467607617378,
        0.9469850063323975,
        0.9758562445640564
    ],
    [
        0.9592738747596741,
        -0.019923383370041847,
        0.28177401423454285,
        0.859618604183197,
        0.02932884357869625,
        0.9991431832313538,
        -0.029201004654169083,
        -0.19071614742279053,
        -0.2809508442878723,
        0.036275867372751236,
        0.9590362906455994,
        1.098588228225708
    ],
    [
        0.9666123390197754,
        -0.015765473246574402,
        0.25575798749923706,
        0.8923876881599426,
        0.0241079181432724,
        0.9992734789848328,
        -0.029516147449612617,
        -0.21931421756744385,
        -0.2551068067550659,
        0.034696463495492935,
        0.9662901163101196,
        1.210059642791748
    ],
    [
        0.972005307674408,
        -0.012646411545574665,
        0.23461836576461792,
        0.9337079524993896,
        0.02021348476409912,
        0.9993491768836975,
        -0.029875893145799637,
        -0.24004001915454865,
        -0.23408783972263336,
        0.0337819829583168,
        0.9716283082962036,
        1.336716890335083
    ],
    [
        0.9754390716552734,
        -0.011192594654858112,
        0.21998487412929535,
        0.9797947406768799,
        0.01792251132428646,
        0.9994297623634338,
        -0.028620634227991104,
        -0.25453460216522217,
        -0.219539076089859,
        0.031860366463661194,
        0.9750833511352539,
        1.4744656085968018
    ],
    [
        0.9795555472373962,
        -0.008530966006219387,
        0.20099292695522308,
        1.027077555656433,
        0.014555376954376698,
        0.9994874000549316,
        -0.02851446345448494,
        -0.27781736850738525,
        -0.20064666867256165,
        0.030857034027576447,
        0.9791775941848755,
        1.6164917945861816
    ],
    [
        0.9827166199684143,
        -0.005893758963793516,
        0.18502193689346313,
        1.058098554611206,
        0.011707385070621967,
        0.9994709491729736,
        -0.030344512313604355,
        -0.29212087392807007,
        -0.18474522233009338,
        0.031986188143491745,
        0.982265830039978,
        1.730709195137024
    ],
    [
        0.9845158457756042,
        -0.0047311317175626755,
        0.17523163557052612,
        1.0831984281539917,
        0.009843114763498306,
        0.9995505213737488,
        -0.028315069153904915,
        -0.3004319369792938,
        -0.17501893639564514,
        0.029601460322737694,
        0.9841200113296509,
        1.8813661336898804
    ],
    [
        0.9850322604179382,
        -0.003933584317564964,
        0.17232508957386017,
        1.0982402563095093,
        0.009314564056694508,
        0.9994935393333435,
        -0.030428245663642883,
        -0.31773316860198975,
        -0.1721181422472,
        0.0315779410302639,
        0.9845700860023499,
        2.0013222694396973
    ],
    [
        0.9851954579353333,
        -0.003928759600967169,
        0.17138952016830444,
        1.1179479360580444,
        0.009517577476799488,
        0.9994488954544067,
        -0.03179935738444328,
        -0.3281450867652893,
        -0.1711701601743698,
        0.03295980021357536,
        0.9846900105476379,
        2.126620292663574
    ],
    [
        0.9842315912246704,
        -0.005616620648652315,
        0.17679494619369507,
        1.1371970176696777,
        0.011411057785153389,
        0.9994298815727234,
        -0.03177526965737343,
        -0.3288399279117584,
        -0.17651568353176117,
        0.03329164534807205,
        0.9837347269058228,
        2.24509596824646
    ],
    [
        0.9808789491653442,
        -0.00896577350795269,
        0.19441203773021698,
        1.1585935354232788,
        0.015578890219330788,
        0.99934983253479,
        -0.03251373767852783,
        -0.3372105360031128,
        -0.19399411976337433,
        0.03492075577378273,
        0.9803810715675354,
        2.3578522205352783
    ]
]