[
    [
        0.9999878406524658,
        -0.0006224518874660134,
        -0.004891186021268368,
        0.07678800076246262,
        0.0006278010550886393,
        0.9999991655349731,
        0.001092151622287929,
        -0.007441258989274502,
        0.004890502896159887,
        -0.0010952083393931389,
        0.9999874830245972,
        0.04706284776329994
    ],
    [
        0.9999744296073914,
        -0.0007499714847654104,
        -0.007106547709554434,
        0.11413522809743881,
        0.000758017529733479,
        0.9999990463256836,
        0.0011296368902549148,
        -0.007655024994164705,
        0.007105693221092224,
        -0.0011349949054419994,
        0.9999740123748779,
        0.047192372381687164
    ],
    [
        0.9999578595161438,
        -0.000986817991361022,
        -0.009122343733906746,
        0.16355596482753754,
        0.000998377101495862,
        0.9999987483024597,
        0.0012626516399905086,
        -0.008015421219170094,
        0.009121084585785866,
        -0.001271705375984311,
        0.9999575614929199,
        0.04800153896212578
    ],
    [
        0.9999303817749023,
        -0.0012174160219728947,
        -0.011742022819817066,
        0.20243845880031586,
        0.0012311028549447656,
        0.9999985098838806,
        0.0011584730818867683,
        -0.008182566612958908,
        0.011740596033632755,
        -0.0011728479294106364,
        0.9999303817749023,
        0.04816148802638054
    ],
    [
        0.9998907446861267,
        -0.0011102096177637577,
        -0.014737477526068687,
        0.24767152965068817,
        0.0011276095174252987,
        0.9999987483024597,
        0.001172439893707633,
        -0.008583703078329563,
        0.014736155979335308,
        -0.0011889301240444183,
        0.9998906850814819,
        0.04826440289616585
    ],
    [
        0.9998142719268799,
        -0.0013469437835738063,
        -0.01922542415559292,
        0.29318952560424805,
        0.0013683942379429936,
        0.9999985098838806,
        0.0011026090942323208,
        -0.008760463446378708,
        0.019223909825086594,
        -0.0011287115048617125,
        0.9998146891593933,
        0.04804914444684982
    ],
    [
        0.9997739791870117,
        -0.000714138092007488,
        -0.021245712414383888,
        0.33060044050216675,
        0.0007565809646621346,
        0.9999977946281433,
        0.001989749725908041,
        -0.008742065168917179,
        0.021244244650006294,
        -0.0020053735934197903,
        0.9997723698616028,
        0.048534587025642395
    ],
    [
        0.9997210502624512,
        -0.0004045841924380511,
        -0.023616692051291466,
        0.3797363042831421,
        0.0004565868293866515,
        0.9999975562095642,
        0.002196560613811016,
        -0.009308017790317535,
        0.023615743964910507,
        -0.00220673019066453,
        0.9997186064720154,
        0.048679981380701065
    ],
    [
        0.9996721148490906,
        -0.0004919611383229494,
        -0.025603003799915314,
        0.4408969283103943,
        0.0005558739649131894,
        0.9999967217445374,
        0.002489247592166066,
        -0.009234469383955002,
        0.025601696223020554,
        -0.002502662828192115,
        0.9996691942214966,
        0.04860830307006836
    ],
    [
        0.9995935559272766,
        -0.00010937427578028291,
        -0.028507644310593605,
        0.4818338453769684,
        0.0001929817080963403,
        0.9999957084655762,
        0.0029300826136022806,
        -0.009557954967021942,
        0.028507201001048088,
        -0.0029343939386308193,
        0.9995893836021423,
        0.04903191328048706
    ],
    [
        0.9995337724685669,
        0.0002463469572830945,
        -0.030534574761986732,
        0.5245881676673889,
        -0.00014814402675256133,
        0.9999947547912598,
        0.003218343248590827,
        -0.00982338935136795,
        0.03053520992398262,
        -0.0032123196870088577,
        0.9995285272598267,
        0.048396144062280655
    ],
    [
        0.9994496703147888,
        4.162554978393018e-05,
        -0.033171601593494415,
        0.5798037052154541,
        5.3177529480308294e-05,
        0.9999958872795105,
        0.002857085084542632,
        -0.010506766848266125,
        0.03317158296704292,
        -0.00285727740265429,
        0.9994454979896545,
        0.04778118059039116
    ],
    [
        0.9993495941162109,
        0.00014582494623027742,
        -0.03605951368808746,
        0.6390178203582764,
        -3.104201459791511e-05,
        0.9999949932098389,
        0.003183692693710327,
        -0.010884514078497887,
        0.036059800535440445,
        -0.0031805019825696945,
        0.999344527721405,
        0.0476897656917572
    ],
    [
        0.9992528557777405,
        -1.2425055501807947e-05,
        -0.038649946451187134,
        0.6882067322731018,
        0.00013554096221923828,
        0.9999949932098389,
        0.003182792803272605,
        -0.01124676875770092,
        0.03864970803260803,
        -0.003185652894899249,
        0.9992477893829346,
        0.04716702178120613
    ],
    [
        0.9991806745529175,
        0.00021950861264485866,
        -0.04047038033604622,
        0.7355104088783264,
        -8.25393944978714e-05,
        0.9999942779541016,
        0.0033860804978758097,
        -0.011623728089034557,
        0.04047089070081711,
        -0.003379966365173459,
        0.9991750121116638,
        0.04676538705825806
    ],
    [
        0.9991216063499451,
        0.0003629883285611868,
        -0.041902780532836914,
        0.7832544445991516,
        -0.0002118977135978639,
        0.9999935626983643,
        0.003610119456425309,
        -0.011886650696396828,
        0.041903819888830185,
        -0.0035980690736323595,
        0.9991151690483093,
        0.046392954885959625
    ],
    [
        0.9990884065628052,
        6.495031811937224e-06,
        -0.0426880307495594,
        0.8493019342422485,
        0.00016296902322210371,
        0.9999921321868896,
        0.003966343589127064,
        -0.01250477321445942,
        0.04268772155046463,
        -0.003969685174524784,
        0.9990805387496948,
        0.045375339686870575
    ],
    [
        0.9990028738975525,
        0.00010671335621736944,
        -0.04464465752243996,
        0.9146258234977722,
        0.0001149343661381863,
        0.9999877214431763,
        0.004962104372680187,
        -0.012439902871847153,
        0.044644635170698166,
        -0.0049622878432273865,
        0.9989905953407288,
        0.04578569158911705
    ],
    [
        0.9988833069801331,
        0.00011906112922588363,
        -0.04724537208676338,
        0.9653621315956116,
        0.00011581109720282257,
        0.9999876618385315,
        0.004968577530235052,
        -0.012615528889000416,
        0.04724537953734398,
        -0.004968501161783934,
        0.9988709092140198,
        0.045376233756542206
    ],
    [
        0.9987571239471436,
        0.00020044433767907321,
        -0.04984039440751076,
        1.0114573240280151,
        7.301709410967305e-05,
        0.9999850392341614,
        0.005484899040311575,
        -0.012513341382145882,
        0.04984074458479881,
        -0.005481721833348274,
        0.9987420439720154,
        0.04544135928153992
    ],
    [
        0.9984935522079468,
        0.00014781217032577842,
        -0.05486806109547615,
        1.0651731491088867,
        0.0001431565615348518,
        0.9999859929084778,
        0.005299101117998362,
        -0.012620843946933746,
        0.05486807972192764,
        -0.005298973526805639,
        0.9984795451164246,
        0.0451221838593483
    ],
    [
        0.9983746409416199,
        0.00018333428306505084,
        -0.0569918118417263,
        1.1069010496139526,
        0.00013266004680190235,
        0.9999846816062927,
        0.005540723446756601,
        -0.012897312641143799,
        0.056991949677467346,
        -0.005539278034120798,
        0.9983592629432678,
        0.04400278627872467
    ],
    [
        0.9982823729515076,
        -0.00013882025086786598,
        -0.05858565494418144,
        1.1456047296524048,
        0.00045706966193392873,
        0.9999852776527405,
        0.005418864078819752,
        -0.012591423466801643,
        0.05858403071761131,
        -0.005436335224658251,
        0.9982677102088928,
        0.044288814067840576
    ],
    [
        0.9981337189674377,
        -5.0386817747494206e-05,
        -0.06106768175959587,
        1.1862610578536987,
        0.000382037105737254,
        0.9999852776527405,
        0.005419198423624039,
        -0.012958903796970844,
        0.06106650456786156,
        -0.00543241435661912,
        0.9981188774108887,
        0.04335852712392807
    ],
    [
        0.9979397654533386,
        -0.0002806796401273459,
        -0.06415704637765884,
        1.2352252006530762,
        0.0006546732038259506,
        0.9999829530715942,
        0.005808393470942974,
        -0.012757292948663235,
        0.06415432691574097,
        -0.005838428623974323,
        0.997922956943512,
        0.043774109333753586
    ]
]