[
    [
        0.9806026220321655,
        0.015798324719071388,
        -0.19536851346492767,
        -0.1907549649477005,
        -0.013863319531083107,
        0.9998403787612915,
        0.011267907917499542,
        -0.030309466645121574,
        0.19551533460617065,
        -0.008340884000062943,
        0.9806652069091797,
        0.306555837392807
    ],
    [
        0.9751064777374268,
        0.018497632816433907,
        -0.2209639549255371,
        -0.20392057299613953,
        -0.01614469103515148,
        0.9997920989990234,
        0.012449968606233597,
        -0.032459698617458344,
        0.2211483269929886,
        -0.008572650142014027,
        0.9752025008201599,
        0.3473691940307617
    ],
    [
        0.9689157009124756,
        0.020656518638134003,
        -0.24652713537216187,
        -0.21669764816761017,
        -0.017849858850240707,
        0.9997479915618896,
        0.013614342547953129,
        -0.035436373203992844,
        0.2467462122440338,
        -0.008790676482021809,
        0.9690403342247009,
        0.3900296092033386
    ],
    [
        0.9594736099243164,
        0.02344241924583912,
        -0.28082165122032166,
        -0.23551757633686066,
        -0.01987806148827076,
        0.9996817111968994,
        0.015534712933003902,
        -0.03818269819021225,
        0.281096488237381,
        -0.009322959929704666,
        0.9596343040466309,
        0.44223204255104065
    ],
    [
        0.9517545700073242,
        0.025208519771695137,
        -0.30582305788993835,
        -0.253513365983963,
        -0.02079114131629467,
        0.9996272325515747,
        0.01769343577325344,
        -0.04364968463778496,
        0.30615511536598206,
        -0.010481400415301323,
        0.9519239664077759,
        0.4788886308670044
    ],
    [
        0.9432898759841919,
        0.028140908107161522,
        -0.33077529072761536,
        -0.27587148547172546,
        -0.023029500618577003,
        0.9995473027229309,
        0.019362611696124077,
        -0.048278480768203735,
        0.3311704099178314,
        -0.010646967217326164,
        0.943510890007019,
        0.5238339900970459
    ],
    [
        0.931624174118042,
        0.03252159804105759,
        -0.36196503043174744,
        -0.3084508776664734,
        -0.02683679759502411,
        0.9994249939918518,
        0.02072325348854065,
        -0.05105699226260185,
        0.3624308705329895,
        -0.009592300280928612,
        0.931961178779602,
        0.5676391124725342
    ],
    [
        0.9228308200836182,
        0.03512417525053024,
        -0.38360077142715454,
        -0.33669212460517883,
        -0.029012059792876244,
        0.9993432760238647,
        0.021709781140089035,
        -0.052380479872226715,
        0.38411134481430054,
        -0.008905408903956413,
        0.9232437014579773,
        0.5991501808166504
    ],
    [
        0.913467526435852,
        0.037121303379535675,
        -0.40521475672721863,
        -0.3715546131134033,
        -0.030627593398094177,
        0.9992775917053223,
        0.022499604150652885,
        -0.05351141467690468,
        0.40575724840164185,
        -0.008141905069351196,
        0.913944661617279,
        0.6401025652885437
    ],
    [
        0.9012966752052307,
        0.03982771933078766,
        -0.43136751651763916,
        -0.4234655201435089,
        -0.03277727961540222,
        0.999180018901825,
        0.02376859448850155,
        -0.05629344284534454,
        0.43196046352386475,
        -0.007283502258360386,
        0.901863157749176,
        0.6929011940956116
    ],
    [
        0.8919584155082703,
        0.0421568900346756,
        -0.45014768838882446,
        -0.4622415006160736,
        -0.034848615527153015,
        0.9990918636322021,
        0.024514369666576385,
        -0.0589008629322052,
        0.45077231526374817,
        -0.006178776267915964,
        0.8926175236701965,
        0.738213837146759
    ],
    [
        0.8819470405578613,
        0.044070132076740265,
        -0.46928367018699646,
        -0.49700894951820374,
        -0.03641364350914955,
        0.9990143775939941,
        0.02538292296230793,
        -0.06271184235811234,
        0.4699397683143616,
        -0.005298066884279251,
        0.8826826214790344,
        0.7757384777069092
    ],
    [
        0.8680718541145325,
        0.04670481011271477,
        -0.49423670768737793,
        -0.5369583368301392,
        -0.038676779717206955,
        0.9989011883735657,
        0.026463577523827553,
        -0.06938774883747101,
        0.4949296712875366,
        -0.0038568037562072277,
        0.8689244389533997,
        0.8205183148384094
    ],
    [
        0.857580304145813,
        0.04822637513279915,
        -0.5120843052864075,
        -0.5642952919006348,
        -0.040114909410476685,
        0.9988332986831665,
        0.02688688412308693,
        -0.0721706971526146,
        0.512783408164978,
        -0.0025154449976980686,
        0.8585142493247986,
        0.8525699377059937
    ],
    [
        0.8466930389404297,
        0.049371082335710526,
        -0.5297861099243164,
        -0.591761589050293,
        -0.041298262774944305,
        0.9987800121307373,
        0.027074873447418213,
        -0.07372594624757767,
        0.5304763913154602,
        -0.0010448627872392535,
        0.847698986530304,
        0.8867246508598328
    ],
    [
        0.8312389850616455,
        0.05083737522363663,
        -0.5535857081413269,
        -0.6308634877204895,
        -0.042954783886671066,
        0.9987062811851501,
        0.027215130627155304,
        -0.07549567520618439,
        0.5542531609535217,
        0.0011568746995180845,
        0.8323473334312439,
        0.9421883821487427
    ],
    [
        0.8191352486610413,
        0.05214015394449234,
        -0.5712257027626038,
        -0.6614189743995667,
        -0.044433239847421646,
        0.9986355900764465,
        0.027436058968305588,
        -0.07732440531253815,
        0.5718768239021301,
        0.0029075671918690205,
        0.8203343749046326,
        0.9896495342254639
    ],
    [
        0.8066526055335999,
        0.05303170159459114,
        -0.5886418223381042,
        -0.6901565790176392,
        -0.045597802847623825,
        0.9985818862915039,
        0.027478337287902832,
        -0.07969214022159576,
        0.5892642736434937,
        0.004675303120166063,
        0.8079268336296082,
        1.038070559501648
    ],
    [
        0.7908366918563843,
        0.05460220202803612,
        -0.6095867156982422,
        -0.7252336144447327,
        -0.047418009489774704,
        0.9984848499298096,
        0.02791985496878624,
        -0.08652003109455109,
        0.6101875901222229,
        0.006825344171375036,
        0.7922274470329285,
        1.091105341911316
    ],
    [
        0.7797417640686035,
        0.05586547404527664,
        -0.623603880405426,
        -0.7490202188491821,
        -0.048750489950180054,
        0.9984046220779419,
        0.028485316783189774,
        -0.09266266226768494,
        0.6242004036903381,
        0.008189805783331394,
        0.781221330165863,
        1.1211786270141602
    ],
    [
        0.7685604095458984,
        0.05680342763662338,
        -0.637250542640686,
        -0.7773218750953674,
        -0.04982679337263107,
        0.9983397722244263,
        0.028896359726786613,
        -0.0983712375164032,
        0.6378340125083923,
        0.00954354926943779,
        0.7701147794723511,
        1.152382254600525
    ],
    [
        0.7541021108627319,
        0.05727691948413849,
        -0.6542548537254333,
        -0.8186941146850586,
        -0.050894785672426224,
        0.9982905983924866,
        0.028733674436807632,
        -0.10270491242408752,
        0.654782235622406,
        0.011630029417574406,
        0.7557281851768494,
        1.1911345720291138
    ],
    [
        0.7434212565422058,
        0.0576128326356411,
        -0.6663373112678528,
        -0.8536009788513184,
        -0.05177383869886398,
        0.9982507228851318,
        0.028547517955303192,
        -0.10455499589443207,
        0.6668164730072021,
        0.013276007026433945,
        0.7451037168502808,
        1.221283197402954
    ],
    [
        0.733307421207428,
        0.05802043154835701,
        -0.677416980266571,
        -0.8954938650131226,
        -0.05283525958657265,
        0.9982021450996399,
        0.028301073238253593,
        -0.10598841309547424,
        0.6778411865234375,
        0.015038118697702885,
        0.7350545525550842,
        1.2529778480529785
    ],
    [
        0.7205467224121094,
        0.05924952030181885,
        -0.6908702254295349,
        -0.9538358449935913,
        -0.05540749803185463,
        0.9980764985084534,
        0.027808189392089844,
        -0.1154300644993782,
        0.6911890506744385,
        0.018242284655570984,
        0.7224438190460205,
        1.2835211753845215
    ]
]