[
    [
        0.990959107875824,
        -0.018964357674121857,
        0.13281697034835815,
        0.14001083374023438,
        0.015517419204115868,
        0.9995166063308716,
        0.026939809322357178,
        -0.015663981437683105,
        -0.13326364755630493,
        -0.024635272100567818,
        0.9907744526863098,
        0.10830109566450119
    ],
    [
        0.9831157326698303,
        -0.02411382459104061,
        0.181388720870018,
        0.180824875831604,
        0.018054530024528503,
        0.9992247223854065,
        0.03498254716396332,
        -0.017238974571228027,
        -0.18209168314933777,
        -0.03111700341105461,
        0.9827890992164612,
        0.20212137699127197
    ],
    [
        0.9710566997528076,
        -0.031097695231437683,
        0.23681607842445374,
        0.23712363839149475,
        0.02160857431590557,
        0.9988601207733154,
        0.04256085678935051,
        -0.0204620398581028,
        -0.23786969482898712,
        -0.03621174767613411,
        0.9706218242645264,
        0.3155895471572876
    ],
    [
        0.9571334719657898,
        -0.038739871233701706,
        0.28704503178596497,
        0.2981431484222412,
        0.026196738705039024,
        0.9985318183898926,
        0.0474114753305912,
        -0.02578185871243477,
        -0.28846028447151184,
        -0.037859462201595306,
        0.9567431211471558,
        0.40924811363220215
    ],
    [
        0.9423255324363708,
        -0.04410436749458313,
        0.331779420375824,
        0.3698892593383789,
        0.02934383973479271,
        0.9983493685722351,
        0.04937051236629486,
        -0.029886901378631592,
        -0.33340921998023987,
        -0.03678740933537483,
        0.9420642256736755,
        0.5060186386108398
    ],
    [
        0.9299527406692505,
        -0.050033312290906906,
        0.3642587959766388,
        0.45289233326911926,
        0.03306318446993828,
        0.9980639219284058,
        0.05268023908138275,
        -0.03903505206108093,
        -0.3661893308162689,
        -0.03694658353924751,
        0.929806649684906,
        0.6010679006576538
    ],
    [
        0.9153245687484741,
        -0.05693880096077919,
        0.39867132902145386,
        0.5401622653007507,
        0.038239985704422,
        0.9977700114250183,
        0.05470629036426544,
        -0.05257312208414078,
        -0.40089714527130127,
        -0.034828830510377884,
        0.9154607653617859,
        0.7087864279747009
    ],
    [
        0.8996061682701111,
        -0.061070721596479416,
        0.4324108362197876,
        0.6198787689208984,
        0.0418972447514534,
        0.9976756572723389,
        0.05373997241258621,
        -0.06051163747906685,
        -0.43468767404556274,
        -0.030227987095713615,
        0.9000739455223083,
        0.8210428953170776
    ],
    [
        0.8843607902526855,
        -0.06799044460058212,
        0.46182599663734436,
        0.7022820115089417,
        0.048147182911634445,
        0.9973450899124146,
        0.054631948471069336,
        -0.06953605264425278,
        -0.464314341545105,
        -0.026078734546899796,
        0.8852864503860474,
        0.9407061338424683
    ],
    [
        0.8729610443115234,
        -0.07230349630117416,
        0.482401579618454,
        0.7958043813705444,
        0.05258152261376381,
        0.9971391558647156,
        0.05430128797888756,
        -0.07839340716600418,
        -0.48494765162467957,
        -0.02203749679028988,
        0.8742654919624329,
        1.0516878366470337
    ],
    [
        0.8645329475402832,
        -0.07364292442798615,
        0.4971514642238617,
        0.8653135299682617,
        0.05363166704773903,
        0.9970760345458984,
        0.05443262308835983,
        -0.08123522996902466,
        -0.4997064173221588,
        -0.020395729690790176,
        0.865954577922821,
        1.141251802444458
    ],
    [
        0.8598952889442444,
        -0.07779787480831146,
        0.5045071244239807,
        0.9486044049263,
        0.056439030915498734,
        0.9967485070228577,
        0.05750809982419014,
        -0.0904952883720398,
        -0.5073407292366028,
        -0.02097705379128456,
        0.8614901304244995,
        1.226254940032959
    ],
    [
        0.8538017272949219,
        -0.07768455147743225,
        0.5147695541381836,
        1.0166603326797485,
        0.05551221966743469,
        0.996751606464386,
        0.05834801122546196,
        -0.0997479036450386,
        -0.5176301598548889,
        -0.021241631358861923,
        0.8553407788276672,
        1.3083240985870361
    ],
    [
        0.8463818430900574,
        -0.07996911555528641,
        0.5265384912490845,
        1.0860756635665894,
        0.05557078495621681,
        0.9965264797210693,
        0.06202252209186554,
        -0.11066175997257233,
        -0.5296694040298462,
        -0.02323458343744278,
        0.8478859663009644,
        1.4039827585220337
    ],
    [
        0.836735725402832,
        -0.08612554520368576,
        0.5407916903495789,
        1.1601223945617676,
        0.05927862226963043,
        0.9959970116615295,
        0.06690236926078796,
        -0.12255346775054932,
        -0.5443889498710632,
        -0.023922214284539223,
        0.838491678237915,
        1.5114003419876099
    ],
    [
        0.828357994556427,
        -0.08947604149580002,
        0.5530072450637817,
        1.2291126251220703,
        0.05980844795703888,
        0.9956453442573547,
        0.07150648534297943,
        -0.1318080872297287,
        -0.5569972395896912,
        -0.026158468797802925,
        0.8301023244857788,
        1.6042910814285278
    ],
    [
        0.8195220828056335,
        -0.09076780825853348,
        0.565813422203064,
        1.3185093402862549,
        0.058294061571359634,
        0.9954586625099182,
        0.07525861263275146,
        -0.13519491255283356,
        -0.5700749158859253,
        -0.028692536056041718,
        0.8210916519165039,
        1.7052563428878784
    ],
    [
        0.8082399964332581,
        -0.09342975914478302,
        0.5813939571380615,
        1.4124932289123535,
        0.05721728503704071,
        0.9951212406158447,
        0.08037345856428146,
        -0.1418430060148239,
        -0.5860668420791626,
        -0.031695254147052765,
        0.8096425533294678,
        1.8036118745803833
    ],
    [
        0.7911748290061951,
        -0.09513865411281586,
        0.6041449308395386,
        1.493050217628479,
        0.055689021944999695,
        0.9949295520782471,
        0.0837489664554596,
        -0.14861293137073517,
        -0.609049379825592,
        -0.03261583298444748,
        0.7924613952636719,
        1.8955903053283691
    ],
    [
        0.7661678791046143,
        -0.09764343500137329,
        0.6351791620254517,
        1.5634715557098389,
        0.05535755306482315,
        0.9947435259819031,
        0.08614420890808105,
        -0.15687397122383118,
        -0.6402518153190613,
        -0.03083895519375801,
        0.7675458788871765,
        1.992236614227295
    ],
    [
        0.7382776141166687,
        -0.1026730090379715,
        0.6666367053985596,
        1.6191704273223877,
        0.05837099999189377,
        0.9943640232086182,
        0.08850450813770294,
        -0.1707470715045929,
        -0.671966552734375,
        -0.026428639888763428,
        0.7401098012924194,
        2.0769641399383545
    ],
    [
        0.7050366401672363,
        -0.10579969733953476,
        0.7012344002723694,
        1.6869231462478638,
        0.06043120101094246,
        0.9941752552986145,
        0.08923868089914322,
        -0.18462666869163513,
        -0.7065913677215576,
        -0.020540110766887665,
        0.7073236703872681,
        2.163849353790283
    ],
    [
        0.6706603169441223,
        -0.10547897964715958,
        0.7342268824577332,
        1.762479543685913,
        0.06278806924819946,
        0.9943580031394958,
        0.08549731224775314,
        -0.19003720581531525,
        -0.7391024231910706,
        -0.011238964274525642,
        0.6734992265701294,
        2.2455742359161377
    ],
    [
        0.6325686573982239,
        -0.1042875200510025,
        0.7674509286880493,
        1.8366456031799316,
        0.06456325948238373,
        0.9945446252822876,
        0.08193081617355347,
        -0.19914233684539795,
        -0.7718086242675781,
        -0.0022777363192290068,
        0.6358508467674255,
        2.328087329864502
    ],
    [
        0.5917844772338867,
        -0.10386667400598526,
        0.7993763089179993,
        1.9076557159423828,
        0.06605198234319687,
        0.9945772886276245,
        0.08033119142055511,
        -0.21427567303180695,
        -0.8033854365348816,
        0.005261648446321487,
        0.5954360961914062,
        2.4101808071136475
    ]
]