[
    [
        0.9988306164741516,
        0.0006709778099320829,
        -0.04834163933992386,
        -0.01341953594237566,
        -0.0009630373097024858,
        0.9999815225601196,
        -0.006018530111759901,
        -0.05812554433941841,
        0.0483366996049881,
        0.00605804705992341,
        0.9988126754760742,
        0.5896284580230713
    ],
    [
        0.9988284707069397,
        0.0014382355147972703,
        -0.048370663076639175,
        -0.05539504438638687,
        -0.0018740290543064475,
        0.9999581575393677,
        -0.008965322747826576,
        -0.08441831171512604,
        0.04835573956370354,
        0.009045467711985111,
        0.9987892508506775,
        0.725323498249054
    ],
    [
        0.9988176226615906,
        0.0030046463944017887,
        -0.048520639538764954,
        -0.1338619887828827,
        -0.0033773528411984444,
        0.9999654293060303,
        -0.007601250894367695,
        -0.10149957984685898,
        0.048496127128601074,
        0.007756135426461697,
        0.9987932443618774,
        0.8997886776924133
    ],
    [
        0.9990050196647644,
        0.002519914647564292,
        -0.044525280594825745,
        -0.1785794049501419,
        -0.0028350648935884237,
        0.999971330165863,
        -0.007016294170171022,
        -0.10456959903240204,
        0.04450633376836777,
        0.0071355486288666725,
        0.9989835619926453,
        1.0418198108673096
    ],
    [
        0.9995790123939514,
        0.0006910343654453754,
        -0.029004912823438644,
        -0.19157789647579193,
        -0.0008703037165105343,
        0.999980628490448,
        -0.006168460939079523,
        -0.08683507144451141,
        0.029000088572502136,
        0.00619110744446516,
        0.9995601773262024,
        1.230847716331482
    ],
    [
        0.9999984502792358,
        0.00019533498561941087,
        -0.0017783893272280693,
        -0.18203961849212646,
        -0.0002050199982477352,
        0.9999850988388062,
        -0.005447397008538246,
        -0.08571091294288635,
        0.0017772974679246545,
        0.005447752773761749,
        0.999983549118042,
        1.394461750984192
    ],
    [
        0.9977293610572815,
        -0.0004416878509800881,
        0.06734883785247803,
        -0.16113285720348358,
        0.0007841779734008014,
        0.9999868869781494,
        -0.005058962851762772,
        -0.06884334236383438,
        -0.06734571605920792,
        0.0051002902910113335,
        0.9977167844772339,
        1.5642733573913574
    ],
    [
        0.9823918342590332,
        1.546999737911392e-05,
        0.1868327409029007,
        -0.14894217252731323,
        0.0011284641223028302,
        0.9999812245368958,
        -0.0060164183378219604,
        -0.0658016949892044,
        -0.1868293285369873,
        0.006121312268078327,
        0.9823734164237976,
        1.733177900314331
    ],
    [
        0.9589526057243347,
        -0.0015668473206460476,
        0.28356191515922546,
        -0.09397511184215546,
        0.0030099721625447273,
        0.9999846816062927,
        -0.004653648938983679,
        -0.05653732270002365,
        -0.2835502624511719,
        0.005316141527146101,
        0.9589425921440125,
        1.8547630310058594
    ],
    [
        0.923122227191925,
        -0.0030378710944205523,
        0.3844945430755615,
        0.017277289181947708,
        0.005110582802444696,
        0.9999774694442749,
        -0.00436908844858408,
        -0.05545558035373688,
        -0.3844725489616394,
        0.005998194217681885,
        0.9231169819831848,
        1.9741857051849365
    ],
    [
        0.8665731549263,
        -0.0022397912107408047,
        0.49904513359069824,
        0.1257816106081009,
        0.004933691117912531,
        0.9999794960021973,
        -0.004079108126461506,
        -0.05220233276486397,
        -0.4990256428718567,
        0.005996981635689735,
        0.8665663003921509,
        2.049607753753662
    ],
    [
        0.7845826745033264,
        -0.0014707637019455433,
        0.6200225949287415,
        0.2202603816986084,
        0.004222812596708536,
        0.9999867081642151,
        -0.00297150737605989,
        -0.032366540282964706,
        -0.6200098395347595,
        0.004949633963406086,
        0.7845783829689026,
        2.1467576026916504
    ],
    [
        0.6764360666275024,
        0.000882224238011986,
        0.7365007996559143,
        0.2810458242893219,
        0.0017337760655209422,
        0.9999946355819702,
        -0.002790231956169009,
        -0.02963513508439064,
        -0.7364993095397949,
        0.0031643426045775414,
        0.6764308214187622,
        2.2731845378875732
    ],
    [
        0.5655497312545776,
        -0.00016794457042124122,
        0.824714183807373,
        0.33684420585632324,
        0.001280894735828042,
        0.9999990463256836,
        -0.0006747356965206563,
        -0.02415449544787407,
        -0.8247132301330566,
        0.0014379677595570683,
        0.5655494332313538,
        2.3461689949035645
    ],
    [
        0.4596439003944397,
        -0.0009681145893409848,
        0.8881027698516846,
        0.4262663722038269,
        0.001907595433294773,
        0.999998152256012,
        0.0001028023034450598,
        -0.013677184469997883,
        -0.8881014585494995,
        0.0016468873945996165,
        0.45964497327804565,
        2.4099082946777344
    ],
    [
        0.364462673664093,
        -0.000819497974589467,
        0.9312176704406738,
        0.5162634253501892,
        0.0012543312041088939,
        0.9999991655349731,
        0.00038910412695258856,
        -0.01663251779973507,
        -0.9312171936035156,
        0.0010262413416057825,
        0.3644634187221527,
        2.4611501693725586
    ],
    [
        0.2628346085548401,
        -0.0002524690644349903,
        0.964840829372406,
        0.5790245532989502,
        0.0002955996314994991,
        0.9999999403953552,
        0.00018114388512913138,
        -0.02005115896463394,
        -0.964840829372406,
        0.00023759606119710952,
        0.2628346383571625,
        2.496828079223633
    ],
    [
        0.1650349199771881,
        -0.01696653850376606,
        0.9861416816711426,
        0.6070684194564819,
        -0.00047603933489881456,
        0.9998505711555481,
        0.017282063141465187,
        -0.028616124764084816,
        -0.9862875938415527,
        -0.0033215859439224005,
        0.16500215232372284,
        2.5612597465515137
    ],
    [
        0.05320616811513901,
        -0.03843012824654579,
        0.9978438019752502,
        0.6338387131690979,
        -0.0027267092373222113,
        0.9992498159408569,
        0.03862966597080231,
        -0.03380332514643669,
        -0.9985799193382263,
        -0.004776167217642069,
        0.05306146293878555,
        2.6598970890045166
    ],
    [
        -0.011745845898985863,
        -0.05582118034362793,
        0.9983717203140259,
        0.6520292162895203,
        -0.004697798285633326,
        0.9984325766563416,
        0.055769313126802444,
        -0.03799033910036087,
        -0.9999200701713562,
        -0.0040350910276174545,
        -0.011989666149020195,
        2.7460925579071045
    ],
    [
        -0.049374233931303024,
        -0.06483207643032074,
        0.9966739416122437,
        0.6412975192070007,
        -0.004482371266931295,
        0.997895359992981,
        0.06468946486711502,
        -0.04387817159295082,
        -0.9987702965736389,
        -0.001273466506972909,
        -0.04956091567873955,
        2.8061776161193848
    ],
    [
        -0.08273999392986298,
        -0.072425976395607,
        0.9939359426498413,
        0.6216088533401489,
        -0.004600538872182369,
        0.9973728656768799,
        0.07229344546794891,
        -0.04797588661313057,
        -0.9965604543685913,
        0.001408919459208846,
        -0.08285581320524216,
        2.870779037475586
    ],
    [
        -0.10232986509799957,
        -0.08044417947530746,
        0.991492509841919,
        0.6096386909484863,
        -0.004860144108533859,
        0.9967533349990845,
        0.08036941289901733,
        -0.047165486961603165,
        -0.9947385191917419,
        0.0034053984563797712,
        -0.10238861292600632,
        2.9163758754730225
    ],
    [
        -0.10877585411071777,
        -0.08425025641918182,
        0.9904896020889282,
        0.5935363173484802,
        -0.004806340206414461,
        0.9964348673820496,
        0.08422812074422836,
        -0.03709714859724045,
        -0.9940547943115234,
        0.004401352256536484,
        -0.1087929755449295,
        2.963026523590088
    ],
    [
        -0.10901039838790894,
        -0.08825410902500153,
        0.9901150465011597,
        0.5767160654067993,
        -0.0048242900520563126,
        0.9960861802101135,
        0.08825519680976868,
        -0.031016284599900246,
        -0.9940289258956909,
        0.004844130482524633,
        -0.1090095192193985,
        3.006012201309204
    ]
]