[
    [
        0.9970533847808838,
        0.013792192563414574,
        -0.07546132057905197,
        0.21091681718826294,
        -0.020366685464978218,
        0.9959947466850281,
        -0.08706078678369522,
        -0.7850170731544495,
        0.07395832240581512,
        0.0883411392569542,
        0.993340790271759,
        2.1717822551727295
    ],
    [
        0.9972670078277588,
        0.013386896811425686,
        -0.07265820354223251,
        0.20898433029651642,
        -0.019674697890877724,
        0.9960552453994751,
        -0.08652622252702713,
        -0.7775529623031616,
        0.07121327519416809,
        0.08771927654743195,
        0.9935964941978455,
        2.1858060359954834
    ],
    [
        0.9975751638412476,
        0.01319569256156683,
        -0.06833357363939285,
        0.20989291369915009,
        -0.019115827977657318,
        0.9960492849349976,
        -0.08672045171260834,
        -0.7681622505187988,
        0.06691926717758179,
        0.08781641721725464,
        0.993886411190033,
        2.2024781703948975
    ],
    [
        0.9979718923568726,
        0.013244656845927238,
        -0.06226249411702156,
        0.21065135300159454,
        -0.01860196329653263,
        0.9960982203483582,
        -0.08626793324947357,
        -0.7571653127670288,
        0.06087697297334671,
        0.08725118637084961,
        0.9943245649337769,
        2.2222578525543213
    ],
    [
        0.9983408451080322,
        0.013283430598676205,
        -0.05602842941880226,
        0.2067781686782837,
        -0.01748683862388134,
        0.9970141649246216,
        -0.07521282881498337,
        -0.7465937733650208,
        0.05486205965280533,
        0.07606780529022217,
        0.9955922365188599,
        2.2436301708221436
    ],
    [
        0.9987075924873352,
        0.013004366308450699,
        -0.04913204535841942,
        0.20319169759750366,
        -0.016386253759264946,
        0.9974772334098816,
        -0.06906934827566147,
        -0.7385542988777161,
        0.04810989648103714,
        0.06978517770767212,
        0.996401309967041,
        2.2610256671905518
    ],
    [
        0.9990044832229614,
        0.012884870171546936,
        -0.042708463966846466,
        0.19804581999778748,
        -0.015437430702149868,
        0.9980798959732056,
        -0.05998658016324043,
        -0.7338215112686157,
        0.041853539645671844,
        0.06058616563677788,
        0.9972851276397705,
        2.274686098098755
    ],
    [
        0.999244749546051,
        0.012629222124814987,
        -0.03674791380763054,
        0.18927855789661407,
        -0.014507653191685677,
        0.9985774755477905,
        -0.05130728706717491,
        -0.7260809540748596,
        0.036047667264938354,
        0.05180167034268379,
        0.9980066418647766,
        2.290205955505371
    ],
    [
        0.9994292259216309,
        0.012492605485022068,
        -0.031387653201818466,
        0.18717099726200104,
        -0.013903004117310047,
        0.9988844990730286,
        -0.04512593522667885,
        -0.7148633599281311,
        0.030788898468017578,
        0.04553655534982681,
        0.9984881281852722,
        2.303927183151245
    ],
    [
        0.999594509601593,
        0.011683790944516659,
        -0.025965387001633644,
        0.18250064551830292,
        -0.012697931379079819,
        0.9991491436958313,
        -0.039242010563611984,
        -0.7026426196098328,
        0.02548479475080967,
        0.039555810391902924,
        0.9988923072814941,
        2.3141398429870605
    ],
    [
        0.9997429251670837,
        0.010863185860216618,
        -0.019901547580957413,
        0.1783081442117691,
        -0.011534606106579304,
        0.9993573427200317,
        -0.03393886983394623,
        -0.6871936321258545,
        0.019520074129104614,
        0.034159693866968155,
        0.9992257952690125,
        2.325348138809204
    ],
    [
        0.9998628497123718,
        0.009656948037445545,
        -0.013462204486131668,
        0.17768336832523346,
        -0.01004858873784542,
        0.9995191693305969,
        -0.02933443710207939,
        -0.6650241613388062,
        0.013172449544072151,
        0.0294656902551651,
        0.9994789361953735,
        2.331756353378296
    ],
    [
        0.9999380111694336,
        0.008714133873581886,
        -0.006933399010449648,
        0.1797875612974167,
        -0.008882197551429272,
        0.9996581673622131,
        -0.024589840322732925,
        -0.6393420696258545,
        0.006716751027852297,
        0.024649890139698982,
        0.99967360496521,
        2.335386276245117
    ],
    [
        0.9999641180038452,
        0.008262382820248604,
        -0.0019480602350085974,
        0.18355782330036163,
        -0.008302336558699608,
        0.9997348189353943,
        -0.021481193602085114,
        -0.6194370985031128,
        0.001770056551322341,
        0.021496601402759552,
        0.9997673630714417,
        2.339722156524658
    ],
    [
        0.9999634623527527,
        0.007179772015661001,
        0.004650457296520472,
        0.18716423213481903,
        -0.00709789153188467,
        0.9998236298561096,
        -0.01739027537405491,
        -0.5937114953994751,
        -0.0047744945622980595,
        0.0173566322773695,
        0.9998379945755005,
        2.342109203338623
    ],
    [
        0.9999143481254578,
        0.005971288308501244,
        0.011648036539554596,
        0.19195587933063507,
        -0.00580149469897151,
        0.9998772740364075,
        -0.014556641690433025,
        -0.5627227425575256,
        -0.011733527295291424,
        0.014487817883491516,
        0.9998262524604797,
        2.3376550674438477
    ],
    [
        0.9998053908348083,
        0.00448375940322876,
        0.01921229250729084,
        0.19587980210781097,
        -0.004222874529659748,
        0.9998986721038818,
        -0.013598150573670864,
        -0.5303895473480225,
        -0.01927131600677967,
        0.013514374382793903,
        0.9997230172157288,
        2.3233964443206787
    ],
    [
        0.9996049404144287,
        0.003157104132696986,
        0.02792472206056118,
        0.19840005040168762,
        -0.002767071360722184,
        0.9998981952667236,
        -0.013994941487908363,
        -0.4952852427959442,
        -0.02796606719493866,
        0.01391215156763792,
        0.9995119571685791,
        2.303105115890503
    ],
    [
        0.9992269277572632,
        0.0012444239109754562,
        0.039295636117458344,
        0.2089904248714447,
        -0.0007007678505033255,
        0.9999039173126221,
        -0.013845739886164665,
        -0.4676344692707062,
        -0.03930909186601639,
        0.013807493261992931,
        0.9991317391395569,
        2.270819664001465
    ],
    [
        0.9984996318817139,
        -0.0019078613258898258,
        0.054724957793951035,
        0.233620747923851,
        0.002666950924322009,
        0.999901294708252,
        -0.01380132045596838,
        -0.4435434937477112,
        -0.05469322204589844,
        0.013926568441092968,
        0.9984060525894165,
        2.223928928375244
    ],
    [
        0.9969593286514282,
        -0.006521482951939106,
        0.0776505321264267,
        0.2716934084892273,
        0.00777795584872365,
        0.9998434782028198,
        -0.015889691188931465,
        -0.4197540581226349,
        -0.0775347575545311,
        0.016445336863398552,
        0.9968539476394653,
        2.1707115173339844
    ],
    [
        0.9937019944190979,
        -0.012774420902132988,
        0.11132427304983139,
        0.31899696588516235,
        0.014682281762361526,
        0.9997587203979492,
        -0.01633492112159729,
        -0.3971577286720276,
        -0.11108876764774323,
        0.017866535112261772,
        0.9936498999595642,
        2.1101701259613037
    ],
    [
        0.9874966144561768,
        -0.02032529003918171,
        0.15632450580596924,
        0.37849631905555725,
        0.023287246003746986,
        0.9995819330215454,
        -0.0171392522752285,
        -0.37690234184265137,
        -0.15591078996658325,
        0.020565323531627655,
        0.9875569343566895,
        2.0461924076080322
    ],
    [
        0.9755216240882874,
        -0.030991308391094208,
        0.21770867705345154,
        0.44073033332824707,
        0.03531017154455185,
        0.9992486834526062,
        -0.01597457192838192,
        -0.3473106026649475,
        -0.21705006062984467,
        0.023270878940820694,
        0.9758829474449158,
        1.967491626739502
    ],
    [
        0.9551451802253723,
        -0.04287608340382576,
        0.2930176556110382,
        0.5069624781608582,
        0.049224402755498886,
        0.9986849427223206,
        -0.014322491362690926,
        -0.3126905858516693,
        -0.29201826453208923,
        0.028103679418563843,
        0.9559996724128723,
        1.8765450716018677
    ]
]