[
    [
        0.9223478436470032,
        -0.03165402635931969,
        -0.3850616216659546,
        -0.28679680824279785,
        -0.0709499642252922,
        0.9658126831054688,
        -0.24934308230876923,
        0.45425763726234436,
        0.3797900974750519,
        0.2573010325431824,
        0.8885693550109863,
        2.81327486038208
    ],
    [
        0.9243919849395752,
        -0.03346473351120949,
        -0.37997305393218994,
        -0.30225276947021484,
        -0.06756746768951416,
        0.9660260081291199,
        -0.2494562566280365,
        0.4435018002986908,
        0.3754118084907532,
        0.25626906752586365,
        0.8907255530357361,
        2.838461399078369
    ],
    [
        0.9265995025634766,
        -0.03573764115571976,
        -0.3743475377559662,
        -0.3153684735298157,
        -0.06355901807546616,
        0.9662685990333557,
        -0.24956992268562317,
        0.43388131260871887,
        0.37063929438591003,
        0.25504472851753235,
        0.8930726647377014,
        2.8611972332000732
    ],
    [
        0.92904132604599,
        -0.03756636008620262,
        -0.368063747882843,
        -0.32601916790008545,
        -0.059737514704465866,
        0.9665470123291016,
        -0.24943596124649048,
        0.42556288838386536,
        0.3651213049888611,
        0.2537234127521515,
        0.8957180380821228,
        2.8799829483032227
    ],
    [
        0.9315391182899475,
        -0.03909599408507347,
        -0.3615333139896393,
        -0.33223962783813477,
        -0.056029193103313446,
        0.9669003486633301,
        -0.2489267736673355,
        0.4182089865207672,
        0.3592987358570099,
        0.2521415054798126,
        0.898514986038208,
        2.894376516342163
    ],
    [
        0.9360650181770325,
        -0.04150128364562988,
        -0.34937089681625366,
        -0.3425762951374054,
        -0.04991713538765907,
        0.9673069715499878,
        -0.24864736199378967,
        0.40897414088249207,
        0.348268061876297,
        0.25018978118896484,
        0.9033905267715454,
        2.9145619869232178
    ],
    [
        0.9393312335014343,
        -0.04369836300611496,
        -0.34021660685539246,
        -0.3488832116127014,
        -0.04522669315338135,
        0.967414140701294,
        -0.24912729859352112,
        0.4032774269580841,
        0.34001681208610535,
        0.2494000494480133,
        0.9067459106445312,
        2.9297142028808594
    ],
    [
        0.9424411654472351,
        -0.04563302546739578,
        -0.3312433958053589,
        -0.35408473014831543,
        -0.04076085239648819,
        0.9675765037536621,
        -0.24926725029945374,
        0.3972134590148926,
        0.3318781852722168,
        0.24842147529125214,
        0.9100239276885986,
        2.9463584423065186
    ],
    [
        0.9456265568733215,
        -0.047294411808252335,
        -0.32179751992225647,
        -0.35871654748916626,
        -0.0362531840801239,
        0.9678808450698853,
        -0.24878175556659698,
        0.389830082654953,
        0.3232276737689972,
        0.24692073464393616,
        0.9135392308235168,
        2.9617271423339844
    ],
    [
        0.948971152305603,
        -0.04893409460783005,
        -0.31154343485832214,
        -0.3639257550239563,
        -0.031549010425806046,
        0.9682014584541321,
        -0.2481745332479477,
        0.38290610909461975,
        0.3137810230255127,
        0.24533940851688385,
        0.917251467704773,
        2.976702928543091
    ],
    [
        0.9540876150131226,
        -0.05153976380825043,
        -0.2950599491596222,
        -0.36661627888679504,
        -0.02384289912879467,
        0.9688905477523804,
        -0.24633832275867462,
        0.37220948934555054,
        0.2985770106315613,
        0.2420634776353836,
        0.9231776595115662,
        2.9914751052856445
    ],
    [
        0.9574387073516846,
        -0.05355794355273247,
        -0.2836241126060486,
        -0.37127119302749634,
        -0.018603775650262833,
        0.9691399335861206,
        -0.24580831825733185,
        0.36596599221229553,
        0.2880364656448364,
        0.24062275886535645,
        0.926895797252655,
        3.0060806274414062
    ],
    [
        0.9604514837265015,
        -0.056441351771354675,
        -0.2726670503616333,
        -0.3750309348106384,
        -0.01274358481168747,
        0.9693047404289246,
        -0.2455318421125412,
        0.36006760597229004,
        0.2781556248664856,
        0.23929618299007416,
        0.9302508234977722,
        3.0228850841522217
    ],
    [
        0.9633966088294983,
        -0.05886553227901459,
        -0.26153749227523804,
        -0.3780398666858673,
        -0.00716382684186101,
        0.9695926904678345,
        -0.2446194440126419,
        0.35328593850135803,
        0.2679844796657562,
        0.23753927648067474,
        0.9336807131767273,
        3.037665605545044
    ],
    [
        0.9662145376205444,
        -0.06158681586384773,
        -0.2502731382846832,
        -0.3807288408279419,
        -0.0013168706791475415,
        0.9698395729064941,
        -0.24374061822891235,
        0.34754928946495056,
        0.2577359974384308,
        0.2358352690935135,
        0.9369918704032898,
        3.0506691932678223
    ],
    [
        0.9701802134513855,
        -0.06515051424503326,
        -0.23346491158008575,
        -0.38347968459129333,
        0.0069116028025746346,
        0.9702432751655579,
        -0.24203349649906158,
        0.33860117197036743,
        0.24228635430335999,
        0.23320262134075165,
        0.9417610764503479,
        3.0686538219451904
    ],
    [
        0.9725361466407776,
        -0.06749851256608963,
        -0.22274979948997498,
        -0.3839791715145111,
        0.012055055238306522,
        0.9703493118286133,
        -0.24140608310699463,
        0.33500638604164124,
        0.23243968188762665,
        0.23209086060523987,
        0.9445133805274963,
        3.079925298690796
    ],
    [
        0.9747241139411926,
        -0.07003685086965561,
        -0.21215033531188965,
        -0.3843764364719391,
        0.017362309619784355,
        0.970467209815979,
        -0.24060766398906708,
        0.330996572971344,
        0.22273634374141693,
        0.230842724442482,
        0.9471536874771118,
        3.090625762939453
    ],
    [
        0.976857602596283,
        -0.07221740484237671,
        -0.20133034884929657,
        -0.3851556181907654,
        0.022344311699271202,
        0.9705815315246582,
        -0.23973348736763,
        0.32716333866119385,
        0.21272045373916626,
        0.22968704998493195,
        0.9497336149215698,
        3.1015944480895996
    ],
    [
        0.978995144367218,
        -0.07428555935621262,
        -0.18986876308918,
        -0.3869883120059967,
        0.027285655960440636,
        0.9706206321716309,
        -0.23906290531158447,
        0.3239792287349701,
        0.20204944908618927,
        0.2288607358932495,
        0.9522598385810852,
        3.1117725372314453
    ],
    [
        0.9816434979438782,
        -0.0771636888384819,
        -0.1744188368320465,
        -0.3845445513725281,
        0.0339881107211113,
        0.9706389904022217,
        -0.23812715709209442,
        0.3208217918872833,
        0.18767251074314117,
        0.22782792150974274,
        0.9554440975189209,
        3.1241281032562256
    ],
    [
        0.9833489656448364,
        -0.07933404296636581,
        -0.16349583864212036,
        -0.38437530398368835,
        0.03880433365702629,
        0.970593273639679,
        -0.2375771403312683,
        0.31881237030029297,
        0.17753592133522034,
        0.22727692127227783,
        0.9575103521347046,
        3.1327407360076904
    ],
    [
        0.9850136041641235,
        -0.08174490183591843,
        -0.15187494456768036,
        -0.38565996289253235,
        0.04401617497205734,
        0.9705354571342468,
        -0.23690421879291534,
        0.31668153405189514,
        0.1667657196521759,
        0.22666873037815094,
        0.9595887660980225,
        3.141939401626587
    ],
    [
        0.98659348487854,
        -0.08390915393829346,
        -0.1399737298488617,
        -0.38612011075019836,
        0.04908544570207596,
        0.9705523252487183,
        -0.2358362227678299,
        0.3142342269420624,
        0.1556406468153,
        0.22580362856388092,
        0.9616593718528748,
        3.150411605834961
    ],
    [
        0.9887143969535828,
        -0.08770532160997391,
        -0.12145605683326721,
        -0.38559821248054504,
        0.05733717232942581,
        0.9705256223678589,
        -0.23407772183418274,
        0.3110315203666687,
        0.13840608298778534,
        0.22447223961353302,
        0.964601457118988,
        3.1623802185058594
    ]
]