[
    [
        0.9953644275665283,
        0.009500467218458652,
        -0.09570524096488953,
        -0.07158824056386948,
        -0.012549817562103271,
        0.9994309544563293,
        -0.03131052106618881,
        -0.035607729107141495,
        0.09535330533981323,
        0.03236645832657814,
        0.9949172735214233,
        0.045347440987825394
    ],
    [
        0.9930782318115234,
        0.01144370250403881,
        -0.11689680814743042,
        -0.09512948989868164,
        -0.01599537767469883,
        0.9991469383239746,
        -0.03807393088936806,
        -0.04970547929406166,
        0.11636137217283249,
        0.03968019038438797,
        0.9924140572547913,
        0.05180254206061363
    ],
    [
        0.9903088808059692,
        0.01394534483551979,
        -0.1381806880235672,
        -0.12212491780519485,
        -0.02035888284444809,
        0.998774528503418,
        -0.04510995373129845,
        -0.0659065991640091,
        0.13738226890563965,
        0.047485992312431335,
        0.9893792271614075,
        0.062275879085063934
    ],
    [
        0.9870873093605042,
        0.016022149473428726,
        -0.15938006341457367,
        -0.15383614599704742,
        -0.024670805782079697,
        0.9983195662498474,
        -0.052434492856264114,
        -0.08370742201805115,
        0.1582721322774887,
        0.05568945035338402,
        0.9858238697052002,
        0.0792442038655281
    ],
    [
        0.9834739565849304,
        0.01836531236767769,
        -0.18011586368083954,
        -0.19374680519104004,
        -0.02962273173034191,
        0.9977579712867737,
        -0.060011640191078186,
        -0.10217147320508957,
        0.1786099076271057,
        0.06435540318489075,
        0.9818130731582642,
        0.10724271833896637
    ],
    [
        0.9796252250671387,
        0.02055707946419716,
        -0.19977957010269165,
        -0.24373416602611542,
        -0.03457949683070183,
        0.99715656042099,
        -0.06695539504289627,
        -0.12190619856119156,
        0.1978350728750229,
        0.07249946892261505,
        0.9775505065917969,
        0.14179913699626923
    ],
    [
        0.9754663705825806,
        0.021276438608765602,
        -0.2191178947687149,
        -0.299938440322876,
        -0.03814368695020676,
        0.996599555015564,
        -0.07303740084171295,
        -0.14139285683631897,
        0.21681880950927734,
        0.07960348576307297,
        0.972960889339447,
        0.17853280901908875
    ],
    [
        0.9709640145301819,
        0.021610140800476074,
        -0.23824770748615265,
        -0.36211952567100525,
        -0.041493967175483704,
        0.9960295557975769,
        -0.07876177877187729,
        -0.15974988043308258,
        0.23559968173503876,
        0.08636068552732468,
        0.9680055379867554,
        0.21718887984752655
    ],
    [
        0.9649468064308167,
        0.021167725324630737,
        -0.2615906894207001,
        -0.4362979829311371,
        -0.04509788751602173,
        0.99528968334198,
        -0.08581742644309998,
        -0.17732322216033936,
        0.2585419714450836,
        0.0946064367890358,
        0.9613562226295471,
        0.26633837819099426
    ],
    [
        0.9582769274711609,
        0.020285945385694504,
        -0.2851208746433258,
        -0.49044764041900635,
        -0.04846576973795891,
        0.9945668578147888,
        -0.09212896972894669,
        -0.18928806483745575,
        0.2817029058933258,
        0.10210366547107697,
        0.9540536403656006,
        0.31172674894332886
    ],
    [
        0.9498549103736877,
        0.01903262548148632,
        -0.31211116909980774,
        -0.5344499349594116,
        -0.05220584198832512,
        0.9937887787818909,
        -0.09827769547700882,
        -0.19986297190189362,
        0.308302104473114,
        0.10964358597993851,
        0.944948673248291,
        0.36049678921699524
    ],
    [
        0.9396715760231018,
        0.017695151269435883,
        -0.34161999821662903,
        -0.5713160634040833,
        -0.05635344609618187,
        0.9930243492126465,
        -0.10357125848531723,
        -0.21138322353363037,
        0.3374042809009552,
        0.11657442897558212,
        0.9341138601303101,
        0.419376403093338
    ],
    [
        0.9277373552322388,
        0.0169488787651062,
        -0.372848778963089,
        -0.604945182800293,
        -0.061211585998535156,
        0.9923514723777771,
        -0.10719902813434601,
        -0.2283972203731537,
        0.36818018555641174,
        0.12227519601583481,
        0.9216790199279785,
        0.4918150007724762
    ],
    [
        0.9147163033485413,
        0.016187287867069244,
        -0.4037722945213318,
        -0.633295476436615,
        -0.0655893012881279,
        0.9918949604034424,
        -0.10882250219583511,
        -0.24938854575157166,
        0.39873820543289185,
        0.12602485716342926,
        0.9083642959594727,
        0.5725579261779785
    ],
    [
        0.9017924666404724,
        0.016874881461262703,
        -0.4318397343158722,
        -0.6601327657699585,
        -0.07111324369907379,
        0.9914107322692871,
        -0.10976167768239975,
        -0.27004390954971313,
        0.42627832293510437,
        0.12969179451465607,
        0.8952467441558838,
        0.6501826643943787
    ],
    [
        0.8901430368423462,
        0.017306094989180565,
        -0.45535239577293396,
        -0.6915780901908875,
        -0.07618211954832077,
        0.9908665418624878,
        -0.11126537621021271,
        -0.28694218397140503,
        0.44926783442497253,
        0.13373182713985443,
        0.883331298828125,
        0.7231220602989197
    ],
    [
        0.8780182600021362,
        0.01641327328979969,
        -0.47834572196006775,
        -0.7308101058006287,
        -0.07978850603103638,
        0.9904466271400452,
        -0.11246949434280396,
        -0.3077387809753418,
        0.47192978858947754,
        0.13691675662994385,
        0.8709397912025452,
        0.8051576018333435
    ],
    [
        0.868893563747406,
        0.01698789931833744,
        -0.4947073757648468,
        -0.7717859148979187,
        -0.08275111764669418,
        0.9903315901756287,
        -0.11133502423763275,
        -0.3281489312648773,
        0.4880329966545105,
        0.13767588138580322,
        0.8618986010551453,
        0.8783903121948242
    ],
    [
        0.8610352873802185,
        0.01823296770453453,
        -0.5082183480262756,
        -0.8197088837623596,
        -0.08598591387271881,
        0.9901880025863647,
        -0.11015507578849792,
        -0.34869635105133057,
        0.5012232661247253,
        0.13854701817035675,
        0.8541545271873474,
        0.952484667301178
    ],
    [
        0.8534786701202393,
        0.019108444452285767,
        -0.5207773447036743,
        -0.8624230027198792,
        -0.08947919309139252,
        0.9898597598075867,
        -0.11032337695360184,
        -0.36612004041671753,
        0.5133883357048035,
        0.14075739681720734,
        0.8465339541435242,
        1.019901156425476
    ],
    [
        0.84581458568573,
        0.019682850688695908,
        -0.5331137180328369,
        -0.8975817561149597,
        -0.092478446662426,
        0.989599347114563,
        -0.11018563061952591,
        -0.38205793499946594,
        0.5254002809524536,
        0.14249813556671143,
        0.838837742805481,
        1.0807924270629883
    ],
    [
        0.8376496434211731,
        0.020766226574778557,
        -0.5458129048347473,
        -0.9242157340049744,
        -0.09580082446336746,
        0.9893724918365479,
        -0.10938182473182678,
        -0.39619648456573486,
        0.5377408266067505,
        0.14391295611858368,
        0.8307369947433472,
        1.1384409666061401
    ],
    [
        0.8285967111587524,
        0.02215302363038063,
        -0.5594074130058289,
        -0.9425944685935974,
        -0.09999965876340866,
        0.9890040159225464,
        -0.10895447432994843,
        -0.40827077627182007,
        0.5508425831794739,
        0.146219864487648,
        0.8217008113861084,
        1.1971360445022583
    ],
    [
        0.8175075054168701,
        0.023589137941598892,
        -0.5754346251487732,
        -0.9415780305862427,
        -0.10369770973920822,
        0.9888598918914795,
        -0.10678420215845108,
        -0.4231373965740204,
        0.5665052533149719,
        0.14696812629699707,
        0.8108465075492859,
        1.2507802248001099
    ],
    [
        0.8045885562896729,
        0.022828957065939903,
        -0.5933938026428223,
        -0.930811882019043,
        -0.10647935420274734,
        0.9886119365692139,
        -0.10634271055459976,
        -0.4356966018676758,
        0.5842083692550659,
        0.1487462967634201,
        0.7978566288948059,
        1.3060269355773926
    ]
]