[
    [
        0.9999971985816956,
        0.0017474452033638954,
        0.0016255691880360246,
        -0.005026789847761393,
        -0.0017449810402467847,
        0.9999973773956299,
        -0.0015159858157858253,
        -0.022172948345541954,
        -0.0016282147262245417,
        0.0015131450491026044,
        0.9999974966049194,
        0.3808046877384186
    ],
    [
        0.9999966025352478,
        0.0017687196377664804,
        0.001965671544894576,
        -0.0074730380438268185,
        -0.0017653383547440171,
        0.9999969005584717,
        -0.0017207599012181163,
        -0.023688485845923424,
        -0.0019687097519636154,
        0.001717283739708364,
        0.999996542930603,
        0.40126362442970276
    ],
    [
        0.9999973177909851,
        0.0016810173401609063,
        0.0016618992667645216,
        -0.00978406798094511,
        -0.001678080065175891,
        0.9999971389770508,
        -0.0017671458190307021,
        -0.025055227801203728,
        -0.0016648647142574191,
        0.0017643524333834648,
        0.9999970197677612,
        0.42163071036338806
    ],
    [
        0.9999967813491821,
        0.0018920589936897159,
        0.001677755732089281,
        -0.013312519527971745,
        -0.0018887482583522797,
        0.9999963641166687,
        -0.0019727484323084354,
        -0.0264226533472538,
        -0.0016814813716337085,
        0.001969573087990284,
        0.9999966621398926,
        0.4499000310897827
    ],
    [
        0.9999966025352478,
        0.002094828523695469,
        0.0016242442652583122,
        -0.015714198350906372,
        -0.0020914177875965834,
        0.9999955892562866,
        -0.002098546363413334,
        -0.028545552864670753,
        -0.0016286332393065095,
        0.0020951416809111834,
        0.999996542930603,
        0.4737991690635681
    ],
    [
        0.9999967217445374,
        0.002228873549029231,
        0.0012930117081850767,
        -0.016809679567813873,
        -0.002226424403488636,
        0.9999957084655762,
        -0.0018928119679912925,
        -0.03210006281733513,
        -0.0012972254771739244,
        0.0018899267306551337,
        0.9999973773956299,
        0.5059976577758789
    ],
    [
        0.9999966025352478,
        0.0021494124084711075,
        0.001444377237930894,
        -0.01720762997865677,
        -0.002147333463653922,
        0.9999966025352478,
        -0.00143981643486768,
        -0.034402865916490555,
        -0.0014474670169875026,
        0.0014367096591740847,
        0.9999979734420776,
        0.5296914577484131
    ],
    [
        0.999996542930603,
        0.002442349446937442,
        0.0010461113415658474,
        -0.018146365880966187,
        -0.002440390642732382,
        0.9999952912330627,
        -0.0018702107481658459,
        -0.03776492178440094,
        -0.001050674938596785,
        0.0018676506588235497,
        0.9999977350234985,
        0.5609225034713745
    ],
    [
        0.9999969005584717,
        0.00231352006085217,
        0.0008086216985248029,
        -0.018190400674939156,
        -0.002312145195901394,
        0.9999959468841553,
        -0.0016972548328340054,
        -0.03875420242547989,
        -0.0008125452441163361,
        0.001695380313321948,
        0.9999982118606567,
        0.5813642144203186
    ],
    [
        0.9999969601631165,
        0.0024316899944096804,
        0.0006105581996962428,
        -0.01828387752175331,
        -0.0024304974358528852,
        0.9999951124191284,
        -0.0019467531237751245,
        -0.03907804563641548,
        -0.0006152890855446458,
        0.0019452630076557398,
        0.9999979734420776,
        0.6073358058929443
    ],
    [
        0.999996542930603,
        0.002589930547401309,
        0.0005909953033551574,
        -0.01809976063668728,
        -0.0025887698866426945,
        0.9999947547912598,
        -0.0019559566862881184,
        -0.03955391049385071,
        -0.0005960576818324625,
        0.001954420004040003,
        0.9999978542327881,
        0.6268714666366577
    ],
    [
        0.9999955296516418,
        0.0028389813378453255,
        0.000905049906577915,
        -0.01885589025914669,
        -0.002836990635842085,
        0.9999935030937195,
        -0.0021929810754954815,
        -0.04006559029221535,
        -0.0009112699772231281,
        0.0021904034074395895,
        0.9999971389770508,
        0.65460604429245
    ],
    [
        0.9999961256980896,
        0.0028178722131997347,
        0.00017749384278431535,
        -0.018730811774730682,
        -0.002817452885210514,
        0.9999933242797852,
        -0.002319600200280547,
        -0.041526008397340775,
        -0.00018402915156912059,
        0.002319090534001589,
        0.9999972581863403,
        0.6755868196487427
    ],
    [
        0.9999943375587463,
        0.0033241864293813705,
        0.0005387677811086178,
        -0.020002208650112152,
        -0.003322885138913989,
        0.9999915957450867,
        -0.0024002359714359045,
        -0.04308083653450012,
        -0.0005467413575388491,
        0.002398432232439518,
        0.9999970197677612,
        0.6979570984840393
    ],
    [
        0.9999942183494568,
        0.0033914761152118444,
        0.0005196972633711994,
        -0.02134292759001255,
        -0.003390372032299638,
        0.9999920725822449,
        -0.002111737383529544,
        -0.04531603679060936,
        -0.000526854710187763,
        0.0021099625155329704,
        0.999997615814209,
        0.7275026440620422
    ],
    [
        0.999992311000824,
        0.0038687074556946754,
        0.0007909442647360265,
        -0.02240198478102684,
        -0.0038669733330607414,
        0.9999901056289673,
        -0.0021822615526616573,
        -0.0457736998796463,
        -0.0007993797771632671,
        0.0021791860926896334,
        0.9999972581863403,
        0.7489908337593079
    ],
    [
        0.9999907612800598,
        0.0041945697739720345,
        0.0009531213436275721,
        -0.024844426661729813,
        -0.004193026572465897,
        0.9999898672103882,
        -0.001615504501387477,
        -0.04624185338616371,
        -0.0009598878095857799,
        0.001611492712981999,
        0.9999983310699463,
        0.7768826484680176
    ],
    [
        0.9999904632568359,
        0.0043261428363621235,
        0.0006171056884340942,
        -0.02687932178378105,
        -0.004324935842305422,
        0.999988853931427,
        -0.0019428988453000784,
        -0.04617692902684212,
        -0.0006255033076740801,
        0.001940211746841669,
        0.9999979734420776,
        0.7957165837287903
    ],
    [
        0.9999895691871643,
        0.004485965706408024,
        0.0008945268345996737,
        -0.028715332970023155,
        -0.004484126344323158,
        0.9999878406524658,
        -0.0020481825340539217,
        -0.04651012271642685,
        -0.0009037042036652565,
        0.0020441494416445494,
        0.9999974966049194,
        0.8187761902809143
    ],
    [
        0.9999908804893494,
        0.004168591927736998,
        0.0008862974354997277,
        -0.030223263427615166,
        -0.004166423808783293,
        0.9999883770942688,
        -0.002432940760627389,
        -0.04645979776978493,
        -0.0008964286535046995,
        0.002429226180538535,
        0.9999966621398926,
        0.8363392353057861
    ],
    [
        0.9999925494194031,
        0.003856249386444688,
        0.0005121088470332325,
        -0.03152674064040184,
        -0.0038549089804291725,
        0.9999892115592957,
        -0.002592602977529168,
        -0.046731606125831604,
        -0.0005221012397669256,
        0.0025906094815582037,
        0.999996542930603,
        0.8594356179237366
    ],
    [
        0.9999919533729553,
        0.0040176985785365105,
        0.0003985195071436465,
        -0.03273499011993408,
        -0.0040166801773011684,
        0.9999887347221375,
        -0.00252384040504694,
        -0.04749952256679535,
        -0.00040865561459213495,
        0.0025222187396138906,
        0.9999967813491821,
        0.878587007522583
    ],
    [
        0.9999925494194031,
        0.0038685218896716833,
        -9.924131882144138e-05,
        -0.034155022352933884,
        -0.0038687733467668295,
        0.9999889135360718,
        -0.00267084501683712,
        -0.047390203922986984,
        8.89086804818362e-05,
        0.002671208931133151,
        0.9999964237213135,
        0.9050002694129944
    ],
    [
        0.9999918937683105,
        0.0040289293974637985,
        -4.355177588877268e-05,
        -0.03529724106192589,
        -0.004029018338769674,
        0.9999892711639404,
        -0.0022939869668334723,
        -0.04686795547604561,
        3.430822107475251e-05,
        0.002294143894687295,
        0.9999973773956299,
        0.9260120987892151
    ],
    [
        0.9999914169311523,
        0.004141743760555983,
        -0.0001393438142258674,
        -0.035821475088596344,
        -0.004142007790505886,
        0.9999895095825195,
        -0.0019478165777400136,
        -0.04727313295006752,
        0.00013127518468536437,
        0.0019483764190226793,
        0.9999980926513672,
        0.9540696740150452
    ]
]