[
    [
        0.9999658465385437,
        -0.008244425989687443,
        0.0004912059521302581,
        0.03255440667271614,
        0.008218666538596153,
        0.9991894364356995,
        0.03940724581480026,
        -0.2160971760749817,
        -0.0008156979456543922,
        -0.039401862770318985,
        0.9992231130599976,
        2.1568562984466553
    ],
    [
        0.9999676942825317,
        -0.008033844642341137,
        0.00043218766222707927,
        0.016561252996325493,
        0.008010132238268852,
        0.9991676211357117,
        0.039996299892663956,
        -0.4091430902481079,
        -0.0007531525334343314,
        -0.03999154269695282,
        0.9991998076438904,
        2.2058634757995605
    ],
    [
        0.9999699592590332,
        -0.007752024568617344,
        0.00041363792843185365,
        0.0025659934617578983,
        0.007728789001703262,
        0.9991427659988403,
        0.04066983982920647,
        -0.6000778079032898,
        -0.0007285569445230067,
        -0.04066541790962219,
        0.9991725087165833,
        2.2553625106811523
    ],
    [
        0.9999703764915466,
        -0.007668816018849611,
        0.0005823917454108596,
        -0.0075408099219202995,
        0.007637915667146444,
        0.9991034865379333,
        0.04163974151015282,
        -0.792087197303772,
        -0.0009011973743326962,
        -0.04163406044244766,
        0.999132513999939,
        2.3051724433898926
    ],
    [
        0.9999715685844421,
        -0.007519236300140619,
        0.0005685012438334525,
        -0.02097306214272976,
        0.007488232105970383,
        0.9990659356117249,
        0.04255898296833038,
        -0.9850355386734009,
        -0.0008879813249222934,
        -0.042553603649139404,
        0.9990938305854797,
        2.3554744720458984
    ],
    [
        0.9999732375144958,
        -0.007286842446774244,
        0.0006000258144922554,
        -0.032417573034763336,
        0.007254160474985838,
        0.9990419745445251,
        0.043157633394002914,
        -1.179928183555603,
        -0.0009139336762018502,
        -0.04315215349197388,
        0.9990681409835815,
        2.4068260192871094
    ],
    [
        0.9999732971191406,
        -0.0072910781018435955,
        0.0005968597251921892,
        -0.0485379658639431,
        0.007257589139044285,
        0.998997151851654,
        0.044182561337947845,
        -1.3751729726791382,
        -0.0009183991933241487,
        -0.04417700693011284,
        0.9990232586860657,
        2.4589755535125732
    ],
    [
        0.9999748468399048,
        -0.007083617616444826,
        0.00043450697558000684,
        -0.06532925367355347,
        0.007057006470859051,
        0.9989688396453857,
        0.044848181307315826,
        -1.5736477375030518,
        -0.0007517454796470702,
        -0.044843994081020355,
        0.9989936947822571,
        2.511225938796997
    ],
    [
        0.9999761581420898,
        -0.00689821457490325,
        0.00030537505517713726,
        -0.08316505700349808,
        0.006877156440168619,
        0.9989390969276428,
        0.04553527384996414,
        -1.7710120677947998,
        -0.0006191623979248106,
        -0.045531995594501495,
        0.9989627003669739,
        2.5651803016662598
    ],
    [
        0.9999780058860779,
        -0.006624528672546148,
        0.00019092437287326902,
        -0.101126529276371,
        0.00660858815535903,
        0.9989058375358582,
        0.04629523307085037,
        -1.9716744422912598,
        -0.0004974002949893475,
        -0.04629291966557503,
        0.9989277720451355,
        2.6187312602996826
    ],
    [
        0.9999800324440002,
        -0.006335327867418528,
        9.547797526465729e-05,
        -0.12154899537563324,
        0.006323746405541897,
        0.9988639950752258,
        0.04723065719008446,
        -2.174551010131836,
        -0.00039458886021748185,
        -0.04722896218299866,
        0.9988839626312256,
        2.672558307647705
    ],
    [
        0.9999819397926331,
        -0.00600139144808054,
        2.7218376999371685e-05,
        -0.14260636270046234,
        0.005993214901536703,
        0.9988367557525635,
        0.04784654825925827,
        -2.376699447631836,
        -0.0003143316716887057,
        -0.047845520079135895,
        0.9988546967506409,
        2.726644515991211
    ],
    [
        0.999984085559845,
        -0.005640313029289246,
        -7.253387138916878e-06,
        -0.16430912911891937,
        0.005633961409330368,
        0.9987950921058655,
        0.0487515889108181,
        -2.5804736614227295,
        -0.0002677268348634243,
        -0.04875082150101662,
        0.998810887336731,
        2.7809338569641113
    ],
    [
        0.9999855160713196,
        -0.005392867140471935,
        -3.053587715839967e-05,
        -0.1860847920179367,
        0.005387736018747091,
        0.9987530708312988,
        0.04963209852576256,
        -2.785789966583252,
        -0.00023716282157693058,
        -0.049631573259830475,
        0.9987675547599792,
        2.835507869720459
    ],
    [
        0.9999885559082031,
        -0.004793684463948011,
        -0.00015769261517561972,
        -0.2083963304758072,
        0.004795518238097429,
        0.9987063407897949,
        0.05062074586749077,
        -2.992385149002075,
        -8.517059904988855e-05,
        -0.05062078684568405,
        0.9987178444862366,
        2.8907880783081055
    ],
    [
        0.9999904632568359,
        -0.004361221566796303,
        -0.00022135977633297443,
        -0.23018276691436768,
        0.004366839770227671,
        0.9986706972122192,
        0.05135906860232353,
        -3.1995532512664795,
        -2.9237803573778365e-06,
        -0.05135965347290039,
        0.9986802935600281,
        2.9469094276428223
    ],
    [
        0.9999921321868896,
        -0.003955023363232613,
        -0.0004391073889564723,
        -0.25503507256507874,
        0.003972538746893406,
        0.9986326694488525,
        0.05212601274251938,
        -3.408400297164917,
        0.00023234692343976349,
        -0.05212734639644623,
        0.9986403584480286,
        3.0037081241607666
    ],
    [
        0.9999929666519165,
        -0.0037404841277748346,
        -0.000390922708902508,
        -0.2773236036300659,
        0.0037559615448117256,
        0.9985824823379517,
        0.0530928410589695,
        -3.6188852787017822,
        0.00019177586364094168,
        -0.05309385061264038,
        0.9985894560813904,
        3.0616421699523926
    ],
    [
        0.9999940395355225,
        -0.003414212493225932,
        -0.0005144831957295537,
        -0.30236929655075073,
        0.0034369302447885275,
        0.9985482096672058,
        0.053756244480609894,
        -3.828538417816162,
        0.0003302013501524925,
        -0.05375765264034271,
        0.9985539317131042,
        3.1198370456695557
    ],
    [
        0.9999954700469971,
        -0.003001060802489519,
        -0.0003997627063654363,
        -0.32757532596588135,
        0.003018415067344904,
        0.9985039830207825,
        0.05459686741232872,
        -4.039966106414795,
        0.00023531618353445083,
        -0.0545978769659996,
        0.9985083341598511,
        3.178283214569092
    ],
    [
        0.9999967217445374,
        -0.0025283817667514086,
        -0.00045749155106022954,
        -0.35306516289711,
        0.002549832221120596,
        0.9984627366065979,
        0.05536850541830063,
        -4.254897117614746,
        0.0003167960967402905,
        -0.055369503796100616,
        0.9984658360481262,
        3.2368102073669434
    ],
    [
        0.9999980926513672,
        -0.001859353156760335,
        -0.0006156860035844147,
        -0.3805381953716278,
        0.0018910550279542804,
        0.9984138011932373,
        0.0562702901661396,
        -4.46643590927124,
        0.0005100828711874783,
        -0.05627135932445526,
        0.9984153509140015,
        3.2953250408172607
    ],
    [
        0.9999988079071045,
        -0.0014619737630710006,
        -0.0006118844030424953,
        -0.4070712625980377,
        0.0014946151059120893,
        0.9983581900596619,
        0.05725990980863571,
        -4.6810102462768555,
        0.0005271667614579201,
        -0.057260725647211075,
        0.9983590841293335,
        3.3543639183044434
    ],
    [
        0.9999992847442627,
        -0.0009571016416884959,
        -0.0007194420322775841,
        -0.4343580901622772,
        0.0009973704582080245,
        0.9983027577400208,
        0.05822871997952461,
        -4.899006366729736,
        0.0006624900852330029,
        -0.05822940170764923,
        0.9983029961585999,
        3.4123141765594482
    ],
    [
        0.9999995827674866,
        -0.0003200256614945829,
        -0.000893876189365983,
        -0.4685504734516144,
        0.00037257495569065213,
        0.9982328414916992,
        0.05942244827747345,
        -5.174666404724121,
        0.000873279816005379,
        -0.05942271277308464,
        0.9982324838638306,
        3.4841575622558594
    ]
]