[
    [
        0.9933123588562012,
        -0.013773538172245026,
        0.11463318765163422,
        -0.06547828763723373,
        0.014170822687447071,
        0.9998961091041565,
        -0.002651479560881853,
        -0.06035836786031723,
        -0.11458474397659302,
        0.004258193541318178,
        0.9934043288230896,
        0.2983391582965851
    ],
    [
        0.9891579747200012,
        -0.01948161981999874,
        0.14555776119232178,
        -0.05761305242776871,
        0.020383939146995544,
        0.9997811317443848,
        -0.004710016772150993,
        -0.07019266486167908,
        -0.14543414115905762,
        0.007625990081578493,
        0.9893386363983154,
        0.3724857568740845
    ],
    [
        0.9834790229797363,
        -0.02581627108156681,
        0.179172083735466,
        -0.03243837505578995,
        0.026878781616687775,
        0.9996325969696045,
        -0.0035046162083745003,
        -0.08867201209068298,
        -0.17901577055454254,
        0.008262643590569496,
        0.9838115572929382,
        0.4760096073150635
    ],
    [
        0.9329288005828857,
        -0.055723290890455246,
        0.3557226061820984,
        0.5357109308242798,
        0.06017432361841202,
        0.9981868267059326,
        -0.0014508672757074237,
        -0.30900415778160095,
        -0.35499683022499084,
        0.022758925333619118,
        0.9345904588699341,
        1.5506579875946045
    ],
    [
        0.9330718517303467,
        -0.05574708431959152,
        0.35534390807151794,
        0.6130251884460449,
        0.060362715274095535,
        0.9981746673583984,
        -0.0019063709769397974,
        -0.33494895696640015,
        -0.35458904504776,
        0.02322830818593502,
        0.9347336888313293,
        1.6403193473815918
    ],
    [
        0.9336108565330505,
        -0.05589410662651062,
        0.3539018929004669,
        0.66647869348526,
        0.060404274612665176,
        0.9981725811958313,
        -0.0017013819888234138,
        -0.34637612104415894,
        -0.3531600534915924,
        0.02296561934053898,
        0.9352810382843018,
        1.7038146257400513
    ],
    [
        0.9333704710006714,
        -0.05505238473415375,
        0.35466718673706055,
        0.737644612789154,
        0.05946141108870506,
        0.9982293844223022,
        -0.0015355676878243685,
        -0.36712875962257385,
        -0.3539547622203827,
        0.02252226322889328,
        0.9349913597106934,
        1.794316291809082
    ],
    [
        0.9338863492012024,
        -0.05608155205845833,
        0.3531448543071747,
        0.7916340827941895,
        0.06015954911708832,
        0.9981886148452759,
        -0.0005725976079702377,
        -0.38659924268722534,
        -0.35247302055358887,
        0.021779773756861687,
        0.9355684518814087,
        1.8631230592727661
    ],
    [
        0.9338184595108032,
        -0.05529206618666649,
        0.3534485101699829,
        0.8530969023704529,
        0.06015314161777496,
        0.9981852769851685,
        -0.002773759188130498,
        -0.41511040925979614,
        -0.35265377163887024,
        0.02385123260319233,
        0.9354499578475952,
        1.944462776184082
    ],
    [
        0.9340459704399109,
        -0.05503500625491142,
        0.35288703441619873,
        0.9009299874305725,
        0.059932757169008255,
        0.9981979727745056,
        -0.002958763623610139,
        -0.4334407150745392,
        -0.3520883023738861,
        0.02391311526298523,
        0.9356611967086792,
        2.0097334384918213
    ],
    [
        0.9343732595443726,
        -0.05453868210315704,
        0.35209694504737854,
        0.9653096199035645,
        0.059377361088991165,
        0.9982312321662903,
        -0.0029491963796317577,
        -0.4496435225009918,
        -0.3513132929801941,
        0.02366223931312561,
        0.935958981513977,
        2.0938198566436768
    ],
    [
        0.9344322085380554,
        -0.05467744544148445,
        0.35191863775253296,
        1.0242708921432495,
        0.05933189392089844,
        0.9982353448867798,
        -0.0024456882383674383,
        -0.4561083912849426,
        -0.35116392374038696,
        0.02316533587872982,
        0.9360273480415344,
        2.168339490890503
    ],
    [
        0.9346029162406921,
        -0.05482470244169235,
        0.3514424264431,
        1.100207805633545,
        0.05919421836733818,
        0.9982450008392334,
        -0.0016918706241995096,
        -0.4739302396774292,
        -0.35073286294937134,
        0.022384578362107277,
        0.9362080097198486,
        2.2621304988861084
    ],
    [
        0.9348857402801514,
        -0.055046405643224716,
        0.3506543040275574,
        1.1727770566940308,
        0.05934861674904823,
        0.9982360601425171,
        -0.0015253471210598946,
        -0.4948495030403137,
        -0.349951833486557,
        0.022236870601773262,
        0.9365037679672241,
        2.3539674282073975
    ],
    [
        0.9348991513252258,
        -0.05472631752490997,
        0.3506687879562378,
        1.2242777347564697,
        0.059167228639125824,
        0.9982461333274841,
        -0.001953556202352047,
        -0.5075845718383789,
        -0.34994685649871826,
        0.022574471309781075,
        0.9364975094795227,
        2.4229557514190674
    ],
    [
        0.9350466728210449,
        -0.05357776954770088,
        0.350452721118927,
        1.2748208045959473,
        0.05804966017603874,
        0.9983111619949341,
        -0.002259529195725918,
        -0.5186057090759277,
        -0.34973981976509094,
        0.022456428036093712,
        0.9365776777267456,
        2.5122921466827393
    ],
    [
        0.9351209402084351,
        -0.05304446443915367,
        0.35033586621284485,
        1.3120566606521606,
        0.05741108953952789,
        0.9983483552932739,
        -0.002082136692479253,
        -0.5209064483642578,
        -0.34964680671691895,
        0.0220602136105299,
        0.9366217255592346,
        2.5948305130004883
    ],
    [
        0.9346337914466858,
        -0.05221528932452202,
        0.35175707936286926,
        1.3559781312942505,
        0.0563192255795002,
        0.9984117746353149,
        -0.0014370698481798172,
        -0.5273810625076294,
        -0.3511233627796173,
        0.021153822541236877,
        0.9360902309417725,
        2.710575819015503
    ],
    [
        0.9330118894577026,
        -0.05166420713067055,
        0.35611745715141296,
        1.3874279260635376,
        0.055675845593214035,
        0.998448371887207,
        -0.0010170330060645938,
        -0.5387133359909058,
        -0.3555123209953308,
        0.020776044577360153,
        0.9344407320022583,
        2.7995200157165527
    ],
    [
        0.9275432825088501,
        -0.0530661903321743,
        0.3699289560317993,
        1.4292398691177368,
        0.057540412992239,
        0.9983426332473755,
        -0.0010623305570334196,
        -0.5546262860298157,
        -0.36925941705703735,
        0.02227121964097023,
        0.9290594458580017,
        2.8998353481292725
    ],
    [
        0.9190275073051453,
        -0.0552888885140419,
        0.39029666781425476,
        1.4654260873794556,
        0.060380250215530396,
        0.9981750845909119,
        -0.000776642351411283,
        -0.5648154616355896,
        -0.38954150676727295,
        0.024279972538352013,
        0.920688807964325,
        2.9727365970611572
    ],
    [
        0.9028931856155396,
        -0.059933971613645554,
        0.4256662130355835,
        1.5185636281967163,
        0.066063791513443,
        0.9978153705596924,
        0.00036292901495471597,
        -0.5655573010444641,
        -0.42475804686546326,
        0.027793439105153084,
        0.9048802256584167,
        3.064018487930298
    ],
    [
        0.8849378228187561,
        -0.06577004492282867,
        0.4610415995121002,
        1.5640783309936523,
        0.0721990093588829,
        0.9973833560943604,
        0.00370100699365139,
        -0.5655535459518433,
        -0.460078626871109,
        0.030011577531695366,
        0.8873708844184875,
        3.1318814754486084
    ],
    [
        0.856797456741333,
        -0.07317301630973816,
        0.5104348063468933,
        1.6296361684799194,
        0.08155551552772522,
        0.9966508746147156,
        0.0059780338779091835,
        -0.5756530165672302,
        -0.5091628432273865,
        0.036506809294223785,
        0.859895646572113,
        3.2115190029144287
    ],
    [
        0.8195980191230774,
        -0.08233236521482468,
        0.5669925212860107,
        1.6882964372634888,
        0.0917166918516159,
        0.9957127571105957,
        0.012008205987513065,
        -0.5898863673210144,
        -0.5655503273010254,
        0.04216077923774719,
        0.8236353993415833,
        3.273425817489624
    ]
]