[
    [
        0.9847151041030884,
        -0.027928315103054047,
        0.17191936075687408,
        -0.08901822566986084,
        0.028553741052746773,
        0.9995916485786438,
        -0.0011656066635623574,
        -0.04870358482003212,
        -0.1718166023492813,
        0.006056732032448053,
        0.9851104021072388,
        0.32668378949165344
    ],
    [
        0.9679375886917114,
        -0.03946426510810852,
        0.2480713427066803,
        -0.09287453442811966,
        0.04090816155076027,
        0.9991627335548401,
        -0.0006664650281891227,
        -0.0658036544919014,
        -0.24783731997013092,
        0.010793239809572697,
        0.9687416553497314,
        0.4693193733692169
    ],
    [
        0.9441475868225098,
        -0.04948774725198746,
        0.3257858157157898,
        -0.11043387651443481,
        0.05234334245324135,
        0.9986292123794556,
        1.9207368495699484e-07,
        -0.10655806958675385,
        -0.3253391981124878,
        0.017052536830306053,
        0.9454435706138611,
        0.6695026755332947
    ],
    [
        0.9185879826545715,
        -0.05849013850092888,
        0.3908643126487732,
        -0.10861346125602722,
        0.06297332048416138,
        0.9980143308639526,
        0.0013494630111381412,
        -0.14652012288570404,
        -0.3901670575141907,
        0.023374419659376144,
        0.9204472899436951,
        0.8227614760398865
    ],
    [
        0.892755925655365,
        -0.06635824590921402,
        0.44562697410583496,
        -0.03446948900818825,
        0.07297217100858688,
        0.9973312616348267,
        0.0023221520241349936,
        -0.17529825866222382,
        -0.44459185004234314,
        0.03044525533914566,
        0.8952156901359558,
        0.9921255707740784
    ],
    [
        0.871731162071228,
        -0.07301703840494156,
        0.4845134913921356,
        0.08724885433912277,
        0.08035626262426376,
        0.9967502355575562,
        0.005635946523398161,
        -0.20683902502059937,
        -0.4833504259586334,
        0.03402065858244896,
        0.8747655749320984,
        1.1706671714782715
    ],
    [
        0.852093517780304,
        -0.07581019401550293,
        0.5178700685501099,
        0.22155696153640747,
        0.08588630706071854,
        0.9962947368621826,
        0.004530320409685373,
        -0.24630485475063324,
        -0.5162946581840515,
        0.040617696940898895,
        0.8554472923278809,
        1.3233685493469238
    ],
    [
        0.8324334025382996,
        -0.07852519303560257,
        0.5485329627990723,
        0.3443630635738373,
        0.09080811589956284,
        0.9958571195602417,
        0.0047547961585223675,
        -0.27235645055770874,
        -0.546633780002594,
        0.04585319757461548,
        0.8361154198646545,
        1.4888107776641846
    ],
    [
        0.8100082874298096,
        -0.08160784095525742,
        0.5807121992111206,
        0.45237410068511963,
        0.09550096094608307,
        0.995406985282898,
        0.006675332318991423,
        -0.3217622637748718,
        -0.5785897970199585,
        0.050051502883434296,
        0.8140814304351807,
        1.6713299751281738
    ],
    [
        0.7786105275154114,
        -0.08553135395050049,
        0.6216511726379395,
        0.5649617910385132,
        0.10248079895973206,
        0.9946986436843872,
        0.008502022363245487,
        -0.36825400590896606,
        -0.6190826892852783,
        0.05708754062652588,
        0.7832480669021606,
        1.8313952684402466
    ],
    [
        0.753769040107727,
        -0.0884091928601265,
        0.6511651873588562,
        0.7211163640022278,
        0.10809247940778732,
        0.9940920472145081,
        0.009844107553362846,
        -0.39856648445129395,
        -0.6481884121894836,
        0.06296588480472565,
        0.7588720917701721,
        1.9866594076156616
    ],
    [
        0.7323322296142578,
        -0.09004220366477966,
        0.6749679446220398,
        0.8963944315910339,
        0.11251294612884521,
        0.9935950040817261,
        0.010472489520907402,
        -0.45126786828041077,
        -0.6715879440307617,
        0.06827329099178314,
        0.7377726435661316,
        2.143453598022461
    ],
    [
        0.7152292728424072,
        -0.0906762108206749,
        0.6929826736450195,
        1.0359816551208496,
        0.11490371078252792,
        0.9933114051818848,
        0.011381560936570168,
        -0.49163323640823364,
        -0.6893796920776367,
        0.07148576527833939,
        0.7208645343780518,
        2.2796947956085205
    ],
    [
        0.6983461976051331,
        -0.09233258664608002,
        0.7097796201705933,
        1.1753946542739868,
        0.11723397672176361,
        0.9930079579353333,
        0.01383120846003294,
        -0.5361983776092529,
        -0.7060940861701965,
        0.07355134934186935,
        0.7042878866195679,
        2.4311883449554443
    ],
    [
        0.6785125136375427,
        -0.09240154922008514,
        0.7287542223930359,
        1.3143911361694336,
        0.1206054762005806,
        0.9926078915596008,
        0.013565863482654095,
        -0.5908839106559753,
        -0.7246207594871521,
        0.07868712395429611,
        0.6846410036087036,
        2.5869572162628174
    ],
    [
        0.6606547236442566,
        -0.09318853914737701,
        0.7448834180831909,
        1.4659955501556396,
        0.12369974702596664,
        0.9922149181365967,
        0.014418660663068295,
        -0.6254335045814514,
        -0.7404279708862305,
        0.08261618763208389,
        0.6670385599136353,
        2.7142133712768555
    ],
    [
        0.645187497138977,
        -0.09555062651634216,
        0.7580256462097168,
        1.676748275756836,
        0.12606219947338104,
        0.9918639063835144,
        0.017729489132761955,
        -0.6679234504699707,
        -0.7535525560379028,
        0.084119513630867,
        0.6519837975502014,
        2.8506672382354736
    ],
    [
        0.6356498003005981,
        -0.09464018791913986,
        0.7661542892456055,
        1.8448928594589233,
        0.12713710963726044,
        0.9917391538619995,
        0.017024895176291466,
        -0.7058311700820923,
        -0.7614364624023438,
        0.08658480644226074,
        0.6424309015274048,
        2.951374053955078
    ],
    [
        0.6286614537239075,
        -0.09249109774827957,
        0.7721591591835022,
        2.0366451740264893,
        0.12780915200710297,
        0.9916893839836121,
        0.014729716815054417,
        -0.7390024065971375,
        -0.7671045660972595,
        0.08942903578281403,
        0.6352582573890686,
        3.089158535003662
    ],
    [
        0.6206986904144287,
        -0.090994693338871,
        0.7787508964538574,
        2.2150650024414062,
        0.12802483141422272,
        0.991674542427063,
        0.01383270975202322,
        -0.7981042265892029,
        -0.7735260725021362,
        0.09111347049474716,
        0.6271806955337524,
        3.251490354537964
    ],
    [
        0.6119655966758728,
        -0.09025158733129501,
        0.7857182025909424,
        2.3668720722198486,
        0.1293153017759323,
        0.9915161728858948,
        0.013171995058655739,
        -0.8404395580291748,
        -0.7802408337593079,
        0.09354452788829803,
        0.618444561958313,
        3.3600552082061768
    ],
    [
        0.6073869466781616,
        -0.0914311408996582,
        0.7891269326210022,
        2.5687248706817627,
        0.13013550639152527,
        0.991387128829956,
        0.01470111683011055,
        -0.8699129819869995,
        -0.7836746573448181,
        0.09376420080661774,
        0.6140543222427368,
        3.4787375926971436
    ],
    [
        0.6063783168792725,
        -0.08924423158168793,
        0.7901525497436523,
        2.7502546310424805,
        0.13056519627571106,
        0.9913697838783264,
        0.011772537603974342,
        -0.902492344379425,
        -0.7843838930130005,
        0.09602784365415573,
        0.6127973794937134,
        3.5662453174591064
    ],
    [
        0.6079195737838745,
        -0.08710778504610062,
        0.7892058491706848,
        2.920492172241211,
        0.12935873866081238,
        0.991549551486969,
        0.009797263890504837,
        -0.9123306274414062,
        -0.7833901643753052,
        0.0961347222328186,
        0.6140503883361816,
        3.659233570098877
    ],
    [
        0.6093304753303528,
        -0.08675065636634827,
        0.7881568074226379,
        3.1108222007751465,
        0.1280602514743805,
        0.991714358329773,
        0.010151357389986515,
        -0.9210457801818848,
        -0.7825068831443787,
        0.09474605321884155,
        0.6153910160064697,
        3.76556134223938
    ]
]