[
    [
        0.9998619556427002,
        0.01012718491256237,
        -0.013175103813409805,
        -0.038525015115737915,
        -0.010002356953918934,
        0.9999048113822937,
        0.0095061669126153,
        -0.04688524082303047,
        0.0132701201364398,
        -0.009373072534799576,
        0.9998679161071777,
        0.35061269998550415
    ],
    [
        0.9996941089630127,
        0.012201876379549503,
        -0.021513506770133972,
        -0.034884240478277206,
        -0.012020211666822433,
        0.9998911619186401,
        0.00855334848165512,
        -0.061086807399988174,
        0.021615533158183098,
        -0.008292133919894695,
        0.9997319579124451,
        0.48207998275756836
    ],
    [
        0.9995678067207336,
        0.013283495791256428,
        -0.026226598769426346,
        -0.042210280895233154,
        -0.013169307261705399,
        0.9999030232429504,
        0.004521824419498444,
        -0.06592318415641785,
        0.026284122839570045,
        -0.004174483474344015,
        0.9996458292007446,
        0.6142673492431641
    ],
    [
        0.9994750618934631,
        0.014440486207604408,
        -0.028999466449022293,
        -0.0743761882185936,
        -0.014447475783526897,
        0.9998955726623535,
        -3.153743818984367e-05,
        -0.06685453653335571,
        0.02899598330259323,
        0.0004504895769059658,
        0.9995794892311096,
        0.7873679995536804
    ],
    [
        0.9994156956672668,
        0.01324140653014183,
        -0.03151208907365799,
        -0.13506506383419037,
        -0.013421465642750263,
        0.9998947381973267,
        -0.0055093527771532536,
        -0.08065782487392426,
        0.03143581748008728,
        0.005929072853177786,
        0.9994882345199585,
        1.0037074089050293
    ],
    [
        0.9993401765823364,
        0.012850801460444927,
        -0.03397054225206375,
        -0.18757648766040802,
        -0.013252836652100086,
        0.9998444318771362,
        -0.011636301875114441,
        -0.10464102774858475,
        0.03381572291254997,
        0.012078830040991306,
        0.9993550181388855,
        1.1970077753067017
    ],
    [
        0.9992138147354126,
        0.012075346894562244,
        -0.03776140511035919,
        -0.2263198047876358,
        -0.012683424167335033,
        0.9997930526733398,
        -0.01590527780354023,
        -0.12665438652038574,
        0.037561532109975815,
        0.016371717676520348,
        0.9991601705551147,
        1.3958410024642944
    ],
    [
        0.9989925622940063,
        0.013276560232043266,
        -0.04286623001098633,
        -0.25861188769340515,
        -0.014075103215873241,
        0.9997320771217346,
        -0.018380984663963318,
        -0.1550777554512024,
        0.04261070862412453,
        0.018965814262628555,
        0.9989116787910461,
        1.6128132343292236
    ],
    [
        0.9988327026367188,
        0.017876222729682922,
        -0.04487312212586403,
        -0.3070378601551056,
        -0.018803391605615616,
        0.9996166229248047,
        -0.020325617864727974,
        -0.17405354976654053,
        0.044492583721876144,
        0.021145660430192947,
        0.9987858533859253,
        1.825241208076477
    ],
    [
        0.998949408531189,
        0.019740434363484383,
        -0.041356708854436874,
        -0.38993752002716064,
        -0.02072291262447834,
        0.9995099902153015,
        -0.023463711142539978,
        -0.1896096169948578,
        0.04087325558066368,
        0.024296091869473457,
        0.9988688826560974,
        2.0524520874023438
    ],
    [
        0.9991047382354736,
        0.01757991313934326,
        -0.03848195821046829,
        -0.45999279618263245,
        -0.018609479069709778,
        0.9994738698005676,
        -0.02656177431344986,
        -0.20261907577514648,
        0.037994757294654846,
        0.027254119515419006,
        0.998906135559082,
        2.268203020095825
    ],
    [
        0.9992188811302185,
        0.014095285907387733,
        -0.03691931813955307,
        -0.5155505537986755,
        -0.015054436400532722,
        0.9995529055595398,
        -0.0258317980915308,
        -0.21109305322170258,
        0.036538708955049515,
        0.026367418467998505,
        0.9989843368530273,
        2.489597797393799
    ],
    [
        0.9992626905441284,
        0.011240589432418346,
        -0.036710482090711594,
        -0.5647448301315308,
        -0.012072057463228703,
        0.9996738433837891,
        -0.022506751120090485,
        -0.221406951546669,
        0.03644551336765289,
        0.02293332666158676,
        0.9990724921226501,
        2.7464652061462402
    ],
    [
        0.9993589520454407,
        0.010684220120310783,
        -0.03416920453310013,
        -0.6131359934806824,
        -0.011351300403475761,
        0.999747633934021,
        -0.019388774409890175,
        -0.22316335141658783,
        0.03395342454314232,
        0.019764207303524017,
        0.9992280006408691,
        2.964268684387207
    ],
    [
        0.9995536208152771,
        0.014626768417656422,
        -0.026052279397845268,
        -0.6876106858253479,
        -0.01503751054406166,
        0.999764621257782,
        -0.01564054749906063,
        -0.22981777787208557,
        0.025817373767495155,
        0.016025325283408165,
        0.9995383024215698,
        3.1765806674957275
    ],
    [
        0.9997438192367554,
        0.017200954258441925,
        -0.014713690616190434,
        -0.7477167248725891,
        -0.017395837232470512,
        0.9997612833976746,
        -0.013221155852079391,
        -0.23417142033576965,
        0.014482761733233929,
        0.013473724946379662,
        0.9998043179512024,
        3.365513801574707
    ],
    [
        0.9998676776885986,
        0.01552568282932043,
        -0.004867115058004856,
        -0.7866037487983704,
        -0.015570580959320068,
        0.9998353123664856,
        -0.00932666752487421,
        -0.22458764910697937,
        0.004721513949334621,
        0.009401218965649605,
        0.9999445080757141,
        3.5526599884033203
    ],
    [
        0.9998914003372192,
        0.014019849710166454,
        0.004539931658655405,
        -0.8209790587425232,
        -0.013994556851685047,
        0.9998866319656372,
        -0.005556035321205854,
        -0.2149820178747177,
        -0.004617315251380205,
        0.005491897463798523,
        0.999974250793457,
        3.7425029277801514
    ],
    [
        0.9997130036354065,
        0.014811319299042225,
        0.01883094199001789,
        -0.8586713671684265,
        -0.01476098969578743,
        0.9998870491981506,
        -0.002808821154758334,
        -0.19944719970226288,
        -0.018870418891310692,
        0.002530051162466407,
        0.999818742275238,
        3.926150321960449
    ],
    [
        0.9993187189102173,
        0.015412697568535805,
        0.033533912152051926,
        -0.9079452753067017,
        -0.015402071177959442,
        0.9998812675476074,
        -0.0005755028105340898,
        -0.17468377947807312,
        -0.033538948744535446,
        5.862187026650645e-05,
        0.9994373917579651,
        4.115416049957275
    ],
    [
        0.9985780715942383,
        0.01468639262020588,
        0.05124528333544731,
        -0.9507036805152893,
        -0.014743780717253685,
        0.9998910427093506,
        0.0007420692127197981,
        -0.15205325186252594,
        -0.05122847855091095,
        -0.0014965611044317484,
        0.9986858367919922,
        4.303965091705322
    ],
    [
        0.9974120855331421,
        0.012623005546629429,
        0.0707782655954361,
        -0.9822610020637512,
        -0.012713761068880558,
        0.9999188780784607,
        0.0008317787433043122,
        -0.13667863607406616,
        -0.07076215744018555,
        -0.0017294883728027344,
        0.997491717338562,
        4.464493751525879
    ],
    [
        0.9958288073539734,
        0.012624860741198063,
        0.09036405384540558,
        -0.9999172687530518,
        -0.012538411654531956,
        0.999920129776001,
        -0.0015243386151269078,
        -0.12496510148048401,
        -0.09037593752145767,
        0.0003849594504572451,
        0.995907723903656,
        4.631886005401611
    ],
    [
        0.9936790466308594,
        0.012135149911046028,
        0.1116010993719101,
        -1.0062768459320068,
        -0.011849325150251389,
        0.9999246001243591,
        -0.0032239521387964487,
        -0.140971839427948,
        -0.11163198947906494,
        0.0018811755580827594,
        0.9937477707862854,
        4.791236877441406
    ],
    [
        0.9905043840408325,
        0.010518496856093407,
        0.1370781809091568,
        -1.0123308897018433,
        -0.009667066857218742,
        0.999929666519165,
        -0.006875564809888601,
        -0.1627752035856247,
        -0.13714084029197693,
        0.005485128611326218,
        0.9905363321304321,
        4.958049774169922
    ]
]