[
    [
        0.9873398542404175,
        0.020333262160420418,
        -0.15731053054332733,
        0.0636645257472992,
        -0.019487673416733742,
        0.9997861981391907,
        0.0069159879349172115,
        -0.04751953110098839,
        0.15741753578186035,
        -0.0037628139834851027,
        0.9875249862670898,
        0.3404075801372528
    ],
    [
        0.9634406566619873,
        0.03468499332666397,
        -0.2656668424606323,
        0.0724535807967186,
        -0.03214755281805992,
        0.9993864893913269,
        0.013895035721361637,
        -0.08786091953516006,
        0.26598578691482544,
        -0.004846503958106041,
        0.9639648199081421,
        0.5498260259628296
    ],
    [
        0.9329861402511597,
        0.04831961169838905,
        -0.3566538393497467,
        -0.004594087600708008,
        -0.04380550980567932,
        0.998824954032898,
        0.020728515461087227,
        -0.11671512573957443,
        0.35723641514778137,
        -0.0037160138599574566,
        0.9340066313743591,
        0.8026984333992004
    ],
    [
        0.9072927236557007,
        0.05729621276259422,
        -0.41657766699790955,
        -0.1012127622961998,
        -0.05108517035841942,
        0.9983544945716858,
        0.026052100583910942,
        -0.15238775312900543,
        0.4173848628997803,
        -0.0023559387773275375,
        0.9087268114089966,
        1.0057387351989746
    ],
    [
        0.8746126890182495,
        0.06581592559814453,
        -0.48033419251441956,
        -0.2102968841791153,
        -0.058046821504831314,
        0.9978314638137817,
        0.031029904261231422,
        -0.1940305233001709,
        0.4813348352909088,
        0.0007427154923789203,
        0.8765365481376648,
        1.1919523477554321
    ],
    [
        0.8362820148468018,
        0.07490530610084534,
        -0.5431589484214783,
        -0.3370877206325531,
        -0.06570775806903839,
        0.9971766471862793,
        0.036349568516016006,
        -0.2255585789680481,
        0.5443481802940369,
        0.005291271954774857,
        0.8388426303863525,
        1.387372612953186
    ],
    [
        0.7797473073005676,
        0.08622674643993378,
        -0.6201284527778625,
        -0.4548267722129822,
        -0.07422932982444763,
        0.9962170124053955,
        0.0451848991215229,
        -0.3086146414279938,
        0.6216785311698914,
        0.01079891063272953,
        0.7831980586051941,
        1.572327733039856
    ],
    [
        0.716292142868042,
        0.09430400282144547,
        -0.6913987398147583,
        -0.5111650228500366,
        -0.08182797580957413,
        0.9953414797782898,
        0.050986457616090775,
        -0.4209151566028595,
        0.6929861903190613,
        0.020054521039128304,
        0.7206720113754272,
        1.6630325317382812
    ],
    [
        0.6582966446876526,
        0.10474026203155518,
        -0.7454360127449036,
        -0.577788233757019,
        -0.08750724047422409,
        0.994206428527832,
        0.06241677701473236,
        -0.5046111345291138,
        0.7476549744606018,
        0.024142345413565636,
        0.6636481881141663,
        1.7171529531478882
    ],
    [
        0.5842317938804626,
        0.12010341137647629,
        -0.8026508688926697,
        -0.6929898262023926,
        -0.09450109302997589,
        0.9923292398452759,
        0.07970041036605835,
        -0.5720959901809692,
        0.8060661554336548,
        0.02928786538541317,
        0.5911002159118652,
        1.7961063385009766
    ],
    [
        0.49519190192222595,
        0.1349639892578125,
        -0.8582364320755005,
        -0.7948294281959534,
        -0.09999610483646393,
        0.9901487231254578,
        0.09801166504621506,
        -0.6404144763946533,
        0.8630098104476929,
        0.03728562220931053,
        0.5038095712661743,
        1.846171259880066
    ],
    [
        0.4056534171104431,
        0.1501825898885727,
        -0.9016043543815613,
        -0.883916437625885,
        -0.1046890914440155,
        0.9875516295433044,
        0.11739696562290192,
        -0.7096989154815674,
        0.9080119729042053,
        0.046765632927417755,
        0.41632628440856934,
        1.8658658266067505
    ],
    [
        0.32386475801467896,
        0.1627955585718155,
        -0.9319921135902405,
        -0.9741853475570679,
        -0.10655238479375839,
        0.9850937128067017,
        0.1350444108247757,
        -0.7947861552238464,
        0.9400842189788818,
        0.055569808930158615,
        0.33638355135917664,
        1.9082295894622803
    ],
    [
        0.2505853474140167,
        0.1703656166791916,
        -0.9529860615730286,
        -1.0689013004302979,
        -0.10747985541820526,
        0.9832039475440979,
        0.14750608801841736,
        -0.8621622920036316,
        0.9621096849441528,
        0.06546396017074585,
        0.26468735933303833,
        1.9651018381118774
    ],
    [
        0.18878787755966187,
        0.17483504116535187,
        -0.9663289785385132,
        -1.1348541975021362,
        -0.10787269473075867,
        0.9817609786987305,
        0.15655243396759033,
        -0.930220901966095,
        0.9760750532150269,
        0.07468534260988235,
        0.2042044699192047,
        1.994882583618164
    ],
    [
        0.14585155248641968,
        0.1765972226858139,
        -0.9734170436859131,
        -1.1773868799209595,
        -0.10803293436765671,
        0.9808976650238037,
        0.16176731884479523,
        -0.9944069981575012,
        0.983390212059021,
        0.08156711608171463,
        0.1621437668800354,
        2.024531126022339
    ],
    [
        0.10989242047071457,
        0.1792977750301361,
        -0.9776379466056824,
        -1.2556034326553345,
        -0.10820639133453369,
        0.979907214641571,
        0.16755089163780212,
        -1.052546501159668,
        0.9880358576774597,
        0.08737409114837646,
        0.12708549201488495,
        2.0681188106536865
    ],
    [
        0.0843362957239151,
        0.18098501861095428,
        -0.979863166809082,
        -1.3451168537139893,
        -0.10739356279373169,
        0.9792894721031189,
        0.17163574695587158,
        -1.0780259370803833,
        0.9906331300735474,
        0.09075584262609482,
        0.10202628374099731,
        2.13547682762146
    ],
    [
        0.06165093556046486,
        0.1823727786540985,
        -0.9812947511672974,
        -1.4424643516540527,
        -0.10684970766305923,
        0.9787208437919617,
        0.1751815229654312,
        -1.10670804977417,
        0.9923620820045471,
        0.09405092149972916,
        0.07982553541660309,
        2.2109434604644775
    ],
    [
        0.03837193548679352,
        0.18291744589805603,
        -0.9823791980743408,
        -1.526803970336914,
        -0.10691776126623154,
        0.9782111048698425,
        0.17796513438224792,
        -1.1174442768096924,
        0.9935270547866821,
        0.09820497035980225,
        0.057093046605587006,
        2.274230480194092
    ],
    [
        0.016247667372226715,
        0.18216794729232788,
        -0.9831331968307495,
        -1.5872732400894165,
        -0.10589461028575897,
        0.9780464768409729,
        0.179475337266922,
        -1.1200034618377686,
        0.9942445158958435,
        0.10119250416755676,
        0.03518150374293327,
        2.369292736053467
    ],
    [
        -0.022752495482563972,
        0.18247579038143158,
        -0.9829471111297607,
        -1.6518605947494507,
        -0.10431929677724838,
        0.9774009585380554,
        0.1838609129190445,
        -1.1283711194992065,
        0.9942836761474609,
        0.1067236140370369,
        -0.003202511928975582,
        2.5061120986938477
    ],
    [
        -0.07068143039941788,
        0.18178337812423706,
        -0.9807950854301453,
        -1.6976991891860962,
        -0.1030258908867836,
        0.9766653180122375,
        0.18844258785247803,
        -1.129732370376587,
        0.992164134979248,
        0.11436669528484344,
        -0.05030371993780136,
        2.631963014602661
    ],
    [
        -0.11794202774763107,
        0.18216320872306824,
        -0.976169228553772,
        -1.760572910308838,
        -0.10293260961771011,
        0.9754922389984131,
        0.19447331130504608,
        -1.1031992435455322,
        0.9876713752746582,
        0.12341618537902832,
        -0.09630091488361359,
        2.7144052982330322
    ],
    [
        -0.15869848430156708,
        0.18097491562366486,
        -0.9705992937088013,
        -1.8491326570510864,
        -0.10152900218963623,
        0.9748546481132507,
        0.19836893677711487,
        -1.0718088150024414,
        0.9820929765701294,
        0.13002479076385498,
        -0.13633373379707336,
        2.807537794113159
    ]
]