[
    [
        0.9826306104660034,
        0.007620802614837885,
        -0.18541580438613892,
        -0.1326669603586197,
        -0.0073350947350263596,
        0.9999706149101257,
        0.0022268290631473064,
        -0.02651807852089405,
        0.18542732298374176,
        -0.0008281077607534826,
        0.9826576113700867,
        0.21857228875160217
    ],
    [
        0.9820976257324219,
        0.007829074747860432,
        -0.18820995092391968,
        -0.13609808683395386,
        -0.00758011732250452,
        0.9999692440032959,
        0.0020424951799213886,
        -0.026556460186839104,
        0.18822014331817627,
        -0.0005792759475298226,
        0.9821266531944275,
        0.22376665472984314
    ],
    [
        0.9810659885406494,
        0.00795124750584364,
        -0.19351033866405487,
        -0.1431744247674942,
        -0.007749848999083042,
        0.999968409538269,
        0.0017977413954213262,
        -0.025875089690089226,
        0.1935185194015503,
        -0.0002640267484821379,
        0.9810966849327087,
        0.23412957787513733
    ],
    [
        0.9799743294715881,
        0.008260397240519524,
        -0.19895246624946594,
        -0.15072236955165863,
        -0.008002868853509426,
        0.9999657273292542,
        0.002098538214340806,
        -0.02503526769578457,
        0.1989629864692688,
        -0.00046432370436377823,
        0.9800068736076355,
        0.24421672523021698
    ],
    [
        0.9790440797805786,
        0.008767345920205116,
        -0.2034594565629959,
        -0.1591373085975647,
        -0.00857530627399683,
        0.9999615550041199,
        0.0018254532478749752,
        -0.022707197815179825,
        0.20346763730049133,
        -4.2472631321288645e-05,
        0.9790816307067871,
        0.25481805205345154
    ],
    [
        0.9785827994346619,
        0.008847907185554504,
        -0.20566318929195404,
        -0.16330011188983917,
        -0.008595137856900692,
        0.9999608397483826,
        0.002122430829331279,
        -0.02160371094942093,
        0.20567388832569122,
        -0.00030927127227187157,
        0.9786205291748047,
        0.26025938987731934
    ],
    [
        0.9777610301971436,
        0.009638242423534393,
        -0.20950067043304443,
        -0.17274965345859528,
        -0.009263696148991585,
        0.9999532699584961,
        0.0027690075803548098,
        -0.018336642533540726,
        0.20951756834983826,
        -0.0007666768506169319,
        0.9778044819831848,
        0.2707841396331787
    ],
    [
        0.9771103858947754,
        0.010294041596353054,
        -0.21248376369476318,
        -0.18225280940532684,
        -0.009836181998252869,
        0.9999464750289917,
        0.0032118007075041533,
        -0.0143962437286973,
        0.21250545978546143,
        -0.001048254780471325,
        0.9771592020988464,
        0.28189852833747864
    ],
    [
        0.9765864014625549,
        0.010172238573431969,
        -0.21488477289676666,
        -0.19232191145420074,
        -0.009953035973012447,
        0.9999482035636902,
        0.0021021210122853518,
        -0.010269301943480968,
        0.21489503979682922,
        8.585241448599845e-05,
        0.9766372442245483,
        0.2928541898727417
    ],
    [
        0.9762283563613892,
        0.010273964144289494,
        -0.21650093793869019,
        -0.19691209495067596,
        -0.010275701060891151,
        0.9999465942382812,
        0.0011177078122273088,
        -0.007404997479170561,
        0.2165008783340454,
        0.0011335607850924134,
        0.9762817025184631,
        0.29799890518188477
    ],
    [
        0.9757681488990784,
        0.010695986449718475,
        -0.2185453623533249,
        -0.2058546096086502,
        -0.010520773008465767,
        0.9999427199363708,
        0.001965445466339588,
        -0.002050519920885563,
        0.21855385601520538,
        0.0003814474621322006,
        0.9758248329162598,
        0.30850881338119507
    ],
    [
        0.9754522442817688,
        0.011282214894890785,
        -0.21992173790931702,
        -0.21493570506572723,
        -0.010727617889642715,
        0.9999355673789978,
        0.003715906525030732,
        0.0038615402299910784,
        0.21994949877262115,
        -0.0012654537567868829,
        0.9755104780197144,
        0.31861740350723267
    ],
    [
        0.9749927520751953,
        0.011288659647107124,
        -0.22194932401180267,
        -0.22372445464134216,
        -0.010967195965349674,
        0.9999362230300903,
        0.0026808101683855057,
        0.0099762799218297,
        0.22196544706821442,
        -0.00017960875993594527,
        0.9750545620918274,
        0.327886164188385
    ],
    [
        0.9747264981269836,
        0.011101781390607357,
        -0.22312569618225098,
        -0.22767263650894165,
        -0.010967740789055824,
        0.9999381899833679,
        0.0018399824621155858,
        0.012979171238839626,
        0.22313231229782104,
        0.000653704337310046,
        0.9747879505157471,
        0.3322831094264984
    ],
    [
        0.9744400978088379,
        0.011131475679576397,
        -0.2243715226650238,
        -0.2350984513759613,
        -0.01115837786346674,
        0.999937117099762,
        0.0011481198016554117,
        0.01906934753060341,
        0.22437019646167755,
        0.0013848489616066217,
        0.9745030403137207,
        0.33961221575737
    ],
    [
        0.974241316318512,
        0.011533313430845737,
        -0.22521288692951202,
        -0.2421838939189911,
        -0.011324845254421234,
        0.9999334216117859,
        0.0022175111807882786,
        0.02462833933532238,
        0.22522346675395966,
        0.00039011018816381693,
        0.974307119846344,
        0.34647929668426514
    ],
    [
        0.9740892052650452,
        0.01157586369663477,
        -0.22586774826049805,
        -0.2491593062877655,
        -0.011313406750559807,
        0.9999329447746277,
        0.002456395188346505,
        0.0294755008071661,
        0.22588106989860535,
        0.00016258616233244538,
        0.9741549491882324,
        0.3528391122817993
    ],
    [
        0.9739038348197937,
        0.011426392011344433,
        -0.22667323052883148,
        -0.2524188756942749,
        -0.01132950372993946,
        0.9999343156814575,
        0.0017284513451159,
        0.0320582389831543,
        0.22667810320854187,
        0.0008847503340803087,
        0.9739693403244019,
        0.3557696044445038
    ],
    [
        0.9735554456710815,
        0.011088847182691097,
        -0.22818134725093842,
        -0.25819340348243713,
        -0.01118677668273449,
        0.9999369978904724,
        0.000864231085870415,
        0.03709271177649498,
        0.22817657887935638,
        0.0017112368950620294,
        0.97361820936203,
        0.36073005199432373
    ],
    [
        0.9733081459999084,
        0.011186622083187103,
        -0.2292291820049286,
        -0.26377731561660767,
        -0.011206245049834251,
        0.9999365210533142,
        0.001216165372170508,
        0.04227020591497421,
        0.229228213429451,
        0.0013850952964276075,
        0.9733717441558838,
        0.36462926864624023
    ],
    [
        0.9730381965637207,
        0.01110871136188507,
        -0.23037607967853546,
        -0.26878342032432556,
        -0.011074371635913849,
        0.9999375939369202,
        0.0014421269297599792,
        0.04656027629971504,
        0.23037773370742798,
        0.0011480256216600537,
        0.9731006026268005,
        0.3688015341758728
    ],
    [
        0.9729636311531067,
        0.011095703579485416,
        -0.23069210350513458,
        -0.2714218497276306,
        -0.011218990199267864,
        0.9999367594718933,
        0.0007773684919811785,
        0.049112893640995026,
        0.23068612813949585,
        0.0018317815847694874,
        0.9730265736579895,
        0.3704584240913391
    ],
    [
        0.972558319568634,
        0.010784199461340904,
        -0.23240920901298523,
        -0.27569934725761414,
        -0.011042650789022446,
        0.99993896484375,
        0.0001889775594463572,
        0.05339597910642624,
        0.23239706456661224,
        0.0023826214019209146,
        0.972618043422699,
        0.373641699552536
    ],
    [
        0.972042977809906,
        0.0109693743288517,
        -0.2345467507839203,
        -0.27954164147377014,
        -0.011150150559842587,
        0.9999376535415649,
        0.000555395963601768,
        0.05726047605276108,
        0.2345382124185562,
        0.002075362717732787,
        0.9721046686172485,
        0.3767002820968628
    ],
    [
        0.9715147018432617,
        0.010971230454742908,
        -0.23672541975975037,
        -0.2822292149066925,
        -0.011223451234400272,
        0.9999369382858276,
        0.00028215229394845665,
        0.061081819236278534,
        0.23671358823776245,
        0.0023827608674764633,
        0.9715765118598938,
        0.3794673979282379
    ]
]