[
    [
        0.9806053042411804,
        0.013888442888855934,
        -0.19550056755542755,
        0.011924250051379204,
        -0.014574715867638588,
        0.9998915791511536,
        -0.002072140108793974,
        -0.03784657642245293,
        0.19545060396194458,
        0.004881317727267742,
        0.9807013869285583,
        0.567422091960907
    ],
    [
        0.9728902578353882,
        0.016999179497361183,
        -0.23064172267913818,
        -0.003213459625840187,
        -0.017806921154260635,
        0.9998403787612915,
        -0.0014208656502887607,
        -0.040639087557792664,
        0.23058076202869415,
        0.0054893651977181435,
        0.9730377197265625,
        0.6269676089286804
    ],
    [
        0.963738739490509,
        0.020341357216238976,
        -0.26607099175453186,
        -0.02298383228480816,
        -0.02115323208272457,
        0.9997762441635132,
        -0.00018561130855232477,
        -0.04449800029397011,
        0.266007661819458,
        0.005807143170386553,
        0.96395343542099,
        0.6877987384796143
    ],
    [
        0.9527091979980469,
        0.022898202762007713,
        -0.30301958322525024,
        -0.04301626607775688,
        -0.023891132324934006,
        0.9997144341468811,
        0.00043020903831347823,
        -0.049925755709409714,
        0.3029429316520691,
        0.006829616613686085,
        0.9529841542243958,
        0.757423460483551
    ],
    [
        0.9403728246688843,
        0.02571764960885048,
        -0.33917176723480225,
        -0.06517430394887924,
        -0.026832889765501022,
        0.9996389746665955,
        0.0014017729554325342,
        -0.059426676481962204,
        0.3390854001045227,
        0.007782769855111837,
        0.9407233595848083,
        0.8223124742507935
    ],
    [
        0.9279429316520691,
        0.027915166690945625,
        -0.371675580739975,
        -0.08650502562522888,
        -0.029484080150723457,
        0.9995642304420471,
        0.0014621902955695987,
        -0.06352055817842484,
        0.371554434299469,
        0.009601683355867863,
        0.9283615350723267,
        0.8782225251197815
    ],
    [
        0.9150001406669617,
        0.030115852132439613,
        -0.4023279547691345,
        -0.10415344685316086,
        -0.03187153860926628,
        0.9994893074035645,
        0.0023314410354942083,
        -0.06393680721521378,
        0.4021926820278168,
        0.010689543560147285,
        0.9154926538467407,
        0.9304238557815552
    ],
    [
        0.9010796546936035,
        0.03212621808052063,
        -0.43246206641197205,
        -0.11827430874109268,
        -0.03394929692149162,
        0.9994173645973206,
        0.003506616922095418,
        -0.06363850086927414,
        0.43232274055480957,
        0.011522042565047741,
        0.9016453623771667,
        0.9846038222312927
    ],
    [
        0.8831798434257507,
        0.03541174158453941,
        -0.46769586205482483,
        -0.12963874638080597,
        -0.037190113216638565,
        0.9992933869361877,
        0.0054333629086613655,
        -0.06314611434936523,
        0.46755775809288025,
        0.012595024891197681,
        0.8838727474212646,
        1.0568327903747559
    ],
    [
        0.8664717674255371,
        0.03727787733078003,
        -0.49783244729042053,
        -0.14296244084835052,
        -0.0391496904194355,
        0.9992109537124634,
        0.00668170815333724,
        -0.06327501684427261,
        0.4976886808872223,
        0.013700470328330994,
        0.8672475814819336,
        1.1182438135147095
    ],
    [
        0.8507787585258484,
        0.03940236568450928,
        -0.5240448117256165,
        -0.1553294062614441,
        -0.04155701398849487,
        0.999106764793396,
        0.0076545909978449345,
        -0.06497898697853088,
        0.5238783359527588,
        0.015265372581779957,
        0.8516563177108765,
        1.173092246055603
    ],
    [
        0.8342102766036987,
        0.04142184928059578,
        -0.5498886108398438,
        -0.16979557275772095,
        -0.04361140355467796,
        0.9990072250366211,
        0.009092110209167004,
        -0.06899423897266388,
        0.5497193336486816,
        0.01639668084681034,
        0.8351885676383972,
        1.2260253429412842
    ],
    [
        0.8185255527496338,
        0.043382175266742706,
        -0.5728297233581543,
        -0.19056232273578644,
        -0.045856934040784836,
        0.9988967180252075,
        0.010123846121132374,
        -0.07271996885538101,
        0.5726369619369507,
        0.01798158697783947,
        0.8196117877960205,
        1.280573844909668
    ],
    [
        0.8035740256309509,
        0.044929683208465576,
        -0.5935065746307373,
        -0.21437020599842072,
        -0.04747620224952698,
        0.9988080859184265,
        0.01133178174495697,
        -0.07597826421260834,
        0.5933083891868591,
        0.019071517512202263,
        0.8047493100166321,
        1.3336834907531738
    ],
    [
        0.7887308597564697,
        0.046421151608228683,
        -0.6129833459854126,
        -0.24089111387729645,
        -0.049184828996658325,
        0.9987134337425232,
        0.012345900759100914,
        -0.08043184876441956,
        0.6127678751945496,
        0.020411890000104904,
        0.78999924659729,
        1.385391116142273
    ],
    [
        0.7757439613342285,
        0.04708843678236008,
        -0.6292885541915894,
        -0.26952189207077026,
        -0.050717007368803024,
        0.9986385107040405,
        0.01220570970326662,
        -0.08667010068893433,
        0.6290064454078674,
        0.022447124123573303,
        0.777076005935669,
        1.4359452724456787
    ],
    [
        0.7625671625137329,
        0.04811768978834152,
        -0.6451171040534973,
        -0.30080604553222656,
        -0.05185195058584213,
        0.9985677003860474,
        0.013188584707677364,
        -0.09363855421543121,
        0.644827663898468,
        0.02339339070022106,
        0.7639698386192322,
        1.4844622611999512
    ],
    [
        0.7526730298995972,
        0.04881071299314499,
        -0.6565825939178467,
        -0.32589754462242126,
        -0.0527750700712204,
        0.9985119700431824,
        0.013731284067034721,
        -0.09840422123670578,
        0.6562759280204773,
        0.024316035211086273,
        0.7541290521621704,
        1.5213679075241089
    ],
    [
        0.7438798546791077,
        0.04928860068321228,
        -0.6664931774139404,
        -0.3538862466812134,
        -0.0529932901263237,
        0.9984866976737976,
        0.01469387486577034,
        -0.10333549231290817,
        0.6662089824676514,
        0.024389194324612617,
        0.7453662157058716,
        1.5606275796890259
    ],
    [
        0.7360910773277283,
        0.049291517585515976,
        -0.6750853657722473,
        -0.3856223225593567,
        -0.053429607301950455,
        0.9984641671180725,
        0.014645160175859928,
        -0.10887980461120605,
        0.6747704744338989,
        0.025289373472332954,
        0.7375942468643188,
        1.6049649715423584
    ],
    [
        0.7280409336090088,
        0.04941299185156822,
        -0.6837505102157593,
        -0.4165447950363159,
        -0.05414079502224922,
        0.9984279274940491,
        0.014506160281598568,
        -0.11216574907302856,
        0.6833924055099487,
        0.026457728818058968,
        0.7295716404914856,
        1.6514867544174194
    ],
    [
        0.7201595902442932,
        0.04851739853620529,
        -0.6921100616455078,
        -0.4458775818347931,
        -0.054888226091861725,
        0.9984095692634583,
        0.01287651527673006,
        -0.11361275613307953,
        0.691633939743042,
        0.02871554158627987,
        0.7216771245002747,
        1.6974940299987793
    ],
    [
        0.7122287750244141,
        0.049133457243442535,
        -0.7002257704734802,
        -0.47068706154823303,
        -0.05568571761250496,
        0.9983583688735962,
        0.013412567786872387,
        -0.11522068083286285,
        0.699735164642334,
        0.029439741745591164,
        0.7137956619262695,
        1.738455891609192
    ],
    [
        0.703732430934906,
        0.04883720725774765,
        -0.7087845802307129,
        -0.4952908456325531,
        -0.0564548559486866,
        0.9983239769935608,
        0.012734813615679741,
        -0.11465730518102646,
        0.7082185745239258,
        0.03105243295431137,
        0.7053099870681763,
        1.7780799865722656
    ],
    [
        0.6944777369499207,
        0.04918675124645233,
        -0.7178309559822083,
        -0.5257743000984192,
        -0.05731218680739403,
        0.9982722401618958,
        0.012955323792994022,
        -0.11430851370096207,
        0.7172278761863708,
        0.03214329108595848,
        0.6960968971252441,
        1.8240301609039307
    ]
]