[
    [
        0.9879300594329834,
        -0.017162825912237167,
        0.1539463996887207,
        0.017909269779920578,
        0.017637284472584724,
        0.9998429417610168,
        -0.0017166660400107503,
        -0.01328280195593834,
        -0.15389277040958405,
        0.004411143250763416,
        0.988077700138092,
        0.2582363784313202
    ],
    [
        0.9828749299049377,
        -0.01914682425558567,
        0.18327674269676208,
        0.02102886140346527,
        0.0195026658475399,
        0.999809741973877,
        -0.00013911514542996883,
        -0.020097821950912476,
        -0.18323923647403717,
        0.003711117897182703,
        0.9830613732337952,
        0.2986854612827301
    ],
    [
        0.9771869778633118,
        -0.0218750461935997,
        0.21125122904777527,
        0.02904956229031086,
        0.022029127925634384,
        0.9997559785842896,
        0.0016242732526734471,
        -0.02606172300875187,
        -0.21123522520065308,
        0.0030664626974612474,
        0.9774304032325745,
        0.3351714015007019
    ],
    [
        0.9697701334953308,
        -0.02541978657245636,
        0.24269258975982666,
        0.04137253016233444,
        0.025474771857261658,
        0.9996712803840637,
        0.0029121492989361286,
        -0.030893713235855103,
        -0.24268682301044464,
        0.0033584232442080975,
        0.9700988531112671,
        0.36976656317710876
    ],
    [
        0.963797390460968,
        -0.028806118294596672,
        0.2650749087333679,
        0.05551820248365402,
        0.02893868274986744,
        0.9995753169059753,
        0.0034060499165207148,
        -0.03191037476062775,
        -0.2650604844093323,
        0.004388177301734686,
        0.9642218947410583,
        0.39888983964920044
    ],
    [
        0.9564471244812012,
        -0.032450973987579346,
        0.29009655117988586,
        0.07895737141370773,
        0.032286494970321655,
        0.999464213848114,
        0.005354320164769888,
        -0.03502523899078369,
        -0.2901149094104767,
        0.004245077725499868,
        0.9569823741912842,
        0.4373501241207123
    ],
    [
        0.9505228996276855,
        -0.03538212552666664,
        0.30863311886787415,
        0.10100297629833221,
        0.034676387906074524,
        0.9993683695793152,
        0.007773224264383316,
        -0.03796771913766861,
        -0.3087131977081299,
        0.003313655499368906,
        0.9511494040489197,
        0.4721331000328064
    ],
    [
        0.9447439312934875,
        -0.03853407874703407,
        0.3255365192890167,
        0.12554225325584412,
        0.03726876527070999,
        0.9992539286613464,
        0.010124506428837776,
        -0.04021222144365311,
        -0.3256838321685791,
        0.0025672789197415113,
        0.9454752206802368,
        0.5096224546432495
    ],
    [
        0.9375251531600952,
        -0.042143840342760086,
        0.3453558385372162,
        0.15448106825351715,
        0.03996606916189194,
        0.999110758304596,
        0.01342723798006773,
        -0.04306140914559364,
        -0.34561458230018616,
        0.0012141437036916614,
        0.9383756518363953,
        0.5495251417160034
    ],
    [
        0.93156898021698,
        -0.04515361413359642,
        0.3607497215270996,
        0.18236276507377625,
        0.04227916896343231,
        0.998979926109314,
        0.015860285609960556,
        -0.045932695269584656,
        -0.36109790205955505,
        0.00047724650357849896,
        0.9325277805328369,
        0.5859649777412415
    ],
    [
        0.9236664772033691,
        -0.04895375669002533,
        0.38005760312080383,
        0.22041186690330505,
        0.04521217942237854,
        0.998801052570343,
        0.018771078437566757,
        -0.048800382763147354,
        -0.3805208206176758,
        -0.0001549854496261105,
        0.9247722625732422,
        0.6340454816818237
    ],
    [
        0.9171760082244873,
        -0.05159391835331917,
        0.39512819051742554,
        0.25007855892181396,
        0.04680266231298447,
        0.9986670613288879,
        0.02176222763955593,
        -0.051650550216436386,
        -0.39572426676750183,
        -0.0014667442301288247,
        0.9183681607246399,
        0.675110936164856
    ],
    [
        0.9089280962944031,
        -0.05475161597132683,
        0.4133423864841461,
        0.289072722196579,
        0.04840458557009697,
        0.9984939694404602,
        0.025820888578891754,
        -0.05631236359477043,
        -0.41413360834121704,
        -0.00346166267991066,
        0.910209596157074,
        0.7256435751914978
    ],
    [
        0.9025779366493225,
        -0.057009875774383545,
        0.42673519253730774,
        0.31747007369995117,
        0.04927591606974602,
        0.9983596801757812,
        0.02915390580892563,
        -0.06012905761599541,
        -0.42769724130630493,
        -0.005285907071083784,
        0.903906524181366,
        0.7584934234619141
    ],
    [
        0.8965672850608826,
        -0.06010807678103447,
        0.4388097822666168,
        0.347769170999527,
        0.05080364644527435,
        0.9981656074523926,
        0.032927535474300385,
        -0.06320499628782272,
        -0.43998411297798157,
        -0.007228612434118986,
        0.8979764580726624,
        0.7897070646286011
    ],
    [
        0.8889046311378479,
        -0.06295253336429596,
        0.4537460505962372,
        0.3921155631542206,
        0.052143245935440063,
        0.9979793429374695,
        0.03630874305963516,
        -0.06398770958185196,
        -0.45511487126350403,
        -0.008615221828222275,
        0.8903911113739014,
        0.8331698775291443
    ],
    [
        0.883216917514801,
        -0.06475578993558884,
        0.46447232365608215,
        0.42910587787628174,
        0.0528365857899189,
        0.9978550672531128,
        0.038647543638944626,
        -0.06364869326353073,
        -0.4659786820411682,
        -0.009593037888407707,
        0.884743869304657,
        0.8598834276199341
    ],
    [
        0.8766017556190491,
        -0.06718003749847412,
        0.47650420665740967,
        0.4783249497413635,
        0.054083965718746185,
        0.997687578201294,
        0.041163526475429535,
        -0.06487812101840973,
        -0.47816774249076843,
        -0.010312778875231743,
        0.8782079219818115,
        0.8902144432067871
    ],
    [
        0.8716187477111816,
        -0.06899026781320572,
        0.4853051006793976,
        0.5201188325881958,
        0.05514655262231827,
        0.9975618720054626,
        0.04276752471923828,
        -0.061173249036073685,
        -0.4870724678039551,
        -0.01051407027989626,
        0.8732982873916626,
        0.9177057147026062
    ],
    [
        0.866790235042572,
        -0.07069617509841919,
        0.49363619089126587,
        0.5511428117752075,
        0.0561273917555809,
        0.9974406361579895,
        0.044292863458395004,
        -0.06433261930942535,
        -0.4955041706562042,
        -0.010686115361750126,
        0.8685398697853088,
        0.9369267225265503
    ],
    [
        0.8608666658401489,
        -0.07232711464166641,
        0.5036638975143433,
        0.5877575874328613,
        0.05709923058748245,
        0.9973254203796387,
        0.04562338814139366,
        -0.06295685470104218,
        -0.5056166648864746,
        -0.010516836307942867,
        0.8626940846443176,
        0.9692699909210205
    ],
    [
        0.8563967943191528,
        -0.07342801243066788,
        0.5110704302787781,
        0.6093184351921082,
        0.057859379798173904,
        0.9972493648529053,
        0.046325232833623886,
        -0.06312638521194458,
        -0.5130662322044373,
        -0.010102561675012112,
        0.8582896590232849,
        0.9903451800346375
    ],
    [
        0.8510334491729736,
        -0.07444220781326294,
        0.5198081135749817,
        0.634644627571106,
        0.05838403105735779,
        0.9971768260002136,
        0.04721987992525101,
        -0.06321762502193451,
        -0.5218557715415955,
        -0.0098371971398592,
        0.8529769778251648,
        1.0255931615829468
    ],
    [
        0.8472084403038025,
        -0.0756978690624237,
        0.5258400440216064,
        0.6563869714736938,
        0.05920560285449028,
        0.9970839619636536,
        0.04814707487821579,
        -0.06245564669370651,
        -0.5279513597488403,
        -0.009657928720116615,
        0.849219560623169,
        1.0593267679214478
    ],
    [
        0.8436760306358337,
        -0.07645634561777115,
        0.5313804745674133,
        0.6818091869354248,
        0.05933170020580292,
        0.9970225095748901,
        0.04925277829170227,
        -0.06430091708898544,
        -0.533564031124115,
        -0.010025679133832455,
        0.845700204372406,
        1.0942473411560059
    ]
]