[
    [
        0.99690181016922,
        -0.013161691837012768,
        0.07754683494567871,
        0.07019218057394028,
        0.012629372999072075,
        0.9998932480812073,
        0.007350929081439972,
        -0.06537716835737228,
        -0.07763530313968658,
        -0.006348786875605583,
        0.9969616532325745,
        0.36423736810684204
    ],
    [
        0.9965012669563293,
        -0.014069526456296444,
        0.08238609880208969,
        0.07272632420063019,
        0.013506115414202213,
        0.9998815059661865,
        0.007392014376819134,
        -0.06817656010389328,
        -0.08248033374547958,
        -0.006253434810787439,
        0.9965730905532837,
        0.3810160756111145
    ],
    [
        0.9956351518630981,
        -0.015681611374020576,
        0.09200415760278702,
        0.07769247889518738,
        0.015010726638138294,
        0.9998555183410645,
        0.00797939207404852,
        -0.074028879404068,
        -0.09211599826812744,
        -0.006563515402376652,
        0.9957267045974731,
        0.4125353693962097
    ],
    [
        0.9945898056030273,
        -0.01866271160542965,
        0.10218967497348785,
        0.08276303857564926,
        0.017948804423213005,
        0.9998076558113098,
        0.007901239208877087,
        -0.08059791475534439,
        -0.10231748223304749,
        -0.00602430896833539,
        0.994733452796936,
        0.44860419631004333
    ],
    [
        0.9933878183364868,
        -0.01966063492000103,
        0.11311081051826477,
        0.085669606924057,
        0.018862593919038773,
        0.9997889995574951,
        0.008121399208903313,
        -0.08460688591003418,
        -0.1132466197013855,
        -0.005934135057032108,
        0.9935491681098938,
        0.4852190911769867
    ],
    [
        0.9920721650123596,
        -0.021677860990166664,
        0.1237851232290268,
        0.09461292624473572,
        0.020735252648591995,
        0.9997454285621643,
        0.008898267522454262,
        -0.09564833343029022,
        -0.12394650280475616,
        -0.0062610087916255,
        0.9922690987586975,
        0.5403689742088318
    ],
    [
        0.9904184341430664,
        -0.02386864274740219,
        0.13602089881896973,
        0.09954004734754562,
        0.022932494059205055,
        0.9997013211250305,
        0.008445385843515396,
        -0.10093459486961365,
        -0.13618186116218567,
        -0.005245166830718517,
        0.9906699657440186,
        0.5999095439910889
    ],
    [
        0.9894871115684509,
        -0.024217555299401283,
        0.14257831871509552,
        0.09991933405399323,
        0.02319580316543579,
        0.9996919631958008,
        0.008824233897030354,
        -0.10622090846300125,
        -0.14274808764457703,
        -0.0054242489859461784,
        0.989744246006012,
        0.6324059963226318
    ],
    [
        0.987765371799469,
        -0.025816218927502632,
        0.15379582345485687,
        0.11620420962572098,
        0.024597181007266045,
        0.9996491074562073,
        0.009824189357459545,
        -0.11838068068027496,
        -0.15399549901485443,
        -0.005921049043536186,
        0.9880538582801819,
        0.7116029858589172
    ],
    [
        0.9856691360473633,
        -0.02557305432856083,
        0.16674064099788666,
        0.12177860736846924,
        0.024198951199650764,
        0.9996544122695923,
        0.010267787612974644,
        -0.12438131868839264,
        -0.16694560647010803,
        -0.006085693370550871,
        0.9859473705291748,
        0.7887439727783203
    ],
    [
        0.9839062690734863,
        -0.02680416963994503,
        0.1766633689403534,
        0.14492002129554749,
        0.025290127843618393,
        0.9996216893196106,
        0.010816702619194984,
        -0.13448196649551392,
        -0.1768864542245865,
        -0.006174782291054726,
        0.9842118620872498,
        0.8842055201530457
    ],
    [
        0.9823437333106995,
        -0.027313994243741035,
        0.18508084118366241,
        0.16691677272319794,
        0.025485899299383163,
        0.9996001720428467,
        0.012249555438756943,
        -0.14707674086093903,
        -0.18534140288829803,
        -0.007316321134567261,
        0.9826468825340271,
        0.966253936290741
    ],
    [
        0.9808088541030884,
        -0.027509231120347977,
        0.19302093982696533,
        0.19142046570777893,
        0.025573115795850754,
        0.9995946288108826,
        0.012515421956777573,
        -0.153724804520607,
        -0.1932869553565979,
        -0.007339093368500471,
        0.9811148047447205,
        1.0460604429244995
    ],
    [
        0.980178952217102,
        -0.0277726948261261,
        0.19615735113620758,
        0.20697049796581268,
        0.025886170566082,
        0.9995907545089722,
        0.012175139971077442,
        -0.15527163445949554,
        -0.19641521573066711,
        -0.006856055464595556,
        0.9804968237876892,
        1.0857104063034058
    ],
    [
        0.9788793325424194,
        -0.027237704023718834,
        0.20261675119400024,
        0.23230643570423126,
        0.025449201464653015,
        0.9996108412742615,
        0.011427530087530613,
        -0.15810707211494446,
        -0.2028491497039795,
        -0.006029739510267973,
        0.9791914820671082,
        1.1530170440673828
    ],
    [
        0.9777886867523193,
        -0.027493581175804138,
        0.20778201520442963,
        0.25888675451278687,
        0.02579434961080551,
        0.999608039855957,
        0.010883433744311333,
        -0.16241121292114258,
        -0.2079997956752777,
        -0.005282098427414894,
        0.9781146049499512,
        1.2132887840270996
    ],
    [
        0.9768359661102295,
        -0.027031240984797478,
        0.21227537095546722,
        0.28437381982803345,
        0.02533748373389244,
        0.9996216893196106,
        0.010695784352719784,
        -0.16960039734840393,
        -0.2124841809272766,
        -0.005069505423307419,
        0.9771513938903809,
        1.2703349590301514
    ],
    [
        0.9761026501655579,
        -0.026335135102272034,
        0.21570821106433868,
        0.3118758797645569,
        0.024995654821395874,
        0.9996476769447327,
        0.008935820311307907,
        -0.1681968718767166,
        -0.2158675193786621,
        -0.0033305061515420675,
        0.9764169454574585,
        1.327545166015625
    ],
    [
        0.9755738377571106,
        -0.02614748291671276,
        0.2181098610162735,
        0.3352591395378113,
        0.025057656690478325,
        0.9996559023857117,
        0.007761640008538961,
        -0.17220990359783173,
        -0.2182377576828003,
        -0.0021067301277071238,
        0.9758932590484619,
        1.3695708513259888
    ],
    [
        0.9752844572067261,
        -0.025822408497333527,
        0.2194390892982483,
        0.3441024720668793,
        0.02489117719233036,
        0.9996656775474548,
        0.007007845677435398,
        -0.173062264919281,
        -0.21954667568206787,
        -0.0013725458411499858,
        0.9756010174751282,
        1.3870106935501099
    ],
    [
        0.9747605919837952,
        -0.02603829652070999,
        0.22172893583774567,
        0.3574247360229492,
        0.025221403688192368,
        0.9996606707572937,
        0.006515284068882465,
        -0.17934155464172363,
        -0.2218233346939087,
        -0.0007585284765809774,
        0.975086510181427,
        1.4200222492218018
    ],
    [
        0.9744576215744019,
        -0.02653348259627819,
        0.222998708486557,
        0.3705357015132904,
        0.025632860139012337,
        0.9996473789215088,
        0.006932723335921764,
        -0.1880740523338318,
        -0.22310401499271393,
        -0.0010395471472293139,
        0.9747940301895142,
        1.4443608522415161
    ],
    [
        0.9743793606758118,
        -0.02589874342083931,
        0.22341442108154297,
        0.38416922092437744,
        0.02498537115752697,
        0.9996639490127563,
        0.00691453879699111,
        -0.1967654824256897,
        -0.22351840138435364,
        -0.0011552920332178473,
        0.9746989607810974,
        1.469127893447876
    ],
    [
        0.9744900465011597,
        -0.026228172704577446,
        0.2228928506374359,
        0.39562150835990906,
        0.025504423305392265,
        0.9996559619903564,
        0.006125566083937883,
        -0.2016666978597641,
        -0.22297684848308563,
        -0.00028454538551159203,
        0.9748237729072571,
        1.4882092475891113
    ],
    [
        0.9748246073722839,
        -0.02468368224799633,
        0.2216026932001114,
        0.4073181450366974,
        0.024019047617912292,
        0.9996953010559082,
        0.0056939758360385895,
        -0.20793575048446655,
        -0.22167572379112244,
        -0.00022794395044911653,
        0.9751204252243042,
        1.5036876201629639
    ]
]