[
    [
        0.9996689558029175,
        -0.002204790711402893,
        0.025632169097661972,
        -0.05251576006412506,
        0.0020523539278656244,
        0.9999800324440002,
        0.00597184244543314,
        -0.14318183064460754,
        -0.025644823908805847,
        -0.0059172590263187885,
        0.9996535778045654,
        0.32574567198753357
    ],
    [
        0.9993841648101807,
        0.0013171059545129538,
        0.035064809024333954,
        -0.06057540699839592,
        -0.0016314963577315211,
        0.9999588131904602,
        0.00893890205770731,
        -0.20861564576625824,
        -0.03505158796906471,
        -0.008990606293082237,
        0.9993450045585632,
        0.5584160685539246
    ],
    [
        0.9990289807319641,
        0.0004341143649071455,
        0.044053543359041214,
        -0.03453310579061508,
        -0.001054064487107098,
        0.999900758266449,
        0.014050384052097797,
        -0.25106167793273926,
        -0.044043075293302536,
        -0.014083178713917732,
        0.9989303946495056,
        0.8885040879249573
    ],
    [
        0.9986306428909302,
        0.0012655681930482388,
        0.05229936167597771,
        -0.006237503606826067,
        -0.0018215813906863332,
        0.9999423623085022,
        0.01058505941182375,
        -0.2843354046344757,
        -0.05228294059634209,
        -0.010665829293429852,
        0.9985753297805786,
        1.1741313934326172
    ],
    [
        0.9986507296562195,
        -0.004023772664368153,
        0.05177561193704605,
        0.07946134358644485,
        0.0037575233727693558,
        0.9999793171882629,
        0.005238672718405724,
        -0.33123788237571716,
        -0.05179561302065849,
        -0.005037060473114252,
        0.998645007610321,
        1.5193040370941162
    ],
    [
        0.9988706707954407,
        -0.0036995604168623686,
        0.047368645668029785,
        0.15666775405406952,
        0.0037555762100964785,
        0.999992311000824,
        -0.0010936204344034195,
        -0.3646491765975952,
        -0.047364234924316406,
        0.0012702825479209423,
        0.9988769292831421,
        1.8558053970336914
    ],
    [
        0.9991701245307922,
        0.0011601096484810114,
        0.04071411117911339,
        0.2466757893562317,
        -0.0009336697985418141,
        0.999984085559845,
        -0.005580293480306864,
        -0.4221102297306061,
        -0.040719930082559586,
        0.0055376505479216576,
        0.9991551637649536,
        2.25285267829895
    ],
    [
        0.9996296167373657,
        0.0029656069818884134,
        0.027052171528339386,
        0.3586874306201935,
        -0.0026992589700967073,
        0.9999476075172424,
        -0.009876923635601997,
        -0.46430179476737976,
        -0.027080046012997627,
        0.00980024691671133,
        0.9995851516723633,
        2.647237777709961
    ],
    [
        0.9999638199806213,
        0.004840963985770941,
        0.0070110224187374115,
        0.46642303466796875,
        -0.004761676769703627,
        0.9999250769615173,
        -0.011281869374215603,
        -0.5111547112464905,
        -0.0070651075802743435,
        0.011248073540627956,
        0.9999117851257324,
        3.0148959159851074
    ],
    [
        0.9997279047966003,
        0.011384817771613598,
        -0.020359069108963013,
        0.5338398218154907,
        -0.011569305323064327,
        0.9998928308486938,
        -0.008967030793428421,
        -0.5488041639328003,
        0.02025480754673481,
        0.009200126864016056,
        0.9997526407241821,
        3.4286952018737793
    ],
    [
        0.99849933385849,
        0.017050158232450485,
        -0.05204147472977638,
        0.5846550464630127,
        -0.017364824190735817,
        0.9998335242271423,
        -0.005600246600806713,
        -0.5949821472167969,
        0.05193732678890228,
        0.006495529320091009,
        0.9986291527748108,
        3.8053112030029297
    ],
    [
        0.9949859976768494,
        0.01659255474805832,
        -0.09862839430570602,
        0.6642085313796997,
        -0.017073780298233032,
        0.9998460412025452,
        -0.004037876147776842,
        -0.6447505354881287,
        0.09854603558778763,
        0.005701594986021519,
        0.9951161742210388,
        4.200173377990723
    ],
    [
        0.9888707995414734,
        0.024353671818971634,
        -0.14677003026008606,
        0.6903195977210999,
        -0.025721359997987747,
        0.9996415972709656,
        -0.007427651435136795,
        -0.6946069598197937,
        0.14653649926185608,
        0.011120115406811237,
        0.9891427159309387,
        4.562911510467529
    ],
    [
        0.9808483123779297,
        0.03550438582897186,
        -0.1915096491575241,
        0.6683434247970581,
        -0.037770748138427734,
        0.9992529153823853,
        -0.008195661008358002,
        -0.7265592813491821,
        0.191075399518013,
        0.015272158198058605,
        0.9814565181732178,
        4.901056289672852
    ],
    [
        0.9681940674781799,
        0.04135751724243164,
        -0.24675817787647247,
        0.6444859504699707,
        -0.04511594772338867,
        0.9989356398582458,
        -0.009594383649528027,
        -0.7715334892272949,
        0.24609890580177307,
        0.02042197249829769,
        0.9690295457839966,
        5.247325897216797
    ],
    [
        0.9514446258544922,
        0.03982581943273544,
        -0.3052331209182739,
        0.6232286095619202,
        -0.04434869810938835,
        0.9989849328994751,
        -0.007895429618656635,
        -0.7966050505638123,
        0.3046084940433502,
        0.021048758178949356,
        0.9522449970245361,
        5.569543838500977
    ],
    [
        0.9310555458068848,
        0.04326022043824196,
        -0.36230403184890747,
        0.5456933379173279,
        -0.048792265355587006,
        0.9987900853157043,
        -0.006128713488578796,
        -0.8271070718765259,
        0.3616003394126892,
        0.023383820429444313,
        0.9320397973060608,
        5.873212814331055
    ],
    [
        0.9141130447387695,
        0.04967370256781578,
        -0.4024050533771515,
        0.42914775013923645,
        -0.05594000965356827,
        0.9984267950057983,
        -0.0038267800118774176,
        -0.841952919960022,
        0.40158188343048096,
        0.026008659973740578,
        0.9154536724090576,
        6.142239093780518
    ],
    [
        0.8986814022064209,
        0.050284720957279205,
        -0.4357099235057831,
        0.3281111419200897,
        -0.05537526682019234,
        0.9984651207923889,
        0.0010162749094888568,
        -0.8730428218841553,
        0.43509218096733093,
        0.023214256390929222,
        0.900086522102356,
        6.434676170349121
    ],
    [
        0.8847036361694336,
        0.051767345517873764,
        -0.4632704555988312,
        0.2146066576242447,
        -0.05226979777216911,
        0.9985637068748474,
        0.011763627640902996,
        -0.9002562165260315,
        0.46321427822113037,
        0.013807718642055988,
        0.886138916015625,
        6.756827354431152
    ],
    [
        0.8772478699684143,
        0.05250439792871475,
        -0.47715771198272705,
        0.09741472452878952,
        -0.05122219771146774,
        0.9985637664794922,
        0.015706289559602737,
        -0.9179164171218872,
        0.4772970378398895,
        0.010662751272320747,
        0.8786774277687073,
        7.030548572540283
    ],
    [
        0.8773052096366882,
        0.05559598654508591,
        -0.4767018258571625,
        -0.07970555126667023,
        -0.05640466883778572,
        0.9983280897140503,
        0.012626176699995995,
        -0.9463796615600586,
        0.4766068756580353,
        0.01581117883324623,
        0.878974437713623,
        7.3021392822265625
    ],
    [
        0.8762694597244263,
        0.05481540784239769,
        -0.47869324684143066,
        -0.23458221554756165,
        -0.05860215052962303,
        0.9982565641403198,
        0.007036986295133829,
        -0.9479593634605408,
        0.47824427485466003,
        0.021886171773076057,
        0.8779539465904236,
        7.5337066650390625
    ],
    [
        0.8743267059326172,
        0.05147484317421913,
        -0.48260048031806946,
        -0.39256754517555237,
        -0.05637318268418312,
        0.9984002709388733,
        0.004359458573162556,
        -0.9584835171699524,
        0.4820527136325836,
        0.02339414693415165,
        0.875829815864563,
        7.790990352630615
    ],
    [
        0.8742514848709106,
        0.048044055700302124,
        -0.4830901026725769,
        -0.5569807291030884,
        -0.05111183226108551,
        0.9986695647239685,
        0.006821851246058941,
        -0.9660182595252991,
        0.4827752113342285,
        0.018727602437138557,
        0.8755441308021545,
        8.037335395812988
    ]
]