[
    [
        0.9987356066703796,
        0.0006119897589087486,
        -0.05026624724268913,
        -0.12847258150577545,
        -0.0006299171946011484,
        0.9999997615814209,
        -0.0003408043412491679,
        -0.019396057352423668,
        0.05026602745056152,
        0.00037203668034635484,
        0.9987358450889587,
        0.10540178418159485
    ],
    [
        0.9959861040115356,
        0.0014967715833336115,
        -0.08949511498212814,
        -0.2244415432214737,
        -0.0015249982243403792,
        0.9999988079071045,
        -0.0002470176259521395,
        -0.015693366527557373,
        0.08949465304613113,
        0.00038250640500336885,
        0.9959872364997864,
        0.17247889935970306
    ],
    [
        0.9911299347877502,
        0.0017035214696079493,
        -0.13288529217243195,
        -0.3213687837123871,
        -0.0016822605393826962,
        0.9999985694885254,
        0.0002722626377362758,
        0.0008334812009707093,
        0.13288556039333344,
        -4.630027251550928e-05,
        0.9911313652992249,
        0.267508327960968
    ],
    [
        0.9836762547492981,
        0.00162006716709584,
        -0.1799401044845581,
        -0.43024593591690063,
        -0.001610378734767437,
        0.9999986886978149,
        0.00019992525631096214,
        0.0006961335311643779,
        0.17994019389152527,
        9.311011672252789e-05,
        0.9836775064468384,
        0.37882184982299805
    ],
    [
        0.9750556349754333,
        0.0017665104242041707,
        -0.22195342183113098,
        -0.5265613198280334,
        -0.0018017982365563512,
        0.9999983310699463,
        4.349728624220006e-05,
        0.006929602008312941,
        0.2219531089067459,
        0.0003575031878426671,
        0.9750573039054871,
        0.46546250581741333
    ],
    [
        0.9664506316184998,
        0.0023113982751965523,
        -0.2568421959877014,
        -0.6529337763786316,
        -0.002461083699017763,
        0.9999969005584717,
        -0.00026134279323741794,
        0.02413542941212654,
        0.2568408250808716,
        0.0008846850832924247,
        0.9664533138275146,
        0.5790156126022339
    ],
    [
        0.9593821167945862,
        0.002412034198641777,
        -0.28209948539733887,
        -0.7612704634666443,
        -0.002560059307143092,
        0.9999967813491821,
        -0.0001561470708111301,
        0.0402459092438221,
        0.2820981740951538,
        0.0008719960460439324,
        0.9593852162361145,
        0.6818674802780151
    ],
    [
        0.9509871602058411,
        0.0031750791240483522,
        -0.30921393632888794,
        -0.8870483040809631,
        -0.0032398218754678965,
        0.9999947547912598,
        0.0003041030722670257,
        0.06219221279025078,
        0.3092132806777954,
        0.0007126000709831715,
        0.9509924054145813,
        0.8106780648231506
    ],
    [
        0.9412338733673096,
        0.0032866389956325293,
        -0.337739497423172,
        -1.0123449563980103,
        -0.0034495689906179905,
        0.9999940395355225,
        0.00011774823360610753,
        0.0667790099978447,
        0.3377378284931183,
        0.0010542272357270122,
        0.941239595413208,
        0.9594040513038635
    ],
    [
        0.9276946187019348,
        0.004375351592898369,
        -0.37331414222717285,
        -1.135594129562378,
        -0.0047630490735173225,
        0.9999886751174927,
        -0.0001161327090812847,
        0.07092251628637314,
        0.3733094036579132,
        0.001885847537778318,
        0.927704930305481,
        1.0758200883865356
    ],
    [
        0.9134529232978821,
        0.005498802289366722,
        -0.40690723061561584,
        -1.3057663440704346,
        -0.00633093761280179,
        0.9999796748161316,
        -0.0006987446104176342,
        0.06991510093212128,
        0.4068951904773712,
        0.0032143748831003904,
        0.9134691953659058,
        1.2086951732635498
    ],
    [
        0.9041488766670227,
        0.005054823122918606,
        -0.4271876811981201,
        -1.4338740110397339,
        -0.00614530174061656,
        0.9999804496765137,
        -0.001174058998003602,
        0.05383649468421936,
        0.42717334628105164,
        0.003686722368001938,
        0.9041622877120972,
        1.3276935815811157
    ],
    [
        0.8919441103935242,
        0.004110988695174456,
        -0.4521269202232361,
        -1.560855507850647,
        -0.004964594263583422,
        0.9999874830245972,
        -0.0007015789742581546,
        0.058871880173683167,
        0.4521183669567108,
        0.002870394615456462,
        0.8919533491134644,
        1.4979760646820068
    ],
    [
        0.8773473501205444,
        0.004038674756884575,
        -0.47983887791633606,
        -1.6575560569763184,
        -0.00477910041809082,
        0.9999884366989136,
        -0.00032156967790797353,
        0.06295287609100342,
        0.47983211278915405,
        0.0025753264781087637,
        0.8773565888404846,
        1.6724581718444824
    ],
    [
        0.8559732437133789,
        0.004053180105984211,
        -0.5170043110847473,
        -1.7415310144424438,
        -0.0049855271354317665,
        0.9999874830245972,
        -0.00041459721978753805,
        0.0725160762667656,
        0.5169961452484131,
        0.0029324227944016457,
        0.855982780456543,
        1.825437307357788
    ],
    [
        0.8270922899246216,
        0.004580746404826641,
        -0.56204754114151,
        -1.8485385179519653,
        -0.006368272937834263,
        0.9999790191650391,
        -0.0012214247835800052,
        0.07005497813224792,
        0.5620300769805908,
        0.004589502699673176,
        0.8271040916442871,
        1.989424705505371
    ],
    [
        0.7968572378158569,
        0.004959045443683863,
        -0.6041473150253296,
        -1.9368069171905518,
        -0.007283749990165234,
        0.9999724626541138,
        -0.0013989954022690654,
        0.07262808084487915,
        0.6041237115859985,
        0.005515257362276316,
        0.7968714237213135,
        2.111645221710205
    ],
    [
        0.7590774297714233,
        0.00594358891248703,
        -0.6509732604026794,
        -2.032522439956665,
        -0.00854516215622425,
        0.9999631643295288,
        -0.0008342452347278595,
        0.07568223029375076,
        0.6509442925453186,
        0.006195930298417807,
        0.7591002583503723,
        2.262256383895874
    ],
    [
        0.7174644470214844,
        0.006566058378666639,
        -0.6965641975402832,
        -2.1093883514404297,
        -0.00994130689650774,
        0.9999502301216125,
        -0.0008137098047882318,
        0.08099104464054108,
        0.6965242028236389,
        0.007508565671741962,
        0.7174939513206482,
        2.382643938064575
    ],
    [
        0.6709371209144592,
        0.0072982157580554485,
        -0.7414783835411072,
        -2.186445713043213,
        -0.011717183515429497,
        0.9999310970306396,
        -0.0007603483973070979,
        0.0959109216928482,
        0.741421639919281,
        0.009198184125125408,
        0.6709764003753662,
        2.498300075531006
    ],
    [
        0.6236576437950134,
        0.009767702780663967,
        -0.7816365957260132,
        -2.2808568477630615,
        -0.013122782111167908,
        0.9999118447303772,
        0.002024877816438675,
        0.10119117051362991,
        0.7815873622894287,
        0.008994415402412415,
        0.6237308382987976,
        2.627920627593994
    ],
    [
        0.5864530205726624,
        0.01324835792183876,
        -0.8098748922348022,
        -2.3569109439849854,
        -0.014352191239595413,
        0.9998791217803955,
        0.005963714327663183,
        0.10711677372455597,
        0.8098560571670532,
        0.008126038126647472,
        0.5865722298622131,
        2.729430675506592
    ],
    [
        0.5479776859283447,
        0.016274912282824516,
        -0.8363348245620728,
        -2.423865556716919,
        -0.014755689539015293,
        0.999843180179596,
        0.0097886323928833,
        0.11883381754159927,
        0.8363628387451172,
        0.006976751610636711,
        0.5481320023536682,
        2.8446717262268066
    ],
    [
        0.5171864628791809,
        0.020239192992448807,
        -0.8556334376335144,
        -2.4751193523406982,
        -0.015130221843719482,
        0.9997802376747131,
        0.014503409154713154,
        0.11877919733524323,
        0.8557389974594116,
        0.005444955080747604,
        0.5173792243003845,
        2.950711727142334
    ],
    [
        0.4865788221359253,
        0.024589167907834053,
        -0.8732907772064209,
        -2.543612003326416,
        -0.01584378257393837,
        0.9996877908706665,
        0.019320307299494743,
        0.12674455344676971,
        0.873492956161499,
        0.004435368813574314,
        0.48681673407554626,
        3.061069965362549
    ]
]