[
    [
        0.9983927607536316,
        -0.006763030309230089,
        0.0562681183218956,
        -0.3452610969543457,
        0.006810916122049093,
        0.9999765157699585,
        -0.0006593102589249611,
        0.0408533439040184,
        -0.056262340396642685,
        0.0010414877906441689,
        0.998415470123291,
        0.9132683277130127
    ],
    [
        0.9977056980133057,
        -0.007989996112883091,
        0.06722712516784668,
        -0.4002188742160797,
        0.008044308982789516,
        0.9999674558639526,
        -0.0005372356972657144,
        0.025601079687476158,
        -0.06722064316272736,
        0.0010767992353066802,
        0.9977375268936157,
        1.2021909952163696
    ],
    [
        0.9971626996994019,
        -0.00882567185908556,
        0.07475659251213074,
        -0.45698046684265137,
        0.00889956671744585,
        0.9999601244926453,
        -0.0006553951534442604,
        0.0021087946370244026,
        -0.07474783807992935,
        0.0013188367011025548,
        0.9972015023231506,
        1.5039196014404297
    ],
    [
        0.99654620885849,
        -0.009087622165679932,
        0.08254075050354004,
        -0.5264433026313782,
        0.009125389158725739,
        0.999958336353302,
        -8.030395110836253e-05,
        -0.017347779124975204,
        -0.08253659307956696,
        0.0008332431898452342,
        0.9965876936912537,
        1.813231110572815
    ],
    [
        0.9960669875144958,
        -0.009153553284704685,
        0.08812952786684036,
        -0.5910561680793762,
        0.00931074284017086,
        0.9999557137489319,
        -0.0013726904289796948,
        -0.040164172649383545,
        -0.08811306208372116,
        0.002187843434512615,
        0.9961081147193909,
        2.0954976081848145
    ],
    [
        0.9956032037734985,
        -0.010164156556129456,
        0.09311725944280624,
        -0.6300861239433289,
        0.01035705953836441,
        0.9999451637268066,
        -0.0015885756583884358,
        -0.050064608454704285,
        -0.09309598803520203,
        0.0025460124015808105,
        0.9956538677215576,
        2.340393543243408
    ],
    [
        0.9952199459075928,
        -0.010568983852863312,
        0.0970848873257637,
        -0.6627702116966248,
        0.010722571983933449,
        0.9999420046806335,
        -0.0010603959672152996,
        -0.09015742689371109,
        -0.09706805646419525,
        0.002096327254548669,
        0.9952754974365234,
        2.6348025798797607
    ],
    [
        0.9947988986968994,
        -0.01024632714688778,
        0.10134199261665344,
        -0.7089263200759888,
        0.010398279875516891,
        0.9999454021453857,
        -0.0009713601320981979,
        -0.1351657658815384,
        -0.10132646560668945,
        0.002020091051235795,
        0.9948512315750122,
        2.909227132797241
    ],
    [
        0.9939696788787842,
        -0.009967859834432602,
        0.10920163244009018,
        -0.7941861748695374,
        0.010077245533466339,
        0.9999490976333618,
        -0.00044986180728301406,
        -0.15973681211471558,
        -0.1091916486620903,
        0.0015476022381335497,
        0.9940195083618164,
        3.1940431594848633
    ],
    [
        0.9914790987968445,
        -0.010830444283783436,
        0.12981478869915009,
        -0.9023138880729675,
        0.011029299348592758,
        0.9999388456344604,
        -0.0008129925117827952,
        -0.19878679513931274,
        -0.1297980397939682,
        0.0022378298453986645,
        0.9915379881858826,
        3.482912302017212
    ],
    [
        0.9882318377494812,
        -0.013231566175818443,
        0.15239004790782928,
        -0.9640321135520935,
        0.013506166636943817,
        0.9999085068702698,
        -0.0007668861653655767,
        -0.20161482691764832,
        -0.15236599743366241,
        0.002816068474203348,
        0.9883201718330383,
        3.724712610244751
    ],
    [
        0.983237087726593,
        -0.015962794423103333,
        0.1816319078207016,
        -1.0214080810546875,
        0.01625562272965908,
        0.9998679161071777,
        -0.000123532023280859,
        -0.22376732528209686,
        -0.18160594999790192,
        0.003073996165767312,
        0.9833664894104004,
        4.015962600708008
    ],
    [
        0.9761437177658081,
        -0.017953388392925262,
        0.21638208627700806,
        -1.0877896547317505,
        0.01837991736829281,
        0.9998310804367065,
        4.1179762774845585e-05,
        -0.23677991330623627,
        -0.2163461446762085,
        0.0039368863217532635,
        0.9763088226318359,
        4.269314289093018
    ],
    [
        0.9670305252075195,
        -0.020043719559907913,
        0.25387075543403625,
        -1.1757522821426392,
        0.020516330376267433,
        0.9997892379760742,
        0.0007861484191380441,
        -0.23156456649303436,
        -0.25383302569389343,
        0.004448269493877888,
        0.9672378301620483,
        4.520859241485596
    ],
    [
        0.954982340335846,
        -0.02284938469529152,
        0.29578152298927307,
        -1.2932989597320557,
        0.02349107339978218,
        0.9997231364250183,
        0.0013844554778188467,
        -0.23580485582351685,
        -0.29573118686676025,
        0.0056260935962200165,
        0.9552546143531799,
        4.789251327514648
    ],
    [
        0.943243682384491,
        -0.027080407366156578,
        0.33099550008773804,
        -1.345925211906433,
        0.027844801545143127,
        0.9996094107627869,
        0.0024332706816494465,
        -0.23503270745277405,
        -0.33093202114105225,
        0.006921340711414814,
        0.9436291456222534,
        5.028903007507324
    ],
    [
        0.9185042381286621,
        -0.034039102494716644,
        0.39394325017929077,
        -1.3645412921905518,
        0.03474583476781845,
        0.9993818402290344,
        0.005340523552149534,
        -0.23623791337013245,
        -0.3938814401626587,
        0.008782600052654743,
        0.9191192388534546,
        5.322422027587891
    ],
    [
        0.8728557825088501,
        -0.0420060008764267,
        0.48616689443588257,
        -1.3732818365097046,
        0.04305858910083771,
        0.9990319013595581,
        0.009012119844555855,
        -0.24884290993213654,
        -0.48607492446899414,
        0.013067380525171757,
        0.8738194108009338,
        5.529777526855469
    ],
    [
        0.7988774180412292,
        -0.051735494285821915,
        0.5992648005485535,
        -1.421738624572754,
        0.05310993269085884,
        0.998469889163971,
        0.015398881398141384,
        -0.26628369092941284,
        -0.5991445779800415,
        0.019525090232491493,
        0.800402820110321,
        5.75941801071167
    ],
    [
        0.6922503709793091,
        -0.060330845415592194,
        0.7191312313079834,
        -1.5023940801620483,
        0.0624774768948555,
        0.9977681040763855,
        0.02356475219130516,
        -0.29268375039100647,
        -0.7189478874206543,
        0.02861679531633854,
        0.6944745779037476,
        5.982549667358398
    ],
    [
        0.6033470034599304,
        -0.06638962030410767,
        0.7947105169296265,
        -1.589168906211853,
        0.06842947006225586,
        0.9971632361412048,
        0.0313505083322525,
        -0.31396952271461487,
        -0.7945374846458435,
        0.035466380417346954,
        0.6061784625053406,
        6.1415228843688965
    ],
    [
        0.5039018988609314,
        -0.07132250815629959,
        0.8608113527297974,
        -1.7336491346359253,
        0.07335417717695236,
        0.9965184330940247,
        0.03962643817067146,
        -0.37743115425109863,
        -0.8606405258178711,
        0.043176256120204926,
        0.5073792934417725,
        6.344228744506836
    ],
    [
        0.3964247703552246,
        -0.07726792246103287,
        0.9148098230361938,
        -1.8218659162521362,
        0.0776672214269638,
        0.99570232629776,
        0.050443973392248154,
        -0.40954622626304626,
        -0.914776086807251,
        0.05105350911617279,
        0.4007222652435303,
        6.563361167907715
    ],
    [
        0.2264195680618286,
        -0.08423126488924026,
        0.9703810214996338,
        -1.8952451944351196,
        0.08264052122831345,
        0.9943228960037231,
        0.06702691316604614,
        -0.4354006052017212,
        -0.9705176949501038,
        0.06501659005880356,
        0.23209507763385773,
        6.861177921295166
    ],
    [
        0.04223395884037018,
        -0.08666054159402847,
        0.9953422546386719,
        -1.980973720550537,
        0.08279205113649368,
        0.9931084513664246,
        0.0829530656337738,
        -0.4659644365310669,
        -0.9956716299057007,
        0.07890299707651138,
        0.049117665737867355,
        7.100139617919922
    ]
]