[
    [
        0.9999672174453735,
        -0.005074282642453909,
        0.006310113240033388,
        -0.006625299341976643,
        0.005162105429917574,
        0.9998889565467834,
        -0.013980193063616753,
        0.020076429471373558,
        -0.006238472647964954,
        0.014012307859957218,
        0.9998823404312134,
        0.287506103515625
    ],
    [
        0.999971330165863,
        -0.005032319109886885,
        0.0056524090468883514,
        -0.008704550564289093,
        0.0051310681737959385,
        0.9998320937156677,
        -0.01759396120905876,
        0.023300353437662125,
        -0.005562921520322561,
        0.017622463405132294,
        0.9998291730880737,
        0.3604409396648407
    ],
    [
        0.9999693036079407,
        -0.004950576927512884,
        0.006088551599532366,
        -0.007884171791374683,
        0.005081419833004475,
        0.999752402305603,
        -0.021665755659341812,
        0.024209115654230118,
        -0.0059797861613333225,
        0.021696025505661964,
        0.9997467398643494,
        0.4228980839252472
    ],
    [
        0.9999744892120361,
        -0.004344132728874683,
        0.005683069117367268,
        -0.01008227001875639,
        0.004491269588470459,
        0.9996482133865356,
        -0.02613895945250988,
        0.02457466349005699,
        -0.005567518994212151,
        0.026163818314671516,
        0.9996421337127686,
        0.4946368336677551
    ],
    [
        0.999972403049469,
        -0.004802526906132698,
        0.005672271829098463,
        -0.014693624339997768,
        0.004966902546584606,
        0.9995574951171875,
        -0.029329461976885796,
        0.025759808719158173,
        -0.005528905428946018,
        0.029356826096773148,
        0.9995537400245667,
        0.5611310601234436
    ],
    [
        0.9999656081199646,
        -0.005272509530186653,
        0.006392759270966053,
        -0.02467472478747368,
        0.005472867283970118,
        0.9994811415672302,
        -0.03173978626728058,
        0.02553562819957733,
        -0.006222093477845192,
        0.031773678958415985,
        0.9994757771492004,
        0.639599621295929
    ],
    [
        0.9999353289604187,
        -0.004430633969604969,
        0.010483577847480774,
        -0.042194001376628876,
        0.004786798730492592,
        0.9994036555290222,
        -0.034196000546216965,
        0.01754080317914486,
        -0.01032581552863121,
        0.03424396738409996,
        0.9993601441383362,
        0.7379226088523865
    ],
    [
        0.9998806118965149,
        -0.005079090595245361,
        0.014589672908186913,
        -0.06094439700245857,
        0.005617813672870398,
        0.9992947578430176,
        -0.03712448105216026,
        0.005845444742590189,
        -0.014390826225280762,
        0.03720201179385185,
        0.9992040991783142,
        0.8134272694587708
    ],
    [
        0.9997815489768982,
        -0.0054540205746889114,
        0.020177286118268967,
        -0.07582827657461166,
        0.006261423230171204,
        0.9991731643676758,
        -0.040171097964048386,
        -0.0011556510580703616,
        -0.019941508769989014,
        0.040288664400577545,
        0.9989890456199646,
        0.8983135223388672
    ],
    [
        0.9996438026428223,
        -0.0060026454739272594,
        0.026004400104284286,
        -0.08544110506772995,
        0.007117121014744043,
        0.9990506172180176,
        -0.042978860437870026,
        0.0008149105124175549,
        -0.025721725076436996,
        0.043148625642061234,
        0.9987375140190125,
        0.9680312871932983
    ],
    [
        0.9994743466377258,
        -0.006648823618888855,
        0.03173142671585083,
        -0.09744897484779358,
        0.008070983923971653,
        0.9989587068557739,
        -0.044903114438056946,
        0.012173604220151901,
        -0.03139983490109444,
        0.04513561353087425,
        0.9984872341156006,
        1.0457801818847656
    ],
    [
        0.9992015957832336,
        -0.0068584042601287365,
        0.03935948386788368,
        -0.11256501823663712,
        0.00863448902964592,
        0.9989436864852905,
        -0.045133620500564575,
        0.026785708963871002,
        -0.03900836408138275,
        0.04543742910027504,
        0.998205304145813,
        1.1531106233596802
    ],
    [
        0.9988629221916199,
        -0.007563923019915819,
        0.047070104628801346,
        -0.12589040398597717,
        0.009691695682704449,
        0.9989335536956787,
        -0.04514158144593239,
        0.03056252747774124,
        -0.04667846858501434,
        0.04554644227027893,
        0.9978711009025574,
        1.2466771602630615
    ],
    [
        0.9984089732170105,
        -0.0083497678861022,
        0.05576455965638161,
        -0.1314077228307724,
        0.010852202773094177,
        0.9989404678344727,
        -0.044724054634571075,
        0.032453346997499466,
        -0.055332038551568985,
        0.04525807127356529,
        0.9974417686462402,
        1.3360682725906372
    ],
    [
        0.9976868629455566,
        -0.009281275793910027,
        0.06734049320220947,
        -0.13366356492042542,
        0.012390566989779472,
        0.9988690614700317,
        -0.045902956277132034,
        0.0432237833738327,
        -0.06683830171823502,
        0.046631164848804474,
        0.9966734647750854,
        1.4268494844436646
    ],
    [
        0.9967628717422485,
        -0.009497136808931828,
        0.07983443886041641,
        -0.13994811475276947,
        0.013278285041451454,
        0.9988082051277161,
        -0.04696572944521904,
        0.054902829229831696,
        -0.07929327338933945,
        0.047873761504888535,
        0.9957011342048645,
        1.495430588722229
    ],
    [
        0.9949489235877991,
        -0.010137239471077919,
        0.0998687818646431,
        -0.1609351933002472,
        0.014995556324720383,
        0.9987339377403259,
        -0.04801709204912186,
        0.07412025332450867,
        -0.09925558418035507,
        0.04927214980125427,
        0.993841290473938,
        1.5755308866500854
    ],
    [
        0.9921929240226746,
        -0.011706219986081123,
        0.1241612508893013,
        -0.18740130960941315,
        0.017896076664328575,
        0.9986454844474792,
        -0.04885580390691757,
        0.08708371222019196,
        -0.12342116236686707,
        0.050696391612291336,
        0.9910585880279541,
        1.6431418657302856
    ],
    [
        0.9877759218215942,
        -0.013155012391507626,
        0.1553240269422531,
        -0.2225545197725296,
        0.020979002118110657,
        0.9985862970352173,
        -0.04884075000882149,
        0.0897279754281044,
        -0.15446193516254425,
        0.05150225758552551,
        0.9866554141044617,
        1.7096837759017944
    ],
    [
        0.9797595143318176,
        -0.014523914083838463,
        0.19965074956417084,
        -0.2566889822483063,
        0.024732744321227074,
        0.9985054731369019,
        -0.04873477667570114,
        0.09031743556261063,
        -0.19864454865455627,
        0.052686262875795364,
        0.9786543250083923,
        1.7786682844161987
    ],
    [
        0.9711732268333435,
        -0.016759883612394333,
        0.23778511583805084,
        -0.27542853355407715,
        0.0291721411049366,
        0.998383641242981,
        -0.04877685010433197,
        0.09329899400472641,
        -0.23658326268196106,
        0.054307471960783005,
        0.970092236995697,
        1.8262553215026855
    ],
    [
        0.9610888361930847,
        -0.019410572946071625,
        0.27555665373802185,
        -0.28318119049072266,
        0.03409857675433159,
        0.9982354640960693,
        -0.048612285405397415,
        0.09897134453058243,
        -0.2741268575191498,
        0.05611681938171387,
        0.9600548148155212,
        1.8693162202835083
    ],
    [
        0.9472964406013489,
        -0.022208649665117264,
        0.3195878863334656,
        -0.2791477143764496,
        0.039644379168748856,
        0.9980528354644775,
        -0.04815441370010376,
        0.11153010278940201,
        -0.31789615750312805,
        0.058286361396312714,
        0.9463322758674622,
        1.9221296310424805
    ],
    [
        0.9328709840774536,
        -0.026244524866342545,
        0.35925325751304626,
        -0.269347220659256,
        0.04562259092926979,
        0.997918963432312,
        -0.04556693136692047,
        0.11297058314085007,
        -0.3573097884654999,
        0.058898136019706726,
        0.9321269392967224,
        1.968156099319458
    ],
    [
        0.911721408367157,
        -0.029650753363966942,
        0.4097374975681305,
        -0.25705841183662415,
        0.051766861230134964,
        0.9977335929870605,
        -0.04298703372478485,
        0.10760749131441116,
        -0.40753433108329773,
        0.060403019189834595,
        0.9111900925636292,
        2.018195390701294
    ]
]