[
    [
        0.9999972581863403,
        -0.0017413945170119405,
        -0.0016086291288957,
        -0.08530496060848236,
        0.0017577478429302573,
        0.9999462962150574,
        0.010220800526440144,
        -0.0012736405478790402,
        0.001590744243003428,
        -0.010223598219454288,
        0.9999464750289917,
        -0.07142908871173859
    ],
    [
        0.9999971389770508,
        -0.0017689485102891922,
        0.0015995947178453207,
        -0.10886742174625397,
        0.0017522914567962289,
        0.9999448657035828,
        0.010355700738728046,
        -0.001947766519151628,
        -0.0016178255900740623,
        -0.01035286858677864,
        0.9999451637268066,
        -0.05589707940816879
    ],
    [
        0.9999833106994629,
        -0.0019345659529790282,
        0.005444354843348265,
        -0.1386260986328125,
        0.0018778250087052584,
        0.9999440908432007,
        0.010407858528196812,
        -0.002156154252588749,
        -0.005464183632284403,
        -0.010397459380328655,
        0.9999309778213501,
        -0.03676187992095947
    ],
    [
        0.9999659061431885,
        -0.0020159888081252575,
        0.008014270104467869,
        -0.16948793828487396,
        0.00193299469538033,
        0.9999446272850037,
        0.010349997319281101,
        -0.0019353857496753335,
        -0.008034692145884037,
        -0.010334153659641743,
        0.999914288520813,
        -0.018052052706480026
    ],
    [
        0.9999389052391052,
        -0.00220479816198349,
        0.010840622708201408,
        -0.2026601880788803,
        0.0020910711027681828,
        0.9999428391456604,
        0.010490979067981243,
        -0.001956195803359151,
        -0.010863132774829865,
        -0.010467667132616043,
        0.9998862743377686,
        0.00046715920325368643
    ],
    [
        0.9999017119407654,
        -0.002493801061064005,
        0.013797248713672161,
        -0.2370966374874115,
        0.0023498344235122204,
        0.9999428391456604,
        0.010440763086080551,
        -0.002303169807419181,
        -0.013822495937347412,
        -0.010407318361103535,
        0.9998502731323242,
        0.019557883962988853
    ],
    [
        0.9998520612716675,
        -0.0028735182713717222,
        0.016962001100182533,
        -0.2720082104206085,
        0.002695234026759863,
        0.9999409914016724,
        0.010524311102926731,
        -0.002730496460571885,
        -0.01699124276638031,
        -0.010477038100361824,
        0.9998007416725159,
        0.03844742104411125
    ],
    [
        0.9997897744178772,
        -0.0030953949317336082,
        0.020269280299544334,
        -0.3055098354816437,
        0.002884140470996499,
        0.999941349029541,
        0.010443358682096004,
        -0.003221703926101327,
        -0.02030041627585888,
        -0.010382702574133873,
        0.9997400641441345,
        0.05695570632815361
    ],
    [
        0.9996996521949768,
        -0.0035747631918638945,
        0.024244489148259163,
        -0.3393067717552185,
        0.003321767086163163,
        0.9999397993087769,
        0.010467443615198135,
        -0.004299092572182417,
        -0.024280445650219917,
        -0.01038376521319151,
        0.999651312828064,
        0.07472735643386841
    ],
    [
        0.9995790719985962,
        -0.0038114909548312426,
        0.028759028762578964,
        -0.36927932500839233,
        0.0035110877361148596,
        0.9999388456344604,
        0.010488798841834068,
        -0.0047283112071454525,
        -0.028797246515750885,
        -0.010383407585322857,
        0.9995313882827759,
        0.09132859855890274
    ],
    [
        0.9994224309921265,
        -0.004179724957793951,
        0.033724963665008545,
        -0.39719969034194946,
        0.0038163030985742807,
        0.9999340772628784,
        0.010833198204636574,
        -0.00472821993753314,
        -0.03376802057027817,
        -0.010698235593736172,
        0.9993725419044495,
        0.10759007185697556
    ],
    [
        0.9991942048072815,
        -0.004641618579626083,
        0.03986577317118645,
        -0.4225305914878845,
        0.004212059546262026,
        0.9999323487281799,
        0.010852355509996414,
        -0.004265675321221352,
        -0.039913445711135864,
        -0.010675694793462753,
        0.9991461038589478,
        0.1245790421962738
    ],
    [
        0.9988750219345093,
        -0.004916831385344267,
        0.04716528579592705,
        -0.44471466541290283,
        0.0043870024383068085,
        0.9999261498451233,
        0.011330409906804562,
        -0.00428280932828784,
        -0.047217514365911484,
        -0.01111074909567833,
        0.9988228678703308,
        0.1414821743965149
    ],
    [
        0.9985336065292358,
        -0.00520220585167408,
        0.053885892033576965,
        -0.46025919914245605,
        0.0045931036584079266,
        0.9999242424964905,
        0.011421221308410168,
        -0.004206742625683546,
        -0.05394121631979942,
        -0.011156969703733921,
        0.998481810092926,
        0.15666617453098297
    ],
    [
        0.9980008602142334,
        -0.005322209093719721,
        0.06297530233860016,
        -0.47659173607826233,
        0.004604050889611244,
        0.9999228119850159,
        0.011543428525328636,
        -0.005191450472921133,
        -0.0630318745970726,
        -0.011230411939322948,
        0.9979483485221863,
        0.1767120510339737
    ],
    [
        0.9973548054695129,
        -0.00545488391071558,
        0.07248269766569138,
        -0.49094119668006897,
        0.00462057301774621,
        0.9999212026596069,
        0.011673186905682087,
        -0.006807427853345871,
        -0.07254066318273544,
        -0.011307397857308388,
        0.9973013997077942,
        0.19765284657478333
    ],
    [
        0.9965317845344543,
        -0.005574850365519524,
        0.08302532881498337,
        -0.5055347084999084,
        0.004590307362377644,
        0.9999169707298279,
        0.01204452384263277,
        -0.010063860565423965,
        -0.0830855742096901,
        -0.011621639132499695,
        0.9964746832847595,
        0.21978715062141418
    ],
    [
        0.9955751895904541,
        -0.005713250022381544,
        0.09379440546035767,
        -0.5210424065589905,
        0.0045806425623595715,
        0.9999140501022339,
        0.012286275625228882,
        -0.011310591362416744,
        -0.09385652095079422,
        -0.011802272871136665,
        0.9955158829689026,
        0.24214807152748108
    ],
    [
        0.9942162036895752,
        -0.0058105094358325005,
        0.10723977535963058,
        -0.5399780869483948,
        0.004508506506681442,
        0.999913215637207,
        0.012379497289657593,
        -0.012248549610376358,
        -0.10730240494012833,
        -0.011824405752122402,
        0.9941561222076416,
        0.2655753195285797
    ],
    [
        0.9926477074623108,
        -0.005600420758128166,
        0.12090963870286942,
        -0.5620765089988708,
        0.004090199247002602,
        0.9999105334281921,
        0.012735075317323208,
        -0.01375714410096407,
        -0.12097014486789703,
        -0.012146897614002228,
        0.992581844329834,
        0.2895585894584656
    ],
    [
        0.9908916354179382,
        -0.005655404180288315,
        0.1345430165529251,
        -0.5883748531341553,
        0.0039637465961277485,
        0.9999096989631653,
        0.012837902642786503,
        -0.015237510204315186,
        -0.13460345566272736,
        -0.012187675572931767,
        0.9908245801925659,
        0.3135913610458374
    ],
    [
        0.988753616809845,
        -0.005986024159938097,
        0.1494339257478714,
        -0.6197063326835632,
        0.00406969478353858,
        0.9999055862426758,
        0.013126427307724953,
        -0.016345808282494545,
        -0.14949840307235718,
        -0.01237065065652132,
        0.9886845946311951,
        0.3374473452568054
    ],
    [
        0.9862061738967896,
        -0.0061736698262393475,
        0.16540659964084625,
        -0.6544708013534546,
        0.004011336248368025,
        0.9999021887779236,
        0.0134036960080266,
        -0.017681952565908432,
        -0.16547316312789917,
        -0.01255530584603548,
        0.9861343502998352,
        0.3608275353908539
    ],
    [
        0.9834527373313904,
        -0.006505916360765696,
        0.18104803562164307,
        -0.6915469765663147,
        0.004069116897881031,
        0.9998961687088013,
        0.013827575370669365,
        -0.019421210512518883,
        -0.1811191886663437,
        -0.012862061150372028,
        0.9833769798278809,
        0.38488829135894775
    ],
    [
        0.9805232286453247,
        -0.006644252222031355,
        0.19629071652889252,
        -0.7313029170036316,
        0.00395359518006444,
        0.9998928904533386,
        0.014096171595156193,
        -0.022418390959501266,
        -0.19636334478855133,
        -0.013045569881796837,
        0.9804443120956421,
        0.4096616208553314
    ]
]