[
    [
        0.9995867013931274,
        0.006262331269681454,
        0.02805342711508274,
        0.16431574523448944,
        -0.006566024385392666,
        0.999920666217804,
        0.010746517218649387,
        -0.0858103483915329,
        -0.027983905747532845,
        -0.010926276445388794,
        0.999548614025116,
        0.6141836643218994
    ],
    [
        0.9989604353904724,
        0.010804619640111923,
        0.04428892955183983,
        0.24633550643920898,
        -0.01166482549160719,
        0.9997474551200867,
        0.01921038329601288,
        -0.10965842753648758,
        -0.04407018423080444,
        -0.019707033410668373,
        0.998833954334259,
        0.8879079222679138
    ],
    [
        0.9981052875518799,
        0.01609722524881363,
        0.059386949986219406,
        0.3084844946861267,
        -0.017726359888911247,
        0.9994780421257019,
        0.027008458971977234,
        -0.12584026157855988,
        -0.05892119184136391,
        -0.028009997680783272,
        0.9978694915771484,
        1.2145018577575684
    ],
    [
        0.9970908164978027,
        0.02030961960554123,
        0.07346770167350769,
        0.3522738218307495,
        -0.02252103015780449,
        0.9993140697479248,
        0.02939828857779503,
        -0.1445678174495697,
        -0.07282023131847382,
        -0.030967332422733307,
        0.9968643188476562,
        1.5042505264282227
    ],
    [
        0.9961321949958801,
        0.022168168798089027,
        0.08502542227506638,
        0.42857804894447327,
        -0.025069696828722954,
        0.9991338849067688,
        0.03321076184511185,
        -0.14561471343040466,
        -0.08421555906534195,
        -0.035213861614465714,
        0.9958249926567078,
        1.82666015625
    ],
    [
        0.9956676363945007,
        0.023622697219252586,
        0.08993224799633026,
        0.5098876357078552,
        -0.026653503999114037,
        0.9991114735603333,
        0.03265047073364258,
        -0.16133743524551392,
        -0.08908103406429291,
        -0.03490602597594261,
        0.9954126477241516,
        2.1003246307373047
    ],
    [
        0.9960634708404541,
        0.017368052154779434,
        0.08692505955696106,
        0.5937041640281677,
        -0.02038390189409256,
        0.9992164373397827,
        0.033928316086530685,
        -0.16831240057945251,
        -0.08626767247915268,
        -0.035566627979278564,
        0.9956369400024414,
        2.4376296997070312
    ],
    [
        0.9967501759529114,
        0.009306645952165127,
        0.08001528680324554,
        0.670505166053772,
        -0.011891392059624195,
        0.9994207620620728,
        0.03188757225871086,
        -0.18285444378852844,
        -0.07967217266559601,
        -0.032735440880060196,
        0.9962834119796753,
        2.758357286453247
    ],
    [
        0.9976096749305725,
        0.0035034797620028257,
        0.06901341676712036,
        0.7591995000839233,
        -0.00610106298699975,
        0.9992793798446655,
        0.03746408224105835,
        -0.18356144428253174,
        -0.06883242726325989,
        -0.03779558092355728,
        0.9969121217727661,
        3.079828977584839
    ],
    [
        0.9986100792884827,
        0.0006359915714710951,
        0.05270131304860115,
        0.8532135486602783,
        -0.002664439845830202,
        0.9992579221725464,
        0.03842822089791298,
        -0.1679667979478836,
        -0.05263775214552879,
        -0.038515228778123856,
        0.9978705644607544,
        3.4204089641571045
    ],
    [
        0.9993503093719482,
        -0.0013281049905344844,
        0.03601563721895218,
        0.9386452436447144,
        -9.321911784354597e-05,
        0.9992222189903259,
        0.03943371772766113,
        -0.15873579680919647,
        -0.03603999316692352,
        -0.03941146284341812,
        0.9985729455947876,
        3.7633554935455322
    ],
    [
        0.9998929500579834,
        -0.005409939214587212,
        0.013593951240181923,
        1.0352283716201782,
        0.0048406971618533134,
        0.9991241097450256,
        0.0415642186999321,
        -0.14932675659656525,
        -0.013806899078190327,
        -0.041493967175483704,
        0.9990434646606445,
        4.10707950592041
    ],
    [
        0.9998812675476074,
        -0.008842678740620613,
        -0.012618831358850002,
        1.135377049446106,
        0.009311988949775696,
        0.9992482662200928,
        0.03763238713145256,
        -0.1611320525407791,
        0.012276235967874527,
        -0.03774542734026909,
        0.9992120265960693,
        4.444863319396973
    ],
    [
        0.999234139919281,
        -0.00762401707470417,
        -0.038378357887268066,
        1.1921095848083496,
        0.008909832686185837,
        0.9994008541107178,
        0.033444635570049286,
        -0.1682605892419815,
        0.03810049593448639,
        -0.03376096487045288,
        0.9987034201622009,
        4.727365970611572
    ],
    [
        0.9977151155471802,
        -0.003561124438419938,
        -0.0674675852060318,
        1.2409961223602295,
        0.005507184658199549,
        0.9995734095573425,
        0.02868035063147545,
        -0.17074130475521088,
        0.0673365443944931,
        -0.028986377641558647,
        0.9973092079162598,
        5.0349297523498535
    ],
    [
        0.9957088828086853,
        -0.0012680491199716926,
        -0.09253175556659698,
        1.2947072982788086,
        0.0030978757422417402,
        0.9998024106025696,
        0.019634006544947624,
        -0.16953931748867035,
        0.09248832613229752,
        -0.01983640529215336,
        0.9955161809921265,
        5.299499034881592
    ],
    [
        0.9933444857597351,
        0.004806033335626125,
        -0.11508152633905411,
        1.3597745895385742,
        -0.0036754903849214315,
        0.99994295835495,
        0.010034042410552502,
        -0.17377248406410217,
        0.11512309312820435,
        -0.009544282220304012,
        0.9933053851127625,
        5.613821029663086
    ],
    [
        0.9917671084403992,
        0.01560224499553442,
        -0.12710070610046387,
        1.3854308128356934,
        -0.01515960693359375,
        0.9998751282691956,
        0.004449187777936459,
        -0.1712653636932373,
        0.12715420126914978,
        -0.002485760021954775,
        0.9918797612190247,
        5.887161731719971
    ],
    [
        0.9907125234603882,
        0.025408705696463585,
        -0.13357844948768616,
        1.379348635673523,
        -0.025232842192053795,
        0.9996770620346069,
        0.0030094669200479984,
        -0.16257263720035553,
        0.1336117535829544,
        0.0003890497609972954,
        0.9910335540771484,
        6.1951422691345215
    ],
    [
        0.990428626537323,
        0.02990817464888096,
        -0.13474678993225098,
        1.3783024549484253,
        -0.029344609007239342,
        0.9995502829551697,
        0.006167002022266388,
        -0.1469155102968216,
        0.1348704844713211,
        -0.0021538801956921816,
        0.9908608794212341,
        6.518869400024414
    ],
    [
        0.990679144859314,
        0.027774015441536903,
        -0.13335491716861725,
        1.373638391494751,
        -0.025985533371567726,
        0.9995477199554443,
        0.01513342559337616,
        -0.13824163377285004,
        0.13371506333351135,
        -0.011527071706950665,
        0.990952730178833,
        6.828056335449219
    ],
    [
        0.9901316165924072,
        0.020129412412643433,
        -0.13868704438209534,
        1.3209131956100464,
        -0.016352448612451553,
        0.9994651675224304,
        0.02831951715052128,
        -0.12203129380941391,
        0.1391831636428833,
        -0.025772182270884514,
        0.9899312853813171,
        7.1686882972717285
    ],
    [
        0.9899126887321472,
        0.010775783099234104,
        -0.14126770198345184,
        1.2514641284942627,
        -0.00507549662142992,
        0.9991605877876282,
        0.04064907506108284,
        -0.11956164240837097,
        0.14158712327480316,
        -0.03952202945947647,
        0.9891365766525269,
        7.473576068878174
    ],
    [
        0.9900906682014465,
        0.0017788526602089405,
        -0.14041876792907715,
        1.1790156364440918,
        0.004767045844346285,
        0.9989176392555237,
        0.04626684635877609,
        -0.1068594679236412,
        0.14034919440746307,
        -0.046477753669023514,
        0.9890105724334717,
        7.795769691467285
    ],
    [
        0.9913190007209778,
        -0.0023973260540515184,
        -0.13145683705806732,
        1.1385278701782227,
        0.008894125930964947,
        0.9987662434577942,
        0.048856791108846664,
        -0.10291142761707306,
        0.13117744028568268,
        -0.049601856619119644,
        0.9901173114776611,
        8.128360748291016
    ]
]