[
    [
        0.9853822588920593,
        -0.026776861399412155,
        0.16824044287204742,
        -0.026744462549686432,
        0.026838308200240135,
        0.9996379613876343,
        0.0019090365385636687,
        0.006536243483424187,
        -0.16823063790798187,
        0.0026341567281633615,
        0.985744059085846,
        0.23746562004089355
    ],
    [
        0.9826874136924744,
        -0.027932485565543175,
        0.18315355479717255,
        -0.02996220253407955,
        0.027886036783456802,
        0.9996071457862854,
        0.002829610602930188,
        0.004782938864082098,
        -0.18316063284873962,
        0.0023268035147339106,
        0.983080267906189,
        0.25971099734306335
    ],
    [
        0.9781387448310852,
        -0.02934974431991577,
        0.20587201416492462,
        -0.03602040931582451,
        0.029235169291496277,
        0.9995660185813904,
        0.00359912496060133,
        0.003167507704347372,
        -0.2058883011341095,
        0.002498259302228689,
        0.9785723686218262,
        0.29404759407043457
    ],
    [
        0.9732764363288879,
        -0.031023601070046425,
        0.22753143310546875,
        -0.04108921438455582,
        0.03060029447078705,
        0.9995171427726746,
        0.005388617981225252,
        0.0017674084519967437,
        -0.22758877277374268,
        0.001717914710752666,
        0.9737557768821716,
        0.32870975136756897
    ],
    [
        0.9681738615036011,
        -0.03342072665691376,
        0.24803732335567474,
        -0.04789220914244652,
        0.03237394243478775,
        0.9994412660598755,
        0.008298960514366627,
        0.0025099434424191713,
        -0.24817614257335663,
        -4.889677711616969e-06,
        0.9687148928642273,
        0.36601272225379944
    ],
    [
        0.9626568555831909,
        -0.03531094640493393,
        0.26841169595718384,
        -0.05489913374185562,
        0.03344224393367767,
        0.9993740916252136,
        0.011532431468367577,
        0.0016236542724072933,
        -0.26865091919898987,
        -0.002125486731529236,
        0.9632352590560913,
        0.40650299191474915
    ],
    [
        0.9567884802818298,
        -0.03719917684793472,
        0.288395494222641,
        -0.06142215058207512,
        0.034246910363435745,
        0.9992966651916504,
        0.015277487225830555,
        -0.0014026965945959091,
        -0.2887609601020813,
        -0.004740668926388025,
        0.9573895335197449,
        0.44875001907348633
    ],
    [
        0.9500393271446228,
        -0.03856301307678223,
        0.30973875522613525,
        -0.0702919289469719,
        0.034653645008802414,
        0.9992351531982422,
        0.018115893006324768,
        -0.003013779642060399,
        -0.3102005124092102,
        -0.006477233953773975,
        0.9506490230560303,
        0.49563068151474
    ],
    [
        0.9428794980049133,
        -0.03924837335944176,
        0.3308139443397522,
        -0.07863625138998032,
        0.034278254956007004,
        0.9991949200630188,
        0.02084709331393242,
        -0.006056457292288542,
        -0.33136579394340515,
        -0.00831657275557518,
        0.9434656500816345,
        0.5403823256492615
    ],
    [
        0.9378117322921753,
        -0.03924671187996864,
        0.3449185788631439,
        -0.08318254351615906,
        0.03363536670804024,
        0.9991866946220398,
        0.022240467369556427,
        -0.007488238159567118,
        -0.34551092982292175,
        -0.009255909360945225,
        0.93836909532547,
        0.5684093236923218
    ],
    [
        0.9302055835723877,
        -0.039415981620550156,
        0.36491650342941284,
        -0.08862931281328201,
        0.03277045488357544,
        0.9991653561592102,
        0.024388641119003296,
        -0.008860258385539055,
        -0.3655731976032257,
        -0.010727968066930771,
        0.9307208061218262,
        0.6094575524330139
    ],
    [
        0.9226347804069519,
        -0.04013549163937569,
        0.38358086347579956,
        -0.08955195546150208,
        0.03264647722244263,
        0.9991282224655151,
        0.026017287746071815,
        -0.009075994603335857,
        -0.3842906653881073,
        -0.011481890454888344,
        0.9231407046318054,
        0.6496899127960205
    ],
    [
        0.914592444896698,
        -0.04132460802793503,
        0.4022596776485443,
        -0.08858291059732437,
        0.0328209213912487,
        0.9990686178207397,
        0.028012631461024284,
        -0.010200083255767822,
        -0.40304264426231384,
        -0.012417611666023731,
        0.9150970578193665,
        0.6892891526222229
    ],
    [
        0.9062924981117249,
        -0.041947897523641586,
        0.42056411504745483,
        -0.08388431370258331,
        0.03263062238693237,
        0.9990370273590088,
        0.029328733682632446,
        -0.010010194964706898,
        -0.42138946056365967,
        -0.012857140973210335,
        0.90678870677948,
        0.7297939658164978
    ],
    [
        0.8972781896591187,
        -0.04257667064666748,
        0.4394076466560364,
        -0.07866550981998444,
        0.03257882222533226,
        0.9990105628967285,
        0.030273204669356346,
        -0.010173739865422249,
        -0.4402618408203125,
        -0.012848102487623692,
        0.8977775573730469,
        0.7739702463150024
    ],
    [
        0.8877652287483215,
        -0.043056901544332504,
        0.4582782983779907,
        -0.07383432239294052,
        0.03247663751244545,
        0.9989932775497437,
        0.03094610758125782,
        -0.009987077675759792,
        -0.45914942026138306,
        -0.012589544989168644,
        0.8882699012756348,
        0.8199471235275269
    ],
    [
        0.8781867027282715,
        -0.04362855106592178,
        0.4763242304325104,
        -0.06633447855710983,
        0.03222613036632538,
        0.9989654421806335,
        0.03208499774336815,
        -0.012688829563558102,
        -0.47723129391670227,
        -0.012826532125473022,
        0.8786841630935669,
        0.867167055606842
    ],
    [
        0.8717975616455078,
        -0.0442362017929554,
        0.48786500096321106,
        -0.05971113592386246,
        0.03242836892604828,
        0.9989413619041443,
        0.03262870013713837,
        -0.015371673740446568,
        -0.48879188299179077,
        -0.0126249510794878,
        0.8723090291023254,
        0.8987342715263367
    ],
    [
        0.86287921667099,
        -0.04513484984636307,
        0.5033907294273376,
        -0.049253083765506744,
        0.03266175463795662,
        0.9989023208618164,
        0.0335766077041626,
        -0.019481545314192772,
        -0.5043536424636841,
        -0.012530933134257793,
        0.8634063005447388,
        0.94340580701828
    ],
    [
        0.8543027639389038,
        -0.046302977949380875,
        0.5177093744277954,
        -0.03923232853412628,
        0.03335893154144287,
        0.9988550543785095,
        0.03428824618458748,
        -0.021428825333714485,
        -0.5187042355537415,
        -0.012022309936583042,
        0.8548692464828491,
        0.9877354502677917
    ],
    [
        0.8457894921302795,
        -0.048186399042606354,
        0.5313361883163452,
        -0.027660759165883064,
        0.034521277993917465,
        0.9987688064575195,
        0.03562590479850769,
        -0.023725442588329315,
        -0.5323987603187561,
        -0.011789606884121895,
        0.8464116454124451,
        1.0324761867523193
    ],
    [
        0.8372905254364014,
        -0.04965667426586151,
        0.54449862241745,
        -0.015533962287008762,
        0.03555561602115631,
        0.9987044334411621,
        0.03640405461192131,
        -0.024240929633378983,
        -0.545600950717926,
        -0.011120782233774662,
        0.8379713892936707,
        1.0787837505340576
    ],
    [
        0.828295111656189,
        -0.05052109435200691,
        0.5580095648765564,
        -0.003086984856054187,
        0.03566873073577881,
        0.9986609816551208,
        0.03747105225920677,
        -0.026151780039072037,
        -0.5591555237770081,
        -0.011133596301078796,
        0.8289879560470581,
        1.1284708976745605
    ],
    [
        0.8201436400413513,
        -0.05108170956373215,
        0.5698729157447815,
        0.009188003838062286,
        0.03516153618693352,
        0.998623788356781,
        0.038910262286663055,
        -0.03076287731528282,
        -0.5710762739181519,
        -0.011874394491314888,
        0.8208112716674805,
        1.1805527210235596
    ],
    [
        0.8132200837135315,
        -0.05133067071437836,
        0.5796880722045898,
        0.024510039016604424,
        0.03492475301027298,
        0.9986117482185364,
        0.0394313745200634,
        -0.0338953360915184,
        -0.58090740442276,
        -0.011820921674370766,
        0.8138838410377502,
        1.2306201457977295
    ]
]