[
    [
        0.9999999403953552,
        -1.7318523532594554e-05,
        0.0004337495774962008,
        0.008664421737194061,
        1.6220479665207677e-05,
        0.9999968409538269,
        0.0025301913265138865,
        -0.10257304459810257,
        -0.0004337914288043976,
        -0.0025301838759332895,
        0.9999966621398926,
        -0.009457038715481758
    ],
    [
        0.9999999403953552,
        -1.6002592019503936e-05,
        0.00040325860027223825,
        0.009184767492115498,
        1.4895408639858942e-05,
        0.9999962449073792,
        0.0027464525774121284,
        -0.113225057721138,
        -0.000403301470214501,
        -0.0027464469894766808,
        0.9999961853027344,
        -0.010139601305127144
    ],
    [
        0.9999998807907104,
        5.0579219532664865e-06,
        0.0005043382407166064,
        0.009616157971322536,
        -6.553077582793776e-06,
        0.9999956488609314,
        0.002964477986097336,
        -0.12400379776954651,
        -0.0005043207784183323,
        -0.0029644807800650597,
        0.9999954700469971,
        -0.011106503196060658
    ],
    [
        0.9999997615814209,
        -0.00013914619921706617,
        0.0007694876403547823,
        0.009776906110346317,
        0.00013661581033375114,
        0.999994695186615,
        0.003288521198555827,
        -0.1385619193315506,
        -0.0007699414272792637,
        -0.003288415726274252,
        0.9999942779541016,
        -0.012464523315429688
    ],
    [
        0.9999996423721313,
        -0.00023952867195475847,
        0.0008688460220582783,
        0.010328787378966808,
        0.0002363873936701566,
        0.9999935030937195,
        0.003614171175286174,
        -0.14972275495529175,
        -0.0008697060984559357,
        -0.003613964421674609,
        0.999993085861206,
        -0.013474510982632637
    ],
    [
        0.9999995231628418,
        -0.0004447831306606531,
        0.0008629194926470518,
        0.011839346960186958,
        0.0004415819130372256,
        0.999993085861206,
        0.003706263843923807,
        -0.16105027496814728,
        -0.0008645624620839953,
        -0.00370588107034564,
        0.9999927282333374,
        -0.014343027025461197
    ],
    [
        0.9999996423721313,
        -0.00022131258447188884,
        0.0008820578805170953,
        0.015354201197624207,
        0.00021788843150716275,
        0.9999924302101135,
        0.0038806949742138386,
        -0.17598915100097656,
        -0.0008829102735035121,
        -0.003880501491948962,
        0.9999921321868896,
        -0.014925130642950535
    ],
    [
        0.9999995231628418,
        -0.00014586180623155087,
        0.0010215018410235643,
        0.01768668368458748,
        0.00014180321886669844,
        0.9999920725822449,
        0.003971324767917395,
        -0.18740308284759521,
        -0.001022073207423091,
        -0.003971176687628031,
        0.9999915361404419,
        -0.015488595701754093
    ],
    [
        0.9999995231628418,
        -2.229143319709692e-05,
        0.0010332994861528277,
        0.019203567877411842,
        1.8173572243540548e-05,
        0.9999921321868896,
        0.003984578885138035,
        -0.19886113703250885,
        -0.0010333796963095665,
        -0.003984558396041393,
        0.9999915361404419,
        -0.015827471390366554
    ],
    [
        0.9999992847442627,
        -0.00018099808949045837,
        0.0011631540255621076,
        0.020120546221733093,
        0.00017629591457080096,
        0.999991774559021,
        0.004041365813463926,
        -0.21444153785705566,
        -0.0011638759169727564,
        -0.004041158594191074,
        0.9999910593032837,
        -0.016510091722011566
    ],
    [
        0.9999993443489075,
        -0.0002785931865219027,
        0.001198250218294561,
        0.019905485212802887,
        0.0002731828426476568,
        0.9999897480010986,
        0.004512874875217676,
        -0.22669175267219543,
        -0.0011994951637461782,
        -0.004512544255703688,
        0.9999891519546509,
        -0.017929209396243095
    ],
    [
        0.9999991655349731,
        -0.0001716731203487143,
        0.0012864458840340376,
        0.018306370824575424,
        0.00016516986943315715,
        0.9999872446060181,
        0.005053513217717409,
        -0.23897942900657654,
        -0.0012872971128672361,
        -0.005053296685218811,
        0.9999864101409912,
        -0.0197713952511549
    ],
    [
        0.9999991059303284,
        -0.0005060266703367233,
        0.001211600610986352,
        0.015257542952895164,
        0.0004992632893845439,
        0.9999844431877136,
        0.005575386807322502,
        -0.2558484375476837,
        -0.001214402262121439,
        -0.005574777256697416,
        0.9999836683273315,
        -0.022921133786439896
    ],
    [
        0.9999991059303284,
        -0.00043712934711948037,
        0.0012995467986911535,
        0.01243623998016119,
        0.000429251667810604,
        0.9999815821647644,
        0.006055715028196573,
        -0.2692978084087372,
        -0.001302169170230627,
        -0.006055151112377644,
        0.9999808073043823,
        -0.025452950969338417
    ],
    [
        0.9999991655349731,
        -0.0005449447780847549,
        0.001208050874993205,
        0.010166168212890625,
        0.0005373143358156085,
        0.9999799728393555,
        0.006307925097644329,
        -0.2828464210033417,
        -0.0012114642886444926,
        -0.006307270843535662,
        0.9999793767929077,
        -0.027389617636799812
    ],
    [
        0.9999992847442627,
        -0.0005363921518437564,
        0.0011047496227547526,
        0.008178933523595333,
        0.0005289920372888446,
        0.9999775886535645,
        0.006687825080007315,
        -0.30192428827285767,
        -0.0011083115823566914,
        -0.006687235087156296,
        0.9999769926071167,
        -0.029855959117412567
    ],
    [
        0.9999992847442627,
        -0.0006464081234298646,
        0.0010732320370152593,
        0.0073155988939106464,
        0.0006391179631464183,
        0.9999768137931824,
        0.0067791384644806385,
        -0.3169744908809662,
        -0.0010775894625112414,
        -0.0067784469574689865,
        0.9999765157699585,
        -0.031208794564008713
    ],
    [
        0.9999992251396179,
        -0.0007703207666054368,
        0.0010051681892946362,
        0.006878460291773081,
        0.0007632023189216852,
        0.99997478723526,
        0.007062376476824284,
        -0.3323778808116913,
        -0.0010105830151587725,
        -0.00706160394474864,
        0.9999746084213257,
        -0.0323135145008564
    ],
    [
        0.999998927116394,
        -0.001096733845770359,
        0.0009393926011398435,
        0.0067316326312720776,
        0.0010897322790697217,
        0.999971866607666,
        0.007421860005706549,
        -0.3535292446613312,
        -0.0009475053520873189,
        -0.007420828565955162,
        0.9999719858169556,
        -0.03389200568199158
    ],
    [
        0.9999987483024597,
        -0.001317366841249168,
        0.0009153474238701165,
        0.007011970039457083,
        0.001310216262936592,
        0.999968945980072,
        0.007769290823489428,
        -0.37074360251426697,
        -0.0009255536133423448,
        -0.007768082898110151,
        0.9999693632125854,
        -0.03491764888167381
    ],
    [
        0.9999985098838806,
        -0.0015252968296408653,
        0.0008608622010797262,
        0.006869161035865545,
        0.0015183861833065748,
        0.999967098236084,
        0.00797094963490963,
        -0.38870999217033386,
        -0.0008729916880838573,
        -0.0079696299508214,
        0.9999678134918213,
        -0.0356299988925457
    ],
    [
        0.9999982714653015,
        -0.0017160515999421477,
        0.0008589329663664103,
        0.00645643612369895,
        0.0017090786714106798,
        0.9999661445617676,
        0.008054646663367748,
        -0.41332343220710754,
        -0.0008727260865271091,
        -0.00805316399782896,
        0.999967098236084,
        -0.03642983362078667
    ],
    [
        0.9999978542327881,
        -0.0019041246268898249,
        0.0008077211095951498,
        0.006849281489849091,
        0.001897185342386365,
        0.9999619722366333,
        0.00850710365921259,
        -0.432237446308136,
        -0.0008238889859057963,
        -0.008505553938448429,
        0.9999635219573975,
        -0.03749992698431015
    ],
    [
        0.9999975562095642,
        -0.0021547398064285517,
        0.000682115729432553,
        0.007456586230546236,
        0.0021486461628228426,
        0.9999588131904602,
        0.008811915293335915,
        -0.4520708918571472,
        -0.0007010753615759313,
        -0.008810427039861679,
        0.9999608993530273,
        -0.03807986527681351
    ],
    [
        0.9999971985816956,
        -0.0023366857785731554,
        0.0004993285401724279,
        0.008370185270905495,
        0.002331976778805256,
        0.9999547004699707,
        0.009232760407030582,
        -0.4798037111759186,
        -0.0005208804504945874,
        -0.009231568314135075,
        0.9999572038650513,
        -0.039176154881715775
    ]
]