[
    [
        0.9999995827674866,
        0.0006633238517679274,
        -0.0007028609979897738,
        -0.04326945170760155,
        -0.0006655031465925276,
        0.9999949932098389,
        -0.003104645758867264,
        0.004236725624650717,
        0.0007007971871644258,
        0.00310511258430779,
        0.9999949932098389,
        -0.008091351948678493
    ],
    [
        0.9999991655349731,
        0.0008369687129743397,
        -0.0009651776636019349,
        -0.053727682679891586,
        -0.0008400113438256085,
        0.999994695186615,
        -0.003156024729833007,
        0.004495393950492144,
        0.0009625303791835904,
        0.003156833117827773,
        0.9999945163726807,
        -0.008415809832513332
    ],
    [
        0.9999990463256836,
        0.0008526499150320888,
        -0.0011410342995077372,
        -0.0748296007514,
        -0.0008565192692913115,
        0.9999939203262329,
        -0.003395685227587819,
        0.005719207227230072,
        0.0011381317162886262,
        0.0033966591581702232,
        0.9999935626983643,
        -0.008711820468306541
    ],
    [
        0.9999991655349731,
        0.0007192540215328336,
        -0.0010540321236476302,
        -0.09188341349363327,
        -0.000722637923900038,
        0.9999945759773254,
        -0.003213615855202079,
        0.005357999354600906,
        0.001051714876666665,
        0.0032143748831003904,
        0.9999942779541016,
        -0.009003371931612492
    ],
    [
        0.9999990463256836,
        0.0008777558105066419,
        -0.0010658117244020104,
        -0.10345595329999924,
        -0.0008819002541713417,
        0.9999921321868896,
        -0.003894147230312228,
        0.00690865982323885,
        0.0010623844573274255,
        0.003895083675161004,
        0.9999918937683105,
        -0.008721348829567432
    ],
    [
        0.9999988675117493,
        0.0011135501554235816,
        -0.0010620258981361985,
        -0.12726907432079315,
        -0.0011180618312209845,
        0.9999903440475464,
        -0.004257226828485727,
        0.007688745390623808,
        0.0010572740575298667,
        0.004258409142494202,
        0.9999903440475464,
        -0.008504943922162056
    ],
    [
        0.9999986886978149,
        0.0011453997576609254,
        -0.0011433260515332222,
        -0.14672647416591644,
        -0.0011503483401611447,
        0.9999899864196777,
        -0.004337698221206665,
        0.008361885324120522,
        0.0011383461533114314,
        0.004339006729424,
        0.9999899864196777,
        -0.008287127129733562
    ],
    [
        0.9999980330467224,
        0.0013232969213277102,
        -0.001446795416995883,
        -0.15883946418762207,
        -0.0013297888217493892,
        0.9999889731407166,
        -0.004496113862842321,
        0.009143093600869179,
        0.0014408292481675744,
        0.0044980281963944435,
        0.9999887943267822,
        -0.00805271603167057
    ],
    [
        0.9999977350234985,
        0.0014594981912523508,
        -0.0015595554141327739,
        -0.18501050770282745,
        -0.0014671109383925796,
        0.999987006187439,
        -0.004891552962362766,
        0.010551804676651955,
        0.0015523952897638083,
        0.004893830046057701,
        0.9999867677688599,
        -0.007265568245202303
    ],
    [
        0.9999973773956299,
        0.001616617781110108,
        -0.0016305973986163735,
        -0.20497964322566986,
        -0.0016249283216893673,
        0.9999856948852539,
        -0.005108122248202562,
        0.011758987791836262,
        0.0016223159618675709,
        0.005110758822411299,
        0.9999856948852539,
        -0.0063461740501224995
    ],
    [
        0.9999974966049194,
        0.001575162634253502,
        -0.001630663638934493,
        -0.2256958782672882,
        -0.001583579578436911,
        0.99998539686203,
        -0.00517306150868535,
        0.012629547156393528,
        0.0016224910505115986,
        0.00517563009634614,
        0.9999853372573853,
        -0.005317981820553541
    ],
    [
        0.9999982714653015,
        0.001439090701751411,
        -0.0012537973234429955,
        -0.24654005467891693,
        -0.001445602742023766,
        0.99998539686203,
        -0.005208102986216545,
        0.013354089111089706,
        0.001246283994987607,
        0.005209906026721001,
        0.9999856948852539,
        -0.003988366108387709
    ],
    [
        0.9999969005584717,
        0.0015769365709275007,
        -0.00193195475731045,
        -0.2675086259841919,
        -0.0015873785596340895,
        0.9999841451644897,
        -0.005415055435150862,
        0.013803543522953987,
        0.0019233848433941603,
        0.00541810505092144,
        0.9999834299087524,
        -0.002394601237028837
    ],
    [
        0.9999963045120239,
        0.0015601955819875002,
        -0.002230811631307006,
        -0.28876054286956787,
        -0.0015725455014035106,
        0.9999834299087524,
        -0.005545295774936676,
        0.01421612873673439,
        0.002222121926024556,
        0.005548783577978611,
        0.9999821186065674,
        -0.0009410062921233475
    ],
    [
        0.9999955296516418,
        0.0015965321799740195,
        -0.0025321203283965588,
        -0.3104068636894226,
        -0.0016110220458358526,
        0.9999822974205017,
        -0.005730780772864819,
        0.014769010245800018,
        0.002522926777601242,
        0.005734835285693407,
        0.9999803304672241,
        0.0009064650512300432
    ],
    [
        0.9999950528144836,
        0.0017637149430811405,
        -0.0026454711332917213,
        -0.33985278010368347,
        -0.001779144280590117,
        0.9999813437461853,
        -0.005841322708874941,
        0.015512816607952118,
        0.0026351185515522957,
        0.005846001207828522,
        0.9999794960021973,
        0.004040277097374201
    ],
    [
        0.9999951124191284,
        0.0017648396315053105,
        -0.0025848690420389175,
        -0.35481777787208557,
        -0.0017801212379708886,
        0.9999808669090271,
        -0.005921514704823494,
        0.015409709885716438,
        0.002574369078502059,
        0.005926087498664856,
        0.9999791383743286,
        0.006109532434493303
    ],
    [
        0.999993622303009,
        0.0018192705465480685,
        -0.003055997658520937,
        -0.3774750530719757,
        -0.001837912481278181,
        0.9999796748161316,
        -0.006108276080340147,
        0.015817077830433846,
        0.0030448229517787695,
        0.006113854236900806,
        0.999976634979248,
        0.009714939631521702
    ],
    [
        0.9999939799308777,
        0.0017809943528845906,
        -0.003010569605976343,
        -0.409553200006485,
        -0.0017995130037888885,
        0.9999794363975525,
        -0.006159824784845114,
        0.015470733866095543,
        0.002999537391588092,
        0.0061652036383748055,
        0.999976396560669,
        0.014973831363022327
    ],
    [
        0.9999921917915344,
        0.0019803589675575495,
        -0.0034339348785579205,
        -0.4251345098018646,
        -0.0020024531986564398,
        0.9999772906303406,
        -0.006442602723836899,
        0.01637190394103527,
        0.0034210982266813517,
        0.006449427455663681,
        0.9999732971191406,
        0.01797173172235489
    ],
    [
        0.9999914765357971,
        0.00191206531599164,
        -0.003646597731858492,
        -0.44922029972076416,
        -0.0019360746955499053,
        0.999976396560669,
        -0.006591738201677799,
        0.017138918861746788,
        0.0036339079961180687,
        0.00659874128177762,
        0.9999716281890869,
        0.022511973977088928
    ],
    [
        0.9999918341636658,
        0.00178691151086241,
        -0.0036344376858323812,
        -0.4822254180908203,
        -0.00181071856059134,
        0.9999768733978271,
        -0.006557562854140997,
        0.017549239099025726,
        0.003622635966166854,
        0.006564089097082615,
        0.999971866607666,
        0.028542952612042427
    ],
    [
        0.9999905824661255,
        0.0017760350601747632,
        -0.003973491955548525,
        -0.498706191778183,
        -0.0018029120983555913,
        0.9999754428863525,
        -0.006770777516067028,
        0.01712803728878498,
        0.0039613693952560425,
        0.0067778779193758965,
        0.9999692440032959,
        0.03165072202682495
    ],
    [
        0.9999876022338867,
        0.0020356483291834593,
        -0.004557274281978607,
        -0.5226534605026245,
        -0.002066513756290078,
        0.9999748468399048,
        -0.006778423208743334,
        0.016828322783112526,
        0.004543360322713852,
        0.006787755526602268,
        0.9999667406082153,
        0.03573954477906227
    ],
    [
        0.9999856948852539,
        0.0020550228655338287,
        -0.004940617363899946,
        -0.552562415599823,
        -0.0020878391806036234,
        0.9999758005142212,
        -0.006646167021244764,
        0.015856005251407623,
        0.004926839843392372,
        0.006656386889517307,
        0.9999656677246094,
        0.040926553308963776
    ]
]