[
    [
        0.8508353233337402,
        0.0654025450348854,
        -0.5213461518287659,
        -0.28692442178726196,
        -0.062483083456754684,
        0.9977763891220093,
        0.023198211565613747,
        0.009660865180194378,
        0.5217040777206421,
        0.012837455607950687,
        0.8530299663543701,
        -0.1486441195011139
    ],
    [
        0.847044050693512,
        0.06578775495290756,
        -0.5274357199668884,
        -0.29062220454216003,
        -0.06303520500659943,
        0.997741162776947,
        0.023217158392071724,
        0.010761279612779617,
        0.5277717113494873,
        0.013581061735749245,
        0.8492776155471802,
        -0.1502738893032074
    ],
    [
        0.8435227274894714,
        0.06617528945207596,
        -0.533001184463501,
        -0.2954694926738739,
        -0.06356959044933319,
        0.9977061152458191,
        0.023266546428203583,
        0.011696171015501022,
        0.5333181619644165,
        0.014256808906793594,
        0.8457944393157959,
        -0.1516154706478119
    ],
    [
        0.8325610160827637,
        0.0682709589600563,
        -0.5497101545333862,
        -0.3068276345729828,
        -0.0659010037779808,
        0.9975356459617615,
        0.024078330025076866,
        0.012881811708211899,
        0.5499992966651917,
        0.016179770231246948,
        0.8350083231925964,
        -0.15631292760372162
    ],
    [
        0.8287480473518372,
        0.06869712471961975,
        -0.555389404296875,
        -0.3103691041469574,
        -0.06645134091377258,
        0.9974955320358276,
        0.02422383427619934,
        0.014040781185030937,
        0.5556625723838806,
        0.016830915585160255,
        0.8312376141548157,
        -0.15724213421344757
    ],
    [
        0.8215412497520447,
        0.07041779905557632,
        -0.5657839179039001,
        -0.3185438811779022,
        -0.0680006593465805,
        0.9973620176315308,
        0.025392567738890648,
        0.014176886528730392,
        0.5660794973373413,
        0.0176126416772604,
        0.8241624236106873,
        -0.16029448807239532
    ],
    [
        0.8177553415298462,
        0.0712413564324379,
        -0.5711398720741272,
        -0.3220396041870117,
        -0.06888718158006668,
        0.997291624546051,
        0.02576524019241333,
        0.014625326730310917,
        0.571428656578064,
        0.018274549394845963,
        0.8204482197761536,
        -0.16176576912403107
    ],
    [
        0.8140150308609009,
        0.07216460257768631,
        -0.5763432383537292,
        -0.3260348439216614,
        -0.06966906785964966,
        0.9972190856933594,
        0.02646380476653576,
        0.014496956020593643,
        0.5766503214836121,
        0.01861136592924595,
        0.8167790174484253,
        -0.16360419988632202
    ],
    [
        0.8063656687736511,
        0.07344979792833328,
        -0.5868386626243591,
        -0.3339932858943939,
        -0.07123125344514847,
        0.9970964789390564,
        0.02692069113254547,
        0.016681300476193428,
        0.5871120691299438,
        0.02009333111345768,
        0.8092563152313232,
        -0.1654958575963974
    ],
    [
        0.8025765419006348,
        0.07383221387863159,
        -0.5919626355171204,
        -0.33867818117141724,
        -0.07183724641799927,
        0.997052013874054,
        0.026960598304867744,
        0.01800062693655491,
        0.5922080278396606,
        0.02088702656328678,
        0.8055143356323242,
        -0.16768550872802734
    ],
    [
        0.7907412052154541,
        0.07562854140996933,
        -0.6074608564376831,
        -0.3496239185333252,
        -0.07387438416481018,
        0.9968759417533875,
        0.02794707380235195,
        0.01874220184981823,
        0.60767662525177,
        0.02277689054608345,
        0.7938578128814697,
        -0.1721208542585373
    ],
    [
        0.7867568135261536,
        0.07664646953344345,
        -0.612485945224762,
        -0.3531204164028168,
        -0.07469958811998367,
        0.9967905282974243,
        0.02878444269299507,
        0.017644783481955528,
        0.6127264499664307,
        0.02310609631240368,
        0.7899572253227234,
        -0.17428065836429596
    ],
    [
        0.778641402721405,
        0.07740917801856995,
        -0.6226759552955627,
        -0.36026352643966675,
        -0.07557611912488937,
        0.9967065453529358,
        0.0294013824313879,
        0.01866142451763153,
        0.6229010820388794,
        0.024166300892829895,
        0.7819272875785828,
        -0.1781068742275238
    ],
    [
        0.7743086814880371,
        0.07822714000940323,
        -0.6279542446136475,
        -0.36408114433288574,
        -0.07655715197324753,
        0.9966211915016174,
        0.029753703624010086,
        0.019452182576060295,
        0.6281600594520569,
        0.025035841390490532,
        0.7776812314987183,
        -0.1793200671672821
    ],
    [
        0.7700360417366028,
        0.07913288474082947,
        -0.6330736875534058,
        -0.36806216835975647,
        -0.0774594396352768,
        0.9965335726737976,
        0.030347196385264397,
        0.0197608582675457,
        0.6332807540893555,
        0.025669096037745476,
        0.7734963893890381,
        -0.18127821385860443
    ],
    [
        0.7606492042541504,
        0.08076958358287811,
        -0.6441188454627991,
        -0.3749943673610687,
        -0.07876946777105331,
        0.9963817000389099,
        0.031921740621328354,
        0.019303422421216965,
        0.6443665027618408,
        0.026455653831362724,
        0.7642590403556824,
        -0.18523436784744263
    ],
    [
        0.7558394074440002,
        0.08183936029672623,
        -0.6496223211288452,
        -0.3781195282936096,
        -0.0796460509300232,
        0.9962819814682007,
        0.03284287825226784,
        0.018585968762636185,
        0.6498948335647583,
        0.026915911585092545,
        0.7595474123954773,
        -0.18698139488697052
    ],
    [
        0.7409170269966125,
        0.08444396406412125,
        -0.6662665009498596,
        -0.387667715549469,
        -0.08196501433849335,
        0.996017336845398,
        0.03508862480521202,
        0.018597131595015526,
        0.6665761470794678,
        0.028612788766622543,
        0.74488765001297,
        -0.19230371713638306
    ],
    [
        0.7361509799957275,
        0.08463949710130692,
        -0.6715042591094971,
        -0.3920186161994934,
        -0.08235639333724976,
        0.9959792494773865,
        0.03525286167860031,
        0.01995875872671604,
        0.6717880368232727,
        0.029351230710744858,
        0.7401617169380188,
        -0.19466951489448547
    ],
    [
        0.7308560609817505,
        0.08537004142999649,
        -0.6771716475486755,
        -0.3951699137687683,
        -0.08315820246934891,
        0.995893120765686,
        0.035800013691186905,
        0.02027817629277706,
        0.6774467825889587,
        0.030147723853588104,
        0.7349536418914795,
        -0.1958620697259903
    ],
    [
        0.7203851342201233,
        0.08681773394346237,
        -0.6881192326545715,
        -0.401341050863266,
        -0.0845976173877716,
        0.9957256317138672,
        0.03706302493810654,
        0.02067466266453266,
        0.688395619392395,
        0.03151359409093857,
        0.7246504426002502,
        -0.19860315322875977
    ],
    [
        0.7155383229255676,
        0.08786571025848389,
        -0.6930256485939026,
        -0.40516409277915955,
        -0.08540035039186478,
        0.9956197738647461,
        0.038055744022130966,
        0.020475059747695923,
        0.6933337450027466,
        0.031954288482666016,
        0.719907820224762,
        -0.2014382928609848
    ],
    [
        0.7050869464874268,
        0.08897829800844193,
        -0.7035163044929504,
        -0.41083964705467224,
        -0.08687090873718262,
        0.9954622387886047,
        0.03883775696158409,
        0.022216539829969406,
        0.7037796378135681,
        0.03373110294342041,
        0.7096171379089355,
        -0.203913152217865
    ],
    [
        0.699665904045105,
        0.08957931399345398,
        -0.7088322639465332,
        -0.4137457013130188,
        -0.08732756972312927,
        0.9953925013542175,
        0.03959532454609871,
        0.021688569337129593,
        0.7091132402420044,
        0.03419710695743561,
        0.7042649388313293,
        -0.20542943477630615
    ],
    [
        0.6890318989753723,
        0.09097118675708771,
        -0.7189987301826477,
        -0.41868624091148376,
        -0.08887509256601334,
        0.9952089190483093,
        0.04074772447347641,
        0.021045967936515808,
        0.7192609310150146,
        0.035824596881866455,
        0.6938157677650452,
        -0.20989617705345154
    ]
]