[
    [
        0.999992847442627,
        0.003375382162630558,
        -0.0017228687647730112,
        -0.018282661214470863,
        -0.003260764293372631,
        0.9980283975601196,
        0.06267818063497543,
        0.030018530786037445,
        0.0019310350762680173,
        -0.06267210841178894,
        0.99803227186203,
        0.052058592438697815
    ],
    [
        0.9999890327453613,
        0.004337496589869261,
        -0.0018084393814206123,
        -0.024872856214642525,
        -0.004183358978480101,
        0.9969492554664612,
        0.07794056087732315,
        0.03586873412132263,
        0.002140988828614354,
        -0.07793214917182922,
        0.9969563484191895,
        0.05880327150225639
    ],
    [
        0.999983549118042,
        0.004934391472488642,
        -0.002948582172393799,
        -0.028494108468294144,
        -0.004635342862457037,
        0.995559811592102,
        0.09401652961969376,
        0.0420786514878273,
        0.0033994046971201897,
        -0.09400132298469543,
        0.9955663084983826,
        0.06652137637138367
    ],
    [
        0.99997478723526,
        0.005319294985383749,
        -0.004727909807115793,
        -0.029891714453697205,
        -0.004761962685734034,
        0.9938148260116577,
        0.11094792932271957,
        0.049113158136606216,
        0.005288833286613226,
        -0.11092260479927063,
        0.9938149452209473,
        0.07428907603025436
    ],
    [
        0.9999659061431885,
        0.005688267759978771,
        -0.005983446259051561,
        -0.032894086092710495,
        -0.004845902323722839,
        0.9911810755729675,
        0.1324262022972107,
        0.05841488391160965,
        0.0066839540377259254,
        -0.13239268958568573,
        0.9911748170852661,
        0.08443481475114822
    ],
    [
        0.9999614357948303,
        0.006137344986200333,
        -0.006287592463195324,
        -0.0370258167386055,
        -0.005115956999361515,
        0.9884843826293945,
        0.15123605728149414,
        0.06667094677686691,
        0.007143375463783741,
        -0.15119807422161102,
        0.9884776473045349,
        0.09381920844316483
    ],
    [
        0.9999577403068542,
        0.006401427555829287,
        -0.006593683734536171,
        -0.03984424099326134,
        -0.005179587751626968,
        0.9852536916732788,
        0.17102141678333282,
        0.07570485770702362,
        0.007591233588755131,
        -0.1709800511598587,
        0.9852452874183655,
        0.10438467562198639
    ],
    [
        0.9999533891677856,
        0.006936207879334688,
        -0.006722830701619387,
        -0.04135221615433693,
        -0.005518711172044277,
        0.981432318687439,
        0.19172951579093933,
        0.08515357226133347,
        0.007927877828478813,
        -0.19168348610401154,
        0.9814248085021973,
        0.11543536186218262
    ],
    [
        0.9999512434005737,
        0.007451173849403858,
        -0.00648860028013587,
        -0.0434502437710762,
        -0.005866160150617361,
        0.9761650562286377,
        0.21695005893707275,
        0.09751881659030914,
        0.007950478233397007,
        -0.21690139174461365,
        0.9761610627174377,
        0.12818293273448944
    ],
    [
        0.9999499917030334,
        0.007815288379788399,
        -0.006243602372705936,
        -0.045235611498355865,
        -0.006104493048042059,
        0.9712340235710144,
        0.2380492091178894,
        0.10773953050374985,
        0.007924421690404415,
        -0.23799918591976166,
        0.971233069896698,
        0.13814511895179749
    ],
    [
        0.9999516606330872,
        0.007922695949673653,
        -0.005826525390148163,
        -0.04766099527478218,
        -0.006144776940345764,
        0.9659032821655273,
        0.2588299810886383,
        0.11818155646324158,
        0.007678491994738579,
        -0.25878170132637024,
        0.9659052491188049,
        0.1469852775335312
    ],
    [
        0.9999515414237976,
        0.007880879566073418,
        -0.005915992893278599,
        -0.04805542901158333,
        -0.005913826171308756,
        0.9601420164108276,
        0.279449999332428,
        0.1292925924062729,
        0.007882505655288696,
        -0.27940139174461365,
        0.9601421356201172,
        0.15651752054691315
    ],
    [
        0.9999517202377319,
        0.007606266997754574,
        -0.006217785179615021,
        -0.047668006271123886,
        -0.005357383284717798,
        0.9527000188827515,
        0.30386489629745483,
        0.142280712723732,
        0.008234960958361626,
        -0.30381688475608826,
        0.9526948928833008,
        0.16648085415363312
    ],
    [
        0.999951958656311,
        0.006906455382704735,
        -0.006952750962227583,
        -0.046983033418655396,
        -0.004282287321984768,
        0.9460819363594055,
        0.3238992691040039,
        0.15195289254188538,
        0.008814867585897446,
        -0.3238539397716522,
        0.9460660815238953,
        0.174200639128685
    ],
    [
        0.9999492764472961,
        0.006050583440810442,
        -0.008052839897572994,
        -0.04665311053395271,
        -0.0029164862353354692,
        0.9391515254974365,
        0.3434907793998718,
        0.16108979284763336,
        0.00964115560054779,
        -0.3434498906135559,
        0.9391214847564697,
        0.18089298903942108
    ],
    [
        0.9999380707740784,
        0.005226868204772472,
        -0.009828020818531513,
        -0.0452708825469017,
        -0.0013119286159053445,
        0.9320863485336304,
        0.3622340261936188,
        0.1716519594192505,
        0.011053912341594696,
        -0.36219871044158936,
        0.9320353269577026,
        0.18741214275360107
    ],
    [
        0.9999118447303772,
        0.004336613230407238,
        -0.012547177262604237,
        -0.04529872164130211,
        0.0008176725823432207,
        0.9232276678085327,
        0.3842524290084839,
        0.1834317296743393,
        0.013250255957245827,
        -0.38422882556915283,
        0.9231427311897278,
        0.19413328170776367
    ],
    [
        0.9998641610145569,
        0.004170258529484272,
        -0.015947680920362473,
        -0.04506336897611618,
        0.002593772253021598,
        0.9156140089035034,
        0.40205007791519165,
        0.19326217472553253,
        0.016278574243187904,
        -0.4020368158817291,
        0.9154787659645081,
        0.19914516806602478
    ],
    [
        0.9997860789299011,
        0.004422713536769152,
        -0.020206063985824585,
        -0.04583688825368881,
        0.004456752445548773,
        0.9078679084777832,
        0.41923248767852783,
        0.20284885168075562,
        0.020198583602905273,
        -0.41923287510871887,
        0.9076539874076843,
        0.2034773826599121
    ],
    [
        0.9996786117553711,
        0.004853484686464071,
        -0.02488311566412449,
        -0.049655042588710785,
        0.006487826816737652,
        0.8998437523841858,
        0.436163991689682,
        0.211639404296875,
        0.024507833644747734,
        -0.43618524074554443,
        0.899523138999939,
        0.208454430103302
    ],
    [
        0.999492883682251,
        0.006058668717741966,
        -0.031261418014764786,
        -0.057241328060626984,
        0.008861623704433441,
        0.8900288343429565,
        0.45581817626953125,
        0.22212135791778564,
        0.030585212633013725,
        -0.4558640122413635,
        0.8895238041877747,
        0.21488337218761444
    ],
    [
        0.9992632865905762,
        0.008027512580156326,
        -0.03753011301159859,
        -0.06509368866682053,
        0.010646272450685501,
        0.8815247416496277,
        0.47201773524284363,
        0.22999566793441772,
        0.036872852593660355,
        -0.47206956148147583,
        0.8807898163795471,
        0.21974638104438782
    ],
    [
        0.9989301562309265,
        0.011215117760002613,
        -0.04486416280269623,
        -0.07300936430692673,
        0.012098165228962898,
        0.8729825615882874,
        0.4876013696193695,
        0.2384483367204666,
        0.0446341373026371,
        -0.4876224398612976,
        0.871912956237793,
        0.22375927865505219
    ],
    [
        0.9984207153320312,
        0.015770168974995613,
        -0.05391882359981537,
        -0.07958851754665375,
        0.013470026664435863,
        0.8645881414413452,
        0.5023005604743958,
        0.24823720753192902,
        0.05453893914818764,
        -0.5022335648536682,
        0.8630103468894958,
        0.22624383866786957
    ],
    [
        0.9975665807723999,
        0.02168136090040207,
        -0.06626385450363159,
        -0.08732017874717712,
        0.0159047469496727,
        0.8545913696289062,
        0.5190574526786804,
        0.2593666911125183,
        0.06788239628076553,
        -0.5188482403755188,
        0.8521668910980225,
        0.22792786359786987
    ]
]