[
    [
        0.7625619769096375,
        0.020619511604309082,
        0.6465864181518555,
        -0.8963770866394043,
        -0.019993633031845093,
        0.9997656345367432,
        -0.00830251257866621,
        0.053773462772369385,
        -0.6466060876846313,
        -0.006596429739147425,
        0.7627955675125122,
        0.6393175721168518
    ],
    [
        0.7625660300254822,
        0.020297573879361153,
        0.6465917825698853,
        -0.8765400052070618,
        -0.019684191793203354,
        0.9997729063034058,
        -0.008169706910848618,
        0.05119657889008522,
        -0.6466108560562134,
        -0.0064976937137544155,
        0.7627924680709839,
        0.6486692428588867
    ],
    [
        0.7627044320106506,
        0.02035127952694893,
        0.6464268565177917,
        -0.8557244539260864,
        -0.019608095288276672,
        0.9997729063034058,
        -0.008340425789356232,
        0.05014481768012047,
        -0.646449863910675,
        -0.006313919555395842,
        0.7629303336143494,
        0.6580529808998108
    ],
    [
        0.7626930475234985,
        0.020369956269860268,
        0.6464396715164185,
        -0.8306728005409241,
        -0.01946066878736019,
        0.999774158000946,
        -0.008543463423848152,
        0.04926813766360283,
        -0.6464676856994629,
        -0.006064106710255146,
        0.7629172801971436,
        0.669167697429657
    ],
    [
        0.7627971768379211,
        0.020239712670445442,
        0.6463209390640259,
        -0.8099861145019531,
        -0.019271494820713997,
        0.999777615070343,
        -0.008563816547393799,
        0.04854597523808479,
        -0.6463505029678345,
        -0.005923117510974407,
        0.7630175948143005,
        0.6785592436790466
    ],
    [
        0.7628893256187439,
        0.02031693421304226,
        0.6462097764015198,
        -0.7894391417503357,
        -0.0191515926271677,
        0.9997775554656982,
        -0.00882355123758316,
        0.048575859516859055,
        -0.6462453603744507,
        -0.00564455334097147,
        0.7631088495254517,
        0.6877073049545288
    ],
    [
        0.7629433274269104,
        0.020481958985328674,
        0.6461407542228699,
        -0.7651265263557434,
        -0.019129961729049683,
        0.9997756481170654,
        -0.009103718213737011,
        0.04885100573301315,
        -0.6461821794509888,
        -0.005415028426796198,
        0.7631640434265137,
        0.698686420917511
    ],
    [
        0.7629889845848083,
        0.020234476774930954,
        0.6460946798324585,
        -0.7446857690811157,
        -0.018536152318120003,
        0.9997837543487549,
        -0.009421558119356632,
        0.04929264262318611,
        -0.6461457014083862,
        -0.0047875652089715,
        0.7631991505622864,
        0.7077687382698059
    ],
    [
        0.762980580329895,
        0.019935669377446175,
        0.6461138725280762,
        -0.7209146022796631,
        -0.018026486039161682,
        0.9997918009757996,
        -0.009561249054968357,
        0.04988720268011093,
        -0.6461699604988098,
        -0.004352115560323,
        0.7631810903549194,
        0.7186367511749268
    ],
    [
        0.762896716594696,
        0.019733116030693054,
        0.6462193131446838,
        -0.7009769082069397,
        -0.01778091862797737,
        0.9997963905334473,
        -0.009538709186017513,
        0.05013491213321686,
        -0.6462757587432861,
        -0.004213328473269939,
        0.7630922198295593,
        0.727580189704895
    ],
    [
        0.7629858255386353,
        0.01970823109149933,
        0.6461148262023926,
        -0.681259274482727,
        -0.017575541511178017,
        0.9997981190681458,
        -0.009741870686411858,
        0.05173271894454956,
        -0.6461763978004456,
        -0.003922911360859871,
        0.7631779909133911,
        0.7361351251602173
    ],
    [
        0.7630627155303955,
        0.01998600736260414,
        0.6460153460502625,
        -0.6583006978034973,
        -0.017642607912421227,
        0.999793529510498,
        -0.010091813281178474,
        0.05394786223769188,
        -0.6460835933685303,
        -0.0036967098712921143,
        0.7632576823234558,
        0.7463600039482117
    ],
    [
        0.7630835771560669,
        0.020007247105240822,
        0.6459900140762329,
        -0.6387980580329895,
        -0.01744242012500763,
        0.9997941851615906,
        -0.01036099810153246,
        0.055664870887994766,
        -0.6460643410682678,
        -0.0033613252453505993,
        0.7632755637168884,
        0.7549636960029602
    ],
    [
        0.7631586790084839,
        0.020104344934225082,
        0.6458984017372131,
        -0.6196497678756714,
        -0.017445554956793785,
        0.9997925162315369,
        -0.010506998747587204,
        0.05743522569537163,
        -0.6459755897521973,
        -0.00324955559335649,
        0.7633510231971741,
        0.7632336020469666
    ],
    [
        0.7631377577781677,
        0.020685773342847824,
        0.6459048390388489,
        -0.597076952457428,
        -0.017786722630262375,
        0.9997812509536743,
        -0.011003993451595306,
        0.06037905067205429,
        -0.6459912061691284,
        -0.0030909618362784386,
        0.7633387446403503,
        0.7731443047523499
    ],
    [
        0.763206422328949,
        0.021035829558968544,
        0.6458123326301575,
        -0.5789787769317627,
        -0.017779704183340073,
        0.9997750520706177,
        -0.011553696356713772,
        0.06252706795930862,
        -0.6459101438522339,
        -0.0026644973549991846,
        0.7634088397026062,
        0.7810353636741638
    ],
    [
        0.7633273005485535,
        0.021332357078790665,
        0.6456596851348877,
        -0.557277500629425,
        -0.017919106408953667,
        0.9997691512107849,
        -0.011847252026200294,
        0.06511098891496658,
        -0.6457634568214417,
        -0.002526315860450268,
        0.763533353805542,
        0.7902722358703613
    ],
    [
        0.7633565664291382,
        0.02161858230829239,
        0.6456155180931091,
        -0.5399214029312134,
        -0.01813548058271408,
        0.9997631311416626,
        -0.012034439481794834,
        0.06725112348794937,
        -0.6457228064537048,
        -0.0025219745002686977,
        0.7635678648948669,
        0.7977678775787354
    ],
    [
        0.7632392644882202,
        0.02157527767121792,
        0.6457555294036865,
        -0.523341715335846,
        -0.01803448796272278,
        0.9997642636299133,
        -0.012087500654160976,
        0.06952864676713943,
        -0.6458641886711121,
        -0.0024202086497098207,
        0.7634485363960266,
        0.8053907155990601
    ],
    [
        0.7631836533546448,
        0.02170637622475624,
        0.64581698179245,
        -0.5034308433532715,
        -0.017952727153897285,
        0.9997621178627014,
        -0.01238738652318716,
        0.07261661440134048,
        -0.6459320783615112,
        -0.0021403301507234573,
        0.7633917927742004,
        0.813721776008606
    ],
    [
        0.7630658149719238,
        0.021786412224173546,
        0.6459534764289856,
        -0.4874359369277954,
        -0.01785735785961151,
        0.9997608661651611,
        -0.012624518945813179,
        0.07592903077602386,
        -0.6460739374160767,
        -0.0019016978330910206,
        0.7632724046707153,
        0.8206588625907898
    ],
    [
        0.7631098031997681,
        0.02228020317852497,
        0.6458846926689148,
        -0.471606969833374,
        -0.018004033714532852,
        0.999750554561615,
        -0.013215336948633194,
        0.07933643460273743,
        -0.6460179090499878,
        -0.0015437797410413623,
        0.7633206248283386,
        0.8274633884429932
    ],
    [
        0.7629892826080322,
        0.022457920014858246,
        0.6460208892822266,
        -0.4526813328266144,
        -0.018087225034832954,
        0.9997467398643494,
        -0.013392562046647072,
        0.08350585401058197,
        -0.6461580991744995,
        -0.0014663354959338903,
        0.7632022500038147,
        0.8353366255760193
    ],
    [
        0.7612758874893188,
        0.02292652800679207,
        0.6480225920677185,
        -0.43520623445510864,
        -0.018352067098021507,
        0.9997361898422241,
        -0.013810464181005955,
        0.08744416385889053,
        -0.6481682062149048,
        -0.001378990593366325,
        0.7614958882331848,
        0.8418700695037842
    ],
    [
        0.7532123327255249,
        0.02358161099255085,
        0.6573545932769775,
        -0.41126659512519836,
        -0.018962927162647247,
        0.9997202754020691,
        -0.014135300181806087,
        0.09342944622039795,
        -0.6575040221214294,
        -0.0018184888176620007,
        0.7534487843513489,
        0.8514925241470337
    ]
]