[
    [
        0.9999752640724182,
        -0.0032479988876730204,
        0.006233448162674904,
        0.13536451756954193,
        0.003255377523601055,
        0.9999939203262329,
        -0.0011738146422430873,
        0.07277749478816986,
        -0.006229598540812731,
        0.0011940780095756054,
        0.9999798536300659,
        -0.140100359916687
    ],
    [
        0.9999761581420898,
        -0.0031599467620253563,
        0.0061536747962236404,
        0.18184225261211395,
        0.003168513299897313,
        0.9999939799308777,
        -0.0013827972579747438,
        0.0741981640458107,
        -0.006149269640445709,
        0.001402262132614851,
        0.9999802112579346,
        -0.15205740928649902
    ],
    [
        0.9999739527702332,
        -0.0030279564671218395,
        0.006555308122187853,
        0.23253920674324036,
        0.0030368398874998093,
        0.9999944567680359,
        -0.0013456516899168491,
        0.07546819001436234,
        -0.006551198195666075,
        0.0013655246002599597,
        0.999977707862854,
        -0.17017900943756104
    ],
    [
        0.9999723434448242,
        -0.002877556486055255,
        0.006857380736619234,
        0.28849294781684875,
        0.0028896925505250692,
        0.9999942183494568,
        -0.0017604379681870341,
        0.07727880775928497,
        -0.006852275226265192,
        0.0017802049405872822,
        0.9999749660491943,
        -0.1929088681936264
    ],
    [
        0.9999710321426392,
        -0.0023317968007177114,
        0.007255017291754484,
        0.36502406001091003,
        0.0023463654797524214,
        0.999995231628418,
        -0.0020001770462840796,
        0.07799328863620758,
        -0.007250319700688124,
        0.0020171417854726315,
        0.9999716281890869,
        -0.224618062376976
    ],
    [
        0.9999681115150452,
        -0.002204186050221324,
        0.0076778302900493145,
        0.4516855776309967,
        0.0022202511318027973,
        0.9999953508377075,
        -0.0020846575498580933,
        0.07823316007852554,
        -0.007673200219869614,
        0.0021016381215304136,
        0.9999682903289795,
        -0.25922009348869324
    ],
    [
        0.9999654293060303,
        -0.0017991714412346482,
        0.008119062520563602,
        0.5674250721931458,
        0.0018184654181823134,
        0.9999955296516418,
        -0.002369558671489358,
        0.08014700561761856,
        -0.008114764466881752,
        0.0023842412047088146,
        0.9999642372131348,
        -0.2961069643497467
    ],
    [
        0.9999630451202393,
        -0.001436040853150189,
        0.008473333902657032,
        0.7087685465812683,
        0.001458211219869554,
        0.9999955296516418,
        -0.0026108715683221817,
        0.08364387601613998,
        -0.008469547145068645,
        0.00262313149869442,
        0.9999606609344482,
        -0.33120524883270264
    ],
    [
        0.9999618530273438,
        -0.00134292955044657,
        0.008630543015897274,
        0.8509446382522583,
        0.0013652994530275464,
        0.999995768070221,
        -0.002586528891697526,
        0.08709485828876495,
        -0.008627033792436123,
        0.002598213031888008,
        0.9999594688415527,
        -0.3626161515712738
    ],
    [
        0.9999574422836304,
        -0.0009244094253517687,
        0.009181151166558266,
        1.01839280128479,
        0.000946092652156949,
        0.9999967217445374,
        -0.002357581164687872,
        0.08961167186498642,
        -0.009178967215120792,
        0.0023661665618419647,
        0.9999551177024841,
        -0.40006518363952637
    ],
    [
        0.9999544620513916,
        -0.0007707228069193661,
        0.009508365765213966,
        1.16972017288208,
        0.0007942450465634465,
        0.9999966025352478,
        -0.002470622304826975,
        0.09238988161087036,
        -0.00950642116367817,
        0.002478062640875578,
        0.9999517798423767,
        -0.4397539794445038
    ],
    [
        0.9999514818191528,
        -0.0008503588032908738,
        0.009820413775742054,
        1.323060154914856,
        0.0008728404645808041,
        0.9999971389770508,
        -0.002284367335960269,
        0.09407162666320801,
        -0.009818453341722488,
        0.0022928279358893633,
        0.9999492168426514,
        -0.48711663484573364
    ],
    [
        0.9999476075172424,
        -0.0011593920644372702,
        0.010175363160669804,
        1.4654908180236816,
        0.0011805524118244648,
        0.9999971985816956,
        -0.002072802511975169,
        0.09374675154685974,
        -0.010172971524298191,
        0.002084706909954548,
        0.999946117401123,
        -0.5299546718597412
    ],
    [
        0.9999433755874634,
        -0.0009760662796907127,
        0.01059004757553339,
        1.5936819314956665,
        0.0009989207610487938,
        0.9999971985816956,
        -0.002152870176360011,
        0.09456813335418701,
        -0.010587897151708603,
        0.0021633270662277937,
        0.9999416470527649,
        -0.5637596249580383
    ],
    [
        0.9999363422393799,
        -0.0009074131958186626,
        0.011256002821028233,
        1.7399771213531494,
        0.0009307676227763295,
        0.9999973773956299,
        -0.002069813199341297,
        0.09597351402044296,
        -0.011254122480750084,
        0.0020801578648388386,
        0.9999344944953918,
        -0.5940948128700256
    ],
    [
        0.9999342560768127,
        -0.00044453630107454956,
        0.011457136832177639,
        1.8785254955291748,
        0.0004632150230463594,
        0.9999985098838806,
        -0.0016277949325740337,
        0.09846212714910507,
        -0.011456422507762909,
        0.001632995088584721,
        0.9999330639839172,
        -0.6192954778671265
    ],
    [
        0.999927818775177,
        -0.00027740729274228215,
        0.012012799270451069,
        2.035341739654541,
        0.00029259463190101087,
        0.9999992251396179,
        -0.0012623924994841218,
        0.09902684390544891,
        -0.012012450024485588,
        0.0012658158084377646,
        0.9999271035194397,
        -0.6437733173370361
    ],
    [
        0.9999269247055054,
        -5.3638010285794735e-05,
        0.012090520933270454,
        2.1823320388793945,
        6.737857620464638e-05,
        0.9999994039535522,
        -0.0011357743060216308,
        0.10089609026908875,
        -0.012090448290109634,
        0.0011365056270733476,
        0.9999262094497681,
        -0.6611638069152832
    ],
    [
        0.999919593334198,
        0.000128519517602399,
        0.012681342661380768,
        2.340172052383423,
        -0.00011953202192671597,
        0.9999997019767761,
        -0.0007093967869877815,
        0.1048470214009285,
        -0.012681426480412483,
        0.0007078240741975605,
        0.9999192953109741,
        -0.6773543953895569
    ],
    [
        0.9999111890792847,
        0.00013946308172307909,
        0.01332130841910839,
        2.491023302078247,
        -0.0001300374133279547,
        0.9999997019767761,
        -0.000708608131390065,
        0.10777043551206589,
        -0.013321406207978725,
        0.0007068128325045109,
        0.9999110698699951,
        -0.6953015923500061
    ],
    [
        0.9999077320098877,
        4.873558737017447e-06,
        0.013580700382590294,
        2.6280710697174072,
        2.595207888589357e-06,
        1.0,
        -0.000549626478459686,
        0.10941427201032639,
        -0.01358069572597742,
        0.0005496115190908313,
        0.9999076724052429,
        -0.7125785946846008
    ],
    [
        0.9998988509178162,
        0.00012615382729563862,
        0.014218484051525593,
        2.781461000442505,
        -0.00011491032637422904,
        0.9999996423721313,
        -0.0007918139453977346,
        0.1098504289984703,
        -0.014218553900718689,
        0.0007901001372374594,
        0.9998985528945923,
        -0.7326506972312927
    ],
    [
        0.9998935461044312,
        0.0004089699941687286,
        0.014582018367946148,
        2.922927141189575,
        -0.00039497343823313713,
        0.9999995231628418,
        -0.0009626119863241911,
        0.11069490760564804,
        -0.014582408592104912,
        0.0009567500674165785,
        0.9998932480812073,
        -0.7528802156448364
    ],
    [
        0.9998886585235596,
        0.0004641218692995608,
        0.014922612346708775,
        3.078111171722412,
        -0.0004463380028028041,
        0.9999992251396179,
        -0.001194979646243155,
        0.11352922767400742,
        -0.014923184178769588,
        0.0011881852988153696,
        0.9998878836631775,
        -0.7794454097747803
    ],
    [
        0.9998818635940552,
        0.00036384351551532745,
        0.015359848737716675,
        3.2298810482025146,
        -0.0003436747065279633,
        0.9999991059303284,
        -0.0013159490190446377,
        0.11546942591667175,
        -0.015360292047262192,
        0.0013105148682370782,
        0.9998811483383179,
        -0.8140913844108582
    ]
]