[
    [
        0.994228184223175,
        -0.008062542416155338,
        0.10698293149471283,
        -0.09715670347213745,
        0.008603361435234547,
        0.9999524354934692,
        -0.00459462171420455,
        0.07122231274843216,
        -0.10694079846143723,
        0.005488515831530094,
        0.9942502975463867,
        0.6401427388191223
    ],
    [
        0.992158055305481,
        -0.009382559917867184,
        0.12463691830635071,
        -0.10466230660676956,
        0.010137226432561874,
        0.9999338984489441,
        -0.005422080866992474,
        0.0811435729265213,
        -0.12457779049873352,
        0.0066430335864424706,
        0.9921876192092896,
        0.7049400806427002
    ],
    [
        0.9888261556625366,
        -0.01021080557256937,
        0.1487230360507965,
        -0.11403405666351318,
        0.011170739307999611,
        0.9999217987060547,
        -0.005620594602078199,
        0.09452943503856659,
        -0.1486540287733078,
        0.0072191376239061356,
        0.9888628721237183,
        0.7961345911026001
    ],
    [
        0.9852672219276428,
        -0.011983395554125309,
        0.1706012785434723,
        -0.11071538925170898,
        0.013259290717542171,
        0.9998919367790222,
        -0.006341359578073025,
        0.10950355231761932,
        -0.17050687968730927,
        0.008509986102581024,
        0.9853197932243347,
        0.8906947374343872
    ],
    [
        0.9811873435974121,
        -0.012653382495045662,
        0.1926426887512207,
        -0.10545048117637634,
        0.014185626991093159,
        0.9998777508735657,
        -0.006576548796147108,
        0.11564211547374725,
        -0.19253593683242798,
        0.009185582399368286,
        0.9812470078468323,
        0.985454797744751
    ],
    [
        0.9770238399505615,
        -0.014458877965807915,
        0.21263916790485382,
        -0.10097954422235489,
        0.016456400975584984,
        0.9998354911804199,
        -0.007626981008797884,
        0.11773472279310226,
        -0.2124939113855362,
        0.010951017960906029,
        0.9771010279655457,
        1.0811277627944946
    ],
    [
        0.9725325107574463,
        -0.015124383382499218,
        0.23227500915527344,
        -0.09587682038545609,
        0.017313122749328613,
        0.999822735786438,
        -0.007387244142591953,
        0.11988554149866104,
        -0.23212212324142456,
        0.01120573841035366,
        0.9726220965385437,
        1.1651360988616943
    ],
    [
        0.9680565595626831,
        -0.015895213931798935,
        0.2502276301383972,
        -0.09380821138620377,
        0.018433859571814537,
        0.9997996091842651,
        -0.007804857101291418,
        0.1320345550775528,
        -0.25005343556404114,
        0.01216820441186428,
        0.968155562877655,
        1.2417508363723755
    ],
    [
        0.9638665914535522,
        -0.01642604172229767,
        0.26587823033332825,
        -0.09222450852394104,
        0.019374676048755646,
        0.9997764229774475,
        -0.008470925502479076,
        0.141702339053154,
        -0.2656796872615814,
        0.013316149823367596,
        0.963969349861145,
        1.3203892707824707
    ],
    [
        0.9605290293693542,
        -0.016575021669268608,
        0.27768561244010925,
        -0.09185518324375153,
        0.0197758749127388,
        0.9997662305831909,
        -0.0087298434227705,
        0.14525076746940613,
        -0.2774760127067566,
        0.013876741752028465,
        0.9606323838233948,
        1.3794580698013306
    ],
    [
        0.9557923674583435,
        -0.016865774989128113,
        0.2935582101345062,
        -0.08800479024648666,
        0.02036772109568119,
        0.9997531771659851,
        -0.008876271545886993,
        0.15092331171035767,
        -0.29333600401878357,
        0.01446298137307167,
        0.9558999538421631,
        1.4605683088302612
    ],
    [
        0.9508081674575806,
        -0.017147814854979515,
        0.3093052804470062,
        -0.08410800248384476,
        0.020890355110168457,
        0.9997431635856628,
        -0.008791675791144371,
        0.1539279967546463,
        -0.30907508730888367,
        0.014820693992078304,
        0.9509221315383911,
        1.5393340587615967
    ],
    [
        0.9457994103431702,
        -0.01817658729851246,
        0.32424235343933105,
        -0.0805625170469284,
        0.022257164120674133,
        0.9997128248214722,
        -0.008880527690052986,
        0.15389782190322876,
        -0.32398778200149536,
        0.015615914948284626,
        0.9459323883056641,
        1.6110575199127197
    ],
    [
        0.9404820203781128,
        -0.01845269463956356,
        0.3393421173095703,
        -0.08543451875448227,
        0.02295912243425846,
        0.9996933937072754,
        -0.00926970411092043,
        0.15936684608459473,
        -0.3390669822692871,
        0.016508985310792923,
        0.9406173229217529,
        1.6804636716842651
    ],
    [
        0.9353401064872742,
        -0.018260501325130463,
        0.3532779812812805,
        -0.09155543148517609,
        0.023033272475004196,
        0.9996913075447083,
        -0.009310171008110046,
        0.1590692698955536,
        -0.35299891233444214,
        0.016845323145389557,
        0.9354720711708069,
        1.7437283992767334
    ],
    [
        0.9301868081092834,
        -0.01879080943763256,
        0.36660540103912354,
        -0.09300968050956726,
        0.023822229355573654,
        0.9996737837791443,
        -0.009204556234180927,
        0.15451394021511078,
        -0.36631283164024353,
        0.017295310273766518,
        0.9303310513496399,
        1.8048350811004639
    ],
    [
        0.9249715209007263,
        -0.018513644114136696,
        0.3795851171016693,
        -0.08859477192163467,
        0.023733342066407204,
        0.9996771812438965,
        -0.009075699374079704,
        0.14794403314590454,
        -0.3792945146560669,
        0.017403585836291313,
        0.9251123070716858,
        1.864068865776062
    ],
    [
        0.9208876490592957,
        -0.018563197925686836,
        0.38938596844673157,
        -0.08376742899417877,
        0.024015232920646667,
        0.9996698498725891,
        -0.009138137102127075,
        0.14125284552574158,
        -0.3890877962112427,
        0.01776638999581337,
        0.921029269695282,
        1.9079067707061768
    ],
    [
        0.9154669642448425,
        -0.01888039894402027,
        0.40194985270500183,
        -0.0750979408621788,
        0.02451234497129917,
        0.9996601343154907,
        -0.008872400037944317,
        0.13275232911109924,
        -0.4016457796096802,
        0.01797512173652649,
        0.9156186580657959,
        1.964835524559021
    ],
    [
        0.9095771908760071,
        -0.018837820738554,
        0.4151078462600708,
        -0.07199974358081818,
        0.02480737864971161,
        0.9996517896652222,
        -0.008992754854261875,
        0.1301194429397583,
        -0.41479387879371643,
        0.018477343022823334,
        0.9097276926040649,
        2.0210039615631104
    ],
    [
        0.9041051268577576,
        -0.019323933869600296,
        0.42687278985977173,
        -0.06122992932796478,
        0.025548137724399567,
        0.999634325504303,
        -0.008858189918100834,
        0.12724804878234863,
        -0.4265456199645996,
        0.018914541229605675,
        0.9042682647705078,
        2.0747406482696533
    ],
    [
        0.8981131911277771,
        -0.019046800211071968,
        0.43935173749923706,
        -0.05956077575683594,
        0.025496799498796463,
        0.9996364116668701,
        -0.008783722296357155,
        0.12461196631193161,
        -0.43902480602264404,
        0.019090844318270683,
        0.8982722163200378,
        2.133965253829956
    ],
    [
        0.8928189873695374,
        -0.019037287682294846,
        0.45001325011253357,
        -0.05039582774043083,
        0.02568294107913971,
        0.9996325969696045,
        -0.008666258305311203,
        0.1243644431233406,
        -0.44968289136886597,
        0.019295064732432365,
        0.8929798007011414,
        2.188009738922119
    ],
    [
        0.8874845504760742,
        -0.01908842846751213,
        0.4604420065879822,
        -0.047572750598192215,
        0.025912383571267128,
        0.9996280670166016,
        -0.008503811433911324,
        0.12528938055038452,
        -0.46010830998420715,
        0.019478147849440575,
        0.8876491785049438,
        2.24202036857605
    ],
    [
        0.88275545835495,
        -0.019074736163020134,
        0.4694453179836273,
        -0.04043283686041832,
        0.025919700041413307,
        0.9996309876441956,
        -0.008122476749122143,
        0.11606162041425705,
        -0.46911734342575073,
        0.01933804154396057,
        0.8829241394996643,
        2.296724557876587
    ]
]