[
    [
        0.9999964237213135,
        -0.0025909142568707466,
        0.000603285210672766,
        0.005950244143605232,
        0.002578692277893424,
        0.999807596206665,
        0.019447555765509605,
        -0.05843183025717735,
        -0.0006535558495670557,
        -0.019445931538939476,
        0.9998107552528381,
        -0.021987030282616615
    ],
    [
        0.9999958872795105,
        -0.0027464746963232756,
        0.0008402209496125579,
        0.005741213448345661,
        0.0027250705752521753,
        0.9996962547302246,
        0.024494092911481857,
        -0.0718517005443573,
        -0.0009072382817976177,
        -0.024491701275110245,
        0.9996997117996216,
        -0.02268902212381363
    ],
    [
        0.9999958872795105,
        -0.002754086395725608,
        0.0007351621170528233,
        0.006397073157131672,
        0.0027314387261867523,
        0.9995695352554321,
        0.029209818691015244,
        -0.08463217318058014,
        -0.0008152919472195208,
        -0.029207691550254822,
        0.9995730519294739,
        -0.023126160725951195
    ],
    [
        0.9999953508377075,
        -0.0029365597292780876,
        0.0008632603567093611,
        0.0066489847376942635,
        0.0029054528567939997,
        0.9994155168533325,
        0.0340610109269619,
        -0.09792056679725647,
        -0.0009627786930650473,
        -0.0340583398938179,
        0.9994193315505981,
        -0.02401764690876007
    ],
    [
        0.999995231628418,
        -0.002983515616506338,
        0.0008467895095236599,
        0.007499163970351219,
        0.0029484129045158625,
        0.9992425441741943,
        0.03880256041884422,
        -0.11103750020265579,
        -0.0009619157644920051,
        -0.03879987448453903,
        0.9992465972900391,
        -0.02476707473397255
    ],
    [
        0.999994158744812,
        -0.003254197770729661,
        0.0010802489705383778,
        0.007988409139215946,
        0.0032039107754826546,
        0.9990405440330505,
        0.04367794841527939,
        -0.12434882670640945,
        -0.0012213492300361395,
        -0.04367423057556152,
        0.9990450739860535,
        -0.026052996516227722
    ],
    [
        0.9999943375587463,
        -0.0032401990611106157,
        0.0009413457592017949,
        0.008457180112600327,
        0.0031907970551401377,
        0.9988209009170532,
        0.04844123497605324,
        -0.13756100833415985,
        -0.0010971954325214028,
        -0.04843795672059059,
        0.9988256096839905,
        -0.027230331674218178
    ],
    [
        0.9999929666519165,
        -0.0035997615195810795,
        0.0010550280567258596,
        0.00876710657030344,
        0.003538466989994049,
        0.998574435710907,
        0.05325766280293465,
        -0.15107537806034088,
        -0.0012452391674742103,
        -0.05325356125831604,
        0.9985803365707397,
        -0.028650103136897087
    ],
    [
        0.9999925494194031,
        -0.003754284931346774,
        0.0009430027566850185,
        0.009304852224886417,
        0.003692994825541973,
        0.998295783996582,
        0.05823913589119911,
        -0.164799302816391,
        -0.0011600423604249954,
        -0.05823521688580513,
        0.9983022212982178,
        -0.030169827863574028
    ],
    [
        0.9999918341636658,
        -0.0038101545069366693,
        0.0014217724092304707,
        0.00937162060290575,
        0.0037130124401301146,
        0.9980063438415527,
        0.06300429999828339,
        -0.17859633266925812,
        -0.0016589936567470431,
        -0.06299850344657898,
        0.9980121850967407,
        -0.03180382400751114
    ],
    [
        0.9999905228614807,
        -0.004151768982410431,
        0.0013817229773849249,
        0.010039900429546833,
        0.004048327915370464,
        0.9976820945739746,
        0.06792720407247543,
        -0.19304370880126953,
        -0.0016605384880676866,
        -0.06792096048593521,
        0.9976893663406372,
        -0.03315576910972595
    ],
    [
        0.9999911189079285,
        -0.004004840739071369,
        0.00134550710208714,
        0.010878799483180046,
        0.0038965449202805758,
        0.9973512887954712,
        0.07262948155403137,
        -0.20717060565948486,
        -0.0016328126657754183,
        -0.0726235955953598,
        0.9973580241203308,
        -0.03445519879460335
    ],
    [
        0.9999898076057434,
        -0.004317490383982658,
        0.001395606086589396,
        0.011199726723134518,
        0.004196429159492254,
        0.996986985206604,
        0.07745421677827835,
        -0.22127988934516907,
        -0.001725809066556394,
        -0.0774475634098053,
        0.9969949722290039,
        -0.036002133041620255
    ],
    [
        0.9999885559082031,
        -0.004538343288004398,
        0.0015550041571259499,
        0.011261891573667526,
        0.004395036958158016,
        0.9966004490852356,
        0.08226905763149261,
        -0.2355215847492218,
        -0.001923082978464663,
        -0.08226127922534943,
        0.9966089725494385,
        -0.0380164310336113
    ],
    [
        0.9999871850013733,
        -0.004778305068612099,
        0.0016786974156275392,
        0.011240068823099136,
        0.004613704048097134,
        0.9961791634559631,
        0.08721169084310532,
        -0.25005701184272766,
        -0.0020890068262815475,
        -0.08720281720161438,
        0.9961883425712585,
        -0.03996531292796135
    ],
    [
        0.999985933303833,
        -0.004988911096006632,
        0.0018456642283126712,
        0.01145984511822462,
        0.004797491244971752,
        0.9957284331321716,
        0.09220458567142487,
        -0.2649801969528198,
        -0.0022977811750024557,
        -0.09219443053007126,
        0.9957383871078491,
        -0.04227107763290405
    ],
    [
        0.9999845027923584,
        -0.005158862564712763,
        0.0021146927028894424,
        0.010840849950909615,
        0.004929430782794952,
        0.9952723979949951,
        0.0969976857304573,
        -0.2792021334171295,
        -0.002605092478916049,
        -0.09698574244976044,
        0.9952823519706726,
        -0.044482678174972534
    ],
    [
        0.9999834299087524,
        -0.005392462946474552,
        0.002048376714810729,
        0.010729151777923107,
        0.005155833903700113,
        0.9947875142097473,
        0.10183966904878616,
        -0.2935014069080353,
        -0.0025868655648082495,
        -0.10182741284370422,
        0.9947986602783203,
        -0.046640794724226
    ],
    [
        0.9999811053276062,
        -0.005809534806758165,
        0.002010560827329755,
        0.010196701623499393,
        0.0055616977624595165,
        0.9942691922187805,
        0.10676048696041107,
        -0.30787208676338196,
        -0.002619266975671053,
        -0.10674728453159332,
        0.9942828416824341,
        -0.04911700263619423
    ],
    [
        0.9999784231185913,
        -0.0062654572539031506,
        0.0020069689489901066,
        0.009778019040822983,
        0.0060021462850272655,
        0.993726372718811,
        0.11167723685503006,
        -0.32182782888412476,
        -0.0026940866373479366,
        -0.11166276782751083,
        0.9937424063682556,
        -0.05137738212943077
    ],
    [
        0.999976634979248,
        -0.006425272207707167,
        0.0023488840088248253,
        0.008883382193744183,
        0.006107838824391365,
        0.9931697845458984,
        0.11651890724897385,
        -0.33583080768585205,
        -0.0030815061181783676,
        -0.1165018305182457,
        0.9931856393814087,
        -0.05335897579789162
    ],
    [
        0.9999758005142212,
        -0.006577637046575546,
        0.002266643801704049,
        0.008865104988217354,
        0.006254271138459444,
        0.992601215839386,
        0.12125884741544724,
        -0.35003501176834106,
        -0.0030474704690277576,
        -0.1212417334318161,
        0.9926183819770813,
        -0.054890818893909454
    ],
    [
        0.9999750256538391,
        -0.0066260676831007,
        0.002496000612154603,
        0.00807109847664833,
        0.0062584285624325275,
        0.9919967651367188,
        0.12610812485218048,
        -0.3646799921989441,
        -0.0033116252161562443,
        -0.12608933448791504,
        0.9920133948326111,
        -0.0564953088760376
    ],
    [
        0.9999753832817078,
        -0.006565058138221502,
        0.0024902422446757555,
        0.008080725558102131,
        0.006182879209518433,
        0.991386353969574,
        0.1308235377073288,
        -0.37931162118911743,
        -0.003327656304463744,
        -0.1308049112558365,
        0.9914025664329529,
        -0.0585070438683033
    ],
    [
        0.9999730587005615,
        -0.0068666972219944,
        0.002606569090858102,
        0.007923562079668045,
        0.0064499289728701115,
        0.9907456040382385,
        0.13557842373847961,
        -0.3936327397823334,
        -0.0035134239587932825,
        -0.13555794954299927,
        0.9907631278038025,
        -0.06044282019138336
    ]
]