[
    [
        0.9707650542259216,
        -0.032961659133434296,
        0.23775771260261536,
        -0.032303206622600555,
        0.032514024525880814,
        0.9994544386863708,
        0.00580504909157753,
        -0.02881297841668129,
        -0.23781932890415192,
        0.002095121191814542,
        0.9713070392608643,
        0.278985857963562
    ],
    [
        0.9679599404335022,
        -0.0344909243285656,
        0.2487248033285141,
        -0.031935736536979675,
        0.03426295146346092,
        0.9993991255760193,
        0.005246903747320175,
        -0.029587803408503532,
        -0.24875633418560028,
        0.0034432541579008102,
        0.968559980392456,
        0.29386499524116516
    ],
    [
        0.9636057615280151,
        -0.036508314311504364,
        0.2648228108882904,
        -0.03331012278795242,
        0.03649505600333214,
        0.999321460723877,
        0.004971981048583984,
        -0.0321340337395668,
        -0.26482468843460083,
        0.004873695317655802,
        0.9642843008041382,
        0.31358712911605835
    ],
    [
        0.9597148299217224,
        -0.03839516267180443,
        0.27834001183509827,
        -0.03170492500066757,
        0.038762230426073074,
        0.9992396235466003,
        0.004186554346233606,
        -0.03388509899377823,
        -0.2782890796661377,
        0.006771180313080549,
        0.9604734778404236,
        0.33065086603164673
    ],
    [
        0.957323431968689,
        -0.03966905176639557,
        0.286283403635025,
        -0.02961907349526882,
        0.040314532816410065,
        0.9991804361343384,
        0.0036414500791579485,
        -0.03505508974194527,
        -0.28619319200515747,
        0.008055335842072964,
        0.9581380486488342,
        0.3419630825519562
    ],
    [
        0.9540231823921204,
        -0.04128706827759743,
        0.2968759536743164,
        -0.02593725174665451,
        0.04241893067955971,
        0.9990964531898499,
        0.0026311450637876987,
        -0.036770034581422806,
        -0.2967163622379303,
        0.010082988068461418,
        0.9549123644828796,
        0.3577515184879303
    ],
    [
        0.9510695934295654,
        -0.04280311241745949,
        0.3059975802898407,
        -0.021543601527810097,
        0.04418357461690903,
        0.999020516872406,
        0.0024167916271835566,
        -0.04037437215447426,
        -0.30580130219459534,
        0.01122152991592884,
        0.9520291686058044,
        0.37280160188674927
    ],
    [
        0.9493429064750671,
        -0.043845247477293015,
        0.31116849184036255,
        -0.017609724774956703,
        0.04555530101060867,
        0.9989602565765381,
        0.0017741682240739465,
        -0.041284672915935516,
        -0.3109227418899536,
        0.012491079047322273,
        0.9503530859947205,
        0.383205771446228
    ],
    [
        0.9469389915466309,
        -0.0449073500931263,
        0.3182608187198639,
        -0.01223133597522974,
        0.04748118296265602,
        0.9988721013069153,
        -0.00033018371323123574,
        -0.04058021306991577,
        -0.31788700819015503,
        0.015424063429236412,
        0.9480030536651611,
        0.39852121472358704
    ],
    [
        0.944264829158783,
        -0.045618005096912384,
        0.32601043581962585,
        -0.012029505334794521,
        0.048909708857536316,
        0.9988013505935669,
        -0.0019029960967600346,
        -0.041145067662000656,
        -0.32553285360336304,
        0.017742007970809937,
        0.9453642964363098,
        0.413018137216568
    ],
    [
        0.942496120929718,
        -0.04556405171751976,
        0.331096351146698,
        -0.013559175655245781,
        0.04937226325273514,
        0.9987756609916687,
        -0.0030955052934587,
        -0.04160066321492195,
        -0.330549955368042,
        0.019264480099081993,
        0.943591833114624,
        0.42211735248565674
    ],
    [
        0.9399445056915283,
        -0.04551252722740173,
        0.3382793068885803,
        -0.01721622422337532,
        0.050291404128074646,
        0.9987201690673828,
        -0.005370864644646645,
        -0.04114963486790657,
        -0.3376019299030304,
        0.022060856223106384,
        0.9410303235054016,
        0.4364895224571228
    ],
    [
        0.9387918710708618,
        -0.04588574171066284,
        0.34141531586647034,
        -0.015582785941660404,
        0.051308371126651764,
        0.9986593127250671,
        -0.006864531897008419,
        -0.04163311794400215,
        -0.3406425714492798,
        0.023961829021573067,
        0.939887523651123,
        0.44908905029296875
    ],
    [
        0.9384346008300781,
        -0.045864272862672806,
        0.34239885210990906,
        -0.013453451916575432,
        0.05183330550789833,
        0.9986212253570557,
        -0.008297719061374664,
        -0.04093993082642555,
        -0.3415462076663971,
        0.025534529238939285,
        0.9395180344581604,
        0.4571722745895386
    ],
    [
        0.9384006261825562,
        -0.04490633308887482,
        0.3426188826560974,
        -0.010662374086678028,
        0.051867470145225525,
        0.998591423034668,
        -0.01117679849267006,
        -0.03863542899489403,
        -0.3416343629360199,
        0.028259089216589928,
        0.939408004283905,
        0.4682255685329437
    ],
    [
        0.9390946626663208,
        -0.04398821294307709,
        0.3408316373825073,
        -0.006920924410223961,
        0.05193984508514404,
        0.998548686504364,
        -0.014235921204090118,
        -0.03611479327082634,
        -0.3397108316421509,
        0.0310716163367033,
        0.9400166273117065,
        0.4785071313381195
    ],
    [
        0.9399951100349426,
        -0.04339632764458656,
        0.33841678500175476,
        -0.0038615423254668713,
        0.05185207352042198,
        0.998526930809021,
        -0.015981163829565048,
        -0.03536263853311539,
        -0.3372247517108917,
        0.03256982937455177,
        0.9408606290817261,
        0.48503974080085754
    ],
    [
        0.9419472217559814,
        -0.04258735477924347,
        0.3330492079257965,
        0.0015677256742492318,
        0.051617953926324844,
        0.9984990954399109,
        -0.018309472128748894,
        -0.03445480018854141,
        -0.33176958560943604,
        0.0344378761947155,
        0.9427316188812256,
        0.4943712651729584
    ],
    [
        0.944387674331665,
        -0.04087577387690544,
        0.3262834846973419,
        0.006839187815785408,
        0.05058804154396057,
        0.9984917044639587,
        -0.021333009004592896,
        -0.03231181204319,
        -0.32491934299468994,
        0.03665268048644066,
        0.9450312852859497,
        0.5040608048439026
    ],
    [
        0.9460796117782593,
        -0.04026307165622711,
        0.32142242789268494,
        0.008757334202528,
        0.050221335142850876,
        0.9984790086746216,
        -0.022747447714209557,
        -0.03201684728264809,
        -0.32001763582229614,
        0.037663158029317856,
        0.9466626644134521,
        0.5098594427108765
    ],
    [
        0.949041485786438,
        -0.03964162617921829,
        0.31264787912368774,
        0.012623929418623447,
        0.04975505173206329,
        0.9984625577926636,
        -0.024433014914393425,
        -0.03259087726473808,
        -0.3111986517906189,
        0.038743756711483,
        0.9495547413825989,
        0.5182155966758728
    ],
    [
        0.9522231221199036,
        -0.038243748247623444,
        0.3029994070529938,
        0.015178904868662357,
        0.04882551357150078,
        0.9984308481216431,
        -0.027422640472650528,
        -0.03060075268149376,
        -0.3014751970767975,
        0.040906570851802826,
        0.952596127986908,
        0.52503901720047
    ],
    [
        0.9543217420578003,
        -0.037231385707855225,
        0.296452134847641,
        0.015525305643677711,
        0.04805682227015495,
        0.9984143972396851,
        -0.029311027377843857,
        -0.0297415591776371,
        -0.29489079117774963,
        0.04221869260072708,
        0.9545977711677551,
        0.5291526913642883
    ],
    [
        0.9576784372329712,
        -0.03571241721510887,
        0.2856162190437317,
        0.01551380380988121,
        0.046824969351291656,
        0.9983848333358765,
        -0.03217087313532829,
        -0.028461847454309464,
        -0.2840060293674469,
        0.04418332129716873,
        0.9578039646148682,
        0.5338489413261414
    ],
    [
        0.9611207246780396,
        -0.03422539308667183,
        0.2739994525909424,
        0.014872774481773376,
        0.045418351888656616,
        0.9983684420585632,
        -0.03460944816470146,
        -0.028205186128616333,
        -0.2723678648471832,
        0.045708462595939636,
        0.9611068367958069,
        0.5381444096565247
    ]
]