[
    [
        0.9999173283576965,
        0.0018643923103809357,
        -0.012724257074296474,
        0.014296021312475204,
        -0.0018464629538357258,
        0.9999973177909851,
        0.001420738291926682,
        -0.004381682723760605,
        0.012726870365440845,
        -0.0013971255393698812,
        0.9999179840087891,
        0.5845603942871094
    ],
    [
        0.9997812509536743,
        0.00033586056088097394,
        -0.020907718688249588,
        0.033669792115688324,
        -0.00032792138517834246,
        0.9999998807907104,
        0.00038317189319059253,
        -0.011303856037557125,
        0.020907843485474586,
        -0.00037623217212967575,
        0.9997814297676086,
        0.7463159561157227
    ],
    [
        0.9994328022003174,
        0.00035237951669842005,
        -0.033674437552690506,
        0.0456705279648304,
        -0.00035674948594532907,
        0.9999998807907104,
        -0.00012377786333672702,
        -0.008137447759509087,
        0.033674392849206924,
        0.00013572114403359592,
        0.9994328618049622,
        0.9048953652381897
    ],
    [
        0.9990131855010986,
        0.0012472289381548762,
        -0.04439660906791687,
        0.04523835331201553,
        -0.0012396732345223427,
        0.9999992847442627,
        0.00019772340601775795,
        -0.0015871917130425572,
        0.04439682140946388,
        -0.00014249063679017127,
        0.9990140199661255,
        1.0816692113876343
    ],
    [
        0.9984719157218933,
        0.0018917904235422611,
        -0.055229417979717255,
        0.042071275413036346,
        -0.0018813033821061254,
        0.999998152256012,
        0.00024188091629184783,
        -0.007232691626995802,
        0.055229779332876205,
        -0.00013760711590293795,
        0.9984737038612366,
        1.2794545888900757
    ],
    [
        0.9978794455528259,
        0.0018925723852589726,
        -0.06506112962961197,
        0.04738643392920494,
        -0.001914025517180562,
        0.9999980926513672,
        -0.00026740034809336066,
        -0.0024304171092808247,
        0.06506050378084183,
        0.0003913616528734565,
        0.997881293296814,
        1.4449522495269775
    ],
    [
        0.9969115853309631,
        0.0018883509328588843,
        -0.07850868254899979,
        0.06466209888458252,
        -0.0019008730305358768,
        0.9999982118606567,
        -8.476673247059807e-05,
        0.0016323572490364313,
        0.07850836962461472,
        0.00023374024021904916,
        0.996913492679596,
        1.6196969747543335
    ],
    [
        0.9951834082603455,
        0.0015045759500935674,
        -0.09801889955997467,
        0.07800108194351196,
        -0.0016439990140497684,
        0.9999977350234985,
        -0.0013416591100394726,
        -0.0013802667381241918,
        0.0980166643857956,
        0.0014963397989049554,
        0.9951835870742798,
        1.7734131813049316
    ],
    [
        0.9913963079452515,
        0.0013254564255475998,
        -0.1308869868516922,
        0.07289010286331177,
        -0.0016961476067081094,
        0.9999948740005493,
        -0.002720701275393367,
        0.004216404631733894,
        0.13088275492191315,
        0.0029192969668656588,
        0.9913935661315918,
        1.9341232776641846
    ],
    [
        0.9869266152381897,
        0.0024134230334311724,
        -0.16115248203277588,
        0.05755959078669548,
        -0.0029303671326488256,
        0.9999912977218628,
        -0.0029702007304877043,
        0.008342644199728966,
        0.16114389896392822,
        0.003403605194762349,
        0.9869250059127808,
        2.0733134746551514
    ],
    [
        0.9817540645599365,
        0.002797219902276993,
        -0.19013424217700958,
        0.04136985167860985,
        -0.003576666349545121,
        0.9999866485595703,
        -0.003756428137421608,
        0.002658057026565075,
        0.19012118875980377,
        0.004367935471236706,
        0.9817509055137634,
        2.1969776153564453
    ],
    [
        0.9752950668334961,
        0.003030067076906562,
        -0.2208855152130127,
        0.024059072136878967,
        -0.004188253544270992,
        0.9999797940254211,
        -0.004775216802954674,
        0.0007115406915545464,
        0.2208665907382965,
        0.005582369863986969,
        0.9752880930900574,
        2.3080692291259766
    ],
    [
        0.96645188331604,
        0.0025424701161682606,
        -0.25683513283729553,
        0.014260909520089626,
        -0.0039474316872656345,
        0.9999800324440002,
        -0.004954866133630276,
        -0.0010891417041420937,
        0.2568173408508301,
        0.0058024791069328785,
        0.9664425253868103,
        2.4502170085906982
    ],
    [
        0.9566599130630493,
        0.002736750990152359,
        -0.29119470715522766,
        0.010828209109604359,
        -0.004382666200399399,
        0.9999780058860779,
        -0.005000198259949684,
        -0.005435733124613762,
        0.2911745607852936,
        0.006059698294848204,
        0.9566507339477539,
        2.571075201034546
    ],
    [
        0.943483293056488,
        0.0027852037455886602,
        -0.33140841126441956,
        -7.961670780787244e-05,
        -0.004859978798776865,
        0.999973475933075,
        -0.0054319025948643684,
        -0.00817793793976307,
        0.3313845098018646,
        0.006735547445714474,
        0.9434717297554016,
        2.6783130168914795
    ],
    [
        0.9286357760429382,
        0.003305420745164156,
        -0.37097790837287903,
        -0.022976819425821304,
        -0.0058595165610313416,
        0.9999662041664124,
        -0.005757880862802267,
        -0.009022347629070282,
        0.37094634771347046,
        0.007520725484937429,
        0.9286237955093384,
        2.7808139324188232
    ],
    [
        0.9125518798828125,
        0.0039187464863061905,
        -0.408942312002182,
        -0.05735547095537186,
        -0.006891594268381596,
        0.9999594688415527,
        -0.005796294193714857,
        -0.007974235340952873,
        0.4089029133319855,
        0.008107681758701801,
        0.912541925907135,
        2.8941853046417236
    ],
    [
        0.9021409153938293,
        0.004753937944769859,
        -0.4314152002334595,
        -0.08686631172895432,
        -0.008100034669041634,
        0.9999496936798096,
        -0.005919297691434622,
        -0.00504636112600565,
        0.43136537075042725,
        0.008834519423544407,
        0.9021340012550354,
        2.9782650470733643
    ],
    [
        0.8939118981361389,
        0.0044951350428164005,
        -0.4482201933860779,
        -0.11742657423019409,
        -0.008168653585016727,
        0.9999470114707947,
        -0.006262907758355141,
        -0.0016480674967169762,
        0.44816824793815613,
        0.009259844198822975,
        0.8939012289047241,
        3.056265354156494
    ],
    [
        0.8868072628974915,
        0.004406135994940996,
        -0.4621184766292572,
        -0.14173705875873566,
        -0.008184709586203098,
        0.9999474883079529,
        -0.006172352936118841,
        0.0021366337314248085,
        0.4620669484138489,
        0.009255991317331791,
        0.886796772480011,
        3.1400535106658936
    ],
    [
        0.8807673454284668,
        0.003992356825619936,
        -0.4735323190689087,
        -0.16456298530101776,
        -0.008065715432167053,
        0.9999458193778992,
        -0.006571625359356403,
        0.003568122861906886,
        0.4734804034233093,
        0.009607448242604733,
        0.8807520866394043,
        3.2318878173828125
    ],
    [
        0.8760913014411926,
        0.004471637308597565,
        -0.48212459683418274,
        -0.18689894676208496,
        -0.00898770708590746,
        0.999934732913971,
        -0.007057732902467251,
        0.009642796590924263,
        0.4820615351200104,
        0.010516414418816566,
        0.8760741353034973,
        3.2991654872894287
    ],
    [
        0.8718460202217102,
        0.0044094533659517765,
        -0.4897599220275879,
        -0.21138887107372284,
        -0.009169911965727806,
        0.9999311566352844,
        -0.007321139331907034,
        0.016718121245503426,
        0.48969411849975586,
        0.010873963125050068,
        0.8718265295028687,
        3.363708734512329
    ],
    [
        0.869340717792511,
        0.004099060315638781,
        -0.4941962659358978,
        -0.24651868641376495,
        -0.00910769309848547,
        0.9999285936355591,
        -0.007727535907179117,
        0.02175128646194935,
        0.49412932991981506,
        0.011218848638236523,
        0.8693159818649292,
        3.430695056915283
    ],
    [
        0.8687326312065125,
        0.004118251148611307,
        -0.49526458978652954,
        -0.28423723578453064,
        -0.009694047272205353,
        0.9999151825904846,
        -0.008689566515386105,
        0.02339644357562065,
        0.49518653750419617,
        0.012350024655461311,
        0.8686988949775696,
        3.500157117843628
    ]
]