[
    [
        0.8408595323562622,
        -0.06767504662275314,
        0.5370059609413147,
        1.8928699493408203,
        0.12812578678131104,
        0.98884117603302,
        -0.0760064423084259,
        0.7524569034576416,
        -0.5258697867393494,
        0.13271506130695343,
        0.8401474356651306,
        0.5972816348075867
    ],
    [
        0.8336021304130554,
        -0.07005662471055984,
        0.5479046106338501,
        1.9152278900146484,
        0.13258974254131317,
        0.9883020520210266,
        -0.07535967975854874,
        0.745378315448761,
        -0.5362159013748169,
        0.13546648621559143,
        0.8331395387649536,
        0.6186885237693787
    ],
    [
        0.8262035846710205,
        -0.0721551850438118,
        0.5587319135665894,
        1.9376848936080933,
        0.1366150677204132,
        0.9878228902816772,
        -0.07444589585065842,
        0.7371572852134705,
        -0.5465565323829651,
        0.137838676571846,
        0.8260002136230469,
        0.6390202641487122
    ],
    [
        0.8188319802284241,
        -0.07378656417131424,
        0.5692713260650635,
        1.96605384349823,
        0.13996000587940216,
        0.9874382019042969,
        -0.07332886010408401,
        0.7273039221763611,
        -0.5567094683647156,
        0.13971923291683197,
        0.8188730478286743,
        0.6663544178009033
    ],
    [
        0.8115732073783875,
        -0.0755828246474266,
        0.5793412923812866,
        1.993241548538208,
        0.14352111518383026,
        0.9870038032531738,
        -0.07228438556194305,
        0.7191193103790283,
        -0.5663484930992126,
        0.1418118178844452,
        0.8118735551834106,
        0.6890256404876709
    ],
    [
        0.8016398549079895,
        -0.07821790874004364,
        0.5926681756973267,
        2.0330874919891357,
        0.14874917268753052,
        0.9863209128379822,
        -0.07102671265602112,
        0.7084634304046631,
        -0.5790054798126221,
        0.14509671926498413,
        0.8023090362548828,
        0.7186905145645142
    ],
    [
        0.7915501594543457,
        -0.08026112616062164,
        0.6058104634284973,
        2.0740904808044434,
        0.1533198058605194,
        0.985713005065918,
        -0.0697345957159996,
        0.6997602581977844,
        -0.5915583372116089,
        0.1480812132358551,
        0.7925469279289246,
        0.7495490908622742
    ],
    [
        0.7843375205993652,
        -0.0814921036362648,
        0.6149581074714661,
        2.1037867069244385,
        0.155782088637352,
        0.9854410886764526,
        -0.06810244172811508,
        0.6912592649459839,
        -0.6004552841186523,
        0.14921478927135468,
        0.785613477230072,
        0.7808216214179993
    ],
    [
        0.7770735025405884,
        -0.08262301981449127,
        0.6239631175994873,
        2.136411666870117,
        0.15850770473480225,
        0.9850845336914062,
        -0.06696152687072754,
        0.6864314675331116,
        -0.609123945236206,
        0.15093699097633362,
        0.7785794138908386,
        0.8176389336585999
    ],
    [
        0.7696362137794495,
        -0.08390574157238007,
        0.6329455375671387,
        2.169490337371826,
        0.16073556244373322,
        0.9848621487617493,
        -0.0648907870054245,
        0.6788375973701477,
        -0.6179192662239075,
        0.1516791135072708,
        0.7714720964431763,
        0.8540587425231934
    ],
    [
        0.7582998275756836,
        -0.08639582246541977,
        0.6461557149887085,
        2.2207369804382324,
        0.16494499146938324,
        0.9843549132347107,
        -0.061956603080034256,
        0.6699196100234985,
        -0.6306936740875244,
        0.1535618007183075,
        0.7606866955757141,
        0.9103859066963196
    ],
    [
        0.7505500316619873,
        -0.08825936168432236,
        0.6548932194709778,
        2.251345634460449,
        0.16748133301734924,
        0.9840890169143677,
        -0.059319693595170975,
        0.662936806678772,
        -0.6392375826835632,
        0.15420478582382202,
        0.7533897757530212,
        0.9427170753479004
    ],
    [
        0.7430791854858398,
        -0.0903123989701271,
        0.6630815267562866,
        2.281165599822998,
        0.17049522697925568,
        0.9837037324905396,
        -0.0570831336081028,
        0.6571813225746155,
        -0.647120475769043,
        0.15546944737434387,
        0.7463674545288086,
        0.9699763059616089
    ],
    [
        0.7360989451408386,
        -0.0920553058385849,
        0.6705848574638367,
        2.312365770339966,
        0.17315173149108887,
        0.983353853225708,
        -0.055077094584703445,
        0.6508986353874207,
        -0.6543521285057068,
        0.15665514767169952,
        0.7397852540016174,
        0.9927219152450562
    ],
    [
        0.7295289635658264,
        -0.09426234662532806,
        0.6774231195449829,
        2.345069646835327,
        0.1763116866350174,
        0.9829009771347046,
        -0.05310411378741264,
        0.6452476978302002,
        -0.6608340740203857,
        0.15817859768867493,
        0.7336743474006653,
        1.0178837776184082
    ],
    [
        0.7211664915084839,
        -0.09557224810123444,
        0.6861375570297241,
        2.398444175720215,
        0.17846061289310455,
        0.9826399683952332,
        -0.05069936811923981,
        0.6337444186210632,
        -0.6693807244300842,
        0.1590113341808319,
        0.7257029414176941,
        1.058348536491394
    ],
    [
        0.7150697708129883,
        -0.09721767902374268,
        0.6922600269317627,
        2.437413454055786,
        0.18066217005252838,
        0.9823408126831055,
        -0.04865972325205803,
        0.6225571632385254,
        -0.6753047108650208,
        0.1598602682352066,
        0.7200058102607727,
        1.0920485258102417
    ],
    [
        0.709273099899292,
        -0.09835251420736313,
        0.6980387568473816,
        2.4760963916778564,
        0.18214695155620575,
        0.9821619987487793,
        -0.04669351130723953,
        0.6101358532905579,
        -0.6809949278831482,
        0.16026408970355988,
        0.7145357131958008,
        1.1234235763549805
    ],
    [
        0.703798234462738,
        -0.09872373193502426,
        0.7035065293312073,
        2.514270067214966,
        0.18261684477329254,
        0.9821599125862122,
        -0.044865190982818604,
        0.5969074964523315,
        -0.686526894569397,
        0.16004815697669983,
        0.7092708945274353,
        1.1560744047164917
    ],
    [
        0.6987377405166626,
        -0.09913946688175201,
        0.7084751129150391,
        2.551382303237915,
        0.18379414081573486,
        0.9819859862327576,
        -0.04385526850819588,
        0.5866752862930298,
        -0.6913648247718811,
        0.1608569622039795,
        0.7043718695640564,
        1.1924388408660889
    ],
    [
        0.6928883790969849,
        -0.09928329288959503,
        0.7141767144203186,
        2.6053764820098877,
        0.18408426642417908,
        0.9820092916488647,
        -0.042080242186784744,
        0.5710276365280151,
        -0.6971504092216492,
        0.16062553226947784,
        0.6986993551254272,
        1.2460118532180786
    ],
    [
        0.6898889541625977,
        -0.09878472983837128,
        0.7171432971954346,
        2.6396939754486084,
        0.18353784084320068,
        0.9821457266807556,
        -0.04127459600567818,
        0.5597025752067566,
        -0.7002621293067932,
        0.1600978672504425,
        0.6957026124000549,
        1.2806369066238403
    ],
    [
        0.6875617504119873,
        -0.09633371978998184,
        0.7197074890136719,
        2.7001736164093018,
        0.18174192309379578,
        0.9824436902999878,
        -0.04212304949760437,
        0.5490206480026245,
        -0.7030141353607178,
        0.1597631722688675,
        0.6929983496665955,
        1.3346391916275024
    ],
    [
        0.687214732170105,
        -0.0944620817899704,
        0.7202867865562439,
        2.768521547317505,
        0.18107660114765167,
        0.9824880957603455,
        -0.04391397535800934,
        0.5381929278373718,
        -0.7035248279571533,
        0.16060535609722137,
        0.6922850608825684,
        1.3911656141281128
    ],
    [
        0.6892425417900085,
        -0.09263621270656586,
        0.718584418296814,
        2.870835542678833,
        0.18065857887268066,
        0.9824398756027222,
        -0.04663071036338806,
        0.5205981135368347,
        -0.7016460299491882,
        0.16195829212665558,
        0.6938748359680176,
        1.4706062078475952
    ]
]