[
    [
        0.9833232760429382,
        0.013195606879889965,
        0.1813867837190628,
        0.042774517089128494,
        -0.011372816748917103,
        0.9998738765716553,
        -0.011085635051131248,
        0.0015706639969721437,
        -0.18151019513607025,
        0.008837884292006493,
        0.9833493232727051,
        0.3972295820713043
    ],
    [
        0.9789815545082092,
        0.008798416703939438,
        0.20375894010066986,
        0.05300768464803696,
        -0.006526449229568243,
        0.9999088644981384,
        -0.01181955635547638,
        -0.0020701356697827578,
        -0.203844353556633,
        0.010241304524242878,
        0.9789496660232544,
        0.4403130114078522
    ],
    [
        0.9730571508407593,
        0.0027043726295232773,
        0.23054850101470947,
        0.06854023784399033,
        -0.0006091005634516478,
        0.9999579787254333,
        -0.009158894419670105,
        -0.00594776077196002,
        -0.23056356608867645,
        0.008771699853241444,
        0.9730176329612732,
        0.49147671461105347
    ],
    [
        0.9667125940322876,
        -0.003408116055652499,
        0.2558421790599823,
        0.0845068022608757,
        0.00559625867754221,
        0.9999537467956543,
        -0.007825194858014584,
        -0.011058270931243896,
        -0.2558036744594574,
        0.008996473625302315,
        0.9666868448257446,
        0.5433892011642456
    ],
    [
        0.960136890411377,
        -0.009157253429293633,
        0.27938005328178406,
        0.10144342482089996,
        0.011675371788442135,
        0.9999048113822937,
        -0.007350465282797813,
        -0.01790902204811573,
        -0.2792862057685852,
        0.010319318622350693,
        0.9601525664329529,
        0.6022300720214844
    ],
    [
        0.9533142447471619,
        -0.01577393338084221,
        0.30156776309013367,
        0.11993713676929474,
        0.018183927983045578,
        0.9998211860656738,
        -0.005185840651392937,
        -0.02567337453365326,
        -0.3014320433139801,
        0.01042742095887661,
        0.9534306526184082,
        0.6701205968856812
    ],
    [
        0.9463046193122864,
        -0.021075770258903503,
        0.32258862257003784,
        0.1360815018415451,
        0.023993320763111115,
        0.9996992349624634,
        -0.00507010705769062,
        -0.035084597766399384,
        -0.322384774684906,
        0.012537838891148567,
        0.9465257525444031,
        0.737421989440918
    ],
    [
        0.9387955069541931,
        -0.025044402107596397,
        0.34356334805488586,
        0.1505422294139862,
        0.029429443180561066,
        0.9995383024215698,
        -0.007554325740784407,
        -0.040859296917915344,
        -0.3432155251502991,
        0.017202842980623245,
        0.9390990138053894,
        0.798332154750824
    ],
    [
        0.9310773015022278,
        -0.028359878808259964,
        0.36371806263923645,
        0.17038656771183014,
        0.033504508435726166,
        0.9994078278541565,
        -0.007841796614229679,
        -0.044775545597076416,
        -0.3632802367210388,
        0.01948751136660576,
        0.9314760565757751,
        0.8618806004524231
    ],
    [
        0.9232032299041748,
        -0.03148839250206947,
        0.38301989436149597,
        0.19285334646701813,
        0.03662580996751785,
        0.999310314655304,
        -0.00612604059278965,
        -0.05359581857919693,
        -0.3825627863407135,
        0.019683994352817535,
        0.9237198233604431,
        0.9253279566764832
    ],
    [
        0.9154455661773682,
        -0.03384336829185486,
        0.4010162353515625,
        0.2222072184085846,
        0.03945915773510933,
        0.9992046356201172,
        -0.005751028656959534,
        -0.06093643605709076,
        -0.40050262212753296,
        0.02108851447701454,
        0.9160529375076294,
        0.9898865818977356
    ],
    [
        0.9056052565574646,
        -0.035012587904930115,
        0.42267391085624695,
        0.2541697025299072,
        0.041270818561315536,
        0.999131977558136,
        -0.005661277566105127,
        -0.0679575726389885,
        -0.4221087694168091,
        0.022570982575416565,
        0.9062641859054565,
        1.0496221780776978
    ],
    [
        0.8949654698371887,
        -0.03467787802219391,
        0.44478553533554077,
        0.2828347086906433,
        0.041988857090473175,
        0.9990962743759155,
        -0.006592030171304941,
        -0.07441768795251846,
        -0.4441550076007843,
        0.024575674906373024,
        0.895612895488739,
        1.1082862615585327
    ],
    [
        0.8824955224990845,
        -0.03571581467986107,
        0.468962699174881,
        0.3080560266971588,
        0.04250523820519447,
        0.999088704586029,
        -0.003896721638739109,
        -0.07673485577106476,
        -0.4683961868286133,
        0.023372208699584007,
        0.8832094073295593,
        1.1721688508987427
    ],
    [
        0.8698270916938782,
        -0.03598913550376892,
        0.4920421540737152,
        0.33302217721939087,
        0.04215201735496521,
        0.9991101026535034,
        -0.0014386186376214027,
        -0.08233696222305298,
        -0.4915526211261749,
        0.021991919726133347,
        0.870570182800293,
        1.2437245845794678
    ],
    [
        0.8569182753562927,
        -0.03478916734457016,
        0.5142770409584045,
        0.3573664724826813,
        0.04127730429172516,
        0.9991469979286194,
        -0.0011895932257175446,
        -0.09031357616186142,
        -0.5137969851493835,
        0.022247351706027985,
        0.857623279094696,
        1.3171910047531128
    ],
    [
        0.8430857062339783,
        -0.03263557329773903,
        0.5367879867553711,
        0.38070616126060486,
        0.041143354028463364,
        0.9991457462310791,
        -0.0038742965552955866,
        -0.09367237240076065,
        -0.5362030267715454,
        0.025351621210575104,
        0.843708336353302,
        1.3838341236114502
    ],
    [
        0.8295078873634338,
        -0.03475164622068405,
        0.5574128031730652,
        0.408873051404953,
        0.04313710704445839,
        0.9990673661231995,
        -0.0019076225580647588,
        -0.09578628093004227,
        -0.5568265914916992,
        0.025627560913562775,
        0.8302333354949951,
        1.4533971548080444
    ],
    [
        0.8162739872932434,
        -0.03764275088906288,
        0.5764371156692505,
        0.44276782870292664,
        0.045372240245342255,
        0.9989696741104126,
        0.0009849899215623736,
        -0.0977400541305542,
        -0.5758803486824036,
        0.02535022236406803,
        0.8171408772468567,
        1.5284994840621948
    ],
    [
        0.8033571839332581,
        -0.04013306275010109,
        0.5941435694694519,
        0.48122408986091614,
        0.04771287739276886,
        0.998856782913208,
        0.0029566886369138956,
        -0.10453092306852341,
        -0.5935829877853394,
        0.025973020121455193,
        0.8043535947799683,
        1.60512113571167
    ],
    [
        0.7892131805419922,
        -0.04353940859436989,
        0.6125738620758057,
        0.5218862891197205,
        0.05050463229417801,
        0.9987063407897949,
        0.005916283931583166,
        -0.1109861359000206,
        -0.6120390295982361,
        0.0262686125934124,
        0.7903912663459778,
        1.677960753440857
    ],
    [
        0.7748435735702515,
        -0.04670293256640434,
        0.6304255127906799,
        0.5620872378349304,
        0.0521068312227726,
        0.9985920786857605,
        0.009933819994330406,
        -0.11596420407295227,
        -0.6300018429756165,
        0.02515232190489769,
        0.7761860489845276,
        1.753572940826416
    ],
    [
        0.7597872018814087,
        -0.0499691478908062,
        0.6482487916946411,
        0.6039527058601379,
        0.05180941894650459,
        0.9985247850418091,
        0.016245774924755096,
        -0.11932194232940674,
        -0.6481043100357056,
        0.021242063492536545,
        0.7612553238868713,
        1.837433099746704
    ],
    [
        0.743764340877533,
        -0.05303364619612694,
        0.6663349270820618,
        0.645804762840271,
        0.051064614206552505,
        0.9984425902366638,
        0.02246771566569805,
        -0.12346907705068588,
        -0.666488528251648,
        0.017315445467829704,
        0.745313823223114,
        1.9200466871261597
    ],
    [
        0.7265247702598572,
        -0.05486584082245827,
        0.6849464178085327,
        0.6845080852508545,
        0.051168330013751984,
        0.9983593225479126,
        0.025696566328406334,
        -0.12339335680007935,
        -0.6852325201034546,
        0.016378380358219147,
        0.7281401753425598,
        1.990265965461731
    ]
]