[
    [
        0.9999109506607056,
        -0.0011212460231035948,
        -0.013300623744726181,
        -0.18148595094680786,
        0.0012867683544754982,
        0.9999218583106995,
        0.012442671693861485,
        -0.060829900205135345,
        0.013285631313920021,
        -0.0124586783349514,
        0.9998340606689453,
        0.4827246367931366
    ],
    [
        0.9997336864471436,
        -0.0003665436524897814,
        -0.023074591532349586,
        -0.1970091313123703,
        0.0006755534559488297,
        0.9999102354049683,
        0.013385390862822533,
        -0.06829486042261124,
        0.023067612200975418,
        -0.013397413305938244,
        0.9996441602706909,
        0.5717207789421082
    ],
    [
        0.9992105960845947,
        0.0014963081339374185,
        -0.03969762101769447,
        -0.20686458051204681,
        -0.0009383989381603897,
        0.9999005794525146,
        0.01406888384371996,
        -0.0777999684214592,
        0.03971472382545471,
        -0.014020525850355625,
        0.9991127848625183,
        0.6894484162330627
    ],
    [
        0.9982013702392578,
        0.005566105712205172,
        -0.05969102680683136,
        -0.21625854074954987,
        -0.0046101040206849575,
        0.9998591542243958,
        0.016141599044203758,
        -0.09667381644248962,
        0.05977245420217514,
        -0.01583738438785076,
        0.9980864524841309,
        0.8128495812416077
    ],
    [
        0.9966189861297607,
        0.009911813773214817,
        -0.08156165480613708,
        -0.2294885665178299,
        -0.008483468554913998,
        0.9998047947883606,
        0.017840420827269554,
        -0.11679326742887497,
        0.08172257244586945,
        -0.01708817668259144,
        0.9965086579322815,
        0.9477393627166748
    ],
    [
        0.9947447180747986,
        0.01384059339761734,
        -0.1014455184340477,
        -0.25791797041893005,
        -0.011825807392597198,
        0.9997211694717407,
        0.020435359328985214,
        -0.13985556364059448,
        0.1017000749707222,
        -0.01912829466164112,
        0.9946311712265015,
        1.0837652683258057
    ],
    [
        0.9924379587173462,
        0.018445134162902832,
        -0.12135317176580429,
        -0.2935589849948883,
        -0.01597953960299492,
        0.9996463060379028,
        0.0212594922631979,
        -0.15695686638355255,
        0.12170237302780151,
        -0.019159555435180664,
        0.992381751537323,
        1.2143359184265137
    ],
    [
        0.9898388981819153,
        0.02236517146229744,
        -0.14042270183563232,
        -0.3414158821105957,
        -0.019790779799222946,
        0.9996098875999451,
        0.01970311813056469,
        -0.1688329577445984,
        0.1408086121082306,
        -0.016723837703466415,
        0.9898955821990967,
        1.3392508029937744
    ],
    [
        0.9856976866722107,
        0.02725791186094284,
        -0.16630439460277557,
        -0.3743896484375,
        -0.024054529145359993,
        0.9994847774505615,
        0.021246440708637238,
        -0.19214528799057007,
        0.16679787635803223,
        -0.016942191869020462,
        0.9858455061912537,
        1.4606434106826782
    ],
    [
        0.9806153178215027,
        0.031136345118284225,
        -0.19345296919345856,
        -0.39735570549964905,
        -0.027475249022245407,
        0.9993895292282104,
        0.02157982997596264,
        -0.2072473019361496,
        0.1940067857503891,
        -0.01584634557366371,
        0.9808722138404846,
        1.5721168518066406
    ],
    [
        0.9719350337982178,
        0.0351213738322258,
        -0.23261314630508423,
        -0.42118287086486816,
        -0.031183138489723206,
        0.9993016719818115,
        0.020587261766195297,
        -0.2206009328365326,
        0.23317375779151917,
        -0.01275587547570467,
        0.9723514914512634,
        1.7090504169464111
    ],
    [
        0.959171712398529,
        0.04034016281366348,
        -0.2799328565597534,
        -0.4359985291957855,
        -0.0358731672167778,
        0.999134361743927,
        0.021064748987555504,
        -0.2358652651309967,
        0.28054025769233704,
        -0.010162632912397385,
        0.9597885012626648,
        1.8479564189910889
    ],
    [
        0.9430742859840393,
        0.04833746701478958,
        -0.32905054092407227,
        -0.4545597434043884,
        -0.042884524911642075,
        0.9987962245941162,
        0.023813901469111443,
        -0.25725606083869934,
        0.32980555295944214,
        -0.008347101509571075,
        0.9440119862556458,
        1.9799120426177979
    ],
    [
        0.9245122075080872,
        0.05745439976453781,
        -0.37679725885391235,
        -0.4843447506427765,
        -0.0509689562022686,
        0.9983306527137756,
        0.02716863341629505,
        -0.2780787944793701,
        0.377729207277298,
        -0.005912769585847855,
        0.9258973002433777,
        2.1132936477661133
    ],
    [
        0.9056808352470398,
        0.06421049684286118,
        -0.41906964778900146,
        -0.5295897722244263,
        -0.05698723345994949,
        0.9979316592216492,
        0.029745522886514664,
        -0.29250890016555786,
        0.4201127886772156,
        -0.0030583306215703487,
        0.9074667692184448,
        2.2400717735290527
    ],
    [
        0.8860840201377869,
        0.06996316462755203,
        -0.4582141935825348,
        -0.5824558734893799,
        -0.061904508620500565,
        0.9975494742393494,
        0.03260289877653122,
        -0.30509668588638306,
        0.459372341632843,
        -0.0005233823321759701,
        0.8882436156272888,
        2.360285520553589
    ],
    [
        0.8659060001373291,
        0.07668661326169968,
        -0.4942932724952698,
        -0.639966607093811,
        -0.06689193844795227,
        0.9970550537109375,
        0.037505362182855606,
        -0.32207754254341125,
        0.4957138001918793,
        0.0005881062243133783,
        0.8684857487678528,
        2.4739863872528076
    ],
    [
        0.8480607867240906,
        0.08416147530078888,
        -0.5231726765632629,
        -0.6821089386940002,
        -0.07287485897541046,
        0.99644935131073,
        0.04216642677783966,
        -0.3391237258911133,
        0.5248638391494751,
        0.002366438275203109,
        0.8511830568313599,
        2.55710506439209
    ],
    [
        0.8256177306175232,
        0.09044912457466125,
        -0.5569332242012024,
        -0.7348663806915283,
        -0.07722154259681702,
        0.9958930015563965,
        0.047262679785490036,
        -0.35544753074645996,
        0.5589205026626587,
        0.003986323717981577,
        0.8292115330696106,
        2.6570022106170654
    ],
    [
        0.7997781038284302,
        0.09549679607152939,
        -0.5926511883735657,
        -0.7998082637786865,
        -0.08025144040584564,
        0.9954123497009277,
        0.052097003906965256,
        -0.36822041869163513,
        0.594907283782959,
        0.005895066540688276,
        0.8037727475166321,
        2.776001214981079
    ],
    [
        0.7696725726127625,
        0.1032056212425232,
        -0.6300416588783264,
        -0.8605146408081055,
        -0.08473891764879227,
        0.9946305155754089,
        0.05940921977162361,
        -0.38659948110580444,
        0.6327902674674988,
        0.007663443684577942,
        0.7742851972579956,
        2.90104603767395
    ],
    [
        0.7337145209312439,
        0.11100564152002335,
        -0.6703289747238159,
        -0.912849485874176,
        -0.09004645049571991,
        0.9937480688095093,
        0.06600236147642136,
        -0.40643319487571716,
        0.6734647750854492,
        0.01193385012447834,
        0.7391229867935181,
        3.0281760692596436
    ],
    [
        0.6998368501663208,
        0.113248810172081,
        -0.7052680253982544,
        -0.9785081744194031,
        -0.09289126098155975,
        0.993396520614624,
        0.06733924150466919,
        -0.4180181920528412,
        0.7082368731498718,
        0.01838677003979683,
        0.7057352066040039,
        3.1475863456726074
    ],
    [
        0.6693693399429321,
        0.11455035954713821,
        -0.734045684337616,
        -1.055382490158081,
        -0.09315638244152069,
        0.9931847453117371,
        0.0700414851307869,
        -0.4277019798755646,
        0.7370662093162537,
        0.021497413516044617,
        0.6754783987998962,
        3.256967067718506
    ],
    [
        0.6432037353515625,
        0.11833299696445465,
        -0.7564959526062012,
        -1.1399922370910645,
        -0.09406542778015137,
        0.9927139282226562,
        0.0753045529127121,
        -0.4412790536880493,
        0.7598950862884521,
        0.0227239727973938,
        0.6496483087539673,
        3.3534438610076904
    ]
]