[
    [
        0.9999958276748657,
        -0.0028012976981699467,
        -0.0007934913737699389,
        0.03186165541410446,
        0.0028251532930880785,
        0.9994884729385376,
        0.03185434639453888,
        0.016189206391572952,
        0.000703851692378521,
        -0.03185645118355751,
        0.9994921684265137,
        -0.05524318292737007
    ],
    [
        0.9999969601631165,
        -0.0025055231526494026,
        8.272995182778686e-05,
        0.02493305504322052,
        0.0025029261596500874,
        0.999727189540863,
        0.02322334609925747,
        0.013655814342200756,
        -0.000140894073410891,
        -0.023223066702485085,
        0.9997302889823914,
        -0.05113591253757477
    ],
    [
        0.9999977946281433,
        -0.0018819284159690142,
        0.0010403597261756659,
        0.014541104435920715,
        0.001868625869974494,
        0.9999184012413025,
        0.012642566114664078,
        0.009103264659643173,
        -0.0010640665423125029,
        -0.012640592642128468,
        0.9999195337295532,
        -0.045946717262268066
    ],
    [
        0.9999987483024597,
        -0.0009523397893644869,
        0.0013393147382885218,
        0.0029429032001644373,
        0.0009475782862864435,
        0.9999932646751404,
        0.003550758119672537,
        0.002704049227759242,
        -0.0013426876394078135,
        -0.003549484070390463,
        0.999992847442627,
        -0.041398052126169205
    ],
    [
        0.999998927116394,
        -0.00020050523744430393,
        0.0014825408579781651,
        -0.011191166006028652,
        0.0002088597830152139,
        0.999984085559845,
        -0.005637438502162695,
        -0.002986092818900943,
        -0.0014813870657235384,
        0.00563774211332202,
        0.9999829530715942,
        -0.03670040890574455
    ],
    [
        0.9999992251396179,
        0.00042850541649386287,
        0.001184325898066163,
        -0.022789468988776207,
        -0.00041395763400942087,
        0.9999248385429382,
        -0.012257159687578678,
        -0.007253861054778099,
        -0.0011894891504198313,
        0.012256660498678684,
        0.9999241828918457,
        -0.03336869925260544
    ],
    [
        0.9999990463256836,
        0.0013833849225193262,
        0.00024531770031899214,
        -0.039828311651945114,
        -0.0013781124725937843,
        0.9997923970222473,
        -0.020328596234321594,
        -0.013483837246894836,
        -0.0002733893634285778,
        0.020328238606452942,
        0.9997933506965637,
        -0.029043519869446754
    ],
    [
        0.9999972581863403,
        0.0022490082774311304,
        -0.0006579245091415942,
        -0.059604350477457047,
        -0.002266412368044257,
        0.9996117353439331,
        -0.027770044282078743,
        -0.020281130447983742,
        0.0005952134961262345,
        0.02777145989239216,
        0.9996141195297241,
        -0.024669650942087173
    ],
    [
        0.9999920725822449,
        0.003294828115031123,
        -0.002248867182061076,
        -0.0808495357632637,
        -0.003371528349816799,
        0.9993816614151001,
        -0.03500071540474892,
        -0.026669099926948547,
        0.0021321552339941263,
        0.0350080169737339,
        0.9993847608566284,
        -0.020686497911810875
    ],
    [
        0.9999874234199524,
        0.003939392045140266,
        -0.003107619471848011,
        -0.09878122061491013,
        -0.0040610674768686295,
        0.9991846084594727,
        -0.040171071887016296,
        -0.031682759523391724,
        0.002946835244074464,
        0.040183186531066895,
        0.9991878867149353,
        -0.017841925844550133
    ],
    [
        0.9999786019325256,
        0.004821656737476587,
        -0.004413088783621788,
        -0.12389492243528366,
        -0.005023424047976732,
        0.9988864064216614,
        -0.04691291227936745,
        -0.0382065549492836,
        0.004181975498795509,
        0.04693407565355301,
        0.9988892674446106,
        -0.014150294475257397
    ],
    [
        0.9999665021896362,
        0.005648958031088114,
        -0.005920073948800564,
        -0.15024502575397491,
        -0.005958310328423977,
        0.9985441565513611,
        -0.05361023172736168,
        -0.044603437185287476,
        0.0056086136028170586,
        0.05364370718598366,
        0.998544454574585,
        -0.010420423001050949
    ],
    [
        0.9999518990516663,
        0.006548551842570305,
        -0.007316833361983299,
        -0.17765657603740692,
        -0.006977486424148083,
        0.9981605410575867,
        -0.060223277658224106,
        -0.051024191081523895,
        0.006908999290317297,
        0.060271427035331726,
        0.9981581568717957,
        -0.006895067635923624
    ],
    [
        0.99993896484375,
        0.007104058284312487,
        -0.008466262370347977,
        -0.19846002757549286,
        -0.007640892174094915,
        0.997845470905304,
        -0.06516134738922119,
        -0.05578920245170593,
        0.007985111325979233,
        0.06522205471992493,
        0.9978387951850891,
        -0.004442782606929541
    ],
    [
        0.9999171495437622,
        0.00790175050497055,
        -0.010167991742491722,
        -0.22593295574188232,
        -0.008612222038209438,
        0.997378945350647,
        -0.07183986157178879,
        -0.06191147118806839,
        0.009573680348694324,
        0.07192147523164749,
        0.997364342212677,
        -0.0012247450649738312
    ],
    [
        0.9998944401741028,
        0.008615011349320412,
        -0.011701099574565887,
        -0.25364261865615845,
        -0.009501184336841106,
        0.9969143271446228,
        -0.0779203251004219,
        -0.06890711188316345,
        0.010993707925081253,
        0.0780232697725296,
        0.9968909621238708,
        0.0015413378132507205
    ],
    [
        0.9998683333396912,
        0.009301634505391121,
        -0.013292407616972923,
        -0.2809031009674072,
        -0.010390889830887318,
        0.9963797926902771,
        -0.08437607437372208,
        -0.07514505088329315,
        0.012459450401365757,
        0.08450309187173843,
        0.9963453412055969,
        0.004406213294714689
    ],
    [
        0.9998471736907959,
        0.009741841815412045,
        -0.014519925229251385,
        -0.3009034991264343,
        -0.010996061377227306,
        0.995974063873291,
        -0.08896444737911224,
        -0.08015508949756622,
        0.013594793155789375,
        0.08911050856113434,
        0.995928943157196,
        0.0065934425219893456
    ],
    [
        0.9998156428337097,
        0.0103058572858572,
        -0.0161982923746109,
        -0.3267752528190613,
        -0.011800604872405529,
        0.9954005479812622,
        -0.09507004916667938,
        -0.08639800548553467,
        0.015144014731049538,
        0.0952436700463295,
        0.9953387975692749,
        0.009227395989000797
    ],
    [
        0.9997810125350952,
        0.010772619396448135,
        -0.017938699573278427,
        -0.35162538290023804,
        -0.012513960711658001,
        0.994911253452301,
        -0.09997489303350449,
        -0.09364486485719681,
        0.016770420596003532,
        0.10017748177051544,
        0.9948282837867737,
        0.011309182271361351
    ],
    [
        0.9997484087944031,
        0.011095493100583553,
        -0.019493771716952324,
        -0.37578174471855164,
        -0.013093223795294762,
        0.9943289160728455,
        -0.10553934425115585,
        -0.09896962344646454,
        0.0182122103869915,
        0.10576803237199783,
        0.9942240118980408,
        0.013624838553369045
    ],
    [
        0.9997204542160034,
        0.011399433948099613,
        -0.020714890211820602,
        -0.3932381570339203,
        -0.013598398305475712,
        0.9939135909080505,
        -0.10931956768035889,
        -0.10291820019483566,
        0.019342629238963127,
        0.1095706969499588,
        0.9937908053398132,
        0.015234665013849735
    ],
    [
        0.9996845722198486,
        0.011601623147726059,
        -0.022272182628512383,
        -0.415696918964386,
        -0.014071113429963589,
        0.9933657050132751,
        -0.11413447558879852,
        -0.10736338049173355,
        0.020800279453396797,
        0.1144118681550026,
        0.9932156205177307,
        0.017259588465094566
    ],
    [
        0.9996434450149536,
        0.011843996122479439,
        -0.023930901661515236,
        -0.4373775124549866,
        -0.014603582210838795,
        0.9928291440010071,
        -0.11864615976810455,
        -0.11119765788316727,
        0.02235405147075653,
        0.11895333975553513,
        0.9926482439041138,
        0.019297242164611816
    ],
    [
        0.9995938539505005,
        0.01206144131720066,
        -0.025819286704063416,
        -0.4576798379421234,
        -0.015150346793234348,
        0.9922912120819092,
        -0.1229984387755394,
        -0.11403387039899826,
        0.024136709049344063,
        0.12333965301513672,
        0.9920709729194641,
        0.02119581587612629
    ]
]