[
    [
        0.9998418092727661,
        -0.017762381583452225,
        -0.0009127369849011302,
        -0.09672355651855469,
        0.017761511728167534,
        0.9998417496681213,
        -0.0009537233854644,
        -0.7621647715568542,
        0.0009295330382883549,
        0.0009373605716973543,
        0.9999991655349731,
        0.2671268880367279
    ],
    [
        0.9998279809951782,
        -0.018539704382419586,
        -0.000506558280903846,
        -0.09702876955270767,
        0.018539534881711006,
        0.9998279809951782,
        -0.00033321965020149946,
        -0.7742935419082642,
        0.000512648664880544,
        0.0003237712662667036,
        0.9999997615814209,
        0.2729463577270508
    ],
    [
        0.9998141527175903,
        -0.019269360229372978,
        -0.0006040017469786108,
        -0.09768252074718475,
        0.019269036129117012,
        0.9998141527175903,
        -0.0005357441259548068,
        -0.7856824398040771,
        0.0006142131169326603,
        0.0005240058526396751,
        0.9999996423721313,
        0.2785588800907135
    ],
    [
        0.9997897148132324,
        -0.0205062422901392,
        -6.692026363452896e-05,
        -0.0981980636715889,
        0.02050619199872017,
        0.9997894763946533,
        -0.0007182603585533798,
        -0.8019087314605713,
        8.163472375599667e-05,
        0.0007167367730289698,
        0.9999997615814209,
        0.28611472249031067
    ],
    [
        0.9997729063034058,
        -0.021305976435542107,
        6.702066457364708e-05,
        -0.09871997684240341,
        0.021306009963154793,
        0.999772846698761,
        -0.0005930938059464097,
        -0.8144575357437134,
        -5.4369349527405575e-05,
        0.0005943864234723151,
        0.9999998807907104,
        0.29187095165252686
    ],
    [
        0.9997560381889343,
        -0.022085413336753845,
        0.00025039154570549726,
        -0.09950701892375946,
        0.022085411474108696,
        0.9997560381889343,
        4.869188160228077e-06,
        -0.8272324800491333,
        -0.0002504384610801935,
        6.621988291044545e-07,
        1.0,
        0.2977956235408783
    ],
    [
        0.9997225403785706,
        -0.023551521822810173,
        0.0003958757733926177,
        -0.09976398944854736,
        0.02355165407061577,
        0.9997225403785706,
        -0.0003312713815830648,
        -0.841736376285553,
        -0.0003879642463289201,
        0.00034050262183882296,
        0.9999998807907104,
        0.3050711452960968
    ],
    [
        0.9996953010559082,
        -0.024669872596859932,
        0.0008856612257659435,
        -0.09996352344751358,
        0.02467012219130993,
        0.9996957182884216,
        -0.00027275076718069613,
        -0.8527718782424927,
        -0.0008786626276560128,
        0.0002945172309409827,
        0.9999995231628418,
        0.31089529395103455
    ],
    [
        0.9996522665023804,
        -0.026301870122551918,
        0.0019124767277389765,
        -0.10097372531890869,
        0.026299603283405304,
        0.9996533989906311,
        0.0012007169425487518,
        -0.8700098991394043,
        -0.0019433952402323484,
        -0.001150001771748066,
        0.9999973773956299,
        0.3188643753528595
    ],
    [
        0.9996179342269897,
        -0.027561066672205925,
        0.0021204682998359203,
        -0.10075949132442474,
        0.027558157220482826,
        0.99961918592453,
        0.0013906575040891767,
        -0.8813809752464294,
        -0.0021579887252300978,
        -0.0013316893018782139,
        0.9999967813491821,
        0.32448896765708923
    ],
    [
        0.9995743036270142,
        -0.029071522876620293,
        0.0024624571669846773,
        -0.1002797931432724,
        0.02906811237335205,
        0.9995763897895813,
        0.0014098291285336018,
        -0.8919976949691772,
        -0.002502399729564786,
        -0.0013376496499404311,
        0.9999959468841553,
        0.3301067650318146
    ],
    [
        0.9995177388191223,
        -0.03088058903813362,
        0.0032626416068524122,
        -0.10086088627576828,
        0.030873507261276245,
        0.9995209574699402,
        0.002198874717578292,
        -0.9073532819747925,
        -0.0033289811108261347,
        -0.002097084652632475,
        0.9999922513961792,
        0.3377598226070404
    ],
    [
        0.9994838237762451,
        -0.031960029155015945,
        0.0032784510403871536,
        -0.10155406594276428,
        0.03195091336965561,
        0.9994854927062988,
        0.0027954564429819584,
        -0.9192795157432556,
        -0.0033661064226180315,
        -0.002689263317734003,
        0.999990701675415,
        0.34363049268722534
    ],
    [
        0.9994560480117798,
        -0.03279288113117218,
        0.003511743387207389,
        -0.10181572288274765,
        0.032780881971120834,
        0.9994567036628723,
        0.0034207929857075214,
        -0.9316651821136475,
        -0.0036220126785337925,
        -0.0033038139808923006,
        0.9999879598617554,
        0.3493994176387787
    ],
    [
        0.9994261264801025,
        -0.033710744231939316,
        0.0032989419996738434,
        -0.10251562297344208,
        0.033701613545417786,
        0.9994280338287354,
        0.0027844496071338654,
        -0.946413516998291,
        -0.0033909212797880173,
        -0.0026716715656220913,
        0.999990701675415,
        0.3570122718811035
    ],
    [
        0.9994030594825745,
        -0.03437933325767517,
        0.003399360692128539,
        -0.10297546535730362,
        0.034368932247161865,
        0.9994045495986938,
        0.003072390565648675,
        -0.9588289856910706,
        -0.003502963110804558,
        -0.002953724004328251,
        0.9999895095825195,
        0.3628730773925781
    ],
    [
        0.9993855953216553,
        -0.0348932221531868,
        0.003305814927443862,
        -0.10346736758947372,
        0.034881725907325745,
        0.9993853569030762,
        0.0034750537015497684,
        -0.9745314121246338,
        -0.0034250393509864807,
        -0.003357606241479516,
        0.9999885559082031,
        0.3703400492668152
    ],
    [
        0.9993695616722107,
        -0.03533443063497543,
        0.0034447042271494865,
        -0.10418999940156937,
        0.035318344831466675,
        0.9993653893470764,
        0.004624105524271727,
        -0.9864338636398315,
        -0.0036059089470654726,
        -0.004499529488384724,
        0.9999833106994629,
        0.3762226402759552
    ],
    [
        0.9993547797203064,
        -0.03575608879327774,
        0.0033728082198649645,
        -0.10467816144227982,
        0.03573892265558243,
        0.999348521232605,
        0.005017319694161415,
        -0.998189389705658,
        -0.0035500105004757643,
        -0.004893534816801548,
        0.9999817609786987,
        0.3821624219417572
    ],
    [
        0.9993270635604858,
        -0.036553286015987396,
        0.003028429578989744,
        -0.10518014430999756,
        0.036536432802677155,
        0.9993175268173218,
        0.00544411176815629,
        -1.0132558345794678,
        -0.003225363092496991,
        -0.005329781677573919,
        0.9999805688858032,
        0.38973623514175415
    ],
    [
        0.9993042945861816,
        -0.03714033216238022,
        0.003410899778828025,
        -0.10528244078159332,
        0.03711942955851555,
        0.9992927312850952,
        0.00600022915750742,
        -1.0251168012619019,
        -0.003631338244304061,
        -0.005869430489838123,
        0.9999761581420898,
        0.3957403600215912
    ],
    [
        0.9992724657058716,
        -0.03794443979859352,
        0.003836116287857294,
        -0.1053960919380188,
        0.03792142868041992,
        0.999263346195221,
        0.00590111967176199,
        -1.0365126132965088,
        -0.004057205747812986,
        -0.00575134577229619,
        0.9999752640724182,
        0.40138185024261475
    ],
    [
        0.9992220997810364,
        -0.03919593617320061,
        0.004350441973656416,
        -0.10587627440690994,
        0.039169978350400925,
        0.9992151260375977,
        0.005899666342884302,
        -1.0523982048034668,
        -0.0045782714150846004,
        -0.005724667105823755,
        0.9999731779098511,
        0.4091166853904724
    ],
    [
        0.9991902709007263,
        -0.040003396570682526,
        0.0043108584359288216,
        -0.10613051056861877,
        0.03997631371021271,
        0.9991814494132996,
        0.006195503287017345,
        -1.0642974376678467,
        -0.004555170889943838,
        -0.0060181571170687675,
        0.9999715089797974,
        0.4150533080101013
    ],
    [
        0.9991564750671387,
        -0.04081280902028084,
        0.004548949189484119,
        -0.10664308071136475,
        0.04078013822436333,
        0.9991432428359985,
        0.007057297043502331,
        -1.080945611000061,
        -0.004833079408854246,
        -0.006865835748612881,
        0.9999647736549377,
        0.4227742552757263
    ]
]