[
    [
        0.9989420771598816,
        -0.0034460113383829594,
        -0.04585615545511246,
        -0.27784907817840576,
        0.003146989503875375,
        0.9999733567237854,
        -0.006591454613953829,
        0.01030581071972847,
        0.045877646654844284,
        0.006440171971917152,
        0.9989263415336609,
        0.16944576799869537
    ],
    [
        0.9980427622795105,
        -0.005244357045739889,
        -0.06231522187590599,
        -0.36261633038520813,
        0.004796681459993124,
        0.9999616742134094,
        -0.00733147980645299,
        0.0044175125658512115,
        0.0623512826859951,
        0.007018223870545626,
        0.9980296492576599,
        0.24723844230175018
    ],
    [
        0.9966757297515869,
        -0.00666490662842989,
        -0.08119780570268631,
        -0.4637009799480438,
        0.006146564614027739,
        0.9999591112136841,
        -0.006631988100707531,
        -0.008279424160718918,
        0.08123867958784103,
        0.006110853981226683,
        0.996675968170166,
        0.3464239835739136
    ],
    [
        0.9950346946716309,
        -0.007400350645184517,
        -0.09925322979688644,
        -0.5581251382827759,
        0.00683295913040638,
        0.9999582767486572,
        -0.006055319216102362,
        -0.018195321783423424,
        0.09929390996694565,
        0.005347059573978186,
        0.9950438737869263,
        0.44176238775253296
    ],
    [
        0.9933270215988159,
        -0.006153955589979887,
        -0.1151680201292038,
        -0.6491144299507141,
        0.005336666014045477,
        0.999958336353302,
        -0.0074034868739545345,
        -0.01676936075091362,
        0.11520878970623016,
        0.006739469710737467,
        0.9933184385299683,
        0.5285548567771912
    ],
    [
        0.9917743802070618,
        -0.004351872019469738,
        -0.127924382686615,
        -0.7249965667724609,
        0.003368678269907832,
        0.9999631643295288,
        -0.007901094853878021,
        -0.016156606376171112,
        0.12795405089855194,
        0.0074051665142178535,
        0.9917524456977844,
        0.6118378639221191
    ],
    [
        0.9899377226829529,
        -0.0014672678662464023,
        -0.1414954662322998,
        -0.8237240314483643,
        0.000490521255414933,
        0.999975860118866,
        -0.006937656085938215,
        -0.023046258836984634,
        0.14150221645832062,
        0.006798442453145981,
        0.9899145364761353,
        0.7234674096107483
    ],
    [
        0.988148033618927,
        0.0008721071062609553,
        -0.15350157022476196,
        -0.9199936985969543,
        -0.001399391796439886,
        0.9999934434890747,
        -0.0033270339481532574,
        -0.03964357450604439,
        0.15349768102169037,
        0.003502410836517811,
        0.9881427884101868,
        0.8304979801177979
    ],
    [
        0.9862922430038452,
        0.00530747277662158,
        -0.1649228036403656,
        -1.0078566074371338,
        -0.005523023195564747,
        0.9999844431877136,
        -0.0008484286954626441,
        -0.05375923216342926,
        0.16491571068763733,
        0.0017476712819188833,
        0.9863060712814331,
        0.9405335783958435
    ],
    [
        0.9844366312026978,
        0.009656143374741077,
        -0.1754743903875351,
        -1.0871776342391968,
        -0.009769704192876816,
        0.9999523162841797,
        0.00021670728165190667,
        -0.061726510524749756,
        0.1754680871963501,
        0.0015009987400844693,
        0.9844840168952942,
        1.0689107179641724
    ],
    [
        0.9820858240127563,
        0.015111236833035946,
        -0.18782730400562286,
        -1.1696053743362427,
        -0.015490514226257801,
        0.9998798966407776,
        -0.0005515306838788092,
        -0.05873262882232666,
        0.18779639899730682,
        0.0034511901903897524,
        0.982201874256134,
        1.2228971719741821
    ],
    [
        0.9798281788825989,
        0.017403585836291313,
        -0.1990824043750763,
        -1.2490934133529663,
        -0.01809859648346901,
        0.9998347759246826,
        -0.001671687001362443,
        -0.05091724917292595,
        0.1990204155445099,
        0.00524107925593853,
        0.9799813628196716,
        1.3876714706420898
    ],
    [
        0.9775717258453369,
        0.018408004194498062,
        -0.20979690551757812,
        -1.3277335166931152,
        -0.019277675077319145,
        0.9998119473457336,
        -0.0021009184420108795,
        -0.0477101132273674,
        0.2097187638282776,
        0.006098194047808647,
        0.9777427911758423,
        1.5546481609344482
    ],
    [
        0.9758733510971069,
        0.017895381897687912,
        -0.21760311722755432,
        -1.3884884119033813,
        -0.018935836851596832,
        0.9998170733451843,
        -0.00269698747433722,
        -0.046734169125556946,
        0.2175150066614151,
        0.006752416491508484,
        0.9760335087776184,
        1.6847202777862549
    ],
    [
        0.9740415811538696,
        0.017289096489548683,
        -0.2257079929113388,
        -1.45944344997406,
        -0.01895088702440262,
        0.9998069405555725,
        -0.005197838880121708,
        -0.04047437757253647,
        0.22557446360588074,
        0.009340277872979641,
        0.9741811156272888,
        1.8354378938674927
    ],
    [
        0.9726388454437256,
        0.01503552496433258,
        -0.23183520138263702,
        -1.5248634815216064,
        -0.01747649721801281,
        0.9998112916946411,
        -0.008478591218590736,
        -0.034297652542591095,
        0.2316640019416809,
        0.01229826733469963,
        0.9727180600166321,
        1.9824564456939697
    ],
    [
        0.97175532579422,
        0.011980743147432804,
        -0.23568683862686157,
        -1.587656021118164,
        -0.015035366639494896,
        0.9998246431350708,
        -0.011167606338858604,
        -0.03622055798768997,
        0.23551152646541595,
        0.014395814388990402,
        0.9717649817466736,
        2.1278305053710938
    ],
    [
        0.9717205166816711,
        0.009047024883329868,
        -0.23596060276031494,
        -1.6340848207473755,
        -0.012384064495563507,
        0.9998430609703064,
        -0.01266416721045971,
        -0.04137389734387398,
        0.23580892384052277,
        0.01522817648947239,
        0.9716801643371582,
        2.2319729328155518
    ],
    [
        0.972322404384613,
        0.005564367398619652,
        -0.23357707262039185,
        -1.6810476779937744,
        -0.009358280338346958,
        0.9998416900634766,
        -0.015137538313865662,
        -0.04248129576444626,
        0.23345568776130676,
        0.016904445365071297,
        0.9722205996513367,
        2.355010509490967
    ],
    [
        0.9737114906311035,
        0.002166077494621277,
        -0.22777466475963593,
        -1.725615382194519,
        -0.0062080561183393,
        0.999835729598999,
        -0.017030581831932068,
        -0.044066570699214935,
        0.22770027816295624,
        0.017996909096837044,
        0.9735648036003113,
        2.489125967025757
    ],
    [
        0.9762275815010071,
        -0.001321398071013391,
        -0.21674419939517975,
        -1.781854271888733,
        -0.002802732167765498,
        0.99982088804245,
        -0.01871914602816105,
        -0.04618315026164055,
        0.2167300581932068,
        0.018881620839238167,
        0.9760488271713257,
        2.642122983932495
    ],
    [
        0.9788463115692139,
        -0.004276392050087452,
        -0.20455199480056763,
        -1.829043984413147,
        0.0002924668078776449,
        0.9998098015785217,
        -0.019502611830830574,
        -0.046821996569633484,
        0.20459656417369843,
        0.01903023198246956,
        0.9786614179611206,
        2.7735953330993652
    ],
    [
        0.9820337891578674,
        -0.00551242521032691,
        -0.18862482905387878,
        -1.8792002201080322,
        0.0021878485567867756,
        0.999838650226593,
        -0.0178290456533432,
        -0.05989593267440796,
        0.1886923909187317,
        0.01709604077041149,
        0.9818874001502991,
        2.939779758453369
    ],
    [
        0.9848635792732239,
        -0.005953016225248575,
        -0.17322887480258942,
        -1.911166787147522,
        0.003199320752173662,
        0.9998641014099121,
        -0.016171127557754517,
        -0.06989137083292007,
        0.1733018308877945,
        0.015372141264379025,
        0.9847486615180969,
        3.1050312519073486
    ],
    [
        0.9874792695045471,
        -0.005965340882539749,
        -0.15763594210147858,
        -1.92926025390625,
        0.003435172140598297,
        0.999860942363739,
        -0.016318291425704956,
        -0.07263905555009842,
        0.15771141648292542,
        0.01557246781885624,
        0.9873625636100769,
        3.253432512283325
    ]
]