[
    [
        0.9999133348464966,
        0.0032239684369415045,
        -0.012763811275362968,
        -0.12158168852329254,
        -0.0029930914752185345,
        0.9998323321342468,
        0.01806632988154888,
        -0.021157383918762207,
        0.012819916009902954,
        -0.0180265624076128,
        0.999755322933197,
        -0.002998469164595008
    ],
    [
        0.9998999238014221,
        0.0037657266948372126,
        -0.013637720607221127,
        -0.16133776307106018,
        -0.003546331776306033,
        0.9998645186424255,
        0.016076015308499336,
        -0.01819305121898651,
        0.01369640976190567,
        -0.01602604053914547,
        0.9997778534889221,
        -0.0008957444806583226
    ],
    [
        0.9998629689216614,
        0.0045632789842784405,
        -0.015910085290670395,
        -0.20000344514846802,
        -0.004346269182860851,
        0.9998974204063416,
        0.013647733256220818,
        -0.014774605631828308,
        0.015970731154084206,
        -0.01357671245932579,
        0.9997802376747131,
        0.0012856171233579516
    ],
    [
        0.999847412109375,
        0.0049027991481125355,
        -0.016768649220466614,
        -0.23889091610908508,
        -0.004689654801040888,
        0.9999080300331116,
        0.012726638466119766,
        -0.013588120229542255,
        0.01682950183749199,
        -0.012646056711673737,
        0.9997783303260803,
        0.002042305190116167
    ],
    [
        0.9998306035995483,
        0.005314533598721027,
        -0.017624352127313614,
        -0.27799683809280396,
        -0.005115513689815998,
        0.9999228715896606,
        0.011318224482238293,
        -0.011124802753329277,
        0.01768314465880394,
        -0.011226149275898933,
        0.9997807145118713,
        0.0029645857866853476
    ],
    [
        0.999800443649292,
        0.0057691303081810474,
        -0.01912427879869938,
        -0.3149430453777313,
        -0.005560908000916243,
        0.999924898147583,
        0.010923152789473534,
        -0.010510093532502651,
        0.019185861572623253,
        -0.010814624838531017,
        0.9997574687004089,
        0.003549720626324415
    ],
    [
        0.9997760057449341,
        0.006353117059916258,
        -0.02019081823527813,
        -0.36268478631973267,
        -0.006170977372676134,
        0.9999398589134216,
        0.009070462547242641,
        -0.007596991024911404,
        0.02024722844362259,
        -0.008943833410739899,
        0.9997549653053284,
        0.004903881344944239
    ],
    [
        0.9997491240501404,
        0.006734949070960283,
        -0.021365037187933922,
        -0.39109617471694946,
        -0.0065292674116790295,
        0.999931812286377,
        0.00968222226947546,
        -0.008005263283848763,
        0.02142878994345665,
        -0.009540296159684658,
        0.9997249245643616,
        0.004448810126632452
    ],
    [
        0.9997175931930542,
        0.007206332869827747,
        -0.02264665998518467,
        -0.4093247056007385,
        -0.006991674657911062,
        0.9999299645423889,
        0.00954351108521223,
        -0.007251473609358072,
        0.02271384932100773,
        -0.009382477030158043,
        0.9996979236602783,
        0.004632524214684963
    ],
    [
        0.9996707439422607,
        0.007840740494430065,
        -0.02443271316587925,
        -0.4259140193462372,
        -0.007631161715835333,
        0.9999334216117859,
        0.008659224025905132,
        -0.005458465311676264,
        0.02449897862970829,
        -0.008469924330711365,
        0.9996639490127563,
        0.005176142323762178
    ],
    [
        0.9996286630630493,
        0.008399936370551586,
        -0.025924792513251305,
        -0.44883865118026733,
        -0.00819810014218092,
        0.9999353885650635,
        0.007881916128098965,
        -0.0039503141306340694,
        0.02598932385444641,
        -0.007666454184800386,
        0.9996328353881836,
        0.005575201008468866
    ],
    [
        0.9995662569999695,
        0.009170380420982838,
        -0.027985937893390656,
        -0.4747374355792999,
        -0.00896245427429676,
        0.9999313354492188,
        0.007546067237854004,
        -0.003070143284276128,
        0.028053216636180878,
        -0.007291971240192652,
        0.9995798468589783,
        0.006362835876643658
    ],
    [
        0.9995041489601135,
        0.009721419773995876,
        -0.029949864372611046,
        -0.5095207691192627,
        -0.009514817036688328,
        0.9999300241470337,
        0.007033124566078186,
        -0.0014187906635925174,
        0.03001614287495613,
        -0.006744669750332832,
        0.9995267391204834,
        0.0065319431014359
    ],
    [
        0.999435544013977,
        0.010564393363893032,
        -0.03188919275999069,
        -0.5400665998458862,
        -0.010341059416532516,
        0.9999209642410278,
        0.0071602738462388515,
        -0.0010578326182439923,
        0.031962309032678604,
        -0.006826464086771011,
        0.9994658827781677,
        0.0063113137148320675
    ],
    [
        0.9993634223937988,
        0.011160950176417828,
        -0.03388606756925583,
        -0.5704746246337891,
        -0.010929073207080364,
        0.9999156594276428,
        0.007020317949354649,
        -0.0001825561630539596,
        0.03396156430244446,
        -0.006645505782216787,
        0.9994010925292969,
        0.00599047914147377
    ],
    [
        0.9992998838424683,
        0.011624852195382118,
        -0.03556312993168831,
        -0.605545699596405,
        -0.011450611054897308,
        0.9999215006828308,
        0.005099250935018063,
        0.0031902873888611794,
        0.03561960905790329,
        -0.004688461311161518,
        0.9993544220924377,
        0.006219314411282539
    ],
    [
        0.999201774597168,
        0.012616659514605999,
        -0.03790034353733063,
        -0.6426690816879272,
        -0.012455403804779053,
        0.9999123811721802,
        0.0044878521002829075,
        0.004701725207269192,
        0.03795364126563072,
        -0.004012206103652716,
        0.9992714524269104,
        0.006245863623917103
    ],
    [
        0.9990999102592468,
        0.013323147781193256,
        -0.04027317836880684,
        -0.6820376515388489,
        -0.013145118951797485,
        0.999902606010437,
        0.0046821353025734425,
        0.005525495391339064,
        0.0403316356241703,
        -0.004148524720221758,
        0.9991777539253235,
        0.0055742422118783
    ],
    [
        0.9989761114120483,
        0.014300444163382053,
        -0.04292038083076477,
        -0.7337197065353394,
        -0.014074835926294327,
        0.9998854994773865,
        0.0055540320463478565,
        0.0060354541055858135,
        0.04299489036202431,
        -0.004944248124957085,
        0.9990630745887756,
        0.003731877775862813
    ],
    [
        0.9988797903060913,
        0.01496044173836708,
        -0.04489186033606529,
        -0.7752629518508911,
        -0.014761267229914665,
        0.9998795986175537,
        0.004765002988278866,
        0.008498656563460827,
        0.04495774954557419,
        -0.004097004421055317,
        0.9989804625511169,
        0.002776621375232935
    ],
    [
        0.9987319111824036,
        0.01619560830295086,
        -0.047668103128671646,
        -0.8148834705352783,
        -0.015950772911310196,
        0.9998576045036316,
        0.005512136500328779,
        0.008448787964880466,
        0.04775059223175049,
        -0.004744803532958031,
        0.9988479614257812,
        0.001219733152538538
    ],
    [
        0.9986597299575806,
        0.01671590842306614,
        -0.04898267239332199,
        -0.8562830090522766,
        -0.016512669622898102,
        0.999853253364563,
        0.004550935234874487,
        0.011125795543193817,
        0.04905156046152115,
        -0.0037360002752393484,
        0.9987892508506775,
        -0.0005513188079930842
    ],
    [
        0.9985544085502625,
        0.017312563955783844,
        -0.0508858896791935,
        -0.8945109248161316,
        -0.017084769904613495,
        0.9998420476913452,
        0.004908185917884111,
        0.012134242802858353,
        0.050962820649147034,
        -0.00403171731159091,
        0.9986924529075623,
        -0.002351916627958417
    ],
    [
        0.9983802437782288,
        0.018513331189751625,
        -0.05379664897918701,
        -0.9359285235404968,
        -0.018216727301478386,
        0.9998160004615784,
        0.005998633336275816,
        0.012211042456328869,
        0.053897809237241745,
        -0.005008917301893234,
        0.9985338449478149,
        -0.0044865794479846954
    ],
    [
        0.9982019662857056,
        0.01958889327943325,
        -0.056649189442396164,
        -0.9860787987709045,
        -0.019274992868304253,
        0.99979567527771,
        0.006082262843847275,
        0.014040499925613403,
        0.05675675719976425,
        -0.004979413468390703,
        0.998375654220581,
        -0.006693180650472641
    ]
]