[
    [
        0.9593152403831482,
        0.021587684750556946,
        -0.2815106213092804,
        -0.017032956704497337,
        -0.022678423672914505,
        0.9997426271438599,
        -0.0006167702376842499,
        0.028640642762184143,
        0.281424880027771,
        0.006975894793868065,
        0.9595579504966736,
        0.2684026062488556
    ],
    [
        0.9484935998916626,
        0.023835178464651108,
        -0.3158983290195465,
        -0.018076911568641663,
        -0.02530609630048275,
        0.9996795654296875,
        -0.0005543840234167874,
        0.02853241004049778,
        0.31578391790390015,
        0.008519983850419521,
        0.9487928748130798,
        0.29635944962501526
    ],
    [
        0.9361507296562195,
        0.02608357183635235,
        -0.35063013434410095,
        -0.018781179562211037,
        -0.028432033956050873,
        0.9995945692062378,
        -0.0015505581395700574,
        0.029857169836759567,
        0.35044750571250916,
        0.01142068300396204,
        0.9365127682685852,
        0.3223665654659271
    ],
    [
        0.922400176525116,
        0.029088219627738,
        -0.38513877987861633,
        -0.021420884877443314,
        -0.03217054158449173,
        0.999481201171875,
        -0.0015604427317157388,
        0.03188895061612129,
        0.3848935663700104,
        0.01382947713136673,
        0.9228573441505432,
        0.3457238972187042
    ],
    [
        0.9074104428291321,
        0.031526144593954086,
        -0.41906145215034485,
        -0.024305440485477448,
        -0.03482665866613388,
        0.9993933439254761,
        -0.00022682067356072366,
        0.03093252331018448,
        0.41880002617836,
        0.014800328761339188,
        0.9079578518867493,
        0.36873358488082886
    ],
    [
        0.8915801048278809,
        0.03373188525438309,
        -0.4516051411628723,
        -0.0261679794639349,
        -0.03726351633667946,
        0.999305009841919,
        0.0010740038705989718,
        0.027611810714006424,
        0.4513274133205414,
        0.0158708356320858,
        0.8922172784805298,
        0.388834685087204
    ],
    [
        0.8751206398010254,
        0.03506859019398689,
        -0.48263242840766907,
        -0.028288593515753746,
        -0.038893990218639374,
        0.9992411732673645,
        0.002082435181364417,
        0.02591535449028015,
        0.48233920335769653,
        0.016949119046330452,
        0.875820517539978,
        0.4056597054004669
    ],
    [
        0.8585785627365112,
        0.03643864765763283,
        -0.5113855004310608,
        -0.03126843273639679,
        -0.040233492851257324,
        0.9991835951805115,
        0.0036475250963121653,
        0.022869626060128212,
        0.5111010074615479,
        0.017443139106035233,
        0.8593437075614929,
        0.42126524448394775
    ],
    [
        0.8337095379829407,
        0.03881236910820007,
        -0.5508377552032471,
        -0.03352240473031998,
        -0.043003953993320465,
        0.999060869216919,
        0.005306674633175135,
        0.018148129805922508,
        0.5505263209342957,
        0.019263973459601402,
        0.8345955014228821,
        0.44603633880615234
    ],
    [
        0.8177995085716248,
        0.04026954993605614,
        -0.5740926265716553,
        -0.03523901477456093,
        -0.044445838779211044,
        0.9989888668060303,
        0.006760322488844395,
        0.015145339071750641,
        0.5737844109535217,
        0.01998743787407875,
        0.8187625408172607,
        0.46064499020576477
    ],
    [
        0.8007529377937317,
        0.04080899432301521,
        -0.5976030230522156,
        -0.035189345479011536,
        -0.045596495270729065,
        0.9989345669746399,
        0.007118409499526024,
        0.013761098496615887,
        0.5972567200660706,
        0.021548515185713768,
        0.8017605543136597,
        0.4770618975162506
    ],
    [
        0.7837317585945129,
        0.04202404245734215,
        -0.6196761727333069,
        -0.03381084278225899,
        -0.04687628895044327,
        0.998865008354187,
        0.008452650159597397,
        0.009404333308339119,
        0.6193280220031738,
        0.022423507645726204,
        0.7848120331764221,
        0.4935174882411957
    ],
    [
        0.7657557129859924,
        0.043963801115751266,
        -0.6416270136833191,
        -0.03142065182328224,
        -0.04848457872867584,
        0.9987679719924927,
        0.010570459999144077,
        0.0011115848319604993,
        0.6413013339042664,
        0.023014623671770096,
        0.7669439315795898,
        0.5092210173606873
    ],
    [
        0.7473334074020386,
        0.04520614445209503,
        -0.6629096269607544,
        -0.027884868904948235,
        -0.049665018916130066,
        0.9986924529075623,
        0.012114327400922775,
        -0.007598196156322956,
        0.662590503692627,
        0.02386997640132904,
        0.7486013770103455,
        0.5233909487724304
    ],
    [
        0.7268880605697632,
        0.046309132128953934,
        -0.6851928234100342,
        -0.02105557732284069,
        -0.05102569982409477,
        0.998607873916626,
        0.013360760174691677,
        -0.015551365911960602,
        0.6848577260971069,
        0.025250665843486786,
        0.7282391786575317,
        0.5395219922065735
    ],
    [
        0.7069290280342102,
        0.04762125760316849,
        -0.7056795358657837,
        -0.01542756799608469,
        -0.052544005215168,
        0.9985097050666809,
        0.014745231717824936,
        -0.026247315108776093,
        0.7053300142288208,
        0.026655396446585655,
        0.7083777189254761,
        0.5532146096229553
    ],
    [
        0.6758407354354858,
        0.04894588515162468,
        -0.7354206442832947,
        -0.006961810402572155,
        -0.053865231573581696,
        0.9984043836593628,
        0.016947392374277115,
        -0.0412171334028244,
        0.7350768446922302,
        0.028159858658909798,
        0.6773988008499146,
        0.5719073414802551
    ],
    [
        0.6552846431732178,
        0.04973967745900154,
        -0.7537426352500916,
        -0.00434558792039752,
        -0.05474710837006569,
        0.9983329176902771,
        0.01828450709581375,
        -0.051427628844976425,
        0.7533954977989197,
        0.029283668845891953,
        0.6569153666496277,
        0.5836012959480286
    ],
    [
        0.6356037855148315,
        0.04968871548771858,
        -0.7704146504402161,
        -0.0019631560426205397,
        -0.05524454638361931,
        0.9982956647872925,
        0.018808558583259583,
        -0.06166588515043259,
        0.7700362801551819,
        0.03060641698539257,
        0.6372656226158142,
        0.5945817232131958
    ],
    [
        0.6171308755874634,
        0.05128883570432663,
        -0.785187304019928,
        -0.0040062060579657555,
        -0.05634905770421028,
        0.9981920123100281,
        0.020913951098918915,
        -0.07658329606056213,
        0.7848403453826904,
        0.0313379131257534,
        0.6189051866531372,
        0.602761447429657
    ],
    [
        0.6004148721694946,
        0.05314997583627701,
        -0.7979204058647156,
        -0.006754180882126093,
        -0.05769242346286774,
        0.9980678558349609,
        0.02306983806192875,
        -0.09379532188177109,
        0.7976049184799194,
        0.03218249976634979,
        0.6023210883140564,
        0.6104961633682251
    ],
    [
        0.5845867991447449,
        0.054519832134246826,
        -0.8094972372055054,
        -0.00982979778200388,
        -0.05840533599257469,
        0.997978925704956,
        0.025036098435521126,
        -0.11105407774448395,
        0.8092262148857117,
        0.03264318034052849,
        0.5865896344184875,
        0.6182201504707336
    ],
    [
        0.5702289342880249,
        0.05573349818587303,
        -0.8195930123329163,
        -0.015273092314600945,
        -0.059383325278759,
        0.9978823065757751,
        0.02654169127345085,
        -0.12897256016731262,
        0.8193366527557373,
        0.033535320311784744,
        0.5723310708999634,
        0.6250742077827454
    ],
    [
        0.5566691160202026,
        0.05666092783212662,
        -0.8287997245788574,
        -0.020646844059228897,
        -0.06018416956067085,
        0.997800350189209,
        0.027791541069746017,
        -0.14635106921195984,
        0.8285512924194336,
        0.03440992906689644,
        0.5588546991348267,
        0.6310091018676758
    ],
    [
        0.537106454372406,
        0.05875387787818909,
        -0.8414658308029175,
        -0.02732178382575512,
        -0.061704643070697784,
        0.9976353049278259,
        0.030272161588072777,
        -0.1726474016904831,
        0.8412545919418335,
        0.035662971436977386,
        0.5394616723060608,
        0.6355705261230469
    ]
]