[
    [
        0.9999691843986511,
        -0.007734214887022972,
        -0.0013117740163579583,
        0.490065336227417,
        0.007739688269793987,
        0.9999611973762512,
        0.0042198230512440205,
        0.1001901850104332,
        0.0012790861073881388,
        -0.0042298464104533195,
        0.9999902248382568,
        0.17904172837734222
    ],
    [
        0.9999698996543884,
        -0.007641461677849293,
        -0.0013573610922321677,
        0.4777899384498596,
        0.007647104561328888,
        0.9999619126319885,
        0.004202261567115784,
        0.10004840046167374,
        0.001325197983533144,
        -0.0042125154286623,
        0.9999902248382568,
        0.17590884864330292
    ],
    [
        0.9999691247940063,
        -0.007747155148535967,
        -0.0013015103759244084,
        0.4549424946308136,
        0.00775257870554924,
        0.9999610781669617,
        0.004214544780552387,
        0.09935428202152252,
        0.0012688084971159697,
        -0.0042245048098266125,
        0.9999902248382568,
        0.16758935153484344
    ],
    [
        0.9999666810035706,
        -0.008080970495939255,
        -0.0011794567108154297,
        0.4300132095813751,
        0.008086083456873894,
        0.9999576210975647,
        0.004397459328174591,
        0.09888862818479538,
        0.0011438712244853377,
        -0.004406849388033152,
        0.9999896287918091,
        0.1613527536392212
    ],
    [
        0.9999621510505676,
        -0.008635804988443851,
        -0.0009905038168653846,
        0.4172302186489105,
        0.008640332147479057,
        0.9999518990516663,
        0.004662450402975082,
        0.09912222623825073,
        0.0009501913446001709,
        -0.004670831374824047,
        0.9999886751174927,
        0.15743574500083923
    ],
    [
        0.9999634027481079,
        -0.008487005718052387,
        -0.0010483288206160069,
        0.3915783762931824,
        0.008491752669215202,
        0.9999533295631409,
        0.004608328454196453,
        0.09875617921352386,
        0.0010091692674905062,
        -0.004617062397301197,
        0.9999887943267822,
        0.15226101875305176
    ],
    [
        0.9999603033065796,
        -0.008864659816026688,
        -0.000934935174882412,
        0.36477553844451904,
        0.008869039826095104,
        0.9999490976333618,
        0.004789653699845076,
        0.09925796836614609,
        0.0008924289140850306,
        -0.004797755740582943,
        0.9999880790710449,
        0.14678826928138733
    ],
    [
        0.9999573230743408,
        -0.009207936935126781,
        -0.0008109767804853618,
        0.35101667046546936,
        0.009211856871843338,
        0.9999452233314514,
        0.0049691046588122845,
        0.09921833127737045,
        0.0007651774794794619,
        -0.00497636292129755,
        0.9999873638153076,
        0.14536526799201965
    ],
    [
        0.99995356798172,
        -0.009623130783438683,
        -0.0006736064096912742,
        0.32289835810661316,
        0.009626501239836216,
        0.9999402165412903,
        0.005194059573113918,
        0.09947529435157776,
        0.000623583619017154,
        -0.005200302228331566,
        0.9999862909317017,
        0.14070217311382294
    ],
    [
        0.9999688267707825,
        -0.007818476296961308,
        -0.001197027275338769,
        0.29657435417175293,
        0.007823607884347439,
        0.9999600052833557,
        0.004343847744166851,
        0.09996651113033295,
        0.0011630168883129954,
        -0.004353076219558716,
        0.9999898672103882,
        0.13849008083343506
    ],
    [
        0.9999735355377197,
        -0.007112465798854828,
        -0.0015248387353494763,
        0.2702977657318115,
        0.0071183000691235065,
        0.9999672174453735,
        0.0038562878035008907,
        0.10273987054824829,
        0.0014973614597693086,
        -0.0038670392241328955,
        0.9999914169311523,
        0.1242048367857933
    ],
    [
        0.9999747276306152,
        -0.006925331428647041,
        -0.0015987759688869119,
        0.25622063875198364,
        0.006931260693818331,
        0.999968945980072,
        0.003733306657522917,
        0.10334312915802002,
        0.0015728720463812351,
        -0.0037442941684275866,
        0.999991774559021,
        0.1250164657831192
    ],
    [
        0.9999678134918213,
        -0.007929889485239983,
        -0.001237381249666214,
        0.22545801103115082,
        0.00793514959514141,
        0.9999592304229736,
        0.00430696178227663,
        0.10481411218643188,
        0.0012031778460368514,
        -0.004316641483455896,
        0.9999899864196777,
        0.12345815449953079
    ],
    [
        0.9999600052833557,
        -0.008894925005733967,
        -0.0008942813728936017,
        0.19518396258354187,
        0.008899100124835968,
        0.9999489784240723,
        0.004779552575200796,
        0.10646749287843704,
        0.0008517216192558408,
        -0.004787320736795664,
        0.9999881982803345,
        0.12101392447948456
    ],
    [
        0.9999569654464722,
        -0.009249006398022175,
        -0.0007906280807219446,
        0.1803966462612152,
        0.009252828545868397,
        0.999944806098938,
        0.004976905882358551,
        0.10724445432424545,
        0.0007445529918186367,
        -0.004984006751328707,
        0.9999872446060181,
        0.12150898575782776
    ],
    [
        0.9999546408653259,
        -0.009512335062026978,
        -0.0006853960803709924,
        0.1509363204240799,
        0.009515726938843727,
        0.9999415874481201,
        0.005127128679305315,
        0.10904613137245178,
        0.0006365850567817688,
        -0.005133418366312981,
        0.9999866485595703,
        0.11895464360713959
    ],
    [
        0.9999628663063049,
        -0.008555821143090725,
        -0.0009928613435477018,
        0.12150196731090546,
        0.008560325019061565,
        0.9999527335166931,
        0.00462369155138731,
        0.11206665635108948,
        0.0009532554540783167,
        -0.004632019437849522,
        0.9999887943267822,
        0.11723437160253525
    ],
    [
        0.9999591112136841,
        -0.00901251845061779,
        -0.0008473884081467986,
        0.09140968322753906,
        0.009016542695462704,
        0.9999474883079529,
        0.004871208220720291,
        0.11303636431694031,
        0.0008034417405724525,
        -0.004878649953752756,
        0.9999878406524658,
        0.11368291825056076
    ],
    [
        0.9999566674232483,
        -0.009276173077523708,
        -0.0007973799365572631,
        0.07570844888687134,
        0.009280038997530937,
        0.9999444484710693,
        0.004990377463400364,
        0.11409541964530945,
        0.0007510441355407238,
        -0.0049975598230957985,
        0.9999872446060181,
        0.11082039028406143
    ],
    [
        0.9999561905860901,
        -0.009328498505055904,
        -0.0007281951839104295,
        0.045937031507492065,
        0.009332063607871532,
        0.9999436736106873,
        0.005055917892605066,
        0.11504678428173065,
        0.0006809898768551648,
        -0.00506249163299799,
        0.999987006187439,
        0.10642028599977493
    ],
    [
        0.9999569058418274,
        -0.009264982305467129,
        -0.0007638615788891912,
        0.015693286433815956,
        0.0092686852440238,
        0.9999446272850037,
        0.004996035248041153,
        0.11680994927883148,
        0.0007175315404310822,
        -0.005002899095416069,
        0.9999872446060181,
        0.10242568701505661
    ],
    [
        0.9999627470970154,
        -0.00858781486749649,
        -0.0009838180849328637,
        0.002194187371060252,
        0.008592294529080391,
        0.9999522566795349,
        0.004644742235541344,
        0.11692532896995544,
        0.0009438838460482657,
        -0.004653021227568388,
        0.9999886751174927,
        0.09728537499904633
    ],
    [
        0.9999542832374573,
        -0.009537508711218834,
        -0.0006296391366049647,
        -0.029795290902256966,
        0.009540660306811333,
        0.9999408721923828,
        0.005208377260714769,
        0.11716751754283905,
        0.0005799268838018179,
        -0.005214145872741938,
        0.9999862909317017,
        0.0977536290884018
    ],
    [
        0.9999688267707825,
        -0.007812009193003178,
        -0.0012392457574605942,
        -0.05420401319861412,
        0.007817159406840801,
        0.9999605417251587,
        0.004206834360957146,
        0.12061157077550888,
        0.0012063333997502923,
        -0.0042163897305727005,
        0.9999903440475464,
        0.0843086838722229
    ],
    [
        0.999974250793457,
        -0.007046873681247234,
        -0.001413945690728724,
        -0.08287008106708527,
        0.007052336819469929,
        0.999967634677887,
        0.0038968664593994617,
        0.12147730588912964,
        0.0013864395441487432,
        -0.003906737081706524,
        0.9999914169311523,
        0.07997468113899231
    ]
]