[
    [
        0.9994766712188721,
        -0.016766715794801712,
        -0.02766496129333973,
        0.029837530106306076,
        0.01651202142238617,
        0.9998193383216858,
        -0.00940931960940361,
        0.020433148369193077,
        0.027817726135253906,
        0.008947590366005898,
        0.9995729327201843,
        -0.3611179292201996
    ],
    [
        0.9992330074310303,
        -0.021819651126861572,
        -0.03251614794135094,
        0.03865104168653488,
        0.021484632045030594,
        0.9997128844261169,
        -0.0106172114610672,
        0.021625397726893425,
        0.03273847699165344,
        0.009910470806062222,
        0.9994148015975952,
        -0.42716118693351746
    ],
    [
        0.9989332556724548,
        -0.02686219848692417,
        -0.03756008669734001,
        0.0485406257212162,
        0.02652559243142605,
        0.9996036291122437,
        -0.009431636892259121,
        0.019801605492830276,
        0.037798553705215454,
        0.008425273001194,
        0.9992497563362122,
        -0.5053374171257019
    ],
    [
        0.9987423419952393,
        -0.028885120525956154,
        -0.040981411933898926,
        0.05586179718375206,
        0.02857089973986149,
        0.9995577931404114,
        -0.008232632651925087,
        0.020286517217755318,
        0.041201092302799225,
        0.007051403168588877,
        0.9991260170936584,
        -0.5704936981201172
    ],
    [
        0.9983052015304565,
        -0.03137596696615219,
        -0.0490129329264164,
        0.06865587830543518,
        0.03095911256968975,
        0.9994778633117676,
        -0.009241241961717606,
        0.02482219971716404,
        0.049277301877737045,
        0.0077081830240786076,
        0.9987554550170898,
        -0.658356249332428
    ],
    [
        0.9977951645851135,
        -0.03355778753757477,
        -0.057260483503341675,
        0.07977307587862015,
        0.0330851674079895,
        0.9994103908538818,
        -0.009182288311421871,
        0.025959277525544167,
        0.057534851133823395,
        0.007267568726092577,
        0.9983170032501221,
        -0.7248179316520691
    ],
    [
        0.9970635771751404,
        -0.03513302281498909,
        -0.06804414093494415,
        0.08977598696947098,
        0.034809961915016174,
        0.9993763566017151,
        -0.005928056314587593,
        0.02308402769267559,
        0.06820997595787048,
        0.0035420353524386883,
        0.9976646900177002,
        -0.8036726713180542
    ],
    [
        0.9963777661323547,
        -0.03467084839940071,
        -0.07764774560928345,
        0.09698043763637543,
        0.03463190048933029,
        0.9993984699249268,
        -0.0018485328182578087,
        0.021847223863005638,
        0.07766512781381607,
        -0.0008472516783513129,
        0.9969791173934937,
        -0.8667579293251038
    ],
    [
        0.9952071309089661,
        -0.032880499958992004,
        -0.09209572523832321,
        0.11127746850252151,
        0.03324747458100319,
        0.9994441270828247,
        0.0024528636131435633,
        0.02603633888065815,
        0.09196388721466064,
        -0.005503057036548853,
        0.9957471489906311,
        -0.9504782557487488
    ],
    [
        0.9939469695091248,
        -0.030785253271460533,
        -0.105459064245224,
        0.12749990820884705,
        0.03168325498700142,
        0.9994745254516602,
        0.006850048433989286,
        0.02922750450670719,
        0.10519275069236755,
        -0.010149870999157429,
        0.9944000840187073,
        -1.0177358388900757
    ],
    [
        0.9919634461402893,
        -0.027449848130345345,
        -0.12351094186306,
        0.15226195752620697,
        0.02954529970884323,
        0.9994483590126038,
        0.015165857970714569,
        0.02846357226371765,
        0.12302651256322861,
        -0.018693147227168083,
        0.99222731590271,
        -1.0953353643417358
    ],
    [
        0.9896053075790405,
        -0.02498359978199005,
        -0.14162349700927734,
        0.17400111258029938,
        0.028283825144171715,
        0.9993721842765808,
        0.021337630227208138,
        0.029630761593580246,
        0.14100147783756256,
        -0.025121483951807022,
        0.9896906614303589,
        -1.1509145498275757
    ],
    [
        0.9856204390525818,
        -0.022158069536089897,
        -0.16751551628112793,
        0.19995729625225067,
        0.027224363759160042,
        0.9992370009422302,
        0.02800772525370121,
        0.034696463495492935,
        0.16676709055900574,
        -0.032165490090847015,
        0.9854716062545776,
        -1.2158360481262207
    ],
    [
        0.9811599850654602,
        -0.02034749649465084,
        -0.192122682929039,
        0.2231186032295227,
        0.026957152411341667,
        0.999129056930542,
        0.03185207396745682,
        0.03850936144590378,
        0.19130723178386688,
        -0.03643105924129486,
        0.980853796005249,
        -1.2669843435287476
    ],
    [
        0.9737275838851929,
        -0.01741703785955906,
        -0.22704893350601196,
        0.24814672768115997,
        0.025992246344685555,
        0.999055027961731,
        0.03483296558260918,
        0.04276241734623909,
        0.22622770071029663,
        -0.03981932997703552,
        0.973260223865509,
        -1.3272514343261719
    ],
    [
        0.9662267565727234,
        -0.014363368973135948,
        -0.25729289650917053,
        0.2606654465198517,
        0.024760087952017784,
        0.9990005493164062,
        0.037213802337646484,
        0.0451250784099102,
        0.2565011978149414,
        -0.04232756420969963,
        0.9656167030334473,
        -1.370360016822815
    ],
    [
        0.9549732208251953,
        -0.010893878526985645,
        -0.29649198055267334,
        0.2733488082885742,
        0.02393227443099022,
        0.9988977313041687,
        0.04038156569004059,
        0.048056043684482574,
        0.2957252264022827,
        -0.04565904289484024,
        0.9541812539100647,
        -1.4202888011932373
    ],
    [
        0.9448917508125305,
        -0.00809838529676199,
        -0.32728278636932373,
        0.2803087830543518,
        0.023112930357456207,
        0.9988497495651245,
        0.04201304912567139,
        0.050525516271591187,
        0.32656607031822205,
        -0.047262243926525116,
        0.9439919590950012,
        -1.4616509675979614
    ],
    [
        0.9308893084526062,
        -0.00405502412468195,
        -0.36527907848358154,
        0.2873288094997406,
        0.02092496119439602,
        0.9988884329795837,
        0.04223702847957611,
        0.05160170793533325,
        0.3647018373012543,
        -0.04696144536137581,
        0.929939329624176,
        -1.5208619832992554
    ],
    [
        0.9179083108901978,
        -0.00039213348645716906,
        -0.3967922329902649,
        0.28755223751068115,
        0.01822001114487648,
        0.9989863634109497,
        0.041161514818668365,
        0.05104978382587433,
        0.3963738679885864,
        -0.045012060552835464,
        0.9169850945472717,
        -1.5669124126434326
    ],
    [
        0.8988511562347412,
        0.0036005727015435696,
        -0.4382390081882477,
        0.28038662672042847,
        0.01454648096114397,
        0.999170184135437,
        0.03804478049278259,
        0.0504559725522995,
        0.43801236152648926,
        -0.040571436285972595,
        0.898052990436554,
        -1.623910665512085
    ],
    [
        0.8799171447753906,
        0.004841880407184362,
        -0.4751025140285492,
        0.27240899205207825,
        0.013007921166718006,
        0.9993277192115784,
        0.03427579998970032,
        0.04868423193693161,
        0.47494906187057495,
        -0.036339957267045975,
        0.8792626261711121,
        -1.6640695333480835
    ],
    [
        0.8527666330337524,
        0.006536960601806641,
        -0.5222512483596802,
        0.25660833716392517,
        0.00943912286311388,
        0.9995654225349426,
        0.027924278751015663,
        0.04892954230308533,
        0.5222069025039673,
        -0.028742481023073196,
        0.8523344397544861,
        -1.7127838134765625
    ],
    [
        0.8282607197761536,
        0.008474373258650303,
        -0.5602787733078003,
        0.23890557885169983,
        0.005951001774519682,
        0.9996963143348694,
        0.02391805313527584,
        0.048501525074243546,
        0.5603112578392029,
        -0.02314460277557373,
        0.8279585242271423,
        -1.7492057085037231
    ],
    [
        0.7928114533424377,
        0.009345615282654762,
        -0.6093953251838684,
        0.21588318049907684,
        0.003180310595780611,
        0.9998053908348083,
        0.019470425322651863,
        0.050888027995824814,
        0.6094587445259094,
        -0.01737443543970585,
        0.7926274538040161,
        -1.7917330265045166
    ]
]