[
    [
        0.9926464557647705,
        -0.002514800988137722,
        0.12102340161800385,
        0.3856092095375061,
        0.0015173633582890034,
        0.99996417760849,
        0.008333136327564716,
        -0.0012734243646264076,
        -0.12104002386331558,
        -0.008088221773505211,
        0.9926146268844604,
        -0.2050418257713318
    ],
    [
        0.9904341697692871,
        -0.0016867655795067549,
        0.13797567784786224,
        0.3898298740386963,
        0.0005893803900107741,
        0.9999678730964661,
        0.007993940263986588,
        -0.000669308821670711,
        -0.1379847228527069,
        -0.00783615093678236,
        0.9904032945632935,
        -0.20560602843761444
    ],
    [
        0.9876371026039124,
        -0.0008041552500799298,
        0.15675586462020874,
        0.39458709955215454,
        -0.0003746930742636323,
        0.9999719262123108,
        0.007490586489439011,
        -7.176554208854213e-05,
        -0.15675745904445648,
        -0.007456716615706682,
        0.9876090288162231,
        -0.20545436441898346
    ],
    [
        0.9843152165412903,
        0.00015406020975206047,
        0.1764189451932907,
        0.399497389793396,
        -0.0014976029051467776,
        0.9999708533287048,
        0.0074825105257332325,
        -0.0001585376012371853,
        -0.1764126718044281,
        -0.007629354018718004,
        0.9842867851257324,
        -0.20606619119644165
    ],
    [
        0.980374813079834,
        0.0010360112646594644,
        0.19714003801345825,
        0.4047267735004425,
        -0.0024608615785837173,
        0.9999725818634033,
        0.0069827726110816,
        0.0002959654666483402,
        -0.19712740182876587,
        -0.007330870255827904,
        0.9803504943847656,
        -0.20704643428325653
    ],
    [
        0.9756266474723816,
        0.002081682439893484,
        0.21942739188671112,
        0.41050079464912415,
        -0.0036257572937756777,
        0.9999714493751526,
        0.006634370889514685,
        0.0004300908767618239,
        -0.219407320022583,
        -0.00726825837045908,
        0.9756062626838684,
        -0.20770934224128723
    ],
    [
        0.9702536463737488,
        0.003128808457404375,
        0.24207015335559845,
        0.4158724248409271,
        -0.004809042438864708,
        0.9999682903289795,
        0.006350561510771513,
        0.0003561266348697245,
        -0.24204260110855103,
        -0.0073257810436189175,
        0.9702379107475281,
        -0.2084527462720871
    ],
    [
        0.9648979306221008,
        0.0038969642482697964,
        0.26259666681289673,
        0.4208810031414032,
        -0.005681948270648718,
        0.9999656677246094,
        0.006038418971002102,
        0.00046768866013735533,
        -0.2625640630722046,
        -0.007318517193198204,
        0.9648869037628174,
        -0.20924976468086243
    ],
    [
        0.9593485593795776,
        0.0047481306828558445,
        0.28218376636505127,
        0.4258367121219635,
        -0.006622540298849344,
        0.9999619126319885,
        0.005689114797860384,
        0.0005535930395126343,
        -0.28214603662490845,
        -0.007326618302613497,
        0.9593434929847717,
        -0.20969685912132263
    ],
    [
        0.9536004662513733,
        0.005549465771764517,
        0.30102381110191345,
        0.43038487434387207,
        -0.007575413677841425,
        0.9999558925628662,
        0.005563340615481138,
        0.0004331102827563882,
        -0.3009796142578125,
        -0.007585584651678801,
        0.9536004066467285,
        -0.2107444405555725
    ],
    [
        0.9481829404830933,
        0.006197172217071056,
        0.31766438484191895,
        0.4345661699771881,
        -0.008364809677004814,
        0.999950110912323,
        0.005460183136165142,
        0.00027798887458629906,
        -0.31761470437049866,
        -0.00783445592969656,
        0.9481874704360962,
        -0.21168866753578186
    ],
    [
        0.9423310160636902,
        0.006976214237511158,
        0.3346096873283386,
        0.43912366032600403,
        -0.009256521239876747,
        0.9999435544013977,
        0.005220666993409395,
        0.00019676206284202635,
        -0.33455437421798706,
        -0.0080169178545475,
        0.9423424601554871,
        -0.2124883234500885
    ],
    [
        0.9339371919631958,
        0.007826858200132847,
        0.3573513925075531,
        0.44492608308792114,
        -0.010234485380351543,
        0.9999359250068665,
        0.004846800584346056,
        0.00015395411173813045,
        -0.3572905659675598,
        -0.008183916099369526,
        0.9339574575424194,
        -0.21389630436897278
    ],
    [
        0.9271552562713623,
        0.008775941096246243,
        0.3745745122432709,
        0.4488571286201477,
        -0.011286046355962753,
        0.9999260902404785,
        0.004508112091571093,
        0.0001944961113622412,
        -0.37450727820396423,
        -0.008407184854149818,
        0.9271858334541321,
        -0.21572722494602203
    ],
    [
        0.9200059175491333,
        0.009449382312595844,
        0.39179059863090515,
        0.45334601402282715,
        -0.012030094861984253,
        0.999919056892395,
        0.0041326675564050674,
        0.00019590347073972225,
        -0.3917198181152344,
        -0.008515356108546257,
        0.9200451374053955,
        -0.21687939763069153
    ],
    [
        0.9129841923713684,
        0.010180307552218437,
        0.407867968082428,
        0.4575704336166382,
        -0.012881233356893063,
        0.999909520149231,
        0.003876199945807457,
        4.96725770062767e-05,
        -0.4077915847301483,
        -0.008792752400040627,
        0.9130326509475708,
        -0.21791023015975952
    ],
    [
        0.9054408669471741,
        0.011069448664784431,
        0.42432793974876404,
        0.4617661237716675,
        -0.013725558295845985,
        0.9999006986618042,
        0.0032034972682595253,
        0.000499324465636164,
        -0.4242503046989441,
        -0.008724715560674667,
        0.9055029153823853,
        -0.22023360431194305
    ],
    [
        0.8972545266151428,
        0.011795878410339355,
        0.4413561224937439,
        0.46591678261756897,
        -0.014498036354780197,
        0.9998911619186401,
        0.002750241430476308,
        0.00044964218977838755,
        -0.4412756562232971,
        -0.008866465650498867,
        0.8973277807235718,
        -0.22211140394210815
    ],
    [
        0.8885813355445862,
        0.01266695000231266,
        0.45854422450065613,
        0.47056683897972107,
        -0.015405841171741486,
        0.9998788237571716,
        0.0022329986095428467,
        0.0004045272944495082,
        -0.45846039056777954,
        -0.00904846005141735,
        0.8886687159538269,
        -0.22391176223754883
    ],
    [
        0.8793952465057373,
        0.013447804376482964,
        0.4759025573730469,
        0.47477009892463684,
        -0.016191894188523293,
        0.9998674392700195,
        0.0016664154827594757,
        0.0004326713678892702,
        -0.4758170545101166,
        -0.0091711999848485,
        0.8794964551925659,
        -0.22604990005493164
    ],
    [
        0.8698907494544983,
        0.013906768523156643,
        0.49304839968681335,
        0.47871747612953186,
        -0.016876565292477608,
        0.9998563528060913,
        0.001573873800225556,
        -0.0003170404816046357,
        -0.49295565485954285,
        -0.009690060280263424,
        0.8700004816055298,
        -0.2284974753856659
    ],
    [
        0.8604406714439392,
        0.014903297647833824,
        0.5093326568603516,
        0.4828105568885803,
        -0.017743254080414772,
        0.9998422265052795,
        0.0007187253213487566,
        0.0001718173734843731,
        -0.5092416405677795,
        -0.009655638597905636,
        0.8605693578720093,
        -0.2304256409406662
    ],
    [
        0.8509076833724976,
        0.015407458879053593,
        0.5250893235206604,
        0.4862807095050812,
        -0.018537160009145737,
        0.9998279213905334,
        0.0007019846816547215,
        -0.0007490589050576091,
        -0.5249881744384766,
        -0.010330990888178349,
        0.8510467410087585,
        -0.23303867876529694
    ],
    [
        0.8405184745788574,
        0.016167057678103447,
        0.5415416359901428,
        0.4899858832359314,
        -0.019568011164665222,
        0.9998084306716919,
        0.0005231596296653152,
        -0.0015813083155080676,
        -0.5414294600486755,
        -0.01103662047535181,
        0.8406736254692078,
        -0.23613211512565613
    ],
    [
        0.825485110282898,
        0.017246976494789124,
        0.5641602873802185,
        0.4953417181968689,
        -0.020916176959872246,
        0.9997811913490295,
        4.039609484607354e-05,
        -0.002490217564627528,
        -0.5640361309051514,
        -0.01183342281728983,
        0.825665295124054,
        -0.23933137953281403
    ]
]