[
    [
        0.9999958276748657,
        0.0016919559566304088,
        0.0023399104829877615,
        -0.16559043526649475,
        -0.0016939090564846992,
        0.9999982118606567,
        0.0008329658885486424,
        -0.002484828932210803,
        -0.0023384965024888515,
        -0.0008369261049665511,
        0.9999969005584717,
        0.012104854919016361
    ],
    [
        0.9999934434890747,
        0.0022620605304837227,
        0.0028262955602258444,
        -0.18965664505958557,
        -0.0022644249256700277,
        0.9999971389770508,
        0.0008333796286024153,
        -0.0021387801971286535,
        -0.002824402879923582,
        -0.0008397745550610125,
        0.9999957084655762,
        0.01475757546722889
    ],
    [
        0.9999908208847046,
        0.0028528349939733744,
        0.0031947947572916746,
        -0.213173970580101,
        -0.0028556983452290297,
        0.9999955296516418,
        0.0008920476539060473,
        -0.0021025778260082006,
        -0.0031922354828566313,
        -0.0009011630900204182,
        0.9999943971633911,
        0.017282402142882347
    ],
    [
        0.9999866485595703,
        0.0035503366962075233,
        0.003768620314076543,
        -0.23662059009075165,
        -0.0035539756063371897,
        0.9999932050704956,
        0.0009592142305336893,
        -0.0021671424619853497,
        -0.0037651890888810158,
        -0.0009725946583785117,
        0.9999923706054688,
        0.019822748377919197
    ],
    [
        0.9999833106994629,
        0.0041081951931118965,
        0.004077236168086529,
        -0.25632745027542114,
        -0.004112391732633114,
        0.9999910593032837,
        0.0010212770430371165,
        -0.0018062293529510498,
        -0.004073004238307476,
        -0.0010380271123722196,
        0.9999911785125732,
        0.02218600921332836
    ],
    [
        0.9999797940254211,
        0.004580438602715731,
        0.004397459328174591,
        -0.274576872587204,
        -0.0045852577313780785,
        0.9999889135360718,
        0.0010865064105018973,
        -0.0017048881854861975,
        -0.004392433911561966,
        -0.001106647658161819,
        0.9999897480010986,
        0.024272644892334938
    ],
    [
        0.9999751448631287,
        0.0051661026664078236,
        0.004803906194865704,
        -0.2926214039325714,
        -0.0051719434559345245,
        0.9999858736991882,
        0.001204120460897684,
        -0.0016989988507702947,
        -0.0047976188361644745,
        -0.0012289368314668536,
        0.9999878406524658,
        0.026047660037875175
    ],
    [
        0.9999720454216003,
        0.005577491130679846,
        0.0049823736771941185,
        -0.3097434937953949,
        -0.005583629477769136,
        0.9999837279319763,
        0.0012190164998173714,
        -0.0015172023558989167,
        -0.004975493531674147,
        -0.0012468018103390932,
        0.9999868869781494,
        0.028369568288326263
    ],
    [
        0.9999676942825317,
        0.0060231345705688,
        0.005337061360478401,
        -0.32681572437286377,
        -0.00603003054857254,
        0.9999810457229614,
        0.001276971772313118,
        -0.0013818980660289526,
        -0.0053292675875127316,
        -0.001309112412855029,
        0.9999849796295166,
        0.03003951907157898
    ],
    [
        0.999961793422699,
        0.0066573405638337135,
        0.005656905937939882,
        -0.3466569483280182,
        -0.006665651220828295,
        0.9999767541885376,
        0.0014516913797706366,
        -0.0013378291623666883,
        -0.005647109355777502,
        -0.0014893426559865475,
        0.9999829530715942,
        0.03232068568468094
    ],
    [
        0.9999575018882751,
        0.0071477037854492664,
        0.005832475610077381,
        -0.3659093976020813,
        -0.0071562002412974834,
        0.9999732971191406,
        0.0014372558798640966,
        -0.0008839756483212113,
        -0.005822047125548124,
        -0.0014789331471547484,
        0.9999819993972778,
        0.034676797688007355
    ],
    [
        0.9999516606330872,
        0.00767050264403224,
        0.00615659961476922,
        -0.38359275460243225,
        -0.007679490838199854,
        0.999969482421875,
        0.0014375129248946905,
        -0.0003938443260267377,
        -0.006145385093986988,
        -0.001484723063185811,
        0.9999799728393555,
        0.03690117597579956
    ],
    [
        0.9999455213546753,
        0.008224189281463623,
        0.006437040399760008,
        -0.39820370078086853,
        -0.008234202861785889,
        0.9999648928642273,
        0.0015307115390896797,
        -0.0003572025743778795,
        -0.0064242263324558735,
        -0.0015836325474083424,
        0.9999781847000122,
        0.038620080798864365
    ],
    [
        0.9999416470527649,
        0.00850752368569374,
        0.006667927373200655,
        -0.41049662232398987,
        -0.008517961949110031,
        0.9999626278877258,
        0.0015384197467938066,
        6.655934703303501e-05,
        -0.006654588971287012,
        -0.0015951271634548903,
        0.9999765157699585,
        0.040388647466897964
    ],
    [
        0.9999337792396545,
        0.009028837084770203,
        0.007139706052839756,
        -0.42312756180763245,
        -0.009040037170052528,
        0.9999579787254333,
        0.001537989592179656,
        0.0006390297203324735,
        -0.007125519216060638,
        -0.0016024312935769558,
        0.9999732971191406,
        0.04179270192980766
    ],
    [
        0.9999264478683472,
        0.009870186448097229,
        0.007059148978441954,
        -0.4356473386287689,
        -0.009881916455924511,
        0.9999498128890991,
        0.0016287958715111017,
        0.0006299586966633797,
        -0.007042718585580587,
        -0.0016984338872134686,
        0.9999737739562988,
        0.043246641755104065
    ],
    [
        0.9999147653579712,
        0.010818330571055412,
        0.007312178611755371,
        -0.44824689626693726,
        -0.010830806568264961,
        0.9999399781227112,
        0.0016684416914358735,
        0.0009294941555708647,
        -0.007293688599020243,
        -0.0017474967753514647,
        0.9999719858169556,
        0.04465888813138008
    ],
    [
        0.9999009966850281,
        0.011857124045491219,
        0.007567300461232662,
        -0.4605477452278137,
        -0.011871624737977982,
        0.9999277591705322,
        0.0018740033265203238,
        0.0011117763351649046,
        -0.0075445338152348995,
        -0.0019636547658592463,
        0.9999696016311646,
        0.04622107371687889
    ],
    [
        0.9998860955238342,
        0.012973600067198277,
        0.007705111987888813,
        -0.47234973311424255,
        -0.012989301234483719,
        0.9999136924743652,
        0.00199113879352808,
        0.0011347169056534767,
        -0.007678613997995853,
        -0.00209099636413157,
        0.9999682903289795,
        0.04739030823111534
    ],
    [
        0.9998727440834045,
        0.013902572914958,
        0.007818642072379589,
        -0.48480767011642456,
        -0.013918562792241573,
        0.9999011754989624,
        0.001994400518015027,
        0.0015416205860674381,
        -0.007790143135935068,
        -0.0021029715426266193,
        0.9999674558639526,
        0.04877394810318947
    ],
    [
        0.9998548626899719,
        0.015085313469171524,
        0.007907403632998466,
        -0.49587374925613403,
        -0.015101198107004166,
        0.9998840093612671,
        0.0019528840202838182,
        0.0024881858844310045,
        -0.007877027615904808,
        -0.0020720120519399643,
        0.9999668598175049,
        0.050238605588674545
    ],
    [
        0.9998411536216736,
        0.01595885492861271,
        0.007938106544315815,
        -0.5056815147399902,
        -0.01597556285560131,
        0.999870240688324,
        0.0020458255894482136,
        0.002449260326102376,
        -0.007904427126049995,
        -0.0021723168902099133,
        0.9999665021896362,
        0.051416464149951935
    ],
    [
        0.9998370409011841,
        0.01611277647316456,
        0.00814016629010439,
        -0.5148496031761169,
        -0.01613057218492031,
        0.9998676776885986,
        0.002125107916072011,
        0.002362258732318878,
        -0.008104846812784672,
        -0.002256066305562854,
        0.9999645948410034,
        0.052739888429641724
    ],
    [
        0.999828040599823,
        0.016665775328874588,
        0.008127404376864433,
        -0.5250723361968994,
        -0.016684161499142647,
        0.9998583793640137,
        0.0021997191943228245,
        0.0029214092064648867,
        -0.008089592680335045,
        -0.002334939781576395,
        0.9999645948410034,
        0.05383952334523201
    ],
    [
        0.9998151659965515,
        0.017343662679195404,
        0.008299281820654869,
        -0.5371024012565613,
        -0.017362680286169052,
        0.9998468160629272,
        0.002224605530500412,
        0.0031364173628389835,
        -0.008259426802396774,
        -0.002368292538449168,
        0.9999630451202393,
        0.05548132583498955
    ]
]