[
    [
        0.9747317433357239,
        0.02692524343729019,
        -0.22175012528896332,
        0.32312941551208496,
        -0.028401628136634827,
        0.9995905160903931,
        -0.0034712471533566713,
        -0.07134158909320831,
        0.2215658724308014,
        0.009681598283350468,
        0.9750972986221313,
        1.0264017581939697
    ],
    [
        0.9745699763298035,
        0.026663411408662796,
        -0.22249135375022888,
        0.3289359509944916,
        -0.0282429326325655,
        0.9995933771133423,
        -0.003919895738363266,
        -0.07045631110668182,
        0.2222963571548462,
        0.010104021988809109,
        0.9749267101287842,
        1.0082637071609497
    ],
    [
        0.9746811389923096,
        0.026607682928442955,
        -0.22201065719127655,
        0.33385351300239563,
        -0.028167027980089188,
        0.9995958209037781,
        -0.0038599169347435236,
        -0.06846662610769272,
        0.221818208694458,
        0.010015567764639854,
        0.9750365614891052,
        0.9759021401405334
    ],
    [
        0.9749752879142761,
        0.02659112773835659,
        -0.2207174003124237,
        0.332498699426651,
        -0.02831006981432438,
        0.9995884299278259,
        -0.0046277837827801704,
        -0.06612446159124374,
        0.22050349414348602,
        0.01076049916446209,
        0.9753268957138062,
        0.9330832958221436
    ],
    [
        0.9775938987731934,
        0.025554442778229713,
        -0.2089427411556244,
        0.32559603452682495,
        -0.027324452996253967,
        0.999610960483551,
        -0.005588700994849205,
        -0.05729522183537483,
        0.2087186574935913,
        0.01117272675037384,
        0.9779119491577148,
        0.8836386799812317
    ],
    [
        0.9841002225875854,
        0.022293847054243088,
        -0.17620916664600372,
        0.32050400972366333,
        -0.023944515734910965,
        0.9996870160102844,
        -0.007246695458889008,
        -0.05087782442569733,
        0.1759924590587616,
        0.011350718326866627,
        0.9843260645866394,
        0.8342001438140869
    ],
    [
        0.9944335222244263,
        0.013773820362985134,
        -0.10446204990148544,
        0.31638601422309875,
        -0.014820992015302181,
        0.9998472332954407,
        -0.009254779666662216,
        -0.04298758879303932,
        0.10431862622499466,
        0.010751495137810707,
        0.9944857954978943,
        0.7675024271011353
    ],
    [
        0.9999445080757141,
        0.001980083528906107,
        -0.010350437834858894,
        0.3170061707496643,
        -0.0020849043503403664,
        0.9999465942382812,
        -0.010126178152859211,
        -0.03564310818910599,
        0.010329834185540676,
        0.010147192515432835,
        0.9998952150344849,
        0.6920677423477173
    ],
    [
        0.9960593581199646,
        -0.010411855764687061,
        0.08807577937841415,
        0.32521796226501465,
        0.011280383914709091,
        0.99989253282547,
        -0.009369137696921825,
        -0.027362285181879997,
        -0.08796876668930054,
        0.010325746610760689,
        0.9960696697235107,
        0.6104387044906616
    ],
    [
        0.9833642244338989,
        -0.02283848263323307,
        0.18020333349704742,
        0.3371957540512085,
        0.02445003017783165,
        0.9996784329414368,
        -0.006726543419063091,
        -0.018259597942233086,
        -0.17999175190925598,
        0.011020619422197342,
        0.9836063385009766,
        0.5226284861564636
    ],
    [
        0.9662339091300964,
        -0.0322502925992012,
        0.25564008951187134,
        0.3414769172668457,
        0.03427521139383316,
        0.9994064569473267,
        -0.0034686594735831022,
        -0.009038752876222134,
        -0.2553764879703522,
        0.012113654986023903,
        0.9667658805847168,
        0.4414221942424774
    ],
    [
        0.9370720386505127,
        -0.04295022040605545,
        0.34648430347442627,
        0.3362310528755188,
        0.045611243695020676,
        0.9989591836929321,
        0.0004747687780763954,
        0.0008572536171413958,
        -0.34614405035972595,
        0.01535868551582098,
        0.938055694103241,
        0.33322539925575256
    ],
    [
        0.89119553565979,
        -0.05446707457304001,
        0.45033758878707886,
        0.32944896817207336,
        0.05805705487728119,
        0.9982961416244507,
        0.005849142093211412,
        0.010984428226947784,
        -0.4498888850212097,
        0.02093254216015339,
        0.892839252948761,
        0.21544894576072693
    ],
    [
        0.8268337845802307,
        -0.06734004616737366,
        0.5584005117416382,
        0.32546839118003845,
        0.07148294150829315,
        0.9973374605178833,
        0.014427347108721733,
        0.018484098836779594,
        -0.5578852891921997,
        0.02798709273338318,
        0.829446017742157,
        0.09229150414466858
    ],
    [
        0.7440236806869507,
        -0.07927851378917694,
        0.6634333729743958,
        0.32463905215263367,
        0.08424760401248932,
        0.9961422085762024,
        0.024554794654250145,
        0.02558773383498192,
        -0.6628206372261047,
        0.037623319774866104,
        0.7478324174880981,
        -0.024676723405718803
    ],
    [
        0.6689727902412415,
        -0.08914010971784592,
        0.7379223704338074,
        0.3300333321094513,
        0.09471464902162552,
        0.9949126839637756,
        0.034319475293159485,
        0.03176369145512581,
        -0.7372275590896606,
        0.04693325608968735,
        0.6740123629570007,
        -0.11661051958799362
    ],
    [
        0.5744454264640808,
        -0.09891718626022339,
        0.812544047832489,
        0.3319587707519531,
        0.10481013357639313,
        0.9933887124061584,
        0.04683501273393631,
        0.03434160724282265,
        -0.8118048906326294,
        0.05825868248939514,
        0.5810152292251587,
        -0.21147184073925018
    ],
    [
        0.47979283332824707,
        -0.10617086291313171,
        0.870934247970581,
        0.3323187530040741,
        0.11128981411457062,
        0.991998016834259,
        0.059620149433612823,
        0.026738008484244347,
        -0.8702950477600098,
        0.06832079589366913,
        0.4877692461013794,
        -0.2892390489578247
    ],
    [
        0.39045533537864685,
        -0.11302345246076584,
        0.9136576652526855,
        0.34714335203170776,
        0.11597566306591034,
        0.990567684173584,
        0.07297488301992416,
        0.018543817102909088,
        -0.9132875800132751,
        0.0774686187505722,
        0.39988043904304504,
        -0.35349181294441223
    ],
    [
        0.31013694405555725,
        -0.11681652069091797,
        0.9434877634048462,
        0.36543238162994385,
        0.11911763995885849,
        0.9893761277198792,
        0.08334257453680038,
        0.009174881502985954,
        -0.943199872970581,
        0.0865384042263031,
        0.3207570016384125,
        -0.40706321597099304
    ],
    [
        0.24533185362815857,
        -0.1198074147105217,
        0.962007462978363,
        0.3839910328388214,
        0.12083429098129272,
        0.9883745312690735,
        0.09227588772773743,
        0.0016294667730107903,
        -0.9618790745735168,
        0.09360527992248535,
        0.2569566071033478,
        -0.44536375999450684
    ],
    [
        0.16556502878665924,
        -0.12306930869817734,
        0.9784895777702332,
        0.4090113341808319,
        0.12278644740581512,
        0.9870352745056152,
        0.10336808115243912,
        -0.011772044003009796,
        -0.9785252213478088,
        0.10303113609552383,
        0.178529754281044,
        -0.4822342097759247
    ],
    [
        0.0852518081665039,
        -0.12535013258457184,
        0.9884429574012756,
        0.43978458642959595,
        0.12350770831108093,
        0.9857327342033386,
        0.11435406655073166,
        -0.02804405800998211,
        -0.9886747598648071,
        0.11233143508434296,
        0.09951719641685486,
        -0.5136842131614685
    ],
    [
        0.00931947398930788,
        -0.1274762600660324,
        0.9917978048324585,
        0.48078301548957825,
        0.12390893697738647,
        0.984343945980072,
        0.12535390257835388,
        -0.054776422679424286,
        -0.9922498464584351,
        0.12172438949346542,
        0.024969017133116722,
        -0.5343778729438782
    ],
    [
        -0.06521373242139816,
        -0.12869368493556976,
        0.9895378351211548,
        0.5332984924316406,
        0.12258629500865936,
        0.9831042885780334,
        0.13593582808971405,
        -0.08372082561254501,
        -0.990312933921814,
        0.13016864657402039,
        -0.04833582416176796,
        -0.552850067615509
    ]
]