[
    [
        0.9999963641166687,
        -0.002080458914861083,
        0.0017714303685352206,
        0.000780292262788862,
        0.0020801755599677563,
        0.9999978542327881,
        0.00016135649639181793,
        -0.061600461602211,
        -0.0017717620357871056,
        -0.00015767152945045382,
        0.9999984502792358,
        -0.07521462440490723
    ],
    [
        0.9999963045120239,
        -0.002154863905161619,
        0.001638103392906487,
        0.0008126461179926991,
        0.0021548913791775703,
        0.9999977350234985,
        -1.551212335471064e-05,
        -0.06889703124761581,
        -0.0016380660235881805,
        1.9041879568248987e-05,
        0.9999986886978149,
        -0.0764087438583374
    ],
    [
        0.9999975562095642,
        -0.0018162569031119347,
        0.0012785636354237795,
        0.0009099040180444717,
        0.0018164291977882385,
        0.9999983310699463,
        -0.0001334989065071568,
        -0.07886134833097458,
        -0.0012783193960785866,
        0.00013582107203546911,
        0.9999991655349731,
        -0.07836953550577164
    ],
    [
        0.9999980926513672,
        -0.0016247512539848685,
        0.0012161643244326115,
        0.0012169784167781472,
        0.0016249160980805755,
        0.9999986886978149,
        -0.0001345771161140874,
        -0.08812907338142395,
        -0.0012159438338130713,
        0.00013655288785230368,
        0.9999992847442627,
        -0.0800468698143959
    ],
    [
        0.9999980926513672,
        -0.001473922748118639,
        0.0012866952456533909,
        0.0016588032012805343,
        0.0014742452185600996,
        0.9999988675117493,
        -0.0002503445721231401,
        -0.0951419472694397,
        -0.0012863243464380503,
        0.0002522414142731577,
        0.9999990463256836,
        -0.08165711909532547
    ],
    [
        0.9999979734420776,
        -0.0016160605009645224,
        0.001242613885551691,
        0.0023233636748045683,
        0.0016164728440344334,
        0.9999986886978149,
        -0.0003311680629849434,
        -0.10436691343784332,
        -0.0012420761631801724,
        0.0003331759653519839,
        0.9999991655349731,
        -0.08357512950897217
    ],
    [
        0.9999985098838806,
        -0.0014452093746513128,
        0.001046665827743709,
        0.0027366182766854763,
        0.0014456679346039891,
        0.9999988675117493,
        -0.0004377055447548628,
        -0.11383490264415741,
        -0.001046032179147005,
        0.00043921740143559873,
        0.9999992847442627,
        -0.08581932634115219
    ],
    [
        0.999998927116394,
        -0.001146363909356296,
        0.0008940952247940004,
        0.0030248838011175394,
        0.0011467712465673685,
        0.9999992251396179,
        -0.0004550520970951766,
        -0.12076163291931152,
        -0.0008935725782066584,
        0.0004560768138617277,
        0.9999994039535522,
        -0.0872570350766182
    ],
    [
        0.9999990463256836,
        -0.0011571651557460427,
        0.0007422267226502299,
        0.004177866969257593,
        0.0011575196404010057,
        0.9999991655349731,
        -0.00047631229972466826,
        -0.13071495294570923,
        -0.0007416752632707357,
        0.0004771716776303947,
        0.9999996423721313,
        -0.08991056680679321
    ],
    [
        0.999999463558197,
        -0.0008788980194367468,
        0.0005637169815599918,
        0.004954339470714331,
        0.0008791781147010624,
        0.9999995231628418,
        -0.0004967647255398333,
        -0.14052166044712067,
        -0.0005632801912724972,
        0.0004972603637725115,
        0.9999997615814209,
        -0.09247053414583206
    ],
    [
        0.9999998807907104,
        -0.0004928920534439385,
        0.00028362643206492066,
        0.006016116123646498,
        0.0004930900759063661,
        0.9999996423721313,
        -0.0006985422223806381,
        -0.1502028852701187,
        -0.0002832816098816693,
        0.0006986817461438477,
        0.9999997615814209,
        -0.09561719745397568
    ],
    [
        0.9999999403953552,
        -0.0004535163170658052,
        0.00017447731806896627,
        0.007033789996057749,
        0.00045364873949438334,
        0.9999996423721313,
        -0.0007612908957526088,
        -0.15714634954929352,
        -0.00017413166642654687,
        0.0007613700581714511,
        0.9999996423721313,
        -0.0979791060090065
    ],
    [
        1.0,
        -0.0003513169940561056,
        0.00012280131340958178,
        0.008189348503947258,
        0.0003514110285323113,
        0.9999996423721313,
        -0.000766394950915128,
        -0.16664603352546692,
        -0.00012253271415829659,
        0.0007664381409995258,
        0.9999997615814209,
        -0.10092047601938248
    ],
    [
        1.0,
        -5.259206591290422e-05,
        -4.361673927633092e-05,
        0.009409363381564617,
        5.2551939006661996e-05,
        0.9999996423721313,
        -0.0009179532644338906,
        -0.1756577491760254,
        4.366525536170229e-05,
        0.0009179507032968104,
        0.9999995231628418,
        -0.10410892218351364
    ],
    [
        1.0,
        3.543213097145781e-05,
        -0.0001582588884048164,
        0.010658187791705132,
        -3.55918709828984e-05,
        0.9999995827674866,
        -0.0010102965170517564,
        -0.1823442429304123,
        0.00015822213026694953,
        0.0010103026870638132,
        0.9999995231628418,
        -0.10660909116268158
    ],
    [
        0.9999998211860657,
        0.00030841794796288013,
        -0.0004218887770548463,
        0.01195177249610424,
        -0.00030887406319379807,
        0.9999994039535522,
        -0.0010813408298417926,
        -0.1911294013261795,
        0.00042155521805398166,
        0.001081471098586917,
        0.9999992847442627,
        -0.10967081040143967
    ],
    [
        0.9999996423721313,
        0.0005419807275757194,
        -0.0006280673551373184,
        0.013654106296598911,
        -0.0005427292198874056,
        0.9999991655349731,
        -0.001193356467410922,
        -0.20002509653568268,
        0.0006274196784943342,
        0.0011936964001506567,
        0.9999990463256836,
        -0.1132669746875763
    ],
    [
        0.9999995827674866,
        0.0006006542826071382,
        -0.0006433345261029899,
        0.01551738940179348,
        -0.000601485779043287,
        0.9999990463256836,
        -0.0012935015838593245,
        -0.20903635025024414,
        0.0006425573374144733,
        0.0012938885483890772,
        0.999998927116394,
        -0.11687054485082626
    ],
    [
        0.9999992847442627,
        0.0008597098640166223,
        -0.0008290491532534361,
        0.017142660915851593,
        -0.0008607811760157347,
        0.9999988079071045,
        -0.001292537315748632,
        -0.21601691842079163,
        0.0008279367466457188,
        0.0012932507088407874,
        0.9999988079071045,
        -0.12036103755235672
    ],
    [
        0.9999991059303284,
        0.0009397461544722319,
        -0.000972005829680711,
        0.019257118925452232,
        -0.0009410050115548074,
        0.9999988079071045,
        -0.0012955735437572002,
        -0.22535698115825653,
        0.0009707873105071485,
        0.0012964875204488635,
        0.9999986886978149,
        -0.12437497824430466
    ],
    [
        0.9999990463256836,
        0.0009681408409960568,
        -0.0010168326552957296,
        0.021734101697802544,
        -0.0009693964384496212,
        0.9999988079071045,
        -0.0012357665691524744,
        -0.2345701903104782,
        0.0010156354401260614,
        0.0012367505114525557,
        0.9999986886978149,
        -0.12872245907783508
    ],
    [
        0.9999986290931702,
        0.001267801970243454,
        -0.0010761651210486889,
        0.023157719522714615,
        -0.0012691601878032088,
        0.9999983906745911,
        -0.0012622560607269406,
        -0.24134021997451782,
        0.0010745631298050284,
        0.0012636200990527868,
        0.9999986886978149,
        -0.13181287050247192
    ],
    [
        0.9999979138374329,
        0.0015944548649713397,
        -0.00134712690487504,
        0.025617141276597977,
        -0.0015964516205713153,
        0.9999976754188538,
        -0.0014828938292339444,
        -0.24988174438476562,
        0.0013447595993056893,
        0.001485040644183755,
        0.9999980926513672,
        -0.13648350536823273
    ],
    [
        0.9999973177909851,
        0.0018748048460111022,
        -0.00143982854206115,
        0.02807561494410038,
        -0.0018767365254461765,
        0.9999973773956299,
        -0.0013418595772236586,
        -0.25825658440589905,
        0.0014373095473274589,
        0.0013445575023069978,
        0.9999980926513672,
        -0.14088036119937897
    ],
    [
        0.9999971389770508,
        0.0018600871553644538,
        -0.0015297059435397387,
        0.030186869204044342,
        -0.0018622583011165261,
        0.9999972581863403,
        -0.0014190444489941,
        -0.26508787274360657,
        0.001527061453089118,
        0.001421888591721654,
        0.9999978542327881,
        -0.1444322019815445
    ]
]