[
    [
        0.9999993443489075,
        -0.0011675533605739474,
        0.00010559146903688088,
        0.01290159672498703,
        0.0011676597641780972,
        0.9999988675117493,
        -0.0010160915553569794,
        -0.006667552050203085,
        -0.00010440553887747228,
        0.0010162147227674723,
        0.9999995231628418,
        -0.3363805413246155
    ],
    [
        0.9999989867210388,
        -0.0014035167405381799,
        -0.0005173541721887887,
        0.021441293880343437,
        0.001402963069267571,
        0.9999983906745911,
        -0.001069268910214305,
        -0.006761476863175631,
        0.000518854008987546,
        0.0010685418965294957,
        0.9999992847442627,
        -0.41886281967163086
    ],
    [
        0.9999989867210388,
        -0.0012599272886291146,
        -0.0007249886984936893,
        0.033061325550079346,
        0.001258881762623787,
        0.999998152256012,
        -0.0014418622013181448,
        -0.006262095179408789,
        0.0007268043118529022,
        0.0014409477589651942,
        0.9999986886978149,
        -0.5029513835906982
    ],
    [
        0.9999993443489075,
        -0.0009391449857503176,
        0.0006805349257774651,
        0.04419028386473656,
        0.0009401390561833978,
        0.9999984502792358,
        -0.0014618191635236144,
        -0.0069862958043813705,
        -0.0006791611085645854,
        0.001462457817979157,
        0.9999986886978149,
        -0.5895261764526367
    ],
    [
        0.9999967813491821,
        -0.00093550089513883,
        0.0023603669833391905,
        0.05332565680146217,
        0.0009385230951011181,
        0.9999986886978149,
        -0.0012795537477359176,
        -0.00889059528708458,
        -0.0023591669742017984,
        0.0012817649403586984,
        0.9999963045120239,
        -0.6783770322799683
    ],
    [
        0.9999954104423523,
        -0.0009381917770951986,
        0.00289471005089581,
        0.06005864217877388,
        0.0009413661900907755,
        0.999998927116394,
        -0.0010953830787912011,
        -0.012232263572514057,
        -0.002893679542466998,
        0.0010981028899550438,
        0.999995231628418,
        -0.767959475517273
    ],
    [
        0.9999970197677612,
        -0.00042101871804334223,
        0.002400829456746578,
        0.06592215597629547,
        0.0004239652771502733,
        0.9999992251396179,
        -0.0012268167920410633,
        -0.015787092968821526,
        -0.0024003114085644484,
        0.0012278312351554632,
        0.9999963045120239,
        -0.8568300604820251
    ],
    [
        0.9999974966049194,
        -0.0001815046271076426,
        0.002226126380264759,
        0.07036319375038147,
        0.0001844543730840087,
        0.9999991059303284,
        -0.0013252105563879013,
        -0.018893210217356682,
        -0.0022258833050727844,
        0.0013256171951070428,
        0.999996542930603,
        -0.9460045695304871
    ],
    [
        0.9999966025352478,
        -0.000418993819039315,
        0.002588689560070634,
        0.07282910495996475,
        0.0004221941635478288,
        0.9999991655349731,
        -0.0012357939267531037,
        -0.020600251853466034,
        -0.002588170813396573,
        0.001236882759258151,
        0.9999958276748657,
        -1.0343000888824463
    ],
    [
        0.9999958872795105,
        -0.0008551644277758896,
        0.0027757438365370035,
        0.07359017431735992,
        0.0008586877956986427,
        0.9999988675117493,
        -0.0012685081455856562,
        -0.020965931937098503,
        -0.0027746548876166344,
        0.001270886161364615,
        0.999995231628418,
        -1.1225545406341553
    ],
    [
        0.999996542930603,
        -0.0008912183111533523,
        0.002483825897797942,
        0.07319387793540955,
        0.0008948897011578083,
        0.9999985098838806,
        -0.001477516139857471,
        -0.021013842895627022,
        -0.002482505515217781,
        0.001479734550230205,
        0.9999958276748657,
        -1.210254192352295
    ],
    [
        0.9999966025352478,
        -0.0006298027001321316,
        0.0025406337808817625,
        0.07226768881082535,
        0.0006338493549264967,
        0.9999985098838806,
        -0.0015921544982120395,
        -0.021639054641127586,
        -0.002539626555517316,
        0.0015937588177621365,
        0.9999954104423523,
        -1.2980058193206787
    ],
    [
        0.9999957084655762,
        -0.000436058035120368,
        0.002903358079493046,
        0.07099135220050812,
        0.00044103601248934865,
        0.9999985098838806,
        -0.0017141482094302773,
        -0.02353416197001934,
        -0.0029026048723608255,
        0.0017154212109744549,
        0.9999942779541016,
        -1.3875519037246704
    ],
    [
        0.9999945163726807,
        -0.0006212907028384507,
        0.003244592808187008,
        0.0704648494720459,
        0.0006270293961279094,
        0.9999982714653015,
        -0.001768163638189435,
        -0.025977885350584984,
        -0.0032434880267828703,
        0.0017701879842206836,
        0.9999932050704956,
        -1.4781858921051025
    ],
    [
        0.9999930262565613,
        -0.0005275076255202293,
        0.003704962320625782,
        0.07136756181716919,
        0.0005331714055500925,
        0.9999987483024597,
        -0.0015280426014214754,
        -0.029510539025068283,
        -0.003704151138663292,
        0.0015300066443160176,
        0.9999918341636658,
        -1.5707653760910034
    ],
    [
        0.9999886155128479,
        -0.0004948386340402067,
        0.004767128732055426,
        0.07208318263292313,
        0.0005016045179218054,
        0.999998927116394,
        -0.0014183094026520848,
        -0.03546243533492088,
        -0.004766420461237431,
        0.001420685090124607,
        0.9999876022338867,
        -1.66237211227417
    ],
    [
        0.9999858736991882,
        -0.0008949189214035869,
        0.005231955554336309,
        0.07237836718559265,
        0.0009020149009302258,
        0.9999986290931702,
        -0.0013540842337533832,
        -0.04160946607589722,
        -0.005230737384408712,
        0.0013587843859568238,
        0.9999854564666748,
        -1.7536367177963257
    ],
    [
        0.9999855160713196,
        -0.0012539358576759696,
        0.0052275084890425205,
        0.0719769299030304,
        0.0012613669969141483,
        0.9999982118606567,
        -0.0014184876345098019,
        -0.04740331694483757,
        -0.005225720815360546,
        0.0014250613749027252,
        0.99998539686203,
        -1.843404769897461
    ],
    [
        0.9999867081642151,
        -0.0011322773061692715,
        0.005022105295211077,
        0.07399046421051025,
        0.001139835687354207,
        0.9999982118606567,
        -0.001502479426562786,
        -0.05146898329257965,
        -0.005020395386964083,
        0.0015081845922395587,
        0.9999862909317017,
        -1.9331852197647095
    ],
    [
        0.9999858736991882,
        -0.0011791958240792155,
        0.005200623068958521,
        0.07757574319839478,
        0.0011873054318130016,
        0.999998152256012,
        -0.0015564861241728067,
        -0.05412541702389717,
        -0.005198778118938208,
        0.001562638906762004,
        0.9999853372573853,
        -2.0224597454071045
    ],
    [
        0.99998539686203,
        -0.0012017061235383153,
        0.005270777735859156,
        0.08273390680551529,
        0.0012117722071707249,
        0.9999975562095642,
        -0.0019070181297138333,
        -0.054802171885967255,
        -0.005268471781164408,
        0.0019133773166686296,
        0.9999842643737793,
        -2.11128306388855
    ],
    [
        0.9999855160713196,
        -0.0012098883744329214,
        0.0052614882588386536,
        0.08907279372215271,
        0.0012193028815090656,
        0.999997615814209,
        -0.0017865325789898634,
        -0.05764467269182205,
        -0.005259313620626926,
        0.0017929221503436565,
        0.9999845027923584,
        -2.2031736373901367
    ],
    [
        0.9999843239784241,
        -0.0011175533290952444,
        0.0054922993294894695,
        0.09549666196107864,
        0.0011266927467659116,
        0.9999980926513672,
        -0.0016612916951999068,
        -0.06319152563810349,
        -0.005490430630743504,
        0.001667453208938241,
        0.999983549118042,
        -2.2970900535583496
    ],
    [
        0.999981701374054,
        -0.0010976007906720042,
        0.005955369211733341,
        0.10150447487831116,
        0.0011052461341023445,
        0.9999985694885254,
        -0.0012807773891836405,
        -0.07070265710353851,
        -0.005953954998403788,
        0.0012873356463387609,
        0.9999814033508301,
        -2.3904647827148438
    ],
    [
        0.9999785423278809,
        -0.0014702293556183577,
        0.006391314323991537,
        0.10574285686016083,
        0.0014772939030081034,
        0.9999983310699463,
        -0.0011006345739588141,
        -0.07831180095672607,
        -0.006389685906469822,
        0.0011100532719865441,
        0.9999790191650391,
        -2.47999906539917
    ]
]