[
    [
        0.9989063739776611,
        -0.012425537221133709,
        0.04507386311888695,
        -0.0679008886218071,
        0.012228838168084621,
        0.9999144077301025,
        0.00463703740388155,
        0.011599942110478878,
        -0.04512762650847435,
        -0.0040807644836604595,
        0.9989728927612305,
        0.45062455534935
    ],
    [
        0.9974821209907532,
        -0.01786765456199646,
        0.06863202899694443,
        -0.0904899388551712,
        0.01740865781903267,
        0.9998219609260559,
        0.007280115503817797,
        0.014189605601131916,
        -0.06874988228082657,
        -0.006066991947591305,
        0.9976155757904053,
        0.5949284434318542
    ],
    [
        0.9943497180938721,
        -0.02279268577694893,
        0.1036783829331398,
        -0.14629898965358734,
        0.021752160042524338,
        0.9997011423110962,
        0.01115585956722498,
        0.01188358198851347,
        -0.10390166938304901,
        -0.008837595582008362,
        0.9945482611656189,
        0.7454137802124023
    ],
    [
        0.9904061555862427,
        -0.02555498294532299,
        0.13580314815044403,
        -0.19339101016521454,
        0.02387462928891182,
        0.9996170401573181,
        0.013988018967211246,
        0.011888151057064533,
        -0.1361086070537567,
        -0.010611570440232754,
        0.9906371235847473,
        0.8801417946815491
    ],
    [
        0.9850097298622131,
        -0.02736911177635193,
        0.17031317949295044,
        -0.23082734644412994,
        0.024811629205942154,
        0.9995453953742981,
        0.017127105966210365,
        0.012416442856192589,
        -0.17070451378822327,
        -0.01264462061226368,
        0.985241174697876,
        1.0348743200302124
    ],
    [
        0.9794660806655884,
        -0.028381241485476494,
        0.1996016800403595,
        -0.25351956486701965,
        0.024909665808081627,
        0.9994919896125793,
        0.01988285221159458,
        0.01325446367263794,
        -0.20006456971168518,
        -0.014502567239105701,
        0.97967529296875,
        1.1726566553115845
    ],
    [
        0.972852885723114,
        -0.029352793470025063,
        0.22955556213855743,
        -0.2647066116333008,
        0.02473433129489422,
        0.9994300603866577,
        0.02297135256230831,
        0.015552879311144352,
        -0.23009899258613586,
        -0.01666984148323536,
        0.9730245471000671,
        1.3255257606506348
    ],
    [
        0.9667932391166687,
        -0.02897939644753933,
        0.2539116442203522,
        -0.2679204046726227,
        0.02369587868452072,
        0.9994348883628845,
        0.023842962458729744,
        0.023239213973283768,
        -0.25445908308029175,
        -0.017034554854035378,
        0.9669334888458252,
        1.4549099206924438
    ],
    [
        0.9588435292243958,
        -0.029460491612553596,
        0.2824026048183441,
        -0.2781944274902344,
        0.023336291313171387,
        0.9994143843650818,
        0.02502593584358692,
        0.028254125267267227,
        -0.2829744815826416,
        -0.017405729740858078,
        0.9589694738388062,
        1.5962421894073486
    ],
    [
        0.9517565965652466,
        -0.03109636902809143,
        0.3052743673324585,
        -0.284093976020813,
        0.02416848950088024,
        0.9993578791618347,
        0.0264479648321867,
        0.02909664437174797,
        -0.30590081214904785,
        -0.017794005572795868,
        0.9518970251083374,
        1.712777853012085
    ],
    [
        0.9449549317359924,
        -0.03254498913884163,
        0.32557785511016846,
        -0.27321895956993103,
        0.025205319747328758,
        0.9993246793746948,
        0.026737436652183533,
        0.032175324857234955,
        -0.32622814178466797,
        -0.01705937832593918,
        0.945137083530426,
        1.8415535688400269
    ],
    [
        0.9406148791313171,
        -0.0340096689760685,
        0.3377675712108612,
        -0.2475096732378006,
        0.026469986885786057,
        0.9992875456809998,
        0.026904206722974777,
        0.03571079298853874,
        -0.33844193816185,
        -0.016365792602300644,
        0.9408448338508606,
        1.9687420129776
    ],
    [
        0.9377062916755676,
        -0.03711758926510811,
        0.345440536737442,
        -0.20528249442577362,
        0.028781980276107788,
        0.9991582036018372,
        0.02923021838068962,
        0.03335360437631607,
        -0.3462347090244293,
        -0.017466899007558823,
        0.9379853010177612,
        2.110743761062622
    ],
    [
        0.9355086088180542,
        -0.03875603899359703,
        0.3511718213558197,
        -0.1752961426973343,
        0.0302299614995718,
        0.9991006255149841,
        0.02973131276667118,
        0.037522412836551666,
        -0.35200825333595276,
        -0.017197981476783752,
        0.9358388781547546,
        2.2341649532318115
    ],
    [
        0.9332223534584045,
        -0.04050206393003464,
        0.3570089638233185,
        -0.1496429443359375,
        0.031614698469638824,
        0.9990286231040955,
        0.030697191134095192,
        0.03774002566933632,
        -0.35790568590164185,
        -0.01736057549715042,
        0.9335963129997253,
        2.372539758682251
    ],
    [
        0.9322559833526611,
        -0.041427597403526306,
        0.3594195246696472,
        -0.12313024699687958,
        0.03219861537218094,
        0.9989808797836304,
        0.03162885084748268,
        0.0327928327023983,
        -0.36036357283592224,
        -0.017913369461894035,
        0.9326398372650146,
        2.4845046997070312
    ],
    [
        0.9331638813018799,
        -0.042065225541591644,
        0.35698142647743225,
        -0.07586178928613663,
        0.03231755271553993,
        0.9989251494407654,
        0.03322983160614967,
        0.01803671568632126,
        -0.35799556970596313,
        -0.01947210542857647,
        0.9335201978683472,
        2.604250431060791
    ],
    [
        0.9354372024536133,
        -0.04009770229458809,
        0.3512115180492401,
        -0.02440686523914337,
        0.030544595792889595,
        0.9989982843399048,
        0.03270106390118599,
        0.006123314145952463,
        -0.35217058658599854,
        -0.019862178713083267,
        0.9357249736785889,
        2.706462860107422
    ],
    [
        0.939615786075592,
        -0.03469441831111908,
        0.34046801924705505,
        0.04224788397550583,
        0.025808149948716164,
        0.9991986155509949,
        0.030595725402235985,
        -0.0068354979157447815,
        -0.34125667810440063,
        -0.019961373880505562,
        0.9397582411766052,
        2.8071179389953613
    ],
    [
        0.9435839653015137,
        -0.027842098847031593,
        0.32996073365211487,
        0.09840908646583557,
        0.020513445138931274,
        0.9994599223136902,
        0.025672465562820435,
        -0.009929338470101357,
        -0.33049726486206055,
        -0.01745549589395523,
        0.9436454176902771,
        2.90433406829834
    ],
    [
        0.948501467704773,
        -0.021615179255604744,
        0.3160342872142792,
        0.15748687088489532,
        0.01555008627474308,
        0.9996436834335327,
        0.0217007864266634,
        -0.01740819215774536,
        -0.3163907527923584,
        -0.015668869018554688,
        0.9484994411468506,
        3.022059917449951
    ],
    [
        0.9529573321342468,
        -0.01715550199151039,
        0.30261874198913574,
        0.20088370144367218,
        0.01223346684128046,
        0.9997603893280029,
        0.018152933567762375,
        -0.02202318236231804,
        -0.3028576076030731,
        -0.013596894219517708,
        0.9529387950897217,
        3.1263158321380615
    ],
    [
        0.9586960673332214,
        -0.013479596935212612,
        0.2841128408908844,
        0.24772435426712036,
        0.008994595147669315,
        0.9998136162757874,
        0.017084764316678047,
        -0.031333234161138535,
        -0.2842901647090912,
        -0.01382361724972725,
        0.958638608455658,
        3.24027419090271
    ],
    [
        0.9654762148857117,
        -0.011465076357126236,
        0.2602386474609375,
        0.30661484599113464,
        0.007446904666721821,
        0.9998374581336975,
        0.016421088948845863,
        -0.036927781999111176,
        -0.26038461923599243,
        -0.0139161990955472,
        0.9654045701026917,
        3.339642286300659
    ],
    [
        0.9735260009765625,
        -0.009743817150592804,
        0.22836846113204956,
        0.38297557830810547,
        0.00647206325083971,
        0.9998654723167419,
        0.015071197412908077,
        -0.03451864421367645,
        -0.22848455607891083,
        -0.013194188475608826,
        0.9734581708908081,
        3.4454185962677
    ]
]