[
    [
        0.9999998211860657,
        4.5818029320798814e-05,
        0.0006474899128079414,
        -0.020022420212626457,
        -4.705797618953511e-05,
        0.9999982118606567,
        0.0019151631277054548,
        0.00024204308283515275,
        -0.0006474010297097266,
        -0.001915193279273808,
        0.9999979734420776,
        -0.001289556035771966
    ],
    [
        0.9999999403953552,
        0.00014694724814034998,
        0.0005723076174035668,
        -0.027820969000458717,
        -0.00014810878201387823,
        0.9999980330467224,
        0.002030465751886368,
        0.00022586259001400322,
        -0.0005720084882341325,
        -0.002030550502240658,
        0.9999977350234985,
        -0.0011243808548897505
    ],
    [
        0.9999998211860657,
        8.076469384832308e-05,
        0.0005221408209763467,
        -0.03713328018784523,
        -8.191330562112853e-05,
        0.9999976754188538,
        0.0021995906718075275,
        0.0002480211842339486,
        -0.0005219620070420206,
        -0.0021996325813233852,
        0.9999973773956299,
        -0.0006175913149490952
    ],
    [
        0.9999999403953552,
        0.0002381118101766333,
        0.0003505652421154082,
        -0.043801479041576385,
        -0.00023887322458904237,
        0.9999976754188538,
        0.002172973705455661,
        0.00029859982896596193,
        -0.00035004675737582147,
        -0.0021730568259954453,
        0.999997615814209,
        -0.00032469138386659324
    ],
    [
        0.9999998807907104,
        0.00032926694257184863,
        0.00025613137404434383,
        -0.052403755486011505,
        -0.000329833070281893,
        0.9999974966049194,
        0.00221318774856627,
        0.00028169972938485444,
        -0.0002554026432335377,
        -0.0022132722660899162,
        0.9999974966049194,
        -8.439437806373462e-05
    ],
    [
        0.9999998807907104,
        0.000377186166588217,
        0.00027342350222170353,
        -0.059391241520643234,
        -0.00037782490835525095,
        0.9999972581863403,
        0.0023403300438076258,
        0.00025166914565488696,
        -0.00027254049200564623,
        -0.002340433420613408,
        0.9999972581863403,
        0.0001426443923264742
    ],
    [
        1.0,
        0.00038445525569841266,
        0.0001800093159545213,
        -0.06807688623666763,
        -0.00038488878635689616,
        0.9999970197677612,
        0.002415875904262066,
        0.0002990812645293772,
        -0.00017907965229824185,
        -0.002415945054963231,
        0.9999970197677612,
        0.0006804278818890452
    ],
    [
        0.9999999403953552,
        0.0004309495270717889,
        0.00010832886619027704,
        -0.07494047284126282,
        -0.000431220541941002,
        0.9999967813491821,
        0.002518876688554883,
        0.0002658288285601884,
        -0.00010724314051913098,
        -0.0025189234875142574,
        0.9999967813491821,
        0.0010224328143522143
    ],
    [
        0.9999998807907104,
        0.000589036091696471,
        1.1271857147221453e-05,
        -0.08394768834114075,
        -0.0005890628672204912,
        0.999996542930603,
        0.0025598029606044292,
        0.00032522896071895957,
        -9.76414685283089e-06,
        -0.002559808548539877,
        0.9999967813491821,
        0.001316745183430612
    ],
    [
        0.9999997615814209,
        0.0007811924442648888,
        4.651131166610867e-05,
        -0.09135288745164871,
        -0.0007813116535544395,
        0.9999963045120239,
        0.002630766713991761,
        0.00038954545743763447,
        -4.445569356903434e-05,
        -0.0026308016385883093,
        0.999996542930603,
        0.001544323517009616
    ],
    [
        0.9999995231628418,
        0.0009759930544532835,
        0.00013737956760451198,
        -0.10057973861694336,
        -0.0009763650596141815,
        0.9999958872795105,
        0.0027346245478838682,
        0.0003900928422808647,
        -0.0001347094657830894,
        -0.002734757261350751,
        0.9999963045120239,
        0.00206637941300869
    ],
    [
        0.9999995827674866,
        0.0009488669456914067,
        -9.470940130995587e-05,
        -0.10813884437084198,
        -0.0009485951159149408,
        0.9999955892562866,
        0.002830761019140482,
        0.00031331091304309666,
        9.73955902736634e-05,
        -0.0028306706808507442,
        0.9999959468841553,
        0.00230197049677372
    ],
    [
        0.9999993443489075,
        0.0011304656509310007,
        -0.00033352631726302207,
        -0.11768725514411926,
        -0.0011294814758002758,
        0.9999951124191284,
        0.002934457501396537,
        0.0002841561217792332,
        0.00033684162190183997,
        -0.0029340791516005993,
        0.9999955892562866,
        0.002541305497288704
    ],
    [
        0.9999988079071045,
        0.0015006259782239795,
        -0.000537936226464808,
        -0.1272650510072708,
        -0.0014989952323958278,
        0.9999943375587463,
        0.0030193545389920473,
        0.0003336387744639069,
        0.000542463909368962,
        -0.003018544288352132,
        0.9999953508377075,
        0.003092430764809251
    ],
    [
        0.9999985098838806,
        0.0015334768686443567,
        -0.000743543088901788,
        -0.13407805562019348,
        -0.0015311051392927766,
        0.9999938011169434,
        0.003180032130330801,
        0.0004343896871432662,
        0.0007484147790819407,
        -0.0031788889318704605,
        0.9999946355819702,
        0.0033182536717504263
    ],
    [
        0.9999982714653015,
        0.0014851120067760348,
        -0.001143235363997519,
        -0.14192184805870056,
        -0.0014810700668022037,
        0.9999926686286926,
        0.003528367495164275,
        0.00035680190194398165,
        0.001148466719314456,
        -0.0035266675986349583,
        0.999993085861206,
        0.003537463489919901
    ],
    [
        0.9999979138374329,
        0.0014222936006262898,
        -0.0014366884715855122,
        -0.14839446544647217,
        -0.0014170093927532434,
        0.9999922513961792,
        0.0036726349499076605,
        0.000560699962079525,
        0.0014419014332816005,
        -0.003670591162517667,
        0.9999921321868896,
        0.003729111747816205
    ],
    [
        0.9999980330467224,
        0.0014592754887416959,
        -0.0014161012368276715,
        -0.15660201013088226,
        -0.0014537818497046828,
        0.9999914765357971,
        0.003872517729178071,
        0.000644982501398772,
        0.0014217401621863246,
        -0.0038704504258930683,
        0.9999915361404419,
        0.0041978429071605206
    ],
    [
        0.9999975562095642,
        0.0015621668426319957,
        -0.0015733193140476942,
        -0.1632859706878662,
        -0.0015558962477371097,
        0.9999908804893494,
        0.003979082684963942,
        0.0006097652367316186,
        0.0015795206418260932,
        -0.003976625390350819,
        0.9999908208847046,
        0.00447607459500432
    ],
    [
        0.9999969601631165,
        0.0019458919996395707,
        -0.00148211105260998,
        -0.17156526446342468,
        -0.0019399892771616578,
        0.9999902844429016,
        0.003973769024014473,
        0.00040367693873122334,
        0.0014898291556164622,
        -0.003970881458371878,
        0.9999910593032837,
        0.0047685811296105385
    ],
    [
        0.9999974966049194,
        0.0018668739357963204,
        -0.0013017341261729598,
        -0.17872299253940582,
        -0.0018617425812408328,
        0.9999906420707703,
        0.003932304214686155,
        0.0005660437745973468,
        0.001309062703512609,
        -0.003929871134459972,
        0.9999914169311523,
        0.00494216475635767
    ],
    [
        0.9999969005584717,
        0.002163384109735489,
        -0.0012403575237840414,
        -0.18799345195293427,
        -0.002158423652872443,
        0.9999896883964539,
        0.00398736959323287,
        0.0006099604070186615,
        0.0012489715591073036,
        -0.003984680864959955,
        0.9999912977218628,
        0.005484228953719139
    ],
    [
        0.999996542930603,
        0.0024256291799247265,
        -0.0010741555597633123,
        -0.1957426220178604,
        -0.0024213059805333614,
        0.9999890923500061,
        0.004007663577795029,
        0.00045820558443665504,
        0.0010838652960956097,
        -0.004005048889666796,
        0.9999912977218628,
        0.005775853525847197
    ],
    [
        0.9999957084655762,
        0.00284582725726068,
        -0.0007461794884875417,
        -0.20580323040485382,
        -0.00284280045889318,
        0.9999878406524658,
        0.004026817623525858,
        0.0004706170584540814,
        0.0007576296920888126,
        -0.004024679772555828,
        0.9999916553497314,
        0.0059547447599470615
    ],
    [
        0.9999953508377075,
        0.002954585710540414,
        -0.0007334920228458941,
        -0.21504640579223633,
        -0.0029515952337533236,
        0.9999874830245972,
        0.00404531741514802,
        0.0005537563120014966,
        0.0007454351289197803,
        -0.004043134395033121,
        0.9999915361404419,
        0.006293447222560644
    ]
]