[
    [
        0.9993342757225037,
        0.014297041110694408,
        0.03356475010514259,
        -0.49302414059638977,
        -0.014188875444233418,
        0.9998933672904968,
        -0.003458580235019326,
        0.03617515414953232,
        -0.03361062332987785,
        0.002980031305924058,
        0.9994304776191711,
        -0.2933529317378998
    ],
    [
        0.9995322823524475,
        0.014463908970355988,
        0.02694583497941494,
        -0.4998861849308014,
        -0.014390791766345501,
        0.9998921751976013,
        -0.0029054617043584585,
        0.03620246425271034,
        -0.02698495425283909,
        0.0025163309182971716,
        0.999632716178894,
        -0.2920722961425781
    ],
    [
        0.9997565746307373,
        0.014591232873499393,
        0.016548072919249535,
        -0.5094428062438965,
        -0.014559582807123661,
        0.9998919367790222,
        -0.002031563315540552,
        0.036083392798900604,
        -0.016575930640101433,
        0.0017901354003697634,
        0.9998608827590942,
        -0.290723979473114
    ],
    [
        0.9998459815979004,
        0.014678136445581913,
        0.009627358056604862,
        -0.515855610370636,
        -0.014663701876997948,
        0.9998911619186401,
        -0.0015682652592658997,
        0.03624998405575752,
        -0.009649328887462616,
        0.0014268516097217798,
        0.9999524354934692,
        -0.28953731060028076
    ],
    [
        0.9998883008956909,
        0.01491357572376728,
        -0.0009748105076141655,
        -0.5254865288734436,
        -0.01491403765976429,
        0.9998886585235596,
        -0.00046856794506311417,
        0.03587823733687401,
        0.0009677134221419692,
        0.0004830540274269879,
        0.9999994039535522,
        -0.28799131512641907
    ],
    [
        0.9998548030853271,
        0.015047767199575901,
        -0.007995829917490482,
        -0.5320755243301392,
        -0.015049437992274761,
        0.999886691570282,
        -0.00014866185665596277,
        0.03625906631350517,
        0.007992686703801155,
        0.000268973148195073,
        0.9999680519104004,
        -0.2872472405433655
    ],
    [
        0.999712347984314,
        0.015229570679366589,
        -0.01852845400571823,
        -0.5422655940055847,
        -0.015214931219816208,
        0.999883770942688,
        0.0009308358421549201,
        0.035904690623283386,
        0.018540481105446815,
        -0.0006486590718850493,
        0.9998278617858887,
        -0.2860230803489685
    ],
    [
        0.9994632005691528,
        0.015454111620783806,
        -0.028885696083307266,
        -0.5532243251800537,
        -0.015397094190120697,
        0.999879002571106,
        0.0021952560637146235,
        0.03526122495532036,
        0.0289161279797554,
        -0.0017493218183517456,
        0.9995803236961365,
        -0.2850056290626526
    ],
    [
        0.999194860458374,
        0.01538748387247324,
        -0.03705329820513725,
        -0.5585815906524658,
        -0.015277845785021782,
        0.9998779892921448,
        0.003240241203457117,
        0.03449830040335655,
        0.037098634988069534,
        -0.002671537920832634,
        0.9993079900741577,
        -0.28451699018478394
    ],
    [
        0.9987376928329468,
        0.015629345551133156,
        -0.04773559421300888,
        -0.5694554448127747,
        -0.015440689399838448,
        0.999871551990509,
        0.004318314138799906,
        0.034188851714134216,
        0.04779694601893425,
        -0.003575793234631419,
        0.9988507032394409,
        -0.28359168767929077
    ],
    [
        0.9983652830123901,
        0.015764519572257996,
        -0.05493913218379021,
        -0.5767082571983337,
        -0.015516972169280052,
        0.9998674988746643,
        0.004929531831294298,
        0.03421809896826744,
        0.05500956252217293,
        -0.004068983253091574,
        0.9984775185585022,
        -0.2830422818660736
    ],
    [
        0.9977348446846008,
        0.01591665670275688,
        -0.06535926461219788,
        -0.5882607102394104,
        -0.015558824874460697,
        0.9998610019683838,
        0.005980220157653093,
        0.0339592844247818,
        0.06544536352157593,
        -0.004949761088937521,
        0.9978439807891846,
        -0.28237542510032654
    ],
    [
        0.9966197609901428,
        0.016124986112117767,
        -0.0805557370185852,
        -0.6013375520706177,
        -0.015574493445456028,
        0.9998509287834167,
        0.007457362953573465,
        0.03337157145142555,
        0.08066397905349731,
        -0.006177539937198162,
        0.9967221617698669,
        -0.28217798471450806
    ],
    [
        0.996030330657959,
        0.016226043924689293,
        -0.08752302825450897,
        -0.6087533831596375,
        -0.015530253760516644,
        0.9998421669006348,
        0.008624916896224022,
        0.032456379383802414,
        0.08764917403459549,
        -0.007231425493955612,
        0.9961251616477966,
        -0.2820185422897339
    ],
    [
        0.994731068611145,
        0.016553200781345367,
        -0.10117427259683609,
        -0.6234439611434937,
        -0.01561271958053112,
        0.9998272657394409,
        0.01008050050586462,
        0.03207217901945114,
        0.10132366418838501,
        -0.008447779342532158,
        0.9948175549507141,
        -0.28220805525779724
    ],
    [
        0.9939848780632019,
        0.016680408269166946,
        -0.10823971778154373,
        -0.6301331520080566,
        -0.015561203472316265,
        0.9998164176940918,
        0.01117654424160719,
        0.031157974153757095,
        0.10840627551078796,
        -0.009424976073205471,
        0.9940620064735413,
        -0.2825925052165985
    ],
    [
        0.9929023385047913,
        0.017084510996937752,
        -0.11769958585500717,
        -0.6416372656822205,
        -0.01572839729487896,
        0.9997989535331726,
        0.012441090308129787,
        0.030593693256378174,
        0.11788845807313919,
        -0.01050155982375145,
        0.9929712414741516,
        -0.28239282965660095
    ],
    [
        0.992123544216156,
        0.017341958358883858,
        -0.12405690550804138,
        -0.6490300893783569,
        -0.015847330912947655,
        0.9997895359992981,
        0.013024643063545227,
        0.03054891526699066,
        0.1242566630244255,
        -0.010956083424389362,
        0.9921896457672119,
        -0.28256335854530334
    ],
    [
        0.9903779029846191,
        0.017700081691145897,
        -0.13725261390209198,
        -0.6626962423324585,
        -0.01605646312236786,
        0.9997856020927429,
        0.013073121197521687,
        0.032113175839185715,
        0.13745461404323578,
        -0.010743538849055767,
        0.990449845790863,
        -0.2836574912071228
    ],
    [
        0.9887503981590271,
        0.017874976620078087,
        -0.14850325882434845,
        -0.6706491112709045,
        -0.015947891399264336,
        0.9997725486755371,
        0.014157461002469063,
        0.03147969767451286,
        0.1487225592136383,
        -0.011629881337285042,
        0.9888105392456055,
        -0.2852485775947571
    ],
    [
        0.9878036975860596,
        0.01819835603237152,
        -0.15463706851005554,
        -0.6781094670295715,
        -0.016081973910331726,
        0.9997592568397522,
        0.014926183968782425,
        0.031239420175552368,
        0.15487147867679596,
        -0.012257269583642483,
        0.9878585338592529,
        -0.285290390253067
    ],
    [
        0.9863057136535645,
        0.018688838928937912,
        -0.16386474668979645,
        -0.6892406940460205,
        -0.016362663358449936,
        0.9997454881668091,
        0.015534107573330402,
        0.03170016035437584,
        0.1641133576631546,
        -0.012640116736292839,
        0.9863605499267578,
        -0.28593727946281433
    ],
    [
        0.985289454460144,
        0.01902819238603115,
        -0.1698310375213623,
        -0.6970701217651367,
        -0.016633400693535805,
        0.99974125623703,
        0.01551280077546835,
        0.03263724595308304,
        0.17008228600025177,
        -0.012459730729460716,
        0.9853510856628418,
        -0.2867526710033417
    ],
    [
        0.9836692214012146,
        0.01959054544568062,
        -0.1789161115884781,
        -0.7086274027824402,
        -0.01694122888147831,
        0.9997231960296631,
        0.01632360741496086,
        0.03269920498132706,
        0.1791863888502121,
        -0.013025972992181778,
        0.9837289452552795,
        -0.28772300481796265
    ],
    [
        0.9817600250244141,
        0.019956979900598526,
        -0.18907374143600464,
        -0.718810498714447,
        -0.017005672678351402,
        0.9997071027755737,
        0.017218925058841705,
        0.032556913793087006,
        0.18936200439929962,
        -0.013689527288079262,
        0.9818119406700134,
        -0.28911516070365906
    ]
]