[
    [
        0.9999995231628418,
        2.493402462278027e-05,
        -0.001027075806632638,
        0.002784254029393196,
        -2.3265978597919457e-05,
        0.9999986886978149,
        0.001624028547666967,
        0.010790547356009483,
        0.0010271151550114155,
        -0.0016240041004493833,
        0.9999980926513672,
        -0.12611176073551178
    ],
    [
        0.9999998807907104,
        -0.00013893582217860967,
        -0.00047896886826492846,
        0.0045425668358802795,
        0.0001393451530020684,
        0.9999996423721313,
        0.0008543473668396473,
        0.02106345258653164,
        0.000478849106002599,
        -0.0008544136653654277,
        0.9999995231628418,
        -0.1706521213054657
    ],
    [
        1.0,
        -0.00013189522724132985,
        0.00016209519526455551,
        0.00504232756793499,
        0.00013183375995140523,
        1.0,
        0.0003777123929467052,
        0.03097338043153286,
        -0.00016214480274356902,
        -0.0003776906232815236,
        0.9999998807907104,
        -0.21522174775600433
    ],
    [
        0.9999998211860657,
        -0.00021254806779325008,
        0.0005916961818002164,
        0.00718526728451252,
        0.00021238693443592638,
        0.9999999403953552,
        0.00027224072255194187,
        0.045355264097452164,
        -0.0005917538655921817,
        -0.00027211528504267335,
        0.9999997615814209,
        -0.2756767272949219
    ],
    [
        0.9999991655349731,
        -0.0002273294230690226,
        0.0013120565563440323,
        0.009053603745996952,
        0.00022667263692710549,
        0.9999998807907104,
        0.0005004059057682753,
        0.05637790262699127,
        -0.0013121707597747445,
        -0.0005001082317903638,
        0.9999990463256836,
        -0.3223446309566498
    ],
    [
        0.9999983310699463,
        -0.00031489538378082216,
        0.0018191169947385788,
        0.01098856795579195,
        0.0003142646455671638,
        0.9999998807907104,
        0.0003473522956483066,
        0.07092581689357758,
        -0.0018192264251410961,
        -0.0003467797359917313,
        0.9999983310699463,
        -0.3847911059856415
    ],
    [
        0.9999971985816956,
        -0.00013158466026652604,
        0.0024013505317270756,
        0.011545507237315178,
        0.00013082637451589108,
        1.0,
        0.00031608008430339396,
        0.07986728101968765,
        -0.0024013924412429333,
        -0.00031576494802720845,
        0.9999970197677612,
        -0.43142712116241455
    ],
    [
        0.9999954104423523,
        -6.184016092447564e-05,
        0.0030364440754055977,
        0.012982159852981567,
        6.131784903118387e-05,
        1.0,
        0.00017205599579028785,
        0.08872844278812408,
        -0.003036454087123275,
        -0.00017186901823151857,
        0.9999954700469971,
        -0.4787798523902893
    ],
    [
        0.9999898076057434,
        -0.00020934754866175354,
        0.004501147195696831,
        0.012277045287191868,
        0.0002095914533128962,
        1.0,
        -5.3839143220102414e-05,
        0.10149327665567398,
        -0.004501136485487223,
        5.4782860388513654e-05,
        0.9999898672103882,
        -0.5394692420959473
    ],
    [
        0.9999851584434509,
        -0.00029290764359757304,
        0.005448411218822002,
        0.01230514608323574,
        0.0002932334318757057,
        1.0,
        -5.910822073929012e-05,
        0.11079496145248413,
        -0.005448394455015659,
        6.070477684261277e-05,
        0.9999850988388062,
        -0.5838664174079895
    ],
    [
        0.999977707862854,
        -0.00032607349567115307,
        0.006668969057500362,
        0.012151106260716915,
        0.00032785054645501077,
        0.9999999403953552,
        -0.0002654455020092428,
        0.12148857116699219,
        -0.006668881978839636,
        0.00026762651395983994,
        0.999977707862854,
        -0.6429402232170105
    ],
    [
        0.9999671578407288,
        -0.00042986072367057204,
        0.008096148259937763,
        0.010237099602818489,
        0.0004307382623665035,
        0.9999998807907104,
        -0.00010661317355697975,
        0.12871195375919342,
        -0.008096101693809032,
        0.00011009781155735254,
        0.9999672174453735,
        -0.6855912804603577
    ],
    [
        0.9999592900276184,
        -0.00024704390671104193,
        0.00902285985648632,
        0.0086226100102067,
        0.00024530512746423483,
        0.9999999403953552,
        0.00019382528262212873,
        0.13726308941841125,
        -0.009022907353937626,
        -0.000191603772691451,
        0.9999593496322632,
        -0.7424570322036743
    ],
    [
        0.9999465346336365,
        -0.00028788685449399054,
        0.010341260582208633,
        0.005853932350873947,
        0.00028721915441565216,
        1.0,
        6.606573879253119e-05,
        0.14481446146965027,
        -0.010341279208660126,
        -6.309125456027687e-05,
        0.9999464750289917,
        -0.7843247056007385
    ],
    [
        0.9999380707740784,
        -0.0002711887937039137,
        0.011134415864944458,
        0.00415102019906044,
        0.00027456023963168263,
        0.9999998807907104,
        -0.0003012465895153582,
        0.15239015221595764,
        -0.011134332045912743,
        0.00030428534955717623,
        0.999937891960144,
        -0.8260934352874756
    ],
    [
        0.9999184012413025,
        -0.0003501833707559854,
        0.012771796435117722,
        5.4899857786949724e-05,
        0.00036063670995645225,
        0.9999997019767761,
        -0.0008162027224898338,
        0.16266585886478424,
        -0.012771505862474442,
        0.000820742454379797,
        0.9999181032180786,
        -0.8806952238082886
    ],
    [
        0.9999116063117981,
        -0.0003443245077505708,
        0.013293513096868992,
        -0.003115533385425806,
        0.0003579375334084034,
        0.9999994039535522,
        -0.0010216310620307922,
        0.170510396361351,
        -0.013293152675032616,
        0.001026298850774765,
        0.9999110698699951,
        -0.9213526844978333
    ],
    [
        0.999894917011261,
        -0.0002412164321867749,
        0.014501000754535198,
        -0.006864591501653194,
        0.0002538965782150626,
        0.9999995827674866,
        -0.0008726270170882344,
        0.18033814430236816,
        -0.014500784687697887,
        0.0008762170327827334,
        0.9998944997787476,
        -0.9760331511497498
    ],
    [
        0.9998798370361328,
        -0.00021979222947265953,
        0.015504186972975731,
        -0.01034217607229948,
        0.0002455288777127862,
        0.9999986886978149,
        -0.0016581100644543767,
        0.18813997507095337,
        -0.01550380140542984,
        0.0016617145156487823,
        0.999878466129303,
        -1.016094446182251
    ],
    [
        0.999866783618927,
        -0.00018954099505208433,
        0.016319280490279198,
        -0.013410254381597042,
        0.00021686610125470906,
        0.9999986290931702,
        -0.001672650221735239,
        0.19439750909805298,
        -0.01631893776357174,
        0.001675962470471859,
        0.9998654723167419,
        -1.0553522109985352
    ],
    [
        0.999848484992981,
        -2.630024573591072e-05,
        0.017410481348633766,
        -0.017350267618894577,
        4.6074826968833804e-05,
        0.9999994039535522,
        -0.0011353968875482678,
        0.2015293687582016,
        -0.017410440370440483,
        0.0011360261123627424,
        0.9998477697372437,
        -1.1066243648529053
    ],
    [
        0.9998379945755005,
        5.1528404583223164e-05,
        0.018001385033130646,
        -0.020955219864845276,
        -2.3020696971798316e-05,
        0.9999988079071045,
        -0.0015838212566450238,
        0.2067059576511383,
        -0.01800144650042057,
        0.00158315512817353,
        0.9998366832733154,
        -1.143860936164856
    ],
    [
        0.999825119972229,
        0.0001944714895216748,
        0.018700439482927322,
        -0.025452790781855583,
        -0.00014860567171126604,
        0.999997079372406,
        -0.002454051747918129,
        0.21296295523643494,
        -0.01870086044073105,
        0.002450845204293728,
        0.9998221397399902,
        -1.1906688213348389
    ],
    [
        0.9998123645782471,
        1.3095592294121161e-05,
        0.019370153546333313,
        -0.030211346223950386,
        3.864568134304136e-05,
        0.9999964237213135,
        -0.002670822897925973,
        0.216505765914917,
        -0.019370121881365776,
        0.00267107249237597,
        0.9998087882995605,
        -1.2238984107971191
    ],
    [
        0.9997951984405518,
        0.00014309806283563375,
        0.02023666352033615,
        -0.03630036488175392,
        -8.027182047953829e-05,
        0.999995231628418,
        -0.0031053414568305016,
        0.22182808816432953,
        -0.020237011834979057,
        0.00310308369807899,
        0.9997903108596802,
        -1.2663148641586304
    ]
]