[
    [
        0.9999994039535522,
        -0.0007379089947789907,
        0.000816947955172509,
        0.14791665971279144,
        0.0007372541003860533,
        0.999999463558197,
        0.0008016969077289104,
        -0.0017663106555119157,
        -0.000817539170384407,
        -0.0008010944002307951,
        0.9999994039535522,
        -0.02312907949090004
    ],
    [
        0.9999988079071045,
        -0.0010076792677864432,
        0.0012127516092732549,
        0.1680268496274948,
        0.001006492879241705,
        0.9999990463256836,
        0.000978289870545268,
        -0.002056871773675084,
        -0.0012137357844039798,
        -0.0009770672768354416,
        0.9999988079071045,
        -0.023261357098817825
    ],
    [
        0.9999985694885254,
        -0.001334468019194901,
        0.001051450613886118,
        0.1939290463924408,
        0.0013334330869838595,
        0.9999986886978149,
        0.0009844155283644795,
        -0.0022989234421402216,
        -0.0010527630802243948,
        -0.0009830126073211432,
        0.999998927116394,
        -0.023466967046260834
    ],
    [
        0.9999987483024597,
        -0.0015230706194415689,
        0.0004676486714743078,
        0.2206069380044937,
        0.001522702630609274,
        0.9999985694885254,
        0.0007872190908528864,
        -0.00269885896705091,
        -0.0004688472836278379,
        -0.0007865058723837137,
        0.9999995231628418,
        -0.023797594010829926
    ],
    [
        0.9999983310699463,
        -0.0018570494139567018,
        2.131938708771486e-05,
        0.2486312836408615,
        0.0018570359097793698,
        0.9999980926513672,
        0.0006023826426826417,
        -0.0031698925886303186,
        -2.243761446152348e-05,
        -0.0006023423629812896,
        0.9999997615814209,
        -0.02419753558933735
    ],
    [
        0.9999971985816956,
        -0.002357278950512409,
        0.0003832749789580703,
        0.27620571851730347,
        0.0023570002522319555,
        0.9999969601631165,
        0.0007263535517267883,
        -0.0035574696958065033,
        -0.0003849861095659435,
        -0.000725447665899992,
        0.9999997615814209,
        -0.024249674752354622
    ],
    [
        0.9999960660934448,
        -0.0028037705924361944,
        0.0004116847412660718,
        0.30373242497444153,
        0.002803464885801077,
        0.9999958872795105,
        0.0007404431817121804,
        -0.0037463330663740635,
        -0.0004137593205086887,
        -0.0007392859552055597,
        0.9999996423721313,
        -0.024312589317560196
    ],
    [
        0.9999949336051941,
        -0.003175984835252166,
        0.00024865861632861197,
        0.3312154710292816,
        0.0031758106779307127,
        0.9999947547912598,
        0.0006951322429813445,
        -0.0041775149293243885,
        -0.00025086544337682426,
        -0.000694338814355433,
        0.9999997615814209,
        -0.024621635675430298
    ],
    [
        0.999994158744812,
        -0.003404191927984357,
        0.000286739639705047,
        0.3585503399372101,
        0.003403977258130908,
        0.9999939799308777,
        0.0007461623754352331,
        -0.004389058332890272,
        -0.00028927731909789145,
        -0.0007451825658790767,
        0.9999996423721313,
        -0.024727713316679
    ],
    [
        0.9999929070472717,
        -0.003787718480452895,
        0.0001982647372642532,
        0.3861457407474518,
        0.0037876232527196407,
        0.9999927282333374,
        0.00047805040958337486,
        -0.004864934366196394,
        -0.0002000732783926651,
        -0.0004772956308443099,
        0.9999998807907104,
        -0.02493126504123211
    ],
    [
        0.9999908804893494,
        -0.004237571265548468,
        0.0006092975381761789,
        0.41456368565559387,
        0.004237325396388769,
        0.9999908804893494,
        0.0004063565284013748,
        -0.00496583990752697,
        -0.000611013441812247,
        -0.00040377050754614174,
        0.9999997615814209,
        -0.024993563070893288
    ],
    [
        0.9999879598617554,
        -0.004868585616350174,
        0.0006659653736278415,
        0.44345396757125854,
        0.004868410527706146,
        0.9999881386756897,
        0.0002644583582878113,
        -0.005257484968751669,
        -0.0006672446615993977,
        -0.00026121261180378497,
        0.9999996423721313,
        -0.025128507986664772
    ],
    [
        0.9999855756759644,
        -0.005339003633707762,
        0.0006065077614039183,
        0.4731086492538452,
        0.005338850896805525,
        0.9999857544898987,
        0.0002535876992624253,
        -0.005443426314741373,
        -0.0006078532314859331,
        -0.0002503452997189015,
        0.9999997615814209,
        -0.02525871992111206
    ],
    [
        0.9999839663505554,
        -0.005628657061606646,
        0.0007808500085957348,
        0.4961477518081665,
        0.005628228187561035,
        0.9999839663505554,
        0.0005520926206372678,
        -0.005357596557587385,
        -0.0007839450845494866,
        -0.0005476893275044858,
        0.9999995231628418,
        -0.025086794048547745
    ],
    [
        0.9999825954437256,
        -0.005725425202399492,
        0.0014663386391475797,
        0.5279049277305603,
        0.0057246810756623745,
        0.999983549118042,
        0.0005115093081258237,
        -0.005633246153593063,
        -0.0014692435506731272,
        -0.0005031067994423211,
        0.9999988079071045,
        -0.02529684081673622
    ],
    [
        0.9999803304672241,
        -0.005951345432549715,
        0.0020054257474839687,
        0.5581676363945007,
        0.005950926337391138,
        0.9999821782112122,
        0.00021460636344272643,
        -0.006000027991831303,
        -0.002006666734814644,
        -0.00020266862702555954,
        0.9999979734420776,
        -0.0254531130194664
    ],
    [
        0.9999773502349854,
        -0.0063482895493507385,
        0.0022388382349163294,
        0.5873686075210571,
        0.006348602473735809,
        0.9999798536300659,
        -0.00013263650180306286,
        -0.005985014606267214,
        -0.0022379509173333645,
        0.00014684749476145953,
        0.9999974966049194,
        -0.025644361972808838
    ],
    [
        0.999976634979248,
        -0.006633827928453684,
        0.0016633502673357725,
        0.6150822639465332,
        0.006634245626628399,
        0.9999780058860779,
        -0.00024551167734898627,
        -0.0059323846362531185,
        -0.0016616856446489692,
        0.0002565413306001574,
        0.9999985694885254,
        -0.02584175020456314
    ],
    [
        0.9999737739562988,
        -0.007022195495665073,
        0.0017182364827021956,
        0.6437150239944458,
        0.00702302623540163,
        0.9999752044677734,
        -0.0004776213027071208,
        -0.005913204979151487,
        -0.0017148404149338603,
        0.0004896757309325039,
        0.9999984502792358,
        -0.02591472491621971
    ],
    [
        0.9999704957008362,
        -0.007489330600947142,
        0.0017718147719278932,
        0.6720322370529175,
        0.007490763906389475,
        0.9999715685844421,
        -0.000803597504273057,
        -0.006026620510965586,
        -0.001765745342709124,
        0.0008168453350663185,
        0.9999980926513672,
        -0.026114562526345253
    ],
    [
        0.9999667406082153,
        -0.007983485236763954,
        0.0016503807855769992,
        0.6991594433784485,
        0.007984720170497894,
        0.9999678730964661,
        -0.0007435028674080968,
        -0.005893168970942497,
        -0.0016443922650068998,
        0.000756656052544713,
        0.9999983310699463,
        -0.02619846723973751
    ],
    [
        0.9999642372131348,
        -0.008291819132864475,
        0.0016737162368372083,
        0.726019561290741,
        0.008292502723634243,
        0.999965488910675,
        -0.0004026231181342155,
        -0.005618612747639418,
        -0.0016703198198229074,
        0.0004164879210293293,
        0.9999985694885254,
        -0.026030033826828003
    ],
    [
        0.9999633431434631,
        -0.008369097486138344,
        0.0018585709622129798,
        0.7530083060264587,
        0.008369593881070614,
        0.9999648928642273,
        -0.00025985503452830017,
        -0.005556037649512291,
        -0.0018563311314210296,
        0.0002754009037744254,
        0.9999982118606567,
        -0.026052679866552353
    ],
    [
        0.999963104724884,
        -0.008397911675274372,
        0.0018711074953898787,
        0.7801138162612915,
        0.008398628793656826,
        0.999964714050293,
        -0.0003756011719815433,
        -0.005453050602227449,
        -0.0018678876804187894,
        0.0003913018445018679,
        0.9999982118606567,
        -0.026038963347673416
    ],
    [
        0.999960720539093,
        -0.008690450340509415,
        0.001776985707692802,
        0.8080366849899292,
        0.008691380731761456,
        0.9999620318412781,
        -0.000516679894644767,
        -0.005217890255153179,
        -0.0017724286299198866,
        0.000532104168087244,
        0.9999983310699463,
        -0.02598189376294613
    ]
]