[
    [
        0.9999967217445374,
        -0.0020263150800019503,
        -0.0015963901532813907,
        -0.13998782634735107,
        0.0020326930098235607,
        0.999989926815033,
        0.0040038274601101875,
        -0.01717505417764187,
        0.0015882609877735376,
        -0.004007058683782816,
        0.999990701675415,
        -0.03453167900443077
    ],
    [
        0.9999982118606567,
        -0.0018586227670311928,
        -0.0004321072774473578,
        -0.20065878331661224,
        0.0018604786600917578,
        0.9999889731407166,
        0.004334092605859041,
        -0.01878250576555729,
        0.0004240477574057877,
        -0.004334889817982912,
        0.9999904632568359,
        -0.040531933307647705
    ],
    [
        0.999998152256012,
        -0.0017199516296386719,
        0.0009913897374644876,
        -0.2515658736228943,
        0.0017155325040221214,
        0.9999886155128479,
        0.004441652446985245,
        -0.02012007310986519,
        -0.0009990172693505883,
        -0.004439942538738251,
        0.9999896287918091,
        -0.04580860957503319
    ],
    [
        0.999997079372406,
        -0.0016879434697329998,
        0.0017535961233079433,
        -0.3073437809944153,
        0.0016796006821095943,
        0.9999873638153076,
        0.004747920669615269,
        -0.021352898329496384,
        -0.0017615881515666842,
        -0.004744961392134428,
        0.9999872446060181,
        -0.051228687167167664
    ],
    [
        0.9999935030937195,
        -0.0016089960699900985,
        0.0032083604019135237,
        -0.3697667717933655,
        0.0015931709203869104,
        0.9999865889549255,
        0.004928922280669212,
        -0.022776415571570396,
        -0.0032162487041205168,
        -0.004923778586089611,
        0.9999827146530151,
        -0.05766670033335686
    ],
    [
        0.9999885559082031,
        -0.001692116493359208,
        0.004487030673772097,
        -0.4354221522808075,
        0.0016683819703757763,
        0.9999847412109375,
        0.005287984851747751,
        -0.024236654862761497,
        -0.004495908040553331,
        -0.005280438344925642,
        0.9999759197235107,
        -0.06397491693496704
    ],
    [
        0.9999820590019226,
        -0.0019369411747902632,
        0.005673754960298538,
        -0.502754807472229,
        0.0019041127525269985,
        0.9999814629554749,
        0.005785839166492224,
        -0.02525721862912178,
        -0.005684856791049242,
        -0.005774930585175753,
        0.9999672174453735,
        -0.0702505111694336
    ],
    [
        0.9999723434448242,
        -0.002141522942110896,
        0.00713203102350235,
        -0.572332501411438,
        0.002100773388519883,
        0.9999814629554749,
        0.005716073792427778,
        -0.02543717436492443,
        -0.007144139613956213,
        -0.005700932815670967,
        0.9999582767486572,
        -0.07528587430715561
    ],
    [
        0.9999593496322632,
        -0.0026070543099194765,
        0.008639846928417683,
        -0.6420230865478516,
        0.0025608649011701345,
        0.9999824166297913,
        0.005352827720344067,
        -0.026225736364722252,
        -0.008653649128973484,
        -0.005330485291779041,
        0.9999483823776245,
        -0.0812772810459137
    ],
    [
        0.9999462366104126,
        -0.002695048227906227,
        0.010013965889811516,
        -0.7097540497779846,
        0.0026404066011309624,
        0.9999815821647644,
        0.0054658325389027596,
        -0.026605064049363136,
        -0.01002851128578186,
        -0.00543909752741456,
        0.9999350309371948,
        -0.08688216656446457
    ],
    [
        0.9999279975891113,
        -0.002332253148779273,
        0.011776464059948921,
        -0.7844376564025879,
        0.0022614996414631605,
        0.9999794363975525,
        0.0060177030973136425,
        -0.027470747008919716,
        -0.011790256015956402,
        -0.0059906370006501675,
        0.9999126195907593,
        -0.09342951327562332
    ],
    [
        0.9999080896377563,
        -0.0021429623011499643,
        0.013389981351792812,
        -0.8640194535255432,
        0.0020529991015791893,
        0.9999752640724182,
        0.006728821899741888,
        -0.02770143188536167,
        -0.013404067605733871,
        -0.006700712721794844,
        0.9998877048492432,
        -0.09990231692790985
    ],
    [
        0.9998794794082642,
        -0.002159574767574668,
        0.015372243709862232,
        -0.9508571028709412,
        0.0020526074804365635,
        0.9999736547470093,
        0.006970878690481186,
        -0.027843216434121132,
        -0.015386891551315784,
        -0.006938485894352198,
        0.9998575448989868,
        -0.10713308304548264
    ],
    [
        0.9998494982719421,
        -0.0022008244413882494,
        0.01720993034541607,
        -1.0248780250549316,
        0.002076950389891863,
        0.9999719262123108,
        0.0072125825099647045,
        -0.028010567650198936,
        -0.017225317656993866,
        -0.007175753358751535,
        0.9998257756233215,
        -0.11217393726110458
    ],
    [
        0.999823808670044,
        -0.002539615845307708,
        0.01859823800623417,
        -1.0991687774658203,
        0.002401876263320446,
        0.9999695420265198,
        0.007424701936542988,
        -0.027837302535772324,
        -0.018616534769535065,
        -0.007378722541034222,
        0.9997995495796204,
        -0.11764191091060638
    ],
    [
        0.9997968077659607,
        -0.002621775260195136,
        0.01998986303806305,
        -1.169413447380066,
        0.002470986684784293,
        0.9999683499336243,
        0.0075643546879291534,
        -0.02808319218456745,
        -0.020009053871035576,
        -0.007513422518968582,
        0.9997715950012207,
        -0.1223650798201561
    ],
    [
        0.9997573494911194,
        -0.0025816652923822403,
        0.02187463268637657,
        -1.2381173372268677,
        0.00240179686807096,
        0.9999632239341736,
        0.008245028555393219,
        -0.028160246089100838,
        -0.021895116195082664,
        -0.008190489374101162,
        0.9997266530990601,
        -0.12620484828948975
    ],
    [
        0.9997239708900452,
        -0.002623544540256262,
        0.02334788255393505,
        -1.3042502403259277,
        0.0024263544473797083,
        0.999961256980896,
        0.00847005657851696,
        -0.028747521340847015,
        -0.02336919866502285,
        -0.00841106940060854,
        0.9996914267539978,
        -0.13081076741218567
    ],
    [
        0.9996881484985352,
        -0.0028320401906967163,
        0.02481464110314846,
        -1.3717292547225952,
        0.0026130343321710825,
        0.9999573826789856,
        0.00885365717113018,
        -0.02918357402086258,
        -0.02483864687383175,
        -0.008786053396761417,
        0.9996529221534729,
        -0.13520988821983337
    ],
    [
        0.9996484518051147,
        -0.0031756286043673754,
        0.02632109262049198,
        -1.4394704103469849,
        0.002934084041044116,
        0.9999533295631409,
        0.009210518561303616,
        -0.02986367791891098,
        -0.02634909376502037,
        -0.009130052290856838,
        0.9996111989021301,
        -0.14016658067703247
    ],
    [
        0.9996004700660706,
        -0.003147516865283251,
        0.028086870908737183,
        -1.5068920850753784,
        0.0028790845535695553,
        0.9999498724937439,
        0.00959252193570137,
        -0.030244331806898117,
        -0.028115663677453995,
        -0.009507824666798115,
        0.9995594620704651,
        -0.14445258677005768
    ],
    [
        0.9995665550231934,
        -0.0033985504414886236,
        0.02924169972538948,
        -1.572267770767212,
        0.003115464933216572,
        0.9999479055404663,
        0.009721036069095135,
        -0.031406451016664505,
        -0.02927321568131447,
        -0.009625720791518688,
        0.9995251297950745,
        -0.14922641217708588
    ],
    [
        0.9995278120040894,
        -0.003651142120361328,
        0.03050728142261505,
        -1.6307262182235718,
        0.0033493065275251865,
        0.9999450445175171,
        0.009939122945070267,
        -0.03199221193790436,
        -0.030541900545358658,
        -0.009832252748310566,
        0.999485194683075,
        -0.15352366864681244
    ],
    [
        0.9994853138923645,
        -0.003903890261426568,
        0.031839583069086075,
        -1.6849499940872192,
        0.003578256582841277,
        0.999940812587738,
        0.010277863591909409,
        -0.03313322737812996,
        -0.03187783434987068,
        -0.010158644989132881,
        0.9994402527809143,
        -0.15779489278793335
    ],
    [
        0.999435544013977,
        -0.004344593267887831,
        0.03331555426120758,
        -1.7443556785583496,
        0.003995382692664862,
        0.9999364614486694,
        0.010541338473558426,
        -0.03426521643996239,
        -0.033359233289957047,
        -0.010402278043329716,
        0.9993892908096313,
        -0.1627538949251175
    ]
]