[
    [
        0.9922797679901123,
        0.0057007018476724625,
        0.12388816475868225,
        -0.009219598025083542,
        -0.00567698385566473,
        0.9999837875366211,
        -0.0005444634589366615,
        -0.014901201240718365,
        -0.1238892525434494,
        -0.00016305049939546734,
        0.992296040058136,
        0.27794691920280457
    ],
    [
        0.9885522723197937,
        0.004605150781571865,
        0.15080827474594116,
        -0.0013175917556509376,
        -0.0047142342664301395,
        0.999988853931427,
        0.000365810381481424,
        -0.017002269625663757,
        -0.15080490708351135,
        -0.0010725677711889148,
        0.988563060760498,
        0.346235454082489
    ],
    [
        0.9848986268043518,
        0.002490436425432563,
        0.17311379313468933,
        0.013671808876097202,
        -0.0027102825697511435,
        0.9999958276748657,
        0.001033587148413062,
        -0.020693838596343994,
        -0.1731104999780655,
        -0.0014871659222990274,
        0.9849012494087219,
        0.4184202551841736
    ],
    [
        0.9819526672363281,
        0.00010021827620221302,
        0.18912658095359802,
        0.03623593598604202,
        -0.0001759756269166246,
        0.9999999403953552,
        0.00038377344026230276,
        -0.029399316757917404,
        -0.18912652134895325,
        -0.00041012969450093806,
        0.9819527268409729,
        0.48903754353523254
    ],
    [
        0.9789777994155884,
        -0.0010794776026159525,
        0.20396411418914795,
        0.05641999840736389,
        0.0010376631980761886,
        0.9999993443489075,
        0.0003119519678875804,
        -0.035112414509058,
        -0.20396432280540466,
        -9.374785440741107e-05,
        0.9789783358573914,
        0.5599942803382874
    ],
    [
        0.9762370586395264,
        -0.0020569355692714453,
        0.21669583022594452,
        0.0770757719874382,
        0.0018117335857823491,
        0.9999974370002747,
        0.0013301984872668982,
        -0.038635920733213425,
        -0.2166980355978012,
        -0.0009059941512532532,
        0.9762381911277771,
        0.6372117400169373
    ],
    [
        0.9732402563095093,
        -0.0020418621134012938,
        0.22978106141090393,
        0.09714243561029434,
        0.0018698719795793295,
        0.9999977946281433,
        0.0009662375668995082,
        -0.04298349842429161,
        -0.22978253662586212,
        -0.0005107194883748889,
        0.9732418656349182,
        0.7132256627082825
    ],
    [
        0.9709111452102661,
        -0.0027511517982929945,
        0.23942409455776215,
        0.12633159756660461,
        0.0031256291549652815,
        0.9999944567680359,
        -0.0011843906249850988,
        -0.04906689003109932,
        -0.23941949009895325,
        0.0018982886103913188,
        0.970914363861084,
        0.7829804420471191
    ],
    [
        0.9694055914878845,
        -0.004446225706487894,
        0.24542419612407684,
        0.16683775186538696,
        0.005450777243822813,
        0.9999793171882629,
        -0.0034140050411224365,
        -0.05453052371740341,
        -0.2454039305448532,
        0.004647308029234409,
        0.9694097638130188,
        0.8557528853416443
    ],
    [
        0.9691562652587891,
        -0.0063886684365570545,
        0.24636435508728027,
        0.21566250920295715,
        0.008100118488073349,
        0.99994957447052,
        -0.005934029817581177,
        -0.05969034880399704,
        -0.24631404876708984,
        0.007746582385152578,
        0.9691591262817383,
        0.9299288392066956
    ],
    [
        0.9690110087394714,
        -0.006892840843647718,
        0.24692140519618988,
        0.25921210646629333,
        0.009033646434545517,
        0.9999308586120605,
        -0.00753818778321147,
        -0.0652378648519516,
        -0.2468523532152176,
        0.009535186924040318,
        0.9690061807632446,
        1.003282070159912
    ],
    [
        0.9685014486312866,
        -0.005862520541995764,
        0.24893900752067566,
        0.2981799244880676,
        0.008332106284797192,
        0.999925971031189,
        -0.00886791106313467,
        -0.07013069838285446,
        -0.24886859953403473,
        0.010662771761417389,
        0.9684785604476929,
        1.0829572677612305
    ],
    [
        0.9675564169883728,
        -0.0032763483468443155,
        0.2526339292526245,
        0.33442795276641846,
        0.005824192892760038,
        0.999939501285553,
        -0.009337954223155975,
        -0.07774721086025238,
        -0.25258806347846985,
        0.010506385006010532,
        0.9675168395042419,
        1.1619564294815063
    ],
    [
        0.9669328331947327,
        -0.00147120316978544,
        0.25502708554267883,
        0.37230342626571655,
        0.004545100964605808,
        0.9999239444732666,
        -0.011464335024356842,
        -0.08190405368804932,
        -0.254990816116333,
        0.01224436517804861,
        0.9668659567832947,
        1.239003300666809
    ],
    [
        0.9666653275489807,
        -0.0008198115392588079,
        0.25604188442230225,
        0.4173748195171356,
        0.004633697681128979,
        0.9998871088027954,
        -0.014292645268142223,
        -0.08778740465641022,
        -0.25600123405456543,
        0.015002625063061714,
        0.9665601253509521,
        1.317755937576294
    ],
    [
        0.9667612910270691,
        -0.0003626343095675111,
        0.25568047165870667,
        0.4638388752937317,
        0.004327664617449045,
        0.9998789429664612,
        -0.01494532823562622,
        -0.09421466290950775,
        -0.2556440830230713,
        0.015555066987872124,
        0.9666457176208496,
        1.3964581489562988
    ],
    [
        0.9664618372917175,
        0.0016832697438076138,
        0.2568049132823944,
        0.5031147599220276,
        0.002231953199952841,
        0.9998857378959656,
        -0.014953667297959328,
        -0.10021985322237015,
        -0.25680071115493774,
        0.015025324188172817,
        0.9663475751876831,
        1.472739815711975
    ],
    [
        0.9655011296272278,
        0.005374197848141193,
        0.26034364104270935,
        0.5358884334564209,
        -0.001784233609214425,
        0.9999000430107117,
        -0.014023694209754467,
        -0.1067429855465889,
        -0.26039302349090576,
        0.013075379654765129,
        0.9654142260551453,
        1.552503228187561
    ],
    [
        0.9642958641052246,
        0.009792000986635685,
        0.2646460235118866,
        0.5616628527641296,
        -0.00619334913790226,
        0.9998767375946045,
        -0.014428973197937012,
        -0.10981977730989456,
        -0.2647547125816345,
        0.01227475330233574,
        0.9642376899719238,
        1.6328012943267822
    ],
    [
        0.9636836647987366,
        0.013269133865833282,
        0.2667164206504822,
        0.5900255441665649,
        -0.009638295508921146,
        0.9998422861099243,
        -0.014917606487870216,
        -0.11309287697076797,
        -0.2668723165988922,
        0.011805161833763123,
        0.9636596441268921,
        1.7088768482208252
    ],
    [
        0.9639145731925964,
        0.01524876244366169,
        0.265774667263031,
        0.6223365664482117,
        -0.011897520162165165,
        0.9998282194137573,
        -0.014214861206710339,
        -0.11683197319507599,
        -0.2659457325935364,
        0.010539853945374489,
        0.9639302492141724,
        1.7887120246887207
    ],
    [
        0.9647495150566101,
        0.015944909304380417,
        0.2626863718032837,
        0.6553308367729187,
        -0.013620038516819477,
        0.9998502731323242,
        -0.010668991133570671,
        -0.12035882472991943,
        -0.2628171443939209,
        0.006715105846524239,
        0.9648221731185913,
        1.87201988697052
    ],
    [
        0.9656824469566345,
        0.01664235070347786,
        0.25919193029403687,
        0.6820396780967712,
        -0.015531711280345917,
        0.9998593330383301,
        -0.006332406774163246,
        -0.12421209365129471,
        -0.2592608332633972,
        0.002089399378746748,
        0.9658050537109375,
        1.9555872678756714
    ],
    [
        0.9657104015350342,
        0.01712888665497303,
        0.25905588269233704,
        0.7006625533103943,
        -0.017169930040836334,
        0.9998502731323242,
        -0.0021043422166258097,
        -0.12879054248332977,
        -0.25905314087867737,
        -0.002415786497294903,
        0.96586012840271,
        2.041560411453247
    ],
    [
        0.9653745889663696,
        0.017107531428337097,
        0.2603062689304352,
        0.7181301712989807,
        -0.018398890271782875,
        0.9998274445533752,
        0.0025248706806451082,
        -0.1382223665714264,
        -0.26021814346313477,
        -0.0072267912328243256,
        0.9655227661132812,
        2.133119583129883
    ]
]