[
    [
        0.9829320907592773,
        -0.029928315430879593,
        0.18151795864105225,
        0.167197585105896,
        0.024448907002806664,
        0.9991775751113892,
        0.03234989196062088,
        -0.009381280280649662,
        -0.18233683705329895,
        -0.02735982835292816,
        0.9828553795814514,
        0.3375716805458069
    ],
    [
        0.9709453582763672,
        -0.039235472679138184,
        0.23606276512145996,
        0.19867417216300964,
        0.031505756080150604,
        0.9988394379615784,
        0.03642918914556503,
        -0.022111713886260986,
        -0.23721812665462494,
        -0.02793341688811779,
        0.9710546731948853,
        0.430681049823761
    ],
    [
        0.9570445418357849,
        -0.04843271151185036,
        0.28586718440055847,
        0.2438763976097107,
        0.03822899982333183,
        0.9984205365180969,
        0.04117071256041527,
        -0.03193200007081032,
        -0.2874096632003784,
        -0.028473785147070885,
        0.9573844075202942,
        0.5227949619293213
    ],
    [
        0.9451084733009338,
        -0.05509093403816223,
        0.3220789432525635,
        0.29078927636146545,
        0.04300297796726227,
        0.9980819821357727,
        0.04453190788626671,
        -0.03835618495941162,
        -0.3239145278930664,
        -0.028237134218215942,
        0.9456648230552673,
        0.5996820330619812
    ],
    [
        0.930507242679596,
        -0.06333857774734497,
        0.3607555031776428,
        0.36793091893196106,
        0.0497911311686039,
        0.9976656436920166,
        0.046734459698200226,
        -0.045699335634708405,
        -0.36287346482276917,
        -0.025524329394102097,
        0.9314888119697571,
        0.7125865817070007
    ],
    [
        0.9202018976211548,
        -0.06885671615600586,
        0.38534030318260193,
        0.4325120747089386,
        0.054353903979063034,
        0.9973471164703369,
        0.048418182879686356,
        -0.05650390312075615,
        -0.3876519799232483,
        -0.02360975556075573,
        0.9215033650398254,
        0.8121987581253052
    ],
    [
        0.9104204773902893,
        -0.07308001071214676,
        0.4071780741214752,
        0.5037177205085754,
        0.058080077171325684,
        0.9971038699150085,
        0.04909663647413254,
        -0.07182183116674423,
        -0.4095868170261383,
        -0.02104964479804039,
        0.9120282530784607,
        0.9295216798782349
    ],
    [
        0.9016907811164856,
        -0.07534179836511612,
        0.4257667660713196,
        0.5582153797149658,
        0.060588300228118896,
        0.9970026016235352,
        0.048110999166965485,
        -0.08691249787807465,
        -0.4281154274940491,
        -0.01758476160466671,
        0.9035530090332031,
        1.0338085889816284
    ],
    [
        0.88931804895401,
        -0.07648997008800507,
        0.45084667205810547,
        0.6155178546905518,
        0.06245500221848488,
        0.996989369392395,
        0.04595203325152397,
        -0.1121152862906456,
        -0.45300424098968506,
        -0.012708342634141445,
        0.8914178013801575,
        1.1598905324935913
    ],
    [
        0.8800050616264343,
        -0.07513504475355148,
        0.4689839780330658,
        0.6650676131248474,
        0.06209121271967888,
        0.9971333742141724,
        0.04324047267436981,
        -0.13254423439502716,
        -0.4708884358406067,
        -0.008932043798267841,
        0.8821473717689514,
        1.265762448310852
    ],
    [
        0.875062108039856,
        -0.0735672265291214,
        0.4783869981765747,
        0.7425129413604736,
        0.0617043599486351,
        0.9972727298736572,
        0.04049324244260788,
        -0.14974382519721985,
        -0.48006129264831543,
        -0.005915538873523474,
        0.8772149085998535,
        1.3793365955352783
    ],
    [
        0.8729593753814697,
        -0.07180879265069962,
        0.4824784994125366,
        0.8136812448501587,
        0.06115701422095299,
        0.9974122643470764,
        0.03779526427388191,
        -0.1542605459690094,
        -0.48394399881362915,
        -0.003486783942207694,
        0.8750919103622437,
        1.474730372428894
    ],
    [
        0.8727051019668579,
        -0.07149000465869904,
        0.48298558592796326,
        0.9043569564819336,
        0.06025681272149086,
        0.9974300861358643,
        0.038758620619773865,
        -0.16353631019592285,
        -0.4845152497291565,
        -0.0047216652892529964,
        0.8747701048851013,
        1.5845251083374023
    ],
    [
        0.8738598823547363,
        -0.07154861092567444,
        0.4808843731880188,
        0.9901817440986633,
        0.05884652957320213,
        0.9974055290222168,
        0.04146395996212959,
        -0.17620724439620972,
        -0.48260340094566345,
        -0.007935313507914543,
        0.8758029937744141,
        1.6786322593688965
    ],
    [
        0.8728974461555481,
        -0.07347388565540314,
        0.4823397397994995,
        1.0827043056488037,
        0.06065982207655907,
        0.997268795967102,
        0.04213502258062363,
        -0.1890539526939392,
        -0.4841182827949524,
        -0.007520909886807203,
        0.8749703168869019,
        1.7933180332183838
    ],
    [
        0.8697328567504883,
        -0.07307256013154984,
        0.4880831241607666,
        1.1607452630996704,
        0.060322683304548264,
        0.9973025321960449,
        0.04181836545467377,
        -0.19984301924705505,
        -0.48982229828834534,
        -0.006928327959030867,
        0.8717948794364929,
        1.900955319404602
    ],
    [
        0.8669428825378418,
        -0.0734468549489975,
        0.4929661750793457,
        1.2578155994415283,
        0.05890640243887901,
        0.9972494840621948,
        0.04498551785945892,
        -0.22248408198356628,
        -0.49491429328918457,
        -0.009961011819541454,
        0.8688846826553345,
        2.0297164916992188
    ],
    [
        0.8667740225791931,
        -0.0734231099486351,
        0.4932665526866913,
        1.333829641342163,
        0.058494772762060165,
        0.9972432851791382,
        0.045652713626623154,
        -0.23488593101501465,
        -0.4952586591243744,
        -0.01071707159280777,
        0.8686793446540833,
        2.1152892112731934
    ],
    [
        0.8693605661392212,
        -0.07078126817941666,
        0.4890831410884857,
        1.446014165878296,
        0.056168511509895325,
        0.9974286556243896,
        0.04450897127389908,
        -0.24205951392650604,
        -0.490975946187973,
        -0.011223271489143372,
        0.8711008429527283,
        2.222916841506958
    ],
    [
        0.8726731538772583,
        -0.06896515935659409,
        0.48341017961502075,
        1.5428857803344727,
        0.05341517925262451,
        0.9975177049636841,
        0.04588231071829796,
        -0.2513948678970337,
        -0.48537448048591614,
        -0.01421881839632988,
        0.8741906881332397,
        2.305731773376465
    ],
    [
        0.875032365322113,
        -0.06872975081205368,
        0.47916024923324585,
        1.6630438566207886,
        0.05108821019530296,
        0.9974529147148132,
        0.0497763492166996,
        -0.2621714472770691,
        -0.4813609719276428,
        -0.019076477736234665,
        0.8763148784637451,
        2.400102138519287
    ],
    [
        0.8716015219688416,
        -0.0698825940489769,
        0.4852084219455719,
        1.744889736175537,
        0.05093803629279137,
        0.9973398447036743,
        0.052140526473522186,
        -0.2690436542034149,
        -0.4875614047050476,
        -0.02073020115494728,
        0.8728426694869995,
        2.4824957847595215
    ],
    [
        0.860343337059021,
        -0.07413122057914734,
        0.5042954683303833,
        1.8347667455673218,
        0.05215047299861908,
        0.9969776272773743,
        0.057585008442401886,
        -0.28142622113227844,
        -0.5070401430130005,
        -0.023243635892868042,
        0.8616089820861816,
        2.588123321533203
    ],
    [
        0.8440207242965698,
        -0.08042319118976593,
        0.5302463173866272,
        1.9080270528793335,
        0.05468758940696716,
        0.9964450001716614,
        0.06408310681581497,
        -0.29556646943092346,
        -0.5335150957107544,
        -0.0250895693898201,
        0.8454182744026184,
        2.683492422103882
    ],
    [
        0.8230070471763611,
        -0.08835528045892715,
        0.56111741065979,
        1.9866975545883179,
        0.05830858275294304,
        0.9957512617111206,
        0.07127118110656738,
        -0.3070855140686035,
        -0.5650305151939392,
        -0.02593872882425785,
        0.8246622085571289,
        2.773585796356201
    ]
]