[
    [
        0.9989616274833679,
        -0.0037421195302158594,
        0.04540470987558365,
        0.006250921171158552,
        0.0033981113228946924,
        0.9999649524688721,
        0.007651312742382288,
        -0.010543723590672016,
        -0.045431751757860184,
        -0.0074890777468681335,
        0.9989393353462219,
        0.3393338918685913
    ],
    [
        0.9973191022872925,
        -0.007043107878416777,
        0.07283589988946915,
        0.013750618323683739,
        0.006578977219760418,
        0.999956488609314,
        0.006610231939703226,
        -0.010260872542858124,
        -0.07287929207086563,
        -0.00611332431435585,
        0.9973220229148865,
        0.4564615786075592
    ],
    [
        0.9944036602973938,
        -0.011019974946975708,
        0.10507053881883621,
        0.03228241577744484,
        0.010504381731152534,
        0.9999299049377441,
        0.005459252744913101,
        -0.0008127943146973848,
        -0.10512333363294601,
        -0.004325000569224358,
        0.9944498538970947,
        0.6106916069984436
    ],
    [
        0.9905725121498108,
        -0.014035101048648357,
        0.13626843690872192,
        0.061495039612054825,
        0.013539564795792103,
        0.9998978972434998,
        0.004562662448734045,
        -0.006561476271599531,
        -0.13631856441497803,
        -0.0026746320072561502,
        0.9906614422798157,
        0.779105007648468
    ],
    [
        0.9867349863052368,
        -0.01707693189382553,
        0.16143883764743805,
        0.0895245373249054,
        0.016737481579184532,
        0.9998539686203003,
        0.003462493419647217,
        -0.008886054158210754,
        -0.16147436201572418,
        -0.0007144842529669404,
        0.9868767261505127,
        0.9207448363304138
    ],
    [
        0.9814606308937073,
        -0.01944688893854618,
        0.1906750500202179,
        0.1175430417060852,
        0.019103186205029488,
        0.9998108744621277,
        0.0036406831350177526,
        -0.010041041299700737,
        -0.19070976972579956,
        6.93136898917146e-05,
        0.9816464781761169,
        1.0942177772521973
    ],
    [
        0.9741536378860474,
        -0.022231517359614372,
        0.224789559841156,
        0.1451311558485031,
        0.022406989708542824,
        0.9997473955154419,
        0.0017707550432533026,
        -0.021322567015886307,
        -0.22477217018604279,
        0.003311870386824012,
        0.9744057655334473,
        1.2469791173934937
    ],
    [
        0.9669861793518066,
        -0.025153053924441338,
        0.25358468294143677,
        0.18295405805110931,
        0.026050755754113197,
        0.9996606707572937,
        -0.00018218933837488294,
        -0.01944614201784134,
        -0.2534940540790558,
        0.006782247219234705,
        0.9673132300376892,
        1.3876937627792358
    ],
    [
        0.9606049060821533,
        -0.02726382575929165,
        0.2765769064426422,
        0.2454337179660797,
        0.028384914621710777,
        0.9995970726013184,
        -5.007018262404017e-05,
        -0.022062543779611588,
        -0.2764640748500824,
        0.007898709736764431,
        0.9609916806221008,
        1.5494285821914673
    ],
    [
        0.9562782049179077,
        -0.026614150032401085,
        0.29124486446380615,
        0.3024231791496277,
        0.028288664296269417,
        0.9995986223220825,
        -0.0015394852962344885,
        -0.02385873720049858,
        -0.29108700156211853,
        0.00971110537648201,
        0.9566473364830017,
        1.688038945198059
    ],
    [
        0.9540145397186279,
        -0.025728294625878334,
        0.29865431785583496,
        0.34837806224823,
        0.027394471690058708,
        0.999623715877533,
        -0.0013932805741205812,
        -0.018117614090442657,
        -0.29850611090660095,
        0.009510686621069908,
        0.9543603658676147,
        1.8157933950424194
    ],
    [
        0.9513195753097534,
        -0.023997457697987556,
        0.30727049708366394,
        0.3860594928264618,
        0.025590330362319946,
        0.9996718764305115,
        -0.0011553374351933599,
        -0.02239587903022766,
        -0.3071419298648834,
        0.008962246589362621,
        0.9516214728355408,
        1.9624154567718506
    ],
    [
        0.9480552077293396,
        -0.02301212027668953,
        0.31727248430252075,
        0.4169405996799469,
        0.024824362248182297,
        0.9996904134750366,
        -0.0016700644046068192,
        -0.024388693273067474,
        -0.31713584065437317,
        0.009459399618208408,
        0.9483329057693481,
        2.0741899013519287
    ],
    [
        0.9451233744621277,
        -0.0225696824491024,
        0.3259331285953522,
        0.4537406861782074,
        0.024521252140402794,
        0.9996975064277649,
        -0.0018799996469169855,
        -0.023401135578751564,
        -0.3257921040058136,
        0.009769118390977383,
        0.945391058921814,
        2.1666464805603027
    ],
    [
        0.9421592354774475,
        -0.022420397028326988,
        0.3344147205352783,
        0.5035651922225952,
        0.024330804124474525,
        0.9997027516365051,
        -0.0015243293019011617,
        -0.030016204342246056,
        -0.33428117632865906,
        0.009572738781571388,
        0.9424248337745667,
        2.266118288040161
    ],
    [
        0.9377579092979431,
        -0.02203693985939026,
        0.34658950567245483,
        0.5474100708961487,
        0.024361135438084602,
        0.9997003674507141,
        -0.002350069349631667,
        -0.03837388753890991,
        -0.3464339077472687,
        0.01064710970968008,
        0.9380139708518982,
        2.343219041824341
    ],
    [
        0.9327436089515686,
        -0.022080928087234497,
        0.35986360907554626,
        0.580139696598053,
        0.024806581437587738,
        0.999687910079956,
        -0.0029570756014436483,
        -0.0430053249001503,
        -0.3596859574317932,
        0.01168517954647541,
        0.9330002069473267,
        2.3973355293273926
    ],
    [
        0.9251686334609985,
        -0.022724760696291924,
        0.37887534499168396,
        0.6098718047142029,
        0.025953710079193115,
        0.9996572732925415,
        -0.003416917286813259,
        -0.0510290265083313,
        -0.3786678612232208,
        0.012994445860385895,
        0.9254413843154907,
        2.4527244567871094
    ],
    [
        0.9147099852561951,
        -0.024422282353043556,
        0.403372198343277,
        0.6305800676345825,
        0.028434529900550842,
        0.9995877742767334,
        -0.003959457855671644,
        -0.058803487569093704,
        -0.40310919284820557,
        0.015091453678905964,
        0.915027379989624,
        2.4989771842956543
    ],
    [
        0.9022412896156311,
        -0.02617753855884075,
        0.4304361939430237,
        0.6426680684089661,
        0.031162507832050323,
        0.9995040893554688,
        -0.004533879924565554,
        -0.06629929691553116,
        -0.4301040470600128,
        0.017504125833511353,
        0.9026097059249878,
        2.534181833267212
    ],
    [
        0.8854846954345703,
        -0.02922278456389904,
        0.46374866366386414,
        0.6521860361099243,
        0.03524692729115486,
        0.9993692636489868,
        -0.004326190799474716,
        -0.0724167749285698,
        -0.4633297324180603,
        0.020176490768790245,
        0.8859562873840332,
        2.567629337310791
    ],
    [
        0.8636335134506226,
        -0.033986546099185944,
        0.502973198890686,
        0.6617573499679565,
        0.040676310658454895,
        0.9991697072982788,
        -0.0023283488117158413,
        -0.0804976373910904,
        -0.5024764537811279,
        0.022469932213425636,
        0.8642988801002502,
        2.597949743270874
    ],
    [
        0.8403999209403992,
        -0.03835263103246689,
        0.5406079888343811,
        0.6705389618873596,
        0.046020518988370895,
        0.9989403486251831,
        -0.0006726760184392333,
        -0.08427596837282181,
        -0.5400092601776123,
        0.02544437162578106,
        0.8412741422653198,
        2.6196460723876953
    ],
    [
        0.8117481470108032,
        -0.043121304363012314,
        0.5824135541915894,
        0.6785790920257568,
        0.05177226662635803,
        0.9986572861671448,
        0.0017811789875850081,
        -0.08760131150484085,
        -0.5817083120346069,
        0.02870701253414154,
        0.8128905892372131,
        2.645540714263916
    ],
    [
        0.7804811000823975,
        -0.04753797501325607,
        0.6233692169189453,
        0.6874673962593079,
        0.05758390575647354,
        0.9983325600624084,
        0.004035412799566984,
        -0.09233543276786804,
        -0.6225217580795288,
        0.03274648264050484,
        0.7819169163703918,
        2.669297218322754
    ]
]