[
    [
        0.9999954700469971,
        -0.0027115410193800926,
        0.0013349972432479262,
        0.07990284264087677,
        0.002714588539674878,
        0.9999936819076538,
        -0.0022860264871269464,
        -0.001337643014267087,
        -0.001328790094703436,
        0.002289639553055167,
        0.999996542930603,
        -0.002319422084838152
    ],
    [
        0.9999949336051941,
        -0.003022089833393693,
        0.00109214021358639,
        0.09220980852842331,
        0.003024763660505414,
        0.9999924302101135,
        -0.002454531379044056,
        -0.0013553145108744502,
        -0.001084713963791728,
        0.0024578217417001724,
        0.9999964237213135,
        -0.0017822751542553306
    ],
    [
        0.9999934434890747,
        -0.0035146037116646767,
        0.000932859315071255,
        0.10857140272855759,
        0.003517099190503359,
        0.9999901652336121,
        -0.002687947591766715,
        -0.0015962747856974602,
        -0.000923402898479253,
        0.0026912111788988113,
        0.9999959468841553,
        -0.0014886833960190415
    ],
    [
        0.999993085861206,
        -0.003670742269605398,
        0.0007123566465452313,
        0.12486883997917175,
        0.0036727325059473515,
        0.9999892115592957,
        -0.002812220249325037,
        -0.001636843429878354,
        -0.0007020255434326828,
        0.0028148165438324213,
        0.9999958276748657,
        -0.0012361755361780524
    ],
    [
        0.9999926090240479,
        -0.0038601586129516363,
        0.0004296294064261019,
        0.14073386788368225,
        0.003861389122903347,
        0.9999883770942688,
        -0.002902050269767642,
        -0.0017735387664288282,
        -0.00041842166683636606,
        0.0029036870691925287,
        0.9999957084655762,
        -0.0008227477665059268
    ],
    [
        0.9999912977218628,
        -0.004169016610831022,
        3.9985875446291175e-06,
        0.1559404879808426,
        0.004169009160250425,
        0.9999866485595703,
        -0.0030677581671625376,
        -0.0016639555105939507,
        8.791587788437027e-06,
        0.003067748388275504,
        0.9999953508377075,
        -0.0005425416748039424
    ],
    [
        0.9999887347221375,
        -0.004751805681735277,
        -0.00037904689088463783,
        0.17034229636192322,
        0.004750584717839956,
        0.9999836683273315,
        -0.003161597065627575,
        -0.0015207513934001327,
        0.0003940641472581774,
        0.0031597609631717205,
        0.9999948740005493,
        -0.00030850584153085947
    ],
    [
        0.9999857544898987,
        -0.005310561042279005,
        -0.0006945120403543115,
        0.1809820532798767,
        0.005308378953486681,
        0.9999810457229614,
        -0.0031079952605068684,
        -0.0017231139354407787,
        0.000711004133336246,
        0.0031042646151036024,
        0.9999949932098389,
        -0.00031029785168357193
    ],
    [
        0.9999814033508301,
        -0.006032546982169151,
        -0.0008752561989240348,
        0.19442684948444366,
        0.006029837299138308,
        0.999977171421051,
        -0.003066005650907755,
        -0.0017750641563907266,
        0.0008937317761592567,
        0.0030606703367084265,
        0.9999948740005493,
        -0.00038168803439475596
    ],
    [
        0.999977707862854,
        -0.006579393520951271,
        -0.0011253167176619172,
        0.2080797404050827,
        0.0065759215503931046,
        0.999973714351654,
        -0.003061644034460187,
        -0.0016432806150987744,
        0.001145430956967175,
        0.003054175991564989,
        0.9999946355819702,
        -6.158180622151121e-05
    ],
    [
        0.9999724626541138,
        -0.007277950644493103,
        -0.0013867522357031703,
        0.22136832773685455,
        0.007273771800100803,
        0.9999690055847168,
        -0.0029954365454614162,
        -0.0016412033000960946,
        0.0014085097936913371,
        0.0029852676670998335,
        0.9999945163726807,
        0.00018849487241823226
    ],
    [
        0.9999666213989258,
        -0.007990576326847076,
        -0.0017124621663242579,
        0.23406581580638885,
        0.007985513657331467,
        0.9999638199806213,
        -0.002943194005638361,
        -0.00177675299346447,
        0.0017359177581965923,
        0.00292942114174366,
        0.999994158744812,
        8.169998181983829e-05
    ],
    [
        0.9999641180038452,
        -0.008292295970022678,
        -0.0017607961781322956,
        0.245995432138443,
        0.008287139236927032,
        0.9999613761901855,
        -0.0029164175502955914,
        -0.001775012002326548,
        0.0017849128926172853,
        0.0029017210472375154,
        0.999994158744812,
        0.0003606334503274411
    ],
    [
        0.9999622106552124,
        -0.008490711450576782,
        -0.0018830857006832957,
        0.2551080584526062,
        0.008485308848321438,
        0.9999599456787109,
        -0.0028594688046723604,
        -0.0017466119024902582,
        0.0019072896102443337,
        0.00284338160417974,
        0.999994158744812,
        0.000821468944195658
    ],
    [
        0.9999549388885498,
        -0.009217998012900352,
        -0.002284182468429208,
        0.2674276530742645,
        0.00921168178319931,
        0.9999538064002991,
        -0.0027604897040873766,
        -0.0018635146552696824,
        0.0023095225915312767,
        0.0027393235359340906,
        0.9999935626983643,
        0.0009960685856640339
    ],
    [
        0.999948263168335,
        -0.00981034804135561,
        -0.0026917809154838324,
        0.27895963191986084,
        0.009803162887692451,
        0.9999483823776245,
        -0.0026696741115301847,
        -0.0017640391597524285,
        0.0027178325690329075,
        0.0026431481819599867,
        0.999992847442627,
        0.0009441386209800839
    ],
    [
        0.9999410510063171,
        -0.010488798841834068,
        -0.0028466633521020412,
        0.29057377576828003,
        0.010481405071914196,
        0.9999417066574097,
        -0.0026000356301665306,
        -0.0018410609336569905,
        0.00287376856431365,
        0.0025700454134494066,
        0.9999926090240479,
        0.0013358817668631673
    ],
    [
        0.9999295473098755,
        -0.011394900269806385,
        -0.0033358680084347725,
        0.3020744025707245,
        0.011386921629309654,
        0.9999322295188904,
        -0.0024009044282138348,
        -0.0018698394997045398,
        0.003363000461831689,
        0.0023627502378076315,
        0.9999915361404419,
        0.001476296572946012
    ],
    [
        0.9999220371246338,
        -0.012017184868454933,
        -0.003381971502676606,
        0.31255391240119934,
        0.01200877409428358,
        0.9999247193336487,
        -0.0024967617355287075,
        -0.0014996988466009498,
        0.0034117207396775484,
        0.00245595327578485,
        0.9999911785125732,
        0.001815479015931487
    ],
    [
        0.9999127388000488,
        -0.012702961452305317,
        -0.003618410089984536,
        0.3201759457588196,
        0.012694096192717552,
        0.9999164342880249,
        -0.002462551463395357,
        -0.001296652597375214,
        0.0036493896041065454,
        0.002416403964161873,
        0.9999904632568359,
        0.0019413435366004705
    ],
    [
        0.9999054670333862,
        -0.013232696801424026,
        -0.003742127912119031,
        0.3279534876346588,
        0.013224270194768906,
        0.9999099969863892,
        -0.002267682459205389,
        -0.001658280729316175,
        0.003771798685193062,
        0.0022179805673658848,
        0.9999904632568359,
        0.0015886747278273106
    ],
    [
        0.999898374080658,
        -0.013698650524020195,
        -0.003946781158447266,
        0.33480897545814514,
        0.013690066523849964,
        0.9999038577079773,
        -0.0021938940044492483,
        -0.001547695486806333,
        0.003976456355303526,
        0.00213963957503438,
        0.9999898672103882,
        0.002046307548880577
    ],
    [
        0.9998934268951416,
        -0.014037784188985825,
        -0.004012631718069315,
        0.3406214118003845,
        0.014029053971171379,
        0.9998992085456848,
        -0.002195660723373294,
        -0.0014433234464377165,
        0.0040430487133562565,
        0.002139132935553789,
        0.9999896287918091,
        0.0021035538520663977
    ],
    [
        0.9998879432678223,
        -0.014404489658772945,
        -0.004051688127219677,
        0.34578031301498413,
        0.01439638715237379,
        0.9998943209648132,
        -0.002022070111706853,
        -0.0016723142471164465,
        0.004080386832356453,
        0.0019635141361504793,
        0.9999897480010986,
        0.0020395591855049133
    ],
    [
        0.9998841881752014,
        -0.014621737413108349,
        -0.004209387116134167,
        0.3506185710430145,
        0.014613091945648193,
        0.9998910427093506,
        -0.002077435841783881,
        -0.0013991391751915216,
        0.00423930399119854,
        0.0020156835671514273,
        0.9999890327453613,
        0.0019530514255166054
    ]
]