[
    [
        0.999706506729126,
        0.003971897065639496,
        0.023899078369140625,
        -0.11355768889188766,
        -0.0037818867713212967,
        0.9999609589576721,
        -0.00799047201871872,
        0.01552081573754549,
        -0.023929879069328308,
        0.00789774302393198,
        0.9996824264526367,
        -0.36187344789505005
    ],
    [
        0.9994003772735596,
        0.00622164411470294,
        0.034063249826431274,
        -0.1579216867685318,
        -0.005960578564554453,
        0.9999520778656006,
        -0.007760330103337765,
        0.02211419679224491,
        -0.034109897911548615,
        0.007552639115601778,
        0.9993895292282104,
        -0.475099116563797
    ],
    [
        0.9990229606628418,
        0.007361285854130983,
        0.04357627406716347,
        -0.19791261851787567,
        -0.007046117912977934,
        0.9999480247497559,
        -0.00738172885030508,
        0.023902805522084236,
        -0.04362834617495537,
        0.007067473139613867,
        0.9990228414535522,
        -0.5888400077819824
    ],
    [
        0.9986021518707275,
        0.007017121184617281,
        0.052387870848178864,
        -0.22995054721832275,
        -0.006682126317173243,
        0.9999560713768005,
        -0.006566934287548065,
        0.02795831672847271,
        -0.052431654185056686,
        0.0062076919712126255,
        0.9986053109169006,
        -0.6983019709587097
    ],
    [
        0.9981111884117126,
        0.006322865840047598,
        0.06110774353146553,
        -0.25668543577194214,
        -0.006015122402459383,
        0.9999682307243347,
        -0.005218737758696079,
        0.03473050519824028,
        -0.06113879755139351,
        0.004841310437768698,
        0.9981175661087036,
        -0.809748649597168
    ],
    [
        0.9974913001060486,
        0.005622055847197771,
        0.07056621462106705,
        -0.28271615505218506,
        -0.00532056950032711,
        0.9999758005142212,
        -0.004459621384739876,
        0.03787199407815933,
        -0.0705895945429802,
        0.004072981420904398,
        0.9974971413612366,
        -0.9280164241790771
    ],
    [
        0.9966688752174377,
        0.00561262434348464,
        0.08136115223169327,
        -0.3137466013431549,
        -0.005417044274508953,
        0.9999818801879883,
        -0.00262439320795238,
        0.04341104254126549,
        -0.0813743993639946,
        0.002174914116039872,
        0.996681272983551,
        -1.036832332611084
    ],
    [
        0.9957235455513,
        0.006450281012803316,
        0.09215765446424484,
        -0.35057660937309265,
        -0.006457414943724871,
        0.9999790787696838,
        -0.00022077666653785855,
        0.05040499567985535,
        -0.09215714782476425,
        -0.00037526735104620457,
        0.9957444071769714,
        -1.1387767791748047
    ],
    [
        0.9947585463523865,
        0.008085581474006176,
        0.10193170607089996,
        -0.392566442489624,
        -0.008250784128904343,
        0.999965250492096,
        0.0011992192594334483,
        0.05823713541030884,
        -0.10191846638917923,
        -0.0020339488983154297,
        0.9947906136512756,
        -1.2440361976623535
    ],
    [
        0.993872344493866,
        0.007904190570116043,
        0.11025071144104004,
        -0.42962950468063354,
        -0.008355543948709965,
        0.9999585151672363,
        0.003632465610280633,
        0.06552069634199142,
        -0.11021743714809418,
        -0.004531410057097673,
        0.9938970804214478,
        -1.3531250953674316
    ],
    [
        0.9931272864341736,
        0.00624428316950798,
        0.11687295138835907,
        -0.4562501907348633,
        -0.006886966526508331,
        0.9999633431434631,
        0.005095960572361946,
        0.07928364723920822,
        -0.11683683842420578,
        -0.005865838378667831,
        0.9931337833404541,
        -1.4658968448638916
    ],
    [
        0.9923874735832214,
        0.004383253864943981,
        0.12307680398225784,
        -0.4783921241760254,
        -0.005178647581487894,
        0.9999677538871765,
        0.006143425591289997,
        0.08337531983852386,
        -0.1230459064245224,
        -0.006734027992933989,
        0.9923782348632812,
        -1.584296464920044
    ],
    [
        0.9915363788604736,
        0.003956906031817198,
        0.12976911664009094,
        -0.5078117847442627,
        -0.004908325616270304,
        0.9999633431434631,
        0.007012620102614164,
        0.08816318213939667,
        -0.12973661720752716,
        -0.007590215653181076,
        0.9915194511413574,
        -1.6955205202102661
    ],
    [
        0.9904479384422302,
        0.00492012407630682,
        0.13779966533184052,
        -0.5478448867797852,
        -0.006092336494475603,
        0.9999487400054932,
        0.008086157962679863,
        0.09698372334241867,
        -0.13775281608104706,
        -0.008848440833389759,
        0.9904270172119141,
        -1.8001986742019653
    ],
    [
        0.9893050193786621,
        0.003988420125097036,
        0.14580689370632172,
        -0.5870813131332397,
        -0.005363677628338337,
        0.9999447464942932,
        0.009040131233632565,
        0.10625262558460236,
        -0.14576277136802673,
        -0.009725506417453289,
        0.9892717003822327,
        -1.9045606851577759
    ],
    [
        0.9881188869476318,
        0.000550559489056468,
        0.15369068086147308,
        -0.6168696880340576,
        -0.002347848378121853,
        0.9999309778213501,
        0.011512940749526024,
        0.11492807418107986,
        -0.15367373824119568,
        -0.011736994609236717,
        0.9880518913269043,
        -2.006351947784424
    ],
    [
        0.9872792363166809,
        -0.0038189180195331573,
        0.15894997119903564,
        -0.6387409567832947,
        0.0016419386956840754,
        0.9999030828475952,
        0.013825076632201672,
        0.1289001852273941,
        -0.158987358212471,
        -0.013388223946094513,
        0.987189769744873,
        -2.1060845851898193
    ],
    [
        0.9863784909248352,
        -0.008565826341509819,
        0.1642685830593109,
        -0.6615453958511353,
        0.0061542741023004055,
        0.9998658299446106,
        0.015183862298727036,
        0.14420340955257416,
        -0.16437660157680511,
        -0.013966080732643604,
        0.9862988591194153,
        -2.213613748550415
    ],
    [
        0.9853169322013855,
        -0.011285396292805672,
        0.17036156356334686,
        -0.6887420415878296,
        0.008827303536236286,
        0.9998459219932556,
        0.01517926249653101,
        0.15340840816497803,
        -0.17050661146640778,
        -0.013452552258968353,
        0.9852647185325623,
        -2.3202309608459473
    ],
    [
        0.984160840511322,
        -0.013741087168455124,
        0.1767442226409912,
        -0.7218842506408691,
        0.011160274036228657,
        0.9998162984848022,
        0.015587817877531052,
        0.16432738304138184,
        -0.176925927400589,
        -0.01336840633302927,
        0.9841333031654358,
        -2.4140939712524414
    ],
    [
        0.983013391494751,
        -0.014507422223687172,
        0.1829594522714615,
        -0.7585328221321106,
        0.011852561496198177,
        0.9998080730438232,
        0.015595871955156326,
        0.17680871486663818,
        -0.18315061926841736,
        -0.013162409886717796,
        0.9829967021942139,
        -2.5067553520202637
    ],
    [
        0.9822227954864502,
        -0.015698673203587532,
        0.18706129491329193,
        -0.792651891708374,
        0.01328143011778593,
        0.9998113512992859,
        0.014168553985655308,
        0.18181884288787842,
        -0.18724845349788666,
        -0.011432236060500145,
        0.9822461605072021,
        -2.6055493354797363
    ],
    [
        0.9817652702331543,
        -0.01723465509712696,
        0.18931464850902557,
        -0.8218916058540344,
        0.015109616331756115,
        0.9998056292533875,
        0.012662580236792564,
        0.18623465299606323,
        -0.18949609994888306,
        -0.009571210481226444,
        0.9818348288536072,
        -2.7011711597442627
    ],
    [
        0.9816293716430664,
        -0.018547987565398216,
        0.18989382684230804,
        -0.8443436026573181,
        0.016831601038575172,
        0.9998016357421875,
        0.010647601447999477,
        0.1921597272157669,
        -0.19005364179611206,
        -0.007255782838910818,
        0.9817469120025635,
        -2.795900821685791
    ],
    [
        0.9814231991767883,
        -0.018685374408960342,
        0.19094327092170715,
        -0.8700803518295288,
        0.017548009753227234,
        0.9998167157173157,
        0.007645874749869108,
        0.19092215597629547,
        -0.1910511553287506,
        -0.004153165966272354,
        0.9815712571144104,
        -2.9018356800079346
    ]
]