[
    [
        0.9999985098838806,
        0.00017338659381493926,
        -0.0017329951515421271,
        -0.09514398872852325,
        -0.00017674242553766817,
        0.999998152256012,
        -0.0019362327875569463,
        0.0020321335177868605,
        0.001732656150124967,
        0.0019365365151315928,
        0.9999966621398926,
        0.003207387635484338
    ],
    [
        0.9999977946281433,
        0.00024074254906736314,
        -0.0020700721070170403,
        -0.11112948507070541,
        -0.00024487744667567313,
        0.9999980330467224,
        -0.001997234532609582,
        0.0016888284590095282,
        0.0020695871207863092,
        0.0019977367483079433,
        0.9999959468841553,
        0.003478324506431818
    ],
    [
        0.9999972581863403,
        0.0001383964263368398,
        -0.0023372441064566374,
        -0.13277165591716766,
        -0.00014202955935616046,
        0.9999987483024597,
        -0.001554543268866837,
        0.0015854306984692812,
        0.002337026409804821,
        0.0015548716764897108,
        0.9999960660934448,
        0.0038390550762414932
    ],
    [
        0.9999967217445374,
        0.0001901009673019871,
        -0.0025345885660499334,
        -0.14979667961597443,
        -0.0001954180042957887,
        0.9999977350234985,
        -0.0020977025851607323,
        0.0015426843892782927,
        0.0025341848377138376,
        0.002098190365359187,
        0.9999946355819702,
        0.003701980458572507
    ],
    [
        0.9999959468841553,
        0.000395666720578447,
        -0.0028398889116942883,
        -0.17111001908779144,
        -0.00040249736048281193,
        0.999997079372406,
        -0.002405327744781971,
        0.0016235107323154807,
        0.0028389296494424343,
        0.0024064609315246344,
        0.9999929666519165,
        0.0038802020717412233
    ],
    [
        0.9999947547912598,
        0.0005604909383691847,
        -0.003195519093424082,
        -0.18892036378383636,
        -0.0005672231200151145,
        0.9999977350234985,
        -0.002106219530105591,
        0.0017952679190784693,
        0.003194330958649516,
        0.0021080216392874718,
        0.9999927282333374,
        0.004207115154713392
    ],
    [
        0.9999938011169434,
        0.0005676316213794053,
        -0.003470328403636813,
        -0.21149560809135437,
        -0.0005744373775087297,
        0.9999979138374329,
        -0.0019606349524110556,
        0.001272930996492505,
        0.0034692080225795507,
        0.001962615642696619,
        0.9999921321868896,
        0.004456422757357359
    ],
    [
        0.9999929070472717,
        0.0005793266464024782,
        -0.0037257391959428787,
        -0.2305663824081421,
        -0.0005862253601662815,
        0.9999980926513672,
        -0.0018507130444049835,
        0.0011665297206491232,
        0.0037246597930788994,
        0.0018528839573264122,
        0.9999912977218628,
        0.0045787496492266655
    ],
    [
        0.999991774559021,
        0.000710614665877074,
        -0.00399111257866025,
        -0.25441858172416687,
        -0.000718042254447937,
        0.9999979734420776,
        -0.0018598375609144568,
        0.0016065328381955624,
        0.0039897821843624115,
        0.0018626885721459985,
        0.9999903440475464,
        0.004896729718893766
    ],
    [
        0.9999905824661255,
        0.0006852812366560102,
        -0.004285155329853296,
        -0.2721997797489166,
        -0.00069145776797086,
        0.9999987483024597,
        -0.0014398895436897874,
        0.0015657837502658367,
        0.0042841630056500435,
        0.00144283939152956,
        0.9999897480010986,
        0.0052665951661765575
    ],
    [
        0.9999895095825195,
        0.0006891427328810096,
        -0.004540727473795414,
        -0.2942785620689392,
        -0.0006972604896873236,
        0.9999982118606567,
        -0.001786341774277389,
        0.0011553431395441294,
        0.004539487883448601,
        0.0017894883640110493,
        0.9999880790710449,
        0.005345652811229229
    ],
    [
        0.9999879598617554,
        0.000741672411095351,
        -0.004865466151386499,
        -0.313791424036026,
        -0.0007509326678700745,
        0.9999979138374329,
        -0.0019017864251509309,
        0.0013300690334290266,
        0.004864045884460211,
        0.0019054177682846785,
        0.9999864101409912,
        0.005558399949222803
    ],
    [
        0.9999847412109375,
        0.0008512480417266488,
        -0.005462956614792347,
        -0.3410920202732086,
        -0.000861559878103435,
        0.9999978542327881,
        -0.0018855332164093852,
        0.001270058797672391,
        0.005461340304464102,
        0.0018902119481936097,
        0.9999833106994629,
        0.005768646020442247
    ],
    [
        0.9999809861183167,
        0.0007439833134412766,
        -0.006129119545221329,
        -0.36575525999069214,
        -0.0007511587464250624,
        0.9999991059303284,
        -0.0011683744378387928,
        0.0003937974979635328,
        0.006128245033323765,
        0.0011729557299986482,
        0.9999805688858032,
        0.006315656006336212
    ],
    [
        0.9999772310256958,
        0.0006423176964744925,
        -0.006728151347488165,
        -0.39860042929649353,
        -0.0006510684033855796,
        0.9999990463256836,
        -0.0012984531931579113,
        0.0006380947888828814,
        0.006727310363203287,
        0.0013028038665652275,
        0.9999765157699585,
        0.006650420371443033
    ],
    [
        0.9999729990959167,
        0.0007369252853095531,
        -0.007307008374482393,
        -0.4261935353279114,
        -0.0007449057884514332,
        0.9999991655349731,
        -0.0010895433370023966,
        0.0007274484960362315,
        0.007306198589503765,
        0.001094956649467349,
        0.9999727010726929,
        0.006987310945987701
    ],
    [
        0.9999670386314392,
        0.0008907969458959997,
        -0.008071781136095524,
        -0.46114447712898254,
        -0.0009043340687640011,
        0.999998152256012,
        -0.001673592603765428,
        0.001153862802311778,
        0.00807027518749237,
        0.00168083724565804,
        0.999966025352478,
        0.007165051531046629
    ],
    [
        0.9999629855155945,
        0.0009850403293967247,
        -0.008541889488697052,
        -0.48983243107795715,
        -0.0009977638255804777,
        0.9999985098838806,
        -0.0014854392502456903,
        0.0013213783968240023,
        0.008540412411093712,
        0.001493907067924738,
        0.9999624490737915,
        0.007376845460385084
    ],
    [
        0.9999526739120483,
        0.0010999429505318403,
        -0.009672109968960285,
        -0.525314450263977,
        -0.001115664141252637,
        0.9999980926513672,
        -0.0016201689140871167,
        0.0019453766290098429,
        0.009670309722423553,
        0.0016308831982314587,
        0.999951958656311,
        0.007655924651771784
    ],
    [
        0.999947190284729,
        0.001119971857406199,
        -0.010220798663794994,
        -0.5537928938865662,
        -0.0011365514947101474,
        0.9999980926513672,
        -0.001616457011550665,
        0.0019431138643994927,
        0.010218968614935875,
        0.0016279880655929446,
        0.9999464750289917,
        0.008000361733138561
    ],
    [
        0.9999397993087769,
        0.0013036031741648912,
        -0.010896053165197372,
        -0.5895355343818665,
        -0.0013201648835092783,
        0.9999980330467224,
        -0.0015129375969991088,
        0.0018066526390612125,
        0.01089405920356512,
        0.0015272307209670544,
        0.9999395608901978,
        0.008128036744892597
    ],
    [
        0.9999310970306396,
        0.001488296315073967,
        -0.011649846099317074,
        -0.6172016263008118,
        -0.0015100775053724647,
        0.999997079372406,
        -0.0018611144041642547,
        0.0019830979872494936,
        0.011647042818367481,
        0.0018785790307447314,
        0.9999305009841919,
        0.00823787972331047
    ],
    [
        0.999919593334198,
        0.0014717186568304896,
        -0.012598823755979538,
        -0.6524837017059326,
        -0.0014897686196491122,
        0.9999979734420776,
        -0.0014234492555260658,
        0.002087711589410901,
        0.012596703134477139,
        0.0014421039959415793,
        0.9999196529388428,
        0.008600518107414246
    ],
    [
        0.9999131560325623,
        0.001340130460448563,
        -0.013117301277816296,
        -0.682640016078949,
        -0.0013546437257900834,
        0.9999983906745911,
        -0.0010975481709465384,
        0.0017600648570805788,
        0.013115809299051762,
        0.0011152219958603382,
        0.9999134540557861,
        0.008740623481571674
    ],
    [
        0.9999037384986877,
        0.001514531672000885,
        -0.013793079182505608,
        -0.7236742973327637,
        -0.0015261423541232944,
        0.9999984502792358,
        -0.0008312647696584463,
        0.0021544736810028553,
        0.01379180047661066,
        0.0008522351272404194,
        0.9999045133590698,
        0.008601468987762928
    ]
]