[
    [
        0.9918960332870483,
        0.01379766408354044,
        0.12630119919776917,
        -0.003577691037207842,
        -0.007857688702642918,
        0.9988447427749634,
        -0.04740821197628975,
        0.02312084659934044,
        -0.12680940330028534,
        0.04603157937526703,
        0.9908584952354431,
        0.3334041237831116
    ],
    [
        0.9912872910499573,
        0.013962066732347012,
        0.13097503781318665,
        0.0010197190567851067,
        -0.007672268431633711,
        0.9987983107566833,
        -0.04840514063835144,
        0.024566346779465675,
        -0.1314934939146042,
        0.046978529542684555,
        0.9902032613754272,
        0.36341995000839233
    ],
    [
        0.9906302094459534,
        0.014320723712444305,
        0.1358187049627304,
        0.006911219097673893,
        -0.007673132233321667,
        0.9987523555755615,
        -0.04934241995215416,
        0.023970777168869972,
        -0.13635587692260742,
        0.047837935388088226,
        0.9895042181015015,
        0.40093591809272766
    ],
    [
        0.9901245832443237,
        0.014843795448541641,
        0.1394021213054657,
        0.011527341790497303,
        -0.007831566035747528,
        0.9986823201179504,
        -0.050716664642095566,
        0.02482086978852749,
        -0.1399712860584259,
        0.049124084413051605,
        0.9889362454414368,
        0.43661004304885864
    ],
    [
        0.9899438619613647,
        0.015210193581879139,
        0.14064069092273712,
        0.015176945365965366,
        -0.0079484973102808,
        0.9986128211021423,
        -0.052051279693841934,
        0.02672499045729637,
        -0.1412373036146164,
        0.050409961491823196,
        0.9886914491653442,
        0.4635501205921173
    ],
    [
        0.9898363947868347,
        0.015491929836571217,
        0.1413644254207611,
        0.020953699946403503,
        -0.007966620847582817,
        0.9985283017158508,
        -0.05364488065242767,
        0.02909196726977825,
        -0.14198744297027588,
        0.05197346583008766,
        0.9885030388832092,
        0.49777182936668396
    ],
    [
        0.9897813200950623,
        0.015712691470980644,
        0.14172443747520447,
        0.02750403620302677,
        -0.007995110005140305,
        0.9984620213508606,
        -0.05486077070236206,
        0.02787296287715435,
        -0.14236848056316376,
        0.05316707119345665,
        0.9883847236633301,
        0.533915638923645
    ],
    [
        0.989768385887146,
        0.015999505296349525,
        0.1417839378118515,
        0.0316857248544693,
        -0.00811546016484499,
        0.998397171497345,
        -0.056010812520980835,
        0.02654421143233776,
        -0.14245283603668213,
        0.05428708344697952,
        0.9883117079734802,
        0.5620832443237305
    ],
    [
        0.9898325800895691,
        0.016463594511151314,
        0.14128102362155914,
        0.03681666776537895,
        -0.008347765542566776,
        0.9982906579971313,
        -0.05784614756703377,
        0.026238761842250824,
        -0.14199188351631165,
        0.05607862025499344,
        0.9882780909538269,
        0.596564769744873
    ],
    [
        0.9898702502250671,
        0.016832808032631874,
        0.14097371697425842,
        0.04278465732932091,
        -0.008373670279979706,
        0.9981400966644287,
        -0.060384683310985565,
        0.029010610654950142,
        -0.14172795414924622,
        0.0585925355553627,
        0.9881701469421387,
        0.6314650774002075
    ],
    [
        0.9898570775985718,
        0.01692941039800644,
        0.141054168343544,
        0.04806211590766907,
        -0.00820216815918684,
        0.9980284571647644,
        -0.06222473084926605,
        0.02915024198591709,
        -0.1418295055627823,
        0.06043664366006851,
        0.9880443215370178,
        0.659920334815979
    ],
    [
        0.9897873401641846,
        0.0172108206897974,
        0.14150911569595337,
        0.05271626263856888,
        -0.008174908347427845,
        0.9979043006896973,
        -0.06418903917074203,
        0.02662431076169014,
        -0.1423172950744629,
        0.06237667426466942,
        0.9878537654876709,
        0.696168839931488
    ],
    [
        0.9898072481155396,
        0.01720825396478176,
        0.1413707584142685,
        0.05575398728251457,
        -0.00789744034409523,
        0.9977777600288391,
        -0.06615988910198212,
        0.025642387568950653,
        -0.14219507575035095,
        0.0643690675497055,
        0.9877434968948364,
        0.7310486435890198
    ],
    [
        0.9898977279663086,
        0.01784452050924301,
        0.1406555324792862,
        0.0583508238196373,
        -0.00831544492393732,
        0.9976474642753601,
        -0.06804639846086502,
        0.026858331635594368,
        -0.14153890311717987,
        0.06618936359882355,
        0.9877174496650696,
        0.7575588822364807
    ],
    [
        0.9900165796279907,
        0.01868109405040741,
        0.13970768451690674,
        0.06243978440761566,
        -0.008944504894316196,
        0.9975069761276245,
        -0.06999838352203369,
        0.028716010972857475,
        -0.14066706597805023,
        0.06804994493722916,
        0.9877155423164368,
        0.7899343371391296
    ],
    [
        0.9900107979774475,
        0.01903270184993744,
        0.13970060646533966,
        0.06564515829086304,
        -0.009090526029467583,
        0.997401773929596,
        -0.07146377116441727,
        0.02735096588730812,
        -0.14069777727127075,
        0.06947994977235794,
        0.9876115918159485,
        0.8243741989135742
    ],
    [
        0.98988938331604,
        0.019086452201008797,
        0.14055125415325165,
        0.06645757704973221,
        -0.008897192776203156,
        0.9973090887069702,
        -0.07276958227157593,
        0.025700870901346207,
        -0.14156195521354675,
        0.070783331990242,
        0.9873955845832825,
        0.8519338965415955
    ],
    [
        0.9897546172142029,
        0.01921302266418934,
        0.14148060977458954,
        0.06699813902378082,
        -0.008682973682880402,
        0.9971703886985779,
        -0.07467202097177505,
        0.025338226929306984,
        -0.14251494407653809,
        0.07267850637435913,
        0.9871206879615784,
        0.8845624327659607
    ],
    [
        0.9897668361663818,
        0.019253410398960114,
        0.14138944447040558,
        0.0696628987789154,
        -0.00844541285187006,
        0.9970225691795349,
        -0.07664711773395538,
        0.025940122082829475,
        -0.1424441933631897,
        0.07466867566108704,
        0.9869824051856995,
        0.9163938164710999
    ],
    [
        0.9898478984832764,
        0.019278503954410553,
        0.1408175230026245,
        0.07392982393503189,
        -0.008279941976070404,
        0.996897280216217,
        -0.07827723026275635,
        0.02655654586851597,
        -0.14188964664936066,
        0.07631659507751465,
        0.9869362711906433,
        0.9416610598564148
    ],
    [
        0.9899393916130066,
        0.018700888380408287,
        0.14025117456912994,
        0.08188265562057495,
        -0.007483160588890314,
        0.9967596530914307,
        -0.08008787035942078,
        0.02413758635520935,
        -0.1412944495677948,
        0.07823260128498077,
        0.986871600151062,
        0.97382652759552
    ],
    [
        0.9899919033050537,
        0.018092205747961998,
        0.13995927572250366,
        0.08982381224632263,
        -0.006616950035095215,
        0.996608316898346,
        -0.08202469348907471,
        0.021039746701717377,
        -0.14096859097480774,
        0.08027767390012741,
        0.9867540001869202,
        1.005396842956543
    ],
    [
        0.990027904510498,
        0.01760484278202057,
        0.13976770639419556,
        0.09655406326055527,
        -0.005881775636225939,
        0.996461033821106,
        -0.08384926617145538,
        0.02018515020608902,
        -0.14074921607971191,
        0.08219102025032043,
        0.9866277575492859,
        1.0290406942367554
    ],
    [
        0.9899163842201233,
        0.017183195799589157,
        0.14060676097869873,
        0.10346250236034393,
        -0.004919023718684912,
        0.9961865544319153,
        -0.08710994571447372,
        0.02295643836259842,
        -0.1415673941373825,
        0.08553990721702576,
        0.986225962638855,
        1.058158040046692
    ],
    [
        0.9896784424781799,
        0.01680002361536026,
        0.14231710135936737,
        0.10890625417232513,
        -0.0038329956587404013,
        0.9958524107933044,
        -0.09090200066566467,
        0.02707800269126892,
        -0.14325399696826935,
        0.08941826224327087,
        0.9856382012367249,
        1.0865230560302734
    ]
]