[
    [
        0.9987271428108215,
        -0.01585971936583519,
        -0.04788206145167351,
        0.08058618009090424,
        0.01527438871562481,
        0.9998043179512024,
        -0.012565724551677704,
        -0.04960142448544502,
        0.048071980476379395,
        0.011818362399935722,
        0.998773992061615,
        0.5050457715988159
    ],
    [
        0.9992731809616089,
        -0.013742388226091862,
        -0.03555556386709213,
        0.09461088478565216,
        0.013103644363582134,
        0.9997497200965881,
        -0.01813574880361557,
        -0.05856291204690933,
        0.03579588979482651,
        0.017656661570072174,
        0.9992031455039978,
        0.640640139579773
    ],
    [
        0.9995768070220947,
        -0.015087330713868141,
        -0.024875154718756676,
        0.11106990277767181,
        0.014443108811974525,
        0.9995607733726501,
        -0.025877593085169792,
        -0.05926042050123215,
        0.02525465190410614,
        0.025507362559437752,
        0.9993556141853333,
        0.7648789286613464
    ],
    [
        0.9997917413711548,
        -0.016490187495946884,
        -0.012026982381939888,
        0.13222701847553253,
        0.016056181862950325,
        0.9992467164993286,
        -0.03533110395073891,
        -0.069676972925663,
        0.01260053925216198,
        0.035130634903907776,
        0.9993033409118652,
        0.9045904874801636
    ],
    [
        0.9997530579566956,
        -0.017524348571896553,
        0.013665394857525826,
        0.14643868803977966,
        0.018206419423222542,
        0.9985072016716003,
        -0.05149763077497482,
        -0.08054755628108978,
        -0.01274253148585558,
        0.05173371359705925,
        0.9985796213150024,
        1.0491259098052979
    ],
    [
        0.998507559299469,
        -0.022025322541594505,
        0.04997343569993973,
        0.16416825354099274,
        0.025224093347787857,
        0.9976111054420471,
        -0.0643090009689331,
        -0.09393028169870377,
        -0.048437636345624924,
        0.06547357141971588,
        0.9966779947280884,
        1.201964259147644
    ],
    [
        0.9959174394607544,
        -0.020848644897341728,
        0.08782799541950226,
        0.19549112021923065,
        0.027216972783207893,
        0.9970370531082153,
        -0.07194729149341583,
        -0.1042490154504776,
        -0.08606775104999542,
        0.07404397428035736,
        0.9935340285301208,
        1.345589280128479
    ],
    [
        0.9913038015365601,
        -0.014377155341207981,
        0.130805104970932,
        0.22719042003154755,
        0.02481149509549141,
        0.9966057538986206,
        -0.07849369198083878,
        -0.11965401470661163,
        -0.12923258543014526,
        0.08105656504631042,
        0.9882959127426147,
        1.480481505393982
    ],
    [
        0.9835631251335144,
        -0.010888628661632538,
        0.18023569881916046,
        0.2587321400642395,
        0.02707565575838089,
        0.995788037776947,
        -0.08759559690952301,
        -0.13232730329036713,
        -0.1785227507352829,
        0.09103580564260483,
        0.9797153472900391,
        1.6173980236053467
    ],
    [
        0.973397970199585,
        -0.01525083277374506,
        0.22861284017562866,
        0.30953654646873474,
        0.03671155869960785,
        0.9952723979949951,
        -0.08991718292236328,
        -0.14819951355457306,
        -0.22616074979305267,
        0.09591794013977051,
        0.9693559408187866,
        1.7509536743164062
    ],
    [
        0.9593351483345032,
        -0.013547834008932114,
        0.281944215297699,
        0.37300214171409607,
        0.04085356742143631,
        0.994994580745697,
        -0.09119623154401779,
        -0.16843095421791077,
        -0.279297411441803,
        0.09900616854429245,
        0.9550867080688477,
        1.8978830575942993
    ],
    [
        0.9447178244590759,
        -0.013947460800409317,
        0.3275878131389618,
        0.423768550157547,
        0.04441911727190018,
        0.9953284859657288,
        -0.08572123944759369,
        -0.18292881548404694,
        -0.32486191391944885,
        0.09553352743387222,
        0.9409240484237671,
        2.033026933670044
    ],
    [
        0.9247409105300903,
        -0.02240164764225483,
        0.3799374997615814,
        0.4862605333328247,
        0.05436641722917557,
        0.9958040714263916,
        -0.07360997051000595,
        -0.18950261175632477,
        -0.3766944110393524,
        0.0887259840965271,
        0.9220786690711975,
        2.1601312160491943
    ],
    [
        0.9024633765220642,
        -0.03214705362915993,
        0.42956531047821045,
        0.5610881447792053,
        0.06376062333583832,
        0.9961957335472107,
        -0.05940161272883415,
        -0.1952805519104004,
        -0.42602160573005676,
        0.08099713176488876,
        0.9010800719261169,
        2.282632350921631
    ],
    [
        0.8814387917518616,
        -0.032911017537117004,
        0.471150279045105,
        0.6302518844604492,
        0.06209811195731163,
        0.9969847202301025,
        -0.04653273522853851,
        -0.20194393396377563,
        -0.46819815039634705,
        0.07027330249547958,
        0.8808247447013855,
        2.3901567459106445
    ],
    [
        0.8590067625045776,
        -0.03066697157919407,
        0.5110448002815247,
        0.6983228325843811,
        0.056153975427150726,
        0.9978255033493042,
        -0.034510400146245956,
        -0.20560264587402344,
        -0.50887531042099,
        0.0583418644964695,
        0.858860969543457,
        2.4990179538726807
    ],
    [
        0.8405264616012573,
        -0.03586426004767418,
        0.5405820608139038,
        0.7544615268707275,
        0.05846736207604408,
        0.9979837536811829,
        -0.024698229506611824,
        -0.2106563150882721,
        -0.5386063456535339,
        0.052365925163030624,
        0.8409287333488464,
        2.5633559226989746
    ],
    [
        0.8276964426040649,
        -0.040150947868824005,
        0.5597377419471741,
        0.8248727321624756,
        0.06047191098332405,
        0.9980106353759766,
        -0.017832139506936073,
        -0.21191799640655518,
        -0.5579082369804382,
        0.04860801622271538,
        0.8284779787063599,
        2.631439447402954
    ],
    [
        0.8175429105758667,
        -0.045558299869298935,
        0.5740629434585571,
        0.9031420350074768,
        0.06342154741287231,
        0.9979248642921448,
        -0.011124402284622192,
        -0.21912382543087006,
        -0.5723645091056824,
        0.04550263658165932,
        0.8187355399131775,
        2.7096498012542725
    ],
    [
        0.8060268759727478,
        -0.05012153089046478,
        0.5897530317306519,
        0.971266508102417,
        0.0620555654168129,
        0.9980726838111877,
        1.095306288334541e-05,
        -0.22517777979373932,
        -0.5886168479919434,
        0.03658862039446831,
        0.8075839281082153,
        2.795670986175537
    ],
    [
        0.7903428673744202,
        -0.0573759526014328,
        0.6099724769592285,
        1.0483577251434326,
        0.06166716665029526,
        0.9979988932609558,
        0.01397265587002039,
        -0.23813709616661072,
        -0.6095533967018127,
        0.02657209523022175,
        0.7922994494438171,
        2.8836162090301514
    ],
    [
        0.7791317701339722,
        -0.06831163167953491,
        0.6231268048286438,
        1.1315793991088867,
        0.06345344334840775,
        0.99753338098526,
        0.03001723438501358,
        -0.23950405418872833,
        -0.6236403584480286,
        0.016152165830135345,
        0.7815443277359009,
        2.9669907093048096
    ],
    [
        0.7794244885444641,
        -0.07126730680465698,
        0.622429370880127,
        1.2038518190383911,
        0.06920251995325089,
        0.9972228407859802,
        0.027523212134838104,
        -0.24046988785266876,
        -0.622662365436554,
        0.02162139117717743,
        0.782192051410675,
        3.04426646232605
    ],
    [
        0.7798537015914917,
        -0.0727585181593895,
        0.6217190623283386,
        1.2800990343093872,
        0.07658515125513077,
        0.9968503713607788,
        0.020594758912920952,
        -0.23736999928951263,
        -0.6212592720985413,
        0.03155350685119629,
        0.7829698324203491,
        3.138916254043579
    ],
    [
        0.776550829410553,
        -0.07271833717823029,
        0.6258441805839539,
        1.356880784034729,
        0.08250420540571213,
        0.996500551700592,
        0.013414103537797928,
        -0.22848272323608398,
        -0.6246294379234314,
        0.04121804237365723,
        0.7798328995704651,
        3.2416672706604004
    ]
]