[
    [
        0.06567265838384628,
        0.11714963614940643,
        -0.9909403920173645,
        -1.654343843460083,
        -0.17297352850437164,
        0.9793862104415894,
        0.10432020574808121,
        -0.07797332108020782,
        0.9827346205711365,
        0.16455549001693726,
        0.08458267897367477,
        0.8673502206802368
    ],
    [
        0.05863557383418083,
        0.1178801953792572,
        -0.9912950992584229,
        -1.6819514036178589,
        -0.17231138050556183,
        0.9792942404747009,
        0.10626082867383957,
        -0.07622635364532471,
        0.9832957983016968,
        0.16458076238632202,
        0.0777335837483406,
        0.8858310580253601
    ],
    [
        0.05302029848098755,
        0.11818186938762665,
        -0.9915753602981567,
        -1.7107880115509033,
        -0.1712111383676529,
        0.9793444275856018,
        0.10756932199001312,
        -0.07346022129058838,
        0.9838066101074219,
        0.1640653908252716,
        0.07215918600559235,
        0.9045994877815247
    ],
    [
        0.04779557138681412,
        0.11806969344615936,
        -0.9918544292449951,
        -1.7538070678710938,
        -0.1697189062833786,
        0.9795101881027222,
        0.10842181742191315,
        -0.06907919049263,
        0.9843328595161438,
        0.16315437853336334,
        0.06685492396354675,
        0.9302197694778442
    ],
    [
        0.0461038313806057,
        0.11768760532140732,
        -0.9919798374176025,
        -1.7835909128189087,
        -0.1687058061361313,
        0.979688823223114,
        0.10838855057954788,
        -0.0655503123998642,
        0.984587550163269,
        0.16235564649105072,
        0.06502199918031693,
        0.946855902671814
    ],
    [
        0.046479471027851105,
        0.11632592976093292,
        -0.9921229481697083,
        -1.8301259279251099,
        -0.16815656423568726,
        0.9799337983131409,
        0.10701887309551239,
        -0.05782155692577362,
        0.9846638441085815,
        0.16185782849788666,
        0.0651077851653099,
        0.9708117842674255
    ],
    [
        0.048794619739055634,
        0.11503970623016357,
        -0.992161750793457,
        -1.861895203590393,
        -0.16812007129192352,
        0.9801182150840759,
        0.10537510365247726,
        -0.052111029624938965,
        0.9845580458641052,
        0.1616605520248413,
        0.06716496497392654,
        0.9857476353645325
    ],
    [
        0.05325227975845337,
        0.11441279202699661,
        -0.9920049905776978,
        -1.8861502408981323,
        -0.16724194586277008,
        0.9804049730300903,
        0.10409711301326752,
        -0.05425581336021423,
        0.9844765663146973,
        0.16036143898963928,
        0.07134340703487396,
        1.0040278434753418
    ],
    [
        0.05852298066020012,
        0.11369292438030243,
        -0.9917909502983093,
        -1.9012056589126587,
        -0.1673521250486374,
        0.9805513620376587,
        0.10252948850393295,
        -0.055031970143318176,
        0.9841586351394653,
        0.1599779725074768,
        0.07641155272722244,
        1.0125213861465454
    ],
    [
        0.06857164949178696,
        0.11303749680519104,
        -0.9912216663360596,
        -1.9261808395385742,
        -0.1660294383764267,
        0.9809979200363159,
        0.10038584470748901,
        -0.05995188653469086,
        0.9837337732315063,
        0.15768836438655853,
        0.08603618294000626,
        1.027979850769043
    ],
    [
        0.07745093107223511,
        0.11156683415174484,
        -0.9907340407371521,
        -1.9449328184127808,
        -0.16638454794883728,
        0.9812299013137817,
        0.09748939424753189,
        -0.05909554660320282,
        0.9830144047737122,
        0.1572922319173813,
        0.09456013888120651,
        1.0388532876968384
    ],
    [
        0.09403198957443237,
        0.10719189792871475,
        -0.9897816777229309,
        -1.9751238822937012,
        -0.16695678234100342,
        0.9818050861358643,
        0.0904666930437088,
        -0.05886462330818176,
        0.9814699292182922,
        0.15674398839473724,
        0.11021749675273895,
        1.0567978620529175
    ],
    [
        0.10631376504898071,
        0.10543429851531982,
        -0.9887268543243408,
        -1.9945645332336426,
        -0.16567237675189972,
        0.9823411703109741,
        0.08693927526473999,
        -0.0620056688785553,
        0.9804337024688721,
        0.15456190705299377,
        0.1219039261341095,
        1.0682107210159302
    ],
    [
        0.11884006857872009,
        0.10284512490034103,
        -0.9875727891921997,
        -2.0160999298095703,
        -0.1652071326971054,
        0.9828050136566162,
        0.08246832340955734,
        -0.06078258156776428,
        0.9790728688240051,
        0.1533535271883011,
        0.1337873488664627,
        1.0826038122177124
    ],
    [
        0.1393716186285019,
        0.10011453181505203,
        -0.9851662516593933,
        -2.0465939044952393,
        -0.16307589411735535,
        0.983613133430481,
        0.07688633352518082,
        -0.06256270408630371,
        0.9767199158668518,
        0.1499411016702652,
        0.15341401100158691,
        1.1001085042953491
    ],
    [
        0.15332113206386566,
        0.09787971526384354,
        -0.9833167791366577,
        -2.066359043121338,
        -0.16154563426971436,
        0.9841781258583069,
        0.07277686148881912,
        -0.06152467802166939,
        0.9748823642730713,
        0.14769232273101807,
        0.16670730710029602,
        1.1134371757507324
    ],
    [
        0.1741677224636078,
        0.09593717008829117,
        -0.9800313711166382,
        -2.0920028686523438,
        -0.1585785448551178,
        0.9849852919578552,
        0.06824009120464325,
        -0.06374692916870117,
        0.971863329410553,
        0.14352674782276154,
        0.18676623702049255,
        1.135202407836914
    ],
    [
        0.18841224908828735,
        0.09475256502628326,
        -0.9775084257125854,
        -2.109579563140869,
        -0.15571945905685425,
        0.9856256246566772,
        0.0655248612165451,
        -0.0657791942358017,
        0.969666063785553,
        0.13987141847610474,
        0.20045876502990723,
        1.1509974002838135
    ],
    [
        0.21036790311336517,
        0.09271398931741714,
        -0.9732159972190857,
        -2.136685371398926,
        -0.15160298347473145,
        0.9865442514419556,
        0.06121359020471573,
        -0.06636126339435577,
        0.9657959938049316,
        0.13466507196426392,
        0.221592977643013,
        1.1767780780792236
    ],
    [
        0.22533175349235535,
        0.09064091742038727,
        -0.9700567126274109,
        -2.1547415256500244,
        -0.14810790121555328,
        0.9872779846191406,
        0.05784648284316063,
        -0.06487667560577393,
        0.9629587531089783,
        0.13063839077949524,
        0.235889732837677,
        1.196346402168274
    ],
    [
        0.24996057152748108,
        0.08842263370752335,
        -0.9642101526260376,
        -2.1834967136383057,
        -0.14320914447307587,
        0.9882451891899109,
        0.0535014271736145,
        -0.06406121701002121,
        0.957606852054596,
        0.12471045553684235,
        0.2596852779388428,
        1.2194865942001343
    ],
    [
        0.26589590311050415,
        0.08687891811132431,
        -0.9600788354873657,
        -2.202427625656128,
        -0.13914863765239716,
        0.9889597296714783,
        0.050954870879650116,
        -0.06366325169801712,
        0.953906238079071,
        0.12004498392343521,
        0.2750493884086609,
        1.2376459836959839
    ],
    [
        0.29187196493148804,
        0.08504324406385422,
        -0.9526690244674683,
        -2.230807304382324,
        -0.13263115286827087,
        0.990014910697937,
        0.04774245247244835,
        -0.06434910744428635,
        0.9472168684005737,
        0.11241892725229263,
        0.3002369701862335,
        1.2632312774658203
    ],
    [
        0.30918043851852417,
        0.08439817279577255,
        -0.9472510814666748,
        -2.248394727706909,
        -0.1275332272052765,
        0.9907369017601013,
        0.04664614051580429,
        -0.06804193556308746,
        0.9424132704734802,
        0.10638389736413956,
        0.317080020904541,
        1.28240168094635
    ],
    [
        0.3346012830734253,
        0.0819537416100502,
        -0.938789427280426,
        -2.27530574798584,
        -0.12032806873321533,
        0.9917722344398499,
        0.043691929429769516,
        -0.06978270411491394,
        0.93464595079422,
        0.09834333509206772,
        0.34170958399772644,
        1.319885015487671
    ]
]