[
    [
        0.9972514510154724,
        -0.005551752634346485,
        0.07388307899236679,
        -0.130391463637352,
        0.005467976909130812,
        0.9999842047691345,
        0.001336129498668015,
        -0.04445085674524307,
        -0.07388933002948761,
        -0.0009284667321480811,
        0.9972660541534424,
        0.35458728671073914
    ],
    [
        0.9963681697845459,
        -0.0061468505300581455,
        0.08492755144834518,
        -0.1824931800365448,
        0.005945069249719381,
        0.99997878074646,
        0.0026286267675459385,
        -0.05362488329410553,
        -0.08494191616773605,
        -0.0021141800098121166,
        0.9963836669921875,
        0.5412669777870178
    ],
    [
        0.9956466555595398,
        -0.006464534904807806,
        0.09298425912857056,
        -0.23753973841667175,
        0.00623144768178463,
        0.999976634979248,
        0.0027968697249889374,
        -0.06589692085981369,
        -0.09300016611814499,
        -0.00220526778139174,
        0.9956637024879456,
        0.7300334572792053
    ],
    [
        0.994884729385376,
        -0.006001451518386602,
        0.10083849728107452,
        -0.31274574995040894,
        0.005788055248558521,
        0.9999803304672241,
        0.0024086670018732548,
        -0.06314678490161896,
        -0.10085096210241318,
        -0.0018126872600987554,
        0.9948999285697937,
        0.8907057046890259
    ],
    [
        0.9935346841812134,
        -0.005362485069781542,
        0.11340229213237762,
        -0.44740167260169983,
        0.005082073155790567,
        0.9999832510948181,
        0.002761668059974909,
        -0.06092498078942299,
        -0.1134151890873909,
        -0.002167494036257267,
        0.9935452938079834,
        1.0764715671539307
    ],
    [
        0.9903587698936462,
        -0.0069068982265889645,
        0.13835404813289642,
        -0.5710716247558594,
        0.006534411106258631,
        0.9999736547470093,
        0.0031463245395570993,
        -0.07006628811359406,
        -0.13837215304374695,
        -0.002211928367614746,
        0.9903777837753296,
        1.2268781661987305
    ],
    [
        0.9852926731109619,
        -0.00869276374578476,
        0.17065425217151642,
        -0.7089925408363342,
        0.00828677136451006,
        0.9999608993530273,
        0.003091217018663883,
        -0.07287449389696121,
        -0.17067444324493408,
        -0.0016315816901624203,
        0.9853261113166809,
        1.3747169971466064
    ],
    [
        0.9793415069580078,
        -0.009248245507478714,
        0.2020014077425003,
        -0.8732967376708984,
        0.008742223493754864,
        0.9999560117721558,
        0.003397084306925535,
        -0.07866955548524857,
        -0.20202386379241943,
        -0.0015609603142365813,
        0.9793792366981506,
        1.5053391456604004
    ],
    [
        0.9728931784629822,
        -0.010375060141086578,
        0.23102228343486786,
        -1.0395593643188477,
        0.009914944879710674,
        0.9999458193778992,
        0.003152580466121435,
        -0.08221541345119476,
        -0.23104244470596313,
        -0.0007765519549138844,
        0.9729433655738831,
        1.5876458883285522
    ],
    [
        0.9645820260047913,
        -0.010436571203172207,
        0.26357677578926086,
        -1.2822035551071167,
        0.009920915588736534,
        0.999945342540741,
        0.0032873537857085466,
        -0.07930276542901993,
        -0.263596773147583,
        -0.0005560009740293026,
        0.9646328687667847,
        1.6655715703964233
    ],
    [
        0.9534305930137634,
        -0.01261890958994627,
        0.3013482093811035,
        -1.4818655252456665,
        0.011920571327209473,
        0.9999203085899353,
        0.004156190436333418,
        -0.08541650325059891,
        -0.301376610994339,
        -0.00037039388553239405,
        0.9535050988197327,
        1.7400400638580322
    ],
    [
        0.9359769225120544,
        -0.015354187227785587,
        0.35172638297080994,
        -1.6844691038131714,
        0.014175917953252792,
        0.9998819828033447,
        0.005925181787461042,
        -0.07808687537908554,
        -0.3517758250236511,
        -0.0005597887793555856,
        0.9360840320587158,
        1.8393685817718506
    ],
    [
        0.9145689010620117,
        -0.018737511709332466,
        0.4039957523345947,
        -1.886061429977417,
        0.016988420858979225,
        0.9998244643211365,
        0.00791379064321518,
        -0.09563448280096054,
        -0.40407317876815796,
        -0.0003744597779586911,
        0.9147266149520874,
        1.9316298961639404
    ],
    [
        0.8943409323692322,
        -0.02013358660042286,
        0.4469326436519623,
        -2.065308094024658,
        0.01791352592408657,
        0.9997972249984741,
        0.009193106554448605,
        -0.12176581472158432,
        -0.4470271170139313,
        -0.00021563035261351615,
        0.8945203423500061,
        2.0110208988189697
    ],
    [
        0.8665196895599365,
        -0.02274152636528015,
        0.4986245632171631,
        -2.283043146133423,
        0.01968306116759777,
        0.9997414350509644,
        0.01139110792428255,
        -0.13827502727508545,
        -0.49875470995903015,
        -5.616378257400356e-05,
        0.8667432069778442,
        2.1185271739959717
    ],
    [
        0.8325303196907043,
        -0.026545310392975807,
        0.5533431768417358,
        -2.4234561920166016,
        0.022520100697875023,
        0.9996474385261536,
        0.01407315582036972,
        -0.1434875726699829,
        -0.5535215139389038,
        0.0007450122502632439,
        0.8328344821929932,
        2.227524995803833
    ],
    [
        0.7817211151123047,
        -0.031743645668029785,
        0.622819721698761,
        -2.5175139904022217,
        0.026556983590126038,
        0.9994921088218689,
        0.01760922186076641,
        -0.12903282046318054,
        -0.6230623722076416,
        0.0027747140266001225,
        0.7821672558784485,
        2.3724167346954346
    ],
    [
        0.7279877662658691,
        -0.035684384405612946,
        0.6846609115600586,
        -2.566105365753174,
        0.02919543907046318,
        0.999352216720581,
        0.021043039858341217,
        -0.14667120575904846,
        -0.6849681735038757,
        0.004669905174523592,
        0.7285580039024353,
        2.4976730346679688
    ],
    [
        0.6731202006340027,
        -0.03861581161618233,
        0.7385242581367493,
        -2.6147968769073486,
        0.03059176355600357,
        0.9992349743843079,
        0.024365266785025597,
        -0.1636834591627121,
        -0.7389001846313477,
        0.006192007567733526,
        0.6737865805625916,
        2.6434226036071777
    ],
    [
        0.6181613802909851,
        -0.04027438908815384,
        0.7850186824798584,
        -2.6779916286468506,
        0.03116658143699169,
        0.9991570711135864,
        0.026718419045209885,
        -0.18017558753490448,
        -0.7854329347610474,
        0.007950052618980408,
        0.6188955903053284,
        2.7967257499694824
    ],
    [
        0.5676701664924622,
        -0.04212900996208191,
        0.8221774101257324,
        -2.730367422103882,
        0.03363271802663803,
        0.999042809009552,
        0.02797011286020279,
        -0.18817317485809326,
        -0.8225687146186829,
        0.011774259619414806,
        0.5685437321662903,
        2.8703460693359375
    ],
    [
        0.5101951956748962,
        -0.04387586936354637,
        0.8589387536048889,
        -2.778947114944458,
        0.03654623404145241,
        0.9989017248153687,
        0.029317542910575867,
        -0.1837792545557022,
        -0.8592818379402161,
        0.01643330417573452,
        0.5112383961677551,
        2.866866111755371
    ],
    [
        0.43381112813949585,
        -0.04665205627679825,
        0.8997952342033386,
        -2.865192413330078,
        0.038456887006759644,
        0.9987072348594666,
        0.03323947638273239,
        -0.22835992276668549,
        -0.9001827239990234,
        0.02018367126584053,
        0.4350444972515106,
        2.8339126110076904
    ],
    [
        0.31989917159080505,
        -0.05085230991244316,
        0.9460859894752502,
        -2.941924810409546,
        0.039243172854185104,
        0.9984127879142761,
        0.04039563611149788,
        -0.2823069989681244,
        -0.9466385841369629,
        0.02420489303767681,
        0.32138699293136597,
        2.7723851203918457
    ],
    [
        0.19437266886234283,
        -0.05299985036253929,
        0.9794948697090149,
        -3.0091450214385986,
        0.04010912403464317,
        0.9981335997581482,
        0.04604905843734741,
        -0.30505508184432983,
        -0.980107307434082,
        0.030336007475852966,
        0.19613578915596008,
        2.70878529548645
    ]
]