[
    [
        0.9953136444091797,
        -0.014524983242154121,
        0.09560249745845795,
        0.19974635541439056,
        0.014412869699299335,
        0.9998944401741028,
        0.0018631686689332128,
        0.010605751536786556,
        -0.09561946243047714,
        -0.0004765313060488552,
        0.9954178333282471,
        0.09888505190610886
    ],
    [
        0.9871124625205994,
        -0.02059011533856392,
        0.15869799256324768,
        0.36297550797462463,
        0.01906614378094673,
        0.9997563362121582,
        0.011119691655039787,
        0.014496724121272564,
        -0.15888826549053192,
        -0.00795062817633152,
        0.9872645139694214,
        0.16248983144760132
    ],
    [
        0.9747658371925354,
        -0.027157414704561234,
        0.22157131135463715,
        0.523318886756897,
        0.022775016725063324,
        0.9994916915893555,
        0.02231019176542759,
        0.027639048174023628,
        -0.2220645695924759,
        -0.016700923442840576,
        0.9748889207839966,
        0.29484444856643677
    ],
    [
        0.9612343907356262,
        -0.03152362257242203,
        0.27392467856407166,
        0.6549475193023682,
        0.024180760607123375,
        0.9992530345916748,
        0.030142225325107574,
        0.03667705878615379,
        -0.274670273065567,
        -0.02235003560781479,
        0.9612786769866943,
        0.45799270272254944
    ],
    [
        0.9492602348327637,
        -0.03702888637781143,
        0.3123041093349457,
        0.8108386993408203,
        0.028184985741972923,
        0.9990649223327637,
        0.03278655186295509,
        0.043370477855205536,
        -0.3132261633872986,
        -0.02232067845761776,
        0.9494161605834961,
        0.633682370185852
    ],
    [
        0.9450098872184753,
        -0.03272967040538788,
        0.3253997266292572,
        0.9702073335647583,
        0.025973878800868988,
        0.9993478655815125,
        0.02508530206978321,
        0.03897905349731445,
        -0.32600855827331543,
        -0.015253964811563492,
        0.9452438354492188,
        0.8041262626647949
    ],
    [
        0.9449992179870605,
        -0.02620159089565277,
        0.32602164149284363,
        1.1194210052490234,
        0.021186957135796547,
        0.9995965361595154,
        0.018923155963420868,
        0.03532634302973747,
        -0.32638585567474365,
        -0.010974960401654243,
        0.9451730251312256,
        0.9979344010353088
    ],
    [
        0.9478585124015808,
        -0.02275487221777439,
        0.31787821650505066,
        1.267309546470642,
        0.020357368513941765,
        0.9997338056564331,
        0.010862366296350956,
        0.029374750331044197,
        -0.3180406987667084,
        -0.003824822138994932,
        0.9480692744255066,
        1.211531400680542
    ],
    [
        0.954177975654602,
        -0.022871321067214012,
        0.298364520072937,
        1.3953864574432373,
        0.02208477258682251,
        0.9997380375862122,
        0.006007848773151636,
        0.03407454118132591,
        -0.29842376708984375,
        0.0008567547774873674,
        0.9544330835342407,
        1.4017467498779297
    ],
    [
        0.9627476334571838,
        -0.02465016394853592,
        0.26927512884140015,
        1.5269662141799927,
        0.02567778341472149,
        0.9996702671051025,
        -0.0002941039274446666,
        0.020511403679847717,
        -0.2691793739795685,
        0.007197536528110504,
        0.9630630612373352,
        1.5715798139572144
    ],
    [
        0.9692953824996948,
        -0.023624509572982788,
        0.24476204812526703,
        1.5900652408599854,
        0.023907780647277832,
        0.9997125267982483,
        0.0018140797037631273,
        0.023903032764792442,
        -0.24473446607589722,
        0.00409333873540163,
        0.9695815443992615,
        1.7414202690124512
    ],
    [
        0.9745795726776123,
        -0.02011800743639469,
        0.22313657402992249,
        1.622093677520752,
        0.017766164615750313,
        0.9997634291648865,
        0.012542595155537128,
        0.029653482139110565,
        -0.22333616018295288,
        -0.008259475231170654,
        0.9747064709663391,
        1.9265110492706299
    ],
    [
        0.9790447354316711,
        -0.0181728508323431,
        0.20283301174640656,
        1.6591383218765259,
        0.014398696832358837,
        0.9996948838233948,
        0.02006744220852852,
        0.036978352814912796,
        -0.20313571393489838,
        -0.01672639325261116,
        0.9790076613426208,
        2.060253143310547
    ],
    [
        0.9822881817817688,
        -0.018610648810863495,
        0.1864495724439621,
        1.7136715650558472,
        0.0143697215244174,
        0.9996069669723511,
        0.02407151460647583,
        0.035461507737636566,
        -0.18682435154914856,
        -0.0209659356623888,
        0.9821695685386658,
        2.15128231048584
    ],
    [
        0.982283353805542,
        -0.02096295915544033,
        0.18622520565986633,
        1.7941012382507324,
        0.016303418204188347,
        0.9995154142379761,
        0.026517484337091446,
        0.02594202570617199,
        -0.1866910308599472,
        -0.023011572659015656,
        0.982149064540863,
        2.1909031867980957
    ],
    [
        0.9781226515769958,
        -0.02254229411482811,
        0.20680415630340576,
        1.887248158454895,
        0.017326723784208298,
        0.9994852542877197,
        0.026996709406375885,
        0.010558994486927986,
        -0.20730620622634888,
        -0.02282285876572132,
        0.9780097603797913,
        2.2154784202575684
    ],
    [
        0.9693711996078491,
        -0.021612459793686867,
        0.24464762210845947,
        1.9871447086334229,
        0.016741780564188957,
        0.9996183514595032,
        0.021971259266138077,
        -0.0067015946842730045,
        -0.24502912163734436,
        -0.01720246486365795,
        0.9693630933761597,
        2.2528727054595947
    ],
    [
        0.9562296867370605,
        -0.02161507122218609,
        0.29181766510009766,
        2.0774669647216797,
        0.017736701294779778,
        0.9997157454490662,
        0.015929680317640305,
        -0.015706364065408707,
        -0.2920789420604706,
        -0.010056553408503532,
        0.9563412666320801,
        2.293699264526367
    ],
    [
        0.9337546229362488,
        -0.021790314465761185,
        0.3572500944137573,
        2.1721410751342773,
        0.018702048808336258,
        0.9997518658638,
        0.012097341008484364,
        -0.025360578671097755,
        -0.35742488503456116,
        -0.004614631179720163,
        0.933930516242981,
        2.395508289337158
    ],
    [
        0.9022624492645264,
        -0.025444556027650833,
        0.4304358959197998,
        2.277374267578125,
        0.02391524240374565,
        0.9996738433837891,
        0.0089639937505126,
        -0.02610023505985737,
        -0.430523544549942,
        0.0022060954943299294,
        0.9025768637657166,
        2.5421082973480225
    ],
    [
        0.8669472932815552,
        -0.03359236568212509,
        0.49726659059524536,
        2.397493839263916,
        0.03221255540847778,
        0.9994165301322937,
        0.011354437097907066,
        -0.02488347887992859,
        -0.4973578155040741,
        0.006174526643007994,
        0.8675234913825989,
        2.6885178089141846
    ],
    [
        0.8239943981170654,
        -0.04251781851053238,
        0.5650004148483276,
        2.556746244430542,
        0.03949702903628349,
        0.9990650415420532,
        0.017580052837729454,
        -0.03795133903622627,
        -0.5652196407318115,
        0.007829971611499786,
        0.8249032497406006,
        2.8514673709869385
    ],
    [
        0.7799431085586548,
        -0.04552987217903137,
        0.6241920590400696,
        2.692742347717285,
        0.03987683355808258,
        0.9989389777183533,
        0.02303762547671795,
        -0.04634854942560196,
        -0.6245786547660828,
        0.0069227623753249645,
        0.7809312343597412,
        3.0127060413360596
    ],
    [
        0.7299867272377014,
        -0.04634232446551323,
        0.6818883419036865,
        2.8246116638183594,
        0.037799861282110214,
        0.998909056186676,
        0.027421453967690468,
        -0.053062934428453445,
        -0.6824151873588562,
        0.005757984705269337,
        0.7309421896934509,
        3.1836371421813965
    ],
    [
        0.6834362745285034,
        -0.04869896173477173,
        0.7283841371536255,
        2.990159511566162,
        0.04137608781456947,
        0.9987525343894958,
        0.02795269899070263,
        -0.04719481244683266,
        -0.728836715221405,
        0.011033798567950726,
        0.6845986843109131,
        3.3104734420776367
    ]
]