[
    [
        0.9999856948852539,
        -0.0050314790569245815,
        -0.0018386230804026127,
        0.13356910645961761,
        0.005025594029575586,
        0.9999822378158569,
        -0.003191222669556737,
        0.0014786365209147334,
        0.0018546470673754811,
        0.0031819366849958897,
        0.9999932050704956,
        -0.0004281430155970156
    ],
    [
        0.9999843835830688,
        -0.005219924263656139,
        -0.0020075819920748472,
        0.13734455406665802,
        0.005213528405874968,
        0.9999813437461853,
        -0.003178342478349805,
        0.0014307304518297315,
        0.0020241353195160627,
        0.0031678257510066032,
        0.9999929666519165,
        -0.00047459054621867836
    ],
    [
        0.9999833703041077,
        -0.005404120311141014,
        -0.0020276419818401337,
        0.14427363872528076,
        0.005397551693022251,
        0.9999801516532898,
        -0.0032311249524354935,
        0.0016666674055159092,
        0.002045063301920891,
        0.0032201276626437902,
        0.9999927282333374,
        -0.00014672154793515801
    ],
    [
        0.999981701374054,
        -0.0055892192758619785,
        -0.0023132911883294582,
        0.15222546458244324,
        0.005581851117312908,
        0.9999793171882629,
        -0.003178976709023118,
        0.0014915220672264695,
        0.0023310116957873106,
        0.0031660054810345173,
        0.9999923706054688,
        -0.000220821428229101
    ],
    [
        0.9999809265136719,
        -0.0055731008760631084,
        -0.0026767095550894737,
        0.1601652354001999,
        0.00556486751884222,
        0.9999797344207764,
        -0.003073425032198429,
        0.0015181305352598429,
        0.002693784423172474,
        0.003058470319956541,
        0.9999916553497314,
        4.933802756568184e-06
    ],
    [
        0.9999800324440002,
        -0.005839869379997253,
        -0.002417159965261817,
        0.16406001150608063,
        0.00583232007920742,
        0.9999781847000122,
        -0.003118228167295456,
        0.0015688184648752213,
        0.0024353174958378077,
        0.0031040674075484276,
        0.9999922513961792,
        0.0004335176490712911
    ],
    [
        0.9999784827232361,
        -0.006021267268806696,
        -0.002611423609778285,
        0.17187750339508057,
        0.006013060454279184,
        0.9999769926071167,
        -0.003139148000627756,
        0.001573003362864256,
        0.0026302647311240435,
        0.003123377449810505,
        0.9999916553497314,
        0.0009551267139613628
    ],
    [
        0.9999761581420898,
        -0.006310121156275272,
        -0.0028023100458085537,
        0.17937570810317993,
        0.00630119489505887,
        0.9999750256538391,
        -0.003182931337505579,
        0.0018686734838411212,
        0.0028223246335983276,
        0.003165197791531682,
        0.9999909400939941,
        0.001267081475816667
    ],
    [
        0.9999740123748779,
        -0.006659323815256357,
        -0.002792148618027568,
        0.1863381713628769,
        0.006650489754974842,
        0.9999728798866272,
        -0.003161139553412795,
        0.0017302898922935128,
        0.002813124330714345,
        0.0031424881890416145,
        0.9999910593032837,
        0.0013470625272020698
    ],
    [
        0.9999726414680481,
        -0.00669877091422677,
        -0.003119408618658781,
        0.18985295295715332,
        0.006689188536256552,
        0.9999729990959167,
        -0.0030721542425453663,
        0.0016299613052979112,
        0.003139902837574482,
        0.003051203675568104,
        0.9999903440475464,
        0.0013529722345992923
    ],
    [
        0.999972939491272,
        -0.006833587307482958,
        -0.0027100611478090286,
        0.19527752697467804,
        0.006825343240052462,
        0.9999721050262451,
        -0.003039587289094925,
        0.0015943612670525908,
        0.0027307576965540648,
        0.0030210085678845644,
        0.9999916553497314,
        0.0023744539357721806
    ],
    [
        0.9999695420265198,
        -0.0070998817682266235,
        -0.003226921893656254,
        0.20153652131557465,
        0.007089942693710327,
        0.9999700784683228,
        -0.0030808483716100454,
        0.001856391318142414,
        0.0032486983109265566,
        0.003057875670492649,
        0.9999901056289673,
        0.0024907903280109167
    ],
    [
        0.9999673962593079,
        -0.007307575549930334,
        -0.0034657299984246492,
        0.20730002224445343,
        0.007297324016690254,
        0.9999690055847168,
        -0.002961431397125125,
        0.0017405985854566097,
        0.0034872638061642647,
        0.002936043543741107,
        0.9999896287918091,
        0.002332679694518447
    ],
    [
        0.9999666213989258,
        -0.007382159121334553,
        -0.0035210857167840004,
        0.20998172461986542,
        0.007371519226580858,
        0.9999682903289795,
        -0.0030250612180680037,
        0.001997863408178091,
        0.003543306142091751,
        0.0029990042094141245,
        0.9999892711639404,
        0.0024035461246967316
    ],
    [
        0.9999657869338989,
        -0.007473555393517017,
        -0.0035595963709056377,
        0.21516653895378113,
        0.007462946232408285,
        0.9999676942825317,
        -0.002984392223879695,
        0.001950045581907034,
        0.003581785364076495,
        0.0029577258974313736,
        0.9999892711639404,
        0.003089950419962406
    ],
    [
        0.9999634623527527,
        -0.007718912325799465,
        -0.003675936022773385,
        0.22050845623016357,
        0.007708360441029072,
        0.9999662041664124,
        -0.0028759464621543884,
        0.0017838766798377037,
        0.0036980106960982084,
        0.0028475055005401373,
        0.9999890327453613,
        0.003359738737344742
    ],
    [
        0.9999604821205139,
        -0.00803698506206274,
        -0.003807882545515895,
        0.2263430505990982,
        0.008026091381907463,
        0.999963641166687,
        -0.002867612987756729,
        0.0018775929929688573,
        0.0038307919166982174,
        0.0028369370847940445,
        0.9999886751174927,
        0.0038406907115131617
    ],
    [
        0.9999576807022095,
        -0.008345969952642918,
        -0.0038739226292818785,
        0.22926349937915802,
        0.008334946818649769,
        0.9999611973762512,
        -0.002852680627256632,
        0.0018350385362282395,
        0.00389758194796741,
        0.002820270135998726,
        0.9999884366989136,
        0.0036730077117681503
    ],
    [
        0.9999549984931946,
        -0.008640086278319359,
        -0.003947910387068987,
        0.23447340726852417,
        0.008629124611616135,
        0.9999589323997498,
        -0.002785195829346776,
        0.001847857958637178,
        0.003971812780946493,
        0.0027510037180036306,
        0.999988317489624,
        0.004294934682548046
    ],
    [
        0.9999502897262573,
        -0.009124229662120342,
        -0.004035176243633032,
        0.2397119104862213,
        0.009113595820963383,
        0.9999549388885498,
        -0.0026455484330654144,
        0.0016528032720088959,
        0.004059132654219866,
        0.0026086412835866213,
        0.999988317489624,
        0.004453820176422596
    ],
    [
        0.9999484419822693,
        -0.009330430068075657,
        -0.004034913145005703,
        0.24444517493247986,
        0.009319453500211239,
        0.9999528527259827,
        -0.002730214037001133,
        0.0021206492092460394,
        0.004060196690261364,
        0.0026924696285277605,
        0.9999880790710449,
        0.0051810829900205135
    ],
    [
        0.9999467730522156,
        -0.009482593275606632,
        -0.004053147975355387,
        0.24692782759666443,
        0.009471554309129715,
        0.9999513626098633,
        -0.002733629895374179,
        0.002097752410918474,
        0.0040788729675114155,
        0.002695094794034958,
        0.9999879598617554,
        0.005105371121317148
    ],
    [
        0.9999417662620544,
        -0.009881733916699886,
        -0.004338898696005344,
        0.25210320949554443,
        0.009870398789644241,
        0.9999477863311768,
        -0.002626231638714671,
        0.0020547460298985243,
        0.004364624619483948,
        0.002583252266049385,
        0.9999871253967285,
        0.005159873049706221
    ],
    [
        0.999940037727356,
        -0.010066298767924309,
        -0.004328081384301186,
        0.2562693655490875,
        0.010055016726255417,
        0.9999460577964783,
        -0.0026205722242593765,
        0.0023340198677033186,
        0.004354226402938366,
        0.0025768964551389217,
        0.9999871253967285,
        0.005752280820161104
    ],
    [
        0.9999377131462097,
        -0.01028382871299982,
        -0.004330383613705635,
        0.2602952718734741,
        0.010272552259266376,
        0.9999437928199768,
        -0.0026182059664279222,
        0.002376187825575471,
        0.004357066936790943,
        0.0025735585950315,
        0.9999871253967285,
        0.00605606148019433
    ]
]