[
    [
        0.9999955892562866,
        0.0029473721515387297,
        0.0005402027745731175,
        -0.011683122254908085,
        -0.002946636639535427,
        0.999994695186615,
        -0.0013564848341047764,
        -0.01670370064675808,
        -0.0005441982648335397,
        0.0013548871502280235,
        0.999998927116394,
        0.4310145378112793
    ],
    [
        0.9999911189079285,
        0.003726163413375616,
        -0.002015608362853527,
        -0.005299567710608244,
        -0.0037288409657776356,
        0.9999921321868896,
        -0.0013263931032270193,
        -0.02089126594364643,
        0.0020106497686356306,
        0.0013338970020413399,
        0.9999971389770508,
        0.5448364019393921
    ],
    [
        0.9999892711639404,
        0.004240201786160469,
        -0.001873878645710647,
        9.66890002018772e-05,
        -0.0042428974993526936,
        0.999989926815033,
        -0.0014371487777680159,
        -0.03307468071579933,
        0.001867765444330871,
        0.0014450842281803489,
        0.9999972581863403,
        0.6510786414146423
    ],
    [
        0.999987781047821,
        0.004913263954222202,
        -0.0007002488127909601,
        0.0005603994359262288,
        -0.004914660472422838,
        0.9999858140945435,
        -0.002006388967856765,
        -0.0370631106197834,
        0.0006903812172822654,
        0.0020098055247217417,
        0.9999977350234985,
        0.7599977850914001
    ],
    [
        0.9999794363975525,
        0.006311147939413786,
        -0.0011562578147277236,
        -0.004837552085518837,
        -0.00631303945556283,
        0.9999787211418152,
        -0.0016395151615142822,
        -0.038067515939474106,
        0.0011458862572908401,
        0.001646780758164823,
        0.9999979734420776,
        0.8738666772842407
    ],
    [
        0.9999757409095764,
        0.0069324239157140255,
        -0.0007110183360055089,
        -0.009901232086122036,
        -0.006933863740414381,
        0.9999738931655884,
        -0.0020441324450075626,
        -0.04889955371618271,
        0.0006968285888433456,
        0.002049012342467904,
        0.999997615814209,
        0.976760983467102
    ],
    [
        0.9999684691429138,
        0.007499703671783209,
        -0.0026278048753738403,
        -0.008428934961557388,
        -0.007506634574383497,
        0.9999682903289795,
        -0.002637345576658845,
        -0.055601563304662704,
        0.0026079430244863033,
        0.002656987402588129,
        0.999993085861206,
        1.074696660041809
    ],
    [
        0.9999665021896362,
        0.007618136238306761,
        -0.003006100421771407,
        -0.0014124769950285554,
        -0.007626755628734827,
        0.9999668002128601,
        -0.0028666979633271694,
        -0.05984066054224968,
        0.0029841619543731213,
        0.002889527939260006,
        0.9999914765357971,
        1.1759272813796997
    ],
    [
        0.9999621510505676,
        0.008000693283975124,
        -0.0034047376830130816,
        0.006332566495984793,
        -0.00801076553761959,
        0.9999635219573975,
        -0.0029548630118370056,
        -0.07054044306278229,
        0.0033809738233685493,
        0.002982025733217597,
        0.9999897480010986,
        1.2743772268295288
    ],
    [
        0.9999595284461975,
        0.008464425802230835,
        -0.003054163185879588,
        0.01007916871458292,
        -0.008474467322230339,
        0.9999586939811707,
        -0.003290256019681692,
        -0.07530977576971054,
        0.003026186488568783,
        0.003316005226224661,
        0.9999898672103882,
        1.3722691535949707
    ],
    [
        0.9999430775642395,
        0.009407203644514084,
        -0.005038878880441189,
        0.00929502584040165,
        -0.009420805610716343,
        0.9999520182609558,
        -0.002682402031496167,
        -0.07103933393955231,
        0.005013404414057732,
        0.002729719737544656,
        0.9999837875366211,
        1.4785960912704468
    ],
    [
        0.9999420642852783,
        0.009961387142539024,
        -0.0040784841403365135,
        0.007511857431381941,
        -0.00997113436460495,
        0.9999474287033081,
        -0.0023764444049447775,
        -0.07561364024877548,
        0.004054597578942776,
        0.002416975563392043,
        0.9999889135360718,
        1.5856083631515503
    ],
    [
        0.9999307990074158,
        0.010541385039687157,
        -0.005228286609053612,
        0.007630079984664917,
        -0.010555303655564785,
        0.9999407529830933,
        -0.0026415465399622917,
        -0.08164522051811218,
        0.005200132727622986,
        0.0026965481229126453,
        0.9999828338623047,
        1.6863270998001099
    ],
    [
        0.9999204277992249,
        0.01070794090628624,
        -0.0066609010100364685,
        0.011289700865745544,
        -0.010722762905061245,
        0.9999400973320007,
        -0.0021935177501291037,
        -0.07812029123306274,
        0.006637013517320156,
        0.0022647655569016933,
        0.9999754428863525,
        1.7921228408813477
    ],
    [
        0.9998846650123596,
        0.01112485583871603,
        -0.010334428399801254,
        0.02167529985308647,
        -0.011143234558403492,
        0.9999364018440247,
        -0.0017223929753527045,
        -0.08001460880041122,
        0.010314608924090862,
        0.001837354153394699,
        0.9999449849128723,
        1.9026800394058228
    ],
    [
        0.9998063445091248,
        0.011931162327528,
        -0.01564610004425049,
        0.030043287202715874,
        -0.011946439743041992,
        0.9999282360076904,
        -0.0008832885068841279,
        -0.0865759402513504,
        0.015634439885616302,
        0.0010700342245399952,
        0.9998772144317627,
        2.0102500915527344
    ],
    [
        0.9997014999389648,
        0.012253097258508205,
        -0.02113698422908783,
        0.03721686080098152,
        -0.012265708297491074,
        0.9999246597290039,
        -0.0004670722410082817,
        -0.08283970504999161,
        0.02112966775894165,
        0.000726191618014127,
        0.9997764229774475,
        2.122429847717285
    ],
    [
        0.9995405077934265,
        0.012993890792131424,
        -0.027384383603930473,
        0.04398680478334427,
        -0.012962649576365948,
        0.9999150633811951,
        0.0013180254027247429,
        -0.07786398380994797,
        0.027399184182286263,
        -0.0009624451049603522,
        0.9996240139007568,
        2.242311477661133
    ],
    [
        0.9993442296981812,
        0.01342818420380354,
        -0.03362838551402092,
        0.05443653464317322,
        -0.01339245680719614,
        0.999909520149231,
        0.0012874237727373838,
        -0.0893346294760704,
        0.03364263102412224,
        -0.0008362130611203611,
        0.9994335770606995,
        2.356628179550171
    ],
    [
        0.9990966320037842,
        0.013374688103795052,
        -0.04033539071679115,
        0.07020530104637146,
        -0.013323456980288029,
        0.9999099969863892,
        0.0015387056628242135,
        -0.09430664777755737,
        0.040352337062358856,
        -0.000999910174869001,
        0.9991850852966309,
        2.4672787189483643
    ],
    [
        0.998837947845459,
        0.01347753033041954,
        -0.04627169668674469,
        0.09287886321544647,
        -0.013405720703303814,
        0.9999083876609802,
        0.001861872966401279,
        -0.10023657232522964,
        0.04629255458712578,
        -0.0012394051300361753,
        0.9989272356033325,
        2.5807950496673584
    ],
    [
        0.9985392093658447,
        0.014366415329277515,
        -0.05208737403154373,
        0.11232153326272964,
        -0.014298602007329464,
        0.9998964071273804,
        0.0016743591986596584,
        -0.11408655345439911,
        0.05210603401064873,
        -0.0009271373855881393,
        0.9986410737037659,
        2.685565710067749
    ],
    [
        0.9981000423431396,
        0.0150850685313344,
        -0.059739064425230026,
        0.12146656960248947,
        -0.015024572610855103,
        0.9998860359191895,
        0.0014617448905482888,
        -0.11566367000341415,
        0.05975430831313133,
        -0.0005614127148874104,
        0.9982129335403442,
        2.790686845779419
    ],
    [
        0.9977080821990967,
        0.016670716926455498,
        -0.06557810306549072,
        0.12419164180755615,
        -0.016556626185774803,
        0.9998602867126465,
        0.002282908884808421,
        -0.11633213609457016,
        0.06560701131820679,
        -0.0011919258395209908,
        0.9978448748588562,
        2.9058501720428467
    ],
    [
        0.9975993037223816,
        0.01744755543768406,
        -0.06701568514108658,
        0.1272684782743454,
        -0.017295321449637413,
        0.9998463988304138,
        0.0028511688578873873,
        -0.12994736433029175,
        0.0670551285147667,
        -0.0016852680128067732,
        0.9977480173110962,
        3.020296096801758
    ]
]