[
    [
        0.9755586385726929,
        -0.030164720490574837,
        0.21765869855880737,
        0.04759705439209938,
        0.023658346384763718,
        0.9991937279701233,
        0.03243744745850563,
        -0.017938701435923576,
        -0.21846166253089905,
        -0.0264951903373003,
        0.9754858016967773,
        0.07230710983276367
    ],
    [
        0.9731877446174622,
        -0.03145214170217514,
        0.22785162925720215,
        0.05472417548298836,
        0.02486889436841011,
        0.9991878271102905,
        0.03170700743794441,
        -0.01821267604827881,
        -0.22866381704807281,
        -0.025190453976392746,
        0.9731795191764832,
        0.07121384888887405
    ],
    [
        0.9706771969795227,
        -0.03358925133943558,
        0.2380286455154419,
        0.0614532046020031,
        0.026740582659840584,
        0.9991318583488464,
        0.031944140791893005,
        -0.018336312845349312,
        -0.2388949990272522,
        -0.024642420932650566,
        0.9707326889038086,
        0.07020462304353714
    ],
    [
        0.9682223200798035,
        -0.034944526851177216,
        0.24763727188110352,
        0.06904032826423645,
        0.02785404399037361,
        0.9990971088409424,
        0.03207944333553314,
        -0.017905116081237793,
        -0.24853472411632538,
        -0.02416233718395233,
        0.9683216214179993,
        0.06871269643306732
    ],
    [
        0.965623676776886,
        -0.03672298789024353,
        0.25733667612075806,
        0.0755925104022026,
        0.029170844703912735,
        0.9990261197090149,
        0.033105116337537766,
        -0.01815933920443058,
        -0.2583017349243164,
        -0.024460356682538986,
        0.9657545685768127,
        0.06743530929088593
    ],
    [
        0.9617764949798584,
        -0.039803314954042435,
        0.270927369594574,
        0.08492875099182129,
        0.031638748943805695,
        0.9989058971405029,
        0.03443862870335579,
        -0.018024617806077003,
        -0.2720016837120056,
        -0.024550458416342735,
        0.9619835615158081,
        0.06567278504371643
    ],
    [
        0.9594233632087708,
        -0.04209873452782631,
        0.2788090109825134,
        0.0921047031879425,
        0.03354236111044884,
        0.9988104701042175,
        0.03539099916815758,
        -0.01821870729327202,
        -0.2799672782421112,
        -0.024603040888905525,
        0.9596941471099854,
        0.06433620303869247
    ],
    [
        0.9569506645202637,
        -0.044194843620061874,
        0.28686589002609253,
        0.09785807132720947,
        0.03530982881784439,
        0.9987250566482544,
        0.03607513755559921,
        -0.018321596086025238,
        -0.2880944609642029,
        -0.02439294569194317,
        0.9572912454605103,
        0.06315240263938904
    ],
    [
        0.9545081853866577,
        -0.04621592164039612,
        0.2945813238620758,
        0.10373426973819733,
        0.037108223885297775,
        0.9986467361450195,
        0.03643570467829704,
        -0.018101336434483528,
        -0.29586657881736755,
        -0.023846788331866264,
        0.9549316167831421,
        0.061952121555805206
    ],
    [
        0.9520499110221863,
        -0.047939952462911606,
        0.30216360092163086,
        0.1102217510342598,
        0.038569167256355286,
        0.9985740780830383,
        0.03690658137202263,
        -0.018593166023492813,
        -0.30350208282470703,
        -0.023482708260416985,
        0.9525413513183594,
        0.060591038316488266
    ],
    [
        0.9480873942375183,
        -0.04915396124124527,
        0.314188152551651,
        0.11925749480724335,
        0.03954135999083519,
        0.9985364079475403,
        0.0368993915617466,
        -0.018892813473939896,
        -0.3155420422554016,
        -0.022560423240065575,
        0.9486433863639832,
        0.05837729200720787
    ],
    [
        0.9454208016395569,
        -0.04994674026966095,
        0.3220011591911316,
        0.12568429112434387,
        0.04017636179924011,
        0.9985102415084839,
        0.03692149370908737,
        -0.01899181492626667,
        -0.3233655095100403,
        -0.02196951024234295,
        0.9460190534591675,
        0.0565703883767128
    ],
    [
        0.9427746534347534,
        -0.05118516460061073,
        0.3294784724712372,
        0.1319417953491211,
        0.04110000655055046,
        0.998450756072998,
        0.037507228553295135,
        -0.018999509513378143,
        -0.3308878242969513,
        -0.021819300949573517,
        0.9434177279472351,
        0.054813336580991745
    ],
    [
        0.9397581219673157,
        -0.05051114037632942,
        0.33808785676956177,
        0.13787144422531128,
        0.04040124639868736,
        0.998502790927887,
        0.0368783213198185,
        -0.018892304971814156,
        -0.33944442868232727,
        -0.020997531712055206,
        0.9403917789459229,
        0.05252717435359955
    ],
    [
        0.9367154836654663,
        -0.05049429461359978,
        0.34643101692199707,
        0.14412429928779602,
        0.04038308188319206,
        0.998522937297821,
        0.036348506808280945,
        -0.019301241263747215,
        -0.34775471687316895,
        -0.02005825564265251,
        0.9373710751533508,
        0.05031268298625946
    ],
    [
        0.9318498373031616,
        -0.049948550760746,
        0.3593898117542267,
        0.15287038683891296,
        0.03994440287351608,
        0.9985812306404114,
        0.03521385416388512,
        -0.019784731790423393,
        -0.3606387972831726,
        -0.01845841482281685,
        0.9325228333473206,
        0.04691707715392113
    ],
    [
        0.9286221861839294,
        -0.04989773407578468,
        0.36765623092651367,
        0.15844351053237915,
        0.0398133285343647,
        0.9985949993133545,
        0.03496770188212395,
        -0.020472969859838486,
        -0.36888447403907776,
        -0.017834164202213287,
        0.9293041229248047,
        0.044742729514837265
    ],
    [
        0.9254540801048279,
        -0.050557296723127365,
        0.3754713535308838,
        0.16433438658714294,
        0.04033324494957924,
        0.998571515083313,
        0.035045310854911804,
        -0.020336687564849854,
        -0.3767068088054657,
        -0.017288852483034134,
        0.9261711239814758,
        0.042470742017030716
    ],
    [
        0.9221736192703247,
        -0.051822636276483536,
        0.3832886517047882,
        0.169287770986557,
        0.04137781262397766,
        0.9985144138336182,
        0.03545141592621803,
        -0.02023915760219097,
        -0.3845564126968384,
        -0.016832716763019562,
        0.9229481220245361,
        0.04078755900263786
    ],
    [
        0.9189972281455994,
        -0.05344035476446152,
        0.39062535762786865,
        0.17427675426006317,
        0.042743101716041565,
        0.9984360337257385,
        0.036034464836120605,
        -0.019351737573742867,
        -0.391940176486969,
        -0.016419032588601112,
        0.9198442697525024,
        0.03913634270429611
    ],
    [
        0.9143791198730469,
        -0.056395627558231354,
        0.4009118378162384,
        0.18110404908657074,
        0.04508745297789574,
        0.9982754588127136,
        0.037592653185129166,
        -0.01890389807522297,
        -0.4023405611515045,
        -0.016297847032546997,
        0.9153448939323425,
        0.037140876054763794
    ],
    [
        0.9112436175346375,
        -0.05924674868583679,
        0.40758439898490906,
        0.18599075078964233,
        0.047389909625053406,
        0.9981095790863037,
        0.03913544490933418,
        -0.017719043418765068,
        -0.4091325104236603,
        -0.016346534714102745,
        0.9123286008834839,
        0.0356181263923645
    ],
    [
        0.9081482291221619,
        -0.06037408113479614,
        0.4142725467681885,
        0.1904442012310028,
        0.04805615916848183,
        0.9980393052101135,
        0.04010303318500519,
        -0.01756984554231167,
        -0.4158814549446106,
        -0.01651115156710148,
        0.909268856048584,
        0.03434109315276146
    ],
    [
        0.9049267172813416,
        -0.06073664873838425,
        0.4212110638618469,
        0.19478479027748108,
        0.0480748787522316,
        0.9980173110961914,
        0.040625665336847305,
        -0.01782120391726494,
        -0.422843337059021,
        -0.016513578593730927,
        0.90605229139328,
        0.033496078103780746
    ],
    [
        0.9001251459121704,
        -0.061767954379320145,
        0.43122991919517517,
        0.201711967587471,
        0.04853802174329758,
        0.9979535341262817,
        0.04162801802158356,
        -0.01822250708937645,
        -0.4329186677932739,
        -0.016539381816983223,
        0.9012811779975891,
        0.03154672682285309
    ]
]