[
    [
        0.9947503209114075,
        -0.014408641494810581,
        0.10131236165761948,
        0.1480947732925415,
        0.015318671241402626,
        0.9998489618301392,
        -0.008210140280425549,
        -0.056485071778297424,
        -0.10117877274751663,
        0.00971901137381792,
        0.9948208332061768,
        0.3367866277694702
    ],
    [
        0.9912531971931458,
        -0.017370149493217468,
        0.1308257132768631,
        0.22298666834831238,
        0.018031539395451546,
        0.999829888343811,
        -0.003872535191476345,
        -0.08473571389913559,
        -0.13073620200157166,
        0.006197651848196983,
        0.9913978576660156,
        0.4677361845970154
    ],
    [
        0.9872711300849915,
        -0.02278405800461769,
        0.15740573406219482,
        0.32103270292282104,
        0.023988371714949608,
        0.9996956586837769,
        -0.005755211226642132,
        -0.10286468267440796,
        -0.15722668170928955,
        0.009457862004637718,
        0.9875172972679138,
        0.6043466329574585
    ],
    [
        0.9855934381484985,
        -0.0246120635420084,
        0.1673320233821869,
        0.41521182656288147,
        0.02630854956805706,
        0.9996224045753479,
        -0.007928911596536636,
        -0.11353781819343567,
        -0.16707371175289154,
        0.012216945178806782,
        0.9858688116073608,
        0.6883620619773865
    ],
    [
        0.9837033748626709,
        -0.024955904111266136,
        0.17805840075016022,
        0.5183702111244202,
        0.02678796648979187,
        0.9996100068092346,
        -0.007892039604485035,
        -0.12810257077217102,
        -0.1777919977903366,
        0.012533249333500862,
        0.9839882254600525,
        0.8144713640213013
    ],
    [
        0.9821044206619263,
        -0.024700870737433434,
        0.18671028316020966,
        0.6063664555549622,
        0.02659040130674839,
        0.999617338180542,
        -0.007622139062732458,
        -0.1421828716993332,
        -0.1864505559206009,
        0.012450437992811203,
        0.9823854565620422,
        0.9466056227684021
    ],
    [
        0.9822033643722534,
        -0.02247440442442894,
        0.1864708513021469,
        0.7097697854042053,
        0.023920021951198578,
        0.9996986985206604,
        -0.005505924578756094,
        -0.1666804999113083,
        -0.1862909197807312,
        0.009868321940302849,
        0.9824451804161072,
        1.086830496788025
    ],
    [
        0.983975887298584,
        -0.021009184420108795,
        0.17705942690372467,
        0.8151130676269531,
        0.022854316979646683,
        0.9997036457061768,
        -0.00838781800121069,
        -0.18307390809059143,
        -0.1768307238817215,
        0.012299986556172371,
        0.9841643571853638,
        1.2140107154846191
    ],
    [
        0.9872650504112244,
        -0.016554810106754303,
        0.15821969509124756,
        0.9229456186294556,
        0.01843935251235962,
        0.9997754096984863,
        -0.010450281202793121,
        -0.2007983773946762,
        -0.15801113843917847,
        0.013234665617346764,
        0.9873486757278442,
        1.3404364585876465
    ],
    [
        0.9902870059013367,
        -0.01143126655369997,
        0.1385677009820938,
        1.0093141794204712,
        0.01334302593022585,
        0.999828040599823,
        -0.012875471264123917,
        -0.21581757068634033,
        -0.13839669525623322,
        0.014599323272705078,
        0.9902693033218384,
        1.4547412395477295
    ],
    [
        0.9935035109519958,
        -0.004835293162614107,
        0.11369822919368744,
        1.1005967855453491,
        0.006696377415210009,
        0.9998497366905212,
        -0.015992412343621254,
        -0.2309090942144394,
        -0.11360381543636322,
        0.016649886965751648,
        0.9933866858482361,
        1.590696930885315
    ],
    [
        0.9963473081588745,
        0.0010871159611269832,
        0.0853864774107933,
        1.1941012144088745,
        0.00043579720659181476,
        0.9998411536216736,
        -0.017814839258790016,
        -0.2509307563304901,
        -0.08539236336946487,
        0.01778697967529297,
        0.9961885809898376,
        1.7270337343215942
    ],
    [
        0.9986037015914917,
        0.005884628277271986,
        0.05249682813882828,
        1.2900880575180054,
        -0.004799441434442997,
        0.9997726082801819,
        -0.020773008465766907,
        -0.2668862044811249,
        -0.05260715261101723,
        0.02049204334616661,
        0.9984049797058105,
        1.8560242652893066
    ],
    [
        0.9997603893280029,
        0.009772179648280144,
        0.019588418304920197,
        1.380623459815979,
        -0.009294291958212852,
        0.9996605515480042,
        -0.024341413751244545,
        -0.2806564271450043,
        -0.019819358363747597,
        0.024153513833880424,
        0.9995117783546448,
        1.9633556604385376
    ],
    [
        0.9998105764389038,
        0.015851076692342758,
        -0.0112910820171237,
        1.4640954732894897,
        -0.016154518350958824,
        0.9994964599609375,
        -0.027309570461511612,
        -0.29984065890312195,
        0.010852520354092121,
        0.027486806735396385,
        0.9995632171630859,
        2.091844320297241
    ],
    [
        0.999276340007782,
        0.020016370341181755,
        -0.03234404698014259,
        1.5345838069915771,
        -0.021023472771048546,
        0.9992949962615967,
        -0.031102806329727173,
        -0.3179706037044525,
        0.03169867396354675,
        0.031760286539793015,
        0.9989926815032959,
        2.2413206100463867
    ],
    [
        0.9986000061035156,
        0.023456797003746033,
        -0.04741056263446808,
        1.596479892730713,
        -0.02503683790564537,
        0.9991413354873657,
        -0.033012647181749344,
        -0.3426797389984131,
        0.04659537598490715,
        0.03415343165397644,
        0.9983298182487488,
        2.39785099029541
    ],
    [
        0.9977750778198242,
        0.024242017418146133,
        -0.06210678815841675,
        1.6533387899398804,
        -0.026450959965586662,
        0.9990374445915222,
        -0.03499500826001167,
        -0.3628702163696289,
        0.06119859591126442,
        0.036559924483299255,
        0.9974557161331177,
        2.534180164337158
    ],
    [
        0.9962679743766785,
        0.024708431214094162,
        -0.08270230889320374,
        1.722900152206421,
        -0.027900300920009613,
        0.9989008903503418,
        -0.03766399249434471,
        -0.38288822770118713,
        0.08168093115091324,
        0.03983084112405777,
        0.9958623647689819,
        2.677748203277588
    ],
    [
        0.9948553442955017,
        0.027628639712929726,
        -0.09746592491865158,
        1.7640419006347656,
        -0.031358297914266586,
        0.9988252520561218,
        -0.03694406524300575,
        -0.40665096044540405,
        0.09633073210716248,
        0.039810359477996826,
        0.9945529699325562,
        2.826544761657715
    ],
    [
        0.9935042858123779,
        0.0276601854711771,
        -0.11038157343864441,
        1.7883180379867554,
        -0.03203653171658516,
        0.9987613558769226,
        -0.03807250037789345,
        -0.42700058221817017,
        0.10919184237718582,
        0.04136143624782562,
        0.9931597709655762,
        2.9929850101470947
    ],
    [
        0.9918390512466431,
        0.02957414649426937,
        -0.12401852756738663,
        1.8106483221054077,
        -0.03431708738207817,
        0.9987521171569824,
        -0.036283135414123535,
        -0.45151400566101074,
        0.12279067188501358,
        0.0402429923415184,
        0.9916161894798279,
        3.1353542804718018
    ],
    [
        0.9892587065696716,
        0.030971799045801163,
        -0.14285682141780853,
        1.839463472366333,
        -0.036750953644514084,
        0.9986019134521484,
        -0.0379938967525959,
        -0.4710720181465149,
        0.14148038625717163,
        0.04283592477440834,
        0.9890137910842896,
        3.286550283432007
    ],
    [
        0.9850243926048279,
        0.03376031294465065,
        -0.1690773069858551,
        1.8838170766830444,
        -0.04142626002430916,
        0.9982576370239258,
        -0.042018577456474304,
        -0.4910878837108612,
        0.16736412048339844,
        0.04839355871081352,
        0.9847067594528198,
        3.4247422218322754
    ],
    [
        0.9810460209846497,
        0.03818108141422272,
        -0.18997624516487122,
        1.9134615659713745,
        -0.04708794876933098,
        0.9979822635650635,
        -0.04259162023663521,
        -0.5185390710830688,
        0.18796679377555847,
        0.05072992667555809,
        0.980864405632019,
        3.55656099319458
    ]
]