[
    [
        0.9963923692703247,
        0.001013831584714353,
        0.0848604366183281,
        0.13841933012008667,
        -0.0012304094852879643,
        0.9999961256980896,
        0.002499898662790656,
        0.05998317152261734,
        -0.08485756814479828,
        -0.0025952928699553013,
        0.9963896870613098,
        0.41032588481903076
    ],
    [
        0.9948682188987732,
        0.00206223432905972,
        0.10115911066532135,
        0.1909930557012558,
        -0.002476111054420471,
        0.9999890923500061,
        0.003965953830629587,
        0.08094173669815063,
        -0.10114983469247818,
        -0.004196082707494497,
        0.9948623776435852,
        0.6212460994720459
    ],
    [
        0.9931657910346985,
        0.0025865696370601654,
        0.1166829839348793,
        0.2317829579114914,
        -0.0032574061769992113,
        0.9999792575836182,
        0.005558894947171211,
        0.1065840944647789,
        -0.11666619032621384,
        -0.005900987423956394,
        0.9931536912918091,
        0.8523600101470947
    ],
    [
        0.9918119311332703,
        0.0038422204088419676,
        0.12764941155910492,
        0.24968287348747253,
        -0.004727259743958712,
        0.9999669194221497,
        0.006631139665842056,
        0.12879431247711182,
        -0.1276196986436844,
        -0.007180273067206144,
        0.9917972087860107,
        1.0712493658065796
    ],
    [
        0.9891625046730042,
        0.004412293899804354,
        0.14675873517990112,
        0.2703644633293152,
        -0.005062186159193516,
        0.9999789595603943,
        0.004055120050907135,
        0.14081716537475586,
        -0.146737739443779,
        -0.004754093009978533,
        0.9891641139984131,
        1.252253532409668
    ],
    [
        0.983899712562561,
        0.003960383590310812,
        0.17867760360240936,
        0.29013580083847046,
        -0.004690475296229124,
        0.9999822378158569,
        0.0036638237070292234,
        0.15296044945716858,
        -0.17865991592407227,
        -0.004442916717380285,
        0.9839008450508118,
        1.4450682401657104
    ],
    [
        0.9789450764656067,
        0.003957821521908045,
        0.2040853202342987,
        0.2903362214565277,
        -0.0049951947294175625,
        0.9999771118164062,
        0.0045681423507630825,
        0.13095204532146454,
        -0.2040625661611557,
        -0.00549140851944685,
        0.9789423942565918,
        1.6025464534759521
    ],
    [
        0.9738855361938477,
        0.0033572246320545673,
        0.22701503336429596,
        0.2891543209552765,
        -0.004516355227679014,
        0.9999793767929077,
        0.004586728289723396,
        0.09803754836320877,
        -0.22699493169784546,
        -0.005492229480296373,
        0.9738803505897522,
        1.7265130281448364
    ],
    [
        0.9676939249038696,
        0.002479140879586339,
        0.25211581587791443,
        0.28731831908226013,
        -0.0038292116951197386,
        0.9999809265136719,
        0.004864476155489683,
        0.061744410544633865,
        -0.2520989179611206,
        -0.005672728177160025,
        0.967684805393219,
        1.8249422311782837
    ],
    [
        0.9595151543617249,
        0.0015468234196305275,
        0.2816528379917145,
        0.27921777963638306,
        -0.003041195683181286,
        0.9999834895133972,
        0.004868671763688326,
        0.029608063399791718,
        -0.2816406190395355,
        -0.00552812684327364,
        0.9595040082931519,
        1.931111216545105
    ],
    [
        0.944656252861023,
        -0.00036915927194058895,
        0.3280618190765381,
        0.25703346729278564,
        -0.0017175457905977964,
        0.9999801516532898,
        0.0060709379613399506,
        -0.01851896196603775,
        -0.32805749773979187,
        -0.006298409309238195,
        0.9446368217468262,
        2.0636837482452393
    ],
    [
        0.9261785745620728,
        -0.001989712007343769,
        0.3770800828933716,
        0.24956174194812775,
        0.00016581450472585857,
        0.9999881982803345,
        0.0048692962154746056,
        -0.05897045135498047,
        -0.37708529829978943,
        -0.004447310697287321,
        0.9261678457260132,
        2.1637887954711914
    ],
    [
        0.904662013053894,
        -0.004676846321672201,
        0.42610424757003784,
        0.2539851665496826,
        0.0023674259427934885,
        0.999979555606842,
        0.005949320737272501,
        -0.10236089676618576,
        -0.42612332105636597,
        -0.004373353440314531,
        0.9046543836593628,
        2.2357473373413086
    ],
    [
        0.8894395232200623,
        -0.006602720357477665,
        0.45700523257255554,
        0.2671772837638855,
        0.003973791841417551,
        0.9999696016311646,
        0.006713425740599632,
        -0.14589767158031464,
        -0.457035630941391,
        -0.004155142232775688,
        0.8894386291503906,
        2.2804102897644043
    ],
    [
        0.878909707069397,
        -0.008346914313733578,
        0.4769151210784912,
        0.2672797739505768,
        0.004635559394955635,
        0.9999490976333618,
        0.008958092890679836,
        -0.18212434649467468,
        -0.47696566581726074,
        -0.0056625837460160255,
        0.8789037466049194,
        2.2980408668518066
    ],
    [
        0.867988109588623,
        -0.008418796584010124,
        0.49651363492012024,
        0.26885104179382324,
        0.005166674964129925,
        0.999955415725708,
        0.007922893390059471,
        -0.2085849642753601,
        -0.49655821919441223,
        -0.004311660770326853,
        0.8679927587509155,
        2.3068056106567383
    ],
    [
        0.8584021329879761,
        -0.00956678856164217,
        0.5128879547119141,
        0.26750990748405457,
        0.005521817598491907,
        0.9999405741691589,
        0.00940999761223793,
        -0.21490536630153656,
        -0.5129474997520447,
        -0.005245484411716461,
        0.8584039211273193,
        2.303288459777832
    ],
    [
        0.8506205677986145,
        -0.010062254033982754,
        0.5256837606430054,
        0.26313871145248413,
        0.005633396562188864,
        0.9999338984489441,
        0.010024464689195156,
        -0.21570450067520142,
        -0.525749921798706,
        -0.005565619561821222,
        0.8506209254264832,
        2.295156955718994
    ],
    [
        0.8439344763755798,
        -0.010533232241868973,
        0.5363426804542542,
        0.2530870735645294,
        0.005642566364258528,
        0.9999262690544128,
        0.010758979246020317,
        -0.20705080032348633,
        -0.5364166498184204,
        -0.006053512450307608,
        0.8439315557479858,
        2.2762675285339355
    ],
    [
        0.8363822102546692,
        -0.011598006822168827,
        0.5480238795280457,
        0.23322762548923492,
        0.005729836877435446,
        0.9999065399169922,
        0.01241661049425602,
        -0.19083911180496216,
        -0.5481168031692505,
        -0.007244942709803581,
        0.8363705277442932,
        2.24385666847229
    ],
    [
        0.8297469019889832,
        -0.011564635671675205,
        0.5580200552940369,
        0.20374466478824615,
        0.006285248324275017,
        0.9999154806137085,
        0.011376800015568733,
        -0.1537284404039383,
        -0.5581043362617493,
        -0.005932560656219721,
        0.8297495245933533,
        2.1910667419433594
    ],
    [
        0.82735675573349,
        -0.01142134703695774,
        0.5615607500076294,
        0.169886514544487,
        0.005970912519842386,
        0.9999156594276428,
        0.011539818719029427,
        -0.11376165598630905,
        -0.5616450309753418,
        -0.006194526329636574,
        0.8273550868034363,
        2.1234970092773438
    ],
    [
        0.8267412781715393,
        -0.011634791269898415,
        0.5624618530273438,
        0.12494231015443802,
        0.005815677810460329,
        0.9999094009399414,
        0.012135355733335018,
        -0.0614919550716877,
        -0.5625523328781128,
        -0.006761698052287102,
        0.8267340064048767,
        2.060060977935791
    ],
    [
        0.8268488049507141,
        -0.010859047062695026,
        0.5623193383216858,
        0.05953819304704666,
        0.004810105077922344,
        0.9999135732650757,
        0.012236605398356915,
        -0.0010607136646285653,
        -0.562403678894043,
        -0.007413006853312254,
        0.8268294334411621,
        2.0153403282165527
    ],
    [
        0.834155261516571,
        -0.009152550250291824,
        0.5514538884162903,
        -0.026472393423318863,
        0.003730791388079524,
        0.9999329447746277,
        0.010952642187476158,
        0.06346642971038818,
        -0.5515170693397522,
        -0.007078847382217646,
        0.834133505821228,
        1.988995909690857
    ]
]