[
    [
        0.42594027519226074,
        0.059810832142829895,
        -0.9027721285820007,
        -0.7877218723297119,
        -0.11671996861696243,
        0.9931069016456604,
        0.010725652799010277,
        -0.32117441296577454,
        0.8971907496452332,
        0.10080305486917496,
        0.4299853444099426,
        2.3386921882629395
    ],
    [
        0.411520779132843,
        0.06080063804984093,
        -0.9093700647354126,
        -0.8120353817939758,
        -0.11804625391960144,
        0.9929234385490417,
        0.012967102229595184,
        -0.3272104263305664,
        0.9037232398986816,
        0.10201149433851242,
        0.41578584909439087,
        2.3975696563720703
    ],
    [
        0.3982013463973999,
        0.061335500329732895,
        -0.9152451753616333,
        -0.8375384211540222,
        -0.11952739208936691,
        0.9927246570587158,
        0.014524304307997227,
        -0.33273065090179443,
        0.9094772934913635,
        0.10361327230930328,
        0.4026355445384979,
        2.457689046859741
    ],
    [
        0.3886607587337494,
        0.06303881853818893,
        -0.919221818447113,
        -0.8802094459533691,
        -0.1204461082816124,
        0.9925718307495117,
        0.0171426460146904,
        -0.3397267460823059,
        0.9134745001792908,
        0.10405401885509491,
        0.3933664560317993,
        2.5151166915893555
    ],
    [
        0.3860625624656677,
        0.06592962145805359,
        -0.9201135635375977,
        -0.9236366152763367,
        -0.12073642760515213,
        0.992473840713501,
        0.020455753430724144,
        -0.34912487864494324,
        0.9145371913909912,
        0.10319403558969498,
        0.39111706614494324,
        2.552879810333252
    ],
    [
        0.38332200050354004,
        0.06862884014844894,
        -0.9210615158081055,
        -0.9646598100662231,
        -0.12077151983976364,
        0.9923978447914124,
        0.023682167753577232,
        -0.35734987258911133,
        0.915684700012207,
        0.10216008871793747,
        0.3886963129043579,
        2.5982797145843506
    ],
    [
        0.38437095284461975,
        0.07067084312438965,
        -0.9204697608947754,
        -1.021427035331726,
        -0.12010340392589569,
        0.9924197793006897,
        0.02604200504720211,
        -0.3642660081386566,
        0.9153328537940979,
        0.10054175555706024,
        0.3899450898170471,
        2.6530799865722656
    ],
    [
        0.3870396912097931,
        0.07427136600017548,
        -0.9190669655799866,
        -1.0719258785247803,
        -0.12022989988327026,
        0.9923058748245239,
        0.029558442533016205,
        -0.37384915351867676,
        0.9141908884048462,
        0.09905904531478882,
        0.3929913640022278,
        2.6990673542022705
    ],
    [
        0.39067089557647705,
        0.07780101895332336,
        -0.9172368049621582,
        -1.1313964128494263,
        -0.11995311826467514,
        0.992228627204895,
        0.03307129070162773,
        -0.38464176654815674,
        0.912681519985199,
        0.09710541367530823,
        0.3969672918319702,
        2.763733386993408
    ],
    [
        0.3998875916004181,
        0.08130531013011932,
        -0.912950873374939,
        -1.188146948814392,
        -0.11958583444356918,
        0.9921717047691345,
        0.03597995266318321,
        -0.3941807746887207,
        0.9087294340133667,
        0.0947880670428276,
        0.4064801335334778,
        2.8054332733154297
    ],
    [
        0.4083673655986786,
        0.08398068696260452,
        -0.9089462161064148,
        -1.2429828643798828,
        -0.11901386082172394,
        0.992157518863678,
        0.03819884732365608,
        -0.4021006226539612,
        0.905025839805603,
        0.09257803857326508,
        0.415159672498703,
        2.8550832271575928
    ],
    [
        0.4144532382488251,
        0.08732721209526062,
        -0.9058711528778076,
        -1.3063178062438965,
        -0.11850810796022415,
        0.9920888543128967,
        0.04141901433467865,
        -0.4136645793914795,
        0.9023216962814331,
        0.09018681198358536,
        0.4215236008167267,
        2.931964159011841
    ],
    [
        0.4208046495914459,
        0.08783118426799774,
        -0.9028893709182739,
        -1.3603062629699707,
        -0.11895700544118881,
        0.9920499324798584,
        0.041062917560338974,
        -0.41616207361221313,
        0.8993178606033325,
        0.09012554585933685,
        0.4279073476791382,
        2.99092435836792
    ],
    [
        0.42737463116645813,
        0.08767538517713547,
        -0.8998132944107056,
        -1.4168554544448853,
        -0.11809855699539185,
        0.992172360420227,
        0.04058258607983589,
        -0.4198724329471588,
        0.8963278532028198,
        0.08892269432544708,
        0.43438366055488586,
        3.054443597793579
    ],
    [
        0.43531334400177,
        0.09029573947191238,
        -0.8957392573356628,
        -1.4901092052459717,
        -0.11778911203145981,
        0.992117166519165,
        0.042767755687236786,
        -0.4318827986717224,
        0.8925402164459229,
        0.08689098060131073,
        0.44251778721809387,
        3.1325957775115967
    ],
    [
        0.4394596815109253,
        0.09191019088029861,
        -0.8935478925704956,
        -1.5437995195388794,
        -0.11741506308317184,
        0.9920943379402161,
        0.04430025815963745,
        -0.4411426782608032,
        0.8905553817749023,
        0.08544781059026718,
        0.4467770755290985,
        3.1964571475982666
    ],
    [
        0.4472287595272064,
        0.09397102892398834,
        -0.8894693851470947,
        -1.6189581155776978,
        -0.11729023605585098,
        0.9920395612716675,
        0.04583339765667915,
        -0.4510771334171295,
        0.8866958618164062,
        0.08382804691791534,
        0.45469042658805847,
        3.270073413848877
    ],
    [
        0.4566097855567932,
        0.09466202557086945,
        -0.8846166133880615,
        -1.6841912269592285,
        -0.11707752197980881,
        0.9920693039894104,
        0.0457289032638073,
        -0.45580917596817017,
        0.881929874420166,
        0.08268846571445465,
        0.4640714228153229,
        3.321397304534912
    ],
    [
        0.4632197320461273,
        0.09651193767786026,
        -0.8809727430343628,
        -1.7467689514160156,
        -0.117308109998703,
        0.9919832348823547,
        0.04699211195111275,
        -0.46436288952827454,
        0.8784453272819519,
        0.08157757669687271,
        0.4708278179168701,
        3.3758015632629395
    ],
    [
        0.4702264666557312,
        0.09956341236829758,
        -0.8769117593765259,
        -1.8255587816238403,
        -0.11707397550344467,
        0.9918719530105591,
        0.049837272614240646,
        -0.47714290022850037,
        0.8747461438179016,
        0.07922875136137009,
        0.4780607223510742,
        3.443751335144043
    ],
    [
        0.4751425087451935,
        0.1012466549873352,
        -0.8740644454956055,
        -1.88889741897583,
        -0.11694546043872833,
        0.9918118119239807,
        0.05131412670016289,
        -0.48545315861701965,
        0.8721027374267578,
        0.07783636450767517,
        0.48309212923049927,
        3.498746156692505
    ],
    [
        0.4752424359321594,
        0.10309098660945892,
        -0.8737945556640625,
        -1.9447383880615234,
        -0.11743397265672684,
        0.991658627986908,
        0.05312628298997879,
        -0.49438515305519104,
        0.871982753276825,
        0.07736530900001526,
        0.48338478803634644,
        3.558718204498291
    ],
    [
        0.47168537974357605,
        0.10557529330253601,
        -0.8754237294197083,
        -2.009950876235962,
        -0.1182626262307167,
        0.9914109706878662,
        0.05584237724542618,
        -0.5050083994865417,
        0.8738002777099609,
        0.0771898478269577,
        0.48011961579322815,
        3.6360080242156982
    ],
    [
        0.4667968153953552,
        0.10733242332935333,
        -0.8778272271156311,
        -2.0621261596679688,
        -0.11925478279590607,
        0.9911812543869019,
        0.05777689069509506,
        -0.5127715468406677,
        0.876287043094635,
        0.07771500945091248,
        0.47548022866249084,
        3.6974878311157227
    ],
    [
        0.4601130485534668,
        0.1099361702799797,
        -0.8810278177261353,
        -2.128713607788086,
        -0.1207028478384018,
        0.9908371567726135,
        0.060601819306612015,
        -0.5224810838699341,
        0.87961745262146,
        0.07845886796712875,
        0.4691667854785919,
        3.769697427749634
    ]
]