[
    [
        0.9660276770591736,
        0.04550972580909729,
        -0.2543998956680298,
        -0.15605029463768005,
        -0.04807586222887039,
        0.9988361597061157,
        -0.0038752059917896986,
        -0.06966973096132278,
        0.25392746925354004,
        0.015974048525094986,
        0.9670913219451904,
        0.43899819254875183
    ],
    [
        0.9543334245681763,
        0.051412951201200485,
        -0.2942865490913391,
        -0.175265371799469,
        -0.05447500944137573,
        0.9985126852989197,
        -0.002211579354479909,
        -0.0804343968629837,
        0.293735146522522,
        0.018141847103834152,
        0.9557147026062012,
        0.4863555133342743
    ],
    [
        0.9345585703849792,
        0.05832451954483986,
        -0.35099634528160095,
        -0.18975968658924103,
        -0.0631459504365921,
        0.9980016350746155,
        -0.0022952579893171787,
        -0.08665048331022263,
        0.350161075592041,
        0.024309052154421806,
        0.9363740682601929,
        0.5537636876106262
    ],
    [
        0.9112398028373718,
        0.06653900444507599,
        -0.406466007232666,
        -0.20666316151618958,
        -0.07302387058734894,
        0.9973301291465759,
        -0.00044507949496619403,
        -0.0957154631614685,
        0.4053511619567871,
        0.030087292194366455,
        0.9136658310890198,
        0.6146558523178101
    ],
    [
        0.8897817134857178,
        0.07263021916151047,
        -0.45057010650634766,
        -0.21952420473098755,
        -0.08061966300010681,
        0.9967438578605652,
        0.0014644189504906535,
        -0.10291977226734161,
        0.4492093622684479,
        0.03502179682254791,
        0.8927398920059204,
        0.6604917049407959
    ],
    [
        0.85994952917099,
        0.08022326231002808,
        -0.5040348768234253,
        -0.2383405566215515,
        -0.09126758575439453,
        0.9958224892616272,
        0.0027828048914670944,
        -0.10750950872898102,
        0.5021525025367737,
        0.043608974665403366,
        0.8636788725852966,
        0.7127903699874878
    ],
    [
        0.8280205726623535,
        0.0879765972495079,
        -0.5537527203559875,
        -0.2618468403816223,
        -0.10095278918743134,
        0.994865894317627,
        0.007104123011231422,
        -0.11771310865879059,
        0.5515345335006714,
        0.05002051964402199,
        0.832650899887085,
        0.7583972215652466
    ],
    [
        0.801744282245636,
        0.09318311512470245,
        -0.5903584361076355,
        -0.2865159511566162,
        -0.10827233642339706,
        0.9940723180770874,
        0.009865282103419304,
        -0.12411491572856903,
        0.5877782106399536,
        0.05601004511117935,
        0.807080864906311,
        0.7915144562721252
    ],
    [
        0.7678240537643433,
        0.09798484295606613,
        -0.6331233382225037,
        -0.31942883133888245,
        -0.1169046089053154,
        0.9930717349052429,
        0.011915219016373158,
        -0.13209521770477295,
        0.6299043297767639,
        0.06486624479293823,
        0.773959219455719,
        0.8329195976257324
    ],
    [
        0.7344402074813843,
        0.10106100887060165,
        -0.6711066961288452,
        -0.3554520606994629,
        -0.12537555396556854,
        0.9920346736907959,
        0.012181601487100124,
        -0.1400793194770813,
        0.6669921278953552,
        0.07519372552633286,
        0.7412607073783875,
        0.8721063733100891
    ],
    [
        0.6997981667518616,
        0.10260611027479172,
        -0.7069332003593445,
        -0.3924301862716675,
        -0.13348473608493805,
        0.9909818768501282,
        0.011696198023855686,
        -0.1507674604654312,
        0.7017579674720764,
        0.08617982268333435,
        0.7071835994720459,
        0.9152829647064209
    ],
    [
        0.6690967679023743,
        0.10277889668941498,
        -0.7360339760780334,
        -0.4183724820613861,
        -0.14000198245048523,
        0.9900901913642883,
        0.010985265485942364,
        -0.16050304472446442,
        0.7298691272735596,
        0.09569600969552994,
        0.6768554449081421,
        0.9574876427650452
    ],
    [
        0.6326266527175903,
        0.1034049242734909,
        -0.7675226926803589,
        -0.4515339136123657,
        -0.14766579866409302,
        0.9889701008796692,
        0.011526785790920258,
        -0.17468568682670593,
        0.7602488398551941,
        0.106044702231884,
        0.6409181952476501,
        1.0094727277755737
    ],
    [
        0.5987975597381592,
        0.10356885939836502,
        -0.7941756844520569,
        -0.4849604070186615,
        -0.15339256823062897,
        0.9880771636962891,
        0.013199767097830772,
        -0.1913095861673355,
        0.7860739827156067,
        0.11391665041446686,
        0.6075448393821716,
        1.0600247383117676
    ],
    [
        0.5741244554519653,
        0.10286472737789154,
        -0.8122807741165161,
        -0.5128886103630066,
        -0.15617431700229645,
        0.9876203536987305,
        0.014684337191283703,
        -0.20338380336761475,
        0.8037354350090027,
        0.11842674762010574,
        0.5830819010734558,
        1.0996606349945068
    ],
    [
        0.5458297729492188,
        0.10093404352664948,
        -0.8317946195602417,
        -0.5477449297904968,
        -0.15835413336753845,
        0.9872545599937439,
        0.01588517241179943,
        -0.21560172736644745,
        0.8227963447570801,
        0.12304750084877014,
        0.5548563003540039,
        1.149943470954895
    ],
    [
        0.5185150504112244,
        0.09946443885564804,
        -0.8492636680603027,
        -0.5836602449417114,
        -0.1601887047290802,
        0.9869261980056763,
        0.01778458058834076,
        -0.22739148139953613,
        0.8399295806884766,
        0.1268208920955658,
        0.5276691317558289,
        1.2040339708328247
    ],
    [
        0.48702681064605713,
        0.09840156883001328,
        -0.867825984954834,
        -0.6179893016815186,
        -0.16253195703029633,
        0.9864872694015503,
        0.020642945542931557,
        -0.23962333798408508,
        0.858130693435669,
        0.13099578022956848,
        0.4964391887187958,
        1.2694549560546875
    ],
    [
        0.4564923048019409,
        0.09997563064098358,
        -0.8840925097465515,
        -0.6533688306808472,
        -0.1671825647354126,
        0.9856055378913879,
        0.025131963193416595,
        -0.25250744819641113,
        0.8738791346549988,
        0.13633233308792114,
        0.466635525226593,
        1.3366464376449585
    ],
    [
        0.42728471755981445,
        0.10164687037467957,
        -0.8983851075172424,
        -0.6924157738685608,
        -0.17237091064453125,
        0.984592616558075,
        0.029418708756566048,
        -0.2638280689716339,
        0.8875337243080139,
        0.1422852724790573,
        0.4382224977016449,
        1.3942644596099854
    ],
    [
        0.3952173888683319,
        0.10190058499574661,
        -0.9129180312156677,
        -0.748317301273346,
        -0.17702282965183258,
        0.9836480021476746,
        0.03315940126776695,
        -0.2712370455265045,
        0.901369035243988,
        0.1485021561384201,
        0.4067934453487396,
        1.4565306901931763
    ],
    [
        0.3724918067455292,
        0.10241042077541351,
        -0.9223675727844238,
        -0.8040621876716614,
        -0.1799585074186325,
        0.9829979538917542,
        0.03646719455718994,
        -0.27452898025512695,
        0.9104201197624207,
        0.15240415930747986,
        0.384588360786438,
        1.5068566799163818
    ],
    [
        0.3547409176826477,
        0.10479128360748291,
        -0.9290735125541687,
        -0.8778180480003357,
        -0.18218070268630981,
        0.9823995232582092,
        0.04124533012509346,
        -0.28089189529418945,
        0.9170437455177307,
        0.15462787449359894,
        0.36758852005004883,
        1.5630297660827637
    ],
    [
        0.3553304374217987,
        0.10793884098529816,
        -0.9284876585006714,
        -0.9598302841186523,
        -0.1828431785106659,
        0.9821479320526123,
        0.044203221797943115,
        -0.28980204463005066,
        0.9166834950447083,
        0.15406090021133423,
        0.36872291564941406,
        1.6016075611114502
    ],
    [
        0.37105438113212585,
        0.10862591117620468,
        -0.922235906124115,
        -1.0479536056518555,
        -0.1807214915752411,
        0.9825928211212158,
        0.04302320256829262,
        -0.29787033796310425,
        0.9108559489250183,
        0.15070387721061707,
        0.3842264711856842,
        1.635537028312683
    ]
]