[
    [
        0.9781061410903931,
        0.044804248958826065,
        -0.20322608947753906,
        -0.050467025488615036,
        -0.07941544055938721,
        0.9830071926116943,
        -0.16549964249134064,
        -0.06475383043289185,
        0.1923576146364212,
        0.17801551520824432,
        0.9650436043739319,
        -0.011034078896045685
    ],
    [
        0.9763910174369812,
        0.04553686082363129,
        -0.21115630865097046,
        -0.055116020143032074,
        -0.08252543210983276,
        0.9820130467414856,
        -0.16982349753379822,
        -0.0665583461523056,
        0.19962498545646667,
        0.1832399070262909,
        0.9625865817070007,
        -0.011441748589277267
    ],
    [
        0.9736160635948181,
        0.04733405262231827,
        -0.22322936356067657,
        -0.06162433326244354,
        -0.08804727345705032,
        0.9804217219352722,
        -0.1761278510093689,
        -0.06902135908603668,
        0.21052205562591553,
        0.19113561511039734,
        0.958721935749054,
        -0.012923465110361576
    ],
    [
        0.9717016220092773,
        0.04850329831242561,
        -0.2311784029006958,
        -0.06607469171285629,
        -0.09174773842096329,
        0.9793485999107361,
        -0.18016299605369568,
        -0.07030384242534637,
        0.21766574680805206,
        0.1962747573852539,
        0.9560846090316772,
        -0.013698743656277657
    ],
    [
        0.9686484336853027,
        0.050195399671792984,
        -0.2433120310306549,
        -0.07204176485538483,
        -0.09735404700040817,
        0.9777400493621826,
        -0.18586747348308563,
        -0.07259934395551682,
        0.22856619954109192,
        0.20372764766216278,
        0.951973021030426,
        -0.016547998413443565
    ],
    [
        0.9665824770927429,
        0.05111581087112427,
        -0.25120800733566284,
        -0.07623161375522614,
        -0.10091915726661682,
        0.9766654372215271,
        -0.1895785927772522,
        -0.07427486032247543,
        0.23565568029880524,
        0.20859506726264954,
        0.9491862058639526,
        -0.01895422860980034
    ],
    [
        0.9632678031921387,
        0.05255969241261482,
        -0.263348788022995,
        -0.08258146792650223,
        -0.10650914162397385,
        0.9750045537948608,
        -0.19499193131923676,
        -0.07708585262298584,
        0.24651755392551422,
        0.21587848663330078,
        0.9447886347770691,
        -0.023188667371869087
    ],
    [
        0.9598489999771118,
        0.05361635610461235,
        -0.2753455936908722,
        -0.08942290395498276,
        -0.11174921691417694,
        0.9733999967575073,
        -0.2000112533569336,
        -0.08005527406930923,
        0.2572975158691406,
        0.2227502316236496,
        0.9403086304664612,
        -0.027443595230579376
    ],
    [
        0.9574192762374878,
        0.054647259414196014,
        -0.28348177671432495,
        -0.09432894736528397,
        -0.1157008484005928,
        0.9722477197647095,
        -0.20334133505821228,
        -0.08161261677742004,
        0.26450246572494507,
        0.22748200595378876,
        0.9371713995933533,
        -0.030202988535165787
    ],
    [
        0.9536373019218445,
        0.0556400828063488,
        -0.2957700192928314,
        -0.10230810195207596,
        -0.12114163488149643,
        0.970597505569458,
        -0.20800310373306274,
        -0.08411353081464767,
        0.2755002975463867,
        0.23418959975242615,
        0.9323383569717407,
        -0.034116990864276886
    ],
    [
        0.9510002136230469,
        0.056362468749284744,
        -0.3040095269680023,
        -0.10806702077388763,
        -0.12490839511156082,
        0.969472348690033,
        -0.21100012958049774,
        -0.08565093576908112,
        0.28283634781837463,
        0.23863451182842255,
        0.9290087223052979,
        -0.036810826510190964
    ],
    [
        0.9471716284751892,
        0.05714431032538414,
        -0.31559568643569946,
        -0.116675965487957,
        -0.1301681399345398,
        0.9678061008453369,
        -0.21542420983314514,
        -0.08739835768938065,
        0.29312512278556824,
        0.24512417614459991,
        0.9241167902946472,
        -0.04037569835782051
    ],
    [
        0.9433532953262329,
        0.05801260843873024,
        -0.3266788125038147,
        -0.12477146834135056,
        -0.13548710942268372,
        0.9661177396774292,
        -0.21968123316764832,
        -0.08850207924842834,
        0.3028658926486969,
        0.2514978051185608,
        0.9192503690719604,
        -0.04436507821083069
    ],
    [
        0.940733790397644,
        0.058298323303461075,
        -0.33409762382507324,
        -0.1304381936788559,
        -0.13875848054885864,
        0.965050995349884,
        -0.22231212258338928,
        -0.08910191804170609,
        0.3094607889652252,
        0.2554953992366791,
        0.9159454703330994,
        -0.04704303666949272
    ],
    [
        0.9366453886032104,
        0.05873994901776314,
        -0.3453187644481659,
        -0.13957563042640686,
        -0.1437627077102661,
        0.9634471535682678,
        -0.22605732083320618,
        -0.09026426821947098,
        0.3194177746772766,
        0.26137951016426086,
        0.9108529090881348,
        -0.049792323261499405
    ],
    [
        0.9337567090988159,
        0.05896518751978874,
        -0.3530178666114807,
        -0.14579951763153076,
        -0.14702680706977844,
        0.9624645709991455,
        -0.2281339317560196,
        -0.09111770242452621,
        0.3263152241706848,
        0.26492467522621155,
        0.9073771238327026,
        -0.05129244178533554
    ],
    [
        0.9289537072181702,
        0.05935824662446976,
        -0.3654061257839203,
        -0.1556575447320938,
        -0.1522056758403778,
        0.9610147476196289,
        -0.2308332622051239,
        -0.09350072592496872,
        0.3374588191509247,
        0.2700503170490265,
        0.9017729163169861,
        -0.05199923738837242
    ],
    [
        0.9256333708763123,
        0.05920189246535301,
        -0.3737620711326599,
        -0.16162778437137604,
        -0.15527993440628052,
        0.9601264595985413,
        -0.23247671127319336,
        -0.09483551234006882,
        0.34509578347206116,
        0.27322593331336975,
        0.8979178667068481,
        -0.05298171192407608
    ],
    [
        0.9204089045524597,
        0.0589737743139267,
        -0.38648366928100586,
        -0.17122086882591248,
        -0.15987826883792877,
        0.9588958024978638,
        -0.23443076014518738,
        -0.0967608243227005,
        0.3567723035812378,
        0.2775624692440033,
        0.8920048475265503,
        -0.05237526819109917
    ],
    [
        0.9151122570037842,
        0.05856677517294884,
        -0.3989229202270508,
        -0.18061815202236176,
        -0.1641654521226883,
        0.9577925205230713,
        -0.23597288131713867,
        -0.09959913045167923,
        0.3682652711868286,
        0.28143101930618286,
        0.8861023783683777,
        -0.05159693583846092
    ],
    [
        0.9115879535675049,
        0.058369118720293045,
        -0.406940221786499,
        -0.18686571717262268,
        -0.16708499193191528,
        0.9570294618606567,
        -0.23701690137386322,
        -0.10098008811473846,
        0.3756193220615387,
        0.2840553820133209,
        0.882169246673584,
        -0.050969865173101425
    ],
    [
        0.9062756299972534,
        0.05797690153121948,
        -0.41869232058525085,
        -0.19607409834861755,
        -0.17129461467266083,
        0.9559403657913208,
        -0.23840337991714478,
        -0.10251908749341965,
        0.3864229917526245,
        0.2877788841724396,
        0.8762766122817993,
        -0.05090809240937233
    ],
    [
        0.9026419520378113,
        0.057701271027326584,
        -0.42650672793388367,
        -0.202745258808136,
        -0.174128457903862,
        0.9552064538002014,
        -0.23929056525230408,
        -0.10400346666574478,
        0.39359453320503235,
        0.2902607023715973,
        0.8722568154335022,
        -0.050017017871141434
    ],
    [
        0.8973791599273682,
        0.05714785307645798,
        -0.43754398822784424,
        -0.21318042278289795,
        -0.17805449664592743,
        0.9541641473770142,
        -0.24055629968643188,
        -0.1066313162446022,
        0.4037415385246277,
        0.29377686977386475,
        0.8664224147796631,
        -0.047727786004543304
    ],
    [
        0.89212965965271,
        0.05655163526535034,
        -0.44822606444358826,
        -0.22302162647247314,
        -0.1819298267364502,
        0.9531043767929077,
        -0.24185428023338318,
        -0.10858381539583206,
        0.4135289490222931,
        0.29731106758117676,
        0.8605812788009644,
        -0.04520513117313385
    ]
]