[
    [
        0.9984028339385986,
        -0.012481634505093098,
        0.055100467056035995,
        -0.6586403250694275,
        0.012150895781815052,
        0.999906063079834,
        0.006333428900688887,
        -0.13131940364837646,
        -0.05517434701323509,
        -0.005653793457895517,
        0.9984607696533203,
        0.8893205523490906
    ],
    [
        0.9999368190765381,
        -0.006972986739128828,
        0.008822399191558361,
        -0.6900389790534973,
        0.006896112114191055,
        0.9999383091926575,
        0.008714105933904648,
        -0.1348472535610199,
        -0.008882618509232998,
        -0.00865271408110857,
        0.9999231100082397,
        0.9354150891304016
    ],
    [
        0.9990485310554504,
        0.00290068075992167,
        -0.04351530969142914,
        -0.733971357345581,
        -0.0024271071888506413,
        0.9999372959136963,
        0.010931810364127159,
        -0.14093288779258728,
        0.04354429244995117,
        -0.01081579178571701,
        0.9989929795265198,
        1.0134928226470947
    ],
    [
        0.994089663028717,
        0.011693590320646763,
        -0.10793022066354752,
        -0.7951704263687134,
        -0.010265633463859558,
        0.9998523592948914,
        0.013776537962257862,
        -0.1507091522216797,
        0.10807538777589798,
        -0.012587146833539009,
        0.9940629601478577,
        1.1037565469741821
    ],
    [
        0.9851500988006592,
        0.021807514131069183,
        -0.17030449211597443,
        -0.8503130674362183,
        -0.019750535488128662,
        0.9997101426124573,
        0.0137633066624403,
        -0.15571843087673187,
        0.17055529356002808,
        -0.010195313952863216,
        0.985295295715332,
        1.1690229177474976
    ],
    [
        0.9694549441337585,
        0.030215775594115257,
        -0.24340121448040009,
        -0.9173204898834229,
        -0.02722882479429245,
        0.9995070695877075,
        0.015627549961209297,
        -0.16274778544902802,
        0.24375343322753906,
        -0.008522676303982735,
        0.9697997570037842,
        1.2567644119262695
    ],
    [
        0.9460646510124207,
        0.04020679369568825,
        -0.32147321105003357,
        -1.0076159238815308,
        -0.03531823307275772,
        0.9991548657417297,
        0.02102658525109291,
        -0.1774638593196869,
        0.3220469355583191,
        -0.008538643829524517,
        0.946685254573822,
        1.3743911981582642
    ],
    [
        0.9237301349639893,
        0.04838637635111809,
        -0.3799757957458496,
        -1.1082684993743896,
        -0.042688384652137756,
        0.998814046382904,
        0.02341320551931858,
        -0.1877870261669159,
        0.38065800070762634,
        -0.005406924057751894,
        0.9247000217437744,
        1.4813519716262817
    ],
    [
        0.9031910300254822,
        0.057204827666282654,
        -0.4254097640514374,
        -1.2284109592437744,
        -0.04944895952939987,
        0.9983479976654053,
        0.029262268915772438,
        -0.20479869842529297,
        0.42638084292411804,
        -0.005393344443291426,
        0.9045275449752808,
        1.5972652435302734
    ],
    [
        0.8825543522834778,
        0.06510187685489655,
        -0.4656817615032196,
        -1.3730896711349487,
        -0.054495979100465775,
        0.9978569746017456,
        0.03621934354305267,
        -0.22981415688991547,
        0.46704164147377014,
        -0.006587756332010031,
        0.8842107057571411,
        1.730546474456787
    ],
    [
        0.8589832186698914,
        0.06799215078353882,
        -0.5074690580368042,
        -1.4733599424362183,
        -0.05669745057821274,
        0.9976794123649597,
        0.03770123049616814,
        -0.2445051521062851,
        0.5088548064231873,
        -0.0036125206388533115,
        0.8608447909355164,
        1.8448902368545532
    ],
    [
        0.8299757838249207,
        0.07677200436592102,
        -0.5524910092353821,
        -1.5539755821228027,
        -0.06433171778917313,
        0.9970484375953674,
        0.04190411418676376,
        -0.2577255666255951,
        0.5540773272514343,
        0.000763292599003762,
        0.8324647545814514,
        1.95122230052948
    ],
    [
        0.8031718730926514,
        0.0851573720574379,
        -0.5896298289299011,
        -1.6578857898712158,
        -0.0712406188249588,
        0.9963579773902893,
        0.04685783013701439,
        -0.27667349576950073,
        0.5914725661277771,
        0.004370709881186485,
        0.8063133358955383,
        2.075390577316284
    ],
    [
        0.7883644700050354,
        0.09190601855516434,
        -0.6083047986030579,
        -1.7805291414260864,
        -0.07627205550670624,
        0.9957512021064758,
        0.05159479379653931,
        -0.2863626778125763,
        0.6104621291160583,
        0.005721156019717455,
        0.7920247912406921,
        2.1978893280029297
    ],
    [
        0.7790303230285645,
        0.08737494796514511,
        -0.6208682656288147,
        -1.8565338850021362,
        -0.06776641309261322,
        0.9961750507354736,
        0.05516250431537628,
        -0.29304632544517517,
        0.623313307762146,
        -0.0008992514340206981,
        0.7819717526435852,
        2.276813507080078
    ],
    [
        0.765360414981842,
        0.09120387583971024,
        -0.6371070146560669,
        -1.9664802551269531,
        -0.06939803063869476,
        0.9958315491676331,
        0.05918819457292557,
        -0.3109844923019409,
        0.6398494839668274,
        -0.001086335745640099,
        0.768499493598938,
        2.395204782485962
    ],
    [
        0.7484265565872192,
        0.09486915916204453,
        -0.6563974022865295,
        -2.03776478767395,
        -0.0750434398651123,
        0.9954738616943359,
        0.058311134576797485,
        -0.3225252032279968,
        0.6589584350585938,
        0.005616710986942053,
        0.7521584630012512,
        2.498518228530884
    ],
    [
        0.736250102519989,
        0.09825689345598221,
        -0.6695380806922913,
        -2.1163623332977295,
        -0.08002404868602753,
        0.9951019287109375,
        0.05803687870502472,
        -0.3364112973213196,
        0.67196124792099,
        0.010849496349692345,
        0.7405068278312683,
        2.6062448024749756
    ],
    [
        0.7339051961898804,
        0.09934572130441666,
        -0.6719475388526917,
        -2.2086658477783203,
        -0.08053231239318848,
        0.9949954748153687,
        0.05914962291717529,
        -0.34971654415130615,
        0.6744610667228699,
        0.010703268460929394,
        0.7382329106330872,
        2.7343289852142334
    ],
    [
        0.745597779750824,
        0.0999637171626091,
        -0.6588560342788696,
        -2.3022098541259766,
        -0.07908345013856888,
        0.9949713349342346,
        0.06146498769521713,
        -0.3623006343841553,
        0.6616870760917664,
        0.006276452913880348,
        0.7497537732124329,
        2.855395793914795
    ],
    [
        0.770890474319458,
        0.09872136265039444,
        -0.6292709112167358,
        -2.399963855743408,
        -0.07530947774648666,
        0.9951134324073792,
        0.06385739147663116,
        -0.3739791512489319,
        0.6324999928474426,
        -0.0018369946628808975,
        0.7745581269264221,
        2.964756727218628
    ],
    [
        0.8112057447433472,
        0.09289003908634186,
        -0.5773358345031738,
        -2.5154552459716797,
        -0.06766067445278168,
        0.9955812692642212,
        0.06511437147855759,
        -0.39106982946395874,
        0.5808332562446594,
        -0.013758227229118347,
        0.8139063119888306,
        3.0871689319610596
    ],
    [
        0.8569920063018799,
        0.08033300191164017,
        -0.5090298056602478,
        -2.6284499168395996,
        -0.05754142254590988,
        0.9965149164199829,
        0.060390375554561615,
        -0.4026508331298828,
        0.5121070742607117,
        -0.022463779896497726,
        0.8586277961730957,
        3.1871650218963623
    ],
    [
        0.9011975526809692,
        0.06595764309167862,
        -0.4283601939678192,
        -2.7238810062408447,
        -0.046847302466630936,
        0.9973858594894409,
        0.05501580238342285,
        -0.41401398181915283,
        0.4308691620826721,
        -0.029512599110603333,
        0.9019319415092468,
        3.277108907699585
    ],
    [
        0.9451234340667725,
        0.04796423017978668,
        -0.3231734335422516,
        -2.836308717727661,
        -0.03329349681735039,
        0.9981549978256226,
        0.05077556148171425,
        -0.4291745126247406,
        0.3250126242637634,
        -0.037229590117931366,
        0.9449765086174011,
        3.347902774810791
    ]
]