[
    [
        0.999338686466217,
        0.03597433492541313,
        -0.005292326677590609,
        0.1453801989555359,
        -0.0360444113612175,
        0.9992548823356628,
        -0.01380196399986744,
        -0.005291188135743141,
        0.004791866987943649,
        0.013983597047626972,
        0.9998906850814819,
        0.02965053729712963
    ],
    [
        0.9999452829360962,
        0.0029574623331427574,
        -0.010033153928816319,
        0.21620699763298035,
        -0.003106029937043786,
        0.9998853802680969,
        -0.01482456736266613,
        -0.01700846292078495,
        0.009988158941268921,
        0.014854920096695423,
        0.9998397827148438,
        0.03916844353079796
    ],
    [
        0.9997758865356445,
        -0.016240818426012993,
        -0.013578666374087334,
        0.2983594834804535,
        0.01585759036242962,
        0.9994857311248779,
        -0.02786952257156372,
        -0.01868409477174282,
        0.014024308882653713,
        0.027647951617836952,
        0.9995193481445312,
        0.04741226136684418
    ],
    [
        0.9993060827255249,
        0.0017039242666214705,
        -0.037209402769804,
        0.3800712525844574,
        -0.002423888072371483,
        0.9998105764389038,
        -0.019312448799610138,
        -0.015560286119580269,
        0.0371694415807724,
        0.019389240071177483,
        0.9991208910942078,
        0.04788528010249138
    ],
    [
        0.9974518418312073,
        0.03576641157269478,
        -0.061731066554784775,
        0.45808786153793335,
        -0.03682424873113632,
        0.9991922974586487,
        -0.016084153205156326,
        -0.016468428075313568,
        0.06110593304038048,
        0.018316369503736496,
        0.9979631900787354,
        0.046195175498723984
    ],
    [
        0.9970953464508057,
        0.037458863109350204,
        -0.06631524115800858,
        0.5496078729629517,
        -0.03844393044710159,
        0.9991676211357117,
        -0.013640615157783031,
        -0.014786217361688614,
        0.06574908643960953,
        0.01615041121840477,
        0.9977055191993713,
        0.05298871174454689
    ],
    [
        0.9970056414604187,
        0.015735924243927002,
        -0.07571013271808624,
        0.6271581649780273,
        -0.016109740361571312,
        0.9998608231544495,
        -0.004329260438680649,
        -0.01902707666158676,
        0.07563147693872452,
        0.00553596718236804,
        0.9971204996109009,
        0.06687422096729279
    ],
    [
        0.9956658482551575,
        -0.00892980583012104,
        -0.09257252514362335,
        0.6921206712722778,
        0.008591454476118088,
        0.999954879283905,
        -0.0040528615936636925,
        -0.02041410282254219,
        0.09260454028844833,
        0.0032399639021605253,
        0.9956977367401123,
        0.08656596392393112
    ],
    [
        0.9946733117103577,
        0.01143153477460146,
        -0.10244135558605194,
        0.7667828798294067,
        -0.011523131281137466,
        0.9999336004257202,
        -0.0003023715689778328,
        -0.016586754471063614,
        0.10243109613656998,
        0.0014812066219747066,
        0.9947389960289001,
        0.11321873962879181
    ],
    [
        0.9929463863372803,
        0.008865581825375557,
        -0.11823151260614395,
        0.839849054813385,
        -0.008671777322888374,
        0.9999600648880005,
        0.002153537468984723,
        -0.02495409920811653,
        0.11824588477611542,
        -0.0011130694765597582,
        0.9929838180541992,
        0.13787145912647247
    ],
    [
        0.9927884340286255,
        -0.003483840497210622,
        -0.11982863396406174,
        0.906516432762146,
        0.004599936306476593,
        0.9999485611915588,
        0.009038756601512432,
        -0.02916230633854866,
        0.11979097127914429,
        -0.00952477753162384,
        0.9927533268928528,
        0.15928524732589722
    ],
    [
        0.990592896938324,
        -0.009055322967469692,
        -0.136541947722435,
        0.9676200747489929,
        0.011340181343257427,
        0.9998082518577576,
        0.015965182334184647,
        -0.030186105519533157,
        0.1363711953163147,
        -0.0173634085804224,
        0.9905056357383728,
        0.171942338347435
    ],
    [
        0.9871281981468201,
        0.004264199174940586,
        -0.15987397730350494,
        1.047633409500122,
        -0.00019021538901142776,
        0.9996750354766846,
        0.02548910677433014,
        -0.03305303677916527,
        0.15993070602416992,
        -0.025130603462457657,
        0.9868083596229553,
        0.17470510303974152
    ],
    [
        0.9842923879623413,
        0.01088958140462637,
        -0.1762104332447052,
        1.1333342790603638,
        -0.0049527189694345,
        0.9994063377380371,
        0.03409670665860176,
        -0.0331861674785614,
        0.1764771193265915,
        -0.032688405364751816,
        0.9837618470191956,
        0.17489439249038696
    ],
    [
        0.9866473078727722,
        0.00457105552777648,
        -0.16280753910541534,
        1.1961159706115723,
        0.000691066263243556,
        0.9994795918464661,
        0.032249826937913895,
        -0.02997300960123539,
        0.16287024319171906,
        -0.031931713223457336,
        0.9861305952072144,
        0.17778629064559937
    ],
    [
        0.9898344874382019,
        -0.020433612167835236,
        -0.14074815809726715,
        1.2615243196487427,
        0.026512108743190765,
        0.9987888336181641,
        0.041448041796684265,
        -0.027050912380218506,
        0.1397307813167572,
        -0.044758234173059464,
        0.9891774654388428,
        0.18400998413562775
    ],
    [
        0.9923985004425049,
        -0.0274510458111763,
        -0.11996570229530334,
        1.3229429721832275,
        0.033862534910440445,
        0.9980865120887756,
        0.05173645168542862,
        -0.021283559501171112,
        0.11831595003604889,
        -0.055405519902706146,
        0.9914290308952332,
        0.1911710798740387
    ],
    [
        0.9913861155509949,
        -0.0024863993749022484,
        -0.1309482306241989,
        1.3812237977981567,
        0.009112896397709846,
        0.9987062215805054,
        0.05002906918525696,
        -0.015399799682199955,
        0.130654439330101,
        -0.05079144239425659,
        0.9901260733604431,
        0.1850900799036026
    ],
    [
        0.9919666051864624,
        -0.0014200384030118585,
        -0.1264924705028534,
        1.4377272129058838,
        0.008088863454759121,
        0.9986028075218201,
        0.05222310125827789,
        -0.0150319654494524,
        0.1262415647506714,
        -0.05282674729824066,
        0.9905919432640076,
        0.17417488992214203
    ],
    [
        0.9929437637329102,
        -0.016513315960764885,
        -0.11742965131998062,
        1.4974273443222046,
        0.02267729490995407,
        0.9984232783317566,
        0.05134989693760872,
        -0.012002477422356606,
        0.11639652401208878,
        -0.05365055054426193,
        0.9917526841163635,
        0.15702131390571594
    ],
    [
        0.9896577000617981,
        0.0022814131807535887,
        -0.14343084394931793,
        1.5629136562347412,
        0.0058702751994132996,
        0.9983919858932495,
        0.05638471245765686,
        -0.0070109241642057896,
        0.14332886040210724,
        -0.056643541902303696,
        0.9880527853965759,
        0.142904132604599
    ],
    [
        0.9844667315483093,
        0.033215031027793884,
        -0.17240048944950104,
        1.6263940334320068,
        -0.023127175867557526,
        0.9979186058044434,
        0.06019680202007294,
        0.0006969324313104153,
        0.17404107749462128,
        -0.05527461692690849,
        0.983185887336731,
        0.12662847340106964
    ],
    [
        0.9802659749984741,
        0.03530433773994446,
        -0.19450558722019196,
        1.7013214826583862,
        -0.023686282336711884,
        0.9978113174438477,
        0.06173711642622948,
        0.0036986677441745996,
        0.19625943899154663,
        -0.05591168254613876,
        0.9789567589759827,
        0.10766851156949997
    ],
    [
        0.9853715896606445,
        0.017492471262812614,
        -0.16951899230480194,
        1.7668825387954712,
        -0.00939775537699461,
        0.9987820386886597,
        0.048436377197504044,
        0.00607159361243248,
        0.17015980184078217,
        -0.04613473266363144,
        0.9843358993530273,
        0.09596776217222214
    ],
    [
        0.9866858720779419,
        -0.0003585795348044485,
        -0.1626366674900055,
        1.804281234741211,
        0.007580060511827469,
        0.9990123510360718,
        0.04378418251872063,
        0.011328019201755524,
        0.1624603420495987,
        -0.04443403333425522,
        0.9857141375541687,
        0.08625973761081696
    ]
]