[
    [
        0.6753819584846497,
        -0.07425165176391602,
        0.733720600605011,
        -0.9079013466835022,
        0.019224030897021294,
        0.9963529109954834,
        0.08313420414924622,
        -0.0007939954521134496,
        -0.7372176051139832,
        -0.042042262852191925,
        0.6743461489677429,
        0.9578756093978882
    ],
    [
        0.6599228382110596,
        -0.07414033263921738,
        0.7476664185523987,
        -0.9405010342597961,
        0.01685984991490841,
        0.9963300824165344,
        0.08391716331243515,
        -0.002009703777730465,
        -0.7511442303657532,
        -0.042773302644491196,
        0.6587510108947754,
        0.9737586975097656
    ],
    [
        0.6405542492866516,
        -0.07421862334012985,
        0.7643178701400757,
        -0.9833385944366455,
        0.014225425198674202,
        0.9962944984436035,
        0.0848226249217987,
        -0.004667819943279028,
        -0.767781138420105,
        -0.04346074163913727,
        0.639236569404602,
        0.9949946403503418
    ],
    [
        0.6215856075286865,
        -0.07523611932992935,
        0.7797248363494873,
        -1.0279394388198853,
        0.01180347241461277,
        0.9961634874343872,
        0.0867108553647995,
        -0.010364221408963203,
        -0.7832573056221008,
        -0.04469476267695427,
        0.6200889945030212,
        1.019437551498413
    ],
    [
        0.6035177707672119,
        -0.07551591098308563,
        0.7937654852867126,
        -1.0710707902908325,
        0.010003444738686085,
        0.9961438179016113,
        0.08716358244419098,
        -0.013661820441484451,
        -0.7972867488861084,
        -0.044664379209280014,
        0.6019459366798401,
        1.0454012155532837
    ],
    [
        0.5839816927909851,
        -0.07560945302248001,
        0.8082378506660461,
        -1.1166670322418213,
        0.008042929694056511,
        0.9961428046226501,
        0.08737637102603912,
        -0.019147969782352448,
        -0.8117269277572632,
        -0.04452560842037201,
        0.5823374390602112,
        1.0786455869674683
    ],
    [
        0.5637756586074829,
        -0.07545337080955505,
        0.8224742412567139,
        -1.1606040000915527,
        0.006196632049977779,
        0.9961767196655273,
        0.08714118599891663,
        -0.020801560953259468,
        -0.8259047865867615,
        -0.04403151199221611,
        0.5620876550674438,
        1.1144890785217285
    ],
    [
        0.5422584414482117,
        -0.07529845833778381,
        0.8368308544158936,
        -1.206531286239624,
        0.004688338842242956,
        0.9962317943572998,
        0.08660342544317245,
        -0.021138029173016548,
        -0.8401986956596375,
        -0.04303810000419617,
        0.5405681729316711,
        1.1502506732940674
    ],
    [
        0.5207552909851074,
        -0.07559661567211151,
        0.8503523468971252,
        -1.2483129501342773,
        0.003721964079886675,
        0.9962632060050964,
        0.08628881722688675,
        -0.02379470132291317,
        -0.8536978960037231,
        -0.04177038371562958,
        0.5190907120704651,
        1.1852943897247314
    ],
    [
        0.5051143765449524,
        -0.07504577934741974,
        0.859783411026001,
        -1.2782249450683594,
        0.003922755364328623,
        0.9964016079902649,
        0.08466584980487823,
        -0.024263517931103706,
        -0.8630435466766357,
        -0.039393212646245956,
        0.5035912394523621,
        1.2085450887680054
    ],
    [
        0.484468936920166,
        -0.07537731528282166,
        0.8715549111366272,
        -1.3166252374649048,
        0.004699572455137968,
        0.9964908361434937,
        0.08357018232345581,
        -0.028202632442116737,
        -0.8747957944869995,
        -0.03639122098684311,
        0.483123242855072,
        1.2394006252288818
    ],
    [
        0.4650086760520935,
        -0.07537861168384552,
        0.8820912837982178,
        -1.3569765090942383,
        0.006606486160308123,
        0.9966363310813904,
        0.08168428391218185,
        -0.033694248646497726,
        -0.8852814435958862,
        -0.032156385481357574,
        0.46394261717796326,
        1.2661789655685425
    ],
    [
        0.4470326006412506,
        -0.07510656863451004,
        0.8913589119911194,
        -1.4014357328414917,
        0.00880470685660839,
        0.9967900514602661,
        0.07957454770803452,
        -0.04260019585490227,
        -0.8944743275642395,
        -0.027724262326955795,
        0.44625893235206604,
        1.2919576168060303
    ],
    [
        0.4302874803543091,
        -0.07418322563171387,
        0.8996385335922241,
        -1.4491535425186157,
        0.011783061549067497,
        0.9969940781593323,
        0.07657536119222641,
        -0.048204753547906876,
        -0.9026150107383728,
        -0.022348925471305847,
        0.429868221282959,
        1.3157069683074951
    ],
    [
        0.4135630428791046,
        -0.07264018803834915,
        0.9075731039047241,
        -1.4989101886749268,
        0.015195746906101704,
        0.9972240924835205,
        0.07289127260446548,
        -0.04930070415139198,
        -0.9103487133979797,
        -0.01635388657450676,
        0.41351890563964844,
        1.34195876121521
    ],
    [
        0.39757829904556274,
        -0.07181781530380249,
        0.9147533774375916,
        -1.5508540868759155,
        0.018979182466864586,
        0.9973626136779785,
        0.07005462050437927,
        -0.055345505475997925,
        -0.917371928691864,
        -0.01049092411994934,
        0.3978927731513977,
        1.369804859161377
    ],
    [
        0.3826110064983368,
        -0.06981868296861649,
        0.9212677478790283,
        -1.6043951511383057,
        0.022831842303276062,
        0.9975506067276001,
        0.0661175474524498,
        -0.057807568460702896,
        -0.9236274361610413,
        -0.004263050854206085,
        0.3832678198814392,
        1.3993886709213257
    ],
    [
        0.3725520074367523,
        -0.06981517374515533,
        0.9253814220428467,
        -1.64105224609375,
        0.025617728009819984,
        0.9975597858428955,
        0.06494714319705963,
        -0.062094591557979584,
        -0.9276576638221741,
        -0.0004900185158476233,
        0.37343141436576843,
        1.419832468032837
    ],
    [
        0.3593054711818695,
        -0.06805909425020218,
        0.9307348728179932,
        -1.692490577697754,
        0.02999779023230076,
        0.9976640343666077,
        0.06137273088097572,
        -0.06462130695581436,
        -0.9327377080917358,
        0.005868422798812389,
        0.3605078458786011,
        1.4466485977172852
    ],
    [
        0.34657424688339233,
        -0.06622792035341263,
        0.9356816411018372,
        -1.7430254220962524,
        0.034540221095085144,
        0.9977288842201233,
        0.05782603472471237,
        -0.06995461881160736,
        -0.9373863339424133,
        0.012277631089091301,
        0.3480747640132904,
        1.4741138219833374
    ],
    [
        0.33416756987571716,
        -0.06566912680864334,
        0.940222978591919,
        -1.7905229330062866,
        0.03903903812170029,
        0.9976780414581299,
        0.05580704286694527,
        -0.07880967855453491,
        -0.9417047500610352,
        0.01805650256574154,
        0.3359554708003998,
        1.5003173351287842
    ],
    [
        0.3204662799835205,
        -0.06466886401176453,
        0.9450500011444092,
        -1.8388293981552124,
        0.042975518852472305,
        0.9976321458816528,
        0.053694043308496475,
        -0.08523329347372055,
        -0.9462845325469971,
        0.023406868800520897,
        0.32248660922050476,
        1.5294876098632812
    ],
    [
        0.30559608340263367,
        -0.06302112340927124,
        0.9500733613967896,
        -1.8886476755142212,
        0.0463329516351223,
        0.9976093769073486,
        0.051271095871925354,
        -0.09028004854917526,
        -0.9510332345962524,
        0.02835145778954029,
        0.3077854812145233,
        1.5635113716125488
    ],
    [
        0.2915043830871582,
        -0.06190592423081398,
        0.9545642137527466,
        -1.9381760358810425,
        0.04898671433329582,
        0.9975603818893433,
        0.04973478987812996,
        -0.09755542874336243,
        -0.9553143382072449,
        0.03226305916905403,
        0.2938257157802582,
        1.5985921621322632
    ],
    [
        0.2763678729534149,
        -0.060335565358400345,
        0.9591560363769531,
        -1.9908729791641235,
        0.051468923687934875,
        0.9975242614746094,
        0.047919027507305145,
        -0.10021519660949707,
        -0.9596726894378662,
        0.036123454570770264,
        0.27878904342651367,
        1.638575553894043
    ]
]