[
    [
        0.14264781773090363,
        -0.14444637298583984,
        0.9791766405105591,
        0.2599793076515198,
        0.14903293550014496,
        0.9811492562294006,
        0.12302606552839279,
        0.07096454501152039,
        -0.9784890413284302,
        0.12838014960289001,
        0.16148605942726135,
        0.024479782208800316
    ],
    [
        0.14854350686073303,
        -0.1451530158519745,
        0.9781950116157532,
        0.26029282808303833,
        0.14821618795394897,
        0.9812635183334351,
        0.12310101091861725,
        0.07050035893917084,
        -0.9777355790138245,
        0.12669847905635834,
        0.1672743260860443,
        0.028679678216576576
    ],
    [
        0.15465517342090607,
        -0.1455056369304657,
        0.9771949648857117,
        0.2608179748058319,
        0.14750634133815765,
        0.9814097285270691,
        0.12278822064399719,
        0.07081175595521927,
        -0.9768949747085571,
        0.1251526176929474,
        0.17324309051036835,
        0.03308157995343208
    ],
    [
        0.16062086820602417,
        -0.14639219641685486,
        0.9760994911193848,
        0.262810081243515,
        0.14678047597408295,
        0.9814861416816711,
        0.12304677814245224,
        0.07009293884038925,
        -0.9760411977767944,
        0.12350846081972122,
        0.17913466691970825,
        0.03708145022392273
    ],
    [
        0.1733967363834381,
        -0.14774633944034576,
        0.9737066030502319,
        0.2665146291255951,
        0.14514075219631195,
        0.9817212224006653,
        0.12311592698097229,
        0.06948760151863098,
        -0.9740983247756958,
        0.11997660994529724,
        0.19167126715183258,
        0.04505401477217674
    ],
    [
        0.17998945713043213,
        -0.14824368059635162,
        0.9724338054656982,
        0.2684890031814575,
        0.14408834278583527,
        0.9818888306617737,
        0.12301549315452576,
        0.06939515471458435,
        -0.97305828332901,
        0.1179748922586441,
        0.1980898231267929,
        0.049335114657878876
    ],
    [
        0.18650101125240326,
        -0.1488872915506363,
        0.9711076021194458,
        0.27055585384368896,
        0.14328554272651672,
        0.9820032715797424,
        0.1230398416519165,
        0.06893222779035568,
        -0.9719499349594116,
        0.11619862169027328,
        0.20447799563407898,
        0.054462116211652756
    ],
    [
        0.19998086988925934,
        -0.15023532509803772,
        0.9682133197784424,
        0.2745909094810486,
        0.14124363660812378,
        0.9822734594345093,
        0.12324363738298416,
        0.06778840720653534,
        -0.9695658087730408,
        0.11210757493972778,
        0.2176557034254074,
        0.06495001167058945
    ],
    [
        0.20659980177879333,
        -0.15086784958839417,
        0.9667240977287292,
        0.27695029973983765,
        0.14015455543994904,
        0.9824143648147583,
        0.12336388975381851,
        0.06702394783496857,
        -0.9683352708816528,
        0.11000381410121918,
        0.22411146759986877,
        0.0711321160197258
    ],
    [
        0.2135491520166397,
        -0.15114235877990723,
        0.9651699066162109,
        0.27908724546432495,
        0.13902123272418976,
        0.982606828212738,
        0.123113714158535,
        0.06662265211343765,
        -0.9669901132583618,
        0.10788828879594803,
        0.23084686696529388,
        0.07736729830503464
    ],
    [
        0.22091582417488098,
        -0.15169793367385864,
        0.9634230136871338,
        0.28131595253944397,
        0.1377420872449875,
        0.9827810525894165,
        0.12316127866506577,
        0.06568140536546707,
        -0.9655171036720276,
        0.1054956391453743,
        0.23800702393054962,
        0.08308789134025574
    ],
    [
        0.23508183658123016,
        -0.1517307013273239,
        0.9600595831871033,
        0.2842671871185303,
        0.13586288690567017,
        0.9831729531288147,
        0.12211599200963974,
        0.06465428322553635,
        -0.9624332785606384,
        0.10172922164201736,
        0.25174063444137573,
        0.09595392644405365
    ],
    [
        0.2422378808259964,
        -0.15154871344566345,
        0.9583078622817993,
        0.2862183749675751,
        0.13458561897277832,
        0.9834248423576355,
        0.1215006560087204,
        0.06429190188646317,
        -0.9608368277549744,
        0.09954238682985306,
        0.2586190402507782,
        0.1030176430940628
    ],
    [
        0.24952302873134613,
        -0.15145070850849152,
        0.9564523100852966,
        0.287704199552536,
        0.1333073377609253,
        0.9836629033088684,
        0.12098167836666107,
        0.06349027901887894,
        -0.9591493010520935,
        0.09731439501047134,
        0.26563602685928345,
        0.11031319200992584
    ],
    [
        0.26476147770881653,
        -0.15105348825454712,
        0.9524096250534058,
        0.2909280061721802,
        0.13086138665676117,
        0.9841469526290894,
        0.11970877647399902,
        0.061412710696458817,
        -0.9553934335708618,
        0.09293937683105469,
        0.28033122420310974,
        0.12491311877965927
    ],
    [
        0.2727314531803131,
        -0.15029321610927582,
        0.9502786993980408,
        0.29249343276023865,
        0.1296030730009079,
        0.9844592809677124,
        0.11850285530090332,
        0.06105688214302063,
        -0.9533207416534424,
        0.09083958715200424,
        0.2879714369773865,
        0.13207855820655823
    ],
    [
        0.2807290852069855,
        -0.14939647912979126,
        0.9480885863304138,
        0.29410240054130554,
        0.1282840222120285,
        0.9847885966300964,
        0.11719463020563126,
        0.060619983822107315,
        -0.9511752128601074,
        0.08872468769550323,
        0.2956239879131317,
        0.1398783177137375
    ],
    [
        0.2902515232563019,
        -0.14900287985801697,
        0.9452790021896362,
        0.29593321681022644,
        0.1270478516817093,
        0.9850593209266663,
        0.11626287549734116,
        0.05946171283721924,
        -0.9484792351722717,
        0.08635017275810242,
        0.3048454225063324,
        0.14472417533397675
    ],
    [
        0.30878952145576477,
        -0.14768724143505096,
        0.9395944476127625,
        0.29715797305107117,
        0.1247822642326355,
        0.9856231808662415,
        0.11391354352235794,
        0.05722357705235481,
        -0.9429095983505249,
        0.08206939697265625,
        0.3227788805961609,
        0.15650701522827148
    ],
    [
        0.31830328702926636,
        -0.14668962359428406,
        0.9365710020065308,
        0.2976612448692322,
        0.12337129563093185,
        0.9859635233879089,
        0.11249667406082153,
        0.056425876915454865,
        -0.9399268627166748,
        0.07973791658878326,
        0.3319326937198639,
        0.16264037787914276
    ],
    [
        0.32736432552337646,
        -0.14549189805984497,
        0.9336298108100891,
        0.29820504784584045,
        0.12182159721851349,
        0.9863269925117493,
        0.11098888516426086,
        0.05564022809267044,
        -0.9370123744010925,
        0.07740247249603271,
        0.3406123220920563,
        0.16996300220489502
    ],
    [
        0.34535256028175354,
        -0.14308615028858185,
        0.9275009632110596,
        0.29812783002853394,
        0.11865123361349106,
        0.9870350956916809,
        0.10809103399515152,
        0.05305665731430054,
        -0.9309422969818115,
        0.07271961867809296,
        0.35785239934921265,
        0.18613338470458984
    ],
    [
        0.3540254831314087,
        -0.14169034361839294,
        0.9244403839111328,
        0.298005610704422,
        0.11715170741081238,
        0.987389862537384,
        0.10647407919168472,
        0.051550980657339096,
        -0.9278692603111267,
        0.07060521841049194,
        0.36616039276123047,
        0.19509002566337585
    ],
    [
        0.36329683661460876,
        -0.14061936736106873,
        0.9210003018379211,
        0.29758360981941223,
        0.11506336182355881,
        0.9877480864524841,
        0.1054227352142334,
        0.04956607148051262,
        -0.9245408773422241,
        0.06767363846302032,
        0.3750259280204773,
        0.20347103476524353
    ],
    [
        0.3840271830558777,
        -0.1391560584306717,
        0.9127753376960754,
        0.29462045431137085,
        0.11218865215778351,
        0.9882855415344238,
        0.10346732288599014,
        0.04483482986688614,
        -0.9164807200431824,
        0.06266876310110092,
        0.39514026045799255,
        0.21592925488948822
    ]
]