[
    [
        0.996528148651123,
        -0.0033170373644679785,
        -0.0831909030675888,
        0.013118721544742584,
        0.004184912424534559,
        0.9999386072158813,
        0.010260134935379028,
        -0.0457804910838604,
        0.08315176516771317,
        -0.010572659783065319,
        0.9964808225631714,
        1.0270085334777832
    ],
    [
        0.9950224161148071,
        -0.0017226445488631725,
        -0.09963593631982803,
        -0.006147236563265324,
        0.00273352419026196,
        0.9999461770057678,
        0.010010103695094585,
        -0.04609661549329758,
        0.09961331635713577,
        -0.010232632979750633,
        0.9949734807014465,
        1.2253077030181885
    ],
    [
        0.9933066368103027,
        0.00029297260334715247,
        -0.11550670117139816,
        -0.03263859823346138,
        0.0008690165122970939,
        0.99994957447052,
        0.010009437799453735,
        -0.052947741001844406,
        0.11550380289554596,
        -0.010042819194495678,
        0.9932562708854675,
        1.4294381141662598
    ],
    [
        0.99141925573349,
        0.0019237431697547436,
        -0.13070714473724365,
        -0.05894313380122185,
        -0.0007735653198324144,
        0.9999606013298035,
        0.008849860168993473,
        -0.06467734277248383,
        0.13071902096271515,
        -0.008672810159623623,
        0.9913814663887024,
        1.6250429153442383
    ],
    [
        0.9893520474433899,
        0.00343052064999938,
        -0.14550192654132843,
        -0.08628034591674805,
        -0.002445864723995328,
        0.9999729990959167,
        0.006945652421563864,
        -0.07552985101938248,
        0.14552178978919983,
        -0.006515818182379007,
        0.9893335700035095,
        1.8186142444610596
    ],
    [
        0.9871206283569336,
        0.0035451569128781557,
        -0.15993854403495789,
        -0.11779523640871048,
        -0.0026866390835493803,
        0.9999808073043823,
        0.005583721678704023,
        -0.0878966897726059,
        0.15995526313781738,
        -0.0050821080803871155,
        0.9871111512184143,
        2.0125322341918945
    ],
    [
        0.9838241338729858,
        0.0029394254088401794,
        -0.17911288142204285,
        -0.15522189438343048,
        -0.0023705277126282454,
        0.9999915361404419,
        0.0033901366405189037,
        -0.0949128195643425,
        0.17912130057811737,
        -0.002910707611590624,
        0.9838226437568665,
        2.2652342319488525
    ],
    [
        0.9811660647392273,
        0.0027947116177529097,
        -0.19314582645893097,
        -0.20011068880558014,
        -0.0022525363601744175,
        0.9999929070472717,
        0.0030266165267676115,
        -0.11096735298633575,
        0.19315290451049805,
        -0.0025345468893647194,
        0.9811654090881348,
        2.4702327251434326
    ],
    [
        0.9785425066947937,
        0.005059225019067526,
        -0.20598319172859192,
        -0.2439703345298767,
        -0.004546739161014557,
        0.9999852180480957,
        0.002961276564747095,
        -0.12350039929151535,
        0.2059951275587082,
        -0.0019611832685768604,
        0.9785510301589966,
        2.6666834354400635
    ],
    [
        0.9757030606269836,
        0.006377719342708588,
        -0.21900421380996704,
        -0.29898014664649963,
        -0.006133215501904488,
        0.999979555606842,
        0.0017962735146284103,
        -0.12885524332523346,
        0.21901120245456696,
        -0.00040942904888652265,
        0.9757223129272461,
        2.8590810298919678
    ],
    [
        0.9737298488616943,
        0.00648796372115612,
        -0.22761406004428864,
        -0.3718760907649994,
        -0.006337115075439215,
        0.9999788999557495,
        0.0013935307506471872,
        -0.13366559147834778,
        0.22761833667755127,
        8.549330232199281e-05,
        0.9737504720687866,
        3.054506301879883
    ],
    [
        0.9727010130882263,
        0.007375964429229498,
        -0.23194485902786255,
        -0.4544227719306946,
        -0.0076146312057971954,
        0.9999710321426392,
        -0.0001336964196525514,
        -0.13630439341068268,
        0.23193712532520294,
        0.0018962199101224542,
        0.9727290272712708,
        3.262000322341919
    ],
    [
        0.9718937873840332,
        0.0063830651342868805,
        -0.2353334277868271,
        -0.5617011785507202,
        -0.006634559947997332,
        0.9999778866767883,
        -0.0002768930571619421,
        -0.15234319865703583,
        0.23532645404338837,
        0.0018304429249837995,
        0.9719147086143494,
        3.5145463943481445
    ],
    [
        0.9716609716415405,
        0.0057782321237027645,
        -0.23630820214748383,
        -0.6419388651847839,
        -0.006170302163809538,
        0.9999805092811584,
        -0.0009196590981446207,
        -0.16766682267189026,
        0.2362983077764511,
        0.0023516889195889235,
        0.9716777801513672,
        3.710224151611328
    ],
    [
        0.9715061783790588,
        0.0036072840448468924,
        -0.23698681592941284,
        -0.715301513671875,
        -0.004028582479804754,
        0.9999911189079285,
        -0.0012934940168634057,
        -0.1770702749490738,
        0.23698003590106964,
        0.002211357466876507,
        0.9715120196342468,
        3.9061880111694336
    ],
    [
        0.9717208743095398,
        0.002233073115348816,
        -0.23612207174301147,
        -0.7808217406272888,
        -0.003088044235482812,
        0.9999899864196777,
        -0.003251140471547842,
        -0.18113775551319122,
        0.23611243069171906,
        0.0038883571978658438,
        0.9717179536819458,
        4.097911834716797
    ],
    [
        0.9720870852470398,
        -0.0004583952540997416,
        -0.23461982607841492,
        -0.8488383889198303,
        -0.00057060836115852,
        0.9999905228614807,
        -0.004317932296544313,
        -0.19080069661140442,
        0.234619602560997,
        0.004331282339990139,
        0.9720776081085205,
        4.29239559173584
    ],
    [
        0.973322868347168,
        -0.0006708499859087169,
        -0.22943833470344543,
        -0.9100704789161682,
        -0.0005893601919524372,
        0.9999852180480957,
        -0.005424016155302525,
        -0.20908793807029724,
        0.22943855822086334,
        0.005414543207734823,
        0.9733080863952637,
        4.476968765258789
    ],
    [
        0.9755109548568726,
        -0.00012623192742466927,
        -0.21995079517364502,
        -0.9825459122657776,
        -0.001473190844990313,
        0.999973714351654,
        -0.0071076927706599236,
        -0.230001300573349,
        0.21994589269161224,
        0.00725766085088253,
        0.9754850268363953,
        4.687904357910156
    ],
    [
        0.9778320789337158,
        -0.0015905553009361029,
        -0.20938464999198914,
        -1.0440086126327515,
        -0.00014114772784523666,
        0.9999659061431885,
        -0.008255241438746452,
        -0.23844540119171143,
        0.20939062535762787,
        0.008101793937385082,
        0.9777984023094177,
        4.850642681121826
    ],
    [
        0.9809414148330688,
        -0.0010183937847614288,
        -0.19430097937583923,
        -1.1081756353378296,
        -0.0007713308441452682,
        0.9999579191207886,
        -0.009135216474533081,
        -0.2433500438928604,
        0.19430212676525116,
        0.009110981598496437,
        0.9808993339538574,
        5.012079238891602
    ],
    [
        0.9840714335441589,
        0.001330157625488937,
        -0.1777683049440384,
        -1.1726900339126587,
        -0.003201250219717622,
        0.999942421913147,
        -0.010239043273031712,
        -0.24940922856330872,
        0.17774446308612823,
        0.010645031929016113,
        0.9840191602706909,
        5.1720476150512695
    ],
    [
        0.987556517124176,
        0.0029217773117125034,
        -0.15723741054534912,
        -1.2365237474441528,
        -0.0046767620369791985,
        0.9999309182167053,
        -0.010792539454996586,
        -0.2586671710014343,
        0.15719500184059143,
        0.01139360573142767,
        0.987501859664917,
        5.324060440063477
    ],
    [
        0.9908174872398376,
        0.0032767397351562977,
        -0.1351657509803772,
        -1.290712594985962,
        -0.004979365039616823,
        0.9999125003814697,
        -0.0122604351490736,
        -0.25913169980049133,
        0.13511374592781067,
        0.012820892035961151,
        0.9907472133636475,
        5.4697794914245605
    ],
    [
        0.996929407119751,
        0.003242301754653454,
        -0.078238844871521,
        -1.3883963823318481,
        -0.004385037813335657,
        0.9998862147331238,
        -0.014438354410231113,
        -0.25535088777542114,
        0.0781831219792366,
        0.014737098477780819,
        0.9968301057815552,
        5.812926292419434
    ]
]