[
    [
        0.943009078502655,
        -0.04812897369265556,
        0.3292682468891144,
        0.3829914927482605,
        0.045851826667785645,
        0.99884033203125,
        0.014682475477457047,
        0.024800743907690048,
        -0.32959306240081787,
        0.0012518452713266015,
        0.9441221952438354,
        0.514305055141449
    ],
    [
        0.9081637859344482,
        -0.062436144798994064,
        0.41393280029296875,
        0.5480651259422302,
        0.05887386202812195,
        0.9980367422103882,
        0.021371707320213318,
        -0.014896025881171227,
        -0.41445446014404297,
        0.004960813093930483,
        0.9100565314292908,
        0.7007359266281128
    ],
    [
        0.8661124110221863,
        -0.08122366666793823,
        0.4932056963443756,
        0.7298707365989685,
        0.0694994330406189,
        0.99669349193573,
        0.042093534022569656,
        -0.048524897545576096,
        -0.4949939548969269,
        -0.002180216135457158,
        0.8688936829566956,
        0.9334349036216736
    ],
    [
        0.837622880935669,
        -0.09920395910739899,
        0.5371653437614441,
        0.9088031649589539,
        0.0768074169754982,
        0.9949905872344971,
        0.06398655474185944,
        -0.07102051377296448,
        -0.5408221483230591,
        -0.012338325381278992,
        0.8410464525222778,
        1.11661696434021
    ],
    [
        0.815005362033844,
        -0.11520308256149292,
        0.5678859353065491,
        1.1594173908233643,
        0.08094301074743271,
        0.9930629134178162,
        0.0852898582816124,
        -0.05830179154872894,
        -0.5737720727920532,
        -0.023545287549495697,
        0.8186762928962708,
        1.2973660230636597
    ],
    [
        0.8066613078117371,
        -0.13108378648757935,
        0.5762938261032104,
        1.3944123983383179,
        0.08317471295595169,
        0.9905678033828735,
        0.10889158397912979,
        -0.05981448292732239,
        -0.5851320624351501,
        -0.03990554064512253,
        0.8099555969238281,
        1.4193693399429321
    ],
    [
        0.8027514815330505,
        -0.1494031697511673,
        0.5772943496704102,
        1.6302872896194458,
        0.08282557874917984,
        0.986656665802002,
        0.1401733160018921,
        -0.060520678758621216,
        -0.5905336141586304,
        -0.0647096186876297,
        0.8044145107269287,
        1.5202339887619019
    ],
    [
        0.8029107451438904,
        -0.16950944066047668,
        0.5714900493621826,
        1.87599778175354,
        0.08377792686223984,
        0.981289267539978,
        0.17335663735866547,
        -0.05109432339668274,
        -0.5901826620101929,
        -0.09131164103746414,
        0.8020887970924377,
        1.6329638957977295
    ],
    [
        0.8029000163078308,
        -0.1827530711889267,
        0.5674088597297668,
        2.0494258403778076,
        0.0819818526506424,
        0.9766544103622437,
        0.19855763018131256,
        -0.033918529748916626,
        -0.590449333190918,
        -0.11290472000837326,
        0.7991383671760559,
        1.7132761478424072
    ],
    [
        0.8150363564491272,
        -0.18824684619903564,
        0.5479771494865417,
        2.2560744285583496,
        0.07857091724872589,
        0.9729227423667908,
        0.21736586093902588,
        0.0576595738530159,
        -0.5740577578544617,
        -0.13410599529743195,
        0.8077580332756042,
        1.7815593481063843
    ],
    [
        0.8451746106147766,
        -0.17702381312847137,
        0.5043236613273621,
        2.4050161838531494,
        0.07196638733148575,
        0.9726582765579224,
        0.2208094596862793,
        0.12138845026493073,
        -0.5296231508255005,
        -0.15032818913459778,
        0.8348060250282288,
        1.8435659408569336
    ],
    [
        0.8713182806968689,
        -0.16393692791461945,
        0.4625246524810791,
        2.548395872116089,
        0.0639381855726242,
        0.972438395023346,
        0.22422169148921967,
        0.22527386248111725,
        -0.48653504252433777,
        -0.1657954752445221,
        0.8577852845191956,
        1.9831228256225586
    ],
    [
        0.8962801098823547,
        -0.14957508444786072,
        0.41750404238700867,
        2.6660869121551514,
        0.05663629621267319,
        0.9723042249679565,
        0.22675350308418274,
        0.302848219871521,
        -0.4398573338985443,
        -0.17958875000476837,
        0.8799279928207397,
        2.1333887577056885
    ],
    [
        0.9139291048049927,
        -0.13780353963375092,
        0.38176414370536804,
        2.772225856781006,
        0.05097946524620056,
        0.9721235036849976,
        0.22885984182357788,
        0.4128294289112091,
        -0.4026595950126648,
        -0.18969954550266266,
        0.895477294921875,
        2.3093485832214355
    ],
    [
        0.9284168481826782,
        -0.126594677567482,
        0.34930768609046936,
        2.874211311340332,
        0.04639551043510437,
        0.9723047614097595,
        0.2290651947259903,
        0.49669280648231506,
        -0.36863207817077637,
        -0.19646166265010834,
        0.908577561378479,
        2.4986603260040283
    ],
    [
        0.9370123147964478,
        -0.11699604988098145,
        0.3291197717189789,
        2.9312450885772705,
        0.04160043224692345,
        0.9729093313217163,
        0.22741392254829407,
        0.5807823538780212,
        -0.34681016206741333,
        -0.19939810037612915,
        0.916495144367218,
        2.678617477416992
    ],
    [
        0.942179799079895,
        -0.1123303771018982,
        0.3157200813293457,
        2.975377082824707,
        0.03977992758154869,
        0.9729738235473633,
        0.22746315598487854,
        0.6813420653343201,
        -0.33273831009864807,
        -0.20175187289714813,
        0.9211847186088562,
        2.88521146774292
    ],
    [
        0.9439608454704285,
        -0.1099543571472168,
        0.3112044036388397,
        3.0336475372314453,
        0.03859226405620575,
        0.9731802940368652,
        0.2267831414937973,
        0.8008062243461609,
        -0.3277934193611145,
        -0.20206435024738312,
        0.9228876829147339,
        3.086232900619507
    ],
    [
        0.94645094871521,
        -0.1068132221698761,
        0.3046661615371704,
        3.1069653034210205,
        0.036969080567359924,
        0.9733332991600037,
        0.22639675438404083,
        0.903976559638977,
        -0.3207240104675293,
        -0.2030101865530014,
        0.9251610040664673,
        3.286604404449463
    ],
    [
        0.9485311508178711,
        -0.10404153913259506,
        0.29910507798194885,
        3.1480307579040527,
        0.03582733869552612,
        0.97368323802948,
        0.22507187724113464,
        1.0276596546173096,
        -0.31465044617652893,
        -0.20277154445648193,
        0.92729651927948,
        3.514132261276245
    ],
    [
        0.950226902961731,
        -0.10318032652139664,
        0.2939775884151459,
        3.191922903060913,
        0.036118701100349426,
        0.9736893177032471,
        0.2249990701675415,
        1.1021634340286255,
        -0.3094581067562103,
        -0.20318207144737244,
        0.9289525151252747,
        3.7307817935943604
    ],
    [
        0.9518535137176514,
        -0.10120788216590881,
        0.2893649637699127,
        3.305886745452881,
        0.03600405156612396,
        0.9743046760559082,
        0.2223377674818039,
        1.2032885551452637,
        -0.3044317960739136,
        -0.20121468603610992,
        0.9310390949249268,
        4.017897129058838
    ],
    [
        0.9538774490356445,
        -0.09794605523347855,
        0.2837677299976349,
        3.407585620880127,
        0.03595062717795372,
        0.9757438898086548,
        0.21594306826591492,
        1.2200182676315308,
        -0.29803577065467834,
        -0.19578160345554352,
        0.9342615008354187,
        4.240771293640137
    ],
    [
        0.9555841684341431,
        -0.09371711313724518,
        0.2794204354286194,
        3.5042245388031006,
        0.03416949883103371,
        0.9769306778907776,
        0.2108050435781479,
        1.2449268102645874,
        -0.2927307188510895,
        -0.1918943077325821,
        0.936741828918457,
        4.4906768798828125
    ],
    [
        0.9578076601028442,
        -0.09062503278255463,
        0.2727482318878174,
        3.569304943084717,
        0.03345538303256035,
        0.9776906967163086,
        0.20736871659755707,
        1.2630053758621216,
        -0.2854560315608978,
        -0.18949447572231293,
        0.939471423625946,
        4.71284294128418
    ]
]