[
    [
        0.9938158988952637,
        0.020554834976792336,
        -0.10912098735570908,
        -0.08113899827003479,
        -0.0215983297675848,
        0.9997316002845764,
        -0.00838932953774929,
        -0.016759473830461502,
        0.10891924798488617,
        0.010694281198084354,
        0.9939931035041809,
        0.10350704193115234
    ],
    [
        0.9922959804534912,
        0.021543903276324272,
        -0.12200254946947098,
        -0.0940735712647438,
        -0.022907545790076256,
        0.9996897578239441,
        -0.009785431437194347,
        -0.02122543193399906,
        0.12175387889146805,
        0.012504823505878448,
        0.9924815893173218,
        0.12575435638427734
    ],
    [
        0.991040050983429,
        0.021349823102355003,
        -0.13184763491153717,
        -0.10657823830842972,
        -0.023030301555991173,
        0.9996716976165771,
        -0.011233721859753132,
        -0.02575983665883541,
        0.13156451284885406,
        0.014169557951390743,
        0.9912063479423523,
        0.14920583367347717
    ],
    [
        0.9901220202445984,
        0.021344034001231194,
        -0.13857418298721313,
        -0.11724431812763214,
        -0.023145081475377083,
        0.9996671080589294,
        -0.01139840204268694,
        -0.03356252610683441,
        0.13828477263450623,
        0.014493119902908802,
        0.9902864694595337,
        0.17401394248008728
    ],
    [
        0.9896670579910278,
        0.020599322393536568,
        -0.14189761877059937,
        -0.1267395168542862,
        -0.022600756958127022,
        0.9996663331985474,
        -0.012507439590990543,
        -0.039769694209098816,
        0.1415926218032837,
        0.015585191547870636,
        0.9898024201393127,
        0.19880017638206482
    ],
    [
        0.9897832274436951,
        0.019080517813563347,
        -0.14129795134067535,
        -0.13675323128700256,
        -0.02132618986070156,
        0.9996689558029175,
        -0.014395853504538536,
        -0.044343799352645874,
        0.14097648859024048,
        0.01726212166249752,
        0.9898624420166016,
        0.22378778457641602
    ],
    [
        0.9902300238609314,
        0.017483437433838844,
        -0.13834351301193237,
        -0.14392408728599548,
        -0.01984873041510582,
        0.9996792078018188,
        -0.01573605090379715,
        -0.05011012405157089,
        0.1380240023136139,
        0.01832825131714344,
        0.9902592897415161,
        0.24865956604480743
    ],
    [
        0.9912170767784119,
        0.01589609682559967,
        -0.13128530979156494,
        -0.15113289654254913,
        -0.018223391845822334,
        0.9996970891952515,
        -0.016544584184885025,
        -0.05655071139335632,
        0.13098254799842834,
        0.018791740760207176,
        0.9912065863609314,
        0.2742260992527008
    ],
    [
        0.9927239418029785,
        0.012984084896743298,
        -0.11971085518598557,
        -0.1560496687889099,
        -0.015376736409962177,
        0.9996996521949768,
        -0.019084904342889786,
        -0.06226413697004318,
        0.11942708492279053,
        0.020786801353096962,
        0.9926252961158752,
        0.30493369698524475
    ],
    [
        0.9940682053565979,
        0.010483825579285622,
        -0.1082519143819809,
        -0.1573920100927353,
        -0.01275843195617199,
        0.9997116923332214,
        -0.020340947434306145,
        -0.06671232730150223,
        0.10800745338201523,
        0.021601414307951927,
        0.9939153790473938,
        0.3234540522098541
    ],
    [
        0.9955398440361023,
        0.007949499413371086,
        -0.09400700777769089,
        -0.1585448682308197,
        -0.009945950470864773,
        0.9997344613075256,
        -0.020787827670574188,
        -0.07254687696695328,
        0.09381679445505142,
        0.021630097180604935,
        0.9953545331954956,
        0.3419439494609833
    ],
    [
        0.9970191717147827,
        0.004910202231258154,
        -0.07699724286794662,
        -0.15909543633460999,
        -0.006528111174702644,
        0.9997628927230835,
        -0.02077498473227024,
        -0.07819855213165283,
        0.07687696814537048,
        0.02121570333838463,
        0.9968149065971375,
        0.36254802346229553
    ],
    [
        0.9983935952186584,
        0.0006498619331978261,
        -0.05665486305952072,
        -0.16165229678153992,
        -0.001855502836406231,
        0.999772846698761,
        -0.021230440586805344,
        -0.08143205940723419,
        0.05662819743156433,
        0.02130146138370037,
        0.9981679916381836,
        0.38384878635406494
    ],
    [
        0.9994419813156128,
        -0.0034680236130952835,
        -0.03322222828865051,
        -0.1667298674583435,
        0.002760712755843997,
        0.9997689723968506,
        -0.021312572062015533,
        -0.08471696078777313,
        0.033288463950157166,
        0.02120896242558956,
        0.9992207288742065,
        0.40594446659088135
    ],
    [
        0.9999371767044067,
        -0.008061818778514862,
        -0.007795608602464199,
        -0.17128416895866394,
        0.007898201234638691,
        0.9997525215148926,
        -0.020796315744519234,
        -0.08911355584859848,
        0.007961336523294449,
        0.020733436569571495,
        0.9997532963752747,
        0.4281018376350403
    ],
    [
        0.9996917247772217,
        -0.01316758245229721,
        0.02104867994785309,
        -0.17800430953502655,
        0.013585818000137806,
        0.9997106790542603,
        -0.0198520477861166,
        -0.09349532425403595,
        -0.02078118547797203,
        0.020131893455982208,
        0.9995813965797424,
        0.45212453603744507
    ],
    [
        0.997792661190033,
        -0.021448275074362755,
        0.06284559518098831,
        -0.1872459203004837,
        0.02263510599732399,
        0.9995774030685425,
        -0.01823405735194683,
        -0.09965937584638596,
        -0.062427960336208344,
        0.019616324454545975,
        0.9978565573692322,
        0.4887649118900299
    ],
    [
        0.9950377941131592,
        -0.02804792858660221,
        0.0954621359705925,
        -0.19497668743133545,
        0.029733220115303993,
        0.9994252920150757,
        -0.016277318820357323,
        -0.1063133180141449,
        -0.09495073556900024,
        0.019034944474697113,
        0.9952999353408813,
        0.5149856805801392
    ],
    [
        0.9912663698196411,
        -0.03478628769516945,
        0.12720441818237305,
        -0.1996862143278122,
        0.03688397631049156,
        0.9992190003395081,
        -0.014171808958053589,
        -0.11343619227409363,
        -0.1266120970249176,
        0.018739840015769005,
        0.9917752742767334,
        0.5398603081703186
    ],
    [
        0.9865153431892395,
        -0.04159621521830559,
        0.1582949012517929,
        -0.2043306529521942,
        0.04406581073999405,
        0.9989550709724426,
        -0.012121958658099174,
        -0.1194714605808258,
        -0.1576252579689026,
        0.018933892250061035,
        0.9873173832893372,
        0.5649580955505371
    ],
    [
        0.9807676672935486,
        -0.048096321523189545,
        0.18916000425815582,
        -0.21258901059627533,
        0.050837334245443344,
        0.9986602067947388,
        -0.009662345051765442,
        -0.12882165610790253,
        -0.18844185769557953,
        0.019092904403805733,
        0.9818987250328064,
        0.5942432880401611
    ],
    [
        0.9741566777229309,
        -0.05359184741973877,
        0.2194235920906067,
        -0.22180931270122528,
        0.05670662969350815,
        0.9983595013618469,
        -0.00791716855019331,
        -0.13566231727600098,
        -0.2186393141746521,
        0.02015533484518528,
        0.975597620010376,
        0.627160906791687
    ],
    [
        0.9673008322715759,
        -0.058779966086149216,
        0.24672682583332062,
        -0.22686655819416046,
        0.06222665682435036,
        0.9980428218841553,
        -0.0061889272183179855,
        -0.14351361989974976,
        -0.24588018655776978,
        0.02133954130113125,
        0.9690653085708618,
        0.6561949849128723
    ],
    [
        0.9604566693305969,
        -0.06331218779087067,
        0.27113550901412964,
        -0.22859130799770355,
        0.0670846551656723,
        0.9977364540100098,
        -0.004658302757889032,
        -0.1519373208284378,
        -0.2702268660068512,
        0.02266312949359417,
        0.9625298976898193,
        0.6854330897331238
    ],
    [
        0.9518898725509644,
        -0.06834299862384796,
        0.2987220287322998,
        -0.22474701702594757,
        0.07288169115781784,
        0.9973322749137878,
        -0.004066189751029015,
        -0.16063036024570465,
        -0.29764726758003235,
        0.02564193122088909,
        0.9543314576148987,
        0.7248997092247009
    ]
]