[
    [
        0.9938158988952637,
        0.020554834976792336,
        -0.10912098735570908,
        -0.08113899827003479,
        -0.0215983297675848,
        0.9997316002845764,
        -0.00838932953774929,
        -0.016759473830461502,
        0.10891924798488617,
        0.010694281198084354,
        0.9939931035041809,
        0.10350704193115234
    ],
    [
        0.9914520382881165,
        0.02132854238152504,
        -0.12871628999710083,
        -0.10281775146722794,
        -0.022933663800358772,
        0.9996764063835144,
        -0.011000841856002808,
        -0.023766817525029182,
        0.1284399926662445,
        0.013858743943274021,
        0.9916204214096069,
        0.1411239057779312
    ],
    [
        0.9897916316986084,
        0.020787810906767845,
        -0.14099812507629395,
        -0.123904287815094,
        -0.022726939991116524,
        0.9996677041053772,
        -0.012156403623521328,
        -0.03771502524614334,
        0.14069856703281403,
        0.015236763283610344,
        0.9899352192878723,
        0.19043253362178802
    ],
    [
        0.990006685256958,
        0.01796587184071541,
        -0.13987112045288086,
        -0.14135661721229553,
        -0.020311634987592697,
        0.9996756315231323,
        -0.015361351892352104,
        -0.04803892970085144,
        0.13954979181289673,
        0.018048852682113647,
        0.9900505542755127,
        0.2398383915424347
    ],
    [
        0.9919258952140808,
        0.014813965186476707,
        -0.1259504109621048,
        -0.1542498618364334,
        -0.017179979011416435,
        0.999695360660553,
        -0.017719771713018417,
        -0.060165341943502426,
        0.12564952671527863,
        0.019740525633096695,
        0.9918783903121948,
        0.2900446951389313
    ],
    [
        0.9940682053565979,
        0.010483825579285622,
        -0.1082519143819809,
        -0.1573920100927353,
        -0.01275843195617199,
        0.9997116923332214,
        -0.020340947434306145,
        -0.06671232730150223,
        0.10800745338201523,
        0.021601414307951927,
        0.9939153790473938,
        0.3234540522098541
    ],
    [
        0.9970191717147827,
        0.004910202231258154,
        -0.07699724286794662,
        -0.15909543633460999,
        -0.006528111174702644,
        0.9997628927230835,
        -0.02077498473227024,
        -0.07819855213165283,
        0.07687696814537048,
        0.02121570333838463,
        0.9968149065971375,
        0.36254802346229553
    ],
    [
        0.9994419813156128,
        -0.0034680236130952835,
        -0.03322222828865051,
        -0.1667298674583435,
        0.002760712755843997,
        0.9997689723968506,
        -0.021312572062015533,
        -0.08471696078777313,
        0.033288463950157166,
        0.02120896242558956,
        0.9992207288742065,
        0.40594446659088135
    ],
    [
        0.9996917247772217,
        -0.01316758245229721,
        0.02104867994785309,
        -0.17800430953502655,
        0.013585818000137806,
        0.9997106790542603,
        -0.0198520477861166,
        -0.09349532425403595,
        -0.02078118547797203,
        0.020131893455982208,
        0.9995813965797424,
        0.45212453603744507
    ],
    [
        0.9969653487205505,
        -0.023367971181869507,
        0.07425547391176224,
        -0.19160623848438263,
        0.02475890703499317,
        0.9995337724685669,
        -0.017866630107164383,
        -0.10100357979536057,
        -0.07380334287881851,
        0.0196508951485157,
        0.9970791339874268,
        0.49827995896339417
    ],
    [
        0.9897502064704895,
        -0.037039779126644135,
        0.13792245090007782,
        -0.20219458639621735,
        0.03928912803530693,
        0.9991350769996643,
        -0.013621281832456589,
        -0.11498843878507614,
        -0.13729862868785858,
        0.018900519236922264,
        0.9903494119644165,
        0.5481976270675659
    ],
    [
        0.9786246418952942,
        -0.050038356333971024,
        0.19947399199008942,
        -0.21592815220355988,
        0.05295558273792267,
        0.998553454875946,
        -0.009312835521996021,
        -0.13018187880516052,
        -0.19871944189071655,
        0.01967703551054001,
        0.9798588752746582,
        0.6054760813713074
    ],
    [
        0.9649836421012878,
        -0.06027849763631821,
        0.25529035925865173,
        -0.22807443141937256,
        0.06379210203886032,
        0.9979481101036072,
        -0.005497766193002462,
        -0.14680252969264984,
        -0.25443512201309204,
        0.021590765565633774,
        0.9668488502502441,
        0.6658191680908203
    ],
    [
        0.9518898725509644,
        -0.06834299862384796,
        0.2987220287322998,
        -0.22474701702594757,
        0.07288169115781784,
        0.9973322749137878,
        -0.004066189751029015,
        -0.16063036024570465,
        -0.29764726758003235,
        0.02564193122088909,
        0.9543314576148987,
        0.7248997092247009
    ]
]