[
    [
        0.9992964863777161,
        0.02473461627960205,
        -0.028191180899739265,
        0.4191136658191681,
        -0.024703342467546463,
        0.9996938109397888,
        0.0014571836218237877,
        0.16601282358169556,
        0.028218591585755348,
        -0.0007597416988573968,
        0.9996015429496765,
        -0.30008170008659363
    ],
    [
        0.9993897676467896,
        0.02516854926943779,
        -0.024220213294029236,
        0.42234739661216736,
        -0.025128504261374474,
        0.9996823072433472,
        0.0019563897512853146,
        0.1679336130619049,
        0.02426176145672798,
        -0.001346577424556017,
        0.9997047781944275,
        -0.2991998493671417
    ],
    [
        0.9994734525680542,
        0.02558472938835621,
        -0.01995580829679966,
        0.42495763301849365,
        -0.02554304338991642,
        0.9996709823608398,
        0.002341087907552719,
        0.1700133979320526,
        0.02000913769006729,
        -0.0018301220843568444,
        0.9997981190681458,
        -0.2983277142047882
    ],
    [
        0.9995925426483154,
        0.026160679757595062,
        -0.011408918537199497,
        0.43134140968322754,
        -0.026125889271497726,
        0.9996535181999207,
        0.0031879330053925514,
        0.17371736466884613,
        0.011488364078104496,
        -0.002888566115871072,
        0.9999299049377441,
        -0.29671305418014526
    ],
    [
        0.9996297359466553,
        0.026353804394602776,
        -0.00677899643778801,
        0.43392515182495117,
        -0.026330580934882164,
        0.9996471405029297,
        0.003492371179163456,
        0.17580454051494598,
        0.006868642754852772,
        -0.0033125823829323053,
        0.9999709129333496,
        -0.29572784900665283
    ],
    [
        0.9996471405029297,
        0.026462877169251442,
        0.0022962067741900682,
        0.4406769871711731,
        -0.02647271566092968,
        0.9996399879455566,
        0.004366077482700348,
        0.17900559306144714,
        -0.002179841510951519,
        -0.004425323102623224,
        0.9999878406524658,
        -0.29481300711631775
    ],
    [
        0.9996263980865479,
        0.026401259005069733,
        0.00707892794162035,
        0.4437846541404724,
        -0.026434600353240967,
        0.9996396899223328,
        0.004658439662307501,
        0.18079207837581635,
        -0.00695338798686862,
        -0.004843828734010458,
        0.9999641180038452,
        -0.2943059504032135
    ],
    [
        0.9995856881141663,
        0.02622816152870655,
        0.011854875832796097,
        0.447192907333374,
        -0.026290640234947205,
        0.9996411204338074,
        0.0051451269537210464,
        0.18226100504398346,
        -0.01171567477285862,
        -0.005454666912555695,
        0.9999164342880249,
        -0.29365402460098267
    ],
    [
        0.9994242191314697,
        0.02583947777748108,
        0.021990761160850525,
        0.45338690280914307,
        -0.025972576811909676,
        0.999646008014679,
        0.005788490641862154,
        0.18563251197338104,
        -0.021833403035998344,
        -0.0063563147559762,
        0.9997413754463196,
        -0.2927187979221344
    ],
    [
        0.9993010759353638,
        0.02559392899274826,
        0.027245348319411278,
        0.4564027488231659,
        -0.025773189961910248,
        0.9996482729911804,
        0.006248740013688803,
        0.18697857856750488,
        -0.027075834572315216,
        -0.006946572568267584,
        0.9996091723442078,
        -0.2922475039958954
    ],
    [
        0.9989793300628662,
        0.02481648698449135,
        0.037742357701063156,
        0.4632972180843353,
        -0.02510436810553074,
        0.9996590614318848,
        0.007172778248786926,
        0.1896635740995407,
        -0.03755148872733116,
        -0.008112954907119274,
        0.9992617964744568,
        -0.29165273904800415
    ],
    [
        0.9987562298774719,
        0.024631986394524574,
        0.04334968701004982,
        0.4661824405193329,
        -0.024985691532492638,
        0.9996585845947266,
        0.007636416237801313,
        0.19103236496448517,
        -0.04314678907394409,
        -0.008710040710866451,
        0.9990308284759521,
        -0.2910807430744171
    ],
    [
        0.998218297958374,
        0.023802390322089195,
        0.05471364036202431,
        0.4722406566143036,
        -0.024308010935783386,
        0.9996675252914429,
        0.008594243787229061,
        0.19375352561473846,
        -0.05449088290333748,
        -0.009908909909427166,
        0.9984650611877441,
        -0.290179580450058
    ],
    [
        0.9978936314582825,
        0.023274237290024757,
        0.060551680624485016,
        0.47515448927879333,
        -0.023872844874858856,
        0.9996728897094727,
        0.009181174449622631,
        0.19498541951179504,
        -0.06031818315386772,
        -0.010607377626001835,
        0.9981228709220886,
        -0.29005828499794006
    ],
    [
        0.9975252747535706,
        0.022899717092514038,
        0.06647522002458572,
        0.47803738713264465,
        -0.0236044991761446,
        0.9996729493141174,
        0.009836091659963131,
        0.19589748978614807,
        -0.06622824817895889,
        -0.011380864307284355,
        0.9977395534515381,
        -0.28983914852142334
    ],
    [
        0.9966843128204346,
        0.02185801975429058,
        0.07837511599063873,
        0.48406553268432617,
        -0.02279188670217991,
        0.9996793270111084,
        0.011040561832487583,
        0.19841551780700684,
        -0.07810865342617035,
        -0.012790272012352943,
        0.9968627691268921,
        -0.28915807604789734
    ],
    [
        0.9961951375007629,
        0.021476682275533676,
        0.08446191251277924,
        0.4867306649684906,
        -0.022552262991666794,
        0.9996759295463562,
        0.011801006272435188,
        0.199310302734375,
        -0.08418110758066177,
        -0.01366091426461935,
        0.9963567852973938,
        -0.28905341029167175
    ],
    [
        0.9951073527336121,
        0.020642006769776344,
        0.09661958366632462,
        0.4925999939441681,
        -0.02203134074807167,
        0.999668300151825,
        0.013334637507796288,
        0.20122535526752472,
        -0.09631229192018509,
        -0.015398053452372551,
        0.9952320456504822,
        -0.2888205349445343
    ],
    [
        0.9945166707038879,
        0.020127199590206146,
        0.10262273252010345,
        0.4958297908306122,
        -0.02169704996049404,
        0.9996635913848877,
        0.014203949831426144,
        0.2020917385816574,
        -0.10230233520269394,
        -0.01635267585515976,
        0.9946188926696777,
        -0.2888500988483429
    ],
    [
        0.9938570857048035,
        0.019706929102540016,
        0.1089029535651207,
        0.49806836247444153,
        -0.021458003669977188,
        0.9996582865715027,
        0.01493065245449543,
        0.20343442261219025,
        -0.10857149213552475,
        -0.01717577502131462,
        0.9939402341842651,
        -0.28819331526756287
    ],
    [
        0.9924445152282715,
        0.01870439015328884,
        0.12126047164201736,
        0.5031750202178955,
        -0.020882965996861458,
        0.999642014503479,
        0.016720125451683998,
        0.20558804273605347,
        -0.1209043338894844,
        -0.019126074388623238,
        0.9924799203872681,
        -0.28750964999198914
    ],
    [
        0.9916792511940002,
        0.01800822652876377,
        0.12746784090995789,
        0.5055288076400757,
        -0.020414767786860466,
        0.999636709690094,
        0.01759827323257923,
        0.20698551833629608,
        -0.12710462510585785,
        -0.02005406841635704,
        0.9916865229606628,
        -0.28686216473579407
    ],
    [
        0.9900599122047424,
        0.01676345244050026,
        0.13964390754699707,
        0.5103123188018799,
        -0.01969107612967491,
        0.9996137619018555,
        0.019609643146395683,
        0.20939522981643677,
        -0.13926126062870026,
        -0.02216445840895176,
        0.9900076389312744,
        -0.28627458214759827
    ],
    [
        0.9891831874847412,
        0.016202200204133987,
        0.14578726887702942,
        0.5122506022453308,
        -0.019398987293243408,
        0.9996009469032288,
        0.020532773807644844,
        0.2110777348279953,
        -0.1453963965177536,
        -0.023138800635933876,
        0.9891029596328735,
        -0.2853119671344757
    ],
    [
        0.9874050617218018,
        0.014722112566232681,
        0.1575264036655426,
        0.5169695615768433,
        -0.01852370612323284,
        0.9995708465576172,
        0.022692102938890457,
        0.21415850520133972,
        -0.15712474286556244,
        -0.025324270129203796,
        0.9872540831565857,
        -0.2842377722263336
    ]
]