[
    [
        0.9995197653770447,
        0.004632506985217333,
        -0.030636167153716087,
        0.044491346925497055,
        -0.00491673918440938,
        0.9999455213546753,
        -0.009208863601088524,
        0.005101274233311415,
        0.03059183806180954,
        0.009355071932077408,
        0.9994882345199585,
        0.4037800133228302
    ],
    [
        0.9993845224380493,
        0.00469900481402874,
        -0.03476506471633911,
        0.04050258919596672,
        -0.005016593262553215,
        0.9999464750289917,
        -0.009053703397512436,
        0.0061600650660693645,
        0.03472065553069115,
        0.00922253355383873,
        0.9993545413017273,
        0.5097287893295288
    ],
    [
        0.9992697834968567,
        0.005014646798372269,
        -0.03787841647863388,
        0.03667837008833885,
        -0.0053813462145626545,
        0.9999396800994873,
        -0.009585247375071049,
        0.0038208242040127516,
        0.03782806172966957,
        0.009782086126506329,
        0.9992363452911377,
        0.6082425713539124
    ],
    [
        0.9991728067398071,
        0.0057909805327653885,
        -0.040251366794109344,
        0.03586656227707863,
        -0.0062060002237558365,
        0.9999288320541382,
        -0.010193384252488613,
        0.007539449725300074,
        0.0401894710958004,
        0.010434754192829132,
        0.9991375207901001,
        0.6998780369758606
    ],
    [
        0.9991042613983154,
        0.006681305356323719,
        -0.04178454354405403,
        0.03708652779459953,
        -0.007118515204638243,
        0.9999213218688965,
        -0.010323415510356426,
        0.019900275394320488,
        0.041712284088134766,
        0.010611612349748611,
        0.9990732669830322,
        0.7902217507362366
    ],
    [
        0.9989926218986511,
        0.006779018323868513,
        -0.04436061531305313,
        0.043133221566677094,
        -0.007265841122716665,
        0.9999150037765503,
        -0.010822195559740067,
        0.042906660586595535,
        0.04428348317742348,
        0.011133610270917416,
        0.9989569187164307,
        0.8893535733222961
    ],
    [
        0.9988894462585449,
        0.007023519370704889,
        -0.04658861458301544,
        0.05033910274505615,
        -0.007528668735176325,
        0.9999147057533264,
        -0.010676172561943531,
        0.07358323782682419,
        0.04650965705513954,
        0.011015067808330059,
        0.9988571405410767,
        0.9951621890068054
    ],
    [
        0.9987119436264038,
        0.0067622847855091095,
        -0.05028698965907097,
        0.06013832241296768,
        -0.007276113610714674,
        0.9999231100082397,
        -0.010041918605566025,
        0.10160821676254272,
        0.0502152144908905,
        0.010394876822829247,
        0.9986842274665833,
        1.1026439666748047
    ],
    [
        0.9983466267585754,
        0.007305208593606949,
        -0.057013869285583496,
        0.07415986806154251,
        -0.007914667017757893,
        0.9999138712882996,
        -0.010471193119883537,
        0.12704236805438995,
        0.056932464241981506,
        0.010905127041041851,
        0.9983184337615967,
        1.207240343093872
    ],
    [
        0.9978981614112854,
        0.007562612649053335,
        -0.06435899436473846,
        0.0859844982624054,
        -0.00825220812112093,
        0.9999113082885742,
        -0.010455746203660965,
        0.14430999755859375,
        0.06427420675754547,
        0.010964875109493732,
        0.9978720545768738,
        1.3043992519378662
    ],
    [
        0.9972617030143738,
        0.0084309671074152,
        -0.07347241044044495,
        0.09507808089256287,
        -0.008992715738713741,
        0.9999327659606934,
        -0.007318252231925726,
        0.16529782116413116,
        0.07340577244758606,
        0.007958930917084217,
        0.997270405292511,
        1.3977761268615723
    ],
    [
        0.9963869452476501,
        0.010699768550693989,
        -0.08425343781709671,
        0.10160339623689651,
        -0.01042543537914753,
        0.9999388456344604,
        0.0036953436210751534,
        0.19624191522598267,
        0.08428782224655151,
        -0.0028036150615662336,
        0.9964374303817749,
        1.4973113536834717
    ],
    [
        0.9952445030212402,
        0.013056282885372639,
        -0.09652978181838989,
        0.10871586203575134,
        -0.011817649938166142,
        0.999840497970581,
        0.013392230495810509,
        0.22608301043510437,
        0.09668922424316406,
        -0.01218778919428587,
        0.9952400922775269,
        1.6000703573226929
    ],
    [
        0.9933931231498718,
        0.016479194164276123,
        -0.11357162147760391,
        0.11034237593412399,
        -0.013734463602304459,
        0.9995954036712646,
        0.024907685816287994,
        0.2513441741466522,
        0.11393610388040543,
        -0.02318328060209751,
        0.9932175874710083,
        1.6984273195266724
    ],
    [
        0.9905544519424438,
        0.021076327189803123,
        -0.13549019396305084,
        0.10579875111579895,
        -0.01609511487185955,
        0.9991574287414551,
        0.03775534778833389,
        0.2700206935405731,
        0.13617175817489624,
        -0.0352180041372776,
        0.9900590181350708,
        1.7900084257125854
    ],
    [
        0.9865807294845581,
        0.02698102407157421,
        -0.16102972626686096,
        0.09885966032743454,
        -0.018675316125154495,
        0.9984266757965088,
        0.052871428430080414,
        0.2837880849838257,
        0.1622028797864914,
        -0.04915464669466019,
        0.9855323433876038,
        1.8793162107467651
    ],
    [
        0.9789314270019531,
        0.036105409264564514,
        -0.2009718269109726,
        0.08957105129957199,
        -0.022641489282250404,
        0.9973670244216919,
        0.06889462471008301,
        0.30956733226776123,
        0.20293015241622925,
        -0.06289281696081161,
        0.9771713614463806,
        1.9921318292617798
    ],
    [
        0.9643217921257019,
        0.04889124631881714,
        -0.2601790726184845,
        0.08058329671621323,
        -0.027919620275497437,
        0.9960997700691223,
        0.0837002694606781,
        0.3354586958885193,
        0.26325657963752747,
        -0.07344989478588104,
        0.961925745010376,
        2.10754132270813
    ],
    [
        0.9440382719039917,
        0.062271635979413986,
        -0.32390400767326355,
        0.06868237257003784,
        -0.03294980525970459,
        0.9949088096618652,
        0.09524031728506088,
        0.3484327495098114,
        0.3281857967376709,
        -0.07923794537782669,
        0.9412838816642761,
        2.196309804916382
    ],
    [
        0.9134067893028259,
        0.07934954762458801,
        -0.39923885464668274,
        0.05248836427927017,
        -0.03874234855175018,
        0.9933101534843445,
        0.10878486931324005,
        0.35151898860931396,
        0.40520021319389343,
        -0.08389736711978912,
        0.9103702902793884,
        2.2732386589050293
    ],
    [
        0.8717650771141052,
        0.09890130907297134,
        -0.47983747720718384,
        0.026276133954524994,
        -0.045024048537015915,
        0.99144047498703,
        0.12255051732063293,
        0.35522377490997314,
        0.48785096406936646,
        -0.08523101359605789,
        0.8687559962272644,
        2.3430683612823486
    ],
    [
        0.8200565576553345,
        0.11878562718629837,
        -0.5598191618919373,
        -0.00927726924419403,
        -0.049082912504673004,
        0.9892156720161438,
        0.13799786567687988,
        0.36169198155403137,
        0.5701738595962524,
        -0.08568849414587021,
        0.8170430660247803,
        2.4097707271575928
    ],
    [
        0.7610138654708862,
        0.13970047235488892,
        -0.6335155367851257,
        -0.05512237176299095,
        -0.0539412721991539,
        0.9867832660675049,
        0.15280450880527496,
        0.37247899174690247,
        0.6464892625808716,
        -0.08211369812488556,
        0.7584912180900574,
        2.466870069503784
    ],
    [
        0.6914471387863159,
        0.1617926061153412,
        -0.7040767073631287,
        -0.11477485299110413,
        -0.059078648686409,
        0.9839984178543091,
        0.16809801757335663,
        0.38330867886543274,
        0.7200074195861816,
        -0.07463498413562775,
        0.6899412870407104,
        2.518982172012329
    ],
    [
        0.5909810066223145,
        0.19268839061260223,
        -0.7833343148231506,
        -0.20330749452114105,
        -0.06511920690536499,
        0.9792792797088623,
        0.19175918400287628,
        0.3914855718612671,
        0.8040527701377869,
        -0.062315914779901505,
        0.5912832021713257,
        2.5728061199188232
    ]
]