[
    [
        0.9998237490653992,
        0.005187539383769035,
        -0.018039781600236893,
        -0.2593434751033783,
        -0.00523448595777154,
        0.9999830722808838,
        -0.0025561517104506493,
        -0.03322300314903259,
        0.018026214092969894,
        0.0026501298416405916,
        0.9998339414596558,
        -0.02063303254544735
    ],
    [
        0.9996538162231445,
        0.008230847306549549,
        -0.02498982660472393,
        -0.3115776777267456,
        -0.008316661231219769,
        0.9999598264694214,
        -0.0033319115173071623,
        -0.04001443088054657,
        0.024961397051811218,
        0.003538589458912611,
        0.9996821880340576,
        -0.01759122870862484
    ],
    [
        0.9993751049041748,
        0.011826133355498314,
        -0.03330910950899124,
        -0.3781099319458008,
        -0.011986346915364265,
        0.9999175071716309,
        -0.004614285193383694,
        -0.04745509475469589,
        0.033251795917749405,
        0.005010657478123903,
        0.9994344115257263,
        -0.014405862428247929
    ],
    [
        0.9990991353988647,
        0.014520255848765373,
        -0.03987479209899902,
        -0.4313156008720398,
        -0.01475368533283472,
        0.9998756051063538,
        -0.005565990693867207,
        -0.052986014634370804,
        0.03978901356458664,
        0.006149276625365019,
        0.9991890788078308,
        -0.012140855193138123
    ],
    [
        0.9987042546272278,
        0.017526034265756607,
        -0.04777764156460762,
        -0.49756771326065063,
        -0.017854828387498856,
        0.9998196959495544,
        -0.006463711149990559,
        -0.06007738038897514,
        0.04765573889017105,
        0.007308397442102432,
        0.9988371729850769,
        -0.008679943159222603
    ],
    [
        0.9983149170875549,
        0.0198947973549366,
        -0.054512619972229004,
        -0.5641973614692688,
        -0.020311590284109116,
        0.9997684359550476,
        -0.007102400064468384,
        -0.06738568842411041,
        0.05435870215296745,
        0.008197669871151447,
        0.9984878301620483,
        -0.0045461030676960945
    ],
    [
        0.9979814887046814,
        0.021542727947235107,
        -0.059740446507930756,
        -0.6152648329734802,
        -0.022019654512405396,
        0.9997305870056152,
        -0.00733646284788847,
        -0.07316657155752182,
        0.05956630781292915,
        0.008637117221951485,
        0.9981868863105774,
        -0.001613725209608674
    ],
    [
        0.9975756406784058,
        0.02289491333067417,
        -0.06571728736162186,
        -0.6761103868484497,
        -0.023459114134311676,
        0.9996941685676575,
        -0.007826398126780987,
        -0.07952071726322174,
        0.06551800668239594,
        0.009349092841148376,
        0.9978075623512268,
        0.002675487892702222
    ],
    [
        0.9972235560417175,
        0.02376588247716427,
        -0.070571169257164,
        -0.7348371744155884,
        -0.024426216259598732,
        0.999665379524231,
        -0.008508694358170033,
        -0.08525606244802475,
        0.07034533470869064,
        0.010208857245743275,
        0.997470498085022,
        0.006522422656416893
    ],
    [
        0.9969860911369324,
        0.024066006764769554,
        -0.07375248521566391,
        -0.779686689376831,
        -0.02471950836479664,
        0.9996627569198608,
        -0.00796065665781498,
        -0.09239877015352249,
        0.07353602349758148,
        0.009759788401424885,
        0.9972448348999023,
        0.009437689557671547
    ],
    [
        0.9966852068901062,
        0.024237196892499924,
        -0.07765957713127136,
        -0.8304092288017273,
        -0.024903902783989906,
        0.9996607899665833,
        -0.007627894636243582,
        -0.10053511708974838,
        0.07744836807250977,
        0.009536638855934143,
        0.9969507455825806,
        0.012489738874137402
    ],
    [
        0.9965075254440308,
        0.02425326034426689,
        -0.079903244972229,
        -0.8697813153266907,
        -0.024887170642614365,
        0.9996660351753235,
        -0.006947006564587355,
        -0.10792338103055954,
        0.07970806956291199,
        0.008911310695111752,
        0.9967784285545349,
        0.01469446625560522
    ],
    [
        0.9962755441665649,
        0.024579215794801712,
        -0.08264932781457901,
        -0.9147526621818542,
        -0.02520371973514557,
        0.9996610283851624,
        -0.006521108094602823,
        -0.11589638143777847,
        0.08246102929115295,
        0.008579891175031662,
        0.996557354927063,
        0.017011018469929695
    ],
    [
        0.9960809946060181,
        0.02509785071015358,
        -0.08481016755104065,
        -0.9579072594642639,
        -0.025767704471945763,
        0.9996447563171387,
        -0.006812690757215023,
        -0.12149941176176071,
        0.08460905402898788,
        0.00897135492414236,
        0.99637371301651,
        0.017894567921757698
    ],
    [
        0.995909571647644,
        0.02584252506494522,
        -0.08658045530319214,
        -0.990546703338623,
        -0.026484990492463112,
        0.9996294975280762,
        -0.006279772147536278,
        -0.1275777369737625,
        0.08638609200716019,
        0.008547167293727398,
        0.9962249994277954,
        0.018662147223949432
    ],
    [
        0.9957252740859985,
        0.027343066409230232,
        -0.08822380006313324,
        -1.0314263105392456,
        -0.027943532913923264,
        0.99959397315979,
        -0.005577933508902788,
        -0.1344214379787445,
        0.0880354568362236,
        0.008019373752176762,
        0.9960851669311523,
        0.01842758245766163
    ],
    [
        0.9954823851585388,
        0.029081974178552628,
        -0.09038335829973221,
        -1.0700557231903076,
        -0.02960650809109211,
        0.9995515942573547,
        -0.004467853810638189,
        -0.14137373864650726,
        0.09021288901567459,
        0.007123605813831091,
        0.995897114276886,
        0.01806895062327385
    ],
    [
        0.9952718615531921,
        0.0308828167617321,
        -0.09208791702985764,
        -1.1009916067123413,
        -0.03155994787812233,
        0.9994844198226929,
        -0.005905674304813147,
        -0.1398697793483734,
        0.09185805171728134,
        0.008784042671322823,
        0.9957333207130432,
        0.01691083051264286
    ],
    [
        0.9950657486915588,
        0.033250920474529266,
        -0.09347914159297943,
        -1.1435508728027344,
        -0.034139059484004974,
        0.9993857741355896,
        -0.007917449809610844,
        -0.13645730912685394,
        0.09315846115350723,
        0.011069674044847488,
        0.9955897927284241,
        0.015426033176481724
    ],
    [
        0.9950413703918457,
        0.034370917826890945,
        -0.09333482384681702,
        -1.182666540145874,
        -0.03545678034424782,
        0.9993212223052979,
        -0.010000270791351795,
        -0.1313353180885315,
        0.09292775392532349,
        0.01326003484427929,
        0.9955845475196838,
        0.012752910144627094
    ],
    [
        0.9954606890678406,
        0.031316179782152176,
        -0.08987459540367126,
        -1.2436105012893677,
        -0.032151591032743454,
        0.9994521141052246,
        -0.007862390950322151,
        -0.13265979290008545,
        0.08957914263010025,
        0.010716313496232033,
        0.9959220290184021,
        0.003221864579245448
    ],
    [
        0.9950586557388306,
        0.02902989089488983,
        -0.0949503481388092,
        -1.2848849296569824,
        -0.029453877359628677,
        0.9995614290237427,
        -0.0030665716622024775,
        -0.14112326502799988,
        0.09481968730688095,
        0.005848074331879616,
        0.9954773783683777,
        0.0012338997330516577
    ],
    [
        0.9944280385971069,
        0.030085980892181396,
        -0.10103277117013931,
        -1.3095335960388184,
        -0.030554357916116714,
        0.9995282888412476,
        -0.003091372549533844,
        -0.14182861149311066,
        0.10089211165904999,
        0.006161138415336609,
        0.994878351688385,
        0.005005758721381426
    ],
    [
        0.9934360384941101,
        0.032449569553136826,
        -0.10968995839357376,
        -1.3312474489212036,
        -0.032931841909885406,
        0.9994542598724365,
        -0.0025876120198518038,
        -0.14383536577224731,
        0.10954613983631134,
        0.006182920187711716,
        0.9939624667167664,
        0.012362486682832241
    ],
    [
        0.9924702644348145,
        0.03568938747048378,
        -0.11717142164707184,
        -1.3484349250793457,
        -0.03620234504342079,
        0.9993419051170349,
        -0.002251763828098774,
        -0.1464504897594452,
        0.11701394617557526,
        0.006476687267422676,
        0.9931091070175171,
        0.022520234808325768
    ]
]