[
    [
        0.9993942379951477,
        0.0019230727339163423,
        -0.034747567027807236,
        0.05052861571311951,
        -0.001777977216988802,
        0.9999896287918091,
        0.004206125158816576,
        -0.025563661009073257,
        0.034755297005176544,
        -0.004141798242926598,
        0.999387264251709,
        0.6366223692893982
    ],
    [
        0.9990248680114746,
        0.006400270853191614,
        -0.04368528351187706,
        0.055258654057979584,
        -0.006247175391763449,
        0.9999738931655884,
        0.0036401154939085245,
        -0.032484523952007294,
        0.043707434087991714,
        -0.0033636565785855055,
        0.9990386962890625,
        0.9843109250068665
    ],
    [
        0.9986637234687805,
        0.008969408459961414,
        -0.05089455097913742,
        0.06490547955036163,
        -0.008843526244163513,
        0.9999572038650513,
        0.0026980522088706493,
        -0.050671789795160294,
        0.050916578620672226,
        -0.0022443593479692936,
        0.9987003803253174,
        1.3540990352630615
    ],
    [
        0.9986786842346191,
        0.011153643019497395,
        -0.05016646906733513,
        0.03786090761423111,
        -0.011203130707144737,
        0.9999369978904724,
        -0.0007053948938846588,
        -0.06155344098806381,
        0.05015543848276138,
        0.0012664843816310167,
        0.9987406134605408,
        1.699438214302063
    ],
    [
        0.9990689754486084,
        0.00975070334970951,
        -0.04202601686120033,
        5.4604483011644334e-05,
        -0.010062187910079956,
        0.9999234676361084,
        -0.00720654521137476,
        -0.08215479552745819,
        0.04195253178477287,
        0.007622711360454559,
        0.9990903735160828,
        2.0418126583099365
    ],
    [
        0.9995346069335938,
        0.004788095131516457,
        -0.030125178396701813,
        -0.026628755033016205,
        -0.005088816396892071,
        0.9999380111694336,
        -0.009913654066622257,
        -0.0816657766699791,
        0.030075840651988983,
        0.010062340646982193,
        0.9994969964027405,
        2.3666110038757324
    ],
    [
        0.9999064803123474,
        -0.0005611276137642562,
        -0.013671658001840115,
        -0.0733225867152214,
        0.0004272203950677067,
        0.9999518990516663,
        -0.009795418940484524,
        -0.08907599747180939,
        0.013676496222615242,
        0.009788659401237965,
        0.9998584985733032,
        2.708806276321411
    ],
    [
        0.9999269843101501,
        -0.007422073744237423,
        0.009538903832435608,
        -0.12980930507183075,
        0.007537174504250288,
        0.9998985528945923,
        -0.012087763287127018,
        -0.0956462100148201,
        -0.009448220953345299,
        0.012158776633441448,
        0.9998814463615417,
        3.0369458198547363
    ],
    [
        0.9994558095932007,
        -0.01666238345205784,
        0.028469674289226532,
        -0.14424054324626923,
        0.017175529152154922,
        0.9996926784515381,
        -0.01787583902478218,
        -0.10724017024040222,
        -0.028163067996501923,
        0.01835509017109871,
        0.9994348287582397,
        3.316687822341919
    ],
    [
        0.9980743527412415,
        -0.024248121306300163,
        0.05709470808506012,
        -0.1352110505104065,
        0.025428596884012222,
        0.9994757771492004,
        -0.020040731877088547,
        -0.11644157767295837,
        -0.05657882243394852,
        0.021453972905874252,
        0.9981676936149597,
        3.6146700382232666
    ],
    [
        0.9950659871101379,
        -0.028330912813544273,
        0.09508371353149414,
        -0.12888610363006592,
        0.030455369502305984,
        0.9993162155151367,
        -0.020966457203030586,
        -0.12288966029882431,
        -0.09442470222711563,
        0.023758821189403534,
        0.995248556137085,
        3.869070053100586
    ],
    [
        0.9886400699615479,
        -0.03006526082754135,
        0.14726439118385315,
        -0.1266292780637741,
        0.033340729773044586,
        0.9992474317550659,
        -0.019823847338557243,
        -0.1263725608587265,
        -0.14655755460262299,
        0.024508552625775337,
        0.9888984560966492,
        4.141468048095703
    ],
    [
        0.9780341386795044,
        -0.030957739800214767,
        0.20613345503807068,
        -0.08848560601472855,
        0.03506004437804222,
        0.9992526173591614,
        -0.016277458518743515,
        -0.11547405272722244,
        -0.2054750621318817,
        0.023146947845816612,
        0.9783885478973389,
        4.423245429992676
    ],
    [
        0.9636878967285156,
        -0.031572483479976654,
        0.26515769958496094,
        -0.014349943026900291,
        0.03556111827492714,
        0.9993148446083069,
        -0.01025417260825634,
        -0.11619455367326736,
        -0.2646524906158447,
        0.019311128184199333,
        0.9641504883766174,
        4.682742118835449
    ],
    [
        0.9434887170791626,
        -0.03108287788927555,
        0.32994383573532104,
        0.10719745606184006,
        0.03431178629398346,
        0.9994032979011536,
        -0.003965694457292557,
        -0.12178502231836319,
        -0.3296234905719757,
        0.015062554739415646,
        0.9439922571182251,
        4.958151817321777
    ],
    [
        0.9213433861732483,
        -0.027881652116775513,
        0.3877484202384949,
        0.24735982716083527,
        0.03228455409407616,
        0.9994670748710632,
        -0.004844301845878363,
        -0.1313774436712265,
        -0.3874068856239319,
        0.016981545835733414,
        0.9217524528503418,
        5.200277805328369
    ],
    [
        0.8980625867843628,
        -0.0242781862616539,
        0.4391971826553345,
        0.44852882623672485,
        0.030871063470840454,
        0.999492347240448,
        -0.007874115370213985,
        -0.14510709047317505,
        -0.4387829899787903,
        0.02062992751598358,
        0.8983561992645264,
        5.471982955932617
    ],
    [
        0.8795254230499268,
        -0.018509650602936745,
        0.4754917323589325,
        0.6467920541763306,
        0.028594588860869408,
        0.9994933009147644,
        -0.013984251767396927,
        -0.15905308723449707,
        -0.47499197721481323,
        0.025895997881889343,
        0.8796089887619019,
        5.7045745849609375
    ],
    [
        0.860956609249115,
        -0.010730846785008907,
        0.5085650682449341,
        0.854719877243042,
        0.024815496057271957,
        0.9994731545448303,
        -0.020921356976032257,
        -0.168468177318573,
        -0.5080727338790894,
        0.030632678419351578,
        0.8607693314552307,
        5.961495399475098
    ],
    [
        0.8467507362365723,
        -0.007153811398893595,
        0.5319418907165527,
        1.0647027492523193,
        0.024715613573789597,
        0.9993588924407959,
        -0.025902720168232918,
        -0.18932107090950012,
        -0.5314154028892517,
        0.03508041426539421,
        0.8463846445083618,
        6.1794819831848145
    ],
    [
        0.8352217078208923,
        -0.006039232946932316,
        0.5498802065849304,
        1.275087833404541,
        0.02417292818427086,
        0.9993764162063599,
        -0.025740671902894974,
        -0.20944084227085114,
        -0.5493818521499634,
        0.034791383892297745,
        0.8348468542098999,
        6.365896224975586
    ],
    [
        0.8255614042282104,
        -0.00463350024074316,
        0.564293384552002,
        1.4753739833831787,
        0.021099772304296494,
        0.9995205402374268,
        -0.022661758586764336,
        -0.2266218215227127,
        -0.5639177560806274,
        0.03061513416469097,
        0.8252633213996887,
        6.563374042510986
    ],
    [
        0.820509135723114,
        -0.009641219861805439,
        0.5715520977973938,
        1.6514314413070679,
        0.02267897129058838,
        0.9996195435523987,
        -0.015695422887802124,
        -0.23407280445098877,
        -0.5711833834648132,
        0.025840451940894127,
        0.8204157948493958,
        6.764045715332031
    ],
    [
        0.8202207684516907,
        -0.02189381793141365,
        0.5716280937194824,
        1.84035325050354,
        0.032181475311517715,
        0.9994508624076843,
        -0.007896951399743557,
        -0.23681512475013733,
        -0.5711411833763123,
        0.024873079732060432,
        0.8204749226570129,
        6.94864559173584
    ],
    [
        0.823006272315979,
        -0.03240109607577324,
        0.5671075582504272,
        2.0333826541900635,
        0.039572760462760925,
        0.999216616153717,
        -0.00034017671714536846,
        -0.23929007351398468,
        -0.5666521787643433,
        0.022721968591213226,
        0.8236438035964966,
        7.1168084144592285
    ]
]