[
    [
        0.999889612197876,
        0.001048560836352408,
        -0.014821259304881096,
        -0.19819511473178864,
        -0.0011788650881499052,
        0.9999606609344482,
        -0.008785702288150787,
        0.007102713454514742,
        0.014811464585363865,
        0.008802204392850399,
        0.9998514652252197,
        -0.017480988055467606
    ],
    [
        0.999746561050415,
        0.001308408915065229,
        -0.022479375824332237,
        -0.20884408056735992,
        -0.0015136504080146551,
        0.9999573826789856,
        -0.009115613996982574,
        0.007370658218860626,
        0.022466488182544708,
        0.009147328324615955,
        0.9997057318687439,
        -0.017402159050107002
    ],
    [
        0.9994542598724365,
        0.0017611264484003186,
        -0.03298918530344963,
        -0.2225981056690216,
        -0.0020764486398547888,
        0.9999524354934692,
        -0.00952654518187046,
        0.008106539957225323,
        0.032970838248729706,
        0.0095898462459445,
        0.9994102716445923,
        -0.017016926780343056
    ],
    [
        0.9990866184234619,
        0.002150195185095072,
        -0.04267681762576103,
        -0.2337414026260376,
        -0.0025557554326951504,
        0.9999520778656006,
        -0.009450778365135193,
        0.008189171552658081,
        0.04265445098280907,
        0.009551218710839748,
        0.9990441203117371,
        -0.017016731202602386
    ],
    [
        0.9983964562416077,
        0.0024988509248942137,
        -0.05655334144830704,
        -0.24881669878959656,
        -0.0030670189298689365,
        0.9999456405639648,
        -0.009962020441889763,
        0.008999303914606571,
        0.05652537941932678,
        0.01011949684470892,
        0.9983499050140381,
        -0.017374271526932716
    ],
    [
        0.9977730512619019,
        0.0024246308021247387,
        -0.06665625423192978,
        -0.2606292963027954,
        -0.003072589635848999,
        0.9999490976333618,
        -0.00962009746581316,
        0.008324926719069481,
        0.06662952154874802,
        0.00980347953736782,
        0.9977295994758606,
        -0.01822628825902939
    ],
    [
        0.9967301487922668,
        0.002863759407773614,
        -0.0807509496808052,
        -0.27571094036102295,
        -0.003661634400486946,
        0.999945878982544,
        -0.009734329767525196,
        0.00878688134253025,
        0.08071869611740112,
        0.009998180903494358,
        0.9966867566108704,
        -0.018921827897429466
    ],
    [
        0.9957447052001953,
        0.0029465563129633665,
        -0.09210692346096039,
        -0.2877608835697174,
        -0.0038716858252882957,
        0.9999437928199768,
        -0.009867013432085514,
        0.009034303948283195,
        0.09207268804311752,
        0.010181635618209839,
        0.9957002401351929,
        -0.01990148238837719
    ],
    [
        0.9943049550056458,
        0.0029955117497593164,
        -0.10653030127286911,
        -0.3036288619041443,
        -0.004038561601191759,
        0.9999459981918335,
        -0.009576727636158466,
        0.008944377303123474,
        0.10649585723876953,
        0.009952417574822903,
        0.994263231754303,
        -0.02097662352025509
    ],
    [
        0.9929266571998596,
        0.0030621441546827555,
        -0.11868990212678909,
        -0.31463155150413513,
        -0.004230032209306955,
        0.9999450445175171,
        -0.009589157067239285,
        0.009102784097194672,
        0.1186540275812149,
        0.010023392736911774,
        0.9928850531578064,
        -0.021769680082798004
    ],
    [
        0.9908859729766846,
        0.003531730268150568,
        -0.13465739786624908,
        -0.33031678199768066,
        -0.004914076067507267,
        0.9999386668205261,
        -0.009934665635228157,
        0.009978766553103924,
        0.13461405038833618,
        0.010505836457014084,
        0.990842342376709,
        -0.022706782445311546
    ],
    [
        0.9892907738685608,
        0.0037327688187360764,
        -0.14590992033481598,
        -0.34179413318634033,
        -0.005224207416176796,
        0.999937891960144,
        -0.009839787147939205,
        0.009971274994313717,
        0.14586412906646729,
        0.010496675036847591,
        0.9892489910125732,
        -0.023212159052491188
    ],
    [
        0.9865664839744568,
        0.0042852782644331455,
        -0.16330395638942719,
        -0.3565700352191925,
        -0.005933580920100212,
        0.9999362826347351,
        -0.009607035666704178,
        0.010040191933512688,
        0.16325238347053528,
        0.01044695358723402,
        0.9865289926528931,
        -0.024177314713597298
    ],
    [
        0.9841782450675964,
        0.004740356467664242,
        -0.17711807787418365,
        -0.3682631552219391,
        -0.006494061555713415,
        0.9999354481697083,
        -0.00932295247912407,
        0.010095802135765553,
        0.17706246674060822,
        0.010325663723051548,
        0.9841453433036804,
        -0.02566341683268547
    ],
    [
        0.9809910655021667,
        0.004922227934002876,
        -0.19399037957191467,
        -0.3829105496406555,
        -0.006832359358668327,
        0.9999345541000366,
        -0.009178688749670982,
        0.010356927290558815,
        0.19393248856067657,
        0.010329624637961388,
        0.9809606075286865,
        -0.0271415114402771
    ],
    [
        0.9781436920166016,
        0.005170981865376234,
        -0.20786583423614502,
        -0.3940536081790924,
        -0.0072333659045398235,
        0.9999318718910217,
        -0.0091628422960639,
        0.010457402095198631,
        0.20780429244041443,
        0.01046614721417427,
        0.9781144857406616,
        -0.02834424003958702
    ],
    [
        0.9739838242530823,
        0.005675178021192551,
        -0.2265463024377823,
        -0.40989649295806885,
        -0.007955740205943584,
        0.9999264478683472,
        -0.00915487390011549,
        0.010470661334693432,
        0.22647768259048462,
        0.010719044134020805,
        0.973957359790802,
        -0.030403250828385353
    ],
    [
        0.970560610294342,
        0.00597255676984787,
        -0.24078314006328583,
        -0.42163655161857605,
        -0.008475841954350471,
        0.9999203085899353,
        -0.009362111799418926,
        0.010930721648037434,
        0.24070800840854645,
        0.011127336882054806,
        0.9705337882041931,
        -0.031766798347234726
    ],
    [
        0.9655563235282898,
        0.006284268107265234,
        -0.2601178288459778,
        -0.4366479516029358,
        -0.009095915593206882,
        0.9999125599861145,
        -0.009606809355318546,
        0.01171776745468378,
        0.2600347101688385,
        0.011641924269497395,
        0.9655291438102722,
        -0.03331327065825462
    ],
    [
        0.9613705277442932,
        0.006697351578623056,
        -0.275176078081131,
        -0.4485650658607483,
        -0.00976620428264141,
        0.999904453754425,
        -0.009783662855625153,
        0.012168356217443943,
        0.2750842273235321,
        0.012093150988221169,
        0.9613440036773682,
        -0.03447829186916351
    ],
    [
        0.9552482962608337,
        0.007137486711144447,
        -0.29571908712387085,
        -0.4641731381416321,
        -0.010609271004796028,
        0.9998922944068909,
        -0.010137219913303852,
        0.013003344647586346,
        0.2956148684024811,
        0.012820926494896412,
        0.9552211761474609,
        -0.036158472299575806
    ],
    [
        0.9508773684501648,
        0.007452118676155806,
        -0.30947810411453247,
        -0.47519248723983765,
        -0.01125909574329853,
        0.999881386756897,
        -0.010517016053199768,
        0.014046480879187584,
        0.3093629479408264,
        0.013484836556017399,
        0.950848400592804,
        -0.03754519671201706
    ],
    [
        0.9455599784851074,
        0.00767417810857296,
        -0.3253572881221771,
        -0.48956209421157837,
        -0.011729912832379341,
        0.999876081943512,
        -0.010505711659789085,
        0.0143313929438591,
        0.3252362906932831,
        0.013750193640589714,
        0.9455329179763794,
        -0.03936536982655525
    ],
    [
        0.9426270127296448,
        0.00791260227560997,
        -0.33375367522239685,
        -0.4998173117637634,
        -0.012078316882252693,
        0.9998729228973389,
        -0.010408131405711174,
        0.014391896314918995,
        0.33362889289855957,
        0.013842171058058739,
        0.9426029324531555,
        -0.041057489812374115
    ],
    [
        0.9398060441017151,
        0.007878044620156288,
        -0.3416174650192261,
        -0.5109330415725708,
        -0.012134173884987831,
        0.9998730421066284,
        -0.01032361201941967,
        0.014247952960431576,
        0.3414927124977112,
        0.01384743768721819,
        0.939782440662384,
        -0.043291397392749786
    ]
]