[
    [
        0.9999963641166687,
        0.0005675102001987398,
        0.0026473270263522863,
        0.10780826956033707,
        -0.0005730049451813102,
        0.9999977350234985,
        0.002075327793136239,
        -0.002209765836596489,
        -0.00264614331535995,
        -0.0020768374670296907,
        0.9999943971633911,
        0.007843328639864922
    ],
    [
        0.9999970197677612,
        0.000721533433534205,
        0.002331647090613842,
        0.1276308000087738,
        -0.0007271615322679281,
        0.9999967813491821,
        0.0024135876446962357,
        -0.0027209369000047445,
        -0.002329898299649358,
        -0.002415275201201439,
        0.9999943971633911,
        0.006497659720480442
    ],
    [
        0.9999975562095642,
        0.0011528306640684605,
        0.001900810981169343,
        0.15497885644435883,
        -0.0011582004372030497,
        0.9999953508377075,
        0.002826099516823888,
        -0.0031369272619485855,
        -0.0018975441344082355,
        -0.002828294411301613,
        0.999994158744812,
        0.005753186997026205
    ],
    [
        0.9999974370002747,
        0.001664269482716918,
        0.001493147574365139,
        0.18245546519756317,
        -0.0016693354118615389,
        0.999992847442627,
        0.003397718071937561,
        -0.003733004443347454,
        -0.001487481640651822,
        -0.0034002026077359915,
        0.9999932050704956,
        0.005662404932081699
    ],
    [
        0.9999971389770508,
        0.0020910752937197685,
        0.0012132616247981787,
        0.20428279042243958,
        -0.002095618983730674,
        0.9999907612800598,
        0.003756054677069187,
        -0.0040770769119262695,
        -0.0012053967220708728,
        -0.003758586710318923,
        0.9999922513961792,
        0.0055464282631874084
    ],
    [
        0.9999967813491821,
        0.0023946966975927353,
        0.0008311893907375634,
        0.23396246135234833,
        -0.0023982953280210495,
        0.9999876618385315,
        0.004356735851615667,
        -0.004585862159729004,
        -0.0008207467035390437,
        -0.0043587158434093,
        0.9999902248382568,
        0.005505538545548916
    ],
    [
        0.9999964237213135,
        0.002667780267074704,
        0.00035388596006669104,
        0.26481932401657104,
        -0.0026695840060710907,
        0.9999829530715942,
        0.005198670085519552,
        -0.005047254264354706,
        -0.00034001105814240873,
        -0.005199596285820007,
        0.9999864101409912,
        0.005885448772460222
    ],
    [
        0.9999960660934448,
        0.0028211758472025394,
        5.4622731113340706e-05,
        0.28849896788597107,
        -0.002821445232257247,
        0.9999790787696838,
        0.005825081840157509,
        -0.005639064125716686,
        -3.818828918156214e-05,
        -0.005825212225317955,
        0.9999830722808838,
        0.00560362171381712
    ],
    [
        0.9999951124191284,
        0.0030542011372745037,
        -0.0006266479613259435,
        0.3195302486419678,
        -0.00304987421259284,
        0.9999723434448242,
        0.006793381180614233,
        -0.00624149851500988,
        0.0006473789690062404,
        -0.006791436579078436,
        0.999976634979248,
        0.004789920058101416
    ],
    [
        0.9999935626983643,
        0.0033744992688298225,
        -0.0012775451177731156,
        0.3498830199241638,
        -0.003364691510796547,
        0.999965488910675,
        0.007602935656905174,
        -0.006729478482156992,
        0.0013031570706516504,
        -0.007598587777465582,
        0.9999703168869019,
        0.0036965932231396437
    ],
    [
        0.9999906420707703,
        0.003910696599632502,
        -0.0018293398898094893,
        0.3733190596103668,
        -0.003895695088431239,
        0.9999592900276184,
        0.008133471012115479,
        -0.00711475033313036,
        0.001861073193140328,
        -0.008126269094645977,
        0.9999653100967407,
        0.003174283541738987
    ],
    [
        0.9999869465827942,
        0.004358130507171154,
        -0.0026535990182310343,
        0.40701672434806824,
        -0.004334048833698034,
        0.9999499320983887,
        0.009014357812702656,
        -0.007828028872609138,
        0.0026927520520985126,
        -0.009002741426229477,
        0.9999558925628662,
        0.0020052504260092974
    ],
    [
        0.9999831318855286,
        0.004671737086027861,
        -0.003434850135818124,
        0.4425677955150604,
        -0.004637463018298149,
        0.9999401569366455,
        0.009919337928295135,
        -0.008411930873990059,
        0.003480984130874276,
        -0.009903241880238056,
        0.999944806098938,
        0.0014942639973014593
    ],
    [
        0.9999794960021973,
        0.005013026297092438,
        -0.003988166805356741,
        0.46925854682922363,
        -0.0049698264338076115,
        0.999929666519165,
        0.010769072920084,
        -0.009332998655736446,
        0.004041872452944517,
        -0.0107490299269557,
        0.9999340772628784,
        0.0013895296724513173
    ],
    [
        0.9999731183052063,
        0.00559493200853467,
        -0.004727556835860014,
        0.5053431391716003,
        -0.005539271514862776,
        0.9999161958694458,
        0.011705715209245682,
        -0.010127718560397625,
        0.004792653024196625,
        -0.011679213494062424,
        0.9999203681945801,
        0.0007747002528049052
    ],
    [
        0.9999663829803467,
        0.006110369693487883,
        -0.0054957023821771145,
        0.5405325293540955,
        -0.006040551699697971,
        0.9999020099639893,
        0.012632294557988644,
        -0.010780083015561104,
        0.00557235162705183,
        -0.012598670087754726,
        0.9999051094055176,
        0.0005894697969779372
    ],
    [
        0.9999617338180542,
        0.006447331514209509,
        -0.0059188189916312695,
        0.5648666024208069,
        -0.006366995628923178,
        0.9998886585235596,
        0.01349281519651413,
        -0.011351288296282291,
        0.006005153525620699,
        -0.013454613275825977,
        0.9998914003372192,
        0.0002690712863113731
    ],
    [
        0.999954342842102,
        0.006720300298184156,
        -0.006801300216466188,
        0.5955555438995361,
        -0.006621142849326134,
        0.9998729228973389,
        0.014498177915811539,
        -0.01201473455876112,
        0.0068978676572442055,
        -0.01445248257368803,
        0.9998717308044434,
        -0.0002227913646493107
    ],
    [
        0.9999461770057678,
        0.007037807255983353,
        -0.007619035430252552,
        0.6236955523490906,
        -0.006919628009200096,
        0.9998570680618286,
        0.015427734702825546,
        -0.012697544880211353,
        0.0077265240252017975,
        -0.01537418458610773,
        0.9998519420623779,
        -0.001718626357614994
    ],
    [
        0.9999412894248962,
        0.0071673160418868065,
        -0.008131093345582485,
        0.6440213322639465,
        -0.007033161353319883,
        0.9998406171798706,
        0.016409439966082573,
        -0.013514544814825058,
        0.00824740994721651,
        -0.01635129190981388,
        0.999832272529602,
        -0.002470996929332614
    ],
    [
        0.9999327063560486,
        0.007564549334347248,
        -0.00879089254885912,
        0.6693037152290344,
        -0.007413037586957216,
        0.9998255968093872,
        0.017141688615083694,
        -0.014076574705541134,
        0.00891902856528759,
        -0.017075369134545326,
        0.9998144507408142,
        -0.0033405546564608812
    ],
    [
        0.9999233484268188,
        0.007985476404428482,
        -0.00946875847876072,
        0.6949158906936646,
        -0.007813755422830582,
        0.9998067617416382,
        0.018035920336842537,
        -0.014667904935777187,
        0.00961095467209816,
        -0.017960550263524055,
        0.9997925162315369,
        -0.004225320648401976
    ],
    [
        0.9999170899391174,
        0.008258680813014507,
        -0.009889536537230015,
        0.7139467000961304,
        -0.008074521087110043,
        0.9997959136962891,
        0.018519112840294838,
        -0.014954137615859509,
        0.010040462017059326,
        -0.018437720835208893,
        0.9997796416282654,
        -0.0038398103788495064
    ],
    [
        0.9999093413352966,
        0.008567733690142632,
        -0.010389422066509724,
        0.7385923266410828,
        -0.00836497638374567,
        0.9997767210006714,
        0.019404655322432518,
        -0.015873350203037262,
        0.010553356260061264,
        -0.019315989688038826,
        0.999757707118988,
        -0.0038357011508196592
    ],
    [
        0.999900758266449,
        0.008779620751738548,
        -0.01102005410939455,
        0.7635179758071899,
        -0.008554788306355476,
        0.999757707118988,
        0.02028605341911316,
        -0.01657404936850071,
        0.011195486411452293,
        -0.020189765840768814,
        0.9997335076332092,
        -0.003920487128198147
    ]
]