[
    [
        0.9996543526649475,
        0.004351083189249039,
        0.025928908959031105,
        -0.009350234642624855,
        -0.004641825333237648,
        0.9999269843101501,
        0.011163434013724327,
        -0.13645347952842712,
        -0.025878436863422394,
        -0.011279931291937828,
        0.999601423740387,
        -0.10589201748371124
    ],
    [
        0.9996346831321716,
        0.004153889138251543,
        0.026706896722316742,
        -0.02198619209229946,
        -0.00446708407253027,
        0.9999217987060547,
        0.011678207665681839,
        -0.15492574870586395,
        -0.026656297966837883,
        -0.011793242767453194,
        0.9995750784873962,
        -0.08128916472196579
    ],
    [
        0.9996061325073242,
        0.00406773341819644,
        0.027768952772021294,
        -0.037429966032505035,
        -0.004399218130856752,
        0.9999197125434875,
        0.011886607855558395,
        -0.1725511997938156,
        -0.027718370780348778,
        -0.012004087679088116,
        0.9995437264442444,
        -0.056243255734443665
    ],
    [
        0.99962317943573,
        0.004483815748244524,
        0.027080494910478592,
        -0.05525277554988861,
        -0.004814724437892437,
        0.9999144077301025,
        0.012166601605713367,
        -0.18911689519882202,
        -0.027023624628782272,
        -0.012292400933802128,
        0.9995591044425964,
        -0.03033183142542839
    ],
    [
        0.9997014999389648,
        0.0051775709725916386,
        0.023874858394265175,
        -0.07423821836709976,
        -0.0054793027229607105,
        0.9999057650566101,
        0.012590003199875355,
        -0.20596908032894135,
        -0.023807421326637268,
        -0.012717064470052719,
        0.9996356964111328,
        -0.00273315841332078
    ],
    [
        0.9997768998146057,
        0.005761224310845137,
        0.020321562886238098,
        -0.09448952227830887,
        -0.006027743220329285,
        0.9998963475227356,
        0.013078377582132816,
        -0.2221929430961609,
        -0.020244108512997627,
        -0.013197951018810272,
        0.9997078776359558,
        0.024768806993961334
    ],
    [
        0.999862551689148,
        0.0064695547334849834,
        0.015263479202985764,
        -0.11931848526000977,
        -0.006680522114038467,
        0.9998823404312134,
        0.013811484910547733,
        -0.23908346891403198,
        -0.015172329731285572,
        -0.013911554589867592,
        0.999788224697113,
        0.06178959459066391
    ],
    [
        0.9999176263809204,
        0.00672772666439414,
        0.010931145399808884,
        -0.14129337668418884,
        -0.006884570233523846,
        0.9998729825019836,
        0.014374694786965847,
        -0.25274503231048584,
        -0.01083304826170206,
        -0.014448766596615314,
        0.9998369216918945,
        0.09833463281393051
    ],
    [
        0.9999564290046692,
        0.006754755042493343,
        0.006436754483729601,
        -0.16488677263259888,
        -0.0068483962677419186,
        0.9998694658279419,
        0.014638622291386127,
        -0.2660593092441559,
        -0.006337032187730074,
        -0.014682067558169365,
        0.999872088432312,
        0.14033286273479462
    ],
    [
        0.9999741911888123,
        0.006768766790628433,
        0.0024166072253137827,
        -0.1873697191476822,
        -0.006804268341511488,
        0.9998643398284912,
        0.014998032711446285,
        -0.27690255641937256,
        -0.002314761048182845,
        -0.015014088712632656,
        0.9998846054077148,
        0.18954472243785858
    ],
    [
        0.9999731779098511,
        0.0071916962042450905,
        -0.0014535646187141538,
        -0.20226305723190308,
        -0.00716900872066617,
        0.9998610615730286,
        0.015053261071443558,
        -0.28658464550971985,
        0.0015616205055266619,
        -0.015042435377836227,
        0.9998856782913208,
        0.24758853018283844
    ],
    [
        0.9999569654464722,
        0.0076051740907132626,
        -0.0052954708226025105,
        -0.21030636131763458,
        -0.007523523177951574,
        0.999855101108551,
        0.015271949581801891,
        -0.2957349419593811,
        0.005410849116742611,
        -0.015231453813612461,
        0.9998693466186523,
        0.311550498008728
    ],
    [
        0.9999248385429382,
        0.007650008425116539,
        -0.009592326357960701,
        -0.21451686322689056,
        -0.007502563763409853,
        0.9998546838760376,
        0.015313949435949326,
        -0.30757391452789307,
        0.009708085097372532,
        -0.01524083036929369,
        0.9998366832733154,
        0.39304715394973755
    ],
    [
        0.9998827576637268,
        0.007609926629811525,
        -0.013283834792673588,
        -0.21254336833953857,
        -0.0074038151651620865,
        0.9998525381088257,
        0.015496771782636642,
        -0.3199281394481659,
        0.013399804010987282,
        -0.01539660431444645,
        0.99979168176651,
        0.46659183502197266
    ],
    [
        0.9998344779014587,
        0.00755277369171381,
        -0.016557564958930016,
        -0.20633628964424133,
        -0.007295549381524324,
        0.9998525977134705,
        0.01554096769541502,
        -0.333831250667572,
        0.01667250320315361,
        -0.015417597256600857,
        0.9997420907020569,
        0.5459389090538025
    ],
    [
        0.9997774362564087,
        0.007450850214809179,
        -0.019740281626582146,
        -0.1975397765636444,
        -0.007144003640860319,
        0.9998533725738525,
        0.015569309704005718,
        -0.347391277551651,
        0.019853388890624046,
        -0.015424818731844425,
        0.9996838569641113,
        0.6298137903213501
    ],
    [
        0.9997238516807556,
        0.00738629512488842,
        -0.022308532148599625,
        -0.18894246220588684,
        -0.007037879899144173,
        0.9998526573181152,
        0.015656402334570885,
        -0.3606938421726227,
        0.022420885041356087,
        -0.015495073050260544,
        0.9996285438537598,
        0.7177388072013855
    ],
    [
        0.9996889233589172,
        0.007330306805670261,
        -0.023841330781579018,
        -0.18012294173240662,
        -0.006954228971153498,
        0.9998506903648376,
        0.015819041058421135,
        -0.3738315999507904,
        0.023953726515173912,
        -0.015648318454623222,
        0.9995905756950378,
        0.8095445036888123
    ],
    [
        0.9996392130851746,
        0.0071837822906672955,
        -0.025881826877593994,
        -0.1721145659685135,
        -0.0067673674784600735,
        0.9998468160629272,
        0.01614091359078884,
        -0.38976800441741943,
        0.025993816554546356,
        -0.01595993898808956,
        0.9995347261428833,
        0.9253191947937012
    ],
    [
        0.9996188282966614,
        0.007161103188991547,
        -0.026661226525902748,
        -0.16918161511421204,
        -0.006730047985911369,
        0.9998458027839661,
        0.016222631558775902,
        -0.4042021632194519,
        0.026773281395435333,
        -0.016037024557590485,
        0.9995129108428955,
        1.0247282981872559
    ],
    [
        0.9995916485786438,
        0.007111315615475178,
        -0.027676884084939957,
        -0.16766409575939178,
        -0.00666827941313386,
        0.9998487234115601,
        0.01606696844100952,
        -0.41932445764541626,
        0.027786949649453163,
        -0.015875857323408127,
        0.9994878172874451,
        1.1278916597366333
    ],
    [
        0.9995586276054382,
        0.007178869564086199,
        -0.02882862091064453,
        -0.16753162443637848,
        -0.006714213639497757,
        0.9998465180397034,
        0.01618245616555214,
        -0.43463268876075745,
        0.02894037403166294,
        -0.01598174311220646,
        0.9994533061981201,
        1.2338942289352417
    ],
    [
        0.9995314478874207,
        0.007317814044654369,
        -0.029720889404416084,
        -0.1703542321920395,
        -0.006831387989223003,
        0.9998416900634766,
        0.016435174271464348,
        -0.4507066607475281,
        0.02983645536005497,
        -0.01622442714869976,
        0.999423086643219,
        1.3427538871765137
    ],
    [
        0.9994787573814392,
        0.007312561850994825,
        -0.031444158405065536,
        -0.17406846582889557,
        -0.0068062166683375835,
        0.9998459815979004,
        0.016179991886019707,
        -0.46514374017715454,
        0.031557634472846985,
        -0.0159575417637825,
        0.999374508857727,
        1.4550702571868896
    ],
    [
        0.9994530081748962,
        0.007646013051271439,
        -0.03217477351427078,
        -0.17946478724479675,
        -0.007132968865334988,
        0.9998461008071899,
        0.016030216589570045,
        -0.48250558972358704,
        0.032292384654283524,
        -0.01579194888472557,
        0.9993537068367004,
        1.5964524745941162
    ]
]