[
    [
        -0.168420672416687,
        -0.20911787450313568,
        0.9632778763771057,
        -0.49923568964004517,
        0.09345930814743042,
        0.9694473147392273,
        0.22679775953292847,
        0.6366803050041199,
        -0.9812746644020081,
        0.1282247006893158,
        -0.14373096823692322,
        0.4658462107181549
    ],
    [
        -0.17731422185897827,
        -0.20988106727600098,
        0.9615142345428467,
        -0.45911139249801636,
        0.09358330816030502,
        0.9689726233482361,
        0.22876693308353424,
        0.6438220143318176,
        -0.9796947836875916,
        0.13054530322551727,
        -0.15217125415802002,
        0.4527919292449951
    ],
    [
        -0.18728764355182648,
        -0.2107524424791336,
        0.9594303965568542,
        -0.38844043016433716,
        0.09372153133153915,
        0.9684237837791443,
        0.23102305829524994,
        0.647821843624115,
        -0.9778238534927368,
        0.13318705558776855,
        -0.16162176430225372,
        0.42193588614463806
    ],
    [
        -0.19659219682216644,
        -0.20116126537322998,
        0.9596278667449951,
        -0.2983386516571045,
        0.09395741671323776,
        0.97035813331604,
        0.22265899181365967,
        0.6445088386535645,
        -0.9759731292724609,
        0.13393716514110565,
        -0.17186427116394043,
        0.36819323897361755
    ],
    [
        -0.20756784081459045,
        -0.18709631264209747,
        0.9601616859436035,
        -0.20737062394618988,
        0.09478460252285004,
        0.9730737805366516,
        0.21010291576385498,
        0.6433581113815308,
        -0.973617672920227,
        0.13461914658546448,
        -0.1842450052499771,
        0.2919004559516907
    ],
    [
        -0.22046086192131042,
        -0.17171378433704376,
        0.9601621031761169,
        -0.11150876432657242,
        0.09530369192361832,
        0.9758797883987427,
        0.19640719890594482,
        0.6451412439346313,
        -0.9707287549972534,
        0.13480709493160248,
        -0.19877834618091583,
        0.19945742189884186
    ],
    [
        -0.23156240582466125,
        -0.15936291217803955,
        0.9596782326698303,
        -0.02902880683541298,
        0.09498939663171768,
        0.9780731797218323,
        0.18533769249916077,
        0.6529296636581421,
        -0.9681714177131653,
        0.13407649099826813,
        -0.21134716272354126,
        0.11815822869539261
    ],
    [
        -0.24536378681659698,
        -0.1496863216161728,
        0.9578050374984741,
        0.06981024146080017,
        0.09504498541355133,
        0.9795331358909607,
        0.1774299442768097,
        0.6640554666519165,
        -0.9647606015205383,
        0.1345694661140442,
        -0.22611498832702637,
        0.028151949867606163
    ],
    [
        -0.2675836980342865,
        -0.14179201424121857,
        0.9530444741249084,
        0.18882429599761963,
        0.09422857314348221,
        0.9805209040641785,
        0.1723361760377884,
        0.6666107773780823,
        -0.9589160084724426,
        0.13591837882995605,
        -0.24901054799556732,
        -0.07553666085004807
    ],
    [
        -0.29846787452697754,
        -0.13236190378665924,
        0.9451969861984253,
        0.3050574064254761,
        0.09288731962442398,
        0.9816070795059204,
        0.16679194569587708,
        0.662091851234436,
        -0.9498889446258545,
        0.13757885992527008,
        -0.2806834280490875,
        -0.18043754994869232
    ],
    [
        -0.3476269543170929,
        -0.12139388173818588,
        0.9297413229942322,
        0.404582142829895,
        0.09083215147256851,
        0.9825599193572998,
        0.1622520536184311,
        0.6644666790962219,
        -0.9332229495048523,
        0.14085359871387482,
        -0.3305378258228302,
        -0.3016090393066406
    ],
    [
        -0.39013636112213135,
        -0.1153247281908989,
        0.9135064482688904,
        0.48825907707214355,
        0.0885331779718399,
        0.9828298091888428,
        0.1618867814540863,
        0.6813837885856628,
        -0.9164908528327942,
        0.1440335363149643,
        -0.373227596282959,
        -0.4276256859302521
    ],
    [
        -0.41837066411972046,
        -0.11129937320947647,
        0.9014313220977783,
        0.5774185657501221,
        0.08691344410181046,
        0.9830036759376526,
        0.16170920431613922,
        0.6880499124526978,
        -0.904108464717865,
        0.14600087702274323,
        -0.40158647298812866,
        -0.5867752432823181
    ],
    [
        -0.43876659870147705,
        -0.10768358409404755,
        0.8921256065368652,
        0.6567187309265137,
        0.08602548390626907,
        0.9832004308700562,
        0.16098588705062866,
        0.6860070824623108,
        -0.8944739103317261,
        0.1473807841539383,
        -0.4221320152282715,
        -0.7497177720069885
    ],
    [
        -0.45638182759284973,
        -0.10413099080324173,
        0.8836697340011597,
        0.7323004603385925,
        0.08535490185022354,
        0.9834249019622803,
        0.15996861457824707,
        0.6790886521339417,
        -0.8856805562973022,
        0.14843231439590454,
        -0.43992921710014343,
        -0.9012159705162048
    ],
    [
        -0.47637590765953064,
        -0.10250291228294373,
        0.8732462525367737,
        0.8385160565376282,
        0.08354274183511734,
        0.9834108352661133,
        0.16100864112377167,
        0.6874051094055176,
        -0.8752637505531311,
        0.14965403079986572,
        -0.4599098861217499,
        -1.063673973083496
    ],
    [
        -0.48831820487976074,
        -0.10186297446489334,
        0.8667002320289612,
        0.9523926973342896,
        0.08172481507062912,
        0.9834614992141724,
        0.16163146495819092,
        0.6908877491950989,
        -0.8688304424285889,
        0.14975851774215698,
        -0.47191736102104187,
        -1.2070516347885132
    ],
    [
        -0.49535056948661804,
        -0.10091714560985565,
        0.8628115057945251,
        1.064748764038086,
        0.08044228702783585,
        0.9836327433586121,
        0.1612316519021988,
        0.6925358772277832,
        -0.8649606704711914,
        0.14927271008491516,
        -0.4791249632835388,
        -1.3304845094680786
    ],
    [
        -0.5041226148605347,
        -0.10011598467826843,
        0.8578095436096191,
        1.1705294847488403,
        0.07876729220151901,
        0.9837883114814758,
        0.1611095368862152,
        0.7139204740524292,
        -0.8600325584411621,
        0.14878630638122559,
        -0.48806411027908325,
        -1.435773491859436
    ],
    [
        -0.5099265575408936,
        -0.09987208992242813,
        0.854400634765625,
        1.2882055044174194,
        0.0778394415974617,
        0.9838055968284607,
        0.16145484149456024,
        0.756738007068634,
        -0.856688916683197,
        0.1488361805677414,
        -0.4938946068286896,
        -1.547087550163269
    ],
    [
        -0.5100184679031372,
        -0.09969428926706314,
        0.8543666005134583,
        1.4362274408340454,
        0.07747373729944229,
        0.9838995933532715,
        0.16105757653713226,
        0.8089026212692261,
        -0.8566673398017883,
        0.1483333259820938,
        -0.4940832555294037,
        -1.6759133338928223
    ],
    [
        -0.5106151103973389,
        -0.09947499632835388,
        0.8540356159210205,
        1.5525016784667969,
        0.07703415304422379,
        0.9839974045753479,
        0.16067002713680267,
        0.8441164493560791,
        -0.8563514947891235,
        0.14783048629760742,
        -0.4947809875011444,
        -1.7790447473526
    ],
    [
        -0.5104993581771851,
        -0.09834187477827072,
        0.8542361259460449,
        1.6584463119506836,
        0.07672659307718277,
        0.9842662215232849,
        0.15916380286216736,
        0.8653205037117004,
        -0.8564481735229492,
        0.14679564535617828,
        -0.49492183327674866,
        -1.8832616806030273
    ],
    [
        -0.5109251141548157,
        -0.09787438809871674,
        0.8540351986885071,
        1.76005220413208,
        0.07619234174489975,
        0.9844309687614441,
        0.15839995443820953,
        0.8944944143295288,
        -0.8562420010566711,
        0.1460014134645462,
        -0.4955134689807892,
        -1.9879649877548218
    ],
    [
        -0.5106974244117737,
        -0.0961383581161499,
        0.8543685078620911,
        1.8794478178024292,
        0.07622916996479034,
        0.9847517013549805,
        0.15637561678886414,
        0.912074625492096,
        -0.8563745021820068,
        0.14498838782310486,
        -0.4955814778804779,
        -2.1029441356658936
    ]
]