[
    [
        0.9999039173126221,
        0.008232634514570236,
        -0.01115068793296814,
        -0.2043803632259369,
        -0.008348752744495869,
        0.9999110102653503,
        -0.01040728110820055,
        -0.1724407970905304,
        0.0110640162602067,
        0.010499374940991402,
        0.9998836517333984,
        0.25382134318351746
    ],
    [
        0.9998698830604553,
        0.015435508452355862,
        -0.0046966224908828735,
        -0.3403899371623993,
        -0.015546099282801151,
        0.9995789527893066,
        -0.02449932135641575,
        -0.3377698063850403,
        0.004316485486924648,
        0.02456914633512497,
        0.9996888637542725,
        0.386671781539917
    ],
    [
        0.9995508193969727,
        0.029955867677927017,
        0.0009365259320475161,
        -0.5248017311096191,
        -0.02989594265818596,
        0.9987799525260925,
        -0.03930393606424332,
        -0.43675798177719116,
        -0.0021127669606357813,
        0.039258282631635666,
        0.9992268085479736,
        0.49853432178497314
    ],
    [
        0.9991845488548279,
        0.04037514328956604,
        -0.00011355717288097367,
        -0.685620129108429,
        -0.04033152759075165,
        0.9979664087295532,
        -0.049359679222106934,
        -0.5839405655860901,
        -0.0018795779906213284,
        0.04932400956749916,
        0.9987810254096985,
        0.5536050200462341
    ],
    [
        0.9988394975662231,
        0.04433964565396309,
        0.018803775310516357,
        -0.8408920168876648,
        -0.043288737535476685,
        0.9976543188095093,
        -0.05302821472287178,
        -0.690435528755188,
        -0.021110916510224342,
        0.052152685821056366,
        0.9984159469604492,
        0.6447580456733704
    ],
    [
        0.9986562728881836,
        0.04639039933681488,
        0.023097747936844826,
        -0.9948784112930298,
        -0.04525338485836983,
        0.9978442788124084,
        -0.0475289560854435,
        -0.8391588926315308,
        -0.025252841413021088,
        0.046419840306043625,
        0.9986028075218201,
        0.7494245171546936
    ],
    [
        0.9985374808311462,
        0.05012044683098793,
        0.0202727559953928,
        -1.2084251642227173,
        -0.04930830001831055,
        0.998031735420227,
        -0.03874780982732773,
        -0.9543184638023376,
        -0.022174952551722527,
        0.03769152611494064,
        0.9990432858467102,
        0.8746650815010071
    ],
    [
        0.9976358413696289,
        0.05054039508104324,
        0.04656461626291275,
        -1.4723092317581177,
        -0.0492238849401474,
        0.9983667135238647,
        -0.02900051698088646,
        -1.0730243921279907,
        -0.047954171895980835,
        0.026639871299266815,
        0.9984942674636841,
        1.0114144086837769
    ],
    [
        0.9939578771591187,
        0.03975848853588104,
        0.10230793803930283,
        -1.6748709678649902,
        -0.03844267502427101,
        0.9991511702537537,
        -0.014802242629230022,
        -1.171555995941162,
        -0.10280964523553848,
        0.010779810138046741,
        0.9946427345275879,
        1.1528706550598145
    ],
    [
        0.9902892708778381,
        0.026714272797107697,
        0.13643212616443634,
        -1.9181663990020752,
        -0.028264647349715233,
        0.9995559453964233,
        0.009439741261303425,
        -1.2402019500732422,
        -0.13611942529678345,
        -0.013204292394220829,
        0.9906044602394104,
        1.4191356897354126
    ],
    [
        0.9859287738800049,
        0.005572364199906588,
        0.16707247495651245,
        -2.1162123680114746,
        -0.009917495772242546,
        0.9996336698532104,
        0.025183983147144318,
        -1.3208497762680054,
        -0.16687090694904327,
        -0.02648654766380787,
        0.9856228828430176,
        1.6360481977462769
    ],
    [
        0.980946958065033,
        -0.016305629163980484,
        0.19359058141708374,
        -2.3525145053863525,
        0.008791062980890274,
        0.9991763830184937,
        0.039612602442502975,
        -1.3936963081359863,
        -0.19407711923122406,
        -0.037155989557504654,
        0.9802824258804321,
        1.8754010200500488
    ],
    [
        0.9706013798713684,
        -0.04362428933382034,
        0.23670639097690582,
        -2.530677556991577,
        0.032674938440322876,
        0.9982152581214905,
        0.04998647794127464,
        -1.4815272092819214,
        -0.23846450448036194,
        -0.04078257083892822,
        0.9702944755554199,
        2.0982158184051514
    ],
    [
        0.9610456824302673,
        -0.06677339226007462,
        0.2682022452354431,
        -2.6678965091705322,
        0.05270959064364433,
        0.9968472123146057,
        0.05930791050195694,
        -1.5209592580795288,
        -0.271316796541214,
        -0.042860787361860275,
        0.9615353941917419,
        2.373613119125366
    ],
    [
        0.9500153660774231,
        -0.0846886932849884,
        0.30049699544906616,
        -2.8208565711975098,
        0.07123114168643951,
        0.9959156513214111,
        0.0554816909134388,
        -1.5910917520523071,
        -0.3039681911468506,
        -0.03130372241139412,
        0.9521677494049072,
        2.6505560874938965
    ],
    [
        0.9361028075218201,
        -0.09105515480041504,
        0.33973589539527893,
        -3.0039665699005127,
        0.07899908721446991,
        0.9956607222557068,
        0.049181655049324036,
        -1.6247018575668335,
        -0.34273993968963623,
        -0.01920025795698166,
        0.9392341375350952,
        2.9269962310791016
    ],
    [
        0.9116395711898804,
        -0.09547750651836395,
        0.399746835231781,
        -3.1679298877716064,
        0.08591829240322113,
        0.9954244494438171,
        0.04181189090013504,
        -1.6903585195541382,
        -0.4019097685813904,
        -0.0037717658560723066,
        0.9156713485717773,
        3.1977856159210205
    ],
    [
        0.8834618330001831,
        -0.09573369473218918,
        0.4586177468299866,
        -3.2904622554779053,
        0.08488988131284714,
        0.995406985282898,
        0.044256966561079025,
        -1.7083964347839355,
        -0.4607483446598053,
        -0.00016737361147534102,
        0.8875309228897095,
        3.505513906478882
    ],
    [
        0.8635590672492981,
        -0.0908602774143219,
        0.4959941804409027,
        -3.392028570175171,
        0.07812999188899994,
        0.9958627223968506,
        0.04640084132552147,
        -1.77748703956604,
        -0.4981580972671509,
        -0.0013178224908187985,
        0.8670850992202759,
        3.8122684955596924
    ],
    [
        0.8484466671943665,
        -0.08077846467494965,
        0.5230803489685059,
        -3.5036611557006836,
        0.06431777030229568,
        0.9966963529586792,
        0.049593470990657806,
        -1.818684458732605,
        -0.5253584384918213,
        -0.00843402836471796,
        0.8508391976356506,
        4.145010471343994
    ],
    [
        0.8350070714950562,
        -0.07271505892276764,
        0.5454133152961731,
        -3.5702052116394043,
        0.051123619079589844,
        0.9971944689750671,
        0.05467863380908966,
        -1.8880735635757446,
        -0.5478590130805969,
        -0.01777355931699276,
        0.8363818526268005,
        4.434045791625977
    ],
    [
        0.831617534160614,
        -0.06782262772321701,
        0.5511918663978577,
        -3.5990183353424072,
        0.03927304595708847,
        0.9972119331359863,
        0.06345047801733017,
        -1.945992350578308,
        -0.5539583563804626,
        -0.031119514256715775,
        0.831962525844574,
        4.796304225921631
    ],
    [
        0.8403825163841248,
        -0.06179476156830788,
        0.5384593605995178,
        -3.6270062923431396,
        0.033556513488292694,
        0.9975054860115051,
        0.062103644013404846,
        -2.0154385566711426,
        -0.5409537553787231,
        -0.03412195295095444,
        0.8403597474098206,
        5.111815452575684
    ],
    [
        0.8476075530052185,
        -0.0558452270925045,
        0.5276767015457153,
        -3.6838951110839844,
        0.0311867818236351,
        0.9979702830314636,
        0.055522073060274124,
        -2.0641844272613525,
        -0.5297063589096069,
        -0.030604390427470207,
        0.8476288914680481,
        5.47562837600708
    ],
    [
        0.8489220142364502,
        -0.05451882630586624,
        0.5256985425949097,
        -3.7232816219329834,
        0.035485971719026566,
        0.9983004331588745,
        0.046226754784584045,
        -2.1454665660858154,
        -0.5273253321647644,
        -0.020587975159287453,
        0.8494139909744263,
        5.814955711364746
    ]
]