[
    [
        0.9251328110694885,
        0.05361306294798851,
        -0.3758389949798584,
        0.6243550777435303,
        -0.05548924207687378,
        0.9984421730041504,
        0.0058392626233398914,
        -0.30791059136390686,
        0.3755664527416229,
        0.015452916733920574,
        0.9266666173934937,
        1.3317902088165283
    ],
    [
        0.9130537509918213,
        0.05501142889261246,
        -0.40411216020584106,
        0.5343836545944214,
        -0.05721140280365944,
        0.9983400106430054,
        0.006639325059950352,
        -0.29946640133857727,
        0.4038064777851105,
        0.01705775037407875,
        0.9146853685379028,
        1.4377964735031128
    ],
    [
        0.9044402837753296,
        0.05688130483031273,
        -0.42279115319252014,
        0.433927983045578,
        -0.059141043573617935,
        0.9982192516326904,
        0.0077826762571930885,
        -0.29084810614585876,
        0.42248091101646423,
        0.017965354025363922,
        0.906193733215332,
        1.5404258966445923
    ],
    [
        0.9019201993942261,
        0.05838821828365326,
        -0.42793771624565125,
        0.3121086061000824,
        -0.06178387254476547,
        0.9980717301368713,
        0.005962353199720383,
        -0.29289740324020386,
        0.427460640668869,
        0.021062076091766357,
        0.9037885665893555,
        1.6327574253082275
    ],
    [
        0.9019092917442322,
        0.060524649918079376,
        -0.42766380310058594,
        0.17904868721961975,
        -0.06353653967380524,
        0.9979532361030579,
        0.007240649778395891,
        -0.31525900959968567,
        0.427226722240448,
        0.020641852170228958,
        0.903908908367157,
        1.7298392057418823
    ],
    [
        0.901799738407135,
        0.06040129065513611,
        -0.4279123544692993,
        0.08420665562152863,
        -0.06407038867473602,
        0.997928261756897,
        0.0058364844880998135,
        -0.3216927945613861,
        0.42737841606140137,
        0.022153174504637718,
        0.9038013219833374,
        1.8045636415481567
    ],
    [
        0.903077244758606,
        0.06056749075651169,
        -0.425185889005661,
        -0.018515972420573235,
        -0.06435437500476837,
        0.9979121088981628,
        0.00546598294749856,
        -0.3215237557888031,
        0.42462921142578125,
        0.022426368668675423,
        0.9050894975662231,
        1.8685330152511597
    ],
    [
        0.905785858631134,
        0.061532169580459595,
        -0.41924434900283813,
        -0.12249132245779037,
        -0.06485945731401443,
        0.9978742599487305,
        0.006327096372842789,
        -0.3408225476741791,
        0.4187425374984741,
        0.021460967138409615,
        0.9078513383865356,
        1.9386416673660278
    ],
    [
        0.9106282591819763,
        0.06043259799480438,
        -0.4087836742401123,
        -0.23362289369106293,
        -0.06419966369867325,
        0.9979268908500671,
        0.004514087922871113,
        -0.37310487031936646,
        0.40820902585983276,
        0.022133123129606247,
        0.9126201272010803,
        2.0313868522644043
    ],
    [
        0.9144358038902283,
        0.06062529981136322,
        -0.40016472339630127,
        -0.316188782453537,
        -0.06389058381319046,
        0.9979434013366699,
        0.005189833696931601,
        -0.39576542377471924,
        0.39965638518333435,
        0.0208209827542305,
        0.9164285063743591,
        2.1106293201446533
    ],
    [
        0.9178553223609924,
        0.05913063511252403,
        -0.3924858868122101,
        -0.3898617923259735,
        -0.06266972422599792,
        0.9980270266532898,
        0.0038020049687474966,
        -0.41126880049705505,
        0.39193636178970337,
        0.02110728807747364,
        0.9197500944137573,
        2.1923322677612305
    ],
    [
        0.9226081967353821,
        0.059068989008665085,
        -0.38118892908096313,
        -0.4686507284641266,
        -0.06253664940595627,
        0.9980372190475464,
        0.003295543137937784,
        -0.4213530421257019,
        0.38063541054725647,
        0.020797787234187126,
        0.9244912266731262,
        2.2892611026763916
    ],
    [
        0.9296324253082275,
        0.05922074615955353,
        -0.36369845271110535,
        -0.5781204700469971,
        -0.0622747465968132,
        0.9980534315109253,
        0.0033347599674016237,
        -0.43961018323898315,
        0.3631880283355713,
        0.01954912580549717,
        0.931510865688324,
        2.4112884998321533
    ],
    [
        0.9377188682556152,
        0.059366896748542786,
        -0.3422846496105194,
        -0.6685167551040649,
        -0.06245266646146774,
        0.9980459213256836,
        0.002009560354053974,
        -0.46441367268562317,
        0.3417351245880127,
        0.01949218474328518,
        0.9395942687988281,
        2.5046377182006836
    ],
    [
        0.9466258883476257,
        0.059193648397922516,
        -0.31685253977775574,
        -0.7426384687423706,
        -0.06205696985125542,
        0.99807208776474,
        0.0010566262062638998,
        -0.4854983985424042,
        0.31630420684814453,
        0.018662672489881516,
        0.9484742879867554,
        2.586069107055664
    ],
    [
        0.9546912312507629,
        0.05792798474431038,
        -0.2919059097766876,
        -0.8115687966346741,
        -0.060395050793886185,
        0.9981744885444641,
        0.000560472602955997,
        -0.5054313540458679,
        0.29140546917915344,
        0.017094595357775688,
        0.9564468860626221,
        2.670116662979126
    ],
    [
        0.9617750644683838,
        0.057099275290966034,
        -0.2678215205669403,
        -0.881777286529541,
        -0.058610931038856506,
        0.9982782006263733,
        0.002353898249566555,
        -0.5422763824462891,
        0.267494797706604,
        0.013433350250124931,
        0.9634655714035034,
        2.788341760635376
    ],
    [
        0.9648615717887878,
        0.05712136998772621,
        -0.2564747929573059,
        -0.9345272779464722,
        -0.05825796350836754,
        0.9982965588569641,
        0.0031706690788269043,
        -0.5774266123771667,
        0.2562189996242523,
        0.011882444843649864,
        0.9665457606315613,
        2.906848669052124
    ],
    [
        0.9662268757820129,
        0.056972965598106384,
        -0.2513161301612854,
        -0.9806244969367981,
        -0.057634662836790085,
        0.9983264803886414,
        0.00473293662071228,
        -0.5957867503166199,
        0.2511652410030365,
        0.0099114291369915,
        0.9678935408592224,
        3.013331890106201
    ],
    [
        0.9664162397384644,
        0.05687203258275986,
        -0.2506096661090851,
        -1.0220657587051392,
        -0.057783205062150955,
        0.9983221888542175,
        0.003726830007508397,
        -0.6037502288818359,
        0.2504011392593384,
        0.01087935920804739,
        0.9680810570716858,
        3.121040105819702
    ],
    [
        0.966961681842804,
        0.057241033762693405,
        -0.2484118640422821,
        -1.0667580366134644,
        -0.058054663240909576,
        0.9983052611351013,
        0.004055285360664129,
        -0.6112562417984009,
        0.2482229769229889,
        0.010500158183276653,
        0.9686459898948669,
        3.248192071914673
    ],
    [
        0.9672267436981201,
        0.05697989463806152,
        -0.24743828177452087,
        -1.110723853111267,
        -0.05764657258987427,
        0.9983266592025757,
        0.004555646330118179,
        -0.6184303164482117,
        0.24728378653526306,
        0.009857629425823689,
        0.9688930511474609,
        3.3650524616241455
    ],
    [
        0.9672244787216187,
        0.05677802860736847,
        -0.24749359488487244,
        -1.1538320779800415,
        -0.057717468589544296,
        0.9983269572257996,
        0.0034638592042028904,
        -0.624553918838501,
        0.2472762018442154,
        0.010934370569884777,
        0.9688834547996521,
        3.469966411590576
    ],
    [
        0.9669846296310425,
        0.05709226801991463,
        -0.2483569234609604,
        -1.1989257335662842,
        -0.05802739039063454,
        0.998308539390564,
        0.0035598461981862783,
        -0.618839681148529,
        0.2481401264667511,
        0.010969189926981926,
        0.9686620831489563,
        3.5472264289855957
    ],
    [
        0.9620482921600342,
        0.05641685053706169,
        -0.2669835388660431,
        -1.2534593343734741,
        -0.057596124708652496,
        0.9983340501785278,
        0.003418231848627329,
        -0.5934128761291504,
        0.2667316198348999,
        0.01208871603012085,
        0.9636950492858887,
        3.6175806522369385
    ]
]