[
    [
        0.999971330165863,
        0.0003696463827509433,
        -0.007558775600045919,
        -0.011941053904592991,
        2.8893925900774775e-06,
        0.9987876415252686,
        0.049225978553295135,
        0.13630330562591553,
        0.007567808032035828,
        -0.049224596470594406,
        0.9987590312957764,
        0.7637143135070801
    ],
    [
        0.999913215637207,
        0.0015862280270084739,
        -0.013080960139632225,
        -0.005397985223680735,
        -0.0005290931439958513,
        0.9967604279518127,
        0.08042546361684799,
        0.16621237993240356,
        0.013166157528758049,
        -0.08041156083345413,
        0.9966747760772705,
        0.8633257150650024
    ],
    [
        0.9997950196266174,
        0.00371301406994462,
        -0.019899718463420868,
        -0.0025040998589247465,
        -0.0013088214909657836,
        0.992834210395813,
        0.11949190497398376,
        0.20816315710544586,
        0.02020079828798771,
        -0.11944137513637543,
        0.9926357865333557,
        0.954828143119812
    ],
    [
        0.9996154308319092,
        0.0068018464371562,
        -0.02688000164926052,
        -0.008870377205312252,
        -0.0021500573493540287,
        0.9855400323867798,
        0.16942931711673737,
        0.26727956533432007,
        0.027643749490380287,
        -0.16930638253688812,
        0.9851757287979126,
        1.051498293876648
    ],
    [
        0.9994348883628845,
        0.010682647116482258,
        -0.03187314793467522,
        -0.02399248257279396,
        -0.0036881398409605026,
        0.9772843718528748,
        0.21190029382705688,
        0.320122092962265,
        0.033412788063287735,
        -0.21166297793388367,
        0.9767712950706482,
        1.1326650381088257
    ],
    [
        0.9991928935050964,
        0.01487506739795208,
        -0.03731292486190796,
        -0.04712388291954994,
        -0.0042812819592654705,
        0.9630523324012756,
        0.26928049325942993,
        0.3825739026069641,
        0.03993986174464226,
        -0.26890337467193604,
        0.9623386859893799,
        1.224411129951477
    ],
    [
        0.9989614486694336,
        0.01927153393626213,
        -0.041287027299404144,
        -0.06163160875439644,
        -0.005689913406968117,
        0.9518183469772339,
        0.30660951137542725,
        0.4369713068008423,
        0.04520658776164055,
        -0.3060561716556549,
        0.950939416885376,
        1.2880290746688843
    ],
    [
        0.9986691474914551,
        0.02417898178100586,
        -0.045554619282484055,
        -0.07825914025306702,
        -0.006682991050183773,
        0.9365143775939941,
        0.3505653440952301,
        0.4978964626789093,
        0.05113887041807175,
        -0.34979429841041565,
        0.9354298114776611,
        1.3409223556518555
    ],
    [
        0.9982785582542419,
        0.029642416164278984,
        -0.050608307123184204,
        -0.09578463435173035,
        -0.007107184734195471,
        0.9176607728004456,
        0.3973011374473572,
        0.5668357014656067,
        0.05821822211146355,
        -0.3962574601173401,
        0.9162917733192444,
        1.3930974006652832
    ],
    [
        0.9979187846183777,
        0.03519424423575401,
        -0.05403076112270355,
        -0.1034185066819191,
        -0.008240267634391785,
        0.9006500244140625,
        0.4344669580459595,
        0.6218000650405884,
        0.06395355612039566,
        -0.433117538690567,
        0.8990657329559326,
        1.4321562051773071
    ],
    [
        0.997472882270813,
        0.0412726067006588,
        -0.05783133953809738,
        -0.10909680277109146,
        -0.009077731519937515,
        0.8813323378562927,
        0.4724096953868866,
        0.6851116418838501,
        0.07046621292829514,
        -0.47069087624549866,
        0.8794797658920288,
        1.465162992477417
    ],
    [
        0.997049868106842,
        0.04652631655335426,
        -0.06104874983429909,
        -0.11305014044046402,
        -0.009592827409505844,
        0.8646453619003296,
        0.5022910833358765,
        0.7434872388839722,
        0.07615526765584946,
        -0.5002236366271973,
        0.8625408411026001,
        1.488424301147461
    ],
    [
        0.9965126514434814,
        0.05326693877577782,
        -0.06422597914934158,
        -0.11643625050783157,
        -0.010521559044718742,
        0.8437933325767517,
        0.5365650653839111,
        0.815752387046814,
        0.08277463167905807,
        -0.5340182185173035,
        0.841411292552948,
        1.5068721771240234
    ],
    [
        0.9960452318191528,
        0.05881970003247261,
        -0.06658948957920074,
        -0.12076279520988464,
        -0.011174221523106098,
        0.826460599899292,
        0.5628836154937744,
        0.8809494972229004,
        0.08814224600791931,
        -0.5599134564399719,
        0.8238494992256165,
        1.5257080793380737
    ],
    [
        0.995582103729248,
        0.06374514847993851,
        -0.06894043833017349,
        -0.12341294437646866,
        -0.011302372440695763,
        0.8102521300315857,
        0.5859725475311279,
        0.9396073818206787,
        0.09321203827857971,
        -0.5826045870780945,
        0.807392954826355,
        1.5364172458648682
    ],
    [
        0.9950524568557739,
        0.0698094367980957,
        -0.07069117575883865,
        -0.11860013008117676,
        -0.011821717023849487,
        0.7896702289581299,
        0.6134175062179565,
        1.0091290473937988,
        0.09864506125450134,
        -0.6095470190048218,
        0.7865886688232422,
        1.55147385597229
    ],
    [
        0.9946160912513733,
        0.07457170635461807,
        -0.07195782661437988,
        -0.11328994482755661,
        -0.012203647755086422,
        0.7738378643989563,
        0.633266270160675,
        1.0658807754516602,
        0.10290742665529251,
        -0.6289786100387573,
        0.7705814838409424,
        1.5587527751922607
    ],
    [
        0.9941850900650024,
        0.07955136150121689,
        -0.072577565908432,
        -0.10966973751783371,
        -0.012473494745790958,
        0.7545216083526611,
        0.6561566591262817,
        1.1261396408081055,
        0.1069594994187355,
        -0.651435911655426,
        0.7511265277862549,
        1.556963324546814
    ],
    [
        0.9939212203025818,
        0.08334888517856598,
        -0.07192814350128174,
        -0.10753044486045837,
        -0.013053985312581062,
        0.7379460334777832,
        0.6747335195541382,
        1.1714909076690674,
        0.10931737720966339,
        -0.6696929335594177,
        0.7345481514930725,
        1.5540318489074707
    ],
    [
        0.9936492443084717,
        0.08705853670835495,
        -0.07128861546516418,
        -0.10819732397794724,
        -0.013672249391674995,
        0.722270131111145,
        0.6914759278297424,
        1.2133588790893555,
        0.1116885244846344,
        -0.6861097812652588,
        0.7188733816146851,
        1.5483578443527222
    ],
    [
        0.9933332204818726,
        0.09129487723112106,
        -0.07038572430610657,
        -0.11097169667482376,
        -0.01400194875895977,
        0.701607882976532,
        0.7124257683753967,
        1.2573622465133667,
        0.11442399770021439,
        -0.7066906690597534,
        0.6982088088989258,
        1.5373551845550537
    ],
    [
        0.9931367635726929,
        0.09447688609361649,
        -0.06894564628601074,
        -0.11240622401237488,
        -0.014642744325101376,
        0.6852843761444092,
        0.7281284332275391,
        1.287992238998413,
        0.11603868752717972,
        -0.7221214771270752,
        0.6819644570350647,
        1.5298142433166504
    ],
    [
        0.9929074048995972,
        0.0980018824338913,
        -0.06731138378381729,
        -0.11179553717374802,
        -0.015302695333957672,
        0.666792631149292,
        0.7450861930847168,
        1.318230390548706,
        0.11790258437395096,
        -0.7387714385986328,
        0.6635629534721375,
        1.5220779180526733
    ],
    [
        0.992775559425354,
        0.10015098750591278,
        -0.06607930362224579,
        -0.11070574820041656,
        -0.015522531233727932,
        0.6532987952232361,
        0.7569410800933838,
        1.3388912677764893,
        0.11897794157266617,
        -0.7504467964172363,
        0.6501336693763733,
        1.5161856412887573
    ],
    [
        0.9926462173461914,
        0.10269099473953247,
        -0.06409478187561035,
        -0.11028248071670532,
        -0.016421861946582794,
        0.638823390007019,
        0.7691780924797058,
        1.3586668968200684,
        0.11993290483951569,
        -0.7624692320823669,
        0.635811984539032,
        1.509352445602417
    ]
]