[
    [
        0.966465175151825,
        0.07000124454498291,
        -0.2470727562904358,
        -1.9840975999832153,
        -0.0672273114323616,
        0.99754399061203,
        0.01965586468577385,
        -1.2462023496627808,
        0.24784190952777863,
        -0.0023867283016443253,
        0.9687975645065308,
        3.6045937538146973
    ],
    [
        0.9608498811721802,
        0.07447704672813416,
        -0.2668716311454773,
        -2.0006825923919678,
        -0.07143455743789673,
        0.9972220063209534,
        0.02110489457845688,
        -1.2405059337615967,
        0.2677021026611328,
        -0.0012146052904427052,
        0.9635009169578552,
        3.6006016731262207
    ],
    [
        0.9532798528671265,
        0.08041170239448547,
        -0.29118964076042175,
        -2.023613691329956,
        -0.07699462026357651,
        0.9967616200447083,
        0.023194072768092155,
        -1.234195351600647,
        0.29211169481277466,
        0.00030956955743022263,
        0.9563842415809631,
        3.5951735973358154
    ],
    [
        0.9446715712547302,
        0.0860355794429779,
        -0.3165337145328522,
        -2.050013542175293,
        -0.08243876695632935,
        0.9962884783744812,
        0.024763930588960648,
        -1.2265595197677612,
        0.31748947501182556,
        0.0027006976306438446,
        0.9482579231262207,
        3.5917398929595947
    ],
    [
        0.9358476400375366,
        0.0914354920387268,
        -0.3403363525867462,
        -2.080338716506958,
        -0.08779145777225494,
        0.9957963228225708,
        0.026126092299818993,
        -1.218079924583435,
        0.3412944972515106,
        0.005428563337773085,
        0.9399408102035522,
        3.587045907974243
    ],
    [
        0.926152765750885,
        0.0965186059474945,
        -0.36458921432495117,
        -2.1085779666900635,
        -0.09273018687963486,
        0.9952994585037231,
        0.027928898110985756,
        -1.2092211246490479,
        0.36557111144065857,
        0.007941938005387783,
        0.9307495951652527,
        3.5806870460510254
    ],
    [
        0.9165637493133545,
        0.10107608884572983,
        -0.38690367341041565,
        -2.137392044067383,
        -0.09727466851472855,
        0.9948217868804932,
        0.02944975532591343,
        -1.1998801231384277,
        0.38787686824798584,
        0.010643248446285725,
        0.921649694442749,
        3.574321746826172
    ],
    [
        0.9074949026107788,
        0.10553400218486786,
        -0.406590074300766,
        -2.166097640991211,
        -0.1014852225780487,
        0.9943358302116394,
        0.031576935201883316,
        -1.1901075839996338,
        0.40761956572532654,
        0.012606838718056679,
        0.9130648970603943,
        3.567690134048462
    ],
    [
        0.8986465930938721,
        0.10968409478664398,
        -0.42473945021629333,
        -2.1947126388549805,
        -0.10567814111709595,
        0.9938506484031677,
        0.03306109458208084,
        -1.1794471740722656,
        0.4257538318634033,
        0.01517552975565195,
        0.9047117829322815,
        3.5606026649475098
    ],
    [
        0.8922838568687439,
        0.11280480027198792,
        -0.4371551275253296,
        -2.2160282135009766,
        -0.10870056599378586,
        0.9934760928153992,
        0.03448924049735069,
        -1.1700280904769897,
        0.4381937086582184,
        0.016744889318943024,
        0.8987246751785278,
        3.555555582046509
    ],
    [
        0.8826009035110474,
        0.11672288924455643,
        -0.4554024338722229,
        -2.2444608211517334,
        -0.11264947056770325,
        0.9929757714271545,
        0.036184463649988174,
        -1.1543992757797241,
        0.4564272165298462,
        0.01936446502804756,
        0.8895500898361206,
        3.5494816303253174
    ],
    [
        0.8726486563682556,
        0.12058791518211365,
        -0.47322583198547363,
        -2.271791696548462,
        -0.11700931936502457,
        0.9924367666244507,
        0.03712362423539162,
        -1.1356197595596313,
        0.47412335872650146,
        0.022976001724600792,
        0.8801586031913757,
        3.544184923171997
    ],
    [
        0.860598087310791,
        0.12473361939191818,
        -0.49377381801605225,
        -2.2984836101531982,
        -0.12196199595928192,
        0.9918079972267151,
        0.037975843995809555,
        -1.1156306266784668,
        0.4944656491279602,
        0.027539610862731934,
        0.8687608242034912,
        3.5387322902679443
    ],
    [
        0.8458909392356873,
        0.12929947674274445,
        -0.5174458622932434,
        -2.3233203887939453,
        -0.12729495763778687,
        0.9910758137702942,
        0.039555758237838745,
        -1.0944708585739136,
        0.5179425477981567,
        0.03240843117237091,
        0.8548012375831604,
        3.532925844192505
    ],
    [
        0.8287525177001953,
        0.13401976227760315,
        -0.5433305501937866,
        -2.348637819290161,
        -0.13281364738941193,
        0.9902642369270325,
        0.04167869687080383,
        -1.0738047361373901,
        0.543626606464386,
        0.03762030601501465,
        0.8384836316108704,
        3.527495861053467
    ],
    [
        0.8097240328788757,
        0.13810785114765167,
        -0.5703273415565491,
        -2.3725318908691406,
        -0.13787415623664856,
        0.9894781112670898,
        0.04386007413268089,
        -1.0532536506652832,
        0.5703838467597961,
        0.04311874136328697,
        0.8202457427978516,
        3.5241646766662598
    ],
    [
        0.7906233668327332,
        0.14173918962478638,
        -0.5956715941429138,
        -2.3992209434509277,
        -0.1427766978740692,
        0.9886967539787292,
        0.04575428366661072,
        -1.0291234254837036,
        0.5954238176345825,
        0.04887363314628601,
        0.8019237518310547,
        3.5222795009613037
    ],
    [
        0.7756307721138,
        0.1439114362001419,
        -0.6145619750022888,
        -2.4154345989227295,
        -0.14658838510513306,
        0.9881097078323364,
        0.04637730494141579,
        -1.007207989692688,
        0.613929033279419,
        0.05411583557724953,
        0.7875040173530579,
        3.5210206508636475
    ],
    [
        0.7561653852462769,
        0.14707282185554504,
        -0.6376389265060425,
        -2.4361233711242676,
        -0.15191765129566193,
        0.9872485399246216,
        0.047554366290569305,
        -0.9743642807006836,
        0.6365020871162415,
        0.06090965121984482,
        0.7688661217689514,
        3.5183353424072266
    ],
    [
        0.7343634366989136,
        0.14889737963676453,
        -0.6622235178947449,
        -2.460852861404419,
        -0.157338485121727,
        0.9864107966423035,
        0.047311004251241684,
        -0.9397168159484863,
        0.6602688431739807,
        0.06944991648197174,
        0.7478113770484924,
        3.5138626098632812
    ],
    [
        0.7110504508018494,
        0.15090158581733704,
        -0.6867578625679016,
        -2.4843833446502686,
        -0.16288821399211884,
        0.9854816198348999,
        0.047890011221170425,
        -0.9043484330177307,
        0.6840137243270874,
        0.07781244814395905,
        0.7253069877624512,
        3.5082807540893555
    ],
    [
        0.687233567237854,
        0.15234950184822083,
        -0.7102810740470886,
        -2.5060317516326904,
        -0.1693807691335678,
        0.984416663646698,
        0.047264739871025085,
        -0.8657306432723999,
        0.7064135670661926,
        0.08782614022493362,
        0.7023293375968933,
        3.5040030479431152
    ],
    [
        0.6600627303123474,
        0.15314358472824097,
        -0.7354350090026855,
        -2.532435178756714,
        -0.17554834485054016,
        0.9833381772041321,
        0.04720883071422577,
        -0.8241288661956787,
        0.7304108142852783,
        0.09794359654188156,
        0.6759489178657532,
        3.500808000564575
    ],
    [
        0.6261156797409058,
        0.155130997300148,
        -0.7641423344612122,
        -2.5475168228149414,
        -0.1834796667098999,
        0.9818024635314941,
        0.048981085419654846,
        -0.7765622735023499,
        0.7578352689743042,
        0.10953684896230698,
        0.6431854963302612,
        3.491854190826416
    ],
    [
        0.5912863612174988,
        0.15458156168460846,
        -0.7915078401565552,
        -2.566767454147339,
        -0.19004228711128235,
        0.9805258512496948,
        0.04952806606888771,
        -0.7274783253669739,
        0.7837502360343933,
        0.1211346834897995,
        0.6091485023498535,
        3.4833946228027344
    ]
]