[
    [
        0.9942753911018372,
        -0.011117212474346161,
        0.10626773536205292,
        0.012650989927351475,
        0.011329833418130875,
        0.9999348521232605,
        -0.0013972941087558866,
        0.03353468328714371,
        -0.10624527931213379,
        0.0025932909920811653,
        0.9943365454673767,
        0.5550577044487
    ],
    [
        0.9890413880348206,
        -0.018315650522708893,
        0.146498441696167,
        0.07390379160642624,
        0.018661463633179665,
        0.9998253583908081,
        -0.0009863824816420674,
        0.004055481869727373,
        -0.1464548259973526,
        0.00370944757014513,
        0.9892103672027588,
        0.9141353964805603
    ],
    [
        0.9846172332763672,
        -0.022443760186433792,
        0.17327775061130524,
        0.14002619683742523,
        0.023075474426150322,
        0.9997324347496033,
        -0.0016317920526489615,
        -0.03953351452946663,
        -0.1731947660446167,
        0.0056051574647426605,
        0.9848716855049133,
        1.2336198091506958
    ],
    [
        0.9797106981277466,
        -0.026083173230290413,
        0.19871222972869873,
        0.18955355882644653,
        0.026813453063368797,
        0.9996399879455566,
        -0.0009845563909038901,
        -0.08876235038042068,
        -0.19861499965190887,
        0.006292739883065224,
        0.980057418346405,
        1.6108415126800537
    ],
    [
        0.9748387336730957,
        -0.028689781203866005,
        0.22105728089809418,
        0.2147558629512787,
        0.029530927538871765,
        0.9995637536048889,
        -0.0005004515405744314,
        -0.16390149295330048,
        -0.22094647586345673,
        0.0070158857852220535,
        0.9752607345581055,
        1.9258184432983398
    ],
    [
        0.96974116563797,
        -0.032872021198272705,
        0.24191196262836456,
        0.2799068093299866,
        0.03417879715561867,
        0.9994150996208191,
        -0.0012062069727107882,
        -0.18775618076324463,
        -0.24173080921173096,
        0.009437966160476208,
        0.9702975153923035,
        2.229708194732666
    ],
    [
        0.9649578332901001,
        -0.03580933436751366,
        0.2599501609802246,
        0.401774525642395,
        0.03708484768867493,
        0.999312162399292,
        -2.359140580665553e-06,
        -0.24637840688228607,
        -0.2597712576389313,
        0.00964248739182949,
        0.965622067451477,
        2.592097520828247
    ],
    [
        0.9610891342163086,
        -0.03862247243523598,
        0.2735249102115631,
        0.5003014206886292,
        0.04054408520460129,
        0.9991768598556519,
        -0.0013739402638748288,
        -0.2913658916950226,
        -0.273246705532074,
        0.012410295195877552,
        0.9618638753890991,
        2.8590314388275146
    ],
    [
        0.9564232230186462,
        -0.03943770006299019,
        0.2893083989620209,
        0.5928236842155457,
        0.04164629057049751,
        0.9991313815116882,
        -0.0014795090537518263,
        -0.3321972191333771,
        -0.28899869322776794,
        0.013463659211993217,
        0.9572347402572632,
        3.15305233001709
    ],
    [
        0.9497956037521362,
        -0.0415678434073925,
        0.31009742617607117,
        0.6621775031089783,
        0.04437035694718361,
        0.9990131258964539,
        -0.0019863229244947433,
        -0.41599830985069275,
        -0.309708833694458,
        0.015645727515220642,
        0.9507026076316833,
        3.460066318511963
    ],
    [
        0.9423772096633911,
        -0.044072363525629044,
        0.33163657784461975,
        0.7303106188774109,
        0.04741327837109566,
        0.9988734126091003,
        -0.0019855485297739506,
        -0.445720911026001,
        -0.33117544651031494,
        0.017595114186406136,
        0.943405032157898,
        3.6898725032806396
    ],
    [
        0.9367976188659668,
        -0.0476580485701561,
        0.34661054611206055,
        0.8445461988449097,
        0.05030326917767525,
        0.9987331032752991,
        0.001366606098599732,
        -0.4826851189136505,
        -0.34623652696609497,
        0.016155410557985306,
        0.9380081295967102,
        3.9496591091156006
    ],
    [
        0.9328832030296326,
        -0.048338379710912704,
        0.35692062973976135,
        0.9863244891166687,
        0.05160846188664436,
        0.9986673593521118,
        0.0003622329677455127,
        -0.5403836965560913,
        -0.3564624488353729,
        0.01808219961822033,
        0.9341346025466919,
        4.191721439361572
    ],
    [
        0.9319952130317688,
        -0.04842059314250946,
        0.3592219948768616,
        1.1004254817962646,
        0.05208197236061096,
        0.9986426830291748,
        -0.000515763065777719,
        -0.5689815878868103,
        -0.3587094247341156,
        0.019189678132534027,
        0.9332520365715027,
        4.3935089111328125
    ],
    [
        0.9311165809631348,
        -0.04847704619169235,
        0.3614855110645294,
        1.1953856945037842,
        0.05194021761417389,
        0.9986502528190613,
        0.0001361373724648729,
        -0.6240968108177185,
        -0.36100417375564575,
        0.018648874014616013,
        0.932377815246582,
        4.655396461486816
    ],
    [
        0.9298890829086304,
        -0.04852955415844917,
        0.36462458968162537,
        1.2719098329544067,
        0.05200033262372017,
        0.9986469745635986,
        0.0002999104035552591,
        -0.702258288860321,
        -0.36414581537246704,
        0.018681718036532402,
        0.9311544895172119,
        4.940024375915527
    ],
    [
        0.9285139441490173,
        -0.04865925759077072,
        0.3680953085422516,
        1.3471466302871704,
        0.052417855709791183,
        0.9986252188682556,
        -0.00021285621915012598,
        -0.7476606369018555,
        -0.36757892370224,
        0.019492406398057938,
        0.9297881722450256,
        5.15939474105835
    ],
    [
        0.9253687262535095,
        -0.050384048372507095,
        0.3757047653198242,
        1.4721368551254272,
        0.05407711863517761,
        0.9985364675521851,
        0.0007160672103054821,
        -0.7844787240028381,
        -0.37519100308418274,
        0.019654404371976852,
        0.9267391562461853,
        5.41681432723999
    ],
    [
        0.9173864722251892,
        -0.05148930102586746,
        0.39465293288230896,
        1.6425668001174927,
        0.05753536894917488,
        0.9983372688293457,
        -0.003492866875603795,
        -0.8260208964347839,
        -0.3938169777393341,
        0.025910809636116028,
        0.9188235402107239,
        5.672949314117432
    ],
    [
        0.8970678448677063,
        -0.05069094896316528,
        0.4389752447605133,
        1.805749535560608,
        0.0630921721458435,
        0.997913658618927,
        -0.013697318732738495,
        -0.8301268219947815,
        -0.4373655319213867,
        0.03998332470655441,
        0.8983947038650513,
        5.860288619995117
    ],
    [
        0.8490478992462158,
        -0.044157061725854874,
        0.5264676213264465,
        1.9935896396636963,
        0.0727502629160881,
        0.9967800378799438,
        -0.033722054213285446,
        -0.8510148525238037,
        -0.5232828855514526,
        0.066932313144207,
        0.8495262265205383,
        6.060920715332031
    ],
    [
        0.7418482303619385,
        -0.025072449818253517,
        0.6700986623764038,
        2.1837871074676514,
        0.08924151957035065,
        0.9941032528877258,
        -0.06160145625472069,
        -0.8796287178993225,
        -0.6646029353141785,
        0.10549955815076828,
        0.739711344242096,
        6.223657608032227
    ],
    [
        0.6180041432380676,
        -0.002907021902501583,
        0.7861693501472473,
        2.380610466003418,
        0.10663747787475586,
        0.9910612106323242,
        -0.08016257733106613,
        -0.8614040017127991,
        -0.7789091467857361,
        0.13337591290473938,
        0.612790048122406,
        6.286497116088867
    ],
    [
        0.48999151587486267,
        0.028155019506812096,
        0.8712723851203918,
        2.642245054244995,
        0.11897175759077072,
        0.9879663586616516,
        -0.09883402287960052,
        -0.84808748960495,
        -0.8635704517364502,
        0.15208466351032257,
        0.48074546456336975,
        6.30674409866333
    ],
    [
        0.33334165811538696,
        0.07313065975904465,
        0.9399656057357788,
        2.900195360183716,
        0.12662489712238312,
        0.9844815731048584,
        -0.12149928510189056,
        -0.8479493260383606,
        -0.9342641234397888,
        0.15952380001544952,
        0.31890854239463806,
        6.276878356933594
    ]
]