[
    [
        0.9852542281150818,
        -0.023553652688860893,
        0.1694675087928772,
        -0.24156750738620758,
        0.023594027385115623,
        0.99972003698349,
        0.0017758271424099803,
        0.10371133685112,
        -0.16946189105510712,
        0.0022487801034003496,
        0.9855340719223022,
        0.17783740162849426
    ],
    [
        0.9656668305397034,
        -0.0343584343791008,
        0.2575018107891083,
        -0.3640397787094116,
        0.03360596299171448,
        0.9994083046913147,
        0.00732400082051754,
        0.16223543882369995,
        -0.2576010823249817,
        0.0015810519689694047,
        0.9662500619888306,
        0.3149949014186859
    ],
    [
        0.948122501373291,
        -0.04499393701553345,
        0.3147050440311432,
        -0.40161004662513733,
        0.0415453277528286,
        0.9989804625511169,
        0.017661016434431076,
        0.2335493415594101,
        -0.31517884135246277,
        -0.0036702833604067564,
        0.9490252733230591,
        0.4872613847255707
    ],
    [
        0.9412287473678589,
        -0.05120211839675903,
        0.3338664770126343,
        -0.3565971851348877,
        0.04493686184287071,
        0.9986391067504883,
        0.02646738477051258,
        0.3176247775554657,
        -0.33476731181144714,
        -0.009908950887620449,
        0.9422487616539001,
        0.7320845723152161
    ],
    [
        0.9390011429786682,
        -0.05461213365197182,
        0.3395504355430603,
        -0.2654184103012085,
        0.047344453632831573,
        0.99843829870224,
        0.029657898470759392,
        0.3817288875579834,
        -0.3406398296356201,
        -0.011772967875003815,
        0.9401202201843262,
        0.9988499283790588
    ],
    [
        0.9389846324920654,
        -0.055169105529785156,
        0.3395058810710907,
        -0.17837059497833252,
        0.04762941598892212,
        0.9983991384506226,
        0.030507562682032585,
        0.4288531541824341,
        -0.340645432472229,
        -0.012475662864744663,
        0.9401090145111084,
        1.252415418624878
    ],
    [
        0.9469200372695923,
        -0.05104430019855499,
        0.31739088892936707,
        -0.0800534039735794,
        0.0446244515478611,
        0.9986261129379272,
        0.027468925341963768,
        0.4629005491733551,
        -0.3183569610118866,
        -0.011847477406263351,
        0.9478968977928162,
        1.5319137573242188
    ],
    [
        0.9732576012611389,
        -0.036551423370838165,
        0.2267894297838211,
        -0.008177917450666428,
        0.0326017402112484,
        0.9992449283599854,
        0.021138230338692665,
        0.49923741817474365,
        -0.22739079594612122,
        -0.01317921094596386,
        0.9737144112586975,
        1.7792558670043945
    ],
    [
        0.998002290725708,
        -0.012740230187773705,
        0.06187887117266655,
        0.06412969529628754,
        0.01179962046444416,
        0.9998096227645874,
        0.015542545355856419,
        0.5082614421844482,
        -0.062065109610557556,
        -0.014781349338591099,
        0.9979625940322876,
        2.015925407409668
    ],
    [
        0.9863370060920715,
        0.019711265340447426,
        -0.16355697810649872,
        0.07964398711919785,
        -0.017916450276970863,
        0.9997619986534119,
        0.01244166400283575,
        0.49231287837028503,
        0.16376329958438873,
        -0.00934131070971489,
        0.9864554405212402,
        2.2400450706481934
    ],
    [
        0.9432211518287659,
        0.04524052143096924,
        -0.3290700912475586,
        0.015870587900280952,
        -0.04218698665499687,
        0.9989748597145081,
        0.016417425125837326,
        0.4797160029411316,
        0.329475462436676,
        -0.0016027851961553097,
        0.9441628456115723,
        2.4453067779541016
    ],
    [
        0.8723734021186829,
        0.06866312026977539,
        -0.48399385809898376,
        -0.09166890382766724,
        -0.0644974559545517,
        0.9975978136062622,
        0.025273654609918594,
        0.4691966474056244,
        0.48456645011901855,
        0.009168311022222042,
        0.8747063279151917,
        2.670956611633301
    ],
    [
        0.7905045747756958,
        0.0871063694357872,
        -0.6062300801277161,
        -0.20789393782615662,
        -0.08310291916131973,
        0.9959353804588318,
        0.034737728536129,
        0.46610355377197266,
        0.6067918539047241,
        0.02291918359696865,
        0.7945302724838257,
        2.835597038269043
    ],
    [
        0.711629331111908,
        0.09981772303581238,
        -0.6954280138015747,
        -0.3204925060272217,
        -0.09591636806726456,
        0.9943907260894775,
        0.04457816109061241,
        0.4623645842075348,
        0.6959767937660217,
        0.03497977554798126,
        0.7172117233276367,
        2.987584352493286
    ],
    [
        0.6170591711997986,
        0.11133003979921341,
        -0.7790017127990723,
        -0.43235519528388977,
        -0.10693234205245972,
        0.9926221966743469,
        0.057156581431627274,
        0.43355217576026917,
        0.7796175479888916,
        0.048031482845544815,
        0.624411404132843,
        3.158057928085327
    ],
    [
        0.5318787097930908,
        0.11949975788593292,
        -0.8383464217185974,
        -0.5423111319541931,
        -0.11536509543657303,
        0.9909884333610535,
        0.06806569546461105,
        0.40639615058898926,
        0.8389255404472351,
        0.06051325052976608,
        0.540871798992157,
        3.2803266048431396
    ],
    [
        0.4573115110397339,
        0.1259131282567978,
        -0.880347728729248,
        -0.700767993927002,
        -0.12281873822212219,
        0.9893822073936462,
        0.0777076780796051,
        0.4242366850376129,
        0.8807846307754517,
        0.07258656620979309,
        0.4679202139377594,
        3.396676540374756
    ],
    [
        0.3924776613712311,
        0.13036079704761505,
        -0.9104765057563782,
        -0.8582567572593689,
        -0.12839597463607788,
        0.9879775047302246,
        0.08610986173152924,
        0.44728484749794006,
        0.9107556343078613,
        0.08310532569885254,
        0.40449678897857666,
        3.495150566101074
    ],
    [
        0.33949193358421326,
        0.13164760172367096,
        -0.9313507676124573,
        -0.9933430552482605,
        -0.13177284598350525,
        0.9870491623878479,
        0.09148737043142319,
        0.4458429515361786,
        0.931333065032959,
        0.091667540371418,
        0.35244283080101013,
        3.5620155334472656
    ],
    [
        0.30022066831588745,
        0.13181543350219727,
        -0.9447180032730103,
        -1.106242060661316,
        -0.1338196098804474,
        0.9864311814308167,
        0.0951092541217804,
        0.4122714698314667,
        0.9444363117218018,
        0.09786801785230637,
        0.3137865662574768,
        3.6090402603149414
    ],
    [
        0.2649729251861572,
        0.13255785405635834,
        -0.955100953578949,
        -1.187756896018982,
        -0.13542820513248444,
        0.9858037829399109,
        0.09924735128879547,
        0.3448054790496826,
        0.9546980857849121,
        0.10304976999759674,
        0.27916333079338074,
        3.6571500301361084
    ],
    [
        0.23264259099960327,
        0.13345983624458313,
        -0.9633617997169495,
        -1.2530657052993774,
        -0.13682137429714203,
        0.9851800799369812,
        0.10344139486551285,
        0.24308286607265472,
        0.962890088558197,
        0.10774360597133636,
        0.24745510518550873,
        3.684520721435547
    ],
    [
        0.21584518253803253,
        0.13352113962173462,
        -0.9672553539276123,
        -1.2797929048538208,
        -0.1375257670879364,
        0.9848887324333191,
        0.10526608675718307,
        0.13148970901966095,
        0.9666941165924072,
        0.11030136048793793,
        0.2309461086988449,
        3.689058303833008
    ],
    [
        0.21111437678337097,
        0.13350236415863037,
        -0.9683014154434204,
        -1.2871297597885132,
        -0.138167142868042,
        0.9847581386566162,
        0.10564731061458588,
        0.01377896685153246,
        0.9676470160484314,
        0.11148380488157272,
        0.22634223103523254,
        3.68658709526062
    ],
    [
        0.2106051743030548,
        0.13320545852184296,
        -0.9684533476829529,
        -1.2761468887329102,
        -0.1383480727672577,
        0.9847632050514221,
        0.10536285489797592,
        -0.10419746488332748,
        0.9677320718765259,
        0.11179368942975998,
        0.22582495212554932,
        3.6706125736236572
    ]
]