[
    [
        0.9852542281150818,
        -0.023553652688860893,
        0.1694675087928772,
        -0.24156750738620758,
        0.023594027385115623,
        0.99972003698349,
        0.0017758271424099803,
        0.10371133685112,
        -0.16946189105510712,
        0.0022487801034003496,
        0.9855340719223022,
        0.17783740162849426
    ],
    [
        0.9504708647727966,
        -0.04368159919977188,
        0.30772894620895386,
        -0.4026738107204437,
        0.04083942249417305,
        0.9990427494049072,
        0.015673233196139336,
        0.2191316932439804,
        -0.3081190288066864,
        -0.00232948106713593,
        0.9513448476791382,
        0.4527963399887085
    ],
    [
        0.9391599893569946,
        -0.05392538383603096,
        0.3392203748226166,
        -0.2943946421146393,
        0.04664262756705284,
        0.9984731674194336,
        0.029591860249638557,
        0.3617592453956604,
        -0.3402981460094452,
        -0.011969363316893578,
        0.9402413964271545,
        0.9126546382904053
    ],
    [
        0.9413459897041321,
        -0.05366998910903931,
        0.3331476151943207,
        -0.11994454264640808,
        0.04650476574897766,
        0.9984838366508484,
        0.029451027512550354,
        0.44757944345474243,
        -0.3342231512069702,
        -0.012230660766363144,
        0.9424145221710205,
        1.420928955078125
    ],
    [
        0.9841874837875366,
        -0.02924170158803463,
        0.1746995449066162,
        0.019602544605731964,
        0.02642250247299671,
        0.9994807839393616,
        0.018442071974277496,
        0.5107860565185547,
        -0.1751480996608734,
        -0.013534453697502613,
        0.9844489693641663,
        1.8675298690795898
    ],
    [
        0.9798946976661682,
        0.025298312306404114,
        -0.1979050487279892,
        0.07090341299772263,
        -0.02313896082341671,
        0.999644935131073,
        0.01321636326611042,
        0.48736321926116943,
        0.19816914200782776,
        -0.008371328003704548,
        0.9801321625709534,
        2.2732596397399902
    ],
    [
        0.8656927347183228,
        0.07028215378522873,
        -0.4956173598766327,
        -0.10116902738809586,
        -0.0661243423819542,
        0.9974738359451294,
        0.0259499903768301,
        0.46827617287635803,
        0.4961891174316406,
        0.010307639837265015,
        0.8681533336639404,
        2.6867501735687256
    ],
    [
        0.7196042537689209,
        0.0987042635679245,
        -0.6873334646224976,
        -0.31010517477989197,
        -0.09458919614553452,
        0.994552731513977,
        0.04379211366176605,
        0.4630594551563263,
        0.687911868095398,
        0.033501338213682175,
        0.7250206470489502,
        2.9735097885131836
    ],
    [
        0.5472103953361511,
        0.11790122091770172,
        -0.8286495804786682,
        -0.519499659538269,
        -0.11382903903722763,
        0.9913139343261719,
        0.06587669253349304,
        0.4077199101448059,
        0.8292186856269836,
        0.05827596038579941,
        0.5558777451515198,
        3.2597103118896484
    ],
    [
        0.41589784622192383,
        0.12827882170677185,
        -0.9003186225891113,
        -0.8019083142280579,
        -0.1267213672399521,
        0.9885176420211792,
        0.08230723440647125,
        0.4400275647640228,
        0.9005391597747803,
        0.07985822856426239,
        0.4273780584335327,
        3.461144208908081
    ],
    [
        0.3230847418308258,
        0.1318916231393814,
        -0.9371343851089478,
        -1.0405809879302979,
        -0.13284806907176971,
        0.9867565035820007,
        0.09307495504617691,
        0.432390421628952,
        0.9369992017745972,
        0.09442538022994995,
        0.33632755279541016,
        3.5789477825164795
    ],
    [
        0.25314605236053467,
        0.1339617818593979,
        -0.9581082463264465,
        -1.2173830270767212,
        -0.13575124740600586,
        0.9854864478111267,
        0.10192232578992844,
        0.3121878206729889,
        0.9578562378883362,
        0.10426313430070877,
        0.26765748858451843,
        3.671574115753174
    ],
    [
        0.21456964313983917,
        0.13352511823177338,
        -0.967538595199585,
        -1.2821470499038696,
        -0.1376836597919464,
        0.9848543405532837,
        0.10538087785243988,
        0.111188143491745,
        0.9669554233551025,
        0.11060269922018051,
        0.22970399260520935,
        3.689075469970703
    ],
    [
        0.2106051743030548,
        0.13320545852184296,
        -0.9684533476829529,
        -1.2761468887329102,
        -0.1383480727672577,
        0.9847632050514221,
        0.10536285489797592,
        -0.10419746488332748,
        0.9677320718765259,
        0.11179368942975998,
        0.22582495212554932,
        3.6706125736236572
    ]
]