[
    [
        0.9941102266311646,
        -0.011335279792547226,
        -0.10777956992387772,
        0.24761587381362915,
        0.013514128513634205,
        0.999718427658081,
        0.0195069070905447,
        -0.049281954765319824,
        0.10752809792757034,
        -0.020848562940955162,
        0.9939833283424377,
        0.3415694534778595
    ],
    [
        0.9921542406082153,
        -0.011338134296238422,
        -0.12450461834669113,
        0.2761610150337219,
        0.013791271485388279,
        0.9997270703315735,
        0.01885896734893322,
        -0.06033989414572716,
        0.12425678968429565,
        -0.02042808011174202,
        0.9920397996902466,
        0.37019944190979004
    ],
    [
        0.9890694618225098,
        -0.011304689571261406,
        -0.14701607823371887,
        0.31510037183761597,
        0.014071250334382057,
        0.9997427463531494,
        0.017791690304875374,
        -0.0751749575138092,
        0.14677713811397552,
        -0.019665919244289398,
        0.9889739751815796,
        0.4065341353416443
    ],
    [
        0.9856701493263245,
        -0.011085578240454197,
        -0.16832000017166138,
        0.3544767200946808,
        0.014086185023188591,
        0.9997623562812805,
        0.016643239185214043,
        -0.0896497368812561,
        0.16809548437595367,
        -0.018775727599859238,
        0.9855920076370239,
        0.43889349699020386
    ],
    [
        0.981684684753418,
        -0.010765143670141697,
        -0.19020803272724152,
        0.3931260406970978,
        0.014014934189617634,
        0.9997778534889221,
        0.015748528763651848,
        -0.10290898382663727,
        0.18999622762203217,
        -0.018125848844647408,
        0.9816174507141113,
        0.46744081377983093
    ],
    [
        0.9781845808029175,
        -0.010646938346326351,
        -0.20746459066867828,
        0.42154866456985474,
        0.014082382433116436,
        0.9997869729995728,
        0.015089320950210094,
        -0.1110563650727272,
        0.20725972950458527,
        -0.01768173836171627,
        0.9781261086463928,
        0.4876699447631836
    ],
    [
        0.97284996509552,
        -0.010763107798993587,
        -0.2311861366033554,
        0.4617353081703186,
        0.014475212432444096,
        0.9997919797897339,
        0.014366524294018745,
        -0.12208695709705353,
        0.2309834063053131,
        -0.01732294075191021,
        0.9728034734725952,
        0.5143104195594788
    ],
    [
        0.9669498801231384,
        -0.010544545017182827,
        -0.2547483444213867,
        0.5027797222137451,
        0.014534823596477509,
        0.9997993111610413,
        0.013786212541162968,
        -0.13216423988342285,
        0.2545519173145294,
        -0.017033299431204796,
        0.9669090509414673,
        0.5388031601905823
    ],
    [
        0.9606804847717285,
        -0.01042438205331564,
        -0.2774602770805359,
        0.5449719429016113,
        0.014605932869017124,
        0.999808669090271,
        0.013008158653974533,
        -0.1416536271572113,
        0.2772715985774994,
        -0.016549251973628998,
        0.9606490135192871,
        0.5622065663337708
    ],
    [
        0.9557368159294128,
        -0.010177062824368477,
        -0.2940467298030853,
        0.576678991317749,
        0.014536071568727493,
        0.999814510345459,
        0.012642500922083855,
        -0.1504938006401062,
        0.2938634753227234,
        -0.016357187181711197,
        0.9557074308395386,
        0.5781132578849792
    ],
    [
        0.9484435319900513,
        -0.010400031693279743,
        -0.3167751431465149,
        0.6207821369171143,
        0.014915789477527142,
        0.999818742275238,
        0.01183375809341669,
        -0.1632462739944458,
        0.3165946900844574,
        -0.01594860479235649,
        0.9484268426895142,
        0.5997515916824341
    ],
    [
        0.9410816431045532,
        -0.0103054940700531,
        -0.338022381067276,
        0.6652087569236755,
        0.014912311919033527,
        0.9998279213905334,
        0.011034714989364147,
        -0.17810367047786713,
        0.3378504812717438,
        -0.015425263904035091,
        0.9410734176635742,
        0.6218851208686829
    ],
    [
        0.9333016872406006,
        -0.01061099674552679,
        -0.3589364290237427,
        0.7106826305389404,
        0.015282753854990005,
        0.9998313784599304,
        0.010180669836699963,
        -0.19471299648284912,
        0.3587678372859955,
        -0.014987174421548843,
        0.9333065748214722,
        0.6441928744316101
    ],
    [
        0.9270729422569275,
        -0.010525310412049294,
        -0.374733030796051,
        0.7444712519645691,
        0.015251855365931988,
        0.9998371005058289,
        0.009649472311139107,
        -0.20884078741073608,
        0.37457042932510376,
        -0.014661126770079136,
        0.9270825386047363,
        0.6625152230262756
    ],
    [
        0.918519139289856,
        -0.010455177165567875,
        -0.3952382206916809,
        0.790981650352478,
        0.015126578509807587,
        0.9998475909233093,
        0.008704787120223045,
        -0.22667250037193298,
        0.39508697390556335,
        -0.013974113389849663,
        0.9185373783111572,
        0.6885250210762024
    ],
    [
        0.9097560048103333,
        -0.010316477157175541,
        -0.41501522064208984,
        0.8357858657836914,
        0.014889620244503021,
        0.9998587965965271,
        0.007785044144839048,
        -0.24280689656734467,
        0.4148763418197632,
        -0.013261906802654266,
        0.9097811579704285,
        0.7162483334541321
    ],
    [
        0.9004104137420654,
        -0.010303658433258533,
        -0.43491965532302856,
        0.8801807165145874,
        0.014823189936578274,
        0.9998656511306763,
        0.0070006027817726135,
        -0.2564428448677063,
        0.43478915095329285,
        -0.01275031641125679,
        0.9004421234130859,
        0.7446691989898682
    ],
    [
        0.8927675485610962,
        -0.010200697928667068,
        -0.45040184259414673,
        0.912333071231842,
        0.014647658914327621,
        0.9998722672462463,
        0.006388819310814142,
        -0.2648290991783142,
        0.4502791464328766,
        -0.012301062233746052,
        0.8928030729293823,
        0.7665245532989502
    ],
    [
        0.8824049830436707,
        -0.009965860284864902,
        -0.47038504481315613,
        0.9561758041381836,
        0.014319152571260929,
        0.999881386756897,
        0.00567751657217741,
        -0.2737814486026764,
        0.47027260065078735,
        -0.011745383031666279,
        0.8824430108070374,
        0.7969972491264343
    ],
    [
        0.8720804452896118,
        -0.009832453913986683,
        -0.48926371335983276,
        0.999001681804657,
        0.01402241364121437,
        0.9998897314071655,
        0.004899795167148113,
        -0.28216493129730225,
        0.48916152119636536,
        -0.011133674532175064,
        0.8721221685409546,
        0.8292679786682129
    ],
    [
        0.8610442876815796,
        -0.009831905364990234,
        -0.5084347724914551,
        1.0424885749816895,
        0.013851328752934933,
        0.9998955130577087,
        0.004121896345168352,
        -0.29024651646614075,
        0.5083410739898682,
        -0.010591626167297363,
        0.8610907196998596,
        0.8623465299606323
    ],
    [
        0.8522695302963257,
        -0.009838388301432133,
        -0.5230103135108948,
        1.074294924736023,
        0.013787621632218361,
        0.9998981952667236,
        0.0036583910696208477,
        -0.29549312591552734,
        0.5229209661483765,
        -0.010328982956707478,
        0.8523184657096863,
        0.8885199427604675
    ],
    [
        0.8401914238929749,
        -0.009898101910948753,
        -0.542199432849884,
        1.1196610927581787,
        0.013616659678518772,
        0.9999032020568848,
        0.0028466566000133753,
        -0.3026464581489563,
        0.5421187281608582,
        -0.009774663485586643,
        0.8402449488639832,
        0.9238649606704712
    ],
    [
        0.8282955288887024,
        -0.010002105496823788,
        -0.5602022409439087,
        1.1651071310043335,
        0.013388129882514477,
        0.9999085068702698,
        0.001942417467944324,
        -0.3119473159313202,
        0.5601314306259155,
        -0.009108935482800007,
        0.8283535838127136,
        0.9576690196990967
    ],
    [
        0.815831184387207,
        -0.010230142623186111,
        -0.578199565410614,
        1.2115250825881958,
        0.013116161338984966,
        0.9999136328697205,
        0.0008151197107508779,
        -0.3227998912334442,
        0.5781412720680237,
        -0.00824875757098198,
        0.8158949613571167,
        0.9892815947532654
    ]
]