[
    [
        0.999989926815033,
        0.004122976679354906,
        0.0018026751931756735,
        -0.2533731460571289,
        -0.00412151450291276,
        0.9999911189079285,
        -0.0008143658633343875,
        -0.15042465925216675,
        -0.001806016662158072,
        0.0008069279137998819,
        0.9999979734420776,
        -0.03175453096628189
    ],
    [
        0.9999805688858032,
        0.005939960945397615,
        0.0019187453435733914,
        -0.4613820016384125,
        -0.005939805414527655,
        0.9999823570251465,
        -8.681567123858258e-05,
        -0.2342643290758133,
        -0.0019192270701751113,
        7.541634113295004e-05,
        0.9999982118606567,
        -0.03795037046074867
    ],
    [
        0.9999764561653137,
        0.006273247301578522,
        -0.0027891050558537245,
        -0.6805271506309509,
        -0.006266334559768438,
        0.9999773502349854,
        0.002479974180459976,
        -0.2834254801273346,
        0.002804599469527602,
        -0.0024624383077025414,
        0.999993085861206,
        0.039946865290403366
    ],
    [
        0.9998273253440857,
        0.0076485793106257915,
        -0.016933949664235115,
        -0.9090697169303894,
        -0.007556200493127108,
        0.9999562501907349,
        0.0055125122889876366,
        -0.3278994560241699,
        0.016975369304418564,
        -0.005383603740483522,
        0.9998414516448975,
        0.19644604623317719
    ],
    [
        0.9992244839668274,
        0.010339982807636261,
        -0.03799200803041458,
        -1.1947473287582397,
        -0.01010791677981615,
        0.9999291896820068,
        0.006295825820416212,
        -0.3451553285121918,
        0.03805447742342949,
        -0.005906921811401844,
        0.9992581605911255,
        0.37572041153907776
    ],
    [
        0.9980959892272949,
        0.013918241485953331,
        -0.06008725240826607,
        -1.5490493774414062,
        -0.013412072323262691,
        0.9998711347579956,
        0.008819257840514183,
        -0.3728182017803192,
        0.06020227074623108,
        -0.007996570318937302,
        0.9981540441513062,
        0.5692784190177917
    ],
    [
        0.997079610824585,
        0.013826045207679272,
        -0.07510891556739807,
        -1.883733868598938,
        -0.01316018681973219,
        0.999869704246521,
        0.009352675639092922,
        -0.3870992958545685,
        0.07522840052843094,
        -0.008336913771927357,
        0.9971314668655396,
        0.8294743299484253
    ],
    [
        0.9960901737213135,
        0.01363935973495245,
        -0.08728370070457458,
        -2.21593976020813,
        -0.012690029107034206,
        0.9998542666435242,
        0.011422036215662956,
        -0.4240036904811859,
        0.08742672204971313,
        -0.010269743390381336,
        0.9961180090904236,
        1.1461784839630127
    ],
    [
        0.995642364025116,
        0.013939142227172852,
        -0.0922059714794159,
        -2.5550642013549805,
        -0.013137388043105602,
        0.9998705387115479,
        0.009296602569520473,
        -0.4205380976200104,
        0.09232372045516968,
        -0.008044746704399586,
        0.9956966042518616,
        1.4277575016021729
    ],
    [
        0.9954569935798645,
        0.012669667601585388,
        -0.09436594694852829,
        -2.904263496398926,
        -0.012549899518489838,
        0.9999195337295532,
        0.0018625195370987058,
        -0.4713442623615265,
        0.09438205510377884,
        -0.0006697733770124614,
        0.9955357909202576,
        1.7172085046768188
    ],
    [
        0.9954798221588135,
        0.010675819590687752,
        -0.09437025338411331,
        -3.2063393592834473,
        -0.011193381622433662,
        0.9999250769615173,
        -0.004956561606377363,
        -0.4696231782436371,
        0.09431038051843643,
        0.005990480538457632,
        0.9955247640609741,
        2.027430295944214
    ],
    [
        0.995807945728302,
        0.008862880058586597,
        -0.09103880822658539,
        -3.5364530086517334,
        -0.010486993938684464,
        0.9997940063476562,
        -0.01737690344452858,
        -0.5010270476341248,
        0.09086605161428452,
        0.018258782103657722,
        0.9956957101821899,
        2.3426549434661865
    ],
    [
        0.9968692660331726,
        0.00883382000029087,
        -0.07857322692871094,
        -3.898963451385498,
        -0.011211500503122807,
        0.9994909167289734,
        -0.029871385544538498,
        -0.5300723314285278,
        0.07826922833919525,
        0.030658790841698647,
        0.9964606165885925,
        2.6609997749328613
    ],
    [
        0.9984601140022278,
        0.0065910997800529,
        -0.05508069694042206,
        -4.172532558441162,
        -0.008797889575362206,
        0.999164342880249,
        -0.03991882875561714,
        -0.5148881673812866,
        0.05477156117558479,
        0.040341950953006744,
        0.9976835250854492,
        2.9620909690856934
    ],
    [
        0.9994282722473145,
        0.005057194735854864,
        -0.033428553491830826,
        -4.458657264709473,
        -0.006630870513617992,
        0.998866617679596,
        -0.04713355377316475,
        -0.5420355200767517,
        0.03315232694149017,
        0.047328267246484756,
        0.9983290433883667,
        3.3243634700775146
    ],
    [
        0.9999561309814453,
        0.004955584183335304,
        -0.007963048294186592,
        -4.712971210479736,
        -0.005388672463595867,
        0.9984540939331055,
        -0.055320750921964645,
        -0.5429012775421143,
        0.007676525507122278,
        0.055361226201057434,
        0.9984369277954102,
        3.6546597480773926
    ],
    [
        0.9993751645088196,
        0.003869694424793124,
        0.03513174131512642,
        -4.912426471710205,
        -0.0016597270732745528,
        0.9980298280715942,
        -0.06271746009588242,
        -0.5811071395874023,
        -0.03530527651309967,
        0.06261994689702988,
        0.9974128007888794,
        4.00228214263916
    ],
    [
        0.996577262878418,
        0.002643123734742403,
        0.08262429386377335,
        -5.003192901611328,
        0.0028905596118420362,
        0.997763454914093,
        -0.06678274273872375,
        -0.5567308068275452,
        -0.08261597156524658,
        0.06679298728704453,
        0.9943405389785767,
        4.365767002105713
    ],
    [
        0.9930799007415771,
        0.0014013061299920082,
        0.11743277311325073,
        -5.06099271774292,
        0.006895960308611393,
        0.9975076913833618,
        -0.07021922618150711,
        -0.5743338465690613,
        -0.11723863333463669,
        0.07054310292005539,
        0.9905952215194702,
        4.732362270355225
    ],
    [
        0.9889259934425354,
        0.0016212003538385034,
        0.14840100705623627,
        -5.098117828369141,
        0.009016591124236584,
        0.9974368810653687,
        -0.07098185271024704,
        -0.5618985295295715,
        -0.14813575148582458,
        0.07153386622667313,
        0.9863765239715576,
        5.136213779449463
    ],
    [
        0.984179675579071,
        0.0017486893339082599,
        0.1771647036075592,
        -5.083831310272217,
        0.011193446815013885,
        0.9973399639129639,
        -0.07202565670013428,
        -0.5748675465583801,
        -0.17681938409805298,
        0.07286927103996277,
        0.9815420508384705,
        5.470425605773926
    ],
    [
        0.9782940745353699,
        0.000852780940476805,
        0.20721963047981262,
        -5.008793354034424,
        0.014396650716662407,
        0.9972955584526062,
        -0.07207152992486954,
        -0.5398410558700562,
        -0.20672060549259186,
        0.07349042594432831,
        0.9756360650062561,
        5.8481035232543945
    ],
    [
        0.9734840989112854,
        0.001140573644079268,
        0.22875149548053741,
        -4.926228046417236,
        0.015976928174495697,
        0.9972065687179565,
        -0.07296425104141235,
        -0.5388043522834778,
        -0.22819560766220093,
        0.07468428462743759,
        0.9707465767860413,
        6.150088787078857
    ],
    [
        0.9680036902427673,
        0.0023380883503705263,
        0.2509249746799469,
        -4.844604015350342,
        0.01662353426218033,
        0.9971624612808228,
        -0.07342074066400528,
        -0.5162168741226196,
        -0.2503846287727356,
        0.07524280250072479,
        0.965218186378479,
        6.481136798858643
    ],
    [
        0.9620240926742554,
        0.0029301410540938377,
        0.2729488015174866,
        -4.7524333000183105,
        0.01778874732553959,
        0.9971437454223633,
        -0.07340194284915924,
        -0.526764988899231,
        -0.27238425612449646,
        0.07546985894441605,
        0.9592242240905762,
        6.774698734283447
    ]
]