[
    [
        0.9966228008270264,
        0.007113716099411249,
        -0.08180618286132812,
        -0.003393815364688635,
        -0.008105962537229061,
        0.9998975396156311,
        -0.0118035227060318,
        0.0019344935426488519,
        0.08171382546424866,
        0.012426778674125671,
        0.9965783953666687,
        0.31270918250083923
    ],
    [
        0.9885349273681641,
        0.010657008737325668,
        -0.1506161242723465,
        -0.013523711822926998,
        -0.013510849326848984,
        0.9997478723526001,
        -0.017937155440449715,
        -0.007231082767248154,
        0.1503869891166687,
        0.01976645551621914,
        0.9884295463562012,
        0.5383513569831848
    ],
    [
        0.9761496782302856,
        0.017732324078679085,
        -0.2163729965686798,
        -0.06838492304086685,
        -0.023173313587903976,
        0.9994753003120422,
        -0.022635024040937424,
        -0.005207523237913847,
        0.2158580869436264,
        0.02710925228893757,
        0.9760482907295227,
        0.7724502086639404
    ],
    [
        0.9577378034591675,
        0.026055676862597466,
        -0.28646019101142883,
        -0.1406787782907486,
        -0.035913966596126556,
        0.9989277720451355,
        -0.02921321615576744,
        -0.022781776264309883,
        0.2853918671607971,
        0.03826651722192764,
        0.9576467275619507,
        1.0044894218444824
    ],
    [
        0.9351717233657837,
        0.033481765538454056,
        -0.35260844230651855,
        -0.207933247089386,
        -0.048173993825912476,
        0.9982946515083313,
        -0.032972272485494614,
        -0.04359601438045502,
        0.35090306401252747,
        0.047821294516325,
        0.9351898431777954,
        1.2287265062332153
    ],
    [
        0.9075136184692383,
        0.041358329355716705,
        -0.41798141598701477,
        -0.2912540137767792,
        -0.061911698430776596,
        0.9974419474601746,
        -0.03572690859436989,
        -0.06495922803878784,
        0.4154346287250519,
        0.058300599455833435,
        0.9077528119087219,
        1.4446907043457031
    ],
    [
        0.8791252970695496,
        0.04537087306380272,
        -0.4744262993335724,
        -0.4149996042251587,
        -0.06807088106870651,
        0.9972057938575745,
        -0.030771324411034584,
        -0.09232426434755325,
        0.47170448303222656,
        0.05934646353125572,
        0.8797573447227478,
        1.6983270645141602
    ],
    [
        0.8555885553359985,
        0.044371869415044785,
        -0.5157512426376343,
        -0.5178443193435669,
        -0.06386219710111618,
        0.9977562427520752,
        -0.020101655274629593,
        -0.10200390219688416,
        0.5137020349502563,
        0.05013575777411461,
        0.8565024137496948,
        1.9351823329925537
    ],
    [
        0.8260921835899353,
        0.04076841473579407,
        -0.5620584487915039,
        -0.6386606693267822,
        -0.05699947848916054,
        0.9983095526695251,
        -0.01136415358632803,
        -0.10851052403450012,
        0.5606449842453003,
        0.04142488166689873,
        0.827019453048706,
        2.173736572265625
    ],
    [
        0.7986426949501038,
        0.03857004642486572,
        -0.6005682945251465,
        -0.7704077363014221,
        -0.0520685650408268,
        0.9986304044723511,
        -0.005106743890792131,
        -0.11226829141378403,
        0.5995488166809082,
        0.03534919023513794,
        0.7995572686195374,
        2.364971160888672
    ],
    [
        0.7684633135795593,
        0.03540133312344551,
        -0.6389140486717224,
        -0.8933551907539368,
        -0.04777039214968681,
        0.9988560676574707,
        -0.0021113106049597263,
        -0.12307347357273102,
        0.6381081938743591,
        0.03214363753795624,
        0.769275426864624,
        2.526459217071533
    ],
    [
        0.7257378101348877,
        0.030692756175994873,
        -0.6872861981391907,
        -1.0246995687484741,
        -0.038499146699905396,
        0.9992507100105286,
        0.003971393220126629,
        -0.1346011459827423,
        0.6868934035301208,
        0.023577755317091942,
        0.7263755798339844,
        2.7093687057495117
    ],
    [
        0.6821154952049255,
        0.02673226222395897,
        -0.7307556867599487,
        -1.147415280342102,
        -0.032107993960380554,
        0.9994626641273499,
        0.006591188255697489,
        -0.13825081288814545,
        0.7305392622947693,
        0.018967155367136,
        0.6826073527336121,
        2.8560242652893066
    ],
    [
        0.634130597114563,
        0.02259925752878189,
        -0.7728956937789917,
        -1.286622405052185,
        -0.031092656776309013,
        0.9995096921920776,
        0.003715082071721554,
        -0.14042335748672485,
        0.7726006507873535,
        0.021675530821084976,
        0.6345222592353821,
        3.003711223602295
    ],
    [
        0.5755635499954224,
        0.020075418055057526,
        -0.8175106048583984,
        -1.4275879859924316,
        -0.033703576773405075,
        0.9994314908981323,
        0.0008140018908306956,
        -0.14770866930484772,
        0.8170623183250427,
        0.02708452381193638,
        0.5759130716323853,
        3.160825252532959
    ],
    [
        0.5113335847854614,
        0.020549263805150986,
        -0.8591365218162537,
        -1.5563386678695679,
        -0.034134641289711,
        0.9994107484817505,
        0.0035884426906704903,
        -0.15307314693927765,
        0.8587040901184082,
        0.027491429820656776,
        0.5117337703704834,
        3.317782402038574
    ],
    [
        0.4359349310398102,
        0.02680637687444687,
        -0.8995789885520935,
        -1.7154003381729126,
        -0.03495761379599571,
        0.9993062615394592,
        0.012837718240916729,
        -0.1512671411037445,
        0.8992990255355835,
        0.025850720703601837,
        0.4365696609020233,
        3.464719772338867
    ],
    [
        0.3650040328502655,
        0.03529036045074463,
        -0.9303369522094727,
        -1.8700883388519287,
        -0.03588466718792915,
        0.9990720152854919,
        0.023818865418434143,
        -0.1558447927236557,
        0.9303141236305237,
        0.024690845981240273,
        0.36593180894851685,
        3.582956552505493
    ],
    [
        0.2912183701992035,
        0.04502850025892258,
        -0.9555963277816772,
        -2.0270166397094727,
        -0.0403619185090065,
        0.9985805153846741,
        0.03475364297628403,
        -0.16403327882289886,
        0.955804705619812,
        0.028448808938264847,
        0.2926223874092102,
        3.6888506412506104
    ],
    [
        0.2128411829471588,
        0.050347957760095596,
        -0.9757887125015259,
        -2.1945979595184326,
        -0.04576859250664711,
        0.9980889558792114,
        0.04151545464992523,
        -0.1673518866300583,
        0.976014256477356,
        0.035824280232191086,
        0.21473878622055054,
        3.7742438316345215
    ],
    [
        0.14948968589305878,
        0.0598013736307621,
        -0.9869531989097595,
        -2.3671514987945557,
        -0.05247129872441292,
        0.9972426891326904,
        0.05247722193598747,
        -0.17027948796749115,
        0.987369954586029,
        0.0439419150352478,
        0.15221534669399261,
        3.8216071128845215
    ],
    [
        0.08575526624917984,
        0.06770950555801392,
        -0.9940127730369568,
        -2.558358907699585,
        -0.06446560472249985,
        0.995974600315094,
        0.06228155642747879,
        -0.16839328408241272,
        0.9942283630371094,
        0.05873866751790047,
        0.08977501094341278,
        3.8521621227264404
    ],
    [
        0.015539964661002159,
        0.07552672922611237,
        -0.9970227479934692,
        -2.787137031555176,
        -0.07006578892469406,
        0.9947741031646729,
        0.07426431775093079,
        -0.16121135652065277,
        0.997421383857727,
        0.06870311498641968,
        0.020750656723976135,
        3.8739206790924072
    ],
    [
        -0.04257439076900482,
        0.07934996485710144,
        -0.9959372878074646,
        -2.9795007705688477,
        -0.06964372843503952,
        0.9941806197166443,
        0.08218716084957123,
        -0.15676400065422058,
        0.9966629147529602,
        0.07285986095666885,
        -0.036800459027290344,
        3.87638258934021
    ],
    [
        -0.10311324149370193,
        0.080595001578331,
        -0.9913990497589111,
        -3.1904988288879395,
        -0.06850974261760712,
        0.9937694668769836,
        0.08791322261095047,
        -0.1635768860578537,
        0.9923075437545776,
        0.07698550075292587,
        -0.09694917500019073,
        3.869051218032837
    ]
]