[
    [
        0.9982858896255493,
        0.0015893230447545648,
        -0.058504633605480194,
        0.5244142413139343,
        -0.0015195048181340098,
        0.9999980926513672,
        0.0012378643732517958,
        -0.2503809332847595,
        0.05850647762417793,
        -0.0011468400480225682,
        0.9982863068580627,
        1.3382335901260376
    ],
    [
        0.996001124382019,
        0.003755951765924692,
        -0.08926182985305786,
        0.596030592918396,
        -0.003620909759774804,
        0.9999920129776001,
        0.0016747548943385482,
        -0.30850324034690857,
        0.08926740288734436,
        -0.0013448466779664159,
        0.9960067272186279,
        1.4749629497528076
    ],
    [
        0.9910934567451477,
        0.006138655822724104,
        -0.13302673399448395,
        0.7172595858573914,
        -0.0060180239379405975,
        0.9999809861183167,
        0.0013088735286146402,
        -0.36019575595855713,
        0.13303223252296448,
        -0.0004966562846675515,
        0.9911115765571594,
        1.6131681203842163
    ],
    [
        0.983088493347168,
        0.00788508914411068,
        -0.18296104669570923,
        0.8933565616607666,
        -0.007799143902957439,
        0.9999688267707825,
        0.0011892765760421753,
        -0.3914339542388916,
        0.1829647570848465,
        0.0002577535342425108,
        0.983119547367096,
        1.7771553993225098
    ],
    [
        0.97258460521698,
        0.008838502690196037,
        -0.2323814332485199,
        1.1244456768035889,
        -0.009119116701185703,
        0.9999583959579468,
        -0.0001333870750386268,
        -0.42146995663642883,
        0.23237068951129913,
        0.002248832257464528,
        0.9726247787475586,
        1.9852014780044556
    ],
    [
        0.9661571383476257,
        0.010380813851952553,
        -0.25774523615837097,
        1.311629056930542,
        -0.010658426210284233,
        0.999943196773529,
        0.00032013808959163725,
        -0.44100692868232727,
        0.25773388147354126,
        0.0024378548841923475,
        0.9662128686904907,
        2.172588586807251
    ],
    [
        0.9647493958473206,
        0.011931697838008404,
        -0.2628995478153229,
        1.468712568283081,
        -0.012154916301369667,
        0.9999257922172546,
        0.0007773718098178506,
        -0.4232897162437439,
        0.26288938522338867,
        0.0024455622769892216,
        0.9648228883743286,
        2.4238359928131104
    ],
    [
        0.9635616540908813,
        0.01362905278801918,
        -0.26713889837265015,
        1.612143635749817,
        -0.013409116305410862,
        0.999906599521637,
        0.0026476257480680943,
        -0.396064817905426,
        0.267149955034256,
        0.0010309508070349693,
        0.9636543989181519,
        2.7083137035369873
    ],
    [
        0.9599605798721313,
        0.015254916623234749,
        -0.2797194719314575,
        1.6918792724609375,
        -0.015388473868370056,
        0.9998801350593567,
        0.0017187303164973855,
        -0.35736241936683655,
        0.27971211075782776,
        0.0026545401196926832,
        0.9600802063941956,
        2.9593849182128906
    ],
    [
        0.95188969373703,
        0.0175972618162632,
        -0.3059352934360504,
        1.7609142065048218,
        -0.017974458634853363,
        0.9998371005058289,
        0.0015843072906136513,
        -0.29904308915138245,
        0.3059132695198059,
        0.003990943543612957,
        0.9520509243011475,
        3.2885115146636963
    ],
    [
        0.9390610456466675,
        0.020632321015000343,
        -0.3431306481361389,
        1.8040096759796143,
        -0.02100173942744732,
        0.9997759461402893,
        0.002639777958393097,
        -0.25322312116622925,
        0.3431083559989929,
        0.00472742784768343,
        0.9392839670181274,
        3.5979678630828857
    ],
    [
        0.9239256381988525,
        0.02482423186302185,
        -0.38176587224006653,
        1.773321509361267,
        -0.025739504024386406,
        0.9996649622917175,
        0.002709846943616867,
        -0.2116122841835022,
        0.38170531392097473,
        0.007322769146412611,
        0.9242550730705261,
        3.912961006164551
    ],
    [
        0.9124791026115417,
        0.028238927945494652,
        -0.40814751386642456,
        1.6551380157470703,
        -0.029277494177222252,
        0.9995644092559814,
        0.0037033921107649803,
        -0.2041233777999878,
        0.40807440876960754,
        0.00857026968151331,
        0.9129083752632141,
        4.290963172912598
    ],
    [
        0.9019269347190857,
        0.03034135513007641,
        -0.43082162737846375,
        1.528879165649414,
        -0.03151128813624382,
        0.9994935989379883,
        0.004422048572450876,
        -0.22988265752792358,
        0.4307376444339752,
        0.009587380103766918,
        0.9024262428283691,
        4.609672546386719
    ],
    [
        0.887061595916748,
        0.03176870942115784,
        -0.4605568051338196,
        1.385840892791748,
        -0.03353656455874443,
        0.9994280338287354,
        0.00434590969234705,
        -0.24786439538002014,
        0.46043136715888977,
        0.011590403504669666,
        0.8876196146011353,
        4.963515281677246
    ],
    [
        0.8643739819526672,
        0.0339285172522068,
        -0.5017035603523254,
        1.2730848789215088,
        -0.035844430327415466,
        0.9993404746055603,
        0.005826433654874563,
        -0.28205448389053345,
        0.5015704035758972,
        0.012947063893079758,
        0.8650200366973877,
        5.302884578704834
    ],
    [
        0.8346424102783203,
        0.0368008129298687,
        -0.549561619758606,
        1.1198511123657227,
        -0.03989848122000694,
        0.9991837739944458,
        0.006313782185316086,
        -0.2897467017173767,
        0.5493451952934265,
        0.01665692962706089,
        0.8354293704032898,
        5.60720157623291
    ],
    [
        0.813636839389801,
        0.04020174592733383,
        -0.579981803894043,
        0.9206061959266663,
        -0.043262824416160583,
        0.9990271329879761,
        0.00855613686144352,
        -0.31824150681495667,
        0.5797615647315979,
        0.01813006028532982,
        0.814584493637085,
        5.895229339599609
    ],
    [
        0.7939279079437256,
        0.04046141728758812,
        -0.6066641211509705,
        0.7247521877288818,
        -0.045409321784973145,
        0.9989425539970398,
        0.007198216859251261,
        -0.363037109375,
        0.6063138246536255,
        0.021833345293998718,
        0.7949256300926208,
        6.159504413604736
    ],
    [
        0.7761658430099487,
        0.040565647184848785,
        -0.6292224526405334,
        0.5251755714416504,
        -0.04688261076807976,
        0.9988787770271301,
        0.0065660178661346436,
        -0.38789302110671997,
        0.6287834644317627,
        0.024403275921940804,
        0.7771974802017212,
        6.424541473388672
    ],
    [
        0.7496911883354187,
        0.04259072244167328,
        -0.6604158282279968,
        0.33283546566963196,
        -0.04924928396940231,
        0.9987503290176392,
        0.008503341116011143,
        -0.42603185772895813,
        0.6599525809288025,
        0.02615012228488922,
        0.7508518695831299,
        6.686985969543457
    ],
    [
        0.7176378965377808,
        0.043794382363557816,
        -0.6950379610061646,
        0.1389172375202179,
        -0.05178089067339897,
        0.9986137747764587,
        0.009458091109991074,
        -0.45216792821884155,
        0.6944886445999146,
        0.029202204197645187,
        0.7189107537269592,
        6.916013240814209
    ],
    [
        0.7009518146514893,
        0.04520443081855774,
        -0.711774468421936,
        -0.10432557761669159,
        -0.05405957251787186,
        0.9984859228134155,
        0.010175730101764202,
        -0.47864603996276855,
        0.7111568450927734,
        0.03134552016854286,
        0.7023341655731201,
        7.117936134338379
    ],
    [
        0.6918753981590271,
        0.04551251232624054,
        -0.7205811142921448,
        -0.36926543712615967,
        -0.0554586760699749,
        0.9984127879142761,
        0.009811222553253174,
        -0.5286505222320557,
        0.719883918762207,
        0.03317433223128319,
        0.6933013200759888,
        7.327637672424316
    ],
    [
        0.6843593716621399,
        0.04462456330657005,
        -0.7277779579162598,
        -0.5771195888519287,
        -0.05549836531281471,
        0.998417854309082,
        0.009031767025589943,
        -0.5642421245574951,
        0.7270296216011047,
        0.03420952707529068,
        0.6857532858848572,
        7.548703193664551
    ]
]