[
    [
        0.9999959468841553,
        0.0027046301402151585,
        -0.0009313013288192451,
        -0.00592304952442646,
        -0.002699493197724223,
        0.9999814033508301,
        0.005473632365465164,
        0.16429978609085083,
        0.0009460878791287541,
        -0.005471096374094486,
        0.999984622001648,
        0.0044340468011796474
    ],
    [
        0.9999960064888,
        0.0026889813598245382,
        -0.0008937060483731329,
        -0.006506537087261677,
        -0.0026836609467864037,
        0.9999790191650391,
        0.00590175949037075,
        0.17446991801261902,
        0.0009095569257624447,
        -0.005899337120354176,
        0.9999821186065674,
        0.004737062379717827
    ],
    [
        0.9999951720237732,
        0.0029305312782526016,
        -0.0010480799246579409,
        -0.008189151994884014,
        -0.002923613879829645,
        0.9999743700027466,
        0.006542555056512356,
        0.19049987196922302,
        0.001067225355654955,
        -0.006539459805935621,
        0.9999780654907227,
        0.0053015840239822865
    ],
    [
        0.9999950528144836,
        0.0029665520414710045,
        -0.0010142993414774537,
        -0.00936698168516159,
        -0.00295941811054945,
        0.9999714493751526,
        0.006963849067687988,
        0.20142388343811035,
        0.0010349286021664739,
        -0.006960813421756029,
        0.9999752044677734,
        0.00551199447363615
    ],
    [
        0.9999943375587463,
        0.0031963111832737923,
        -0.0011380785144865513,
        -0.011234408244490623,
        -0.0031879472080618143,
        0.999968409538269,
        0.00727667985484004,
        0.21756576001644135,
        0.0011613017413765192,
        -0.007273009046912193,
        0.999972939491272,
        0.006056216545403004
    ],
    [
        0.9999935030937195,
        0.003398717613890767,
        -0.0012045480543747544,
        -0.015072205103933811,
        -0.0033891669008880854,
        0.9999635219573975,
        0.007844705134630203,
        0.23563072085380554,
        0.0012311660684645176,
        -0.00784057192504406,
        0.9999685287475586,
        0.006630017422139645
    ],
    [
        0.9999925494194031,
        0.0036242108326405287,
        -0.0013319043209776282,
        -0.01595751941204071,
        -0.0036133115645498037,
        0.999960720539093,
        0.00809587724506855,
        0.25384029746055603,
        0.0013611929025501013,
        -0.008091003634035587,
        0.9999663829803467,
        0.007226245943456888
    ],
    [
        0.9999924898147583,
        0.0036648507229983807,
        -0.0013150410959497094,
        -0.016874168068170547,
        -0.0036529856733977795,
        0.9999536275863647,
        0.008913825266063213,
        0.26542699337005615,
        0.0013476477470248938,
        -0.008908954448997974,
        0.9999593496322632,
        0.00763318408280611
    ],
    [
        0.9999926090240479,
        0.0036796617787331343,
        -0.0011808599811047316,
        -0.017719605937600136,
        -0.003668267047032714,
        0.9999480843544006,
        0.009511344134807587,
        0.2843926250934601,
        0.0012157972669228911,
        -0.009506940841674805,
        0.999954104423523,
        0.008086775429546833
    ],
    [
        0.999992311000824,
        0.0037512548733502626,
        -0.0012270647566765547,
        -0.018632061779499054,
        -0.0037389209028333426,
        0.9999440312385559,
        0.009904422797262669,
        0.30516287684440613,
        0.0012641503708437085,
        -0.009899756871163845,
        0.9999501705169678,
        0.008485348895192146
    ],
    [
        0.9999912977218628,
        0.003922204487025738,
        -0.0014397576451301575,
        -0.019707750529050827,
        -0.003906824626028538,
        0.9999368786811829,
        0.010533701628446579,
        0.3238041400909424,
        0.001480982406064868,
        -0.010527984239161015,
        0.9999434947967529,
        0.009055015631020069
    ],
    [
        0.9999910593032837,
        0.004014883190393448,
        -0.001367803430184722,
        -0.021325742825865746,
        -0.00399965001270175,
        0.9999319314956665,
        0.010963664390146732,
        0.3376692235469818,
        0.0014117277460172772,
        -0.010958096012473106,
        0.99993896484375,
        0.009158053435385227
    ],
    [
        0.9999909996986389,
        0.003989166114479303,
        -0.00144754140637815,
        -0.021632539108395576,
        -0.003972826059907675,
        0.9999302625656128,
        0.011121225543320179,
        0.3579680919647217,
        0.0014918044907972217,
        -0.01111537590622902,
        0.9999370574951172,
        0.009723080322146416
    ],
    [
        0.9999905228614807,
        0.004049418494105339,
        -0.001572726760059595,
        -0.02157413214445114,
        -0.004031000658869743,
        0.9999252557754517,
        0.011542058549821377,
        0.37036243081092834,
        0.0016193479532375932,
        -0.011535611003637314,
        0.9999321699142456,
        0.010100745595991611
    ],
    [
        0.9999908804893494,
        0.004039245657622814,
        -0.0014628845965489745,
        -0.021577101200819016,
        -0.004021325148642063,
        0.9999192953109741,
        0.012053152546286583,
        0.39651596546173096,
        0.0015114527195692062,
        -0.012047158554196358,
        0.9999263286590576,
        0.010333417914807796
    ],
    [
        0.999990701675415,
        0.004018082283437252,
        -0.0015781793044880033,
        -0.021330812945961952,
        -0.003998361527919769,
        0.9999163150787354,
        0.012306030839681625,
        0.4091755449771881,
        0.0016274943482130766,
        -0.012299605645239353,
        0.9999229907989502,
        0.010818692855536938
    ],
    [
        0.999991238117218,
        0.003935915417969227,
        -0.0014486886793747544,
        -0.021064918488264084,
        -0.003916506189852953,
        0.9999056458473206,
        0.013165251351892948,
        0.4347477853298187,
        0.0015003689331933856,
        -0.013159462250769138,
        0.9999123811721802,
        0.011435471475124359
    ],
    [
        0.9999914169311523,
        0.003929120488464832,
        -0.0014293411513790488,
        -0.02098727598786354,
        -0.003909546881914139,
        0.9999019503593445,
        0.013448262587189674,
        0.4483880400657654,
        0.0014820406213402748,
        -0.013442556373775005,
        0.999908447265625,
        0.011579694226384163
    ],
    [
        0.9999911785125732,
        0.003959406167268753,
        -0.001402893103659153,
        -0.02087223157286644,
        -0.003939173184335232,
        0.9998921751976013,
        0.014143083244562149,
        0.47503653168678284,
        0.0014587400946766138,
        -0.014137431047856808,
        0.9998990297317505,
        0.011884687468409538
    ],
    [
        0.9999909996986389,
        0.00398225337266922,
        -0.0015032446244731545,
        -0.02156483754515648,
        -0.003959807101637125,
        0.999884843826294,
        0.014650127850472927,
        0.48797664046287537,
        0.0015614123549312353,
        -0.014644041657447815,
        0.9998915195465088,
        0.012283271178603172
    ],
    [
        0.999989926815033,
        0.004176234360784292,
        -0.001678864355199039,
        -0.02282145246863365,
        -0.00415065698325634,
        0.9998794794082642,
        0.01496034488081932,
        0.5082001090049744,
        0.001741140498779714,
        -0.01495322585105896,
        0.9998866319656372,
        0.012776995077729225
    ],
    [
        0.9999905228614807,
        0.0040685939602553844,
        -0.0015049740904942155,
        -0.022615572437644005,
        -0.004045194946229458,
        0.9998757839202881,
        0.015236993320286274,
        0.5229394435882568,
        0.0015667802654206753,
        -0.015230761840939522,
        0.9998828172683716,
        0.01303824968636036
    ],
    [
        0.9999901652336121,
        0.004161457996815443,
        -0.001602468197233975,
        -0.022658035159111023,
        -0.004135300405323505,
        0.9998635649681091,
        0.015994571149349213,
        0.5422168970108032,
        0.0016688101459294558,
        -0.015987785533070564,
        0.999870777130127,
        0.013350836001336575
    ],
    [
        0.9999898672103882,
        0.00418221578001976,
        -0.0016455614240840077,
        -0.023016247898340225,
        -0.004154149908572435,
        0.9998519420623779,
        0.016704153269529343,
        0.5619348883628845,
        0.0017151786014437675,
        -0.016697149723768234,
        0.999859094619751,
        0.013810595497488976
    ],
    [
        0.9999896287918091,
        0.004256704822182655,
        -0.0016190644819289446,
        -0.023561136797070503,
        -0.004228589124977589,
        0.9998467564582825,
        0.016988879069685936,
        0.5829423069953918,
        0.001691132434643805,
        -0.016981856897473335,
        0.999854326248169,
        0.014005320146679878
    ]
]