[
    [
        0.9854239225387573,
        0.009536422789096832,
        -0.16984975337982178,
        -0.2849956750869751,
        -0.010500661097466946,
        0.9999334812164307,
        -0.004779601935297251,
        -0.046068206429481506,
        0.16979287564754486,
        0.006493467837572098,
        0.9854583740234375,
        0.09666313230991364
    ],
    [
        0.9715083241462708,
        0.017683181911706924,
        -0.23634487390518188,
        -0.3763994872570038,
        -0.018852004781365395,
        0.9998186826705933,
        -0.0026863436214625835,
        -0.05789082124829292,
        0.2362545281648636,
        0.007065380923449993,
        0.9716655015945435,
        0.15712915360927582
    ],
    [
        0.9493960738182068,
        0.028741424903273582,
        -0.3127635419368744,
        -0.48885151743888855,
        -0.030183743685483932,
        0.9995443224906921,
        0.00023021225933916867,
        -0.07857926189899445,
        0.3126276731491089,
        0.009221812710165977,
        0.949830949306488,
        0.2607375681400299
    ],
    [
        0.9181598424911499,
        0.039748892188072205,
        -0.3942115008831024,
        -0.6206512451171875,
        -0.04355337470769882,
        0.9990508556365967,
        -0.0007046812097541988,
        -0.10651860386133194,
        0.39380931854248047,
        0.017816249281167984,
        0.9190194010734558,
        0.4239972233772278
    ],
    [
        0.8794474005699158,
        0.0498361699283123,
        -0.47338002920150757,
        -0.7879474759101868,
        -0.05868086963891983,
        0.9982690811157227,
        -0.003922497387975454,
        -0.1380857527256012,
        0.472365140914917,
        0.03122798167169094,
        0.8808495998382568,
        0.6118019223213196
    ],
    [
        0.8372328281402588,
        0.055636968463659286,
        -0.5440087914466858,
        -1.0338659286499023,
        -0.0709470808506012,
        0.9974542260169983,
        -0.007176172453910112,
        -0.1780671924352646,
        0.542224645614624,
        0.04460395872592926,
        0.8390489220619202,
        0.7961312532424927
    ],
    [
        0.7941862344741821,
        0.059789028018713,
        -0.6047260761260986,
        -1.334810733795166,
        -0.07954320311546326,
        0.996813952922821,
        -0.005909421015530825,
        -0.22646841406822205,
        0.6024459600448608,
        0.05279503017663956,
        0.7964116334915161,
        0.9891207218170166
    ],
    [
        0.7457208633422852,
        0.06293338537216187,
        -0.6632794737815857,
        -1.5753933191299438,
        -0.09085705876350403,
        0.995834469795227,
        -0.007663106545805931,
        -0.2588162422180176,
        0.6600343585014343,
        0.06597816944122314,
        0.7483325600624084,
        1.222723126411438
    ],
    [
        0.7139331698417664,
        0.06595885008573532,
        -0.6971004009246826,
        -1.7815409898757935,
        -0.10007791221141815,
        0.9949444532394409,
        -0.008353974670171738,
        -0.3005961775779724,
        0.6930251717567444,
        0.07572853565216064,
        0.7169249057769775,
        1.4382824897766113
    ],
    [
        0.7153085470199585,
        0.0661792904138565,
        -0.6956678628921509,
        -1.9959440231323242,
        -0.10182028263807297,
        0.9947518706321716,
        -0.010063650086522102,
        -0.32593095302581787,
        0.6913509964942932,
        0.07803171873092651,
        0.7182930111885071,
        1.5760129690170288
    ],
    [
        0.7334451675415039,
        0.06976340711116791,
        -0.6761592030525208,
        -2.2069060802459717,
        -0.0992451012134552,
        0.9950506091117859,
        -0.004988070111721754,
        -0.368154913187027,
        0.6724646091461182,
        0.0707639679312706,
        0.7367386817932129,
        1.661960244178772
    ],
    [
        0.7462891936302185,
        0.07172402739524841,
        -0.6617462635040283,
        -2.394280195236206,
        -0.09492412209510803,
        0.9954841136932373,
        0.000845151545945555,
        -0.38763660192489624,
        0.6588184833526611,
        0.06218494474887848,
        0.7497274875640869,
        1.8062145709991455
    ],
    [
        0.7764201164245605,
        0.07422129064798355,
        -0.6258299946784973,
        -2.596020221710205,
        -0.08694485574960709,
        0.996160089969635,
        0.010275225155055523,
        -0.42833808064460754,
        0.6241893768310547,
        0.04643479734659195,
        0.7798919081687927,
        1.9162801504135132
    ],
    [
        0.81083744764328,
        0.07870057970285416,
        -0.5799559354782104,
        -2.76438307762146,
        -0.07944126427173615,
        0.9965466260910034,
        0.02416537143290043,
        -0.5392100214958191,
        0.5798548460006714,
        0.026478227227926254,
        0.8142892122268677,
        1.9967284202575684
    ],
    [
        0.8441067337989807,
        0.07757630944252014,
        -0.5305335521697998,
        -2.9127020835876465,
        -0.07184434682130814,
        0.9969193935394287,
        0.031464751809835434,
        -0.6425216197967529,
        0.5313400626182556,
        0.011556246317923069,
        0.8470796346664429,
        2.0953924655914307
    ],
    [
        0.8814507722854614,
        0.06935745477676392,
        -0.46715548634529114,
        -3.1086957454681396,
        -0.0591445229947567,
        0.9975815415382385,
        0.03651190176606178,
        -0.6920543909072876,
        0.4685578942298889,
        -0.00455373153090477,
        0.883421003818512,
        2.1577420234680176
    ],
    [
        0.9155657291412354,
        0.057893894612789154,
        -0.3979797065258026,
        -3.306847333908081,
        -0.04395003244280815,
        0.998060941696167,
        0.04407879710197449,
        -0.7245889902114868,
        0.39975985884666443,
        -0.022865792736411095,
        0.9163345694541931,
        2.2613444328308105
    ],
    [
        0.9388591647148132,
        0.0460791289806366,
        -0.3412040174007416,
        -3.4799671173095703,
        -0.03438578546047211,
        0.998598039150238,
        0.04024314507842064,
        -0.7440287470817566,
        0.34258002042770386,
        -0.026050081476569176,
        0.9391273856163025,
        2.4364380836486816
    ],
    [
        0.9560037851333618,
        0.03498759865760803,
        -0.29126039147377014,
        -3.636173725128174,
        -0.025638215243816376,
        0.9990280866622925,
        0.03585560619831085,
        -0.7828605771064758,
        0.29223185777664185,
        -0.02681068703532219,
        0.9559717178344727,
        2.628859758377075
    ],
    [
        0.9758028984069824,
        0.017059899866580963,
        -0.2179848998785019,
        -3.813476085662842,
        -0.010520882904529572,
        0.9994602203369141,
        0.03112342767417431,
        -0.8337838649749756,
        0.21839836239814758,
        -0.02807694487273693,
        0.975455641746521,
        2.873882293701172
    ],
    [
        0.9896798729896545,
        -0.0016183590050786734,
        -0.14328628778457642,
        -3.932872772216797,
        0.00598547887057066,
        0.9995304346084595,
        0.030052419751882553,
        -0.8830854296684265,
        0.14317050576210022,
        -0.030599918216466904,
        0.9892248511314392,
        3.092259645462036
    ],
    [
        0.9968477487564087,
        -0.019748013466596603,
        -0.07684086263179779,
        -3.9666707515716553,
        0.021683238446712494,
        0.9994663596153259,
        0.024432430043816566,
        -0.9110780954360962,
        0.07631731778383255,
        -0.026021568104624748,
        0.9967439770698547,
        3.329822301864624
    ],
    [
        0.9995243549346924,
        -0.03053360991179943,
        -0.00433775782585144,
        -3.9281868934631348,
        0.03063488006591797,
        0.9992027878761292,
        0.0255971048027277,
        -0.9579724669456482,
        0.0035526782739907503,
        -0.02571781352162361,
        0.9996629357337952,
        3.609724283218384
    ],
    [
        0.9965763688087463,
        -0.03767692670226097,
        0.07359270751476288,
        -3.834379196166992,
        0.03561544418334961,
        0.9989410638809204,
        0.02912655472755432,
        -0.9908969402313232,
        -0.07461224496364594,
        -0.026405800133943558,
        0.9968630075454712,
        3.904433012008667
    ],
    [
        0.9883535504341125,
        -0.04677777737379074,
        0.1448068916797638,
        -3.670485734939575,
        0.042280349880456924,
        0.9985275864601135,
        0.03398292139172554,
        -1.038520097732544,
        -0.14618326723575592,
        -0.027464648708701134,
        0.9888761043548584,
        4.2287092208862305
    ]
]