[
    [
        0.9999962449073792,
        -0.00041871334542520344,
        -0.002692652400583029,
        0.09014105051755905,
        0.00041126165888272226,
        0.9999961853027344,
        -0.0027676105964928865,
        0.015165001153945923,
        0.002693801186978817,
        0.0027664934750646353,
        0.9999924898147583,
        0.135390967130661
    ],
    [
        0.9999951124191284,
        -0.0004909897106699646,
        -0.003087836317718029,
        0.11104690283536911,
        0.00048272626008838415,
        0.9999963045120239,
        -0.00267639453522861,
        0.015708673745393753,
        0.0030891387723386288,
        0.0026748913805931807,
        0.9999916553497314,
        0.14751173555850983
    ],
    [
        0.9999970197677612,
        -0.0003963212657254189,
        -0.002404095372185111,
        0.14179359376430511,
        0.00038950477028265595,
        0.9999958872795105,
        -0.002835072809830308,
        0.017415989190340042,
        0.002405208768323064,
        0.002834128215909004,
        0.999993085861206,
        0.1661272644996643
    ],
    [
        0.9999954700469971,
        -0.00047851313138380647,
        -0.002967909211292863,
        0.16618774831295013,
        0.0004691988287959248,
        0.9999949336051941,
        -0.0031385228503495455,
        0.019534394145011902,
        0.002969395834952593,
        0.0031371163204312325,
        0.999990701675415,
        0.17957845330238342
    ],
    [
        0.9999861717224121,
        -0.0002636234858073294,
        -0.005250030197203159,
        0.1944539099931717,
        0.0002446455473545939,
        0.9999935030937195,
        -0.003615046152845025,
        0.02290947549045086,
        0.005250949412584305,
        0.003613711567595601,
        0.9999796152114868,
        0.19612455368041992
    ],
    [
        0.9999735355377197,
        -0.00016447230882477015,
        -0.007272809743881226,
        0.2163257896900177,
        0.0001389207027386874,
        0.9999938607215881,
        -0.0035136304795742035,
        0.02416330575942993,
        0.007273342926055193,
        0.0035125266294926405,
        0.9999673366546631,
        0.21005357801914215
    ],
    [
        0.9999424815177917,
        1.5340905520133674e-05,
        -0.010734864510595798,
        0.24055108428001404,
        -5.2302097174106166e-05,
        0.9999940991401672,
        -0.0034428169019520283,
        0.02592352405190468,
        0.010734748095273972,
        0.0034431801177561283,
        0.9999364614486694,
        0.22849944233894348
    ],
    [
        0.9999127984046936,
        -8.932487980928272e-05,
        -0.013212705962359905,
        0.2569770812988281,
        4.836312655243091e-05,
        0.9999952912330627,
        -0.0031004759948700666,
        0.02623959258198738,
        0.013212919235229492,
        0.0030995653942227364,
        0.9999078512191772,
        0.2420026808977127
    ],
    [
        0.9998639822006226,
        0.00010543807729845867,
        -0.016492318361997604,
        0.2809152901172638,
        -0.00015386690211016685,
        0.9999956488609314,
        -0.0029352116398513317,
        0.028692439198493958,
        0.016491936519742012,
        0.002937350422143936,
        0.9998596906661987,
        0.2672223448753357
    ],
    [
        0.9997820258140564,
        0.0001602046104380861,
        -0.02087695710361004,
        0.30701321363449097,
        -0.00021894638484809548,
        0.9999960064888,
        -0.0028114879969507456,
        0.03309524059295654,
        0.02087642252445221,
        0.002815446350723505,
        0.9997782111167908,
        0.30132120847702026
    ],
    [
        0.9996939897537231,
        6.276218482526019e-05,
        -0.02473525144159794,
        0.3280670642852783,
        -0.00012631680874619633,
        0.9999967217445374,
        -0.0025678486563265324,
        0.03849145770072937,
        0.02473500929772854,
        0.002570187207311392,
        0.9996908903121948,
        0.33479711413383484
    ],
    [
        0.999583899974823,
        0.0002477180096320808,
        -0.028844164684414864,
        0.3488396108150482,
        -0.00032311203540302813,
        0.9999966025352478,
        -0.002609208459034562,
        0.046015169471502304,
        0.02884341962635517,
        0.002617442514747381,
        0.9995805621147156,
        0.3700562119483948
    ],
    [
        0.9994839429855347,
        0.00026979477843269706,
        -0.03212052956223488,
        0.3663116991519928,
        -0.00035072420723736286,
        0.9999967217445374,
        -0.0025139397475868464,
        0.0512525700032711,
        0.0321197472512722,
        0.0025239083915948868,
        0.9994809031486511,
        0.4029914140701294
    ],
    [
        0.9993895292282104,
        0.00027959595900028944,
        -0.03493701294064522,
        0.37997326254844666,
        -0.0003607679973356426,
        0.9999971985816956,
        -0.002317099366337061,
        0.05444318801164627,
        0.034936267882585526,
        0.0023282894399017096,
        0.9993867874145508,
        0.43072545528411865
    ],
    [
        0.9992805123329163,
        0.0004833520797546953,
        -0.03792193531990051,
        0.3973069489002228,
        -0.000575113866943866,
        0.9999969005584717,
        -0.0024088863283395767,
        0.05768367275595665,
        0.03792065009474754,
        0.0024289623834192753,
        0.9992777705192566,
        0.46601682901382446
    ],
    [
        0.9991686344146729,
        0.00042956657125614583,
        -0.04076588526368141,
        0.4154723286628723,
        -0.0005352834705263376,
        0.9999964833259583,
        -0.0025823789183050394,
        0.06070835888385773,
        0.04076463356614113,
        0.0026020524092018604,
        0.999165415763855,
        0.5037626028060913
    ],
    [
        0.999049186706543,
        0.0004589156887959689,
        -0.043593745678663254,
        0.4329782724380493,
        -0.0005724343354813755,
        0.999996542930603,
        -0.0025915803853422403,
        0.062276385724544525,
        0.04359239712357521,
        0.002614070661365986,
        0.9990459084510803,
        0.5413584113121033
    ],
    [
        0.9989152550697327,
        0.0005803378880955279,
        -0.04656263440847397,
        0.448984831571579,
        -0.0007083761738613248,
        0.9999960064888,
        -0.0027333502657711506,
        0.06422355771064758,
        0.0465608686208725,
        0.0027633688878268003,
        0.9989117383956909,
        0.5778728127479553
    ],
    [
        0.9987711310386658,
        0.0009126059012487531,
        -0.04955178126692772,
        0.46339553594589233,
        -0.0010621512774378061,
        0.9999950528144836,
        -0.0029917305801063776,
        0.06695890426635742,
        0.04954880103468895,
        0.003040685784071684,
        0.9987671375274658,
        0.6134129166603088
    ],
    [
        0.9986810684204102,
        0.0011971782660111785,
        -0.0513298436999321,
        0.47374680638313293,
        -0.0013615370262414217,
        0.999994158744812,
        -0.0031671663746237755,
        0.06975945830345154,
        0.05132574960589409,
        0.0032328753732144833,
        0.9986767172813416,
        0.6407363414764404
    ],
    [
        0.9986269474029541,
        0.0012934751575812697,
        -0.052369438111782074,
        0.4854251742362976,
        -0.0014683579793199897,
        0.9999935030937195,
        -0.0033010714687407017,
        0.07388923317193985,
        0.05236482247710228,
        0.003373435465618968,
        0.9986222982406616,
        0.676730751991272
    ],
    [
        0.9985005855560303,
        0.0013664925936609507,
        -0.05472399666905403,
        0.496967613697052,
        -0.0015624815132468939,
        0.9999925494194031,
        -0.003538775024935603,
        0.07720661163330078,
        0.054718755185604095,
        0.0036189742386341095,
        0.9984952211380005,
        0.7142530679702759
    ],
    [
        0.998329222202301,
        0.0014090631157159805,
        -0.0577649287879467,
        0.509887158870697,
        -0.0016166289569810033,
        0.9999924302101135,
        -0.003546695690602064,
        0.0803966075181961,
        0.057759493589401245,
        0.0036341550294309855,
        0.9983239769935608,
        0.7523333430290222
    ],
    [
        0.9982715845108032,
        0.0014797274488955736,
        -0.05875151604413986,
        0.5231375694274902,
        -0.0016741157742217183,
        0.9999933242797852,
        -0.0032595572993159294,
        0.08308777213096619,
        0.058746304363012314,
        0.0033522802405059338,
        0.9982672929763794,
        0.7911919951438904
    ],
    [
        0.9982367753982544,
        0.0014476421056315303,
        -0.05934063717722893,
        0.5382372140884399,
        -0.0016318451380357146,
        0.9999940395355225,
        -0.0030558216385543346,
        0.08564918488264084,
        0.0593358613550663,
        0.003147267736494541,
        0.9982330799102783,
        0.8395293951034546
    ]
]