[
    [
        0.9866930842399597,
        0.005199790932238102,
        -0.1625104397535324,
        -0.032599519938230515,
        -0.017008835449814796,
        0.9973055720329285,
        -0.07135985046625137,
        -0.13415513932704926,
        0.1617015153169632,
        0.0731743797659874,
        0.9841229319572449,
        0.26765602827072144
    ],
    [
        0.986651599407196,
        0.004805185366421938,
        -0.16277435421943665,
        -0.030762700363993645,
        -0.016792122274637222,
        0.997238278388977,
        -0.07234591990709305,
        -0.13315406441688538,
        0.161977156996727,
        0.07411354780197144,
        0.9840074181556702,
        0.2584994435310364
    ],
    [
        0.9865336418151855,
        0.004722305107861757,
        -0.1634899377822876,
        -0.02879403904080391,
        -0.016903631389141083,
        0.9971742033958435,
        -0.07319740206003189,
        -0.13218843936920166,
        0.16268227994441986,
        0.07497528940439224,
        0.9838257431983948,
        0.24729801714420319
    ],
    [
        0.9864851236343384,
        0.004498031921684742,
        -0.16378909349441528,
        -0.02683267928659916,
        -0.016894506290555,
        0.9970875382423401,
        -0.07437153905630112,
        -0.12933789193630219,
        0.16297751665115356,
        0.07613355666399002,
        0.9836879968643188,
        0.2298983782529831
    ],
    [
        0.9864930510520935,
        0.004401770420372486,
        -0.16374364495277405,
        -0.02611955627799034,
        -0.016910554841160774,
        0.9970343112945557,
        -0.07507728040218353,
        -0.12759073078632355,
        0.16292758285999298,
        0.07683221995830536,
        0.9836418628692627,
        0.21440169215202332
    ],
    [
        0.986577570438385,
        0.004287320654839277,
        -0.16323673725128174,
        -0.025726191699504852,
        -0.01688716746866703,
        0.9969740509986877,
        -0.07587845623493195,
        -0.12596365809440613,
        0.16241750121116638,
        0.07761658728122711,
        0.9836646914482117,
        0.1967397779226303
    ],
    [
        0.986567497253418,
        0.004174111410975456,
        -0.16330106556415558,
        -0.02637181431055069,
        -0.016942312940955162,
        0.9968968629837036,
        -0.07687381654977798,
        -0.12250799685716629,
        0.1624734252691269,
        0.07860790193080902,
        0.9835767149925232,
        0.17069032788276672
    ],
    [
        0.9865964651107788,
        0.003921459428966045,
        -0.1631317436695099,
        -0.027287853881716728,
        -0.01681067794561386,
        0.9968346357345581,
        -0.07770597189664841,
        -0.11961304396390915,
        0.1623106300830841,
        0.07940679788589478,
        0.9835394620895386,
        0.14876481890678406
    ],
    [
        0.9866371154785156,
        0.0040060305036604404,
        -0.16288378834724426,
        -0.02784518338739872,
        -0.017008500173687935,
        0.9967681169509888,
        -0.07851079106330872,
        -0.11469440162181854,
        0.16204285621643066,
        0.08023206144571304,
        0.9835165143013,
        0.11726930737495422
    ],
    [
        0.9867234826087952,
        0.0038632440846413374,
        -0.16236381232738495,
        -0.027682719752192497,
        -0.016893509775400162,
        0.9967353940010071,
        -0.07894979417324066,
        -0.1114623099565506,
        0.16152876615524292,
        0.08064450323581696,
        0.983567476272583,
        0.09246539324522018
    ],
    [
        0.9869676828384399,
        0.0034494521096348763,
        -0.16088183224201202,
        -0.028945855796337128,
        -0.016429265961050987,
        0.9967058897018433,
        -0.07941891252994537,
        -0.1080804392695427,
        0.16007794439792633,
        0.0810270681977272,
        0.9837732315063477,
        0.06817064434289932
    ],
    [
        0.9871583580970764,
        0.003227838082239032,
        -0.15971191227436066,
        -0.028699101880192757,
        -0.016130853444337845,
        0.9966996312141418,
        -0.07955901324748993,
        -0.1048605665564537,
        0.1589280068874359,
        0.08111363649368286,
        0.9839524626731873,
        0.03547132760286331
    ],
    [
        0.9873956441879272,
        0.003058618400245905,
        -0.15824194252490997,
        -0.028817998245358467,
        -0.015900183469057083,
        0.9966721534729004,
        -0.07994930446147919,
        -0.1025865450501442,
        0.15747079253196716,
        0.08145766705274582,
        0.9841582775115967,
        0.010884569957852364
    ],
    [
        0.9875322580337524,
        0.0023635218385607004,
        -0.1573989987373352,
        -0.028109995648264885,
        -0.015159910544753075,
        0.9966675639152527,
        -0.08014825731515884,
        -0.09963417053222656,
        0.15668506920337677,
        0.08153513818979263,
        0.9842772483825684,
        -0.013767938129603863
    ],
    [
        0.9876806735992432,
        0.0022710368502885103,
        -0.15646608173847198,
        -0.02567126974463463,
        -0.015041493810713291,
        0.9966424703598022,
        -0.08048249036073685,
        -0.09538029134273529,
        0.15575797855854034,
        0.08184448629617691,
        0.9843987226486206,
        -0.04850727692246437
    ],
    [
        0.987886369228363,
        0.0019315793178975582,
        -0.1551676243543625,
        -0.021266475319862366,
        -0.014707200229167938,
        0.9965870380401611,
        -0.08122863620519638,
        -0.09174668788909912,
        0.15448112785816193,
        0.08252674341201782,
        0.9845429062843323,
        -0.07588768005371094
    ],
    [
        0.9879885911941528,
        0.001434078672900796,
        -0.1545201689004898,
        -0.013798761181533337,
        -0.01422122586518526,
        0.9965571761131287,
        -0.08168037980794907,
        -0.08817247301340103,
        0.15387104451656342,
        0.08289674669504166,
        0.9846073985099792,
        -0.11565554141998291
    ],
    [
        0.9880995154380798,
        0.0009647284750826657,
        -0.15381251275539398,
        -0.009093569591641426,
        -0.013879425823688507,
        0.9964601993560791,
        -0.08291225135326385,
        -0.08549899607896805,
        0.1531880497932434,
        0.08406039327383041,
        0.9846153855323792,
        -0.14876452088356018
    ],
    [
        0.9881108403205872,
        0.0009398795664310455,
        -0.15374040603637695,
        -0.006461517419666052,
        -0.013976923190057278,
        0.996389627456665,
        -0.08374026417732239,
        -0.08365204930305481,
        0.15310664474964142,
        0.08489349484443665,
        0.9845564365386963,
        -0.18345840275287628
    ],
    [
        0.9881303906440735,
        0.0009877613047137856,
        -0.15361396968364716,
        -0.003749307943508029,
        -0.014143919572234154,
        0.99631667137146,
        -0.0845750942826271,
        -0.07917030155658722,
        0.15296459197998047,
        0.08574393391609192,
        0.9845048189163208,
        -0.2302352339029312
    ],
    [
        0.9881994128227234,
        0.0008686737273819745,
        -0.15317048132419586,
        -0.00410410575568676,
        -0.014001233503222466,
        0.9963098764419556,
        -0.08468043804168701,
        -0.07577957212924957,
        0.152531698346138,
        0.08582572638988495,
        0.9845649003982544,
        -0.26494836807250977
    ],
    [
        0.9882373809814453,
        0.0006946010980755091,
        -0.15292638540267944,
        -0.006483584176748991,
        -0.013866143301129341,
        0.9962776303291321,
        -0.08508031815290451,
        -0.07214339822530746,
        0.15229803323745728,
        0.0862000435590744,
        0.9845684766769409,
        -0.29814082384109497
    ],
    [
        0.9883573651313782,
        0.0009916278067976236,
        -0.15214712917804718,
        -0.013877326622605324,
        -0.014108260162174702,
        0.9962677955627441,
        -0.0851549282670021,
        -0.06677133589982986,
        0.1514948457479477,
        0.08631002902984619,
        0.9846826791763306,
        -0.3411500155925751
    ],
    [
        0.9882259368896484,
        0.0011992421932518482,
        -0.15299691259860992,
        -0.021041223779320717,
        -0.014373688027262688,
        0.9962745308876038,
        -0.08503229916095734,
        -0.06273944675922394,
        0.15232494473457336,
        0.08623024821281433,
        0.9845615029335022,
        -0.37502777576446533
    ],
    [
        0.987802267074585,
        0.0015336015494540334,
        -0.15570618212223053,
        -0.032622240483760834,
        -0.01495872437953949,
        0.9962613582611084,
        -0.08508586883544922,
        -0.05827682837843895,
        0.15499354898929596,
        0.08637716621160507,
        0.9841319918632507,
        -0.41943955421447754
    ]
]