[
    [
        0.9718549847602844,
        0.013073146343231201,
        -0.2352169007062912,
        -0.09549695253372192,
        -0.013309325091540813,
        0.9999113082885742,
        0.0005835049669258296,
        -0.02392878569662571,
        0.23520363867282867,
        0.0025634963531047106,
        0.971942663192749,
        0.4448598027229309
    ],
    [
        0.9486581087112427,
        0.01729743927717209,
        -0.31583020091056824,
        -0.1717604696750641,
        -0.017556708306074142,
        0.9998438358306885,
        0.002024589804932475,
        -0.03456638753414154,
        0.31581589579582214,
        0.0036242948845028877,
        0.9488136172294617,
        0.619912326335907
    ],
    [
        0.9210677146911621,
        0.023751936852931976,
        -0.3886775076389313,
        -0.26153329014778137,
        -0.02273082360625267,
        0.9997155070304871,
        0.007225919980555773,
        -0.05422789976000786,
        0.38873857259750366,
        0.0021793979685753584,
        0.9213455319404602,
        0.8130711913108826
    ],
    [
        0.893819272518158,
        0.026273036375641823,
        -0.4476569890975952,
        -0.332142174243927,
        -0.024471014738082886,
        0.9996523857116699,
        0.00980938971042633,
        -0.06623992323875427,
        0.44775909185409546,
        0.0021867966279387474,
        0.8941515684127808,
        1.002078890800476
    ],
    [
        0.8679831624031067,
        0.03867564722895622,
        -0.4950852394104004,
        -0.41075512766838074,
        -0.03434773534536362,
        0.999250590801239,
        0.017842203378677368,
        -0.08812325447797775,
        0.49540430307388306,
        0.0015183220384642482,
        0.8686612248420715,
        1.2025938034057617
    ],
    [
        0.8613678812980652,
        0.04043962433934212,
        -0.506369411945343,
        -0.4874108135700226,
        -0.0340779572725296,
        0.9991807341575623,
        0.021827615797519684,
        -0.10242514312267303,
        0.5068373084068298,
        -0.0015455670654773712,
        0.8620403409004211,
        1.3257845640182495
    ],
    [
        0.8678897023200989,
        0.040576040744781494,
        -0.4950971007347107,
        -0.5859753489494324,
        -0.03272467479109764,
        0.9991635680198669,
        0.0245218388736248,
        -0.12287654727697372,
        0.4956779479980469,
        -0.005080357659608126,
        0.868491530418396,
        1.4403175115585327
    ],
    [
        0.8797974586486816,
        0.03415602073073387,
        -0.47412002086639404,
        -0.6746161580085754,
        -0.02581395022571087,
        0.9993763566017151,
        0.024094482883810997,
        -0.13580898940563202,
        0.47464731335639954,
        -0.008959355764091015,
        0.8801303505897522,
        1.6552878618240356
    ],
    [
        0.9011061787605286,
        0.028500208631157875,
        -0.43266069889068604,
        -0.755576491355896,
        -0.02001381851732731,
        0.9995078444480896,
        0.0241565965116024,
        -0.15481263399124146,
        0.4331362545490265,
        -0.013108466751873493,
        0.9012331962585449,
        1.8618024587631226
    ],
    [
        0.9308464527130127,
        0.02090279571712017,
        -0.364812433719635,
        -0.8418568968772888,
        -0.013841409236192703,
        0.9996630549430847,
        0.0219606664031744,
        -0.17174577713012695,
        0.3651486039161682,
        -0.015392488799989223,
        0.93082195520401,
        2.088869094848633
    ],
    [
        0.9595212340354919,
        0.0146920345723629,
        -0.281252920627594,
        -0.9205593466758728,
        -0.009175769984722137,
        0.9997391104698181,
        0.020920148119330406,
        -0.18954648077487946,
        0.2814868986606598,
        -0.017492610961198807,
        0.9594056010246277,
        2.2994208335876465
    ],
    [
        0.9834582805633545,
        0.005478383507579565,
        -0.18105189502239227,
        -0.9638286828994751,
        -0.0023055842611938715,
        0.9998401999473572,
        0.017730066552758217,
        -0.1999320238828659,
        0.18112006783485413,
        -0.017019348219037056,
        0.9833135604858398,
        2.5007412433624268
    ],
    [
        0.996867835521698,
        -0.0068044038489460945,
        -0.07879216223955154,
        -0.9835821390151978,
        0.008160216733813286,
        0.9998239278793335,
        0.01689828187227249,
        -0.2214091569185257,
        0.07866331934928894,
        -0.01748831197619438,
        0.9967478513717651,
        2.6922760009765625
    ],
    [
        0.9996715188026428,
        -0.01652611792087555,
        0.019587256014347076,
        -0.9969832301139832,
        0.016209101304411888,
        0.9997368454933167,
        0.016233453527092934,
        -0.23441831767559052,
        -0.01985020749270916,
        -0.015910634770989418,
        0.9996764659881592,
        2.8600597381591797
    ],
    [
        0.9908881187438965,
        -0.024574503302574158,
        0.13242679834365845,
        -1.0341684818267822,
        0.022402990609407425,
        0.9995893836021423,
        0.01786317490041256,
        -0.2540012300014496,
        -0.13281121850013733,
        -0.014733663760125637,
        0.9910318851470947,
        3.0532493591308594
    ],
    [
        0.9728326797485352,
        -0.03177929297089577,
        0.22931784391403198,
        -1.0213006734848022,
        0.028442760929465294,
        0.9994361996650696,
        0.017841294407844543,
        -0.2729818820953369,
        -0.22975537180900574,
        -0.01083416398614645,
        0.9731881022453308,
        3.2045514583587646
    ],
    [
        0.9437416791915894,
        -0.04390097036957741,
        0.3277566432952881,
        -0.9619433879852295,
        0.03973953425884247,
        0.9990218877792358,
        0.01938687078654766,
        -0.2887662351131439,
        -0.3282873332500458,
        -0.005271308124065399,
        0.9445632696151733,
        3.3843650817871094
    ],
    [
        0.9062857627868652,
        -0.051587872207164764,
        0.41950538754463196,
        -0.8824335932731628,
        0.04781470447778702,
        0.9986656904220581,
        0.01951170153915882,
        -0.2994978427886963,
        -0.41995230317115784,
        0.00237534218467772,
        0.9075431227684021,
        3.568108558654785
    ],
    [
        0.8514969348907471,
        -0.059805262833833694,
        0.520937979221344,
        -0.7924541234970093,
        0.05670562759041786,
        0.9981507062911987,
        0.021902836859226227,
        -0.30997398495674133,
        -0.5212845206260681,
        0.010889923200011253,
        0.8533133864402771,
        3.7773687839508057
    ],
    [
        0.7873328924179077,
        -0.06495217978954315,
        0.6130971908569336,
        -0.6863161325454712,
        0.06285545229911804,
        0.9977099299430847,
        0.02498014271259308,
        -0.3207937479019165,
        -0.6133155822753906,
        0.018868805840611458,
        0.7896124720573425,
        3.9766268730163574
    ],
    [
        0.7279844284057617,
        -0.06671028584241867,
        0.6823404431343079,
        -0.5801588892936707,
        0.06660676002502441,
        0.9974284768104553,
        0.026453152298927307,
        -0.32791081070899963,
        -0.6823504567146301,
        0.02619100734591484,
        0.7305558919906616,
        4.1125335693359375
    ],
    [
        0.6581750512123108,
        -0.06586233526468277,
        0.7499785423278809,
        -0.45249322056770325,
        0.06876461207866669,
        0.9972611665725708,
        0.027231181040406227,
        -0.3402959108352661,
        -0.7497178912162781,
        0.03364909440279007,
        0.6609014272689819,
        4.26399040222168
    ],
    [
        0.5924943685531616,
        -0.06394890695810318,
        0.803032398223877,
        -0.2981610596179962,
        0.07022155821323395,
        0.997149646282196,
        0.02759634144604206,
        -0.34499210119247437,
        -0.8025081157684326,
        0.04003950208425522,
        0.5952961444854736,
        4.4052300453186035
    ],
    [
        0.519765317440033,
        -0.060734331607818604,
        0.8521475195884705,
        -0.14518295228481293,
        0.06857847422361374,
        0.997217059135437,
        0.02924446575343609,
        -0.35742318630218506,
        -0.8515521287918091,
        0.04323871433734894,
        0.5224838256835938,
        4.574533939361572
    ],
    [
        0.46824926137924194,
        -0.0578983910381794,
        0.8816975951194763,
        0.021800873801112175,
        0.06806349009275436,
        0.9972495436668396,
        0.029339393600821495,
        -0.36486974358558655,
        -0.8809710144996643,
        0.04627326503396034,
        0.47090208530426025,
        4.696718215942383
    ]
]