[
    [
        0.9783000349998474,
        0.041011303663253784,
        -0.20309418439865112,
        -0.2220209687948227,
        -0.04114921763539314,
        0.9991468191146851,
        0.0035453157033771276,
        0.05565466731786728,
        0.20306627452373505,
        0.00488878320902586,
        0.9791528582572937,
        0.06869864463806152
    ],
    [
        0.9688045978546143,
        0.04782517999410629,
        -0.24316726624965668,
        -0.2750522196292877,
        -0.048156898468732834,
        0.9988292455673218,
        0.004583526402711868,
        0.07892449200153351,
        0.2431018054485321,
        0.007269639056175947,
        0.9699734449386597,
        0.10511192679405212
    ],
    [
        0.9562638998031616,
        0.05567345395684242,
        -0.28715819120407104,
        -0.33817431330680847,
        -0.056012336164712906,
        0.9984052777290344,
        0.007041765842586756,
        0.10986630618572235,
        0.28709226846694946,
        0.009350612759590149,
        0.9578572511672974,
        0.14582915604114532
    ],
    [
        0.9432485699653625,
        0.061645880341529846,
        -0.32631558179855347,
        -0.39828044176101685,
        -0.0626211017370224,
        0.9980090260505676,
        0.007526075467467308,
        0.13706190884113312,
        0.32612985372543335,
        0.013335282914340496,
        0.9452308416366577,
        0.1813672035932541
    ],
    [
        0.932895839214325,
        0.0662941187620163,
        -0.3539920449256897,
        -0.44894060492515564,
        -0.06699933111667633,
        0.9977000951766968,
        0.010277794674038887,
        0.16029971837997437,
        0.3538592755794525,
        0.01412911806255579,
        0.9351919293403625,
        0.2079439014196396
    ],
    [
        0.920060932636261,
        0.07174482196569443,
        -0.38515016436576843,
        -0.512826681137085,
        -0.07297652959823608,
        0.99726802110672,
        0.011439608410000801,
        0.18710316717624664,
        0.3849186897277832,
        0.017581788823008537,
        0.9227830171585083,
        0.23972485959529877
    ],
    [
        0.9073547720909119,
        0.07684151083230972,
        -0.4132826030254364,
        -0.5831063985824585,
        -0.07836174964904785,
        0.9968363642692566,
        0.013299565762281418,
        0.22094035148620605,
        0.4129970073699951,
        0.02031812258064747,
        0.9105056524276733,
        0.2728731632232666
    ],
    [
        0.8974001407623291,
        0.0808027982711792,
        -0.433755487203598,
        -0.6452661156654358,
        -0.08272191137075424,
        0.9964673519134521,
        0.014484423212707043,
        0.24851225316524506,
        0.43339359760284424,
        0.02288275770843029,
        0.9009141325950623,
        0.29766473174095154
    ],
    [
        0.8870986700057983,
        0.08469843119382858,
        -0.4537424147129059,
        -0.7208608984947205,
        -0.08743656426668167,
        0.996057391166687,
        0.014985661022365093,
        0.2874222695827484,
        0.45322272181510925,
        0.026379914954304695,
        0.8910070061683655,
        0.32544252276420593
    ],
    [
        0.8774321675300598,
        0.08803903311491013,
        -0.4715527296066284,
        -0.7938275337219238,
        -0.0910300612449646,
        0.9957112073898315,
        0.016517240554094315,
        0.3205358684062958,
        0.47098448872566223,
        0.02843271754682064,
        0.8816831111907959,
        0.342812180519104
    ],
    [
        0.8681578040122986,
        0.09013456851243973,
        -0.4880346655845642,
        -0.8623487949371338,
        -0.09390268474817276,
        0.9954394698143005,
        0.016804484650492668,
        0.34468457102775574,
        0.4873235821723938,
        0.031238816678524017,
        0.8726626038551331,
        0.3571512997150421
    ],
    [
        0.861556351184845,
        0.09153556823730469,
        -0.49934133887290955,
        -0.9220299124717712,
        -0.09609314799308777,
        0.9952331781387329,
        0.01664106734097004,
        0.36086878180503845,
        0.498484343290329,
        0.03364606201648712,
        0.8662453889846802,
        0.36879879236221313
    ],
    [
        0.8526753187179565,
        0.094539575278759,
        -0.5138161778450012,
        -0.9979318976402283,
        -0.09959983825683594,
        0.9948689341545105,
        0.01776542142033577,
        0.3791203200817108,
        0.5128592848777771,
        0.036027874797582626,
        0.8577163219451904,
        0.3817080557346344
    ],
    [
        0.8427219390869141,
        0.09804555773735046,
        -0.5293456315994263,
        -1.078131914138794,
        -0.1033630520105362,
        0.9944498538970947,
        0.01963759958744049,
        0.3910762071609497,
        0.5283330082893372,
        0.03816573694348335,
        0.848179042339325,
        0.3948237895965576
    ],
    [
        0.82981276512146,
        0.10245314985513687,
        -0.5485563278198242,
        -1.1466073989868164,
        -0.10833156108856201,
        0.9938768148422241,
        0.021749630570411682,
        0.39767932891845703,
        0.5474257469177246,
        0.04137784242630005,
        0.8358307480812073,
        0.40525099635124207
    ],
    [
        0.8091055750846863,
        0.10756062716245651,
        -0.5777360796928406,
        -1.2250062227249146,
        -0.1141560897231102,
        0.9931475520133972,
        0.025027401745319366,
        0.40586385130882263,
        0.5764690637588501,
        0.045702286064624786,
        0.815839946269989,
        0.41768890619277954
    ],
    [
        0.7853947281837463,
        0.11271313577890396,
        -0.608646810054779,
        -1.297882318496704,
        -0.11996866017580032,
        0.9923549890518188,
        0.02896379865705967,
        0.41483643651008606,
        0.6072582602500916,
        0.05027056857943535,
        0.7929125428199768,
        0.4214138388633728
    ],
    [
        0.7604345083236694,
        0.11823125928640366,
        -0.6385615468025208,
        -1.3721777200698853,
        -0.12605156004428864,
        0.9914591312408447,
        0.03346208482980728,
        0.4244888722896576,
        0.6370639801025391,
        0.0550459660589695,
        0.7688429355621338,
        0.4186622202396393
    ],
    [
        0.7387980818748474,
        0.12224651128053665,
        -0.6627466678619385,
        -1.4398537874221802,
        -0.1309441179037094,
        0.9907076358795166,
        0.03677018731832504,
        0.43678948283195496,
        0.6610831618309021,
        0.05961701273918152,
        0.7479404211044312,
        0.41471588611602783
    ],
    [
        0.7127477526664734,
        0.1269903928041458,
        -0.6898289918899536,
        -1.5276602506637573,
        -0.13677829504013062,
        0.9897577166557312,
        0.04088155925273895,
        0.4479806423187256,
        0.6879550814628601,
        0.06521543115377426,
        0.7228171825408936,
        0.40452781319618225
    ],
    [
        0.6827682256698608,
        0.1330191195011139,
        -0.7184242606163025,
        -1.6169521808624268,
        -0.14299289882183075,
        0.988599956035614,
        0.04714714735746384,
        0.4548282027244568,
        0.716505765914917,
        0.0705389752984047,
        0.6940056085586548,
        0.3860468864440918
    ],
    [
        0.6576251983642578,
        0.13581600785255432,
        -0.7410014867782593,
        -1.6905639171600342,
        -0.14683891832828522,
        0.9878578782081604,
        0.050744760781526566,
        0.45753243565559387,
        0.7388961315155029,
        0.07543680816888809,
        0.6695832014083862,
        0.3676794767379761
    ],
    [
        0.6304435729980469,
        0.14088748395442963,
        -0.7633424401283264,
        -1.7665685415267944,
        -0.15153315663337708,
        0.9868084788322449,
        0.05698079243302345,
        0.458300918340683,
        0.7613006234169006,
        0.0797484889626503,
        0.6434763073921204,
        0.34194064140319824
    ],
    [
        0.6020917296409607,
        0.1452864706516266,
        -0.7850971817970276,
        -1.8336833715438843,
        -0.15591612458229065,
        0.985768735408783,
        0.06284968554973602,
        0.46043604612350464,
        0.7830554246902466,
        0.08456802368164062,
        0.6161753535270691,
        0.3171469271183014
    ],
    [
        0.5723888278007507,
        0.14848297834396362,
        -0.8064265251159668,
        -1.8947044610977173,
        -0.1603841483592987,
        0.984745442867279,
        0.06747777760028839,
        0.4654974937438965,
        0.8041442036628723,
        0.09071452915668488,
        0.587471604347229,
        0.29190245270729065
    ]
]