[
    [
        0.2739008665084839,
        -0.165909543633461,
        0.947339653968811,
        -0.19158387184143066,
        0.1373497098684311,
        0.9816596508026123,
        0.1322086751461029,
        -0.1761411726474762,
        -0.9518998861312866,
        0.09390474110841751,
        0.29166510701179504,
        1.3962328433990479
    ],
    [
        0.24591314792633057,
        -0.17125871777534485,
        0.9540425539016724,
        -0.14045442640781403,
        0.1397782862186432,
        0.9802451729774475,
        0.13993318378925323,
        -0.17320093512535095,
        -0.959160327911377,
        0.09894301742315292,
        0.26499345898628235,
        1.4055640697479248
    ],
    [
        0.21891513466835022,
        -0.17593537271022797,
        0.9597514867782593,
        -0.08908233791589737,
        0.14318570494651794,
        0.9787541627883911,
        0.1467587798833847,
        -0.17168353497982025,
        -0.9651808738708496,
        0.10529496520757675,
        0.23945555090904236,
        1.4139572381973267
    ],
    [
        0.19223585724830627,
        -0.18094268441200256,
        0.9645232558250427,
        -0.04044540971517563,
        0.14473749697208405,
        0.9773337841033936,
        0.15449878573417664,
        -0.17160779237747192,
        -0.9706165790557861,
        0.10990246385335922,
        0.21406777203083038,
        1.4261634349822998
    ],
    [
        0.16842001676559448,
        -0.18431159853935242,
        0.9683305025100708,
        0.004914064891636372,
        0.14606009423732758,
        0.976185142993927,
        0.16040270030498505,
        -0.16961094737052917,
        -0.9748339653015137,
        0.11441941559314728,
        0.1913297027349472,
        1.4355918169021606
    ],
    [
        0.14191485941410065,
        -0.18633300065994263,
        0.9721832275390625,
        0.049276966601610184,
        0.14874376356601715,
        0.9749864339828491,
        0.16515731811523438,
        -0.17018663883209229,
        -0.9786394834518433,
        0.12116791307926178,
        0.16608092188835144,
        1.454717755317688
    ],
    [
        0.11707228422164917,
        -0.1877754032611847,
        0.9752099514007568,
        0.08976709842681885,
        0.15033464133739471,
        0.9739974737167358,
        0.16949452459812164,
        -0.17121033370494843,
        -0.9816789031028748,
        0.12676472961902618,
        0.14225725829601288,
        1.4758355617523193
    ],
    [
        0.09331279247999191,
        -0.1897749900817871,
        0.9773833155632019,
        0.13239358365535736,
        0.15160062909126282,
        0.9729281663894653,
        0.17443633079528809,
        -0.17332395911216736,
        -0.9840273857116699,
        0.1318948119878769,
        0.11955666542053223,
        1.4964097738265991
    ],
    [
        0.07247380912303925,
        -0.1917475014925003,
        0.9787647128105164,
        0.17073796689510345,
        0.15203265845775604,
        0.9720010161399841,
        0.17916497588157654,
        -0.17519356310367584,
        -0.985714852809906,
        0.1358194202184677,
        0.0995965227484703,
        1.5164345502853394
    ],
    [
        0.054135143756866455,
        -0.193603515625,
        0.9795850515365601,
        0.20693878829479218,
        0.15241073071956635,
        0.9711307287216187,
        0.18350990116596222,
        -0.17689815163612366,
        -0.9868334531784058,
        0.13936492800712585,
        0.08207956701517105,
        1.534345030784607
    ],
    [
        0.04015786200761795,
        -0.19553633034229279,
        0.9798739552497864,
        0.25023153424263,
        0.15337508916854858,
        0.9702492952346802,
        0.18733000755310059,
        -0.17672669887542725,
        -0.9873517155647278,
        0.14276549220085144,
        0.06895355135202408,
        1.5414003133773804
    ],
    [
        0.03004094585776329,
        -0.19792471826076508,
        0.979756772518158,
        0.29958975315093994,
        0.15454399585723877,
        0.9693320393562317,
        0.19108016788959503,
        -0.1747845858335495,
        -0.9875290393829346,
        0.14567530155181885,
        0.05970770865678787,
        1.5402843952178955
    ],
    [
        0.021417034789919853,
        -0.20039068162441254,
        0.9794819951057434,
        0.3557237982749939,
        0.15592613816261292,
        0.9683876633644104,
        0.19471152126789093,
        -0.1728183478116989,
        -0.9875364899635315,
        0.1485566943883896,
        0.05198612064123154,
        1.538292646408081
    ],
    [
        0.016960619017481804,
        -0.20271162688732147,
        0.9790916442871094,
        0.39898329973220825,
        0.15607823431491852,
        0.9677649140357971,
        0.197662815451622,
        -0.17104367911815643,
        -0.9875990152359009,
        0.14946240186691284,
        0.04805277660489082,
        1.538236141204834
    ],
    [
        0.015088939107954502,
        -0.20400580763816833,
        0.9788534045219421,
        0.4427335858345032,
        0.15653195977210999,
        0.967376172542572,
        0.19920088350772858,
        -0.1673325151205063,
        -0.987557590007782,
        0.15021608769893646,
        0.046530093997716904,
        1.5366384983062744
    ],
    [
        0.015534290112555027,
        -0.20514962077140808,
        0.9786072373390198,
        0.48615363240242004,
        0.15633220970630646,
        0.9671870470046997,
        0.20027390122413635,
        -0.16280774772167206,
        -0.9875823259353638,
        0.14987672865390778,
        0.047096047550439835,
        1.5364863872528076
    ],
    [
        0.01828613504767418,
        -0.20595814287662506,
        0.9783899188041687,
        0.5285394787788391,
        0.1568225920200348,
        0.9670324325561523,
        0.20063626766204834,
        -0.15924127399921417,
        -0.9874575138092041,
        0.1497647613286972,
        0.049982208758592606,
        1.5365326404571533
    ],
    [
        0.023026717826724052,
        -0.2058870494365692,
        0.9783047437667847,
        0.5710040926933289,
        0.1565241515636444,
        0.9672386050224304,
        0.19987402856349945,
        -0.15435677766799927,
        -0.9874055981636047,
        0.1485258936882019,
        0.054498590528964996,
        1.53709876537323
    ],
    [
        0.029684415087103844,
        -0.2051522582769394,
        0.9782797694206238,
        0.6106877326965332,
        0.15550969541072845,
        0.9677417874336243,
        0.19822369515895844,
        -0.14945492148399353,
        -0.9873882532119751,
        0.14624786376953125,
        0.06063001602888107,
        1.5405924320220947
    ],
    [
        0.03830942139029503,
        -0.20392410457134247,
        0.9782368540763855,
        0.651298463344574,
        0.1538928598165512,
        0.9684804677963257,
        0.1958635449409485,
        -0.14437590539455414,
        -0.9873445630073547,
        0.143040269613266,
        0.06848437339067459,
        1.5422574281692505
    ],
    [
        0.047535739839076996,
        -0.203337624669075,
        0.9779539704322815,
        0.6897870898246765,
        0.15165500342845917,
        0.9691799283027649,
        0.19414176046848297,
        -0.1418713480234146,
        -0.9872897863388062,
        0.13908295333385468,
        0.07690787315368652,
        1.5467709302902222
    ],
    [
        0.06087886914610863,
        -0.20272183418273926,
        0.9773421883583069,
        0.7308164238929749,
        0.15223096311092377,
        0.969589352607727,
        0.19163121283054352,
        -0.1402691751718521,
        -0.9864681363105774,
        0.1371154487133026,
        0.08988811820745468,
        1.541138768196106
    ],
    [
        0.07398267090320587,
        -0.20224368572235107,
        0.9765368700027466,
        0.7720609903335571,
        0.152747243642807,
        0.9699638485908508,
        0.1893102526664734,
        -0.13917487859725952,
        -0.9854921102523804,
        0.13515762984752655,
        0.10265263170003891,
        1.5376757383346558
    ],
    [
        0.09011520445346832,
        -0.2003910392522812,
        0.9755628108978271,
        0.8132822513580322,
        0.15295188128948212,
        0.9707122445106506,
        0.18526609241962433,
        -0.13678251206874847,
        -0.9841163754463196,
        0.13251885771751404,
        0.11812611669301987,
        1.5323108434677124
    ],
    [
        0.11063944548368454,
        -0.1921040117740631,
        0.9751178622245789,
        0.8637886047363281,
        0.1521286964416504,
        0.9728528261184692,
        0.17439685761928558,
        -0.12841983139514923,
        -0.9821484684944153,
        0.12904825806617737,
        0.13686035573482513,
        1.5321614742279053
    ]
]