[
    [
        0.9999724626541138,
        0.00325617752969265,
        0.00666880002245307,
        0.03333886340260506,
        -0.003285900689661503,
        0.9999847412109375,
        0.00445103133097291,
        0.09434585273265839,
        -0.006654204335063696,
        -0.004472822416573763,
        0.9999678134918213,
        -0.006570333614945412
    ],
    [
        0.9999743700027466,
        0.002974496455863118,
        0.0065228380262851715,
        0.034524593502283096,
        -0.003017920069396496,
        0.9999732971191406,
        0.00665751239284873,
        0.09970355033874512,
        -0.006502860691398382,
        -0.0066770268604159355,
        0.9999566078186035,
        -0.006391194649040699
    ],
    [
        0.9999732971191406,
        0.002633016323670745,
        0.006816331762820482,
        0.03619350865483284,
        -0.0026985378935933113,
        0.9999501705169678,
        0.009621035307645798,
        0.10852757841348648,
        -0.006790659856051207,
        -0.00963917188346386,
        0.9999303817749023,
        -0.005921561736613512
    ],
    [
        0.9999714493751526,
        0.0022252986673265696,
        0.007236155681312084,
        0.03773519769310951,
        -0.002318144775927067,
        0.999914824962616,
        0.012847954407334328,
        0.11761474609375,
        -0.007206948008388281,
        -0.012864361517131329,
        0.9998912811279297,
        -0.006201112177222967
    ],
    [
        0.9999703764915466,
        0.0019698392134159803,
        0.007445478346198797,
        0.039207812398672104,
        -0.002089680405333638,
        0.9998677968978882,
        0.016122382134199142,
        0.12677782773971558,
        -0.007412735838443041,
        -0.016137463971972466,
        0.9998422861099243,
        -0.005614203866571188
    ],
    [
        0.9999746680259705,
        0.0019018894527107477,
        0.006872933823615313,
        0.040720075368881226,
        -0.002031925832852721,
        0.9998180866241455,
        0.01896294765174389,
        0.13645216822624207,
        -0.006835618056356907,
        -0.018976429477334023,
        0.9997965693473816,
        -0.005536166951060295
    ],
    [
        0.9999837279319763,
        0.001962426118552685,
        0.005361304152756929,
        0.041625093668699265,
        -0.002074990188702941,
        0.9997758269309998,
        0.021071404218673706,
        0.1461925208568573,
        -0.005318750627338886,
        -0.021082185208797455,
        0.9997636675834656,
        -0.005865948274731636
    ],
    [
        0.9999925494194031,
        0.002198689617216587,
        0.0032016874756664038,
        0.04252339527010918,
        -0.002270258730277419,
        0.9997437596321106,
        0.022524330765008926,
        0.15603679418563843,
        -0.003151342738419771,
        -0.022531429305672646,
        0.9997411370277405,
        -0.005872868467122316
    ],
    [
        0.9999963641166687,
        0.0024756186176091433,
        0.0010210033506155014,
        0.04310711845755577,
        -0.002498587127774954,
        0.9997290372848511,
        0.023143956437706947,
        0.1658044308423996,
        -0.000963430677074939,
        -0.023146426305174828,
        0.9997316002845764,
        -0.005681559909135103
    ],
    [
        0.9999959468841553,
        0.002715422073379159,
        -0.0009144313517026603,
        0.04370619356632233,
        -0.002694292226806283,
        0.9997462034225464,
        0.022365881130099297,
        0.17560644447803497,
        0.0009749328601174057,
        -0.0223633274435997,
        0.999749481678009,
        -0.005589707288891077
    ],
    [
        0.9999926686286926,
        0.002813596511259675,
        -0.002638672711327672,
        0.04418117552995682,
        -0.002754552522674203,
        0.9997514486312866,
        0.022119078785181046,
        0.18528155982494354,
        0.0027002517599612474,
        -0.022111646831035614,
        0.9997518658638,
        -0.006177383940666914
    ],
    [
        0.999988853931427,
        0.0027834197971969843,
        -0.003821743419393897,
        0.04434102028608322,
        -0.0027019705157727003,
        0.9997725486755371,
        0.02115447446703911,
        0.194569393992424,
        0.003879755502566695,
        -0.02114391140639782,
        0.9997689127922058,
        -0.005443090107291937
    ],
    [
        0.9999845027923584,
        0.0028230815660208464,
        -0.004807012155652046,
        0.044573549181222916,
        -0.0027252386789768934,
        0.9997913837432861,
        0.020240621641278267,
        0.20393730700016022,
        0.004863150417804718,
        -0.020227205008268356,
        0.9997835755348206,
        -0.005729170516133308
    ],
    [
        0.99997878074646,
        0.0027562130708247423,
        -0.005915069952607155,
        0.044599179178476334,
        -0.0026347911916673183,
        0.9997876882553101,
        0.020438097417354584,
        0.21262313425540924,
        0.00597014557570219,
        -0.020422078669071198,
        0.9997736811637878,
        -0.005219337064772844
    ],
    [
        0.9999683499336243,
        0.002933734329417348,
        -0.0074015334248542786,
        0.044462431222200394,
        -0.0027880878187716007,
        0.9998037815093994,
        0.019612165167927742,
        0.22145888209342957,
        0.007457617204636335,
        -0.01959090679883957,
        0.9997803568840027,
        -0.0048539903946220875
    ],
    [
        0.9999546408653259,
        0.003127173986285925,
        -0.008999315090477467,
        0.04428697004914284,
        -0.002955094911158085,
        0.9998137354850769,
        0.019071554765105247,
        0.22960953414440155,
        0.00905727967619896,
        -0.019044093787670135,
        0.999777615070343,
        -0.004345589317381382
    ],
    [
        0.9999397993087769,
        0.0032778368331491947,
        -0.010469750501215458,
        0.04396967589855194,
        -0.0030856493394821882,
        0.9998273849487305,
        0.01832018792629242,
        0.23744864761829376,
        0.01052799541503191,
        -0.018286779522895813,
        0.9997773766517639,
        -0.003913410007953644
    ],
    [
        0.9999262094497681,
        0.003416404826566577,
        -0.01165787223726511,
        0.04347909241914749,
        -0.0032175355590879917,
        0.9998497366905212,
        0.017035145312547684,
        0.24510729312896729,
        0.01171431876718998,
        -0.01699637807905674,
        0.9997870326042175,
        -0.0037691916804760695
    ],
    [
        0.9999130964279175,
        0.0034328694455325603,
        -0.012728326953947544,
        0.04302827641367912,
        -0.003221232211217284,
        0.9998568296432495,
        0.016610678285360336,
        0.25203123688697815,
        0.012783527374267578,
        -0.01656823419034481,
        0.99978107213974,
        -0.0040473672561347485
    ],
    [
        0.9998990893363953,
        0.0035106507129967213,
        -0.01376642007380724,
        0.04245009273290634,
        -0.0032914273906499147,
        0.9998679161071777,
        0.015914902091026306,
        0.2587193548679352,
        0.013820474036037922,
        -0.01586798205971718,
        0.9997785687446594,
        -0.0032562348060309887
    ],
    [
        0.999882698059082,
        0.0035965368151664734,
        -0.014887488447129726,
        0.04189600422978401,
        -0.0033699809573590755,
        0.9998785853385925,
        0.015215018764138222,
        0.26488250494003296,
        0.01494040247052908,
        -0.015163063071668148,
        0.9997734427452087,
        -0.003339724848046899
    ],
    [
        0.9998639225959778,
        0.0037491268012672663,
        -0.01606268249452114,
        0.041517797857522964,
        -0.0035012068692594767,
        0.9998747706413269,
        0.015434944070875645,
        0.27078181505203247,
        0.01611853949725628,
        -0.015376605093479156,
        0.9997517466545105,
        -0.002900871681049466
    ],
    [
        0.999848484992981,
        0.0038697635754942894,
        -0.016975363716483116,
        0.040898945182561874,
        -0.003616261063143611,
        0.9998819231987,
        0.014938890933990479,
        0.2757720649242401,
        0.017031170427799225,
        -0.014875240623950958,
        0.9997442364692688,
        -0.002854643389582634
    ],
    [
        0.9998353719711304,
        0.004023798741400242,
        -0.017695020884275436,
        0.04050033539533615,
        -0.0037815619725733995,
        0.9998989701271057,
        0.01370174065232277,
        0.2803609371185303,
        0.017748363316059113,
        -0.013632570393383503,
        0.999749481678009,
        -0.0024822705890983343
    ],
    [
        0.9998262524604797,
        0.004137217532843351,
        -0.018180960789322853,
        0.04016132280230522,
        -0.003909707069396973,
        0.9999139308929443,
        0.012531415559351444,
        0.2844097316265106,
        0.018231241032481194,
        -0.012458154931664467,
        0.9997562766075134,
        -0.001917368033900857
    ]
]