[
    [
        0.6563722491264343,
        -0.07500646263360977,
        0.7506993412971497,
        -0.039551086723804474,
        0.1012393906712532,
        0.9948025941848755,
        0.010877726599574089,
        0.08916173130273819,
        -0.7476135492324829,
        0.0688605085015297,
        0.6605543494224548,
        1.0822023153305054
    ],
    [
        0.6381571292877197,
        -0.07628418505191803,
        0.7661175727844238,
        -0.00637024687603116,
        0.10319600254297256,
        0.9945751428604126,
        0.013072534464299679,
        0.08443224430084229,
        -0.7629587054252625,
        0.07071792334318161,
        0.64256751537323,
        1.133170485496521
    ],
    [
        0.6169711947441101,
        -0.07976016402244568,
        0.7829334735870361,
        0.03897709399461746,
        0.10770437121391296,
        0.9940478205680847,
        0.016393383964896202,
        0.07342686504125595,
        -0.77958083152771,
        0.07421112060546875,
        0.6218894124031067,
        1.1942660808563232
    ],
    [
        0.595525860786438,
        -0.0811220109462738,
        0.799229621887207,
        0.08266737312078476,
        0.10998738557100296,
        0.9937530755996704,
        0.018911834806203842,
        0.06304832547903061,
        -0.7957711815834045,
        0.07664269953966141,
        0.6007280349731445,
        1.2623531818389893
    ],
    [
        0.5752605199813843,
        -0.08275651186704636,
        0.8137732148170471,
        0.13140544295310974,
        0.11320612579584122,
        0.9933497905731201,
        0.020992521196603775,
        0.051124121993780136,
        -0.8100985288619995,
        0.08004794269800186,
        0.5808034539222717,
        1.3344331979751587
    ],
    [
        0.5590884685516357,
        -0.08305492252111435,
        0.8249374628067017,
        0.16982053220272064,
        0.11482550203800201,
        0.9931382536888123,
        0.022168220952153206,
        0.04064176604151726,
        -0.8211182355880737,
        0.08232986927032471,
        0.5647890567779541,
        1.3947981595993042
    ],
    [
        0.5380317568778992,
        -0.08647643774747849,
        0.8384769558906555,
        0.21959280967712402,
        0.11927437037229538,
        0.9925252199172974,
        0.02582854963839054,
        0.0236949659883976,
        -0.834443211555481,
        0.08611221611499786,
        0.5443245768547058,
        1.4732086658477783
    ],
    [
        0.514677882194519,
        -0.08761899918317795,
        0.8528948426246643,
        0.26180627942085266,
        0.12344412505626678,
        0.991972804069519,
        0.027414506301283836,
        0.01435776986181736,
        -0.8484504222869873,
        0.09117519110441208,
        0.5213624835014343,
        1.5581674575805664
    ],
    [
        0.4886060953140259,
        -0.09050006419420242,
        0.8677982687950134,
        0.3024771809577942,
        0.12901195883750916,
        0.991166889667511,
        0.030726775527000427,
        -0.0006197474431246519,
        -0.8629136085510254,
        0.09694307297468185,
        0.49596577882766724,
        1.649039387702942
    ],
    [
        0.4709385633468628,
        -0.09367119520902634,
        0.8771786689758301,
        0.3505540192127228,
        0.1328008621931076,
        0.9905428290367126,
        0.0344790443778038,
        -0.014091182500123978,
        -0.8721128702163696,
        0.10025258362293243,
        0.478924423456192,
        1.7103803157806396
    ],
    [
        0.45049625635147095,
        -0.09721752256155014,
        0.8874693512916565,
        0.4157193601131439,
        0.13800394535064697,
        0.9896884560585022,
        0.03836165368556976,
        -0.027286266908049583,
        -0.8820475935935974,
        0.10519247502088547,
        0.45926734805107117,
        1.7767980098724365
    ],
    [
        0.4295492172241211,
        -0.09794890135526657,
        0.8977157473564148,
        0.48219209909439087,
        0.14126959443092346,
        0.9891493320465088,
        0.04032887518405914,
        -0.0348765067756176,
        -0.8919251561164856,
        0.10949670523405075,
        0.4387255311012268,
        1.8392326831817627
    ],
    [
        0.408937007188797,
        -0.09924177080392838,
        0.9071502089500427,
        0.5559217929840088,
        0.14439712464809418,
        0.9885825514793396,
        0.04305721074342728,
        -0.04359293729066849,
        -0.9010661244392395,
        0.11338219791650772,
        0.4185982346534729,
        1.897475242614746
    ],
    [
        0.3928898870944977,
        -0.101410411298275,
        0.9139767289161682,
        0.6204450726509094,
        0.14814500510692596,
        0.987898588180542,
        0.04592951759696007,
        -0.05187593400478363,
        -0.9075739979743958,
        0.11735585331916809,
        0.4031588137149811,
        1.9396560192108154
    ],
    [
        0.3700960576534271,
        -0.10384019464254379,
        0.9231717586517334,
        0.6959022283554077,
        0.1517896205186844,
        0.9871381521224976,
        0.05018337070941925,
        -0.0628649964928627,
        -0.9165090918540955,
        0.12155522406101227,
        0.38109785318374634,
        1.996751070022583
    ],
    [
        0.3462899923324585,
        -0.10781034082174301,
        0.9319120645523071,
        0.7753682732582092,
        0.15637925267219543,
        0.9861099123954773,
        0.05597122758626938,
        -0.07726883888244629,
        -0.9250020980834961,
        0.12634944915771484,
        0.3583393096923828,
        2.0517168045043945
    ],
    [
        0.3203599452972412,
        -0.10955139249563217,
        0.9409399032592773,
        0.8487796187400818,
        0.15878397226333618,
        0.9854474067687988,
        0.060672443360090256,
        -0.08603078126907349,
        -0.9338935017585754,
        0.12996914982795715,
        0.33309289813041687,
        2.1103837490081787
    ],
    [
        0.2946353852748871,
        -0.10841752588748932,
        0.9494396448135376,
        0.8927589654922485,
        0.15861622989177704,
        0.9853097200393677,
        0.06329090893268585,
        -0.08767374604940414,
        -0.9423538446426392,
        0.1319487988948822,
        0.3075038492679596,
        2.168271064758301
    ],
    [
        0.2603316903114319,
        -0.11108477413654327,
        0.9591078162193298,
        0.9532859921455383,
        0.16049762070178986,
        0.9845178723335266,
        0.07046373933553696,
        -0.09928930550813675,
        -0.9520860314369202,
        0.1355905681848526,
        0.2741299867630005,
        2.240276336669922
    ],
    [
        0.22865164279937744,
        -0.11392200738191605,
        0.9668195247650146,
        1.019066333770752,
        0.16183073818683624,
        0.9837592244148254,
        0.07764523476362228,
        -0.1090313047170639,
        -0.9599631428718567,
        0.13870742917060852,
        0.24337419867515564,
        2.299933433532715
    ],
    [
        0.2011284977197647,
        -0.11699146032333374,
        0.9725534915924072,
        1.0919781923294067,
        0.164239764213562,
        0.9828150272369385,
        0.08426032960414886,
        -0.11643543839454651,
        -0.9656978845596313,
        0.14278481900691986,
        0.21688666939735413,
        2.3403279781341553
    ],
    [
        0.17761537432670593,
        -0.11655711382627487,
        0.9771730899810791,
        1.1440626382827759,
        0.16418233513832092,
        0.9825543761253357,
        0.08735647052526474,
        -0.11782723665237427,
        -0.9703077077865601,
        0.14491869509220123,
        0.19365337491035461,
        2.374174118041992
    ],
    [
        0.14841261506080627,
        -0.11772507429122925,
        0.9818934202194214,
        1.2084887027740479,
        0.1648719757795334,
        0.9819386005401611,
        0.09281020611524582,
        -0.12413758784532547,
        -0.9750850796699524,
        0.14811250567436218,
        0.16514171659946442,
        2.409691333770752
    ],
    [
        0.11812461912631989,
        -0.11893469095230103,
        0.98585045337677,
        1.266036033630371,
        0.1652146875858307,
        0.981317400932312,
        0.09859178960323334,
        -0.1302463263273239,
        -0.9791581034660339,
        0.1512308567762375,
        0.13556748628616333,
        2.443873405456543
    ],
    [
        0.08910927921533585,
        -0.11975021660327911,
        0.9887968897819519,
        1.3167531490325928,
        0.16518345475196838,
        0.9807755947113037,
        0.10389263182878494,
        -0.13721026480197906,
        -0.9822291135787964,
        0.15407510101795197,
        0.10717698931694031,
        2.46895170211792
    ]
]