[
    [
        0.9994852542877197,
        0.00719671044498682,
        0.0312657356262207,
        -0.009604333899915218,
        -0.006973077543079853,
        0.9999493956565857,
        -0.007255814038217068,
        -0.02893984690308571,
        -0.031316373497247696,
        0.007034061010926962,
        0.999484658241272,
        0.1672433316707611
    ],
    [
        0.9993774890899658,
        0.006879975087940693,
        0.03460192680358887,
        -0.009589724242687225,
        -0.006607611197978258,
        0.9999463558197021,
        -0.007979553192853928,
        -0.029485054314136505,
        -0.03465496748685837,
        0.00774594908580184,
        0.9993693232536316,
        0.17337337136268616
    ],
    [
        0.9991620182991028,
        0.006093665026128292,
        0.040473319590091705,
        -0.008370484225451946,
        -0.0057524931617081165,
        0.9999470710754395,
        -0.008540655486285686,
        -0.03272770345211029,
        -0.040523216128349304,
        0.008300676010549068,
        0.9991440773010254,
        0.18463961780071259
    ],
    [
        0.9990417957305908,
        0.005688266828656197,
        0.04339437931776047,
        -0.007714427076280117,
        -0.0052846092730760574,
        0.9999417066574097,
        -0.00941111147403717,
        -0.033143289387226105,
        -0.04344537854194641,
        0.00917277205735445,
        0.9990135431289673,
        0.18989983201026917
    ],
    [
        0.9987762570381165,
        0.005185841117054224,
        0.049184251576662064,
        -0.006510884501039982,
        -0.004698671400547028,
        0.9999388456344604,
        -0.010015470907092094,
        -0.03533737361431122,
        -0.04923318326473236,
        0.009772113524377346,
        0.9987395405769348,
        0.20040391385555267
    ],
    [
        0.9986115097999573,
        0.0048452927730977535,
        0.05245599150657654,
        -0.0060999467968940735,
        -0.004308580420911312,
        0.9999372363090515,
        -0.010339953005313873,
        -0.035902999341487885,
        -0.05250279977917671,
        0.010099584236741066,
        0.9985697269439697,
        0.20535747706890106
    ],
    [
        0.9981900453567505,
        0.004235656000673771,
        0.059988539665937424,
        -0.005683268420398235,
        -0.0036387077998369932,
        0.9999428987503052,
        -0.010056788101792336,
        -0.03718296065926552,
        -0.06002770736813545,
        0.009820304811000824,
        0.9981484413146973,
        0.21580906212329865
    ],
    [
        0.9979370832443237,
        0.004002233035862446,
        0.06407401710748672,
        -0.005509911570698023,
        -0.0034259804524481297,
        0.9999526739120483,
        -0.009100905619561672,
        -0.0386967770755291,
        -0.06410741060972214,
        0.008862614631652832,
        0.9979037046432495,
        0.2206367552280426
    ],
    [
        0.9973623752593994,
        0.002944502979516983,
        0.0725226178765297,
        -0.0038692906964570284,
        -0.0023215338587760925,
        0.9999597668647766,
        -0.008672790601849556,
        -0.039652369916439056,
        -0.07254523783922195,
        0.008481551893055439,
        0.9973291158676147,
        0.23045136034488678
    ],
    [
        0.9970403909683228,
        0.002330618677660823,
        0.07684335857629776,
        -0.0031244324054569006,
        -0.001716781291179359,
        0.9999661445617676,
        -0.00805326085537672,
        -0.040503475815057755,
        -0.07685951143503189,
        0.00789750274270773,
        0.9970105886459351,
        0.23572641611099243
    ],
    [
        0.9963423013687134,
        0.0014780565397813916,
        0.0854392796754837,
        -0.001705395057797432,
        -0.000815707491710782,
        0.9999693632125854,
        -0.007786660920828581,
        -0.04069243744015694,
        -0.08544818311929703,
        0.007688486948609352,
        0.9963129162788391,
        0.24678778648376465
    ],
    [
        0.9959638118743896,
        0.0007236716337502003,
        0.08975276350975037,
        -0.0009013951639644802,
        -5.312131906975992e-05,
        0.9999721050262451,
        -0.007473239209502935,
        -0.041510455310344696,
        -0.08975566178560257,
        0.007438308093696833,
        0.9959360361099243,
        0.25222644209861755
    ],
    [
        0.9950543642044067,
        0.00032408826518803835,
        0.09933190047740936,
        -0.0017502489499747753,
        0.0003702932153828442,
        0.9999756813049316,
        -0.006971999071538448,
        -0.04270585998892784,
        -0.09933174401521683,
        0.006974300369620323,
        0.9950299263000488,
        0.2642570436000824
    ],
    [
        0.9945716857910156,
        -3.444325921009295e-05,
        0.1040545180439949,
        -0.0016393468249589205,
        0.0007590248715132475,
        0.9999758005142212,
        -0.006923893466591835,
        -0.04293698072433472,
        -0.10405175387859344,
        0.006965287961065769,
        0.9945474863052368,
        0.26987650990486145
    ],
    [
        0.993424117565155,
        -0.0012973218690603971,
        0.11448530852794647,
        -0.0011494586942717433,
        0.0019435951253399253,
        0.9999827742576599,
        -0.005533588584512472,
        -0.04563235118985176,
        -0.11447615176439285,
        0.005719713866710663,
        0.9934096336364746,
        0.2827395498752594
    ],
    [
        0.9927461743354797,
        -0.0015171562554314733,
        0.12021943181753159,
        -0.0016155706252902746,
        0.0021862315479665995,
        0.9999828338623047,
        -0.005433748476207256,
        -0.046105336397886276,
        -0.12020912766456604,
        0.005657160189002752,
        0.9927324652671814,
        0.28901755809783936
    ],
    [
        0.9913612008094788,
        -0.0022221377585083246,
        0.1311408132314682,
        -0.0019163225078955293,
        0.0029427469708025455,
        0.9999816417694092,
        -0.005301389377564192,
        -0.048237401992082596,
        -0.13112661242485046,
        0.005641506053507328,
        0.9913495779037476,
        0.30015021562576294
    ],
    [
        0.9906882047653198,
        -0.002755792113021016,
        0.13612262904644012,
        -0.0012322930851951241,
        0.0035052220337092876,
        0.9999799728393555,
        -0.00526617094874382,
        -0.0493864007294178,
        -0.13610540330410004,
        0.005694272927939892,
        0.990678071975708,
        0.30505988001823425
    ],
    [
        0.9889997243881226,
        -0.003031446598470211,
        0.14788618683815002,
        -0.0033179970923811197,
        0.003830760484561324,
        0.999979555606842,
        -0.005120397079735994,
        -0.051213473081588745,
        -0.14786764979362488,
        0.0056305876933038235,
        0.9889911413192749,
        0.3169845938682556
    ],
    [
        0.9881922602653503,
        -0.002913231495767832,
        0.15319159626960754,
        -0.003613490844145417,
        0.0037764208391308784,
        0.9999785423278809,
        -0.005344032775610685,
        -0.0514957495033741,
        -0.15317273139953613,
        0.005859447177499533,
        0.988182008266449,
        0.3219285011291504
    ],
    [
        0.9864875674247742,
        -0.0038127365987747908,
        0.16379208862781525,
        -0.0038230419158935547,
        0.004788434132933617,
        0.9999731183052063,
        -0.005562520120292902,
        -0.05293922498822212,
        -0.16376648843288422,
        0.006271665450185537,
        0.9864791035652161,
        0.3316214084625244
    ],
    [
        0.9855583310127258,
        -0.0038587083108723164,
        0.16929204761981964,
        -0.004307610914111137,
        0.004956947639584541,
        0.9999693632125854,
        -0.006065092049539089,
        -0.052780576050281525,
        -0.16926345229148865,
        0.0068166740238666534,
        0.9855473041534424,
        0.33682239055633545
    ],
    [
        0.9836670160293579,
        -0.003943381831049919,
        0.17995426058769226,
        -0.005019056145101786,
        0.005248160567134619,
        0.9999633431434631,
        -0.006775088608264923,
        -0.052715547382831573,
        -0.17992092669010162,
        0.007608861196786165,
        0.9836516976356506,
        0.3472325801849365
    ],
    [
        0.9827713370323181,
        -0.004417668096721172,
        0.1847728192806244,
        -0.004380213096737862,
        0.005764641799032688,
        0.9999605417251587,
        -0.006753331050276756,
        -0.053671061992645264,
        -0.1847357302904129,
        0.00770212896168232,
        0.9827579855918884,
        0.3520728349685669
    ],
    [
        0.9808553457260132,
        -0.0051628281362354755,
        0.19466954469680786,
        -0.003956440836191177,
        0.0065526291728019714,
        0.9999574422836304,
        -0.006495996378362179,
        -0.056059494614601135,
        -0.19462773203849792,
        0.007647230755537748,
        0.9808473587036133,
        0.36175641417503357
    ]
]