[
    [
        0.8633049130439758,
        -0.03540448099374771,
        0.5034394860267639,
        0.47780144214630127,
        0.04157509654760361,
        0.99913489818573,
        -0.0010291824582964182,
        0.027766317129135132,
        -0.5029674768447876,
        0.021819042041897774,
        0.8640298247337341,
        0.381131112575531
    ],
    [
        0.8580273985862732,
        -0.035830095410346985,
        0.5123525261878967,
        0.5265762209892273,
        0.042753513902425766,
        0.9990841150283813,
        -0.0017300701001659036,
        0.026205239817500114,
        -0.5118213295936584,
        0.023389317095279694,
        0.858773410320282,
        0.4414399266242981
    ],
    [
        0.8528746366500854,
        -0.036324504762887955,
        0.5208505392074585,
        0.5830867290496826,
        0.04365885257720947,
        0.9990448355674744,
        -0.0018157288432121277,
        0.02083679661154747,
        -0.5202870965003967,
        0.024288328364491463,
        0.8536460399627686,
        0.5214505195617676
    ],
    [
        0.8485492467880249,
        -0.03332225978374481,
        0.5280659794807434,
        0.6371985077857971,
        0.042307376861572266,
        0.9990924000740051,
        -0.00493853772059083,
        0.018564637750387192,
        -0.5274221301078796,
        0.026531681418418884,
        0.849189043045044,
        0.6041555404663086
    ],
    [
        0.8445071578025818,
        -0.03036491945385933,
        0.5346826314926147,
        0.6886050701141357,
        0.041609007865190506,
        0.9990935921669006,
        -0.008980488404631615,
        0.02037164382636547,
        -0.5339254140853882,
        0.029831701889634132,
        0.8450051546096802,
        0.6698835492134094
    ],
    [
        0.8393425345420837,
        -0.025778431445360184,
        0.5429913997650146,
        0.7558861970901489,
        0.03843812271952629,
        0.9991891980171204,
        -0.011980336159467697,
        0.02171839028596878,
        -0.5422422289848328,
        0.030927177518606186,
        0.8396528363227844,
        0.746399462223053
    ],
    [
        0.8348851799964905,
        -0.02374671772122383,
        0.549911618232727,
        0.8356063961982727,
        0.03660552203655243,
        0.9992524981498718,
        -0.01242460124194622,
        0.0217400211840868,
        -0.5492056012153625,
        0.030502919107675552,
        0.8351303339004517,
        0.8262041807174683
    ],
    [
        0.8316673040390015,
        -0.023000774905085564,
        0.5547976493835449,
        0.9029342532157898,
        0.03648468106985092,
        0.9992461204528809,
        -0.013265527784824371,
        0.015272163785994053,
        -0.5540742874145508,
        0.03127412125468254,
        0.8318796753883362,
        0.8831192851066589
    ],
    [
        0.827920138835907,
        -0.022224120795726776,
        0.5604054927825928,
        0.9780699014663696,
        0.03728258237242699,
        0.9991852045059204,
        -0.015454857610166073,
        0.014607703313231468,
        -0.5596054196357727,
        0.0336887501180172,
        0.8280741572380066,
        0.9475321769714355
    ],
    [
        0.8240711092948914,
        -0.0234554223716259,
        0.5660005211830139,
        1.0649120807647705,
        0.038200169801712036,
        0.9991690516471863,
        -0.014211517758667469,
        0.007354052737355232,
        -0.5651968121528625,
        0.03333261236548424,
        0.8242823481559753,
        1.0274885892868042
    ],
    [
        0.8203290700912476,
        -0.024644987657666206,
        0.5713605284690857,
        1.14432954788208,
        0.038880668580532074,
        0.9991628527641296,
        -0.012725046835839748,
        0.004075581673532724,
        -0.5705686211585999,
        0.032653603702783585,
        0.8206005692481995,
        1.1055113077163696
    ],
    [
        0.81724613904953,
        -0.027343550696969032,
        0.5756397247314453,
        1.2352348566055298,
        0.04145948588848114,
        0.9990751147270203,
        -0.011403561569750309,
        -0.0016427598893642426,
        -0.5747955441474915,
        0.03318524733185768,
        0.8176239132881165,
        1.1894851922988892
    ],
    [
        0.8163305521011353,
        -0.031606275588274,
        0.5767195820808411,
        1.3450689315795898,
        0.04515456408262253,
        0.9989379644393921,
        -0.009169699624180794,
        -0.0023754804860800505,
        -0.5758171677589417,
        0.03352702409029007,
        0.8168906569480896,
        1.2788689136505127
    ],
    [
        0.8163655996322632,
        -0.036634255200624466,
        0.576372504234314,
        1.4453877210617065,
        0.04933100938796997,
        0.9987620711326599,
        -0.006390371825546026,
        -0.0077886697836220264,
        -0.57542484998703,
        0.03364991024136543,
        0.8171620965003967,
        1.3590810298919678
    ],
    [
        0.816848635673523,
        -0.039511606097221375,
        0.5754973292350769,
        1.548514723777771,
        0.051787540316581726,
        0.9986459612846375,
        -0.004942644853144884,
        -0.011097566224634647,
        -0.5745227336883545,
        0.03384098410606384,
        0.8177886605262756,
        1.4479347467422485
    ],
    [
        0.8191278576850891,
        -0.03922883793711662,
        0.572268009185791,
        1.6474591493606567,
        0.05168875306844711,
        0.9986479878425598,
        -0.005528702400624752,
        -0.01766151376068592,
        -0.571277379989624,
        0.03410853445529938,
        0.8200480341911316,
        1.554443597793579
    ],
    [
        0.8216655850410461,
        -0.03605774790048599,
        0.5688282251358032,
        1.727898120880127,
        0.04975958541035652,
        0.9987244606018066,
        -0.008568469434976578,
        -0.02750757709145546,
        -0.5677936673164368,
        0.03534507006406784,
        0.8224117159843445,
        1.6452785730361938
    ],
    [
        0.8259392380714417,
        -0.02754995785653591,
        0.563085675239563,
        1.8125832080841064,
        0.04431918263435364,
        0.9988871216773987,
        -0.016135474666953087,
        -0.031786397099494934,
        -0.5620144605636597,
        0.03828240931034088,
        0.8262409567832947,
        1.737602710723877
    ],
    [
        0.8331347107887268,
        -0.019265614449977875,
        0.5527344346046448,
        1.900640606880188,
        0.03818238899111748,
        0.9990122318267822,
        -0.022731514647603035,
        -0.03614341467618942,
        -0.5517505407333374,
        0.04004313424229622,
        0.8330473899841309,
        1.8280915021896362
    ],
    [
        0.8411743640899658,
        -0.012572700157761574,
        0.5406179428100586,
        1.9773074388504028,
        0.03273874148726463,
        0.9990798234939575,
        -0.027705073356628418,
        -0.0402015820145607,
        -0.539772093296051,
        0.04100394621491432,
        0.8408119678497314,
        1.9074288606643677
    ],
    [
        0.8516743183135986,
        -0.005517145618796349,
        0.5240423083305359,
        2.059351921081543,
        0.025632308796048164,
        0.9991863965988159,
        -0.031138181686401367,
        -0.04426516592502594,
        -0.5234441161155701,
        0.039952002465724945,
        0.8511229753494263,
        1.995330810546875
    ],
    [
        0.8627968430519104,
        -0.0007064868696033955,
        0.50555020570755,
        2.1430411338806152,
        0.01816946268081665,
        0.9993962645530701,
        -0.029612282291054726,
        -0.05182879418134689,
        -0.5052241086959839,
        0.03473495692014694,
        0.8622888326644897,
        2.0960841178894043
    ],
    [
        0.8726081252098083,
        0.0023899106308817863,
        0.4884152412414551,
        2.215921640396118,
        0.012789769098162651,
        0.9995333552360535,
        -0.027741258963942528,
        -0.06044052168726921,
        -0.48825356364250183,
        0.030453961342573166,
        0.8721702098846436,
        2.187941789627075
    ],
    [
        0.8840553760528564,
        0.0022021462209522724,
        0.4673770070075989,
        2.295170783996582,
        0.011396040208637714,
        0.9995900392532349,
        -0.02626567706465721,
        -0.06165711581707001,
        -0.4672432243824005,
        0.028546568006277084,
        0.8836679458618164,
        2.278312921524048
    ],
    [
        0.8962718844413757,
        0.0008621224551461637,
        0.4435039162635803,
        2.378065347671509,
        0.011153794825077057,
        0.999638020992279,
        -0.02448374219238758,
        -0.06262082606554031,
        -0.4433647394180298,
        0.026890845969319344,
        0.895937979221344,
        2.369373083114624
    ]
]