[
    [
        0.8332933783531189,
        0.03703758865594864,
        -0.5515888929367065,
        -0.13614004850387573,
        -0.03968275710940361,
        0.9991868138313293,
        0.007143156137317419,
        -0.03656306490302086,
        0.5514049530029297,
        0.015936225652694702,
        0.8340854644775391,
        0.8232241868972778
    ],
    [
        0.8069165349006653,
        0.03954281657934189,
        -0.5893403887748718,
        -0.17188268899917603,
        -0.04257342964410782,
        0.9990550875663757,
        0.008742389269173145,
        -0.049766965210437775,
        0.5891292095184326,
        0.01803586445748806,
        0.8078375458717346,
        0.9049876928329468
    ],
    [
        0.7811328768730164,
        0.04245777800679207,
        -0.622919499874115,
        -0.2196933776140213,
        -0.045049965381622314,
        0.9989174008369446,
        0.01159348338842392,
        -0.05692377686500549,
        0.6227374076843262,
        0.019006449729204178,
        0.7821999788284302,
        0.9860469698905945
    ],
    [
        0.7622560262680054,
        0.04443388804793358,
        -0.6457486748695374,
        -0.2659977376461029,
        -0.04669933766126633,
        0.9988163113594055,
        0.013603503815829754,
        -0.06335719674825668,
        0.6455888152122498,
        0.019786685705184937,
        0.763428807258606,
        1.0637022256851196
    ],
    [
        0.7455270886421204,
        0.04585065692663193,
        -0.6648961901664734,
        -0.3201718032360077,
        -0.04756418988108635,
        0.9987472891807556,
        0.015540504828095436,
        -0.06792806088924408,
        0.6647759079933167,
        0.020039383322000504,
        0.746773898601532,
        1.1584584712982178
    ],
    [
        0.7348760366439819,
        0.045717284083366394,
        -0.6766586303710938,
        -0.3718765079975128,
        -0.04800558090209961,
        0.9987292885780334,
        0.015341615304350853,
        -0.07516805827617645,
        0.6765002012252808,
        0.02120920643210411,
        0.7361369729042053,
        1.2530443668365479
    ],
    [
        0.7291256189346313,
        0.0464000478386879,
        -0.6828051209449768,
        -0.4130572974681854,
        -0.04883042722940445,
        0.9986833930015564,
        0.015722554177045822,
        -0.08030291646718979,
        0.6826356649398804,
        0.021877940744161606,
        0.7304313778877258,
        1.3222235441207886
    ],
    [
        0.7239825129508972,
        0.0472576729953289,
        -0.6881977915763855,
        -0.45934608578681946,
        -0.04951459914445877,
        0.9986374378204346,
        0.016485916450619698,
        -0.07992291450500488,
        0.6880390048027039,
        0.022140322253108025,
        0.7253358960151672,
        1.4029972553253174
    ],
    [
        0.7194811701774597,
        0.04764930531382561,
        -0.6928753852844238,
        -0.5131838917732239,
        -0.04979445040225983,
        0.9986153244972229,
        0.01696864329278469,
        -0.08324621617794037,
        0.6927245855331421,
        0.0222927313297987,
        0.720857560634613,
        1.4858189821243286
    ],
    [
        0.7154766917228699,
        0.04828716441988945,
        -0.6969658136367798,
        -0.5630647540092468,
        -0.05052356421947479,
        0.9985727071762085,
        0.0173176396638155,
        -0.09302600473165512,
        0.696807324886322,
        0.022822828963398933,
        0.7168952226638794,
        1.556579351425171
    ],
    [
        0.711391270160675,
        0.04829937219619751,
        -0.7011345028877258,
        -0.621699869632721,
        -0.050793107599020004,
        0.9985601305961609,
        0.017252115532755852,
        -0.10390734672546387,
        0.700958251953125,
        0.02333979494869709,
        0.7128202319145203,
        1.627228856086731
    ],
    [
        0.7072514891624451,
        0.048738569021224976,
        -0.7052800059318542,
        -0.6765328645706177,
        -0.051132526248693466,
        0.9985345602035522,
        0.01772858016192913,
        -0.10920777171850204,
        0.7051105499267578,
        0.023524174466729164,
        0.7087070941925049,
        1.6869958639144897
    ],
    [
        0.7022973895072937,
        0.049468040466308594,
        -0.7101629376411438,
        -0.754562497138977,
        -0.051491789519786835,
        0.9984995722770691,
        0.01863132230937481,
        -0.11396842449903488,
        0.7100189328193665,
        0.023482834920287132,
        0.7037908434867859,
        1.7708230018615723
    ],
    [
        0.6961939334869385,
        0.048727668821811676,
        -0.7161980867385864,
        -0.8392519950866699,
        -0.05186455696821213,
        0.9985003471374512,
        0.017518620938062668,
        -0.12545840442180634,
        0.7159777283668518,
        0.024948962032794952,
        0.6976773142814636,
        1.8650193214416504
    ],
    [
        0.6893857717514038,
        0.04892795532941818,
        -0.7227400541305542,
        -0.904553234577179,
        -0.05240741744637489,
        0.9984704852104187,
        0.017605487257242203,
        -0.13465097546577454,
        0.7224962115287781,
        0.02573997527360916,
        0.6908954977989197,
        1.9365571737289429
    ],
    [
        0.6790538430213928,
        0.04883788526058197,
        -0.732462465763092,
        -0.9794344902038574,
        -0.053316909819841385,
        0.9984304308891296,
        0.01714244857430458,
        -0.1399831473827362,
        0.7321496605873108,
        0.027411969378590584,
        0.6805914640426636,
        2.011488914489746
    ],
    [
        0.6678356528282166,
        0.04922733083367348,
        -0.742679238319397,
        -1.0615569353103638,
        -0.05430090054869652,
        0.9983738660812378,
        0.017346946522593498,
        -0.14078859984874725,
        0.7423253655433655,
        0.02874322421848774,
        0.6694225668907166,
        2.0849995613098145
    ],
    [
        0.6585144400596619,
        0.049354925751686096,
        -0.7509479522705078,
        -1.1377277374267578,
        -0.05497616529464722,
        0.9983360171318054,
        0.017404945567250252,
        -0.14140266180038452,
        0.7505574226379395,
        0.029822831973433495,
        0.660132110118866,
        2.1503243446350098
    ],
    [
        0.6482349634170532,
        0.04927496612071991,
        -0.7598442435264587,
        -1.2203505039215088,
        -0.055344004184007645,
        0.9983134865760803,
        0.017524544149637222,
        -0.14402328431606293,
        0.759426474571228,
        0.030692795291543007,
        0.6498690247535706,
        2.2218210697174072
    ],
    [
        0.6400688290596008,
        0.049464669078588486,
        -0.7667235732078552,
        -1.2895898818969727,
        -0.05567266419529915,
        0.9982881546020508,
        0.01792781613767147,
        -0.14558622241020203,
        0.7662979960441589,
        0.031210510060191154,
        0.6417268514633179,
        2.281487226486206
    ],
    [
        0.631453812122345,
        0.04996607452630997,
        -0.7738021016120911,
        -1.3783560991287231,
        -0.05611848831176758,
        0.9982495307922363,
        0.018664183095097542,
        -0.14637964963912964,
        0.7733800411224365,
        0.03163905814290047,
        0.633152425289154,
        2.357647180557251
    ],
    [
        0.6224641799926758,
        0.04982952028512955,
        -0.7810603380203247,
        -1.469465732574463,
        -0.05666334927082062,
        0.9982213973999023,
        0.018526073545217514,
        -0.15434712171554565,
        0.7805944085121155,
        0.03272569924592972,
        0.6241805553436279,
        2.4402127265930176
    ],
    [
        0.6121770143508911,
        0.049732040613889694,
        -0.7891552448272705,
        -1.5372769832611084,
        -0.05723831057548523,
        0.9981890916824341,
        0.018503323197364807,
        -0.1686539500951767,
        0.7886463403701782,
        0.03384261578321457,
        0.613914966583252,
        2.5069496631622314
    ],
    [
        0.5996668934822083,
        0.04987427592277527,
        -0.7986942529678345,
        -1.6100308895111084,
        -0.0582893043756485,
        0.9981272220611572,
        0.018563665449619293,
        -0.17609620094299316,
        0.7981240153312683,
        0.03542330116033554,
        0.6014508605003357,
        2.5760412216186523
    ],
    [
        0.588226318359375,
        0.050014518201351166,
        -0.8071483373641968,
        -1.6858761310577393,
        -0.05926411598920822,
        0.9980679750442505,
        0.018654808402061462,
        -0.1786346435546875,
        0.8065219521522522,
        0.036861684173345566,
        0.5900537967681885,
        2.6421542167663574
    ]
]