[
    [
        0.9998636245727539,
        -0.014792675152420998,
        -0.00734221376478672,
        -0.01357544120401144,
        0.014120648615062237,
        0.9963318109512329,
        -0.0844009593129158,
        0.6662569642066956,
        0.008563796058297157,
        0.08428577333688736,
        0.9964048862457275,
        -0.34874826669692993
    ],
    [
        0.9998688101768494,
        -0.014101836830377579,
        -0.007963207550346851,
        -0.010939429514110088,
        0.013558339327573776,
        0.9978184700012207,
        -0.06461106240749359,
        0.7415987253189087,
        0.008856969885528088,
        0.06449462473392487,
        0.9978787899017334,
        -0.34361469745635986
    ],
    [
        0.9998714923858643,
        -0.013683280907571316,
        -0.008351808413863182,
        -0.007256988901644945,
        0.013287176378071308,
        0.9988636374473572,
        -0.045770108699798584,
        0.810412585735321,
        0.008968601934611797,
        0.04565325379371643,
        0.9989171028137207,
        -0.33724862337112427
    ],
    [
        0.9998712539672852,
        -0.013358055613934994,
        -0.00889677181839943,
        0.0007065254612825811,
        0.013133124448359013,
        0.9996041655540466,
        -0.02487822249531746,
        0.8884761333465576,
        0.009225575253367424,
        0.024758178740739822,
        0.9996509552001953,
        -0.3283018469810486
    ],
    [
        0.999866247177124,
        -0.01349266804754734,
        -0.009252587333321571,
        0.0031449729576706886,
        0.013478812761604786,
        0.999907910823822,
        -0.0015581994084641337,
        0.9724592566490173,
        0.009272759780287743,
        0.0014332773862406611,
        0.9999560117721558,
        -0.3184864819049835
    ],
    [
        0.9998612403869629,
        -0.01371522806584835,
        -0.009453995153307915,
        -0.0002490605693310499,
        0.01391665916889906,
        0.9996702075004578,
        0.021580571308732033,
        1.0609736442565918,
        0.009154897183179855,
        -0.021709123626351357,
        0.9997223615646362,
        -0.31156712770462036
    ],
    [
        0.9998615980148315,
        -0.01346389576792717,
        -0.009778546169400215,
        -0.005975909065455198,
        0.013908455148339272,
        0.9988020062446594,
        0.04691523686051369,
        1.1598896980285645,
        0.009135168977081776,
        -0.04704474285244942,
        0.9988510012626648,
        -0.30517446994781494
    ],
    [
        0.9998601675033569,
        -0.013185376301407814,
        -0.010289964266121387,
        -0.008601518347859383,
        0.013868996873497963,
        0.9974880218505859,
        0.0694660097360611,
        1.251982569694519,
        0.009348178282380104,
        -0.06959901005029678,
        0.9975312948226929,
        -0.2997569441795349
    ],
    [
        0.9998563528060913,
        -0.013043624348938465,
        -0.010823194868862629,
        -0.011283189058303833,
        0.013987699523568153,
        0.9956325888633728,
        0.09230496734380722,
        1.3453290462493896,
        0.00957193411886692,
        -0.09244310855865479,
        0.9956719279289246,
        -0.2963755428791046
    ],
    [
        0.9998503923416138,
        -0.013161804527044296,
        -0.011226543225347996,
        -0.015977442264556885,
        0.014367879368364811,
        0.9932429194450378,
        0.11516103148460388,
        1.434069275856018,
        0.009634957648813725,
        -0.1153050884604454,
        0.9932833313941956,
        -0.29449063539505005
    ],
    [
        0.9998505115509033,
        -0.012985951267182827,
        -0.011419996619224548,
        -0.01763838157057762,
        0.014441331848502159,
        0.9902852773666382,
        0.13829930126667023,
        1.51204514503479,
        0.00951310619711876,
        -0.13844354450702667,
        0.9903246760368347,
        -0.2956708073616028
    ],
    [
        0.9998440742492676,
        -0.013036094605922699,
        -0.01191083062440157,
        -0.01630771905183792,
        0.014787326566874981,
        0.986797034740448,
        0.1612851619720459,
        1.5789681673049927,
        0.009651043452322483,
        -0.16143614053726196,
        0.9868359565734863,
        -0.2947416305541992
    ],
    [
        0.9998391270637512,
        -0.012855164706707,
        -0.01251225546002388,
        -0.017216872423887253,
        0.014982140623033047,
        0.9819985032081604,
        0.18829356133937836,
        1.6569204330444336,
        0.009866471402347088,
        -0.18845072388648987,
        0.9820331335067749,
        -0.28833723068237305
    ],
    [
        0.9998435378074646,
        -0.012090773321688175,
        -0.012919122353196144,
        -0.018003234639763832,
        0.01453948114067316,
        0.9775030016899109,
        0.21041949093341827,
        1.7215226888656616,
        0.010084345005452633,
        -0.21057440340518951,
        0.9775258898735046,
        -0.28152382373809814
    ],
    [
        0.9998580813407898,
        -0.010733544826507568,
        -0.012981988489627838,
        -0.01944379322230816,
        0.01346033439040184,
        0.9724640846252441,
        0.23266388475894928,
        1.7811346054077148,
        0.010127207264304161,
        -0.23280562460422516,
        0.9724705219268799,
        -0.2759850025177002
    ],
    [
        0.9998786449432373,
        -0.008961927145719528,
        -0.012748030945658684,
        -0.023104669526219368,
        0.011915083043277264,
        0.9669210910797119,
        0.2547968924045563,
        1.8360992670059204,
        0.010042868554592133,
        -0.25491783022880554,
        0.9669106006622314,
        -0.2733696699142456
    ],
    [
        0.9999027848243713,
        -0.007181094493716955,
        -0.011949089355766773,
        -0.031677648425102234,
        0.010209648869931698,
        0.9608434438705444,
        0.27690389752388,
        1.8872053623199463,
        0.009492732584476471,
        -0.27699899673461914,
        0.9608232975006104,
        -0.27251896262168884
    ],
    [
        0.9999179244041443,
        -0.006298675201833248,
        -0.011153132654726505,
        -0.04255525767803192,
        0.0093458853662014,
        0.954204261302948,
        0.2990098297595978,
        1.935793399810791,
        0.008759001269936562,
        -0.2990895211696625,
        0.954184889793396,
        -0.2738528549671173
    ],
    [
        0.9999189972877502,
        -0.0062008388340473175,
        -0.011115660890936852,
        -0.04843750596046448,
        0.009475949220359325,
        0.9457175731658936,
        0.3248516023159027,
        1.9933888912200928,
        0.008497923612594604,
        -0.3249306082725525,
        0.9456996321678162,
        -0.27754080295562744
    ],
    [
        0.999907374382019,
        -0.0068161520175635815,
        -0.011784672737121582,
        -0.048645831644535065,
        0.010471384041011333,
        0.9382489919662476,
        0.34580227732658386,
        2.0351216793060303,
        0.008699916303157806,
        -0.34589359164237976,
        0.9382333755493164,
        -0.2777584195137024
    ],
    [
        0.9998764991760254,
        -0.007920321077108383,
        -0.013573221862316132,
        -0.04684503749012947,
        0.012355105951428413,
        0.9299419522285461,
        0.3674987554550171,
        2.074557065963745,
        0.009711600840091705,
        -0.3676210641860962,
        0.9299249053001404,
        -0.2753770351409912
    ],
    [
        0.9998424649238586,
        -0.009008415043354034,
        -0.015293942764401436,
        -0.04446855187416077,
        0.014227310195565224,
        0.9219398498535156,
        0.3870716392993927,
        2.1079623699188232,
        0.010613194666802883,
        -0.3872282803058624,
        0.9219228029251099,
        -0.2707920968532562
    ],
    [
        0.9998143911361694,
        -0.009656454436480999,
        -0.016671564429998398,
        -0.041590336710214615,
        0.015570929273962975,
        0.9146022200584412,
        0.40405476093292236,
        2.139202356338501,
        0.011346114799380302,
        -0.40423932671546936,
        0.9145828485488892,
        -0.2653326094150543
    ],
    [
        0.9997918009757996,
        -0.009850198403000832,
        -0.01786615513265133,
        -0.03853435069322586,
        0.01645335927605629,
        0.9070848822593689,
        0.42062610387802124,
        2.170588970184326,
        0.012062868103384972,
        -0.4208325743675232,
        0.90705806016922,
        -0.25812965631484985
    ],
    [
        0.9997738003730774,
        -0.00950266607105732,
        -0.01902441680431366,
        -0.03382221236824989,
        0.01688561774790287,
        0.8985468149185181,
        0.43855270743370056,
        2.2049927711486816,
        0.012926911935210228,
        -0.4387747645378113,
        0.8985040187835693,
        -0.2501303255558014
    ]
]