[
    [
        0.934232234954834,
        0.0335274413228035,
        -0.35508593916893005,
        -0.09782107174396515,
        -0.03653768450021744,
        0.9993306994438171,
        -0.0017733221175149083,
        0.14381210505962372,
        0.35478881001472473,
        0.014630710706114769,
        0.934831976890564,
        0.09942372888326645
    ],
    [
        0.9261443018913269,
        0.035298239439725876,
        -0.3755142390727997,
        -0.10602153092622757,
        -0.03849867731332779,
        0.9992581605911255,
        -0.0010206579463556409,
        0.16233058273792267,
        0.3751996159553528,
        0.015402077697217464,
        0.9268159866333008,
        0.1032450944185257
    ],
    [
        0.9183520674705505,
        0.03680780529975891,
        -0.39404913783073425,
        -0.11374564468860626,
        -0.04024496302008629,
        0.9991897344589233,
        -0.0004594836791511625,
        0.18198242783546448,
        0.3937129080295563,
        0.016280459240078926,
        0.9190893173217773,
        0.10746046155691147
    ],
    [
        0.9108068943023682,
        0.0381150022149086,
        -0.4110695421695709,
        -0.12020079791545868,
        -0.04168296977877617,
        0.99913090467453,
        0.0002839900553226471,
        0.20412121713161469,
        0.41072311997413635,
        0.016875939443707466,
        0.9116039872169495,
        0.1107238382101059
    ],
    [
        0.9034803509712219,
        0.039318062365055084,
        -0.42682233452796936,
        -0.12498504668474197,
        -0.043136514723300934,
        0.9990689158439636,
        0.0007226810557767749,
        0.22659727931022644,
        0.4264533519744873,
        0.017758700996637344,
        0.9043353199958801,
        0.11270458251237869
    ],
    [
        0.8966890573501587,
        0.04054443910717964,
        -0.44080033898353577,
        -0.12933269143104553,
        -0.04457604140043259,
        0.9990052580833435,
        0.001209762180224061,
        0.24739442765712738,
        0.44041091203689575,
        0.01856435276567936,
        0.8976043462753296,
        0.11415521800518036
    ],
    [
        0.8901361227035522,
        0.04116218537092209,
        -0.4538317620754242,
        -0.13424944877624512,
        -0.045562129467725754,
        0.9989607334136963,
        0.0012403338914737105,
        0.26817458868026733,
        0.45341116189956665,
        0.019573476165533066,
        0.8910865783691406,
        0.11460860818624496
    ],
    [
        0.883909285068512,
        0.04202219471335411,
        -0.46576666831970215,
        -0.1379571259021759,
        -0.0465589202940464,
        0.9989139437675476,
        0.00176634278614074,
        0.28743037581443787,
        0.46533504128456116,
        0.020124303176999092,
        0.8849058151245117,
        0.11465512961149216
    ],
    [
        0.8761539459228516,
        0.04289586469531059,
        -0.48011884093284607,
        -0.14054609835147858,
        -0.04766606166958809,
        0.998860776424408,
        0.0022581631783396006,
        0.31369253993034363,
        0.4796687364578247,
        0.020906873047351837,
        0.8772005438804626,
        0.11142659187316895
    ],
    [
        0.8713003396987915,
        0.04339141026139259,
        -0.48882827162742615,
        -0.14219078421592712,
        -0.048565760254859924,
        0.9988177418708801,
        0.0020963437855243683,
        0.332587867975235,
        0.4883413314819336,
        0.02191377431154251,
        0.8723774552345276,
        0.10585576295852661
    ],
    [
        0.8666039109230042,
        0.04384949058294296,
        -0.4970662593841553,
        -0.14460311830043793,
        -0.049240779131650925,
        0.9987843632698059,
        0.002261136192828417,
        0.34940388798713684,
        0.4965611696243286,
        0.022516420111060143,
        0.8677096366882324,
        0.09868085384368896
    ],
    [
        0.862032413482666,
        0.04450017958879471,
        -0.504895806312561,
        -0.14978225529193878,
        -0.05004771798849106,
        0.9987435936927795,
        0.002577762817963958,
        0.3644953668117523,
        0.5043761134147644,
        0.023046772927045822,
        0.8631764650344849,
        0.08935289829969406
    ],
    [
        0.8578172922134399,
        0.04517048969864845,
        -0.5119659304618835,
        -0.1535394787788391,
        -0.05085206404328346,
        0.9987019300460815,
        0.00291050155647099,
        0.3757692873477936,
        0.5114328265190125,
        0.02353784441947937,
        0.8590007424354553,
        0.07747995853424072
    ],
    [
        0.8546239733695984,
        0.04567846655845642,
        -0.5172342658042908,
        -0.15711276233196259,
        -0.051511943340301514,
        0.9986676573753357,
        0.0030822858680039644,
        0.38481852412223816,
        0.5166859030723572,
        0.024009546265006065,
        0.8558382987976074,
        0.06242500618100166
    ],
    [
        0.8516003489494324,
        0.04604211822152138,
        -0.5221657156944275,
        -0.16202448308467865,
        -0.05215946212410927,
        0.9986342191696167,
        0.002987996907904744,
        0.39223694801330566,
        0.5215901136398315,
        0.024691298604011536,
        0.8528388142585754,
        0.04379978030920029
    ],
    [
        0.8490672707557678,
        0.046706873923540115,
        -0.5262159109115601,
        -0.16816122829914093,
        -0.05302681401371956,
        0.9985883235931396,
        0.003074029693379998,
        0.3975907862186432,
        0.5256167054176331,
        0.025293497368693352,
        0.8503453731536865,
        0.021757254377007484
    ],
    [
        0.8456347584724426,
        0.047377679497003555,
        -0.5316552519798279,
        -0.181147500872612,
        -0.05396740138530731,
        0.9985377788543701,
        0.003144323593005538,
        0.40365535020828247,
        0.5310267806053162,
        0.026033101603388786,
        0.8469550609588623,
        -0.01251760683953762
    ],
    [
        0.842677652835846,
        0.04783561825752258,
        -0.5362892150878906,
        -0.19283875823020935,
        -0.05474231764674187,
        0.998495876789093,
        0.0030460136476904154,
        0.4059063494205475,
        0.5356282591819763,
        0.026790903881192207,
        0.8440287113189697,
        -0.04347445070743561
    ],
    [
        0.8391596674919128,
        0.047939788550138474,
        -0.5417682528495789,
        -0.20444147288799286,
        -0.05531548336148262,
        0.998465359210968,
        0.0026721598114818335,
        0.40902429819107056,
        0.5410649180412292,
        0.02772579900920391,
        0.8405237197875977,
        -0.07677394896745682
    ],
    [
        0.8356817364692688,
        0.04865237697958946,
        -0.5470548868179321,
        -0.21774491667747498,
        -0.05631141737103462,
        0.9984094500541687,
        0.0027722467202693224,
        0.41204458475112915,
        0.5463196039199829,
        0.02848871797323227,
        0.8370922207832336,
        -0.1107814684510231
    ],
    [
        0.8319985270500183,
        0.04916545748710632,
        -0.5525949001312256,
        -0.23500321805477142,
        -0.057207196950912476,
        0.9983587265014648,
        0.0026935692876577377,
        0.4161994457244873,
        0.5518203973770142,
        0.029371362179517746,
        0.8334455490112305,
        -0.14370796084403992
    ],
    [
        0.8273239731788635,
        0.04926745593547821,
        -0.5595603585243225,
        -0.2554960548877716,
        -0.057642847299575806,
        0.9983336925506592,
        0.002673627808690071,
        0.4193021357059479,
        0.5587596297264099,
        0.030042698606848717,
        0.828785240650177,
        -0.17690415680408478
    ],
    [
        0.8203986883163452,
        0.04941876232624054,
        -0.5696523189544678,
        -0.2782999873161316,
        -0.058235038071870804,
        0.9982991814613342,
        0.0027363267727196217,
        0.4219506084918976,
        0.5688186287879944,
        0.030928844586014748,
        0.8218812346458435,
        -0.211819127202034
    ],
    [
        0.8111369013786316,
        0.04998348280787468,
        -0.5827165842056274,
        -0.29996728897094727,
        -0.059335336089134216,
        0.9982335567474365,
        0.0030308160930871964,
        0.42302241921424866,
        0.5818387269973755,
        0.03211727738380432,
        0.8126698136329651,
        -0.24901525676250458
    ],
    [
        0.794885516166687,
        0.05209183320403099,
        -0.6045190691947937,
        -0.3322683870792389,
        -0.06187134236097336,
        0.998073399066925,
        0.004649690818041563,
        0.4227982759475708,
        0.6035966277122498,
        0.033706437796354294,
        0.7965770363807678,
        -0.2972188889980316
    ]
]