[
    [
        0.9995302557945251,
        -0.010739855468273163,
        0.028705665841698647,
        0.20544826984405518,
        0.010537493042647839,
        0.9999186396598816,
        0.00719154579564929,
        -0.09409121423959732,
        -0.028780564665794373,
        -0.0068856822326779366,
        0.9995619654655457,
        0.545731782913208
    ],
    [
        0.9994624257087708,
        -0.011721743270754814,
        0.030618740245699883,
        0.23563939332962036,
        0.011500653810799122,
        0.9999065399169922,
        0.007386934012174606,
        -0.10470440983772278,
        -0.030702469870448112,
        -0.007030826061964035,
        0.9995038509368896,
        0.6328739523887634
    ],
    [
        0.9993147253990173,
        -0.013453775085508823,
        0.0344841443002224,
        0.27251455187797546,
        0.013233859091997147,
        0.9998905658721924,
        0.006597661878913641,
        -0.11744587868452072,
        -0.034569136798381805,
        -0.006136782467365265,
        0.9993834495544434,
        0.7444743514060974
    ],
    [
        0.9991474151611328,
        -0.015064077451825142,
        0.038438260555267334,
        0.30855920910835266,
        0.014800679869949818,
        0.9998650550842285,
        0.007127885241061449,
        -0.13561215996742249,
        -0.03854044899344444,
        -0.006552895065397024,
        0.9992356300354004,
        0.8594457507133484
    ],
    [
        0.9989534616470337,
        -0.01636631228029728,
        0.042709626257419586,
        0.34083375334739685,
        0.0160325039178133,
        0.9998382329940796,
        0.008146675303578377,
        -0.15572547912597656,
        -0.04283605143427849,
        -0.007453407626599073,
        0.9990543723106384,
        0.9782708883285522
    ],
    [
        0.9986920356750488,
        -0.017474710941314697,
        0.048048410564661026,
        0.35720476508140564,
        0.017098866403102875,
        0.9998199343681335,
        0.008222140371799469,
        -0.1689799278974533,
        -0.04818343371152878,
        -0.0073898183181881905,
        0.9988111257553101,
        1.0636414289474487
    ],
    [
        0.9982801079750061,
        -0.019462302327156067,
        0.05529934540390968,
        0.37380725145339966,
        0.018976200371980667,
        0.9997766613960266,
        0.009301955811679363,
        -0.18935707211494446,
        -0.05546804144978523,
        -0.00823658425360918,
        0.9984264373779297,
        1.1903084516525269
    ],
    [
        0.9979467391967773,
        -0.020388739183545113,
        0.060716938227415085,
        0.3946869671344757,
        0.019741728901863098,
        0.9997419118881226,
        0.01123716775327921,
        -0.21413655579090118,
        -0.060930393636226654,
        -0.01001543365418911,
        0.9980917572975159,
        1.3119096755981445
    ],
    [
        0.9976133108139038,
        -0.021226374432444572,
        0.06570497900247574,
        0.41182535886764526,
        0.020388996228575706,
        0.9997024536132812,
        0.013389036990702152,
        -0.23758070170879364,
        -0.06596962362527847,
        -0.012017421424388885,
        0.9977492690086365,
        1.434897780418396
    ],
    [
        0.9974260330200195,
        -0.020510835573077202,
        0.0687059760093689,
        0.4251500368118286,
        0.019542669877409935,
        0.9997004866600037,
        0.014734133146703243,
        -0.2551625669002533,
        -0.06898761540651321,
        -0.013353504240512848,
        0.997528076171875,
        1.5287950038909912
    ],
    [
        0.9972656965255737,
        -0.019781557843089104,
        0.07120286673307419,
        0.4467105567455292,
        0.018733462318778038,
        0.999706506729126,
        0.015357695519924164,
        -0.2722639739513397,
        -0.07148578017950058,
        -0.013981824740767479,
        0.9973435401916504,
        1.6491999626159668
    ],
    [
        0.9972249865531921,
        -0.018326064571738243,
        0.0721559077501297,
        0.4730737507343292,
        0.01733395829796791,
        0.9997467398643494,
        0.014351816847920418,
        -0.2831870913505554,
        -0.07240063697099686,
        -0.01306124310940504,
        0.9972901344299316,
        1.7645686864852905
    ],
    [
        0.99727463722229,
        -0.01789846457540989,
        0.07157418876886368,
        0.5010945796966553,
        0.016889233142137527,
        0.9997496008872986,
        0.014680929481983185,
        -0.29518723487854004,
        -0.07181902229785919,
        -0.013432091102004051,
        0.9973272681236267,
        1.8764476776123047
    ],
    [
        0.9974038004875183,
        -0.016918160021305084,
        0.06999596208333969,
        0.5258162617683411,
        0.015761833637952805,
        0.99973064661026,
        0.01703936606645584,
        -0.3107297718524933,
        -0.07026538252830505,
        -0.01589186117053032,
        0.997401773929596,
        1.9571133852005005
    ],
    [
        0.9975252151489258,
        -0.016454536467790604,
        0.06835644692182541,
        0.5560348033905029,
        0.015188442543148994,
        0.9997041821479797,
        0.01900056004524231,
        -0.32560086250305176,
        -0.06864885985851288,
        -0.017915314063429832,
        0.9974799752235413,
        2.0683093070983887
    ],
    [
        0.9974709153175354,
        -0.01768910139799118,
        0.06883909553289413,
        0.5807786583900452,
        0.01628033258020878,
        0.9996474981307983,
        0.02097220905125141,
        -0.33861449360847473,
        -0.06918580830097198,
        -0.01979845017194748,
        0.9974072575569153,
        2.1873738765716553
    ],
    [
        0.9973074793815613,
        -0.01929929107427597,
        0.07074795663356781,
        0.6007466912269592,
        0.017726998776197433,
        0.9995832443237305,
        0.022784767672419548,
        -0.3490816652774811,
        -0.07115820050239563,
        -0.021469272673130035,
        0.9972339272499084,
        2.2934114933013916
    ],
    [
        0.9971103668212891,
        -0.020417962223291397,
        0.0731707513332367,
        0.6143837571144104,
        0.018641149625182152,
        0.9995165467262268,
        0.02488432638347149,
        -0.358847439289093,
        -0.07364346086978912,
        -0.023448431864380836,
        0.9970089793205261,
        2.379767417907715
    ],
    [
        0.996740996837616,
        -0.022354833781719208,
        0.07750830799341202,
        0.6318432688713074,
        0.020257314667105675,
        0.9994097948074341,
        0.027743402868509293,
        -0.37116870284080505,
        -0.07808277010917664,
        -0.026082880795001984,
        0.996605634689331,
        2.50168514251709
    ],
    [
        0.996111273765564,
        -0.02431206963956356,
        0.08468305319547653,
        0.6454218029975891,
        0.021730631589889526,
        0.9992746114730835,
        0.031273193657398224,
        -0.38470229506492615,
        -0.08538193255662918,
        -0.02931136079132557,
        0.9959171414375305,
        2.625791549682617
    ],
    [
        0.9953433871269226,
        -0.025252139195799828,
        0.09302585572004318,
        0.655396044254303,
        0.021917007863521576,
        0.9990859031677246,
        0.03670062869787216,
        -0.40363770723342896,
        -0.09386760741472244,
        -0.034490879625082016,
        0.9949870705604553,
        2.7497122287750244
    ],
    [
        0.9947652816772461,
        -0.024667862802743912,
        0.09916479140520096,
        0.663611114025116,
        0.020660432055592537,
        0.9989357590675354,
        0.041237711906433105,
        -0.41913050413131714,
        -0.10007649660110474,
        -0.03897305577993393,
        0.9942161440849304,
        2.8390016555786133
    ],
    [
        0.9942736625671387,
        -0.02379389852285385,
        0.10418130457401276,
        0.6828097701072693,
        0.019237693399190903,
        0.9988231062889099,
        0.04452204331755638,
        -0.4349493980407715,
        -0.10511805862188339,
        -0.042262881994247437,
        0.9935612678527832,
        2.9440650939941406
    ],
    [
        0.9937816262245178,
        -0.023284802213311195,
        0.10888485610485077,
        0.7021779417991638,
        0.0183247197419405,
        0.9987579584121704,
        0.04633435606956482,
        -0.44700032472610474,
        -0.10982849448919296,
        -0.044050950556993484,
        0.9929739236831665,
        3.0397071838378906
    ],
    [
        0.9933395981788635,
        -0.023303216323256493,
        0.11284288763999939,
        0.72251957654953,
        0.01802753284573555,
        0.9987062215805054,
        0.04754931479692459,
        -0.4573526978492737,
        -0.11380493640899658,
        -0.04519834369421005,
        0.9924745559692383,
        3.1292190551757812
    ]
]