[
    [
        0.9997447729110718,
        0.01183544471859932,
        -0.019241003319621086,
        0.04789963737130165,
        -0.01201298926025629,
        0.999886155128479,
        -0.009138207882642746,
        0.016472792252898216,
        0.019130656495690346,
        0.009367017075419426,
        0.9997732043266296,
        0.3020607829093933
    ],
    [
        0.9982709884643555,
        0.01694381982088089,
        -0.05628396198153496,
        0.0702487900853157,
        -0.017482668161392212,
        0.9998058080673218,
        -0.009095142595469952,
        0.008303950540721416,
        0.0561189278960228,
        0.010063410736620426,
        0.9983733892440796,
        0.4025236964225769
    ],
    [
        0.9929704666137695,
        0.02532132901251316,
        -0.11562186479568481,
        0.09632866084575653,
        -0.026251353323459625,
        0.9996340870857239,
        -0.006527808960527182,
        0.007132768165320158,
        0.11541426181793213,
        0.009517151862382889,
        0.9932718873023987,
        0.54853755235672
    ],
    [
        0.9762812852859497,
        0.03935521841049194,
        -0.21289870142936707,
        0.10957207530736923,
        -0.04070575162768364,
        0.9991692304611206,
        -0.001962141366675496,
        -0.013705100864171982,
        0.21264462172985077,
        0.01058180257678032,
        0.9770722389221191,
        0.705880343914032
    ],
    [
        0.9542456269264221,
        0.0506642647087574,
        -0.29470035433769226,
        0.0983322486281395,
        -0.05203980579972267,
        0.9986399412155151,
        0.0031781562138348818,
        -0.04757745936512947,
        0.29446056485176086,
        0.012303405441343784,
        0.9555844664573669,
        0.8559865355491638
    ],
    [
        0.9423621296882629,
        0.05758078396320343,
        -0.3296028971672058,
        0.049453314393758774,
        -0.05914594605565071,
        0.9982353448867798,
        0.005286006256937981,
        -0.10162903368473053,
        0.3293256461620331,
        0.014513339847326279,
        0.944104790687561,
        0.9547557234764099
    ],
    [
        0.9406624436378479,
        0.05985259637236595,
        -0.3340233862400055,
        -0.04860246554017067,
        -0.0616285502910614,
        0.9980851411819458,
        0.005288036540150642,
        -0.14210127294063568,
        0.3337003290653229,
        0.015611118637025356,
        0.9425499439239502,
        1.0391274690628052
    ],
    [
        0.9408513903617859,
        0.06164973974227905,
        -0.33316344022750854,
        -0.15584978461265564,
        -0.0632489025592804,
        0.997979462146759,
        0.006055112462490797,
        -0.20253220200538635,
        0.33286359906196594,
        0.015375264920294285,
        0.9428495764732361,
        1.129280924797058
    ],
    [
        0.9415187239646912,
        0.061559516936540604,
        -0.33128973841667175,
        -0.24954171478748322,
        -0.06327947229146957,
        0.9979801177978516,
        0.005603443831205368,
        -0.2669077217578888,
        0.33096548914909363,
        0.015688087791204453,
        0.9435123801231384,
        1.2015597820281982
    ],
    [
        0.9454528093338013,
        0.05916103720664978,
        -0.3203418552875519,
        -0.31616315245628357,
        -0.061008282005786896,
        0.9981281161308289,
        0.004276174586266279,
        -0.332999587059021,
        0.3199952244758606,
        0.015500581823289394,
        0.9472924470901489,
        1.249184250831604
    ],
    [
        0.9506111741065979,
        0.05645190179347992,
        -0.3052070736885071,
        -0.36314788460731506,
        -0.05810490623116493,
        0.9983037710189819,
        0.0036727837286889553,
        -0.39998793601989746,
        0.304896742105484,
        0.014242635108530521,
        0.9522789716720581,
        1.3100496530532837
    ],
    [
        0.953597903251648,
        0.05481415614485741,
        -0.2960512638092041,
        -0.41826725006103516,
        -0.05625927820801735,
        0.9984095096588135,
        0.003642110852524638,
        -0.4606512784957886,
        0.2957800030708313,
        0.013182510621845722,
        0.9551651477813721,
        1.381646752357483
    ],
    [
        0.9546796679496765,
        0.05459708347916603,
        -0.2925848960876465,
        -0.4704056680202484,
        -0.056099098175764084,
        0.9984198212623596,
        0.003261080477386713,
        -0.5052850246429443,
        0.29230061173439026,
        0.0133004579693079,
        0.9562340378761292,
        1.461259365081787
    ],
    [
        0.9553598165512085,
        0.054040245711803436,
        -0.29046010971069336,
        -0.4916048049926758,
        -0.05562504380941391,
        0.9984478950500488,
        0.002803906798362732,
        -0.5125697255134583,
        0.29016077518463135,
        0.013478121720254421,
        0.956882894039154,
        1.5159451961517334
    ],
    [
        0.9559840559959412,
        0.05340730771422386,
        -0.2885170876979828,
        -0.49506229162216187,
        -0.05508586764335632,
        0.9984790086746216,
        0.0023043989203870296,
        -0.5098699927330017,
        0.28820133209228516,
        0.013690242543816566,
        0.9574719667434692,
        1.5497238636016846
    ],
    [
        0.95601886510849,
        0.05316687747836113,
        -0.28844621777534485,
        -0.49522390961647034,
        -0.05494684725999832,
        0.9984874129295349,
        0.0019283629953861237,
        -0.503474235534668,
        0.28811243176460266,
        0.014005654491484165,
        0.9574942588806152,
        1.5688563585281372
    ],
    [
        0.9561871290206909,
        0.05318053811788559,
        -0.28788524866104126,
        -0.49260517954826355,
        -0.05491136014461517,
        0.9984892010688782,
        0.0020655756816267967,
        -0.4831496775150299,
        0.2875601649284363,
        0.01383309904485941,
        0.9576627016067505,
        1.5900415182113647
    ],
    [
        0.9559178352355957,
        0.054350584745407104,
        -0.28856030106544495,
        -0.5053097605705261,
        -0.05595158413052559,
        0.9984297156333923,
        0.0027035234961658716,
        -0.4395204186439514,
        0.28825417160987854,
        0.013561063446104527,
        0.957457959651947,
        1.6198428869247437
    ],
    [
        0.9508211612701416,
        0.058091841638088226,
        -0.30424416065216064,
        -0.5435435771942139,
        -0.05961408466100693,
        0.9982122182846069,
        0.004291484598070383,
        -0.3718818128108978,
        0.3039495348930359,
        0.014056805521249771,
        0.952584445476532,
        1.654184341430664
    ],
    [
        0.9361140727996826,
        0.06473051756620407,
        -0.34568822383880615,
        -0.5912656188011169,
        -0.06644201278686523,
        0.997766375541687,
        0.006909752264618874,
        -0.30484703183174133,
        0.3453633487224579,
        0.016499901190400124,
        0.9383240342140198,
        1.6773810386657715
    ],
    [
        0.9074032306671143,
        0.07392634451389313,
        -0.4137079417705536,
        -0.6337792873382568,
        -0.07628138363361359,
        0.9970273971557617,
        0.01084969937801361,
        -0.24987389147281647,
        0.413280189037323,
        0.02171316370368004,
        0.9103449583053589,
        1.6910743713378906
    ],
    [
        0.8594617247581482,
        0.08585987985134125,
        -0.5039381980895996,
        -0.6754263639450073,
        -0.08909772336483002,
        0.9958652853965759,
        0.017718039453029633,
        -0.1951952576637268,
        0.5033758282661438,
        0.029671765863895416,
        0.8635579943656921,
        1.6854573488235474
    ],
    [
        0.793739914894104,
        0.09879940003156662,
        -0.6001795530319214,
        -0.7411794662475586,
        -0.1024702712893486,
        0.9943372011184692,
        0.0281668771058321,
        -0.15497344732284546,
        0.5995638370513916,
        0.0391433984041214,
        0.7993691563606262,
        1.686725378036499
    ],
    [
        0.6782310009002686,
        0.11615528166294098,
        -0.7256104946136475,
        -0.900446355342865,
        -0.11890002340078354,
        0.9917634129524231,
        0.04762457311153412,
        -0.11739557236433029,
        0.7251659035682678,
        0.05397464334964752,
        0.686455488204956,
        1.7520794868469238
    ],
    [
        0.5523989200592041,
        0.12891730666160583,
        -0.8235507011413574,
        -1.0449737310409546,
        -0.1294006109237671,
        0.9892538785934448,
        0.06806039065122604,
        -0.11471333354711533,
        0.8234748840332031,
        0.06897146254777908,
        0.5631448030471802,
        1.8264414072036743
    ]
]