[
    [
        0.9925820231437683,
        0.007610464468598366,
        -0.1213386282324791,
        -0.1396508365869522,
        -0.00735502177849412,
        0.9999696612358093,
        0.002552957972511649,
        -0.10960721224546432,
        0.1213543713092804,
        -0.0016415717545896769,
        0.992607831954956,
        0.41533273458480835
    ],
    [
        0.990553617477417,
        0.008353360928595066,
        -0.1368710696697235,
        -0.15082062780857086,
        -0.007985797710716724,
        0.9999629259109497,
        0.0032343538478016853,
        -0.12046067416667938,
        0.13689300417900085,
        -0.002110776724293828,
        0.9905836582183838,
        0.5018367767333984
    ],
    [
        0.9879475235939026,
        0.00914797093719244,
        -0.15451861917972565,
        -0.15443867444992065,
        -0.008684051223099232,
        0.9999554753303528,
        0.003677079454064369,
        -0.1279514729976654,
        0.154545396566391,
        -0.002290914533659816,
        0.9879831075668335,
        0.6042280793190002
    ],
    [
        0.9858430624008179,
        0.01005233358591795,
        -0.16736897826194763,
        -0.15288469195365906,
        -0.009610192850232124,
        0.9999478459358215,
        0.0034514551516622305,
        -0.1323801875114441,
        0.16739493608474731,
        -0.0017941457917913795,
        0.9858883023262024,
        0.6826953887939453
    ],
    [
        0.9833621382713318,
        0.011197814717888832,
        -0.18131014704704285,
        -0.15442737936973572,
        -0.010782510973513126,
        0.9999365210533142,
        0.0032761027105152607,
        -0.1388150453567505,
        0.18133533000946045,
        -0.0012666169786825776,
        0.9834204316139221,
        0.7689573168754578
    ],
    [
        0.9810237884521484,
        0.012495597824454308,
        -0.1934845894575119,
        -0.1670878678560257,
        -0.012053046375513077,
        0.9999213814735413,
        0.003464309498667717,
        -0.13754382729530334,
        0.1935126632452011,
        -0.0010664919391274452,
        0.9810972213745117,
        0.8578349351882935
    ],
    [
        0.9793184399604797,
        0.013742865063250065,
        -0.20185789465904236,
        -0.1807234138250351,
        -0.013268929906189442,
        0.9999051094055176,
        0.003700887318700552,
        -0.13035477697849274,
        0.20188960433006287,
        -0.0009459094144403934,
        0.979407787322998,
        0.9379063844680786
    ],
    [
        0.9780337810516357,
        0.015410512685775757,
        -0.2078758031129837,
        -0.19888503849506378,
        -0.014834370464086533,
        0.9998805522918701,
        0.004330258350819349,
        -0.12800204753875732,
        0.2079177349805832,
        -0.0011514346115291119,
        0.9781455993652344,
        1.039481282234192
    ],
    [
        0.9771929383277893,
        0.016122758388519287,
        -0.21174028515815735,
        -0.21978545188903809,
        -0.015491822734475136,
        0.9998692274093628,
        0.004638474900275469,
        -0.13024891912937164,
        0.2117873728275299,
        -0.0012524406192824244,
        0.9773149490356445,
        1.1418004035949707
    ],
    [
        0.976576030254364,
        0.01669198088347912,
        -0.21452440321445465,
        -0.23513618111610413,
        -0.01610947772860527,
        0.9998602271080017,
        0.004463453311473131,
        -0.13506415486335754,
        0.21456891298294067,
        -0.0009030230576172471,
        0.9767084121704102,
        1.2206720113754272
    ],
    [
        0.9757729172706604,
        0.01679125428199768,
        -0.21814070641994476,
        -0.24816463887691498,
        -0.01622331142425537,
        0.9998586773872375,
        0.0043944912031292915,
        -0.13384906947612762,
        0.21818366646766663,
        -0.0007490590796805918,
        0.9759075045585632,
        1.314115047454834
    ],
    [
        0.9751797914505005,
        0.017175188288092613,
        -0.22074730694293976,
        -0.2537064552307129,
        -0.016660980880260468,
        0.9998522996902466,
        0.004191226791590452,
        -0.12608245015144348,
        0.2207866758108139,
        -0.00040933460695669055,
        0.9753221273422241,
        1.3948121070861816
    ],
    [
        0.9743716716766357,
        0.01781894452869892,
        -0.22423706948757172,
        -0.2513619661331177,
        -0.01724063605070114,
        0.999841034412384,
        0.0045368364080786705,
        -0.1141277551651001,
        0.22428226470947266,
        -0.0005545751191675663,
        0.9745240807533264,
        1.5028280019760132
    ],
    [
        0.9739004373550415,
        0.017842313274741173,
        -0.22627338767051697,
        -0.24084898829460144,
        -0.01716325432062149,
        0.999840259552002,
        0.004968168213963509,
        -0.11034930497407913,
        0.2263258844614029,
        -0.0009549147798679769,
        0.9740511178970337,
        1.6189441680908203
    ],
    [
        0.9733237028121948,
        0.01803036779165268,
        -0.2287268340587616,
        -0.23488233983516693,
        -0.01723754219710827,
        0.9998364448547363,
        0.005463778041303158,
        -0.11500748991966248,
        0.22878795862197876,
        -0.0013753356179222465,
        0.9734752178192139,
        1.7094937562942505
    ],
    [
        0.9727355241775513,
        0.018572164699435234,
        -0.23117227852344513,
        -0.2321280688047409,
        -0.017807671800255775,
        0.9998268485069275,
        0.005393365863710642,
        -0.12133682519197464,
        0.2312324196100235,
        -0.0011296778684481978,
        0.9728978872299194,
        1.8129534721374512
    ],
    [
        0.9721234440803528,
        0.019549528136849403,
        -0.2336534559726715,
        -0.23754367232322693,
        -0.018751222640275955,
        0.9998083114624023,
        0.005637745838612318,
        -0.11558499932289124,
        0.2337188720703125,
        -0.0010992952156811953,
        0.972303569316864,
        1.9132875204086304
    ],
    [
        0.9715864062309265,
        0.02035827934741974,
        -0.23580773174762726,
        -0.24661250412464142,
        -0.01950998045504093,
        0.9997920989990234,
        0.005930317100137472,
        -0.10933204740285873,
        0.23587942123413086,
        -0.0011612118687480688,
        0.9717816710472107,
        2.005962610244751
    ],
    [
        0.9709143042564392,
        0.02111673355102539,
        -0.23849405348300934,
        -0.2577827572822571,
        -0.020087502896785736,
        0.9997755289077759,
        0.0067454432137310505,
        -0.10975585877895355,
        0.23858293890953064,
        -0.0017584982560947537,
        0.9711204171180725,
        2.12764048576355
    ],
    [
        0.9706462025642395,
        0.021228808909654617,
        -0.2395733743906021,
        -0.2662724554538727,
        -0.02017710730433464,
        0.9997729659080505,
        0.006841997150331736,
        -0.11281533539295197,
        0.2396642416715622,
        -0.0018072607927024364,
        0.9708541035652161,
        2.2242889404296875
    ],
    [
        0.9703865051269531,
        0.021911587566137314,
        -0.24056144058704376,
        -0.2764138877391815,
        -0.0208627600222826,
        0.9997584819793701,
        0.006906149908900261,
        -0.11552761495113373,
        0.24065467715263367,
        -0.0016828583320602775,
        0.9706092476844788,
        2.3300507068634033
    ],
    [
        0.9701818823814392,
        0.02214634418487549,
        -0.24136410653591156,
        -0.2819761633872986,
        -0.02112593874335289,
        0.9997536540031433,
        0.00681495014578104,
        -0.11499956995248795,
        0.241455540060997,
        -0.001512696617282927,
        0.9704105854034424,
        2.43457293510437
    ],
    [
        0.9699414372444153,
        0.02231721207499504,
        -0.24231304228305817,
        -0.28394225239753723,
        -0.02133447676897049,
        0.9997501373291016,
        0.006679137237370014,
        -0.11123740673065186,
        0.24240155518054962,
        -0.0013087514089420438,
        0.9701750874519348,
        2.5305423736572266
    ],
    [
        0.9694596529006958,
        0.022350557148456573,
        -0.24423034489154816,
        -0.2807365655899048,
        -0.02119452878832817,
        0.9997482895851135,
        0.007360639050602913,
        -0.10843130946159363,
        0.24433334171772003,
        -0.0019594950135797262,
        0.9696892499923706,
        2.6575756072998047
    ],
    [
        0.9684913158416748,
        0.02219955436885357,
        -0.2480560541152954,
        -0.27386870980262756,
        -0.02099904604256153,
        0.9997515082359314,
        0.00748477503657341,
        -0.10686735063791275,
        0.24816057085990906,
        -0.0020400001667439938,
        0.9687166810035706,
        2.7883009910583496
    ]
]