[
    [
        0.9737598896026611,
        0.004677762743085623,
        -0.22752957046031952,
        -0.0749417394399643,
        -0.0031762041617184877,
        0.9999707341194153,
        0.0069650923833251,
        0.022653797641396523,
        0.22755549848079681,
        -0.0060596470721066,
        0.9737464189529419,
        0.024142112582921982
    ],
    [
        0.9696720838546753,
        0.0058664605021476746,
        -0.2443394958972931,
        -0.08575350046157837,
        -0.004074559081345797,
        0.9999610185623169,
        0.007838460616767406,
        0.021803652867674828,
        0.24437591433525085,
        -0.0066051604226231575,
        0.9696580767631531,
        0.024895239621400833
    ],
    [
        0.9641903638839722,
        0.006884599570184946,
        -0.26512160897254944,
        -0.1024329662322998,
        -0.004869494121521711,
        0.999954104423523,
        0.008257206529378891,
        0.02191324159502983,
        0.2651662826538086,
        -0.006670510396361351,
        0.9641796946525574,
        0.025068826973438263
    ],
    [
        0.9582009315490723,
        0.008317459374666214,
        -0.28597524762153625,
        -0.11980663239955902,
        -0.006036834325641394,
        0.9999426603317261,
        0.008855595253407955,
        0.020041096955537796,
        0.28603246808052063,
        -0.006759054027497768,
        0.9581960439682007,
        0.024145910516381264
    ],
    [
        0.9516446590423584,
        0.010430458001792431,
        -0.3070238530635834,
        -0.1376531571149826,
        -0.007988655008375645,
        0.9999256730079651,
        0.00920880027115345,
        0.01779806986451149,
        0.30709710717201233,
        -0.006310798227787018,
        0.9516572952270508,
        0.022970842197537422
    ],
    [
        0.9466724991798401,
        0.011221349239349365,
        -0.3220019042491913,
        -0.1522427350282669,
        -0.008606620132923126,
        0.9999174475669861,
        0.009542714804410934,
        0.014672747813165188,
        0.32208240032196045,
        -0.00626247888430953,
        0.9466909766197205,
        0.022076981142163277
    ],
    [
        0.9395332336425781,
        0.012259826064109802,
        -0.34223824739456177,
        -0.17062056064605713,
        -0.009357745759189129,
        0.9999048709869385,
        0.010129633359611034,
        0.011024142615497112,
        0.34232988953590393,
        -0.006314547266811132,
        0.9395585656166077,
        0.022581782191991806
    ],
    [
        0.9317989945411682,
        0.013931846246123314,
        -0.3627074062824249,
        -0.19004608690738678,
        -0.01088266633450985,
        0.9998862147331238,
        0.010448651388287544,
        0.010317115113139153,
        0.3628116846084595,
        -0.005788818001747131,
        0.9318445324897766,
        0.026255114004015923
    ],
    [
        0.9241733551025391,
        0.014476079493761063,
        -0.3816990852355957,
        -0.21007512509822845,
        -0.011134076863527298,
        0.9998779296875,
        0.01096281036734581,
        0.008044750429689884,
        0.3818111717700958,
        -0.005881670396775007,
        0.9242217540740967,
        0.03170187771320343
    ],
    [
        0.9182019233703613,
        0.014319208450615406,
        -0.39585360884666443,
        -0.22429071366786957,
        -0.01082147192209959,
        0.9998801350593567,
        0.01106771919876337,
        0.005763454362750053,
        0.39596468210220337,
        -0.0058786822482943535,
        0.9182469248771667,
        0.03801474720239639
    ],
    [
        0.9099789261817932,
        0.015513626858592033,
        -0.4143643081188202,
        -0.24619324505329132,
        -0.011870663613080978,
        0.999864935874939,
        0.011365554295480251,
        0.0036850092001259327,
        0.4144846796989441,
        -0.005423635244369507,
        0.9100401401519775,
        0.04789767786860466
    ],
    [
        0.9017730355262756,
        0.016858017072081566,
        -0.4318810701370239,
        -0.2704940736293793,
        -0.012294687330722809,
        0.999835193157196,
        0.0133560411632061,
        -0.0011209521908313036,
        0.43203508853912354,
        -0.006734274327754974,
        0.9018316268920898,
        0.05769690126180649
    ],
    [
        0.8935559391975403,
        0.017950408160686493,
        -0.4485929012298584,
        -0.29842454195022583,
        -0.012867797166109085,
        0.9998138546943665,
        0.01437599677592516,
        -0.0044952332973480225,
        0.4487674832344055,
        -0.007073355372995138,
        0.8936206102371216,
        0.06775998324155807
    ],
    [
        0.8872197866439819,
        0.018941447138786316,
        -0.46095800399780273,
        -0.32218408584594727,
        -0.013410650193691254,
        0.9997934699058533,
        0.01527110580354929,
        -0.008776991628110409,
        0.4611520767211914,
        -0.0073670814745128155,
        0.8872905373573303,
        0.07509494572877884
    ],
    [
        0.8783993124961853,
        0.021317055448889732,
        -0.47745180130004883,
        -0.3578128516674042,
        -0.015187340788543224,
        0.99974524974823,
        0.016695039346814156,
        -0.014142611995339394,
        0.4776861369609833,
        -0.007413688115775585,
        0.8784993886947632,
        0.08494266122579575
    ],
    [
        0.8694814443588257,
        0.02471356838941574,
        -0.49334701895713806,
        -0.3999083638191223,
        -0.017466602846980095,
        0.9996612668037415,
        0.01929333806037903,
        -0.022240104153752327,
        0.4936567544937134,
        -0.008158103562891483,
        0.8696185946464539,
        0.09520714730024338
    ],
    [
        0.8603118062019348,
        0.027756841853260994,
        -0.5090118050575256,
        -0.44502905011177063,
        -0.019410088658332825,
        0.9995760917663574,
        0.021701548248529434,
        -0.034325454384088516,
        0.5093984007835388,
        -0.008790135383605957,
        0.860485851764679,
        0.10862939804792404
    ],
    [
        0.8532434105873108,
        0.030009888112545013,
        -0.5206487774848938,
        -0.4798314571380615,
        -0.020593706518411636,
        0.9995031356811523,
        0.02386164478957653,
        -0.04442527890205383,
        0.5211061239242554,
        -0.009637703187763691,
        0.8534374833106995,
        0.12060234695672989
    ],
    [
        0.8428781032562256,
        0.03275715187191963,
        -0.5371065735816956,
        -0.524066150188446,
        -0.022008253261446953,
        0.9994087815284729,
        0.026414701715111732,
        -0.05126108601689339,
        0.5376543402671814,
        -0.010443594306707382,
        0.8431007266044617,
        0.14127790927886963
    ],
    [
        0.8321327567100525,
        0.03637142851948738,
        -0.5533826351165771,
        -0.5691639184951782,
        -0.023806089535355568,
        0.999269962310791,
        0.029879959300160408,
        -0.05440229922533035,
        0.5540654063224792,
        -0.011690211482346058,
        0.8323911428451538,
        0.1667746752500534
    ],
    [
        0.8207634687423706,
        0.039757683873176575,
        -0.5698831081390381,
        -0.6142587065696716,
        -0.025214018300175667,
        0.99912428855896,
        0.03338952362537384,
        -0.05804124101996422,
        0.5707115530967712,
        -0.013035856187343597,
        0.8210471272468567,
        0.20087936520576477
    ],
    [
        0.8122296333312988,
        0.04126844182610512,
        -0.581876277923584,
        -0.646583616733551,
        -0.025256460532546043,
        0.9990468621253967,
        0.035600461065769196,
        -0.06134127452969551,
        0.5827907919883728,
        -0.014219614677131176,
        0.8124976754188538,
        0.230523481965065
    ],
    [
        0.8006972074508667,
        0.043892692774534225,
        -0.597459077835083,
        -0.6903663277626038,
        -0.02519197389483452,
        0.998897135257721,
        0.03962302207946777,
        -0.06859853118658066,
        0.5985392928123474,
        -0.016674872487783432,
        0.8009198904037476,
        0.2767693102359772
    ],
    [
        0.7888220548629761,
        0.046388283371925354,
        -0.61286860704422,
        -0.7362782955169678,
        -0.02540438435971737,
        0.9987564086914062,
        0.042898356914520264,
        -0.07435886561870575,
        0.614096462726593,
        -0.018269618973135948,
        0.7890195250511169,
        0.3225339651107788
    ],
    [
        0.7762179374694824,
        0.048887163400650024,
        -0.6285664439201355,
        -0.7793222069740295,
        -0.025998586788773537,
        0.9986231327056885,
        0.04556286707520485,
        -0.07919493317604065,
        0.6299283504486084,
        -0.019024882465600967,
        0.7764202356338501,
        0.36572030186653137
    ]
]