[
    [
        0.9999973773956299,
        -0.0007195587386377156,
        -0.002176556270569563,
        0.03751402348279953,
        0.0007190181640908122,
        0.9999997019767761,
        -0.0002492266066838056,
        0.0010439050383865833,
        0.0021767355501651764,
        0.00024766134447418153,
        0.9999974966049194,
        -0.5692185759544373
    ],
    [
        0.9999964237213135,
        -0.0009589373948983848,
        -0.0025000052992254496,
        0.04087347537279129,
        0.0009586535161361098,
        0.9999995231628418,
        -0.00011456904030637816,
        0.0006152876885607839,
        0.002500114729627967,
        0.00011217194696655497,
        0.9999969005584717,
        -0.6547475457191467
    ],
    [
        0.9999958872795105,
        -0.001271513057872653,
        -0.0025870222598314285,
        0.04203181713819504,
        0.0012718531070277095,
        0.9999991655349731,
        0.00012978423910681158,
        0.0019274209626019,
        0.0025868548545986414,
        -0.00013307474728208035,
        0.9999966621398926,
        -0.7410524487495422
    ],
    [
        0.9999958276748657,
        -0.0012354394420981407,
        -0.0026096387300640345,
        0.04169604927301407,
        0.0012364523718133569,
        0.9999991059303284,
        0.00038639092235825956,
        0.002839166671037674,
        0.002609159564599395,
        -0.00038961609243415296,
        0.999996542930603,
        -0.8298028707504272
    ],
    [
        0.9999958276748657,
        -0.0010606222786009312,
        -0.002689455868676305,
        0.04031242057681084,
        0.00106221588794142,
        0.9999992847442627,
        0.0005912386695854366,
        0.0023917467333376408,
        0.0026888269931077957,
        -0.0005940932896919549,
        0.9999961853027344,
        -0.9190314412117004
    ],
    [
        0.9999948143959045,
        -0.0012233589077368379,
        -0.003011029679328203,
        0.03913852199912071,
        0.00122643425129354,
        0.9999986886978149,
        0.0010196914663538337,
        0.00021206412930041552,
        0.0030097798444330692,
        -0.0010233793873339891,
        0.9999948740005493,
        -1.0094563961029053
    ],
    [
        0.9999943971633911,
        -0.001150352880358696,
        -0.0031691899057477713,
        0.03743864595890045,
        0.0011535963276401162,
        0.9999988079071045,
        0.0010217136004939675,
        -0.004376299679279327,
        0.0031680120155215263,
        -0.0010253640357404947,
        0.9999943375587463,
        -1.125123143196106
    ],
    [
        0.9999942779541016,
        -0.0009272084571421146,
        -0.003248457331210375,
        0.0376477874815464,
        0.000930608541239053,
        0.9999990463256836,
        0.0010454670991748571,
        -0.006754173431545496,
        0.003247483866289258,
        -0.0010484842350706458,
        0.9999942779541016,
        -1.217697024345398
    ],
    [
        0.9999949932098389,
        -0.0009360286057926714,
        -0.003041825955733657,
        0.03953251987695694,
        0.0009395894594490528,
        0.9999988675117493,
        0.0011695987777784467,
        -0.006781739182770252,
        0.0030407276935875416,
        -0.0011724510695785284,
        0.9999946355819702,
        -1.3099019527435303
    ],
    [
        0.9999952912330627,
        -0.00098343042191118,
        -0.0028960402123630047,
        0.0428784154355526,
        0.0009867355693131685,
        0.999998927116394,
        0.001140221836976707,
        -0.005097293294966221,
        0.002894915407523513,
        -0.0011430743616074324,
        0.9999951720237732,
        -1.4031709432601929
    ],
    [
        0.9999933242797852,
        -0.0008401756640523672,
        -0.003571172943338752,
        0.04725992679595947,
        0.0008445093990303576,
        0.9999988675117493,
        0.001212098402902484,
        -0.0021033368539065123,
        0.0035701498854905367,
        -0.0012151066912338138,
        0.9999929666519165,
        -1.4972431659698486
    ],
    [
        0.999993085861206,
        -0.0007697386899963021,
        -0.003657869528979063,
        0.05254817381501198,
        0.000774790474679321,
        0.9999988079071045,
        0.0013797555584460497,
        0.0016280601266771555,
        0.003656801301985979,
        -0.0013825794449076056,
        0.9999924302101135,
        -1.592690110206604
    ],
    [
        0.9999948143959045,
        -0.000892984273377806,
        -0.003081400878727436,
        0.06072342023253441,
        0.0008978728437796235,
        0.9999984502792358,
        0.0015855426900088787,
        0.006810103543102741,
        0.003079978981986642,
        -0.0015883008018136024,
        0.9999940991401672,
        -1.7124441862106323
    ],
    [
        0.9999960660934448,
        -0.0004408837703522295,
        -0.002789983758702874,
        0.06837965548038483,
        0.00044610429904423654,
        0.999998152256012,
        0.0018710879376158118,
        0.009175320155918598,
        0.002789153251796961,
        -0.0018723253160715103,
        0.9999943971633911,
        -1.8102295398712158
    ],
    [
        0.9999951124191284,
        9.126887016464025e-05,
        -0.003144756658002734,
        0.07578637450933456,
        -8.486813749186695e-05,
        0.9999979734420776,
        0.002035483019426465,
        0.007954778149724007,
        0.0031449352391064167,
        -0.0020352061837911606,
        0.9999929666519165,
        -1.9089065790176392
    ],
    [
        0.9999925494194031,
        -0.0002602066088002175,
        -0.003858240321278572,
        0.08213061839342117,
        0.000267806404735893,
        0.9999980330467224,
        0.001969270408153534,
        0.004107057582587004,
        0.0038577208761125803,
        -0.0019702883437275887,
        0.9999905824661255,
        -2.0086240768432617
    ],
    [
        0.9999925494194031,
        -0.000464134180219844,
        -0.003821577178314328,
        0.08714974671602249,
        0.0004708998021669686,
        0.9999982714653015,
        0.001769714755937457,
        0.00010414957068860531,
        0.003820748534053564,
        -0.0017715016147121787,
        0.999991238117218,
        -2.1067590713500977
    ],
    [
        0.9999932646751404,
        -0.00020872647291980684,
        -0.0036521819420158863,
        0.0915611982345581,
        0.000215115534956567,
        0.9999985098838806,
        0.0017492079641669989,
        -0.0021919168066233397,
        0.0036518110428005457,
        -0.0017499820096418262,
        0.999991774559021,
        -2.202646493911743
    ],
    [
        0.9999935030937195,
        6.992042472120374e-05,
        -0.0035944452974945307,
        0.09636776894330978,
        -6.378457328537479e-05,
        0.9999985098838806,
        0.0017072843620553613,
        -0.003542292630299926,
        0.0035945591516792774,
        -0.0017070447793230414,
        0.9999921321868896,
        -2.319457769393921
    ],
    [
        0.9999936819076538,
        0.00018236026517115533,
        -0.003559080883860588,
        0.09936723858118057,
        -0.00017602276057004929,
        0.9999983906745911,
        0.0017808186821639538,
        -0.003108208067715168,
        0.003559399861842394,
        -0.0017801811918616295,
        0.9999920129776001,
        -2.411851167678833
    ],
    [
        0.9999939203262329,
        0.0002707849780563265,
        -0.0034750248305499554,
        0.10226010531187057,
        -0.0002640980528667569,
        0.9999982118606567,
        0.001924604643136263,
        -0.0021754109766334295,
        0.0034755407832562923,
        -0.0019236758816987276,
        0.9999921321868896,
        -2.505593776702881
    ],
    [
        0.9999936819076538,
        0.00023924322158563882,
        -0.0035624587908387184,
        0.10503481328487396,
        -0.0002319928171345964,
        0.9999979138374329,
        0.002035718411207199,
        -0.0003382978029549122,
        0.003562938654795289,
        -0.002034879522398114,
        0.9999915361404419,
        -2.6003060340881348
    ],
    [
        0.9999905228614807,
        -0.0004404975916258991,
        -0.004341407213360071,
        0.10814507305622101,
        0.00045009443419985473,
        0.9999974966049194,
        0.0022097090259194374,
        0.002581958193331957,
        0.004340422805398703,
        -0.0022116422187536955,
        0.9999881386756897,
        -2.694350004196167
    ],
    [
        0.9999904632568359,
        -0.0007631321786902845,
        -0.004316562786698341,
        0.1109132394194603,
        0.0007723819580860436,
        0.9999974370002747,
        0.002141624456271529,
        0.0035835695452988148,
        0.004314919468015432,
        -0.00214493740350008,
        0.9999882578849792,
        -2.7873146533966064
    ],
    [
        0.9999911189079285,
        -0.0012957764556631446,
        -0.004012587945908308,
        0.11339687556028366,
        0.001304919715039432,
        0.9999966025352478,
        0.002276939107105136,
        0.003341021714732051,
        0.004009621683508158,
        -0.00228215497918427,
        0.99998939037323,
        -2.901873826980591
    ]
]