[
    [
        0.9931036233901978,
        -0.03339296579360962,
        -0.11238400638103485,
        -0.09314307570457458,
        0.02754475735127926,
        0.9982041716575623,
        -0.05319443717598915,
        -0.15966109931468964,
        0.11395850032567978,
        0.04973199963569641,
        0.9922399520874023,
        0.4895947277545929
    ],
    [
        0.9876853227615356,
        -0.048416413366794586,
        -0.14877335727214813,
        -0.12505710124969482,
        0.03955334052443504,
        0.9972941279411316,
        -0.061967696994543076,
        -0.23346452414989471,
        0.1513710469007492,
        0.055320098996162415,
        0.9869278073310852,
        0.606546938419342
    ],
    [
        0.981755793094635,
        -0.06077985838055611,
        -0.18017059564590454,
        -0.1759306788444519,
        0.048702020198106766,
        0.9963065385818481,
        -0.07072118669748306,
        -0.2803451120853424,
        0.18380354344844818,
        0.06065625697374344,
        0.9810897707939148,
        0.7237471342086792
    ],
    [
        0.975980281829834,
        -0.07049643993377686,
        -0.20613746345043182,
        -0.23770204186439514,
        0.05525116249918938,
        0.9953575730323792,
        -0.07880724221467972,
        -0.321174293756485,
        0.21073612570762634,
        0.06552498787641525,
        0.9753443598747253,
        0.8459579944610596
    ],
    [
        0.9706318378448486,
        -0.07901909202337265,
        -0.22722227871418,
        -0.29264912009239197,
        0.06076204776763916,
        0.9944179654121399,
        -0.08626101911067963,
        -0.39430826902389526,
        0.232770174741745,
        0.06992118805646896,
        0.9700149893760681,
        0.9713246822357178
    ],
    [
        0.966702938079834,
        -0.08520081639289856,
        -0.24130117893218994,
        -0.3290988504886627,
        0.06466692686080933,
        0.9936766624450684,
        -0.09178715199232101,
        -0.47091323137283325,
        0.24759569764137268,
        0.07312670350074768,
        0.9660999178886414,
        1.084336519241333
    ],
    [
        0.9640494585037231,
        -0.09097214043140411,
        -0.24966534972190857,
        -0.35533666610717773,
        0.0686747133731842,
        0.9929484724998474,
        -0.09662868827581406,
        -0.5127418041229248,
        0.25669535994529724,
        0.07600913196802139,
        0.9634988903999329,
        1.2035855054855347
    ],
    [
        0.9619318246841431,
        -0.09605859220027924,
        -0.2558513879776001,
        -0.38441917300224304,
        0.07235374301671982,
        0.9923000931739807,
        -0.10052554309368134,
        -0.5500344634056091,
        0.2635377049446106,
        0.07818690687417984,
        0.9614753723144531,
        1.3342499732971191
    ],
    [
        0.9593501091003418,
        -0.10206572711467743,
        -0.26311588287353516,
        -0.40509551763534546,
        0.07704341411590576,
        0.9916149377822876,
        -0.10375005751848221,
        -0.6155017018318176,
        0.27149897813796997,
        0.07926128804683685,
        0.9591694474220276,
        1.4659273624420166
    ],
    [
        0.9570910334587097,
        -0.10721898823976517,
        -0.2692224383354187,
        -0.4254242479801178,
        0.08089423179626465,
        0.9909549951553345,
        -0.10707146674394608,
        -0.6847681999206543,
        0.27826744318008423,
        0.08069860935211182,
        0.9571076035499573,
        1.5618669986724854
    ],
    [
        0.9550454616546631,
        -0.11147965490818024,
        -0.274700790643692,
        -0.46252402663230896,
        0.08385546505451202,
        0.9903472065925598,
        -0.11036655306816101,
        -0.7347506880760193,
        0.28435271978378296,
        0.08236991614103317,
        0.9551746845245361,
        1.656097650527954
    ],
    [
        0.9533923268318176,
        -0.11418171226978302,
        -0.2792946696281433,
        -0.5153965353965759,
        0.08565747737884521,
        0.9899727702140808,
        -0.11232433468103409,
        -0.765454888343811,
        0.2893194854259491,
        0.0831654891371727,
        0.9536129236221313,
        1.756436824798584
    ],
    [
        0.9523054361343384,
        -0.11508189886808395,
        -0.28261375427246094,
        -0.5738321542739868,
        0.0860312208533287,
        0.9898433089256287,
        -0.11317591369152069,
        -0.8300710320472717,
        0.29276782274246216,
        0.08346442133188248,
        0.9525338411331177,
        1.8697091341018677
    ],
    [
        0.9511059522628784,
        -0.11767745018005371,
        -0.28556889295578003,
        -0.619516134262085,
        0.08786731958389282,
        0.9894612431526184,
        -0.11509010940790176,
        -0.9083351492881775,
        0.2961028814315796,
        0.08437072485685349,
        0.9514222741127014,
        1.9770841598510742
    ],
    [
        0.9503466486930847,
        -0.1204444169998169,
        -0.28693971037864685,
        -0.653160035610199,
        0.09016925096511841,
        0.98908531665802,
        -0.11653230339288712,
        -0.968438446521759,
        0.2978435158729553,
        0.08487294614315033,
        0.9508342742919922,
        2.082306146621704
    ],
    [
        0.9496638774871826,
        -0.12306416034698486,
        -0.28808632493019104,
        -0.6852066516876221,
        0.09228413552045822,
        0.9886993765830994,
        -0.11814013868570328,
        -1.007024884223938,
        0.29936960339546204,
        0.0856076329946518,
        0.9502890110015869,
        2.2028489112854004
    ],
    [
        0.9487277269363403,
        -0.12630942463874817,
        -0.2897612750530243,
        -0.7140206098556519,
        0.09530453383922577,
        0.9883360266685486,
        -0.11878091841936111,
        -1.0749518871307373,
        0.30138465762138367,
        0.08507519215345383,
        0.9496996402740479,
        2.3376986980438232
    ],
    [
        0.9476160407066345,
        -0.12931734323501587,
        -0.2920633554458618,
        -0.7402641177177429,
        0.09765149652957916,
        0.9878897070884705,
        -0.12057364732027054,
        -1.1512296199798584,
        0.30411869287490845,
        0.08573709428310394,
        0.9487680792808533,
        2.452037811279297
    ],
    [
        0.9467816352844238,
        -0.13192225992679596,
        -0.29359984397888184,
        -0.7743287682533264,
        0.09960685670375824,
        0.9874592423439026,
        -0.12248603999614716,
        -1.2180304527282715,
        0.3060765266418457,
        0.08672298491001129,
        0.9480486512184143,
        2.5468621253967285
    ],
    [
        0.9456329345703125,
        -0.13436833024024963,
        -0.29618188738822937,
        -0.8249391913414001,
        0.10125041007995605,
        0.9870374202728271,
        -0.12452103942632675,
        -1.2767727375030518,
        0.3090742528438568,
        0.08776263892650604,
        0.9469797611236572,
        2.648111581802368
    ],
    [
        0.9446243643760681,
        -0.13589470088481903,
        -0.29869288206100464,
        -0.8828741312026978,
        0.10214293003082275,
        0.9867684841156006,
        -0.1259150207042694,
        -1.3589520454406738,
        0.31185194849967957,
        0.08843304216861725,
        0.9460062980651855,
        2.761202335357666
    ],
    [
        0.9443215727806091,
        -0.1370873600244522,
        -0.2991052269935608,
        -0.9293018579483032,
        0.10232490301132202,
        0.9863494634628296,
        -0.12901286780834198,
        -1.453337550163269,
        0.31270831823349,
        0.09122372418642044,
        0.9454585313796997,
        2.8547091484069824
    ],
    [
        0.9435701966285706,
        -0.13976767659187317,
        -0.3002336025238037,
        -0.9449672102928162,
        0.1039712205529213,
        0.9857627749443054,
        -0.1321425586938858,
        -1.529201626777649,
        0.31442832946777344,
        0.09347016364336014,
        0.9446683526039124,
        2.949298620223999
    ],
    [
        0.943051278591156,
        -0.14282923936843872,
        -0.30042341351509094,
        -0.9544186592102051,
        0.10586736351251602,
        0.9850377440452576,
        -0.1359875202178955,
        -1.5831729173660278,
        0.31535136699676514,
        0.09643829613924026,
        0.9440619349479675,
        3.056504726409912
    ],
    [
        0.9427830576896667,
        -0.1457313597202301,
        -0.2998707890510559,
        -0.9732546806335449,
        0.10762140154838562,
        0.9842872023582458,
        -0.1399867832660675,
        -1.6463202238082886,
        0.315559446811676,
        0.09970447421073914,
        0.9436530470848083,
        3.198418140411377
    ]
]