[
    [
        0.9999720454216003,
        -0.0024451192002743483,
        -0.007081450894474983,
        0.019257884472608566,
        0.0024436928797513247,
        0.9999969601631165,
        -0.00021003680012654513,
        0.017935315147042274,
        0.007081942167133093,
        0.0001927262346725911,
        0.9999749660491943,
        0.5335838794708252
    ],
    [
        0.9999704957008362,
        -0.0025979361962527037,
        -0.007242171093821526,
        0.020564261823892593,
        0.0025998703204095364,
        0.9999966025352478,
        0.0002576489350758493,
        0.020805545151233673,
        0.00724147679284215,
        -0.00027646907255984843,
        0.9999737739562988,
        0.6247901320457458
    ],
    [
        0.99996018409729,
        -0.002570101758465171,
        -0.008547678589820862,
        0.024736128747463226,
        0.0025754503440111876,
        0.9999964833259583,
        0.0006147443782538176,
        0.023595493286848068,
        0.008546070195734501,
        -0.0006367336609400809,
        0.9999632835388184,
        0.7009599208831787
    ],
    [
        0.9999369382858276,
        -0.003126331139355898,
        -0.010786549188196659,
        0.029156852513551712,
        0.003130050376057625,
        0.9999949932098389,
        0.000327983230818063,
        0.0313626304268837,
        0.010785470716655254,
        -0.00036172574618831277,
        0.9999418258666992,
        0.8159429430961609
    ],
    [
        0.9999314546585083,
        -0.002768054371699691,
        -0.011376990005373955,
        0.027229666709899902,
        0.002765003591775894,
        0.9999961256980896,
        -0.00028393283719196916,
        0.038570575416088104,
        0.011377731338143349,
        0.0002524560841266066,
        0.9999351501464844,
        0.8964979648590088
    ],
    [
        0.9998778104782104,
        -0.0032590164337307215,
        -0.015292295254766941,
        0.03159130737185478,
        0.003250133479014039,
        0.9999945163726807,
        -0.0006056661368347704,
        0.04536206275224686,
        0.01529418583959341,
        0.0005558889242820442,
        0.9998828172683716,
        1.0064496994018555
    ],
    [
        0.9998360872268677,
        -0.0032806347589939833,
        -0.017800481989979744,
        0.033910658210515976,
        0.003283330937847495,
        0.9999946355819702,
        0.00012224304373376071,
        0.046198770403862,
        0.0177999809384346,
        -0.00018066982738673687,
        0.999841570854187,
        1.09454345703125
    ],
    [
        0.9997925758361816,
        -0.003381327260285616,
        -0.020082173869013786,
        0.03639860078692436,
        0.003387786215171218,
        0.999994158744812,
        0.00028758772532455623,
        0.048225466161966324,
        0.020081086084246635,
        -0.0003555634175427258,
        0.9997981786727905,
        1.1699048280715942
    ],
    [
        0.9997267127037048,
        -0.0033376095816493034,
        -0.023139948025345802,
        0.03941478207707405,
        0.003334577428176999,
        0.9999945163726807,
        -0.00016961275832727551,
        0.05533953011035919,
        0.02314038574695587,
        9.240471990779042e-05,
        0.999732255935669,
        1.2886441946029663
    ],
    [
        0.9996783137321472,
        -0.0033727018162608147,
        -0.025139085948467255,
        0.041370976716279984,
        0.003354435320943594,
        0.9999940991401672,
        -0.0007687589968554676,
        0.06117096170783043,
        0.025141533464193344,
        0.0006841851864010096,
        0.9996837377548218,
        1.3679605722427368
    ],
    [
        0.9996083974838257,
        -0.003317278577014804,
        -0.027786968275904655,
        0.04091063514351845,
        0.0033083846792578697,
        0.9999943971633911,
        -0.00036603157059289515,
        0.06363197416067123,
        0.02778802253305912,
        0.0002739586343523115,
        0.9996137619018555,
        1.486556053161621
    ],
    [
        0.9995478391647339,
        -0.00317047955468297,
        -0.029899578541517258,
        0.04045071825385094,
        0.003182325977832079,
        0.9999948143959045,
        0.0003486183995846659,
        0.06363742053508759,
        0.029898319393396378,
        -0.0004436126328073442,
        0.9995529055595398,
        1.5737671852111816
    ],
    [
        0.9994738101959229,
        -0.0031551166903227568,
        -0.03228212520480156,
        0.04042195528745651,
        0.0031670245807617903,
        0.9999949932098389,
        0.00031776350806467235,
        0.0662078857421875,
        0.03228095918893814,
        -0.00041983413393609226,
        0.9994787573814392,
        1.6676664352416992
    ],
    [
        0.9994248747825623,
        -0.0030214060097932816,
        -0.03377535566687584,
        0.0356842577457428,
        0.0030118857976049185,
        0.9999954104423523,
        -0.00033273667213506997,
        0.07124701142311096,
        0.03377620503306389,
        0.0002308170951437205,
        0.9994293451309204,
        1.7543830871582031
    ],
    [
        0.9993833899497986,
        -0.0025964516680687666,
        -0.03501410782337189,
        0.03106217458844185,
        0.0025824091862887144,
        0.9999966025352478,
        -0.00044625491136685014,
        0.07324137538671494,
        0.03501514717936516,
        0.0003555591101758182,
        0.9993867874145508,
        1.8328897953033447
    ],
    [
        0.9993134140968323,
        -0.002044553868472576,
        -0.036992788314819336,
        0.025250177830457687,
        0.002070473972707987,
        0.999997615814209,
        0.0006623784429393709,
        0.07269533723592758,
        0.03699134662747383,
        -0.000738516915589571,
        0.9993153810501099,
        1.9590117931365967
    ],
    [
        0.999262809753418,
        -0.0025075783487409353,
        -0.03830944001674652,
        0.020180825144052505,
        0.002548291115090251,
        0.9999962449073792,
        0.0010139424121007323,
        0.0729745402932167,
        0.03830674663186073,
        -0.001110818120650947,
        0.9992654919624329,
        2.0473902225494385
    ],
    [
        0.9991961717605591,
        -0.002695038914680481,
        -0.03999785706400871,
        0.015950165688991547,
        0.0027197515591979027,
        0.9999961853027344,
        0.0005634663975797594,
        0.07718446105718613,
        0.039996180683374405,
        -0.0006717963260598481,
        0.9991995692253113,
        2.1464571952819824
    ],
    [
        0.9991167187690735,
        -0.00291541893966496,
        -0.04192152991890907,
        0.015190900303423405,
        0.0029113648924976587,
        0.9999957084655762,
        -0.0001577559014549479,
        0.08277617394924164,
        0.04192180931568146,
        3.556778028723784e-05,
        0.9991208910942078,
        2.234210252761841
    ],
    [
        0.9990525841712952,
        -0.003065666416659951,
        -0.04341122880578041,
        0.013121696189045906,
        0.003055145498365164,
        0.9999952912330627,
        -0.0003086889337282628,
        0.0854046419262886,
        0.043411970138549805,
        0.00017576896061655134,
        0.9990573525428772,
        2.3045637607574463
    ],
    [
        0.9989622831344604,
        -0.003199709812179208,
        -0.0454324372112751,
        0.007795383688062429,
        0.0032207388430833817,
        0.9999946355819702,
        0.0003896714188158512,
        0.08548372238874435,
        0.04543095454573631,
        -0.000535594648681581,
        0.9989672899246216,
        2.416229724884033
    ],
    [
        0.9988918304443359,
        -0.003164503490552306,
        -0.04695794731378555,
        0.004932420328259468,
        0.003197413869202137,
        0.9999947547912598,
        0.0006257595377974212,
        0.08716128766536713,
        0.046955715864896774,
        -0.0007752096862532198,
        0.9988967776298523,
        2.5061216354370117
    ],
    [
        0.9988433122634888,
        -0.003332671942189336,
        -0.047967541962862015,
        -0.0015687390696257353,
        0.0033469016198068857,
        0.9999943375587463,
        0.0002163419994758442,
        0.09240935742855072,
        0.047966547310352325,
        -0.00037663435796275735,
        0.9988487958908081,
        2.605036735534668
    ],
    [
        0.9988018870353699,
        -0.0032599170226603746,
        -0.048828061670064926,
        -0.007589689455926418,
        0.0032610720954835415,
        0.9999946355819702,
        -5.6009881518548355e-05,
        0.09693305939435959,
        0.04882798343896866,
        -0.00010328994540032,
        0.9988071918487549,
        2.6944329738616943
    ],
    [
        0.9987567067146301,
        -0.003031976753845811,
        -0.04975693300366402,
        -0.01306989323347807,
        0.003026064718142152,
        0.9999953508377075,
        -0.00019414802954997867,
        0.10005820542573929,
        0.049757298082113266,
        4.3337891838746145e-05,
        0.9987612366676331,
        2.7899794578552246
    ]
]