[
    [
        0.998761773109436,
        0.002582700690254569,
        -0.04968149587512016,
        0.31197279691696167,
        -0.0024669005069881678,
        0.9999940991401672,
        0.0023920161183923483,
        -0.011001487262547016,
        0.049687378108501434,
        -0.002266494557261467,
        0.9987622499465942,
        -0.19410336017608643
    ],
    [
        0.9995744228363037,
        0.002209725556895137,
        -0.02908589318394661,
        0.3384273946285248,
        -0.0022348309867084026,
        0.9999972581863403,
        -0.0008306445670314133,
        -0.0070610688999295235,
        0.0290839746594429,
        0.0008952936623245478,
        0.9995766282081604,
        -0.19050484895706177
    ],
    [
        0.999956488609314,
        0.0018254431197419763,
        -0.009148485027253628,
        0.36607784032821655,
        -0.0018666388932615519,
        0.9999881386756897,
        -0.004496518522500992,
        -0.002571863355115056,
        0.009140168316662312,
        0.004513399675488472,
        0.9999481439590454,
        -0.18742884695529938
    ],
    [
        0.9999310970306396,
        0.0013368766522035003,
        0.011668561957776546,
        0.3919762372970581,
        -0.0012520015006884933,
        0.9999727606773376,
        -0.007278141565620899,
        0.0007285749888978899,
        -0.01167797576636076,
        0.007263030856847763,
        0.9999053478240967,
        -0.18555904924869537
    ],
    [
        0.9994957447052002,
        0.000777038570959121,
        0.03174585849046707,
        0.4184294044971466,
        -0.00045273438445292413,
        0.9999476075172424,
        -0.01022156048566103,
        0.004352169577032328,
        -0.03175213932991028,
        0.010202032513916492,
        0.9994437098503113,
        -0.18458379805088043
    ],
    [
        0.9986898899078369,
        0.00013998024223838001,
        0.05117056891322136,
        0.44389262795448303,
        0.0004693061928264797,
        0.9999291300773621,
        -0.01189475692808628,
        0.006543474737554789,
        -0.05116860568523407,
        0.011903188191354275,
        0.9986190795898438,
        -0.18466563522815704
    ],
    [
        0.9975272417068481,
        -0.000440194271504879,
        0.07027819752693176,
        0.4671468138694763,
        0.0014151346404105425,
        0.9999035000801086,
        -0.013823403045535088,
        0.009085183031857014,
        -0.07026533037424088,
        0.013888676650822163,
        0.9974315762519836,
        -0.18548382818698883
    ],
    [
        0.9958849549293518,
        -0.0010159885277971625,
        0.09062156081199646,
        0.4939410388469696,
        0.002303046640008688,
        0.9998980164527893,
        -0.014099116437137127,
        0.00924723781645298,
        -0.09059799462556839,
        0.014249802567064762,
        0.995785653591156,
        -0.18755321204662323
    ],
    [
        0.9936966300010681,
        -0.0017621606821194291,
        0.1120888814330101,
        0.5262773036956787,
        0.0032167062163352966,
        0.9999129772186279,
        -0.012797198258340359,
        0.007414953783154488,
        -0.11205656826496124,
        0.013077090494334698,
        0.9936157464981079,
        -0.19122125208377838
    ],
    [
        0.9914259910583496,
        -0.0026392401196062565,
        0.13064336776733398,
        0.5554310083389282,
        0.003965639974921942,
        0.999943196773529,
        -0.00989371445029974,
        0.0033418613020330667,
        -0.13060982525348663,
        0.010326969437301159,
        0.9913800358772278,
        -0.19528476893901825
    ],
    [
        0.9887620210647583,
        -0.003415094455704093,
        0.14945930242538452,
        0.5848641991615295,
        0.00457049161195755,
        0.9999622702598572,
        -0.007387721911072731,
        3.056498462683521e-05,
        -0.14942841231822968,
        0.007987800054252148,
        0.9887403845787048,
        -0.1999230980873108
    ],
    [
        0.9860599040985107,
        -0.004192408639937639,
        0.1663377583026886,
        0.6123153567314148,
        0.0052214995957911015,
        0.9999698400497437,
        -0.005749923642724752,
        -0.002278238069266081,
        -0.16630862653255463,
        0.0065383026376366615,
        0.9860520362854004,
        -0.20490607619285583
    ],
    [
        0.9832502603530884,
        -0.00468480633571744,
        0.18220044672489166,
        0.6412066221237183,
        0.005738126114010811,
        0.9999697804450989,
        -0.005254379473626614,
        -0.0029403145890682936,
        -0.1821703016757965,
        0.006211858242750168,
        0.9832473397254944,
        -0.21027208864688873
    ],
    [
        0.9795730710029602,
        -0.004562984220683575,
        0.20103688538074493,
        0.6703008413314819,
        0.006150970701128244,
        0.9999545812606812,
        -0.007275025825947523,
        -6.306923751253635e-06,
        -0.2009945511817932,
        0.00836299080401659,
        0.979556679725647,
        -0.21583442389965057
    ],
    [
        0.9756377935409546,
        -0.0048485565930604935,
        0.21933422982692719,
        0.697653591632843,
        0.006940069608390331,
        0.9999374747276306,
        -0.008766255341470242,
        0.0021491176448762417,
        -0.2192780077457428,
        0.010074885562062263,
        0.9756104350090027,
        -0.22150173783302307
    ],
    [
        0.9713748693466187,
        -0.004912762902677059,
        0.23750093579292297,
        0.72394198179245,
        0.007608807645738125,
        0.9999166131019592,
        -0.010436391457915306,
        0.004582943394780159,
        -0.23742985725402832,
        0.01194474846124649,
        0.9713312387466431,
        -0.2275804728269577
    ],
    [
        0.9667126536369324,
        -0.0052764457650482655,
        0.2558102309703827,
        0.747822105884552,
        0.00831172987818718,
        0.9999072551727295,
        -0.010785718448460102,
        0.005247478373348713,
        -0.255729615688324,
        0.012552916072309017,
        0.9666669368743896,
        -0.23392151296138763
    ],
    [
        0.9620127081871033,
        -0.006140103098005056,
        0.272935688495636,
        0.770305871963501,
        0.009123924188315868,
        0.9999117255210876,
        -0.00966443307697773,
        0.003901788732036948,
        -0.27285221219062805,
        0.011787552386522293,
        0.9619837403297424,
        -0.24089157581329346
    ],
    [
        0.9565391540527344,
        -0.0070585766807198524,
        0.29151850938796997,
        0.7941516041755676,
        0.009893657639622688,
        0.9999170303344727,
        -0.008252235129475594,
        0.002159691648557782,
        -0.2914360761642456,
        0.010777769610285759,
        0.9565296173095703,
        -0.2491648644208908
    ],
    [
        0.9510534405708313,
        -0.007751998957246542,
        0.3089292049407959,
        0.8167904615402222,
        0.010692591778934002,
        0.9999122619628906,
        -0.00782673992216587,
        0.001971019897609949,
        -0.30884140729904175,
        0.010746903717517853,
        0.9510529041290283,
        -0.2575543224811554
    ],
    [
        0.9457195401191711,
        -0.00850726943463087,
        0.32487252354621887,
        0.8393517732620239,
        0.011229023337364197,
        0.9999157786369324,
        -0.00650394381955266,
        0.0006315693608485162,
        -0.3247898519039154,
        0.009798907674849033,
        0.9457354545593262,
        -0.26686984300613403
    ],
    [
        0.9401810765266418,
        -0.008806196972727776,
        0.34056124091148376,
        0.8604900240898132,
        0.011736186221241951,
        0.9999096989631653,
        -0.006544309668242931,
        0.001230039750225842,
        -0.34047287702560425,
        0.010149725712835789,
        0.9401996731758118,
        -0.27584731578826904
    ],
    [
        0.9349335432052612,
        -0.009201220236718655,
        0.3547036945819855,
        0.8807426691055298,
        0.01214492879807949,
        0.9999078512191772,
        -0.0060736024752259254,
        0.0011756002204492688,
        -0.35461515188217163,
        0.009986265562474728,
        0.9349590539932251,
        -0.2852230370044708
    ],
    [
        0.9294149279594421,
        -0.009838704019784927,
        0.3689054548740387,
        0.9001952409744263,
        0.012479215860366821,
        0.9999107122421265,
        -0.004772345535457134,
        -0.00010843025665963069,
        -0.3688255250453949,
        0.009039140306413174,
        0.9294547438621521,
        -0.2947397232055664
    ],
    [
        0.9240084886550903,
        -0.010253597982227802,
        0.382234662771225,
        0.9192885160446167,
        0.012733026407659054,
        0.9999111294746399,
        -0.003957618027925491,
        -0.0005911136395297945,
        -0.38216009736061096,
        0.00852387584745884,
        0.924056887626648,
        -0.3043169379234314
    ]
]