[
    [
        0.7619985938072205,
        0.08814428001642227,
        -0.6415517926216125,
        -1.0892049074172974,
        -0.17647957801818848,
        0.9814605116844177,
        -0.07476724684238434,
        -0.3123381435871124,
        0.6230674386024475,
        0.17019329965114594,
        0.7634273171424866,
        0.856074333190918
    ],
    [
        0.7587637305259705,
        0.08729135990142822,
        -0.6454903483390808,
        -1.231294870376587,
        -0.17468786239624023,
        0.9819472432136536,
        -0.07255153357982635,
        -0.32860884070396423,
        0.6275044679641724,
        0.16780880093574524,
        0.7603146433830261,
        0.943407416343689
    ],
    [
        0.754230260848999,
        0.09051878750324249,
        -0.650340735912323,
        -1.3807460069656372,
        -0.17507562041282654,
        0.9823189377784729,
        -0.06631755828857422,
        -0.36660128831863403,
        0.632839024066925,
        0.16387751698493958,
        0.7567422986030579,
        1.0755534172058105
    ],
    [
        0.7485992908477783,
        0.09100006520748138,
        -0.6567481160163879,
        -1.5147907733917236,
        -0.17374245822429657,
        0.9828465580940247,
        -0.061856843531131744,
        -0.40041977167129517,
        0.6398535370826721,
        0.1604110151529312,
        0.7515687942504883,
        1.2378991842269897
    ],
    [
        0.7442061305046082,
        0.09384715557098389,
        -0.6613245010375977,
        -1.6412153244018555,
        -0.17265675961971283,
        0.9834600687026978,
        -0.05473452806472778,
        -0.44774356484413147,
        0.6452494859695435,
        0.15491589903831482,
        0.7481003403663635,
        1.3994982242584229
    ],
    [
        0.7439330220222473,
        0.09534188359975815,
        -0.6614178419113159,
        -1.7600127458572388,
        -0.17196312546730042,
        0.9837504625320435,
        -0.051611002534627914,
        -0.4776202142238617,
        0.6457494497299194,
        0.15213462710380554,
        0.7482398748397827,
        1.5311580896377563
    ],
    [
        0.7482432723045349,
        0.09923198074102402,
        -0.6559610962867737,
        -1.9037976264953613,
        -0.17217972874641418,
        0.9839168787002563,
        -0.04755817726254463,
        -0.5169234275817871,
        0.6406919360160828,
        0.14852827787399292,
        0.7532949447631836,
        1.6749869585037231
    ],
    [
        0.7566581964492798,
        0.10321078449487686,
        -0.6456127762794495,
        -2.039811849594116,
        -0.17303460836410522,
        0.9838636517524719,
        -0.04551137238740921,
        -0.5537887811660767,
        0.6304976940155029,
        0.14614993333816528,
        0.7623074650764465,
        1.7989386320114136
    ],
    [
        0.766769528388977,
        0.10622480511665344,
        -0.6330726146697998,
        -2.1371333599090576,
        -0.17506946623325348,
        0.9834321737289429,
        -0.047029394656419754,
        -0.5835421085357666,
        0.617588222026825,
        0.14689236879348755,
        0.7726625204086304,
        1.8956513404846191
    ],
    [
        0.776676595211029,
        0.1027282327413559,
        -0.6214662194252014,
        -2.232619047164917,
        -0.17009645700454712,
        0.9841634631156921,
        -0.04989582672715187,
        -0.6153576970100403,
        0.606498658657074,
        0.14446213841438293,
        0.7818504571914673,
        2.00036883354187
    ],
    [
        0.7821871042251587,
        0.09768836945295334,
        -0.6153374910354614,
        -2.324697494506836,
        -0.164261594414711,
        0.9850228428840637,
        -0.05242330580949783,
        -0.6516406536102295,
        0.6010003685951233,
        0.142081156373024,
        0.7865186929702759,
        2.1195387840270996
    ],
    [
        0.7889266610145569,
        0.09542141109704971,
        -0.607033371925354,
        -2.4249277114868164,
        -0.161487877368927,
        0.9853416681289673,
        -0.05498776212334633,
        -0.6908324360847473,
        0.5928881168365479,
        0.14140985906124115,
        0.792771577835083,
        2.2482104301452637
    ],
    [
        0.7962513566017151,
        0.09351323544979095,
        -0.5976948142051697,
        -2.5224859714508057,
        -0.1591525822877884,
        0.9855590462684631,
        -0.05782654508948326,
        -0.7243351340293884,
        0.5836559534072876,
        0.14116914570331573,
        0.7996355295181274,
        2.3709716796875
    ],
    [
        0.8048002123832703,
        0.09400404244661331,
        -0.5860545039176941,
        -2.626014232635498,
        -0.1592610478401184,
        0.9853717684745789,
        -0.06065034866333008,
        -0.7533493638038635,
        0.5717801451683044,
        0.14214706420898438,
        0.807998538017273,
        2.506359815597534
    ],
    [
        0.8162155747413635,
        0.09492986649274826,
        -0.5698950886726379,
        -2.722811460494995,
        -0.15602539479732513,
        0.9859758615493774,
        -0.05922459438443184,
        -0.7945640087127686,
        0.5562806725502014,
        0.1372581571340561,
        0.8195804953575134,
        2.653818130493164
    ],
    [
        0.8287791609764099,
        0.09223757684230804,
        -0.5519214272499084,
        -2.7954206466674805,
        -0.15059597790241241,
        0.9866966605186462,
        -0.06124114617705345,
        -0.820953369140625,
        0.5389302968978882,
        0.13387252390384674,
        0.8316442966461182,
        2.76880145072937
    ],
    [
        0.8465867638587952,
        0.08844995498657227,
        -0.5248500108718872,
        -2.8765652179718018,
        -0.14209476113319397,
        0.9878639578819275,
        -0.06272077560424805,
        -0.8560336232185364,
        0.5129327178001404,
        0.12767700850963593,
        0.8488807082176208,
        2.897749185562134
    ],
    [
        0.8665904998779297,
        0.08428723365068436,
        -0.4918500483036041,
        -2.9428164958953857,
        -0.13235382735729218,
        0.9891545176506042,
        -0.06368508189916611,
        -0.8970040678977966,
        0.4811478853225708,
        0.12028716504573822,
        0.8683476448059082,
        3.0221469402313232
    ],
    [
        0.8889644145965576,
        0.07946040481328964,
        -0.45103031396865845,
        -3.0023202896118164,
        -0.12196186184883118,
        0.9903440475463867,
        -0.065908282995224,
        -0.9319060444831848,
        0.44143810868263245,
        0.11359860748052597,
        0.8900718092918396,
        3.132819175720215
    ],
    [
        0.9141838550567627,
        0.07092807441949844,
        -0.3990451991558075,
        -3.0697948932647705,
        -0.10822218656539917,
        0.9915385246276855,
        -0.07168864458799362,
        -0.956824541091919,
        0.3905840218067169,
        0.10872215777635574,
        0.9141244292259216,
        3.2257742881774902
    ],
    [
        0.9362006187438965,
        0.060407135635614395,
        -0.34623610973358154,
        -3.134826421737671,
        -0.0919332429766655,
        0.9929101467132568,
        -0.07535058259963989,
        -0.9825431108474731,
        0.33922964334487915,
        0.10237384587526321,
        0.9351164698600769,
        3.2882742881774902
    ],
    [
        0.9578785300254822,
        0.04744023457169533,
        -0.28322869539260864,
        -3.195708751678467,
        -0.07286999374628067,
        0.9941333532333374,
        -0.07993074506521225,
        -1.0058457851409912,
        0.2777748703956604,
        0.09720278531312943,
        0.9557158350944519,
        3.356797218322754
    ],
    [
        0.9738020300865173,
        0.036320388317108154,
        -0.22447817027568817,
        -3.229597568511963,
        -0.056518424302339554,
        0.9948433637619019,
        -0.08421593904495239,
        -1.0262011289596558,
        0.2202618271112442,
        0.09469682723283768,
        0.9708332419395447,
        3.438310146331787
    ],
    [
        0.9858911633491516,
        0.02394471876323223,
        -0.16566619277000427,
        -3.245637893676758,
        -0.03879636153578758,
        0.9954525232315063,
        -0.08700123429298401,
        -1.0501354932785034,
        0.16282960772514343,
        0.09220100194215775,
        0.9823366403579712,
        3.5186915397644043
    ],
    [
        0.9948304891586304,
        0.010186910629272461,
        -0.10103771090507507,
        -3.2572999000549316,
        -0.019227253273129463,
        0.9958541393280029,
        -0.08890923857688904,
        -1.0779837369918823,
        0.09971319884061813,
        0.09039230644702911,
        0.9909018278121948,
        3.6018218994140625
    ]
]