[
    [
        0.9999913573265076,
        0.003930257633328438,
        -0.001316578476689756,
        0.04794542118906975,
        -0.003929063677787781,
        0.999991774559021,
        0.0009083736804313958,
        -0.14855679869651794,
        0.0013201374094933271,
        -0.0009031931404024363,
        0.9999986886978149,
        0.06579606235027313
    ],
    [
        0.9999909400939941,
        0.0037221480160951614,
        -0.002083828207105398,
        0.07092699408531189,
        -0.0037196408957242966,
        0.9999923706054688,
        0.0012059550499543548,
        -0.18664519488811493,
        0.0020883018150925636,
        -0.0011981930583715439,
        0.9999971389770508,
        0.11952175199985504
    ],
    [
        0.9999881982803345,
        0.0038525047712028027,
        -0.0029650675132870674,
        0.1026938334107399,
        -0.003847411833703518,
        0.9999911189079285,
        0.0017213972751051188,
        -0.22648224234580994,
        0.0029716722201555967,
        -0.0017099697142839432,
        0.999994158744812,
        0.18200156092643738
    ],
    [
        0.9999839663505554,
        0.003913313150405884,
        -0.004099118988960981,
        0.13399043679237366,
        -0.0039036301895976067,
        0.9999895691871643,
        0.0023675262928009033,
        -0.26644617319107056,
        0.004108341410756111,
        -0.0023514865897595882,
        0.9999887943267822,
        0.23945945501327515
    ],
    [
        0.9999784827232361,
        0.004270744044333696,
        -0.004991074092686176,
        0.17275357246398926,
        -0.004252979531884193,
        0.999984622001648,
        0.003564503975212574,
        -0.3171048164367676,
        0.005006220191717148,
        -0.003543199971318245,
        0.999981164932251,
        0.29543745517730713
    ],
    [
        0.9999720454216003,
        0.004613183904439211,
        -0.0058789863251149654,
        0.2129804491996765,
        -0.004585201386362314,
        0.9999781250953674,
        0.0047643352299928665,
        -0.370617538690567,
        0.0059008365496993065,
        -0.004737246781587601,
        0.9999713897705078,
        0.3420182764530182
    ],
    [
        0.9999655485153198,
        0.004718103911727667,
        -0.006836241576820612,
        0.25677216053009033,
        -0.004674526397138834,
        0.9999687075614929,
        0.006376522593200207,
        -0.4399718940258026,
        0.006866113748401403,
        -0.006344346329569817,
        0.9999563694000244,
        0.3877685070037842
    ],
    [
        0.9999587535858154,
        0.004469872452318668,
        -0.007911900989711285,
        0.2997414171695709,
        -0.0043981666676700115,
        0.9999492764472961,
        0.00905733834952116,
        -0.5274364352226257,
        0.007951985113322735,
        -0.009022166952490807,
        0.9999276399612427,
        0.423531711101532
    ],
    [
        0.9999476671218872,
        0.004241164308041334,
        -0.009316079318523407,
        0.33913642168045044,
        -0.004123959690332413,
        0.9999125599861145,
        0.012564277276396751,
        -0.6251324415206909,
        0.009368551895022392,
        -0.01252519991248846,
        0.9998776912689209,
        0.44440510869026184
    ],
    [
        0.999932587146759,
        0.004245330113917589,
        -0.010804126970469952,
        0.3838748335838318,
        -0.004068870097398758,
        0.9998587965965271,
        0.016302485018968582,
        -0.7469135522842407,
        0.010871810838580132,
        -0.016257423907518387,
        0.9998087286949158,
        0.45593753457069397
    ],
    [
        0.9999173879623413,
        0.004170448984950781,
        -0.012158787809312344,
        0.4227614998817444,
        -0.003924758639186621,
        0.9997889399528503,
        0.020161127671599388,
        -0.8659492135047913,
        0.012240305542945862,
        -0.02011174149811268,
        0.9997227787971497,
        0.46125543117523193
    ],
    [
        0.9998956918716431,
        0.004661621525883675,
        -0.013675512745976448,
        0.4637027978897095,
        -0.004330264870077372,
        0.9996986389160156,
        0.024157259613275528,
        -0.9979915618896484,
        0.013784004375338554,
        -0.024095432832837105,
        0.9996145963668823,
        0.46361061930656433
    ],
    [
        0.9998794794082642,
        0.0053597488440573215,
        -0.014572195708751678,
        0.5031739473342896,
        -0.004946991801261902,
        0.9995896220207214,
        0.02821483463048935,
        -1.1298004388809204,
        0.014717440120875835,
        -0.028139349073171616,
        0.9994956254959106,
        0.46111780405044556
    ],
    [
        0.99986332654953,
        0.0059419176541268826,
        -0.015430664643645287,
        0.53984534740448,
        -0.005449851043522358,
        0.9994813799858093,
        0.03173613175749779,
        -1.2492477893829346,
        0.015611237846314907,
        -0.031647689640522,
        0.9993771314620972,
        0.45489680767059326
    ],
    [
        0.9998429417610168,
        0.006520081777125597,
        -0.016478391364216805,
        0.5801048874855042,
        -0.005925378762185574,
        0.9993383884429932,
        0.03588441386818886,
        -1.3770078420639038,
        0.016701456159353256,
        -0.0357811339199543,
        0.999220073223114,
        0.4450700581073761
    ],
    [
        0.9998258352279663,
        0.006806138437241316,
        -0.017381463199853897,
        0.6174370646476746,
        -0.006177589762955904,
        0.9993339776992798,
        0.03596397116780281,
        -1.4918566942214966,
        0.017614664509892464,
        -0.03585037216544151,
        0.9992019534111023,
        0.43351832032203674
    ],
    [
        0.9998124241828918,
        0.006664262618869543,
        -0.018181832507252693,
        0.6578517556190491,
        -0.006136054173111916,
        0.9995619058609009,
        0.028954239562153816,
        -1.6151245832443237,
        0.018366826698184013,
        -0.028837231919169426,
        0.999415397644043,
        0.41483113169670105
    ],
    [
        0.9998059868812561,
        0.0069938949309289455,
        -0.018415210768580437,
        0.6897079348564148,
        -0.006705368869006634,
        0.9998545050621033,
        0.015683483332395554,
        -1.7251288890838623,
        0.018522217869758606,
        -0.015556953847408295,
        0.9997075200080872,
        0.39532801508903503
    ],
    [
        0.9997976422309875,
        0.007108743768185377,
        -0.018816448748111725,
        0.7183705568313599,
        -0.007100582588464022,
        0.9999747276306152,
        0.0005023123812861741,
        -1.8442511558532715,
        0.018819544464349747,
        -0.000368625798728317,
        0.9998227953910828,
        0.3718309998512268
    ],
    [
        0.9997941851615906,
        0.007074172142893076,
        -0.019014421850442886,
        0.7458430528640747,
        -0.007355376146733761,
        0.9998641014099121,
        -0.014758946374058723,
        -1.9588212966918945,
        0.01890742965042591,
        0.014895773492753506,
        0.999710202217102,
        0.3448179066181183
    ],
    [
        0.9997940063476562,
        0.007447800599038601,
        -0.018878836184740067,
        0.7692239284515381,
        -0.007977043278515339,
        0.9995728135108948,
        -0.028115447610616684,
        -2.0582196712493896,
        0.0186613742262125,
        0.028260264545679092,
        0.9994263648986816,
        0.31921929121017456
    ],
    [
        0.9997860789299011,
        0.007702579256147146,
        -0.01919194497168064,
        0.7942985892295837,
        -0.008518018759787083,
        0.9990484714508057,
        -0.042774882167577744,
        -2.162721872329712,
        0.018844204023480415,
        0.04292920604348183,
        0.9989003539085388,
        0.2891422212123871
    ],
    [
        0.9997748136520386,
        0.008403485640883446,
        -0.019483761861920357,
        0.821943461894989,
        -0.009509864263236523,
        0.9983055591583252,
        -0.05740661919116974,
        -2.258676528930664,
        0.018968332558870316,
        0.057579006999731064,
        0.998160719871521,
        0.26040247082710266
    ],
    [
        0.9997669458389282,
        0.008532242849469185,
        -0.019830908626317978,
        0.855471134185791,
        -0.009995791129767895,
        0.9971399307250977,
        -0.07491396367549896,
        -2.3591344356536865,
        0.01913500390946865,
        0.07509472966194153,
        0.996992826461792,
        0.22812822461128235
    ],
    [
        0.9997552037239075,
        0.008825836703181267,
        -0.02028987556695938,
        0.8914124369621277,
        -0.010675361379981041,
        0.9956152439117432,
        -0.09293260425329208,
        -2.454921245574951,
        0.01938069798052311,
        0.09312643855810165,
        0.9954656362533569,
        0.19338662922382355
    ]
]