[
    [
        0.9999867677688599,
        -0.001079876092262566,
        -0.0050299218855798244,
        0.03617524728178978,
        0.0010451258858665824,
        0.9999755620956421,
        -0.006906196475028992,
        -0.0016669714823365211,
        0.005037256982177496,
        0.006900847423821688,
        0.9999635219573975,
        -0.0072362688370049
    ],
    [
        0.9999875426292419,
        -0.001462734304368496,
        -0.004780468996614218,
        0.03806276619434357,
        0.0014291767729446292,
        0.9999744296073914,
        -0.0070155346766114235,
        -0.0018145100912079215,
        0.004790608771145344,
        0.007008615881204605,
        0.9999639987945557,
        -0.006951568648219109
    ],
    [
        0.9999882578849792,
        -0.0017903174739331007,
        -0.00449302326887846,
        0.039663031697273254,
        0.0017580616986379027,
        0.9999728202819824,
        -0.007172924000769854,
        -0.0017980483826249838,
        0.004505741875618696,
        0.007164941169321537,
        0.9999641180038452,
        -0.007064017932862043
    ],
    [
        0.9999890923500061,
        -0.001986475195735693,
        -0.004252290353178978,
        0.04147450253367424,
        0.00195521954447031,
        0.9999712109565735,
        -0.0073419115506112576,
        -0.0015468166675418615,
        0.004266751930117607,
        0.007333516143262386,
        0.9999639987945557,
        -0.007064554840326309
    ],
    [
        0.999989926815033,
        -0.002258463529869914,
        -0.00390343158505857,
        0.04303567111492157,
        0.0022295836824923754,
        0.9999702572822571,
        -0.007387279998511076,
        -0.0015925831394270062,
        0.003919998649507761,
        0.007378502283245325,
        0.9999650716781616,
        -0.007260411512106657
    ],
    [
        0.9999900460243225,
        -0.0025886704679578543,
        -0.0036468165926635265,
        0.044816754758358,
        0.0025614146143198013,
        0.9999690055847168,
        -0.007458653301000595,
        -0.0016311872750520706,
        0.0036660118494182825,
        0.00744923809543252,
        0.9999655485153198,
        -0.007138423155993223
    ],
    [
        0.9999903440475464,
        -0.002774666529148817,
        -0.0034083190839737654,
        0.046480488032102585,
        0.0027486728504300117,
        0.9999673366546631,
        -0.0076075526885688305,
        -0.0014785859966650605,
        0.003429315984249115,
        0.007598110940307379,
        0.9999653100967407,
        -0.007252273615449667
    ],
    [
        0.9999910593032837,
        -0.0030160436872392893,
        -0.002978479489684105,
        0.04954323545098305,
        0.0029926379211246967,
        0.9999649524688721,
        -0.007831629365682602,
        -0.0014762439532205462,
        0.003001995151862502,
        0.007822645828127861,
        0.9999649524688721,
        -0.007351559586822987
    ],
    [
        0.9999912977218628,
        -0.0031661223620176315,
        -0.002737154019996524,
        0.051157012581825256,
        0.0031443689949810505,
        0.9999637603759766,
        -0.00791544746607542,
        -0.0014546664897352457,
        0.002762116026133299,
        0.007906772196292877,
        0.9999648332595825,
        -0.007355584297329187
    ],
    [
        0.999991774559021,
        -0.003273502690717578,
        -0.002415920840576291,
        0.05240115895867348,
        0.0032540103420615196,
        0.999962568283081,
        -0.008028422482311726,
        -0.0013939861673861742,
        0.0024421117268502712,
        0.008020494133234024,
        0.9999648332595825,
        -0.007383956573903561
    ],
    [
        0.9999918341636658,
        -0.00340764201246202,
        -0.002192514715716243,
        0.053793009370565414,
        0.0033896558452397585,
        0.9999609589576721,
        -0.008155394345521927,
        -0.0013641029363498092,
        0.0022202199324965477,
        0.008147895336151123,
        0.9999643564224243,
        -0.007539483718574047
    ],
    [
        0.9999916553497314,
        -0.003640773706138134,
        -0.0019071772694587708,
        0.055004943162202835,
        0.0036249998956918716,
        0.9999598264694214,
        -0.00820967461913824,
        -0.0013273932272568345,
        0.0019369898363947868,
        0.008202691562473774,
        0.9999644756317139,
        -0.007638951297849417
    ],
    [
        0.9999912977218628,
        -0.0038115407805889845,
        -0.0017187882913276553,
        0.056440915912389755,
        0.0037970019038766623,
        0.9999576210975647,
        -0.00838450901210308,
        -0.0011035786010324955,
        0.0017506732838228345,
        0.00837790872901678,
        0.9999634027481079,
        -0.0075377244502305984
    ],
    [
        0.999991238117218,
        -0.003909720107913017,
        -0.0014615111285820603,
        0.05765631049871445,
        0.003897344693541527,
        0.9999573230743408,
        -0.00837637484073639,
        -0.0013444371288642287,
        0.0014941978733986616,
        0.008370604366064072,
        0.9999638795852661,
        -0.007680113893002272
    ],
    [
        0.9999909400939941,
        -0.0040811290964484215,
        -0.0012376852100715041,
        0.05902490392327309,
        0.004070524591952562,
        0.9999560117721558,
        -0.00845288299024105,
        -0.0013099189382046461,
        0.0012721279636025429,
        0.008447767235338688,
        0.9999635219573975,
        -0.007714414969086647
    ],
    [
        0.9999905228614807,
        -0.004214880056679249,
        -0.0010481670033186674,
        0.06016349047422409,
        0.004205831792205572,
        0.9999551177024841,
        -0.008489924483001232,
        -0.0013922330690547824,
        0.0010839039459824562,
        0.008485437370836735,
        0.9999634027481079,
        -0.0077844602055847645
    ],
    [
        0.9999896287918091,
        -0.004516473971307278,
        -0.0005353836459107697,
        0.06232353672385216,
        0.004511712118983269,
        0.999953031539917,
        -0.008584680035710335,
        -0.0014857618371024728,
        0.0005741302738897502,
        0.008582175709307194,
        0.9999630451202393,
        -0.007864611223340034
    ],
    [
        0.999988853931427,
        -0.004732328932732344,
        -0.00028039011522196233,
        0.06347759068012238,
        0.004729744978249073,
        0.999951958656311,
        -0.00859162863343954,
        -0.00166608695872128,
        0.0003210349241271615,
        0.008590206503868103,
        0.9999630451202393,
        -0.007868308573961258
    ]
]