[
    [
        0.9875987768173218,
        -0.03314324468374252,
        0.15346091985702515,
        0.07778047025203705,
        0.03697314113378525,
        0.9990702867507935,
        -0.022169794887304306,
        -0.012362265959382057,
        -0.15258347988128662,
        0.027568792924284935,
        0.9879059791564941,
        0.05217936635017395
    ],
    [
        0.9831902384757996,
        -0.038622114807367325,
        0.17845265567302704,
        0.10143493860960007,
        0.04404984042048454,
        0.9986763596534729,
        -0.02655259147286415,
        -0.015819387510418892,
        -0.17719092965126038,
        0.03396705910563469,
        0.9835900664329529,
        0.06069578975439072
    ],
    [
        0.9781358242034912,
        -0.04296968877315521,
        0.20348000526428223,
        0.1280370056629181,
        0.0501866489648819,
        0.9982759952545166,
        -0.030439132824540138,
        -0.01817706786096096,
        -0.2018211930990219,
        0.03998558223247528,
        0.9786059260368347,
        0.07220561057329178
    ],
    [
        0.9716752767562866,
        -0.04709741100668907,
        0.23157957196235657,
        0.16812139749526978,
        0.056417208164930344,
        0.9978355169296265,
        -0.03378421440720558,
        -0.02120170369744301,
        -0.22948715090751648,
        0.04589235782623291,
        0.9722291827201843,
        0.08963407576084137
    ],
    [
        0.9666447043418884,
        -0.04926682263612747,
        0.25133809447288513,
        0.21024540066719055,
        0.05999324843287468,
        0.9975782632827759,
        -0.03519022837281227,
        -0.023350626230239868,
        -0.24899570643901825,
        0.0490950383245945,
        0.9672594666481018,
        0.10815168172121048
    ],
    [
        0.9623295068740845,
        -0.050887033343315125,
        0.2670813500881195,
        0.25721973180770874,
        0.06238409876823425,
        0.997447669506073,
        -0.034734390676021576,
        -0.026736998930573463,
        -0.26463210582733154,
        0.05008756369352341,
        0.9630478620529175,
        0.1296120136976242
    ],
    [
        0.9577149748802185,
        -0.05190114304423332,
        0.28299859166145325,
        0.3123544454574585,
        0.06379694491624832,
        0.9974179863929749,
        -0.032976020127534866,
        -0.0313558392226696,
        -0.2805563509464264,
        0.04963607341051102,
        0.9585532546043396,
        0.1611301153898239
    ],
    [
        0.9537209272384644,
        -0.052870143204927444,
        0.2960088849067688,
        0.35367411375045776,
        0.06479490548372269,
        0.9974288940429688,
        -0.030614078044891357,
        -0.03558351844549179,
        -0.2936292588710785,
        0.0483771488070488,
        0.9546944499015808,
        0.19395530223846436
    ],
    [
        0.9498251080513,
        -0.054223984479904175,
        0.30804553627967834,
        0.3922384977340698,
        0.06570243835449219,
        0.9974737167358398,
        -0.027005167677998543,
        -0.04336487501859665,
        -0.3058030307292938,
        0.04588953033089638,
        0.950988233089447,
        0.2342141568660736
    ],
    [
        0.9474155306816101,
        -0.0557795949280262,
        0.31510692834854126,
        0.4425050914287567,
        0.06654581427574158,
        0.9975064992904663,
        -0.023503221571445465,
        -0.0515880212187767,
        -0.31301024556159973,
        0.04323635995388031,
        0.948765218257904,
        0.2923261225223541
    ],
    [
        0.9479663372039795,
        -0.05675911903381348,
        0.31327024102211,
        0.4950639307498932,
        0.06658809632062912,
        0.9975646734237671,
        -0.02075648121535778,
        -0.061227068305015564,
        -0.3113292157649994,
        0.04053651914000511,
        0.9494372010231018,
        0.34739258885383606
    ],
    [
        0.9498497843742371,
        -0.05566276237368584,
        0.3077126741409302,
        0.5455705523490906,
        0.06481560319662094,
        0.9977048635482788,
        -0.019596466794610023,
        -0.07198593765497208,
        -0.30591559410095215,
        0.03855828568339348,
        0.9512775540351868,
        0.4098932147026062
    ],
    [
        0.9536890983581543,
        -0.05337558314204216,
        0.2960203289985657,
        0.5939201712608337,
        0.06192993000149727,
        0.9978883266448975,
        -0.01959001086652279,
        -0.08537310361862183,
        -0.2943495810031891,
        0.03701529651880264,
        0.954980731010437,
        0.4922012686729431
    ],
    [
        0.9590126276016235,
        -0.050631746649742126,
        0.2788031995296478,
        0.637170672416687,
        0.05880449712276459,
        0.9980481266975403,
        -0.021023204550147057,
        -0.0965111181139946,
        -0.2771945595741272,
        0.03655639663338661,
        0.9601180553436279,
        0.563889741897583
    ],
    [
        0.9657338261604309,
        -0.04599753022193909,
        0.2554257810115814,
        0.6835041642189026,
        0.054182086139917374,
        0.9982157349586487,
        -0.025095432996749878,
        -0.1052287369966507,
        -0.2538157105445862,
        0.03807501122355461,
        0.9665029644966125,
        0.6405856609344482
    ],
    [
        0.974577784538269,
        -0.04067835211753845,
        0.22032548487186432,
        0.7406839728355408,
        0.0479360967874527,
        0.998466432094574,
        -0.02769310027360916,
        -0.12101534754037857,
        -0.21886107325553894,
        0.03755062445998192,
        0.975033164024353,
        0.7411831021308899
    ],
    [
        0.9809521436691284,
        -0.03713284060359001,
        0.19066715240478516,
        0.7815209627151489,
        0.043182648718357086,
        0.9986839294433594,
        -0.02767201140522957,
        -0.1385396122932434,
        -0.18938866257667542,
        0.035378433763980865,
        0.981264591217041,
        0.830175518989563
    ],
    [
        0.9859814047813416,
        -0.03329631686210632,
        0.1634991466999054,
        0.814811110496521,
        0.038355764001607895,
        0.9988749623298645,
        -0.027885237708687782,
        -0.1556376963853836,
        -0.16238674521446228,
        0.033765461295843124,
        0.9861493110656738,
        0.921217143535614
    ],
    [
        0.9909545183181763,
        -0.029549090191721916,
        0.13090460002422333,
        0.8575489521026611,
        0.03359939157962799,
        0.9990192651748657,
        -0.028840558603405952,
        -0.1727207750082016,
        -0.1299239993095398,
        0.03297800198197365,
        0.9909752607345581,
        1.0378265380859375
    ],
    [
        0.9933027029037476,
        -0.027222871780395508,
        0.11228793859481812,
        0.8847813606262207,
        0.03079150803387165,
        0.999070405960083,
        -0.03016996756196022,
        -0.18621037900447845,
        -0.11136224120855331,
        0.03342542052268982,
        0.9932175278663635,
        1.1402363777160645
    ],
    [
        0.9952573180198669,
        -0.025481972843408585,
        0.0938810482621193,
        0.9045653343200684,
        0.028372872620821,
        0.9991594552993774,
        -0.02958802878856659,
        -0.20194116234779358,
        -0.09304817765951157,
        0.03211137279868126,
        0.9951436519622803,
        1.234447717666626
    ],
    [
        0.9971137046813965,
        -0.024096181616187096,
        0.0719972550868988,
        0.9345206022262573,
        0.02624279446899891,
        0.9992342591285706,
        -0.029019460082054138,
        -0.22001205384731293,
        -0.07124285399913788,
        0.03082510642707348,
        0.9969826936721802,
        1.3514736890792847
    ],
    [
        0.9985238909721375,
        -0.021254178136587143,
        0.049983274191617966,
        0.9657288789749146,
        0.02276063710451126,
        0.9992976784706116,
        -0.02976570464670658,
        -0.23212532699108124,
        -0.04931551590561867,
        0.030859414488077164,
        0.998306393623352,
        1.4534920454025269
    ],
    [
        0.9995046257972717,
        -0.015937427058815956,
        0.027136938646435738,
        1.0052728652954102,
        0.01680612750351429,
        0.9993436336517334,
        -0.03209036961197853,
        -0.2450730949640274,
        -0.026607707142829895,
        0.03253054991364479,
        0.9991164803504944,
        1.568189024925232
    ],
    [
        0.9999401569366455,
        -0.010906212031841278,
        0.0008573869126848876,
        1.0474411249160767,
        0.010928706265985966,
        0.9993844032287598,
        -0.03333859145641327,
        -0.26372256875038147,
        -0.000493212603032589,
        0.03334595635533333,
        0.9994438290596008,
        1.6981641054153442
    ]
]