[
    [
        0.8766849040985107,
        0.16113819181919098,
        -0.45327478647232056,
        -2.040710926055908,
        -0.248231902718544,
        0.9586299061775208,
        -0.13931794464588165,
        1.1547905206680298,
        0.41207340359687805,
        0.2346552312374115,
        0.8804160356521606,
        0.7197644114494324
    ],
    [
        0.8555474877357483,
        0.17719802260398865,
        -0.486456036567688,
        -2.040226459503174,
        -0.2692594826221466,
        0.9548226594924927,
        -0.12574945390224457,
        1.125713586807251,
        0.4421965777873993,
        0.2385675013065338,
        0.8646084070205688,
        0.7556381821632385
    ],
    [
        0.8298041224479675,
        0.1934802085161209,
        -0.523440957069397,
        -2.036184310913086,
        -0.29098808765411377,
        0.9503809809684753,
        -0.1100090816617012,
        1.0946799516677856,
        0.47618368268013,
        0.24360111355781555,
        0.8449305295944214,
        0.79689621925354
    ],
    [
        0.8049327731132507,
        0.20725701749324799,
        -0.5559924840927124,
        -2.0359742641448975,
        -0.30942028760910034,
        0.9461411833763123,
        -0.09526783227920532,
        1.0665897130966187,
        0.506302535533905,
        0.24871954321861267,
        0.8257095813751221,
        0.8378522396087646
    ],
    [
        0.7792332172393799,
        0.21914534270763397,
        -0.5871717929840088,
        -2.0358266830444336,
        -0.32560446858406067,
        0.9420724511146545,
        -0.08050651103258133,
        1.0386643409729004,
        0.5355158448219299,
        0.2539191246032715,
        0.8054488301277161,
        0.8810011744499207
    ],
    [
        0.7571294903755188,
        0.22949765622615814,
        -0.6116253733634949,
        -2.030498743057251,
        -0.34063905477523804,
        0.9375945925712585,
        -0.06986656039953232,
        1.0142476558685303,
        0.5574226379394531,
        0.26124149560928345,
        0.788056492805481,
        0.9187633395195007
    ],
    [
        0.7267792820930481,
        0.2395704686641693,
        -0.6437373757362366,
        -2.021468162536621,
        -0.3561613857746124,
        0.9328069686889648,
        -0.054956935346126556,
        0.9818238019943237,
        0.5873167514801025,
        0.269215852022171,
        0.7632707357406616,
        0.9773634076118469
    ],
    [
        0.6951026916503906,
        0.2450726330280304,
        -0.6758489012718201,
        -2.004770040512085,
        -0.3667803406715393,
        0.9294384717941284,
        -0.04020126163959503,
        0.9512971043586731,
        0.6183077692985535,
        0.2758321762084961,
        0.7359429001808167,
        1.0419197082519531
    ],
    [
        0.6641045212745667,
        0.2507743835449219,
        -0.7043275833129883,
        -1.9896529912948608,
        -0.3758244216442108,
        0.9263661503791809,
        -0.024530576542019844,
        0.9173822999000549,
        0.6463135480880737,
        0.28099456429481506,
        0.7094510197639465,
        1.1080272197723389
    ],
    [
        0.634751558303833,
        0.25470951199531555,
        -0.7295297980308533,
        -1.975189208984375,
        -0.3825327754020691,
        0.9238848686218262,
        -0.01026827935129404,
        0.8867181539535522,
        0.6713860630989075,
        0.2855868339538574,
        0.6838721036911011,
        1.1740528345108032
    ],
    [
        0.6175521016120911,
        0.2598568797111511,
        -0.742363452911377,
        -1.9819644689559937,
        -0.38874688744544983,
        0.9213440418243408,
        -0.0008811760926619172,
        0.8652829527854919,
        0.6837435364723206,
        0.28913554549217224,
        0.6699965596199036,
        1.216944694519043
    ],
    [
        0.6031582951545715,
        0.2635558247566223,
        -0.7528203129768372,
        -1.9888006448745728,
        -0.39267319440841675,
        0.9196486473083496,
        0.007351931184530258,
        0.8396757245063782,
        0.6942679286003113,
        0.29117798805236816,
        0.6581849455833435,
        1.2704155445098877
    ],
    [
        0.5946088433265686,
        0.2699244022369385,
        -0.7573513984680176,
        -1.9921116828918457,
        -0.39862993359565735,
        0.9170070886611938,
        0.013855800032615662,
        0.8037486672401428,
        0.6982367038726807,
        0.2936641275882721,
        0.6528605222702026,
        1.3282862901687622
    ],
    [
        0.5949966907501221,
        0.2720826268196106,
        -0.7562736868858337,
        -1.9878655672073364,
        -0.4005674421787262,
        0.9161531925201416,
        0.01445649191737175,
        0.7696386575698853,
        0.6967960000038147,
        0.29433706402778625,
        0.6540955901145935,
        1.3883860111236572
    ],
    [
        0.6043270826339722,
        0.2701435387134552,
        -0.7495406866073608,
        -1.9814246892929077,
        -0.399748831987381,
        0.9165894389152527,
        0.008047100156545639,
        0.7377604842185974,
        0.6891949772834778,
        0.2947649657726288,
        0.6619094014167786,
        1.4513962268829346
    ],
    [
        0.6150633096694946,
        0.2660147547721863,
        -0.7422487735748291,
        -1.9828463792800903,
        -0.39813563227653503,
        0.9173258543014526,
        -0.0011538027320057154,
        0.711802065372467,
        0.6805770993232727,
        0.2962253987789154,
        0.6701234579086304,
        1.5067888498306274
    ],
    [
        0.6346763968467712,
        0.25755545496940613,
        -0.7285952568054199,
        -2.0027167797088623,
        -0.39335960149765015,
        0.9192140102386475,
        -0.01771554723381996,
        0.6814574599266052,
        0.6651722192764282,
        0.2978436052799225,
        0.6847153306007385,
        1.572318196296692
    ],
    [
        0.6500266194343567,
        0.25382667779922485,
        -0.716266393661499,
        -2.040118932723999,
        -0.39164870977401733,
        0.919640839099884,
        -0.02953190915286541,
        0.6340930461883545,
        0.6512117981910706,
        0.2997213304042816,
        0.6972019076347351,
        1.6450916528701782
    ],
    [
        0.6548936367034912,
        0.25315824151039124,
        -0.7120569944381714,
        -2.0668468475341797,
        -0.39249593019485474,
        0.9191173315048218,
        -0.03421208634972572,
        0.5648112297058105,
        0.6458028554916382,
        0.3018847703933716,
        0.7012876272201538,
        1.7271161079406738
    ],
    [
        0.6634426116943359,
        0.24470916390419006,
        -0.7070793509483337,
        -2.1072256565093994,
        -0.38770151138305664,
        0.920678973197937,
        -0.04514230415225029,
        0.48440173268318176,
        0.6399463415145874,
        0.30408504605293274,
        0.7056918740272522,
        1.8365453481674194
    ],
    [
        0.6699966192245483,
        0.24015210568904877,
        -0.7024467587471008,
        -2.138160467147827,
        -0.38398340344429016,
        0.9219273328781128,
        -0.05105701461434364,
        0.44396936893463135,
        0.6353434324264526,
        0.3039359450340271,
        0.7099025249481201,
        1.896677017211914
    ],
    [
        0.6810030937194824,
        0.2352486401796341,
        -0.6934643387794495,
        -2.180124044418335,
        -0.3830885887145996,
        0.9215201139450073,
        -0.06359110027551651,
        0.4044029712677002,
        0.6240816712379456,
        0.3089640140533447,
        0.7176791429519653,
        1.956693172454834
    ],
    [
        0.6931276917457581,
        0.2274574190378189,
        -0.6839861869812012,
        -2.2119903564453125,
        -0.3787260055541992,
        0.9222933053970337,
        -0.077082060277462,
        0.3709373474121094,
        0.6133030652999878,
        0.31247106194496155,
        0.7254112362861633,
        2.012855052947998
    ],
    [
        0.7063504457473755,
        0.2203691601753235,
        -0.672685980796814,
        -2.249427318572998,
        -0.37270084023475647,
        0.9236974120140076,
        -0.08875306695699692,
        0.3355090320110321,
        0.6017999053001404,
        0.31340140104293823,
        0.7345860004425049,
        2.083348035812378
    ],
    [
        0.7211397290229797,
        0.21652153134346008,
        -0.6580850481987,
        -2.2892324924468994,
        -0.3645550012588501,
        0.9263540506362915,
        -0.09469818323850632,
        0.28208643198013306,
        0.5891156196594238,
        0.3081987798213959,
        0.7469647526741028,
        2.1415271759033203
    ]
]