[
    [
        0.9999085664749146,
        -0.00018103086040355265,
        0.013520102947950363,
        -0.015377439558506012,
        0.0001835111470427364,
        0.9999999403953552,
        -0.00018227557302452624,
        -0.05059721693396568,
        -0.013520069420337677,
        0.0001847394451033324,
        0.9999085664749146,
        0.8153557181358337
    ],
    [
        0.9999107718467712,
        -0.0003142060595564544,
        0.013356688432395458,
        -0.018249478191137314,
        0.00033999994047917426,
        0.9999980330467224,
        -0.001928935875184834,
        -0.056465692818164825,
        -0.013356057927012444,
        0.0019333051750436425,
        0.9999089241027832,
        0.7702329158782959
    ],
    [
        0.999911904335022,
        -0.000549766409676522,
        0.013266246765851974,
        -0.011257631704211235,
        0.0005752967554144561,
        0.9999980926513672,
        -0.0019207464065402746,
        -0.0642254576086998,
        -0.013265164569020271,
        0.0019282088615000248,
        0.9999101161956787,
        0.6889515519142151
    ],
    [
        0.9999163150787354,
        -0.0010399315506219864,
        0.01289417129009962,
        0.011513995938003063,
        0.0010790735250338912,
        0.9999948143959045,
        -0.003029006067663431,
        -0.062005843967199326,
        -0.012890955433249474,
        0.0030426655430346727,
        0.9999123811721802,
        0.53841632604599
    ],
    [
        0.9999201893806458,
        -0.0010228967294096947,
        0.012595766223967075,
        0.02971491776406765,
        0.001065866556018591,
        0.9999937415122986,
        -0.0034052543342113495,
        -0.06000698730349541,
        -0.012592202983796597,
        0.003418408567085862,
        0.9999147653579712,
        0.37271663546562195
    ],
    [
        0.9999153017997742,
        -0.0008838534122332931,
        0.012986356392502785,
        0.022287040948867798,
        0.0009190827258862555,
        0.9999960064888,
        -0.002707104664295912,
        -0.06625986844301224,
        -0.01298390980809927,
        0.002718810923397541,
        0.999911904335022,
        0.1910250186920166
    ],
    [
        0.9999160766601562,
        5.967955075902864e-06,
        0.012960074469447136,
        0.0015368793392553926,
        2.3803946533007547e-05,
        0.9999973177909851,
        -0.0022970493882894516,
        -0.06316152215003967,
        -0.012960053980350494,
        0.002297165570780635,
        0.9999133348464966,
        0.018447890877723694
    ],
    [
        0.9999212622642517,
        0.00020230549853295088,
        0.01254267804324627,
        -0.0108593525364995,
        -0.00018520848243497312,
        0.9999991059303284,
        -0.0013642924604937434,
        -0.0688844844698906,
        -0.012542943470180035,
        0.0013618615921586752,
        0.9999203681945801,
        -0.1511256843805313
    ],
    [
        0.9999239444732666,
        -6.932335963938385e-05,
        0.012332816608250141,
        0.0018388814060017467,
        8.457664080196992e-05,
        0.9999992847442627,
        -0.0012363161658868194,
        -0.07565794140100479,
        -0.01233272161334753,
        0.0012372653000056744,
        0.9999232292175293,
        -0.33801549673080444
    ],
    [
        0.9999238848686218,
        -0.0010285660391673446,
        0.012297353707253933,
        0.025989891961216927,
        0.0010422070045024157,
        0.9999988675117493,
        -0.0011028225999325514,
        -0.07379051297903061,
        -0.012296205386519432,
        0.001115554478019476,
        0.999923825263977,
        -0.5194510817527771
    ],
    [
        0.9999227523803711,
        -0.00036424610880203545,
        0.012427791953086853,
        0.03401239961385727,
        0.00035305492929182947,
        0.9999995231628418,
        0.0009026704938150942,
        -0.07869049906730652,
        -0.01242811419069767,
        -0.0008982126018963754,
        0.9999223947525024,
        -0.710828959941864
    ],
    [
        0.999923825263977,
        0.0006458368734456599,
        0.012332223355770111,
        0.024490373209118843,
        -0.0006590112461708486,
        0.9999992251396179,
        0.0010643189307302237,
        -0.08206383883953094,
        -0.012331526726484299,
        -0.0010723648592829704,
        0.9999233484268188,
        -0.8637939095497131
    ],
    [
        0.9998180866241455,
        0.0012430823408067226,
        0.01903194561600685,
        0.0032676721457391977,
        -0.0013185763964429498,
        0.9999912977218628,
        0.003954691346734762,
        -0.07863190025091171,
        -0.01902686432003975,
        -0.0039790659211575985,
        0.9998111128807068,
        -1.0410908460617065
    ],
    [
        0.9994547367095947,
        0.0010798893636092544,
        0.03300228714942932,
        -0.007558718323707581,
        -0.0011496085207909346,
        0.9999971985816956,
        0.0020936678629368544,
        -0.08309435844421387,
        -0.03299993649125099,
        -0.0021304672118276358,
        0.9994531273841858,
        -1.1971131563186646
    ],
    [
        0.998916506767273,
        -0.0006096311844885349,
        0.04653434827923775,
        0.005156822968274355,
        0.0004970948793925345,
        0.9999970197677612,
        0.002429878106340766,
        -0.07740604132413864,
        -0.046535685658454895,
        -0.0024041146971285343,
        0.9989137649536133,
        -1.3726832866668701
    ],
    [
        0.9984424114227295,
        -0.0019611346069723368,
        0.055758193135261536,
        0.019431989639997482,
        0.0017203224124386907,
        0.9999889731407166,
        0.004366546869277954,
        -0.07739181816577911,
        -0.05576614290475845,
        -0.0042638229206204414,
        0.9984347820281982,
        -1.5683438777923584
    ],
    [
        0.9981219172477722,
        -0.001852995017543435,
        0.06122925132513046,
        0.023294981569051743,
        0.0015921390149742365,
        0.9999895095825195,
        0.004308828618377447,
        -0.07444623112678528,
        -0.06123659014701843,
        -0.0042032515630126,
        0.9981143474578857,
        -1.7249743938446045
    ],
    [
        0.9977166056632996,
        -0.002045126399025321,
        0.06750890612602234,
        0.013142663985490799,
        0.0016867810627445579,
        0.9999842047691345,
        0.005364704877138138,
        -0.05389925092458725,
        -0.06751881539821625,
        -0.0052385833114385605,
        0.9977041482925415,
        -1.9159207344055176
    ],
    [
        0.9971746802330017,
        -0.002068251371383667,
        0.07508869469165802,
        -0.009168785996735096,
        0.0015796065563336015,
        0.9999772310256958,
        0.006566367112100124,
        -0.04095906764268875,
        -0.07510056346654892,
        -0.006429204251617193,
        0.9971551895141602,
        -2.0876567363739014
    ],
    [
        0.996791660785675,
        -0.0024583241902291775,
        0.08000189065933228,
        -0.016923382878303528,
        0.0019936268217861652,
        0.9999806880950928,
        0.005887933541089296,
        -0.02605418488383293,
        -0.08001483231782913,
        -0.005709548946470022,
        0.996777355670929,
        -2.2586748600006104
    ],
    [
        0.9967312216758728,
        -0.0031741431448608637,
        0.08072640001773834,
        -0.008861832320690155,
        0.0025312514044344425,
        0.9999642372131348,
        0.008064919151365757,
        -0.01315216813236475,
        -0.08074911683797836,
        -0.007834215648472309,
        0.996703565120697,
        -2.4516236782073975
    ],
    [
        0.9967222809791565,
        -0.0032861765939742327,
        0.0808326005935669,
        -0.01546692568808794,
        0.002653021365404129,
        0.9999650120735168,
        0.007939077913761139,
        -0.011936480179429054,
        -0.08085586875677109,
        -0.007698605302721262,
        0.9966961145401001,
        -2.6077280044555664
    ],
    [
        0.9967881441116333,
        -0.0030672072898596525,
        0.08002430200576782,
        -0.03014506585896015,
        0.002419158350676298,
        0.9999635219573975,
        0.008193855173885822,
        0.010272873565554619,
        -0.08004651963710785,
        -0.007973945699632168,
        0.9967592358589172,
        -2.768878698348999
    ],
    [
        0.9970505237579346,
        -0.002960297977551818,
        0.07669069617986679,
        -0.0495193712413311,
        0.002224401803687215,
        0.999950647354126,
        0.009679279290139675,
        0.028184890747070312,
        -0.07671555876731873,
        -0.00948014110326767,
        0.9970080256462097,
        -2.922961950302124
    ],
    [
        0.9976121783256531,
        -0.002317663747817278,
        0.0690256804227829,
        -0.08314884454011917,
        0.0016068099066615105,
        0.9999451041221619,
        0.010352137498557568,
        0.04429260641336441,
        -0.06904587149620056,
        -0.01021650806069374,
        0.9975612163543701,
        -3.0843091011047363
    ]
]