[
    [
        0.9999963641166687,
        0.0009326300350949168,
        -0.002536495914682746,
        -0.014401229098439217,
        -0.0009328658925369382,
        0.9999995231628418,
        -9.184111695503816e-05,
        0.00020360390772111714,
        0.002536408370360732,
        9.42078695516102e-05,
        0.9999967813491821,
        -0.002418164862319827
    ],
    [
        0.9999955892562866,
        0.0009745138231664896,
        -0.0028077245224267244,
        -0.020061727613210678,
        -0.0009745002025738358,
        0.9999995231628418,
        5.9291546676831786e-06,
        7.615494723722804e-06,
        0.002807729411870241,
        -3.192842996213585e-06,
        0.9999960660934448,
        -0.001541827921755612
    ],
    [
        0.9999938011169434,
        0.0010381442261859775,
        -0.003367379540577531,
        -0.026118654757738113,
        -0.0010379396844655275,
        0.9999994039535522,
        6.272052269196138e-05,
        -0.0002615740231703967,
        0.0033674421720206738,
        -5.9225472796242684e-05,
        0.9999942779541016,
        -0.0003858131531160325
    ],
    [
        0.9999935626983643,
        0.0010571940802037716,
        -0.0034454797860234976,
        -0.03249076008796692,
        -0.0010564643889665604,
        0.999999463558197,
        0.0002133714297087863,
        -0.0007287986809387803,
        0.003445702837780118,
        -0.00020973059872630984,
        0.9999940395355225,
        0.0005949277547188103
    ],
    [
        0.9999918341636658,
        0.001078476314432919,
        -0.00390360364690423,
        -0.038014188408851624,
        -0.0010773444082587957,
        0.9999993443489075,
        0.0002921939012594521,
        -0.0010385190835222602,
        0.0039039170369505882,
        -0.00028798606945201755,
        0.9999923706054688,
        0.0018060520524159074
    ],
    [
        0.9999913573265076,
        0.0011552831856533885,
        -0.004002660047262907,
        -0.04391670972108841,
        -0.001153883757069707,
        0.9999992847442627,
        0.00035186365130357444,
        -0.0014522720593959093,
        0.0040030647069215775,
        -0.00034724234137684107,
        0.9999918937683105,
        0.002628754125908017
    ],
    [
        0.9999917149543762,
        0.0012318561784923077,
        -0.003905927063897252,
        -0.04986036196351051,
        -0.0012298210058361292,
        0.9999991059303284,
        0.0005233880365267396,
        -0.00209222175180912,
        0.003906567580997944,
        -0.0005185800255276263,
        0.9999922513961792,
        0.003502730280160904
    ],
    [
        0.9999922513961792,
        0.0012085767230018973,
        -0.0037493836134672165,
        -0.056281812489032745,
        -0.0012066750787198544,
        0.9999991655349731,
        0.0005094602238386869,
        -0.0021744815167039633,
        0.003749996656551957,
        -0.000504931784234941,
        0.999992847442627,
        0.0046901460736989975
    ],
    [
        0.9999927878379822,
        0.0013581713428720832,
        -0.003556944662705064,
        -0.06461101770401001,
        -0.001356088905595243,
        0.999998927116394,
        0.0005877477815374732,
        -0.00250981654971838,
        0.003557738149538636,
        -0.000582920212764293,
        0.9999934434890747,
        0.006365043576806784
    ],
    [
        0.9999930262565613,
        0.0014016642235219479,
        -0.003447700757533312,
        -0.07076715677976608,
        -0.0013995209010317922,
        0.999998927116394,
        0.0006239275680854917,
        -0.0026606637984514236,
        0.0034485706128180027,
        -0.0006190985441207886,
        0.9999939203262329,
        0.007610840257257223
    ],
    [
        0.999993622303009,
        0.0014630943769589067,
        -0.0032860462088137865,
        -0.07663829624652863,
        -0.0014606777112931013,
        0.9999986290931702,
        0.0007376355351880193,
        -0.003069584723562002,
        0.0032871209550648928,
        -0.0007328313076868653,
        0.9999942779541016,
        0.00854515191167593
    ],
    [
        0.9999938607215881,
        0.0014753121649846435,
        -0.0031947647221386433,
        -0.08247210085391998,
        -0.001472796662710607,
        0.9999985694885254,
        0.0007895241142250597,
        -0.0032227253541350365,
        0.003195925382897258,
        -0.0007848148816265166,
        0.9999946355819702,
        0.009669550694525242
    ],
    [
        0.9999948143959045,
        0.0015420851996168494,
        -0.002816232154145837,
        -0.08891420811414719,
        -0.001539359800517559,
        0.9999983310699463,
        0.000969578162766993,
        -0.003587176790460944,
        0.002817723201587796,
        -0.0009652377339079976,
        0.9999954700469971,
        0.010781784541904926
    ],
    [
        0.9999954700469971,
        0.001526727806776762,
        -0.0026186471804976463,
        -0.0947897881269455,
        -0.0015238883206620812,
        0.9999982118606567,
        0.001086104428395629,
        -0.003670322010293603,
        0.0026203005108982325,
        -0.0010821092873811722,
        0.9999959468841553,
        0.01205090619623661
    ],
    [
        0.9999960660934448,
        0.0016271674539893866,
        -0.002291397424414754,
        -0.10082762688398361,
        -0.0016243094578385353,
        0.9999978542327881,
        0.0012483438476920128,
        -0.00387186324223876,
        0.0022934232838451862,
        -0.0012446170439943671,
        0.999996542930603,
        0.01305947732180357
    ],
    [
        0.9999961853027344,
        0.0018543368205428123,
        -0.002089844550937414,
        -0.1065288633108139,
        -0.001851202454417944,
        0.9999971389770508,
        0.001500944490544498,
        -0.004116219934076071,
        0.002092622220516205,
        -0.0014970703050494194,
        0.9999966621398926,
        0.01434759795665741
    ],
    [
        0.9999963045120239,
        0.001981315901502967,
        -0.001857443479821086,
        -0.11494434624910355,
        -0.0019780320581048727,
        0.999996542930603,
        0.001768140820786357,
        -0.004425083752721548,
        0.001860939897596836,
        -0.0017644596518948674,
        0.9999967813491821,
        0.01566370204091072
    ],
    [
        0.9999967217445374,
        0.0020634422544389963,
        -0.0015403337310999632,
        -0.12170843034982681,
        -0.0020607190672308207,
        0.9999963045120239,
        0.0017674010014161468,
        -0.004348876420408487,
        0.0015439753187820315,
        -0.0017642208840698004,
        0.9999972581863403,
        0.017225351184606552
    ],
    [
        0.9999971389770508,
        0.0020989093463867903,
        -0.001212857197970152,
        -0.12854090332984924,
        -0.0020965482108294964,
        0.9999960064888,
        0.0019447277300059795,
        -0.004661216866225004,
        0.0012169339461252093,
        -0.0019421795150265098,
        0.9999973773956299,
        0.01819256693124771
    ],
    [
        0.9999972581863403,
        0.002181639429181814,
        -0.0008915306534618139,
        -0.1349179595708847,
        -0.0021795807406306267,
        0.9999949336051941,
        0.0023033046163618565,
        -0.005174372345209122,
        0.0008965516462922096,
        -0.0023013544268906116,
        0.9999970197677612,
        0.019525134935975075
    ],
    [
        0.9999971985816956,
        0.002276756800711155,
        -0.0005457372753880918,
        -0.14167043566703796,
        -0.0022754697129130363,
        0.9999947547912598,
        0.0023483694531023502,
        -0.005147204734385014,
        0.000551080796867609,
        -0.002347121713683009,
        0.9999971389770508,
        0.020943569019436836
    ],
    [
        0.9999973177909851,
        0.0022799111902713776,
        -0.00030305219115689397,
        -0.147932231426239,
        -0.0022791509982198477,
        0.9999942779541016,
        0.0024854193907231092,
        -0.00540235685184598,
        0.0003087167860940099,
        -0.0024847215972840786,
        0.9999969005584717,
        0.022170966491103172
    ],
    [
        0.9999973773956299,
        0.0022914016153663397,
        0.000147050159284845,
        -0.15506836771965027,
        -0.00229176739230752,
        0.999994158744812,
        0.0025339536368846893,
        -0.005562260281294584,
        -0.00014124283916316926,
        -0.002534284256398678,
        0.9999967813491821,
        0.023564903065562248
    ],
    [
        0.9999973177909851,
        0.002329631010070443,
        0.0003527223307173699,
        -0.16218438744544983,
        -0.002330583520233631,
        0.999993622303009,
        0.0027240505442023277,
        -0.005963744129985571,
        -0.0003463747270870954,
        -0.0027248647529631853,
        0.9999961853027344,
        0.024729866534471512
    ],
    [
        0.9999968409538269,
        0.002374740084633231,
        0.000771445338614285,
        -0.17132572829723358,
        -0.0023768730461597443,
        0.9999933838844299,
        0.0027759650256484747,
        -0.005881072022020817,
        -0.0007648476166650653,
        -0.0027777899522334337,
        0.9999958276748657,
        0.026445453986525536
    ]
]