[
    [
        0.999657154083252,
        0.0046483734622597694,
        -0.025768086314201355,
        0.1395234763622284,
        -0.004298137500882149,
        0.9998979568481445,
        0.013630612753331661,
        -0.03474332019686699,
        0.02582881599664688,
        -0.013515183702111244,
        0.9995749592781067,
        0.4489993751049042
    ],
    [
        0.9995218515396118,
        0.005949849728494883,
        -0.030340496450662613,
        0.20309652388095856,
        -0.005050673149526119,
        0.9995483160018921,
        0.029627153649926186,
        -0.024756543338298798,
        0.030503064393997192,
        -0.029459748417139053,
        0.9991004467010498,
        0.6800774335861206
    ],
    [
        0.9994480609893799,
        0.007099947426468134,
        -0.032455675303936005,
        0.2668202221393585,
        -0.005620578769594431,
        0.9989509582519531,
        0.045447319746017456,
        -0.011557876132428646,
        0.03274429962038994,
        -0.04523980990052223,
        0.998439371585846,
        0.9292848706245422
    ],
    [
        0.999445378780365,
        0.007366707548499107,
        -0.032475270330905914,
        0.3563784658908844,
        -0.005548153538256884,
        0.998430073261261,
        0.055736787617206573,
        -0.01502777636051178,
        0.03283487260341644,
        -0.05552569404244423,
        0.9979171752929688,
        1.155959963798523
    ],
    [
        0.9994490146636963,
        0.006556982174515724,
        -0.03254042565822601,
        0.4954109787940979,
        -0.004516608081758022,
        0.9980419874191284,
        0.062384650111198425,
        -0.015938008204102516,
        0.03288576751947403,
        -0.062203299254179,
        0.9975216388702393,
        1.412852168083191
    ],
    [
        0.9994338154792786,
        0.0061540622264146805,
        -0.033077724277973175,
        0.6478303670883179,
        -0.004008608870208263,
        0.9979071021080017,
        0.06454024463891983,
        -0.02935873717069626,
        0.033405665308237076,
        -0.06437110900878906,
        0.997366726398468,
        1.6182054281234741
    ],
    [
        0.9994897842407227,
        0.005672750994563103,
        -0.03143158555030823,
        0.8021454215049744,
        -0.003617313224822283,
        0.9978742599487305,
        0.0650690570473671,
        -0.0390201136469841,
        0.03173389285802841,
        -0.06492216140031815,
        0.997385561466217,
        1.8132802248001099
    ],
    [
        0.9998683333396912,
        0.003105896757915616,
        -0.01592833921313286,
        0.9464213848114014,
        -0.0020697384607046843,
        0.9979051947593689,
        0.06465981155633926,
        -0.056721702218055725,
        0.016095809638500214,
        -0.064618319272995,
        0.9977802634239197,
        2.0448219776153564
    ],
    [
        0.9996475577354431,
        -0.003936407621949911,
        0.026253951713442802,
        1.0953081846237183,
        0.0022816648706793785,
        0.9980258345603943,
        0.06276273727416992,
        -0.11119156330823898,
        -0.02644922211766243,
        -0.06268072128295898,
        0.997683048248291,
        2.290088415145874
    ],
    [
        0.9953593015670776,
        -0.013049348257482052,
        0.09533818066120148,
        1.2345508337020874,
        0.0071593900211155415,
        0.9980589151382446,
        0.061862435191869736,
        -0.15217608213424683,
        -0.09596040844917297,
        -0.06089279428124428,
        0.9935207962989807,
        2.4776387214660645
    ],
    [
        0.9850041270256042,
        -0.02318575792014599,
        0.17096541821956635,
        1.4208327531814575,
        0.01285949070006609,
        0.9980388879776001,
        0.061261728405952454,
        -0.16827015578746796,
        -0.17205053567886353,
        -0.05814453214406967,
        0.9833707213401794,
        2.6883933544158936
    ],
    [
        0.9725296497344971,
        -0.031512994319200516,
        0.23063623905181885,
        1.6326807737350464,
        0.01747075282037258,
        0.9978809952735901,
        0.06267613917589188,
        -0.216374933719635,
        -0.23212264478206635,
        -0.05692501738667488,
        0.9710193276405334,
        2.907532215118408
    ],
    [
        0.9579272270202637,
        -0.037916719913482666,
        0.28449559211730957,
        1.816179633140564,
        0.021179690957069397,
        0.9978712201118469,
        0.06167900562286377,
        -0.2540183663368225,
        -0.28622865676879883,
        -0.05305846780538559,
        0.9566910862922668,
        3.077723264694214
    ],
    [
        0.9404006004333496,
        -0.044400375336408615,
        0.33715763688087463,
        1.979069471359253,
        0.024475958198308945,
        0.9977057576179504,
        0.06311974674463272,
        -0.2662515938282013,
        -0.3391866385936737,
        -0.051105596125125885,
        0.939329981803894,
        3.2506139278411865
    ],
    [
        0.9126875400543213,
        -0.048241227865219116,
        0.40580061078071594,
        2.1489996910095215,
        0.029467107728123665,
        0.9981918931007385,
        0.05238959193229675,
        -0.30410856008529663,
        -0.4075942039489746,
        -0.035857561975717545,
        0.9124587774276733,
        3.46749210357666
    ],
    [
        0.8720600008964539,
        -0.05036747828125954,
        0.4868002235889435,
        2.2998740673065186,
        0.0357687808573246,
        0.9985892176628113,
        0.039243824779987335,
        -0.3282356858253479,
        -0.48809003829956055,
        -0.016810724511742592,
        0.8726313710212708,
        3.6533448696136475
    ],
    [
        0.8245702385902405,
        -0.051729992032051086,
        0.5633896589279175,
        2.467543840408325,
        0.042120445519685745,
        0.9986604452133179,
        0.03004925139248371,
        -0.31733766198158264,
        -0.5641893744468689,
        -0.0010474958689883351,
        0.8256447315216064,
        3.8113174438476562
    ],
    [
        0.7821068167686462,
        -0.05452810600399971,
        0.620754063129425,
        2.6255924701690674,
        0.04772069305181503,
        0.9984797835350037,
        0.027583448216319084,
        -0.31496214866638184,
        -0.6213144659996033,
        0.008049607276916504,
        0.7835198044776917,
        3.963200807571411
    ],
    [
        0.7384353876113892,
        -0.05710718035697937,
        0.6719017028808594,
        2.7879061698913574,
        0.05153116211295128,
        0.9982728362083435,
        0.028212621808052063,
        -0.30667805671691895,
        -0.6723523736000061,
        0.013790673576295376,
        0.7401028275489807,
        4.123774528503418
    ],
    [
        0.695699155330658,
        -0.05995490774512291,
        0.7158268690109253,
        2.9239933490753174,
        0.0548207089304924,
        0.9980359673500061,
        0.030312396585941315,
        -0.27333229780197144,
        -0.7162383794784546,
        0.018153855577111244,
        0.6976196765899658,
        4.291202068328857
    ],
    [
        0.6461085677146912,
        -0.06360869854688644,
        0.7605900764465332,
        3.0323901176452637,
        0.057480644434690475,
        0.9977464079856873,
        0.03461340069770813,
        -0.2518311142921448,
        -0.7610780000686646,
        0.021355193108320236,
        0.648308515548706,
        4.496542453765869
    ],
    [
        0.5832656621932983,
        -0.06587046384811401,
        0.8096064329147339,
        3.1260788440704346,
        0.06091923266649246,
        0.9974468350410461,
        0.03726527467370033,
        -0.24319858849048615,
        -0.8099938035011292,
        0.02758505567908287,
        0.585788905620575,
        4.640929222106934
    ],
    [
        0.4893478453159332,
        -0.07347434759140015,
        0.868988037109375,
        3.256805896759033,
        0.06613493710756302,
        0.9967018365859985,
        0.04703058674931526,
        -0.1908191293478012,
        -0.8695774078369141,
        0.03445614501833916,
        0.4925929605960846,
        4.71532678604126
    ],
    [
        0.38559892773628235,
        -0.07962653040885925,
        0.9192243218421936,
        3.429888963699341,
        0.07139164209365845,
        0.9958572387695312,
        0.056317199021577835,
        -0.15078580379486084,
        -0.9199004173278809,
        0.043909087777137756,
        0.3896859288215637,
        4.746760368347168
    ],
    [
        0.25506117939949036,
        -0.08407314866781235,
        0.9632630348205566,
        3.576979875564575,
        0.07341133803129196,
        0.9950211644172668,
        0.06740649044513702,
        -0.1356063187122345,
        -0.9641340970993042,
        0.05352163687348366,
        0.2599632740020752,
        4.742707252502441
    ]
]