[
    [
        0.999994158744812,
        0.0027709822170436382,
        0.001993585145100951,
        -0.20345871150493622,
        -0.002766028279438615,
        0.9999931454658508,
        -0.002483428455889225,
        0.002254303079098463,
        -0.002000452484935522,
        0.002477899892255664,
        0.9999948740005493,
        0.1863280087709427
    ],
    [
        0.9999910593032837,
        0.003441587556153536,
        0.0024651754647493362,
        -0.23946303129196167,
        -0.0034352894872426987,
        0.9999908804893494,
        -0.0025546494871377945,
        0.000518987828399986,
        -0.0024739454966038465,
        0.002546157455071807,
        0.9999936819076538,
        0.2145322859287262
    ],
    [
        0.9999893307685852,
        0.004013694357126951,
        0.0023182632867246866,
        -0.28046756982803345,
        -0.004007672891020775,
        0.9999886155128479,
        -0.002596374601125717,
        1.2257536582183093e-05,
        -0.0023286575451493263,
        0.002587056253105402,
        0.9999939203262329,
        0.2529732584953308
    ],
    [
        0.9999872446060181,
        0.004444002639502287,
        0.002418026328086853,
        -0.3201662003993988,
        -0.0044365315698087215,
        0.99998539686203,
        -0.0030863566789776087,
        0.00025781625299714506,
        -0.002431707689538598,
        0.0030755894258618355,
        0.9999922513961792,
        0.2907799184322357
    ],
    [
        0.9999836087226868,
        0.005123621318489313,
        0.002538480795919895,
        -0.36063945293426514,
        -0.005114580504596233,
        0.999980628490448,
        -0.0035551583860069513,
        0.0015121285105124116,
        -0.002556646941229701,
        0.0035421177744865417,
        0.9999904632568359,
        0.33041107654571533
    ],
    [
        0.9999825954437256,
        0.0055129737593233585,
        0.002145898062735796,
        -0.4032859802246094,
        -0.005503883119672537,
        0.9999759197235107,
        -0.004219441674649715,
        0.00043370615458115935,
        -0.002169108483940363,
        0.004207557532936335,
        0.9999887943267822,
        0.3711841106414795
    ],
    [
        0.9999759793281555,
        0.006630193907767534,
        0.002070704707875848,
        -0.4440109133720398,
        -0.006620234344154596,
        0.9999666213989258,
        -0.004780328366905451,
        7.851029658922926e-05,
        -0.002102329395711422,
        0.004766504280269146,
        0.9999864101409912,
        0.4073115587234497
    ],
    [
        0.9999730587005615,
        0.007019998971372843,
        0.002167120110243559,
        -0.47582706809043884,
        -0.007008815184235573,
        0.999962329864502,
        -0.005126155447214842,
        0.002669947687536478,
        -0.0022030239924788475,
        0.00511082774028182,
        0.9999845027923584,
        0.4365929365158081
    ],
    [
        0.9999716877937317,
        0.007177817635238171,
        0.002284392947331071,
        -0.5143300294876099,
        -0.0071656787768006325,
        0.9999604225158691,
        -0.005278144963085651,
        0.0028965570963919163,
        -0.0023221878800541162,
        0.005261626094579697,
        0.9999834299087524,
        0.4707487225532532
    ],
    [
        0.9999629855155945,
        0.008109409362077713,
        0.0028843171894550323,
        -0.5561428070068359,
        -0.008095101453363895,
        0.9999549984931946,
        -0.004938232246786356,
        0.0037621925584971905,
        -0.002924232976511121,
        0.004914700519293547,
        0.999983549118042,
        0.5040314793586731
    ],
    [
        0.9999616146087646,
        0.008172174915671349,
        0.003180942265316844,
        -0.5940767526626587,
        -0.008155789226293564,
        0.99995356798172,
        -0.005130666308104992,
        0.002100738463923335,
        -0.0032227232586592436,
        0.005104525946080685,
        0.9999817609786987,
        0.5371889472007751
    ],
    [
        0.9999574422836304,
        0.008651512674987316,
        0.0032323405612260103,
        -0.6286093592643738,
        -0.008633209392428398,
        0.9999468326568604,
        -0.005634190049022436,
        0.0024346234276890755,
        -0.003280913457274437,
        0.0056060440838336945,
        0.9999788999557495,
        0.5697199702262878
    ],
    [
        0.9999487996101379,
        0.0093068927526474,
        0.0039745960384607315,
        -0.6665651798248291,
        -0.00928556825965643,
        0.9999426007270813,
        -0.005350267514586449,
        0.0011400026269257069,
        -0.004024162422865629,
        0.005313087720423937,
        0.9999778270721436,
        0.6012750267982483
    ],
    [
        0.9999483823776245,
        0.009462117217481136,
        0.003700427245348692,
        -0.6981980204582214,
        -0.009437558241188526,
        0.999933660030365,
        -0.006598655600100756,
        0.0022497926838696003,
        -0.0037626188714057207,
        0.006563392002135515,
        0.9999713897705078,
        0.629030168056488
    ],
    [
        0.9999535083770752,
        0.009142755530774593,
        0.0030849920585751534,
        -0.7366190552711487,
        -0.00912041962146759,
        0.999932587146759,
        -0.007178575731813908,
        0.001124048139899969,
        -0.003150415373966098,
        0.0071501038037240505,
        0.999969482421875,
        0.6641145944595337
    ],
    [
        0.9999563694000244,
        0.00896307174116373,
        0.0026183438021689653,
        -0.7717905044555664,
        -0.008943052962422371,
        0.9999314546585083,
        -0.0075597697868943214,
        0.000919025857001543,
        -0.0026859233621507883,
        0.007536023855209351,
        0.9999680519104004,
        0.7009414434432983
    ],
    [
        0.9999570846557617,
        0.008789611048996449,
        0.0029338691383600235,
        -0.8058906197547913,
        -0.00876952987164259,
        0.9999384880065918,
        -0.0067887320183217525,
        0.0025918977335095406,
        -0.0029933589976280928,
        0.006762712262570858,
        0.9999727010726929,
        0.7334198951721191
    ],
    [
        0.9999602437019348,
        0.008394784294068813,
        0.0030115479603409767,
        -0.8355156779289246,
        -0.008373920805752277,
        0.999941349029541,
        -0.006875206716358662,
        0.0033809863962233067,
        -0.003069087164476514,
        0.006849714554846287,
        0.999971866607666,
        0.7639796137809753
    ],
    [
        0.999955415725708,
        0.00872154999524355,
        0.003635839093476534,
        -0.8673781156539917,
        -0.008700353093445301,
        0.9999452829360962,
        -0.005805392749607563,
        0.0016272871289402246,
        -0.003686272306367755,
        0.005773500539362431,
        0.9999765157699585,
        0.79164719581604
    ],
    [
        0.99995356798172,
        0.008796571753919125,
        0.003941860981285572,
        -0.8942199945449829,
        -0.008772162720561028,
        0.9999424815177917,
        -0.006167367100715637,
        0.0016987522831186652,
        -0.003995886072516441,
        0.006132501643151045,
        0.9999731779098511,
        0.8120272755622864
    ],
    [
        0.9999497532844543,
        0.009137755259871483,
        0.004125572275370359,
        -0.9262030124664307,
        -0.00911093968898058,
        0.9999375939369202,
        -0.006472395732998848,
        0.001853195601142943,
        -0.00418445747345686,
        0.006434482056647539,
        0.999970555305481,
        0.8361087441444397
    ],
    [
        0.9999514818191528,
        0.008951105177402496,
        0.004111094865947962,
        -0.9518609642982483,
        -0.008924882858991623,
        0.9999399781227112,
        -0.006352937314659357,
        0.0017674572300165892,
        -0.0041677141562104225,
        0.006315938662737608,
        0.9999713897705078,
        0.8637288212776184
    ],
    [
        0.999944806098938,
        0.009570296853780746,
        0.004332396201789379,
        -0.9805891513824463,
        -0.009543808177113533,
        0.9999359250068665,
        -0.006094026379287243,
        0.0034780525602400303,
        -0.0043904404155910015,
        0.006052342709153891,
        0.9999721050262451,
        0.8900686502456665
    ],
    [
        0.9999454021453857,
        0.00950394757091999,
        0.004347165115177631,
        -1.012988567352295,
        -0.009476954117417336,
        0.9999359250068665,
        -0.006188047584146261,
        0.0016257459064945579,
        -0.004405666142702103,
        0.00614651245996356,
        0.9999713897705078,
        0.9203033447265625
    ],
    [
        0.9999378323554993,
        0.01054808683693409,
        0.0036024386063218117,
        -1.0467443466186523,
        -0.010520759038627148,
        0.9999163746833801,
        -0.007522295229136944,
        0.003545468207448721,
        -0.003681526053696871,
        0.007483925204724073,
        0.9999653100967407,
        0.9506412148475647
    ]
]