[
    [
        0.9999896883964539,
        -0.00012559515016619116,
        0.004560541361570358,
        0.023822443559765816,
        0.0002989948552567512,
        0.9992761015892029,
        -0.038041021674871445,
        -0.002674511633813381,
        -0.004552462138235569,
        0.038041990250349045,
        0.999265730381012,
        -0.015737906098365784
    ],
    [
        0.9999901652336121,
        -0.00019235040235798806,
        0.004451184067875147,
        0.03226171061396599,
        0.000394768692785874,
        0.9989633560180664,
        -0.0455191433429718,
        -0.002776313805952668,
        -0.004437815863639116,
        0.04552045464515686,
        0.9989535808563232,
        -0.018662836402654648
    ],
    [
        0.9999913573265076,
        -0.0004625362635124475,
        0.004140171222388744,
        0.04130427539348602,
        0.0006795067456550896,
        0.9986175894737244,
        -0.052559249103069305,
        -0.004138424061238766,
        -0.00411013700067997,
        0.05256160721182823,
        0.998609185218811,
        -0.021055063232779503
    ],
    [
        0.9999930262565613,
        -0.0006595886079594493,
        0.003683394519612193,
        0.05075286701321602,
        0.000878962513525039,
        0.9982054233551025,
        -0.05987710505723953,
        -0.005058839451521635,
        -0.003637290094047785,
        0.05987992137670517,
        0.998198926448822,
        -0.023524250835180283
    ],
    [
        0.9999943375587463,
        -0.0007359409937635064,
        0.0032923349644988775,
        0.0628509372472763,
        0.0009642239892855287,
        0.9975547194480896,
        -0.06988264620304108,
        -0.0058099571615457535,
        -0.0032328551169484854,
        0.06988541781902313,
        0.997549831867218,
        -0.0269461739808321
    ],
    [
        0.9999953508377075,
        -0.0009210372809320688,
        0.002907965797930956,
        0.07115243375301361,
        0.0011412397725507617,
        0.9970571398735046,
        -0.07665392756462097,
        -0.00649771373718977,
        -0.002828806871548295,
        0.07665688544511795,
        0.9970535039901733,
        -0.02943401411175728
    ],
    [
        0.9999961853027344,
        -0.001131775206886232,
        0.002525891410186887,
        0.079024538397789,
        0.0013380128657445312,
        0.9965319037437439,
        -0.08320145308971405,
        -0.007258333265781403,
        -0.002422966295853257,
        0.08320450782775879,
        0.9965295195579529,
        -0.031767066568136215
    ],
    [
        0.999997079372406,
        -0.001214336953125894,
        0.0020748754031956196,
        0.08701866120100021,
        0.0013960680225864053,
        0.995944619178772,
        -0.08995796740055084,
        -0.008047760464251041,
        -0.001957222120836377,
        0.08996060490608215,
        0.9959433674812317,
        -0.03388138487935066
    ],
    [
        0.9999972581863403,
        -0.001468282425776124,
        0.0018211498390883207,
        0.09742098301649094,
        0.0016413755947723985,
        0.9950854182243347,
        -0.09900609403848648,
        -0.008897843770682812,
        -0.0016668308526277542,
        0.09900880604982376,
        0.9950850605964661,
        -0.037197574973106384
    ],
    [
        0.9999977350234985,
        -0.0016549716237932444,
        0.0013209013268351555,
        0.10555465519428253,
        0.0017857571365311742,
        0.9943557977676392,
        -0.1060815304517746,
        -0.00978598278015852,
        -0.0011378837516531348,
        0.10608365386724472,
        0.9943565726280212,
        -0.039059385657310486
    ],
    [
        0.9999979734420776,
        -0.0017826996045187116,
        0.0010121033992618322,
        0.11293406784534454,
        0.0018858365947380662,
        0.9935669898986816,
        -0.11323022842407227,
        -0.010073186829686165,
        -0.0008037366787903011,
        0.11323189735412598,
        0.9935682415962219,
        -0.04131833836436272
    ],
    [
        0.9999978542327881,
        -0.0019403330516070127,
        0.000753234897274524,
        0.12033209949731827,
        0.0020168477203696966,
        0.9927374124526978,
        -0.12028423696756363,
        -0.010517604649066925,
        -0.0005143730668351054,
        0.1202855035662651,
        0.9927391409873962,
        -0.04357891157269478
    ],
    [
        0.9999974370002747,
        -0.002265526680275798,
        0.0002801856608130038,
        0.13020090758800507,
        0.00228273612447083,
        0.9915951490402222,
        -0.1293592005968094,
        -0.011357239447534084,
        1.5235706996463705e-05,
        0.12935951352119446,
        0.9915977716445923,
        -0.04600834101438522
    ],
    [
        0.9999967813491821,
        -0.0024999347515404224,
        8.747776155360043e-05,
        0.1371898651123047,
        0.002488461323082447,
        0.9906295537948608,
        -0.13655439019203186,
        -0.011867376044392586,
        0.00025471963454037905,
        0.13655418157577515,
        0.9906325340270996,
        -0.048401858657598495
    ],
    [
        0.9999967217445374,
        -0.002530511701479554,
        -0.0005001044482924044,
        0.1450553983449936,
        0.0024322306271642447,
        0.9895928502082825,
        -0.14387573301792145,
        -0.012456347234547138,
        0.0008589784265495837,
        0.14387403428554535,
        0.9895955920219421,
        -0.050509948283433914
    ],
    [
        0.9999960660934448,
        -0.0027083586901426315,
        -0.0007577442447654903,
        0.15271063148975372,
        0.002563321962952614,
        0.9885872602462769,
        -0.15062761306762695,
        -0.012854858301579952,
        0.0011570496717467904,
        0.1506250947713852,
        0.9885901808738708,
        -0.05252667888998985
    ],
    [
        0.9999947547912598,
        -0.0030442283023148775,
        -0.0011070958571508527,
        0.16297443211078644,
        0.002829215256497264,
        0.9872482419013977,
        -0.15916307270526886,
        -0.013833681121468544,
        0.0015775073552504182,
        0.1591591089963913,
        0.9872517585754395,
        -0.05557127296924591
    ],
    [
        0.9999931454658508,
        -0.0032895379699766636,
        -0.001707248273305595,
        0.1720559000968933,
        0.0029607252217829227,
        0.9861379861831665,
        -0.16590067744255066,
        -0.01456890907138586,
        0.002229318954050541,
        0.1658944934606552,
        0.9861409664154053,
        -0.057436976581811905
    ],
    [
        0.9999920725822449,
        -0.003522931132465601,
        -0.001833844231441617,
        0.1804244965314865,
        0.0031543560326099396,
        0.9850449562072754,
        -0.1722688376903534,
        -0.014646172523498535,
        0.0024133101105690002,
        0.17226170003414154,
        0.9850482940673828,
        -0.05983760207891464
    ],
    [
        0.9999904632568359,
        -0.003812963142991066,
        -0.0021400186233222485,
        0.18920253217220306,
        0.0033695572055876255,
        0.9839221835136414,
        -0.1785656213760376,
        -0.015165893360972404,
        0.0027864754665642977,
        0.17855671048164368,
        0.9839257001876831,
        -0.062093354761600494
    ],
    [
        0.9999889135360718,
        -0.003976793494075537,
        -0.0025148752611130476,
        0.2003403902053833,
        0.003437478095293045,
        0.9824180603027344,
        -0.18666279315948486,
        -0.015855086967349052,
        0.003212978132069111,
        0.1866520792245865,
        0.9824208617210388,
        -0.06526050716638565
    ],
    [
        0.9999875426292419,
        -0.004160312470048666,
        -0.0027734776958823204,
        0.20849545300006866,
        0.0035486421547830105,
        0.9812914133071899,
        -0.1924954056739807,
        -0.01626904495060444,
        0.003522430546581745,
        0.19248318672180176,
        0.9812939763069153,
        -0.06709461659193039
    ],
    [
        0.9999858736991882,
        -0.004230744671076536,
        -0.0032053773757070303,
        0.21675746142864227,
        0.0035088281147181988,
        0.9800204634666443,
        -0.19886557757854462,
        -0.016559582203626633,
        0.003982685040682554,
        0.19885151088237762,
        0.9800215363502502,
        -0.06891778856515884
    ],
    [
        0.999984085559845,
        -0.004421382211148739,
        -0.0035126260481774807,
        0.2247367799282074,
        0.0036083138547837734,
        0.9787973761558533,
        -0.20479895174503326,
        -0.01683001220226288,
        0.00434364378452301,
        0.20478300750255585,
        0.9787977337837219,
        -0.07112239301204681
    ],
    [
        0.9999814629554749,
        -0.004676947835832834,
        -0.003910765517503023,
        0.2354007214307785,
        0.0037366552278399467,
        0.9770446419715881,
        -0.21300208568572998,
        -0.01764696091413498,
        0.004817191977053881,
        0.21298350393772125,
        0.9770439267158508,
        -0.07380056381225586
    ]
]