[
    [
        0.9999364614486694,
        0.0019071578281000257,
        -0.011108466424047947,
        -0.09317177534103394,
        -0.0019052753923460841,
        0.9999982118606567,
        0.00018005711899604648,
        -0.05239831656217575,
        0.011108788661658764,
        -0.00015888088091742247,
        0.9999382495880127,
        0.4378797113895416
    ],
    [
        0.999883770942688,
        0.003433065954595804,
        -0.014858665876090527,
        -0.10864386707544327,
        -0.0034427291247993708,
        0.9999938607215881,
        -0.0006247892160899937,
        -0.059044670313596725,
        0.0148564288392663,
        0.0006758706294931471,
        0.9998893737792969,
        0.5596662759780884
    ],
    [
        0.9998087882995605,
        0.00508325919508934,
        -0.018885716795921326,
        -0.12224087864160538,
        -0.0050930241122841835,
        0.9999868869781494,
        -0.00046901029418222606,
        -0.07039261609315872,
        0.018883084878325462,
        0.0005651056417264044,
        0.9998216032981873,
        0.6870527267456055
    ],
    [
        0.9997560381889343,
        0.003927986137568951,
        -0.02173282764852047,
        -0.13658905029296875,
        -0.003893504152074456,
        0.9999910593032837,
        0.0016287360340356827,
        -0.08567140251398087,
        0.02173903025686741,
        -0.0015437218826264143,
        0.9997624754905701,
        0.7971625924110413
    ],
    [
        0.9997257590293884,
        0.004359876271337271,
        -0.02300840988755226,
        -0.1587064564228058,
        -0.004310178570449352,
        0.999988317489624,
        0.0022090631537139416,
        -0.09645597636699677,
        0.023017769679427147,
        -0.002109286841005087,
        0.9997327923774719,
        0.9143984317779541
    ],
    [
        0.9996941685676575,
        0.004673759452998638,
        -0.024280432611703873,
        -0.1847243756055832,
        -0.004597093444317579,
        0.9999843239784241,
        0.0032123569399118423,
        -0.11080699414014816,
        0.024295059964060783,
        -0.003099758643656969,
        0.9997000694274902,
        1.0342011451721191
    ],
    [
        0.9996218681335449,
        0.0026791864074766636,
        -0.027367249131202698,
        -0.20626936852931976,
        -0.0024818426463752985,
        0.9999706745147705,
        0.007242355961352587,
        -0.13468530774116516,
        0.027385851368308067,
        -0.007171697448939085,
        0.999599277973175,
        1.1589637994766235
    ],
    [
        0.9994699954986572,
        0.002826589159667492,
        -0.03242996707558632,
        -0.21728314459323883,
        -0.0025732270441949368,
        0.9999659657478333,
        0.007851633243262768,
        -0.14781445264816284,
        0.032451048493385315,
        -0.007764024659991264,
        0.9994431734085083,
        1.2769713401794434
    ],
    [
        0.9992527365684509,
        0.003965857904404402,
        -0.038447055965662,
        -0.22607676684856415,
        -0.0036897840909659863,
        0.9999669790267944,
        0.007248921785503626,
        -0.1622815579175949,
        0.03847453370690346,
        -0.0071016415022313595,
        0.9992343783378601,
        1.4133702516555786
    ],
    [
        0.9991936683654785,
        0.0021347575820982456,
        -0.04009201005101204,
        -0.2372923195362091,
        -0.0017907274886965752,
        0.9999613165855408,
        0.0086149787530303,
        -0.17955149710178375,
        0.040108852088451385,
        -0.00853623915463686,
        0.9991587996482849,
        1.5316749811172485
    ],
    [
        0.9992809295654297,
        0.001520636840723455,
        -0.03788682445883751,
        -0.25453123450279236,
        -0.001207111170515418,
        0.9999648928642273,
        0.008296824060380459,
        -0.19474004209041595,
        0.03789810463786125,
        -0.008245126344263554,
        0.9992475509643555,
        1.6465753316879272
    ],
    [
        0.9995530843734741,
        0.0021503327880054712,
        -0.029817357659339905,
        -0.2822869122028351,
        -0.0019876265432685614,
        0.999983012676239,
        0.005485308822244406,
        -0.20504073798656464,
        0.029828650876879692,
        -0.005423590075224638,
        0.9995402693748474,
        1.7548584938049316
    ],
    [
        0.9998347163200378,
        -0.0010502449003979564,
        -0.018146414309740067,
        -0.313052237033844,
        0.0011835170444101095,
        0.999972403049469,
        0.007335089612752199,
        -0.22826533019542694,
        0.018138213083148003,
        -0.0073553528636693954,
        0.9998083114624023,
        1.884948492050171
    ],
    [
        0.9999622702598572,
        -0.0033087879419326782,
        -0.008046274073421955,
        -0.33224359154701233,
        0.0033695970196276903,
        0.9999658465385437,
        0.007555722258985043,
        -0.24213583767414093,
        0.008021000772714615,
        -0.007582548074424267,
        0.9999390840530396,
        2.007789134979248
    ],
    [
        0.9999783039093018,
        -0.00482776015996933,
        0.004490440245717764,
        -0.350467324256897,
        0.004796960856765509,
        0.9999650716781616,
        0.006844584830105305,
        -0.2541731894016266,
        -0.004523328505456448,
        -0.006822895724326372,
        0.9999665021896362,
        2.1333017349243164
    ],
    [
        0.999775767326355,
        -0.007093369495123625,
        0.019950972869992256,
        -0.3661814332008362,
        0.006924943067133427,
        0.9999399185180664,
        0.008498461917042732,
        -0.2722734808921814,
        -0.020010054111480713,
        -0.008358393795788288,
        0.9997648596763611,
        2.262495517730713
    ],
    [
        0.9990570545196533,
        -0.010410498827695847,
        0.04214772582054138,
        -0.3858291804790497,
        0.009950735606253147,
        0.9998888969421387,
        0.011103497818112373,
        -0.2873254418373108,
        -0.04225863888859749,
        -0.01067363005131483,
        0.9990497827529907,
        2.376267194747925
    ],
    [
        0.9974448680877686,
        -0.013000876642763615,
        0.07024751603603363,
        -0.40724825859069824,
        0.01218376774340868,
        0.9998531341552734,
        0.012047839350998402,
        -0.3007860481739044,
        -0.07039383798837662,
        -0.011161179281771183,
        0.9974568486213684,
        2.4837703704833984
    ],
    [
        0.9937730431556702,
        -0.020381521433591843,
        0.10954341292381287,
        -0.4371185600757599,
        0.018797703087329865,
        0.9997035264968872,
        0.015471762046217918,
        -0.32051560282707214,
        -0.10982628911733627,
        -0.013316254131495953,
        0.9938615560531616,
        2.604074239730835
    ],
    [
        0.9894490242004395,
        -0.02774820849299431,
        0.1421995460987091,
        -0.4467006027698517,
        0.025161538273096085,
        0.9994842410087585,
        0.019956693053245544,
        -0.3388579487800598,
        -0.14267994463443756,
        -0.01616816595196724,
        0.9896368384361267,
        2.7120816707611084
    ],
    [
        0.9840742945671082,
        -0.031199801713228226,
        0.1749986708164215,
        -0.44717949628829956,
        0.02800701931118965,
        0.9993935823440552,
        0.020685294643044472,
        -0.35003483295440674,
        -0.17553795874118805,
        -0.015454666689038277,
        0.9843513369560242,
        2.8269686698913574
    ],
    [
        0.976764440536499,
        -0.03667795658111572,
        0.21115384995937347,
        -0.44635823369026184,
        0.03247158229351044,
        0.9991997480392456,
        0.02335509844124317,
        -0.3650965094566345,
        -0.21184159815311432,
        -0.01595592312514782,
        0.9771736860275269,
        2.941378355026245
    ],
    [
        0.9670214056968689,
        -0.044590435922145844,
        0.2507611811161041,
        -0.4448937177658081,
        0.03864006698131561,
        0.9988436698913574,
        0.028605271130800247,
        -0.3812924027442932,
        -0.25174668431282043,
        -0.017972469329833984,
        0.96762615442276,
        3.0410547256469727
    ],
    [
        0.9543965458869934,
        -0.04926711320877075,
        0.294448584318161,
        -0.4462248980998993,
        0.042003095149993896,
        0.9986380934715271,
        0.030947480350732803,
        -0.3925298750400543,
        -0.29557228088378906,
        -0.017168421298265457,
        0.9551661014556885,
        3.1411185264587402
    ],
    [
        0.9354181289672852,
        -0.05749548226594925,
        0.34883689880371094,
        -0.4492095708847046,
        0.04809878021478653,
        0.9982098937034607,
        0.03554690629243851,
        -0.4071043133735657,
        -0.35025620460510254,
        -0.016472602263092995,
        0.9365090727806091,
        3.2634289264678955
    ]
]