[
    [
        0.9999486804008484,
        -0.008533960208296776,
        -0.00544768339022994,
        -0.012552500702440739,
        0.008473675698041916,
        0.999903678894043,
        -0.010995116084814072,
        0.014852014370262623,
        0.005540990736335516,
        0.010948391631245613,
        0.9999247789382935,
        0.19764256477355957
    ],
    [
        0.9999457597732544,
        -0.009230280295014381,
        -0.004818957298994064,
        -0.012819936498999596,
        0.00917352270334959,
        0.9998898506164551,
        -0.011670323088765144,
        0.015989968553185463,
        0.0049261474050581455,
        0.011625482700765133,
        0.9999202489852905,
        0.2111411839723587
    ],
    [
        0.9999473690986633,
        -0.009402459487318993,
        -0.004133337642997503,
        -0.013997836969792843,
        0.009351414628326893,
        0.9998819231987,
        -0.01219989825040102,
        0.016296779736876488,
        0.004247559234499931,
        0.01216060109436512,
        0.9999170303344727,
        0.2256518304347992
    ],
    [
        0.999961256980896,
        -0.008309578523039818,
        -0.0029277834109961987,
        -0.015875015407800674,
        0.008272022940218449,
        0.9998862743377686,
        -0.012614029459655285,
        0.016134187579154968,
        0.0030322675593197346,
        0.012589321471750736,
        0.9999161958694458,
        0.2444489449262619
    ],
    [
        0.9999765753746033,
        -0.006632718723267317,
        -0.0017068294109776616,
        -0.016927696764469147,
        0.006611230317503214,
        0.9999024271965027,
        -0.012302357703447342,
        0.0159269031137228,
        0.0017882605316117406,
        0.01229078508913517,
        0.9999228715896606,
        0.2583346366882324
    ],
    [
        0.9999896883964539,
        -0.0044766939245164394,
        -0.0007931622676551342,
        -0.017230292782187462,
        0.0044671110808849335,
        0.9999216198921204,
        -0.011697671376168728,
        0.014214561320841312,
        0.0008454677299596369,
        0.01169400755316019,
        0.9999312162399292,
        0.27714473009109497
    ],
    [
        0.9999953508377075,
        -0.0030379898380488157,
        -0.0005040109972469509,
        -0.017867838963866234,
        0.003032252425327897,
        0.999934732913971,
        -0.011018780060112476,
        0.014074066653847694,
        0.0005374530446715653,
        0.011017200537025928,
        0.9999392032623291,
        0.29243791103363037
    ],
    [
        0.9999977350234985,
        -0.0018331746105104685,
        -0.0011280938051640987,
        -0.01874823495745659,
        0.0018231566064059734,
        0.9999594688415527,
        -0.008817967027425766,
        0.01536484993994236,
        0.0011442131362855434,
        0.008815890178084373,
        0.9999604225158691,
        0.3139418661594391
    ],
    [
        0.9999985098838806,
        -0.0008376275654882193,
        -0.0015738664660602808,
        -0.01980414055287838,
        0.0008262235205620527,
        0.9999735355377197,
        -0.007232887204736471,
        0.01648508384823799,
        0.001579883974045515,
        0.007231575436890125,
        0.9999725818634033,
        0.3306816518306732
    ],
    [
        0.9999973773956299,
        0.0006903284811414778,
        -0.002181056886911392,
        -0.01910209469497204,
        -0.0007025985396467149,
        0.9999839067459106,
        -0.0056302230805158615,
        0.018461141735315323,
        0.002177134156227112,
        0.005631741601973772,
        0.9999817609786987,
        0.35363757610321045
    ],
    [
        0.9999970197677612,
        0.001433863420970738,
        -0.001978717977181077,
        -0.017858006060123444,
        -0.0014418123755604029,
        0.9999908208847046,
        -0.004021903499960899,
        0.020099226385354996,
        0.001972933067008853,
        0.0040247440338134766,
        0.9999899864196777,
        0.3707443177700043
    ],
    [
        0.999997079372406,
        0.0019088448025286198,
        -0.0015674626920372248,
        -0.015602328814566135,
        -0.0019124256214126945,
        0.9999955892562866,
        -0.0022865196224302053,
        0.021397538483142853,
        0.0015630905982106924,
        0.0022895107977092266,
        0.9999961853027344,
        0.39254215359687805
    ],
    [
        0.9999966621398926,
        0.0024356660433113575,
        -0.0008680544560775161,
        -0.014441524632275105,
        -0.0024368648882955313,
        0.9999960660934448,
        -0.0013815931743010879,
        0.021494872868061066,
        0.0008646863861940801,
        0.001383704598993063,
        0.9999985694885254,
        0.408659964799881
    ],
    [
        0.9999966025352478,
        0.0026231950614601374,
        9.81000775936991e-05,
        -0.012453940697014332,
        -0.0026231890078634024,
        0.999996542930603,
        -6.223954551387578e-05,
        0.022165296599268913,
        -9.826393943512812e-05,
        6.198244955157861e-05,
        1.0,
        0.4252781569957733
    ],
    [
        0.999995768070221,
        0.0023575355298817158,
        0.0017240120796486735,
        -0.010134870186448097,
        -0.002360293408855796,
        0.9999958872795105,
        0.001599220442585647,
        0.022806942462921143,
        -0.0017202357994392514,
        -0.0016032832209020853,
        0.9999971389770508,
        0.44759225845336914
    ],
    [
        0.9999936819076538,
        0.002358111320063472,
        0.002658083802089095,
        -0.00849892757833004,
        -0.002364975865930319,
        0.9999939203262329,
        0.0025824331678450108,
        0.023045236244797707,
        -0.0026519778184592724,
        -0.002588703064247966,
        0.999993085861206,
        0.4650586247444153
    ],
    [
        0.9999862313270569,
        0.0022251689806580544,
        0.004744812846183777,
        -0.0070974742993712425,
        -0.0022460443433374166,
        0.9999879002571106,
        0.004399019759148359,
        0.02307680994272232,
        -0.004734967369586229,
        -0.00440961541607976,
        0.9999790191650391,
        0.4880661368370056
    ],
    [
        0.9999757409095764,
        0.002114631235599518,
        0.006630246527493,
        -0.006705068983137608,
        -0.0021504012402147055,
        0.9999832510948181,
        0.005392516031861305,
        0.022124795243144035,
        -0.006618731655180454,
        -0.005406643263995647,
        0.9999634027481079,
        0.5049247741699219
    ],
    [
        0.9999561905860901,
        0.0021476263646036386,
        0.009115085937082767,
        -0.0052973199635744095,
        -0.0021984705235809088,
        0.9999820590019226,
        0.0055717178620398045,
        0.020013587549328804,
        -0.009102956391870975,
        -0.0055915117263793945,
        0.9999428987503052,
        0.5240856409072876
    ],
    [
        0.9999391436576843,
        0.0021904059685766697,
        0.01080913096666336,
        -0.0036308690905570984,
        -0.0022487768437713385,
        0.9999829530715942,
        0.005390960723161697,
        0.01859387382864952,
        -0.010797138325870037,
        -0.005414940882474184,
        0.9999270439147949,
        0.5361555814743042
    ],
    [
        0.9999141097068787,
        0.0024200156331062317,
        0.012887993827462196,
        -0.00023420006618835032,
        -0.0024766845162957907,
        0.9999873042106628,
        0.0043829334899783134,
        0.016754720360040665,
        -0.012877224013209343,
        -0.004414475988596678,
        0.999907374382019,
        0.5512210726737976
    ],
    [
        0.9998851418495178,
        0.0025326355826109648,
        0.014945387840270996,
        0.0017404831014573574,
        -0.00257502356544137,
        0.9999927878379822,
        0.002817680826410651,
        0.017682397738099098,
        -0.014938143081963062,
        -0.0028558429330587387,
        0.9998842477798462,
        0.5627296566963196
    ],
    [
        0.9998509883880615,
        0.002120580989867449,
        0.017135245725512505,
        0.002747297054156661,
        -0.0021481341682374477,
        0.9999964833259583,
        0.0015897309640422463,
        0.01970016211271286,
        -0.017131812870502472,
        -0.001626302720978856,
        0.9998518228530884,
        0.5781007409095764
    ],
    [
        0.9998258352279663,
        0.00199885037727654,
        0.01855858415365219,
        0.0030738995410501957,
        -0.001999631756916642,
        0.9999979734420776,
        2.3567768948851153e-05,
        0.021503088995814323,
        -0.018558502197265625,
        -6.067423601052724e-05,
        0.9998277425765991,
        0.5880663990974426
    ],
    [
        0.9997947216033936,
        0.0023712122347205877,
        0.02012183703482151,
        0.0036120100412517786,
        -0.0023063146509230137,
        0.9999921321868896,
        -0.0032478151842951775,
        0.02350456826388836,
        -0.020129378885030746,
        0.003200742183253169,
        0.9997922778129578,
        0.6005369424819946
    ]
]