[
    [
        0.9826993346214294,
        0.0007063771481625736,
        -0.18520613014698029,
        0.03179030120372772,
        -0.0008280600304715335,
        0.9999995827674866,
        -0.0005796647747047246,
        -0.018133016303181648,
        0.1852056384086609,
        0.0007229972979985178,
        0.9826995134353638,
        0.3821498453617096
    ],
    [
        0.9748767614364624,
        -0.000684435828588903,
        -0.22274404764175415,
        0.017402878031134605,
        0.00038805417716503143,
        0.999998927116394,
        -0.0013743591262027621,
        -0.021547231823205948,
        0.22274477779865265,
        0.0012533938279375434,
        0.9748759865760803,
        0.4528472125530243
    ],
    [
        0.9657160639762878,
        -0.0007623725687153637,
        -0.259599506855011,
        0.0003609470441006124,
        0.0003640904033090919,
        0.9999987483024597,
        -0.0015822950517758727,
        -0.025941837579011917,
        0.25960037112236023,
        0.0014335301239043474,
        0.9657151103019714,
        0.5235071182250977
    ],
    [
        0.9553428888320923,
        0.0007490079151466489,
        -0.2954987585544586,
        -0.023258479312062263,
        -0.0015887992922216654,
        0.9999954104423523,
        -0.0026018531061708927,
        -0.03048746846616268,
        0.2954954504966736,
        0.002955150092020631,
        0.9553394913673401,
        0.5838547945022583
    ],
    [
        0.9443967342376709,
        0.002554117003455758,
        -0.32879820466041565,
        -0.05205661803483963,
        -0.002848004689440131,
        0.9999958276748657,
        -0.0004122285172343254,
        -0.03114011324942112,
        0.32879576086997986,
        0.00132572662550956,
        0.9444001913070679,
        0.6407201290130615
    ],
    [
        0.9334462285041809,
        0.005066986195743084,
        -0.35868149995803833,
        -0.09252478927373886,
        -0.0042037637904286385,
        0.9999860525131226,
        0.003186472225934267,
        -0.028823237866163254,
        0.3586926758289337,
        -0.0014665878843516111,
        0.9334545731544495,
        0.701377272605896
    ],
    [
        0.9235714673995972,
        0.00828604307025671,
        -0.3833366930484772,
        -0.143529012799263,
        -0.0056197247467935085,
        0.9999516010284424,
        0.008074948564171791,
        -0.02956136129796505,
        0.3833850622177124,
        -0.005303545389324427,
        0.9235734343528748,
        0.7629388570785522
    ],
    [
        0.9152068495750427,
        0.009786135517060757,
        -0.4028656482696533,
        -0.1954740285873413,
        -0.0056510549038648605,
        0.9999184608459473,
        0.011451596394181252,
        -0.02862832136452198,
        0.4029448330402374,
        -0.008203962817788124,
        0.9151875376701355,
        0.8216560482978821
    ],
    [
        0.9065109491348267,
        0.010859545320272446,
        -0.4220423996448517,
        -0.2460489124059677,
        -0.004979799501597881,
        0.9998747110366821,
        0.015031521208584309,
        -0.024428287521004677,
        0.4221527576446533,
        -0.011524554342031479,
        0.9064515233039856,
        0.8839349150657654
    ],
    [
        0.8977388739585876,
        0.012162030674517155,
        -0.44036003947257996,
        -0.29419150948524475,
        -0.0040931482799351215,
        0.9998059868812561,
        0.01926853135228157,
        -0.017015183344483376,
        0.4405089318752289,
        -0.015495652332901955,
        0.8976144194602966,
        0.9554435610771179
    ],
    [
        0.8896051049232483,
        0.015896208584308624,
        -0.456453800201416,
        -0.33911147713661194,
        -0.006079962942749262,
        0.9997177124023438,
        0.022966083139181137,
        -0.01614828035235405,
        0.4566900134086609,
        -0.017655519768595695,
        0.8894506096839905,
        1.028540849685669
    ],
    [
        0.8812956809997559,
        0.02100478485226631,
        -0.472098171710968,
        -0.38194724917411804,
        -0.01063790637999773,
        0.9996402859687805,
        0.02461794950067997,
        -0.016826793551445007,
        0.4724454879760742,
        -0.016673559322953224,
        0.8812021613121033,
        1.0958521366119385
    ],
    [
        0.871269166469574,
        0.02812867984175682,
        -0.4899987280368805,
        -0.43670913577079773,
        -0.01650293916463852,
        0.9994708299636841,
        0.028031274676322937,
        -0.015075072646141052,
        0.4905279576778412,
        -0.016336366534233093,
        0.8712723851203918,
        1.1785032749176025
    ],
    [
        0.8633477091789246,
        0.03320200741291046,
        -0.5035160183906555,
        -0.49205830693244934,
        -0.020442280918359756,
        0.999315083026886,
        0.030844055116176605,
        -0.014041241258382797,
        0.5041952133178711,
        -0.01633612811565399,
        0.8634350895881653,
        1.2573150396347046
    ],
    [
        0.85671466588974,
        0.03415784612298012,
        -0.5146581530570984,
        -0.5433769226074219,
        -0.021432409062981606,
        0.999300479888916,
        0.030646540224552155,
        -0.015531215816736221,
        0.5153449773788452,
        -0.015224977396428585,
        0.8568475842475891,
        1.3358949422836304
    ],
    [
        0.8500485420227051,
        0.03356585279107094,
        -0.5256337523460388,
        -0.5890798568725586,
        -0.021858030930161476,
        0.9993557333946228,
        0.028468186035752296,
        -0.015122581273317337,
        0.5262507200241089,
        -0.01271001622080803,
        0.8502344489097595,
        1.41180419921875
    ],
    [
        0.8437654972076416,
        0.03434053808450699,
        -0.5356122851371765,
        -0.6364652514457703,
        -0.02333868108689785,
        0.9993546605110168,
        0.027307063341140747,
        -0.015860315412282944,
        0.5362042784690857,
        -0.010540276765823364,
        0.8440223932266235,
        1.4928905963897705
    ],
    [
        0.838312029838562,
        0.03664351627230644,
        -0.5439579486846924,
        -0.6844101548194885,
        -0.026030907407402992,
        0.9992911219596863,
        0.02719973959028721,
        -0.02073020115494728,
        0.5445690155029297,
        -0.008642147295176983,
        0.8386714458465576,
        1.5774372816085815
    ],
    [
        0.8340826630592346,
        0.03920001536607742,
        -0.5502449870109558,
        -0.7315181493759155,
        -0.02939176745712757,
        0.9992130994796753,
        0.026631789281964302,
        -0.02380809560418129,
        0.5508559942245483,
        -0.006040440406650305,
        0.8345783948898315,
        1.6571292877197266
    ],
    [
        0.8293315172195435,
        0.040599700063467026,
        -0.5572799444198608,
        -0.7804052233695984,
        -0.03041451796889305,
        0.9991580843925476,
        0.027529802173376083,
        -0.023376528173685074,
        0.5579285025596619,
        -0.005881933495402336,
        0.8298680782318115,
        1.7383192777633667
    ],
    [
        0.82464599609375,
        0.040525730699300766,
        -0.5641955137252808,
        -0.8297942280769348,
        -0.029645195230841637,
        0.9991558194160461,
        0.028438236564397812,
        -0.02118774503469467,
        0.5648717284202576,
        -0.006725789047777653,
        0.8251513838768005,
        1.8205574750900269
    ],
    [
        0.8194851279258728,
        0.04095113277435303,
        -0.5716354846954346,
        -0.8777462244033813,
        -0.02754209004342556,
        0.9991054534912109,
        0.03209066763520241,
        -0.015374958515167236,
        0.5724381804466248,
        -0.01055379118770361,
        0.8198800683021545,
        1.8996950387954712
    ],
    [
        0.8138824701309204,
        0.039023689925670624,
        -0.5797175765037537,
        -0.9206992983818054,
        -0.023282749578356743,
        0.9991310238838196,
        0.03456917777657509,
        -0.009746767580509186,
        0.5805628299713135,
        -0.014637834392488003,
        0.8140837550163269,
        1.9821510314941406
    ],
    [
        0.8079956769943237,
        0.03499975800514221,
        -0.5881478786468506,
        -0.9637143015861511,
        -0.018165307119488716,
        0.9992393255233765,
        0.03450772166252136,
        -0.00587405264377594,
        0.5889082551002502,
        -0.01719820499420166,
        0.8080169558525085,
        2.0652997493743896
    ],
    [
        0.8009651303291321,
        0.031855519860982895,
        -0.5978628396987915,
        -1.0145442485809326,
        -0.015068582259118557,
        0.999339759349823,
        0.03305954858660698,
        -0.0010521039366722107,
        0.5985212922096252,
        -0.017470598220825195,
        0.8009164333343506,
        2.153042793273926
    ]
]