[
    [
        0.9915570616722107,
        -6.821312854299322e-05,
        -0.12967075407505035,
        -0.21397721767425537,
        -0.0016581431264057755,
        0.9999114274978638,
        -0.01320538017898798,
        0.06856296956539154,
        0.12966017425060272,
        0.013308899477124214,
        0.9914690852165222,
        1.4138699769973755
    ],
    [
        0.9916470050811768,
        -9.145525109488517e-05,
        -0.12898068130016327,
        -0.2206217497587204,
        -0.0016938198823481798,
        0.9999043345451355,
        -0.013731654733419418,
        0.06838955730199814,
        0.12896957993507385,
        0.013835425488650799,
        0.9915519952774048,
        1.4422311782836914
    ],
    [
        0.9918234348297119,
        -0.0005033183842897415,
        -0.12761647999286652,
        -0.22963428497314453,
        -0.0013389263767749071,
        0.9998961687088013,
        -0.014349598437547684,
        0.06898140907287598,
        0.1276104748249054,
        0.014403137378394604,
        0.9917197227478027,
        1.4830142259597778
    ],
    [
        0.9919969439506531,
        -0.0005945301381871104,
        -0.12626048922538757,
        -0.23830166459083557,
        -0.0013363528996706009,
        0.9998834133148193,
        -0.01520760077983141,
        0.07108667492866516,
        0.12625481188297272,
        0.015254620462656021,
        0.991880476474762,
        1.5221277475357056
    ],
    [
        0.9921101927757263,
        -0.0007859139004722238,
        -0.12536616623401642,
        -0.24385742843151093,
        -0.001173937926068902,
        0.9998782873153687,
        -0.015558379702270031,
        0.07229148596525192,
        0.12536312639713287,
        0.015582798980176449,
        0.9919886589050293,
        1.5476253032684326
    ],
    [
        0.9922670125961304,
        -0.000826584524475038,
        -0.12411919981241226,
        -0.2533779442310333,
        -0.0011679783929139376,
        0.9998713135719299,
        -0.015996115282177925,
        0.0741020068526268,
        0.12411646544933319,
        0.016017384827136993,
        0.9921382665634155,
        1.5877501964569092
    ],
    [
        0.9925804138183594,
        -0.0009473743266426027,
        -0.12158633768558502,
        -0.26449620723724365,
        -0.0010726506588980556,
        0.9998624920845032,
        -0.016547391191124916,
        0.07543282210826874,
        0.12158529460430145,
        0.01655503548681736,
        0.9924429655075073,
        1.6279507875442505
    ],
    [
        0.9927818775177002,
        -0.0014344286173582077,
        -0.11992521584033966,
        -0.2719251811504364,
        -0.0005847847787663341,
        0.9998587369918823,
        -0.016800379380583763,
        0.07596463710069656,
        0.11993236839771271,
        0.016749242320656776,
        0.9926408529281616,
        1.6534934043884277
    ],
    [
        0.9931109547615051,
        -0.001644365955144167,
        -0.11716603487730026,
        -0.2800006866455078,
        -0.0003970347752328962,
        0.9998485445976257,
        -0.017397668212652206,
        0.0779280886054039,
        0.11717689782381058,
        0.017324334010481834,
        0.9929599165916443,
        1.6905364990234375
    ],
    [
        0.9936951994895935,
        -0.0018449547933414578,
        -0.11210066825151443,
        -0.28792285919189453,
        -0.0001855477166827768,
        0.9998362064361572,
        -0.018100077286362648,
        0.07877028733491898,
        0.11211568117141724,
        0.018006756901741028,
        0.9935319423675537,
        1.7243119478225708
    ],
    [
        0.994304895401001,
        -0.00258278613910079,
        -0.10654173791408539,
        -0.2955254316329956,
        0.0005599010619334877,
        0.9998191595077515,
        -0.019012324512004852,
        0.07863544672727585,
        0.10657157003879547,
        0.018844395875930786,
        0.9941263198852539,
        1.7549492120742798
    ],
    [
        0.9948204755783081,
        -0.0027610387187451124,
        -0.10160965472459793,
        -0.3007829189300537,
        0.0007898983894847333,
        0.9998108744621277,
        -0.019434267655014992,
        0.07838988304138184,
        0.10164409130811691,
        0.01925334893167019,
        0.9946344494819641,
        1.7747224569320679
    ],
    [
        0.9955241084098816,
        -0.003407537704333663,
        -0.09444718807935715,
        -0.30712413787841797,
        0.0014896850334480405,
        0.9997913837432861,
        -0.020369157195091248,
        0.07823723554611206,
        0.09449689835309982,
        0.02013728953897953,
        0.9953214526176453,
        1.8035300970077515
    ],
    [
        0.9962130784988403,
        -0.004000452347099781,
        -0.0868537500500679,
        -0.31076401472091675,
        0.0021854545921087265,
        0.9997774958610535,
        -0.020982207730412483,
        0.0782577320933342,
        0.08691836148500443,
        0.02071293443441391,
        0.9960001111030579,
        1.8327630758285522
    ],
    [
        0.9967408776283264,
        -0.004398159682750702,
        -0.08055005967617035,
        -0.3130292594432831,
        0.002663622610270977,
        0.9997625350952148,
        -0.02162846364080906,
        0.07779042422771454,
        0.08062606304883957,
        0.021343421190977097,
        0.9965158700942993,
        1.8518149852752686
    ],
    [
        0.9973989725112915,
        -0.005172832403331995,
        -0.07189162820577621,
        -0.3153386116027832,
        0.0035740421153604984,
        0.9997438192367554,
        -0.022349754348397255,
        0.07585218548774719,
        0.07198882102966309,
        0.022034678608179092,
        0.9971619844436646,
        1.881528615951538
    ],
    [
        0.9979233145713806,
        -0.005775238387286663,
        -0.06415416300296783,
        -0.3170463442802429,
        0.004314162768423557,
        0.9997286796569824,
        -0.022889675572514534,
        0.0735812857747078,
        0.06426896154880524,
        0.022565368562936783,
        0.9976775050163269,
        1.9138075113296509
    ],
    [
        0.9983981251716614,
        -0.00611628545448184,
        -0.056248653680086136,
        -0.3206408619880676,
        0.004823545925319195,
        0.9997218251228333,
        -0.02308969758450985,
        0.07091227173805237,
        0.05637422204017639,
        0.022781388834118843,
        0.9981496930122375,
        1.9471402168273926
    ],
    [
        0.9986460208892822,
        -0.006335597485303879,
        -0.051632706075906754,
        -0.32275819778442383,
        0.005131691228598356,
        0.9997126460075378,
        -0.023416023701429367,
        0.0692000761628151,
        0.051766227930784225,
        0.023119356483221054,
        0.9983915090560913,
        1.9694570302963257
    ],
    [
        0.9989398121833801,
        -0.006400518584996462,
        -0.04558702930808067,
        -0.32655757665634155,
        0.005328441970050335,
        0.9997073411941528,
        -0.023599954321980476,
        0.06685105711221695,
        0.045724742114543915,
        0.023332027718424797,
        0.9986816048622131,
        2.0037918090820312
    ],
    [
        0.9991724491119385,
        -0.006447561550885439,
        -0.040160998702049255,
        -0.33058905601501465,
        0.005501564126461744,
        0.9997057914733887,
        -0.023621270433068275,
        0.06388252228498459,
        0.04030148684978485,
        0.02338077686727047,
        0.9989138841629028,
        2.037470579147339
    ],
    [
        0.9992506504058838,
        -0.006431252229958773,
        -0.03816660866141319,
        -0.33230939507484436,
        0.005528976209461689,
        0.9997039437294006,
        -0.02369907684624195,
        0.06184369698166847,
        0.038307711482048035,
        0.023470299318432808,
        0.9989904165267944,
        2.059755802154541
    ],
    [
        0.9993738532066345,
        -0.006511924788355827,
        -0.03477674350142479,
        -0.3335253894329071,
        0.005682302173227072,
        0.9996981620788574,
        -0.023901451379060745,
        0.06018936634063721,
        0.03492189198732376,
        0.023688873276114464,
        0.9991092681884766,
        2.091848373413086
    ],
    [
        0.9994485974311829,
        -0.0065215579234063625,
        -0.03255826234817505,
        -0.3340275287628174,
        0.005742740351706743,
        0.9996964335441589,
        -0.02395721524953842,
        0.060666151344776154,
        0.03270462155342102,
        0.023757031187415123,
        0.9991826415061951,
        2.123114824295044
    ],
    [
        0.9994964599609375,
        -0.006372674368321896,
        -0.031081000342965126,
        -0.3338383138179779,
        0.00562179833650589,
        0.9996917247772217,
        -0.024186503142118454,
        0.06216094270348549,
        0.031225550919771194,
        0.023999596014618874,
        0.9992241859436035,
        2.155996322631836
    ]
]