[
    [
        0.9999912977218628,
        -0.0039785136468708515,
        0.0012798652751371264,
        -0.1332455277442932,
        0.003980362322181463,
        0.9999909996986389,
        -0.0014446910936385393,
        -0.16638004779815674,
        -0.0012741058599203825,
        0.0014497725060209632,
        0.9999980926513672,
        0.10061713308095932
    ],
    [
        0.9999891519546509,
        -0.004088715650141239,
        0.002268149284645915,
        -0.23643767833709717,
        0.004088409710675478,
        0.9999916553497314,
        0.00013982765085529536,
        -0.2872188985347748,
        -0.0022687017917633057,
        -0.00013055333693046123,
        0.9999973773956299,
        0.087227962911129
    ],
    [
        0.9999819993972778,
        -0.00497558293864131,
        0.003351935651153326,
        -0.3511301875114441,
        0.004969512112438679,
        0.9999859929084778,
        0.001816722215153277,
        -0.41713669896125793,
        -0.003360927337780595,
        -0.001800031866878271,
        0.9999927282333374,
        0.06045007333159447
    ],
    [
        0.999973475933075,
        -0.005998229142278433,
        0.00414368137717247,
        -0.4554292559623718,
        0.0059860702604055405,
        0.999977707862854,
        0.0029403753578662872,
        -0.5308384895324707,
        -0.004161226097494364,
        -0.002915492281317711,
        0.9999871253967285,
        0.0282745398581028
    ],
    [
        0.9999672174453735,
        -0.00661779148504138,
        0.004698358476161957,
        -0.5534337162971497,
        0.006597538013011217,
        0.9999688863754272,
        0.00431315740570426,
        -0.6347624063491821,
        -0.004726755898445845,
        -0.004282017238438129,
        0.9999796152114868,
        -0.014161946251988411
    ],
    [
        0.9999626874923706,
        -0.007095230743288994,
        0.0049276710487902164,
        -0.606061577796936,
        0.007066512946039438,
        0.9999580979347229,
        0.0058212000876665115,
        -0.688418984413147,
        -0.004968767520040274,
        -0.005786162801086903,
        0.9999709129333496,
        -0.06313284486532211
    ],
    [
        0.9997856616973877,
        -0.019874542951583862,
        0.00579149229452014,
        -0.6369943618774414,
        0.019837334752082825,
        0.9997826814651489,
        0.0064122481271624565,
        -0.7176939249038696,
        -0.005917675327509642,
        -0.006295986473560333,
        0.9999626874923706,
        -0.1260700225830078
    ],
    [
        0.9986460208892822,
        -0.051703471690416336,
        0.005730025004595518,
        -0.6487937569618225,
        0.0516650415956974,
        0.9986422061920166,
        0.006663854233920574,
        -0.7247841358184814,
        -0.006066789384931326,
        -0.006358790677040815,
        0.9999613761901855,
        -0.19157658517360687
    ],
    [
        0.996261715888977,
        -0.08621156215667725,
        0.005489150527864695,
        -0.648051917552948,
        0.08617238700389862,
        0.9962554574012756,
        0.007013689260929823,
        -0.7196059226989746,
        -0.006073258351534605,
        -0.006514457985758781,
        0.9999603033065796,
        -0.2545279562473297
    ],
    [
        0.9913457632064819,
        -0.13116823136806488,
        0.005323668476194143,
        -0.6541727185249329,
        0.13112683594226837,
        0.9913372993469238,
        0.007498790975660086,
        -0.7166255712509155,
        -0.006261153146624565,
        -0.006735820323228836,
        0.9999576807022095,
        -0.3257063627243042
    ],
    [
        0.9852877259254456,
        -0.17083024978637695,
        0.005020345561206341,
        -0.6618139147758484,
        0.17078843712806702,
        0.9852765202522278,
        0.00782947987318039,
        -0.7158395051956177,
        -0.006283940747380257,
        -0.006856873631477356,
        0.9999567270278931,
        -0.39147263765335083
    ],
    [
        0.9753316044807434,
        -0.22067919373512268,
        0.005387002602219582,
        -0.670025646686554,
        0.2206318974494934,
        0.9753225445747375,
        0.008202861063182354,
        -0.7162648439407349,
        -0.007064266130328178,
        -0.006811963859945536,
        0.9999518394470215,
        -0.46943673491477966
    ],
    [
        0.9608364105224609,
        -0.27706971764564514,
        0.005061376374214888,
        -0.6701533198356628,
        0.27702057361602783,
        0.9608246684074402,
        0.00868893414735794,
        -0.7221317887306213,
        -0.007270535919815302,
        -0.006946539506316185,
        0.9999494552612305,
        -0.5502328276634216
    ],
    [
        0.9462274312973022,
        -0.323462575674057,
        0.005059082992374897,
        -0.6664762496948242,
        0.3234090507030487,
        0.9462145566940308,
        0.009194099344313145,
        -0.7309285402297974,
        -0.007760925218462944,
        -0.007063555996865034,
        0.9999449253082275,
        -0.6260586977005005
    ],
    [
        0.9296998977661133,
        -0.3682885468006134,
        0.004646728280931711,
        -0.6631484031677246,
        0.36823275685310364,
        0.9296822547912598,
        0.009770271368324757,
        -0.7382215261459351,
        -0.007918259128928185,
        -0.007372342050075531,
        0.9999414682388306,
        -0.7139310240745544
    ],
    [
        0.9165158867835999,
        -0.39996904134750366,
        0.004834330640733242,
        -0.6630920767784119,
        0.3999057710170746,
        0.9164968729019165,
        0.010427170433104038,
        -0.746143102645874,
        -0.008601194247603416,
        -0.007623390760272741,
        0.9999339580535889,
        -0.7977719902992249
    ],
    [
        0.9015462398529053,
        -0.43265408277511597,
        0.004974468611180782,
        -0.6650305390357971,
        0.4325813055038452,
        0.9015243053436279,
        0.011285128071904182,
        -0.7568063139915466,
        -0.009367157705128193,
        -0.008022088557481766,
        0.9999239444732666,
        -0.8933534622192383
    ],
    [
        0.8870483636856079,
        -0.46164458990097046,
        0.005425774026662111,
        -0.6700178384780884,
        0.4615625739097595,
        0.8870293498039246,
        0.011781171895563602,
        -0.7655852437019348,
        -0.010251506231725216,
        -0.007946185767650604,
        0.9999158978462219,
        -0.9813862442970276
    ],
    [
        0.8698350191116333,
        -0.4933055341243744,
        0.006048805546015501,
        -0.677609384059906,
        0.49320748448371887,
        0.869818389415741,
        0.012738307006657124,
        -0.778649628162384,
        -0.011545236222445965,
        -0.008096863515675068,
        0.9999006390571594,
        -1.0792779922485352
    ],
    [
        0.8507093787193298,
        -0.5255939960479736,
        0.006673779338598251,
        -0.6850780844688416,
        0.5254838466644287,
        0.8506998419761658,
        0.013281148858368397,
        -0.7917585968971252,
        -0.01265793014317751,
        -0.007791584357619286,
        0.9998894929885864,
        -1.1816203594207764
    ],
    [
        0.8315879106521606,
        -0.555345892906189,
        0.00724278436973691,
        -0.6878363490104675,
        0.5552200078964233,
        0.8315837383270264,
        0.014109098352491856,
        -0.8090621829032898,
        -0.013858357444405556,
        -0.007711605168879032,
        0.9998742341995239,
        -1.2772092819213867
    ],
    [
        0.8052883148193359,
        -0.5928269028663635,
        0.00818847119808197,
        -0.6949355602264404,
        0.5926815271377563,
        0.8052977919578552,
        0.01496734470129013,
        -0.8202025890350342,
        -0.015467176213860512,
        -0.007199992425739765,
        0.9998543858528137,
        -1.3851165771484375
    ],
    [
        0.7802383899688721,
        -0.6254247426986694,
        0.008478512056171894,
        -0.6990942358970642,
        0.6252622604370117,
        0.7802517414093018,
        0.015949424356222153,
        -0.8290755152702332,
        -0.01659049652516842,
        -0.007143064402043819,
        0.9998369216918945,
        -1.4854402542114258
    ],
    [
        0.7502618432044983,
        -0.6610651016235352,
        0.010009320452809334,
        -0.7154287695884705,
        0.6608883738517761,
        0.7503076791763306,
        0.016280442476272583,
        -0.8427886366844177,
        -0.01827242411673069,
        -0.005599487107247114,
        0.9998171925544739,
        -1.5980521440505981
    ],
    [
        0.7133140563964844,
        -0.700759768486023,
        0.01089415606111288,
        -0.7368208765983582,
        0.7005623579025269,
        0.7133817672729492,
        0.017290515825152397,
        -0.8563357591629028,
        -0.01988804340362549,
        -0.004701483529061079,
        0.9997913241386414,
        -1.7094566822052002
    ]
]