[
    [
        0.9928401112556458,
        -0.0012348965974524617,
        -0.11944465339183807,
        0.024360109120607376,
        0.0008745414088480175,
        0.9999949336051941,
        -0.0030692871659994125,
        0.03192591294646263,
        0.11944784224033356,
        0.0029428519774228334,
        0.992836058139801,
        0.5797514319419861
    ],
    [
        0.9885765910148621,
        -0.0009368007304146886,
        -0.15071609616279602,
        0.025945940986275673,
        0.00036708530387841165,
        0.9999927282333374,
        -0.0038078362122178078,
        0.038565196096897125,
        0.1507185697555542,
        0.003709012409672141,
        0.9885697960853577,
        0.7714852094650269
    ],
    [
        0.9796109795570374,
        -0.0018299778457731009,
        -0.2008953094482422,
        0.04092980921268463,
        0.0008447652799077332,
        0.9999873042106628,
        -0.004989723674952984,
        0.04041733965277672,
        0.20090188086032867,
        0.0047182790003716946,
        0.9795998930931091,
        0.9937067031860352
    ],
    [
        0.9651246070861816,
        -0.00027325385599397123,
        -0.26179060339927673,
        0.023218201473355293,
        -0.0009490803931839764,
        0.9999892711639404,
        -0.004542684648185968,
        0.047900907695293427,
        0.2617890536785126,
        0.004632717929780483,
        0.9651139378547668,
        1.1892850399017334
    ],
    [
        0.9468265175819397,
        0.0017622926970943809,
        -0.32173940539360046,
        -0.025302080437541008,
        -0.0033429500181227922,
        0.9999849796295166,
        -0.004360446706414223,
        0.04209456220269203,
        0.32172688841819763,
        0.0052041467279195786,
        0.9468182325363159,
        1.3949391841888428
    ],
    [
        0.9281803965568542,
        0.001983355265110731,
        -0.37212538719177246,
        -0.06987874954938889,
        -0.0035993934143334627,
        0.9999868869781494,
        -0.0036481190472841263,
        0.0471886582672596,
        0.37211325764656067,
        0.004725538659840822,
        0.9281753301620483,
        1.5891108512878418
    ],
    [
        0.8934438824653625,
        0.0027546363417059183,
        -0.44916650652885437,
        -0.11809029430150986,
        -0.005753221455961466,
        0.9999693036079407,
        -0.00531123299151659,
        0.05585553124547005,
        0.4491380751132965,
        0.0073294430039823055,
        0.8934323191642761,
        1.7743057012557983
    ],
    [
        0.8597580194473267,
        0.004225730895996094,
        -0.510684072971344,
        -0.1919754445552826,
        -0.0071683647111058235,
        0.999967098236084,
        -0.0037938691675662994,
        0.06322730332612991,
        0.5106512308120728,
        0.0069225807674229145,
        0.859760046005249,
        1.953632116317749
    ],
    [
        0.831908106803894,
        0.005541916936635971,
        -0.5548856854438782,
        -0.27171051502227783,
        -0.009689506143331528,
        0.9999428391456604,
        -0.004539990331977606,
        0.07014958560466766,
        0.5548287034034729,
        0.00915341917425394,
        0.8319142460823059,
        2.112001895904541
    ],
    [
        0.8063663840293884,
        0.006140271667391062,
        -0.5913846492767334,
        -0.36906683444976807,
        -0.010083873756229877,
        0.9999434351921082,
        -0.003367305500432849,
        0.07892949134111404,
        0.5913302898406982,
        0.008678723126649857,
        0.8063827157020569,
        2.297673463821411
    ],
    [
        0.7898257374763489,
        0.007254539988934994,
        -0.6132880449295044,
        -0.46914830803871155,
        -0.011632288806140423,
        0.9999274015426636,
        -0.0031526449602097273,
        0.08731134235858917,
        0.6132209300994873,
        0.009623984806239605,
        0.7898527979850769,
        2.443866014480591
    ],
    [
        0.7830916047096252,
        0.009834034368395805,
        -0.6218283772468567,
        -0.6053282022476196,
        -0.014225874096155167,
        0.9998966455459595,
        -0.0021020984277129173,
        0.0941917821764946,
        0.6217435598373413,
        0.01049218699336052,
        0.7831505537033081,
        2.5806734561920166
    ],
    [
        0.7825455665588379,
        0.01086246408522129,
        -0.6224983930587769,
        -0.7479040026664734,
        -0.015455265529453754,
        0.9998785853385925,
        -0.0019812278915196657,
        0.10439705848693848,
        0.6224015951156616,
        0.011171282269060612,
        0.7826183438301086,
        2.7137691974639893
    ],
    [
        0.7823490500450134,
        0.011754745617508888,
        -0.6227293014526367,
        -0.8837011456489563,
        -0.01621946692466736,
        0.99986732006073,
        -0.0015032070223242044,
        0.10444625467061996,
        0.6226289868354797,
        0.011276369914412498,
        0.7824358940124512,
        2.8425357341766357
    ],
    [
        0.7852990031242371,
        0.012328200042247772,
        -0.6189939975738525,
        -1.0429084300994873,
        -0.01729154773056507,
        0.9998484253883362,
        -0.002023773267865181,
        0.10587801039218903,
        0.61887526512146,
        0.012292631901800632,
        0.785393238067627,
        2.962315797805786
    ],
    [
        0.8057264089584351,
        0.012552894651889801,
        -0.5921549201011658,
        -1.189860463142395,
        -0.017765264958143234,
        0.9998378157615662,
        -0.002977415220811963,
        0.1007947251200676,
        0.5920214056968689,
        0.012918771244585514,
        0.8058188557624817,
        3.06210994720459
    ],
    [
        0.8463590145111084,
        0.011675856076180935,
        -0.5324848890304565,
        -1.3204880952835083,
        -0.015560152940452099,
        0.999875009059906,
        -0.0028077438473701477,
        0.10763682425022125,
        0.5323855876922607,
        0.010661904700100422,
        0.8464348316192627,
        3.196794271469116
    ],
    [
        0.880547285079956,
        0.011136498302221298,
        -0.47382768988609314,
        -1.4191709756851196,
        -0.014441121369600296,
        0.9998900890350342,
        -0.0033362614922225475,
        0.09833429008722305,
        0.473738431930542,
        0.0097803371027112,
        0.8806113004684448,
        3.327988862991333
    ],
    [
        0.9140898585319519,
        0.011128189042210579,
        -0.40535882115364075,
        -1.5366836786270142,
        -0.013881322927772999,
        0.999896228313446,
        -0.003852742025628686,
        0.08398430049419403,
        0.4052739143371582,
        0.009148668497800827,
        0.9141495227813721,
        3.4631242752075195
    ],
    [
        0.9474256634712219,
        0.010097948834300041,
        -0.3198166489601135,
        -1.6403067111968994,
        -0.01304346788674593,
        0.9998899102210999,
        -0.007069296669214964,
        0.06146858632564545,
        0.31971004605293274,
        0.010869151912629604,
        0.9474531412124634,
        3.595008373260498
    ],
    [
        0.9635767340660095,
        0.009549661539494991,
        -0.267261266708374,
        -1.7188559770584106,
        -0.011557335965335369,
        0.9999156594276428,
        -0.005939976777881384,
        0.04321100190281868,
        0.26718196272850037,
        0.008812453597784042,
        0.9636057019233704,
        3.717768669128418
    ],
    [
        0.9723165035247803,
        0.009578219614923,
        -0.23347139358520508,
        -1.7953741550445557,
        -0.011446479707956314,
        0.9999123811721802,
        -0.006648436188697815,
        0.006059158593416214,
        0.233387291431427,
        0.009136810898780823,
        0.9723409414291382,
        3.833913803100586
    ],
    [
        0.9773557782173157,
        0.009343174286186695,
        -0.21139724552631378,
        -1.8757420778274536,
        -0.011329331435263157,
        0.9999023675918579,
        -0.008186140097677708,
        -0.028936538845300674,
        0.21129955351352692,
        0.010395761579275131,
        0.9773659110069275,
        3.9249563217163086
    ],
    [
        0.9846122860908508,
        0.009793397970497608,
        -0.1744787096977234,
        -1.953405737876892,
        -0.011762302368879318,
        0.9998783469200134,
        -0.010253981687128544,
        -0.06137328967452049,
        0.17435729503631592,
        0.012148468755185604,
        0.984607458114624,
        3.999347686767578
    ],
    [
        0.9882491827011108,
        0.006826769560575485,
        -0.15269866585731506,
        -1.9881030321121216,
        -0.00884499866515398,
        0.9998822808265686,
        -0.0125416349619627,
        -0.08159655332565308,
        0.15259523689746857,
        0.013744884170591831,
        0.9881930947303772,
        4.051181316375732
    ]
]