[
    [
        0.9999998211860657,
        4.695705513313442e-07,
        -0.0006524999625980854,
        -0.03504208102822304,
        -2.134292884647948e-07,
        0.9999999403953552,
        0.00039167929207906127,
        0.04116683080792427,
        0.0006525001954287291,
        -0.00039167882641777396,
        0.9999997615814209,
        -0.1805604249238968
    ],
    [
        0.9999995827674866,
        0.0001098549400921911,
        -0.000949425098951906,
        -0.04641703888773918,
        -0.00010937106708297506,
        0.9999998807907104,
        0.000509750097990036,
        0.05691511929035187,
        0.0009494808618910611,
        -0.0005096459062770009,
        0.9999994039535522,
        -0.254639208316803
    ],
    [
        0.9999995231628418,
        0.00023629050701856613,
        -0.001019023940898478,
        -0.05679317191243172,
        -0.00023567755124531686,
        0.9999998807907104,
        0.000602092535700649,
        0.07317759841680527,
        0.0010191662004217505,
        -0.0006018525455147028,
        0.9999992847442627,
        -0.3307158946990967
    ],
    [
        0.9999993443489075,
        0.0005896597867831588,
        -0.0009440108551643789,
        -0.06655798107385635,
        -0.0005890781758353114,
        0.9999996423721313,
        0.0006164625519886613,
        0.09129048883914948,
        0.0009443741291761398,
        -0.0006159055628813803,
        0.9999994039535522,
        -0.4086465537548065
    ],
    [
        0.9999992251396179,
        0.0008574790554121137,
        -0.001001605298370123,
        -0.07577057927846909,
        -0.0008565591997466981,
        0.9999992847442627,
        0.0009184618247672915,
        0.11067488044500351,
        0.0010023928480222821,
        -0.0009176033199764788,
        0.9999990463256836,
        -0.4880872368812561
    ],
    [
        0.9999988079071045,
        0.0010427391389384866,
        -0.0012001839932054281,
        -0.08593308925628662,
        -0.0010418210877105594,
        0.9999991655349731,
        0.0007653163629584014,
        0.13065806031227112,
        0.0012009810889139771,
        -0.0007640646654181182,
        0.999998927116394,
        -0.5684825778007507
    ],
    [
        0.9999988079071045,
        0.0011429452570155263,
        -0.0010528851998969913,
        -0.09589175879955292,
        -0.0011416446650400758,
        0.9999985694885254,
        0.0012356694787740707,
        0.15073712170124054,
        0.0010542958043515682,
        -0.0012344655115157366,
        0.9999986886978149,
        -0.6497279405593872
    ],
    [
        0.9999986886978149,
        0.0010997983627021313,
        -0.0012514551635831594,
        -0.10559505224227905,
        -0.0010985486442223191,
        0.9999988675117493,
        0.000998664298094809,
        0.17077289521694183,
        0.0012525521451607347,
        -0.0009972879197448492,
        0.9999988079071045,
        -0.7319461703300476
    ],
    [
        0.9999982118606567,
        0.0012849855702370405,
        -0.0013790426310151815,
        -0.11392832547426224,
        -0.0012834257213398814,
        0.9999986290931702,
        0.001131089054979384,
        0.19215835630893707,
        0.0013804935151711106,
        -0.0011293173301964998,
        0.9999984502792358,
        -0.8156126141548157
    ],
    [
        0.9999982714653015,
        0.0013707773759961128,
        -0.0013284810120239854,
        -0.12158862501382828,
        -0.0013689718907698989,
        0.999998152256012,
        0.001358850160613656,
        0.214995875954628,
        0.0013303414452821016,
        -0.0013570289593189955,
        0.9999982118606567,
        -0.8994099497795105
    ],
    [
        0.9999977946281433,
        0.0015339669771492481,
        -0.001403705682605505,
        -0.12826994061470032,
        -0.0015322139952331781,
        0.9999980926513672,
        0.0012490093940868974,
        0.23914805054664612,
        0.0014056190848350525,
        -0.0012468555942177773,
        0.9999982118606567,
        -0.9830238223075867
    ],
    [
        0.9999977350234985,
        0.001661302987486124,
        -0.0014383250381797552,
        -0.13447900116443634,
        -0.001659463276155293,
        0.9999977946281433,
        0.0012793231289833784,
        0.2636997103691101,
        0.0014404462417587638,
        -0.0012769328895956278,
        0.9999980926513672,
        -1.0660114288330078
    ],
    [
        0.999997615814209,
        0.0017294157296419144,
        -0.001379368593916297,
        -0.1428849846124649,
        -0.001727533177472651,
        0.9999975562095642,
        0.001364978845231235,
        0.28783297538757324,
        0.0013817263534292579,
        -0.0013625946594402194,
        0.9999980926513672,
        -1.1483337879180908
    ],
    [
        0.9999984502792358,
        0.0013888143002986908,
        -0.0011395582696422935,
        -0.15368176996707916,
        -0.0013872318668290973,
        0.9999980926513672,
        0.001388052711263299,
        0.310226708650589,
        0.0011414863402023911,
        -0.0013864737702533603,
        0.9999983310699463,
        -1.229885458946228
    ],
    [
        0.9999991059303284,
        0.001165645313449204,
        -0.0007218507234938443,
        -0.16484159231185913,
        -0.0011645866325125098,
        0.9999982118606567,
        0.001464849803596735,
        0.3326307237148285,
        0.0007235592347569764,
        -0.0014640118461102247,
        0.9999986886978149,
        -1.3104112148284912
    ],
    [
        0.9999995827674866,
        0.0008961039129644632,
        -0.0004971563466824591,
        -0.17582544684410095,
        -0.0008952692151069641,
        0.9999982714653015,
        0.0016768970526754856,
        0.3540254235267639,
        0.0004986608400940895,
        -0.0016764571191743016,
        0.9999984502792358,
        -1.3886799812316895
    ],
    [
        0.999999463558197,
        0.0009525030618533492,
        -0.0006390618509612978,
        -0.1862780898809433,
        -0.0009514591656625271,
        0.9999982714653015,
        0.0016318943817168474,
        0.3754570782184601,
        0.000640618207398802,
        -0.0016312908846884966,
        0.9999984502792358,
        -1.4656057357788086
    ],
    [
        0.999999463558197,
        0.0008130025235004723,
        -0.0005854908959008753,
        -0.19596031308174133,
        -0.0008119764388538897,
        0.999998152256012,
        0.001751472009345889,
        0.39738109707832336,
        0.0005869118613190949,
        -0.0017509927274659276,
        0.9999983310699463,
        -1.5426843166351318
    ],
    [
        0.999999463558197,
        0.0010735475225374103,
        -0.0004131099849473685,
        -0.20526337623596191,
        -0.0010728088673204184,
        0.9999979138374329,
        0.0017832814482972026,
        0.4196730852127075,
        0.0004150195454712957,
        -0.001782829756848514,
        0.9999983310699463,
        -1.6199755668640137
    ],
    [
        0.9999992847442627,
        0.0011890046298503876,
        -0.00031841531745158136,
        -0.21558968722820282,
        -0.0011884575942531228,
        0.9999977946281433,
        0.0017140128184109926,
        0.44140538573265076,
        0.00032045532134361565,
        -0.0017136393580585718,
        0.9999985098838806,
        -1.696681022644043
    ],
    [
        0.9999992251396179,
        0.0012773723574355245,
        -5.468594463309273e-05,
        -0.22690324485301971,
        -0.001277275732718408,
        0.9999977350234985,
        0.001727140275761485,
        0.46236151456832886,
        5.68890682188794e-05,
        -0.0017270627431571484,
        0.9999983906745911,
        -1.7736177444458008
    ],
    [
        0.9999986886978149,
        0.0016512086149305105,
        0.00019968436390627176,
        -0.23644067347049713,
        -0.0016514735762029886,
        0.9999977350234985,
        0.0013368792133405805,
        0.4838051497936249,
        -0.00019747907936107367,
        -0.001337201800197363,
        0.9999989867210388,
        -1.8517109155654907
    ],
    [
        0.9999984502792358,
        0.0016899670008569956,
        0.00024757024948485196,
        -0.24389202892780304,
        -0.001690274104475975,
        0.9999978542327881,
        0.0012498958967626095,
        0.5060132145881653,
        -0.0002454612113069743,
        -0.001250305911526084,
        0.9999991655349731,
        -1.931962251663208
    ],
    [
        0.9999983906745911,
        0.001769241294823587,
        0.0003636677865870297,
        -0.24924349784851074,
        -0.001769628026522696,
        0.9999979138374329,
        0.0010662482818588614,
        0.5283880233764648,
        -0.0003617797920014709,
        -0.0010668908944353461,
        0.9999994039535522,
        -2.0140154361724854
    ],
    [
        0.9999985694885254,
        0.0015782042173668742,
        0.0005680180038325489,
        -0.25447261333465576,
        -0.0015791647601872683,
        0.9999973773956299,
        0.001695183920674026,
        0.5513514876365662,
        -0.0005653391708619893,
        -0.00169608264695853,
        0.9999984502792358,
        -2.1031622886657715
    ]
]