[
    [
        0.9999759197235107,
        -0.0059422943741083145,
        -0.0035766582004725933,
        -0.007079951465129852,
        0.005619292613118887,
        0.9964168071746826,
        -0.08439244329929352,
        -0.1704079508781433,
        0.004065326880663633,
        0.08437031507492065,
        0.9964261651039124,
        -0.016535678878426552
    ],
    [
        0.9999687671661377,
        -0.007004841696470976,
        -0.0036798203364014626,
        -0.007396723609417677,
        0.00663352943956852,
        0.9956701397895813,
        -0.09271956980228424,
        -0.18577401340007782,
        0.004313373006880283,
        0.09269225597381592,
        0.9956854581832886,
        -0.018057599663734436
    ],
    [
        0.9999662637710571,
        -0.007396668195724487,
        -0.0035887761041522026,
        -0.007593671325594187,
        0.006992285139858723,
        0.994764506816864,
        -0.10195482522249222,
        -0.20151233673095703,
        0.004324113018810749,
        0.101926289498806,
        0.9947825074195862,
        -0.019829142838716507
    ],
    [
        0.99996018409729,
        -0.008250067010521889,
        -0.0034160809591412544,
        -0.0073623270727694035,
        0.007818273268640041,
        0.9937462210655212,
        -0.11138841509819031,
        -0.21790802478790283,
        0.004313679877668619,
        0.11135726422071457,
        0.9937711358070374,
        -0.021698545664548874
    ],
    [
        0.9999507069587708,
        -0.009366017766296864,
        -0.003310926491394639,
        -0.00734736118465662,
        0.008901701308786869,
        0.9927504658699036,
        -0.11986296623945236,
        -0.2318909615278244,
        0.0044095623306930065,
        0.11982757598161697,
        0.9927849769592285,
        -0.023571433499455452
    ],
    [
        0.999930202960968,
        -0.011270702816545963,
        -0.0035345740616321564,
        -0.007705267984420061,
        0.010717387311160564,
        0.9915011525154114,
        -0.12965522706508636,
        -0.2474604845046997,
        0.004965840373188257,
        0.12960830330848694,
        0.9915528893470764,
        -0.02578945830464363
    ],
    [
        0.9999200701713562,
        -0.012169773690402508,
        -0.0034601897932589054,
        -0.0076799760572612286,
        0.011587738059461117,
        0.9906817078590393,
        -0.13570386171340942,
        -0.25792551040649414,
        0.005079431459307671,
        0.13565289974212646,
        0.9907434582710266,
        -0.027283944189548492
    ],
    [
        0.9999111890792847,
        -0.01293462235480547,
        -0.0032334846910089254,
        -0.007879470475018024,
        0.012336633168160915,
        0.9895673394203186,
        -0.14354217052459717,
        -0.2706294059753418,
        0.005056414287537336,
        0.1434895396232605,
        0.9896389245986938,
        -0.029073473066091537
    ],
    [
        0.9998956918716431,
        -0.014088044874370098,
        -0.0031764451414346695,
        -0.007991313934326172,
        0.013441547751426697,
        0.9882863163948059,
        -0.15201811492443085,
        -0.2840961515903473,
        0.005280875135213137,
        0.15195956826210022,
        0.9883726239204407,
        -0.03121110424399376
    ],
    [
        0.9998842477798462,
        -0.014903035946190357,
        -0.0030672166030853987,
        -0.008128946647047997,
        0.014218791387975216,
        0.9869667887687683,
        -0.16029450297355652,
        -0.2978403866291046,
        0.005416116677224636,
        0.1602323204278946,
        0.9870644807815552,
        -0.03348527476191521
    ],
    [
        0.9998668432235718,
        -0.01603470742702484,
        -0.0029959906823933125,
        -0.008369182236492634,
        0.015287908725440502,
        0.9851993918418884,
        -0.17072971165180206,
        -0.3150065839290619,
        0.005689248442649841,
        0.17066119611263275,
        0.985313355922699,
        -0.036579400300979614
    ],
    [
        0.999856173992157,
        -0.01675153151154518,
        -0.0026830376591533422,
        -0.00876028835773468,
        0.016006646677851677,
        0.983903169631958,
        -0.17798449099063873,
        -0.3262775242328644,
        0.005621361546218395,
        0.17791593074798584,
        0.9840296506881714,
        -0.03863738104701042
    ],
    [
        0.9998443126678467,
        -0.017479877918958664,
        -0.0024256522301584482,
        -0.008761567063629627,
        0.016725633293390274,
        0.9824680089950562,
        -0.18567921221256256,
        -0.3387448489665985,
        0.005628776736557484,
        0.18560971319675446,
        0.9826074242591858,
        -0.04101074859499931
    ],
    [
        0.9998283982276917,
        -0.018420176580548286,
        -0.0019758366979658604,
        -0.008348753675818443,
        0.017682764679193497,
        0.9806926846504211,
        -0.19475403428077698,
        -0.3526703715324402,
        0.005525091663002968,
        0.1946856677532196,
        0.9808501601219177,
        -0.04374242573976517
    ],
    [
        0.9998127222061157,
        -0.019322576001286507,
        -0.0011277208104729652,
        -0.0079721724614501,
        0.01868455857038498,
        0.9787245392799377,
        -0.2043260931968689,
        -0.3666933476924896,
        0.005051834043115377,
        0.204266756772995,
        0.9789021611213684,
        -0.04678846150636673
    ],
    [
        0.9997953176498413,
        -0.020225267857313156,
        0.000469449267257005,
        -0.006164769642055035,
        0.019846629351377487,
        0.9760498404502869,
        -0.2166399508714676,
        -0.38563022017478943,
        0.003923394717276096,
        0.21660493314266205,
        0.9762513637542725,
        -0.0510183684527874
    ],
    [
        0.9997847676277161,
        -0.02068115770816803,
        0.001623145886696875,
        -0.005031040403991938,
        0.02051568403840065,
        0.9741179943084717,
        -0.22510698437690735,
        -0.3979281783103943,
        0.0030743370298296213,
        0.2250918447971344,
        0.9743326902389526,
        -0.053947072476148605
    ],
    [
        0.9997702836990356,
        -0.021287618204951286,
        0.0025115080643445253,
        -0.00434549106284976,
        0.021288946270942688,
        0.9724401235580444,
        -0.23217853903770447,
        -0.40874919295310974,
        0.002500236965715885,
        0.23217864334583282,
        0.9726699590682983,
        -0.056629687547683716
    ],
    [
        0.9997567534446716,
        -0.02174634113907814,
        0.003662790870293975,
        -0.0026422261726111174,
        0.021992405876517296,
        0.9709083437919617,
        -0.2384393811225891,
        -0.41836947202682495,
        0.0016289493069052696,
        0.23846197128295898,
        0.9711503982543945,
        -0.05896260589361191
    ],
    [
        0.9997426271438599,
        -0.021954365074634552,
        0.005723210982978344,
        -0.00023331469856202602,
        0.02268753945827484,
        0.9691426157951355,
        -0.24545446038246155,
        -0.4277769923210144,
        -0.0001578112132847309,
        0.24552111327648163,
        0.9693912863731384,
        -0.061582088470458984
    ],
    [
        0.999722957611084,
        -0.022392280399799347,
        0.007265244144946337,
        0.0018071619560942054,
        0.02350478433072567,
        0.9666516780853271,
        -0.255014032125473,
        -0.44159993529319763,
        -0.001312616397626698,
        0.2551141381263733,
        0.9669100642204285,
        -0.06520576775074005
    ],
    [
        0.9997093677520752,
        -0.02291100099682808,
        0.007499012164771557,
        0.0018760733073577285,
        0.024075981229543686,
        0.9646708369255066,
        -0.2623556852340698,
        -0.4522133767604828,
        -0.0012232472654432058,
        0.26245999336242676,
        0.9649420380592346,
        -0.0682736337184906
    ],
    [
        0.9996981024742126,
        -0.023196544498205185,
        0.00810682587325573,
        0.0021814354695379734,
        0.024521009996533394,
        0.9630681872367859,
        -0.2681387662887573,
        -0.4620041251182556,
        -0.0015875331591814756,
        0.26825663447380066,
        0.9633462429046631,
        -0.07093722373247147
    ],
    [
        0.9996899366378784,
        -0.0233738012611866,
        0.008579928427934647,
        0.0023657295387238264,
        0.024829257279634476,
        0.9615758061408997,
        -0.2734145522117615,
        -0.4711677134037018,
        -0.001859513227827847,
        0.2735427916049957,
        0.9618580341339111,
        -0.07342346012592316
    ],
    [
        0.9996777176856995,
        -0.023837869986891747,
        0.00872670765966177,
        0.002467641606926918,
        0.025330964475870132,
        0.9591744542121887,
        -0.28167831897735596,
        -0.4827309846878052,
        -0.0016558229690417647,
        0.28180861473083496,
        0.9594692587852478,
        -0.07712233811616898
    ]
]