[
    [
        0.988480269908905,
        -0.00033206638181582093,
        0.1513490378856659,
        1.504401683807373,
        -0.0010429972317069769,
        0.999958872795105,
        0.009005880914628506,
        -0.2587502896785736,
        -0.15134590864181519,
        -0.009059993550181389,
        0.9884392619132996,
        2.412567615509033
    ],
    [
        0.9945840239524841,
        0.007980643771588802,
        0.10362982749938965,
        1.5217955112457275,
        -0.008602427318692207,
        0.9999475479125977,
        0.005554291885346174,
        -0.2757728397846222,
        -0.10357986390590668,
        -0.006415676325559616,
        0.9946004748344421,
        2.5229058265686035
    ],
    [
        0.9984071254730225,
        0.0159275084733963,
        0.054126083850860596,
        1.532031774520874,
        -0.016016490757465363,
        0.9998709559440613,
        0.0012103674234822392,
        -0.2895377278327942,
        -0.054099731147289276,
        -0.002075345255434513,
        0.9985334277153015,
        2.6179370880126953
    ],
    [
        0.9996405243873596,
        0.025509264320135117,
        -0.008257890120148659,
        1.5410175323486328,
        -0.025536051020026207,
        0.9996688961982727,
        -0.003151652868837118,
        -0.3024902939796448,
        0.008174780756235123,
        0.0033613932318985462,
        0.9999608397483826,
        2.725949764251709
    ],
    [
        0.9974578022956848,
        0.03356344997882843,
        -0.0628608837723732,
        1.5464580059051514,
        -0.03401251882314682,
        0.9994027614593506,
        -0.0060868836008012295,
        -0.31056657433509827,
        0.06261889636516571,
        0.008209452964365482,
        0.9980037808418274,
        2.8266985416412354
    ],
    [
        0.9924768805503845,
        0.03925948590040207,
        -0.11596667766571045,
        1.5501900911331177,
        -0.04050803184509277,
        0.9991437792778015,
        -0.008428479544818401,
        -0.3191513419151306,
        0.1155364066362381,
        0.013062662445008755,
        0.9932172298431396,
        2.9252214431762695
    ],
    [
        0.9832354784011841,
        0.045087844133377075,
        -0.17667770385742188,
        1.5507713556289673,
        -0.04746123403310776,
        0.9988303780555725,
        -0.00922848004847765,
        -0.3345542848110199,
        0.17605488002300262,
        0.017459101974964142,
        0.9842254519462585,
        3.039175033569336
    ],
    [
        0.9734057188034058,
        0.05146615207195282,
        -0.22323179244995117,
        1.5451244115829468,
        -0.054920095950365067,
        0.998447597026825,
        -0.009287549182772636,
        -0.3483198285102844,
        0.2224072813987732,
        0.021300464868545532,
        0.9747210741043091,
        3.138925075531006
    ],
    [
        0.9595528841018677,
        0.06008909270167351,
        -0.27504104375839233,
        1.5360543727874756,
        -0.06500175595283508,
        0.9978465437889099,
        -0.00877298042178154,
        -0.36879950761795044,
        0.27392154932022095,
        0.026296287775039673,
        0.9613924026489258,
        3.2677783966064453
    ],
    [
        0.9477612376213074,
        0.0651707723736763,
        -0.312252014875412,
        1.5322867631912231,
        -0.07220132648944855,
        0.9973294138908386,
        -0.010993999429047108,
        -0.3768426775932312,
        0.3107016384601593,
        0.03296470642089844,
        0.9499356746673584,
        3.3563756942749023
    ],
    [
        0.9361023306846619,
        0.06997642666101456,
        -0.3446964621543884,
        1.5223079919815063,
        -0.0786384716629982,
        0.9968402981758118,
        -0.01119343750178814,
        -0.3879867494106293,
        0.34282395243644714,
        0.03758460655808449,
        0.9386475086212158,
        3.4430110454559326
    ],
    [
        0.9238491058349609,
        0.07352153956890106,
        -0.3756292462348938,
        1.497511863708496,
        -0.08416613191366196,
        0.9963796138763428,
        -0.011983702890574932,
        -0.3996136486530304,
        0.3733883798122406,
        0.04268639534711838,
        0.9266924858093262,
        3.5391507148742676
    ],
    [
        0.9145211577415466,
        0.0761735588312149,
        -0.3973018229007721,
        1.4709433317184448,
        -0.0885922834277153,
        0.9959835410118103,
        -0.012967201881110668,
        -0.40759047865867615,
        0.39471831917762756,
        0.0470566563308239,
        0.9175962805747986,
        3.6178529262542725
    ],
    [
        0.9057317972183228,
        0.07963718473911285,
        -0.41630256175994873,
        1.442085862159729,
        -0.09316874295473099,
        0.9955748319625854,
        -0.012253360822796822,
        -0.4189692735671997,
        0.413484662771225,
        0.04988464340567589,
        0.9091436862945557,
        3.6962544918060303
    ],
    [
        0.8951594829559326,
        0.08290301263332367,
        -0.4379686415195465,
        1.4081438779830933,
        -0.09722122550010681,
        0.9952092170715332,
        -0.010326487943530083,
        -0.43571409583091736,
        0.4350142180919647,
        0.0518236979842186,
        0.8989309072494507,
        3.7869374752044678
    ],
    [
        0.8870972990989685,
        0.08425746113061905,
        -0.4538271427154541,
        1.375096082687378,
        -0.0997382327914238,
        0.9949610829353333,
        -0.010234330780804157,
        -0.446124404668808,
        0.4506780207157135,
        0.05434276908636093,
        0.89103102684021,
        3.856682777404785
    ],
    [
        0.87615567445755,
        0.08450597524642944,
        -0.4745628535747528,
        1.3371591567993164,
        -0.10172051191329956,
        0.9947558641433716,
        -0.010662896558642387,
        -0.46111950278282166,
        0.4711730480194092,
        0.057615142315626144,
        0.8801569938659668,
        3.941200017929077
    ],
    [
        0.8653354048728943,
        0.08336898684501648,
        -0.49421077966690063,
        1.309573769569397,
        -0.1015930101275444,
        0.9947749972343445,
        -0.010073919780552387,
        -0.475108802318573,
        0.49078869819641113,
        0.05892567336559296,
        0.8692837357521057,
        4.013504981994629
    ],
    [
        0.8539442420005798,
        0.08340155333280563,
        -0.513637363910675,
        1.2775708436965942,
        -0.10337109863758087,
        0.9945889115333557,
        -0.010363156907260418,
        -0.48950430750846863,
        0.5099936127662659,
        0.06194480508565903,
        0.857944905757904,
        4.084097385406494
    ],
    [
        0.8373223543167114,
        0.08343841135501862,
        -0.5403048396110535,
        1.228528380393982,
        -0.10745993256568909,
        0.9941242337226868,
        -0.0130119938403368,
        -0.5045236349105835,
        0.5360445380210876,
        0.06895635277032852,
        0.8413687348365784,
        4.17694091796875
    ],
    [
        0.8220638632774353,
        0.08393067866563797,
        -0.56317538022995,
        1.1850827932357788,
        -0.11239978671073914,
        0.9935342669487,
        -0.01600179821252823,
        -0.517686128616333,
        0.5581910610198975,
        0.07645529508590698,
        0.8261823654174805,
        4.249765872955322
    ],
    [
        0.8060967922210693,
        0.08497902750968933,
        -0.5856505036354065,
        1.135590672492981,
        -0.1181420087814331,
        0.9928233623504639,
        -0.018551552668213844,
        -0.5321881175041199,
        0.5798710584640503,
        0.08414427936077118,
        0.8103513121604919,
        4.319536209106445
    ],
    [
        0.7851545810699463,
        0.08555542677640915,
        -0.6133615970611572,
        1.072960615158081,
        -0.12475671619176865,
        0.99195796251297,
        -0.021334746852517128,
        -0.5518819093704224,
        0.6066038012504578,
        0.09327208250761032,
        0.789513885974884,
        4.401715278625488
    ],
    [
        0.7645986080169678,
        0.08449329435825348,
        -0.6389443278312683,
        1.0248441696166992,
        -0.12864086031913757,
        0.9914283752441406,
        -0.022833874449133873,
        -0.5717418193817139,
        0.6315382719039917,
        0.09965307265520096,
        0.7689140439033508,
        4.473084926605225
    ],
    [
        0.7380685806274414,
        0.08019247651100159,
        -0.6699432730674744,
        0.9657219052314758,
        -0.1323034167289734,
        0.9908372759819031,
        -0.0271534975618124,
        -0.5897278785705566,
        0.6616271734237671,
        0.10867691040039062,
        0.7419156432151794,
        4.5545854568481445
    ]
]