[
    [
        0.9792903661727905,
        0.00018454926612321287,
        0.20246079564094543,
        -6.527664661407471,
        -0.00038183951983228326,
        0.999999463558197,
        0.0009354064241051674,
        0.12226158380508423,
        -0.20246055722236633,
        -0.0009933416731655598,
        0.9792898893356323,
        11.28770637512207
    ],
    [
        0.9792678952217102,
        0.00020987371681258082,
        0.20256927609443665,
        -6.522587299346924,
        -0.0003780494153033942,
        0.9999996423721313,
        0.0007915141759440303,
        0.11970025300979614,
        -0.2025691121816635,
        -0.0008516861125826836,
        0.9792675375938416,
        11.303422927856445
    ],
    [
        0.9792270064353943,
        0.0003232424787711352,
        0.20276682078838348,
        -6.5173563957214355,
        -0.0004835300496779382,
        0.9999996423721313,
        0.0007409650133922696,
        0.11668019741773605,
        -0.202766552567482,
        -0.0008236177964136004,
        0.9792267084121704,
        11.320975303649902
    ],
    [
        0.9791618585586548,
        0.00029475128394551575,
        0.20308120548725128,
        -6.506898403167725,
        -0.0004132891772314906,
        0.9999998807907104,
        0.000541288813110441,
        0.1105552539229393,
        -0.20308104157447815,
        -0.0006139408214949071,
        0.97916179895401,
        11.354801177978516
    ],
    [
        0.9791149497032166,
        0.00023008162679616362,
        0.2033071517944336,
        -6.501461029052734,
        -0.00030930916545912623,
        0.9999999403953552,
        0.0003579188196454197,
        0.10756611824035645,
        -0.20330697298049927,
        -0.00041332864202558994,
        0.9791150093078613,
        11.371709823608398
    ],
    [
        0.9790644645690918,
        0.00016995360783766955,
        0.20355015993118286,
        -6.496195316314697,
        -0.00025775874382816255,
        1.0,
        0.000404858379624784,
        0.10375611484050751,
        -0.20354992151260376,
        -0.0004488499544095248,
        0.979064404964447,
        11.389914512634277
    ],
    [
        0.9790320992469788,
        8.288685057777911e-05,
        0.20370599627494812,
        -6.485050201416016,
        -0.0001690297940513119,
        1.0,
        0.00040548661490902305,
        0.09659533202648163,
        -0.20370586216449738,
        -0.0004314164398238063,
        0.979032039642334,
        11.423049926757812
    ],
    [
        0.9789581894874573,
        0.00018119241576641798,
        0.2040608823299408,
        -6.4800591468811035,
        -0.0002885828725993633,
        0.9999997615814209,
        0.0004965103580616415,
        0.09223289042711258,
        -0.2040608823299408,
        -0.0005449510063044727,
        0.9789580702781677,
        11.443517684936523
    ],
    [
        0.9789347648620605,
        0.00016257310926448554,
        0.20417344570159912,
        -6.4746246337890625,
        -0.0002723060315474868,
        0.9999999403953552,
        0.0005093549843877554,
        0.08842991292476654,
        -0.20417335629463196,
        -0.0005542229628190398,
        0.9789345860481262,
        11.46030330657959
    ],
    [
        0.9789354205131531,
        -0.0002470520557835698,
        0.20417027175426483,
        -6.463963508605957,
        0.0001008575054584071,
        0.9999997615814209,
        0.0007264493615366518,
        0.08035088330507278,
        -0.2041703760623932,
        -0.0006905556074343622,
        0.9789351224899292,
        11.49173641204834
    ],
    [
        0.9789518713951111,
        -0.0004850050900131464,
        0.20409084856510162,
        -6.458868026733398,
        0.00031578756170347333,
        0.9999995827674866,
        0.0008616934646852314,
        0.07624393701553345,
        -0.20409108698368073,
        -0.0007791064563207328,
        0.978951632976532,
        11.507062911987305
    ],
    [
        0.9789032340049744,
        -0.0006891084485687315,
        0.20432323217391968,
        -6.454444885253906,
        0.0004912018193863332,
        0.9999993443489075,
        0.0010193155612796545,
        0.07197973132133484,
        -0.20432375371456146,
        -0.0008974470547400415,
        0.9789029955863953,
        11.524544715881348
    ],
    [
        0.9787633419036865,
        -0.0002602862659841776,
        0.20499351620674133,
        -6.446220397949219,
        8.612951205577701e-05,
        0.9999995827674866,
        0.000858497223816812,
        0.06261585652828217,
        -0.20499370992183685,
        -0.0008226094651035964,
        0.9787629246711731,
        11.567164421081543
    ],
    [
        0.97879958152771,
        -0.00045487817260436714,
        0.20481964945793152,
        -6.4420084953308105,
        0.00024757013306953013,
        0.999999463558197,
        0.0010377742582932115,
        0.05847538635134697,
        -0.2048199474811554,
        -0.0009650656138546765,
        0.9787991642951965,
        11.580825805664062
    ],
    [
        0.9787957072257996,
        -0.0006372401840053499,
        0.2048378586769104,
        -6.437924861907959,
        0.00035606688470579684,
        0.999998927116394,
        0.001409518881700933,
        0.05372010916471481,
        -0.20483852922916412,
        -0.0013066941173747182,
        0.9787949323654175,
        11.595985412597656
    ],
    [
        0.9787610173225403,
        -0.0007413561688736081,
        0.20500366389751434,
        -6.429828643798828,
        0.0003937989240512252,
        0.9999985098838806,
        0.0017361626960337162,
        0.045462362468242645,
        -0.20500455796718597,
        -0.001618558424524963,
        0.9787596464157104,
        11.62669849395752
    ],
    [
        0.9788105487823486,
        -0.0008104637963697314,
        0.20476661622524261,
        -6.4269022941589355,
        0.000383189064450562,
        0.9999976754188538,
        0.002126286970451474,
        0.04141652211546898,
        -0.20476776361465454,
        -0.002002767287194729,
        0.9788084626197815,
        11.638945579528809
    ],
    [
        0.978848934173584,
        -0.000818601343780756,
        0.20458287000656128,
        -6.423612117767334,
        0.000321990781230852,
        0.9999969601631165,
        0.002460704417899251,
        0.037475425750017166,
        -0.2045843005180359,
        -0.002342784311622381,
        0.9788461327552795,
        11.651688575744629
    ],
    [
        0.978928804397583,
        -0.0006681448430754244,
        0.20420072972774506,
        -6.417804718017578,
        7.676903624087572e-05,
        0.9999958276748657,
        0.0029039594810456038,
        0.03019309788942337,
        -0.2042018622159958,
        -0.002827093005180359,
        0.9789246916770935,
        11.676783561706543
    ],
    [
        0.9789811372756958,
        -0.0007293905946426094,
        0.20394925773143768,
        -6.415384769439697,
        5.763063018093817e-05,
        0.9999945759773254,
        0.003299674019217491,
        0.026347463950514793,
        -0.20395077764987946,
        -0.0032185649033635855,
        0.9789758920669556,
        11.688173294067383
    ],
    [
        0.9789655804634094,
        -0.0006304376292973757,
        0.20402473211288452,
        -6.41326379776001,
        -0.00011842811363749206,
        0.9999932646751404,
        0.003658235538750887,
        0.02240353263914585,
        -0.20402556657791138,
        -0.003605447942391038,
        0.9789588451385498,
        11.701140403747559
    ],
    [
        0.97892165184021,
        -0.00017482876137364656,
        0.2042361944913864,
        -6.4084062576293945,
        -0.0005709652323275805,
        0.9999934434890747,
        0.003592695575207472,
        0.014298480935394764,
        -0.2042354941368103,
        -0.0036335797049105167,
        0.9789150357246399,
        11.733013153076172
    ],
    [
        0.9788945913314819,
        -0.00017018764629028738,
        0.20436573028564453,
        -6.406901836395264,
        -0.0005980099667795002,
        0.9999930262565613,
        0.0036971671506762505,
        0.01094108447432518,
        -0.20436502993106842,
        -0.0037413500249385834,
        0.978887677192688,
        11.744660377502441
    ],
    [
        0.9788554906845093,
        -0.00012455960677471012,
        0.20455273985862732,
        -6.405303001403809,
        -0.0006699819932691753,
        0.9999925494194031,
        0.003815027419477701,
        0.007447872310876846,
        -0.20455177128314972,
        -0.0038714073598384857,
        0.9788481593132019,
        11.756558418273926
    ],
    [
        0.9787893295288086,
        0.00010712441144278273,
        0.20486977696418762,
        -6.40162467956543,
        -0.0008445302955806255,
        0.9999934434890747,
        0.0035119536332786083,
        0.0005176759441383183,
        -0.20486798882484436,
        -0.0036104817409068346,
        0.9787829518318176,
        11.787251472473145
    ]
]