[
    [
        0.9996857643127441,
        0.015034230425953865,
        -0.020056268200278282,
        0.028619101271033287,
        -0.014712865464389324,
        0.9997625350952148,
        0.016075650230050087,
        -0.021677013486623764,
        0.020293189212679863,
        -0.015775514766573906,
        0.9996695518493652,
        -0.19781428575515747
    ],
    [
        0.9994757771492004,
        0.018414920195937157,
        -0.026626333594322205,
        0.039451874792575836,
        -0.01789131760597229,
        0.9996445178985596,
        0.019771065562963486,
        -0.026508525013923645,
        0.026980947703123093,
        -0.0192843209952116,
        0.9994499087333679,
        -0.26474452018737793
    ],
    [
        0.9993091821670532,
        0.019309278577566147,
        -0.031753942370414734,
        0.05798503756523132,
        -0.018751470372080803,
        0.9996662735939026,
        0.01777154952287674,
        -0.03059830144047737,
        0.03208650276064873,
        -0.01716383919119835,
        0.9993377327919006,
        -0.3336109519004822
    ],
    [
        0.9991306066513062,
        0.018577270209789276,
        -0.0373213030397892,
        0.07930614054203033,
        -0.017938148230314255,
        0.999687910079956,
        0.017387278378009796,
        -0.03716350346803665,
        0.03763266280293465,
        -0.01670268550515175,
        0.9991520643234253,
        -0.405179500579834
    ],
    [
        0.9990009665489197,
        0.01619875244796276,
        -0.041648413985967636,
        0.09942255914211273,
        -0.015410380437970161,
        0.9996973276138306,
        0.01918102242052555,
        -0.04216722026467323,
        0.04194651171565056,
        -0.018520042300224304,
        0.9989481568336487,
        -0.47794029116630554
    ],
    [
        0.9990193247795105,
        0.014922002330422401,
        -0.04168511927127838,
        0.11925192177295685,
        -0.01404187735170126,
        0.9996739625930786,
        0.021327221766114235,
        -0.04611865431070328,
        0.0419897697865963,
        -0.02072097361087799,
        0.9989031553268433,
        -0.5557981133460999
    ],
    [
        0.9991275072097778,
        0.013258657418191433,
        -0.03960464522242546,
        0.1407063603401184,
        -0.012331061996519566,
        0.9996460676193237,
        0.023574506863951683,
        -0.051512982696294785,
        0.039903197437524796,
        -0.02306556887924671,
        0.9989373087882996,
        -0.6347771883010864
    ],
    [
        0.9992647171020508,
        0.010197704657912254,
        -0.036960456520318985,
        0.169404998421669,
        -0.009238184429705143,
        0.9996181726455688,
        0.026039188727736473,
        -0.057665012776851654,
        0.037211883813142776,
        -0.025678595528006554,
        0.9989774227142334,
        -0.7132673263549805
    ],
    [
        0.9994385242462158,
        0.008042996749281883,
        -0.03252448886632919,
        0.19925819337368011,
        -0.007135329302400351,
        0.9995844960212708,
        0.02792760357260704,
        -0.06543794274330139,
        0.03273559361696243,
        -0.02767985127866268,
        0.9990807771682739,
        -0.7940571308135986
    ],
    [
        0.999688446521759,
        0.010906895622611046,
        -0.022450225427746773,
        0.22331728041172028,
        -0.010192203335464,
        0.9994451999664307,
        0.031706441193819046,
        -0.07334376871585846,
        0.022783586755394936,
        -0.0314677432179451,
        0.9992450475692749,
        -0.8758025765419006
    ],
    [
        0.9998286962509155,
        0.012917947955429554,
        -0.01326014380902052,
        0.24727892875671387,
        -0.012469720095396042,
        0.999366044998169,
        0.03334629163146019,
        -0.08055515587329865,
        0.013682504184544086,
        -0.03317523002624512,
        0.9993558526039124,
        -0.9631962180137634
    ],
    [
        0.9998911619186401,
        0.013137586414813995,
        -0.006719078402966261,
        0.2762569487094879,
        -0.012900079600512981,
        0.9993301630020142,
        0.03424727916717529,
        -0.08627607673406601,
        0.007164498791098595,
        -0.03415687009692192,
        0.9993909001350403,
        -1.0533300638198853
    ],
    [
        0.9999238848686218,
        0.01216739509254694,
        -0.002091181231662631,
        0.31314873695373535,
        -0.012092337012290955,
        0.9993893504142761,
        0.03278069570660591,
        -0.09105134010314941,
        0.0024887630715966225,
        -0.032752908766269684,
        0.9994603991508484,
        -1.160314917564392
    ],
    [
        0.9999248385429382,
        0.012124381959438324,
        0.0018185100052505732,
        0.3415788412094116,
        -0.012173804454505444,
        0.9994693398475647,
        0.03021237440407276,
        -0.09508053958415985,
        -0.0014512367779389024,
        -0.03023224137723446,
        0.9995418787002563,
        -1.256474256515503
    ],
    [
        0.9998956918716431,
        0.012867259792983532,
        0.006568197160959244,
        0.36537492275238037,
        -0.01303834281861782,
        0.9995582699775696,
        0.02670517936348915,
        -0.09915003180503845,
        -0.006221675779670477,
        -0.026788031682372093,
        0.9996218085289001,
        -1.353751540184021
    ],
    [
        0.9998751878738403,
        0.012112921103835106,
        0.010144025087356567,
        0.39330312609672546,
        -0.012351485900580883,
        0.9996406435966492,
        0.023795174434781075,
        -0.10251323878765106,
        -0.009852145798504353,
        -0.02391749620437622,
        0.9996653199195862,
        -1.4508318901062012
    ],
    [
        0.9998998045921326,
        0.008646261878311634,
        0.011210774071514606,
        0.4270479381084442,
        -0.008885509334504604,
        0.9997300505638123,
        0.021469704806804657,
        -0.10391929000616074,
        -0.011022113263607025,
        -0.021567167714238167,
        0.9997066855430603,
        -1.5450239181518555
    ],
    [
        0.9999265670776367,
        0.005033901426941156,
        0.01102843414992094,
        0.46022579073905945,
        -0.005248305853456259,
        0.9997960925102234,
        0.01949917897582054,
        -0.10417208075523376,
        -0.010928037576377392,
        -0.019555624574422836,
        0.9997490644454956,
        -1.6395933628082275
    ],
    [
        0.9999261498451233,
        0.0026303259655833244,
        0.01186093594878912,
        0.48980626463890076,
        -0.0028421657625585794,
        0.9998360872268677,
        0.017878971993923187,
        -0.10477231442928314,
        -0.011811956763267517,
        -0.017911367118358612,
        0.9997697472572327,
        -1.734403133392334
    ],
    [
        0.9999125599861145,
        0.0002731933200266212,
        0.013218779116868973,
        0.5193198323249817,
        -0.00048810485168360174,
        0.9998677372932434,
        0.016257502138614655,
        -0.10537267476320267,
        -0.013212591409683228,
        -0.016262531280517578,
        0.9997804760932922,
        -1.830579161643982
    ],
    [
        0.9998921155929565,
        -0.003329853294417262,
        0.01430879719555378,
        0.5531288385391235,
        0.003094956511631608,
        0.9998605847358704,
        0.016407161951065063,
        -0.10868784785270691,
        -0.014361431822180748,
        -0.01636110618710518,
        0.9997628927230835,
        -1.9243972301483154
    ],
    [
        0.9998780488967896,
        -0.00717119500041008,
        0.013876204378902912,
        0.5901183485984802,
        0.006901457905769348,
        0.9997881650924683,
        0.01939007081091404,
        -0.11230438947677612,
        -0.014012318104505539,
        -0.019291941076517105,
        0.9997156858444214,
        -2.0161449909210205
    ],
    [
        0.9998481273651123,
        -0.010578552260994911,
        0.013850020244717598,
        0.6286011934280396,
        0.01026320643723011,
        0.99969083070755,
        0.022645054385066032,
        -0.1132565587759018,
        -0.014085291884839535,
        -0.02249947190284729,
        0.9996476173400879,
        -2.108812093734741
    ],
    [
        0.9997825622558594,
        -0.013923337683081627,
        0.015521937049925327,
        0.663091778755188,
        0.01351671852171421,
        0.9995705485343933,
        0.026000473648309708,
        -0.11311696469783783,
        -0.01587727665901184,
        -0.025785014033317566,
        0.9995413422584534,
        -2.2025203704833984
    ],
    [
        0.9996907711029053,
        -0.017572272568941116,
        0.017595048993825912,
        0.7051770091056824,
        0.017037469893693924,
        0.9994018077850342,
        0.03009704127907753,
        -0.1139129251241684,
        -0.0181133970618248,
        -0.029787959530949593,
        0.999392032623291,
        -2.3103175163269043
    ]
]