[
    [
        0.9999797940254211,
        -0.001079753041267395,
        -0.006268918048590422,
        -0.09381949156522751,
        0.00113957398571074,
        0.9999537467956543,
        0.009546746499836445,
        -0.007465213071554899,
        0.0062583195976912975,
        -0.009553696028888226,
        0.9999347925186157,
        -0.05437535047531128
    ],
    [
        0.9999375939369202,
        -0.0011191652156412601,
        -0.011118564754724503,
        -0.11022631824016571,
        0.00122508080676198,
        0.9999538660049438,
        0.009523785673081875,
        -0.00740635534748435,
        0.01110739354044199,
        -0.00953681394457817,
        0.9998928308486938,
        -0.05359417572617531
    ],
    [
        0.9998686909675598,
        -0.0012758845696225762,
        -0.016151191666722298,
        -0.12665817141532898,
        0.0014158942503854632,
        0.9999614953994751,
        0.008660268038511276,
        -0.006168064195662737,
        0.016139522194862366,
        -0.008681999519467354,
        0.999832034111023,
        -0.05287109315395355
    ],
    [
        0.9997804760932922,
        -0.00125449791084975,
        -0.020911728963255882,
        -0.14363133907318115,
        0.0014445370761677623,
        0.999957799911499,
        0.009075049310922623,
        -0.006782667711377144,
        0.020899461582303047,
        -0.009103264659643173,
        0.9997401833534241,
        -0.05208441987633705
    ],
    [
        0.9996632933616638,
        -0.0012507271021604538,
        -0.02591690979897976,
        -0.16030865907669067,
        0.0014766616513952613,
        0.9999610185623169,
        0.0087003568187356,
        -0.006251960527151823,
        0.02590501867234707,
        -0.008735698647797108,
        0.9996262788772583,
        -0.05163944885134697
    ],
    [
        0.9995236992835999,
        -0.0012021634029224515,
        -0.03083653934299946,
        -0.17699658870697021,
        0.0014653265243396163,
        0.9999626874923706,
        0.008512968197464943,
        -0.006105462089180946,
        0.030825156718492508,
        -0.008554098196327686,
        0.9994882345199585,
        -0.051479846239089966
    ],
    [
        0.9993641972541809,
        -0.0011128952028229833,
        -0.03563467413187027,
        -0.19387756288051605,
        0.0014008828438818455,
        0.9999666213989258,
        0.008057727478444576,
        -0.005563355982303619,
        0.03562451899051666,
        -0.00810252409428358,
        0.9993323683738708,
        -0.05130964145064354
    ],
    [
        0.999194860458374,
        -0.0009030997753143311,
        -0.04011136293411255,
        -0.21114429831504822,
        0.001226851367391646,
        0.9999669194221497,
        0.008047430776059628,
        -0.0055520785972476006,
        0.040102772414684296,
        -0.008090161718428135,
        0.9991627931594849,
        -0.05103728920221329
    ],
    [
        0.9989418387413025,
        -0.0007676894310861826,
        -0.04598483815789223,
        -0.2322685867547989,
        0.00111143768299371,
        0.9999716281890869,
        0.007450157310813665,
        -0.004819165449589491,
        0.04597781226038933,
        -0.007493383251130581,
        0.998914361000061,
        -0.051190488040447235
    ],
    [
        0.9987062811851501,
        -0.0005901983240619302,
        -0.050846077501773834,
        -0.24886347353458405,
        0.0009611717541702092,
        0.9999731183052063,
        0.007271852809935808,
        -0.004622439853847027,
        0.05084041878581047,
        -0.007311316207051277,
        0.998680055141449,
        -0.051347337663173676
    ],
    [
        0.9984443783760071,
        -0.000517615582793951,
        -0.05575305595993996,
        -0.26549455523490906,
        0.0009311274043284357,
        0.9999722838401794,
        0.007391117513179779,
        -0.004773201420903206,
        0.055747680366039276,
        -0.007431533187627792,
        0.9984172582626343,
        -0.0514722503721714
    ],
    [
        0.9981449842453003,
        -0.0004880932392552495,
        -0.06087997183203697,
        -0.2817605435848236,
        0.0009235698380507529,
        0.999974250793457,
        0.0071251047775149345,
        -0.00438200868666172,
        0.060874924063682556,
        -0.007168114185333252,
        0.9981196522712708,
        -0.051999714225530624
    ],
    [
        0.9978330731391907,
        -0.0004491932049859315,
        -0.06579465419054031,
        -0.29837486147880554,
        0.0009379418333992362,
        0.9999722242355347,
        0.007397698238492012,
        -0.004690079018473625,
        0.06578949093818665,
        -0.007443378213793039,
        0.9978057742118835,
        -0.05264582112431526
    ],
    [
        0.9974896311759949,
        -0.00038735134876333177,
        -0.07081123441457748,
        -0.3147783875465393,
        0.0009099026210606098,
        0.9999725818634033,
        0.007347394246608019,
        -0.004471059888601303,
        0.07080645114183426,
        -0.007393381092697382,
        0.9974626302719116,
        -0.05347426235675812
    ],
    [
        0.9971217513084412,
        -0.00032712460961192846,
        -0.07581590116024017,
        -0.33116480708122253,
        0.0008988372865132987,
        0.9999713897705078,
        0.0075067984871566296,
        -0.004511150997132063,
        0.07581127434968948,
        -0.007553338538855314,
        0.997093677520752,
        -0.054604422301054
    ],
    [
        0.9967356324195862,
        -0.00030670047271996737,
        -0.0807347446680069,
        -0.34758538007736206,
        0.0009260456427000463,
        0.9999704957008362,
        0.007634032983332872,
        -0.004383527208119631,
        0.08073002099990845,
        -0.007683876436203718,
        0.9967064261436462,
        -0.05574651062488556
    ],
    [
        0.9962118268013,
        -0.00017957734235096723,
        -0.08695914596319199,
        -0.3680873215198517,
        0.0008769096457399428,
        0.9999677538871765,
        0.007980949245393276,
        -0.004213403910398483,
        0.08695490658283234,
        -0.008026971481740475,
        0.9961798191070557,
        -0.0575665608048439
    ],
    [
        0.995750904083252,
        -0.00011336840543663129,
        -0.09208735823631287,
        -0.3843833804130554,
        0.0008964257431216538,
        0.9999638199806213,
        0.008462091907858849,
        -0.00436783954501152,
        0.09208308160305023,
        -0.008508685044944286,
        0.9957149624824524,
        -0.059199173003435135
    ],
    [
        0.9952800273895264,
        -0.00011775256280088797,
        -0.09704561531543732,
        -0.4011591374874115,
        0.0009569964022375643,
        0.9999625086784363,
        0.008601436391472816,
        -0.003851198824122548,
        0.09704097360372543,
        -0.008653709664940834,
        0.9952427744865417,
        -0.06139037013053894
    ],
    [
        0.9947605133056641,
        -0.00012626807438209653,
        -0.10223300009965897,
        -0.41807985305786133,
        0.0010866740485653281,
        0.9999558329582214,
        0.009338637813925743,
        -0.004045944660902023,
        0.10222730040550232,
        -0.009400801733136177,
        0.9947167038917542,
        -0.06354822963476181
    ],
    [
        0.9942037463188171,
        -0.0001661722344579175,
        -0.1075117364525795,
        -0.4353806674480438,
        0.0012405747547745705,
        0.9999500513076782,
        0.009926548227667809,
        -0.0037970866542309523,
        0.1075047105550766,
        -0.01000238861888647,
        0.9941542744636536,
        -0.0660315528512001
    ],
    [
        0.9935718178749084,
        -0.00020918605150654912,
        -0.11320314556360245,
        -0.45265936851501465,
        0.0013962299562990665,
        0.9999448657035828,
        0.010406773537397385,
        -0.0032835574820637703,
        0.11319471895694733,
        -0.010497933253645897,
        0.9935173988342285,
        -0.06884326040744781
    ],
    [
        0.9928820133209229,
        -0.0002295322628924623,
        -0.11910169571638107,
        -0.47009438276290894,
        0.001532335882075131,
        0.999940037727356,
        0.0108471205458045,
        -0.002541153458878398,
        0.11909206211566925,
        -0.010952414944767952,
        0.9928227663040161,
        -0.07201462239027023
    ],
    [
        0.9921433329582214,
        -0.00032370028202421963,
        -0.1251063197851181,
        -0.48782286047935486,
        0.00180821493268013,
        0.9999293088912964,
        0.011752650141716003,
        -0.0024296301417052746,
        0.12509369850158691,
        -0.011886532418429852,
        0.992073655128479,
        -0.07555139064788818
    ],
    [
        0.9911699891090393,
        -0.0006124330102466047,
        -0.13259629905223846,
        -0.5107453465461731,
        0.0022948021069169044,
        0.9999187588691711,
        0.012535461224615574,
        -0.0014947490999475121,
        0.13257785141468048,
        -0.012729054316878319,
        0.9910908937454224,
        -0.08033986389636993
    ]
]