[
    [
        0.9979041218757629,
        0.06261935085058212,
        -0.016318831592798233,
        0.04087841883301735,
        -0.0626034215092659,
        0.9980374574661255,
        0.001485577435232699,
        0.02245558425784111,
        0.01637982949614525,
        -0.0004608487943187356,
        0.9998657703399658,
        -0.018773812800645828
    ],
    [
        0.9957192540168762,
        0.0875723585486412,
        -0.02956831268966198,
        0.06759030371904373,
        -0.08756227791309357,
        0.996157705783844,
        0.0016376393614336848,
        0.027346599847078323,
        0.029598116874694824,
        0.000958440825343132,
        0.9995613694190979,
        -0.024754904210567474
    ],
    [
        0.9924001693725586,
        0.11487152427434921,
        -0.04411962628364563,
        0.09715908765792847,
        -0.11488997936248779,
        0.9933758974075317,
        0.002125740982592106,
        0.03353080898523331,
        0.044071562588214874,
        0.0029593168292194605,
        0.9990240335464478,
        -0.031118277460336685
    ],
    [
        0.9890486001968384,
        0.13655740022659302,
        -0.05598880723118782,
        0.12243463099002838,
        -0.13664574921131134,
        0.9906173348426819,
        0.0022651285398751497,
        0.0397450253367424,
        0.0557728074491024,
        0.005410309880971909,
        0.9984287619590759,
        -0.037155769765377045
    ],
    [
        0.9850907325744629,
        0.15807321667671204,
        -0.06789058446884155,
        0.14661835134029388,
        -0.1582433432340622,
        0.9873958230018616,
        0.002898828824982047,
        0.047455284744501114,
        0.06749310344457626,
        0.007887621410191059,
        0.9976885318756104,
        -0.04466504231095314
    ],
    [
        0.9816218018531799,
        0.1747288852930069,
        -0.07673606276512146,
        0.16678740084171295,
        -0.17499780654907227,
        0.984563410282135,
        0.003258069045841694,
        0.05697381868958473,
        0.07612080127000809,
        0.01023045089095831,
        0.997046172618866,
        -0.05256364494562149
    ],
    [
        0.9784578680992126,
        0.188434436917305,
        -0.08433634042739868,
        0.18733908236026764,
        -0.1888459324836731,
        0.9820016622543335,
        0.0031439110171049833,
        0.07043219357728958,
        0.08341084420681,
        0.012850389815866947,
        0.9964324235916138,
        -0.06292189657688141
    ],
    [
        0.9751868844032288,
        0.20151972770690918,
        -0.0916525274515152,
        0.20451220870018005,
        -0.2020788937807083,
        0.9793639183044434,
        0.003234355477616191,
        0.0880257859826088,
        0.09041296690702438,
        0.015366942621767521,
        0.9957857728004456,
        -0.07472509890794754
    ],
    [
        0.9717282056808472,
        0.21442149579524994,
        -0.09883173555135727,
        0.21842212975025177,
        -0.2151692807674408,
        0.9765716195106506,
        0.003155812853947282,
        0.10770554095506668,
        0.09719294309616089,
        0.01819896139204502,
        0.9950991272926331,
        -0.08720733225345612
    ],
    [
        0.9683870673179626,
        0.22609739005565643,
        -0.10538657009601593,
        0.23199500143527985,
        -0.22703808546066284,
        0.9738807678222656,
        0.0031421780586242676,
        0.13137750327587128,
        0.1033443957567215,
        0.020883919671177864,
        0.9944263696670532,
        -0.10273023694753647
    ],
    [
        0.9652190208435059,
        0.23634310066699982,
        -0.11177749931812286,
        0.24243828654289246,
        -0.2376474142074585,
        0.9713498950004578,
        0.0017004712717607617,
        0.15531179308891296,
        0.10897696763277054,
        0.024922309443354607,
        0.9937317967414856,
        -0.1186002716422081
    ],
    [
        0.9613819718360901,
        0.24794144928455353,
        -0.11945639550685883,
        0.25140753388404846,
        -0.24995234608650208,
        0.9682562351226807,
        -0.001915319007821381,
        0.18290017545223236,
        0.11518951505422592,
        0.03169975429773331,
        0.9928376078605652,
        -0.1373547464609146
    ],
    [
        0.9578433632850647,
        0.25644510984420776,
        -0.12950697541236877,
        0.258533239364624,
        -0.26076340675354004,
        0.965248167514801,
        -0.01727556809782982,
        0.21208932995796204,
        0.1205761507153511,
        0.05031796917319298,
        0.9914279580116272,
        -0.1576446294784546
    ],
    [
        0.9548403024673462,
        0.2626946270465851,
        -0.13882143795490265,
        0.2637183666229248,
        -0.269519180059433,
        0.9624447822570801,
        -0.03255060315132141,
        0.24203675985336304,
        0.12505710124969482,
        0.06849566847085953,
        0.9897823333740234,
        -0.17735101282596588
    ],
    [
        0.9518117308616638,
        0.2688184976577759,
        -0.1476178914308548,
        0.26866888999938965,
        -0.2781262993812561,
        0.9594361782073975,
        -0.046130675822496414,
        0.27628234028816223,
        0.12922915816307068,
        0.08496414124965668,
        0.9879680871963501,
        -0.1999882012605667
    ],
    [
        0.9491825699806213,
        0.27363720536231995,
        -0.1554838865995407,
        0.2727380096912384,
        -0.28534337878227234,
        0.9566492438316345,
        -0.05832182988524437,
        0.30880147218704224,
        0.13278450071811676,
        0.09972436726093292,
        0.9861152172088623,
        -0.22086498141288757
    ],
    [
        0.9470630288124084,
        0.27637559175491333,
        -0.16336503624916077,
        0.27679264545440674,
        -0.2910820245742798,
        0.9538492560386658,
        -0.07377565652132034,
        0.3452150225639343,
        0.13543584942817688,
        0.11742281913757324,
        0.983803391456604,
        -0.24383337795734406
    ],
    [
        0.9458638429641724,
        0.2765272855758667,
        -0.16992387175559998,
        0.2808857858181,
        -0.2941558361053467,
        0.9516282081604004,
        -0.08874677121639252,
        0.37922295928001404,
        0.1371634602546692,
        0.13392648100852966,
        0.9814529418945312,
        -0.26485735177993774
    ],
    [
        0.9450369477272034,
        0.27521029114723206,
        -0.17653514444828033,
        0.2847211956977844,
        -0.2963760495185852,
        0.9490537047386169,
        -0.10704375058412552,
        0.4172039031982422,
        0.13808178901672363,
        0.15348109602928162,
        0.9784564971923828,
        -0.28802725672721863
    ],
    [
        0.9449581503868103,
        0.2714122533798218,
        -0.18272748589515686,
        0.2879280149936676,
        -0.2965511977672577,
        0.9464236497879028,
        -0.1278270035982132,
        0.45542389154434204,
        0.13824379444122314,
        0.17497923970222473,
        0.9748183488845825,
        -0.3110136389732361
    ],
    [
        0.9452247619628906,
        0.26707133650779724,
        -0.1876782774925232,
        0.2903948426246643,
        -0.29593798518180847,
        0.9437538385391235,
        -0.14747744798660278,
        0.4908411502838135,
        0.13773506879806519,
        0.1949404776096344,
        0.9710959196090698,
        -0.33280831575393677
    ],
    [
        0.9464272260665894,
        0.2600785493850708,
        -0.19140231609344482,
        0.2931135296821594,
        -0.292828768491745,
        0.941072404384613,
        -0.16921605169773102,
        0.5289531946182251,
        0.1361139565706253,
        0.21619877219200134,
        0.9668148756027222,
        -0.3558152914047241
    ],
    [
        0.9473611116409302,
        0.2545367479324341,
        -0.1942114531993866,
        0.2948695421218872,
        -0.29064202308654785,
        0.9381391406059265,
        -0.1882076859474182,
        0.5629483461380005,
        0.1342916041612625,
        0.23474664986133575,
        0.9627354741096497,
        -0.37579604983329773
    ],
    [
        0.9487854838371277,
        0.2470741719007492,
        -0.1968768984079361,
        0.2967299222946167,
        -0.2869909405708313,
        0.9345912933349609,
        -0.2101791948080063,
        0.5975916385650635,
        0.13206960260868073,
        0.25591686367988586,
        0.957634687423706,
        -0.3969036340713501
    ],
    [
        0.9504562020301819,
        0.23877792060375214,
        -0.1990431398153305,
        0.2982500493526459,
        -0.2827318012714386,
        0.9301599860191345,
        -0.23423314094543457,
        0.6307953596115112,
        0.12921227514743805,
        0.27890416979789734,
        0.9515863656997681,
        -0.4171782433986664
    ]
]