[
    [
        0.9998570680618286,
        0.0012169517576694489,
        0.016865422949194908,
        -0.017980244010686874,
        -0.0012846483150497079,
        0.9999911785125732,
        0.004003661684691906,
        0.014747967943549156,
        -0.016860399395227432,
        -0.004024755209684372,
        0.999849796295166,
        -0.12574072182178497
    ],
    [
        0.999764084815979,
        0.001505175605416298,
        0.021665731444954872,
        -0.027810662984848022,
        -0.001594093395397067,
        0.9999904036521912,
        0.004087419249117374,
        0.014862277545034885,
        -0.02165937051177025,
        -0.004120991565287113,
        0.9997569918632507,
        -0.12483914196491241
    ],
    [
        0.9996418356895447,
        0.0014573041116818786,
        0.026723993942141533,
        -0.037849508225917816,
        -0.001572036067955196,
        0.9999896883964539,
        0.00427271006628871,
        0.015018980950117111,
        -0.02671748958528042,
        -0.004313191398978233,
        0.9996336698532104,
        -0.12414467334747314
    ],
    [
        0.9994874596595764,
        0.0016537347109988332,
        0.03196873888373375,
        -0.04719852656126022,
        -0.0017944290302693844,
        0.999988853931427,
        0.004372807219624519,
        0.015167316421866417,
        -0.03196115046739578,
        -0.0044279322028160095,
        0.9994792342185974,
        -0.12338636815547943
    ],
    [
        0.9992637038230896,
        0.0016104812966659665,
        0.03833339363336563,
        -0.0594271756708622,
        -0.001778351841494441,
        0.9999890327453613,
        0.004345512017607689,
        0.01544544193893671,
        -0.038325969129800797,
        -0.004410482011735439,
        0.9992555975914001,
        -0.12207505106925964
    ],
    [
        0.9990528225898743,
        0.0016804824117571115,
        0.04348107427358627,
        -0.06994634121656418,
        -0.0018674045568332076,
        0.9999891519546509,
        0.004258658271282911,
        0.01566190831363201,
        -0.04347344487905502,
        -0.00433582067489624,
        0.999045193195343,
        -0.121351458132267
    ],
    [
        0.9988113045692444,
        0.0018986270297318697,
        0.04870639741420746,
        -0.08153734356164932,
        -0.0021069729700684547,
        0.999988853931427,
        0.004226600285619497,
        0.01592175103724003,
        -0.048697832971811295,
        -0.004324199631810188,
        0.9988040924072266,
        -0.12029765546321869
    ],
    [
        0.9985087513923645,
        0.002160118892788887,
        0.05454988405108452,
        -0.09510196000337601,
        -0.0023890272714197636,
        0.9999886155128479,
        0.004131450783461332,
        0.016023624688386917,
        -0.05454033613204956,
        -0.0042556109838187695,
        0.9985024929046631,
        -0.11892907321453094
    ],
    [
        0.9982293844223022,
        0.0024146786890923977,
        0.059432514011859894,
        -0.10652688145637512,
        -0.0026547859888523817,
        0.9999886751174927,
        0.003961370792239904,
        0.01629507541656494,
        -0.059422265738248825,
        -0.0041121370159089565,
        0.9982245564460754,
        -0.11804661154747009
    ],
    [
        0.9979354739189148,
        0.0026297965086996555,
        0.06417018920183182,
        -0.1181146502494812,
        -0.002881693886592984,
        0.9999885559082031,
        0.0038332242984324694,
        0.016532689332962036,
        -0.06415936350822449,
        -0.004010229837149382,
        0.997931718826294,
        -0.11688536405563354
    ],
    [
        0.9976266622543335,
        0.002854814287275076,
        0.06879600882530212,
        -0.1294512301683426,
        -0.0031166363041847944,
        0.9999882578849792,
        0.003698732005432248,
        0.016667945310473442,
        -0.06878463923931122,
        -0.0039043661672621965,
        0.997623860836029,
        -0.11562978476285934
    ],
    [
        0.9972749352455139,
        0.003051937557756901,
        0.07371065020561218,
        -0.14231562614440918,
        -0.0033260430209338665,
        0.9999879598617554,
        0.003596201539039612,
        0.016956478357315063,
        -0.07369878888130188,
        -0.003831567009910941,
        0.9972731471061707,
        -0.11474097520112991
    ],
    [
        0.996954083442688,
        0.0033252788707613945,
        0.07791996002197266,
        -0.15393781661987305,
        -0.003602508921176195,
        0.9999877214431763,
        0.0034175862092524767,
        0.017329486086964607,
        -0.07790762931108475,
        -0.0036878837272524834,
        0.9969537258148193,
        -0.11409316956996918
    ],
    [
        0.9966134428977966,
        0.0035423156805336475,
        0.08215337991714478,
        -0.16467851400375366,
        -0.0038348110392689705,
        0.9999868869781494,
        0.0034028450027108192,
        0.017453450709581375,
        -0.082140251994133,
        -0.003706364193931222,
        0.9966138005256653,
        -0.11341262608766556
    ],
    [
        0.9961951375007629,
        0.003656942630186677,
        0.08707433193922043,
        -0.17661267518997192,
        -0.003963638562709093,
        0.9999865293502808,
        0.003349606180563569,
        0.01775681972503662,
        -0.08706091344356537,
        -0.0036819917149841785,
        0.9961962699890137,
        -0.1129131093621254
    ],
    [
        0.9958173036575317,
        0.0036781979724764824,
        0.09129323065280914,
        -0.18636614084243774,
        -0.0040113250724971294,
        0.9999859929084778,
        0.0034657649230211973,
        0.01770295947790146,
        -0.09127919375896454,
        -0.0038174756336957216,
        0.9958180785179138,
        -0.11234036087989807
    ],
    [
        0.9954114556312561,
        0.003888340899720788,
        0.09560813754796982,
        -0.1960541158914566,
        -0.004236529115587473,
        0.9999850988388062,
        0.0034391179215162992,
        0.01791115663945675,
        -0.09559333324432373,
        -0.003828383982181549,
        0.9954131245613098,
        -0.11164496093988419
    ],
    [
        0.9949791431427002,
        0.0041610486805438995,
        0.09999700635671616,
        -0.20547355711460114,
        -0.004513225518167019,
        0.9999844431877136,
        0.0032959117088466883,
        0.018239812925457954,
        -0.09998171776533127,
        -0.003730672411620617,
        0.9949823021888733,
        -0.11078020185232162
    ],
    [
        0.9944801926612854,
        0.00452447310090065,
        0.10482794046401978,
        -0.21604549884796143,
        -0.004883678164333105,
        0.9999830722808838,
        0.003170193172991276,
        0.018249105662107468,
        -0.10481181740760803,
        -0.003664640709757805,
        0.9944853186607361,
        -0.1101827397942543
    ],
    [
        0.994059681892395,
        0.00476469099521637,
        0.10873231291770935,
        -0.22592146694660187,
        -0.005125479307025671,
        0.9999822378158569,
        0.0030388953164219856,
        0.01855534128844738,
        -0.10871590673923492,
        -0.0035781485494226217,
        0.9940664768218994,
        -0.1091262623667717
    ],
    [
        0.9936580657958984,
        0.004969215020537376,
        0.11233415454626083,
        -0.2367272824048996,
        -0.00532396137714386,
        0.9999817609786987,
        0.0028581921942532063,
        0.018841974437236786,
        -0.11231790482997894,
        -0.0034381283912807703,
        0.9936664700508118,
        -0.10836765915155411
    ],
    [
        0.9933241605758667,
        0.005057555623352528,
        0.11524587124586105,
        -0.2471175193786621,
        -0.005410277284681797,
        0.9999815225601196,
        0.002748001366853714,
        0.019032159820199013,
        -0.11522985249757767,
        -0.0033531677909195423,
        0.9933332800865173,
        -0.10777507722377777
    ],
    [
        0.9929773807525635,
        0.005316802766174078,
        0.11818481981754303,
        -0.2576238811016083,
        -0.00566651439294219,
        0.9999805092811584,
        0.0026231799274683,
        0.01910311169922352,
        -0.11816857010126114,
        -0.0032744540367275476,
        0.9929881691932678,
        -0.10725473612546921
    ],
    [
        0.992689311504364,
        0.005560565739870071,
        0.1205693855881691,
        -0.2663879096508026,
        -0.0059068514965474606,
        0.9999793767929077,
        0.0025148799177259207,
        0.01929410919547081,
        -0.1205529272556305,
        -0.0032086798455566168,
        0.9927016496658325,
        -0.10703076422214508
    ],
    [
        0.9922687411308289,
        0.005605018697679043,
        0.12398127466440201,
        -0.2797798812389374,
        -0.005940377712249756,
        0.9999796748161316,
        0.0023353968281298876,
        0.019349806010723114,
        -0.12396566569805145,
        -0.0030538379214704037,
        0.9922817349433899,
        -0.10634126514196396
    ]
]