[
    [
        0.9999971389770508,
        -0.0011167635675519705,
        -0.002110949484631419,
        0.15306898951530457,
        0.0011151984799653292,
        0.9999991059303284,
        -0.000742655189242214,
        0.001222362625412643,
        0.0021117764990776777,
        0.0007402987102977931,
        0.9999974966049194,
        0.000889281858690083
    ],
    [
        0.9999964833259583,
        -0.0011509180767461658,
        -0.002373287919908762,
        0.16997836530208588,
        0.001148667768575251,
        0.9999988675117493,
        -0.0009492403478361666,
        0.0015072182286530733,
        0.002374377567321062,
        0.0009465104667469859,
        0.9999966621398926,
        0.001043351599946618
    ],
    [
        0.9999955296516418,
        -0.0011599878780543804,
        -0.002796716522425413,
        0.19292160868644714,
        0.0011564262676984072,
        0.9999985098838806,
        -0.0012748369481414557,
        0.002026522997766733,
        0.002798191737383604,
        0.0012715967604890466,
        0.999995231628418,
        0.0015450009377673268
    ],
    [
        0.9999948143959045,
        -0.0011558575788512826,
        -0.0030401102267205715,
        0.21521425247192383,
        0.0011515046935528517,
        0.9999983310699463,
        -0.0014330352423712611,
        0.002149950247257948,
        0.0030417616944760084,
        0.001429526717402041,
        0.9999943971633911,
        0.00173025275580585
    ],
    [
        0.9999940395355225,
        -0.0011822795495390892,
        -0.0032440535724163055,
        0.23200735449790955,
        0.0011773825390264392,
        0.9999982118606567,
        -0.0015108694788068533,
        0.002138491254299879,
        0.0032458342611789703,
        0.0015070405788719654,
        0.9999935626983643,
        0.0020007221028208733
    ],
    [
        0.9999937415122986,
        -0.001146330963820219,
        -0.0033512304071336985,
        0.2538374066352844,
        0.0011403880780562758,
        0.9999977946281433,
        -0.0017747129313647747,
        0.00241515482775867,
        0.0033532571978867054,
        0.0017708804225549102,
        0.999992847442627,
        0.0023085784632712603
    ],
    [
        0.9999931454658508,
        -0.0011442333925515413,
        -0.0035099454689770937,
        0.2758769392967224,
        0.0011375985341146588,
        0.999997615814209,
        -0.0018918757559731603,
        0.002266514580696821,
        0.003512101946398616,
        0.001887870137579739,
        0.9999920129776001,
        0.002654760144650936
    ],
    [
        0.9999930262565613,
        -0.0010951331350952387,
        -0.003580396994948387,
        0.29229798913002014,
        0.0010873290011659265,
        0.9999970197677612,
        -0.002180892275646329,
        0.0025859642773866653,
        0.0035827746614813805,
        0.0021769837476313114,
        0.9999911785125732,
        0.0026599066331982613
    ],
    [
        0.9999922513961792,
        -0.0011696622241288424,
        -0.003772282972931862,
        0.3144591748714447,
        0.0011614859104156494,
        0.9999969601631165,
        -0.002168892649933696,
        0.0019495580345392227,
        0.0037748077884316444,
        0.0021644937805831432,
        0.9999905824661255,
        0.0029493262991309166
    ],
    [
        0.9999912977218628,
        -0.0012123639462515712,
        -0.004011586308479309,
        0.33705803751945496,
        0.001202705199830234,
        0.9999964833259583,
        -0.0024092651437968016,
        0.00200855266302824,
        0.004014492034912109,
        0.0024044192396104336,
        0.9999890327453613,
        0.0030680778436362743
    ],
    [
        0.9999889135360718,
        -0.0013133439933881164,
        -0.004524212796241045,
        0.36064305901527405,
        0.0013010529801249504,
        0.9999954700469971,
        -0.002718584146350622,
        0.0020069805905222893,
        0.004527763929218054,
        0.0027126676868647337,
        0.9999860525131226,
        0.00357689056545496
    ],
    [
        0.9999874830245972,
        -0.0014285240322351456,
        -0.004792787600308657,
        0.37802332639694214,
        0.0014138611732050776,
        0.9999943375587463,
        -0.003061373019590974,
        0.00231395591981709,
        0.0047971336171031,
        0.0030545576009899378,
        0.9999839067459106,
        0.003831228706985712
    ],
    [
        0.9999850988388062,
        -0.00144974235445261,
        -0.005274914670735598,
        0.4018182158470154,
        0.0014325027586892247,
        0.999993622303009,
        -0.0032706742640584707,
        0.0019441302865743637,
        0.005279622972011566,
        0.0032630683854222298,
        0.9999806880950928,
        0.00424453429877758
    ],
    [
        0.9999828934669495,
        -0.0015284571563825011,
        -0.005638937000185251,
        0.42552468180656433,
        0.0015081929741427302,
        0.9999924898147583,
        -0.0035961009562015533,
        0.0018132348777726293,
        0.005644389893859625,
        0.0035875351168215275,
        0.9999775886535645,
        0.004457168746739626
    ],
    [
        0.9999805688858032,
        -0.0015919763827696443,
        -0.006028607953339815,
        0.4437236487865448,
        0.0015682688681408763,
        0.9999911189079285,
        -0.003935135900974274,
        0.0020973144564777613,
        0.006034818943589926,
        0.003925604745745659,
        0.9999740123748779,
        0.004592432174831629
    ],
    [
        0.9999784827232361,
        -0.0015817786334082484,
        -0.006359361577779055,
        0.4676705300807953,
        0.0015543774934485555,
        0.9999895691871643,
        -0.004311476368457079,
        0.002136374358087778,
        0.006366115529090166,
        0.004301499575376511,
        0.9999704360961914,
        0.004914057441055775
    ],
    [
        0.9999751448631287,
        -0.0017289649695158005,
        -0.00685020862147212,
        0.4924396276473999,
        0.0016966034891083837,
        0.9999874830245972,
        -0.004727042280137539,
        0.002324208617210388,
        0.006858295761048794,
        0.004715302027761936,
        0.9999653100967407,
        0.005143307149410248
    ],
    [
        0.9999709725379944,
        -0.001840125652961433,
        -0.007407074794173241,
        0.517458438873291,
        0.0018014474771916866,
        0.9999846816062927,
        -0.0052251326851546764,
        0.002594840945675969,
        0.007416576147079468,
        0.005211637355387211,
        0.9999589920043945,
        0.00548311322927475
    ],
    [
        0.9999693036079407,
        -0.0019485015654936433,
        -0.007592289708554745,
        0.5357111096382141,
        0.0019071766873821616,
        0.9999834299087524,
        -0.00544637581333518,
        0.002519395900890231,
        0.007602775003761053,
        0.005431728437542915,
        0.9999563694000244,
        0.005917798727750778
    ],
    [
        0.9999653100967407,
        -0.0019755123648792505,
        -0.008101106621325016,
        0.5609185099601746,
        0.0019286725437268615,
        0.9999814033508301,
        -0.0057855756022036076,
        0.002631141571328044,
        0.008112386800348759,
        0.005769750569015741,
        0.9999504089355469,
        0.006340900901705027
    ],
    [
        0.9999627470970154,
        -0.001953406259417534,
        -0.008402613922953606,
        0.5856624245643616,
        0.0019022678025066853,
        0.9999796748161316,
        -0.006089802831411362,
        0.0025883864145725965,
        0.00841433834284544,
        0.00607359129935503,
        0.999946117401123,
        0.006586445961147547
    ],
    [
        0.9999603629112244,
        -0.0021006425376981497,
        -0.008663040585815907,
        0.6044321060180664,
        0.002045926870778203,
        0.9999779462814331,
        -0.006319961976259947,
        0.002549002878367901,
        0.00867612473666668,
        0.006301986984908581,
        0.9999425411224365,
        0.006893661338835955
    ],
    [
        0.9999584555625916,
        -0.002149272710084915,
        -0.008870505727827549,
        0.629083514213562,
        0.0020907989237457514,
        0.9999761581420898,
        -0.006595910526812077,
        0.0025056018494069576,
        0.008884469047188759,
        0.00657708989456296,
        0.9999388456344604,
        0.007345777936279774
    ],
    [
        0.9999578595161438,
        -0.0020974944345653057,
        -0.00893339328467846,
        0.6534529328346252,
        0.002036141464486718,
        0.9999743700027466,
        -0.006871327292174101,
        0.0023417409975081682,
        0.008947576396167278,
        0.0068528479896485806,
        0.9999364614486694,
        0.007485645357519388
    ],
    [
        0.9999562501907349,
        -0.002176052425056696,
        -0.009104682132601738,
        0.6783655881881714,
        0.0021113227121531963,
        0.9999725222587585,
        -0.0071131279692053795,
        0.002344066509976983,
        0.009119909256696701,
        0.00709359347820282,
        0.9999332427978516,
        0.007892555557191372
    ]
]