[
    [
        0.9999983906745911,
        0.0014871148159727454,
        -0.0010973007883876562,
        -0.2609180510044098,
        -0.0014870655722916126,
        0.999998927116394,
        4.6068835217738524e-05,
        -0.0016363251488655806,
        0.0010973684256896377,
        -4.443716534296982e-05,
        0.9999994039535522,
        -0.04101121798157692
    ],
    [
        0.9999982118606567,
        0.001552030211314559,
        -0.0011288297828286886,
        -0.27048856019973755,
        -0.0015519818989560008,
        0.9999988079071045,
        4.355500641395338e-05,
        -0.0016649074386805296,
        0.0011288952082395554,
        -4.180299583822489e-05,
        0.9999994039535522,
        -0.043482113629579544
    ],
    [
        0.999998152256012,
        0.0015296973288059235,
        -0.0011330470442771912,
        -0.27919265627861023,
        -0.0015295653138309717,
        0.9999988079071045,
        0.00011781328794313595,
        -0.001866092556156218,
        0.0011332258582115173,
        -0.00011607971100602299,
        0.9999994039535522,
        -0.04461457207798958
    ],
    [
        0.9999980926513672,
        0.0016956485342234373,
        -0.0010197700466960669,
        -0.2964547872543335,
        -0.0016955907922238111,
        0.9999985694885254,
        5.8119225286645815e-05,
        -0.001924300566315651,
        0.0010198672534897923,
        -5.638977745547891e-05,
        0.9999995231628418,
        -0.047370340675115585
    ],
    [
        0.9999977350234985,
        0.00186535541433841,
        -0.001068558543920517,
        -0.30576127767562866,
        -0.001865291502326727,
        0.9999982118606567,
        6.030130680301227e-05,
        -0.0018427460454404354,
        0.0010686697205528617,
        -5.830767986481078e-05,
        0.9999994039535522,
        -0.049859799444675446
    ],
    [
        0.9999977946281433,
        0.0018098241416737437,
        -0.00108154967892915,
        -0.31430116295814514,
        -0.0018097002757713199,
        0.9999984502792358,
        0.00011553554213605821,
        -0.0019466341473162174,
        0.001081756316125393,
        -0.00011357747280271724,
        0.9999994039535522,
        -0.05127323046326637
    ],
    [
        0.9999975562095642,
        0.0019081649370491505,
        -0.0010721797589212656,
        -0.3311986029148102,
        -0.0019079390913248062,
        0.999998152256012,
        0.0002107881591655314,
        -0.0020402055233716965,
        0.0010725791798904538,
        -0.00020874182519037277,
        0.9999994039535522,
        -0.054364800453186035
    ],
    [
        0.9999974966049194,
        0.002037694677710533,
        -0.000988614745438099,
        -0.33928966522216797,
        -0.002037481404840946,
        0.9999979138374329,
        0.00021711185399908572,
        -0.0019627814181149006,
        0.0009890553774312139,
        -0.0002150971704395488,
        0.9999995231628418,
        -0.05578456446528435
    ],
    [
        0.9999973773956299,
        0.0020674618426710367,
        -0.0009676131303422153,
        -0.35605940222740173,
        -0.0020672138780355453,
        0.9999977946281433,
        0.00025823491159826517,
        -0.002157167298719287,
        0.000968144740909338,
        -0.00025623402325436473,
        0.9999994039535522,
        -0.05901382118463516
    ],
    [
        0.9999973177909851,
        0.002081435639411211,
        -0.0009556272416375577,
        -0.36435022950172424,
        -0.0020811622962355614,
        0.9999977946281433,
        0.0002862185356207192,
        -0.002188835060223937,
        0.0009562215418554842,
        -0.00028422940522432327,
        0.9999994039535522,
        -0.06029876694083214
    ],
    [
        0.9999973773956299,
        0.002128108637407422,
        -0.0009314041817560792,
        -0.37266188859939575,
        -0.002127796644344926,
        0.9999977350234985,
        0.00033645975054241717,
        -0.0022404794581234455,
        0.0009321179240942001,
        -0.00033447728492319584,
        0.9999995231628418,
        -0.062199197709560394
    ],
    [
        0.9999969005584717,
        0.0023393670562654734,
        -0.0009264100226573646,
        -0.3972008526325226,
        -0.0023390233982354403,
        0.9999972581863403,
        0.0003721620887517929,
        -0.0023981935810297728,
        0.0009272780735045671,
        -0.0003699939697980881,
        0.9999995231628418,
        -0.06646644324064255
    ],
    [
        0.9999967217445374,
        0.002400492550805211,
        -0.0009317804942838848,
        -0.40554746985435486,
        -0.002400134690105915,
        0.9999971389770508,
        0.0003846167237497866,
        -0.002338540507480502,
        0.000932700524572283,
        -0.0003823793667834252,
        0.9999995231628418,
        -0.06835330277681351
    ],
    [
        0.999996542930603,
        0.0024657216854393482,
        -0.0009515714482404292,
        -0.41381967067718506,
        -0.0024653454311192036,
        0.9999968409538269,
        0.0003956753353122622,
        -0.0024326543789356947,
        0.0009525437490083277,
        -0.00039332869346253574,
        0.9999995231628418,
        -0.06962025165557861
    ],
    [
        0.9999962449073792,
        0.0025914425496011972,
        -0.0009073764667846262,
        -0.4305974245071411,
        -0.002591109136119485,
        0.999996542930603,
        0.0003687994903884828,
        -0.0024667493999004364,
        0.0009083286859095097,
        -0.00036644647479988635,
        0.9999995231628418,
        -0.07265348732471466
    ],
    [
        0.9999963045120239,
        0.0025610087905079126,
        -0.0009448385681025684,
        -0.439896821975708,
        -0.0025606509298086166,
        0.9999966621398926,
        0.000379427830921486,
        -0.0026229643262922764,
        0.0009458076674491167,
        -0.00037700720713473856,
        0.9999995231628418,
        -0.07533509284257889
    ],
    [
        0.9999960660934448,
        0.0026528756134212017,
        -0.0009674584143795073,
        -0.45701858401298523,
        -0.002652514725923538,
        0.9999964237213135,
        0.00037474872078746557,
        -0.0025342274457216263,
        0.00096844881772995,
        -0.00037218135548755527,
        0.9999995231628418,
        -0.07841336727142334
    ],
    [
        0.9999960064888,
        0.0026601289864629507,
        -0.0009650806314311922,
        -0.46570101380348206,
        -0.0026597431860864162,
        0.9999963641166687,
        0.00040109147084876895,
        -0.002662752289324999,
        0.0009661445510573685,
        -0.00039852256304584444,
        0.9999995231628418,
        -0.07978818565607071
    ],
    [
        0.9999955892562866,
        0.0028241912368685007,
        -0.0009386028395965695,
        -0.4745522737503052,
        -0.0028237863443791866,
        0.9999958872795105,
        0.00043193629244342446,
        -0.0025622074026614428,
        0.0009398189722560346,
        -0.00042928362381644547,
        0.9999994039535522,
        -0.08175329864025116
    ],
    [
        0.9999956488609314,
        0.0027943807654082775,
        -0.0009557782323099673,
        -0.4924701452255249,
        -0.00279378704726696,
        0.9999959468841553,
        0.0006225930410437286,
        -0.0026859547942876816,
        0.000957513926550746,
        -0.0006199200870469213,
        0.9999994039535522,
        -0.0850801169872284
    ],
    [
        0.9999952912330627,
        0.002902573673054576,
        -0.0009537008008919656,
        -0.5020594000816345,
        -0.002901938743889332,
        0.9999955296516418,
        0.0006664386601187289,
        -0.0028651549946516752,
        0.000955631083343178,
        -0.0006636682664975524,
        0.9999992847442627,
        -0.08650324493646622
    ],
    [
        0.999994695186615,
        0.003096591914072633,
        -0.0009633898152969778,
        -0.5101215839385986,
        -0.0030959714204072952,
        0.9999950528144836,
        0.0006452591042034328,
        -0.0026656482368707657,
        0.0009653833694756031,
        -0.0006422730511985719,
        0.9999994039535522,
        -0.08776684105396271
    ],
    [
        0.999994158744812,
        0.0032729890663176775,
        -0.000972595124039799,
        -0.5283446311950684,
        -0.003272249363362789,
        0.9999943971633911,
        0.0007615110953338444,
        -0.002850840101018548,
        0.000975081988144666,
        -0.0007583240512758493,
        0.9999992847442627,
        -0.09110381454229355
    ],
    [
        0.9999939203262329,
        0.003348858095705509,
        -0.0010000605834648013,
        -0.5372792482376099,
        -0.0033480962738394737,
        0.9999940395355225,
        0.0007621239055879414,
        -0.003018686082214117,
        0.0010026072850450873,
        -0.0007587709696963429,
        0.9999991655349731,
        -0.09216919541358948
    ],
    [
        0.9999925494194031,
        0.003709238488227129,
        -0.0010272737126797438,
        -0.5558289885520935,
        -0.003708448028191924,
        0.999992847442627,
        0.000770136306528002,
        -0.002899128943681717,
        0.0010301232105121017,
        -0.0007663207361474633,
        0.9999991655349731,
        -0.09527254104614258
    ]
]