[
    [
        0.9982143044471741,
        0.0585656501352787,
        -0.011756888590753078,
        0.08117459714412689,
        -0.05865687504410744,
        0.9982495903968811,
        -0.007570348214358091,
        -0.03300194442272186,
        0.011292945593595505,
        0.00824645347893238,
        0.9999021291732788,
        0.8219965100288391
    ],
    [
        0.9981902837753296,
        0.05884288623929024,
        -0.012393237091600895,
        0.1214878261089325,
        -0.05897993594408035,
        0.9981986284255981,
        -0.010999508202075958,
        -0.052944473922252655,
        0.011723668314516544,
        0.011710556223988533,
        0.9998626708984375,
        1.097650170326233
    ],
    [
        0.9980862140655518,
        0.06109733507037163,
        -0.009537042118608952,
        0.1671576201915741,
        -0.06121033802628517,
        0.998052179813385,
        -0.01204405166208744,
        -0.07658345997333527,
        0.008782608434557915,
        0.01260476652532816,
        0.9998819828033447,
        1.3581812381744385
    ],
    [
        0.9976946115493774,
        0.06781283766031265,
        -0.002606760710477829,
        0.19375185668468475,
        -0.06783758103847504,
        0.9976357221603394,
        -0.010999863035976887,
        -0.10382676124572754,
        0.0018546669743955135,
        0.011151340790092945,
        0.9999361038208008,
        1.67528235912323
    ],
    [
        0.9976488947868347,
        0.06853105127811432,
        0.000247507996391505,
        0.21486692130565643,
        -0.06852126121520996,
        0.9975557923316956,
        -0.013688950799405575,
        -0.12865591049194336,
        -0.0011850233422592282,
        0.013639808632433414,
        0.9999062418937683,
        1.9488776922225952
    ],
    [
        0.9978930950164795,
        0.06486184895038605,
        -0.0015077980933710933,
        0.24381189048290253,
        -0.06487564742565155,
        0.9978152513504028,
        -0.012485846877098083,
        -0.1530572772026062,
        0.0006946477224119008,
        0.012557359412312508,
        0.9999208450317383,
        2.2563438415527344
    ],
    [
        0.9981700778007507,
        0.0603724904358387,
        -0.0033944176975637674,
        0.2788065969944,
        -0.06040629744529724,
        0.9981139302253723,
        -0.010942826978862286,
        -0.17957060039043427,
        0.00272736675105989,
        0.011127849109470844,
        0.9999343156814575,
        2.535271167755127
    ],
    [
        0.9982924461364746,
        0.05836007371544838,
        -0.0025467239320278168,
        0.2984418272972107,
        -0.058379847556352615,
        0.9982578754425049,
        -0.008540477603673935,
        -0.1982664316892624,
        0.0020438656210899353,
        0.008674569427967072,
        0.9999603629112244,
        2.7954349517822266
    ],
    [
        0.9984626770019531,
        0.05540699139237404,
        0.0014800700591877103,
        0.290083110332489,
        -0.055397018790245056,
        0.9984458088874817,
        -0.006096764467656612,
        -0.21614223718643188,
        -0.0018155751749873161,
        0.006005401257425547,
        0.9999803304672241,
        3.081005334854126
    ],
    [
        0.9988006949424744,
        0.048887770622968674,
        0.002710141707211733,
        0.27873682975769043,
        -0.04886063188314438,
        0.9987622499465942,
        -0.00931029673665762,
        -0.2356826514005661,
        -0.0031619456131011248,
        0.009166710078716278,
        0.999953031539917,
        3.298360824584961
    ],
    [
        0.9988204836845398,
        0.048554450273513794,
        0.00028632485191337764,
        0.28438934683799744,
        -0.048548247665166855,
        0.9987585544586182,
        -0.01114979200065136,
        -0.25130903720855713,
        -0.000827342621050775,
        0.011122741736471653,
        0.9999377131462097,
        3.5473382472991943
    ],
    [
        0.9989874362945557,
        0.044769540429115295,
        -0.004454775247722864,
        0.2916252911090851,
        -0.04481952637434006,
        0.9989250302314758,
        -0.011836769990622997,
        -0.27012407779693604,
        0.003920057788491249,
        0.01202444452792406,
        0.9999200105667114,
        3.7528131008148193
    ],
    [
        0.9988949298858643,
        0.04601385071873665,
        -0.009570586495101452,
        0.2978401184082031,
        -0.04615485295653343,
        0.9988205432891846,
        -0.015074367634952068,
        -0.2805238366127014,
        0.008865665644407272,
        0.015499439090490341,
        0.9998405575752258,
        3.9563982486724854
    ],
    [
        0.9983687996864319,
        0.053210265934467316,
        -0.020696518942713737,
        0.30975577235221863,
        -0.05348234251141548,
        0.9984864592552185,
        -0.012822202406823635,
        -0.28483670949935913,
        0.019982922822237015,
        0.013908185064792633,
        0.9997035264968872,
        4.139294147491455
    ],
    [
        0.9975119829177856,
        0.06208932027220726,
        -0.033389654010534286,
        0.31755948066711426,
        -0.06248237192630768,
        0.9979870319366455,
        -0.010858858935534954,
        -0.2955305278301239,
        0.032648224383592606,
        0.012918105348944664,
        0.9993835091590881,
        4.288726806640625
    ],
    [
        0.9963392615318298,
        0.06880531460046768,
        -0.05073364078998566,
        0.32730382680892944,
        -0.06928382068872452,
        0.9975670576095581,
        -0.007732321508228779,
        -0.31100761890411377,
        0.05007817968726158,
        0.011219036765396595,
        0.9986823201179504,
        4.44563627243042
    ],
    [
        0.9946463108062744,
        0.07331100106239319,
        -0.07282920181751251,
        0.35848045349121094,
        -0.07409825921058655,
        0.9972175359725952,
        -0.008163576014339924,
        -0.3152582049369812,
        0.07202807813882828,
        0.013516388833522797,
        0.9973110556602478,
        4.594101905822754
    ],
    [
        0.9928606152534485,
        0.07280054688453674,
        -0.09448746591806412,
        0.38971102237701416,
        -0.07413321733474731,
        0.997191309928894,
        -0.010666761547327042,
        -0.3269299268722534,
        0.0934455394744873,
        0.017595265060663223,
        0.9954688549041748,
        4.73433780670166
    ],
    [
        0.9913946986198425,
        0.07049404829740524,
        -0.11030469834804535,
        0.40605342388153076,
        -0.07241275161504745,
        0.9972836375236511,
        -0.01348123699426651,
        -0.32527047395706177,
        0.10905472934246063,
        0.021352693438529968,
        0.9938063621520996,
        4.85679817199707
    ],
    [
        0.99003666639328,
        0.06814195215702057,
        -0.12322314083576202,
        0.40927767753601074,
        -0.07076869904994965,
        0.997346818447113,
        -0.017062189057469368,
        -0.32318979501724243,
        0.12173379957675934,
        0.025612568482756615,
        0.9922322630882263,
        4.9848432540893555
    ],
    [
        0.9887992143630981,
        0.06479492038488388,
        -0.13445261120796204,
        0.41204091906547546,
        -0.06848761439323425,
        0.9973863363265991,
        -0.02301860600709915,
        -0.3171217143535614,
        0.13261036574840546,
        0.031969159841537476,
        0.9906526207923889,
        5.107732772827148
    ],
    [
        0.9880297780036926,
        0.06254071742296219,
        -0.1410173773765564,
        0.4199252724647522,
        -0.06708119064569473,
        0.9973636865615845,
        -0.027672946453094482,
        -0.3150942027568817,
        0.1389150172472,
        0.03680131211876869,
        0.9896202683448792,
        5.222567558288574
    ],
    [
        0.9879428148269653,
        0.06577500700950623,
        -0.14015235006809235,
        0.42557966709136963,
        -0.07040093094110489,
        0.9971172213554382,
        -0.028302883729338646,
        -0.3215552568435669,
        0.13788644969463348,
        0.03782849386334419,
        0.9897254109382629,
        5.36998987197876
    ],
    [
        0.9880227446556091,
        0.07178804278373718,
        -0.13659308850765228,
        0.4328407049179077,
        -0.07622385770082474,
        0.9967108964920044,
        -0.02751983143389225,
        -0.3333236873149872,
        0.13416749238967896,
        0.03760185465216637,
        0.9902448654174805,
        5.509217262268066
    ],
    [
        0.9875466227531433,
        0.07931888103485107,
        -0.13586834073066711,
        0.42773136496543884,
        -0.08407889306545258,
        0.9960178136825562,
        -0.029652435332536697,
        -0.33411726355552673,
        0.13297492265701294,
        0.04070684313774109,
        0.9902830719947815,
        5.6641621589660645
    ]
]