[
    [
        0.997604489326477,
        0.008042555302381516,
        -0.06870628893375397,
        -0.049013059586286545,
        -0.0072569893673062325,
        0.999905526638031,
        0.011675629764795303,
        -0.11573782563209534,
        0.06879369914531708,
        -0.011149060912430286,
        0.997568666934967,
        0.7918041348457336
    ],
    [
        0.9953173995018005,
        0.010403173044323921,
        -0.09609883278608322,
        -0.05836854502558708,
        -0.009145403280854225,
        0.9998668432235718,
        0.01351949106901884,
        -0.11305193603038788,
        0.09622668474912643,
        -0.01257732417434454,
        0.9952800273895264,
        1.029809594154358
    ],
    [
        0.9914936423301697,
        0.012880036607384682,
        -0.12951593101024628,
        -0.07472317665815353,
        -0.010946681722998619,
        0.9998179078102112,
        0.015628401190042496,
        -0.12331878393888474,
        0.1296936273574829,
        -0.0140776876360178,
        0.9914541840553284,
        1.2564700841903687
    ],
    [
        0.9854747653007507,
        0.016361169517040253,
        -0.16903182864189148,
        -0.11126681417226791,
        -0.013563240878283978,
        0.9997514486312866,
        0.01769411377608776,
        -0.12034723907709122,
        0.1692793220281601,
        -0.015144485048949718,
        0.9854516983032227,
        1.4773575067520142
    ],
    [
        0.9772257804870605,
        0.02022181637585163,
        -0.21123665571212769,
        -0.1707153171300888,
        -0.016126755625009537,
        0.9996474981307983,
        0.021091066300868988,
        -0.12011957168579102,
        0.21158869564533234,
        -0.017204171046614647,
        0.977207362651825,
        1.7220879793167114
    ],
    [
        0.9668822884559631,
        0.023533541709184647,
        -0.2541355490684509,
        -0.22952845692634583,
        -0.01798536814749241,
        0.9995470643043518,
        0.024133354425430298,
        -0.12933748960494995,
        0.25458836555480957,
        -0.018763385713100433,
        0.9668674468994141,
        1.9531681537628174
    ],
    [
        0.9535896182060242,
        0.026513297110795975,
        -0.29993993043899536,
        -0.2944558560848236,
        -0.019384920597076416,
        0.9994551539421082,
        0.026717321947216988,
        -0.12297892570495605,
        0.300484836101532,
        -0.019663047045469284,
        0.9535838961601257,
        2.1962244510650635
    ],
    [
        0.9395024180412292,
        0.029937855899333954,
        -0.34123164415359497,
        -0.3581318259239197,
        -0.020942704752087593,
        0.9993300437927246,
        0.030015012249350548,
        -0.1257076859474182,
        0.34190160036087036,
        -0.02105286531150341,
        0.9394999742507935,
        2.423326015472412
    ],
    [
        0.9231085181236267,
        0.03247077763080597,
        -0.38316625356674194,
        -0.41837775707244873,
        -0.021353257820010185,
        0.9992194771766663,
        0.03323376923799515,
        -0.13264727592468262,
        0.3839462697505951,
        -0.022496523335576057,
        0.9230813980102539,
        2.6451447010040283
    ],
    [
        0.9063341617584229,
        0.035931386053562164,
        -0.4210313558578491,
        -0.4870024025440216,
        -0.023091236129403114,
        0.9991008043289185,
        0.03555721417069435,
        -0.1287383884191513,
        0.42193037271499634,
        -0.02250457927584648,
        0.9063487648963928,
        2.8437130451202393
    ],
    [
        0.8884143829345703,
        0.039090417325496674,
        -0.45737501978874207,
        -0.5789957642555237,
        -0.02441330812871456,
        0.9989809989929199,
        0.03795890510082245,
        -0.11813683062791824,
        0.4583929181098938,
        -0.02255721017718315,
        0.8884634375572205,
        3.0540854930877686
    ],
    [
        0.8718885779380798,
        0.04108449071645737,
        -0.4879778325557709,
        -0.6929559707641602,
        -0.024972490966320038,
        0.9989081621170044,
        0.03948212414979935,
        -0.12919262051582336,
        0.4890673756599426,
        -0.022238001227378845,
        0.8719626665115356,
        3.2631452083587646
    ],
    [
        0.8573662638664246,
        0.042794764041900635,
        -0.51292484998703,
        -0.8047491908073425,
        -0.02572360448539257,
        0.9988547563552856,
        0.0403396300971508,
        -0.13605348765850067,
        0.5140636563301086,
        -0.021391544491052628,
        0.8574851751327515,
        3.477234125137329
    ],
    [
        0.8466196656227112,
        0.04326546564698219,
        -0.5304369330406189,
        -0.9027643799781799,
        -0.025815939530730247,
        0.9988552927970886,
        0.04026808217167854,
        -0.12449891120195389,
        0.5315718650817871,
        -0.02039802446961403,
        0.8467673659324646,
        3.678443193435669
    ],
    [
        0.8356248140335083,
        0.04468214511871338,
        -0.5474801063537598,
        -1.003649353981018,
        -0.02673383802175522,
        0.9988130927085876,
        0.0407131128013134,
        -0.1235896646976471,
        0.5486496090888977,
        -0.019384631887078285,
        0.8358275890350342,
        3.8818931579589844
    ],
    [
        0.8253070712089539,
        0.04546603932976723,
        -0.5628509521484375,
        -1.1180342435836792,
        -0.026846416294574738,
        0.9987854361534119,
        0.041315168142318726,
        -0.11825746297836304,
        0.5640456080436707,
        -0.018987156450748444,
        0.8255253434181213,
        4.065979957580566
    ],
    [
        0.8163712024688721,
        0.046645354479551315,
        -0.5756407976150513,
        -1.260851263999939,
        -0.02745598554611206,
        0.9987406134605408,
        0.04199208319187164,
        -0.11244291067123413,
        0.5768745541572571,
        -0.018476340919733047,
        0.8166236877441406,
        4.262455463409424
    ],
    [
        0.8103984594345093,
        0.0467260405421257,
        -0.5840128660202026,
        -1.4255199432373047,
        -0.02753695659339428,
        0.9987506866455078,
        0.04169729724526405,
        -0.12286950647830963,
        0.5852317214012146,
        -0.01770947501063347,
        0.8106727004051208,
        4.455099582672119
    ],
    [
        0.8089743852615356,
        0.045684538781642914,
        -0.5860660076141357,
        -1.5948854684829712,
        -0.02784748561680317,
        0.9988345503807068,
        0.03942115604877472,
        -0.13415037095546722,
        0.5871840715408325,
        -0.015570249408483505,
        0.8093039989471436,
        4.659175395965576
    ],
    [
        0.8081042766571045,
        0.04519837722182274,
        -0.5873026847839355,
        -1.7314285039901733,
        -0.027489863336086273,
        0.998859167098999,
        0.03904654458165169,
        -0.12944649159908295,
        0.5883978009223938,
        -0.015408795326948166,
        0.8084248304367065,
        4.8534770011901855
    ],
    [
        0.8074159622192383,
        0.044691577553749084,
        -0.5882874131202698,
        -1.8712517023086548,
        -0.02742334082722664,
        0.998892068862915,
        0.038246627897024155,
        -0.12561334669589996,
        0.5893447995185852,
        -0.014748133718967438,
        0.8077470064163208,
        5.056852340698242
    ],
    [
        0.807257890701294,
        0.043590251356363297,
        -0.5885868668556213,
        -2.00820255279541,
        -0.027204349637031555,
        0.998957097530365,
        0.03667066991329193,
        -0.12418325990438461,
        0.5895715951919556,
        -0.013590570539236069,
        0.8076016902923584,
        5.244978427886963
    ],
    [
        0.8061294555664062,
        0.04266521707177162,
        -0.590198814868927,
        -2.159487724304199,
        -0.0262340996414423,
        0.998993456363678,
        0.03638468682765961,
        -0.11723450571298599,
        0.5911574959754944,
        -0.013847430236637592,
        0.8064373731613159,
        5.446595668792725
    ],
    [
        0.8053358793258667,
        0.04293932393193245,
        -0.5912618041038513,
        -2.315305471420288,
        -0.026736654341220856,
        0.9989892840385437,
        0.0361328162252903,
        -0.1276758760213852,
        0.5922155976295471,
        -0.013290674425661564,
        0.805669903755188,
        5.655600547790527
    ],
    [
        0.8049159646034241,
        0.0416472926735878,
        -0.5919253826141357,
        -2.476729393005371,
        -0.026374245062470436,
        0.9990590214729309,
        0.03442835435271263,
        -0.13497129082679749,
        0.5928023457527161,
        -0.012100332416594028,
        0.805257260799408,
        5.880206108093262
    ]
]