[
    [
        0.9999792575836182,
        -0.00036206393269822,
        -0.006441914942115545,
        0.034959230571985245,
        0.00035086911520920694,
        0.9999983906745911,
        -0.0017388672567903996,
        0.0015990909887477756,
        0.006442534737288952,
        0.0017365713138133287,
        0.999977707862854,
        0.0024473925586789846
    ],
    [
        0.9999789595603943,
        -0.00023988066823221743,
        -0.006488457787781954,
        0.04650328308343887,
        0.00022889135289005935,
        0.9999985694885254,
        -0.0016942608635872602,
        0.001262293430045247,
        0.00648885453119874,
        0.0016927400138229132,
        0.9999774694442749,
        0.0030322475358843803
    ],
    [
        0.9999771118164062,
        -0.0004350316303316504,
        -0.006762622855603695,
        0.05923003703355789,
        0.0004222824063617736,
        0.9999980926513672,
        -0.001886621001176536,
        0.0009730206802487373,
        0.006763431243598461,
        0.00188372191041708,
        0.999975323677063,
        0.0037612386513501406
    ],
    [
        0.9999768733978271,
        -0.0004457823815755546,
        -0.006787674967199564,
        0.07217267900705338,
        0.0004329196526668966,
        0.9999982118606567,
        -0.0018963055917993188,
        0.000460444251075387,
        0.0067885080352425575,
        0.001893322914838791,
        0.9999752044677734,
        0.004347897134721279
    ],
    [
        0.9999751448631287,
        -0.0006999155739322305,
        -0.007018286734819412,
        0.08621635288000107,
        0.0006877274718135595,
        0.9999982714653015,
        -0.0017388041596859694,
        -0.00012954261910635978,
        0.007019492331892252,
        0.001733934273943305,
        0.9999738931655884,
        0.004779021255671978
    ],
    [
        0.9999719858169556,
        -0.0011187813943251967,
        -0.007401307113468647,
        0.10621438920497894,
        0.001103212358430028,
        0.9999971389770508,
        -0.002107365056872368,
        -0.00036544614704325795,
        0.0074036442674696445,
        0.0020991407800465822,
        0.9999704360961914,
        0.006158648058772087
    ],
    [
        0.9999715685844421,
        -0.0009555442375130951,
        -0.00748279457911849,
        0.12141551077365875,
        0.0009402618743479252,
        0.9999974966049194,
        -0.0020455631893128157,
        -0.001115665421821177,
        0.007484731264412403,
        0.0020384693052619696,
        0.9999699592590332,
        0.007047598250210285
    ],
    [
        0.9999704957008362,
        -0.000899924139957875,
        -0.007632299792021513,
        0.13715800642967224,
        0.0008839499787427485,
        0.9999974370002747,
        -0.0020960744004696608,
        -0.0013899729819968343,
        0.007634165696799755,
        0.0020892666652798653,
        0.9999686479568481,
        0.007799968589097261
    ],
    [
        0.9999696016311646,
        -0.0010548025602474809,
        -0.0077264998108148575,
        0.15317577123641968,
        0.0010380741441622376,
        0.999997079372406,
        -0.002168666571378708,
        -0.0016825926722958684,
        0.007728764787316322,
        0.002160580363124609,
        0.9999678134918213,
        0.00863700546324253
    ],
    [
        0.9999693036079407,
        -0.00117525237146765,
        -0.007760917767882347,
        0.16859394311904907,
        0.001157682854682207,
        0.9999967813491821,
        -0.002267926698550582,
        -0.002236751839518547,
        0.00776355667039752,
        0.002258872613310814,
        0.9999673366546631,
        0.009369740262627602
    ],
    [
        0.9999662041664124,
        -0.001221383921802044,
        -0.008141751401126385,
        0.18824578821659088,
        0.001200806233100593,
        0.9999961256980896,
        -0.0025318567641079426,
        -0.0026602738071233034,
        0.008144812658429146,
        0.002521994523704052,
        0.999963641166687,
        0.010487227700650692
    ],
    [
        0.9999637007713318,
        -0.001088559627532959,
        -0.008453980088233948,
        0.2022756040096283,
        0.0010672424687072635,
        0.9999962449073792,
        -0.0025257072411477566,
        -0.0031352632213383913,
        0.008456697687506676,
        0.0025165940169245005,
        0.9999611377716064,
        0.011104840785264969
    ],
    [
        0.9999622106552124,
        -0.0010817862348631024,
        -0.00862369779497385,
        0.21585841476917267,
        0.00105782481841743,
        0.9999956488609314,
        -0.002782591385766864,
        -0.0034523908980190754,
        0.008626670576632023,
        0.0027733645401895046,
        0.999958872795105,
        0.01200560200959444
    ],
    [
        0.9999609589576721,
        -0.0012416411191225052,
        -0.008750547654926777,
        0.22859588265419006,
        0.0012181700440123677,
        0.9999956488609314,
        -0.0026871757581830025,
        -0.004467902239412069,
        0.00875384546816349,
        0.002676410600543022,
        0.9999581575393677,
        0.01272006519138813
    ],
    [
        0.9999602437019348,
        -0.001147754373960197,
        -0.008845211938023567,
        0.24102291464805603,
        0.0011224577901884913,
        0.9999952912330627,
        -0.002864316338673234,
        -0.004459515679627657,
        0.008848457597196102,
        0.0028542736545205116,
        0.9999567270278931,
        0.01335750799626112
    ],
    [
        0.9999551177024841,
        -0.0012204392114654183,
        -0.00939828623086214,
        0.2593023478984833,
        0.0011922218836843967,
        0.9999948143959045,
        -0.003007394727319479,
        -0.004934733267873526,
        0.00940190814435482,
        0.002996054943650961,
        0.9999512434005737,
        0.014530815184116364
    ],
    [
        0.9999542832374573,
        -0.0014540530974045396,
        -0.00944703072309494,
        0.27315667271614075,
        0.0014254347188398242,
        0.9999943971633911,
        -0.003035350004211068,
        -0.005325219593942165,
        0.00945139117538929,
        0.0030217452440410852,
        0.9999507665634155,
        0.015494206920266151
    ],
    [
        0.9999504089355469,
        -0.0015407827449962497,
        -0.009845025837421417,
        0.2872712016105652,
        0.0015097694704309106,
        0.9999939203262329,
        -0.0031568307895213366,
        -0.005596152972429991,
        0.00984982866793871,
        0.003141809720546007,
        0.9999465942382812,
        0.01643357053399086
    ],
    [
        0.9999476671218872,
        -0.0016178075456991792,
        -0.010107061825692654,
        0.30164656043052673,
        0.001585065620020032,
        0.9999934434890747,
        -0.0032466372940689325,
        -0.005898632109165192,
        0.010112248361110687,
        0.0032304474152624607,
        0.9999436140060425,
        0.017345808446407318
    ],
    [
        0.9999450445175171,
        -0.0019206397701054811,
        -0.01030497532337904,
        0.31571850180625916,
        0.0018878300907090306,
        0.999993085861206,
        -0.003192672273144126,
        -0.006159055046737194,
        0.010311036370694637,
        0.0031730434857308865,
        0.9999418258666992,
        0.018510526046156883
    ],
    [
        0.9999450445175171,
        -0.0020835334435105324,
        -0.010279540903866291,
        0.33392155170440674,
        0.0020509148016572,
        0.9999927878379822,
        -0.0031826572958379984,
        -0.006623637862503529,
        0.010286098346114159,
        0.003161399392411113,
        0.9999420642852783,
        0.019516440108418465
    ],
    [
        0.9999421834945679,
        -0.0024946241173893213,
        -0.0104617178440094,
        0.34748685359954834,
        0.002459239214658737,
        0.9999911785125732,
        -0.003393774153664708,
        -0.006595993880182505,
        0.010470092296600342,
        0.0033678498584777117,
        0.9999395608901978,
        0.020561274141073227
    ],
    [
        0.999942421913147,
        -0.002354463329538703,
        -0.010477112606167793,
        0.3607284128665924,
        0.002321424661204219,
        0.999992311000824,
        -0.0031644226983189583,
        -0.007365065161138773,
        0.010484481230378151,
        0.0031399191357195377,
        0.9999401569366455,
        0.021073346957564354
    ],
    [
        0.9999412298202515,
        -0.0027263471856713295,
        -0.010498546063899994,
        0.37362056970596313,
        0.00269347638823092,
        0.9999915361404419,
        -0.0031438651494681835,
        -0.007730874698609114,
        0.010507029481232166,
        0.003115402301773429,
        0.999940037727356,
        0.02176123671233654
    ],
    [
        0.9999391436576843,
        -0.002985388273373246,
        -0.010629411786794662,
        0.390523225069046,
        0.0029524951241910458,
        0.9999907612800598,
        -0.003108896082267165,
        -0.007878369651734829,
        0.010638595558702946,
        0.0030773235484957695,
        0.9999387264251709,
        0.02310248091816902
    ]
]