[
    [
        0.9929943680763245,
        -0.004588193725794554,
        0.11807268857955933,
        0.00743280490860343,
        0.010638657957315445,
        0.9986590147018433,
        -0.050664424896240234,
        -0.04852599650621414,
        -0.11768190562725067,
        0.05156562104821205,
        0.9917116165161133,
        0.007594335358589888
    ],
    [
        0.9927626252174377,
        -0.0043848492205142975,
        0.12001357227563858,
        0.008336035534739494,
        0.010834929533302784,
        0.9985281229019165,
        -0.05314496532082558,
        -0.04582180455327034,
        -0.11960387229919434,
        0.0540606752038002,
        0.9913488030433655,
        0.004056386649608612
    ],
    [
        0.992422342300415,
        -0.004229627083986998,
        0.12280093878507614,
        0.010074969381093979,
        0.011049935594201088,
        0.998430073261261,
        -0.05491174757480621,
        -0.04177132248878479,
        -0.12237589806318283,
        0.055852584540843964,
        0.990911066532135,
        -0.002682559657841921
    ],
    [
        0.9922326803207397,
        -0.003938145004212856,
        0.12433329969644547,
        0.010885286144912243,
        0.010894912295043468,
        0.9984091520309448,
        -0.05532233789563179,
        -0.038501035422086716,
        -0.12391762435436249,
        0.056247226893901825,
        0.9906971454620361,
        -0.008276841603219509
    ],
    [
        0.9919703602790833,
        -0.0032887011766433716,
        0.12642808258533478,
        0.010937687009572983,
        0.010630379430949688,
        0.9982925057411194,
        -0.05743926391005516,
        -0.032412946224212646,
        -0.1260233074426651,
        0.05832202360033989,
        0.9903113842010498,
        -0.01744719035923481
    ],
    [
        0.9918943047523499,
        -0.003485877765342593,
        0.12701842188835144,
        0.01023877039551735,
        0.011084945872426033,
        0.9981863498687744,
        -0.059168871492147446,
        -0.027433311566710472,
        -0.1265818178653717,
        0.060097258538007736,
        0.990134060382843,
        -0.023580415174365044
    ],
    [
        0.9918366074562073,
        -0.0032945689745247364,
        0.12747196853160858,
        0.01022699847817421,
        0.011151488870382309,
        0.9980772137641907,
        -0.06097202003002167,
        -0.01757778413593769,
        -0.12702597677707672,
        0.061895787715911865,
        0.9899662733078003,
        -0.03430083766579628
    ],
    [
        0.9917904734611511,
        -0.002567685442045331,
        0.12784862518310547,
        0.010836098343133926,
        0.010531852953135967,
        0.9980418682098389,
        -0.06165677309036255,
        -0.0051058195531368256,
        -0.1274399608373642,
        0.062497079372406006,
        0.9898753762245178,
        -0.04710300266742706
    ],
    [
        0.9917570352554321,
        -0.0023425444960594177,
        0.12811146676540375,
        0.010791057720780373,
        0.010480755008757114,
        0.9979655742645264,
        -0.06288730353116989,
        0.004752069246023893,
        -0.1277034878730774,
        0.06371163576841354,
        0.9897639751434326,
        -0.05697309970855713
    ],
    [
        0.9917769432067871,
        -0.0021648723632097244,
        0.12795980274677277,
        0.012130997143685818,
        0.010431491769850254,
        0.9978973865509033,
        -0.0639684721827507,
        0.01956889033317566,
        -0.12755227088928223,
        0.06477727741003036,
        0.9897143244743347,
        -0.07378634065389633
    ],
    [
        0.9917904138565063,
        -0.0022753081284463406,
        0.12785358726978302,
        0.014363300055265427,
        0.010549335740506649,
        0.9978892803192139,
        -0.0640750527381897,
        0.03008713573217392,
        -0.12743793427944183,
        0.0648977980017662,
        0.9897210001945496,
        -0.08650275319814682
    ],
    [
        0.9919789433479309,
        -0.0025683059357106686,
        0.12637801468372345,
        0.020567966625094414,
        0.010722341015934944,
        0.9978997707366943,
        -0.06388312578201294,
        0.047777559608221054,
        -0.12594851851463318,
        0.06472577899694443,
        0.9899230599403381,
        -0.10721597075462341
    ],
    [
        0.992517352104187,
        -0.00278565869666636,
        0.12207163870334625,
        0.029913362115621567,
        0.010750958696007729,
        0.9978507161140442,
        -0.064641073346138,
        0.06852734088897705,
        -0.12162920832633972,
        0.06546977907419205,
        0.9904140830039978,
        -0.12942340970039368
    ],
    [
        0.9931721687316895,
        -0.0028796768747270107,
        0.11662229895591736,
        0.03859136626124382,
        0.010438118129968643,
        0.9978790283203125,
        -0.06425253301858902,
        0.08240252733230591,
        -0.11618993431329727,
        0.06503114849328995,
        0.991095781326294,
        -0.14613379538059235
    ],
    [
        0.9948609471321106,
        -0.0027112457901239395,
        0.10121482610702515,
        0.05224033072590828,
        0.009266967885196209,
        0.9978839755058289,
        -0.06435654312372208,
        0.10184508562088013,
        -0.10082615166902542,
        0.06496375054121017,
        0.992780864238739,
        -0.173272505402565
    ],
    [
        0.9964419007301331,
        -0.002598126418888569,
        0.0842432975769043,
        0.06357608735561371,
        0.008069515228271484,
        0.9978739023208618,
        -0.06467222422361374,
        0.11419574171304703,
        -0.08389616012573242,
        0.06512190401554108,
        0.9943443536758423,
        -0.19364628195762634
    ],
    [
        0.9988020062446594,
        -0.0016676204977557063,
        0.0489063523709774,
        0.08259446173906326,
        0.004845688585191965,
        0.9978775978088379,
        -0.06493641436100006,
        0.13541248440742493,
        -0.04869426041841507,
        0.06509559601545334,
        0.9966902732849121,
        -0.22664351761341095
    ],
    [
        0.9998393654823303,
        -0.0011309162946417928,
        0.017888886854052544,
        0.09444479644298553,
        0.002305795205757022,
        0.9978305697441101,
        -0.06579287350177765,
        0.15091870725154877,
        -0.017775671556591988,
        0.06582356244325638,
        0.997672975063324,
        -0.2495383322238922
    ],
    [
        0.9993083477020264,
        0.00034401100128889084,
        -0.03718674182891846,
        0.11284515261650085,
        -0.002879538107663393,
        0.9976708292961121,
        -0.06815161556005478,
        0.17682266235351562,
        0.0370766818523407,
        0.06821155548095703,
        0.996981680393219,
        -0.2853690981864929
    ],
    [
        0.9951156377792358,
        0.001739943865686655,
        -0.09870120882987976,
        0.1308107227087021,
        -0.00836111605167389,
        0.997737467288971,
        -0.06670911610126495,
        0.20022325217723846,
        0.09836181998252869,
        0.06720852851867676,
        0.9928787350654602,
        -0.3249117136001587
    ],
    [
        0.9899494051933289,
        0.0038025500252842903,
        -0.14137068390846252,
        0.14486628770828247,
        -0.013217971660196781,
        0.9977504014968872,
        -0.06572173535823822,
        0.2171904444694519,
        0.1408027559518814,
        0.06692982465028763,
        0.9877727627754211,
        -0.35121050477027893
    ],
    [
        0.9790522456169128,
        0.006420683581382036,
        -0.20350788533687592,
        0.16692055761814117,
        -0.020377235487103462,
        0.9975744485855103,
        -0.06655892729759216,
        0.2428603619337082,
        0.20258690416812897,
        0.06931159645318985,
        0.9768081903457642,
        -0.39300471544265747
    ],
    [
        0.9700357913970947,
        0.00760381855070591,
        -0.2428429275751114,
        0.1823885440826416,
        -0.024087246507406235,
        0.9975957870483398,
        -0.06498009711503983,
        0.25567349791526794,
        0.24176496267318726,
        0.06888243556022644,
        0.9678869247436523,
        -0.4231196641921997
    ],
    [
        0.9544388651847839,
        0.009456740692257881,
        -0.2982568144798279,
        0.21092836558818817,
        -0.02972133457660675,
        0.9975403547286987,
        -0.06348124146461487,
        0.27682363986968994,
        0.296922892332077,
        0.06945355981588364,
        0.9523722529411316,
        -0.4692550599575043
    ],
    [
        0.937475323677063,
        0.01067402120679617,
        -0.3478880524635315,
        0.24346566200256348,
        -0.034271758049726486,
        0.9975031614303589,
        -0.06174847111105919,
        0.29781585931777954,
        0.34636032581329346,
        0.0698104053735733,
        0.93550044298172,
        -0.5173149704933167
    ]
]