[
    [
        0.9958987236022949,
        0.00036889436887577176,
        0.090474434196949,
        0.1304590404033661,
        7.421735062962398e-05,
        0.9999880790710449,
        -0.004894239827990532,
        0.0067101893946528435,
        -0.09047514945268631,
        0.004880881868302822,
        0.9958867430686951,
        -0.019815951585769653
    ],
    [
        0.9956464171409607,
        0.00015739262744318694,
        0.09321097284555435,
        0.13326561450958252,
        0.00027753866743296385,
        0.9999892115592957,
        -0.004653107840567827,
        0.006483824457973242,
        -0.09321068227291107,
        0.0046587190590798855,
        0.9956355690956116,
        -0.019861740991473198
    ],
    [
        0.9951533675193787,
        0.00023806019453331828,
        0.09833437949419022,
        0.13916784524917603,
        0.0002006621944019571,
        0.9999901056289673,
        -0.004451619926840067,
        0.006510026287287474,
        -0.09833446890115738,
        0.004449776373803616,
        0.9951434135437012,
        -0.01961003988981247
    ],
    [
        0.9948736429214478,
        0.0003562678466551006,
        0.10112614929676056,
        0.14143499732017517,
        5.5740787502145395e-05,
        0.999991774559021,
        -0.004071351606398821,
        0.006053784396499395,
        -0.10112675279378891,
        0.004056117031723261,
        0.9948652386665344,
        -0.01967889815568924
    ],
    [
        0.9943320155143738,
        0.00036157245631329715,
        0.10631978511810303,
        0.14661440253257751,
        0.00010949146962957457,
        0.9999902844429016,
        -0.00442475825548172,
        0.007065020501613617,
        -0.1063203513622284,
        0.004411319270730019,
        0.9943221807479858,
        -0.019447142258286476
    ],
    [
        0.9940465092658997,
        0.0004012277931906283,
        0.1089560016989708,
        0.14892898499965668,
        5.414683255366981e-05,
        0.999991238117218,
        -0.004176447633653879,
        0.006831021513789892,
        -0.1089567244052887,
        0.0041574821807444096,
        0.9940378665924072,
        -0.019586855545639992
    ],
    [
        0.9934824705123901,
        0.0005061394767835736,
        0.11398393660783768,
        0.15378572046756744,
        5.595356014964636e-06,
        0.9999899864196777,
        -0.0044891745783388615,
        0.007767044939100742,
        -0.11398506164550781,
        0.004460555035620928,
        0.9934724569320679,
        -0.019291693344712257
    ],
    [
        0.9928285479545593,
        0.0006559958565048873,
        0.11954554915428162,
        0.15722857415676117,
        -7.572212052764371e-05,
        0.9999882578849792,
        -0.004858467727899551,
        0.008667838759720325,
        -0.11954732239246368,
        0.004814572166651487,
        0.9928168058395386,
        -0.01911868341267109
    ],
    [
        0.9924980401992798,
        0.0005539277335628867,
        0.12225954234600067,
        0.15894955396652222,
        2.768662670860067e-05,
        0.9999886751174927,
        -0.0047554634511470795,
        0.008651070296764374,
        -0.12226079404354095,
        0.004723173100501299,
        0.992486834526062,
        -0.01894492283463478
    ],
    [
        0.9919019937515259,
        0.0005072364583611488,
        0.12700437009334564,
        0.1632864624261856,
        0.00013055950694251806,
        0.9999874234199524,
        -0.0050134724006056786,
        0.009384040720760822,
        -0.12700530886650085,
        0.00498945452272892,
        0.9918895363807678,
        -0.018747743219137192
    ],
    [
        0.9915981292724609,
        0.0003788261383306235,
        0.12935614585876465,
        0.16543132066726685,
        0.000256571191130206,
        0.9999880194664001,
        -0.004895299207419157,
        0.009406810626387596,
        -0.12935644388198853,
        0.004887357819825411,
        0.9915862083435059,
        -0.018657706677913666
    ],
    [
        0.9910106658935547,
        -1.9883455024682917e-05,
        0.13378281891345978,
        0.1698227971792221,
        0.0007098856731317937,
        0.9999867677688599,
        -0.005109928082674742,
        0.0099311713129282,
        -0.13378092646598816,
        0.005158963147550821,
        0.9909975528717041,
        -0.018935196101665497
    ],
    [
        0.9904690980911255,
        -0.00026586634339764714,
        0.13773468136787415,
        0.17468713223934174,
        0.000958130753133446,
        0.9999872446060181,
        -0.00495979143306613,
        0.009804047644138336,
        -0.1377316117286682,
        0.0050444877706468105,
        0.990456759929657,
        -0.019471915438771248
    ],
    [
        0.9902065992355347,
        -0.00025748854386620224,
        0.13960930705070496,
        0.17706556618213654,
        0.0009068684303201735,
        0.9999890923500061,
        -0.004587817471474409,
        0.009258454665541649,
        -0.13960659503936768,
        0.004669494461268187,
        0.9901960492134094,
        -0.01956460438668728
    ],
    [
        0.9896883964538574,
        -0.0006257882923819125,
        0.1432357132434845,
        0.18175460398197174,
        0.0012917736312374473,
        0.9999887347221375,
        -0.004556631203740835,
        0.009350757114589214,
        -0.14323128759860992,
        0.004694673698395491,
        0.989678144454956,
        -0.019603287801146507
    ],
    [
        0.9894431829452515,
        -0.000808116456028074,
        0.14491912722587585,
        0.18422232568264008,
        0.0014921653782948852,
        0.999988317489624,
        -0.004611581563949585,
        0.009446672163903713,
        -0.1449136883020401,
        0.004779142327606678,
        0.9894327521324158,
        -0.020142216235399246
    ],
    [
        0.9889525175094604,
        -0.0007446989184245467,
        0.14823055267333984,
        0.1888253539800644,
        0.001527130021713674,
        0.9999855160713196,
        -0.00516473175957799,
        0.010516203008592129,
        -0.14822453260421753,
        0.005334042478352785,
        0.9889393448829651,
        -0.02011633850634098
    ],
    [
        0.9887162446975708,
        -0.000904365791939199,
        0.14979757368564606,
        0.19111353158950806,
        0.0017084542196244001,
        0.9999849200248718,
        -0.0052392324432730675,
        0.010586792603135109,
        -0.14979055523872375,
        0.005436037201434374,
        0.9887028932571411,
        -0.020414622500538826
    ],
    [
        0.9881942272186279,
        -0.0011590608628466725,
        0.15320193767547607,
        0.19492149353027344,
        0.002050678012892604,
        0.9999818801879883,
        -0.005661994218826294,
        0.01134750060737133,
        -0.15319257974624634,
        0.00590931810438633,
        0.9881787896156311,
        -0.02045591175556183
    ],
    [
        0.9876427054405212,
        -0.0014302907511591911,
        0.15671561658382416,
        0.1980365812778473,
        0.0024198952596634626,
        0.9999783635139465,
        -0.006124035455286503,
        0.011902468279004097,
        -0.15670345723628998,
        0.006427593994885683,
        0.9876247644424438,
        -0.02017221227288246
    ],
    [
        0.9873936772346497,
        -0.0015375554794445634,
        0.15827590227127075,
        0.19973713159561157,
        0.0025324751622974873,
        0.999978244304657,
        -0.006084485445171595,
        0.011805165559053421,
        -0.15826313197612762,
        0.006408612243831158,
        0.9873760938644409,
        -0.02025727741420269
    ],
    [
        0.9868792295455933,
        -0.0017088943859562278,
        0.16145142912864685,
        0.20277826488018036,
        0.00279598287306726,
        0.9999749660491943,
        -0.006506267469376326,
        0.01226870622485876,
        -0.1614362597465515,
        0.006872315891087055,
        0.9868592023849487,
        -0.020053906366229057
    ],
    [
        0.9866206645965576,
        -0.0017922776751220226,
        0.1630229502916336,
        0.20417551696300507,
        0.0029028288554400206,
        0.999974250793457,
        -0.006574283353984356,
        0.012270975857973099,
        -0.1630069613456726,
        0.006959550082683563,
        0.9866003394126892,
        -0.020024094730615616
    ],
    [
        0.9861074686050415,
        -0.0019427670631557703,
        0.1660972237586975,
        0.20664355158805847,
        0.00316816009581089,
        0.9999696612358093,
        -0.007112931925803423,
        0.01292529609054327,
        -0.1660783588886261,
        0.007540337275713682,
        0.9860836863517761,
        -0.01980365626513958
    ],
    [
        0.985633373260498,
        -0.0020737575832754374,
        0.16888588666915894,
        0.2092665284872055,
        0.0034068673849105835,
        0.999965250492096,
        -0.007604174315929413,
        0.013476885855197906,
        -0.16886423528194427,
        0.00807029940187931,
        0.9856063723564148,
        -0.019740771502256393
    ]
]