[
    [
        0.9998528361320496,
        0.008486832492053509,
        0.014906778931617737,
        -0.16719667613506317,
        -0.008744673803448677,
        0.9998118877410889,
        0.017317816615104675,
        -0.04287714138627052,
        -0.014756999909877777,
        -0.017445623874664307,
        0.999738872051239,
        0.2908286154270172
    ],
    [
        0.9998592138290405,
        0.00813369546085596,
        0.014675704762339592,
        -0.20537135004997253,
        -0.008365845307707787,
        0.9998397827148438,
        0.0158272422850132,
        -0.03902984783053398,
        -0.014544617384672165,
        -0.015947788953781128,
        0.999767005443573,
        0.3555937111377716
    ],
    [
        0.9998417496681213,
        0.008465616963803768,
        0.015647651627659798,
        -0.2479674369096756,
        -0.008716210722923279,
        0.9998337626457214,
        0.016016535460948944,
        -0.024393267929553986,
        -0.015509460121393204,
        -0.01615038700401783,
        0.9997492432594299,
        0.4209238290786743
    ],
    [
        0.9998353719711304,
        0.008592294529080391,
        0.015984686091542244,
        -0.29098692536354065,
        -0.00883614830672741,
        0.9998447299003601,
        0.015247893519699574,
        -0.01148736197501421,
        -0.015851188451051712,
        -0.015386626124382019,
        0.9997559189796448,
        0.47097864747047424
    ],
    [
        0.9998292922973633,
        0.008828375488519669,
        0.016230624169111252,
        -0.3216150104999542,
        -0.009062009863555431,
        0.999855637550354,
        0.014377983286976814,
        -0.0026502832770347595,
        -0.016101345419883728,
        -0.014522610232234001,
        0.9997648596763611,
        0.5037747025489807
    ],
    [
        0.9998291730880737,
        0.008549473248422146,
        0.016389789059758186,
        -0.3504984378814697,
        -0.00878523662686348,
        0.9998582601547241,
        0.014367233961820602,
        0.010119874961674213,
        -0.01626463048160076,
        -0.014508767984807491,
        0.9997624754905701,
        0.527702271938324
    ],
    [
        0.9998300671577454,
        0.008474515751004219,
        0.016369158402085304,
        -0.36788830161094666,
        -0.008703511208295822,
        0.9998645782470703,
        0.013969316147267818,
        0.01444346085190773,
        -0.016248555853962898,
        -0.014109412208199501,
        0.9997684359550476,
        0.5400239825248718
    ],
    [
        0.999836266040802,
        0.008157872594892979,
        0.016148585826158524,
        -0.37627291679382324,
        -0.008374635130167007,
        0.9998751878738403,
        0.013401147909462452,
        0.0183012206107378,
        -0.016037244349718094,
        -0.01353419292718172,
        0.9997797608375549,
        0.5442407727241516
    ],
    [
        0.9998350143432617,
        0.007954059168696404,
        0.01632940024137497,
        -0.37858545780181885,
        -0.00816985871642828,
        0.9998796582221985,
        0.013191450387239456,
        0.024835679680109024,
        -0.016222508624196053,
        -0.013322683051228523,
        0.9997796416282654,
        0.5397056937217712
    ],
    [
        0.9998535513877869,
        0.007854529656469822,
        0.015202326700091362,
        -0.37861040234565735,
        -0.008053028024733067,
        0.9998825788497925,
        0.013040185905992985,
        0.036722421646118164,
        -0.015098117291927338,
        -0.013160700909793377,
        0.9997994303703308,
        0.531534731388092
    ],
    [
        0.9998920559883118,
        0.008012151345610619,
        0.012317867949604988,
        -0.3793312907218933,
        -0.008174515329301357,
        0.9998797178268433,
        0.013187902048230171,
        0.04718092456459999,
        -0.012210722081363201,
        -0.013287171721458435,
        0.9998371601104736,
        0.5243740677833557
    ],
    [
        0.9999479055404663,
        0.008095546625554562,
        0.006229397375136614,
        -0.3748633563518524,
        -0.008176435716450214,
        0.9998811483383179,
        0.013070916756987572,
        0.054889023303985596,
        -0.0061228396371006966,
        -0.013121169060468674,
        0.9998952150344849,
        0.511189877986908
    ],
    [
        0.9999527335166931,
        0.00856239628046751,
        -0.0045908112078905106,
        -0.35355761647224426,
        -0.008501571603119373,
        0.9998780488967896,
        0.013108552433550358,
        0.05399822071194649,
        0.004702491220086813,
        -0.013068906962871552,
        0.9999035596847534,
        0.48020240664482117
    ],
    [
        0.9998656511306763,
        0.008430617861449718,
        -0.014062566682696342,
        -0.32904186844825745,
        -0.008258810266852379,
        0.9998911619186401,
        0.012231070548295975,
        0.04663468524813652,
        0.014164149761199951,
        -0.01211328711360693,
        0.9998263716697693,
        0.444743812084198
    ],
    [
        0.9996331334114075,
        0.008484143763780594,
        -0.0257223229855299,
        -0.29826465249061584,
        -0.008160307072103024,
        0.9998865127563477,
        0.01266869343817234,
        0.04543713480234146,
        0.025826886296272278,
        -0.012454143725335598,
        0.9995887875556946,
        0.3941989839076996
    ],
    [
        0.9994561076164246,
        0.008992726914584637,
        -0.03172525390982628,
        -0.26195618510246277,
        -0.008622859604656696,
        0.9998934864997864,
        0.011776060797274113,
        0.04029563441872597,
        0.03182777017354965,
        -0.011496094055473804,
        0.999427318572998,
        0.34101584553718567
    ],
    [
        0.9993937611579895,
        0.008978907950222492,
        -0.03363814577460289,
        -0.23278336226940155,
        -0.008612154982984066,
        0.9999021291732788,
        0.01103189680725336,
        0.04007173329591751,
        0.033733904361724854,
        -0.01073551271110773,
        0.9993731379508972,
        0.2858065366744995
    ],
    [
        0.9993317723274231,
        0.009023054502904415,
        -0.035421255975961685,
        -0.19505663216114044,
        -0.008662205189466476,
        0.9999091625213623,
        0.010327649302780628,
        0.04597514495253563,
        0.03551122546195984,
        -0.010013922117650509,
        0.9993190765380859,
        0.19824302196502686
    ],
    [
        0.9992617964744568,
        0.009068571031093597,
        -0.03733303025364876,
        -0.13866616785526276,
        -0.008667337708175182,
        0.9999030828475952,
        0.01089526992291212,
        0.04208698123693466,
        0.03742821142077446,
        -0.01056364830583334,
        0.9992434978485107,
        0.08202936500310898
    ],
    [
        0.99928218126297,
        0.0087959673255682,
        -0.036847639828920364,
        -0.09344372153282166,
        -0.008439386263489723,
        0.9999162554740906,
        0.009821544401347637,
        0.034629371017217636,
        0.03693094104528427,
        -0.009503521956503391,
        0.9992726445198059,
        -0.02075456827878952
    ],
    [
        0.9992891550064087,
        0.008806725963950157,
        -0.03665662556886673,
        -0.04289507120847702,
        -0.008421453647315502,
        0.9999078512191772,
        0.010651455260813236,
        0.03181552514433861,
        0.036747053265571594,
        -0.010335180908441544,
        0.9992710947990417,
        -0.14085322618484497
    ],
    [
        0.9992365837097168,
        0.009009098634123802,
        -0.038013845682144165,
        0.01815187931060791,
        -0.008654854260385036,
        0.9999176859855652,
        0.009473149664700031,
        0.027185622602701187,
        0.03809605538845062,
        -0.00913691334426403,
        0.9992324113845825,
        -0.25211814045906067
    ],
    [
        0.9992762804031372,
        0.008216163143515587,
        -0.03714017570018768,
        0.08228128403425217,
        -0.007833310402929783,
        0.9999147653579712,
        0.010442101396620274,
        0.0273081436753273,
        0.037222810089588165,
        -0.010143613442778587,
        0.9992554783821106,
        -0.3491227328777313
    ],
    [
        0.9992122650146484,
        0.008081593550741673,
        -0.03885257989168167,
        0.17281049489974976,
        -0.0076368688605725765,
        0.9999037384986877,
        0.011581280268728733,
        0.03594798967242241,
        0.03894243761897087,
        -0.011275445111095905,
        0.999177873134613,
        -0.4709831178188324
    ],
    [
        0.9991933703422546,
        0.007941978983581066,
        -0.03936458379030228,
        0.24934062361717224,
        -0.007456119172275066,
        0.9998944401741028,
        0.012474047020077705,
        0.033072516322135925,
        0.03945949301123619,
        -0.012170477770268917,
        0.9991469383239746,
        -0.579570472240448
    ]
]