[
    [
        0.9778776168823242,
        0.04263128340244293,
        -0.2047874927520752,
        -0.15587519109249115,
        -0.04857409745454788,
        0.998529314994812,
        -0.02407831698656082,
        0.01591959409415722,
        0.20345982909202576,
        0.03349301591515541,
        0.9785102605819702,
        0.2588295042514801
    ],
    [
        0.9742069244384766,
        0.047342449426651,
        -0.22063449025154114,
        -0.16655713319778442,
        -0.05412675067782402,
        0.9982260465621948,
        -0.024802053347229958,
        0.013496315106749535,
        0.21906888484954834,
        0.036104559898376465,
        0.9750412106513977,
        0.2732571065425873
    ],
    [
        0.9706337451934814,
        0.05117800459265709,
        -0.23505516350269318,
        -0.17738090455532074,
        -0.05888409540057182,
        0.9979293942451477,
        -0.025878436863422394,
        0.011054509319365025,
        0.23324404656887054,
        0.03895949199795723,
        0.9716373682022095,
        0.28725284337997437
    ],
    [
        0.96696937084198,
        0.055311355739831924,
        -0.2488189935684204,
        -0.18886250257492065,
        -0.06382279098033905,
        0.9976155757904053,
        -0.026264922693371773,
        0.009174435399472713,
        0.24677294492721558,
        0.041277702897787094,
        0.968193769454956,
        0.30092719197273254
    ],
    [
        0.9629994034767151,
        0.05949128419160843,
        -0.26285552978515625,
        -0.1996961236000061,
        -0.06878262758255005,
        0.9972854256629944,
        -0.026279963552951813,
        0.006650697439908981,
        0.26057860255241394,
        0.043387480080127716,
        0.9644773006439209,
        0.3145469129085541
    ],
    [
        0.9587932229042053,
        0.06369472295045853,
        -0.2768729329109192,
        -0.2117316722869873,
        -0.07362284511327744,
        0.9969574809074402,
        -0.02560071460902691,
        0.003794429125264287,
        0.27439987659454346,
        0.04492996260523796,
        0.9605653882026672,
        0.3276401460170746
    ],
    [
        0.9539450407028198,
        0.06753868609666824,
        -0.29227951169013977,
        -0.2223215103149414,
        -0.07792540639638901,
        0.996669590473175,
        -0.02402770146727562,
        0.0009577960590831935,
        0.28968334197998047,
        0.045697104185819626,
        0.956031084060669,
        0.341556578874588
    ],
    [
        0.9485899209976196,
        0.07147058099508286,
        -0.3083326518535614,
        -0.232717826962471,
        -0.08254949003458023,
        0.9963211417198181,
        -0.023020513355731964,
        -0.0009751892066560686,
        0.30555301904678345,
        0.047289732843637466,
        0.9509999752044678,
        0.35521504282951355
    ],
    [
        0.9426182508468628,
        0.07508163154125214,
        -0.3253207504749298,
        -0.2433973252773285,
        -0.0868103876709938,
        0.9959892630577087,
        -0.021666500717401505,
        -0.00347910076379776,
        0.3223891854286194,
        0.04866446182131767,
        0.9453554749488831,
        0.3701465129852295
    ],
    [
        0.935777485370636,
        0.07918615639209747,
        -0.3435841500759125,
        -0.2549861967563629,
        -0.09137047827243805,
        0.9956281185150146,
        -0.019391115754842758,
        -0.0068973819725215435,
        0.34054654836654663,
        0.049539223313331604,
        0.9389216899871826,
        0.3860733211040497
    ],
    [
        0.928318440914154,
        0.08168051391839981,
        -0.36270254850387573,
        -0.2666776776313782,
        -0.0945211723446846,
        0.9953643083572388,
        -0.017766321077942848,
        -0.008343355730175972,
        0.3595699965953827,
        0.05077587068080902,
        0.9317355751991272,
        0.40136539936065674
    ],
    [
        0.9196577072143555,
        0.08559483289718628,
        -0.383279412984848,
        -0.27797549962997437,
        -0.09922949969768524,
        0.9949374198913574,
        -0.01590399630367756,
        -0.010497650131583214,
        0.3799777030944824,
        0.05265885964035988,
        0.9234954714775085,
        0.4167403280735016
    ],
    [
        0.9106946587562561,
        0.08724481612443924,
        -0.4037618041038513,
        -0.2909091114997864,
        -0.10204978287220001,
        0.9946624636650085,
        -0.015249219723045826,
        -0.011519225314259529,
        0.4002762734889984,
        0.05509118735790253,
        0.9147370457649231,
        0.43276214599609375
    ],
    [
        0.9006940126419067,
        0.08947784453630447,
        -0.42513975501060486,
        -0.3012511730194092,
        -0.10534483939409256,
        0.9943385124206543,
        -0.013906505890190601,
        -0.012239199131727219,
        0.42148852348327637,
        0.05731178820133209,
        0.9050208926200867,
        0.44703882932662964
    ],
    [
        0.8841289281845093,
        0.0926438421010971,
        -0.45796626806259155,
        -0.31553035974502563,
        -0.1099560484290123,
        0.9938730597496033,
        -0.011221582069993019,
        -0.013959458097815514,
        0.4541207551956177,
        0.060277484357357025,
        0.8888987898826599,
        0.46762287616729736
    ],
    [
        0.8723111152648926,
        0.09465207904577255,
        -0.4797024130821228,
        -0.3242679536342621,
        -0.11335195600986481,
        0.9935036897659302,
        -0.010091645643115044,
        -0.013997266069054604,
        0.47563084959983826,
        0.06317826360464096,
        0.8773731589317322,
        0.4805395305156708
    ],
    [
        0.8601015210151672,
        0.09708765894174576,
        -0.5007986426353455,
        -0.33240097761154175,
        -0.11631070822477341,
        0.9931867122650146,
        -0.007214185316115618,
        -0.016545886173844337,
        0.4966861307621002,
        0.06445317715406418,
        0.8655337691307068,
        0.4915327727794647
    ],
    [
        0.8409691452980042,
        0.1002858355641365,
        -0.5317081809043884,
        -0.3431018888950348,
        -0.1209496334195137,
        0.9926503300666809,
        -0.00407392205670476,
        -0.018152417615056038,
        0.5273917317390442,
        0.067735955119133,
        0.8469178676605225,
        0.5056670904159546
    ],
    [
        0.8275261521339417,
        0.10312113910913467,
        -0.5518754124641418,
        -0.34977370500564575,
        -0.12506581842899323,
        0.9921460747718811,
        -0.0021453946828842163,
        -0.02040657214820385,
        0.5473198890686035,
        0.07079613208770752,
        0.833923876285553,
        0.5156113505363464
    ],
    [
        0.81379234790802,
        0.10523838549852371,
        -0.5715476870536804,
        -0.35490554571151733,
        -0.128879114985466,
        0.9916599988937378,
        -0.0009101208997890353,
        -0.020482376217842102,
        0.5666851997375488,
        0.07440121471881866,
        0.8205682635307312,
        0.525568425655365
    ],
    [
        0.8004999756813049,
        0.10747823119163513,
        -0.589617133140564,
        -0.36199653148651123,
        -0.1324070692062378,
        0.9911949634552002,
        0.0009159212349914014,
        -0.02233714424073696,
        0.5845239758491516,
        0.07733628153800964,
        0.8076823949813843,
        0.5337247848510742
    ],
    [
        0.7871326804161072,
        0.1082843616604805,
        -0.6072039604187012,
        -0.3687115013599396,
        -0.13550284504890442,
        0.9907764196395874,
        0.0010324117029085755,
        -0.02090754359960556,
        0.6017151474952698,
        0.0814652293920517,
        0.7945452928543091,
        0.5427014231681824
    ],
    [
        0.7750952243804932,
        0.11021644622087479,
        -0.6221573948860168,
        -0.37814822793006897,
        -0.1386321485042572,
        0.9903402328491211,
        0.002730290638282895,
        -0.020745567977428436,
        0.6164483428001404,
        0.0841347724199295,
        0.7828874588012695,
        0.548797070980072
    ],
    [
        0.7628276944160461,
        0.11171697080135345,
        -0.6368777751922607,
        -0.38641607761383057,
        -0.1416170448064804,
        0.989913284778595,
        0.004020743537694216,
        -0.019890232011675835,
        0.6309029459953308,
        0.08712561428546906,
        0.7709543704986572,
        0.5567298531532288
    ],
    [
        0.7447704076766968,
        0.11254865676164627,
        -0.65776127576828,
        -0.40081483125686646,
        -0.1461850106716156,
        0.9892501831054688,
        0.0037468099035322666,
        -0.014380752108991146,
        0.6511121392250061,
        0.09336432069540024,
        0.7532171607017517,
        0.5696723461151123
    ]
]