[
    [
        0.9762734174728394,
        0.029006831347942352,
        -0.21459007263183594,
        -0.29986920952796936,
        -0.028892604634165764,
        0.9995757341384888,
        0.0036695473827421665,
        -0.09872622042894363,
        0.214605450630188,
        0.0026175843086093664,
        0.9766974449157715,
        -0.22355882823467255
    ],
    [
        0.9367436766624451,
        0.04647196829319,
        -0.34691715240478516,
        -0.44057348370552063,
        -0.04658899083733559,
        0.9988821148872375,
        0.008007884956896305,
        -0.18277500569820404,
        0.34690144658088684,
        0.008661181665956974,
        0.9378615617752075,
        -0.3297208547592163
    ],
    [
        0.887169599533081,
        0.06157899275422096,
        -0.45731624960899353,
        -0.585879385471344,
        -0.06232689321041107,
        0.9979649186134338,
        0.013468022458255291,
        -0.2948448956012726,
        0.45721492171287537,
        0.01655467599630356,
        0.8892021775245667,
        -0.37482669949531555
    ],
    [
        0.8456190824508667,
        0.0729866474866867,
        -0.5287732481956482,
        -0.7642067074775696,
        -0.07345755398273468,
        0.9970946311950684,
        0.02015511505305767,
        -0.41121047735214233,
        0.5287081003189087,
        0.021798834204673767,
        0.8485238552093506,
        -0.3423224687576294
    ],
    [
        0.8171126246452332,
        0.0739600658416748,
        -0.571713924407959,
        -1.0031394958496094,
        -0.08140123635530472,
        0.996601939201355,
        0.012584537267684937,
        -0.5723573565483093,
        0.5707019567489624,
        0.036255232989788055,
        0.820356547832489,
        -0.22588694095611572
    ],
    [
        0.8046514391899109,
        0.06536880880594254,
        -0.5901380777359009,
        -1.2411211729049683,
        -0.08507909625768661,
        0.9963582754135132,
        -0.005639760289341211,
        -0.6888825297355652,
        0.587620198726654,
        0.05474643409252167,
        0.807282567024231,
        -0.08238912373781204
    ],
    [
        0.7960786819458008,
        0.05586206912994385,
        -0.602609395980835,
        -1.5970427989959717,
        -0.08866219222545624,
        0.9957524538040161,
        -0.024820907041430473,
        -0.7676213979721069,
        0.5986632704734802,
        0.07318805158138275,
        0.7976500391960144,
        0.092653788626194
    ],
    [
        0.7885916233062744,
        0.04661160334944725,
        -0.6131483316421509,
        -1.9223089218139648,
        -0.09204896539449692,
        0.9948359131813049,
        -0.04276002570986748,
        -0.8360037803649902,
        0.6079888939857483,
        0.09015986323356628,
        0.7888098359107971,
        0.23946046829223633
    ],
    [
        0.7811519503593445,
        0.04280245304107666,
        -0.6228721737861633,
        -2.209317445755005,
        -0.09319085627794266,
        0.9944645166397095,
        -0.04853431135416031,
        -0.9411592483520508,
        0.6173468828201294,
        0.0959586575627327,
        0.7808167338371277,
        0.43751582503318787
    ],
    [
        0.7710083723068237,
        0.04093817248940468,
        -0.6355079412460327,
        -2.518986225128174,
        -0.09625032544136047,
        0.9939587116241455,
        -0.05274363234639168,
        -1.100874423980713,
        0.6295093894004822,
        0.10183366388082504,
        0.7702906727790833,
        0.6169148683547974
    ],
    [
        0.761638343334198,
        0.04143747314810753,
        -0.6466760635375977,
        -2.7734944820404053,
        -0.0995326116681099,
        0.9935917258262634,
        -0.05355985462665558,
        -1.1825553178787231,
        0.6403126120567322,
        0.10515860468149185,
        0.7608820199966431,
        0.7391887307167053
    ],
    [
        0.7563862800598145,
        0.043979063630104065,
        -0.6526451706886292,
        -3.1820709705352783,
        -0.10305050760507584,
        0.9932898283004761,
        -0.05249718204140663,
        -1.171535611152649,
        0.6459569334983826,
        0.10696355998516083,
        0.7558427453041077,
        0.897274911403656
    ],
    [
        0.7538632154464722,
        0.04659835994243622,
        -0.6553769707679749,
        -3.6362318992614746,
        -0.10555645078420639,
        0.9931145310401917,
        -0.05080684646964073,
        -1.1745818853378296,
        0.6484968066215515,
        0.10748062282800674,
        0.7535911798477173,
        1.0692150592803955
    ],
    [
        0.7527755498886108,
        0.04789131134748459,
        -0.656532883644104,
        -4.05106258392334,
        -0.10648588836193085,
        0.9930735230445862,
        -0.049655310809612274,
        -1.1331952810287476,
        0.6496074199676514,
        0.10729080438613892,
        0.7526611685752869,
        1.2930333614349365
    ],
    [
        0.7516287565231323,
        0.04795456305146217,
        -0.657841145992279,
        -4.515214443206787,
        -0.10677540302276611,
        0.9930448532104492,
        -0.04960845783352852,
        -1.1175779104232788,
        0.650886595249176,
        0.10752835869789124,
        0.7515212893486023,
        1.5907223224639893
    ],
    [
        0.7520164251327515,
        0.04795263335108757,
        -0.6573978066444397,
        -4.931477069854736,
        -0.10730646550655365,
        0.9929516315460205,
        -0.05032198131084442,
        -1.0606091022491455,
        0.6503511667251587,
        0.10838595777750015,
        0.7518614530563354,
        1.864770531654358
    ],
    [
        0.7565562725067139,
        0.0485101044178009,
        -0.6521268486976624,
        -5.402413368225098,
        -0.10716331750154495,
        0.9929601550102234,
        -0.05046025291085243,
        -1.0093168020248413,
        0.6450881361961365,
        0.1080600693821907,
        0.7564288973808289,
        2.166325807571411
    ],
    [
        0.763451337814331,
        0.047087837010622025,
        -0.6441464424133301,
        -5.797980785369873,
        -0.10533314943313599,
        0.9930635094642639,
        -0.05224822089076042,
        -0.9632044434547424,
        0.637218177318573,
        0.10773897916078568,
        0.7631155848503113,
        2.5113043785095215
    ],
    [
        0.7699036002159119,
        0.0481603667140007,
        -0.636340320110321,
        -6.208712100982666,
        -0.10405144095420837,
        0.9932780265808105,
        -0.05071645975112915,
        -0.9286682605743408,
        0.6296202540397644,
        0.10525892674922943,
        0.7697393298149109,
        2.9506421089172363
    ],
    [
        0.7741710543632507,
        0.046230949461460114,
        -0.6312856674194336,
        -6.590357303619385,
        -0.10306697338819504,
        0.9932260513305664,
        -0.053658321499824524,
        -0.8863241672515869,
        0.6245287656784058,
        0.1066054031252861,
        0.7736919522285461,
        3.4082016944885254
    ],
    [
        0.7772536873817444,
        0.04569089785218239,
        -0.627526581287384,
        -6.914434909820557,
        -0.10249660909175873,
        0.9932318925857544,
        -0.05463392287492752,
        -0.8604347109794617,
        0.620782732963562,
        0.10678374022245407,
        0.7766761183738708,
        3.8232929706573486
    ],
    [
        0.7787483334541321,
        0.04445740208029747,
        -0.6257594227790833,
        -7.2048492431640625,
        -0.10131264477968216,
        0.9933046102523804,
        -0.055512212216854095,
        -0.8092362880706787,
        0.6191017031669617,
        0.10662738233804703,
        0.7780380845069885,
        4.305019855499268
    ],
    [
        0.7788751125335693,
        0.04371502622961998,
        -0.6256538033485413,
        -7.4213547706604,
        -0.1003989651799202,
        0.9933937788009644,
        -0.05557701364159584,
        -0.811098039150238,
        0.6190909743309021,
        0.10610256344079971,
        0.7781186103820801,
        4.766852855682373
    ],
    [
        0.7739615440368652,
        0.04422504082322121,
        -0.6316863894462585,
        -7.660580635070801,
        -0.10151161253452301,
        0.9933221340179443,
        -0.05483167991042137,
        -0.830057680606842,
        0.6250431537628174,
        0.1065610721707344,
        0.7732824683189392,
        5.26686954498291
    ],
    [
        0.7543964385986328,
        0.04526207596063614,
        -0.6548569798469543,
        -7.888092517852783,
        -0.1050477921962738,
        0.9930869340896606,
        -0.05237555131316185,
        -0.8954864144325256,
        0.6479591727256775,
        0.10830322653055191,
        0.753935694694519,
        5.737730979919434
    ]
]