[
    [
        0.9882307648658752,
        0.003077644156292081,
        -0.15293948352336884,
        -0.00913295615464449,
        -0.00396130234003067,
        0.999977171421051,
        -0.005473447032272816,
        0.015434492379426956,
        0.15291914343833923,
        0.0060148686170578,
        0.9882204532623291,
        0.3871707618236542
    ],
    [
        0.9866581559181213,
        0.0033526835031807423,
        -0.16277119517326355,
        -0.009785326197743416,
        -0.004320056177675724,
        0.9999751448631287,
        -0.005589556880295277,
        0.017731131985783577,
        0.16274841129779816,
        0.006218162830919027,
        0.98664790391922,
        0.404900461435318
    ],
    [
        0.9850082993507385,
        0.003461353713646531,
        -0.1724724918603897,
        -0.010439673438668251,
        -0.004477604757994413,
        0.99997478723526,
        -0.005503550171852112,
        0.019599109888076782,
        0.17244909703731537,
        0.0061933062970638275,
        0.9849990010261536,
        0.4233196973800659
    ],
    [
        0.9833745956420898,
        0.0037694659549742937,
        -0.18154950439929962,
        -0.012546099722385406,
        -0.004859639331698418,
        0.9999727010726929,
        -0.005560373421758413,
        0.02145969122648239,
        0.18152360618114471,
        0.0063501945696771145,
        0.9833661913871765,
        0.44125449657440186
    ],
    [
        0.9817447662353516,
        0.004149376414716244,
        -0.19015797972679138,
        -0.014599917456507683,
        -0.0052724117413163185,
        0.9999715089797974,
        -0.005400264635682106,
        0.023352041840553284,
        0.19013017416000366,
        0.0063042719848454,
        0.9817387461662292,
        0.45881909132003784
    ],
    [
        0.9794895648956299,
        0.004369532689452171,
        -0.20144768059253693,
        -0.01900988072156906,
        -0.00560656376183033,
        0.9999687671661377,
        -0.005570548586547375,
        0.025362685322761536,
        0.20141704380512238,
        0.006585724651813507,
        0.9794833660125732,
        0.48248735070228577
    ],
    [
        0.9778599143028259,
        0.004757968243211508,
        -0.20920626819133759,
        -0.022223129868507385,
        -0.006025325506925583,
        0.9999672174453735,
        -0.005421028472483158,
        0.026236524805426598,
        0.20917360484600067,
        0.006561542861163616,
        0.9778565764427185,
        0.498207688331604
    ],
    [
        0.9762108325958252,
        0.0051295338198542595,
        -0.2167627066373825,
        -0.02552027627825737,
        -0.006395796313881874,
        0.9999663829803467,
        -0.005140569992363453,
        0.026786072179675102,
        0.2167290598154068,
        0.006404651328921318,
        0.9762107133865356,
        0.5143626928329468
    ],
    [
        0.9746813178062439,
        0.0053167929872870445,
        -0.22353579103946686,
        -0.029186667874455452,
        -0.006750938016921282,
        0.9999611973762512,
        -0.00565200624987483,
        0.02813190221786499,
        0.22349706292152405,
        0.007017981261014938,
        0.9746793508529663,
        0.5292365550994873
    ],
    [
        0.9732583165168762,
        0.005584205500781536,
        -0.22964546084403992,
        -0.03284233808517456,
        -0.006963461171835661,
        0.9999622106552124,
        -0.005196061450988054,
        0.028101852163672447,
        0.22960777580738068,
        0.006656237877905369,
        0.9732604622840881,
        0.5448788404464722
    ],
    [
        0.9711933135986328,
        0.005782557651400566,
        -0.2382223755121231,
        -0.03753218427300453,
        -0.007336804643273354,
        0.9999572038650513,
        -0.0056382035836577415,
        0.030501658096909523,
        0.23817959427833557,
        0.0072235772386193275,
        0.9711942672729492,
        0.5675856471061707
    ],
    [
        0.9696929454803467,
        0.005796675104647875,
        -0.24425804615020752,
        -0.04003675654530525,
        -0.0073972661048173904,
        0.9999567866325378,
        -0.005636058282107115,
        0.030748924240469933,
        0.24421483278274536,
        0.007272087037563324,
        0.9696938395500183,
        0.5823033452033997
    ],
    [
        0.9680395126342773,
        0.005715828388929367,
        -0.2507326304912567,
        -0.04157450422644615,
        -0.007390459533780813,
        0.9999561905860901,
        -0.005737896542996168,
        0.03157031908631325,
        0.2506888806819916,
        0.007407539989799261,
        0.968039333820343,
        0.5969765782356262
    ],
    [
        0.9666846394538879,
        0.005871920846402645,
        -0.25590312480926514,
        -0.044537659734487534,
        -0.00762686925008893,
        0.9999537467956543,
        -0.005866004154086113,
        0.03181542083621025,
        0.25585681200027466,
        0.007622314617037773,
        0.9666846394538879,
        0.6102526187896729
    ],
    [
        0.9652345776557922,
        0.006169382482767105,
        -0.26131218671798706,
        -0.04626588523387909,
        -0.00797178316861391,
        0.999951183795929,
        -0.005838075652718544,
        0.031931281089782715,
        0.2612634003162384,
        0.007718237582594156,
        0.9652366042137146,
        0.6234650611877441
    ],
    [
        0.9633150696754456,
        0.006355013232678175,
        -0.2682977616786957,
        -0.04887636750936508,
        -0.008212171494960785,
        0.9999495148658752,
        -0.0058003319427371025,
        0.03158379718661308,
        0.2682473361492157,
        0.007790855132043362,
        0.9633187055587769,
        0.6439222097396851
    ],
    [
        0.9619104266166687,
        0.0061982162296772,
        -0.2732943892478943,
        -0.05005180090665817,
        -0.008214132860302925,
        0.9999468326568604,
        -0.00623275013640523,
        0.0318329818546772,
        0.273241251707077,
        0.008240224793553352,
        0.9619101881980896,
        0.6571974158287048
    ],
    [
        0.9605001211166382,
        0.006301395129412413,
        -0.2782081067562103,
        -0.05046704411506653,
        -0.00838225893676281,
        0.9999450445175171,
        -0.006290658377110958,
        0.031101930886507034,
        0.2781531810760498,
        0.00837419182062149,
        0.960500180721283,
        0.6707051992416382
    ],
    [
        0.9592284560203552,
        0.006189248058944941,
        -0.2825639247894287,
        -0.05124921724200249,
        -0.008392455987632275,
        0.999943196773529,
        -0.006587489042431116,
        0.03097326122224331,
        0.2825070917606354,
        0.008690312504768372,
        0.9592258930206299,
        0.6832777857780457
    ],
    [
        0.9578748345375061,
        0.005957623943686485,
        -0.2871241867542267,
        -0.05208310857415199,
        -0.008159836754202843,
        0.9999458193778992,
        -0.006473858375102282,
        0.030103951692581177,
        0.28707006573677063,
        0.008544032461941242,
        0.9578714370727539,
        0.6956509351730347
    ],
    [
        0.9558913111686707,
        0.0060289413668215275,
        -0.29365843534469604,
        -0.05279233306646347,
        -0.008325628936290741,
        0.9999437928199768,
        -0.006571565289050341,
        0.029407912865281105,
        0.2936022877693176,
        0.008726593106985092,
        0.9558878540992737,
        0.7134391069412231
    ],
    [
        0.9545860886573792,
        0.005908410996198654,
        -0.2978769838809967,
        -0.052416641265153885,
        -0.00820545107126236,
        0.9999455213546753,
        -0.006461462937295437,
        0.029916737228631973,
        0.2978225350379944,
        0.008612236939370632,
        0.9545824527740479,
        0.72421795129776
    ],
    [
        0.9532285332679749,
        0.006089999806135893,
        -0.30218926072120667,
        -0.05123964324593544,
        -0.008227827027440071,
        0.9999492764472961,
        -0.005802020896226168,
        0.02951015718281269,
        0.30213862657546997,
        0.008017012849450111,
        0.9532303214073181,
        0.7351197600364685
    ],
    [
        0.9518444538116455,
        0.005861826241016388,
        -0.3065251111984253,
        -0.05001233518123627,
        -0.008295298554003239,
        0.9999436140060425,
        -0.006636778824031353,
        0.0305433738976717,
        0.3064689338207245,
        0.008859898895025253,
        0.9518395066261292,
        0.7461129426956177
    ],
    [
        0.9500749111175537,
        0.0058961655013263226,
        -0.31196650862693787,
        -0.04980122298002243,
        -0.008374274708330631,
        0.9999431371688843,
        -0.006604420021176338,
        0.03002934157848358,
        0.31190982460975647,
        0.008887185715138912,
        0.9500702023506165,
        0.7630751132965088
    ]
]