[
    [
        0.9983636736869812,
        0.00587591202929616,
        -0.056880008429288864,
        -0.0861346498131752,
        -0.005395586136728525,
        0.9999485611915588,
        0.00859442912042141,
        -0.030121007934212685,
        0.05692758411169052,
        -0.008273465558886528,
        0.9983440637588501,
        0.2510862648487091
    ],
    [
        0.9981667399406433,
        0.006184185855090618,
        -0.06020659953355789,
        -0.09378433972597122,
        -0.005703554023057222,
        0.9999505281448364,
        0.008151614107191563,
        -0.030002545565366745,
        0.06025402992963791,
        -0.007793279364705086,
        0.9981525540351868,
        0.27804577350616455
    ],
    [
        0.997887372970581,
        0.007651944644749165,
        -0.06451547890901566,
        -0.10317060351371765,
        -0.007117141503840685,
        0.999938428401947,
        0.008515285328030586,
        -0.03342609480023384,
        0.064576655626297,
        -0.008038130588829517,
        0.9978803396224976,
        0.31940197944641113
    ],
    [
        0.997794508934021,
        0.008011783473193645,
        -0.06589343398809433,
        -0.1150854229927063,
        -0.007430394180119038,
        0.9999313354492188,
        0.009063511155545712,
        -0.035936664789915085,
        0.06596153229475021,
        -0.008553908206522465,
        0.9977854490280151,
        0.3619893789291382
    ],
    [
        0.9978439211845398,
        0.007494964636862278,
        -0.06520131230354309,
        -0.1286281943321228,
        -0.006878678686916828,
        0.999929666519165,
        0.009671411477029324,
        -0.040554504841566086,
        0.06526920199394226,
        -0.009202061221003532,
        0.9978252649307251,
        0.4079861342906952
    ],
    [
        0.9980636239051819,
        0.007697251159697771,
        -0.06172291934490204,
        -0.14332450926303864,
        -0.00705877086147666,
        0.9999194145202637,
        0.010555693879723549,
        -0.04610544815659523,
        0.06179919093847275,
        -0.010099565610289574,
        0.9980375170707703,
        0.45868751406669617
    ],
    [
        0.9982500672340393,
        0.00675079133361578,
        -0.05874824523925781,
        -0.15141144394874573,
        -0.0061394162476062775,
        0.9999251365661621,
        0.010580968111753464,
        -0.049846768379211426,
        0.058815278112888336,
        -0.0102017717435956,
        0.9982166886329651,
        0.5082926750183105
    ],
    [
        0.9984558820724487,
        0.005856478586792946,
        -0.055241577327251434,
        -0.1562822163105011,
        -0.0052479589357972145,
        0.9999241232872009,
        0.011154253035783768,
        -0.05682912841439247,
        0.055302705615758896,
        -0.010847124271094799,
        0.998410701751709,
        0.5603632926940918
    ],
    [
        0.9988105893135071,
        0.005090790800750256,
        -0.04849308356642723,
        -0.16554078459739685,
        -0.00448809377849102,
        0.9999114274978638,
        0.012529297731816769,
        -0.06609538942575455,
        0.04855257272720337,
        -0.012296753004193306,
        0.9987448453903198,
        0.6128934025764465
    ],
    [
        0.999177873134613,
        0.0034793266095221043,
        -0.0403914749622345,
        -0.1752876490354538,
        -0.002953187096863985,
        0.9999101161956787,
        0.013078372925519943,
        -0.0735052153468132,
        0.04043334722518921,
        -0.012948337011039257,
        0.9990983009338379,
        0.6651073098182678
    ],
    [
        0.9996044039726257,
        0.0019459789618849754,
        -0.028055384755134583,
        -0.19131571054458618,
        -0.0015557600418105721,
        0.9999018311500549,
        0.013924003578722477,
        -0.08300942182540894,
        0.028079727664589882,
        -0.013874850235879421,
        0.999509334564209,
        0.7195106744766235
    ],
    [
        0.9999067783355713,
        0.0004570618038997054,
        -0.013646268285810947,
        -0.21075467765331268,
        -0.00025816416018642485,
        0.9998937249183655,
        0.014573457650840282,
        -0.0909361019730568,
        0.01365148089826107,
        -0.014568577520549297,
        0.9998006224632263,
        0.7730757594108582
    ],
    [
        0.9999887943267822,
        -0.002724156016483903,
        0.0038905658293515444,
        -0.235037162899971,
        0.0026660526636987925,
        0.9998860359191895,
        0.014862403273582458,
        -0.0975225418806076,
        -0.003930609207600355,
        -0.01485186442732811,
        0.9998819828033447,
        0.8304887413978577
    ],
    [
        0.9998877644538879,
        -0.005176910199224949,
        0.014066778123378754,
        -0.2448238730430603,
        0.004975509829819202,
        0.9998852610588074,
        0.01431494951248169,
        -0.10200408101081848,
        -0.014139269478619099,
        -0.014243352226912975,
        0.999798595905304,
        0.8722894787788391
    ],
    [
        0.9994804859161377,
        -0.008303575217723846,
        0.031141379848122597,
        -0.26139459013938904,
        0.00782546866685152,
        0.9998501539230347,
        0.0154433473944664,
        -0.11130926012992859,
        -0.03126494958996773,
        -0.015191628597676754,
        0.9993957281112671,
        0.9256680011749268
    ],
    [
        0.9987817406654358,
        -0.011408545076847076,
        0.04800916463136673,
        -0.27830952405929565,
        0.010665842331945896,
        0.9998198747634888,
        0.015697892755270004,
        -0.1183861643075943,
        -0.04817960783839226,
        -0.015166711062192917,
        0.998723566532135,
        0.9799453020095825
    ],
    [
        0.9979749321937561,
        -0.012628192082047462,
        0.062342312186956406,
        -0.28606554865837097,
        0.011617474257946014,
        0.9997956156730652,
        0.01654835417866707,
        -0.12729290127754211,
        -0.06253853440284729,
        -0.015790581703186035,
        0.9979175925254822,
        1.031403660774231
    ],
    [
        0.996972382068634,
        -0.015106606297194958,
        0.07627611607313156,
        -0.29024457931518555,
        0.013854557648301125,
        0.9997609257698059,
        0.016917262226343155,
        -0.134558767080307,
        -0.07651344686746597,
        -0.015809275209903717,
        0.9969432353973389,
        1.085957407951355
    ],
    [
        0.9958544969558716,
        -0.01720832660794258,
        0.08931811153888702,
        -0.29221293330192566,
        0.01566343754529953,
        0.9997158050537109,
        0.017968738451600075,
        -0.14243444800376892,
        -0.08960194885730743,
        -0.016495225951075554,
        0.9958411455154419,
        1.1358921527862549
    ],
    [
        0.9944804906845093,
        -0.01909324713051319,
        0.10316917300224304,
        -0.29590728878974915,
        0.017277797684073448,
        0.99968022108078,
        0.018461981788277626,
        -0.1498844027519226,
        -0.10348869115114212,
        -0.016577547416090965,
        0.9944925308227539,
        1.1845570802688599
    ],
    [
        0.9929379224777222,
        -0.0206750575453043,
        0.11681997030973434,
        -0.2979156970977783,
        0.018640270456671715,
        0.9996553659439087,
        0.018484003841876984,
        -0.15623827278614044,
        -0.11716185510158539,
        -0.01617591083049774,
        0.9929810762405396,
        1.2315045595169067
    ],
    [
        0.9911181926727295,
        -0.022850237786769867,
        0.13100619614124298,
        -0.29712003469467163,
        0.020656535401940346,
        0.9996232390403748,
        0.018079763278365135,
        -0.1608053296804428,
        -0.131369948387146,
        -0.01521304715424776,
        0.9912166595458984,
        1.2802757024765015
    ],
    [
        0.989186704158783,
        -0.022838028147816658,
        0.1448729932308197,
        -0.29550594091415405,
        0.020487084984779358,
        0.9996334314346313,
        0.017698999494314194,
        -0.16581830382347107,
        -0.14522410929203033,
        -0.014539592899382114,
        0.9892919659614563,
        1.3261443376541138
    ],
    [
        0.9871281385421753,
        -0.023598887026309967,
        0.15818113088607788,
        -0.29154059290885925,
        0.021075356751680374,
        0.9996227025985718,
        0.017612149938941002,
        -0.17112039029598236,
        -0.15853706002235413,
        -0.014051727019250393,
        0.9872531294822693,
        1.3721284866333008
    ],
    [
        0.9847211837768555,
        -0.024860329926013947,
        0.17235492169857025,
        -0.28606122732162476,
        0.022270826622843742,
        0.9996083378791809,
        0.016942046582698822,
        -0.1765287071466446,
        -0.17270861566066742,
        -0.012844705954194069,
        0.9848892688751221,
        1.4170031547546387
    ]
]