[
    [
        0.996614396572113,
        0.003271294292062521,
        -0.0821523368358612,
        3.255225419998169,
        -0.003984363283962011,
        0.9999558329582214,
        -0.008516883477568626,
        1.8417898416519165,
        0.08212079107761383,
        0.008815358392894268,
        0.9965833425521851,
        4.872659206390381
    ],
    [
        0.9965915083885193,
        0.003923324402421713,
        -0.08240124583244324,
        3.225739002227783,
        -0.004671639762818813,
        0.9999495148658752,
        -0.008890198543667793,
        1.8342548608779907,
        0.08236214518547058,
        0.009244845248758793,
        0.9965595602989197,
        4.847567558288574
    ],
    [
        0.9965733289718628,
        0.004441909492015839,
        -0.08259434998035431,
        3.194798469543457,
        -0.005218359176069498,
        0.9999441504478455,
        -0.009187137708067894,
        1.8266913890838623,
        0.0825488269329071,
        0.009586667641997337,
        0.996540904045105,
        4.823379039764404
    ],
    [
        0.9965633749961853,
        0.00475464528426528,
        -0.08269765228033066,
        3.164482593536377,
        -0.00554609764367342,
        0.9999408721923828,
        -0.009342516772449017,
        1.818657398223877,
        0.08264833688735962,
        0.00976906530559063,
        0.9965309500694275,
        4.799074172973633
    ],
    [
        0.9965960383415222,
        0.0038560235407203436,
        -0.08235032111406326,
        3.1332836151123047,
        -0.004599025007337332,
        0.9999502897262573,
        -0.008834665641188622,
        1.8100337982177734,
        0.08231233060359955,
        0.009183344431221485,
        0.9965643286705017,
        4.773619174957275
    ],
    [
        0.9965736269950867,
        0.004485118668526411,
        -0.08258906751871109,
        3.103395700454712,
        -0.005263006314635277,
        0.9999437928199768,
        -0.009203207679092884,
        1.8011369705200195,
        0.08254322409629822,
        0.009606335312128067,
        0.9965411424636841,
        4.7496337890625
    ],
    [
        0.9965989589691162,
        0.0037772580981254578,
        -0.08231853693723679,
        3.0710835456848145,
        -0.00451641995459795,
        0.9999511241912842,
        -0.00879497267305851,
        1.7921088933944702,
        0.08228129893541336,
        0.009136822074651718,
        0.9965672492980957,
        4.726626873016357
    ],
    [
        0.9965983629226685,
        0.003909423016011715,
        -0.08231925219297409,
        3.0412654876708984,
        -0.004650795832276344,
        0.9999503493309021,
        -0.00881590973585844,
        1.783135175704956,
        0.0822807028889656,
        0.009168765507638454,
        0.9965670108795166,
        4.702544212341309
    ],
    [
        0.9966163635253906,
        0.0033706275280565023,
        -0.08212415128946304,
        2.9980998039245605,
        -0.004085561726242304,
        0.9999553561210632,
        -0.008538181893527508,
        1.7705062627792358,
        0.08209175616502762,
        0.008844808675348759,
        0.996585488319397,
        4.673995494842529
    ],
    [
        0.9966281652450562,
        0.002972878748551011,
        -0.08199688792228699,
        2.9663753509521484,
        -0.0036690712440758944,
        0.9999585747718811,
        -0.008341283537447453,
        1.7610348463058472,
        0.0819685235619545,
        0.008614000864326954,
        0.9965975880622864,
        4.652749538421631
    ],
    [
        0.9966339468955994,
        0.0028516848105937243,
        -0.08193118870258331,
        2.9354982376098633,
        -0.003541151527315378,
        0.9999595284461975,
        -0.008271902799606323,
        1.7521342039108276,
        0.0819043517112732,
        0.008534184657037258,
        0.9966036677360535,
        4.632011890411377
    ],
    [
        0.9966225028038025,
        0.0031450798269361258,
        -0.0820598229765892,
        2.9044203758239746,
        -0.0038488367572426796,
        0.9999571442604065,
        -0.008419318124651909,
        1.7425929307937622,
        0.08202994614839554,
        0.008706712163984776,
        0.9965918064117432,
        4.613786697387695
    ],
    [
        0.9966282248497009,
        0.0029925259295850992,
        -0.08199485391378403,
        2.873502492904663,
        -0.0036896774545311928,
        0.9999582767486572,
        -0.008351732045412064,
        1.7333561182022095,
        0.08196640014648438,
        0.008626124821603298,
        0.9965978860855103,
        4.597391605377197
    ],
    [
        0.996636152267456,
        0.002863656496629119,
        -0.08190368860960007,
        2.843634843826294,
        -0.0035540175158530474,
        0.999959409236908,
        -0.008284322917461395,
        1.7237827777862549,
        0.08187674731016159,
        0.008547530509531498,
        0.9966058135032654,
        4.581063270568848
    ],
    [
        0.9966332316398621,
        0.0029203982558101416,
        -0.08193588256835938,
        2.8137407302856445,
        -0.0036108852364122868,
        0.9999592304229736,
        -0.008280382491648197,
        1.713779091835022,
        0.08190823346376419,
        0.00854836031794548,
        0.99660325050354,
        4.566408157348633
    ],
    [
        0.9966215491294861,
        0.0032651228830218315,
        -0.08206624537706375,
        2.783863067626953,
        -0.003971945960074663,
        0.9999564290046692,
        -0.00845090951770544,
        1.7031575441360474,
        0.08203486353158951,
        0.008748328313231468,
        0.9965910315513611,
        4.552833557128906
    ],
    [
        0.9966467022895813,
        0.0025937864556908607,
        -0.0817834660410881,
        2.7446939945220947,
        -0.003265236271545291,
        0.9999620914459229,
        -0.008077498525381088,
        1.690207839012146,
        0.08175930380821228,
        0.008317437954246998,
        0.9966173768043518,
        4.5337138175964355
    ],
    [
        0.9966669678688049,
        0.0019860346801579,
        -0.08155281841754913,
        2.7156436443328857,
        -0.0026247724890708923,
        0.9999667406082153,
        -0.007725356612354517,
        1.6806780099868774,
        0.08153471350669861,
        0.00791365746408701,
        0.9966390132904053,
        4.5210700035095215
    ],
    [
        0.996688187122345,
        0.0013547912240028381,
        -0.08130726218223572,
        2.686184883117676,
        -0.001961726462468505,
        0.9999707341194153,
        -0.007385865319520235,
        1.670822024345398,
        0.0812949687242508,
        0.007520907558500767,
        0.9966616630554199,
        4.511117458343506
    ],
    [
        0.9966986775398254,
        0.0010137326316908002,
        -0.08118416368961334,
        2.6581225395202637,
        -0.0016039784532040358,
        0.9999726414680481,
        -0.007206784561276436,
        1.6609671115875244,
        0.08117461949586868,
        0.007313215639442205,
        0.9966731071472168,
        4.501074314117432
    ],
    [
        0.996714174747467,
        0.0006111363181844354,
        -0.08099763095378876,
        2.630199909210205,
        -0.001180532737635076,
        0.9999749064445496,
        -0.006982729304581881,
        1.6511071920394897,
        0.08099135011434555,
        0.007055398542433977,
        0.9966897368431091,
        4.492660999298096
    ],
    [
        0.9967198371887207,
        0.0004387939115986228,
        -0.0809280127286911,
        2.6026666164398193,
        -0.0009969183010980487,
        0.9999759793281555,
        -0.0068566142581403255,
        1.6417399644851685,
        0.0809231624007225,
        0.00691482238471508,
        0.996696412563324,
        4.485779762268066
    ],
    [
        0.996734082698822,
        3.816106618614867e-05,
        -0.08075461536645889,
        2.5759994983673096,
        -0.00057938601821661,
        0.9999775290489197,
        -0.006678811274468899,
        1.6325100660324097,
        0.08075249195098877,
        0.006703792605549097,
        0.9967116713523865,
        4.478666305541992
    ],
    [
        0.9967342615127563,
        4.840967812924646e-05,
        -0.08075112104415894,
        2.550330400466919,
        -0.0005863337428309023,
        0.9999777674674988,
        -0.0066388072445988655,
        1.6238869428634644,
        0.08074908703565598,
        0.006664459127932787,
        0.9967121481895447,
        4.472522735595703
    ],
    [
        0.9967342019081116,
        -9.029301872942597e-05,
        -0.08075205981731415,
        2.5171573162078857,
        -0.00043954516877420247,
        0.9999784231185913,
        -0.0065443627536296844,
        1.612656593322754,
        0.08075083792209625,
        0.0065584732219576836,
        0.9967127442359924,
        4.465689182281494
    ]
]