[
    [
        0.9996217489242554,
        -0.003722449066117406,
        0.027250763028860092,
        -0.07206671684980392,
        0.0036144645418971777,
        0.9999855160713196,
        0.004010770469903946,
        0.002653252799063921,
        -0.027265295386314392,
        -0.00391075573861599,
        0.9996205568313599,
        -0.030105549842119217
    ],
    [
        0.9995327591896057,
        -0.004191151820123196,
        0.030276833102107048,
        -0.08028639853000641,
        0.004071045201271772,
        0.999983549118042,
        0.004027494695037603,
        0.002746130106970668,
        -0.030293216928839684,
        -0.0039023542776703835,
        0.9995335340499878,
        -0.03016367182135582
    ],
    [
        0.9993846416473389,
        -0.004883348476141691,
        0.034733545035123825,
        -0.09229278564453125,
        0.004742475226521492,
        0.9999802112579346,
        0.004137054551392794,
        0.0026580195408314466,
        -0.03475306183099747,
        -0.00396978622302413,
        0.9993879795074463,
        -0.030531994998455048
    ],
    [
        0.9992107152938843,
        -0.0056157782673835754,
        0.039325837045907974,
        -0.10436565428972244,
        0.005457736551761627,
        0.9999765753746033,
        0.004124972969293594,
        0.002708588493987918,
        -0.03934808447957039,
        -0.003907087258994579,
        0.9992179870605469,
        -0.03079313039779663
    ],
    [
        0.9990119934082031,
        -0.0063224718905985355,
        0.043990470468997955,
        -0.11647850275039673,
        0.006145068444311619,
        0.9999724626541138,
        0.0041668349876999855,
        0.002561255358159542,
        -0.04401560127735138,
        -0.0038923935499042273,
        0.9990233182907104,
        -0.030902625992894173
    ],
    [
        0.9987989068031311,
        -0.006982189603149891,
        0.04849924147129059,
        -0.1286236196756363,
        0.006789212115108967,
        0.9999683499336243,
        0.00414257263764739,
        0.0026547785382717848,
        -0.04852662980556488,
        -0.0038083249237388372,
        0.998814582824707,
        -0.031063731759786606
    ],
    [
        0.9985612630844116,
        -0.007674142252653837,
        0.05307140573859215,
        -0.14065119624137878,
        0.007458624895662069,
        0.9999631643295288,
        0.004257770720869303,
        0.00268394872546196,
        -0.053102124482393265,
        -0.0038558058440685272,
        0.9985816478729248,
        -0.031127648428082466
    ],
    [
        0.998302161693573,
        -0.008283942937850952,
        0.05765601247549057,
        -0.15284250676631927,
        0.008047116920351982,
        0.9999581575393677,
        0.004338532220572233,
        0.002514135790988803,
        -0.057689547538757324,
        -0.0038672019727528095,
        0.9983270764350891,
        -0.031008068472146988
    ],
    [
        0.9980118274688721,
        -0.008996697142720222,
        0.06238121911883354,
        -0.1649109572172165,
        0.008743111044168472,
        0.9999523162841797,
        0.004336888901889324,
        0.0023996972013264894,
        -0.062417276203632355,
        -0.003782861167564988,
        0.9980429410934448,
        -0.030875850468873978
    ],
    [
        0.9978131055831909,
        -0.00939292460680008,
        0.06542755663394928,
        -0.17283527553081512,
        0.009127620607614517,
        0.9999488592147827,
        0.004352669697254896,
        0.0024335477501153946,
        -0.06546509265899658,
        -0.003745953319594264,
        0.9978477954864502,
        -0.03068486973643303
    ],
    [
        0.9974942803382874,
        -0.01011496502906084,
        0.07001993060112,
        -0.18485131859779358,
        0.009831451810896397,
        0.9999420046806335,
        0.004392481409013271,
        0.002305114408954978,
        -0.07006030529737473,
        -0.003693077713251114,
        0.9975358247756958,
        -0.03044429048895836
    ],
    [
        0.9971407055854797,
        -0.010860750451683998,
        0.07478246092796326,
        -0.19681541621685028,
        0.01056554913520813,
        0.999934732913971,
        0.004341975785791874,
        0.0023494085762649775,
        -0.0748247355222702,
        -0.003539443016052246,
        0.9971904158592224,
        -0.03000226430594921
    ],
    [
        0.9967804551124573,
        -0.011541660875082016,
        0.07934436947107315,
        -0.20876464247703552,
        0.011216922663152218,
        0.999926745891571,
        0.004537269007414579,
        0.002150536747649312,
        -0.07939092069864273,
        -0.003632662119343877,
        0.9968369007110596,
        -0.029526421800255775
    ],
    [
        0.9964019656181335,
        -0.012296642176806927,
        0.08385539054870605,
        -0.22097699344158173,
        0.011961258016526699,
        0.9999183416366577,
        0.004500805865973234,
        0.0021509199868887663,
        -0.08390389382839203,
        -0.003481595776975155,
        0.9964678287506104,
        -0.0291522815823555
    ],
    [
        0.9960110783576965,
        -0.012931431643664837,
        0.08828727155923843,
        -0.2325965017080307,
        0.012565855868160725,
        0.9999099969863892,
        0.004695316776633263,
        0.001898248796351254,
        -0.08834003657102585,
        -0.003567182458937168,
        0.9960839748382568,
        -0.02843421883881092
    ],
    [
        0.9956019520759583,
        -0.013605372980237007,
        0.09269057214260101,
        -0.24443112313747406,
        0.013225779868662357,
        0.9999013543128967,
        0.004708354361355305,
        0.0018735801568254828,
        -0.09274549782276154,
        -0.0034617409110069275,
        0.9956837892532349,
        -0.027703771367669106
    ],
    [
        0.9950339198112488,
        -0.014406700618565083,
        0.09848879277706146,
        -0.2603597939014435,
        0.013981356285512447,
        0.9998897314071655,
        0.00500755850225687,
        0.001520955585874617,
        -0.09855006635189056,
        -0.0036056828685104847,
        0.9951255917549133,
        -0.026594828814268112
    ],
    [
        0.9947599768638611,
        -0.014726139605045319,
        0.10117222368717194,
        -0.2682441174983978,
        0.0142942164093256,
        0.9998853206634521,
        0.004992843605577946,
        0.0015443813754245639,
        -0.10123414546251297,
        -0.003520504105836153,
        0.9948563575744629,
        -0.025880010798573494
    ],
    [
        0.9943079948425293,
        -0.01539271604269743,
        0.10542526841163635,
        -0.28013867139816284,
        0.014948675408959389,
        0.9998757243156433,
        0.005000838544219732,
        0.0014369584387168288,
        -0.10548914968967438,
        -0.003396406536921859,
        0.9944146871566772,
        -0.02499762549996376
    ],
    [
        0.9938457012176514,
        -0.016051942482590675,
        0.10960493236780167,
        -0.29173338413238525,
        0.015583174303174019,
        0.9998654127120972,
        0.005132175050675869,
        0.001278413226827979,
        -0.10967256128787994,
        -0.003392596961930394,
        0.9939619898796082,
        -0.023940501734614372
    ],
    [
        0.9933781623840332,
        -0.016605405136942863,
        0.11368326842784882,
        -0.303724080324173,
        0.01610863208770752,
        0.9998562932014465,
        0.005287096370011568,
        0.0010796536225825548,
        -0.11375471949577332,
        -0.003420804860070348,
        0.9935029149055481,
        -0.02284921705722809
    ],
    [
        0.9928794503211975,
        -0.017246482893824577,
        0.11786793917417526,
        -0.31583166122436523,
        0.016725173220038414,
        0.9998454451560974,
        0.005410612560808659,
        0.0008616027189418674,
        -0.11794304847717285,
        -0.0034007246140390635,
        0.9930144548416138,
        -0.021696889773011208
    ],
    [
        0.9923848509788513,
        -0.01786245033144951,
        0.12187403440475464,
        -0.3276467025279999,
        0.017328212037682533,
        0.9998349547386169,
        0.005442111287266016,
        0.0006584798102267087,
        -0.1219511330127716,
        -0.003288809908553958,
        0.9925307631492615,
        -0.020572267472743988
    ],
    [
        0.9918637275695801,
        -0.01851755939424038,
        0.12594982981681824,
        -0.3393414318561554,
        0.01796034164726734,
        0.9998232126235962,
        0.005558361764997244,
        0.0003518177545629442,
        -0.12603050470352173,
        -0.003251035697758198,
        0.9920210242271423,
        -0.019064413383603096
    ],
    [
        0.9913020730018616,
        -0.019173268228769302,
        0.13020159304141998,
        -0.3512648642063141,
        0.01860550045967102,
        0.9998113512992859,
        0.005575806368142366,
        0.00013493295409716666,
        -0.13028395175933838,
        -0.003104842035099864,
        0.9914718270301819,
        -0.017626570537686348
    ]
]