[
    [
        0.9929882287979126,
        -0.01809079200029373,
        0.11682046949863434,
        -0.010411553084850311,
        0.01737675815820694,
        0.9998235702514648,
        0.007127893157303333,
        -0.07960683852434158,
        -0.1169288232922554,
        -0.005047952756285667,
        0.9931274652481079,
        0.36024150252342224
    ],
    [
        0.9900280833244324,
        -0.02022426202893257,
        0.13941088318824768,
        0.006960358005017042,
        0.019264860078692436,
        0.9997806549072266,
        0.008227994665503502,
        -0.09729959070682526,
        -0.1395466923713684,
        -0.005460214335471392,
        0.9902004599571228,
        0.4535379707813263
    ],
    [
        0.9874914884567261,
        -0.02211896888911724,
        0.1561131477355957,
        0.035332877188920975,
        0.02125891111791134,
        0.9997483491897583,
        0.007176883053034544,
        -0.11196468770503998,
        -0.15623259544372559,
        -0.0037683160044252872,
        0.987713098526001,
        0.5444375276565552
    ],
    [
        0.9855931997299194,
        -0.023808900266885757,
        0.16744886338710785,
        0.07681974023580551,
        0.023480454459786415,
        0.9997165203094482,
        0.003941349685192108,
        -0.12262409925460815,
        -0.1674952208995819,
        4.720794822787866e-05,
        0.9858729839324951,
        0.6446133852005005
    ],
    [
        0.98435378074646,
        -0.02532525360584259,
        0.17437416315078735,
        0.1397862285375595,
        0.025246258825063705,
        0.9996777176856995,
        0.0026715141721069813,
        -0.14330118894577026,
        -0.17438562214374542,
        0.0017725802026689053,
        0.9846758246421814,
        0.7641105651855469
    ],
    [
        0.9832146167755127,
        -0.028834868222475052,
        0.18015995621681213,
        0.19298197329044342,
        0.02889837883412838,
        0.9995797872543335,
        0.002272671088576317,
        -0.1681206226348877,
        -0.18014979362487793,
        0.0029718067962676287,
        0.9836347103118896,
        0.8692103028297424
    ],
    [
        0.9812555909156799,
        -0.03128545358777046,
        0.19015471637248993,
        0.23846551775932312,
        0.031666792929172516,
        0.9994978904724121,
        0.0010335693368688226,
        -0.18699686229228973,
        -0.1900915801525116,
        0.005007393658161163,
        0.9817535281181335,
        0.9770378470420837
    ],
    [
        0.9777538776397705,
        -0.03450198471546173,
        0.20689839124679565,
        0.26712745428085327,
        0.03522474691271782,
        0.9993793368339539,
        0.00019063008949160576,
        -0.1996360868215561,
        -0.20677655935287476,
        0.007101552095264196,
        0.978362500667572,
        1.079335331916809
    ],
    [
        0.9700157642364502,
        -0.041583094745874405,
        0.23945806920528412,
        0.27278104424476624,
        0.0425126813352108,
        0.99909508228302,
        0.0012841237476095557,
        -0.21854329109191895,
        -0.23929479718208313,
        0.00893438421189785,
        0.9709058403968811,
        1.196921706199646
    ],
    [
        0.9588898420333862,
        -0.05209987610578537,
        0.27895495295524597,
        0.26234811544418335,
        0.05310619994997978,
        0.9985809922218323,
        0.003953894134610891,
        -0.2437105029821396,
        -0.27876514196395874,
        0.011022884398698807,
        0.9602961540222168,
        1.3062822818756104
    ],
    [
        0.9444678425788879,
        -0.0627475306391716,
        0.322557270526886,
        0.2484123259782791,
        0.06364244967699051,
        0.9979423880577087,
        0.007782096043229103,
        -0.27043551206588745,
        -0.3223819136619568,
        0.013178398832678795,
        0.9465179443359375,
        1.411012887954712
    ],
    [
        0.9295552372932434,
        -0.06920887529850006,
        0.36212846636772156,
        0.2563147246837616,
        0.07045884430408478,
        0.9974667429924011,
        0.009770476259291172,
        -0.2872181534767151,
        -0.3618873655796051,
        0.016432953998446465,
        0.9320771098136902,
        1.5039628744125366
    ],
    [
        0.9115697145462036,
        -0.07752348482608795,
        0.4037706255912781,
        0.28142309188842773,
        0.07905781269073486,
        0.9967865943908691,
        0.01289755292236805,
        -0.30395960807800293,
        -0.40347298979759216,
        0.02016419731080532,
        0.9147694110870361,
        1.5947017669677734
    ],
    [
        0.8909191489219666,
        -0.0872652605175972,
        0.4456992745399475,
        0.2872559726238251,
        0.08839641511440277,
        0.9959173202514648,
        0.018296916037797928,
        -0.322770893573761,
        -0.4454762935638428,
        0.023097140714526176,
        0.8949957489967346,
        1.6700233221054077
    ],
    [
        0.8660265803337097,
        -0.09541682153940201,
        0.4908091425895691,
        0.28105005621910095,
        0.09550643712282181,
        0.9951164126396179,
        0.024937862530350685,
        -0.33749786019325256,
        -0.4907916784286499,
        0.025278594344854355,
        0.870910108089447,
        1.7393091917037964
    ],
    [
        0.8390675187110901,
        -0.10516943782567978,
        0.5337649583816528,
        0.2704741656780243,
        0.103020079433918,
        0.9941005110740662,
        0.033925436437129974,
        -0.3518950939178467,
        -0.5341840386390686,
        0.02652277797460556,
        0.8449520468711853,
        1.7967207431793213
    ],
    [
        0.8006407618522644,
        -0.11839459091424942,
        0.5873305201530457,
        0.2279694378376007,
        0.1138128936290741,
        0.9924863576889038,
        0.04491814598441124,
        -0.36843112111091614,
        -0.5882355570793152,
        0.030882492661476135,
        0.8080998659133911,
        1.8529658317565918
    ],
    [
        0.7567912936210632,
        -0.12947286665439606,
        0.6407055854797363,
        0.1578504592180252,
        0.12260748445987701,
        0.9909067153930664,
        0.05541893467307091,
        -0.3818100094795227,
        -0.6420546770095825,
        0.03661472350358963,
        0.7657839059829712,
        1.9052926301956177
    ],
    [
        0.7129480242729187,
        -0.13825272023677826,
        0.6874527335166931,
        0.08876966685056686,
        0.12831278145313263,
        0.989539623260498,
        0.06593359261751175,
        -0.3923434615135193,
        -0.6893772482872009,
        0.04120174050331116,
        0.7232298851013184,
        1.9528295993804932
    ],
    [
        0.6759016513824463,
        -0.1454402655363083,
        0.7224985957145691,
        0.031237401068210602,
        0.13203772902488708,
        0.988369882106781,
        0.07543858140707016,
        -0.3981282711029053,
        -0.7250674962997437,
        0.04440804570913315,
        0.6872443556785583,
        1.974223256111145
    ],
    [
        0.6363574266433716,
        -0.15500560402870178,
        0.755660355091095,
        -0.038482315838336945,
        0.1373811960220337,
        0.9867157340049744,
        0.08670947700738907,
        -0.40489789843559265,
        -0.7590623497962952,
        0.04863530769944191,
        0.6491986513137817,
        1.9748016595840454
    ],
    [
        0.6005103588104248,
        -0.1612013578414917,
        0.7831993699073792,
        -0.10303360223770142,
        0.14017537236213684,
        0.9855232238769531,
        0.09536644071340561,
        -0.405470073223114,
        -0.7872344255447388,
        0.05251675844192505,
        0.6144133806228638,
        1.977878451347351
    ],
    [
        0.5612808465957642,
        -0.1686220020055771,
        0.8102657198905945,
        -0.18352706730365753,
        0.1431214064359665,
        0.9840503931045532,
        0.10564593225717545,
        -0.4098915457725525,
        -0.8151565790176392,
        0.056669313460588455,
        0.5764619708061218,
        1.9807233810424805
    ],
    [
        0.5228953957557678,
        -0.1764189749956131,
        0.8339405655860901,
        -0.26098746061325073,
        0.14652526378631592,
        0.9823879599571228,
        0.11594891548156738,
        -0.4146154224872589,
        -0.8397088050842285,
        0.061564184725284576,
        0.5395360589027405,
        1.9832112789154053
    ],
    [
        0.47881537675857544,
        -0.1852797120809555,
        0.8581417202949524,
        -0.3584197163581848,
        0.15014465153217316,
        0.9803574085235596,
        0.1278911828994751,
        -0.4209010601043701,
        -0.8649810552597046,
        0.06760912388563156,
        0.4972288906574249,
        1.9828383922576904
    ]
]