[
    [
        0.9895660877227783,
        -0.014209373854100704,
        0.14337697625160217,
        0.08087529987096786,
        0.012461548671126366,
        0.9998367428779602,
        0.0130810821428895,
        -0.015641001984477043,
        -0.1435394585132599,
        -0.011157896369695663,
        0.9895817041397095,
        0.29972121119499207
    ],
    [
        0.98248291015625,
        -0.019869565963745117,
        0.18529042601585388,
        0.12237004935741425,
        0.01689314842224121,
        0.9997019171714783,
        0.017628611996769905,
        -0.027300281450152397,
        -0.18558548390865326,
        -0.014189669862389565,
        0.9825257062911987,
        0.4235277771949768
    ],
    [
        0.9734434485435486,
        -0.027591625228524208,
        0.22725848853588104,
        0.1596224308013916,
        0.022834472358226776,
        0.9994621276855469,
        0.02353583462536335,
        -0.04254017397761345,
        -0.22778566181659698,
        -0.017721479758620262,
        0.9735499620437622,
        0.560768187046051
    ],
    [
        0.9646677374839783,
        -0.0322611927986145,
        0.26148712635040283,
        0.2032463699579239,
        0.02564653940498829,
        0.9992598295211792,
        0.028670359402894974,
        -0.05855492874979973,
        -0.26221853494644165,
        -0.020951125770807266,
        0.9647811651229858,
        0.695762574672699
    ],
    [
        0.9574935436248779,
        -0.036033887416124344,
        0.2861950397491455,
        0.2516911029815674,
        0.028324658051133156,
        0.9991170167922974,
        0.031032634899020195,
        -0.06924402713775635,
        -0.28706052899360657,
        -0.0216071680188179,
        0.9576687216758728,
        0.8225929737091064
    ],
    [
        0.953069806098938,
        -0.038351189345121384,
        0.3003116548061371,
        0.3131535053253174,
        0.030252501368522644,
        0.9990435242652893,
        0.031573064625263214,
        -0.07915447652339935,
        -0.30123525857925415,
        -0.021006155759096146,
        0.9533185362815857,
        0.953845739364624
    ],
    [
        0.9507853388786316,
        -0.03833629935979843,
        0.30746978521347046,
        0.36340245604515076,
        0.030162358656525612,
        0.999055027961731,
        0.03129460662603378,
        -0.08971674740314484,
        -0.3083789646625519,
        -0.020480433478951454,
        0.9510430693626404,
        1.0758370161056519
    ],
    [
        0.949724018573761,
        -0.0383448451757431,
        0.3107312321662903,
        0.40716561675071716,
        0.030519990250468254,
        0.9990836381912231,
        0.030007071793079376,
        -0.0990384966135025,
        -0.31159707903862,
        -0.019014926627278328,
        0.9500240087509155,
        1.1927694082260132
    ],
    [
        0.9497734904289246,
        -0.04015745595097542,
        0.31035101413726807,
        0.43442240357398987,
        0.03234284743666649,
        0.9990178346633911,
        0.03028712421655655,
        -0.11359376460313797,
        -0.31126245856285095,
        -0.01872827112674713,
        0.9501394033432007,
        1.2869967222213745
    ],
    [
        0.9519255757331848,
        -0.0426456592977047,
        0.303346186876297,
        0.4478659927845001,
        0.03422585502266884,
        0.998868465423584,
        0.033021461218595505,
        -0.13787956535816193,
        -0.3044111728668213,
        -0.021051693707704544,
        0.9523079991340637,
        1.3578078746795654
    ],
    [
        0.9566501975059509,
        -0.04242394119501114,
        0.28813308477401733,
        0.4912750720977783,
        0.03467516228556633,
        0.9988879561424255,
        0.03194621577858925,
        -0.15200921893119812,
        -0.2891679108142853,
        -0.020570289343595505,
        0.9570572972297668,
        1.4579464197158813
    ],
    [
        0.9627904891967773,
        -0.03581374138593674,
        0.2678655683994293,
        0.5640059113502502,
        0.029122967272996902,
        0.9991576671600342,
        0.028910990804433823,
        -0.15884417295455933,
        -0.2686753571033478,
        -0.020034184679389,
        0.9630225300788879,
        1.6066129207611084
    ],
    [
        0.97002774477005,
        -0.0265647042542696,
        0.24153776466846466,
        0.642672598361969,
        0.0207027867436409,
        0.999427080154419,
        0.026775145903229713,
        -0.17205405235290527,
        -0.24211062490940094,
        -0.020972128957509995,
        0.9700219631195068,
        1.7717804908752441
    ],
    [
        0.9752452373504639,
        -0.02098223753273487,
        0.22012805938720703,
        0.6992552876472473,
        0.015439992770552635,
        0.9995197057723999,
        0.026867903769016266,
        -0.18535494804382324,
        -0.22058606147766113,
        -0.02280402183532715,
        0.9751009345054626,
        1.9129693508148193
    ],
    [
        0.9798774123191833,
        -0.017081251367926598,
        0.19886799156665802,
        0.7492755651473999,
        0.011742055416107178,
        0.9995390176773071,
        0.027996480464935303,
        -0.19743193686008453,
        -0.19925452768802643,
        -0.025097999721765518,
        0.9796263575553894,
        2.051513433456421
    ],
    [
        0.9844235181808472,
        -0.014177650213241577,
        0.17524132132530212,
        0.8001382946968079,
        0.008857845328748226,
        0.999476969242096,
        0.031102048233151436,
        -0.21579602360725403,
        -0.1755906045436859,
        -0.02906532771885395,
        0.9840341806411743,
        2.1844570636749268
    ],
    [
        0.9889609217643738,
        -0.01007460243999958,
        0.1478339284658432,
        0.8571441173553467,
        0.005480608437210321,
        0.9994903206825256,
        0.03144987300038338,
        -0.2257973551750183,
        -0.1480754017829895,
        -0.030292479321360588,
        0.9885120391845703,
        2.314915895462036
    ],
    [
        0.9930160641670227,
        -0.00611531687900424,
        0.11782106012105942,
        0.9186845421791077,
        0.002625419059768319,
        0.999553918838501,
        0.029752790927886963,
        -0.23279845714569092,
        -0.117950439453125,
        -0.02923566848039627,
        0.9925890564918518,
        2.4483373165130615
    ],
    [
        0.9959622621536255,
        -0.0024536733981221914,
        0.08973991125822067,
        0.968601405620575,
        -3.691536039696075e-05,
        0.9996151924133301,
        0.027741240337491035,
        -0.24282652139663696,
        -0.08977344632148743,
        -0.027632536366581917,
        0.9955788254737854,
        2.582775831222534
    ],
    [
        0.9978095889091492,
        0.0007702527800574899,
        0.06614644080400467,
        1.0044333934783936,
        -0.0024282820522785187,
        0.9996848106384277,
        0.02498931810259819,
        -0.25244250893592834,
        -0.06610632687807083,
        -0.02509520947933197,
        0.9974970817565918,
        2.7165491580963135
    ],
    [
        0.9989210963249207,
        0.00539561128243804,
        0.04612436890602112,
        1.0360121726989746,
        -0.006495170760899782,
        0.9996975064277649,
        0.023722505196928978,
        -0.26472166180610657,
        -0.04598241671919823,
        -0.023996498435735703,
        0.9986539483070374,
        2.838137626647949
    ],
    [
        0.9995236396789551,
        0.008562784641981125,
        0.02965095080435276,
        1.0651302337646484,
        -0.009269976988434792,
        0.9996739625930786,
        0.02379586547613144,
        -0.2854125499725342,
        -0.029437534511089325,
        -0.024059392511844635,
        0.9992770552635193,
        2.952810525894165
    ],
    [
        0.9998399019241333,
        0.011356490664184093,
        0.013825954869389534,
        1.099353313446045,
        -0.011650984175503254,
        0.9997029900550842,
        0.021407492458820343,
        -0.3027690052986145,
        -0.013578793033957481,
        -0.021565154194831848,
        0.9996752738952637,
        3.068328857421875
    ],
    [
        0.9999076128005981,
        0.013433012180030346,
        -0.0020501830149441957,
        1.1410282850265503,
        -0.013393844477832317,
        0.9997473955154419,
        0.018050966784358025,
        -0.31720250844955444,
        0.002291831886395812,
        -0.018021835014224052,
        0.9998348951339722,
        3.1833698749542236
    ],
    [
        0.9997720718383789,
        0.015537722036242485,
        -0.014640859328210354,
        1.1756560802459717,
        -0.015336689539253712,
        0.9997879862785339,
        0.013741976581513882,
        -0.33080923557281494,
        0.014851171523332596,
        -0.013514300808310509,
        0.9997984170913696,
        3.311033010482788
    ]
]