[
    [
        0.989185094833374,
        -0.016526415944099426,
        0.1457386165857315,
        -0.05888659507036209,
        0.01641828380525112,
        0.9998632073402405,
        0.0019448241218924522,
        -0.012156945653259754,
        -0.14575083553791046,
        0.00046898616710677743,
        0.989321231842041,
        0.24227304756641388
    ],
    [
        0.9865688681602478,
        -0.01857476681470871,
        0.16228574514389038,
        -0.0641402080655098,
        0.01850578561425209,
        0.999826967716217,
        0.0019368162611499429,
        -0.016578342765569687,
        -0.16229361295700073,
        0.0010924226371571422,
        0.986741840839386,
        0.27733516693115234
    ],
    [
        0.9838215708732605,
        -0.02017178200185299,
        0.17801208794116974,
        -0.06615570932626724,
        0.02005467750132084,
        0.9997958540916443,
        0.0024573560804128647,
        -0.020481055602431297,
        -0.17802534997463226,
        0.0011523745488375425,
        0.9840252995491028,
        0.3112722635269165
    ],
    [
        0.9809165596961975,
        -0.021664509549736977,
        0.19321846961975098,
        -0.06435000151395798,
        0.021582769230008125,
        0.9997638463973999,
        0.0025282055139541626,
        -0.023893514648079872,
        -0.193227618932724,
        0.0016902306815609336,
        0.9811525344848633,
        0.34226691722869873
    ],
    [
        0.9777275323867798,
        -0.023281602188944817,
        0.20858322083950043,
        -0.06323722749948502,
        0.023080972954630852,
        0.9997278451919556,
        0.0033960624132305384,
        -0.027133526280522346,
        -0.20860551297664642,
        0.001493880175985396,
        0.9779988527297974,
        0.3714648485183716
    ],
    [
        0.9736496210098267,
        -0.025284990668296814,
        0.22664311528205872,
        -0.060864634811878204,
        0.025203203782439232,
        0.9996771216392517,
        0.0032550496980547905,
        -0.02919939160346985,
        -0.22665221989154816,
        0.0025428547523915768,
        0.9739723801612854,
        0.410963773727417
    ],
    [
        0.9700713157653809,
        -0.026752552017569542,
        0.2413419932126999,
        -0.06155632436275482,
        0.02649930864572525,
        0.9996395707130432,
        0.0042955391108989716,
        -0.031120263040065765,
        -0.24136993288993835,
        0.0022284172009676695,
        0.9704306125640869,
        0.44084206223487854
    ],
    [
        0.9664443731307983,
        -0.027893947437405586,
        0.25535690784454346,
        -0.062785305082798,
        0.027636822313070297,
        0.9996075630187988,
        0.0045957122929394245,
        -0.032576266676187515,
        -0.2553848624229431,
        0.002615751465782523,
        0.9668359160423279,
        0.4746328890323639
    ],
    [
        0.9628075361251831,
        -0.02913326770067215,
        0.26861268281936646,
        -0.06538786739110947,
        0.02884359285235405,
        0.9995713233947754,
        0.005025625694543123,
        -0.03527071326971054,
        -0.26864394545555115,
        0.0029090431053191423,
        0.9632351994514465,
        0.5122044086456299
    ],
    [
        0.9584730863571167,
        -0.030362213030457497,
        0.2835620045661926,
        -0.06956267356872559,
        0.029908452183008194,
        0.999535083770752,
        0.0059304432943463326,
        -0.03897758573293686,
        -0.28361019492149353,
        0.0027967302594333887,
        0.958935558795929,
        0.55143803358078
    ],
    [
        0.9525090456008911,
        -0.03197158873081207,
        0.3028270900249481,
        -0.07423549890518188,
        0.031528670340776443,
        0.9994827508926392,
        0.006352480035275221,
        -0.0457163043320179,
        -0.30287355184555054,
        0.0034969414118677378,
        0.9530243277549744,
        0.6067138314247131
    ],
    [
        0.9475405216217041,
        -0.03337235376238823,
        0.3178887367248535,
        -0.07908209413290024,
        0.0328446701169014,
        0.9994358420372009,
        0.007020925171673298,
        -0.04919544607400894,
        -0.3179437220096588,
        0.0037883382756263018,
        0.9481019377708435,
        0.6471866369247437
    ],
    [
        0.9421017169952393,
        -0.03475438058376312,
        0.3335212469100952,
        -0.08457715809345245,
        0.03433750942349434,
        0.9993847012519836,
        0.007146691903471947,
        -0.05372321978211403,
        -0.333564430475235,
        0.004719377961009741,
        0.9427155256271362,
        0.6847010254859924
    ],
    [
        0.9366521239280701,
        -0.03668821603059769,
        0.34833425283432007,
        -0.08842553943395615,
        0.03628779202699661,
        0.9993119239807129,
        0.007676339242607355,
        -0.05692794919013977,
        -0.34837621450424194,
        0.0054502226412296295,
        0.9373390674591064,
        0.7214983105659485
    ],
    [
        0.9307740926742554,
        -0.03749958053231239,
        0.3636665344238281,
        -0.091878741979599,
        0.03751334547996521,
        0.9992714524269104,
        0.007027889136224985,
        -0.05756465718150139,
        -0.3636651337146759,
        0.007100969087332487,
        0.9315027594566345,
        0.7582155466079712
    ],
    [
        0.9226635694503784,
        -0.038939133286476135,
        0.3836348354816437,
        -0.09500673413276672,
        0.03903431072831154,
        0.9992094039916992,
        0.007540536113083363,
        -0.057387880980968475,
        -0.3836251199245453,
        0.008017542771995068,
        0.9234541058540344,
        0.8072993755340576
    ],
    [
        0.91678786277771,
        -0.03994948789477348,
        0.3973715901374817,
        -0.09588798135519028,
        0.04019773751497269,
        0.9991620182991028,
        0.007708704564720392,
        -0.05680588260293007,
        -0.397346556186676,
        0.008906192146241665,
        0.9176254272460938,
        0.8468843698501587
    ],
    [
        0.9110234379768372,
        -0.04112008959054947,
        0.4102991223335266,
        -0.09382922202348709,
        0.041538920253515244,
        0.9991056323051453,
        0.007897607982158661,
        -0.05733702331781387,
        -0.41025689244270325,
        0.009848473593592644,
        0.9119168519973755,
        0.8884487748146057
    ],
    [
        0.9048821926116943,
        -0.04233263432979584,
        0.4235518276691437,
        -0.08985209465026855,
        0.042783692479133606,
        0.9990485310554504,
        0.00844799168407917,
        -0.05949622765183449,
        -0.4235065281391144,
        0.010476674884557724,
        0.9058324098587036,
        0.9316326379776001
    ],
    [
        0.8989990949630737,
        -0.04324588179588318,
        0.4358099699020386,
        -0.08579794317483902,
        0.04384433105587959,
        0.999000608921051,
        0.008688738569617271,
        -0.06448720395565033,
        -0.43575018644332886,
        0.011296629905700684,
        0.8999968767166138,
        0.9744901657104492
    ],
    [
        0.8911596536636353,
        -0.04408755898475647,
        0.4515427350997925,
        -0.07837406545877457,
        0.04484786465764046,
        0.9989531636238098,
        0.009024164639413357,
        -0.07272427529096603,
        -0.4514678120613098,
        0.012208755128085613,
        0.8922038078308105,
        1.0274323225021362
    ],
    [
        0.8856619000434875,
        -0.04455171898007393,
        0.46218836307525635,
        -0.07217330485582352,
        0.04582154378294945,
        0.9989135265350342,
        0.008483391255140305,
        -0.0790882259607315,
        -0.462064266204834,
        0.013664765283465385,
        0.8867411017417908,
        1.0639580488204956
    ],
    [
        0.8803743720054626,
        -0.04543566703796387,
        0.4720980226993561,
        -0.06608530879020691,
        0.046682171523571014,
        0.998868465423584,
        0.009079620242118835,
        -0.0827271044254303,
        -0.4719763696193695,
        0.014045096933841705,
        0.8814992308616638,
        1.0975006818771362
    ],
    [
        0.8745015263557434,
        -0.045929037034511566,
        0.4828435182571411,
        -0.06038006767630577,
        0.047487642616033554,
        0.9988311529159546,
        0.009003638289868832,
        -0.08464733511209488,
        -0.4826926589012146,
        0.015055406838655472,
        0.8756604194641113,
        1.1286433935165405
    ],
    [
        0.8670958876609802,
        -0.04695119708776474,
        0.4959237277507782,
        -0.05319550260901451,
        0.0486333929002285,
        0.9987713098526001,
        0.009525040164589882,
        -0.0852731317281723,
        -0.49576154351234436,
        0.015859326347708702,
        0.8683138489723206,
        1.169560194015503
    ]
]