[
    [
        0.9584501385688782,
        0.02456503175199032,
        -0.2842003405094147,
        -0.2674405574798584,
        -0.04678058996796608,
        0.9963324666023254,
        -0.07164636999368668,
        -0.07313795387744904,
        0.28139808773994446,
        0.08196453750133514,
        0.9560841917991638,
        0.05163910984992981
    ],
    [
        0.9010611176490784,
        0.02128695510327816,
        -0.4331693649291992,
        -0.40758687257766724,
        -0.08130332827568054,
        0.9893779158592224,
        -0.12050352990627289,
        -0.10762682557106018,
        0.42600303888320923,
        0.14379914104938507,
        0.8932207226753235,
        0.08358193933963776
    ],
    [
        0.8423939943313599,
        0.012228903360664845,
        -0.5387232303619385,
        -0.6101974248886108,
        -0.11530832201242447,
        0.9806761741638184,
        -0.15804488956928253,
        -0.1527663916349411,
        0.5263803601264954,
        0.1952553391456604,
        0.8275259137153625,
        0.138265922665596
    ],
    [
        0.7962700128555298,
        -0.011614557355642319,
        -0.6048299074172974,
        -0.7929545044898987,
        -0.1294347047805786,
        0.9733908176422119,
        -0.18909525871276855,
        -0.19909784197807312,
        0.5909320712089539,
        0.2288568615913391,
        0.7735785841941833,
        0.19613482058048248
    ],
    [
        0.7416553497314453,
        -0.035195011645555496,
        -0.6698570847511292,
        -0.9852296113967896,
        -0.1372070461511612,
        0.9695484638214111,
        -0.20285460352897644,
        -0.23588819801807404,
        0.6565983891487122,
        0.24235734343528748,
        0.7142419219017029,
        0.2846653163433075
    ],
    [
        0.6913485527038574,
        -0.05131731182336807,
        -0.7206966876983643,
        -1.207838773727417,
        -0.13461068272590637,
        0.9708619713783264,
        -0.19825945794582367,
        -0.28488874435424805,
        0.7098712921142578,
        0.23407986760139465,
        0.6642962694168091,
        0.39800456166267395
    ],
    [
        0.6309689879417419,
        -0.055263176560401917,
        -0.773837149143219,
        -1.4192789793014526,
        -0.1321290284395218,
        0.9752323031425476,
        -0.17738063633441925,
        -0.33098703622817993,
        0.7644736766815186,
        0.21416805684566498,
        0.6080394387245178,
        0.4942096769809723
    ],
    [
        0.5900644659996033,
        -0.04553719237446785,
        -0.806070864200592,
        -1.6808090209960938,
        -0.12544536590576172,
        0.9811113476753235,
        -0.14725491404533386,
        -0.3579832911491394,
        0.7975507974624634,
        0.18800774216651917,
        0.5732065439224243,
        0.5996303558349609
    ],
    [
        0.5620951652526855,
        -0.03605295717716217,
        -0.8262864351272583,
        -1.9345381259918213,
        -0.1162552461028099,
        0.9856866002082825,
        -0.1220925822854042,
        -0.4060518741607666,
        0.8188612461090088,
        0.16468778252601624,
        0.5498583316802979,
        0.7162477374076843
    ],
    [
        0.535210371017456,
        -0.03071257844567299,
        -0.8441603183746338,
        -2.187166690826416,
        -0.11346018314361572,
        0.9876695275306702,
        -0.10786926001310349,
        -0.4371439218521118,
        0.837064266204834,
        0.15351131558418274,
        0.5251263380050659,
        0.8913721442222595
    ],
    [
        0.5104967951774597,
        -0.026071032509207726,
        -0.8594842553138733,
        -2.428952932357788,
        -0.12108562886714935,
        0.9874009490013123,
        -0.10187084227800369,
        -0.5064042210578918,
        0.8513115048408508,
        0.15607593953609467,
        0.5009081959724426,
        1.0896779298782349
    ],
    [
        0.49139833450317383,
        -0.01911347731947899,
        -0.870725154876709,
        -2.6716809272766113,
        -0.14322084188461304,
        0.9843752980232239,
        -0.10243566334247589,
        -0.5578157305717468,
        0.8590782284736633,
        0.17504271864891052,
        0.4809828996658325,
        1.2613425254821777
    ],
    [
        0.4850200116634369,
        -0.01153965201228857,
        -0.8744269013404846,
        -2.9369213581085205,
        -0.17085473239421844,
        0.9793930053710938,
        -0.10769319534301758,
        -0.6126425266265869,
        0.8576504588127136,
        0.20163331925868988,
        0.4730537235736847,
        1.426611304283142
    ],
    [
        0.4867645502090454,
        -0.008557671681046486,
        -0.8734914660453796,
        -3.191911458969116,
        -0.19214050471782684,
        0.9744137525558472,
        -0.11661926656961441,
        -0.6749109029769897,
        0.8521398305892944,
        0.224599227309227,
        0.4726657271385193,
        1.5997940301895142
    ],
    [
        0.4893832504749298,
        -0.00816970132291317,
        -0.8720304369926453,
        -3.476417303085327,
        -0.20568445324897766,
        0.9706635475158691,
        -0.12452378869056702,
        -0.7328076362609863,
        0.8474656343460083,
        0.24030297994613647,
        0.4733460545539856,
        1.7862539291381836
    ],
    [
        0.4791025221347809,
        -0.005874397698789835,
        -0.8777392506599426,
        -3.751554012298584,
        -0.21976447105407715,
        0.967325747013092,
        -0.1264295130968094,
        -0.7995346784591675,
        0.8498026132583618,
        0.2534686028957367,
        0.4621571898460388,
        1.9374336004257202
    ],
    [
        0.48578906059265137,
        -0.006500310264527798,
        -0.8740519285202026,
        -4.061939716339111,
        -0.21863619983196259,
        0.9672808051109314,
        -0.1287093609571457,
        -0.8372660279273987,
        0.8462902307510376,
        0.25362497568130493,
        0.4684731662273407,
        2.074954032897949
    ],
    [
        0.498104989528656,
        -0.010916032828390598,
        -0.8670480847358704,
        -4.361711025238037,
        -0.20240187644958496,
        0.9708354473114014,
        -0.12849931418895721,
        -0.9106142520904541,
        0.8431636095046997,
        0.2394983321428299,
        0.4813685715198517,
        2.2109105587005615
    ],
    [
        0.4871264398097992,
        -0.014370884746313095,
        -0.8732131719589233,
        -4.670835018157959,
        -0.1853625476360321,
        0.9753822088241577,
        -0.11945778131484985,
        -0.9537175893783569,
        0.8534334301948547,
        0.2200520634651184,
        0.4724706709384918,
        2.3703975677490234
    ],
    [
        0.4527127146720886,
        -0.013303214684128761,
        -0.8915571570396423,
        -4.959175109863281,
        -0.17854855954647064,
        0.9782845377922058,
        -0.10526023805141449,
        -1.0255147218704224,
        0.8735969066619873,
        0.20683889091014862,
        0.44050660729408264,
        2.493260622024536
    ],
    [
        0.43928295373916626,
        -0.007026168517768383,
        -0.8983213305473328,
        -5.279861927032471,
        -0.17466780543327332,
        0.9802178740501404,
        -0.09308003634214401,
        -1.0592315196990967,
        0.8812046647071838,
        0.1977962702512741,
        0.4293658137321472,
        2.609037160873413
    ],
    [
        0.45063361525535583,
        0.000680898898281157,
        -0.8927086591720581,
        -5.572753429412842,
        -0.17009885609149933,
        0.9817442297935486,
        -0.08511599153280258,
        -1.1339380741119385,
        0.8763536214828491,
        0.19020485877990723,
        0.44252270460128784,
        2.717050075531006
    ],
    [
        0.46890270709991455,
        0.011624895967543125,
        -0.883173406124115,
        -5.881237030029297,
        -0.16664959490299225,
        0.9831184148788452,
        -0.07553872466087341,
        -1.1755423545837402,
        0.8673858642578125,
        0.18260079622268677,
        0.46292415261268616,
        2.859940528869629
    ],
    [
        0.47086653113365173,
        0.024971095845103264,
        -0.8818509578704834,
        -6.173221111297607,
        -0.17246957123279572,
        0.9829166531562805,
        -0.06425763666629791,
        -1.24318265914917,
        0.8651813864707947,
        0.18234921991825104,
        0.4671294093132019,
        2.9757936000823975
    ],
    [
        0.46969711780548096,
        0.04228682816028595,
        -0.8818142414093018,
        -6.495172023773193,
        -0.18748468160629272,
        0.9808459281921387,
        -0.0528276152908802,
        -1.2629997730255127,
        0.8626900315284729,
        0.19013963639736176,
        0.4686286151409149,
        3.0814621448516846
    ]
]