[
    [
        0.9987112879753113,
        -0.013169463723897934,
        0.049014460295438766,
        0.05815642327070236,
        0.013589387759566307,
        0.9998736381530762,
        -0.008243984542787075,
        -0.0378490686416626,
        -0.04889970272779465,
        0.008899436332285404,
        0.9987640380859375,
        0.4302634596824646
    ],
    [
        0.9979336857795715,
        -0.014728843234479427,
        0.06254231184720993,
        0.08782267570495605,
        0.015797032043337822,
        0.9997371435165405,
        -0.016619451344013214,
        -0.05381997302174568,
        -0.062281083315610886,
        0.017573093995451927,
        0.9979039430618286,
        0.5466964840888977
    ],
    [
        0.9969024062156677,
        -0.014064072631299496,
        0.07738038152456284,
        0.11622431874275208,
        0.016225723549723625,
        0.9994934797286987,
        -0.027377914637327194,
        -0.06742527335882187,
        -0.07695614546537399,
        0.02854866348206997,
        0.9966257810592651,
        0.6935715675354004
    ],
    [
        0.9956769347190857,
        -0.012737756595015526,
        0.09200645983219147,
        0.13816149532794952,
        0.01576223596930504,
        0.9993565678596497,
        -0.03222094103693962,
        -0.08217862993478775,
        -0.09153683483600616,
        0.033531881868839264,
        0.9952369928359985,
        0.8438069224357605
    ],
    [
        0.9944926500320435,
        -0.013057196512818336,
        0.1039898619055748,
        0.15980930626392365,
        0.01680632308125496,
        0.9992369413375854,
        -0.03525853902101517,
        -0.09510993212461472,
        -0.10345014184713364,
        0.03681204468011856,
        0.9939531683921814,
        0.9717476963996887
    ],
    [
        0.9932429790496826,
        -0.014602474868297577,
        0.11513067036867142,
        0.19678345322608948,
        0.019149916246533394,
        0.9990754723548889,
        -0.03849145025014877,
        -0.11519978940486908,
        -0.11446216702461243,
        0.04043611139059067,
        0.9926042556762695,
        1.135064721107483
    ],
    [
        0.992107629776001,
        -0.016958503052592278,
        0.12423668801784515,
        0.23090076446533203,
        0.02206813544034958,
        0.9989612102508545,
        -0.039868105202913284,
        -0.13472437858581543,
        -0.12343152612447739,
        0.042295124381780624,
        0.9914513230323792,
        1.2942219972610474
    ],
    [
        0.9912506341934204,
        -0.01887683942914009,
        0.13063658773899078,
        0.24763311445713043,
        0.024228444322943687,
        0.9989258646965027,
        -0.03949812054634094,
        -0.1454244703054428,
        -0.12975065410137177,
        0.042317651212215424,
        0.9906432032585144,
        1.436517596244812
    ],
    [
        0.9908624291419983,
        -0.022346341982483864,
        0.13301268219947815,
        0.2604783773422241,
        0.02699851430952549,
        0.9990814924240112,
        -0.03327496722340584,
        -0.1611233353614807,
        -0.1321469396352768,
        0.036562059074640274,
        0.9905555844306946,
        1.6062456369400024
    ],
    [
        0.990730345249176,
        -0.025597192347049713,
        0.13341017067432404,
        0.2762869596481323,
        0.029431987553834915,
        0.999206006526947,
        -0.026851698756217957,
        -0.17295673489570618,
        -0.13261692225933075,
        0.030529316514730453,
        0.9906971454620361,
        1.7639927864074707
    ],
    [
        0.9907274842262268,
        -0.0283629409968853,
        0.13287024199962616,
        0.3005705177783966,
        0.03180379420518875,
        0.9992095828056335,
        -0.023845599964261055,
        -0.1789846420288086,
        -0.13208891451358795,
        0.02785027213394642,
        0.9908465147018433,
        1.9049044847488403
    ],
    [
        0.9902393817901611,
        -0.02541053481400013,
        0.13704118132591248,
        0.3271963596343994,
        0.028858866542577744,
        0.9993134140968323,
        -0.023234635591506958,
        -0.197366401553154,
        -0.13635669648647308,
        0.026962704956531525,
        0.9902927875518799,
        2.0513527393341064
    ],
    [
        0.9886988401412964,
        -0.014959343709051609,
        0.14916712045669556,
        0.3402250409126282,
        0.0185700673609972,
        0.9995666146278381,
        -0.022842468693852425,
        -0.20938435196876526,
        -0.14876076579093933,
        0.02535436861217022,
        0.9885481595993042,
        2.186063766479492
    ],
    [
        0.9872940182685852,
        -0.005292679648846388,
        0.1588163524866104,
        0.3451065421104431,
        0.008561172522604465,
        0.9997652173042297,
        -0.019903212785720825,
        -0.22466474771499634,
        -0.1586737483739853,
        0.021009977906942368,
        0.9871075749397278,
        2.309702157974243
    ],
    [
        0.9851539134979248,
        0.004611509386450052,
        0.17161151766777039,
        0.3434348404407501,
        -0.0013529198477044702,
        0.9998166561126709,
        -0.019100286066532135,
        -0.24160674214363098,
        -0.171668142080307,
        0.018584545701742172,
        0.9849794507026672,
        2.440340042114258
    ],
    [
        0.9831558465957642,
        0.00900952983647585,
        0.18254701793193817,
        0.34403276443481445,
        -0.005584109574556351,
        0.9997986555099487,
        -0.019269919022917747,
        -0.2558901607990265,
        -0.18268387019634247,
        0.017925972118973732,
        0.9830083250999451,
        2.5584161281585693
    ],
    [
        0.9825183153152466,
        0.008122737519443035,
        0.18598850071430206,
        0.3477923572063446,
        -0.004570867866277695,
        0.9997990727424622,
        -0.019518103450536728,
        -0.25875455141067505,
        -0.18610966205596924,
        0.018326764926314354,
        0.9823580980300903,
        2.6696202754974365
    ],
    [
        0.9839590787887573,
        0.006603801157325506,
        0.17827224731445312,
        0.3503515422344208,
        -0.0038535892963409424,
        0.9998683333396912,
        -0.01576889306306839,
        -0.26914945244789124,
        -0.17835289239883423,
        0.014828957617282867,
        0.9838549494743347,
        2.7925498485565186
    ],
    [
        0.987282931804657,
        0.005991740617901087,
        0.15886016190052032,
        0.33666300773620605,
        -0.003637881949543953,
        0.9998794198036194,
        -0.0151038384065032,
        -0.2797718048095703,
        -0.15893150866031647,
        0.014333847910165787,
        0.9871856570243835,
        2.9083251953125
    ],
    [
        0.9909790754318237,
        0.007552847266197205,
        0.13380375504493713,
        0.31026196479797363,
        -0.005527541972696781,
        0.9998645782470703,
        -0.015501400455832481,
        -0.2954842448234558,
        -0.13390271365642548,
        0.014621959067881107,
        0.9908865690231323,
        3.0178732872009277
    ],
    [
        0.9948062300682068,
        0.007492769043892622,
        0.10151061415672302,
        0.2743896245956421,
        -0.005635641049593687,
        0.9998117089271545,
        -0.018569346517324448,
        -0.31527575850486755,
        -0.10163063555955887,
        0.017900826409459114,
        0.9946611523628235,
        3.1312477588653564
    ],
    [
        0.9979740977287292,
        0.008404292166233063,
        0.06306488811969757,
        0.24440337717533112,
        -0.007055922411382198,
        0.9997423887252808,
        -0.021572990342974663,
        -0.32973960041999817,
        -0.06322995573282242,
        0.02108430303633213,
        0.9977762699127197,
        3.247027635574341
    ],
    [
        0.9996703267097473,
        0.008467674255371094,
        0.024238090962171555,
        0.22887349128723145,
        -0.007869847118854523,
        0.9996651411056519,
        -0.024654770269989967,
        -0.3467690050601959,
        -0.024438736960291862,
        0.02445589192211628,
        0.9994021654129028,
        3.359165906906128
    ],
    [
        0.999465823173523,
        0.00928429514169693,
        -0.031335871666669846,
        0.21455484628677368,
        -0.01015680655837059,
        0.9995617866516113,
        -0.027800461277365685,
        -0.3630087971687317,
        0.03106403537094593,
        0.028103884309530258,
        0.9991222620010376,
        3.474287509918213
    ],
    [
        0.9962645173072815,
        0.014656157232820988,
        -0.08510051667690277,
        0.18243876099586487,
        -0.016925916075706482,
        0.9995183348655701,
        -0.026011496782302856,
        -0.38193830847740173,
        0.0846782997250557,
        0.027354735881090164,
        0.9960327744483948,
        3.5830721855163574
    ]
]