[
    [
        0.9805142283439636,
        -0.009087221696972847,
        0.19623762369155884,
        -0.053564924746751785,
        0.00888687465339899,
        0.9999587535858154,
        0.0019014738500118256,
        -0.013073860667645931,
        -0.19624680280685425,
        -0.00012048343342030421,
        0.9805545806884766,
        0.13329635560512543
    ],
    [
        0.9552572965621948,
        -0.016637565568089485,
        0.29530784487724304,
        -0.04197190701961517,
        0.015603412874042988,
        0.9998610019683838,
        0.005858228076249361,
        -0.0016297460533678532,
        -0.2953643202781677,
        -0.0009883049642667174,
        0.9553842544555664,
        0.19926713407039642
    ],
    [
        0.9255110621452332,
        -0.02298555336892605,
        0.37802228331565857,
        0.0014292465057224035,
        0.02033109962940216,
        0.9997326731681824,
        0.011011919006705284,
        0.02437630109488964,
        -0.37817439436912537,
        -0.0025060446932911873,
        0.9257310032844543,
        0.2922265827655792
    ],
    [
        0.9020026922225952,
        -0.02609732374548912,
        0.4309408664703369,
        0.05299542844295502,
        0.0217600017786026,
        0.999650776386261,
        0.01499191951006651,
        0.05512106791138649,
        -0.4311816692352295,
        -0.004145475570112467,
        0.9022555351257324,
        0.3783737123012543
    ],
    [
        0.8833867907524109,
        -0.028011705726385117,
        0.46780678629875183,
        0.1207900419831276,
        0.022245142608880997,
        0.999593198299408,
        0.017847642302513123,
        0.08549264818429947,
        -0.4681164026260376,
        -0.005359943024814129,
        0.8836506009101868,
        0.46425968408584595
    ],
    [
        0.8688938021659851,
        -0.029294395819306374,
        0.4941309690475464,
        0.19309735298156738,
        0.021981731057167053,
        0.9995459318161011,
        0.02060447819530964,
        0.12059550732374191,
        -0.4945102334022522,
        -0.007041250355541706,
        0.8691432476043701,
        0.5600541234016418
    ],
    [
        0.858093798160553,
        -0.030693262815475464,
        0.5125749111175537,
        0.2822747826576233,
        0.021109310910105705,
        0.9994766712188721,
        0.02451043389737606,
        0.1503717303276062,
        -0.5130589604377747,
        -0.010212145745754242,
        0.8582926392555237,
        0.677757740020752
    ],
    [
        0.85093754529953,
        -0.029882103204727173,
        0.5244162082672119,
        0.3641369938850403,
        0.01996532641351223,
        0.9994990825653076,
        0.02455662004649639,
        0.16669438779354095,
        -0.524887204170227,
        -0.010426012799143791,
        0.8511080145835876,
        0.7804884910583496
    ],
    [
        0.8481822609901428,
        -0.029818138107657433,
        0.5288645625114441,
        0.43981361389160156,
        0.019063973799347878,
        0.9994857907295227,
        0.02577802538871765,
        0.18230746686458588,
        -0.529361367225647,
        -0.011782201938331127,
        0.8483147025108337,
        0.8694331645965576
    ],
    [
        0.8477877378463745,
        -0.03131771460175514,
        0.5294102430343628,
        0.548228919506073,
        0.018717670813202858,
        0.9993999004364014,
        0.029146231710910797,
        0.18848535418510437,
        -0.5300053358078003,
        -0.014800495468080044,
        0.847865104675293,
        0.9708191752433777
    ],
    [
        0.8511059880256653,
        -0.029381604865193367,
        0.524170994758606,
        0.6358898282051086,
        0.017648236826062202,
        0.9994695782661438,
        0.027367986738681793,
        0.19293427467346191,
        -0.5246970653533936,
        -0.014042370952665806,
        0.8511731624603271,
        1.0518735647201538
    ],
    [
        0.8621339201927185,
        -0.027378004044294357,
        0.5059402585029602,
        0.7058176398277283,
        0.014855307526886463,
        0.9994755983352661,
        0.028770945966243744,
        0.19767551124095917,
        -0.5064626336097717,
        -0.017288506031036377,
        0.8620885610580444,
        1.1465681791305542
    ],
    [
        0.8810319304466248,
        -0.024340271949768066,
        0.4724302887916565,
        0.767975389957428,
        0.011774301528930664,
        0.9994943737983704,
        0.029537536203861237,
        0.1847294569015503,
        -0.4729103744029999,
        -0.020460976287722588,
        0.880872905254364,
        1.2709710597991943
    ],
    [
        0.9069368243217468,
        -0.020411701872944832,
        0.4207718074321747,
        0.802223801612854,
        0.00873024296015501,
        0.9995217323303223,
        0.029669661074876785,
        0.1667446792125702,
        -0.4211761951446533,
        -0.02323506399989128,
        0.90668123960495,
        1.3794175386428833
    ],
    [
        0.9352319836616516,
        -0.014957768842577934,
        0.35371920466423035,
        0.8155028223991394,
        0.005669237580150366,
        0.9996116757392883,
        0.0272812657058239,
        0.13805842399597168,
        -0.35398995876312256,
        -0.02350899763405323,
        0.9349536299705505,
        1.4743846654891968
    ],
    [
        0.9524972438812256,
        -0.011059238575398922,
        0.30434611439704895,
        0.8069495558738708,
        0.003284408478066325,
        0.9996553659439087,
        0.02604612149298191,
        0.10839971154928207,
        -0.3045293092727661,
        -0.023809263482689857,
        0.9522053003311157,
        1.534811019897461
    ],
    [
        0.9671640396118164,
        -0.007771418429911137,
        0.254034161567688,
        0.7953668832778931,
        0.0010300484718754888,
        0.9996441006660461,
        0.02665950171649456,
        0.0636233389377594,
        -0.254150927066803,
        -0.025522444397211075,
        0.9668276309967041,
        1.5948474407196045
    ],
    [
        0.9811650514602661,
        -0.004430545959621668,
        0.19312074780464172,
        0.7874476909637451,
        -0.0010406343499198556,
        0.9996011853218079,
        0.02821972407400608,
        0.017659474164247513,
        -0.1931687593460083,
        -0.027889171615242958,
        0.9807690382003784,
        1.655625581741333
    ],
    [
        0.9948415160179138,
        0.0004987415159121156,
        0.10144002735614777,
        0.7746766209602356,
        -0.003466824535280466,
        0.9995710253715515,
        0.02908530831336975,
        -0.034355320036411285,
        -0.10138198733329773,
        -0.02928694523870945,
        0.994416356086731,
        1.7113276720046997
    ],
    [
        0.9999712705612183,
        0.006155677139759064,
        0.004434725735336542,
        0.753305971622467,
        -0.006280216854065657,
        0.9995700716972351,
        0.028638707473874092,
        -0.08489765226840973,
        -0.0042565371841192245,
        -0.028665730729699135,
        0.9995799660682678,
        1.7369143962860107
    ],
    [
        0.9968075156211853,
        0.011390937492251396,
        -0.07902606576681137,
        0.7204151153564453,
        -0.009137248620390892,
        0.999542772769928,
        0.02882152423262596,
        -0.11926567554473877,
        0.07931823283433914,
        -0.02800743095576763,
        0.9964559078216553,
        1.7337206602096558
    ],
    [
        0.9860526323318481,
        0.01646534539759159,
        -0.16561706364154816,
        0.6876727938652039,
        -0.011798296123743057,
        0.9995062351226807,
        0.029124228283762932,
        -0.16004101932048798,
        0.16601483523845673,
        -0.026764027774333954,
        0.9857600927352905,
        1.7063874006271362
    ],
    [
        0.9715694189071655,
        0.02071087621152401,
        -0.2358473837375641,
        0.6539421081542969,
        -0.014209674671292305,
        0.9994715452194214,
        0.029231801629066467,
        -0.18158085644245148,
        0.2363283634185791,
        -0.02504941262304783,
        0.971350371837616,
        1.6793897151947021
    ],
    [
        0.9509201049804688,
        0.025440312922000885,
        -0.3083891272544861,
        0.6143524050712585,
        -0.016820471733808517,
        0.9993907809257507,
        0.030577968806028366,
        -0.1949533224105835,
        0.30897918343544006,
        -0.023889949545264244,
        0.950768768787384,
        1.648634433746338
    ],
    [
        0.924222469329834,
        0.030162185430526733,
        -0.38066115975379944,
        0.569946825504303,
        -0.019462713971734047,
        0.9993006587028503,
        0.03192657604813576,
        -0.19766534864902496,
        0.3813581168651581,
        -0.022098572924733162,
        0.924163281917572,
        1.6146736145019531
    ]
]