[
    [
        0.5051819086074829,
        0.17600728571414948,
        -0.844874382019043,
        -0.7583110332489014,
        -0.340060830116272,
        0.9403741359710693,
        -0.007432918064296246,
        0.3715038299560547,
        0.7931896448135376,
        0.29106369614601135,
        0.5349130630493164,
        -0.26376578211784363
    ],
    [
        0.49962159991264343,
        0.17708784341812134,
        -0.8479493856430054,
        -0.7540615200996399,
        -0.3409372568130493,
        0.9400749802589417,
        -0.004556590225547552,
        0.3713876008987427,
        0.796329140663147,
        0.2913741171360016,
        0.5300576090812683,
        -0.26789337396621704
    ],
    [
        0.49418389797210693,
        0.17800192534923553,
        -0.8509392142295837,
        -0.7500849366188049,
        -0.34128299355506897,
        0.9399592876434326,
        -0.0015770705649629235,
        0.3707554340362549,
        0.799567461013794,
        0.2911904454231262,
        0.5252617597579956,
        -0.2712337076663971
    ],
    [
        0.48852989077568054,
        0.1790117621421814,
        -0.8539866209030151,
        -0.7460194230079651,
        -0.3419291079044342,
        0.9397246837615967,
        0.0013807793147861958,
        0.37012991309165955,
        0.8027596473693848,
        0.29132840037345886,
        0.5202929377555847,
        -0.2737293541431427
    ],
    [
        0.482698529958725,
        0.18018940091133118,
        -0.8570494651794434,
        -0.7422896027565002,
        -0.3428536057472229,
        0.9393784403800964,
        0.004400135483592749,
        0.36963674426078796,
        0.8058868050575256,
        0.2917185425758362,
        0.5152152180671692,
        -0.2765193283557892
    ],
    [
        0.47699129581451416,
        0.18130779266357422,
        -0.8600038886070251,
        -0.7397852540016174,
        -0.3439443111419678,
        0.9389625191688538,
        0.007189266849309206,
        0.3695647716522217,
        0.8088149428367615,
        0.2923642694950104,
        0.5102367401123047,
        -0.27769604325294495
    ],
    [
        0.47159695625305176,
        0.18194377422332764,
        -0.8628398776054382,
        -0.7373985648155212,
        -0.34399306774139404,
        0.938919186592102,
        0.009972228668630123,
        0.36901816725730896,
        0.8119513988494873,
        0.29210805892944336,
        0.505378782749176,
        -0.27895110845565796
    ],
    [
        0.4662017226219177,
        0.18305747210979462,
        -0.8655321002006531,
        -0.7344626784324646,
        -0.34444642066955566,
        0.938715934753418,
        0.01300639659166336,
        0.36822637915611267,
        0.8148695826530457,
        0.29206582903862,
        0.5006844401359558,
        -0.28173431754112244
    ],
    [
        0.46025803685188293,
        0.18459805846214294,
        -0.8683812618255615,
        -0.7304778099060059,
        -0.3453661799430847,
        0.9383243918418884,
        0.01641596294939518,
        0.36741575598716736,
        0.8178537487983704,
        0.29235395789146423,
        0.4956252872943878,
        -0.2841554284095764
    ],
    [
        0.4546923339366913,
        0.18582405149936676,
        -0.871047854423523,
        -0.7269570231437683,
        -0.34601786732673645,
        0.9380254149436951,
        0.019489191472530365,
        0.367302805185318,
        0.8206866383552551,
        0.29253652691841125,
        0.49081140756607056,
        -0.28714367747306824
    ],
    [
        0.44843292236328125,
        0.1870139092206955,
        -0.8740330338478088,
        -0.7238638401031494,
        -0.3472583293914795,
        0.9375012516975403,
        0.02242901921272278,
        0.36712419986724854,
        0.8236015439033508,
        0.2934573292732239,
        0.48534855246543884,
        -0.2878335118293762
    ],
    [
        0.4366702437400818,
        0.18895408511161804,
        -0.8795540928840637,
        -0.7174245119094849,
        -0.3489402234554291,
        0.9367266893386841,
        0.027998868376016617,
        0.36758163571357727,
        0.8291922807693481,
        0.2946854829788208,
        0.4749743640422821,
        -0.2915014326572418
    ],
    [
        0.4309876263141632,
        0.19000428915023804,
        -0.8821269869804382,
        -0.7139739394187927,
        -0.34939518570899963,
        0.9364624619483948,
        0.031001068651676178,
        0.3668113946914673,
        0.8319692611694336,
        0.29484981298446655,
        0.4699903428554535,
        -0.2943814694881439
    ],
    [
        0.424540638923645,
        0.19108475744724274,
        -0.8850152492523193,
        -0.709565281867981,
        -0.35004496574401855,
        0.936108410358429,
        0.03420024365186691,
        0.3663594722747803,
        0.8350052833557129,
        0.2952756881713867,
        0.4643043279647827,
        -0.2959434986114502
    ],
    [
        0.41833189129829407,
        0.19218149781227112,
        -0.8877301812171936,
        -0.7048676609992981,
        -0.3508181869983673,
        0.9357024431228638,
        0.03724813461303711,
        0.3662375807762146,
        0.837809681892395,
        0.2958497703075409,
        0.45885494351387024,
        -0.2990041673183441
    ],
    [
        0.4117327928543091,
        0.19332611560821533,
        -0.8905622959136963,
        -0.7016505002975464,
        -0.35185280442237854,
        0.9351856708526611,
        0.0403413362801075,
        0.36611655354499817,
        0.8406400084495544,
        0.2967369854450226,
        0.45306894183158875,
        -0.2997298538684845
    ],
    [
        0.4057098925113678,
        0.19375114142894745,
        -0.8932300806045532,
        -0.6985008120536804,
        -0.35184958577156067,
        0.9350678324699402,
        0.043014198541641235,
        0.3661825656890869,
        0.8435646891593933,
        0.296831339597702,
        0.44753745198249817,
        -0.3020034730434418
    ],
    [
        0.3988270163536072,
        0.19461075961589813,
        -0.8961381912231445,
        -0.6944349408149719,
        -0.3526071012020111,
        0.9346380233764648,
        0.04604354128241539,
        0.36630216240882874,
        0.8465253710746765,
        0.29762130975723267,
        0.44138002395629883,
        -0.3028673827648163
    ],
    [
        0.39242997765541077,
        0.19553789496421814,
        -0.898756742477417,
        -0.6917182803153992,
        -0.3527424931526184,
        0.9344220161437988,
        0.0492771677672863,
        0.36602768301963806,
        0.8494535684585571,
        0.29769188165664673,
        0.4356697201728821,
        -0.304133802652359
    ],
    [
        0.3858652710914612,
        0.1965511590242386,
        -0.9013742804527283,
        -0.6878684759140015,
        -0.3531598746776581,
        0.9340887069702148,
        0.052502114325761795,
        0.3656841516494751,
        0.8522828221321106,
        0.2980705201625824,
        0.42984631657600403,
        -0.30660805106163025
    ],
    [
        0.37901294231414795,
        0.19732312858104706,
        -0.9041088223457336,
        -0.6838932037353516,
        -0.35339292883872986,
        0.9338176846504211,
        0.0556606762111187,
        0.3654536008834839,
        0.8552558422088623,
        0.29840952157974243,
        0.42366158962249756,
        -0.30805540084838867
    ],
    [
        0.36481982469558716,
        0.19876347482204437,
        -0.9096150398254395,
        -0.677712619304657,
        -0.35375866293907166,
        0.9332762360572815,
        0.06205156445503235,
        0.36562275886535645,
        0.8612555265426636,
        0.2991465628147125,
        0.4107920229434967,
        -0.31010112166404724
    ],
    [
        0.3575270473957062,
        0.19987550377845764,
        -0.9122633337974548,
        -0.6739267706871033,
        -0.3542730510234833,
        0.9328424334526062,
        0.06554047763347626,
        0.36529862880706787,
        0.8640977740287781,
        0.29975777864456177,
        0.4043269157409668,
        -0.31185227632522583
    ],
    [
        0.3496502637863159,
        0.20072011649608612,
        -0.9151263236999512,
        -0.6700111627578735,
        -0.35511043667793274,
        0.9322889447212219,
        0.06880434602499008,
        0.3661545217037201,
        0.8669724464416504,
        0.3009134531021118,
        0.3972528576850891,
        -0.31138551235198975
    ],
    [
        0.3416997492313385,
        0.20173382759094238,
        -0.917902410030365,
        -0.6655354499816895,
        -0.3556492030620575,
        0.9318113327026367,
        0.0723961889743805,
        0.36552777886390686,
        0.869916558265686,
        0.3017134666442871,
        0.3901461660861969,
        -0.31251659989356995
    ],
    [
        0.3338007628917694,
        0.20278503000736237,
        -0.9205732941627502,
        -0.6604859232902527,
        -0.3559345006942749,
        0.9314064979553223,
        0.07610920816659927,
        0.36503925919532776,
        0.8728618025779724,
        0.3022584617137909,
        0.38308238983154297,
        -0.3144735097885132
    ],
    [
        0.3257327675819397,
        0.2035163938999176,
        -0.9232980608940125,
        -0.6554355025291443,
        -0.3559667468070984,
        0.9310977458953857,
        0.07965318113565445,
        0.36541426181793213,
        0.8758914470672607,
        0.30271774530410767,
        0.3757341206073761,
        -0.315696656703949
    ],
    [
        0.317699670791626,
        0.20452116429805756,
        -0.9258714914321899,
        -0.6508737206459045,
        -0.3560495376586914,
        0.9307360053062439,
        0.08342235535383224,
        0.3651314377784729,
        0.878803551197052,
        0.303152859210968,
        0.36851415038108826,
        -0.31782934069633484
    ],
    [
        0.3092769384384155,
        0.20550857484340668,
        -0.9285009503364563,
        -0.6450129747390747,
        -0.3562389314174652,
        0.9303125143051147,
        0.08724893629550934,
        0.3647175431251526,
        0.8817265629768372,
        0.303784042596817,
        0.36093437671661377,
        -0.3200223445892334
    ],
    [
        0.3006335198879242,
        0.2064635455608368,
        -0.931124210357666,
        -0.6404695510864258,
        -0.3561352789402008,
        0.9299710988998413,
        0.09122192859649658,
        0.36390221118927,
        0.8847525119781494,
        0.3041818141937256,
        0.3531094193458557,
        -0.32056736946105957
    ],
    [
        0.29181286692619324,
        0.20740698277950287,
        -0.9337170124053955,
        -0.6349307894706726,
        -0.35631465911865234,
        0.9295122027397156,
        0.09511463344097137,
        0.3635089695453644,
        0.8876289129257202,
        0.30494141578674316,
        0.3451457619667053,
        -0.3221074342727661
    ],
    [
        0.28264251351356506,
        0.20861946046352386,
        -0.9362645149230957,
        -0.6293023228645325,
        -0.356533944606781,
        0.9289833307266235,
        0.0993654876947403,
        0.36279335618019104,
        0.8905036449432373,
        0.30572509765625,
        0.3369501233100891,
        -0.32322803139686584
    ],
    [
        0.26444873213768005,
        0.21076609194278717,
        -0.9410868287086487,
        -0.615986704826355,
        -0.3555451035499573,
        0.9283968210220337,
        0.10801459848880768,
        0.3595898449420929,
        0.8964678645133972,
        0.30603453516960144,
        0.32045018672943115,
        -0.3279930353164673
    ],
    [
        0.255380243062973,
        0.2115478813648224,
        -0.9434131383895874,
        -0.6093262434005737,
        -0.3545709550380707,
        0.9282763004302979,
        0.11217191070318222,
        0.35832148790359497,
        0.8994777202606201,
        0.3058604300022125,
        0.31207212805747986,
        -0.3314530849456787
    ],
    [
        0.24585862457752228,
        0.2127532660961151,
        -0.9456688761711121,
        -0.6020503640174866,
        -0.3539200723171234,
        0.9279595017433167,
        0.11675553768873215,
        0.35691922903060913,
        0.902382493019104,
        0.30598583817481995,
        0.303444504737854,
        -0.33536750078201294
    ],
    [
        0.23542170226573944,
        0.2143903374671936,
        -0.947952151298523,
        -0.5949586629867554,
        -0.3540090322494507,
        0.9272773265838623,
        0.12179712951183319,
        0.35527974367141724,
        0.9051266312599182,
        0.30690997838974,
        0.29419729113578796,
        -0.336961954832077
    ],
    [
        0.22522872686386108,
        0.21560336649417877,
        -0.950151264667511,
        -0.5895402431488037,
        -0.3537232577800751,
        0.9267635941505432,
        0.12644800543785095,
        0.35385364294052124,
        0.9078280925750732,
        0.3076108396053314,
        0.28499770164489746,
        -0.3375382423400879
    ],
    [
        0.21508239209651947,
        0.21675734221935272,
        -0.9522371888160706,
        -0.583670973777771,
        -0.3530483841896057,
        0.9263707399368286,
        0.13112610578536987,
        0.35247454047203064,
        0.9105473160743713,
        0.3079829514026642,
        0.2757718563079834,
        -0.33922597765922546
    ],
    [
        0.20454737544059753,
        0.21784044802188873,
        -0.9543091058731079,
        -0.5736988186836243,
        -0.35258352756500244,
        0.9258776307106018,
        0.1357773393392563,
        0.350894033908844,
        0.9131513237953186,
        0.3087007999420166,
        0.26619279384613037,
        -0.34376686811447144
    ],
    [
        0.19340132176876068,
        0.21949361264705658,
        -0.9562523365020752,
        -0.5653712749481201,
        -0.3525560796260834,
        0.9251012206077576,
        0.14103910326957703,
        0.3489469885826111,
        0.9155873656272888,
        0.3098554313182831,
        0.25629961490631104,
        -0.3458938002586365
    ],
    [
        0.1827714443206787,
        0.22068683803081512,
        -0.9580667018890381,
        -0.5564485192298889,
        -0.35148146748542786,
        0.9247468113899231,
        0.14595924317836761,
        0.3462062478065491,
        0.9181804060935974,
        0.31006553769111633,
        0.24658463895320892,
        -0.3497672379016876
    ],
    [
        0.17145419120788574,
        0.2221977859735489,
        -0.9598081707954407,
        -0.5494221448898315,
        -0.35053935647010803,
        0.9242385029792786,
        0.1513451635837555,
        0.34363648295402527,
        0.920720100402832,
        0.31050175428390503,
        0.23635363578796387,
        -0.35048991441726685
    ],
    [
        0.149084210395813,
        0.22439242899417877,
        -0.9630274772644043,
        -0.5327973961830139,
        -0.34839218854904175,
        0.9233801364898682,
        0.1612204611301422,
        0.33896708488464355,
        0.9254171252250671,
        0.31147581338882446,
        0.2158379703760147,
        -0.3552885353565216
    ],
    [
        0.1375730186700821,
        0.22538739442825317,
        -0.9645072817802429,
        -0.5243035554885864,
        -0.3467956781387329,
        0.923090398311615,
        0.16624364256858826,
        0.3365318477153778,
        0.9277966022491455,
        0.31161633133888245,
        0.20515567064285278,
        -0.35712581872940063
    ],
    [
        0.12573933601379395,
        0.22657810151576996,
        -0.9658426642417908,
        -0.5151917934417725,
        -0.3450680077075958,
        0.9227668642997742,
        0.17154985666275024,
        0.33328935503959656,
        0.9301170110702515,
        0.3117108643054962,
        0.19421295821666718,
        -0.35896506905555725
    ],
    [
        0.11437898129224777,
        0.2275407314300537,
        -0.9670277833938599,
        -0.5065125226974487,
        -0.34269723296165466,
        0.9227020740509033,
        0.1765771061182022,
        0.3304038643836975,
        0.9324569702148438,
        0.3112010359764099,
        0.18351531028747559,
        -0.36159515380859375
    ],
    [
        0.10204154253005981,
        0.22911250591278076,
        -0.9680366516113281,
        -0.4962994158267975,
        -0.34138622879981995,
        0.922084629535675,
        0.18225085735321045,
        0.32712915539741516,
        0.9343676567077637,
        0.3118772804737091,
        0.17230679094791412,
        -0.36457329988479614
    ],
    [
        0.09008758515119553,
        0.23021195828914642,
        -0.9689616560935974,
        -0.48693013191223145,
        -0.3385252058506012,
        0.9220673441886902,
        0.18759669363498688,
        0.3218223750591278,
        0.9366348385810852,
        0.3111177682876587,
        0.1609993726015091,
        -0.3671167194843292
    ],
    [
        0.07759252190589905,
        0.23145687580108643,
        -0.969745934009552,
        -0.4763559401035309,
        -0.33627942204475403,
        0.9217539429664612,
        0.19309543073177338,
        0.3183988928794861,
        0.9385602474212646,
        0.3111228346824646,
        0.14935539662837982,
        -0.37003761529922485
    ],
    [
        0.06559213995933533,
        0.23327800631523132,
        -0.9701953530311584,
        -0.46679240465164185,
        -0.33375224471092224,
        0.9214195013046265,
        0.19898609817028046,
        0.3124079704284668,
        0.9403759837150574,
        0.3107529282569885,
        0.13829493522644043,
        -0.3744119107723236
    ],
    [
        0.05334203690290451,
        0.23462124168872833,
        -0.970622181892395,
        -0.4544416666030884,
        -0.3327420949935913,
        0.9206324219703674,
        0.204251229763031,
        0.3101584017276764,
        0.9415079951286316,
        0.31207165122032166,
        0.12717677652835846,
        -0.38160955905914307
    ],
    [
        0.03958771005272865,
        0.23578982055187225,
        -0.9709974527359009,
        -0.44430971145629883,
        -0.3310832381248474,
        0.9199601411819458,
        0.2098979949951172,
        0.30704212188720703,
        0.9427707195281982,
        0.3131716251373291,
        0.11448517441749573,
        -0.3816445767879486
    ],
    [
        0.014242003671824932,
        0.2379692941904068,
        -0.9711681604385376,
        -0.4243461489677429,
        -0.32559022307395935,
        0.9194360375404358,
        0.22051839530467987,
        0.29822269082069397,
        0.9454036355018616,
        0.31306228041648865,
        0.09057507663965225,
        -0.388240247964859
    ]
]