[
    [
        0.5051819086074829,
        0.17600728571414948,
        -0.844874382019043,
        -0.7583110332489014,
        -0.340060830116272,
        0.9403741359710693,
        -0.007432918064296246,
        0.3715038299560547,
        0.7931896448135376,
        0.29106369614601135,
        0.5349130630493164,
        -0.26376578211784363
    ],
    [
        0.482698529958725,
        0.18018940091133118,
        -0.8570494651794434,
        -0.7422896027565002,
        -0.3428536057472229,
        0.9393784403800964,
        0.004400135483592749,
        0.36963674426078796,
        0.8058868050575256,
        0.2917185425758362,
        0.5152152180671692,
        -0.2765193283557892
    ],
    [
        0.46025803685188293,
        0.18459805846214294,
        -0.8683812618255615,
        -0.7304778099060059,
        -0.3453661799430847,
        0.9383243918418884,
        0.01641596294939518,
        0.36741575598716736,
        0.8178537487983704,
        0.29235395789146423,
        0.4956252872943878,
        -0.2841554284095764
    ],
    [
        0.4309876263141632,
        0.19000428915023804,
        -0.8821269869804382,
        -0.7139739394187927,
        -0.34939518570899963,
        0.9364624619483948,
        0.031001068651676178,
        0.3668113946914673,
        0.8319692611694336,
        0.29484981298446655,
        0.4699903428554535,
        -0.2943814694881439
    ],
    [
        0.4057098925113678,
        0.19375114142894745,
        -0.8932300806045532,
        -0.6985008120536804,
        -0.35184958577156067,
        0.9350678324699402,
        0.043014198541641235,
        0.3661825656890869,
        0.8435646891593933,
        0.296831339597702,
        0.44753745198249817,
        -0.3020034730434418
    ],
    [
        0.37901294231414795,
        0.19732312858104706,
        -0.9041088223457336,
        -0.6838932037353516,
        -0.35339292883872986,
        0.9338176846504211,
        0.0556606762111187,
        0.3654536008834839,
        0.8552558422088623,
        0.29840952157974243,
        0.42366158962249756,
        -0.30805540084838867
    ],
    [
        0.3416997492313385,
        0.20173382759094238,
        -0.917902410030365,
        -0.6655354499816895,
        -0.3556492030620575,
        0.9318113327026367,
        0.0723961889743805,
        0.36552777886390686,
        0.869916558265686,
        0.3017134666442871,
        0.3901461660861969,
        -0.31251659989356995
    ],
    [
        0.3092769384384155,
        0.20550857484340668,
        -0.9285009503364563,
        -0.6450129747390747,
        -0.3562389314174652,
        0.9303125143051147,
        0.08724893629550934,
        0.3647175431251526,
        0.8817265629768372,
        0.303784042596817,
        0.36093437671661377,
        -0.3200223445892334
    ],
    [
        0.26444873213768005,
        0.21076609194278717,
        -0.9410868287086487,
        -0.615986704826355,
        -0.3555451035499573,
        0.9283968210220337,
        0.10801459848880768,
        0.3595898449420929,
        0.8964678645133972,
        0.30603453516960144,
        0.32045018672943115,
        -0.3279930353164673
    ],
    [
        0.22522872686386108,
        0.21560336649417877,
        -0.950151264667511,
        -0.5895402431488037,
        -0.3537232577800751,
        0.9267635941505432,
        0.12644800543785095,
        0.35385364294052124,
        0.9078280925750732,
        0.3076108396053314,
        0.28499770164489746,
        -0.3375382423400879
    ],
    [
        0.1827714443206787,
        0.22068683803081512,
        -0.9580667018890381,
        -0.5564485192298889,
        -0.35148146748542786,
        0.9247468113899231,
        0.14595924317836761,
        0.3462062478065491,
        0.9181804060935974,
        0.31006553769111633,
        0.24658463895320892,
        -0.3497672379016876
    ],
    [
        0.12573933601379395,
        0.22657810151576996,
        -0.9658426642417908,
        -0.5151917934417725,
        -0.3450680077075958,
        0.9227668642997742,
        0.17154985666275024,
        0.33328935503959656,
        0.9301170110702515,
        0.3117108643054962,
        0.19421295821666718,
        -0.35896506905555725
    ],
    [
        0.07759252190589905,
        0.23145687580108643,
        -0.969745934009552,
        -0.4763559401035309,
        -0.33627942204475403,
        0.9217539429664612,
        0.19309543073177338,
        0.3183988928794861,
        0.9385602474212646,
        0.3111228346824646,
        0.14935539662837982,
        -0.37003761529922485
    ],
    [
        0.014242003671824932,
        0.2379692941904068,
        -0.9711681604385376,
        -0.4243461489677429,
        -0.32559022307395935,
        0.9194360375404358,
        0.22051839530467987,
        0.29822269082069397,
        0.9454036355018616,
        0.31306228041648865,
        0.09057507663965225,
        -0.388240247964859
    ]
]