[
    [
        0.5051819086074829,
        0.17600728571414948,
        -0.844874382019043,
        -0.7583110332489014,
        -0.340060830116272,
        0.9403741359710693,
        -0.007432918064296246,
        0.3715038299560547,
        0.7931896448135376,
        0.29106369614601135,
        0.5349130630493164,
        -0.26376578211784363
    ],
    [
        0.49418389797210693,
        0.17800192534923553,
        -0.8509392142295837,
        -0.7500849366188049,
        -0.34128299355506897,
        0.9399592876434326,
        -0.0015770705649629235,
        0.3707554340362549,
        0.799567461013794,
        0.2911904454231262,
        0.5252617597579956,
        -0.2712337076663971
    ],
    [
        0.482698529958725,
        0.18018940091133118,
        -0.8570494651794434,
        -0.7422896027565002,
        -0.3428536057472229,
        0.9393784403800964,
        0.004400135483592749,
        0.36963674426078796,
        0.8058868050575256,
        0.2917185425758362,
        0.5152152180671692,
        -0.2765193283557892
    ],
    [
        0.47159695625305176,
        0.18194377422332764,
        -0.8628398776054382,
        -0.7373985648155212,
        -0.34399306774139404,
        0.938919186592102,
        0.009972228668630123,
        0.36901816725730896,
        0.8119513988494873,
        0.29210805892944336,
        0.505378782749176,
        -0.27895110845565796
    ],
    [
        0.46025803685188293,
        0.18459805846214294,
        -0.8683812618255615,
        -0.7304778099060059,
        -0.3453661799430847,
        0.9383243918418884,
        0.01641596294939518,
        0.36741575598716736,
        0.8178537487983704,
        0.29235395789146423,
        0.4956252872943878,
        -0.2841554284095764
    ],
    [
        0.44843292236328125,
        0.1870139092206955,
        -0.8740330338478088,
        -0.7238638401031494,
        -0.3472583293914795,
        0.9375012516975403,
        0.02242901921272278,
        0.36712419986724854,
        0.8236015439033508,
        0.2934573292732239,
        0.48534855246543884,
        -0.2878335118293762
    ],
    [
        0.424540638923645,
        0.19108475744724274,
        -0.8850152492523193,
        -0.709565281867981,
        -0.35004496574401855,
        0.936108410358429,
        0.03420024365186691,
        0.3663594722747803,
        0.8350052833557129,
        0.2952756881713867,
        0.4643043279647827,
        -0.2959434986114502
    ],
    [
        0.4117327928543091,
        0.19332611560821533,
        -0.8905622959136963,
        -0.7016505002975464,
        -0.35185280442237854,
        0.9351856708526611,
        0.0403413362801075,
        0.36611655354499817,
        0.8406400084495544,
        0.2967369854450226,
        0.45306894183158875,
        -0.2997298538684845
    ],
    [
        0.3988270163536072,
        0.19461075961589813,
        -0.8961381912231445,
        -0.6944349408149719,
        -0.3526071012020111,
        0.9346380233764648,
        0.04604354128241539,
        0.36630216240882874,
        0.8465253710746765,
        0.29762130975723267,
        0.44138002395629883,
        -0.3028673827648163
    ],
    [
        0.3858652710914612,
        0.1965511590242386,
        -0.9013742804527283,
        -0.6878684759140015,
        -0.3531598746776581,
        0.9340887069702148,
        0.052502114325761795,
        0.3656841516494751,
        0.8522828221321106,
        0.2980705201625824,
        0.42984631657600403,
        -0.30660805106163025
    ],
    [
        0.36481982469558716,
        0.19876347482204437,
        -0.9096150398254395,
        -0.677712619304657,
        -0.35375866293907166,
        0.9332762360572815,
        0.06205156445503235,
        0.36562275886535645,
        0.8612555265426636,
        0.2991465628147125,
        0.4107920229434967,
        -0.31010112166404724
    ],
    [
        0.3496502637863159,
        0.20072011649608612,
        -0.9151263236999512,
        -0.6700111627578735,
        -0.35511043667793274,
        0.9322889447212219,
        0.06880434602499008,
        0.3661545217037201,
        0.8669724464416504,
        0.3009134531021118,
        0.3972528576850891,
        -0.31138551235198975
    ],
    [
        0.3257327675819397,
        0.2035163938999176,
        -0.9232980608940125,
        -0.6554355025291443,
        -0.3559667468070984,
        0.9310977458953857,
        0.07965318113565445,
        0.36541426181793213,
        0.8758914470672607,
        0.30271774530410767,
        0.3757341206073761,
        -0.315696656703949
    ],
    [
        0.3092769384384155,
        0.20550857484340668,
        -0.9285009503364563,
        -0.6450129747390747,
        -0.3562389314174652,
        0.9303125143051147,
        0.08724893629550934,
        0.3647175431251526,
        0.8817265629768372,
        0.303784042596817,
        0.36093437671661377,
        -0.3200223445892334
    ],
    [
        0.29181286692619324,
        0.20740698277950287,
        -0.9337170124053955,
        -0.6349307894706726,
        -0.35631465911865234,
        0.9295122027397156,
        0.09511463344097137,
        0.3635089695453644,
        0.8876289129257202,
        0.30494141578674316,
        0.3451457619667053,
        -0.3221074342727661
    ],
    [
        0.26444873213768005,
        0.21076609194278717,
        -0.9410868287086487,
        -0.615986704826355,
        -0.3555451035499573,
        0.9283968210220337,
        0.10801459848880768,
        0.3595898449420929,
        0.8964678645133972,
        0.30603453516960144,
        0.32045018672943115,
        -0.3279930353164673
    ],
    [
        0.24585862457752228,
        0.2127532660961151,
        -0.9456688761711121,
        -0.6020503640174866,
        -0.3539200723171234,
        0.9279595017433167,
        0.11675553768873215,
        0.35691922903060913,
        0.902382493019104,
        0.30598583817481995,
        0.303444504737854,
        -0.33536750078201294
    ],
    [
        0.22522872686386108,
        0.21560336649417877,
        -0.950151264667511,
        -0.5895402431488037,
        -0.3537232577800751,
        0.9267635941505432,
        0.12644800543785095,
        0.35385364294052124,
        0.9078280925750732,
        0.3076108396053314,
        0.28499770164489746,
        -0.3375382423400879
    ],
    [
        0.19340132176876068,
        0.21949361264705658,
        -0.9562523365020752,
        -0.5653712749481201,
        -0.3525560796260834,
        0.9251012206077576,
        0.14103910326957703,
        0.3489469885826111,
        0.9155873656272888,
        0.3098554313182831,
        0.25629961490631104,
        -0.3458938002586365
    ],
    [
        0.17145419120788574,
        0.2221977859735489,
        -0.9598081707954407,
        -0.5494221448898315,
        -0.35053935647010803,
        0.9242385029792786,
        0.1513451635837555,
        0.34363648295402527,
        0.920720100402832,
        0.31050175428390503,
        0.23635363578796387,
        -0.35048991441726685
    ],
    [
        0.1375730186700821,
        0.22538739442825317,
        -0.9645072817802429,
        -0.5243035554885864,
        -0.3467956781387329,
        0.923090398311615,
        0.16624364256858826,
        0.3365318477153778,
        0.9277966022491455,
        0.31161633133888245,
        0.20515567064285278,
        -0.35712581872940063
    ],
    [
        0.11437898129224777,
        0.2275407314300537,
        -0.9670277833938599,
        -0.5065125226974487,
        -0.34269723296165466,
        0.9227020740509033,
        0.1765771061182022,
        0.3304038643836975,
        0.9324569702148438,
        0.3112010359764099,
        0.18351531028747559,
        -0.36159515380859375
    ],
    [
        0.09008758515119553,
        0.23021195828914642,
        -0.9689616560935974,
        -0.48693013191223145,
        -0.3385252058506012,
        0.9220673441886902,
        0.18759669363498688,
        0.3218223750591278,
        0.9366348385810852,
        0.3111177682876587,
        0.1609993726015091,
        -0.3671167194843292
    ],
    [
        0.06559213995933533,
        0.23327800631523132,
        -0.9701953530311584,
        -0.46679240465164185,
        -0.33375224471092224,
        0.9214195013046265,
        0.19898609817028046,
        0.3124079704284668,
        0.9403759837150574,
        0.3107529282569885,
        0.13829493522644043,
        -0.3744119107723236
    ],
    [
        0.014242003671824932,
        0.2379692941904068,
        -0.9711681604385376,
        -0.4243461489677429,
        -0.32559022307395935,
        0.9194360375404358,
        0.22051839530467987,
        0.29822269082069397,
        0.9454036355018616,
        0.31306228041648865,
        0.09057507663965225,
        -0.388240247964859
    ]
]