[
    [
        0.8209640979766846,
        0.07111368328332901,
        -0.5665340423583984,
        -0.18297338485717773,
        -0.09834970533847809,
        0.9949958920478821,
        -0.017622511833906174,
        -0.16954253613948822,
        0.5624458193778992,
        0.07018589973449707,
        0.8238499164581299,
        1.0654412508010864
    ],
    [
        0.813740074634552,
        0.07209550589323044,
        -0.5767401456832886,
        -0.18912935256958008,
        -0.1000141128897667,
        0.9948450326919556,
        -0.016752155497670174,
        -0.17615291476249695,
        0.5725592970848083,
        0.07131405919790268,
        0.8167559504508972,
        1.1005964279174805
    ],
    [
        0.806130588054657,
        0.07219212502241135,
        -0.5873174071311951,
        -0.19388718903064728,
        -0.1019873321056366,
        0.9946276545524597,
        -0.017726052552461624,
        -0.17721791565418243,
        0.5828825235366821,
        0.07418844103813171,
        0.8091624975204468,
        1.132724642753601
    ],
    [
        0.7984354496002197,
        0.07246141135692596,
        -0.5977040529251099,
        -0.20016926527023315,
        -0.10368853062391281,
        0.9944478273391724,
        -0.017951207235455513,
        -0.1794409453868866,
        0.5930847525596619,
        0.07630793005228043,
        0.8015158176422119,
        1.1607643365859985
    ],
    [
        0.7851187586784363,
        0.07326764613389969,
        -0.6149961948394775,
        -0.2052941471338272,
        -0.10586509853601456,
        0.9942402839660645,
        -0.016700968146324158,
        -0.18715986609458923,
        0.6102303862571716,
        0.07821889221668243,
        0.7883530259132385,
        1.2028038501739502
    ],
    [
        0.7774927616119385,
        0.07371165603399277,
        -0.6245570182800293,
        -0.2127208411693573,
        -0.10783938318490982,
        0.9940242171287537,
        -0.016929078847169876,
        -0.1898607313632965,
        0.6195769906044006,
        0.0805140808224678,
        0.780795693397522,
        1.2296754121780396
    ],
    [
        0.76563960313797,
        0.07364983856678009,
        -0.6390396356582642,
        -0.22454307973384857,
        -0.11100311577320099,
        0.9936483502388,
        -0.01847512274980545,
        -0.19064326584339142,
        0.6336199641227722,
        0.08508066833019257,
        0.7689518332481384,
        1.2711056470870972
    ],
    [
        0.7498306632041931,
        0.07682278007268906,
        -0.6571546196937561,
        -0.24944265186786652,
        -0.11601273715496063,
        0.9931143522262573,
        -0.016276365146040916,
        -0.201429545879364,
        0.6513792872428894,
        0.08844282478094101,
        0.7535799145698547,
        1.3185105323791504
    ],
    [
        0.7376950979232788,
        0.07859710603952408,
        -0.6705433130264282,
        -0.2689972221851349,
        -0.1193440854549408,
        0.9927406311035156,
        -0.014932665973901749,
        -0.20875141024589539,
        0.6645020246505737,
        0.09104113280773163,
        0.7417200803756714,
        1.3605858087539673
    ],
    [
        0.7291872501373291,
        0.08022475987672806,
        -0.6795954704284668,
        -0.280902624130249,
        -0.12103225290775299,
        0.9925673604011536,
        -0.012693882919847965,
        -0.21766123175621033,
        0.673525869846344,
        0.09150919318199158,
        0.7334772944450378,
        1.3881783485412598
    ],
    [
        0.7209169268608093,
        0.08076144754886627,
        -0.6882996559143066,
        -0.29160988330841064,
        -0.1223035603761673,
        0.9924243688583374,
        -0.01165346521884203,
        -0.22348536550998688,
        0.6821441650390625,
        0.09258265048265457,
        0.7253329157829285,
        1.413076639175415
    ],
    [
        0.7123683094978333,
        0.08209740370512009,
        -0.6969873309135437,
        -0.3031865060329437,
        -0.12387506663799286,
        0.9922500848770142,
        -0.009732619859278202,
        -0.2317824810743332,
        0.6907868385314941,
        0.09327255189418793,
        0.7170173525810242,
        1.4385387897491455
    ],
    [
        0.6978703737258911,
        0.08328228443861008,
        -0.7113655805587769,
        -0.3146999478340149,
        -0.1261013299226761,
        0.991988480091095,
        -0.007573198992758989,
        -0.24180082976818085,
        0.7050356864929199,
        0.09498926252126694,
        0.7027813196182251,
        1.479339599609375
    ],
    [
        0.6879823803901672,
        0.0836460292339325,
        -0.7208909392356873,
        -0.3269027769565582,
        -0.127998948097229,
        0.9917489290237427,
        -0.007081706542521715,
        -0.24526938796043396,
        0.7143505215644836,
        0.09714540094137192,
        0.6930124163627625,
        1.5078634023666382
    ],
    [
        0.6769130825996399,
        0.08376806229352951,
        -0.7312807440757751,
        -0.33767610788345337,
        -0.1300860494375229,
        0.9914790987968445,
        -0.006840990856289864,
        -0.2475147694349289,
        0.7244765758514404,
        0.09976015239953995,
        0.6820423603057861,
        1.5385816097259521
    ],
    [
        0.665298342704773,
        0.08399850875139236,
        -0.7418373227119446,
        -0.3466508388519287,
        -0.13258622586727142,
        0.9911488890647888,
        -0.006678507663309574,
        -0.24995219707489014,
        0.734710156917572,
        0.10280060023069382,
        0.67054682970047,
        1.5679136514663696
    ],
    [
        0.6455692648887634,
        0.08560969680547714,
        -0.7588881850242615,
        -0.3583923578262329,
        -0.13576894998550415,
        0.9907335638999939,
        -0.003731581848114729,
        -0.2617020308971405,
        0.7515366077423096,
        0.10544244945049286,
        0.6512102484703064,
        1.614182949066162
    ],
    [
        0.5527030825614929,
        0.09342450648546219,
        -0.8281250596046448,
        -0.4161408245563507,
        -0.15317776799201965,
        0.9881554245948792,
        0.009245130233466625,
        -0.30157431960105896,
        0.8191799521446228,
        0.12174052745103836,
        0.5604670643806458,
        1.8013771772384644
    ],
    [
        0.5385831594467163,
        0.09336481243371964,
        -0.8373835682868958,
        -0.4243076741695404,
        -0.15525713562965393,
        0.9878206849098206,
        0.0102806081995368,
        -0.3048943877220154,
        0.8281444907188416,
        0.12447281926870346,
        0.5465189218521118,
        1.8288568258285522
    ],
    [
        0.5253406167030334,
        0.09449832141399384,
        -0.8456282615661621,
        -0.4360159635543823,
        -0.15721797943115234,
        0.9874824285507202,
        0.012679848819971085,
        -0.3114151060581207,
        0.8362414240837097,
        0.12628673017024994,
        0.533621609210968,
        1.8530282974243164
    ],
    [
        0.49689120054244995,
        0.09470712393522263,
        -0.8626294732093811,
        -0.4514838457107544,
        -0.15992951393127441,
        0.9869949221611023,
        0.016238583251833916,
        -0.3230806589126587,
        0.8529489636421204,
        0.12989112734794617,
        0.5055755972862244,
        1.9036433696746826
    ],
    [
        0.45352792739868164,
        0.09410068392753601,
        -0.8862603902816772,
        -0.47268301248550415,
        -0.16416217386722565,
        0.9862159490585327,
        0.02070663496851921,
        -0.3391965329647064,
        0.8759927153587341,
        0.13609938323497772,
        0.4627242684364319,
        1.9782966375350952
    ],
    [
        0.4243942201137543,
        0.09580247849225998,
        -0.9003950953483582,
        -0.49795013666152954,
        -0.16677047312259674,
        0.9856458306312561,
        0.026267217472195625,
        -0.352521687746048,
        0.889987051486969,
        0.13901165127754211,
        0.4342794120311737,
        2.0302436351776123
    ],
    [
        0.41068658232688904,
        0.0950077548623085,
        -0.9068132042884827,
        -0.5152196288108826,
        -0.1684679239988327,
        0.9853389859199524,
        0.02693755552172661,
        -0.35422056913375854,
        0.8960776329040527,
        0.14170604944229126,
        0.4206712543964386,
        2.0535550117492676
    ],
    [
        0.38810282945632935,
        0.09421049803495407,
        -0.9167882204055786,
        -0.5426902770996094,
        -0.1705540120601654,
        0.9849212169647217,
        0.02901151217520237,
        -0.3588314354419708,
        0.9056973457336426,
        0.14510244131088257,
        0.3983187675476074,
        2.095289707183838
    ]
]