[
    [
        0.9958560466766357,
        0.007166116964071989,
        -0.09066116064786911,
        -0.3413504660129547,
        -0.007361882366240025,
        0.9999712705612183,
        -0.001825079321861267,
        0.12064347416162491,
        0.09064546972513199,
        0.002484952798113227,
        0.995880126953125,
        0.40364035964012146
    ],
    [
        0.9941842555999756,
        0.008453845046460629,
        -0.10735991597175598,
        -0.40247663855552673,
        -0.008707011118531227,
        0.9999603033065796,
        -0.0018895722460001707,
        0.13809922337532043,
        0.10733968019485474,
        0.0028133681043982506,
        0.9942184686660767,
        0.47120562195777893
    ],
    [
        0.9921954870223999,
        0.009872904047369957,
        -0.12430047988891602,
        -0.46652331948280334,
        -0.01024418231099844,
        0.9999447464942932,
        -0.002348123351112008,
        0.15814116597175598,
        0.12427042424678802,
        0.003603153396397829,
        0.9922418594360352,
        0.5382057428359985
    ],
    [
        0.9900047779083252,
        0.01144404150545597,
        -0.14056892693042755,
        -0.5356910228729248,
        -0.011902322992682457,
        0.9999262690544128,
        -0.00241988361813128,
        0.17991799116134644,
        0.14053085446357727,
        0.004068793263286352,
        0.9900679588317871,
        0.602868378162384
    ],
    [
        0.9875628352165222,
        0.01308480929583311,
        -0.15667974948883057,
        -0.6110689640045166,
        -0.013624010607600212,
        0.9999043941497803,
        -0.0023679297883063555,
        0.20162023603916168,
        0.15663379430770874,
        0.0044730850495398045,
        0.9876465797424316,
        0.6646771430969238
    ],
    [
        0.9844683408737183,
        0.01533039752393961,
        -0.174891859292984,
        -0.6925461888313293,
        -0.015833385288715363,
        0.9998735785484314,
        -0.0014809465501457453,
        0.22008250653743744,
        0.1748470515012741,
        0.0042270757257938385,
        0.9845865964889526,
        0.7219036817550659
    ],
    [
        0.9808503985404968,
        0.01739906705915928,
        -0.19398410618305206,
        -0.7720955610275269,
        -0.018146291375160217,
        0.9998331665992737,
        -0.0020755950827151537,
        0.2323722094297409,
        0.19391565024852753,
        0.005555940326303244,
        0.9810024499893188,
        0.774986982345581
    ],
    [
        0.9772278070449829,
        0.019342845305800438,
        -0.211309552192688,
        -0.8525791168212891,
        -0.0203289445489645,
        0.9997902512550354,
        -0.0024950196966528893,
        0.24068674445152283,
        0.2112169712781906,
        0.0067339022643864155,
        0.9774159789085388,
        0.8266542553901672
    ],
    [
        0.9723823666572571,
        0.021194253116846085,
        -0.23242880403995514,
        -0.9321597814559937,
        -0.022484473884105682,
        0.9997429847717285,
        -0.00290283584035933,
        0.24648062884807587,
        0.23230750858783722,
        0.008048705756664276,
        0.9726090431213379,
        0.8742452263832092
    ],
    [
        0.9664610028266907,
        0.023469001054763794,
        -0.2557390630245209,
        -1.0100377798080444,
        -0.02487609162926674,
        0.999687910079956,
        -0.0022682936396449804,
        0.24932000041007996,
        0.2556060254573822,
        0.008554005064070225,
        0.9667432308197021,
        0.9169497489929199
    ],
    [
        0.9603878259658813,
        0.025720342993736267,
        -0.2774771749973297,
        -1.0840626955032349,
        -0.027181476354599,
        0.9996294379234314,
        -0.0014197395648807287,
        0.25156471133232117,
        0.2773378789424896,
        0.008905740454792976,
        0.9607312083244324,
        0.9532333016395569
    ],
    [
        0.95337975025177,
        0.02834264561533928,
        -0.30043914914131165,
        -1.1620047092437744,
        -0.029865257441997528,
        0.9995537996292114,
        -0.0004757525457534939,
        0.25829675793647766,
        0.30029165744781494,
        0.009426265023648739,
        0.9538009762763977,
        0.9884746074676514
    ],
    [
        0.9457666873931885,
        0.03060154803097248,
        -0.32340216636657715,
        -1.241974949836731,
        -0.0326075553894043,
        0.9994679689407349,
        -0.0007850202964618802,
        0.26907601952552795,
        0.3232060670852661,
        0.011287807486951351,
        0.9462612867355347,
        1.0228585004806519
    ],
    [
        0.9372628927230835,
        0.0333499014377594,
        -0.34702473878860474,
        -1.3285188674926758,
        -0.035512447357177734,
        0.9993693232536316,
        0.0001278478157473728,
        0.2818745970726013,
        0.34681007266044617,
        0.012203875929117203,
        0.9378560185432434,
        1.0588256120681763
    ],
    [
        0.9266037344932556,
        0.036464471369981766,
        -0.3742671608924866,
        -1.418495774269104,
        -0.03891805559396744,
        0.9992418885231018,
        0.0010025243973359466,
        0.2916336953639984,
        0.374019980430603,
        0.013636811636388302,
        0.9273203015327454,
        1.0947657823562622
    ],
    [
        0.914111316204071,
        0.040058642625808716,
        -0.40347978472709656,
        -1.5093607902526855,
        -0.04284193366765976,
        0.999079704284668,
        0.0021302001550793648,
        0.295077383518219,
        0.4031935930252075,
        0.015338591299951077,
        0.9149861335754395,
        1.1316910982131958
    ],
    [
        0.8999118208885193,
        0.04367871582508087,
        -0.43387916684150696,
        -1.5999412536621094,
        -0.0466606505215168,
        0.9989036917686462,
        0.0037807149346917868,
        0.2929457426071167,
        0.43356847763061523,
        0.016842778772115707,
        0.9009631276130676,
        1.168075442314148
    ],
    [
        0.8839849233627319,
        0.04650282487273216,
        -0.46519675850868225,
        -1.68670654296875,
        -0.050272103399038315,
        0.9987262487411499,
        0.004307419992983341,
        0.286504328250885,
        0.4648047089576721,
        0.01957874558866024,
        0.8851966261863708,
        1.2016942501068115
    ],
    [
        0.8658850193023682,
        0.04982999339699745,
        -0.4977551996707916,
        -1.767978549003601,
        -0.053763873875141144,
        0.9985329508781433,
        0.0064360275864601135,
        0.27776405215263367,
        0.4973457157611847,
        0.021188387647271156,
        0.8672937750816345,
        1.2291982173919678
    ],
    [
        0.845929741859436,
        0.053278714418411255,
        -0.5306263566017151,
        -1.844862699508667,
        -0.057275231927633286,
        0.9983184933662415,
        0.008929678238928318,
        0.2677813768386841,
        0.5302097797393799,
        0.022837860509753227,
        0.8475589156150818,
        1.2531834840774536
    ],
    [
        0.8248299360275269,
        0.05644674599170685,
        -0.5625560283660889,
        -1.9211153984069824,
        -0.06082523986697197,
        0.9980882406234741,
        0.010964849032461643,
        0.2564963102340698,
        0.5620994567871094,
        0.025173481553792953,
        0.8266863226890564,
        1.2746984958648682
    ],
    [
        0.8030987977981567,
        0.05912803113460541,
        -0.5929046869277954,
        -2.0007619857788086,
        -0.06390823423862457,
        0.9978718757629395,
        0.01294908206909895,
        0.24714671075344086,
        0.5924086570739746,
        0.02749212086200714,
        0.8051685690879822,
        1.293042778968811
    ],
    [
        0.7812939882278442,
        0.061920326203107834,
        -0.6210842132568359,
        -2.0854928493499756,
        -0.06686674058437347,
        0.9976438879966736,
        0.015347063541412354,
        0.2401788979768753,
        0.6205711364746094,
        0.02953929640352726,
        0.783593475818634,
        1.308301329612732
    ],
    [
        0.7604069709777832,
        0.06511621922254562,
        -0.6461743116378784,
        -2.1759233474731445,
        -0.06991370022296906,
        0.9973863363265991,
        0.018235279247164726,
        0.23612698912620544,
        0.6456727981567383,
        0.03131021186709404,
        0.7629721760749817,
        1.3191463947296143
    ],
    [
        0.7398463487625122,
        0.0679486021399498,
        -0.6693358421325684,
        -2.2722573280334473,
        -0.07278282195329666,
        0.9971314668655396,
        0.020775206387043,
        0.22964102029800415,
        0.6688273549079895,
        0.03334568440914154,
        0.7426695227622986,
        1.3293492794036865
    ]
]