[
    [
        0.9953529238700867,
        0.016585441306233406,
        -0.09485463798046112,
        -0.13653327524662018,
        -0.016460426151752472,
        0.9998622536659241,
        0.002100297948345542,
        -0.010614234022796154,
        0.09487640112638474,
        -0.0005291899433359504,
        0.9954889416694641,
        -0.15162937343120575
    ],
    [
        0.994929313659668,
        0.016810446977615356,
        -0.09916282445192337,
        -0.15505854785442352,
        -0.016688715666532516,
        0.9998586177825928,
        0.0020570107735693455,
        -0.009188883937895298,
        0.09918338805437088,
        -0.00039168019429780543,
        0.9950690269470215,
        -0.15901540219783783
    ],
    [
        0.9944636821746826,
        0.017109375447034836,
        -0.10367898643016815,
        -0.17143812775611877,
        -0.01699976436793804,
        0.9998536705970764,
        0.0019408335210755467,
        -0.007137023378163576,
        0.10369701683521271,
        -0.00016756972763687372,
        0.9946088790893555,
        -0.1669340282678604
    ],
    [
        0.9939703345298767,
        0.0171229038387537,
        -0.10830405354499817,
        -0.1871579885482788,
        -0.017010387033224106,
        0.9998533725738525,
        0.001962741371244192,
        -0.00624440610408783,
        0.10832178592681885,
        -0.00010861344344448298,
        0.9941158294677734,
        -0.1731259971857071
    ],
    [
        0.9934748411178589,
        0.017206605523824692,
        -0.11274626851081848,
        -0.20429237186908722,
        -0.0170994121581316,
        0.9998520016670227,
        0.0019177836365997791,
        -0.004796240478754044,
        0.11276257783174515,
        2.2625708879786544e-05,
        0.9936218857765198,
        -0.1800028681755066
    ],
    [
        0.9929540753364563,
        0.017021505162119865,
        -0.11727054417133331,
        -0.22091332077980042,
        -0.016902437433600426,
        0.9998551607131958,
        0.0020098453387618065,
        -0.004467216785997152,
        0.1172877699136734,
        -1.3525911526812706e-05,
        0.9930979609489441,
        -0.18687671422958374
    ],
    [
        0.9923969507217407,
        0.017111362889409065,
        -0.12188281863927841,
        -0.236534982919693,
        -0.01701073721051216,
        0.9998535513877869,
        0.0018661610083654523,
        -0.0018884144956246018,
        0.1218969076871872,
        0.0002213441621279344,
        0.9925427436828613,
        -0.19235777854919434
    ],
    [
        0.9918302297592163,
        0.01700672134757042,
        -0.1264268457889557,
        -0.25326216220855713,
        -0.01689346320927143,
        0.9998553991317749,
        0.0019680610857903957,
        -0.0011501444969326258,
        0.1264420449733734,
        0.0001838059542933479,
        0.9919739365577698,
        -0.19785316288471222
    ],
    [
        0.9912142157554626,
        0.016476204618811607,
        -0.1312357485294342,
        -0.26750755310058594,
        -0.016343772411346436,
        0.9998642802238464,
        0.0020862321835011244,
        -0.0005318031180649996,
        0.13125228881835938,
        7.698276749579236e-05,
        0.9913490414619446,
        -0.20430393517017365
    ],
    [
        0.9905989170074463,
        0.016482576727867126,
        -0.1358020305633545,
        -0.28295812010765076,
        -0.01632084511220455,
        0.9998640418052673,
        0.002304289722815156,
        0.0005800281651318073,
        0.13582158088684082,
        -6.62229213048704e-05,
        0.9907333850860596,
        -0.21009734272956848
    ],
    [
        0.9899817705154419,
        0.016241023316979408,
        -0.140258327126503,
        -0.2991412878036499,
        -0.015986159443855286,
        0.9998679161071777,
        0.002943674335256219,
        0.0005335853202268481,
        0.1402876079082489,
        -0.000671992136631161,
        0.9901105761528015,
        -0.2159109264612198
    ],
    [
        0.9893234968185425,
        0.016066957265138626,
        -0.14484748244285583,
        -0.31383079290390015,
        -0.01573936454951763,
        0.9998703598976135,
        0.0034073852002620697,
        0.002722777659073472,
        0.14488345384597778,
        -0.0010911987628787756,
        0.989448070526123,
        -0.22050897777080536
    ],
    [
        0.988633930683136,
        0.016077512875199318,
        -0.14948038756847382,
        -0.3296440541744232,
        -0.015624714083969593,
        0.9998691082000732,
        0.0042031253688037395,
        0.003205351997166872,
        0.1495284140110016,
        -0.0018197641475126147,
        0.9887556433677673,
        -0.22590738534927368
    ],
    [
        0.9879516959190369,
        0.015993792563676834,
        -0.15393425524234772,
        -0.34595349431037903,
        -0.015390659682452679,
        0.9998685121536255,
        0.005109094083309174,
        0.003350978484377265,
        0.15399569272994995,
        -0.0026783898938447237,
        0.9880678653717041,
        -0.23103941977024078
    ],
    [
        0.9872340559959412,
        0.015878532081842422,
        -0.1584825962781906,
        -0.36030498147010803,
        -0.015133009292185307,
        0.9998679757118225,
        0.005909885745495558,
        0.003696327330544591,
        0.1585555076599121,
        -0.0034361230209469795,
        0.9873440265655518,
        -0.23655937612056732
    ],
    [
        0.9865227341651917,
        0.01610935479402542,
        -0.1628296971321106,
        -0.37600934505462646,
        -0.015214156359434128,
        0.9998614192008972,
        0.006743313744664192,
        0.004149213433265686,
        0.16291578114032745,
        -0.004175115376710892,
        0.9866310954093933,
        -0.24155130982398987
    ],
    [
        0.9858210682868958,
        0.01601855829358101,
        -0.16703349351882935,
        -0.3899979293346405,
        -0.01496057864278555,
        0.9998592138290405,
        0.007590404711663723,
        0.003981982357800007,
        0.16713157296180725,
        -0.004983864258974791,
        0.98592209815979,
        -0.24472591280937195
    ],
    [
        0.9850713014602661,
        0.0157619621604681,
        -0.17142349481582642,
        -0.40319809317588806,
        -0.01456354558467865,
        0.9998599290847778,
        0.008246378041803837,
        0.004397145938128233,
        0.17152947187423706,
        -0.005626736208796501,
        0.9851629137992859,
        -0.2494354397058487
    ],
    [
        0.9843108057975769,
        0.01577405445277691,
        -0.1757371574640274,
        -0.41720277070999146,
        -0.014391926117241383,
        0.9998546242713928,
        0.009136579930782318,
        0.0037926940713077784,
        0.17585572600364685,
        -0.006464037578552961,
        0.9843947887420654,
        -0.25293684005737305
    ],
    [
        0.9835179448127747,
        0.015873553231358528,
        -0.18011188507080078,
        -0.43160280585289,
        -0.014312097802758217,
        0.9998478889465332,
        0.009965651668608189,
        0.003838739125058055,
        0.18024267256259918,
        -0.007223618216812611,
        0.983595609664917,
        -0.2567610740661621
    ],
    [
        0.9827202558517456,
        0.01546119898557663,
        -0.1844499409198761,
        -0.4455598294734955,
        -0.013709993101656437,
        0.9998480081558228,
        0.010765857063233852,
        0.0029547656886279583,
        0.18458835780620575,
        -0.008051019161939621,
        0.9827828407287598,
        -0.2615030109882355
    ],
    [
        0.9818567633628845,
        0.015251531265676022,
        -0.18900980055332184,
        -0.45868319272994995,
        -0.013349822722375393,
        0.9998466372489929,
        0.011330516077578068,
        0.003543777158483863,
        0.18915362656116486,
        -0.008601697161793709,
        0.9819098711013794,
        -0.2660321295261383
    ],
    [
        0.9810298085212708,
        0.01490221731364727,
        -0.19328337907791138,
        -0.4744085371494293,
        -0.012819097377359867,
        0.9998455047607422,
        0.012023796327412128,
        0.0028584233950823545,
        0.1934327334165573,
        -0.009317983873188496,
        0.9810693264007568,
        -0.2698962688446045
    ],
    [
        0.980134904384613,
        0.01433535572141409,
        -0.19781289994716644,
        -0.487382709980011,
        -0.012053909711539745,
        0.999846339225769,
        0.012732709757983685,
        0.0013003071071580052,
        0.19796499609947205,
        -0.010095355100929737,
        0.9801571369171143,
        -0.27367672324180603
    ],
    [
        0.9792301058769226,
        0.01398762408643961,
        -0.20226897299289703,
        -0.5025749802589417,
        -0.011556671932339668,
        0.9998462200164795,
        0.013194466009736061,
        0.001703282236121595,
        0.20242241024971008,
        -0.010582862421870232,
        0.9792410731315613,
        -0.27691394090652466
    ],
    [
        0.9782683849334717,
        0.013618241995573044,
        -0.20689541101455688,
        -0.5179213285446167,
        -0.01103461254388094,
        0.9998462200164795,
        0.013636522926390171,
        0.0009486795752309263,
        0.20704926550388336,
        -0.011057166382670403,
        0.978268027305603,
        -0.28178149461746216
    ],
    [
        0.9772283434867859,
        0.01340459380298853,
        -0.2117665410041809,
        -0.5315159559249878,
        -0.010678259655833244,
        0.9998449087142944,
        0.014012669213116169,
        0.0017153244698420167,
        0.21192151308059692,
        -0.011432278901338577,
        0.9772198796272278,
        -0.2843506336212158
    ],
    [
        0.9761347770690918,
        0.013212782330811024,
        -0.21676340699195862,
        -0.5452566742897034,
        -0.01036243699491024,
        0.9998444318771362,
        0.0142809534445405,
        0.0030430525075644255,
        0.21691834926605225,
        -0.01169393677264452,
        0.9761197566986084,
        -0.2867269814014435
    ],
    [
        0.9749664664268494,
        0.012728250585496426,
        -0.22198691964149475,
        -0.5595394968986511,
        -0.009785679168999195,
        0.9998491406440735,
        0.01435049157589674,
        0.004745995160192251,
        0.22213609516620636,
        -0.011818954721093178,
        0.974943995475769,
        -0.2903617322444916
    ],
    [
        0.9737014770507812,
        0.012585901655256748,
        -0.2274797111749649,
        -0.5736430883407593,
        -0.009433235973119736,
        0.9998438954353333,
        0.014941023662686348,
        0.003681946313008666,
        0.22763223946094513,
        -0.012402228079736233,
        0.9736681580543518,
        -0.2943148910999298
    ],
    [
        0.9723060727119446,
        0.012496164999902248,
        -0.23337668180465698,
        -0.585966944694519,
        -0.009140905924141407,
        0.9998388290405273,
        0.015453096479177475,
        0.00462677888572216,
        0.2335321456193924,
        -0.012891866266727448,
        0.972263514995575,
        -0.2956693470478058
    ],
    [
        0.9710108041763306,
        0.012523771263659,
        -0.23870731890201569,
        -0.6028659343719482,
        -0.008934437297284603,
        0.9998303651809692,
        0.01611265540122986,
        0.004096850752830505,
        0.2388685941696167,
        -0.013512847945094109,
        0.97095787525177,
        -0.29795360565185547
    ],
    [
        0.9696073532104492,
        0.012580313719809055,
        -0.24434301257133484,
        -0.617708146572113,
        -0.008813970722258091,
        0.9998250007629395,
        0.01650148443877697,
        0.006449348758906126,
        0.24450784921646118,
        -0.013846326619386673,
        0.9695483446121216,
        -0.3009990155696869
    ],
    [
        0.9682050943374634,
        0.012427378445863724,
        -0.24984921514987946,
        -0.6330503821372986,
        -0.008493509143590927,
        0.9998225569725037,
        0.0168169979006052,
        0.007533188443630934,
        0.2500138580799103,
        -0.01416020281612873,
        0.9681386947631836,
        -0.30347517132759094
    ],
    [
        0.9667233228683472,
        0.012206193059682846,
        -0.2555326819419861,
        -0.647891640663147,
        -0.008007589727640152,
        0.9998154640197754,
        0.01746474951505661,
        0.006626865826547146,
        0.25569868087768555,
        -0.014837381429970264,
        0.9666426181793213,
        -0.3049401342868805
    ],
    [
        0.9651645421981812,
        0.0118623161688447,
        -0.2613748013973236,
        -0.6617176532745361,
        -0.007465149275958538,
        0.9998135566711426,
        0.017809700220823288,
        0.007549977395683527,
        0.2615372836589813,
        -0.015238088555634022,
        0.9650730490684509,
        -0.3066103458404541
    ],
    [
        0.9636197090148926,
        0.011514200828969479,
        -0.2670288383960724,
        -0.6757373809814453,
        -0.0069405632093548775,
        0.9998127818107605,
        0.01806538738310337,
        0.008528798818588257,
        0.26718685030937195,
        -0.015554835088551044,
        0.9635191559791565,
        -0.30779510736465454
    ],
    [
        0.9620498418807983,
        0.011306253261864185,
        -0.2726394832134247,
        -0.6932159662246704,
        -0.0065720947459340096,
        0.9998115301132202,
        0.018271151930093765,
        0.009633738547563553,
        0.2727946639060974,
        -0.0157859455794096,
        0.9619428515434265,
        -0.30986613035202026
    ],
    [
        0.9603360295295715,
        0.011112836189568043,
        -0.2786235809326172,
        -0.7067356109619141,
        -0.006149650551378727,
        0.9998066425323486,
        0.018680954352021217,
        0.010554361157119274,
        0.27877727150917053,
        -0.01622655987739563,
        0.960218608379364,
        -0.3101761043071747
    ],
    [
        0.9585448503494263,
        0.01078665629029274,
        -0.28473708033561707,
        -0.7203039526939392,
        -0.005669128615409136,
        0.9998073577880859,
        0.018790889531373978,
        0.013179328292608261,
        0.28488489985466003,
        -0.01639770157635212,
        0.9584213495254517,
        -0.3104313910007477
    ],
    [
        0.9568595886230469,
        0.010775920934975147,
        -0.29035085439682007,
        -0.7383533716201782,
        -0.005372511688619852,
        0.9997974038124084,
        0.01940065622329712,
        0.014904866926372051,
        0.29050105810165405,
        -0.01700378954410553,
        0.9567235708236694,
        -0.3085656762123108
    ],
    [
        0.9548950791358948,
        0.0102350739762187,
        -0.2967670261859894,
        -0.7496547698974609,
        -0.004540040157735348,
        0.9997921586036682,
        0.01987311989068985,
        0.017412029206752777,
        0.29690873622894287,
        -0.017629409208893776,
        0.9547431468963623,
        -0.3074480891227722
    ],
    [
        0.9528633952140808,
        0.009841196238994598,
        -0.3032398521900177,
        -0.7626292705535889,
        -0.003745022462680936,
        0.9997791051864624,
        0.02067844197154045,
        0.019156236201524734,
        0.30337637662887573,
        -0.018568094819784164,
        0.9526898860931396,
        -0.30420950055122375
    ],
    [
        0.9507921934127808,
        0.009688540361821651,
        -0.30967751145362854,
        -0.7768903970718384,
        -0.0030167463701218367,
        0.9997530579566956,
        0.02201596274971962,
        0.018229519948363304,
        0.30981433391571045,
        -0.01999839022755623,
        0.9505867958068848,
        -0.3020060062408447
    ],
    [
        0.9486696124076843,
        0.009256715886294842,
        -0.3161333501338959,
        -0.7900318503379822,
        -0.0020865255501121283,
        0.9997329711914062,
        0.02301187813282013,
        0.021250400692224503,
        0.3162619471549988,
        -0.021171048283576965,
        0.9484356641769409,
        -0.2979370355606079
    ],
    [
        0.9465205073356628,
        0.00917705800384283,
        -0.3225129544734955,
        -0.8047957420349121,
        -0.0014504565624520183,
        0.9997063279151917,
        0.024189652875065804,
        0.02381102740764618,
        0.32264024019241333,
        -0.02242821455001831,
        0.9462559223175049,
        -0.2943323254585266
    ],
    [
        0.9443013668060303,
        0.00896508526057005,
        -0.32895994186401367,
        -0.81916344165802,
        -0.0005912923370487988,
        0.9996734857559204,
        0.025546569377183914,
        0.025384388864040375,
        0.32908156514167786,
        -0.02392914891242981,
        0.9439982175827026,
        -0.28816935420036316
    ],
    [
        0.9420090317726135,
        0.009084153920412064,
        -0.3354645073413849,
        -0.832558810710907,
        9.459896682528779e-05,
        0.9996262788772583,
        0.02733485773205757,
        0.024820778518915176,
        0.33558744192123413,
        -0.02578141912817955,
        0.9416563510894775,
        -0.2826494574546814
    ],
    [
        0.9396049380302429,
        0.008856323547661304,
        -0.3421463370323181,
        -0.8453357815742493,
        0.0009828486945480108,
        0.9995911717414856,
        0.028573134914040565,
        0.028063399717211723,
        0.3422595262527466,
        -0.027183737605810165,
        0.9392122626304626,
        -0.27413952350616455
    ],
    [
        0.9371622204780579,
        0.008745595812797546,
        -0.3487841486930847,
        -0.8596645593643188,
        0.0018108139047399163,
        0.9995504021644592,
        0.029928795993328094,
        0.030118826776742935,
        0.3488890826702118,
        -0.02867972105741501,
        0.9367250800132751,
        -0.2653118371963501
    ],
    [
        0.9345760941505432,
        0.008600628934800625,
        -0.3556593656539917,
        -0.8705717921257019,
        0.0026917189825326204,
        0.9995082020759583,
        0.031243419274687767,
        0.03225002437829971,
        0.35575318336486816,
        -0.030156685039401054,
        0.9340932965278625,
        -0.2557852268218994
    ],
    [
        0.9320566654205322,
        0.008572109043598175,
        -0.3622112274169922,
        -0.8862023949623108,
        0.003503277897834778,
        0.9994601011276245,
        0.03266805037856102,
        0.03338541090488434,
        0.3622957468032837,
        -0.03171740099787712,
        0.9315234422683716,
        -0.24512600898742676
    ],
    [
        0.9294537901878357,
        0.008780968375504017,
        -0.3688339293003082,
        -0.9018575549125671,
        0.004032390657812357,
        0.9994152188301086,
        0.03395499661564827,
        0.03582305461168289,
        0.368916392326355,
        -0.03304688259959221,
        0.9288747906684875,
        -0.2330452799797058
    ],
    [
        0.926745593547821,
        0.009227882139384747,
        -0.3755761384963989,
        -0.916604220867157,
        0.004395890515297651,
        0.9993635416030884,
        0.03540128096938133,
        0.038447946310043335,
        0.37566375732421875,
        -0.03445897623896599,
        0.9261152148246765,
        -0.2215038686990738
    ],
    [
        0.9239358901977539,
        0.009981127455830574,
        -0.382417231798172,
        -0.9307217597961426,
        0.004498855676501989,
        0.9993069171905518,
        0.03695143386721611,
        0.03932034596800804,
        0.38252100348472595,
        -0.03586119785904884,
        0.9232505559921265,
        -0.20781396329402924
    ],
    [
        0.9211789965629578,
        0.010325501672923565,
        -0.3890019655227661,
        -0.9480462670326233,
        0.004824954550713301,
        0.9992679953575134,
        0.03794991225004196,
        0.043759994208812714,
        0.3891091048717499,
        -0.03683558478951454,
        0.9204549193382263,
        -0.19255498051643372
    ],
    [
        0.9181842803955078,
        0.011070028878748417,
        -0.3959987163543701,
        -0.9612090587615967,
        0.004935816396027803,
        0.9992122054100037,
        0.0393771268427372,
        0.04545110836625099,
        0.39612269401550293,
        -0.03811004012823105,
        0.9174062609672546,
        -0.17682301998138428
    ],
    [
        0.915503978729248,
        0.012022032402455807,
        -0.4021289646625519,
        -0.9814671874046326,
        0.0047069089487195015,
        0.999164879322052,
        0.0405869334936142,
        0.04935608059167862,
        0.40228110551834106,
        -0.03905028849840164,
        0.9146828651428223,
        -0.15997841954231262
    ],
    [
        0.9124311208724976,
        0.012422134168446064,
        -0.4090418517589569,
        -0.9952818751335144,
        0.005090916529297829,
        0.9991172552108765,
        0.04169813543558121,
        0.052132003009319305,
        0.4091987609863281,
        -0.040129076689481735,
        0.911562442779541,
        -0.14278458058834076
    ],
    [
        0.9094806909561157,
        0.01359189860522747,
        -0.4155239164829254,
        -1.010844349861145,
        0.004720732569694519,
        0.9990633726119995,
        0.04301218315958977,
        0.056101638823747635,
        0.4157193601131439,
        -0.041080329567193985,
        0.9085646867752075,
        -0.12514035403728485
    ],
    [
        0.9063534140586853,
        0.014512913301587105,
        -0.42227140069007874,
        -1.0263580083847046,
        0.004597622901201248,
        0.9990120530128479,
        0.044202983379364014,
        0.05969743803143501,
        0.42249569296836853,
        -0.04200496897101402,
        0.9053909778594971,
        -0.10659781843423843
    ],
    [
        0.9034502506256104,
        0.015203653834760189,
        -0.4284232556819916,
        -1.0450289249420166,
        0.004693086724728346,
        0.9989603161811829,
        0.045347269624471664,
        0.06364431977272034,
        0.42866724729537964,
        -0.04297962784767151,
        0.902439534664154,
        -0.08712062984704971
    ],
    [
        0.9004004597663879,
        0.015597442165017128,
        -0.4347825050354004,
        -1.0606355667114258,
        0.005013900343328714,
        0.9989187121391296,
        0.046218711882829666,
        0.06864336133003235,
        0.43503326177597046,
        -0.043795302510261536,
        0.8993486166000366,
        -0.06741038709878922
    ],
    [
        0.8972800970077515,
        0.016394656151533127,
        -0.4411572217941284,
        -1.0774192810058594,
        0.00504453806206584,
        0.9988642334938049,
        0.047380831092596054,
        0.07086676359176636,
        0.4414329528808594,
        -0.04473930969834328,
        0.8961780667304993,
        -0.0470116026699543
    ],
    [
        0.8941457271575928,
        0.01670180819928646,
        -0.4474644958972931,
        -1.092113971710205,
        0.005454355385154486,
        0.9988237619400024,
        0.048180703073740005,
        0.07436720281839371,
        0.4477428197860718,
        -0.04552119970321655,
        0.8930029273033142,
        -0.02687547169625759
    ],
    [
        0.8910830020904541,
        0.017367323860526085,
        -0.45350807905197144,
        -1.1096386909484863,
        0.005673876963555813,
        0.9987630844116211,
        0.04939655587077141,
        0.07608304172754288,
        0.45380499958992004,
        -0.04658957198262215,
        0.8898822665214539,
        -0.004812667146325111
    ],
    [
        0.8879814743995667,
        0.017727110534906387,
        -0.4595376253128052,
        -1.1268010139465332,
        0.00601219292730093,
        0.9987239837646484,
        0.05014434829354286,
        0.07944429665803909,
        0.4598400890827179,
        -0.04729008302092552,
        0.8867415189743042,
        0.016099320724606514
    ],
    [
        0.884797215461731,
        0.018403610214591026,
        -0.46561285853385925,
        -1.143372654914856,
        0.0060022263787686825,
        0.9986867308616638,
        0.05087961256504059,
        0.08169446885585785,
        0.4659377336502075,
        -0.04781285300850868,
        0.8835247755050659,
        0.0377105250954628
    ],
    [
        0.8815619349479675,
        0.018999407067894936,
        -0.47168588638305664,
        -1.16060471534729,
        0.006066983100026846,
        0.9986512064933777,
        0.051564399152994156,
        0.08318816870450974,
        0.4720293879508972,
        -0.04831891506910324,
        0.8802576661109924,
        0.0591784305870533
    ],
    [
        0.8784356117248535,
        0.018683742731809616,
        -0.4774952828884125,
        -1.1784809827804565,
        0.006702950224280357,
        0.9986553192138672,
        0.05140727013349533,
        0.088111013174057,
        0.4778137505054474,
        -0.048358604311943054,
        0.8771291375160217,
        0.07980994880199432
    ],
    [
        0.8751612305641174,
        0.019405726343393326,
        -0.48344165086746216,
        -1.19526207447052,
        0.006686218548566103,
        0.9986148476600647,
        0.05218903347849846,
        0.08794151991605759,
        0.4837847948074341,
        -0.048906225711107254,
        0.8738194704055786,
        0.10239387303590775
    ],
    [
        0.8719854354858398,
        0.019759463146328926,
        -0.4891328811645508,
        -1.2133852243423462,
        0.006937399506568909,
        0.9985858798027039,
        0.05270721763372421,
        0.08823763579130173,
        0.48948270082473755,
        -0.04935323819518089,
        0.8706152439117432,
        0.12355630844831467
    ],
    [
        0.868643581867218,
        0.019880186766386032,
        -0.49503836035728455,
        -1.2290232181549072,
        0.007192793767899275,
        0.9985833168029785,
        0.05272316560149193,
        0.08980588614940643,
        0.49538519978523254,
        -0.04935834929347038,
        0.8672700524330139,
        0.14434988796710968
    ],
    [
        0.8652026653289795,
        0.01998666673898697,
        -0.5010238885879517,
        -1.2448501586914062,
        0.007352628745138645,
        0.9985921382904053,
        0.052532512694597244,
        0.09267311543226242,
        0.5013684630393982,
        -0.04913511499762535,
        0.8638376593589783,
        0.16649366915225983
    ],
    [
        0.8618063926696777,
        0.020956555381417274,
        -0.5068039894104004,
        -1.2626160383224487,
        0.006991671398282051,
        0.9985604882240295,
        0.053180012851953506,
        0.09275128692388535,
        0.5071890354156494,
        -0.0493742898106575,
        0.8604193329811096,
        0.19019746780395508
    ],
    [
        0.8584374785423279,
        0.021375389769673347,
        -0.5124726891517639,
        -1.2815444469451904,
        0.007000534329563379,
        0.9985498785972595,
        0.05337633565068245,
        0.09441274404525757,
        0.5128704309463501,
        -0.049407828599214554,
        0.8570429086685181,
        0.21389135718345642
    ],
    [
        0.85467928647995,
        0.0223595779389143,
        -0.5186744928359985,
        -1.2959462404251099,
        0.006360362283885479,
        0.9985461831092834,
        0.05352707952260971,
        0.09637711197137833,
        0.5191172957420349,
        -0.04904744401574135,
        0.8532944321632385,
        0.2367270141839981
    ],
    [
        0.8512899875640869,
        0.02295481227338314,
        -0.5241931676864624,
        -1.3173656463623047,
        0.006286959163844585,
        0.99852454662323,
        0.0539361797273159,
        0.09963120520114899,
        0.5246577858924866,
        -0.04921089857816696,
        0.8498896956443787,
        0.26018548011779785
    ],
    [
        0.8477312922477722,
        0.023461472243070602,
        -0.5299065709114075,
        -1.337224006652832,
        0.0063262577168643475,
        0.9985030293464661,
        0.05432901903986931,
        0.10297681391239166,
        0.5303879976272583,
        -0.049408745020627975,
        0.846314013004303,
        0.2830752730369568
    ],
    [
        0.844234824180603,
        0.023859964683651924,
        -0.5354421734809875,
        -1.3618770837783813,
        0.006427546963095665,
        0.9984861016273499,
        0.05462813377380371,
        0.10601317137479782,
        0.5359349250793457,
        -0.0495605506002903,
        0.8428032994270325,
        0.30860739946365356
    ],
    [
        0.8406702876091003,
        0.02472444623708725,
        -0.5409824848175049,
        -1.3841246366500854,
        0.0059662749990820885,
        0.9984737634658813,
        0.054904501885175705,
        0.10960827022790909,
        0.5415143370628357,
        -0.049384236335754395,
        0.8392397165298462,
        0.3323027789592743
    ],
    [
        0.8371156454086304,
        0.02546224370598793,
        -0.5464329719543457,
        -1.408564567565918,
        0.005743466783314943,
        0.9984520077705383,
        0.055323854088783264,
        0.11334254592657089,
        0.5469956994056702,
        -0.04945088550448418,
        0.8356736302375793,
        0.3572272062301636
    ],
    [
        0.8333360552787781,
        0.026417046785354614,
        -0.5521350502967834,
        -1.4284727573394775,
        0.0052236891351640224,
        0.9984365105628967,
        0.05565456300973892,
        0.1150544062256813,
        0.5527420043945312,
        -0.04926314204931259,
        0.831895112991333,
        0.38116219639778137
    ],
    [
        0.8297861218452454,
        0.027661755681037903,
        -0.5573955178260803,
        -1.4563010931015015,
        0.0043342700228095055,
        0.998421311378479,
        0.056000806391239166,
        0.11723308265209198,
        0.5580646991729736,
        -0.048884596675634384,
        0.8283562064170837,
        0.4074721336364746
    ],
    [
        0.8260912299156189,
        0.028118714690208435,
        -0.5628345012664795,
        -1.4805786609649658,
        0.0042012776248157024,
        0.9984194040298462,
        0.0560464970767498,
        0.11913192272186279,
        0.5635208487510681,
        -0.0486641451716423,
        0.8246672749519348,
        0.433685839176178
    ],
    [
        0.8224607706069946,
        0.027730101719498634,
        -0.5681455135345459,
        -1.5051190853118896,
        0.004796024411916733,
        0.9984374046325684,
        0.055674657225608826,
        0.12361635267734528,
        0.5688017010688782,
        -0.048515066504478455,
        0.8210426568984985,
        0.45864561200141907
    ],
    [
        0.8186619281768799,
        0.0293485876172781,
        -0.5735253095626831,
        -1.5284188985824585,
        0.003386678406968713,
        0.9984291791915894,
        0.05592610687017441,
        0.12265792489051819,
        0.5742656588554382,
        -0.04772692546248436,
        0.8172767162322998,
        0.48461437225341797
    ],
    [
        0.8147508502006531,
        0.029228325933218002,
        -0.5790740847587585,
        -1.5511499643325806,
        0.003852910827845335,
        0.9984335899353027,
        0.055816177278757095,
        0.1245681568980217,
        0.5797984600067139,
        -0.04770739749073982,
        0.8133620023727417,
        0.5110481381416321
    ],
    [
        0.8102567791938782,
        0.029411572962999344,
        -0.5853365659713745,
        -1.5719960927963257,
        0.0036001172848045826,
        0.9984714388847351,
        0.055153973400592804,
        0.1270466297864914,
        0.5860639810562134,
        -0.04679616540670395,
        0.8089122176170349,
        0.5373223423957825
    ],
    [
        0.8062490820884705,
        0.02906309999525547,
        -0.5908618569374084,
        -1.59730064868927,
        0.004147876985371113,
        0.9984901547431946,
        0.05477328971028328,
        0.128632590174675,
        0.5915615558624268,
        -0.04661174118518829,
        0.804911196231842,
        0.56153804063797
    ],
    [
        0.8018540143966675,
        0.02903873659670353,
        -0.5968136191368103,
        -1.62276029586792,
        0.0045641446486115456,
        0.9984915852546692,
        0.05471507087349892,
        0.12846972048282623,
        0.5975023508071899,
        -0.046597450971603394,
        0.8005120754241943,
        0.5879332423210144
    ],
    [
        0.7972093224525452,
        0.028930557891726494,
        -0.6030094623565674,
        -1.6420708894729614,
        0.004388029687106609,
        0.9985470771789551,
        0.05370844900608063,
        0.12903745472431183,
        0.6036871075630188,
        -0.045462898910045624,
        0.7959239482879639,
        0.6094563603401184
    ],
    [
        0.7924091219902039,
        0.028732391074299812,
        -0.609312891960144,
        -1.665334701538086,
        0.004954891745001078,
        0.998553991317749,
        0.05353102087974548,
        0.1283937692642212,
        0.6099699139595032,
        -0.045437559485435486,
        0.791120707988739,
        0.6349212527275085
    ],
    [
        0.7878211140632629,
        0.027747558429837227,
        -0.6152786016464233,
        -1.6841915845870972,
        0.005814394447952509,
        0.9986050128936768,
        0.05247955396771431,
        0.128390371799469,
        0.6158765554428101,
        -0.04492197558283806,
        0.7865608930587769,
        0.654355525970459
    ],
    [
        0.7828955054283142,
        0.026089198887348175,
        -0.6216062903404236,
        -1.7058016061782837,
        0.0069717769511044025,
        0.9986898303031921,
        0.05069642513990402,
        0.1299702376127243,
        0.6221141815185547,
        -0.04402369260787964,
        0.78168785572052,
        0.6782602667808533
    ],
    [
        0.7783027291297913,
        0.026140902191400528,
        -0.6273447275161743,
        -1.7262169122695923,
        0.0065470668487250805,
        0.9987407922744751,
        0.04973912611603737,
        0.12838393449783325,
        0.6278550028800964,
        -0.04281936213374138,
        0.7771515846252441,
        0.6994919180870056
    ],
    [
        0.7733190059661865,
        0.02548808418214321,
        -0.6335045099258423,
        -1.745810627937317,
        0.006908502895385027,
        0.9987934827804565,
        0.048618122935295105,
        0.12746767699718475,
        0.6339793801307678,
        -0.04197388514876366,
        0.7722101211547852,
        0.7224711179733276
    ],
    [
        0.768181324005127,
        0.023960407823324203,
        -0.6397838592529297,
        -1.760351300239563,
        0.007604427635669708,
        0.9988874793052673,
        0.04653966799378395,
        0.129664346575737,
        0.6401872038841248,
        -0.04061609506607056,
        0.7671443223953247,
        0.7434324026107788
    ],
    [
        0.7632201910018921,
        0.02280471846461296,
        -0.6457359194755554,
        -1.7820756435394287,
        0.00842212326824665,
        0.9989410042762756,
        0.04523288458585739,
        0.13005711138248444,
        0.6460837125778198,
        -0.03996111825108528,
        0.7622198462486267,
        0.7669761776924133
    ],
    [
        0.7577924132347107,
        0.021361397579312325,
        -0.6521461606025696,
        -1.7979897260665894,
        0.009103904478251934,
        0.999020516872406,
        0.043302178382873535,
        0.1316939741373062,
        0.6524322628974915,
        -0.03875112533569336,
        0.7568555474281311,
        0.790078341960907
    ],
    [
        0.7526730895042419,
        0.020264482125639915,
        -0.6580825448036194,
        -1.8178874254226685,
        0.009820018894970417,
        0.9990695118904114,
        0.04199609160423279,
        0.13169130682945251,
        0.6583211421966553,
        -0.03807171434164047,
        0.7517735362052917,
        0.8133614659309387
    ],
    [
        0.7470461130142212,
        0.018438158556818962,
        -0.6645162105560303,
        -1.8390389680862427,
        0.010901597328484058,
        0.9991410970687866,
        0.03997841849923134,
        0.13348715007305145,
        0.6646827459335327,
        -0.03711001202464104,
        0.7462035417556763,
        0.8379676938056946
    ],
    [
        0.7410596609115601,
        0.01733701303601265,
        -0.6712154746055603,
        -1.857891321182251,
        0.01167142391204834,
        0.999182939529419,
        0.03869408369064331,
        0.13396383821964264,
        0.6713377833366394,
        -0.03650866821408272,
        0.7402517199516296,
        0.8626298904418945
    ],
    [
        0.735096275806427,
        0.015604407526552677,
        -0.6777828931808472,
        -1.8781311511993408,
        0.013452754355967045,
        0.9992024898529053,
        0.03759465739130974,
        0.13535743951797485,
        0.6778290867805481,
        -0.03675374761223793,
        0.7343001961708069,
        0.8867871165275574
    ],
    [
        0.7286839485168457,
        0.01529556792229414,
        -0.6846791505813599,
        -1.8961788415908813,
        0.013637862168252468,
        0.9992281198501587,
        0.036836888641119,
        0.1354013979434967,
        0.6847143173217773,
        -0.036180008202791214,
        0.7279131412506104,
        0.9122181534767151
    ],
    [
        0.7224783897399902,
        0.013945975340902805,
        -0.6912528276443481,
        -1.915174126625061,
        0.014948282390832901,
        0.9992477893829346,
        0.03578329086303711,
        0.13715872168540955,
        0.6912318468093872,
        -0.036185696721076965,
        0.7217265367507935,
        0.9365026950836182
    ],
    [
        0.7160918116569519,
        0.013161741197109222,
        -0.6978820562362671,
        -1.9330953359603882,
        0.015512273646891117,
        0.9992751479148865,
        0.0347629114985466,
        0.13717283308506012,
        0.6978337168693542,
        -0.03571917489171028,
        0.7153686285018921,
        0.9616198539733887
    ],
    [
        0.7098848819732666,
        0.01174970343708992,
        -0.7042197585105896,
        -1.9529430866241455,
        0.016819223761558533,
        0.9992929100990295,
        0.03362744674086571,
        0.13878603279590607,
        0.7041168808937073,
        -0.035716041922569275,
        0.7091853618621826,
        0.9865694046020508
    ],
    [
        0.7038320302963257,
        0.011013676412403584,
        -0.7102810740470886,
        -1.9763798713684082,
        0.017200883477926254,
        0.9993224143981934,
        0.03254028037190437,
        0.13794060051441193,
        0.7101581692695618,
        -0.03512035310268402,
        0.703165590763092,
        1.0122791528701782
    ],
    [
        0.6973974704742432,
        0.009378311224281788,
        -0.716623067855835,
        -1.9959441423416138,
        0.018742308020591736,
        0.9993337988853455,
        0.0313175730407238,
        0.13878583908081055,
        0.7164394855499268,
        -0.03527197241783142,
        0.6967570781707764,
        1.0382366180419922
    ],
    [
        0.6911567449569702,
        0.008656424470245838,
        -0.7226532101631165,
        -2.015981435775757,
        0.019262762740254402,
        0.9993523955345154,
        0.03039412572979927,
        0.13840562105178833,
        0.7224480509757996,
