[
    [
        0.4025627374649048,
        -0.2172769010066986,
        -0.8892321586608887,
        -3.151097059249878,
        -0.05161169543862343,
        0.964489221572876,
        -0.25903037190437317,
        -0.3651200532913208,
        0.9139363765716553,
        0.15017078816890717,
        0.37705355882644653,
        3.334709644317627
    ],
    [
        0.40133288502693176,
        -0.24432623386383057,
        -0.8827437162399292,
        -3.450376272201538,
        -0.05188087001442909,
        0.9561540484428406,
        -0.28823205828666687,
        -0.4033413827419281,
        0.914461612701416,
        0.16147448122501373,
        0.37106016278266907,
        3.472403049468994
    ],
    [
        0.40079784393310547,
        -0.2672252357006073,
        -0.8763286471366882,
        -3.6753625869750977,
        -0.052610352635383606,
        0.9482250809669495,
        -0.3132110834121704,
        -0.4512225091457367,
        0.9146547317504883,
        0.17163829505443573,
        0.3659878969192505,
        3.5719656944274902
    ],
    [
        0.39882978796958923,
        -0.2866382300853729,
        -0.8710759282112122,
        -3.889436721801758,
        -0.05213640257716179,
        0.9412693381309509,
        -0.33360734581947327,
        -0.456828773021698,
        0.9155416488647461,
        0.17846736311912537,
        0.360461950302124,
        3.6709349155426025
    ],
    [
        0.39784422516822815,
        -0.29956871271133423,
        -0.8671669960021973,
        -4.162585735321045,
        -0.052964046597480774,
        0.9361138939857483,
        -0.34768614172935486,
        -0.48154374957084656,
        0.9159228801727295,
        0.18425364792346954,
        0.35656118392944336,
        3.7835750579833984
    ],
    [
        0.3974471390247345,
        -0.30829373002052307,
        -0.8642861247062683,
        -4.456059455871582,
        -0.053900543600320816,
        0.9324032068252563,
        -0.357377827167511,
        -0.5887942314147949,
        0.9160407781600952,
        0.18862426280975342,
        0.3539639413356781,
        3.8789267539978027
    ],
    [
        0.39867928624153137,
        -0.31319108605384827,
        -0.8619548082351685,
        -4.654264450073242,
        -0.055806297808885574,
        0.9298531413078308,
        -0.36367401480674744,
        -0.7111805081367493,
        0.9153909087181091,
        0.19309177994728088,
        0.3532353937625885,
        3.938370943069458
    ],
    [
        0.4013393223285675,
        -0.315162718296051,
        -0.8599995374679565,
        -4.81652307510376,
        -0.05618511140346527,
        0.9286970496177673,
        -0.36655837297439575,
        -0.8155744075775146,
        0.9142045378684998,
        0.19543352723121643,
        0.3550153374671936,
        4.004386901855469
    ],
    [
        0.4063844084739685,
        -0.3175255060195923,
        -0.856755256652832,
        -5.017188549041748,
        -0.056029483675956726,
        0.9272496104240417,
        -0.37022820115089417,
        -0.9242191314697266,
        0.9119826555252075,
        0.19845853745937347,
        0.35902875661849976,
        4.122250080108643
    ],
    [
        0.4092734158039093,
        -0.31852883100509644,
        -0.8550055623054504,
        -5.142108917236328,
        -0.056182462722063065,
        0.9265069365501404,
        -0.37205973267555237,
        -1.0912775993347168,
        0.9106804728507996,
        0.20031055808067322,
        0.3612990975379944,
        4.197727203369141
    ],
    [
        0.41026249527931213,
        -0.31988778710365295,
        -0.8540234565734863,
        -5.238987922668457,
        -0.0562426783144474,
        0.9258053302764893,
        -0.3737930357456207,
        -1.2218161821365356,
        0.9102316498756409,
        0.20138593018054962,
        0.3618319034576416,
        4.2558488845825195
    ],
    [
        0.41282525658607483,
        -0.31976327300071716,
        -0.8528345823287964,
        -5.3891215324401855,
        -0.05700051411986351,
        0.9254414439201355,
        -0.3745785057544708,
        -1.3035252094268799,
        0.9090249538421631,
        0.20324744284152985,
        0.3638191223144531,
        4.320921897888184
    ],
    [
        0.41399380564689636,
        -0.3198780119419098,
        -0.852225124835968,
        -5.5387864112854,
        -0.05842101573944092,
        0.9249561429023743,
        -0.3755570352077484,
        -1.4302887916564941,
        0.9084030389785767,
        0.20526617765426636,
        0.36423859000205994,
        4.354446887969971
    ],
    [
        0.4168459177017212,
        -0.32030582427978516,
        -0.8506723642349243,
        -5.643515110015869,
        -0.05876220017671585,
        0.9244034290313721,
        -0.376862496137619,
        -1.5755774974822998,
        0.9070758819580078,
        0.20708096027374268,
        0.3665122091770172,
        4.3773274421691895
    ],
    [
        0.420396625995636,
        -0.32039690017700195,
        -0.8488891124725342,
        -5.748057842254639,
        -0.06022721529006958,
        0.9236622452735901,
        -0.3784450590610504,
        -1.6730924844741821,
        0.905339241027832,
        0.21022313833236694,
        0.3690073788166046,
        4.428308010101318
    ],
    [
        0.4245116114616394,
        -0.32013216614723206,
        -0.8469386100769043,
        -5.885857582092285,
        -0.058326397091150284,
        0.9237952828407288,
        -0.3784180283546448,
        -1.758180856704712,
        0.9035418033599854,
        0.21004173159599304,
        0.3734895884990692,
        4.519341468811035
    ],
    [
        0.4252350926399231,
        -0.3192477822303772,
        -0.8469096422195435,
        -6.003961563110352,
        -0.05849265679717064,
        0.9240763783454895,
        -0.37770548462867737,
        -1.9199514389038086,
        0.9031909108161926,
        0.21015167236328125,
        0.3742758631706238,
        4.598840236663818
    ],
    [
        0.4272700250148773,
        -0.3189643621444702,
        -0.8459920883178711,
        -6.114480495452881,
        -0.05820930376648903,
        0.9240573048591614,
        -0.37779608368873596,
        -2.0342133045196533,
        0.9022483229637146,
        0.2106655240058899,
        0.37625551223754883,
        4.652444839477539
    ],
    [
        0.42870157957077026,
        -0.3160459101200104,
        -0.8463627099990845,
        -6.262637615203857,
        -0.06055465340614319,
        0.92465740442276,
        -0.37595468759536743,
        -2.1089930534362793,
        0.9014144539833069,
        0.21242359280586243,
        0.3772638142108917,
        4.7037458419799805
    ],
    [
        0.4291205108165741,
        -0.31564417481422424,
        -0.8463003635406494,
        -6.3951921463012695,
        -0.06085782125592232,
        0.9247204065322876,
        -0.37575066089630127,
        -2.2439627647399902,
        0.9011948108673096,
        0.21274632215499878,
        0.37760764360427856,
        4.733635425567627
    ],
    [
        0.43133804202079773,
        -0.31595560908317566,
        -0.8450561165809631,
        -6.491746425628662,
        -0.06079697981476784,
        0.9243625998497009,
        -0.376639723777771,
        -2.37798810005188,
        0.9001395106315613,
        0.21383585035800934,
        0.37950339913368225,
        4.752897262573242
    ],
    [
        0.4349420666694641,
        -0.31475406885147095,
        -0.8436558246612549,
        -6.608188629150391,
        -0.06090685725212097,
        0.9244889616966248,
        -0.37631165981292725,
        -2.4624791145324707,
        0.8983961343765259,
        0.21505819261074066,
        0.38292840123176575,
        4.808902263641357
    ],
    [
        0.43934139609336853,
        -0.3113256096839905,
        -0.8426477313041687,
        -6.740278244018555,
        -0.06204095855355263,
        0.9252709746360779,
        -0.37419864535331726,
        -2.5581791400909424,
        0.8961752653121948,
        0.21667969226837158,
        0.38719528913497925,
        4.8870849609375
    ],
    [
        0.44084519147872925,
        -0.31093183159828186,
        -0.8420078754425049,
        -6.834104537963867,
        -0.061660442501306534,
        0.9253763556480408,
        -0.3740009367465973,
        -2.6872410774230957,
        0.8954627513885498,
        0.21679511666297913,
        0.3887749910354614,
        4.94722843170166
    ],
    [
        0.44269388914108276,
        -0.31060391664505005,
        -0.8411579728126526,
        -6.940798282623291,
        -0.06273122876882553,
        0.9250617027282715,
        -0.37460073828697205,
        -2.809542417526245,
        0.8944758772850037,
        0.2186003476381302,
        0.3900349736213684,
        4.994818210601807
    ]
]