[
    [
        0.9936268329620361,
        0.01766955293715,
        0.1113257184624672,
        0.9192758798599243,
        -0.017419127747416496,
        0.9998430609703064,
        -0.003221753053367138,
        -0.3110387921333313,
        -0.1113651841878891,
        0.0012620255583897233,
        0.993778645992279,
        2.2422239780426025
    ],
    [
        0.9944019913673401,
        0.019096074625849724,
        0.10392250120639801,
        0.9218812584877014,
        -0.018859004601836205,
        0.9998167753219604,
        -0.0032634215895086527,
        -0.3120894432067871,
        -0.10396579653024673,
        0.001285277190618217,
        0.9945800304412842,
        2.2594895362854004
    ],
    [
        0.9954566955566406,
        0.02155166305601597,
        0.09274418652057648,
        0.9253526926040649,
        -0.02141646482050419,
        0.999767541885376,
        -0.0024528861977159977,
        -0.3163415193557739,
        -0.09277550876140594,
        0.00045549176866188645,
        0.995686948299408,
        2.2843265533447266
    ],
    [
        0.9963845014572144,
        0.022940728813409805,
        0.0818033292889595,
        0.9273097515106201,
        -0.022781789302825928,
        0.9997363090515137,
        -0.002875920385122299,
        -0.31738460063934326,
        -0.08184774219989777,
        0.0010018969187512994,
        0.9966443181037903,
        2.3071908950805664
    ],
    [
        0.9972195029258728,
        0.025474753230810165,
        0.07003124803304672,
        0.9307293891906738,
        -0.02534286119043827,
        0.9996750354766846,
        -0.002771331463009119,
        -0.32071563601493835,
        -0.07007907330989838,
        0.000988829298876226,
        0.9975409507751465,
        2.326077461242676
    ],
    [
        0.9979581236839294,
        0.027812950313091278,
        0.05749880149960518,
        0.9348831176757812,
        -0.027737727388739586,
        0.9996130466461182,
        -0.0021060968283563852,
        -0.32336488366127014,
        -0.057535119354724884,
        0.0005069078761152923,
        0.9983434081077576,
        2.3463311195373535
    ],
    [
        0.9985579252243042,
        0.030520465224981308,
        0.044166140258312225,
        0.9408943057060242,
        -0.030401185154914856,
        0.9995321035385132,
        -0.0033699525520205498,
        -0.3221534788608551,
        -0.044248320162296295,
        0.002022386994212866,
        0.9990185499191284,
        2.365690231323242
    ],
    [
        0.9988767504692078,
        0.03337188810110092,
        0.033638592809438705,
        0.9413778185844421,
        -0.03328509256243706,
        0.9994409680366516,
        -0.0031371801160275936,
        -0.3246655762195587,
        -0.033724479377269745,
        0.00201399065554142,
        0.9994291067123413,
        2.3868069648742676
    ],
    [
        0.9990780353546143,
        0.03636088967323303,
        0.022825829684734344,
        0.9419074058532715,
        -0.03629401698708534,
        0.9993355870246887,
        -0.0033374004997313023,
        -0.3273208439350128,
        -0.022932009771466255,
        0.0025058810133486986,
        0.9997338652610779,
        2.408421277999878
    ],
    [
        0.9991533160209656,
        0.03990485519170761,
        0.01002188678830862,
        0.9444811344146729,
        -0.039860472083091736,
        0.9991947412490845,
        -0.004590166732668877,
        -0.32928380370140076,
        -0.010196995921432972,
        0.0041868058033287525,
        0.9999393224716187,
        2.428521156311035
    ],
    [
        0.9990755319595337,
        0.04288339987397194,
        -0.0030277392361313105,
        0.9455155730247498,
        -0.04289744049310684,
        0.9990682601928711,
        -0.004736278206110001,
        -0.3334980607032776,
        0.0028218175284564495,
        0.004861779510974884,
        0.9999842643737793,
        2.4475862979888916
    ],
    [
        0.9987925291061401,
        0.04523754492402077,
        -0.019156109541654587,
        0.949842095375061,
        -0.045368269085884094,
        0.9989495277404785,
        -0.006447925232350826,
        -0.3347328305244446,
        0.018843788653612137,
        0.007309203967452049,
        0.9997957944869995,
        2.467705011367798
    ],
    [
        0.9981704354286194,
        0.04810270667076111,
        -0.03663109242916107,
        0.9550697207450867,
        -0.04846261069178581,
        0.9987844228744507,
        -0.009001658298075199,
        -0.3347891569137573,
        0.03615320846438408,
        0.010760423727333546,
        0.9992882013320923,
        2.4863216876983643
    ],
    [
        0.9972501993179321,
        0.05100437253713608,
        -0.053762856870889664,
        0.9573265910148621,
        -0.05160441994667053,
        0.9986192584037781,
        -0.009832152165472507,
        -0.3373718857765198,
        0.05318712070584297,
        0.012579510919749737,
        0.9985052347183228,
        2.5061445236206055
    ],
    [
        0.9960123300552368,
        0.05457114055752754,
        -0.07057974487543106,
        0.9589851498603821,
        -0.055498477071523666,
        0.9983953833580017,
        -0.011243592947721481,
        -0.33851158618927,
        0.06985294818878174,
        0.015115824528038502,
        0.9974428415298462,
        2.524975299835205
    ],
    [
        0.9945142269134521,
        0.057768553495407104,
        -0.0872029960155487,
        0.9584550857543945,
        -0.059112511575222015,
        0.9981679320335388,
        -0.012906650081276894,
        -0.3383132517337799,
        0.08629780262708664,
        0.017990631982684135,
        0.9961069226264954,
        2.54343318939209
    ],
    [
        0.9925209283828735,
        0.06078345701098442,
        -0.10586613416671753,
        0.9606923460960388,
        -0.06260767579078674,
        0.9979401230812073,
        -0.0139908567070961,
        -0.33832594752311707,
        0.10479786992073059,
        0.020514262840151787,
        0.9942819476127625,
        2.5616955757141113
    ],
    [
        0.9900250434875488,
        0.06373021751642227,
        -0.12565402686595917,
        0.9636684060096741,
        -0.06597159802913666,
        0.9977266192436218,
        -0.013753530569374561,
        -0.34068724513053894,
        0.12449197471141815,
        0.021905936300754547,
        0.9919788837432861,
        2.5798168182373047
    ],
    [
        0.9873149394989014,
        0.06552155315876007,
        -0.1446240097284317,
        0.9646847248077393,
        -0.06839604675769806,
        0.9975455403327942,
        -0.014988680370151997,
        -0.34046682715415955,
        0.14328692853450775,
        0.024690264835953712,
        0.9893731474876404,
        2.5959692001342773
    ],
    [
        0.9844087362289429,
        0.06712545454502106,
        -0.1625840961933136,
        0.9639564156532288,
        -0.07056025415658951,
        0.9973880052566528,
        -0.015438156202435493,
        -0.3410564959049225,
        0.16112320125102997,
        0.026669451966881752,
        0.9865738153457642,
        2.611226797103882
    ],
    [
        0.9812455773353577,
        0.06862223148345947,
        -0.18013326823711395,
        0.9622349739074707,
        -0.0727095752954483,
        0.9972218871116638,
        -0.016178878024220467,
        -0.3410836458206177,
        0.17852266132831573,
        0.028972864151000977,
        0.9835091829299927,
        2.625325918197632
    ],
    [
        0.977698802947998,
        0.06999582052230835,
        -0.19800396263599396,
        0.9600974321365356,
        -0.07470126450061798,
        0.9970712661743164,
        -0.016386067494750023,
        -0.3426356315612793,
        0.19627703726291656,
        0.030811786651611328,
        0.9800642132759094,
        2.6399459838867188
    ],
    [
        0.9735479950904846,
        0.07137448340654373,
        -0.21704839169979095,
        0.9587424993515015,
        -0.07707437872886658,
        0.9968646168708801,
        -0.01789875701069832,
        -0.3417298495769501,
        0.21509051322937012,
        0.03415417671203613,
        0.975996732711792,
        2.6543946266174316
    ],
    [
        0.9687970280647278,
        0.07334543764591217,
        -0.2367546409368515,
        0.9571210741996765,
        -0.07988695800304413,
        0.9966387748718262,
        -0.01814255677163601,
        -0.3436691164970398,
        0.23462817072868347,
        0.036490071564912796,
        0.9713999629020691,
        2.67010235786438
    ],
    [
        0.9628956913948059,
        0.07520728558301926,
        -0.2591831088066101,
        0.9578326344490051,
        -0.08301932364702225,
        0.9963608980178833,
        -0.01931201107800007,
        -0.3446749746799469,
        0.2567874491214752,
        0.04011266306042671,
        0.9656350612640381,
        2.6877615451812744
    ]
]