[
    [
        0.999995768070221,
        -0.002270734403282404,
        0.0017943973653018475,
        -0.03649892657995224,
        0.0022803745232522488,
        0.9999828934669495,
        -0.005388377234339714,
        -0.05978093296289444,
        -0.0017821307992562652,
        0.005392446182668209,
        0.9999839067459106,
        0.34337857365608215
    ],
    [
        0.9999953508377075,
        -0.0020369028206914663,
        0.0022951948922127485,
        -0.048944003880023956,
        0.002051615621894598,
        0.9999772906303406,
        -0.006426556035876274,
        -0.06389076262712479,
        -0.0022820516023784876,
        0.006431234069168568,
        0.9999767541885376,
        0.38109326362609863
    ],
    [
        0.9999923706054688,
        -0.0019971332512795925,
        0.0033692645374685526,
        -0.06714614480733871,
        0.0020217839628458023,
        0.9999711513519287,
        -0.007328929845243692,
        -0.06495224684476852,
        -0.0033545310143381357,
        0.0073356847278773785,
        0.9999674558639526,
        0.4324425458908081
    ],
    [
        0.9999953508377075,
        -0.0022152126766741276,
        0.0020517900120466948,
        -0.0944414734840393,
        0.002232467057183385,
        0.9999618530273438,
        -0.00844606850296259,
        -0.07021273672580719,
        -0.0020330017432570457,
        0.008450611494481564,
        0.9999622106552124,
        0.48453354835510254
    ],
    [
        0.9999932050704956,
        -0.0026012270245701075,
        0.0026261170860379934,
        -0.1180526614189148,
        0.002624304499477148,
        0.9999576210975647,
        -0.008822735399007797,
        -0.07568768411874771,
        -0.0026030561421066523,
        0.008829567581415176,
        0.9999575614929199,
        0.5214331150054932
    ],
    [
        0.9999892115592957,
        -0.0020638282876461744,
        0.004149638116359711,
        -0.15412387251853943,
        0.0021110305096954107,
        0.9999328255653381,
        -0.011403120122849941,
        -0.08382277190685272,
        -0.00412582466378808,
        0.011411757208406925,
        0.9999263286590576,
        0.5668202042579651
    ],
    [
        0.9999992847442627,
        -0.0007216422818601131,
        -0.000956271484028548,
        -0.1944611668586731,
        0.0007056547328829765,
        0.9998617172241211,
        -0.016614479944109917,
        -0.09337437897920609,
        0.0009681294905021787,
        0.016613794490695,
        0.999861478805542,
        0.6090919971466064
    ],
    [
        0.9999535083770752,
        0.0008689424721524119,
        -0.00960424356162548,
        -0.22325529158115387,
        -0.0011011295719072223,
        0.9997066259384155,
        -0.024196624755859375,
        -0.09771402925252914,
        0.009580399841070175,
        0.024206075817346573,
        0.9996610879898071,
        0.637482225894928
    ],
    [
        0.9995338916778564,
        0.0033857477828860283,
        -0.03033907525241375,
        -0.2654147148132324,
        -0.004334766883403063,
        0.999501645565033,
        -0.03126944229006767,
        -0.10082516074180603,
        0.030218083411455154,
        0.03138638660311699,
        0.9990504384040833,
        0.6737054586410522
    ],
    [
        0.9983274936676025,
        0.006462577264755964,
        -0.05745001137256622,
        -0.31310826539993286,
        -0.008357333019375801,
        0.9994269609451294,
        -0.03280211612582207,
        -0.10170895606279373,
        0.05720509588718414,
        0.033227384090423584,
        0.9978094696998596,
        0.7088189125061035
    ],
    [
        0.9958299994468689,
        0.010567438788712025,
        -0.09061413258314133,
        -0.3639455735683441,
        -0.013716410845518112,
        0.9993208646774292,
        -0.03419943526387215,
        -0.10333800315856934,
        0.09019119292497635,
        0.035299722105264664,
        0.9952988028526306,
        0.746617317199707
    ],
    [
        0.9930321574211121,
        0.014455525204539299,
        -0.11695387214422226,
        -0.4077387750148773,
        -0.018657037988305092,
        0.9992163181304932,
        -0.034909844398498535,
        -0.10928811132907867,
        0.11635757982730865,
        0.03684861212968826,
        0.9925234913825989,
        0.7748210430145264
    ],
    [
        0.9880145192146301,
        0.01810881309211254,
        -0.1532953530550003,
        -0.458774596452713,
        -0.024063782766461372,
        0.9990224838256836,
        -0.03708040714263916,
        -0.11752849817276001,
        0.152474045753479,
        0.040324848145246506,
        0.9874845147132874,
        0.8057138919830322
    ],
    [
        0.981458306312561,
        0.022739460691809654,
        -0.19032205641269684,
        -0.5135487914085388,
        -0.030374450609087944,
        0.9988425970077515,
        -0.03729529678821564,
        -0.12786182761192322,
        0.18925370275974274,
        0.04238470271229744,
        0.9810130000114441,
        0.8311123847961426
    ],
    [
        0.9745734333992004,
        0.026806499809026718,
        -0.22245930135250092,
        -0.558056116104126,
        -0.03601904585957527,
        0.9986488819122314,
        -0.03745819628238678,
        -0.1320008784532547,
        0.2211546152830124,
        0.04451853409409523,
        0.9742221236228943,
        0.8475596904754639
    ],
    [
        0.9625599384307861,
        0.032055117189884186,
        -0.26916685700416565,
        -0.6188545227050781,
        -0.04359454661607742,
        0.9983638525009155,
        -0.037001945078372955,
        -0.13143204152584076,
        0.2675403952598572,
        0.047350794076919556,
        0.9623824954032898,
        0.8684259653091431
    ],
    [
        0.9474806189537048,
        0.0377771332859993,
        -0.3175741732120514,
        -0.688202977180481,
        -0.05182768777012825,
        0.9980102777481079,
        -0.03590897098183632,
        -0.12839245796203613,
        0.315585732460022,
        0.050482191145420074,
        0.9475532174110413,
        0.88599693775177
    ],
    [
        0.9287375807762146,
        0.04416070133447647,
        -0.36809855699539185,
        -0.7614721655845642,
        -0.06118537485599518,
        0.9975228905677795,
        -0.03470219671726227,
        -0.12720347940921783,
        0.365654319524765,
        0.054751474410295486,
        0.9291390180587769,
        0.9013770222663879
    ],
    [
        0.9137142300605774,
        0.047949422150850296,
        -0.4035184383392334,
        -0.8142077326774597,
        -0.06737449020147324,
        0.9971458315849304,
        -0.03407146409153938,
        -0.12919649481773376,
        0.40073299407958984,
        0.05831843614578247,
        0.9143370389938354,
        0.9105209112167358
    ],
    [
        0.8939683437347412,
        0.052640799432992935,
        -0.4450274705886841,
        -0.8831497430801392,
        -0.07452960312366486,
        0.9967111349105835,
        -0.03181701526045799,
        -0.13449044525623322,
        0.4418889582157135,
        0.06161113455891609,
        0.8949514627456665,
        0.9215982556343079
    ],
    [
        0.8710843920707703,
        0.05667762830853462,
        -0.4878520369529724,
        -0.9494416117668152,
        -0.08150792121887207,
        0.9962272047996521,
        -0.029796918854117393,
        -0.13731199502944946,
        0.4843226373195648,
        0.06571944057941437,
        0.8724175691604614,
        0.9343488812446594
    ],
    [
        0.8503666520118713,
        0.06036616861820221,
        -0.5227164626121521,
        -0.9981372952461243,
        -0.08708427846431732,
        0.9958440661430359,
        -0.026665089651942253,
        -0.13550713658332825,
        0.5189343094825745,
        0.06819549202919006,
        0.8520894646644592,
        0.9447697401046753
    ],
    [
        0.8180306553840637,
        0.06600233167409897,
        -0.5713751316070557,
        -1.06467604637146,
        -0.09584780782461166,
        0.9951468110084534,
        -0.02226984314620495,
        -0.13235647976398468,
        0.567132294178009,
        0.07298246771097183,
        0.8203867673873901,
        0.9609983563423157
    ],
    [
        0.7795580625534058,
        0.07158220559358597,
        -0.6222260594367981,
        -1.1313652992248535,
        -0.10476409643888474,
        0.9943541884422302,
        -0.01686142198741436,
        -0.1322184056043625,
        0.6175060868263245,
        0.07833141088485718,
        0.7826560735702515,
        0.9784718751907349
    ],
    [
        0.7346110343933105,
        0.07608941197395325,
        -0.6742084622383118,
        -1.1960475444793701,
        -0.11378685384988785,
        0.9934344291687012,
        -0.011864641681313515,
        -0.13705812394618988,
        0.668878972530365,
        0.08543195575475693,
        0.7384458780288696,
        0.9958951473236084
    ]
]