[
    [
        0.7894270420074463,
        -0.34095922112464905,
        0.5104426145553589,
        -1.2676279544830322,
        -0.016175948083400726,
        0.8197068572044373,
        0.5725548267364502,
        -1.6866142749786377,
        -0.6136311888694763,
        -0.4602472186088562,
        0.6415834426879883,
        4.302312850952148
    ],
    [
        0.7952885031700134,
        -0.34145304560661316,
        0.5009251236915588,
        -1.2574446201324463,
        -0.009877887554466724,
        0.8188856244087219,
        0.5738715529441833,
        -1.6754136085510254,
        -0.6061506867408752,
        -0.4613415598869324,
        0.64787757396698,
        4.312934398651123
    ],
    [
        0.8043156266212463,
        -0.34195300936698914,
        0.4859471321105957,
        -1.239212155342102,
        -0.000314869248541072,
        0.8175687789916992,
        0.5758307576179504,
        -1.6571071147918701,
        -0.5942023396492004,
        -0.4633027911186218,
        0.6574756503105164,
        4.328857421875
    ],
    [
        0.8130896091461182,
        -0.34225690364837646,
        0.4708985686302185,
        -1.2203185558319092,
        0.008955800905823708,
        0.8161701560020447,
        0.5777422785758972,
        -1.6369940042495728,
        -0.5820696949958801,
        -0.46553900837898254,
        0.666684627532959,
        4.345884799957275
    ],
    [
        0.8216926455497742,
        -0.34316810965538025,
        0.45503512024879456,
        -1.197535514831543,
        0.018975213170051575,
        0.8144336938858032,
        0.5799462199211121,
        -1.617501974105835,
        -0.5696149468421936,
        -0.4679030776023865,
        0.6757258772850037,
        4.363605976104736
    ],
    [
        0.8300521969795227,
        -0.34352368116378784,
        0.4393231272697449,
        -1.1748032569885254,
        0.028513235971331596,
        0.8128722310066223,
        0.5817437767982483,
        -1.5990666151046753,
        -0.5569563508033752,
        -0.47035107016563416,
        0.6845213174819946,
        4.381691932678223
    ],
    [
        0.8382681012153625,
        -0.34464749693870544,
        0.4225218892097473,
        -1.1481571197509766,
        0.039400022476911545,
        0.8111634254455566,
        0.5834908485412598,
        -1.5823742151260376,
        -0.5438330173492432,
        -0.4724743068218231,
        0.6935515403747559,
        4.398098468780518
    ],
    [
        0.8438555002212524,
        -0.3443163335323334,
        0.4115266799926758,
        -1.1319587230682373,
        0.04587538167834282,
        0.8104458451271057,
        0.5840147137641907,
        -1.5699622631072998,
        -0.5346058011054993,
        -0.4739450216293335,
        0.699694812297821,
        4.407857894897461
    ],
    [
        0.8516432046890259,
        -0.34420356154441833,
        0.3952566683292389,
        -1.1080524921417236,
        0.05576564744114876,
        0.8093581199645996,
        0.5846620202064514,
        -1.5520559549331665,
        -0.521146833896637,
        -0.4758816361427307,
        0.7084790468215942,
        4.421704292297363
    ],
    [
        0.8589122295379639,
        -0.3440714180469513,
        0.3793211281299591,
        -1.086132526397705,
        0.06538223475217819,
        0.8082960247993469,
        0.585134744644165,
        -1.533342957496643,
        -0.5079319477081299,
        -0.4777786135673523,
        0.7167515158653259,
        4.435134410858154
    ],
    [
        0.8657037615776062,
        -0.34367799758911133,
        0.3639264404773712,
        -1.0651177167892456,
        0.07450694590806961,
        0.8074172139167786,
        0.585257351398468,
        -1.5134162902832031,
        -0.4949805438518524,
        -0.47954443097114563,
        0.7245904803276062,
        4.449088096618652
    ],
    [
        0.8722380995750427,
        -0.3421168327331543,
        0.3495093286037445,
        -1.047701358795166,
        0.08215458691120148,
        0.8069590926170349,
        0.584865391254425,
        -1.4936648607254028,
        -0.48213207721710205,
        -0.4814280867576599,
        0.7319670915603638,
        4.464018821716309
    ],
    [
        0.8787230849266052,
        -0.34068408608436584,
        0.3343353569507599,
        -1.0277533531188965,
        0.09026055783033371,
        0.8063824772834778,
        0.584465742111206,
        -1.4734326601028442,
        -0.46872031688690186,
        -0.48340630531311035,
        0.7393372654914856,
        4.479094982147217
    ],
    [
        0.8825493454933167,
        -0.33932629227638245,
        0.32552167773246765,
        -1.0180373191833496,
        0.09432125091552734,
        0.8059561252593994,
        0.5844125747680664,
        -1.4610986709594727,
        -0.46066275238990784,
        -0.48506930470466614,
        0.7433018088340759,
        4.492638111114502
    ],
    [
        0.8884333372116089,
        -0.3385806083679199,
        0.30991849303245544,
        -1.001055121421814,
        0.10317353904247284,
        0.805222749710083,
        0.5839277505874634,
        -1.442282795906067,
        -0.44725993275642395,
        -0.48680540919303894,
        0.750319242477417,
        4.511997222900391
    ],
    [
        0.8939241766929626,
        -0.33782389760017395,
        0.29457542300224304,
        -0.9875103235244751,
        0.11210543662309647,
        0.8048405647277832,
        0.5828070044517517,
        -1.4239741563796997,
        -0.43397238850593567,
        -0.4879617393016815,
        0.7573382258415222,
        4.530591011047363
    ],
    [
        0.8992452621459961,
        -0.33694368600845337,
        0.2789750099182129,
        -0.9736751914024353,
        0.12119338661432266,
        0.8046704530715942,
        0.5812207460403442,
        -1.4069876670837402,
        -0.42032158374786377,
        -0.48885011672973633,
        0.7644314169883728,
        4.547461986541748
    ],
    [
        0.90421462059021,
        -0.3367742598056793,
        0.26263847947120667,
        -0.9615465998649597,
        0.13149738311767578,
        0.8046292662620544,
        0.5790339708328247,
        -1.387556791305542,
        -0.4063303768634796,
        -0.4890346825122833,
        0.771842360496521,
        4.565026760101318
    ],
    [
        0.9087962508201599,
        -0.3374652564525604,
        0.24537014961242676,
        -0.9487410187721252,
        0.14245162904262543,
        0.8036951422691345,
        0.5777384638786316,
        -1.3711868524551392,
        -0.3921694755554199,
        -0.4900931417942047,
        0.7784676551818848,
        4.5841593742370605
    ],
    [
        0.9116849899291992,
        -0.3377261459827423,
        0.2340332269668579,
        -0.9390438199043274,
        0.149770125746727,
        0.8035300970077515,
        0.57611483335495,
        -1.3580583333969116,
        -0.38262176513671875,
        -0.4901840388774872,
        0.7831476926803589,
        4.59733247756958
    ],
    [
        0.9157710075378418,
        -0.33801138401031494,
        0.21705228090286255,
        -0.9241434931755066,
        0.16030253469944,
        0.8029512763023376,
        0.5740839838981628,
        -1.3397794961929321,
        -0.368329256772995,
        -0.49093547463417053,
        0.7895036339759827,
        4.6190080642700195
    ],
    [
        0.9198246002197266,
        -0.3376948833465576,
        0.19971218705177307,
        -0.9061915874481201,
        0.17071238160133362,
        0.8028276562690735,
        0.5712486505508423,
        -1.320719599723816,
        -0.3532421886920929,
        -0.4913552701473236,
        0.7961092591285706,
        4.639058589935303
    ],
    [
        0.9233957529067993,
        -0.3374793827533722,
        0.1828875094652176,
        -0.8886032700538635,
        0.180807426571846,
        0.8026994466781616,
        0.5683152675628662,
        -1.3026610612869263,
        -0.33859843015670776,
        -0.4917125105857849,
        0.8022281527519226,
        4.660630226135254
    ],
    [
        0.9266797304153442,
        -0.33710217475891113,
        0.16621316969394684,
        -0.8707255721092224,
        0.19046907126903534,
        0.8024334907531738,
        0.565528154373169,
        -1.2862482070922852,
        -0.3240157961845398,
        -0.4924050271511078,
        0.8078063130378723,
        4.683126926422119
    ],
    [
        0.9297686815261841,
        -0.33689069747924805,
        0.14844165742397308,
        -0.8524267077445984,
        0.20096264779567719,
        0.8022940754890442,
        0.5620837211608887,
        -1.2693904638290405,
        -0.308454692363739,
        -0.49277663230895996,
        0.813650369644165,
        4.704090595245361
    ]
]