[
    [
        0.9967361688613892,
        0.016195783391594887,
        -0.07908688485622406,
        0.2429477423429489,
        -0.015758629888296127,
        0.9998568892478943,
        0.0061485436744987965,
        -0.03641769289970398,
        0.07917515188455582,
        -0.004882175009697676,
        0.9968487620353699,
        0.26307621598243713
    ],
    [
        0.9912884831428528,
        0.023959700018167496,
        -0.1295105665922165,
        0.3870204985141754,
        -0.023230379447340965,
        0.9997045993804932,
        0.0071393148973584175,
        -0.03215133026242256,
        0.12964339554309845,
        -0.004068541340529919,
        0.9915522933006287,
        0.4619305729866028
    ],
    [
        0.9827325940132141,
        0.030014390125870705,
        -0.18258094787597656,
        0.6026936769485474,
        -0.028692640364170074,
        0.9995394945144653,
        0.009877119213342667,
        -0.0475623793900013,
        0.18279331922531128,
        -0.004467837046831846,
        0.9831411838531494,
        0.7146929502487183
    ],
    [
        0.9745492339134216,
        0.034830428659915924,
        -0.22145123779773712,
        0.7830541729927063,
        -0.03311406448483467,
        0.9993858933448792,
        0.011459656991064548,
        -0.053982459008693695,
        0.22171437740325928,
        -0.003834849689155817,
        0.9751040935516357,
        0.9160153865814209
    ],
    [
        0.9673663973808289,
        0.037689756602048874,
        -0.25056272745132446,
        0.9683447480201721,
        -0.035684168338775635,
        0.9992844462394714,
        0.012544244527816772,
        -0.05027142912149429,
        0.2508562207221985,
        -0.003193759359419346,
        0.9680190682411194,
        1.1562618017196655
    ],
    [
        0.9616401791572571,
        0.040045078843832016,
        -0.27137523889541626,
        1.1653378009796143,
        -0.03746834397315979,
        0.9991900324821472,
        0.014671876095235348,
        -0.08913096785545349,
        0.27174296975135803,
        -0.003941086120903492,
        0.962361752986908,
        1.3546473979949951
    ],
    [
        0.9543624520301819,
        0.04251034930348396,
        -0.2956099808216095,
        1.3932100534439087,
        -0.03954474255442619,
        0.9990895986557007,
        0.016006333753466606,
        -0.11397062987089157,
        0.2960212230682373,
        -0.0035860196221619844,
        0.9551746249198914,
        1.5061477422714233
    ],
    [
        0.9415081143379211,
        0.0461525060236454,
        -0.33381494879722595,
        1.7202622890472412,
        -0.0417642667889595,
        0.9989208579063416,
        0.02031457982957363,
        -0.14496077597141266,
        0.33439236879348755,
        -0.005184803158044815,
        0.9424196481704712,
        1.6592143774032593
    ],
    [
        0.9211519360542297,
        0.05332992598414421,
        -0.38553205132484436,
        1.9982855319976807,
        -0.04864555597305298,
        0.9985759258270264,
        0.021902257576584816,
        -0.16442815959453583,
        0.38615110516548157,
        -0.0014208831125870347,
        0.9224344491958618,
        1.7027180194854736
    ],
    [
        0.8823241591453552,
        0.06503020226955414,
        -0.4661279618740082,
        2.2876648902893066,
        -0.0608670637011528,
        0.9978572726249695,
        0.02399853803217411,
        -0.14444905519485474,
        0.4666898250579834,
        0.007197351660579443,
        0.8843918442726135,
        1.6167619228363037
    ],
    [
        0.8182176351547241,
        0.08208511024713516,
        -0.5690184831619263,
        2.5460827350616455,
        -0.07805844396352768,
        0.9964510798454285,
        0.03150159865617752,
        -0.14961527287960052,
        0.569584846496582,
        0.018641537055373192,
        0.821721076965332,
        1.4977076053619385
    ],
    [
        0.7231249213218689,
        0.09949085861444473,
        -0.6835142970085144,
        2.8341593742370605,
        -0.09385854005813599,
        0.9945468902587891,
        0.04546627402305603,
        -0.17770135402679443,
        0.6843104958534241,
        0.03127586841583252,
        0.7285197377204895,
        1.4167370796203613
    ],
    [
        0.6274426579475403,
        0.11063224077224731,
        -0.7707632184028625,
        3.18241810798645,
        -0.10338311642408371,
        0.9929279685020447,
        0.05836142599582672,
        -0.18054169416427612,
        0.7717690467834473,
        0.04306545853614807,
        0.6344430446624756,
        1.3898392915725708
    ],
    [
        0.5467243790626526,
        0.12061779946088791,
        -0.8285792469978333,
        3.4426019191741943,
        -0.11052585393190384,
        0.9913069009780884,
        0.07137766480445862,
        -0.18997201323509216,
        0.8299856781959534,
        0.052555520087480545,
        0.5553032755851746,
        1.3077008724212646
    ],
    [
        0.47982606291770935,
        0.12375686317682266,
        -0.8685914278030396,
        3.741560697555542,
        -0.11637350916862488,
        0.9902316927909851,
        0.07680128514766693,
        -0.20045706629753113,
        0.8696115016937256,
        0.06422976404428482,
        0.48954102396965027,
        1.185218334197998
    ],
    [
        0.4316626787185669,
        0.1251765936613083,
        -0.8933073878288269,
        4.010976791381836,
        -0.11889363080263138,
        0.9895799160003662,
        0.08121537417173386,
        -0.2092687040567398,
        0.8941653370857239,
        0.07115090638399124,
        0.4420473277568817,
        1.0882315635681152
    ],
    [
        0.39310842752456665,
        0.12274012714624405,
        -0.9112632274627686,
        4.366077899932861,
        -0.1184060350060463,
        0.9895564913749695,
        0.08220665156841278,
        -0.20758748054504395,
        0.9118364453315735,
        0.07558293640613556,
        0.4035360813140869,
        1.0724478960037231
    ],
    [
        0.3703901767730713,
        0.12193160504102707,
        -0.9208386540412903,
        4.671744346618652,
        -0.11993695050477982,
        0.9893261790275574,
        0.08275789767503738,
        -0.21097876131534576,
        0.9211005568504333,
        0.07978985458612442,
        0.38106077909469604,
        1.0423195362091064
    ],
    [
        0.3566172122955322,
        0.12001276016235352,
        -0.9265100955963135,
        4.9658708572387695,
        -0.12162221968173981,
        0.9892391562461853,
        0.08132531493902206,
        -0.2002454549074173,
        0.9263002276420593,
        0.08368220180273056,
        0.3673762083053589,
        0.9574158787727356
    ],
    [
        0.3487364649772644,
        0.11670256406068802,
        -0.9299265146255493,
        5.282223701477051,
        -0.1227450966835022,
        0.9893580675125122,
        0.07812975347042084,
        -0.20681174099445343,
        0.9291483163833618,
        0.08689723163843155,
        0.35934993624687195,
        0.8241178393363953
    ],
    [
        0.34075668454170227,
        0.1155928373336792,
        -0.9330182075500488,
        5.543668270111084,
        -0.12170076370239258,
        0.9894862174987793,
        0.07814116030931473,
        -0.22214747965335846,
        0.9322413206100464,
        0.08692192286252975,
        0.3512418270111084,
        0.7697910666465759
    ],
    [
        0.3220464289188385,
        0.1139654591679573,
        -0.939839243888855,
        5.8625030517578125,
        -0.12167228758335114,
        0.9894776940345764,
        0.07829227298498154,
        -0.23896574974060059,
        0.9388726353645325,
        0.08913863450288773,
        0.3325245678424835,
        0.7146532535552979
    ],
    [
        0.29811814427375793,
        0.11488610506057739,
        -0.9475900530815125,
        6.122610092163086,
        -0.12240725010633469,
        0.989135205745697,
        0.08141292631626129,
        -0.23695726692676544,
        0.9466478228569031,
        0.09172122925519943,
        0.30894190073013306,
        0.6514391899108887
    ],
    [
        0.27220478653907776,
        0.11521940678358078,
        -0.9553163051605225,
        6.364624500274658,
        -0.12287682294845581,
        0.988839328289032,
        0.08425047248601913,
        -0.23521821200847626,
        0.9543614983558655,
        0.09445283561944962,
        0.28332433104515076,
        0.5960037708282471
    ],
    [
        0.24338474869728088,
        0.11431741714477539,
        -0.963169515132904,
        6.596628665924072,
        -0.12396438419818878,
        0.9885523319244385,
        0.08600535988807678,
        -0.24859917163848877,
        0.9619754552841187,
        0.09846631437540054,
        0.2547699511051178,
        0.5297142863273621
    ]
]