[
    [
        0.9998952746391296,
        0.00042374423355795443,
        0.014467330649495125,
        -0.007304267957806587,
        -0.00041446980321779847,
        0.9999997019767761,
        -0.0006440377328544855,
        -0.010159345343708992,
        -0.014467599801719189,
        0.0006379743572324514,
        0.9998952150344849,
        0.3239537477493286
    ],
    [
        0.9998127222061157,
        0.00019798200810328126,
        0.01935429312288761,
        -0.000505660311318934,
        -0.00017010403098538518,
        0.9999989867210388,
        -0.0014420385705307126,
        -0.005975653883069754,
        -0.01935455948114395,
        0.0014384768437594175,
        0.9998117089271545,
        0.4277779161930084
    ],
    [
        0.9997569918632507,
        -0.00034958578180521727,
        0.02203972451388836,
        0.01126694492995739,
        0.000369480112567544,
        0.9999995231628418,
        -0.0008985850727185607,
        -0.0010695481905713677,
        -0.022039400413632393,
        0.0009065099293366075,
        0.9997566342353821,
        0.5634304881095886
    ],
    [
        0.9997657537460327,
        -0.0004175213980488479,
        0.02163473702967167,
        0.027404380962252617,
        0.0004250265774317086,
        0.9999998807907104,
        -0.0003422788577154279,
        -0.0013657155213877559,
        -0.02163458988070488,
        0.00035139420651830733,
        0.999765932559967,
        0.6904390454292297
    ],
    [
        0.9998102188110352,
        0.0004915832541882992,
        0.019473230466246605,
        0.038355667144060135,
        -0.0004689478373620659,
        0.9999992251396179,
        -0.0011669255327433348,
        -0.005340316332876682,
        -0.019473789259791374,
        0.0011575727257877588,
        0.9998098015785217,
        0.8007795810699463
    ],
    [
        0.9998639225959778,
        0.0005084663862362504,
        0.016489528119564056,
        0.055763907730579376,
        -0.0004992278409190476,
        0.9999998211860657,
        -0.0005644219345413148,
        -0.010243958793580532,
        -0.01648981124162674,
        0.0005561131983995438,
        0.999863862991333,
        0.907096803188324
    ],
    [
        0.9999022483825684,
        -5.381395112635801e-06,
        0.013986386358737946,
        0.07626771926879883,
        8.764586709730793e-06,
        0.9999999403953552,
        -0.00024185898655559868,
        -0.01358669064939022,
        -0.013986386358737946,
        0.00024195894366130233,
        0.9999022483825684,
        1.0261999368667603
    ],
    [
        0.9999517202377319,
        -0.00021509898942895234,
        0.009829159826040268,
        0.09606961160898209,
        0.00022559704666491598,
        0.999999463558197,
        -0.0010669529438018799,
        -0.011618554592132568,
        -0.00982892606407404,
        0.0010691197821870446,
        0.9999511241912842,
        1.1260604858398438
    ],
    [
        0.9999997615814209,
        -0.00012104157212888822,
        0.0007633461500518024,
        0.10547761619091034,
        0.000122423458378762,
        0.9999983906745911,
        -0.0018099331064149737,
        -0.004130095709115267,
        -0.0007631277549080551,
        0.0018100260058417916,
        0.9999980330467224,
        1.2064859867095947
    ],
    [
        0.9998889565467834,
        0.0001959141081897542,
        -0.014902263879776001,
        0.1140718162059784,
        -0.0002359699283260852,
        0.9999963641166687,
        -0.0026861978694796562,
        -0.004308487754315138,
        0.014901682734489441,
        0.0026894151233136654,
        0.9998853206634521,
        1.2930330038070679
    ],
    [
        0.999281108379364,
        0.0004024684021715075,
        -0.037909626960754395,
        0.11631280928850174,
        -0.0005145645118318498,
        0.9999955296516418,
        -0.0029472310561686754,
        -0.0054393974132835865,
        0.037908267229795456,
        0.0029646195471286774,
        0.999276876449585,
        1.37690269947052
    ],
    [
        0.9976125955581665,
        0.0008759447955526412,
        -0.0690532699227333,
        0.1231331005692482,
        -0.0010790363885462284,
        0.9999952912330627,
        -0.0029038379434496164,
        -0.007115780375897884,
        0.0690503939986229,
        0.002971416572108865,
        0.9976087808609009,
        1.47291100025177
    ],
    [
        0.9946947693824768,
        0.001705656643025577,
        -0.10285631567239761,
        0.13041378557682037,
        -0.0021094316616654396,
        0.9999905824661255,
        -0.0038169738836586475,
        -0.007229894399642944,
        0.1028488278388977,
        0.004013691563159227,
        0.994688868522644,
        1.5615299940109253
    ],
    [
        0.9905935525894165,
        0.001804632367566228,
        -0.13682568073272705,
        0.13150301575660706,
        -0.002307458547875285,
        0.9999911785125732,
        -0.003516426542773843,
        -0.0008339155465364456,
        0.13681811094284058,
        0.0037990696728229523,
        0.990588903427124,
        1.6451499462127686
    ],
    [
        0.984674870967865,
        0.002211750252172351,
        -0.17438609898090363,
        0.13837914168834686,
        -0.002796151442453265,
        0.9999912977218628,
        -0.0031055768486112356,
        0.0008541829884052277,
        0.1743777096271515,
        0.0035455937031656504,
        0.984672486782074,
        1.743838906288147
    ],
    [
        0.9782520532608032,
        0.0029435609467327595,
        -0.20739853382110596,
        0.13407163321971893,
        -0.0037336216773837805,
        0.9999873042106628,
        -0.0034180565271526575,
        0.005377084948122501,
        0.2073858380317688,
        0.004118067678064108,
        0.9782506227493286,
        1.8202029466629028
    ],
    [
        0.9685656428337097,
        0.003898647613823414,
        -0.24872751533985138,
        0.13403217494487762,
        -0.004697401542216539,
        0.9999855756759644,
        -0.002617929130792618,
        0.010007629171013832,
        0.2487136870622635,
        0.0037040093448013067,
        0.9685699939727783,
        1.891723394393921
    ],
    [
        0.95717853307724,
        0.004488375969231129,
        -0.2894633710384369,
        0.13946406543254852,
        -0.005404993891716003,
        0.9999825358390808,
        -0.0023672981187701225,
        0.009022636339068413,
        0.28944769501686096,
        0.003830475267022848,
        0.9571861624717712,
        1.9552761316299438
    ],
    [
        0.9407472014427185,
        0.006312272045761347,
        -0.3390500545501709,
        0.1488759070634842,
        -0.006853637285530567,
        0.9999764561653137,
        -0.000399401702452451,
        0.01634121499955654,
        0.33903953433036804,
        0.0026994612999260426,
        0.940768301486969,
        2.0323445796966553
    ],
    [
        0.9158003330230713,
        0.007429456803947687,
        -0.4015650153160095,
        0.157340869307518,
        -0.007562246639281511,
        0.9999704957008362,
        0.001254419214092195,
        0.017037194222211838,
        0.40156248211860657,
        0.0018879349809139967,
        0.9158296585083008,
        2.1143546104431152
    ],
    [
        0.8885658979415894,
        0.008797559887170792,
        -0.45866453647613525,
        0.16616187989711761,
        -0.008708148263394833,
        0.999959409236908,
        0.0023098336532711983,
        0.014565571211278439,
        0.4586664140224457,
        0.0019416817231103778,
        0.8886065483093262,
        2.191373348236084
    ],
    [
        0.8560856580734253,
        0.009523577056825161,
        -0.5167461037635803,
        0.17544333636760712,
        -0.009546175599098206,
        0.9999510645866394,
        0.00261398172006011,
        0.013184103183448315,
        0.5167456865310669,
        0.0026951555628329515,
        0.8561346530914307,
        2.2668652534484863
    ],
    [
        0.8257203698158264,
        0.009679403156042099,
        -0.5639966130256653,
        0.18208244442939758,
        -0.010112646035850048,
        0.9999459981918335,
        0.0023558002430945635,
        0.01339311059564352,
        0.563988983631134,
        0.003758265171200037,
        0.8257737159729004,
        2.3289670944213867
    ],
    [
        0.7953432202339172,
        0.01035582646727562,
        -0.606070876121521,
        0.1870345175266266,
        -0.01084777619689703,
        0.9999370574951172,
        0.0028502773493528366,
        0.014890924096107483,
        0.6060623526573181,
        0.004307573661208153,
        0.7954055070877075,
        2.3925042152404785
    ],
    [
        0.7660256624221802,
        0.010382798500359058,
        -0.6427260041236877,
        0.19699203968048096,
        -0.010903936810791492,
        0.999935507774353,
        0.0031575418543070555,
        0.012932597659528255,
        0.6427175402641296,
        0.004589487332850695,
        0.7660894393920898,
        2.4601995944976807
    ]
]