[
    [
        0.9999534487724304,
        -0.0014102492714300752,
        0.009555144235491753,
        0.032036494463682175,
        0.0015439048875123262,
        0.9999008178710938,
        -0.013994929380714893,
        -0.15215171873569489,
        -0.009534461423754692,
        0.014009029604494572,
        0.9998563528060913,
        0.16522277891635895
    ],
    [
        0.9999262094497681,
        -0.001760512008331716,
        0.012025205418467522,
        0.037267740815877914,
        0.0019241912523284554,
        0.999905526638031,
        -0.013613364659249783,
        -0.1863413155078888,
        -0.012000102549791336,
        0.013635498471558094,
        0.9998350143432617,
        0.291297972202301
    ],
    [
        0.9998940229415894,
        -0.0023195145186036825,
        0.014371927827596664,
        0.04373997449874878,
        0.0025105485692620277,
        0.9999085068702698,
        -0.013288376852869987,
        -0.22188524901866913,
        -0.014339789748191833,
        0.013323050923645496,
        0.9998083710670471,
        0.42170122265815735
    ],
    [
        0.9998502135276794,
        -0.0028224685229361057,
        0.017076391726732254,
        0.05528367683291435,
        0.003045007586479187,
        0.9999105930328369,
        -0.013020070269703865,
        -0.2716398239135742,
        -0.017038116231560707,
        0.013070117682218552,
        0.999769389629364,
        0.5918761491775513
    ],
    [
        0.9998154044151306,
        -0.0031982865184545517,
        0.01894216053187847,
        0.06731963157653809,
        0.0034407691564410925,
        0.999912440776825,
        -0.012782473117113113,
        -0.31759384274482727,
        -0.018899619579315186,
        0.012845290824770927,
        0.999738872051239,
        0.732516348361969
    ],
    [
        0.9997807741165161,
        -0.003688119351863861,
        0.020613085478544235,
        0.08488480001688004,
        0.003944564610719681,
        0.9999151825904846,
        -0.012414137832820415,
        -0.3818153440952301,
        -0.02056555077433586,
        0.012492725625634193,
        0.9997103810310364,
        0.9129810333251953
    ],
    [
        0.999747633934021,
        -0.003972978331148624,
        0.02211223915219307,
        0.09870978444814682,
        0.00424539390951395,
        0.999915599822998,
        -0.012286372482776642,
        -0.4369264543056488,
        -0.022061558440327644,
        0.01237714383751154,
        0.9996800422668457,
        1.059838056564331
    ],
    [
        0.9997221827507019,
        -0.004125464707612991,
        0.02320505678653717,
        0.1120721772313118,
        0.004404258448630571,
        0.9999186396598816,
        -0.01197610329836607,
        -0.4928853511810303,
        -0.0231537576764822,
        0.012074964120984077,
        0.9996589422225952,
        1.2082973718643188
    ],
    [
        0.9996909499168396,
        -0.004426004830747843,
        0.02446221001446247,
        0.12736590206623077,
        0.004704443272203207,
        0.9999247789382935,
        -0.01133658830076456,
        -0.5606011748313904,
        -0.02441019006073475,
        0.011448157019913197,
        0.9996365904808044,
        1.3959243297576904
    ],
    [
        0.9996722936630249,
        -0.0046813576482236385,
        0.02516711875796318,
        0.1394391506910324,
        0.004965508822351694,
        0.9999246001243591,
        -0.011239965446293354,
        -0.6121429204940796,
        -0.025112595409154892,
        0.011361242271959782,
        0.9996201395988464,
        1.5484291315078735
    ],
    [
        0.9996510744094849,
        -0.005033799912780523,
        0.025930222123861313,
        0.1545930653810501,
        0.005323788616806269,
        0.9999238848686218,
        -0.011126571334898472,
        -0.6751320362091064,
        -0.0258722435683012,
        0.011260743252933025,
        0.9996017217636108,
        1.742751121520996
    ],
    [
        0.999640703201294,
        -0.005325936712324619,
        0.026269933208823204,
        0.16682805120944977,
        0.005615025758743286,
        0.9999244213104248,
        -0.01094311848282814,
        -0.7268451452255249,
        -0.026209667325019836,
        0.011086704209446907,
        0.9995949268341064,
        1.901911973953247
    ],
    [
        0.9996224641799927,
        -0.005789387505501509,
        0.026860876008868217,
        0.1804889440536499,
        0.006055253557860851,
        0.9999334216117859,
        -0.009827091358602047,
        -0.7923752069473267,
        -0.026802189648151398,
        0.0099860280752182,
        0.9995909333229065,
        2.1032936573028564
    ],
    [
        0.9996142387390137,
        -0.006258855108171701,
        0.027060382068157196,
        0.191453218460083,
        0.006479574833065271,
        0.9999463558197021,
        -0.008076546713709831,
        -0.8463793396949768,
        -0.027008380740880966,
        0.00824876967817545,
        0.9996011853218079,
        2.2673795223236084
    ],
    [
        0.999614417552948,
        -0.0066865053959190845,
        0.02695057913661003,
        0.20219266414642334,
        0.006867558229714632,
        0.9999544620513916,
        -0.006631022784858942,
        -0.900821328163147,
        -0.026905013248324394,
        0.006813546176999807,
        0.9996148943901062,
        2.43406343460083
    ],
    [
        0.9996201395988464,
        -0.00717036472633481,
        0.02660989575088024,
        0.21506981551647186,
        0.007298868149518967,
        0.9999620914459229,
        -0.004735158756375313,
        -0.9719887375831604,
        -0.026574935764074326,
        0.00492757698521018,
        0.9996346831321716,
        2.6459124088287354
    ],
    [
        0.9996181130409241,
        -0.007682235911488533,
        0.026545120403170586,
        0.2234298437833786,
        0.007775990758091211,
        0.9999639391899109,
        -0.003430691547691822,
        -1.0306583642959595,
        -0.026517806574702263,
        0.0036357196513563395,
        0.9996416568756104,
        2.8164494037628174
    ],
    [
        0.9996355772018433,
        -0.008369291201233864,
        0.02566591650247574,
        0.2356349527835846,
        0.008427177555859089,
        0.9999621510505676,
        -0.0021476636175066233,
        -1.1076263189315796,
        -0.025646977126598358,
        0.0023632666561752558,
        0.9996681809425354,
        3.032761335372925
    ],
    [
        0.9996594786643982,
        -0.008865824900567532,
        0.02454080991446972,
        0.24735596776008606,
        0.008898984640836716,
        0.9999595284461975,
        -0.0012422545114532113,
        -1.1725049018859863,
        -0.024528805166482925,
        0.0014602148439735174,
        0.9996981024742126,
        3.207651376724243
    ],
    [
        0.9996700286865234,
        -0.009273996576666832,
        0.02395416609942913,
        0.2568075954914093,
        0.009262231178581715,
        0.9999569654464722,
        0.000602216343395412,
        -1.2397699356079102,
        -0.02395871840417385,
        -0.0003801171260420233,
        0.9997128844261169,
        3.382568597793579
    ],
    [
        0.9996767640113831,
        -0.010075441561639309,
        0.02334023080766201,
        0.26809197664260864,
        0.009991897270083427,
        0.999943196773529,
        0.0036934101954102516,
        -1.3270306587219238,
        -0.023376114666461945,
        -0.003458911320194602,
        0.9997208118438721,
        3.603074312210083
    ],
    [
        0.9996858835220337,
        -0.01074607390910387,
        0.02263975702226162,
        0.2761370539665222,
        0.0105973519384861,
        0.999921441078186,
        0.006678600795567036,
        -1.398496389389038,
        -0.02270975150167942,
        -0.006436681840568781,
        0.9997214078903198,
        3.7798261642456055
    ],
    [
        0.9997091293334961,
        -0.011132998391985893,
        0.02139260619878769,
        0.28375443816185,
        0.010933395475149155,
        0.9998958110809326,
        0.00942487083375454,
        -1.4888861179351807,
        -0.021495303139090538,
        -0.009188292548060417,
        0.9997267723083496,
        4.002744197845459
    ],
    [
        0.9997125267982483,
        -0.010937480255961418,
        0.021336287260055542,
        0.28492674231529236,
        0.010724733583629131,
        0.9998919367790222,
        0.010059920139610767,
        -1.558289647102356,
        -0.021444015204906464,
        -0.009828363545238972,
        0.9997217059135437,
        4.182741641998291
    ],
    [
        0.9997221827507019,
        -0.010899405926465988,
        0.020899513736367226,
        0.2865366041660309,
        0.010641390457749367,
        0.9998663067817688,
        0.012417339719831944,
        -1.6454716920852661,
        -0.02103206142783165,
        -0.01219154428690672,
        0.9997044801712036,
        4.40772819519043
    ]
]