[
    [
        0.9999286532402039,
        -0.0021105334162712097,
        0.01175957452505827,
        -0.021709907799959183,
        0.0020553225185722113,
        0.9999868273735046,
        0.004705036990344524,
        0.004130000714212656,
        -0.011769350618124008,
        -0.004680531565099955,
        0.9999197721481323,
        -0.20398303866386414
    ],
    [
        0.9999643564224243,
        -0.0020501718390733004,
        0.008191786706447601,
        -0.02024092897772789,
        0.0020297945011407137,
        0.9999948740005493,
        0.002495106542482972,
        0.006004375405609608,
        -0.008196859620511532,
        -0.0024783893022686243,
        0.9999632835388184,
        -0.1402890533208847
    ],
    [
        0.9999938011169434,
        -0.0017216522246599197,
        0.0030901117715984583,
        -0.011055395007133484,
        0.0017211170634254813,
        0.9999985098838806,
        0.00017614955140743405,
        0.006248767953366041,
        -0.0030904109589755535,
        -0.0001708294585114345,
        0.999995231628418,
        -0.05242195725440979
    ],
    [
        0.9999942183494568,
        -0.0006143251666799188,
        -0.003374472027644515,
        0.003253115341067314,
        0.0006081460160203278,
        0.9999982118606567,
        -0.0018318409565836191,
        0.005179102532565594,
        0.003375591244548559,
        0.0018297780770808458,
        0.9999926090240479,
        0.04103109613060951
    ],
    [
        0.9999479055404663,
        -0.0005207572248764336,
        -0.010193479247391224,
        0.02015596814453602,
        0.0004950777511112392,
        0.9999967813491821,
        -0.0025215432979166508,
        0.007731389719992876,
        0.010194757953286171,
        0.0025163653772324324,
        0.9999449253082275,
        0.12224522978067398
    ],
    [
        0.9998847246170044,
        -0.0028067806269973516,
        -0.014926079660654068,
        0.033571746200323105,
        0.0027849795296788216,
        0.9999949932098389,
        -0.0014811556320637465,
        0.010127621702849865,
        0.014930162578821182,
        0.001439416315406561,
        0.9998874664306641,
        0.18272708356380463
    ],
    [
        0.9997950196266174,
        -0.00525657320395112,
        -0.019552340731024742,
        0.0505186952650547,
        0.005246808752417564,
        0.9999860525131226,
        -0.0005506652523763478,
        0.010254819877445698,
        0.01955495961010456,
        0.00044796476140618324,
        0.9998087286949158,
        0.25627753138542175
    ],
    [
        0.9997519850730896,
        -0.006165513768792152,
        -0.02139919623732567,
        0.06507198512554169,
        0.006192516535520554,
        0.9999801516532898,
        0.00119585485663265,
        0.007641827687621117,
        0.02139139734208584,
        -0.0013280733255669475,
        0.9997703433036804,
        0.34031540155410767
    ],
    [
        0.9997811317443848,
        -0.005860715173184872,
        -0.020078590139746666,
        0.07507871091365814,
        0.005923810414969921,
        0.999977707862854,
        0.003084394382312894,
        0.005698213819414377,
        0.020060064271092415,
        -0.0032026623375713825,
        0.9997937083244324,
        0.4310058355331421
    ],
    [
        0.9998340606689453,
        -0.004511518403887749,
        -0.017652230337262154,
        0.08207982778549194,
        0.0045736413449049,
        0.9999834299087524,
        0.003480442799627781,
        -0.00016524405509699136,
        0.017636239528656006,
        -0.0035606001038104296,
        0.99983811378479,
        0.5019504427909851
    ],
    [
        0.9998908042907715,
        -0.005808299873024225,
        -0.013587825931608677,
        0.09414195269346237,
        0.005840438883751631,
        0.9999802112579346,
        0.0023268121294677258,
        -0.001348708989098668,
        0.013574042357504368,
        -0.00240591773763299,
        0.999904990196228,
        0.5824477672576904
    ],
    [
        0.9999066591262817,
        -0.007951212115585804,
        -0.011114047840237617,
        0.11267855763435364,
        0.00797650869935751,
        0.9999657273292542,
        0.002233615843579173,
        0.0015932174865156412,
        0.011095906607806683,
        -0.0023220586590468884,
        0.9999356269836426,
        0.6701465249061584
    ],
    [
        0.9999071955680847,
        -0.009067987091839314,
        -0.010161640122532845,
        0.13773836195468903,
        0.009100914001464844,
        0.9999534487724304,
        0.0031988152768462896,
        0.0005619770963676274,
        0.010132160037755966,
        -0.003290999447926879,
        0.9999432563781738,
        0.770300567150116
    ],
    [
        0.999900221824646,
        -0.009286646731197834,
        -0.0106504550203681,
        0.1621541529893875,
        0.009326297789812088,
        0.9999497532844543,
        0.0036793549079447985,
        -0.00297547853551805,
        0.010615751147270203,
        -0.003778316779062152,
        0.9999364614486694,
        0.8537449836730957
    ],
    [
        0.999908983707428,
        -0.00840645469725132,
        -0.010554489679634571,
        0.19313417375087738,
        0.008435896597802639,
        0.9999606013298035,
        0.002747973660007119,
        -0.00476922607049346,
        0.01053097378462553,
        -0.002836760599166155,
        0.9999406337738037,
        0.9439460039138794
    ],
    [
        0.9999558925628662,
        -0.009040670469403267,
        -0.002542234258726239,
        0.2219378501176834,
        0.009043944999575615,
        0.9999582767486572,
        0.00127930857706815,
        -0.004606717731803656,
        0.0025305631570518017,
        -0.001302244490943849,
        0.9999959468841553,
        1.0322340726852417
    ],
    [
        0.9999188780784607,
        -0.009382558055222034,
        0.008620966225862503,
        0.2464803159236908,
        0.009383593685925007,
        0.9999560117721558,
        -7.964386168168858e-05,
        -0.00868136901408434,
        -0.008619839325547218,
        0.00016053218860179186,
        0.9999629259109497,
        1.1268779039382935
    ],
    [
        0.9997804164886475,
        -0.008564694784581661,
        0.019127601757645607,
        0.2636048197746277,
        0.008596167899668217,
        0.999961793422699,
        -0.001563865807838738,
        -0.017651895061135292,
        -0.019113484770059586,
        0.0017279464518651366,
        0.9998157024383545,
        1.2100154161453247
    ],
    [
        0.9993056058883667,
        -0.009402360767126083,
        0.036055613309144974,
        0.2784195840358734,
        0.00948114413768053,
        0.999953031539917,
        -0.0020146674942225218,
        -0.031032517552375793,
        -0.03603497892618179,
        0.0023551173508167267,
        0.9993477463722229,
        1.3072561025619507
    ],
    [
        0.9985427856445312,
        -0.010431955568492413,
        0.05294846370816231,
        0.29513272643089294,
        0.010601419024169445,
        0.999939501285553,
        -0.002920665545389056,
        -0.036441534757614136,
        -0.052914783358573914,
        0.003477738006040454,
        0.9985930919647217,
        1.4018584489822388
    ],
    [
        0.9974239468574524,
        -0.011226000264286995,
        0.07084880769252777,
        0.31299611926078796,
        0.01148073747754097,
        0.9999290704727173,
        -0.00318931438960135,
        -0.04231884330511093,
        -0.07080797851085663,
        0.003994495142251253,
        0.9974820613861084,
        1.5044020414352417
    ],
    [
        0.9963238835334778,
        -0.011371076107025146,
        0.08490864932537079,
        0.33063840866088867,
        0.01165826991200447,
        0.9999278783798218,
        -0.0028872769325971603,
        -0.048549216240644455,
        -0.08486969769001007,
        0.003866549814119935,
        0.9963846206665039,
        1.5960475206375122
    ],
    [
        0.9949179887771606,
        -0.010730993002653122,
        0.10011531412601471,
        0.3561916649341583,
        0.011093144305050373,
        0.9999337792396545,
        -0.0030613206326961517,
        -0.05718010663986206,
        -0.10007584095001221,
        0.004156356677412987,
        0.9949710369110107,
        1.7066854238510132
    ],
    [
        0.993363618850708,
        -0.009036182425916195,
        0.11466021835803986,
        0.38696151971817017,
        0.009540077298879623,
        0.9999471306800842,
        -0.0038466807454824448,
        -0.06242316961288452,
        -0.11461940407752991,
        0.004915020894259214,
        0.9933974146842957,
        1.812354564666748
    ],
    [
        0.9918627738952637,
        -0.008760866709053516,
        0.12701010704040527,
        0.41917717456817627,
        0.009267602115869522,
        0.9999512434005737,
        -0.0033993208780884743,
        -0.062382299453020096,
        -0.12697413563728333,
        0.004548740107566118,
        0.9918955564498901,
        1.9115411043167114
    ]
]