[
    [
        0.9999997019767761,
        -0.00021199070033617318,
        0.000700753356795758,
        -0.010356561280786991,
        0.00021279930660966784,
        0.9999994039535522,
        -0.0011550402268767357,
        0.06704626232385635,
        -0.0007005076622590423,
        0.0011551888892427087,
        0.9999990463256836,
        -0.16762566566467285
    ],
    [
        0.9999992251396179,
        -0.00021599739557132125,
        0.0011966659221798182,
        -0.012692336924374104,
        0.00021729459695052356,
        0.9999994039535522,
        -0.0010843268828466535,
        0.07950179278850555,
        -0.0011964311124756932,
        0.0010845863725990057,
        0.9999986886978149,
        -0.21452240645885468
    ],
    [
        0.9999991655349731,
        -0.00044522745884023607,
        0.0012260942021384835,
        -0.014346405863761902,
        0.0004463965306058526,
        0.999999463558197,
        -0.000953764421865344,
        0.09287405014038086,
        -0.0012256684713065624,
        0.0009543114574626088,
        0.9999986886978149,
        -0.26531368494033813
    ],
    [
        0.9999988079071045,
        -0.00029001545044593513,
        0.0015576541190966964,
        -0.01578676514327526,
        0.00029153161449357867,
        0.9999995231628418,
        -0.0009728481527417898,
        0.10592483729124069,
        -0.001557371229864657,
        0.0009733008919283748,
        0.9999983310699463,
        -0.31156614422798157
    ],
    [
        0.9999979734420776,
        -0.00038879289058968425,
        0.0019925907254219055,
        -0.017806094139814377,
        0.00039040620322339237,
        0.9999995827674866,
        -0.0008092537755146623,
        0.12081167101860046,
        -0.001992275705561042,
        0.0008100292761810124,
        0.9999977350234985,
        -0.36128562688827515
    ],
    [
        0.9999976754188538,
        -0.0007232230273075402,
        0.002048949245363474,
        -0.01952597312629223,
        0.0007244660519063473,
        0.9999995231628418,
        -0.0006059670122340322,
        0.1345880627632141,
        -0.002048509893938899,
        0.0006074499688111246,
        0.9999977350234985,
        -0.4071626365184784
    ],
    [
        0.9999973177909851,
        -0.0005692449049092829,
        0.00229447428137064,
        -0.02221413515508175,
        0.0005708471871912479,
        0.9999996423721313,
        -0.000697667186614126,
        0.14901594817638397,
        -0.0022940770722925663,
        0.0006989748799242079,
        0.9999971389770508,
        -0.4570160508155823
    ],
    [
        0.9999964237213135,
        -0.0008328938856720924,
        0.0025421734899282455,
        -0.02424461767077446,
        0.0008349361014552414,
        0.9999993443489075,
        -0.0008027274161577225,
        0.16321098804473877,
        -0.0025415029376745224,
        0.0008048477466218174,
        0.999996542930603,
        -0.5068475008010864
    ],
    [
        0.9999958276748657,
        -0.0009843064472079277,
        0.0027150472160428762,
        -0.026616035029292107,
        0.0009869454661384225,
        0.9999990463256836,
        -0.0009710144368000329,
        0.17660890519618988,
        -0.0027140886522829533,
        0.0009736905340105295,
        0.9999958276748657,
        -0.5529223084449768
    ],
    [
        0.9999955892562866,
        -0.0008219029987230897,
        0.0028582923114299774,
        -0.028775058686733246,
        0.0008247710065916181,
        0.9999992251396179,
        -0.0010023701470345259,
        0.19117547571659088,
        -0.002857465762645006,
        0.0010047231335192919,
        0.9999954700469971,
        -0.6030345559120178
    ],
    [
        0.9999944567680359,
        -0.0008379961946047843,
        0.003209587186574936,
        -0.03075745701789856,
        0.0008409508154727519,
        0.9999992847442627,
        -0.0009193760924972594,
        0.20461633801460266,
        -0.003208814188838005,
        0.0009220701758749783,
        0.9999945163726807,
        -0.6485581994056702
    ],
    [
        0.9999940991401672,
        -0.0009398150723427534,
        0.0033084384631365538,
        -0.03375774994492531,
        0.0009432020597159863,
        0.9999990463256836,
        -0.0010223396820947528,
        0.21955125033855438,
        -0.003307474311441183,
        0.0010254534427076578,
        0.9999940395355225,
        -0.6978265047073364
    ],
    [
        0.9999937415122986,
        -0.0009767160518094897,
        0.00341201014816761,
        -0.03655438870191574,
        0.0009802441345527768,
        0.9999990463256836,
        -0.0010324770119041204,
        0.23418620228767395,
        -0.0034109982661902905,
        0.0010358152212575078,
        0.9999936819076538,
        -0.7469374537467957
    ],
    [
        0.9999939799308777,
        -0.0007211152696982026,
        0.003381705842912197,
        -0.039168160408735275,
        0.0007256887038238347,
        0.9999988675117493,
        -0.0013514612801373005,
        0.24740834534168243,
        -0.003380727954208851,
        0.0013539071660488844,
        0.9999934434890747,
        -0.7921208739280701
    ],
    [
        0.9999934434890747,
        -0.0007031710119917989,
        0.0035593139473348856,
        -0.04160995036363602,
        0.000708254985511303,
        0.9999988079071045,
        -0.0014273124979808927,
        0.26223495602607727,
        -0.0035583055578172207,
        0.0014298235764726996,
        0.9999926090240479,
        -0.8408126831054688
    ],
    [
        0.9999939799308777,
        -0.0007938069174997509,
        0.003406025003641844,
        -0.043800584971904755,
        0.0007989152218215168,
        0.9999985694885254,
        -0.001498935162089765,
        0.2756027281284332,
        -0.0034048305824398994,
        0.0015016470570117235,
        0.999993085861206,
        -0.8855082392692566
    ],
    [
        0.9999943971633911,
        -0.0008319358457811177,
        0.0032443141099065542,
        -0.04576660692691803,
        0.0008365281973965466,
        0.9999986886978149,
        -0.0014146830653771758,
        0.29097941517829895,
        -0.003243132494390011,
        0.001417389023117721,
        0.9999936819076538,
        -0.9346880316734314
    ],
    [
        0.9999952912330627,
        -0.0007757902494631708,
        0.0030056284740567207,
        -0.04743674397468567,
        0.0007808659574948251,
        0.9999983310699463,
        -0.001687666168436408,
        0.304827481508255,
        -0.0030043136794120073,
        0.0016900049522519112,
        0.9999940395355225,
        -0.9803396463394165
    ],
    [
        0.9999957084655762,
        -0.0006335424259305,
        0.002854111837223172,
        -0.048217158764600754,
        0.0006387676694430411,
        0.9999982118606567,
        -0.0018300206866115332,
        0.319655179977417,
        -0.002852947451174259,
        0.0018318373477086425,
        0.9999942779541016,
        -1.0309343338012695
    ],
    [
        0.9999951720237732,
        -0.0005607812199741602,
        0.003085924545302987,
        -0.04931460693478584,
        0.000567797920666635,
        0.9999973177909851,
        -0.002273434540256858,
        0.33383437991142273,
        -0.003084639785811305,
        0.002275169128552079,
        0.9999927282333374,
        -1.0822354555130005
    ],
    [
        0.9999953508377075,
        -0.0004588790179695934,
        0.00300632999278605,
        -0.05040357634425163,
        0.0004668520123232156,
        0.9999964237213135,
        -0.0026519319508224726,
        0.34758681058883667,
        -0.0030051013454794884,
        0.002653316128998995,
        0.9999920129776001,
        -1.1293599605560303
    ],
    [
        0.9999946355819702,
        -0.0003098481392953545,
        0.003275710390880704,
        -0.05285976454615593,
        0.0003191529249306768,
        0.9999960064888,
        -0.0028404437471181154,
        0.36229705810546875,
        -0.003274815622717142,
        0.002841469831764698,
        0.9999905824661255,
        -1.1805973052978516
    ],
    [
        0.9999942183494568,
        -5.7030392781598493e-05,
        0.0034096864983439445,
        -0.05499718338251114,
        6.742458208464086e-05,
        0.9999953508377075,
        -0.0030482118017971516,
        0.3750707805156708,
        -0.003409497207030654,
        0.003048431361094117,
        0.9999895095825195,
        -1.227599859237671
    ],
    [
        0.9999932050704956,
        0.0001027038597385399,
        0.003698965534567833,
        -0.058049824088811874,
        -9.149916877504438e-05,
        0.9999954700469971,
        -0.0030292191077023745,
        0.38924455642700195,
        -0.0036992602981626987,
        0.0030288647394627333,
        0.9999885559082031,
        -1.2781342267990112
    ],
    [
        0.9999909996986389,
        0.0003806792665272951,
        0.004232264589518309,
        -0.06254598498344421,
        -0.0003677697677630931,
        0.9999953508377075,
        -0.003050564555451274,
        0.40316951274871826,
        -0.0042334059253335,
        0.0030489745549857616,
        0.9999864101409912,
        -1.327571988105774
    ]
]