[
    [
        0.9999794960021973,
        -0.0017161748837679625,
        -0.0061719524674117565,
        -0.001617426984012127,
        0.0017316930461674929,
        0.9999953508377075,
        0.00250982865691185,
        -0.0024564519990235567,
        0.006167616229504347,
        -0.0025204652920365334,
        0.9999778270721436,
        0.07187730073928833
    ],
    [
        0.9998077750205994,
        -0.0034792704973369837,
        -0.019295690581202507,
        0.024532252922654152,
        0.003396086860448122,
        0.999984860420227,
        -0.004342124331742525,
        0.001397917396388948,
        0.01931050419807434,
        0.004275759216398001,
        0.9998044371604919,
        0.14546993374824524
    ],
    [
        0.9994958639144897,
        -0.0008060969994403422,
        -0.03174065425992012,
        0.05081142485141754,
        0.0003762731794267893,
        0.9999082088470459,
        -0.013545393943786621,
        0.0012500898446887732,
        0.03174865245819092,
        0.013526621274650097,
        0.9994043111801147,
        0.24792182445526123
    ],
    [
        0.9991504549980164,
        0.006976459175348282,
        -0.04061780497431755,
        0.06624605506658554,
        -0.007637436501681805,
        0.9998405575752258,
        -0.016140731051564217,
        0.008445166982710361,
        0.04049872234463692,
        0.016437234356999397,
        0.9990443587303162,
        0.366710901260376
    ],
    [
        0.9987343549728394,
        0.01889357529580593,
        -0.046613339334726334,
        0.07490038871765137,
        -0.019830603152513504,
        0.9996088743209839,
        -0.01972227543592453,
        0.007149068173021078,
        0.04622247442603111,
        0.020621681585907936,
        0.9987183809280396,
        0.5081908106803894
    ],
    [
        0.9981946349143982,
        0.027299461886286736,
        -0.05349994823336601,
        0.08067517727613449,
        -0.02901555597782135,
        0.9990804195404053,
        -0.03156665712594986,
        0.01726125366985798,
        0.052588991820812225,
        0.03306199610233307,
        0.9980687499046326,
        0.6357784271240234
    ],
    [
        0.9980419874191284,
        0.027388906106352806,
        -0.056232985109090805,
        0.09116438031196594,
        -0.029400363564491272,
        0.9989455938339233,
        -0.03525987267494202,
        0.019983461126685143,
        0.05520796403288841,
        0.036844104528427124,
        0.9977948665618896,
        0.769084095954895
    ],
    [
        0.9979169368743896,
        0.021042438223958015,
        -0.060983095318078995,
        0.10483556240797043,
        -0.02317909337580204,
        0.999134361743927,
        -0.03454376757144928,
        0.02582983486354351,
        0.060203421860933304,
        0.035885345190763474,
        0.9975408315658569,
        0.926409900188446
    ],
    [
        0.9980989098548889,
        0.008495897985994816,
        -0.061043985188007355,
        0.12556342780590057,
        -0.010630989447236061,
        0.9993399977684021,
        -0.03473706915974617,
        0.03852640092372894,
        0.06070857122540474,
        0.035319987684488297,
        0.9975303411483765,
        1.0761218070983887
    ],
    [
        0.9981339573860168,
        0.001442463370040059,
        -0.06104437634348869,
        0.13477972149848938,
        -0.0031387845519930124,
        0.9996113181114197,
        -0.027701571583747864,
        0.045947954058647156,
        0.06098069250583649,
        0.027841486036777496,
        0.9977505803108215,
        1.2268140316009521
    ],
    [
        0.9976997971534729,
        -0.003235509153455496,
        -0.06770922243595123,
        0.14185833930969238,
        0.0017437641508877277,
        0.9997546076774597,
        -0.022079147398471832,
        0.03736511990427971,
        0.0677640438079834,
        0.02191029116511345,
        0.9974607229232788,
        1.3886338472366333
    ],
    [
        0.9972655773162842,
        -0.0064522577449679375,
        -0.07361806184053421,
        0.1536148190498352,
        0.004836362320929766,
        0.9997438788414001,
        -0.022106913849711418,
        0.039521295577287674,
        0.0737418606877327,
        0.021690422669053078,
        0.9970415234565735,
        1.527241826057434
    ],
    [
        0.9967395663261414,
        -0.008182618767023087,
        -0.08026933670043945,
        0.1754610389471054,
        0.006631367839872837,
        0.9997864365577698,
        -0.019573159515857697,
        0.04813484475016594,
        0.080412358045578,
        0.018977047875523567,
        0.9965810179710388,
        1.6970164775848389
    ],
    [
        0.996100664138794,
        -0.006455627270042896,
        -0.08798741549253464,
        0.1982792168855667,
        0.00436474708840251,
        0.9997039437294006,
        -0.023935118690133095,
        0.05395077168941498,
        0.0881158858537674,
        0.02345774509012699,
        0.9958339929580688,
        1.8595385551452637
    ],
    [
        0.99555903673172,
        0.0011938950046896935,
        -0.09413180500268936,
        0.2137182205915451,
        -0.0036665864754468203,
        0.999652624130249,
        -0.026099814102053642,
        0.05923072248697281,
        0.09406795352697372,
        0.02632904425263405,
        0.995217502117157,
        2.0104196071624756
    ],
    [
        0.994400680065155,
        0.010545690543949604,
        -0.10514720529317856,
        0.23787903785705566,
        -0.014136268757283688,
        0.9993400573730469,
        -0.033461522310972214,
        0.06035715341567993,
        0.1047249436378479,
        0.03476055711507797,
        0.993893563747406,
        2.1646101474761963
    ],
    [
        0.9930831789970398,
        0.01664119027554989,
        -0.1162271723151207,
        0.26587027311325073,
        -0.02220991998910904,
        0.9986581206321716,
        -0.04678284376859665,
        0.08375325798988342,
        0.11529270559549332,
        0.04904065281152725,
        0.9921201467514038,
        2.305899143218994
    ],
    [
        0.9913589954376221,
        0.015402225777506828,
        -0.13026893138885498,
        0.30529677867889404,
        -0.02210051752626896,
        0.9984980225563049,
        -0.050130538642406464,
        0.09737015515565872,
        0.12930114567279816,
        0.052576374262571335,
        0.9902105331420898,
        2.437359094619751
    ],
    [
        0.9897082448005676,
        0.007633592002093792,
        -0.14289605617523193,
        0.35712549090385437,
        -0.015311847440898418,
        0.998492419719696,
        -0.0527108833193779,
        0.109114870429039,
        0.142278254032135,
        0.054356396198272705,
        0.9883331060409546,
        2.57116961479187
    ],
    [
        0.9881377220153809,
        0.007780211977660656,
        -0.15337325632572174,
        0.3851524591445923,
        -0.014819452539086342,
        0.9988856911659241,
        -0.044806476682424545,
        0.12884008884429932,
        0.15285374224185944,
        0.046547871083021164,
        0.9871519207954407,
        2.6993815898895264
    ],
    [
        0.9851920008659363,
        0.013100086711347103,
        -0.17095358669757843,
        0.3995227813720703,
        -0.017549769952893257,
        0.9995446801185608,
        -0.024543320760130882,
        0.14454221725463867,
        0.1705542504787445,
        0.027180079370737076,
        0.9849733114242554,
        2.8569698333740234
    ],
    [
        0.9809041619300842,
        0.014371165074408054,
        -0.1939605176448822,
        0.42157143354415894,
        -0.017125630751252174,
        0.9997747540473938,
        -0.012531865388154984,
        0.14835742115974426,
        0.19373659789562225,
        0.015614247880876064,
        0.9809292554855347,
        2.997981071472168
    ],
    [
        0.9756852984428406,
        0.011025628075003624,
        -0.2188987135887146,
        0.4494950771331787,
        -0.012976187281310558,
        0.9998878240585327,
        -0.007475004997104406,
        0.1561853289604187,
        0.21879152953624725,
        0.010133719071745872,
        0.9757189750671387,
        3.1236164569854736
    ],
    [
        0.967785120010376,
        0.004365007858723402,
        -0.2517399191856384,
        0.48403748869895935,
        -0.008009843528270721,
        0.9998774528503418,
        -0.013455631211400032,
        0.16287881135940552,
        0.251650333404541,
        0.01503855548799038,
        0.9677014350891113,
        3.25022029876709
    ],
    [
        0.9579486846923828,
        -0.004351714160293341,
        -0.2869064509868622,
        0.5224432349205017,
        -0.004386271815747023,
        0.9995461106300354,
        -0.029806097969412804,
        0.1682397723197937,
        0.28690606355667114,
        0.029811158776283264,
        0.9574947357177734,
        3.3622450828552246
    ]
]