[
    [
        0.9999735951423645,
        -0.000837353989481926,
        0.007223515305668116,
        0.030441289767622948,
        0.0008223800687119365,
        0.9999974966049194,
        0.002075665397569537,
        -0.00368731701746583,
        -0.00722523545846343,
        -0.0020696695428341627,
        0.9999717473983765,
        0.003827620530501008
    ],
    [
        0.9999722838401794,
        -0.0009306721622124314,
        0.007390930317342281,
        0.03637927398085594,
        0.0009127350058406591,
        0.9999967217445374,
        0.002429898828268051,
        -0.0040196762420237064,
        -0.007393167354166508,
        -0.0024230850394815207,
        0.9999698400497437,
        0.004247027449309826
    ],
    [
        0.9999709129333496,
        -0.0011859918013215065,
        0.007534218952059746,
        0.04245617613196373,
        0.0011667943326756358,
        0.9999961256980896,
        0.0025518094189465046,
        -0.003985061775892973,
        -0.007537215482443571,
        -0.00254294415935874,
        0.999968409538269,
        0.004662566818296909
    ],
    [
        0.999970555305481,
        -0.0012818181421607733,
        0.007571259513497353,
        0.04867049679160118,
        0.0012625213712453842,
        0.9999960064888,
        0.002552926540374756,
        -0.004273679107427597,
        -0.007574500981718302,
        -0.0025432922411710024,
        0.9999681711196899,
        0.005209178198128939
    ],
    [
        0.9999704957008362,
        -0.0015861783176660538,
        0.007511184550821781,
        0.05613279715180397,
        0.0015665494138374925,
        0.9999952912330627,
        0.002618388971313834,
        -0.004158503841608763,
        -0.007515303324908018,
        -0.0026065451093018055,
        0.999968409538269,
        0.005954208318144083
    ],
    [
        0.9999704360961914,
        -0.0017665483755990863,
        0.007490984629839659,
        0.061711858958005905,
        0.0017455859342589974,
        0.9999945759773254,
        0.0028039352037012577,
        -0.004378640558570623,
        -0.007495897822082043,
        -0.0027907758485525846,
        0.9999679327011108,
        0.006267871707677841
    ],
    [
        0.9999687075614929,
        -0.0020034012850373983,
        0.007656830828636885,
        0.06861979514360428,
        0.001982369925826788,
        0.9999942779541016,
        0.002753455890342593,
        -0.004225277341902256,
        -0.007662303280085325,
        -0.0027381908148527145,
        0.9999668598175049,
        0.006981814745813608
    ],
    [
        0.9999678134918213,
        -0.0023132634814828634,
        0.007690940052270889,
        0.07508870959281921,
        0.0022922127973288298,
        0.9999935626983643,
        0.0027447319589555264,
        -0.004339869134128094,
        -0.007697240449488163,
        -0.002727014012634754,
        0.9999666213989258,
        0.0074720787815749645
    ],
    [
        0.9999662637710571,
        -0.002614955184981227,
        0.0077933017164468765,
        0.08184643089771271,
        0.0025930721312761307,
        0.9999927282333374,
        0.0028166919946670532,
        -0.004416849929839373,
        -0.007800611201673746,
        -0.002796388464048505,
        0.9999656677246094,
        0.007944599725306034
    ],
    [
        0.9999655485153198,
        -0.002768291160464287,
        0.0078303012996912,
        0.08848869800567627,
        0.002746428130194545,
        0.999992311000824,
        0.002801475115120411,
        -0.004430167376995087,
        -0.007837996818125248,
        -0.002779873088002205,
        0.9999654293060303,
        0.008347924798727036
    ],
    [
        0.9999644756317139,
        -0.003131520701572299,
        0.007835396565496922,
        0.09527275711297989,
        0.0031082744244486094,
        0.999990701675415,
        0.0029772985726594925,
        -0.004552467726171017,
        -0.007844647392630577,
        -0.0029528383165597916,
        0.9999648332595825,
        0.008853394538164139
    ],
    [
        0.9999616742134094,
        -0.0035057824570685625,
        0.008035251870751381,
        0.10175526142120361,
        0.003480772953480482,
        0.9999891519546509,
        0.0031243693083524704,
        -0.004653153009712696,
        -0.008046116679906845,
        -0.0030962806195020676,
        0.9999629259109497,
        0.009302963502705097
    ],
    [
        0.9999592304229736,
        -0.0038383910432457924,
        0.008179733529686928,
        0.10808486491441727,
        0.0038128811866045,
        0.999987781047821,
        0.0031319931149482727,
        -0.004628711845725775,
        -0.008191653527319431,
        -0.0031006771605461836,
        0.9999617338180542,
        0.009771151468157768
    ],
    [
        0.9999571442604065,
        -0.00409856578335166,
        0.008296615444123745,
        0.11446858942508698,
        0.004071461036801338,
        0.9999863505363464,
        0.003281252458691597,
        -0.004742196295410395,
        -0.008309949189424515,
        -0.0032473315950483084,
        0.9999603033065796,
        0.010223571211099625
    ],
    [
        0.9999554753303528,
        -0.004335121717303991,
        0.00837656483054161,
        0.12094669789075851,
        0.004305627662688494,
        0.9999843835830688,
        0.003535869298502803,
        -0.004993878770619631,
        -0.008391764014959335,
        -0.003499645972624421,
        0.9999586343765259,
        0.010664008557796478
    ],
    [
        0.9999536275863647,
        -0.004683264065533876,
        0.008421502076089382,
        0.12754936516284943,
        0.00465221656486392,
        0.9999823570251465,
        0.0037025618366897106,
        -0.004948143381625414,
        -0.00843869335949421,
        -0.003663210431113839,
        0.9999576807022095,
        0.011125816032290459
    ],
    [
        0.999950110912323,
        -0.0051837158389389515,
        0.008543708361685276,
        0.1340184062719345,
        0.0051506501622498035,
        0.9999791979789734,
        0.003887668950483203,
        -0.00485180364921689,
        -0.008563685230910778,
        -0.0038434697780758142,
        0.9999560117721558,
        0.011586835607886314
    ],
    [
        0.9999445676803589,
        -0.0058397818356752396,
        0.008759240619838238,
        0.14042730629444122,
        0.005802832543849945,
        0.9999741315841675,
        0.004237764049321413,
        -0.004941405262798071,
        -0.008783761411905289,
        -0.004186701495200396,
        0.9999526739120483,
        0.012143044732511044
    ],
    [
        0.9999403953552246,
        -0.006355627905577421,
        0.008885432966053486,
        0.146546870470047,
        0.0063162632286548615,
        0.9999701976776123,
        0.004451241809874773,
        -0.005020699929445982,
        -0.00891345739364624,
        -0.004394852556288242,
        0.999950647354126,
        0.012539644725620747
    ],
    [
        0.9999383687973022,
        -0.006688488647341728,
        0.008865512907505035,
        0.15241780877113342,
        0.006648834329098463,
        0.9999677538871765,
        0.004494821652770042,
        -0.005011650733649731,
        -0.00889529101550579,
        -0.004435598850250244,
        0.999950647354126,
        0.012983769178390503
    ],
    [
        0.9999358057975769,
        -0.006945486646145582,
        0.00895626749843359,
        0.15836124122142792,
        0.00690498249605298,
        0.9999657869338989,
        0.004545510280877352,
        -0.00492830527946353,
        -0.008987531065940857,
        -0.004483375232666731,
        0.99994957447052,
        0.013412467204034328
    ],
    [
        0.9999330639839172,
        -0.007237858604639769,
        0.009031667374074459,
        0.1644890308380127,
        0.007193902973085642,
        0.9999622106552124,
        0.004889929201453924,
        -0.005194864235818386,
        -0.009066719561815262,
        -0.004824629053473473,
        0.9999473094940186,
        0.013732437044382095
    ],
    [
        0.9999289512634277,
        -0.0076294830068945885,
        0.009157608263194561,
        0.17065003514289856,
        0.0075833904556930065,
        0.9999584555625916,
        0.005057426635175943,
        -0.005150433164089918,
        -0.009195813909173012,
        -0.004987621214240789,
        0.9999452829360962,
        0.014173945412039757
    ],
    [
        0.9999250173568726,
        -0.0079865837469697,
        0.009290815331041813,
        0.176897794008255,
        0.007938338443636894,
        0.9999549388885498,
        0.005218049045652151,
        -0.00535551505163312,
        -0.009332070127129555,
        -0.005143904127180576,
        0.9999432563781738,
        0.014630965888500214
    ],
    [
        0.999920666217804,
        -0.008392835035920143,
        0.009397175163030624,
        0.18507704138755798,
        0.008344056084752083,
        0.9999514818191528,
        0.0052179298363626,
        -0.00528468145057559,
        -0.009440513327717781,
        -0.00513910548761487,
        0.9999421834945679,
        0.015180611051619053
    ]
]