[
    [
        0.999919593334198,
        -0.0011924419086426497,
        0.012620925903320312,
        -0.0450625866651535,
        0.0012127511436119676,
        0.9999980330467224,
        -0.0016016355948522687,
        0.014899375848472118,
        -0.012618990615010262,
        0.0016168132424354553,
        0.999919056892395,
        0.3841380178928375
    ],
    [
        0.9995828866958618,
        -0.002153269248083234,
        0.028798379004001617,
        -0.09057880192995071,
        0.002210155362263322,
        0.999995768070221,
        -0.0019436348229646683,
        0.017912494018673897,
        -0.028794070705771446,
        0.0020064720883965492,
        0.9995833039283752,
        0.5561313629150391
    ],
    [
        0.9988020062446594,
        -0.002587422728538513,
        0.04886574670672417,
        -0.13384953141212463,
        0.002701725112274289,
        0.9999938011169434,
        -0.002273211721330881,
        0.014022271148860455,
        -0.04885955527424812,
        0.002402510493993759,
        0.9988027811050415,
        0.721250593662262
    ],
    [
        0.9973877668380737,
        -0.004052127245813608,
        0.07211901992559433,
        -0.18000152707099915,
        0.004236670210957527,
        0.9999881386756897,
        -0.002406090497970581,
        0.017707016319036484,
        -0.07210840284824371,
        0.002705349586904049,
        0.9973931312561035,
        0.9130767583847046
    ],
    [
        0.9955258965492249,
        -0.005550197791308165,
        0.0943264439702034,
        -0.20206919312477112,
        0.005774496588855982,
        0.9999810457229614,
        -0.002105125691741705,
        0.009863774292171001,
        -0.09431298077106476,
        0.0026403949595987797,
        0.9955391883850098,
        1.0942033529281616
    ],
    [
        0.9927042126655579,
        -0.0071860142052173615,
        0.12036098539829254,
        -0.20885513722896576,
        0.007566904183477163,
        0.9999677538871765,
        -0.002707819687202573,
        0.004371883813291788,
        -0.12033765763044357,
        0.0035988246090710163,
        0.9927265048027039,
        1.2538974285125732
    ],
    [
        0.9887512922286987,
        -0.009210712276399136,
        0.14928528666496277,
        -0.2127590924501419,
        0.009729367680847645,
        0.9999488592147827,
        -0.0027442954014986753,
        0.004563495051115751,
        -0.14925239980220795,
        0.004165876656770706,
        0.9887903928756714,
        1.434971809387207
    ],
    [
        0.9845041036605835,
        -0.010233084671199322,
        0.17506304383277893,
        -0.21617449820041656,
        0.01093659084290266,
        0.999935507774353,
        -0.003054290544241667,
        -0.008219352923333645,
        -0.1750205159187317,
        0.004921553656458855,
        0.9845525622367859,
        1.586633324623108
    ],
    [
        0.9799146056175232,
        -0.011945066042244434,
        0.1990598440170288,
        -0.2163522094488144,
        0.012834591791033745,
        0.9999125599861145,
        -0.0031788533087819815,
        -0.012538230046629906,
        -0.19900448620319366,
        0.005669856444001198,
        0.9799822568893433,
        1.7233811616897583
    ],
    [
        0.974687397480011,
        -0.013391764834523201,
        0.2231706976890564,
        -0.19771112501621246,
        0.014320343732833862,
        0.9998942613601685,
        -0.0025429464876651764,
        -0.010158734396100044,
        -0.2231130450963974,
        0.0056744590401649475,
        0.974776029586792,
        1.8911492824554443
    ],
    [
        0.9697293043136597,
        -0.015384310856461525,
        0.24369750916957855,
        -0.15819647908210754,
        0.016181645914912224,
        0.9998682737350464,
        -0.001270148204639554,
        -0.018590373918414116,
        -0.24364587664604187,
        0.00517512671649456,
        0.9698503613471985,
        2.056730270385742
    ],
    [
        0.9643727540969849,
        -0.017010124400258064,
        0.26399967074394226,
        -0.11621800065040588,
        0.01789148896932602,
        0.9998394846916199,
        -0.0009343603742308915,
        -0.021646831184625626,
        -0.2639414072036743,
        0.005624418146908283,
        0.9645224213600159,
        2.2074012756347656
    ],
    [
        0.9579583406448364,
        -0.018041932955384254,
        0.2863396108150482,
        -0.06896526366472244,
        0.018996093422174454,
        0.9998194575309753,
        -0.0005545506137423217,
        -0.022206593304872513,
        -0.2862778604030609,
        0.005970570258796215,
        0.9581281542778015,
        2.38315486907959
    ],
    [
        0.9514909386634827,
        -0.01861337386071682,
        0.3071131408214569,
        -0.03181904926896095,
        0.019620081409811974,
        0.9998074769973755,
        -0.0001906207180581987,
        -0.023878809064626694,
        -0.3070504367351532,
        0.006206958554685116,
        0.9516729712486267,
        2.545600175857544
    ],
    [
        0.9443363547325134,
        -0.019215717911720276,
        0.3284200131893158,
        0.00019423657795414329,
        0.020539969205856323,
        0.9997888803482056,
        -0.0005632385145872831,
        -0.029444437474012375,
        -0.3283398747444153,
        0.007277623750269413,
        0.9445315003395081,
        2.6834044456481934
    ],
    [
        0.9376934766769409,
        -0.019900543615221977,
        0.3468936085700989,
        0.04662291333079338,
        0.021520834416151047,
        0.999768078327179,
        -0.0008187489584088326,
        -0.032778628170490265,
        -0.34679630398750305,
        0.00823317002505064,
        0.9379042387008667,
        2.839700222015381
    ],
    [
        0.933641254901886,
        -0.02057419903576374,
        0.35761815309524536,
        0.10150845348834991,
        0.022130675613880157,
        0.9997549653053284,
        -0.000259917025687173,
        -0.037709712982177734,
        -0.35752519965171814,
        0.008157001808285713,
        0.9338678121566772,
        2.9799623489379883
    ],
    [
        0.9313364028930664,
        -0.020756833255290985,
        0.3635680377483368,
        0.14701029658317566,
        0.022665373980998993,
        0.9997425079345703,
        -0.0009835805976763368,
        -0.04424213618040085,
        -0.36345380544662476,
        0.009156454354524612,
        0.9315670132637024,
        3.0995829105377197
    ],
    [
        0.9295911192893982,
        -0.020468175411224365,
        0.3680236339569092,
        0.1911015659570694,
        0.022555939853191376,
        0.9997446537017822,
        -0.0013718106783926487,
        -0.04878553748130798,
        -0.36790168285369873,
        0.009576342068612576,
        0.9298154711723328,
        3.22497820854187
    ],
    [
        0.9280645251274109,
        -0.020456038415431976,
        0.3718571066856384,
        0.22604256868362427,
        0.022622037678956985,
        0.9997429251670837,
        -0.0014627472264692187,
        -0.049565769731998444,
        -0.371731698513031,
        0.009769697673618793,
        0.9282886385917664,
        3.339912176132202
    ],
    [
        0.9264774918556213,
        -0.019913451746106148,
        0.375823050737381,
        0.2559218406677246,
        0.02219514176249504,
        0.9997521638870239,
        -0.001742267282679677,
        -0.05910240113735199,
        -0.37569496035575867,
        0.009955618530511856,
        0.9266899228096008,
        3.435803174972534
    ],
    [
        0.9247214198112488,
        -0.019999152049422264,
        0.3801189363002777,
        0.28993019461631775,
        0.022289767861366272,
        0.9997502565383911,
        -0.0016249270411208272,
        -0.058836158365011215,
        -0.37999144196510315,
        0.009975369088351727,
        0.924936056137085,
        3.548823833465576
    ],
    [
        0.9234956502914429,
        -0.02025950886309147,
        0.38307344913482666,
        0.33268001675605774,
        0.022080212831497192,
        0.9997560381889343,
        -0.000356093340087682,
        -0.0652543380856514,
        -0.3829728960990906,
        0.00878719799220562,
        0.923717737197876,
        3.676561117172241
    ],
    [
        0.9229460954666138,
        -0.02001654915511608,
        0.38440877199172974,
        0.3774712383747101,
        0.021851884201169014,
        0.9997612237930298,
        -0.00040671101305633783,
        -0.07039140909910202,
        -0.38430848717689514,
        0.008775421418249607,
        0.9231629967689514,
        3.7891886234283447
    ],
    [
        0.9230303764343262,
        -0.01956920698285103,
        0.38422927260398865,
        0.41943007707595825,
        0.021406864747405052,
        0.9997707009315491,
        -0.0005061121773906052,
        -0.0735006108880043,
        -0.3841310441493988,
        0.008692293427884579,
        0.9232377409934998,
        3.908846378326416
    ]
]