[
    [
        0.9999884366989136,
        -0.0047410642728209496,
        -0.00083234126213938,
        0.0014348283875733614,
        0.004745333921164274,
        0.9999752640724182,
        0.00520508224144578,
        -0.015883997082710266,
        0.0008076427038758993,
        -0.005208970978856087,
        0.9999861717224121,
        0.0345785915851593
    ],
    [
        0.9999867677688599,
        -0.00505874352529645,
        -0.000930489506572485,
        -0.0029525430873036385,
        0.005064019933342934,
        0.9999706149101257,
        0.005757797975093126,
        -0.03595779091119766,
        0.000901335384696722,
        -0.005762433633208275,
        0.9999829530715942,
        0.05262868106365204
    ],
    [
        0.9999843835830688,
        -0.005442292429506779,
        -0.0012753513874486089,
        -0.008649015799164772,
        0.005450235679745674,
        0.999965250492096,
        0.006310226395726204,
        -0.06349698454141617,
        0.0012409646296873689,
        -0.006317078601568937,
        0.9999792575836182,
        0.07660308480262756
    ],
    [
        0.9999814033508301,
        -0.005908182822167873,
        -0.0015169000253081322,
        -0.012858626432716846,
        0.005918891169130802,
        0.9999568462371826,
        0.007154917344450951,
        -0.09036250412464142,
        0.0014745621010661125,
        -0.007163762114942074,
        0.9999732971191406,
        0.09748619794845581
    ],
    [
        0.9999794363975525,
        -0.006266651675105095,
        -0.001405593822710216,
        -0.01830120012164116,
        0.006277510896325111,
        0.9999495148658752,
        0.007858236320316792,
        -0.12571971118450165,
        0.0013562781969085336,
        -0.007866897620260715,
        0.9999681711196899,
        0.12371138483285904
    ],
    [
        0.9999765753746033,
        -0.006675201002508402,
        -0.001526128500699997,
        -0.023515108972787857,
        0.00668835686519742,
        0.9999390840530396,
        0.008783934637904167,
        -0.1587560474872589,
        0.0014674004632979631,
        -0.008793936111032963,
        0.99996018409729,
        0.14524775743484497
    ],
    [
        0.9999735951423645,
        -0.007010881323367357,
        -0.0019745088648051023,
        -0.029228096827864647,
        0.0070306407287716866,
        0.9999234080314636,
        0.010184352286159992,
        -0.20254866778850555,
        0.001902955467812717,
        -0.010197965428233147,
        0.9999462366104126,
        0.1697116196155548
    ],
    [
        0.9999702572822571,
        -0.0073862215504050255,
        -0.002200497081503272,
        -0.03229068964719772,
        0.00741075724363327,
        0.9999080896377563,
        0.011358519084751606,
        -0.2414780557155609,
        0.0021163984201848507,
        -0.011374489404261112,
        0.999933123588562,
        0.18994374573230743
    ],
    [
        0.9999674558639526,
        -0.007623487617820501,
        -0.002670878078788519,
        -0.03672100976109505,
        0.007657492533326149,
        0.999886691570282,
        0.012961176224052906,
        -0.29116740822792053,
        0.0025717660319060087,
        -0.012981204316020012,
        0.9999123811721802,
        0.21207690238952637
    ],
    [
        0.9999641180038452,
        -0.007756588980555534,
        -0.003377774031832814,
        -0.04035316780209541,
        0.007804062217473984,
        0.9998676776885986,
        0.01427584607154131,
        -0.33388468623161316,
        0.003266595071181655,
        -0.014301694929599762,
        0.9998923540115356,
        0.22875918447971344
    ],
    [
        0.9999614357948303,
        -0.007915888912975788,
        -0.003814657684415579,
        -0.04345696046948433,
        0.007975575514137745,
        0.9998418688774109,
        0.015894316136837006,
        -0.3865533769130707,
        0.00368823716416955,
        -0.01592412404716015,
        0.9998663663864136,
        0.24689100682735443
    ],
    [
        0.9999567866325378,
        -0.008455434814095497,
        -0.003888351609930396,
        -0.04575479403138161,
        0.008522320538759232,
        0.9998102188110352,
        0.017519420012831688,
        -0.4319504499435425,
        0.003739478997886181,
        -0.01755179651081562,
        0.9998389482498169,
        0.25938495993614197
    ],
    [
        0.9999533295631409,
        -0.008670663461089134,
        -0.004252339713275433,
        -0.04790738970041275,
        0.008750759065151215,
        0.9997774958610535,
        0.019193485379219055,
        -0.485461562871933,
        0.0040849740616977215,
        -0.01922980323433876,
        0.999806821346283,
        0.27254509925842285
    ],
    [
        0.9999500513076782,
        -0.008694739080965519,
        -0.004932105541229248,
        -0.04899365454912186,
        0.008795681409537792,
        0.9997443556785583,
        0.020828016102313995,
        -0.5382936596870422,
        0.004749751184135675,
        -0.020870357751846313,
        0.9997709393501282,
        0.28209224343299866
    ],
    [
        0.999944806098938,
        -0.008962111547589302,
        -0.005488086957484484,
        -0.0494685173034668,
        0.009082259610295296,
        0.9997105598449707,
        0.022273898124694824,
        -0.5818572640419006,
        0.005286877509206533,
        -0.022322513163089752,
        0.9997368454933167,
        0.28803277015686035
    ],
    [
        0.9999421834945679,
        -0.008908857591450214,
        -0.006029216106981039,
        -0.049802739173173904,
        0.009050637483596802,
        0.999673068523407,
        0.02391158416867256,
        -0.6316697001457214,
        0.005814220290631056,
        -0.023964768275618553,
        0.999695897102356,
        0.29246705770492554
    ],
    [
        0.9999405145645142,
        -0.008825812488794327,
        -0.00641708355396986,
        -0.04907767102122307,
        0.008984467014670372,
        0.999643862247467,
        0.0251302570104599,
        -0.6709667444229126,
        0.006193001754581928,
        -0.025186413899064064,
        0.9996635913848877,
        0.2950199842453003
    ],
    [
        0.999942421913147,
        -0.008583537302911282,
        -0.006447385530918837,
        -0.04986748471856117,
        0.008748814463615417,
        0.999622106552124,
        0.026059770956635475,
        -0.7134132981300354,
        0.006221264600753784,
        -0.026114678010344505,
        0.999639630317688,
        0.2957509756088257
    ],
    [
        0.9999407529830933,
        -0.008552640676498413,
        -0.006743303965777159,
        -0.04903341084718704,
        0.008732807822525501,
        0.9995929598808289,
        0.02715734951198101,
        -0.7471317648887634,
        0.006508293095976114,
        -0.027214625850319862,
        0.9996084570884705,
        0.29523444175720215
    ],
    [
        0.9999382495880127,
        -0.00825697835534811,
        -0.007442878559231758,
        -0.047971487045288086,
        0.008463170379400253,
        0.9995689988136292,
        0.028111176565289497,
        -0.7836887240409851,
        0.007207556627690792,
        -0.028172431513667107,
        0.9995771050453186,
        0.2933306396007538
    ],
    [
        0.9999378323554993,
        -0.007991132326424122,
        -0.007781546097248793,
        -0.047403592616319656,
        0.008211907930672169,
        0.9995524287223816,
        0.028765534982085228,
        -0.8106176853179932,
        0.007548194378614426,
        -0.028827646747231483,
        0.9995558857917786,
        0.2911088466644287
    ],
    [
        0.9999393224716187,
        -0.007810244802385569,
        -0.007770265452563763,
        -0.04673018679022789,
        0.008036568760871887,
        0.9995313882827759,
        0.02953512966632843,
        -0.8395093083381653,
        0.007535947952419519,
        -0.02959578111767769,
        0.9995336532592773,
        0.287737101316452
    ],
    [
        0.999940037727356,
        -0.007757849525660276,
        -0.007727894466370344,
        -0.046081386506557465,
        0.007987156510353088,
        0.9995150566101074,
        0.03009762242436409,
        -0.8601083159446716,
        0.007490653544664383,
        -0.03015753999352455,
        0.9995170831680298,
        0.28487226366996765
    ],
    [
        0.9999401569366455,
        -0.007374600041657686,
        -0.008069553412497044,
        -0.04592859372496605,
        0.007617273833602667,
        0.9995067119598389,
        0.03046710230410099,
        -0.8809597492218018,
        0.007840887643396854,
        -0.030526749789714813,
        0.9995031356811523,
        0.28131017088890076
    ],
    [
        0.9999386668205261,
        -0.00706169568002224,
        -0.00853551272302866,
        -0.04459496587514877,
        0.007322882302105427,
        0.9994935989379883,
        0.030966244637966156,
        -0.898870050907135,
        0.00831251684576273,
        -0.031026851385831833,
        0.9994839429855347,
        0.2786731719970703
    ]
]