[
    [
        0.14904415607452393,
        -0.1762162148952484,
        0.9730024337768555,
        -1.2851457595825195,
        0.3565632104873657,
        0.927371621131897,
        0.11333398520946503,
        0.228317990899086,
        -0.9223061203956604,
        0.33004510402679443,
        0.20105154812335968,
        0.6686887145042419
    ],
    [
        0.06889621168375015,
        -0.17483553290367126,
        0.9821841716766357,
        -1.290360689163208,
        0.3550219237804413,
        0.9243698716163635,
        0.13964083790779114,
        0.2123711258172989,
        -0.9323158264160156,
        0.3390762209892273,
        0.12575602531433105,
        0.7554232478141785
    ],
    [
        0.002875398611649871,
        -0.17349985241889954,
        0.9848297238349915,
        -1.2966678142547607,
        0.3530041575431824,
        0.9216074347496033,
        0.1613311469554901,
        0.19622918963432312,
        -0.9356173872947693,
        0.3471851050853729,
        0.06389614194631577,
        0.8238795399665833
    ],
    [
        -0.05396570637822151,
        -0.1731570065021515,
        0.9834147095680237,
        -1.3008540868759155,
        0.35036930441856384,
        0.9189496636390686,
        0.18103300034999847,
        0.17557165026664734,
        -0.9350556135177612,
        0.35432785749435425,
        0.011077122762799263,
        0.8839369416236877
    ],
    [
        -0.10031260550022125,
        -0.17272597551345825,
        0.9798485636711121,
        -1.3000308275222778,
        0.3478485941886902,
        0.916580319404602,
        0.19718439877033234,
        0.15138983726501465,
        -0.9321687817573547,
        0.3606189787387848,
        -0.03186206892132759,
        0.9312887191772461
    ],
    [
        -0.13693411648273468,
        -0.17378182709217072,
        0.975217342376709,
        -1.2962173223495483,
        0.3442772924900055,
        0.91476970911026,
        0.21135149896144867,
        0.11953717470169067,
        -0.9288283586502075,
        0.3646864593029022,
        -0.06543401628732681,
        0.9681477546691895
    ],
    [
        -0.1638539433479309,
        -0.17589403688907623,
        0.970676600933075,
        -1.291357398033142,
        0.34083446860313416,
        0.9132853746414185,
        0.22302846610546112,
        0.08507207036018372,
        -0.9257341623306274,
        0.3673841655254364,
        -0.08969463407993317,
        0.9978159070014954
    ],
    [
        -0.18615156412124634,
        -0.17884784936904907,
        0.9661061763763428,
        -1.2913039922714233,
        0.3364870846271515,
        0.9122262001037598,
        0.23370857536792755,
        0.044745393097400665,
        -0.9231057167053223,
        0.3685874342918396,
        -0.10963237285614014,
        1.0174795389175415
    ],
    [
        -0.201181560754776,
        -0.18175917863845825,
        0.962543249130249,
        -1.2940171957015991,
        0.3328900933265686,
        0.9114655256271362,
        0.24169154465198517,
        0.006204515695571899,
        -0.9212546348571777,
        0.3690449893474579,
        -0.12286420911550522,
        1.0262495279312134
    ],
    [
        -0.21397097408771515,
        -0.18553955852985382,
        0.9590575695037842,
        -1.3018587827682495,
        0.32905226945877075,
        0.9107266664505005,
        0.2496027946472168,
        -0.030814439058303833,
        -0.9197506308555603,
        0.3689878582954407,
        -0.13381683826446533,
        1.0304484367370605
    ],
    [
        -0.22123481333255768,
        -0.19210529327392578,
        0.956112265586853,
        -1.3140065670013428,
        0.3254150152206421,
        0.9096723198890686,
        0.2580721974372864,
        -0.06926313042640686,
        -0.9193260073661804,
        0.36822789907455444,
        -0.13873723149299622,
        1.0278431177139282
    ],
    [
        -0.2258545458316803,
        -0.19691801071166992,
        0.9540507793426514,
        -1.331467866897583,
        0.3221755027770996,
        0.9091477394104004,
        0.26391923427581787,
        -0.1079636663198471,
        -0.9193436503410339,
        0.3669791519641876,
        -0.14189298450946808,
        1.0200128555297852
    ],
    [
        -0.22861172258853912,
        -0.20203684270381927,
        0.952322244644165,
        -1.3546375036239624,
        0.3185422718524933,
        0.9088548421859741,
        0.2692835032939911,
        -0.1504644751548767,
        -0.9199279546737671,
        0.36491629481315613,
        -0.1434176117181778,
        1.006754994392395
    ],
    [
        -0.23411226272583008,
        -0.20931679010391235,
        0.9494092464447021,
        -1.3740941286087036,
        0.31264227628707886,
        0.9084674119949341,
        0.277383953332901,
        -0.19500046968460083,
        -0.9205684065818787,
        0.36176443099975586,
        -0.14724212884902954,
        1.0046390295028687
    ],
    [
        -0.2390017956495285,
        -0.2187083661556244,
        0.9460681676864624,
        -1.3947701454162598,
        0.3046860098838806,
        0.908206582069397,
        0.2869274318218231,
        -0.24094055593013763,
        -0.9219786524772644,
        0.35682985186576843,
        -0.15042558312416077,
        1.0032227039337158
    ],
    [
        -0.24560119211673737,
        -0.22378391027450562,
        0.9431864619255066,
        -1.410837173461914,
        0.2974766492843628,
        0.9086417555809021,
        0.293049156665802,
        -0.2781134843826294,
        -0.9225984215736389,
        0.3525491952896118,
        -0.15659300982952118,
        1.0107767581939697
    ],
    [
        -0.25160273909568787,
        -0.22801469266414642,
        0.9405878186225891,
        -1.423635482788086,
        0.28947338461875916,
        0.9096344113349915,
        0.2979438006877899,
        -0.31350335478782654,
        -0.9235266447067261,
        0.34723860025405884,
        -0.16286231577396393,
        1.012547492980957
    ],
    [
        -0.2536538243293762,
        -0.22874949872493744,
        0.9398581981658936,
        -1.4472039937973022,
        0.2858339250087738,
        0.9105199575424194,
        0.2987512946128845,
        -0.33947017788887024,
        -0.9240988492965698,
        0.34442275762557983,
        -0.16557252407073975,
        1.0023173093795776
    ],
    [
        -0.2543788552284241,
        -0.2301604002714157,
        0.9393176436424255,
        -1.4765182733535767,
        0.2812296152114868,
        0.9116901159286499,
        0.2995513081550598,
        -0.3650215268135071,
        -0.9253114461898804,
        0.34036344289779663,
        -0.16718678176403046,
        0.9970040917396545
    ],
    [
        -0.245054692029953,
        -0.23048223555088043,
        0.9417145252227783,
        -1.5222724676132202,
        0.28086787462234497,
        0.9128005504608154,
        0.2964935898780823,
        -0.3802996277809143,
        -0.9279338717460632,
        0.33715447783470154,
        -0.15895096957683563,
        0.9762762784957886
    ],
    [
        -0.23008663952350616,
        -0.23003752529621124,
        0.9455913305282593,
        -1.570940375328064,
        0.2828122675418854,
        0.9139200448989868,
        0.29114824533462524,
        -0.38935422897338867,
        -0.931169867515564,
        0.33441412448883057,
        -0.14522339403629303,
        0.9387900829315186
    ],
    [
        -0.20591095089912415,
        -0.2305685579776764,
        0.9510199427604675,
        -1.6198391914367676,
        0.2863839566707611,
        0.9150979518890381,
        0.28386619687080383,
        -0.4095880389213562,
        -0.9357268810272217,
        0.33080795407295227,
        -0.12239758670330048,
        0.8973850607872009
    ],
    [
        -0.16898943483829498,
        -0.22866913676261902,
        0.9587247371673584,
        -1.6631309986114502,
        0.29098936915397644,
        0.9177801012992859,
        0.27019450068473816,
        -0.4117898941040039,
        -0.9416834712028503,
        0.3246387243270874,
        -0.08855485171079636,
        0.8575981855392456
    ],
    [
        -0.1230827197432518,
        -0.2281709611415863,
        0.9658100008964539,
        -1.7081530094146729,
        0.2982163727283478,
        0.9197254180908203,
        0.2552882730960846,
        -0.4033198356628418,
        -0.9465292692184448,
        0.31944185495376587,
        -0.045157987624406815,
        0.7987964153289795
    ],
    [
        -0.057944003492593765,
        -0.2258550524711609,
        0.9724361300468445,
        -1.7506519556045532,
        0.307132750749588,
        0.9227969646453857,
        0.23262695968151093,
        -0.3692172169685364,
        -0.9499011039733887,
        0.3121463358402252,
        0.015896925702691078,
        0.7104846835136414
    ]
]