[
    [
        0.9996905326843262,
        -0.0009295607451349497,
        -0.024859828874468803,
        0.150682732462883,
        0.0008902961853891611,
        0.9999983310699463,
        -0.001590467756614089,
        0.06622790545225143,
        0.02486126497387886,
        0.0015678431373089552,
        0.9996896982192993,
        0.04325959458947182
    ],
    [
        0.9990804195404053,
        -0.0023162292782217264,
        -0.04281439259648323,
        0.21463625133037567,
        0.0023005821276456118,
        0.9999972581863403,
        -0.00041473342571407557,
        0.09205404669046402,
        0.04281523451209068,
        0.0003158545878250152,
        0.9990829229354858,
        0.033859629184007645
    ],
    [
        0.9989875555038452,
        -0.0010795964626595378,
        -0.04497350752353668,
        0.294816255569458,
        0.0010548895224928856,
        0.9999992251396179,
        -0.000573107274249196,
        0.1194756031036377,
        0.04497409239411354,
        0.0005250856629572809,
        0.9989879727363586,
        0.03737141564488411
    ],
    [
        0.9989317059516907,
        -0.0002604919427540153,
        -0.04621008038520813,
        0.36856627464294434,
        0.00018255003669764847,
        0.9999985694885254,
        -0.0016908991383388638,
        0.14211010932922363,
        0.04621046036481857,
        0.001680657034739852,
        0.9989302754402161,
        0.043071139603853226
    ],
    [
        0.9988194108009338,
        0.0003861557925119996,
        -0.04857621341943741,
        0.4542568325996399,
        -0.0005044082063250244,
        0.9999969601631165,
        -0.0024221502244472504,
        0.1660853773355484,
        0.04857512563467026,
        0.0024437925312668085,
        0.9988164901733398,
        0.044532597064971924
    ],
    [
        0.9986779689788818,
        0.0008350301650352776,
        -0.05139714106917381,
        0.5413969159126282,
        -0.0010074599413201213,
        0.9999939799308777,
        -0.003329038619995117,
        0.18732953071594238,
        0.05139404907822609,
        0.0033764170948415995,
        0.9986727237701416,
        0.028843488544225693
    ],
    [
        0.9986062049865723,
        0.0002669104724191129,
        -0.052779316902160645,
        0.6491604447364807,
        -0.00047975860070437193,
        0.9999918341636658,
        -0.004020174033939838,
        0.20926101505756378,
        0.052777815610170364,
        0.00403989152982831,
        0.998598039150238,
        -0.006905236281454563
    ],
    [
        0.9985402226448059,
        -0.0005763419903814793,
        -0.05401075258851051,
        0.7690772414207458,
        0.000356103089870885,
        0.9999915957450867,
        -0.0040872227400541306,
        0.2329607754945755,
        0.05401265248656273,
        0.004062023013830185,
        0.9985319375991821,
        -0.04687384516000748
    ],
    [
        0.9983812570571899,
        0.00020218950521666557,
        -0.05687564238905907,
        0.8780708312988281,
        -0.0005007524159736931,
        0.9999861717224121,
        -0.005235187243670225,
        0.25637587904930115,
        0.05687379837036133,
        0.005255193915218115,
        0.9983674883842468,
        -0.08338708430528641
    ],
    [
        0.9982157349586487,
        0.0006162955542095006,
        -0.05970703810453415,
        1.0007514953613281,
        -0.001062901457771659,
        0.9999716877937317,
        -0.007448475807905197,
        0.2852281630039215,
        0.05970075726509094,
        0.007498648948967457,
        0.9981881976127625,
        -0.12154979258775711
    ],
    [
        0.9980965256690979,
        0.00043559735058806837,
        -0.06166888400912285,
        1.1154557466506958,
        -0.0009118930320255458,
        0.999970018863678,
        -0.007695840671658516,
        0.31332939863204956,
        0.061663687229156494,
        0.007737429346889257,
        0.9980669021606445,
        -0.15511097013950348
    ],
    [
        0.9979478716850281,
        0.0010424248175695539,
        -0.06402242928743362,
        1.253427267074585,
        -0.0013353497488424182,
        0.999988853931427,
        -0.004532466642558575,
        0.3401743173599243,
        0.06401700526475906,
        0.004608656745404005,
        0.9979382157325745,
        -0.19514250755310059
    ],
    [
        0.9979164004325867,
        0.001119966502301395,
        -0.0645095556974411,
        1.4123272895812988,
        -0.000726147263776511,
        0.9999809861183167,
        0.006127731874585152,
        0.3670472800731659,
        0.06451518088579178,
        -0.006068120244890451,
        0.997898280620575,
        -0.23729702830314636
    ],
    [
        0.9977675676345825,
        0.001397729036398232,
        -0.06676635146141052,
        1.559981346130371,
        -0.001108583528548479,
        0.9999898076057434,
        0.0043678260408341885,
        0.3886565864086151,
        0.06677177548408508,
        -0.0042840586975216866,
        0.9977590441703796,
        -0.27542731165885925
    ],
    [
        0.9975281357765198,
        0.0022107388358563185,
        -0.0702347382903099,
        1.7240583896636963,
        -0.002190816216170788,
        0.9999974966049194,
        0.00036067291512154043,
        0.4226674735546112,
        0.07023531943559647,
        -0.000205912088858895,
        0.9975305795669556,
        -0.3222346603870392
    ],
    [
        0.9972555637359619,
        0.0020936313085258007,
        -0.07400720566511154,
        1.8764305114746094,
        -0.0023389230482280254,
        0.9999920129776001,
        -0.00322834774851799,
        0.4699188768863678,
        0.07399982959032059,
        0.0033925867173820734,
        0.9972525835037231,
        -0.3558213710784912
    ],
    [
        0.9969013929367065,
        0.0020568156614899635,
        -0.07863461971282959,
        2.045668363571167,
        -0.0024234335869550705,
        0.9999865889549255,
        -0.004566834308207035,
        0.5205551385879517,
        0.07862415909767151,
        0.0047432491555809975,
        0.9968931078910828,
        -0.3906687796115875
    ],
    [
        0.9966682195663452,
        0.002230375539511442,
        -0.08153212815523148,
        2.1988108158111572,
        -0.00262407842092216,
        0.99998539686203,
        -0.004722106270492077,
        0.5414730906486511,
        0.08152039349079132,
        0.00492031779140234,
        0.9966596364974976,
        -0.42598822712898254
    ],
    [
        0.9963694214820862,
        0.0030967690981924534,
        -0.08507789671421051,
        2.3633151054382324,
        -0.0034233476035296917,
        0.9999873042106628,
        -0.0036926488392055035,
        0.5449050068855286,
        0.08506541699171066,
        0.003970491234213114,
        0.9963674545288086,
        -0.46983611583709717
    ],
    [
        0.9962095618247986,
        0.003572504734620452,
        -0.08691249787807465,
        2.5204784870147705,
        -0.00383948627859354,
        0.9999883770942688,
        -0.002904922468587756,
        0.5478998422622681,
        0.08690109848976135,
        0.00322760920971632,
        0.9962116479873657,
        -0.5131884813308716
    ],
    [
        0.9961347579956055,
        0.004133174195885658,
        -0.08774027973413467,
        2.65798282623291,
        -0.004415630362927914,
        0.9999856352806091,
        -0.0030253648292273283,
        0.5588880181312561,
        0.08772651106119156,
        0.0034010999370366335,
        0.9961388111114502,
        -0.5519181489944458
    ],
    [
        0.9962001442909241,
        0.00486667500808835,
        -0.08695726096630096,
        2.8023858070373535,
        -0.005281676072627306,
        0.9999756813049316,
        -0.004542857874184847,
        0.5885758399963379,
        0.08693302422761917,
        0.004984873812645674,
        0.9962016344070435,
        -0.5901251435279846
    ],
    [
        0.9962239861488342,
        0.005107317119836807,
        -0.08667010813951492,
        2.933529853820801,
        -0.005656993016600609,
        0.9999654293060303,
        -0.006097736302763224,
        0.6173911094665527,
        0.08663596212863922,
        0.006565002724528313,
        0.9962184429168701,
        -0.6241456866264343
    ],
    [
        0.9961565732955933,
        0.005570701789110899,
        -0.08741235733032227,
        3.0749526023864746,
        -0.006145603489130735,
        0.9999611973762512,
        -0.006309160031378269,
        0.6380656361579895,
        0.08737383782863617,
        0.006822112016379833,
        0.9961523413658142,
        -0.6585826277732849
    ],
    [
        0.9941044449806213,
        0.0060482388362288475,
        -0.10825852304697037,
        3.201415538787842,
        -0.006698192562907934,
        0.9999616742134094,
        -0.0056412117555737495,
        0.6588719487190247,
        0.10822024196386337,
        0.006333091761916876,
        0.9941068291664124,
        -0.6897693276405334
    ]
]