[
    [
        0.9840600490570068,
        0.016125516965985298,
        -0.17710386216640472,
        0.009100217372179031,
        -0.015890130773186684,
        0.9998700022697449,
        0.002747400663793087,
        -0.03833412379026413,
        0.17712512612342834,
        0.00011059665848733857,
        0.984188437461853,
        0.38347578048706055
    ],
    [
        0.9797484278678894,
        0.018776558339595795,
        -0.1993497759103775,
        0.010292887687683105,
        -0.018451595678925514,
        0.9998237490653992,
        0.0034879492595791817,
        -0.044176120311021805,
        0.19938011467456818,
        0.0002610081573948264,
        0.9799221754074097,
        0.43135911226272583
    ],
    [
        0.974733293056488,
        0.022454898804426193,
        -0.2222401648759842,
        0.013393277302384377,
        -0.02209673821926117,
        0.9997473955154419,
        0.004098276142030954,
        -0.050206031650304794,
        0.22227606177330017,
        0.0009160548215731978,
        0.974983274936676,
        0.4797133505344391
    ],
    [
        0.9669662117958069,
        0.02730492688715458,
        -0.2534378170967102,
        0.02212618477642536,
        -0.02688368782401085,
        0.9996253848075867,
        0.005125839728862047,
        -0.058143362402915955,
        0.2534828782081604,
        0.0018568297382444143,
        0.9673380851745605,
        0.5437678694725037
    ],
    [
        0.9578846096992493,
        0.032204318791627884,
        -0.28534194827079773,
        0.03557286038994789,
        -0.031599849462509155,
        0.9994779825210571,
        0.006723510567098856,
        -0.06611884385347366,
        0.28540951013565063,
        0.002576415194198489,
        0.9584022164344788,
        0.605125367641449
    ],
    [
        0.9479346871376038,
        0.038646150380373,
        -0.31611132621765137,
        0.04768051579594612,
        -0.03798660263419151,
        0.999244213104248,
        0.008250652812421322,
        -0.07381169497966766,
        0.31619128584861755,
        0.0041869147680699825,
        0.9486862421035767,
        0.665289044380188
    ],
    [
        0.9401435852050781,
        0.0426504909992218,
        -0.3380991816520691,
        0.05444977059960365,
        -0.04187080264091492,
        0.9990768432617188,
        0.009602372534573078,
        -0.08034200966358185,
        0.33819660544395447,
        0.005128875840455294,
        0.9410614967346191,
        0.7092174887657166
    ],
    [
        0.9320363998413086,
        0.04665539786219597,
        -0.3593486547470093,
        0.059493288397789,
        -0.04590421915054321,
        0.9988892674446106,
        0.010628055781126022,
        -0.08613055944442749,
        0.35944536328315735,
        0.006589884869754314,
        0.9331429600715637,
        0.7516522407531738
    ],
    [
        0.9207455515861511,
        0.05199144035577774,
        -0.3866841197013855,
        0.062535360455513,
        -0.051437318325042725,
        0.9986066818237305,
        0.011788234114646912,
        -0.09318872541189194,
        0.3867582380771637,
        0.009036031551659107,
        0.9221368432044983,
        0.8084022998809814
    ],
    [
        0.9112748503684998,
        0.05539710819721222,
        -0.4080553948879242,
        0.06623347848653793,
        -0.054976414889097214,
        0.9984059929847717,
        0.012768306769430637,
        -0.09824886173009872,
        0.4081123173236847,
        0.010797985829412937,
        0.9128678441047668,
        0.8533110618591309
    ],
    [
        0.8975290060043335,
        0.061186157166957855,
        -0.43668973445892334,
        0.0707479864358902,
        -0.06066657230257988,
        0.9980431199073792,
        0.015151294879615307,
        -0.10557407885789871,
        0.4367621839046478,
        0.012893740087747574,
        0.8994846343994141,
        0.912136435508728
    ],
    [
        0.8813626766204834,
        0.06688899546861649,
        -0.46768128871917725,
        0.0825362578034401,
        -0.06648775935173035,
        0.9976357221603394,
        0.01738583669066429,
        -0.11262691020965576,
        0.46773847937583923,
        0.01577185094356537,
        0.883726179599762,
        0.971773087978363
    ],
    [
        0.862703263759613,
        0.07252078503370285,
        -0.5004836320877075,
        0.10520821809768677,
        -0.07207898795604706,
        0.9971933364868164,
        0.0202493853867054,
        -0.12197493016719818,
        0.5005474090576172,
        0.01860513910651207,
        0.8655092120170593,
        1.0281058549880981
    ],
    [
        0.8527288436889648,
        0.07522886246442795,
        -0.5169082283973694,
        0.11795324832201004,
        -0.07457577437162399,
        0.996971070766449,
        0.02206984907388687,
        -0.12757526338100433,
        0.5170028805732727,
        0.019729238003492355,
        0.8557562232017517,
        1.0559005737304688
    ],
    [
        0.8323977589607239,
        0.07922086119651794,
        -0.5484870076179504,
        0.13924260437488556,
        -0.07908476144075394,
        0.9965808987617493,
        0.023920372128486633,
        -0.13392218947410583,
        0.5485066175460815,
        0.023465696722269058,
        0.8358169198036194,
        1.1116451025009155
    ],
    [
        0.8125642538070679,
        0.08339135348796844,
        -0.5768753290176392,
        0.14968864619731903,
        -0.08329296112060547,
        0.9961678385734558,
        0.026679784059524536,
        -0.14098061621189117,
        0.5768895149230957,
        0.026370607316493988,
        0.8163964152336121,
        1.1664695739746094
    ],
    [
        0.7981142401695251,
        0.08619378507137299,
        -0.5963088274002075,
        0.14870674908161163,
        -0.08607722818851471,
        0.995873749256134,
        0.028741270303726196,
        -0.1456206887960434,
        0.5963258743286133,
        0.028389783576130867,
        0.8022404313087463,
        1.2074042558670044
    ],
    [
        0.7772956490516663,
        0.08900680392980576,
        -0.622807502746582,
        0.14938153326511383,
        -0.08901245892047882,
        0.9955422878265381,
        0.031183037906885147,
        -0.15135309100151062,
        0.6228067874908447,
        0.03119918517768383,
        0.7817533612251282,
        1.2610093355178833
    ],
    [
        0.7556611895561218,
        0.09281959384679794,
        -0.6483522653579712,
        0.1451907455921173,
        -0.09298062324523926,
        0.9950842261314392,
        0.034088656306266785,
        -0.15721683204174042,
        0.6483290791511536,
        0.034524716436862946,
        0.7605770230293274,
        1.3127250671386719
    ],
    [
        0.7453905344009399,
        0.09563463926315308,
        -0.6597325801849365,
        0.1377490758895874,
        -0.09609430283308029,
        0.9947344064712524,
        0.03562549501657486,
        -0.1594807207584381,
        0.6596658229827881,
        0.03684161975979805,
        0.7506556510925293,
        1.3363662958145142
    ],
    [
        0.7214755415916443,
        0.09959839284420013,
        -0.6852394342422485,
        0.13109956681728363,
        -0.10046747326850891,
        0.9941864609718323,
        0.038723018020391464,
        -0.16386529803276062,
        0.6851126551628113,
        0.040906574577093124,
        0.7272877097129822,
        1.3875682353973389
    ],
    [
        0.6966339349746704,
        0.10501828789710999,
        -0.7096986770629883,
        0.12302102893590927,
        -0.10627393424510956,
        0.9934203028678894,
        0.04268467053771019,
        -0.1688741147518158,
        0.7095118165016174,
        0.04568687081336975,
        0.7032110691070557,
        1.4345134496688843
    ],
    [
        0.6705608367919922,
        0.10938463360071182,
        -0.7337460517883301,
        0.11245521903038025,
        -0.11090868711471558,
        0.992735743522644,
        0.04663604870438576,
        -0.17250099778175354,
        0.7335171699523926,
        0.05010650306940079,
        0.6778213381767273,
        1.4814138412475586
    ],
    [
        0.6500089764595032,
        0.1116609275341034,
        -0.7516782283782959,
        0.10107497870922089,
        -0.11381327360868454,
        0.9922938346862793,
        0.04898478463292122,
        -0.1737491935491562,
        0.7513552904129028,
        0.053710419684648514,
        0.6577084064483643,
        1.5170910358428955
    ],
    [
        0.622465193271637,
        0.11548849940299988,
        -0.7740797996520996,
        0.0846661701798439,
        -0.11668971180915833,
        0.9916927218437195,
        0.05412079021334648,
        -0.17934855818748474,
        0.7738995552062988,
        0.056638844311237335,
        0.6307705044746399,
        1.5592128038406372
    ]
]