[
    [
        0.9928160905838013,
        -0.03037150204181671,
        0.1157318651676178,
        0.1332334280014038,
        0.02651415392756462,
        0.9990450739860535,
        0.034725289791822433,
        -0.03298379108309746,
        -0.11667601764202118,
        -0.03140729293227196,
        0.9926733374595642,
        0.13042694330215454
    ],
    [
        0.9861512780189514,
        -0.040911950170993805,
        0.16072297096252441,
        0.19837668538093567,
        0.035206347703933716,
        0.998650074005127,
        0.038189563900232315,
        -0.035290513187646866,
        -0.1620684266090393,
        -0.03200221806764603,
        0.9862603545188904,
        0.16273854672908783
    ],
    [
        0.9731907248497009,
        -0.05290587991476059,
        0.2238321602344513,
        0.25663962960243225,
        0.044546931982040405,
        0.9981141686439514,
        0.04223453253507614,
        -0.03771744295954704,
        -0.22564448416233063,
        -0.031131219118833542,
        0.973712146282196,
        0.22547128796577454
    ],
    [
        0.9521478414535522,
        -0.06207277625799179,
        0.2992680072784424,
        0.3031511902809143,
        0.050346631556749344,
        0.9976373314857483,
        0.0467429980635643,
        -0.04026332497596741,
        -0.30146244168281555,
        -0.029439108446240425,
        0.9530234932899475,
        0.302086740732193
    ],
    [
        0.922114372253418,
        -0.07396519929170609,
        0.3797818422317505,
        0.3418002724647522,
        0.057534851133823395,
        0.9968574643135071,
        0.05444982275366783,
        -0.05614566057920456,
        -0.3826158046722412,
        -0.028358271345496178,
        0.9234722852706909,
        0.38902023434638977
    ],
    [
        0.888860285282135,
        -0.08228720724582672,
        0.4507284462451935,
        0.3986528813838959,
        0.06182491406798363,
        0.996284008026123,
        0.05996453016996384,
        -0.06793822348117828,
        -0.45398786664009094,
        -0.025433843955397606,
        0.8906447291374207,
        0.4779437780380249
    ],
    [
        0.8590070605278015,
        -0.08818650245666504,
        0.5043114423751831,
        0.4894034266471863,
        0.06622190773487091,
        0.9959168434143066,
        0.061353638768196106,
        -0.06666690856218338,
        -0.5076628923416138,
        -0.019306745380163193,
        0.8613394498825073,
        0.5708735585212708
    ],
    [
        0.8299753665924072,
        -0.09486664831638336,
        0.5496736764907837,
        0.5850117206573486,
        0.07005171477794647,
        0.9953568577766418,
        0.06601181626319885,
        -0.07378457486629486,
        -0.5533837676048279,
        -0.01628260128200054,
        0.8327672481536865,
        0.6609258651733398
    ],
    [
        0.7986468076705933,
        -0.09924372285604477,
        0.5935603976249695,
        0.6643446683883667,
        0.07121050357818604,
        0.9949637055397034,
        0.0705435499548912,
        -0.08399490267038345,
        -0.5975720882415771,
        -0.01407164428383112,
        0.8016916513442993,
        0.7508862614631653
    ],
    [
        0.7647532820701599,
        -0.10386945307254791,
        0.6358957886695862,
        0.7386889457702637,
        0.07324682176113129,
        0.9945376515388489,
        0.07436177879571915,
        -0.09650617837905884,
        -0.6401462554931641,
        -0.010291073471307755,
        0.7681841850280762,
        0.8570947647094727
    ],
    [
        0.7335161566734314,
        -0.10809148102998734,
        0.6710218787193298,
        0.8088427186012268,
        0.07501591742038727,
        0.9941164255142212,
        0.07813477516174316,
        -0.11398050934076309,
        -0.675519585609436,
        -0.006975799798965454,
        0.7373090982437134,
        0.9614144563674927
    ],
    [
        0.7112899422645569,
        -0.11010479182004929,
        0.6942214965820312,
        0.8890295624732971,
        0.07762286812067032,
        0.9939184784889221,
        0.07810597121715546,
        -0.12447436153888702,
        -0.6985994577407837,
        -0.0016685581067577004,
        0.7155110239982605,
        1.0491384267807007
    ],
    [
        0.6987596750259399,
        -0.11128271371126175,
        0.7066478133201599,
        0.9839680790901184,
        0.08023383468389511,
        0.9937849044799805,
        0.07716280221939087,
        -0.13136257231235504,
        -0.7108427882194519,
        0.0027788160368800163,
        0.7033453583717346,
        1.13407301902771
    ],
    [
        0.6934220194816589,
        -0.11029002070426941,
        0.7120407223701477,
        1.072335958480835,
        0.08153286576271057,
        0.9938790202140808,
        0.07454387098550797,
        -0.13632024824619293,
        -0.7159038186073303,
        0.0063643679022789,
        0.6981699466705322,
        1.215392827987671
    ],
    [
        0.6923850178718567,
        -0.11310184001922607,
        0.7126085758209229,
        1.1628656387329102,
        0.0822104811668396,
        0.9935722947120667,
        0.07781767845153809,
        -0.14968499541282654,
        -0.7168294191360474,
        0.00470410892739892,
        0.697232723236084,
        1.3045799732208252
    ],
    [
        0.6953797936439514,
        -0.11427270621061325,
        0.709498941898346,
        1.2475775480270386,
        0.08236497640609741,
        0.9934439063072205,
        0.07927931845188141,
        -0.160988450050354,
        -0.7139068245887756,
        0.003308631246909499,
        0.7002329230308533,
        1.3836420774459839
    ],
    [
        0.7010795474052429,
        -0.11655348539352417,
        0.7034931182861328,
        1.3405050039291382,
        0.082328662276268,
        0.9931844472885132,
        0.0825028046965599,
        -0.17139872908592224,
        -0.7083144783973694,
        7.662814459763467e-05,
        0.7058970332145691,
        1.4712917804718018
    ],
    [
        0.7137144804000854,
        -0.11793693900108337,
        0.6904364824295044,
        1.4398318529129028,
        0.08206377923488617,
        0.9930135607719421,
        0.08479111641645432,
        -0.1795208603143692,
        -0.695612907409668,
        -0.0038568093441426754,
        0.7184064984321594,
        1.542616844177246
    ],
    [
        0.7308436632156372,
        -0.11574879288673401,
        0.6726587414741516,
        1.54026198387146,
        0.08040463179349899,
        0.9932539463043213,
        0.08355610817670822,
        -0.18553400039672852,
        -0.677792489528656,
        -0.006981587503105402,
        0.7352201342582703,
        1.6142123937606812
    ],
    [
        0.7477424144744873,
        -0.11460400372743607,
        0.6540237665176392,
        1.6224336624145508,
        0.08011718094348907,
        0.9933680295944214,
        0.0824693962931633,
        -0.19173836708068848,
        -0.6591376662254333,
        -0.009267325513064861,
        0.7519651651382446,
        1.693804144859314
    ],
    [
        0.768967866897583,
        -0.10678596049547195,
        0.6303055882453918,
        1.7015374898910522,
        0.0721823200583458,
        0.9941483736038208,
        0.0803661048412323,
        -0.20178064703941345,
        -0.6351993083953857,
        -0.01630202680826187,
        0.7721761465072632,
        1.7916923761367798
    ],
    [
        0.7954531908035278,
        -0.10068267583847046,
        0.5975928902626038,
        1.7692012786865234,
        0.0680861547589302,
        0.9947067499160767,
        0.07695939391851425,
        -0.21315348148345947,
        -0.602178156375885,
        -0.02052980847656727,
        0.7980977296829224,
        1.8680973052978516
    ],
    [
        0.8283582925796509,
        -0.0911034569144249,
        0.5527411699295044,
        1.8448024988174438,
        0.061949968338012695,
        0.9955332279205322,
        0.07124446332454681,
        -0.21745461225509644,
        -0.5567627549171448,
        -0.024773644283413887,
        0.8303019404411316,
        1.9304170608520508
    ],
    [
        0.8635128736495972,
        -0.08077096939086914,
        0.49781671166419983,
        1.9228709936141968,
        0.055781807750463486,
        0.9963317513465881,
        0.0648961141705513,
        -0.2227240949869156,
        -0.5012322664260864,
        -0.028269505128264427,
        0.8648508787155151,
        1.9971221685409546
    ],
    [
        0.8958987593650818,
        -0.07110875844955444,
        0.43853047490119934,
        1.9920960664749146,
        0.049854692071676254,
        0.9969640374183655,
        0.0598091222345829,
        -0.23051030933856964,
        -0.4414520859718323,
        -0.0317201130092144,
        0.8967238664627075,
        2.075989246368408
    ]
]