[
    [
        0.9999998211860657,
        0.00041711609810590744,
        0.00046172592556104064,
        0.005662841722369194,
        -0.0004170948814135045,
        0.9999998807907104,
        -4.583558620652184e-05,
        -0.14297384023666382,
        -0.00046174510498531163,
        4.564340997603722e-05,
        0.9999998807907104,
        0.027792079374194145
    ],
    [
        0.9999999403953552,
        0.00040759448893368244,
        0.00022504293883685023,
        0.008653542958199978,
        -0.0004075745237059891,
        0.9999998807907104,
        -9.101673640543595e-05,
        -0.18836930394172668,
        -0.00022508008987642825,
        9.092527034226805e-05,
        1.0,
        0.03959272429347038
    ],
    [
        0.9999999403953552,
        0.00041568398592062294,
        -3.900623596564401e-06,
        0.01173892617225647,
        -0.0004156850918661803,
        0.9999999403953552,
        -0.0002781504299491644,
        -0.2345157116651535,
        3.7853769754292443e-06,
        0.0002781526418402791,
        1.0,
        0.05217659845948219
    ],
    [
        0.9999999403953552,
        0.000521315960213542,
        -0.0001836413866840303,
        0.01511853002011776,
        -0.0005213971599005163,
        0.9999998211860657,
        -0.00044184434227645397,
        -0.29117220640182495,
        0.00018341062241233885,
        0.0004419407050590962,
        0.9999998807907104,
        0.06721597909927368
    ],
    [
        0.9999998807907104,
        0.00047572675975970924,
        -0.00020630983635783195,
        0.017234044149518013,
        -0.0004757282149512321,
        0.9999998807907104,
        -5.911853349971352e-06,
        -0.34151387214660645,
        0.00020630717335734516,
        6.0101465351181105e-06,
        1.0,
        0.08067415654659271
    ],
    [
        0.9999997019767761,
        0.000639233854599297,
        -0.0002889070310629904,
        0.01938403770327568,
        -0.0006391191855072975,
        0.9999997019767761,
        0.00039742072112858295,
        -0.4027939438819885,
        0.00028916096198372543,
        -0.0003972362610511482,
        0.9999998807907104,
        0.09725134819746017
    ],
    [
        0.9999996423721313,
        0.0007682202267460525,
        -0.0003950992540922016,
        0.020707782357931137,
        -0.0007678808178752661,
        0.9999994039535522,
        0.0008604517206549644,
        -0.4552907943725586,
        0.0003957597364205867,
        -0.0008601473527960479,
        0.9999995231628418,
        0.11163000017404556
    ],
    [
        0.9999997019767761,
        0.0008252817788161337,
        -0.000414303649449721,
        0.020571701228618622,
        -0.0008248183876276016,
        0.9999991059303284,
        0.0011181553127244115,
        -0.507159411907196,
        0.0004152264154981822,
        -0.001117813866585493,
        0.9999992847442627,
        0.12591472268104553
    ],
    [
        0.9999991059303284,
        0.0013969851424917579,
        -0.00019076178432442248,
        0.017801348119974136,
        -0.0013964860700070858,
        0.9999956488609314,
        0.002592042088508606,
        -0.5741493701934814,
        0.00019438123854342848,
        -0.0025917734019458294,
        0.9999966621398926,
        0.1424781084060669
    ],
    [
        0.9999986290931702,
        0.001713525503873825,
        5.274688737699762e-05,
        0.014270810410380363,
        -0.0017136690439656377,
        0.9999944567680359,
        0.0028581947553902864,
        -0.6265923380851746,
        -4.784912380273454e-05,
        -0.002858281135559082,
        0.9999959468841553,
        0.15636621415615082
    ],
    [
        0.9999982118606567,
        0.0018856520764529705,
        7.284943421836942e-05,
        0.0100528160110116,
        -0.0018858467228710651,
        0.9999943375587463,
        0.0027730544097721577,
        -0.6878556609153748,
        -6.761957774870098e-05,
        -0.0027731864247471094,
        0.9999961853027344,
        0.17208506166934967
    ],
    [
        0.9999979734420776,
        0.0020464961417019367,
        -4.2359188228147104e-05,
        0.00654965452849865,
        -0.0020463671535253525,
        0.9999939203262329,
        0.0028463639318943024,
        -0.7393695116043091,
        4.818381057702936e-05,
        -0.0028462714981287718,
        0.9999959468841553,
        0.18456266820430756
    ],
    [
        0.9999979734420776,
        0.002015546662732959,
        -0.00016147161659318954,
        0.0016961110522970557,
        -0.002015147591009736,
        0.9999950528144836,
        0.0024311954621225595,
        -0.7983178496360779,
        0.00016637037333566695,
        -0.0024308646097779274,
        0.9999970197677612,
        0.19985726475715637
    ],
    [
        0.9999978542327881,
        0.0021037126425653696,
        -0.0001712404628051445,
        -0.003636136883869767,
        -0.002103322185575962,
        0.9999952912330627,
        0.0022457262966781855,
        -0.8473492860794067,
        0.00017596456746105105,
        -0.0022453609853982925,
        0.9999974966049194,
        0.21153602004051208
    ],
    [
        0.9999977946281433,
        0.002113417023792863,
        -0.00023950425384100527,
        -0.008845672942698002,
        -0.0021129341330379248,
        0.999995768070221,
        0.0019990205764770508,
        -0.8961451649665833,
        0.0002437287475913763,
        -0.001998510444536805,
        0.9999979734420776,
        0.22221390902996063
    ],
    [
        0.999997615814209,
        0.0021575994323939085,
        -0.0003236086049582809,
        -0.01521304901689291,
        -0.0021570671815425158,
        0.9999962449073792,
        0.0016340197762474418,
        -0.9537935853004456,
        0.0003271333989687264,
        -0.0016333179082721472,
        0.9999985694885254,
        0.23401468992233276
    ],
    [
        0.9999972581863403,
        0.0023267180658876896,
        -0.0002523641742300242,
        -0.02204071916639805,
        -0.002326227957382798,
        0.9999954700469971,
        0.0019245933508500457,
        -1.0049046277999878,
        0.00025684080901555717,
        -0.0019240034744143486,
        0.999998152256012,
        0.24234943091869354
    ],
    [
        0.9999966025352478,
        0.0026029099244624376,
        -0.0002406395215075463,
        -0.02961215004324913,
        -0.002602375578135252,
        0.999994158744812,
        0.0022009536623954773,
        -1.0663560628890991,
        0.000246366485953331,
        -0.00220031407661736,
        0.9999975562095642,
        0.2514321804046631
    ],
    [
        0.9999964237213135,
        0.0026399733033031225,
        -0.00038865904207341373,
        -0.034748684614896774,
        -0.00263900775462389,
        0.9999934434890747,
        0.002464222488924861,
        -1.118208885192871,
        0.0003951619437430054,
        -0.002463183831423521,
        0.9999967813491821,
        0.2580196261405945
    ],
    [
        0.9999960660934448,
        0.0027616957668215036,
        -0.0005047844024375081,
        -0.039303723722696304,
        -0.002760345581918955,
        0.9999927282333374,
        0.002657175064086914,
        -1.169369101524353,
        0.0005121195572428405,
        -0.0026557622477412224,
        0.9999963641166687,
        0.26554226875305176
    ],
    [
        0.9999956488609314,
        0.0028748319018632174,
        -0.0007161537650972605,
        -0.04396472126245499,
        -0.002872208599001169,
        0.9999892115592957,
        0.00363704445771873,
        -1.2366728782653809,
        0.0007266022148542106,
        -0.0036349801812320948,
        0.999993085861206,
        0.274337500333786
    ],
    [
        0.9999949932098389,
        0.0030029816552996635,
        -0.0010013694409281015,
        -0.04626407474279404,
        -0.0029994070064276457,
        0.9999890923500061,
        0.003554582828655839,
        -1.2862612009048462,
        0.0010120325023308396,
        -0.0035515509080141783,
        0.999993085861206,
        0.2819369435310364
    ],
    [
        0.999994158744812,
        0.003239545039832592,
        -0.001127438386902213,
        -0.05067433416843414,
        -0.0032358106691390276,
        0.9999892711639404,
        0.0032994255889207125,
        -1.3446078300476074,
        0.0011381148360669613,
        -0.00329577480442822,
        0.9999939203262329,
        0.2900322377681732
    ],
    [
        0.9999931454658508,
        0.0034967423416674137,
        -0.00117267738096416,
        -0.055738337337970734,
        -0.0034929360263049603,
        0.9999886751174927,
        0.0032338513992726803,
        -1.3943120241165161,
        0.0011839725775644183,
        -0.0032297277357429266,
        0.9999940991401672,
        0.2965392768383026
    ],
    [
        0.999992847442627,
        0.003567045321688056,
        -0.0012660766951739788,
        -0.06057111918926239,
        -0.003562831087037921,
        0.9999881982803345,
        0.0033143209293484688,
        -1.4562547206878662,
        0.0012778834206983447,
        -0.00330977700650692,
        0.9999936819076538,
        0.3045215606689453
    ]
]