[
    [
        0.9999578595161438,
        -0.006258671637624502,
        -0.00672107795253396,
        0.1760558933019638,
        0.006264664698392153,
        0.9999800324440002,
        0.0008710184483788908,
        -0.01101941242814064,
        0.006715491879731417,
        -0.0009130875114351511,
        0.9999769926071167,
        0.05376388877630234
    ],
    [
        0.9999513626098633,
        -0.00690481485798955,
        -0.0070424447767436504,
        0.20022916793823242,
        0.006913262885063887,
        0.9999754428863525,
        0.0011759449262171984,
        -0.011681209318339825,
        0.007034152280539274,
        -0.0012245741672813892,
        0.9999744892120361,
        0.05868043750524521
    ],
    [
        0.9999417066574097,
        -0.0076208943501114845,
        -0.007647352293133736,
        0.2360813468694687,
        0.007630393374711275,
        0.9999701976776123,
        0.0012137104058638215,
        -0.011494155041873455,
        0.007637873291969299,
        -0.0012719925725832582,
        0.9999699592590332,
        0.06551259011030197
    ],
    [
        0.9999332427978516,
        -0.008252394385635853,
        -0.008084170520305634,
        0.27205824851989746,
        0.00826446246355772,
        0.9999647736549377,
        0.0014605121687054634,
        -0.011543686501681805,
        0.008071832358837128,
        -0.0015272258315235376,
        0.9999662637710571,
        0.07349876314401627
    ],
    [
        0.9999211430549622,
        -0.009116705507040024,
        -0.008630683645606041,
        0.30719193816185,
        0.009130137972533703,
        0.9999571442604065,
        0.0015182382194325328,
        -0.011163800954818726,
        0.008616472594439983,
        -0.001596918678842485,
        0.9999616146087646,
        0.08034861832857132
    ],
    [
        0.9999151825904846,
        -0.009461945854127407,
        -0.008953469805419445,
        0.3291921019554138,
        0.009477225132286549,
        0.9999536871910095,
        0.0016657045343890786,
        -0.011210392229259014,
        0.008937293663620949,
        -0.0017504168208688498,
        0.9999586343765259,
        0.08490053564310074
    ],
    [
        0.9999073147773743,
        -0.009889512322843075,
        -0.009361774660646915,
        0.36194321513175964,
        0.009907402098178864,
        0.9999492764472961,
        0.0018664611270651221,
        -0.011170067824423313,
        0.009342840872704983,
        -0.0019590388983488083,
        0.999954342842102,
        0.0917966365814209
    ],
    [
        0.9998974204063416,
        -0.010462235659360886,
        -0.009792305529117584,
        0.39453744888305664,
        0.010480405762791634,
        0.9999434947967529,
        0.0018060941947624087,
        -0.010930642485618591,
        0.009772855788469315,
        -0.001908535836264491,
        0.9999504089355469,
        0.09815231710672379
    ],
    [
        0.9998894333839417,
        -0.01067411433905363,
        -0.010351445525884628,
        0.4271582067012787,
        0.010693002492189407,
        0.9999412298202515,
        0.0017710207030177116,
        -0.01052016019821167,
        0.010331935249269009,
        -0.0018815131625160575,
        0.999944806098938,
        0.10481986403465271
    ],
    [
        0.9998772144317627,
        -0.011371999979019165,
        -0.010785477235913277,
        0.45970284938812256,
        0.011392923071980476,
        0.9999334216117859,
        0.001880513969808817,
        -0.010617224499583244,
        0.010763373225927353,
        -0.0020031610038131475,
        0.999940037727356,
        0.11151409894227982
    ],
    [
        0.9998722672462463,
        -0.011462224647402763,
        -0.011132307350635529,
        0.4793020784854889,
        0.011483823880553246,
        0.9999323487281799,
        0.0018782713450491428,
        -0.01034119725227356,
        0.011110024526715279,
        -0.002005872782319784,
        0.9999362230300903,
        0.11560789495706558
    ],
    [
        0.999864399433136,
        -0.011754661798477173,
        -0.011532408185303211,
        0.5075759887695312,
        0.01177536603063345,
        0.9999291896820068,
        0.0017290492542088032,
        -0.010159135796129704,
        0.011511266231536865,
        -0.0018646130338311195,
        0.999932050704956,
        0.12099553644657135
    ],
    [
        0.9998578429222107,
        -0.011841590516269207,
        -0.012003290466964245,
        0.5340012907981873,
        0.011863620951771736,
        0.9999280571937561,
        0.0017657165881246328,
        -0.009721664711833,
        0.011981518007814884,
        -0.0019078676123172045,
        0.9999264478683472,
        0.1266823410987854
    ],
    [
        0.9998522996902466,
        -0.011863094754517078,
        -0.012439843267202377,
        0.561292290687561,
        0.01188469585031271,
        0.9999279379844666,
        0.001663845032453537,
        -0.009361319243907928,
        0.012419208884239197,
        -0.0018114428967237473,
        0.9999212026596069,
        0.1322120726108551
    ],
    [
        0.9998430013656616,
        -0.012169736437499523,
        -0.01288424152880907,
        0.5930917263031006,
        0.01218951866030693,
        0.9999246001243591,
        0.0014579150592908263,
        -0.00891830027103424,
        0.012865529395639896,
        -0.0016147384885698557,
        0.9999158382415771,
        0.1386784166097641
    ],
    [
        0.99983149766922,
        -0.012601903639733791,
        -0.013349747285246849,
        0.6158746480941772,
        0.012622403912246227,
        0.9999192357063293,
        0.0014525046572089195,
        -0.00866363663226366,
        0.013330364599823952,
        -0.0016207649605348706,
        0.9999097585678101,
        0.14314524829387665
    ],
    [
        0.9998202919960022,
        -0.012945825234055519,
        -0.013849582523107529,
        0.647773265838623,
        0.012965617701411247,
        0.9999150037765503,
        0.0013401785399764776,
        -0.008126053027808666,
        0.013831056654453278,
        -0.0015195065643638372,
        0.9999032020568848,
        0.14973528683185577
    ],
    [
        0.9998049139976501,
        -0.013603942468762398,
        -0.014321466907858849,
        0.6758646368980408,
        0.013627302832901478,
        0.9999060034751892,
        0.0015347907319664955,
        -0.008045477792620659,
        0.014299241825938225,
        -0.0017296536825597286,
        0.9998962879180908,
        0.15574200451374054
    ],
    [
        0.9997914433479309,
        -0.014037210494279861,
        -0.014834748581051826,
        0.7004601955413818,
        0.014061614871025085,
        0.9998999238014221,
        0.0015421350253745914,
        -0.007764367386698723,
        0.014811617322266102,
        -0.0017504136776551604,
        0.9998886585235596,
        0.16098061203956604
    ],
    [
        0.9997754693031311,
        -0.014619898982346058,
        -0.015339351259171963,
        0.7261771559715271,
        0.014646430499851704,
        0.9998914003372192,
        0.00161862769164145,
        -0.0071501401253044605,
        0.01531402301043272,
        -0.0018429303308948874,
        0.9998810291290283,
        0.16639743745326996
    ],
    [
        0.9997671842575073,
        -0.014898891560733318,
        -0.01560971513390541,
        0.7447521090507507,
        0.014924322254955769,
        0.9998874664306641,
        0.0015140179311856627,
        -0.006551902275532484,
        0.015585401095449924,
        -0.0017466298304498196,
        0.9998769760131836,
        0.17040018737316132
    ],
    [
        0.9997442364692688,
        -0.015906577929854393,
        -0.016081366688013077,
        0.774070680141449,
        0.015935391187667847,
        0.9998716115951538,
        0.0016650799661874771,
        -0.006085016764700413,
        0.016052816063165665,
        -0.0019209167221561074,
        0.9998692274093628,
        0.17638815939426422
    ],
    [
        0.9997289776802063,
        -0.01640467718243599,
        -0.01651856303215027,
        0.7998545169830322,
        0.016435706987977028,
        0.9998634457588196,
        0.001744652516208589,
        -0.005385220516473055,
        0.016487684100866318,
        -0.00201567355543375,
        0.9998619556427002,
        0.18209567666053772
    ],
    [
        0.999713659286499,
        -0.016993744298815727,
        -0.016848085448145866,
        0.8248924612998962,
        0.01702854596078396,
        0.9998531937599182,
        0.0019242425914853811,
        -0.0052808779291808605,
        0.01681290939450264,
        -0.0022105893585830927,
        0.9998561143875122,
        0.1873447448015213
    ],
    [
        0.99969881772995,
        -0.017523307353258133,
        -0.017184598371386528,
        0.8491741418838501,
        0.017559660598635674,
        0.9998438954353333,
        0.0019668417517095804,
        -0.004282000474631786,
        0.017147451639175415,
        -0.0022680042311549187,
        0.9998503923416138,
        0.19271278381347656
    ]
]