[
    [
        0.9999946355819702,
        0.0008042060071602464,
        0.0031974141020327806,
        0.006027441006153822,
        -0.0007902260986156762,
        0.9999902248382568,
        -0.004371133632957935,
        0.03814127296209335,
        -0.003200898878276348,
        0.0043685827404260635,
        0.9999853372573853,
        -0.16005928814411163
    ],
    [
        0.999994695186615,
        0.000976864597760141,
        0.0030923928134143353,
        0.006746852304786444,
        -0.0009630424319766462,
        0.9999895691871643,
        -0.004467887803912163,
        0.03936491534113884,
        -0.003096725093200803,
        0.0044648852199316025,
        0.9999852180480957,
        -0.1688903123140335
    ],
    [
        0.9999948740005493,
        0.0011128061451017857,
        0.003026419784873724,
        0.007313988171517849,
        -0.0010988600552082062,
        0.9999887943267822,
        -0.004605826921761036,
        0.04062693938612938,
        -0.003031511791050434,
        0.004602476488798857,
        0.999984860420227,
        -0.17769736051559448
    ],
    [
        0.9999948143959045,
        0.0012477841228246689,
        0.0029540187679231167,
        0.007973228581249714,
        -0.0012337567750364542,
        0.9999879598617554,
        -0.004745562095195055,
        0.04189213737845421,
        -0.0029599047265946865,
        0.004741893149912357,
        0.9999843835830688,
        -0.18676920235157013
    ],
    [
        0.9999948740005493,
        0.0014328205725178123,
        0.0028565109241753817,
        0.008676139637827873,
        -0.0014190555084496737,
        0.9999874234199524,
        -0.004815209191292524,
        0.043019168078899384,
        -0.0028633736073970795,
        0.004811130464076996,
        0.9999843835830688,
        -0.19610947370529175
    ],
    [
        0.9999945163726807,
        0.001522039296105504,
        0.00294209411367774,
        0.009023559279739857,
        -0.001508210669271648,
        0.9999878406524658,
        -0.004696665331721306,
        0.04394473135471344,
        -0.0029492066241800785,
        0.004692201968282461,
        0.999984622001648,
        -0.20525792241096497
    ],
    [
        0.9999943971633911,
        0.001631273189559579,
        0.0029212539084255695,
        0.009660916402935982,
        -0.0016171947354450822,
        0.9999870657920837,
        -0.004815146327018738,
        0.045131441205739975,
        -0.002929071197286248,
        0.00481039471924305,
        0.9999841451644897,
        -0.21475332975387573
    ],
    [
        0.9999943971633911,
        0.0016474557342007756,
        0.00290771690197289,
        0.0102323517203331,
        -0.0016331784427165985,
        0.9999867081642151,
        -0.0049057938158512115,
        0.04615017771720886,
        -0.0029157602693885565,
        0.004901017062366009,
        0.9999837875366211,
        -0.2243356555700302
    ],
    [
        0.9999939203262329,
        0.002033101860433817,
        0.002833971753716469,
        0.011617975309491158,
        -0.002018839120864868,
        0.99998539686203,
        -0.005026631522923708,
        0.04829604923725128,
        -0.0028441499453037977,
        0.005020878743380308,
        0.9999833106994629,
        -0.24390269815921783
    ],
    [
        0.9999939203262329,
        0.0021763306576758623,
        0.002730606123805046,
        0.012380547821521759,
        -0.0021624453365802765,
        0.999984860420227,
        -0.0050778635777533054,
        0.04936303198337555,
        -0.0027416162192821503,
        0.005071928258985281,
        0.9999833106994629,
        -0.2539155185222626
    ],
    [
        0.999993622303009,
        0.0023502095136791468,
        0.0026908577419817448,
        0.013082441873848438,
        -0.0023362271022051573,
        0.9999838471412659,
        -0.005187579896301031,
        0.05045417323708534,
        -0.0027030063793063164,
        0.005181260406970978,
        0.9999829530715942,
        -0.26390135288238525
    ],
    [
        0.9999934434890747,
        0.0023598193656653166,
        0.002752209547907114,
        0.013648548163473606,
        -0.0023454874753952026,
        0.9999837279319763,
        -0.0051992833614349365,
        0.05133281648159027,
        -0.0027644347865134478,
        0.005192794371396303,
        0.9999827146530151,
        -0.2737920880317688
    ],
    [
        0.9999934434890747,
        0.002572589088231325,
        0.0025500881019979715,
        0.014612202532589436,
        -0.002558697247877717,
        0.9999820590019226,
        -0.005435939412564039,
        0.052558355033397675,
        -0.0025640272069722414,
        0.005429379642009735,
        0.9999818801879883,
        -0.28411421179771423
    ],
    [
        0.9999933242797852,
        0.0025538993068039417,
        0.0026188211049884558,
        0.015214015729725361,
        -0.0025398728903383017,
        0.9999825358390808,
        -0.00534533616155386,
        0.053380243480205536,
        -0.0026324265636503696,
        0.005338649731129408,
        0.9999822378158569,
        -0.2941722869873047
    ],
    [
        0.9999931454658508,
        0.002740132389590144,
        0.0025274939835071564,
        0.016007080674171448,
        -0.002726046135649085,
        0.9999809265136719,
        -0.0055598365142941475,
        0.05454200878739357,
        -0.0025426805950701237,
        0.005552908405661583,
        0.9999814033508301,
        -0.3045729994773865
    ],
    [
        0.9999927878379822,
        0.0029303806368261576,
        0.0023923174012452364,
        0.016922395676374435,
        -0.0029165977612137794,
        0.9999793171882629,
        -0.005744382739067078,
        0.05568145588040352,
        -0.0024091005325317383,
        0.005737363826483488,
        0.9999806880950928,
        -0.31481748819351196
    ],
    [
        0.9999918937683105,
        0.003104505594819784,
        0.0025679422542452812,
        0.01801455393433571,
        -0.0030900894198566675,
        0.999979555606842,
        -0.005599117372184992,
        0.05723080784082413,
        -0.0025852720718830824,
        0.005591135937720537,
        0.9999810457229614,
        -0.3347740173339844
    ],
    [
        0.9999919533729553,
        0.0032085950952023268,
        0.002430035499855876,
        0.01893068291246891,
        -0.0031946171075105667,
        0.9999784827232361,
        -0.005734866950660944,
        0.05829818174242973,
        -0.002448383718729019,
        0.0057270582765340805,
        0.9999805688858032,
        -0.3453322947025299
    ],
    [
        0.9999922513961792,
        0.0030408331658691168,
        0.002531882841140032,
        0.019414737820625305,
        -0.003026730613783002,
        0.9999800324440002,
        -0.005555029027163982,
        0.05885051190853119,
        -0.002548724412918091,
        0.005547322332859039,
        0.9999814033508301,
        -0.3558196425437927
    ],
    [
        0.999991774559021,
        0.0032172563951462507,
        0.0024735471233725548,
        0.020008806139230728,
        -0.00320328027009964,
        0.9999790191650391,
        -0.005633339751511812,
        0.05989488214254379,
        -0.002491618972271681,
        0.005625369492918253,
        0.999981164932251,
        -0.36618298292160034
    ],
    [
        0.9999921917915344,
        0.0031463727355003357,
        0.0024293039459735155,
        0.020801004022359848,
        -0.003132603829726577,
        0.9999791979789734,
        -0.005651240237057209,
        0.060771312564611435,
        -0.0024470333009958267,
        0.005643583834171295,
        0.9999810457229614,
        -0.376981645822525
    ],
    [
        0.9999923706054688,
        0.003155363956466317,
        0.002328810514882207,
        0.021578818559646606,
        -0.003141874447464943,
        0.9999783635139465,
        -0.005773623939603567,
        0.06172603368759155,
        -0.0023469787556678057,
        0.005766262300312519,
        0.9999805688858032,
        -0.3878186047077179
    ],
    [
        0.9999923706054688,
        0.0030813473276793957,
        0.0024253735318779945,
        0.022081423550844193,
        -0.0030676722526550293,
        0.9999794960021973,
        -0.005622044671326876,
        0.06246020272374153,
        -0.002442647237330675,
        0.005614561960101128,
        0.9999812841415405,
        -0.39856937527656555
    ],
    [
        0.9999927282333374,
        0.0029876644257456064,
        0.0023994664661586285,
        0.02299351431429386,
        -0.0029741718899458647,
        0.9999799132347107,
        -0.0056070806458592415,
        0.06340572983026505,
        -0.0024161706678569317,
        0.005599903874099255,
        0.9999814033508301,
        -0.40958401560783386
    ],
    [
        0.9999940395355225,
        0.0023830800782889128,
        0.002521311165764928,
        0.02433077245950699,
        -0.0023696033749729395,
        0.999983012676239,
        -0.005334293004125357,
        0.06497570872306824,
        -0.0025339804124087095,
        0.0053282869048416615,
        0.9999825954437256,
        -0.4320782721042633
    ]
]