[
    [
        0.9999946355819702,
        0.0008042060071602464,
        0.0031974141020327806,
        0.006027441006153822,
        -0.0007902260986156762,
        0.9999902248382568,
        -0.004371133632957935,
        0.03814127296209335,
        -0.003200898878276348,
        0.0043685827404260635,
        0.9999853372573853,
        -0.16005928814411163
    ],
    [
        0.9999948740005493,
        0.0011128061451017857,
        0.003026419784873724,
        0.007313988171517849,
        -0.0010988600552082062,
        0.9999887943267822,
        -0.004605826921761036,
        0.04062693938612938,
        -0.003031511791050434,
        0.004602476488798857,
        0.999984860420227,
        -0.17769736051559448
    ],
    [
        0.9999948740005493,
        0.0014328205725178123,
        0.0028565109241753817,
        0.008676139637827873,
        -0.0014190555084496737,
        0.9999874234199524,
        -0.004815209191292524,
        0.043019168078899384,
        -0.0028633736073970795,
        0.004811130464076996,
        0.9999843835830688,
        -0.19610947370529175
    ],
    [
        0.9999943971633911,
        0.001631273189559579,
        0.0029212539084255695,
        0.009660916402935982,
        -0.0016171947354450822,
        0.9999870657920837,
        -0.004815146327018738,
        0.045131441205739975,
        -0.002929071197286248,
        0.00481039471924305,
        0.9999841451644897,
        -0.21475332975387573
    ],
    [
        0.999994158744812,
        0.0018027869518846273,
        0.002920509083196521,
        0.010831410065293312,
        -0.0017885543638840318,
        0.9999865889549255,
        -0.0048686666414141655,
        0.04715010151267052,
        -0.0029292479157447815,
        0.004863414913415909,
        0.9999837875366211,
        -0.2340722531080246
    ],
    [
        0.9999939203262329,
        0.0021763306576758623,
        0.002730606123805046,
        0.012380547821521759,
        -0.0021624453365802765,
        0.999984860420227,
        -0.0050778635777533054,
        0.04936303198337555,
        -0.0027416162192821503,
        0.005071928258985281,
        0.9999833106994629,
        -0.2539155185222626
    ],
    [
        0.9999934434890747,
        0.0023598193656653166,
        0.002752209547907114,
        0.013648548163473606,
        -0.0023454874753952026,
        0.9999837279319763,
        -0.0051992833614349365,
        0.05133281648159027,
        -0.0027644347865134478,
        0.005192794371396303,
        0.9999827146530151,
        -0.2737920880317688
    ],
    [
        0.9999933242797852,
        0.0025538993068039417,
        0.0026188211049884558,
        0.015214015729725361,
        -0.0025398728903383017,
        0.9999825358390808,
        -0.00534533616155386,
        0.053380243480205536,
        -0.0026324265636503696,
        0.005338649731129408,
        0.9999822378158569,
        -0.2941722869873047
    ],
    [
        0.9999927878379822,
        0.0029303806368261576,
        0.0023923174012452364,
        0.016922395676374435,
        -0.0029165977612137794,
        0.9999793171882629,
        -0.005744382739067078,
        0.05568145588040352,
        -0.0024091005325317383,
        0.005737363826483488,
        0.9999806880950928,
        -0.31481748819351196
    ],
    [
        0.9999918937683105,
        0.003104505594819784,
        0.0025679422542452812,
        0.01801455393433571,
        -0.0030900894198566675,
        0.999979555606842,
        -0.005599117372184992,
        0.05723080784082413,
        -0.0025852720718830824,
        0.005591135937720537,
        0.9999810457229614,
        -0.3347740173339844
    ],
    [
        0.9999922513961792,
        0.0030408331658691168,
        0.002531882841140032,
        0.019414737820625305,
        -0.003026730613783002,
        0.9999800324440002,
        -0.005555029027163982,
        0.05885051190853119,
        -0.002548724412918091,
        0.005547322332859039,
        0.9999814033508301,
        -0.3558196425437927
    ],
    [
        0.9999921917915344,
        0.0031463727355003357,
        0.0024293039459735155,
        0.020801004022359848,
        -0.003132603829726577,
        0.9999791979789734,
        -0.005651240237057209,
        0.060771312564611435,
        -0.0024470333009958267,
        0.005643583834171295,
        0.9999810457229614,
        -0.376981645822525
    ],
    [
        0.9999923706054688,
        0.0030813473276793957,
        0.0024253735318779945,
        0.022081423550844193,
        -0.0030676722526550293,
        0.9999794960021973,
        -0.005622044671326876,
        0.06246020272374153,
        -0.002442647237330675,
        0.005614561960101128,
        0.9999812841415405,
        -0.39856937527656555
    ],
    [
        0.9999940395355225,
        0.0023830800782889128,
        0.002521311165764928,
        0.02433077245950699,
        -0.0023696033749729395,
        0.999983012676239,
        -0.005334293004125357,
        0.06497570872306824,
        -0.0025339804124087095,
        0.0053282869048416615,
        0.9999825954437256,
        -0.4320782721042633
    ]
]