[
    [
        0.9916719794273376,
        -0.00563236465677619,
        0.12866593897342682,
        0.008829646743834019,
        0.008030927740037441,
        0.999803364276886,
        -0.01813058741390705,
        0.04416082799434662,
        -0.12853853404521942,
        0.019012903794646263,
        0.9915221929550171,
        0.26354023814201355
    ],
    [
        0.9827489256858826,
        -0.01079612597823143,
        0.18462897837162018,
        0.005205106921494007,
        0.013988407328724861,
        0.999774158000946,
        -0.015996428206562996,
        0.035981010645627975,
        -0.1844145804643631,
        0.01830313727259636,
        0.9826781153678894,
        0.3747427463531494
    ],
    [
        0.970370888710022,
        -0.018522072583436966,
        0.24090947210788727,
        0.010518280789256096,
        0.021849539130926132,
        0.999699056148529,
        -0.011147984303534031,
        0.024718401953577995,
        -0.24063053727149963,
        0.016081441193819046,
        0.9704836010932922,
        0.49086159467697144
    ],
    [
        0.95610111951828,
        -0.026690630242228508,
        0.29181891679763794,
        0.0240577831864357,
        0.02983885630965233,
        0.999534547328949,
        -0.00634212838485837,
        0.006043689791113138,
        -0.2915138602256775,
        0.01477125659584999,
        0.9564526081085205,
        0.6114765405654907
    ],
    [
        0.9387713074684143,
        -0.03585416078567505,
        0.34267041087150574,
        0.035877302289009094,
        0.03846355900168419,
        0.9992596507072449,
        -0.0008196617127396166,
        0.004530637059360743,
        -0.3423873484134674,
        0.013949799351394176,
        0.9394553303718567,
        0.7357231974601746
    ],
    [
        0.9199017882347107,
        -0.043921083211898804,
        0.38968151807785034,
        0.05189971625804901,
        0.046752914786338806,
        0.9989041090011597,
        0.002219399204477668,
        0.007155480328947306,
        -0.3893519341945648,
        0.016177117824554443,
        0.9209470152854919,
        0.853477418422699
    ],
    [
        0.8987167477607727,
        -0.051309630274772644,
        0.43551763892173767,
        0.06420876830816269,
        0.05471372231841087,
        0.9984909296035767,
        0.0047301435843110085,
        0.004447039216756821,
        -0.43510308861732483,
        0.01957773230969906,
        0.9001678228378296,
        0.9683411717414856
    ],
    [
        0.8739423155784607,
        -0.05440296605229378,
        0.4829752743244171,
        0.06606639921665192,
        0.05638794228434563,
        0.9983545541763306,
        0.010422132909297943,
        -0.005543027073144913,
        -0.4827476143836975,
        0.018125640228390694,
        0.8755719661712646,
        1.1167391538619995
    ],
    [
        0.8489224910736084,
        -0.055301424115896225,
        0.5256161093711853,
        0.06763748079538345,
        0.05578595772385597,
        0.9983310699462891,
        0.014937086030840874,
        -0.0019089803099632263,
        -0.5255649089813232,
        0.016641566529870033,
        0.8505907654762268,
        1.2515531778335571
    ],
    [
        0.8209823369979858,
        -0.05738060548901558,
        0.5680628418922424,
        0.09175211936235428,
        0.05628470331430435,
        0.9982246160507202,
        0.01948724314570427,
        0.012434971518814564,
        -0.5681725144386292,
        0.015974566340446472,
        0.8227542638778687,
        1.3992239236831665
    ],
    [
        0.7934766411781311,
        -0.05846923589706421,
        0.605785608291626,
        0.12347486615180969,
        0.05738652125000954,
        0.9981275796890259,
        0.02117067202925682,
        0.010341602377593517,
        -0.605889081954956,
        0.017965486273169518,
        0.795346200466156,
        1.5243195295333862
    ],
    [
        0.7589027285575867,
        -0.05763287469744682,
        0.6486486792564392,
        0.15344779193401337,
        0.05484705790877342,
        0.9981936812400818,
        0.024520494043827057,
        0.0005908397142775357,
        -0.6488901972770691,
        0.01696779392659664,
        0.7606930136680603,
        1.6941362619400024
    ],
    [
        0.7195142507553101,
        -0.05719508230686188,
        0.6921184659004211,
        0.20415182411670685,
        0.05414658784866333,
        0.9981891512870789,
        0.02619822323322296,
        -0.0070837028324604034,
        -0.6923636794090271,
        0.018625859171152115,
        0.7213083505630493,
        1.8624176979064941
    ],
    [
        0.6819047331809998,
        -0.05831121280789375,
        0.729112982749939,
        0.2860412001609802,
        0.055776964873075485,
        0.9980601072311401,
        0.027654873207211494,
        -0.012030714191496372,
        -0.7293111681938171,
        0.02180972695350647,
        0.6838343739509583,
        2.028676748275757
    ],
    [
        0.6412279009819031,
        -0.05730326846241951,
        0.7652078866958618,
        0.37550094723701477,
        0.05830809101462364,
        0.9979632496833801,
        0.025872431695461273,
        -0.03217734396457672,
        -0.7651320099830627,
        0.028027692809700966,
        0.643263041973114,
        2.208118438720703
    ],
    [
        0.5947406888008118,
        -0.05267753079533577,
        0.8021897673606873,
        0.4456561803817749,
        0.05869399383664131,
        0.9980330467224121,
        0.02202248014509678,
        -0.053697872906923294,
        -0.8017721772193909,
        0.03398606553673744,
        0.5966628193855286,
        2.3840630054473877
    ],
    [
        0.538091242313385,
        -0.04598899930715561,
        0.8416309952735901,
        0.5198710560798645,
        0.06150351092219353,
        0.9979910254478455,
        0.015211058780550957,
        -0.06787580251693726,
        -0.8406396508216858,
        0.04357832670211792,
        0.5398386716842651,
        2.5556185245513916
    ],
    [
        0.4839758276939392,
        -0.0404902882874012,
        0.8741441369056702,
        0.5933189988136292,
        0.06713502109050751,
        0.997702956199646,
        0.009043761529028416,
        -0.07037420570850372,
        -0.8725022673606873,
        0.05430872365832329,
        0.4855823814868927,
        2.696986436843872
    ],
    [
        0.4171871244907379,
        -0.036308351904153824,
        0.9080950617790222,
        0.6679726839065552,
        0.07503507286310196,
        0.9971663355827332,
        0.005397886037826538,
        -0.10871553421020508,
        -0.9057177305221558,
        0.06588704884052277,
        0.418729305267334,
        2.833444118499756
    ],
    [
        0.341408371925354,
        -0.030198879539966583,
        0.9394297003746033,
        0.7181786894798279,
        0.07803865522146225,
        0.9969435334205627,
        0.0036868383176624775,
        -0.12366165220737457,
        -0.9366697669029236,
        0.07205312699079514,
        0.342721551656723,
        3.0009429454803467
    ],
    [
        0.26770222187042236,
        -0.023754023015499115,
        0.9632089138031006,
        0.722093939781189,
        0.07997559010982513,
        0.9967939257621765,
        0.00235486077144742,
        -0.11700540781021118,
        -0.9601767659187317,
        0.07640278339385986,
        0.26874369382858276,
        3.124309539794922
    ],
    [
        0.18117599189281464,
        -0.017704302445054054,
        0.9832913875579834,
        0.6843742728233337,
        0.07649258524179459,
        0.997062623500824,
        0.003858144162222743,
        -0.10375863313674927,
        -0.9804714322090149,
        0.07451549172401428,
        0.18199802935123444,
        3.26918625831604
    ],
    [
        0.09976255148649216,
        -0.019460013136267662,
        0.9948209524154663,
        0.6465085744857788,
        0.06593374162912369,
        0.9977405071258545,
        0.012905167415738106,
        -0.10291930288076401,
        -0.992824375629425,
        0.06430481374263763,
        0.10082019120454788,
        3.411760091781616
    ],
    [
        0.00798261258751154,
        -0.023874791339039803,
        0.9996830821037292,
        0.5930396318435669,
        0.051824361085891724,
        0.9983813166618347,
        0.023429878056049347,
        -0.10115622729063034,
        -0.998624324798584,
        0.051620904356241226,
        0.00920700654387474,
        3.5697529315948486
    ],
    [
        -0.08113010972738266,
        -0.030154448002576828,
        0.9962472319602966,
        0.5231818556785583,
        0.03464073687791824,
        0.9988529682159424,
        0.03305431827902794,
        -0.0963219553232193,
        -0.9961012005805969,
        0.037192441523075104,
        -0.07999249547719955,
        3.7162106037139893
    ]
]