[
    [
        -0.32786256074905396,
        -0.1837639957666397,
        0.9266806244850159,
        -0.278857946395874,
        0.02608712576329708,
        0.9787643551826477,
        0.20332209765911102,
        -0.30832359194755554,
        -0.9443651437759399,
        0.09083612263202667,
        -0.3161063492298126,
        1.1771982908248901
    ],
    [
        -0.33559274673461914,
        -0.18370287120342255,
        0.9239214062690735,
        -0.22895172238349915,
        0.024588236585259438,
        0.9787585139274597,
        0.20353718101978302,
        -0.313620001077652,
        -0.9416861534118652,
        0.09102319180965424,
        -0.32394731044769287,
        1.2036737203598022
    ],
    [
        -0.33882832527160645,
        -0.1850006878376007,
        0.9224804639816284,
        -0.1716018170118332,
        0.0233635064214468,
        0.9785206317901611,
        0.20482082664966583,
        -0.3150210678577423,
        -0.940558135509491,
        0.09095145016908646,
        -0.3272281885147095,
        1.2246001958847046
    ],
    [
        -0.33570507168769836,
        -0.1856393963098526,
        0.9234934449195862,
        -0.10236205905675888,
        0.023925820365548134,
        0.9783914685249329,
        0.20537236332893372,
        -0.30767518281936646,
        -0.9416632056236267,
        0.09103986620903015,
        -0.32400938868522644,
        1.2297443151474
    ],
    [
        -0.32672369480133057,
        -0.1860663741827011,
        0.9266233444213867,
        -0.025647183880209923,
        0.027212606742978096,
        0.9781709313392639,
        0.20601220428943634,
        -0.2938922345638275,
        -0.9447280168533325,
        0.09252490848302841,
        -0.3145282566547394,
        1.218016266822815
    ],
    [
        -0.3208421766757965,
        -0.18631909787654877,
        0.9286255836486816,
        0.03709566965699196,
        0.027841513976454735,
        0.9781808853149414,
        0.20588114857673645,
        -0.28414690494537354,
        -0.9467234015464783,
        0.09190967679023743,
        -0.3086543083190918,
        1.2231887578964233
    ],
    [
        -0.321962833404541,
        -0.1865168809890747,
        0.9281978607177734,
        0.0894986018538475,
        0.026219084858894348,
        0.9782693982124329,
        0.20567309856414795,
        -0.28213798999786377,
        -0.9463891983032227,
        0.0905555859208107,
        -0.31007614731788635,
        1.2595964670181274
    ],
    [
        -0.3251979351043701,
        -0.18730510771274567,
        0.9269104599952698,
        0.13638395071029663,
        0.023630255833268166,
        0.978272020816803,
        0.20597445964813232,
        -0.28343185782432556,
        -0.9453505873680115,
        0.08888561278581619,
        -0.3137059807777405,
        1.3057570457458496
    ],
    [
        -0.33022066950798035,
        -0.1882830709218979,
        0.9249345064163208,
        0.17928460240364075,
        0.020010191947221756,
        0.9782868027687073,
        0.20628772675991058,
        -0.2861897349357605,
        -0.9436916708946228,
        0.08662857860326767,
        -0.3192829191684723,
        1.3601809740066528
    ],
    [
        -0.33559650182724,
        -0.19047869741916656,
        0.9225468635559082,
        0.22219263017177582,
        0.01752520725131035,
        0.9779111742973328,
        0.20828494429588318,
        -0.29205915331840515,
        -0.9418427348136902,
        0.08606754243373871,
        -0.32484540343284607,
        1.4156290292739868
    ],
    [
        -0.3411007225513458,
        -0.19260957837104797,
        0.9200825691223145,
        0.2665240466594696,
        0.015488424338400364,
        0.9774989485740662,
        0.21037109196186066,
        -0.29817938804626465,
        -0.9398990869522095,
        0.08600835502147675,
        -0.3304423391819,
        1.470237374305725
    ],
    [
        -0.34601864218711853,
        -0.19349104166030884,
        0.9180589914321899,
        0.3104493021965027,
        0.013394122943282127,
        0.9773849844932556,
        0.21104292571544647,
        -0.3003900349140167,
        -0.9381319284439087,
        0.08532141894102097,
        -0.3356017768383026,
        1.5213373899459839
    ],
    [
        -0.3490809500217438,
        -0.19413352012634277,
        0.916763186454773,
        0.35711127519607544,
        0.012669322080910206,
        0.977238655090332,
        0.21176399290561676,
        -0.30012041330337524,
        -0.937006950378418,
        0.08553754538297653,
        -0.338675856590271,
        1.561880350112915
    ],
    [
        -0.3491417169570923,
        -0.194271057844162,
        0.9167108535766602,
        0.4121195375919342,
        0.01416865549981594,
        0.9770675301551819,
        0.21245823800563812,
        -0.29620254039764404,
        -0.9369628429412842,
        0.08716657012701035,
        -0.33838245272636414,
        1.5872650146484375
    ],
    [
        -0.34802931547164917,
        -0.19253958761692047,
        0.9174988269805908,
        0.47166234254837036,
        0.015735721215605736,
        0.9773448705673218,
        0.21106736361980438,
        -0.28851261734962463,
        -0.9373515248298645,
        0.08789513260126114,
        -0.3371148705482483,
        1.6090312004089355
    ],
    [
        -0.3483336269855499,
        -0.19002965092658997,
        0.9179064631462097,
        0.5282701253890991,
        0.016926085576415062,
        0.9778006076812744,
        0.20885246992111206,
        -0.279394268989563,
        -0.9372175931930542,
        0.08828695118427277,
        -0.337384432554245,
        1.6378644704818726
    ],
    [
        -0.35078665614128113,
        -0.18642187118530273,
        0.9177121520042419,
        0.5854891538619995,
        0.018069017678499222,
        0.978455126285553,
        0.20566774904727936,
        -0.2674923539161682,
        -0.9362809658050537,
        0.08872766047716141,
        -0.3398604989051819,
        1.6771903038024902
    ],
    [
        -0.3551408052444458,
        -0.1859276443719864,
        0.9161363840103149,
        0.6593051552772522,
        0.016287267208099365,
        0.9786417484283447,
        0.2049267441034317,
        -0.27001243829727173,
        -0.9346708655357361,
        0.08769922703504562,
        -0.3445274233818054,
        1.7327278852462769
    ],
    [
        -0.360630601644516,
        -0.1861554980278015,
        0.9139429926872253,
        0.7430166602134705,
        0.011249281466007233,
        0.9789409041404724,
        0.20383340120315552,
        -0.2735693156719208,
        -0.9326408505439758,
        0.08378977328538895,
        -0.3509419560432434,
        1.8015108108520508
    ],
    [
        -0.3637661039829254,
        -0.1869041472673416,
        0.9125464558601379,
        0.8200386762619019,
        0.00764232175424695,
        0.9790310859680176,
        0.20356766879558563,
        -0.2772081196308136,
        -0.9314589500427246,
        0.08102500438690186,
        -0.3547099232673645,
        1.8527475595474243
    ],
    [
        -0.36717188358306885,
        -0.18763427436351776,
        0.9110313653945923,
        0.8903318047523499,
        0.003899517934769392,
        0.9791232943534851,
        0.20322994887828827,
        -0.27832430601119995,
        -0.9301449060440063,
        0.07817290723323822,
        -0.358774870634079,
        1.902649164199829
    ],
    [
        -0.36940354108810425,
        -0.1888962686061859,
        0.9098677635192871,
        0.9507579803466797,
        0.002239856868982315,
        0.9789379835128784,
        0.20414525270462036,
        -0.27828365564346313,
        -0.9292663931846619,
        0.07744994014501572,
        -0.3612000346183777,
        1.9434062242507935
    ],
    [
        -0.3717127740383148,
        -0.1899058073759079,
        0.9087163209915161,
        1.0065031051635742,
        0.002140399068593979,
        0.9786755442619324,
        0.20540156960487366,
        -0.2740417420864105,
        -0.9283453226089478,
        0.07829540967941284,
        -0.3633796274662018,
        1.9808636903762817
    ],
    [
        -0.37325146794319153,
        -0.1909959614276886,
        0.9078567028045654,
        1.0534379482269287,
        0.004608066752552986,
        0.9781845808029175,
        0.2076861709356308,
        -0.26726284623146057,
        -0.9277188181877136,
        0.08170261979103088,
        -0.3642287254333496,
        2.013244867324829
    ],
    [
        -0.37714096903800964,
        -0.19400015473365784,
        0.9056096076965332,
        1.1044071912765503,
        0.006962955463677645,
        0.9771939516067505,
        0.2122347205877304,
        -0.2665196359157562,
        -0.9261297583580017,
        0.08634811639785767,
        -0.3671889901161194,
        2.055647373199463
    ]
]