[
    [
        0.999989926815033,
        0.003685317002236843,
        0.0025736400857567787,
        -0.011669041588902473,
        -0.003744749119505286,
        0.9997172355651855,
        0.02348330430686474,
        -0.07130924612283707,
        -0.0024863691069185734,
        -0.023492705076932907,
        0.9997208714485168,
        -0.016011137515306473
    ],
    [
        0.9999902248382568,
        0.0037113376893103123,
        0.0023959081154316664,
        -0.011900116689503193,
        -0.003778995480388403,
        0.9995757341384888,
        0.028880639001727104,
        -0.08412600308656693,
        -0.002287705894559622,
        -0.028889412060379982,
        0.9995799660682678,
        -0.018538616597652435
    ],
    [
        0.9999893307685852,
        0.0039403680711984634,
        0.002462587784975767,
        -0.012236841954290867,
        -0.004022653680294752,
        0.9994015693664551,
        0.034354016184806824,
        -0.09719688445329666,
        -0.002325747162103653,
        -0.034363552927970886,
        0.9994066953659058,
        -0.02092748135328293
    ],
    [
        0.9999886751174927,
        0.004090635105967522,
        0.0024594508577138186,
        -0.012370506301522255,
        -0.004188531544059515,
        0.9991416335105896,
        0.04121234267950058,
        -0.11327631026506424,
        -0.0022887554951012135,
        -0.04122217372059822,
        0.9991474151611328,
        -0.024205289781093597
    ],
    [
        0.9999889135360718,
        0.004035144113004208,
        0.0024584245402365923,
        -0.012422295287251472,
        -0.004145951941609383,
        0.9988922476768494,
        0.04687156155705452,
        -0.12612606585025787,
        -0.0022665683645755053,
        -0.04688122868537903,
        0.998897910118103,
        -0.026701049879193306
    ],
    [
        0.9999884963035583,
        0.0042004832066595554,
        0.0023663875181227922,
        -0.012059084139764309,
        -0.004319417290389538,
        0.9985998272895813,
        0.052723925560712814,
        -0.13962842524051666,
        -0.0021416079252958298,
        -0.05273353308439255,
        0.9986063838005066,
        -0.029475124552845955
    ],
    [
        0.9999868869781494,
        0.004490049555897713,
        0.002478010253980756,
        -0.011948454193770885,
        -0.004629695322364569,
        0.9982136487960815,
        0.05956585332751274,
        -0.15588818490505219,
        -0.0022061301860958338,
        -0.05957654491066933,
        0.9982213377952576,
        -0.03262411803007126
    ],
    [
        0.9999868273735046,
        0.00448070140555501,
        0.0025432633701711893,
        -0.01172653492540121,
        -0.00463699409738183,
        0.9978616237640381,
        0.0651969239115715,
        -0.16929659247398376,
        -0.0022456967271864414,
        -0.06520785391330719,
        0.9978691339492798,
        -0.035271354019641876
    ],
    [
        0.9999867677688599,
        0.004460028372704983,
        0.00258058775216341,
        -0.011350547894835472,
        -0.004634404554963112,
        0.9973894953727722,
        0.07206010073423386,
        -0.18595945835113525,
        -0.0022524616215378046,
        -0.07207109779119492,
        0.9973969459533691,
        -0.0387471579015255
    ],
    [
        0.9999863505363464,
        0.004511731676757336,
        0.0026524176355451345,
        -0.011271737515926361,
        -0.004703988321125507,
        0.9969728589057922,
        0.07760821282863617,
        -0.1991981416940689,
        -0.002294241450726986,
        -0.07761963456869125,
        0.9969803690910339,
        -0.041488464921712875
    ],
    [
        0.999986469745636,
        0.0044384850189089775,
        0.00273138121701777,
        -0.011087763123214245,
        -0.004650610499083996,
        0.9965132474899292,
        0.08330512046813965,
        -0.21245810389518738,
        -0.0023521087132394314,
        -0.08331668376922607,
        0.9965204000473022,
        -0.04436871036887169
    ],
    [
        0.9999861121177673,
        0.004512529820203781,
        0.0026971048209816217,
        -0.010527865029871464,
        -0.0047379303723573685,
        0.9958925247192383,
        0.09041966497898102,
        -0.22883273661136627,
        -0.0022780043072998524,
        -0.09043119847774506,
        0.9959000945091248,
        -0.047961439937353134
    ],
    [
        0.9999858140945435,
        0.004521165508776903,
        0.002813063794746995,
        -0.009998204186558723,
        -0.004770895466208458,
        0.9953479170799255,
        0.09622763097286224,
        -0.24191400408744812,
        -0.0023649162612855434,
        -0.09623967111110687,
        0.9953553676605225,
        -0.05082244053483009
    ],
    [
        0.9999852180480957,
        0.0046021342277526855,
        0.0028644264675676823,
        -0.009589536115527153,
        -0.004869766533374786,
        0.994796097278595,
        0.10176897048950195,
        -0.25504884123802185,
        -0.002381165511906147,
        -0.10178142786026001,
        0.9948039650917053,
        -0.053747158497571945
    ],
    [
        0.9999840259552002,
        0.004843304865062237,
        0.0029162438586354256,
        -0.009199983440339565,
        -0.005131792742758989,
        0.9940534234046936,
        0.10877250134944916,
        -0.27209505438804626,
        -0.002372083952650428,
        -0.10878574103116989,
        0.9940623641014099,
        -0.05712786689400673
    ],
    [
        0.9999845027923584,
        0.004764121491461992,
        0.002900811145082116,
        -0.008879929780960083,
        -0.0050641922280192375,
        0.9934473633766174,
        0.11417826265096664,
        -0.2854706645011902,
        -0.0023378438781946898,
        -0.11419118195772171,
        0.9934559464454651,
        -0.05982951819896698
    ],
    [
        0.9999842047691345,
        0.004809167701750994,
        0.0029200767166912556,
        -0.008173111826181412,
        -0.005127446725964546,
        0.9926252961158752,
        0.1211150512099266,
        -0.30205395817756653,
        -0.002316078869625926,
        -0.12112811207771301,
        0.9926342368125916,
        -0.06355223059654236
    ],
    [
        0.9999829530715942,
        0.004865205846726894,
        0.0032329715322703123,
        -0.007904316298663616,
        -0.005235388875007629,
        0.9919393658638,
        0.12660491466522217,
        -0.3151511251926422,
        -0.0025909533724188805,
        -0.12661968171596527,
        0.9919479489326477,
        -0.06629732251167297
    ],
    [
        0.9999822378158569,
        0.00493968091905117,
        0.0033317161723971367,
        -0.007429921999573708,
        -0.00533690769225359,
        0.9912033677101135,
        0.13223977386951447,
        -0.328358918428421,
        -0.002649185946211219,
        -0.1322551816701889,
        0.9912121891975403,
        -0.06927889585494995
    ],
    [
        0.9999814033508301,
        0.004987528547644615,
        0.0035134004428982735,
        -0.006775992456823587,
        -0.005428528878837824,
        0.9902262091636658,
        0.13936524093151093,
        -0.344740629196167,
        -0.0027839725371450186,
        -0.13938172161579132,
        0.9902348518371582,
        -0.07254599779844284
    ],
    [
        0.9999792575836182,
        0.005300639197230339,
        0.003676018211990595,
        -0.006394634488970041,
        -0.005778240039944649,
        0.9893860816955566,
        0.1451958864927292,
        -0.3580377399921417,
        -0.002867370378226042,
        -0.14521408081054688,
        0.9893961548805237,
        -0.07534413039684296
    ],
    [
        0.9999772310256958,
        0.005550294648855925,
        0.0038523150142282248,
        -0.0063310423865914345,
        -0.006067620124667883,
        0.9885541200637817,
        0.15074437856674194,
        -0.3711526691913605,
        -0.0029715464916080236,
        -0.1507643163204193,
        0.9885652661323547,
        -0.07817746698856354
    ],
    [
        0.9999761581420898,
        0.005582808516919613,
        0.004085175227373838,
        -0.006068361923098564,
        -0.006157225929200649,
        0.9874677062034607,
        0.15770064294338226,
        -0.38740062713623047,
        -0.003153566038236022,
        -0.15772202610969543,
        0.987478494644165,
        -0.08180470019578934
    ],
    [
        0.999975860118866,
        0.005513966549187899,
        0.004233787301927805,
        -0.005850895773619413,
        -0.006132080685347319,
        0.9865219593048096,
        0.1635138839483261,
        -0.40075626969337463,
        -0.003275113645941019,
        -0.16353587806224823,
        0.9865319132804871,
        -0.08458501100540161
    ],
    [
        0.9999743103981018,
        0.005612867884337902,
        0.004484569188207388,
        -0.005663720425218344,
        -0.006296602543443441,
        0.9852758049964905,
        0.17085620760917664,
        -0.41779783368110657,
        -0.0034595446195453405,
        -0.1708800345659256,
        0.9852858185768127,
        -0.08836658298969269
    ]
]