[
    [
        0.9999878406524658,
        0.0037235687486827374,
        0.003228344488888979,
        -0.09544095396995544,
        -0.003717835061252117,
        0.9999914765357971,
        -0.0017802621005102992,
        0.005302377510815859,
        -0.0032349457032978535,
        0.0017682379111647606,
        0.9999932050704956,
        -0.002956892130896449
    ],
    [
        0.9999840259552002,
        0.004117949865758419,
        0.0038696415722370148,
        -0.10536756366491318,
        -0.0041115013882517815,
        0.9999900460243225,
        -0.001672834623605013,
        0.005109901074320078,
        -0.0038764916826039553,
        0.0016568981809541583,
        0.9999911785125732,
        -0.0034513622522354126
    ],
    [
        0.9999803304672241,
        0.004535917658358812,
        0.004342404194176197,
        -0.11440718919038773,
        -0.004528231918811798,
        0.9999881982803345,
        -0.001778274541720748,
        0.005381400231271982,
        -0.004350418224930763,
        0.0017585766036063433,
        0.9999890327453613,
        -0.004150541499257088
    ],
    [
        0.9999755024909973,
        0.005102834664285183,
        0.004796299617737532,
        -0.12341146171092987,
        -0.005093883723020554,
        0.9999852180480957,
        -0.0018767997389659286,
        0.00558567326515913,
        -0.0048058065585792065,
        0.0018523220205679536,
        0.9999867677688599,
        -0.004555458202958107
    ],
    [
        0.9999707937240601,
        0.0055546509101986885,
        0.005251583177596331,
        -0.1318284124135971,
        -0.0055457307025790215,
        0.9999831914901733,
        -0.0017114828806370497,
        0.005297017749398947,
        -0.005260999780148268,
        0.001682309084571898,
        0.9999847412109375,
        -0.005025572143495083
    ],
    [
        0.9999663233757019,
        0.005994653794914484,
        0.005614934954792261,
        -0.1397296041250229,
        -0.005985565017908812,
        0.9999806880950928,
        -0.0016339936992153525,
        0.005063049960881472,
        -0.005624621640890837,
        0.001600330462679267,
        0.9999829530715942,
        -0.005570730194449425
    ],
    [
        0.9999590516090393,
        0.0066484808921813965,
        0.006160173565149307,
        -0.15219935774803162,
        -0.00663810595870018,
        0.9999765157699585,
        -0.0017032460309565067,
        0.005384301766753197,
        -0.0061713531613349915,
        0.001662284368649125,
        0.9999796152114868,
        -0.006216159090399742
    ],
    [
        0.9999521970748901,
        0.007262316066771746,
        0.0065584671683609486,
        -0.16095833480358124,
        -0.0072520119138062,
        0.999972403049469,
        -0.0015936903655529022,
        0.005258782301098108,
        -0.006569860503077507,
        0.0015460525173693895,
        0.9999772310256958,
        -0.0068154726177453995
    ],
    [
        0.9999450445175171,
        0.007814555428922176,
        0.006995148491114378,
        -0.16983026266098022,
        -0.007804432883858681,
        0.9999684691429138,
        -0.0014729941030964255,
        0.005095533095300198,
        -0.007006438914686441,
        0.0014183196472004056,
        0.9999743700027466,
        -0.0073988186195492744
    ],
    [
        0.999939501285553,
        0.008169824257493019,
        0.007369047496467829,
        -0.1785651445388794,
        -0.008159319870173931,
        0.9999656677246094,
        -0.0014544163132086396,
        0.005220094695687294,
        -0.007380676921457052,
        0.001394201535731554,
        0.9999717473983765,
        -0.007759693078696728
    ],
    [
        0.9999326467514038,
        0.008653472177684307,
        0.00774281146004796,
        -0.1872006356716156,
        -0.008643564768135548,
        0.999961793422699,
        -0.0013120549265295267,
        0.00495387427508831,
        -0.00775386905297637,
        0.0012450411450117826,
        0.9999691247940063,
        -0.008281802758574486
    ],
    [
        0.9999218583106995,
        0.009456570260226727,
        0.00818784162402153,
        -0.19553805887699127,
        -0.009446363896131516,
        0.9999545812606812,
        -0.0012843009317293763,
        0.0050047412514686584,
        -0.008199614472687244,
        0.0012068552896380424,
        0.9999656677246094,
        -0.00881663803011179
    ],
    [
        0.9999112486839294,
        0.01014332938939333,
        0.008639106526970863,
        -0.20555269718170166,
        -0.010134086944162846,
        0.9999480843544006,
        -0.0011130200000479817,
        0.004821009933948517,
        -0.008649948053061962,
        0.0010253727668896317,
        0.9999619722366333,
        -0.009359304793179035
    ],
    [
        0.99990314245224,
        0.01070892158895731,
        0.00889542791992426,
        -0.21166729927062988,
        -0.01070097554475069,
        0.9999423623085022,
        -0.0009402759023942053,
        0.004552839789539576,
        -0.008904984220862389,
        0.0008449951419606805,
        0.9999599456787109,
        -0.0098424619063735
    ],
    [
        0.9998928308486938,
        0.011307410895824432,
        0.009288173168897629,
        -0.21754904091358185,
        -0.011298057623207569,
        0.9999355673789978,
        -0.001058821682818234,
        0.004830097779631615,
        -0.009299548342823982,
        0.0009537703590467572,
        0.9999563694000244,
        -0.010099359788000584
    ],
    [
        0.9998849630355835,
        0.011799350380897522,
        0.009537984617054462,
        -0.22294554114341736,
        -0.011790123768150806,
        0.9999299049377441,
        -0.0010230246698483825,
        0.004728151950985193,
        -0.009549387730658054,
        0.0009104531491175294,
        0.9999539852142334,
        -0.010413226671516895
    ],
    [
        0.9998763799667358,
        0.012388613075017929,
        0.009677593596279621,
        -0.22795991599559784,
        -0.012380107305943966,
        0.9999229311943054,
        -0.0009383316501043737,
        0.004447055049240589,
        -0.00968847144395113,
        0.0008184064645320177,
        0.9999527931213379,
        -0.010840647853910923
    ],
    [
        0.9998607039451599,
        0.013444177806377411,
        0.009885595180094242,
        -0.23314327001571655,
        -0.013435174711048603,
        0.9999092817306519,
        -0.0009764357237145305,
        0.004546039737761021,
        -0.009897824376821518,
        0.000843485351651907,
        0.999950647354126,
        -0.011090624146163464
    ],
    [
        0.9998437762260437,
        0.014444428496062756,
        0.01018186379224062,
        -0.24026481807231903,
        -0.01443681214004755,
        0.9998953938484192,
        -0.0008211228414438665,
        0.004326071124523878,
        -0.010192661546170712,
        0.0006740009994246066,
        0.9999477863311768,
        -0.011507616378366947
    ],
    [
        0.9998282790184021,
        0.015338788740336895,
        0.010395443066954613,
        -0.2445029765367508,
        -0.015332380309700966,
        0.9998822212219238,
        -0.0006958653684705496,
        0.004125926177948713,
        -0.010404892265796661,
        0.0005363596719689667,
        0.9999457597732544,
        -0.01176318060606718
    ],
    [
        0.9998193383216858,
        0.01579982042312622,
        0.010577723383903503,
        -0.24852173030376434,
        -0.01579326204955578,
        0.9998750686645508,
        -0.000703168916516006,
        0.004192765336483717,
        -0.010587511584162712,
        0.0005359841743484139,
        0.9999438524246216,
        -0.011843168176710606
    ],
    [
        0.999810516834259,
        0.01627921499311924,
        0.01067324448376894,
        -0.2521651089191437,
        -0.01627172902226448,
        0.99986732006073,
        -0.0007878894102759659,
        0.004187329672276974,
        -0.010684654116630554,
        0.0006140685873106122,
        0.9999427795410156,
        -0.012110238894820213
    ],
    [
        0.999800980091095,
        0.016729207709431648,
        0.010861523449420929,
        -0.25563299655914307,
        -0.01672310195863247,
        0.9998599886894226,
        -0.000652800255920738,
        0.004056487698107958,
        -0.010870922356843948,
        0.0004710317589342594,
        0.9999407529830933,
        -0.012287474237382412
    ],
    [
        0.9997910857200623,
        0.01725677028298378,
        0.010952888056635857,
        -0.2593344449996948,
        -0.0172490905970335,
        0.999850869178772,
        -0.0007954975008033216,
        0.00425306661054492,
        -0.010964983142912388,
        0.0006064034532755613,
        0.9999396800994873,
        -0.01259563583880663
    ],
    [
        0.9997764825820923,
        0.017917942255735397,
        0.011225146241486073,
        -0.2646311819553375,
        -0.017911799252033234,
        0.9998393654823303,
        -0.0006476384005509317,
        0.004081787541508675,
        -0.011234946548938751,
        0.0004464306985028088,
        0.9999368190765381,
        -0.012730920687317848
    ]
]