[
    [
        0.9999911785125732,
        0.0021399834658950567,
        0.0036312825977802277,
        -0.029087932780385017,
        -0.0021434458903968334,
        0.9999973177909851,
        0.0009499149164184928,
        -0.008024681359529495,
        -0.003629240207374096,
        -0.0009576899465173483,
        0.999992847442627,
        -0.009978015907108784
    ],
    [
        0.9999927282333374,
        0.0023349823895841837,
        0.0030089833308011293,
        -0.03915969654917717,
        -0.002337908372282982,
        0.9999967813491821,
        0.0009694662876427174,
        -0.009109695442020893,
        -0.0030067097395658493,
        -0.0009764936985448003,
        0.9999949932098389,
        -0.008420944213867188
    ],
    [
        0.9999945759773254,
        0.002144857309758663,
        0.0025167439598590136,
        -0.049289003014564514,
        -0.002146868733689189,
        0.9999973177909851,
        0.0007968662539497018,
        -0.009524847380816936,
        -0.002515028230845928,
        -0.0008022647234611213,
        0.999996542930603,
        -0.007154710125178099
    ],
    [
        0.9999966621398926,
        0.0021246939431875944,
        0.0015065297484397888,
        -0.062393270432949066,
        -0.002125644823536277,
        0.9999975562095642,
        0.0006301638786680996,
        -0.009477810934185982,
        -0.0015051865484565496,
        -0.0006333642522804439,
        0.9999986886978149,
        -0.005903481971472502
    ],
    [
        0.9999971389770508,
        0.0022096687462180853,
        0.0009791188640519977,
        -0.07246927171945572,
        -0.002210407517850399,
        0.9999972581863403,
        0.0007536328630521894,
        -0.009758524596691132,
        -0.0009774509817361832,
        -0.0007557949866168201,
        0.9999991655349731,
        -0.005571920424699783
    ],
    [
        0.9999971985816956,
        0.002348619746044278,
        0.00028022006154060364,
        -0.08483961224555969,
        -0.0023487715516239405,
        0.999997079372406,
        0.0005412624450400472,
        -0.009009490720927715,
        -0.0002789490099530667,
        -0.000541919725947082,
        0.9999998807907104,
        -0.004138358868658543
    ],
    [
        0.9999971389770508,
        0.0023719787131994963,
        -0.0002998299023602158,
        -0.09517277777194977,
        -0.002371865324676037,
        0.9999971389770508,
        0.0003752022166736424,
        -0.008404008112847805,
        0.0003007180930580944,
        -0.00037449077353812754,
        0.9999998807907104,
        -0.003271878696978092
    ],
    [
        0.9999959468841553,
        0.0025867046788334846,
        -0.0012435867683961987,
        -0.10688839107751846,
        -0.0025863421615213156,
        0.9999966025352478,
        0.0002932665520347655,
        -0.008314778096973896,
        0.0012443414889276028,
        -0.00029004845418967307,
        0.9999991655349731,
        -0.0018331120954826474
    ],
    [
        0.9999949932098389,
        0.0025623461697250605,
        -0.0018510802183300257,
        -0.11563590914011002,
        -0.0025619561783969402,
        0.9999966025352478,
        0.00021270744036883116,
        -0.008282887749373913,
        0.0018516189884394407,
        -0.00020796453463844955,
        0.9999983310699463,
        -0.0008847230928950012
    ],
    [
        0.999992311000824,
        0.002698343014344573,
        -0.0028523090295493603,
        -0.12597380578517914,
        -0.0026973842177540064,
        0.9999963045120239,
        0.0003400063724257052,
        -0.008159127086400986,
        0.002853215904906392,
        -0.0003323095734231174,
        0.9999958276748657,
        0.0009433628292754292
    ],
    [
        0.9999901056289673,
        0.002580813365057111,
        -0.003622592892497778,
        -0.13432066142559052,
        -0.00257967971265316,
        0.9999966621398926,
        0.0003174632729496807,
        -0.007615748792886734,
        0.0036233996506780386,
        -0.0003081157337874174,
        0.9999933242797852,
        0.002004522830247879
    ],
    [
        0.9999856352806091,
        0.0026348582468926907,
        -0.004690592177212238,
        -0.14376820623874664,
        -0.002633388852700591,
        0.9999964237213135,
        0.00031962175853550434,
        -0.006516315508633852,
        0.004691417794674635,
        -0.0003072652034461498,
        0.9999889135360718,
        0.0034252936020493507
    ],
    [
        0.9999825358390808,
        0.0027332177851349115,
        -0.005244731903076172,
        -0.15149445831775665,
        -0.002731446409597993,
        0.9999961853027344,
        0.00034494572901166975,
        -0.006448852829635143,
        0.005245654843747616,
        -0.0003306132566649467,
        0.9999861717224121,
        0.003983981907367706
    ],
    [
        0.999978244304657,
        0.0028497574385255575,
        -0.005953267682343721,
        -0.15927042067050934,
        -0.0028477844316512346,
        0.9999958276748657,
        0.00033978105057030916,
        -0.006225707475095987,
        0.005954211577773094,
        -0.00032281994936056435,
        0.9999822378158569,
        0.005151090677827597
    ],
    [
        0.9999700784683228,
        0.002791081788018346,
        -0.00721394456923008,
        -0.17032648622989655,
        -0.002789694583043456,
        0.9999961256980896,
        0.00020241178572177887,
        -0.006257092114537954,
        0.0072144814766943455,
        -0.00018228126282338053,
        0.9999740123748779,
        0.007447537966072559
    ],
    [
        0.9999648928642273,
        0.0028257763478904963,
        -0.00790003314614296,
        -0.17823819816112518,
        -0.0028241712134331465,
        0.9999960064888,
        0.0002143155870726332,
        -0.006518601905554533,
        0.007900607772171497,
        -0.00019199741655029356,
        0.9999687671661377,
        0.00884833000600338
    ],
    [
        0.9999527931213379,
        0.003022917779162526,
        -0.009242409840226173,
        -0.18899834156036377,
        -0.003021073527634144,
        0.9999954104423523,
        0.00021353612828534096,
        -0.006814082618802786,
        0.009243013337254524,
        -0.00018560391617938876,
        0.9999573230743408,
        0.01047990471124649
    ],
    [
        0.999945342540741,
        0.0030400105752050877,
        -0.010006997734308243,
        -0.19653162360191345,
        -0.0030396771617233753,
        0.9999953508377075,
        4.856469968217425e-05,
        -0.007109392434358597,
        0.01000710017979145,
        -1.814430288504809e-05,
        0.9999499320983887,
        0.011667939834296703
    ],
    [
        0.9999334812164307,
        0.002856803359463811,
        -0.01117975264787674,
        -0.20589742064476013,
        -0.0028572650626301765,
        0.9999959468841553,
        -2.5248165911762044e-05,
        -0.007581186015158892,
        0.011179635301232338,
        5.718982356484048e-05,
        0.9999375343322754,
        0.012755277566611767
    ],
    [
        0.9999212026596069,
        0.002758239395916462,
        -0.012250036001205444,
        -0.21518518030643463,
        -0.002757864072918892,
        0.9999961853027344,
        4.750567677547224e-05,
        -0.008300415240228176,
        0.012250121682882309,
        -1.371732014376903e-05,
        0.9999250173568726,
        0.013690276071429253
    ],
    [
        0.9999056458473206,
        0.002628529677167535,
        -0.0134843485429883,
        -0.2243194431066513,
        -0.002631745534017682,
        0.9999964833259583,
        -0.00022078950132708997,
        -0.008284838870167732,
        0.01348372083157301,
        0.0002562555600889027,
        0.9999091625213623,
        0.01461918093264103
    ],
    [
        0.9998922944068909,
        0.002726582810282707,
        -0.014417656697332859,
        -0.23176789283752441,
        -0.0027287504635751247,
        0.9999963045120239,
        -0.00013065489474684,
        -0.008402008563280106,
        0.014417245984077454,
        0.00016998311912175268,
        0.9998960494995117,
        0.015490441583096981
    ],
    [
        0.9998781681060791,
        0.002546799136325717,
        -0.015403631143271923,
        -0.24110008776187897,
        -0.0025521160569041967,
        0.9999966621398926,
        -0.0003255308256484568,
        -0.00836130976676941,
        0.015402751043438911,
        0.00036480219569057226,
        0.9998812675476074,
        0.01645388826727867
    ],
    [
        0.9998512864112854,
        0.002510707126930356,
        -0.017058849334716797,
        -0.2502969205379486,
        -0.00252026179805398,
        0.9999967217445374,
        -0.0005386403063312173,
        -0.00785894226282835,
        0.01705744117498398,
        0.0005815527401864529,
        0.999854326248169,
        0.016914406791329384
    ],
    [
        0.999826967716217,
        0.0025253870990127325,
        -0.018427694216370583,
        -0.2614034116268158,
        -0.0025382188614457846,
        0.999996542930603,
        -0.0006729819579049945,
        -0.007627532817423344,
        0.01842593029141426,
        0.0007196391234174371,
        0.9998300075531006,
        0.01724814623594284
    ]
]