[
    [
        0.9976694583892822,
        0.0038689186330884695,
        -0.06812188029289246,
        0.2012176215648651,
        -0.0036398801021277905,
        0.9999873042106628,
        0.0034859899897128344,
        0.013627887703478336,
        0.06813450902700424,
        -0.003229910507798195,
        0.9976709485054016,
        0.6542724370956421
    ],
    [
        0.9961703419685364,
        0.004436229821294546,
        -0.08732175081968307,
        0.27127590775489807,
        -0.0038343630731105804,
        0.9999678134918213,
        0.007059038151055574,
        0.004553165752440691,
        0.08735024183988571,
        -0.0066971806809306145,
        0.9961550831794739,
        0.794358491897583
    ],
    [
        0.9939388632774353,
        0.005460111889988184,
        -0.10979826748371124,
        0.34895092248916626,
        -0.004302492365241051,
        0.9999327063560486,
        0.010777302086353302,
        -0.004001193679869175,
        0.1098497211933136,
        -0.010239574126899242,
        0.9938954710960388,
        0.9667335748672485
    ],
    [
        0.9910776019096375,
        0.007803674321621656,
        -0.13305725157260895,
        0.4259845018386841,
        -0.006110255140811205,
        0.9998952150344849,
        0.013130574487149715,
        -0.006250408478081226,
        0.1331457644701004,
        -0.012200405821204185,
        0.9910212755203247,
        1.1470158100128174
    ],
    [
        0.987607479095459,
        0.010733413510024548,
        -0.15657691657543182,
        0.4984743893146515,
        -0.008426348678767681,
        0.9998461604118347,
        0.015390744432806969,
        -0.010434826835989952,
        0.15671801567077637,
        -0.01388064306229353,
        0.987545907497406,
        1.3350964784622192
    ],
    [
        0.9837005138397217,
        0.015495308674871922,
        -0.1791454553604126,
        0.5591466426849365,
        -0.012650773860514164,
        0.9997753500938416,
        0.017009936273097992,
        -0.015314208343625069,
        0.179368793964386,
        -0.014466354623436928,
        0.9836755394935608,
        1.52033531665802
    ],
    [
        0.9793968796730042,
        0.02060597389936447,
        -0.20089077949523926,
        0.6099023222923279,
        -0.017261579632759094,
        0.9996818900108337,
        0.01838553138077259,
        -0.01852922886610031,
        0.2012057602405548,
        -0.014539042487740517,
        0.9794410467147827,
        1.7071621417999268
    ],
    [
        0.97455233335495,
        0.02549673803150654,
        -0.22270503640174866,
        0.6558931469917297,
        -0.02152535505592823,
        0.9995633959770203,
        0.020242072641849518,
        -0.022099293768405914,
        0.22312390804290771,
        -0.014933153055608273,
        0.9746757745742798,
        1.8990373611450195
    ],
    [
        0.9691120386123657,
        0.02990913763642311,
        -0.24480071663856506,
        0.700218677520752,
        -0.025045374408364296,
        0.9994226694107056,
        0.022957848384976387,
        -0.029161421582102776,
        0.2453460693359375,
        -0.016117600724101067,
        0.9693015813827515,
        2.091967821121216
    ],
    [
        0.9630839824676514,
        0.033737245947122574,
        -0.26707857847213745,
        0.739835798740387,
        -0.027849240228533745,
        0.9992789626121521,
        0.025804264470934868,
        -0.03577088564634323,
        0.26775652170181274,
        -0.01741374097764492,
        0.9633291959762573,
        2.286191940307617
    ],
    [
        0.956163763999939,
        0.0363553948700428,
        -0.2905667722225189,
        0.7810959219932556,
        -0.02923823520541191,
        0.9991575479507446,
        0.028799651190638542,
        -0.037953514605760574,
        0.29136911034584045,
        -0.019041523337364197,
        0.9564211964607239,
        2.488265037536621
    ],
    [
        0.9484115242958069,
        0.03966270014643669,
        -0.31455132365226746,
        0.8198257684707642,
        -0.03112141601741314,
        0.9989989995956421,
        0.03213178366422653,
        -0.04279136285185814,
        0.3155107796192169,
        -0.02068488299846649,
        0.9486965537071228,
        2.690290927886963
    ],
    [
        0.9402670860290527,
        0.043544940650463104,
        -0.337641179561615,
        0.8484489917755127,
        -0.03356992080807686,
        0.9988117218017578,
        0.035328954458236694,
        -0.04824649915099144,
        0.33877843618392944,
        -0.021884068846702576,
        0.940611720085144,
        2.8862390518188477
    ],
    [
        0.9315054416656494,
        0.047046683728694916,
        -0.36067190766334534,
        0.8716753721237183,
        -0.035443831235170364,
        0.9986212253570557,
        0.03872133791446686,
        -0.052781201899051666,
        0.36199626326560974,
        -0.023285536095499992,
        0.9318885803222656,
        3.0763132572174072
    ],
    [
        0.9221153855323792,
        0.050265245139598846,
        -0.38363614678382874,
        0.8839163184165955,
        -0.036841168999671936,
        0.9984270334243774,
        0.04226495698094368,
        -0.05676914006471634,
        0.3851572275161743,
        -0.024839555844664574,
        0.9225167036056519,
        3.266741991043091
    ],
    [
        0.9120187759399414,
        0.05299310013651848,
        -0.4067107141017914,
        0.8936964869499207,
        -0.03691108524799347,
        0.9981988668441772,
        0.04729176312685013,
        -0.06917398422956467,
        0.4084843099117279,
        -0.02811884507536888,
        0.9123321175575256,
        3.450874090194702
    ],
    [
        0.9008041620254517,
        0.055353425443172455,
        -0.4306829869747162,
        0.9026117324829102,
        -0.03672647476196289,
        0.9979999661445618,
        0.0514516681432724,
        -0.07720854878425598,
        0.43266963958740234,
        -0.0305304117500782,
        0.9010355472564697,
        3.637277364730835
    ],
    [
        0.8882135152816772,
        0.05742648243904114,
        -0.4558276832103729,
        0.9121935963630676,
        -0.0368661992251873,
        0.9978668093681335,
        0.053877633064985275,
        -0.07614975422620773,
        0.4579492509365082,
        -0.03105020709335804,
        0.8884357810020447,
        3.829655170440674
    ],
    [
        0.8746414184570312,
        0.05933009833097458,
        -0.4811260998249054,
        0.9210817217826843,
        -0.0367790050804615,
        0.9977432489395142,
        0.056176070123910904,
        -0.07785409688949585,
        0.48337322473526,
        -0.03143857792019844,
        0.8748496770858765,
        4.019299030303955
    ],
    [
        0.8607998490333557,
        0.0603380985558033,
        -0.5053542852401733,
        0.9256044626235962,
        -0.03570515289902687,
        0.9976603984832764,
        0.05829959735274315,
        -0.08159550279378891,
        0.5076896548271179,
        -0.03214053064584732,
        0.8609402775764465,
        4.198021411895752
    ],
    [
        0.8464701175689697,
        0.06095796450972557,
        -0.5289351940155029,
        0.9272125959396362,
        -0.035092055797576904,
        0.9976518154144287,
        0.05881713330745697,
        -0.07988579571247101,
        0.5312786102294922,
        -0.031225521117448807,
        0.8466216325759888,
        4.370793342590332
    ],
    [
        0.8316836357116699,
        0.06073994189500809,
        -0.551917552947998,
        0.9275518655776978,
        -0.03385770320892334,
        0.9976966977119446,
        0.05877896770834923,
        -0.07801076024770737,
        0.5542165040969849,
        -0.03019884042441845,
        0.831824541091919,
        4.540434837341309
    ],
    [
        0.81642746925354,
        0.059970755130052567,
        -0.5743255019187927,
        0.9291197061538696,
        -0.03166944161057472,
        0.9977457523345947,
        0.05916465073823929,
        -0.0804949700832367,
        0.5765790343284607,
        -0.030115079134702682,
        0.8164862394332886,
        4.705010414123535
    ],
    [
        0.8004493713378906,
        0.05882532149553299,
        -0.5965067148208618,
        0.9337195754051208,
        -0.02943130023777485,
        0.9978293776512146,
        0.05890859290957451,
        -0.0808868333697319,
        0.5986772775650024,
        -0.029597369953989983,
        0.8004432916641235,
        4.864076614379883
    ],
    [
        0.7833124399185181,
        0.05749330297112465,
        -0.6189638376235962,
        0.9423444271087646,
        -0.02694016695022583,
        0.9979180097579956,
        0.05859960988163948,
        -0.07873943448066711,
        0.6210441589355469,
        -0.029226813465356827,
        0.7832304239273071,
        5.0202555656433105
    ]
]