[
    [
        0.9494302272796631,
        -0.021914759650826454,
        0.31321224570274353,
        -0.2611274719238281,
        0.012726886197924614,
        0.9994274377822876,
        0.03134910762310028,
        -0.05702373757958412,
        -0.3137199282646179,
        -0.025777574628591537,
        0.9491656422615051,
        0.4275250732898712
    ],
    [
        0.9517465829849243,
        -0.019902879372239113,
        0.30623891949653625,
        -0.2941908538341522,
        0.010106786154210567,
        0.9993862509727478,
        0.03354101628065109,
        -0.058116402477025986,
        -0.30671849846839905,
        -0.028827456757426262,
        0.9513636231422424,
        0.4748736619949341
    ],
    [
        0.9549805521965027,
        -0.014402254484593868,
        0.2963184714317322,
        -0.3556039035320282,
        0.004805928096175194,
        0.9994408488273621,
        0.033088162541389465,
        -0.05919067934155464,
        -0.29662930965423584,
        -0.030174465849995613,
        0.9545158743858337,
        0.5379868149757385
    ],
    [
        0.9607579112052917,
        -0.004644368309527636,
        0.2773492634296417,
        -0.43106284737586975,
        -0.004541134461760521,
        0.9994624853134155,
        0.03246736899018288,
        -0.06209515035152435,
        -0.2773510217666626,
        -0.03245276212692261,
        0.9602203369140625,
        0.6059804558753967
    ],
    [
        0.9712700843811035,
        0.002676171949133277,
        0.2379649132490158,
        -0.46679335832595825,
        -0.01100341696292162,
        0.9993722438812256,
        0.03367217257618904,
        -0.06879950314760208,
        -0.23772545158863068,
        -0.03532320633530617,
        0.9706898927688599,
        0.6594545245170593
    ],
    [
        0.9811670780181885,
        0.00833797175437212,
        0.19298045337200165,
        -0.49674683809280396,
        -0.015694638714194298,
        0.9992058277130127,
        0.0366239994764328,
        -0.08117006719112396,
        -0.1925218254327774,
        -0.03896303102374077,
        0.9805188179016113,
        0.7108404040336609
    ],
    [
        0.9891398549079895,
        0.015550384297966957,
        0.14615239202976227,
        -0.5280233025550842,
        -0.021112902089953423,
        0.9991074204444885,
        0.036585841327905655,
        -0.08701608330011368,
        -0.14545302093029022,
        -0.039274219423532486,
        0.9885852932929993,
        0.7600845694541931
    ],
    [
        0.9952923655509949,
        0.022305427119135857,
        0.0943167507648468,
        -0.5558372139930725,
        -0.02581682987511158,
        0.9990118741989136,
        0.0361749567091465,
        -0.08939065784215927,
        -0.09341666847467422,
        -0.038439616560935974,
        0.9948847889900208,
        0.8071397542953491
    ],
    [
        0.9986141324043274,
        0.029183311387896538,
        0.043796900659799576,
        -0.5998607873916626,
        -0.030771158635616302,
        0.9988768100738525,
        0.03602943941950798,
        -0.09226758778095245,
        -0.04269625246524811,
        -0.03732718899846077,
        0.9983905553817749,
        0.853447437286377
    ],
    [
        0.9992609620094299,
        0.03777971863746643,
        -0.007095993496477604,
        -0.6570402979850769,
        -0.03750516101717949,
        0.9986658692359924,
        0.03549524024128914,
        -0.09723543375730515,
        0.008427527733147144,
        -0.035202864557504654,
        0.9993446469306946,
        0.9094441533088684
    ],
    [
        0.9972545504570007,
        0.04638892039656639,
        -0.05771850049495697,
        -0.7315416932106018,
        -0.044238459318876266,
        0.9982982277870178,
        0.037994276732206345,
        -0.11110889166593552,
        0.05938279256224632,
        -0.03533658757805824,
        0.9976096153259277,
        0.9768721461296082
    ],
    [
        0.9923561215400696,
        0.0536913238465786,
        -0.11111477762460709,
        -0.8071208000183105,
        -0.0499904602766037,
        0.9981067776679993,
        0.03583076596260071,
        -0.12056653201580048,
        0.11282820999622345,
        -0.030002206563949585,
        0.9931614398956299,
        1.0443110466003418
    ],
    [
        0.9833658933639526,
        0.060209061950445175,
        -0.17136645317077637,
        -0.8753505945205688,
        -0.05578337982296944,
        0.9979760050773621,
        0.030529480427503586,
        -0.1261991262435913,
        0.17285776138305664,
        -0.020462246611714363,
        0.9847341775894165,
        1.1099884510040283
    ],
    [
        0.9696958065032959,
        0.0643414780497551,
        -0.2356908917427063,
        -0.9322843551635742,
        -0.059528954327106476,
        0.9978482127189636,
        0.027485327795147896,
        -0.13847997784614563,
        0.23695212602615356,
        -0.012621976435184479,
        0.9714393615722656,
        1.1727969646453857
    ],
    [
        0.9533346891403198,
        0.06373165547847748,
        -0.29511234164237976,
        -0.9745800495147705,
        -0.05802314355969429,
        0.9979205131530762,
        0.028069496154785156,
        -0.15744170546531677,
        0.29628756642341614,
        -0.009636283852159977,
        0.9550502300262451,
        1.237643837928772
    ],
    [
        0.9389508962631226,
        0.06546181440353394,
        -0.3377661406993866,
        -1.0363737344741821,
        -0.059497468173503876,
        0.9978359341621399,
        0.027992581948637962,
        -0.16769368946552277,
        0.3388676047325134,
        -0.006187430117279291,
        0.9408136606216431,
        1.2957173585891724
    ],
    [
        0.927984356880188,
        0.0677763819694519,
        -0.3664034307003021,
        -1.116827368736267,
        -0.06194107607007027,
        0.997696042060852,
        0.027674086391925812,
        -0.17348486185073853,
        0.36743488907814026,
        -0.0029857002664357424,
        0.9300445318222046,
        1.35685396194458
    ],
    [
        0.9224387407302856,
        0.06658215820789337,
        -0.38035979866981506,
        -1.1996815204620361,
        -0.06167452409863472,
        0.9977807998657227,
        0.025090530514717102,
        -0.18023580312728882,
        0.3811863362789154,
        0.0003140307671856135,
        0.9244982004165649,
        1.4118263721466064
    ],
    [
        0.9219433069229126,
        0.0632546991109848,
        -0.38212472200393677,
        -1.2801886796951294,
        -0.05986781045794487,
        0.9979904294013977,
        0.02075984887778759,
        -0.19290810823440552,
        0.38266998529434204,
        0.0037375653628259897,
        0.9238775968551636,
        1.469799518585205
    ],
    [
        0.9251230955123901,
        0.05894893780350685,
        -0.37506306171417236,
        -1.353437900543213,
        -0.059687238186597824,
        0.9981704354286194,
        0.009659823030233383,
        -0.20248088240623474,
        0.374946266412735,
        0.013449953868985176,
        0.9269490838050842,
        1.5410888195037842
    ],
    [
        0.9306164979934692,
        0.052484508603811264,
        -0.36221304535865784,
        -1.4168102741241455,
        -0.05921918898820877,
        0.9982168674468994,
        -0.007507849019020796,
        -0.21010424196720123,
        0.36117303371429443,
        0.028436889871954918,
        0.9320650696754456,
        1.6195099353790283
    ],
    [
        0.9385551810264587,
        0.04224768653512001,
        -0.3425334692001343,
        -1.468829870223999,
        -0.05361034721136093,
        0.9982789754867554,
        -0.023767869919538498,
        -0.23139089345932007,
        0.34093984961509705,
        0.04067080095410347,
        0.9392049908638,
        1.691715121269226
    ],
    [
        0.948600172996521,
        0.030065715312957764,
        -0.31504562497138977,
        -1.5134010314941406,
        -0.04559518024325371,
        0.9980750679969788,
        -0.04203757271170616,
        -0.2587816119194031,
        0.3131752908229828,
        0.05424141138792038,
        0.9481449723243713,
        1.7612088918685913
    ],
    [
        0.9605565667152405,
        0.017377233132719994,
        -0.27754098176956177,
        -1.556502342224121,
        -0.037427112460136414,
        0.9970434904098511,
        -0.06710716336965561,
        -0.28244149684906006,
        0.2755545377731323,
        0.07484780251979828,
        0.958367109298706,
        1.8310567140579224
    ],
    [
        0.9738780856132507,
        0.0019678501412272453,
        -0.22706352174282074,
        -1.605899453163147,
        -0.02475450001657009,
        0.9949226975440979,
        -0.09754994511604309,
        -0.307519793510437,
        0.22571846842765808,
        0.10062258690595627,
        0.968981921672821,
        1.8634529113769531
    ]
]