[
    [
        0.9905646443367004,
        0.03160582482814789,
        -0.13335202634334564,
        -0.15305618941783905,
        -0.03081469237804413,
        0.9994931817054749,
        0.00799283105880022,
        0.22657619416713715,
        0.13353705406188965,
        -0.003808214096352458,
        0.9910365343093872,
        0.3736395537853241
    ],
    [
        0.9883707761764526,
        0.034708354622125626,
        -0.1480492502450943,
        -0.18007197976112366,
        -0.03394557908177376,
        0.9993941783905029,
        0.007676580920815468,
        0.25977131724357605,
        0.14822600781917572,
        -0.002561690518632531,
        0.9889501929283142,
        0.4071847200393677
    ],
    [
        0.9853782057762146,
        0.03759508952498436,
        -0.16618198156356812,
        -0.21159598231315613,
        -0.0368313230574131,
        0.9992919564247131,
        0.007676481269299984,
        0.2894614040851593,
        0.16635292768478394,
        -0.0014435347402468324,
        0.9860652685165405,
        0.4440147578716278
    ],
    [
        0.982102632522583,
        0.04163336381316185,
        -0.18368737399578094,
        -0.2392074167728424,
        -0.040812067687511444,
        0.9991328120231628,
        0.00825107004493475,
        0.3177309036254883,
        0.18387159705162048,
        -0.0006067361682653427,
        0.9829500913619995,
        0.4806765615940094
    ],
    [
        0.978487491607666,
        0.04348145052790642,
        -0.2016717940568924,
        -0.2673490643501282,
        -0.04273245483636856,
        0.9990540146827698,
        0.008068263530731201,
        0.3619784116744995,
        0.20183181762695312,
        0.0007232340867631137,
        0.9794198870658875,
        0.5237821936607361
    ],
    [
        0.9745817184448242,
        0.04619405418634415,
        -0.21921828389167786,
        -0.29218590259552,
        -0.04553372040390968,
        0.9989302158355713,
        0.008066445589065552,
        0.40712976455688477,
        0.21935638785362244,
        0.002120412653312087,
        0.9756424427032471,
        0.5697035789489746
    ],
    [
        0.9697614312171936,
        0.0490310974419117,
        -0.23907914757728577,
        -0.313524454832077,
        -0.04817996174097061,
        0.9987943768501282,
        0.00940659549087286,
        0.4403893053531647,
        0.23925215005874634,
        0.0023966708686202765,
        0.9709544777870178,
        0.6132140159606934
    ],
    [
        0.9660133123397827,
        0.05172073841094971,
        -0.25326523184776306,
        -0.3322848379611969,
        -0.050902873277664185,
        0.9986556768417358,
        0.009785615839064121,
        0.46230199933052063,
        0.25343087315559387,
        0.003438894171267748,
        0.9673473834991455,
        0.6440098285675049
    ],
    [
        0.9612328410148621,
        0.054798662662506104,
        -0.27023813128471375,
        -0.3617057800292969,
        -0.05427926406264305,
        0.9984815716743469,
        0.009400763548910618,
        0.49873390793800354,
        0.27034294605255127,
        0.005632004234939814,
        0.9627476334571838,
        0.6828449368476868
    ],
    [
        0.9564753174781799,
        0.05688544362783432,
        -0.2862151563167572,
        -0.3975785970687866,
        -0.05634324997663498,
        0.9983600378036499,
        0.010136522352695465,
        0.5439164638519287,
        0.28632238507270813,
        0.006430961657315493,
        0.9581118226051331,
        0.7254198789596558
    ],
    [
        0.9522753357887268,
        0.0602305643260479,
        -0.2992388904094696,
        -0.4355018138885498,
        -0.05976632982492447,
        0.998154878616333,
        0.010711956769227982,
        0.5817051529884338,
        0.299331933259964,
        0.007683676201850176,
        0.9541180729866028,
        0.7651284337043762
    ],
    [
        0.9473797082901001,
        0.0630403682589531,
        -0.3138432204723358,
        -0.46898937225341797,
        -0.06259702891111374,
        0.9979726672172546,
        0.011500631459057331,
        0.6042181253433228,
        0.313931941986084,
        0.00875018909573555,
        0.9494051933288574,
        0.7966251373291016
    ],
    [
        0.9423299431800842,
        0.06509024649858475,
        -0.3282947540283203,
        -0.5019384026527405,
        -0.06487252563238144,
        0.9978258013725281,
        0.01162797026336193,
        0.6256241202354431,
        0.3283378481864929,
        0.010339922271668911,
        0.9445037245750427,
        0.8262673020362854
    ],
    [
        0.9379739761352539,
        0.06700051575899124,
        -0.3401701748371124,
        -0.5275475978851318,
        -0.0669512003660202,
        0.9976853132247925,
        0.011896826326847076,
        0.6496812105178833,
        0.3401798605918884,
        0.011615889146924019,
        0.9402886033058167,
        0.8541893362998962
    ],
    [
        0.9314234256744385,
        0.06953771412372589,
        -0.3572324514389038,
        -0.5593622922897339,
        -0.06963233649730682,
        0.9974929690361023,
        0.012614214792847633,
        0.6892966628074646,
        0.3572140336036682,
        0.013125753961503506,
        0.9339304566383362,
        0.8963950872421265
    ],
    [
        0.9223479628562927,
        0.07317840307950974,
        -0.37936678528785706,
        -0.5895093083381653,
        -0.07329168915748596,
        0.9972098469734192,
        0.014165173284709454,
        0.7260759472846985,
        0.3793448805809021,
        0.014739214442670345,
        0.9251379370689392,
        0.9369508028030396
    ],
    [
        0.9103367328643799,
        0.07753047347068787,
        -0.406541645526886,
        -0.620521068572998,
        -0.07800878584384918,
        0.996833324432373,
        0.015424506738781929,
        0.7537228465080261,
        0.40645018219947815,
        0.017672326415777206,
        0.913502037525177,
        0.9716969728469849
    ],
    [
        0.8968188762664795,
        0.08285941928625107,
        -0.4345691204071045,
        -0.6578977108001709,
        -0.08344559371471405,
        0.9963538646697998,
        0.01776871457695961,
        0.7832128405570984,
        0.4344569742679596,
        0.020327577367424965,
        0.9004632234573364,
        1.0016930103302002
    ],
    [
        0.8826947808265686,
        0.0877494141459465,
        -0.46168163418769836,
        -0.7063611149787903,
        -0.08891795575618744,
        0.995852530002594,
        0.019273143261671066,
        0.8268413543701172,
        0.4614579975605011,
        0.024039484560489655,
        0.8868362307548523,
        1.0323903560638428
    ],
    [
        0.8704583048820496,
        0.09166776388883591,
        -0.483631432056427,
        -0.7488034963607788,
        -0.09328261762857437,
        0.9954227805137634,
        0.020779354497790337,
        0.8672742247581482,
        0.4833225905895233,
        0.027026822790503502,
        0.8750250339508057,
        1.0565866231918335
    ],
    [
        0.8516515493392944,
        0.09802225232124329,
        -0.5148604512214661,
        -0.7984245419502258,
        -0.09985330700874329,
        0.9947077035903931,
        0.02420712076127529,
        0.9040517210960388,
        0.5145083665847778,
        0.030794484540820122,
        0.8569321632385254,
        1.076520562171936
    ],
    [
        0.8266552686691284,
        0.10515515506267548,
        -0.5527961254119873,
        -0.8403917551040649,
        -0.10821548849344254,
        0.9937551021575928,
        0.02720993012189865,
        0.9243707656860352,
        0.5522051453590393,
        0.037327900528907776,
        0.832872211933136,
        1.0871151685714722
    ],
    [
        0.7926088571548462,
        0.11427472531795502,
        -0.5989261269569397,
        -0.8795819282531738,
        -0.11798693984746933,
        0.9924593567848206,
        0.03321867808699608,
        0.9385135173797607,
        0.5982059240341187,
        0.04433603212237358,
        0.8001149892807007,
        1.0952491760253906
    ],
    [
        0.746357798576355,
        0.12445906549692154,
        -0.6538043022155762,
        -0.9174031615257263,
        -0.12963469326496124,
        0.9907298684120178,
        0.04061071202158928,
        0.9473907351493835,
        0.6527977585792542,
        0.05444560572504997,
        0.7555730938911438,
        1.1052966117858887
    ],
    [
        0.6788095831871033,
        0.13791394233703613,
        -0.7212470769882202,
        -0.9552022218704224,
        -0.14410214126110077,
        0.9881250858306885,
        0.05332198739051819,
        0.949763298034668,
        0.7200362086296082,
        0.06773776561021805,
        0.6906224489212036,
        1.1165114641189575
    ]
]