[
    [
        0.9864560961723328,
        0.032533250749111176,
        -0.1607666313648224,
        -1.2087467908859253,
        -0.027185339480638504,
        0.9990050792694092,
        0.03535396605730057,
        -0.4849811792373657,
        0.16175687313079834,
        -0.03050464205443859,
        0.9863590598106384,
        3.4022364616394043
    ],
    [
        0.9871425032615662,
        0.03510862961411476,
        -0.15593908727169037,
        -1.227711796760559,
        -0.029499031603336334,
        0.9988367557525635,
        0.03814336284995079,
        -0.49832117557525635,
        0.15709686279296875,
        -0.03305288404226303,
        0.9870299696922302,
        3.4648971557617188
    ],
    [
        0.9882186055183411,
        0.03663889691233635,
        -0.14859876036643982,
        -1.2534832954406738,
        -0.03096773661673069,
        0.9987075328826904,
        0.04030082747340202,
        -0.5114361643791199,
        0.14988330006599426,
        -0.03522425889968872,
        0.9880759119987488,
        3.550337076187134
    ],
    [
        0.9887352585792542,
        0.037417083978652954,
        -0.1449228823184967,
        -1.2652804851531982,
        -0.03167349100112915,
        0.9986263513565063,
        0.041739363223314285,
        -0.5197540521621704,
        0.14628559350967407,
        -0.036678966134786606,
        0.9885621666908264,
        3.6035540103912354
    ],
    [
        0.9895579814910889,
        0.039210572838783264,
        -0.1386995017528534,
        -1.2805527448654175,
        -0.03341937065124512,
        0.998479425907135,
        0.04383974149823189,
        -0.5340239405632019,
        0.14020757377147675,
        -0.03874672204256058,
        0.9893637895584106,
        3.6772968769073486
    ],
    [
        0.9902284145355225,
        0.043552786111831665,
        -0.13247916102409363,
        -1.2874606847763062,
        -0.03801256790757179,
        0.9983051419258118,
        0.04406614601612091,
        -0.545660138130188,
        0.13417384028434753,
        -0.03859967738389969,
        0.9902057647705078,
        3.743351459503174
    ],
    [
        0.9908519983291626,
        0.044572990387678146,
        -0.12737923860549927,
        -1.2927180528640747,
        -0.03938353434205055,
        0.9982996582984924,
        0.04297361895442009,
        -0.5507677793502808,
        0.12907809019088745,
        -0.037563856691122055,
        0.9909226298332214,
        3.7868831157684326
    ],
    [
        0.9919018745422363,
        0.03884943574666977,
        -0.12091908603906631,
        -1.296715259552002,
        -0.03389202803373337,
        0.9985091090202332,
        0.0427885502576828,
        -0.562833309173584,
        0.12240111827850342,
        -0.038343850523233414,
        0.9917397499084473,
        3.8823509216308594
    ],
    [
        0.9929234981536865,
        0.031873270869255066,
        -0.1143987700343132,
        -1.288190245628357,
        -0.027202937752008438,
        0.9987406730651855,
        0.04215685650706291,
        -0.5739904046058655,
        0.11559838056564331,
        -0.03874654695391655,
        0.9925398826599121,
        3.9938602447509766
    ],
    [
        0.9937527775764465,
        0.029781347140669823,
        -0.10755655914545059,
        -1.2822381258010864,
        -0.025347735732793808,
        0.9987809658050537,
        0.04235595464706421,
        -0.5830340385437012,
        0.10868686437606812,
        -0.03936503827571869,
        0.993296205997467,
        4.059256076812744
    ],
    [
        0.9947739243507385,
        0.028102973476052284,
        -0.0981583371758461,
        -1.2765421867370605,
        -0.023882592096924782,
        0.9987499117851257,
        0.043909329921007156,
        -0.5947719812393188,
        0.09926962107419968,
        -0.041335590183734894,
        0.99420166015625,
        4.122045993804932
    ],
    [
        0.9955304861068726,
        0.02593703754246235,
        -0.09080904722213745,
        -1.272790789604187,
        -0.021900231018662453,
        0.9987391233444214,
        0.04517157003283501,
        -0.6014948487281799,
        0.09186616539955139,
        -0.042980942875146866,
        0.9948433041572571,
        4.161048412322998
    ],
    [
        0.9968512654304504,
        0.020843831822276115,
        -0.07650534808635712,
        -1.2695525884628296,
        -0.017337117344141006,
        0.9987810254096985,
        0.04621759429574013,
        -0.609681248664856,
        0.07737543433904648,
        -0.044745687395334244,
        0.995997428894043,
        4.2157368659973145
    ],
    [
        0.9981572031974792,
        0.014386222697794437,
        -0.05895214155316353,
        -1.2667899131774902,
        -0.011638377793133259,
        0.9988415241241455,
        0.04669112339615822,
        -0.615794837474823,
        0.05955526977777481,
        -0.04591897130012512,
        0.9971681237220764,
        4.26630163192749
    ],
    [
        0.9988704323768616,
        0.009421980939805508,
        -0.04657212272286415,
        -1.2629750967025757,
        -0.0072157843969762325,
        0.9988539814949036,
        0.0473145917057991,
        -0.6190263032913208,
        0.046964868903160095,
        -0.04692508280277252,
        0.9977937340736389,
        4.296422958374023
    ],
    [
        0.9997156262397766,
        0.004539268556982279,
        -0.023409388959407806,
        -1.2613681554794312,
        -0.003415531711652875,
        0.9988499879837036,
        0.04782227799296379,
        -0.6206550002098083,
        0.023599809035658836,
        -0.04772872477769852,
        0.9985814690589905,
        4.341728210449219
    ],
    [
        0.999986469745636,
        -0.0012409904738888144,
        0.005053128581494093,
        -1.2616108655929565,
        0.0009878183482214808,
        0.998759388923645,
        0.04978584498167038,
        -0.624695360660553,
        -0.005108685698360205,
        -0.049780186265707016,
        0.9987471699714661,
        4.391140460968018
    ],
    [
        0.9996088147163391,
        -0.005683603696525097,
        0.027386413887143135,
        -1.2655532360076904,
        0.004280592314898968,
        0.9986883401870728,
        0.051022645086050034,
        -0.6269073486328125,
        -0.02764040231704712,
        -0.05088544636964798,
        0.9983218908309937,
        4.4243364334106445
    ],
    [
        0.9979457855224609,
        -0.013659326359629631,
        0.06259087473154068,
        -1.2683298587799072,
        0.010369542054831982,
        0.9985625743865967,
        0.05258660763502121,
        -0.6291962265968323,
        -0.06321945786476135,
        -0.051829542964696884,
        0.9966529607772827,
        4.4699201583862305
    ],
    [
        0.9958224892616272,
        -0.018974965438246727,
        0.08931657671928406,
        -1.2761245965957642,
        0.014287056401371956,
        0.9985009431838989,
        0.05283669754862785,
        -0.6306344866752625,
        -0.09018515795469284,
        -0.051339905709028244,
        0.9946008920669556,
        4.495725631713867
    ],
    [
        0.9910942316055298,
        -0.02873217687010765,
        0.1300254464149475,
        -1.28293776512146,
        0.02177855744957924,
        0.9982713460922241,
        0.054589059203863144,
        -0.6374099254608154,
        -0.1313694268465042,
        -0.05127112194895744,
        0.990006685256958,
        4.536768913269043
    ],
    [
        0.9845194220542908,
        -0.03947196155786514,
        0.17077325284481049,
        -1.2875356674194336,
        0.030066467821598053,
        0.9979031682014465,
        0.05731693282723427,
        -0.6472489833831787,
        -0.17267748713493347,
        -0.05129507556557655,
        0.9836418032646179,
        4.579172611236572
    ],
    [
        0.9791299700737,
        -0.04655633866786957,
        0.19783098995685577,
        -1.2896769046783447,
        0.03563549369573593,
        0.997656524181366,
        0.05841076374053955,
        -0.6526471376419067,
        -0.2000868022441864,
        -0.05014192312955856,
        0.9784942269325256,
        4.607386112213135
    ],
    [
        0.9699518084526062,
        -0.05652587488293648,
        0.23663967847824097,
        -1.2888927459716797,
        0.043424468487501144,
        0.9972401261329651,
        0.06021910533308983,
        -0.6611185073852539,
        -0.2393905371427536,
        -0.048133671283721924,
        0.9697295427322388,
        4.649919509887695
    ],
    [
        0.95977383852005,
        -0.06630157679319382,
        0.272833913564682,
        -1.283539891242981,
        0.05105696618556976,
        0.9967313408851624,
        0.06260848790407181,
        -0.672076404094696,
        -0.2760932147502899,
        -0.04615992307662964,
        0.9600217938423157,
        4.690446376800537
    ]
]