[
    [
        0.9999966621398926,
        0.0016069094417616725,
        0.002060103928670287,
        0.017133092507719994,
        -0.0016098328633233905,
        0.9999977350234985,
        0.0014183103339746594,
        -0.1763293296098709,
        -0.0020578200928866863,
        -0.001421621534973383,
        0.9999967813491821,
        0.14170531928539276
    ],
    [
        0.9999961256980896,
        0.0017039795638993382,
        0.0022195507772266865,
        0.018180545419454575,
        -0.0017076628282666206,
        0.9999972581863403,
        0.0016587994759902358,
        -0.21512509882450104,
        -0.002216718392446637,
        -0.0016625829739496112,
        0.9999961853027344,
        0.16134104132652283
    ],
    [
        0.9999951124191284,
        0.0020923444535583258,
        0.0023436981718987226,
        0.020040877163410187,
        -0.002096956828609109,
        0.9999958872795105,
        0.001967390300706029,
        -0.26722168922424316,
        -0.0023395719472318888,
        -0.0019722951110452414,
        0.9999953508377075,
        0.1849740892648697
    ],
    [
        0.9999918937683105,
        0.002397707663476467,
        0.003254891140386462,
        0.023003382608294487,
        -0.0024055447429418564,
        0.9999942183494568,
        0.0024061487056314945,
        -0.3177565336227417,
        -0.0032491027377545834,
        -0.0024139590095728636,
        0.999991774559021,
        0.20588324964046478
    ],
    [
        0.9999897480010986,
        0.002642290433868766,
        0.0036953354720026255,
        0.024542588740587234,
        -0.0026522744446992874,
        0.9999927878379822,
        0.002699374919757247,
        -0.3669681251049042,
        -0.0036881766282022,
        -0.002709148218855262,
        0.9999896287918091,
        0.2245359867811203
    ],
    [
        0.999988853931427,
        0.002876526676118374,
        0.0037699826061725616,
        0.025197593495249748,
        -0.0028876718133687973,
        0.9999914765357971,
        0.0029543007258325815,
        -0.4047853648662567,
        -0.003761453088372946,
        -0.0029651543591171503,
        0.9999885559082031,
        0.23781952261924744
    ],
    [
        0.9999874830245972,
        0.003175116144120693,
        0.0038604268338531256,
        0.026704303920269012,
        -0.003188330912962556,
        0.9999890923500061,
        0.003421827219426632,
        -0.4543699026107788,
        -0.0038495201151818037,
        -0.0034340922720730305,
        0.9999866485595703,
        0.25344040989875793
    ],
    [
        0.9999836683273315,
        0.0033419542014598846,
        0.004651161376386881,
        0.029503731057047844,
        -0.003360612317919731,
        0.9999863505363464,
        0.004009473603218794,
        -0.5041003227233887,
        -0.004637697711586952,
        -0.004025038331747055,
        0.999981164932251,
        0.26785025000572205
    ],
    [
        0.9999791383743286,
        0.0036283526569604874,
        0.0053531271405518055,
        0.030964041128754616,
        -0.0036521200090646744,
        0.999983549118042,
        0.004436891991645098,
        -0.5550817251205444,
        -0.005336940288543701,
        -0.004456349648535252,
        0.9999758005142212,
        0.28049519658088684
    ],
    [
        0.9999785423278809,
        0.0038192325737327337,
        0.005331695079803467,
        0.0326613187789917,
        -0.0038452211301773787,
        0.9999808073043823,
        0.004872514400631189,
        -0.6055766940116882,
        -0.0053129843436181545,
        -0.004892911296337843,
        0.9999738931655884,
        0.2911621332168579
    ],
    [
        0.9999772906303406,
        0.00381277222186327,
        0.00556165212765336,
        0.03394252434372902,
        -0.0038420320488512516,
        0.99997878074646,
        0.005259862635284662,
        -0.6440721154212952,
        -0.005541479680687189,
        -0.005281111225485802,
        0.9999706745147705,
        0.29886680841445923
    ],
    [
        0.9999745488166809,
        0.004009317606687546,
        0.00590573251247406,
        0.03524618595838547,
        -0.004042437765747309,
        0.9999761581420898,
        0.005606760270893574,
        -0.6951965689659119,
        -0.005883113015443087,
        -0.0056304908357560635,
        0.9999668598175049,
        0.3071784973144531
    ],
    [
        0.9999729990959167,
        0.003985274583101273,
        0.006166926119476557,
        0.03763151168823242,
        -0.0040230355225503445,
        0.9999731779098511,
        0.006122956518083811,
        -0.7460282444953918,
        -0.006142359226942062,
        -0.006147600710391998,
        0.9999622106552124,
        0.3139907717704773
    ],
    [
        0.9999702572822571,
        0.004158704541623592,
        0.0064896573312580585,
        0.0390297994017601,
        -0.004201885778456926,
        0.9999691247940063,
        0.0066543808206915855,
        -0.7958254218101501,
        -0.00646178238093853,
        -0.006681451108306646,
        0.9999568462371826,
        0.31922096014022827
    ],
    [
        0.9999688863754272,
        0.0042365556582808495,
        0.006660875864326954,
        0.03955847769975662,
        -0.004284431226551533,
        0.9999650120735168,
        0.00718985078856349,
        -0.84485924243927,
        -0.006630181800574064,
        -0.00721816485747695,
        0.999951958656311,
        0.32287532091140747
    ],
    [
        0.9999683499336243,
        0.004351887386292219,
        0.006666638422757387,
        0.040332235395908356,
        -0.004401903133839369,
        0.9999621510505676,
        0.007506377063691616,
        -0.8821463584899902,
        -0.006633718963712454,
        -0.0075354850850999355,
        0.99994957447052,
        0.3248313069343567
    ],
    [
        0.999961793422699,
        0.004450869746506214,
        0.007535654120147228,
        0.04362203925848007,
        -0.004512808285653591,
        0.9999560713768005,
        0.008222323842346668,
        -0.9340947270393372,
        -0.007498726714402437,
        -0.008256014436483383,
        0.9999377727508545,
        0.3258694112300873
    ],
    [
        0.9999550580978394,
        0.004358626902103424,
        0.008419441990554333,
        0.046880677342414856,
        -0.0044324155896902084,
        0.9999517798423767,
        0.008765462785959244,
        -0.9852115511894226,
        -0.008380831219255924,
        -0.008802386000752449,
        0.9999260902404785,
        0.32522261142730713
    ],
    [
        0.9999564290046692,
        0.0043206727132201195,
        0.00827739667147398,
        0.047715265303850174,
        -0.004396066069602966,
        0.9999487996101379,
        0.009112095460295677,
        -1.035319209098816,
        -0.00823760312050581,
        -0.00914805755019188,
        0.9999241828918457,
        0.3236875832080841
    ],
    [
        0.9999590516090393,
        0.0043466840870678425,
        0.00795057974755764,
        0.048927560448646545,
        -0.004424854647368193,
        0.9999418258666992,
        0.00984097644686699,
        -1.085824728012085,
        -0.007907341234385967,
        -0.009875746443867683,
        0.9999198913574219,
        0.32092320919036865
    ],
    [
        0.9999537467956543,
        0.0046272375620901585,
        0.008428845554590225,
        0.04997812584042549,
        -0.004715182818472385,
        0.9999343156814575,
        0.010444425977766514,
        -1.1242704391479492,
        -0.008379964157938957,
        -0.010483663529157639,
        0.9999099373817444,
        0.3175979554653168
    ],
    [
        0.9999454617500305,
        0.004342571832239628,
        0.009499617852270603,
        0.05369744077324867,
        -0.00444727623835206,
        0.9999292492866516,
        0.011028770357370377,
        -1.1738914251327515,
        -0.009451053105294704,
        -0.011070379987359047,
        0.9998940229415894,
        0.3113648295402527
    ],
    [
        0.9999421238899231,
        0.004156207665801048,
        0.00992792472243309,
        0.0556621178984642,
        -0.00427194032818079,
        0.9999228119850159,
        0.011664669029414654,
        -1.2236504554748535,
        -0.009878677316009998,
        -0.011706409975886345,
        0.999882698059082,
        0.3047552704811096
    ],
    [
        0.9999457001686096,
        0.004285021219402552,
        0.009511416777968407,
        0.055376920849084854,
        -0.004401077516376972,
        0.9999157786369324,
        0.012214533053338528,
        -1.273905873298645,
        -0.009458275511860847,
        -0.012255726382136345,
        0.9998801946640015,
        0.29641103744506836
    ],
    [
        0.9999438524246216,
        0.004308952949941158,
        0.009681128896772861,
        0.05704132094979286,
        -0.004435116425156593,
        0.9999049305915833,
        0.013048465363681316,
        -1.3250916004180908,
        -0.00962398573756218,
        -0.013090673834085464,
        0.9998680353164673,
        0.28615623712539673
    ]
]