[
    [
        0.7627189755439758,
        0.078944630920887,
        -0.6418936252593994,
        -0.30689144134521484,
        -0.11314276605844498,
        0.993503212928772,
        -0.012251880019903183,
        -0.07375460863113403,
        0.636756181716919,
        0.08197035640478134,
        0.7666957974433899,
        0.1820850819349289
    ],
    [
        0.7381782531738281,
        0.08168185502290726,
        -0.6696423292160034,
        -0.33370599150657654,
        -0.1191936805844307,
        0.992817759513855,
        -0.010290575213730335,
        -0.07815217226743698,
        0.6639922261238098,
        0.08741341531276703,
        0.7426124215126038,
        0.22791779041290283
    ],
    [
        0.7118862867355347,
        0.08469679951667786,
        -0.6971688270568848,
        -0.3664202094078064,
        -0.1258249580860138,
        0.9920204877853394,
        -0.007963795214891434,
        -0.08492138236761093,
        0.6909312605857849,
        0.09339054673910141,
        0.7168627381324768,
        0.2782725393772125
    ],
    [
        0.6901897192001343,
        0.08626925200223923,
        -0.718467652797699,
        -0.40350431203842163,
        -0.13196924328804016,
        0.9912235736846924,
        -0.00775501411408186,
        -0.08736196905374527,
        0.7114929556846619,
        0.10016808658838272,
        0.6955170631408691,
        0.31666135787963867
    ],
    [
        0.672390341758728,
        0.0881422832608223,
        -0.734930157661438,
        -0.4419419467449188,
        -0.13756884634494781,
        0.9904669523239136,
        -0.007072693668305874,
        -0.09222006797790527,
        0.7273005247116089,
        0.10585909336805344,
        0.6781059503555298,
        0.34909331798553467
    ],
    [
        0.6579631567001343,
        0.08952372521162033,
        -0.7477097511291504,
        -0.4832392632961273,
        -0.14229904115200043,
        0.9898009300231934,
        -0.00670964689925313,
        -0.09498976916074753,
        0.739483118057251,
        0.11081308126449585,
        0.6639918088912964,
        0.3780132234096527
    ],
    [
        0.6459598541259766,
        0.090073361992836,
        -0.7580386996269226,
        -0.5297648906707764,
        -0.1454952508211136,
        0.9893379807472229,
        -0.006425898522138596,
        -0.09835244715213776,
        0.7493777275085449,
        0.1144419014453888,
        0.6521779298782349,
        0.4082001745700836
    ],
    [
        0.6373331546783447,
        0.09321640431880951,
        -0.7649295330047607,
        -0.5842156410217285,
        -0.14871156215667725,
        0.9888747930526733,
        -0.003398298053070903,
        -0.10656192153692245,
        0.7561027407646179,
        0.11591971665620804,
        0.6441050171852112,
        0.43198442459106445
    ],
    [
        0.6302765607833862,
        0.09611857682466507,
        -0.7703976631164551,
        -0.6367448568344116,
        -0.15110640227794647,
        0.9885174036026001,
        -0.0002906659501604736,
        -0.115296870470047,
        0.7615236639976501,
        0.11659523099660873,
        0.6375635266304016,
        0.4447128474712372
    ],
    [
        0.6234943270683289,
        0.0972069725394249,
        -0.7757613062858582,
        -0.6803675293922424,
        -0.15271511673927307,
        0.988269567489624,
        0.0010953034507110715,
        -0.11960531771183014,
        0.7667677998542786,
        0.11778756231069565,
        0.631025493144989,
        0.4598713517189026
    ],
    [
        0.6109249591827393,
        0.09879893064498901,
        -0.7854995131492615,
        -0.7390245199203491,
        -0.15563955903053284,
        0.9878087043762207,
        0.003195863915607333,
        -0.12506169080734253,
        0.7762390375137329,
        0.12030237913131714,
        0.6188540458679199,
        0.49562129378318787
    ],
    [
        0.5965174436569214,
        0.1002689078450203,
        -0.7963122725486755,
        -0.7971620559692383,
        -0.15931107103824615,
        0.9872159957885742,
        0.004966948181390762,
        -0.1294611692428589,
        0.7866300940513611,
        0.1238984689116478,
        0.6048654913902283,
        0.5345407724380493
    ],
    [
        0.5808274149894714,
        0.10186830163002014,
        -0.8076275587081909,
        -0.8608207106590271,
        -0.16265295445919037,
        0.986655056476593,
        0.007473214063793421,
        -0.13478240370750427,
        0.7976111173629761,
        0.1270223706960678,
        0.5896454453468323,
        0.5804055333137512
    ],
    [
        0.5647463202476501,
        0.10053348541259766,
        -0.8191181421279907,
        -0.9345022439956665,
        -0.1649114489555359,
        0.9862810373306274,
        0.007350745610892773,
        -0.13513362407684326,
        0.8086196780204773,
        0.13093067705631256,
        0.5735776424407959,
        0.6325166821479797
    ],
    [
        0.5507197976112366,
        0.09996809810400009,
        -0.828682005405426,
        -0.9980227947235107,
        -0.1673360913991928,
        0.9858697056770325,
        0.00772336358204484,
        -0.1387229859828949,
        0.8177446722984314,
        0.13441501557826996,
        0.5596662163734436,
        0.674853503704071
    ],
    [
        0.539282500743866,
        0.09951309114694595,
        -0.8362246155738831,
        -1.0574951171875,
        -0.16924023628234863,
        0.9855411648750305,
        0.008138922043144703,
        -0.14410507678985596,
        0.8249437212944031,
        0.1371336728334427,
        0.5483266711235046,
        0.7101004123687744
    ],
    [
        0.5296682119369507,
        0.09819336980581284,
        -0.8425020575523376,
        -1.1267173290252686,
        -0.17046231031417847,
        0.9853342771530151,
        0.007673387415707111,
        -0.15011705458164215,
        0.830899715423584,
        0.13955050706863403,
        0.5386384725570679,
        0.7482514381408691
    ],
    [
        0.5242185592651367,
        0.09862367063760757,
        -0.8458535671234131,
        -1.1849188804626465,
        -0.17122186720371246,
        0.9851936101913452,
        0.008755329996347427,
        -0.15786795318126678,
        0.8341930508613586,
        0.1402388960123062,
        0.5333433151245117,
        0.7764687538146973
    ],
    [
        0.5199939012527466,
        0.10010775923728943,
        -0.8482834696769714,
        -1.2506332397460938,
        -0.17272721230983734,
        0.9849153757095337,
        0.010350965894758701,
        -0.16940152645111084,
        0.8365235328674316,
        0.1411391943693161,
        0.5294412970542908,
        0.8010931015014648
    ],
    [
        0.5179998278617859,
        0.09996668994426727,
        -0.8495191931724548,
        -1.321171522140503,
        -0.17396599054336548,
        0.9847029447555542,
        0.009797473438084126,
        -0.17775504291057587,
        0.8375034928321838,
        0.14271236956119537,
        0.5274667143821716,
        0.8288472890853882
    ],
    [
        0.5161858201026917,
        0.09845776110887527,
        -0.8507986068725586,
        -1.3863816261291504,
        -0.17495568096637726,
        0.9845454692840576,
        0.007788564544171095,
        -0.18459558486938477,
        0.8384168148040771,
        0.14483170211315155,
        0.5254341959953308,
        0.8604282140731812
    ],
    [
        0.5135510563850403,
        0.09722954779863358,
        -0.8525326251983643,
        -1.4459401369094849,
        -0.17600467801094055,
        0.9843695163726807,
        0.006243092939257622,
        -0.19460825622081757,
        0.8398140072822571,
        0.1468435674905777,
        0.5226367712020874,
        0.893506646156311
    ],
    [
        0.5082261562347412,
        0.09653430432081223,
        -0.8557962775230408,
        -1.5028867721557617,
        -0.17793942987918854,
        0.9840269684791565,
        0.005327078979462385,
        -0.20520596206188202,
        0.8426408767700195,
        0.14957253634929657,
        0.5172854661941528,
        0.9372506141662598
    ],
    [
        0.5009062886238098,
        0.09477145969867706,
        -0.8602972626686096,
        -1.5565868616104126,
        -0.17799678444862366,
        0.9840195775032043,
        0.004762619733810425,
        -0.21995028853416443,
        0.8470005989074707,
        0.15074452757835388,
        0.5097705721855164,
        0.9837920665740967
    ],
    [
        0.4911101758480072,
        0.0917050689458847,
        -0.8662570118904114,
        -1.6090469360351562,
        -0.17853327095508575,
        0.983929455280304,
        0.0029457963537424803,
        -0.23414510488510132,
        0.8526057600975037,
        0.15320894122123718,
        0.4995902180671692,
        1.0294572114944458
    ]
]