[
    [
        0.9583443999290466,
        -0.004342013970017433,
        0.2855820953845978,
        -0.9572315216064453,
        0.023989660665392876,
        0.9975748658180237,
        -0.06533633172512054,
        -0.6391825675964355,
        -0.28460583090782166,
        0.06946571171283722,
        0.9561245441436768,
        1.918900489807129
    ],
    [
        0.9521297812461853,
        -0.006639653351157904,
        0.30562207102775574,
        -0.9601002335548401,
        0.027927879244089127,
        0.9974724054336548,
        -0.06533583253622055,
        -0.6424466371536255,
        -0.30441582202911377,
        0.07074353098869324,
        0.9499086737632751,
        2.0061564445495605
    ],
    [
        0.9451218843460083,
        -0.00792139396071434,
        0.3266219198703766,
        -0.9798667430877686,
        0.03156799450516701,
        0.9972426891326904,
        -0.06716036796569824,
        -0.653238832950592,
        -0.325189471244812,
        0.07378552854061127,
        0.9427658319473267,
        2.1160733699798584
    ],
    [
        0.9363009333610535,
        -0.008901869878172874,
        0.35108599066734314,
        -1.0078020095825195,
        0.03534862771630287,
        0.9969907402992249,
        -0.0689912959933281,
        -0.6757237315177917,
        -0.3494153320789337,
        0.0770070031285286,
        0.93379807472229,
        2.2178313732147217
    ],
    [
        0.9272825121879578,
        -0.012257128953933716,
        0.3741613030433655,
        -1.0354808568954468,
        0.04110262170433998,
        0.9967548847198486,
        -0.06921187043190002,
        -0.690930962562561,
        -0.37209874391555786,
        0.07955797761678696,
        0.9247772693634033,
        2.320838212966919
    ],
    [
        0.9203870892524719,
        -0.014222165569663048,
        0.39074984192848206,
        -1.0543752908706665,
        0.043726325035095215,
        0.9968135356903076,
        -0.06671343743801117,
        -0.7000555396080017,
        -0.38855603337287903,
        0.07848820835351944,
        0.91807621717453,
        2.452707290649414
    ],
    [
        0.9157753586769104,
        -0.015175830572843552,
        0.40140408277511597,
        -1.0765228271484375,
        0.045866694301366806,
        0.9967008829116821,
        -0.06695947796106339,
        -0.7224055528640747,
        -0.39906373620033264,
        0.07973089814186096,
        0.9134501218795776,
        2.5917696952819824
    ],
    [
        0.9128783345222473,
        -0.016089564189314842,
        0.4079143702983856,
        -1.087654948234558,
        0.04711055010557175,
        0.9966991543769836,
        -0.06611625105142593,
        -0.7346113920211792,
        -0.40550413727760315,
        0.07957318425178528,
        0.9106231331825256,
        2.7160253524780273
    ],
    [
        0.9136210680007935,
        -0.019603023305535316,
        0.40609386563301086,
        -1.0810872316360474,
        0.04942745715379715,
        0.9967834949493408,
        -0.06308389455080032,
        -0.7474907040596008,
        -0.4035511910915375,
        0.0777069553732872,
        0.9116513729095459,
        2.861121654510498
    ],
    [
        0.9185054898262024,
        -0.021636737510561943,
        0.3948157727718353,
        -1.066398024559021,
        0.049222610890865326,
        0.9969915151596069,
        -0.05987497791647911,
        -0.7697424292564392,
        -0.3923324942588806,
        0.07442937791347504,
        0.9168071150779724,
        3.017575740814209
    ],
    [
        0.9241182208061218,
        -0.022529540583491325,
        0.38144201040267944,
        -1.0545717477798462,
        0.04979964718222618,
        0.9968471527099609,
        -0.06177150458097458,
        -0.7906444668769836,
        -0.37884780764579773,
        0.0760798454284668,
        0.9223265647888184,
        3.1829869747161865
    ],
    [
        0.9288544058799744,
        -0.024007800966501236,
        0.3696663975715637,
        -1.0391066074371338,
        0.05050051957368851,
        0.9967880249023438,
        -0.06215588003396988,
        -0.8173021078109741,
        -0.3669867217540741,
        0.07640211284160614,
        0.9270831942558289,
        3.3455636501312256
    ],
    [
        0.932266116142273,
        -0.026421507820487022,
        0.3608071506023407,
        -1.0134087800979614,
        0.052511222660541534,
        0.9966502785682678,
        -0.06269673258066177,
        -0.8288946747779846,
        -0.35794198513031006,
        0.0773964524269104,
        0.9305306673049927,
        3.5019607543945312
    ],
    [
        0.935693621635437,
        -0.028435224667191505,
        0.35166606307029724,
        -0.9773491621017456,
        0.05413541570305824,
        0.9965147376060486,
        -0.0634637326002121,
        -0.8374448418617249,
        -0.3486357629299164,
        0.07842019200325012,
        0.9339718222618103,
        3.64540958404541
    ],
    [
        0.9402526021003723,
        -0.028430670499801636,
        0.33928847312927246,
        -0.9333125948905945,
        0.05324834585189819,
        0.9965243339538574,
        -0.06406060606241226,
        -0.8577851057052612,
        -0.3362880349159241,
        0.07829969376325607,
        0.9384986162185669,
        3.8109660148620605
    ],
    [
        0.9432974457740784,
        -0.030732788145542145,
        0.3305228650569916,
        -0.8944447636604309,
        0.056021206080913544,
        0.9961618185043335,
        -0.06725650280714035,
        -0.8587464094161987,
        -0.32718729972839355,
        0.08195918798446655,
        0.941398561000824,
        3.9503185749053955
    ],
    [
        0.9469552040100098,
        -0.03483406826853752,
        0.31947195529937744,
        -0.8550671339035034,
        0.06011179834604263,
        0.9957618713378906,
        -0.06960472464561462,
        -0.845272421836853,
        -0.3156934678554535,
        0.08511660248041153,
        0.9450359344482422,
        4.086120128631592
    ],
    [
        0.9510388970375061,
        -0.037547532469034195,
        0.3067820370197296,
        -0.8186726570129395,
        0.062186986207962036,
        0.9955403208732605,
        -0.07093682140111923,
        -0.8462724685668945,
        -0.30275049805641174,
        0.08654153347015381,
        0.9491326212882996,
        4.220760822296143
    ],
    [
        0.9550372958183289,
        -0.04135560244321823,
        0.2935876250267029,
        -0.7886145114898682,
        0.0664517730474472,
        0.9948892593383789,
        -0.0760238990187645,
        -0.8352038264274597,
        -0.28894293308258057,
        0.09211505204439163,
        0.9529044032096863,
        4.351874828338623
    ],
    [
        0.9586262106895447,
        -0.04271482303738594,
        0.28144505620002747,
        -0.7644951343536377,
        0.06633515655994415,
        0.9949795007705688,
        -0.07493550330400467,
        -0.847667932510376,
        -0.2768312692642212,
        0.09050481766462326,
        0.9566469788551331,
        4.458043098449707
    ],
    [
        0.9628846049308777,
        -0.049852509051561356,
        0.2652696371078491,
        -0.7309265732765198,
        0.07163874059915543,
        0.9947489500045776,
        -0.07309214770793915,
        -0.8498213291168213,
        -0.26023274660110474,
        0.08938289433717728,
        0.9613997936248779,
        4.5797600746154785
    ],
    [
        0.9652696251869202,
        -0.052318427711725235,
        0.2559635043144226,
        -0.7208165526390076,
        0.0728612020611763,
        0.9947802424430847,
        -0.07143734395503998,
        -0.8522421717643738,
        -0.2508900761604309,
        0.08760612457990646,
        0.9640432000160217,
        4.682816982269287
    ],
    [
        0.9685258269309998,
        -0.05248153582215309,
        0.24331793189048767,
        -0.7265840172767639,
        0.0721433088183403,
        0.994748055934906,
        -0.07260747253894806,
        -0.8546231985092163,
        -0.23822957277297974,
        0.08787596970796585,
        0.9672251343727112,
        4.779783725738525
    ],
    [
        0.9742317199707031,
        -0.05099812522530556,
        0.21970829367637634,
        -0.732572615146637,
        0.06890437752008438,
        0.9948287010192871,
        -0.07461901754140854,
        -0.8589390516281128,
        -0.2147667109966278,
        0.08783508092164993,
        0.9727077484130859,
        4.879419803619385
    ],
    [
        0.9809597730636597,
        -0.04839108884334564,
        0.18808580935001373,
        -0.7340236306190491,
        0.0639137551188469,
        0.9949527382850647,
        -0.07735791057348251,
        -0.8580412864685059,
        -0.1833931803703308,
        0.08790626376867294,
        0.9791014194488525,
        4.981276035308838
    ]
]