[
    [
        0.999934732913971,
        0.0018164219800382853,
        -0.01127692312002182,
        0.042954251170158386,
        -0.00185638596303761,
        0.9999920725822449,
        -0.003534419694915414,
        -0.005595508962869644,
        0.011270413175225258,
        0.0035551232285797596,
        0.9999302625656128,
        0.02746429294347763
    ],
    [
        0.9999207258224487,
        0.00189354014582932,
        -0.012449140660464764,
        0.04704664275050163,
        -0.001939817680977285,
        0.9999912977218628,
        -0.0037062489427626133,
        -0.0058443257585167885,
        0.012442014180123806,
        0.0037301043048501015,
        0.999915599822998,
        0.03298482298851013
    ],
    [
        0.9998952746391296,
        0.0019959178753197193,
        -0.014335030689835548,
        0.05344163626432419,
        -0.002051025163382292,
        0.9999905824661255,
        -0.003830559551715851,
        -0.0058782510459423065,
        0.01432725042104721,
        0.003859560238197446,
        0.9998898506164551,
        0.041435886174440384
    ],
    [
        0.99986732006073,
        0.001996709732338786,
        -0.01617034152150154,
        0.05975564196705818,
        -0.002056179568171501,
        0.999991238117218,
        -0.003661964787170291,
        -0.006619514897465706,
        0.01616288721561432,
        0.0036947280168533325,
        0.9998624324798584,
        0.04949638620018959
    ],
    [
        0.9998299479484558,
        0.002315899822860956,
        -0.018291616812348366,
        0.06593742966651917,
        -0.0023866945412009954,
        0.9999898076057434,
        -0.003849439090117812,
        -0.006897835526615381,
        0.018282514065504074,
        0.0038924412801861763,
        0.9998252987861633,
        0.057451631873846054
    ],
    [
        0.9997844696044922,
        0.002449358580633998,
        -0.02061845175921917,
        0.07195053994655609,
        -0.0025304858572781086,
        0.9999891519546509,
        -0.003909537103027105,
        -0.007417511194944382,
        0.020608652383089066,
        0.003960869740694761,
        0.9997797608375549,
        0.06515999138355255
    ],
    [
        0.9997368454933167,
        0.002476284746080637,
        -0.022808102890849113,
        0.07743750512599945,
        -0.0025598378852009773,
        0.9999901652336121,
        -0.003634815337136388,
        -0.008094103075563908,
        0.022798877209424973,
        0.003692244179546833,
        0.9997331500053406,
        0.0727681890130043
    ],
    [
        0.9996950030326843,
        0.002416529692709446,
        -0.024576567113399506,
        0.0814729556441307,
        -0.0025105036329478025,
        0.9999896883964539,
        -0.0037936074659228325,
        -0.008137458004057407,
        0.024567145854234695,
        0.0038541494868695736,
        0.9996907711029053,
        0.07789205014705658
    ],
    [
        0.9995995759963989,
        0.0026593590155243874,
        -0.028170250356197357,
        0.08922208845615387,
        -0.002777752000838518,
        0.9999874830245972,
        -0.0041644680313766,
        -0.009396577253937721,
        0.028158824890851974,
        0.0042410497553646564,
        0.999594509601593,
        0.0873882919549942
    ],
    [
        0.9995192289352417,
        0.002706482307985425,
        -0.03088613972067833,
        0.09457235783338547,
        -0.0028416509740054607,
        0.9999865889549255,
        -0.004333303309977055,
        -0.010185662657022476,
        0.030873997136950493,
        0.004418986849486828,
        0.9995135068893433,
        0.0945233702659607
    ],
    [
        0.999463677406311,
        0.002809184370562434,
        -0.03262563794851303,
        0.09819348156452179,
        -0.0029522564727813005,
        0.9999862313270569,
        -0.004337905440479517,
        -0.01077997125685215,
        0.03261299803853035,
        0.004431897774338722,
        0.9994582533836365,
        0.09923626482486725
    ],
    [
        0.9993802905082703,
        0.002936076605692506,
        -0.03507745638489723,
        0.10327112674713135,
        -0.003087572054937482,
        0.9999862313270569,
        -0.004265508148819208,
        -0.011133595369756222,
        0.035064443945884705,
        0.004371169023215771,
        0.9993754029273987,
        0.10619141906499863
    ],
    [
        0.9992696046829224,
        0.0029313843697309494,
        -0.038098204880952835,
        0.1101599931716919,
        -0.003095658030360937,
        0.9999861717224121,
        -0.004253590479493141,
        -0.011877215467393398,
        0.0380852073431015,
        0.00436842255294323,
        0.9992648959159851,
        0.11554095894098282
    ],
    [
        0.9992161393165588,
        0.003014035988599062,
        -0.0394720733165741,
        0.11338476091623306,
        -0.003199783619493246,
        0.9999841451644897,
        -0.004643488209694624,
        -0.012363976798951626,
        0.03945745527744293,
        0.004766149912029505,
        0.9992098808288574,
        0.12070736289024353
    ],
    [
        0.9991365075111389,
        0.0031295546796172857,
        -0.0414288155734539,
        0.11806870251893997,
        -0.0033281557261943817,
        0.9999833106994629,
        -0.00472568953409791,
        -0.012576648965477943,
        0.041413333266973495,
        0.004859491251409054,
        0.9991303086280823,
        0.1283780038356781
    ],
    [
        0.9990453720092773,
        0.003500173334032297,
        -0.043543070554733276,
        0.12283290922641754,
        -0.0037264376878738403,
        0.9999800324440002,
        -0.005116256419569254,
        -0.013243517838418484,
        0.04352429136633873,
        0.005273633170872927,
        0.9990384578704834,
        0.13650570809841156
    ],
    [
        0.9989451169967651,
        0.0039052872452884912,
        -0.0457528755068779,
        0.12761974334716797,
        -0.004131184425204992,
        0.9999797940254211,
        -0.004843811970204115,
        -0.013556732796132565,
        0.04573303088545799,
        0.005027716048061848,
        0.9989410042762756,
        0.14462588727474213
    ],
    [
        0.9988438487052917,
        0.003940432798117399,
        -0.047911033034324646,
        0.13262717425823212,
        -0.004181953612715006,
        0.9999791383743286,
        -0.004941845312714577,
        -0.013529996387660503,
        0.047890555113554,
        0.005136493593454361,
        0.9988394379615784,
        0.15335719287395477
    ],
    [
        0.9987180829048157,
        0.0040460675954818726,
        -0.05045552924275398,
        0.13919119536876678,
        -0.004315056372433901,
        0.9999770522117615,
        -0.005223405547440052,
        -0.013787100091576576,
        0.05043323338031769,
        0.005434428807348013,
        0.9987126588821411,
        0.16604314744472504
    ],
    [
        0.9986620545387268,
        0.0041914647445082664,
        -0.0515407994389534,
        0.14219972491264343,
        -0.004456766415387392,
        0.9999774098396301,
        -0.00503355311229825,
        -0.01408560760319233,
        0.05151853710412979,
        0.00525652477517724,
        0.9986581802368164,
        0.17242984473705292
    ],
    [
        0.9985702037811279,
        0.004583815578371286,
        -0.05325900763273239,
        0.14675013720989227,
        -0.0048730624839663506,
        0.9999740719795227,
        -0.005302350968122482,
        -0.015071484260261059,
        0.053233321756124496,
        0.0055543044582009315,
        0.9985666871070862,
        0.18233293294906616
    ],
    [
        0.9984608292579651,
        0.0047466447576880455,
        -0.0552574098110199,
        0.15307609736919403,
        -0.005042527336627245,
        0.999973714351654,
        -0.005216421093791723,
        -0.01593032293021679,
        0.05523119121789932,
        0.0054870303720235825,
        0.9984585046768188,
        0.1963365226984024
    ],
    [
        0.9984155893325806,
        0.0049567143432796,
        -0.05605088919401169,
        0.15618979930877686,
        -0.005265703424811363,
        0.9999717473983765,
        -0.0053663188591599464,
        -0.0164395272731781,
        0.056022707372903824,
        0.00565296271815896,
        0.9984134435653687,
        0.20290154218673706
    ],
    [
        0.9983595013618469,
        0.005105404183268547,
        -0.05702832713723183,
        0.16058625280857086,
        -0.005404253955930471,
        0.999972403049469,
        -0.00508737051859498,
        -0.016524624079465866,
        0.057000789791345596,
        0.005387220531702042,
        0.9983595013618469,
        0.2133781462907791
    ],
    [
        0.9983144402503967,
        0.005189321935176849,
        -0.05780497565865517,
        0.16492989659309387,
        -0.005494374316185713,
        0.9999718070030212,
        -0.005119580775499344,
        -0.01718388870358467,
        0.05777677521109581,
        0.0054285540245473385,
        0.9983148574829102,
        0.22362244129180908
    ]
]