[
    [
        0.906152069568634,
        0.06630267947912216,
        -0.41772279143333435,
        -0.3788941204547882,
        -0.0742068737745285,
        0.9972392916679382,
        -0.0026885722763836384,
        -0.25126364827156067,
        0.4163912832736969,
        0.03343415632843971,
        0.9085705280303955,
        0.7460252046585083
    ],
    [
        0.9048773646354675,
        0.06673245131969452,
        -0.420409232378006,
        -0.3708244562149048,
        -0.07476194947957993,
        0.9971979856491089,
        -0.002628214890137315,
        -0.24637867510318756,
        0.41905584931373596,
        0.03380882367491722,
        0.9073308110237122,
        0.735438346862793
    ],
    [
        0.9024727940559387,
        0.06704629957675934,
        -0.42549705505371094,
        -0.35733383893966675,
        -0.07593091577291489,
        0.9971053600311279,
        -0.003932700026780367,
        -0.2386074960231781,
        0.42400166392326355,
        0.03585753217339516,
        0.9049513936042786,
        0.7183951139450073
    ],
    [
        0.899849534034729,
        0.06757855415344238,
        -0.4309339225292206,
        -0.3454433083534241,
        -0.07669465243816376,
        0.9970474243164062,
        -0.0037931858096271753,
        -0.2328498214483261,
        0.42940518260002136,
        0.03646361455321312,
        0.9023755192756653,
        0.7056269645690918
    ],
    [
        0.895868182182312,
        0.06868314743041992,
        -0.43897923827171326,
        -0.3322908878326416,
        -0.07832381874322891,
        0.9969205260276794,
        -0.0038639376871287823,
        -0.22602088749408722,
        0.43736204504966736,
        0.037844106554985046,
        0.8984889388084412,
        0.6893292665481567
    ],
    [
        0.8922209143638611,
        0.06961889564990997,
        -0.44620072841644287,
        -0.31993284821510315,
        -0.07940758764743805,
        0.9968369007110596,
        -0.0032506021670997143,
        -0.21926696598529816,
        0.4445630609989166,
        0.038331981748342514,
        0.8949269652366638,
        0.6748203039169312
    ],
    [
        0.8864424228668213,
        0.07112813740968704,
        -0.4573407471179962,
        -0.298930823802948,
        -0.08135276287794113,
        0.9966816902160645,
        -0.0026728755328804255,
        -0.20888765156269073,
        0.45563310384750366,
        0.03957528620958328,
        0.8892874717712402,
        0.6514082551002502
    ],
    [
        0.8822722434997559,
        0.0723625123500824,
        -0.46514445543289185,
        -0.283287912607193,
        -0.08284289389848709,
        0.9965603947639465,
        -0.002099064877256751,
        -0.2008483111858368,
        0.4633926749229431,
        0.040385860949754715,
        0.8852322697639465,
        0.6300585269927979
    ],
    [
        0.8752503991127014,
        0.07335789501667023,
        -0.47807466983795166,
        -0.2598557472229004,
        -0.0847606211900711,
        0.9963986873626709,
        -0.0022863782942295074,
        -0.1872585415840149,
        0.47618526220321655,
        0.042523059993982315,
        0.8783161640167236,
        0.5973503589630127
    ],
    [
        0.8701234459877014,
        0.074488565325737,
        -0.48717206716537476,
        -0.24117642641067505,
        -0.08637641370296478,
        0.9962606430053711,
        -0.0019461394986137748,
        -0.17426081001758575,
        0.48520544171333313,
        0.043773554265499115,
        0.8733038902282715,
        0.5689716339111328
    ],
    [
        0.8622928261756897,
        0.07698343694210052,
        -0.5005243420600891,
        -0.21360725164413452,
        -0.08880952000617981,
        0.9960485696792603,
        0.00019866411457769573,
        -0.15260814130306244,
        0.49856188893318176,
        0.04428001865744591,
        0.8657224178314209,
        0.526319146156311
    ],
    [
        0.8566847443580627,
        0.07781071960926056,
        -0.5099379420280457,
        -0.19212932884693146,
        -0.09073276072740555,
        0.9958751797676086,
        -0.0004698769480455667,
        -0.135153129696846,
        0.5077980160713196,
        0.04667060822248459,
        0.8602109551429749,
        0.49308377504348755
    ],
    [
        0.8482223153114319,
        0.07996805012226105,
        -0.5235684514045715,
        -0.1647024005651474,
        -0.09315024316310883,
        0.9956514239311218,
        0.0011616197880357504,
        -0.11202508956193924,
        0.5213845372200012,
        0.04778521507978439,
        0.8519827127456665,
        0.4493297040462494
    ],
    [
        0.8412294983863831,
        0.08211035281419754,
        -0.5344069004058838,
        -0.14496877789497375,
        -0.09536106139421463,
        0.9954386949539185,
        0.002835460240021348,
        -0.09556087106466293,
        0.5322021842002869,
        0.048576340079307556,
        0.845222532749176,
        0.4180232286453247
    ],
    [
        0.8298666477203369,
        0.083905428647995,
        -0.551616907119751,
        -0.11814341694116592,
        -0.09844077378511429,
        0.9951375722885132,
        0.003271690336987376,
        -0.0778580754995346,
        0.5492092370986938,
        0.05158653482794762,
        0.8340911269187927,
        0.3799394965171814
    ],
    [
        0.8191845417022705,
        0.08663537353277206,
        -0.5669488310813904,
        -0.09930383414030075,
        -0.10098463296890259,
        0.9948691725730896,
        0.006113091949373484,
        -0.06643038988113403,
        0.5645695328712463,
        0.0522453673183918,
        0.8237302899360657,
        0.3530544340610504
    ],
    [
        0.7994140386581421,
        0.09000001102685928,
        -0.5940011143684387,
        -0.07623092830181122,
        -0.1055368185043335,
        0.9943779110908508,
        0.00863033626228571,
        -0.0512777715921402,
        0.5914382934570312,
        0.0557897612452507,
        0.8044179677963257,
        0.3199208974838257
    ],
    [
        0.7795323729515076,
        0.09398480504751205,
        -0.6192706823348999,
        -0.059420231729745865,
        -0.1094793751835823,
        0.9939036965370178,
        0.013030034489929676,
        -0.03913973644375801,
        0.6167200207710266,
        0.05764003098011017,
        0.7850695848464966,
        0.29655081033706665
    ],
    [
        0.7462654709815979,
        0.09988925606012344,
        -0.6581109166145325,
        -0.03766102343797684,
        -0.11586561053991318,
        0.993076503276825,
        0.019345026463270187,
        -0.02164192497730255,
        0.6554868221282959,
        0.06181589886546135,
        0.7526723742485046,
        0.26552096009254456
    ],
    [
        0.7144210934638977,
        0.10490307956933975,
        -0.6918076872825623,
        -0.022202549502253532,
        -0.12114685028791428,
        0.9923104643821716,
        0.02536335587501526,
        -0.006607790943235159,
        0.6891487836837769,
        0.06569021940231323,
        0.7216362953186035,
        0.24098382890224457
    ],
    [
        0.6644406914710999,
        0.11026395857334137,
        -0.739162027835846,
        -0.0019718243274837732,
        -0.12816393375396729,
        0.991215169429779,
        0.03265588730573654,
        0.012904778122901917,
        0.7362693548202515,
        0.07303602248430252,
        0.6727355718612671,
        0.20584069192409515
    ],
    [
        0.6221815347671509,
        0.11505026370286942,
        -0.7743731141090393,
        0.010237331502139568,
        -0.13362206518650055,
        0.9902344346046448,
        0.03976060450077057,
        0.026315834373235703,
        0.7713852524757385,
        0.07873500883579254,
        0.6314789056777954,
        0.1787363886833191
    ],
    [
        0.5598564743995667,
        0.12087841331958771,
        -0.819724977016449,
        0.01523903664201498,
        -0.14112168550491333,
        0.9887579083442688,
        0.04942096769809723,
        0.05030026286840439,
        0.8164836168289185,
        0.08801233023405075,
        0.5706210732460022,
        0.13782404363155365
    ],
    [
        0.5079401135444641,
        0.12640051543712616,
        -0.8520679473876953,
        0.023330729454755783,
        -0.1460629403591156,
        0.9874893426895142,
        0.059417713433504105,
        0.06463820487260818,
        0.8489184975624084,
        0.09427491575479507,
        0.5200479030609131,
        0.10427624732255936
    ],
    [
        0.43204542994499207,
        0.13121019303798676,
        -0.8922559022903442,
        0.03362749516963959,
        -0.15016072988510132,
        0.9860153198242188,
        0.07228756695985794,
        0.07670004665851593,
        0.8892629146575928,
        0.10275030881166458,
        0.4457060396671295,
        0.05782996118068695
    ]
]