[
    [
        -0.5567561984062195,
        -0.057307202368974686,
        0.8286968469619751,
        -0.26872003078460693,
        0.03338688239455223,
        0.9952675104141235,
        0.09125696122646332,
        0.13362476229667664,
        -0.8300046920776367,
        0.0784754753112793,
        -0.5522080659866333,
        -0.12260735034942627
    ],
    [
        -0.5767094492912292,
        -0.05660421401262283,
        0.8149860501289368,
        -0.2804875075817108,
        0.03310888633131981,
        0.9951577186584473,
        0.09254679083824158,
        0.13350939750671387,
        -0.8162781596183777,
        0.08035588264465332,
        -0.5720427632331848,
        -0.12011650204658508
    ],
    [
        -0.5940725207328796,
        -0.054576367139816284,
        0.8025579452514648,
        -0.2925022542476654,
        0.03243768587708473,
        0.9952589869499207,
        0.09169177711009979,
        0.13756760954856873,
        -0.8037571907043457,
        0.08050469309091568,
        -0.5894857048988342,
        -0.11778230220079422
    ],
    [
        -0.6091101169586182,
        -0.05468768626451492,
        0.7911980152130127,
        -0.30507320165634155,
        0.03252607583999634,
        0.9950578212738037,
        0.09381896257400513,
        0.1396697759628296,
        -0.7924184203147888,
        0.0828806459903717,
        -0.6043210029602051,
        -0.11761992424726486
    ],
    [
        -0.6225104331970215,
        -0.05454867705702782,
        0.7807081341743469,
        -0.3163228929042816,
        0.03291536495089531,
        0.9948604106903076,
        0.09575726091861725,
        0.14248092472553253,
        -0.7819190621376038,
        0.08530718088150024,
        -0.6175153851509094,
        -0.11703792214393616
    ],
    [
        -0.6348029375076294,
        -0.05386815592646599,
        0.7707939743995667,
        -0.32762017846107483,
        0.032723214477300644,
        0.9947975277900696,
        0.0964728593826294,
        0.14523206651210785,
        -0.7719807624816895,
        0.08646410703659058,
        -0.6297376751899719,
        -0.11680100113153458
    ],
    [
        -0.6515576839447021,
        -0.0527116097509861,
        0.7567656636238098,
        -0.34405651688575745,
        0.03239453211426735,
        0.9947396516799927,
        0.09717836230993271,
        0.1501084417104721,
        -0.7579070925712585,
        0.08783237636089325,
        -0.6464226841926575,
        -0.12018594145774841
    ],
    [
        -0.6622881889343262,
        -0.05262136086821556,
        0.747399091720581,
        -0.3530382513999939,
        0.03197963908314705,
        0.9946362972259521,
        0.09836626052856445,
        0.1514745056629181,
        -0.7485663890838623,
        0.089048370718956,
        -0.6570529937744141,
        -0.12128980457782745
    ],
    [
        -0.6718136072158813,
        -0.052052367478609085,
        0.7388890385627747,
        -0.3621636927127838,
        0.03209003806114197,
        0.9945459961891174,
        0.0992395281791687,
        0.1535898596048355,
        -0.7400248050689697,
        0.0903814435005188,
        -0.6664791703224182,
        -0.12278043478727341
    ],
    [
        -0.6805503368377686,
        -0.05160636827349663,
        0.7308816313743591,
        -0.3706597685813904,
        0.03227034956216812,
        0.9944373369216919,
        0.10026370733976364,
        0.1562061309814453,
        -0.7319903373718262,
        0.09182031452655792,
        -0.6750993132591248,
        -0.12493124604225159
    ],
    [
        -0.6892930865287781,
        -0.051387540996074677,
        0.7226578593254089,
        -0.37817439436912537,
        0.031983520835638046,
        0.9943504333496094,
        0.10121423006057739,
        0.1591271460056305,
        -0.7237763404846191,
        0.09287942200899124,
        -0.6837553381919861,
        -0.12776900827884674
    ],
    [
        -0.697881817817688,
        -0.05081853270530701,
        0.714407742023468,
        -0.38426175713539124,
        0.03135719522833824,
        0.9943551421165466,
        0.10136408358812332,
        0.16165655851364136,
        -0.7155261039733887,
        0.09314198046922684,
        -0.692348837852478,
        -0.13017737865447998
    ],
    [
        -0.7094783782958984,
        -0.049932003021240234,
        0.7029560208320618,
        -0.3922059237957001,
        0.03086169622838497,
        0.994328498840332,
        0.10177664458751678,
        0.1642175316810608,
        -0.7040510773658752,
        0.09390275180339813,
        -0.7039135098457336,
        -0.13289526104927063
    ],
    [
        -0.7157041430473328,
        -0.05035128444433212,
        0.6965861916542053,
        -0.39642781019210815,
        0.030755192041397095,
        0.9941579699516296,
        0.1034599244594574,
        0.1655627340078354,
        -0.6977260708808899,
        0.09547034651041031,
        -0.709974467754364,
        -0.13463498651981354
    ],
    [
        -0.7210440039634705,
        -0.05057371407747269,
        0.691041111946106,
        -0.4005543887615204,
        0.030523313209414482,
        0.9940460920333862,
        0.10459762811660767,
        0.16651129722595215,
        -0.6922166347503662,
        0.09651236236095428,
        -0.7152073979377747,
        -0.13687412440776825
    ],
    [
        -0.7260619401931763,
        -0.05024070665240288,
        0.6857914328575134,
        -0.4036426246166229,
        0.030086150392889977,
        0.9940511584281921,
        0.1046764999628067,
        0.16756822168827057,
        -0.6869707703590393,
        0.09663444012403488,
        -0.7202311754226685,
        -0.1388045996427536
    ],
    [
        -0.7308170199394226,
        -0.049837417900562286,
        0.6807515621185303,
        -0.40648776292800903,
        0.029679344967007637,
        0.9940674901008606,
        0.10463717579841614,
        0.16810311377048492,
        -0.6819278597831726,
        0.09667490422725677,
        -0.7250024080276489,
        -0.1400112807750702
    ],
    [
        -0.7347860336303711,
        -0.049940820783376694,
        0.6764580011367798,
        -0.40882444381713867,
        0.029561685398221016,
        0.9939805865287781,
        0.10549318790435791,
        0.16810572147369385,
        -0.677654504776001,
        0.09751217812299728,
        -0.7288866639137268,
        -0.14089690148830414
    ],
    [
        -0.7398263216018677,
        -0.050632450729608536,
        0.6708899736404419,
        -0.41130414605140686,
        0.02925180457532406,
        0.9938005805015564,
        0.10726021975278854,
        0.1672612428665161,
        -0.6721617579460144,
        0.0989786759018898,
        -0.7337587475776672,
        -0.14304375648498535
    ],
    [
        -0.7424392700195312,
        -0.05018085986375809,
        0.6680312752723694,
        -0.41279470920562744,
        0.029169445857405663,
        0.9938232898712158,
        0.10707199573516846,
        0.16619381308555603,
        -0.6692780256271362,
        0.09898056834936142,
        -0.7363897562026978,
        -0.1452038735151291
    ],
    [
        -0.7451358437538147,
        -0.049146074801683426,
        0.6650994420051575,
        -0.4140596091747284,
        0.029000800102949142,
        0.9939499497413635,
        0.1059364452958107,
        0.1660231649875641,
        -0.6662818789482117,
        0.09822545200586319,
        -0.7392024397850037,
        -0.14683595299720764
    ],
    [
        -0.7475096583366394,
        -0.049513451755046844,
        0.6624029874801636,
        -0.41513097286224365,
        0.028762755915522575,
        0.993869960308075,
        0.10674826055765152,
        0.1655893176794052,
        -0.6636279225349426,
        0.098847895860672,
        -0.741503119468689,
        -0.14815586805343628
    ],
    [
        -0.749295175075531,
        -0.049737315624952316,
        0.6603658199310303,
        -0.4164407551288605,
        0.028819158673286438,
        0.9937819242477417,
        0.10754963755607605,
        0.16496394574642181,
        -0.661608874797821,
        0.0996176078915596,
        -0.7432026863098145,
        -0.14973703026771545
    ],
    [
        -0.7509628534317017,
        -0.04919891804456711,
        0.6585091948509216,
        -0.4175103008747101,
        0.028964096680283546,
        0.9938068389892578,
        0.10728048533201218,
        0.1646912693977356,
        -0.6597089767456055,
        0.09963677823543549,
        -0.7448869347572327,
        -0.15052299201488495
    ],
    [
        -0.7530452013015747,
        -0.04924999177455902,
        0.6561229825019836,
        -0.4190221130847931,
        0.029057800769805908,
        0.9937324523925781,
        0.1079418733716011,
        0.16509856283664703,
        -0.6573268175125122,
        0.10035061091184616,
        -0.746894359588623,
        -0.1510506123304367
    ]
]