[
    [
        0.999989926815033,
        -0.003009046893566847,
        -0.0033458347897976637,
        -0.19496823847293854,
        0.003004614496603608,
        0.999994695186615,
        -0.0013290473725646734,
        0.03771546855568886,
        0.003349815960973501,
        0.0013189815217629075,
        0.9999934434890747,
        0.34701207280158997
    ],
    [
        0.9999935626983643,
        -0.0032173681538552046,
        0.00162091467063874,
        -0.23259228467941284,
        0.003216431476175785,
        0.9999946355819702,
        0.0005802403320558369,
        0.04713814705610275,
        -0.0016227720770984888,
        -0.0005750236450694501,
        0.9999984502792358,
        0.40839681029319763
    ],
    [
        0.9999426603317261,
        -0.0031364497262984514,
        0.010244644246995449,
        -0.27071908116340637,
        0.003146058414131403,
        0.9999945759773254,
        -0.0009219927014783025,
        0.04997839778661728,
        -0.010241697542369366,
        0.0009541703620925546,
        0.999947190284729,
        0.47031429409980774
    ],
    [
        0.999707818031311,
        -0.0032531414180994034,
        0.023953137919306755,
        -0.3097648620605469,
        0.003220542799681425,
        0.9999938607215881,
        0.0013993680477142334,
        0.05243166908621788,
        -0.023957543075084686,
        -0.0013218170497566462,
        0.9997120499610901,
        0.5264865756034851
    ],
    [
        0.9992511868476868,
        -0.00350752635858953,
        0.0385323129594326,
        -0.3434304893016815,
        0.003434724174439907,
        0.9999921321868896,
        0.0019553990568965673,
        0.053526900708675385,
        -0.03853887319564819,
        -0.0018215869786217809,
        0.9992554783821106,
        0.5773835182189941
    ],
    [
        0.9984089136123657,
        -0.0036873265635222197,
        0.05626756325364113,
        -0.36739110946655273,
        0.003620624542236328,
        0.9999926686286926,
        0.0012873320374637842,
        0.05595159903168678,
        -0.05627189204096794,
        -0.0010815601563081145,
        0.9984148740768433,
        0.6225400567054749
    ],
    [
        0.9971433877944946,
        -0.0038617823738604784,
        0.07543430477380753,
        -0.38181957602500916,
        0.0036646132357418537,
        0.9999895095825195,
        0.0027520263101905584,
        0.06026868522167206,
        -0.07544413954019547,
        -0.0024677268229424953,
        0.9971470236778259,
        0.6652020215988159
    ],
    [
        0.9956306219100952,
        -0.004544111434370279,
        0.09326868504285812,
        -0.39162713289260864,
        0.004367280285805464,
        0.9999881982803345,
        0.002099946839734912,
        0.06377463787794113,
        -0.09327713400125504,
        -0.0016834409907460213,
        0.9956387877464294,
        0.704644501209259
    ],
    [
        0.9940149784088135,
        -0.005660751834511757,
        0.10909684747457504,
        -0.39754465222358704,
        0.005447927862405777,
        0.9999825954437256,
        0.0022487447131425142,
        0.06816402077674866,
        -0.10910768806934357,
        -0.0016409336822107434,
        0.9940286874771118,
        0.7453124523162842
    ],
    [
        0.9925703406333923,
        -0.006423405837267637,
        0.12150267511606216,
        -0.39902347326278687,
        0.00620281370356679,
        0.9999783635139465,
        0.002193678868934512,
        0.07450444996356964,
        -0.12151413410902023,
        -0.00142372224945575,
        0.9925886392593384,
        0.7911765575408936
    ],
    [
        0.9912292957305908,
        -0.0068086665123701096,
        0.13197818398475647,
        -0.3970375657081604,
        0.006555592641234398,
        0.9999758005142212,
        0.0023519517853856087,
        0.07975158095359802,
        -0.13199102878570557,
        -0.0014661282766610384,
        0.9912497997283936,
        0.8433876633644104
    ],
    [
        0.9900622963905334,
        -0.007204920519143343,
        0.14044512808322906,
        -0.39202427864074707,
        0.007153747603297234,
        0.9999740123748779,
        0.0008692260598763824,
        0.08506211638450623,
        -0.14044775068759918,
        0.00014412110613193363,
        0.9900880455970764,
        0.9002307653427124
    ],
    [
        0.9890499711036682,
        -0.008602038025856018,
        0.1473298817873001,
        -0.3802465796470642,
        0.008312669582664967,
        0.9999620914459229,
        0.0025796943809837103,
        0.08951617032289505,
        -0.14734649658203125,
        -0.0013267428148537874,
        0.9890840649604797,
        0.9788298606872559
    ],
    [
        0.9886509776115417,
        -0.008968591690063477,
        0.14996200799942017,
        -0.3685045540332794,
        0.008808452636003494,
        0.9999597072601318,
        0.0017320663901045918,
        0.08586251735687256,
        -0.14997151494026184,
        -0.0003914756525773555,
        0.988690197467804,
        1.0351324081420898
    ],
    [
        0.988308310508728,
        -0.009052365086972713,
        0.15219952166080475,
        -0.3511795103549957,
        0.008733216673135757,
        0.9999580383300781,
        0.002765282290056348,
        0.08245539665222168,
        -0.15221817791461945,
        -0.0014037599321454763,
        0.9883459210395813,
        1.0871448516845703
    ],
    [
        0.988073468208313,
        -0.009299971163272858,
        0.15370230376720428,
        -0.3319886028766632,
        0.00896402820944786,
        0.9999556541442871,
        0.002878558589145541,
        0.07744913548231125,
        -0.15372228622436523,
        -0.0014664336340501904,
        0.9881131052970886,
        1.133623480796814
    ],
    [
        0.9880144000053406,
        -0.009541654959321022,
        0.15406645834445953,
        -0.31375908851623535,
        0.009298786520957947,
        0.9999541640281677,
        0.002296948805451393,
        0.06829065084457397,
        -0.154081329703331,
        -0.0008367856498807669,
        0.9880578517913818,
        1.1689472198486328
    ],
    [
        0.987830400466919,
        -0.009772633202373981,
        0.1552276462316513,
        -0.2972322702407837,
        0.009382223710417747,
        0.9999507069587708,
        0.0032475332263857126,
        0.05397747457027435,
        -0.15525171160697937,
        -0.001751630799844861,
        0.9878734350204468,
        1.1937603950500488
    ],
    [
        0.9878088235855103,
        -0.009951339103281498,
        0.1553538739681244,
        -0.28113675117492676,
        0.009688648395240307,
        0.9999500513076782,
        0.002448034705594182,
        0.03878450766205788,
        -0.15537045896053314,
        -0.0009130213875323534,
        0.9878557920455933,
        1.214478611946106
    ],
    [
        0.9877431392669678,
        -0.009885602630674839,
        0.15577444434165955,
        -0.26601478457450867,
        0.00989276822656393,
        0.9999507665634155,
        0.0007292744121514261,
        0.023984918370842934,
        -0.15577398240566254,
        0.0008207042119465768,
        0.9877923130989075,
        1.2347394227981567
    ],
    [
        0.9877386093139648,
        -0.00993543490767479,
        0.1557999700307846,
        -0.25200867652893066,
        0.0098259337246418,
        0.999950647354126,
        0.0014729819959029555,
        0.009647498838603497,
        -0.15580689907073975,
        7.595886563649401e-05,
        0.9877875447273254,
        1.2507612705230713
    ],
    [
        0.9875795841217041,
        -0.009975927881896496,
        0.15680250525474548,
        -0.23906250298023224,
        0.009856176562607288,
        0.9999502301216125,
        0.0015412572538480163,
        -0.005233536474406719,
        -0.15681007504463196,
        2.3359172701020725e-05,
        0.9876288175582886,
        1.2622342109680176
    ],
    [
        0.9873687028884888,
        -0.009759001433849335,
        0.1581379622220993,
        -0.228837788105011,
        0.009835463017225266,
        0.9999516010284424,
        0.000299105973681435,
        -0.01884247176349163,
        -0.15813322365283966,
        0.0012600322952494025,
        0.9874170422554016,
        1.271218180656433
    ],
    [
        0.9871478080749512,
        -0.00952963624149561,
        0.15952551364898682,
        -0.2223217487335205,
        0.009662064723670483,
        0.9999533295631409,
        -5.450223034131341e-05,
        -0.02954249642789364,
        -0.1595175415277481,
        0.0015951471868902445,
        0.987193763256073,
        1.280141830444336
    ],
    [
        0.9868848919868469,
        -0.009144310839474201,
        0.16116614639759064,
        -0.21518133580684662,
        0.009342759847640991,
        0.9999562501907349,
        -0.0004735426919069141,
        -0.039495132863521576,
        -0.16115476191043854,
        0.001973068341612816,
        0.9869272112846375,
        1.291730284690857
    ]
]