[
    [
        0.9999997615814209,
        0.0006770515465177596,
        -0.0001595463982084766,
        0.05328623205423355,
        -0.000677340489346534,
        0.9999980926513672,
        -0.0018212503055110574,
        0.03284197300672531,
        0.00015831262862775475,
        0.0018213585717603564,
        0.9999983310699463,
        -0.13305102288722992
    ],
    [
        0.9999997615814209,
        0.00046367969480343163,
        -0.00044740032171830535,
        0.07446976751089096,
        -0.00046443933388218284,
        0.9999984502792358,
        -0.0016986384289339185,
        0.04663408175110817,
        0.00044661169522441924,
        0.0016988463466987014,
        0.9999984502792358,
        -0.20698332786560059
    ],
    [
        0.999999463558197,
        0.000736356305424124,
        -0.0007680481066927314,
        0.09506142884492874,
        -0.0007376598077826202,
        0.9999983310699463,
        -0.0016973003512248397,
        0.061143748462200165,
        0.0007667968166060746,
        0.0016978655476123095,
        0.9999982118606567,
        -0.2937341332435608
    ],
    [
        0.9999989867210388,
        0.0007083750679157674,
        -0.0012733193580061197,
        0.11127348244190216,
        -0.0007108389982022345,
        0.9999979138374329,
        -0.0019348651403561234,
        0.07641393691301346,
        0.0012719468213617802,
        0.0019357682904228568,
        0.9999973773956299,
        -0.38599851727485657
    ],
    [
        0.9999986886978149,
        0.0007165083079598844,
        -0.0014913578052073717,
        0.12495764344930649,
        -0.0007197587983682752,
        0.9999973773956299,
        -0.0021796606015414,
        0.09366215020418167,
        0.0014897924847900867,
        0.0021807316225022078,
        0.999996542930603,
        -0.48328697681427
    ],
    [
        0.9999974370002747,
        0.0010232526110485196,
        -0.002037404105067253,
        0.13561522960662842,
        -0.0010275974636897445,
        0.9999972581863403,
        -0.002132958034053445,
        0.10828568786382675,
        0.0020352157298475504,
        0.0021350460592657328,
        0.9999955892562866,
        -0.5752627849578857
    ],
    [
        0.9999970197677612,
        0.001323691918514669,
        -0.0020462009124457836,
        0.14582276344299316,
        -0.001328316400758922,
        0.9999966621398926,
        -0.0022602009121328592,
        0.1273534893989563,
        0.0020432020537555218,
        0.002262912457808852,
        0.9999953508377075,
        -0.6832922101020813
    ],
    [
        0.9999959468841553,
        0.0012663720408454537,
        -0.002575250342488289,
        0.15347085893154144,
        -0.0012716620694845915,
        0.999997079372406,
        -0.002053600735962391,
        0.14685016870498657,
        0.002572642406448722,
        0.0020568675827234983,
        0.9999946355819702,
        -0.7956365942955017
    ],
    [
        0.9999950528144836,
        0.0013250145129859447,
        -0.0028367016930133104,
        0.15846747159957886,
        -0.0013310546055436134,
        0.9999969005584717,
        -0.002128578955307603,
        0.1625807136297226,
        0.002833872102200985,
        0.0021323435939848423,
        0.9999938011169434,
        -0.9112838506698608
    ],
    [
        0.9999947547912598,
        0.0014365524984896183,
        -0.002927045803517103,
        0.16183751821517944,
        -0.0014437049394473433,
        0.9999960660934448,
        -0.002443073783069849,
        0.178579181432724,
        0.0029235214460641146,
        0.0024472828954458237,
        0.9999927282333374,
        -1.0280851125717163
    ],
    [
        0.9999947547912598,
        0.001357564702630043,
        -0.00294638448394835,
        0.16167284548282623,
        -0.0013648964231833816,
        0.9999960660934448,
        -0.002488004043698311,
        0.19812554121017456,
        0.0029429986607283354,
        0.0024920166470110416,
        0.9999926090240479,
        -1.1342817544937134
    ],
    [
        0.9999952912330627,
        0.0015192939899861813,
        -0.00270398473367095,
        0.15982599556446075,
        -0.0015261603984981775,
        0.9999957084655762,
        -0.002539072884246707,
        0.22352905571460724,
        0.002700116951018572,
        0.002543189562857151,
        0.999993085861206,
        -1.2579643726348877
    ],
    [
        0.999994695186615,
        0.0018152040429413319,
        -0.002692366251721978,
        0.15836143493652344,
        -0.0018227468244731426,
        0.9999943971633911,
        -0.00280177965760231,
        0.24866214394569397,
        0.0026872633025050163,
        0.0028066697996109724,
        0.9999924898147583,
        -1.3870441913604736
    ],
    [
        0.9999958872795105,
        0.0016117935301735997,
        -0.0023804097436368465,
        0.15498806536197662,
        -0.001618927693925798,
        0.9999942183494568,
        -0.0029979185201227665,
        0.27317503094673157,
        0.002375565702095628,
        0.00300176371820271,
        0.9999927282333374,
        -1.5199555158615112
    ],
    [
        0.9999964237213135,
        0.0017081242986023426,
        -0.0020571916829794645,
        0.15130797028541565,
        -0.0017140505369752645,
        0.9999943971633911,
        -0.002882675500586629,
        0.29582852125167847,
        0.0020522556733340025,
        0.0028861919417977333,
        0.9999936819076538,
        -1.6567182540893555
    ],
    [
        0.9999953508377075,
        0.0018907649209722877,
        -0.0024229444097727537,
        0.14926140010356903,
        -0.001897849258966744,
        0.9999939203262329,
        -0.0029252548702061176,
        0.3149271309375763,
        0.002417396754026413,
        0.002929836045950651,
        0.9999929070472717,
        -1.780555248260498
    ],
    [
        0.9999958872795105,
        0.0019179278751835227,
        -0.002143064746633172,
        0.14543794095516205,
        -0.0019243995193392038,
        0.999993622303009,
        -0.0030217261519283056,
        0.3378390371799469,
        0.0021372537594288588,
        0.0030258335173130035,
        0.9999931454658508,
        -1.9227776527404785
    ],
    [
        0.9999955892562866,
        0.0018704807152971625,
        -0.0023347914684563875,
        0.14307913184165955,
        -0.0018774126656353474,
        0.9999939203262329,
        -0.0029705858323723078,
        0.3585692048072815,
        0.0023292209953069687,
        0.0029749565292149782,
        0.999992847442627,
        -2.068063259124756
    ],
    [
        0.9999954104423523,
        0.001947899116203189,
        -0.0023373242001980543,
        0.1399189978837967,
        -0.0019551371224224567,
        0.9999933838844299,
        -0.003098446875810623,
        0.37889477610588074,
        0.002331271767616272,
        0.0031030005775392056,
        0.9999924898147583,
        -2.2136147022247314
    ],
    [
        0.9999954104423523,
        0.0018596264999359846,
        -0.0023680776357650757,
        0.13688695430755615,
        -0.0018676455365493894,
        0.9999925494194031,
        -0.0033883920405060053,
        0.4013078212738037,
        0.002361759077757597,
        0.0033928004559129477,
        0.9999914169311523,
        -2.3599305152893066
    ],
    [
        0.9999955296516418,
        0.002061194973066449,
        -0.002146315760910511,
        0.1346006691455841,
        -0.002068763831630349,
        0.9999915957450867,
        -0.0035303139593452215,
        0.4219897985458374,
        0.0021390202455222607,
        0.003534734481945634,
        0.9999914169311523,
        -2.489614963531494
    ],
    [
        0.9999964237213135,
        0.0019163801334798336,
        -0.0018977322615683079,
        0.13022381067276,
        -0.001922909403219819,
        0.999992311000824,
        -0.00344470445998013,
        0.44767600297927856,
        0.0018911148654296994,
        0.003448337782174349,
        0.9999922513961792,
        -2.633784532546997
    ],
    [
        0.9999963641166687,
        0.001954400446265936,
        -0.001839169766753912,
        0.12288719415664673,
        -0.001961309462785721,
        0.9999910593032837,
        -0.0037625448312610388,
        0.4753926694393158,
        0.001831800676882267,
        0.0037661425303667784,
        0.9999911189079285,
        -2.776874303817749
    ],
    [
        0.9999973177909851,
        0.0018090097000822425,
        -0.0014699031598865986,
        0.11275158822536469,
        -0.0018143256893381476,
        0.9999918937683105,
        -0.0036237051244825125,
        0.5041482448577881,
        0.0014633357059210539,
        0.0036263575311750174,
        0.9999923706054688,
        -2.9180898666381836
    ],
    [
        0.999997615814209,
        0.0019800798036158085,
        -0.0009772813646122813,
        0.10075012594461441,
        -0.001983899623155594,
        0.9999903440475464,
        -0.0039239139296114445,
        0.5342815518379211,
        0.0009695040062069893,
        0.003925848286598921,
        0.999991774559021,
        -3.057096481323242
    ]
]