[
    [
        0.9986288547515869,
        0.03980589285492897,
        0.03399626910686493,
        -0.0700095072388649,
        -0.040061939507722855,
        0.9991735219955444,
        0.0068836878053843975,
        0.20327550172805786,
        -0.03369415923953056,
        -0.008236205205321312,
        0.9993982315063477,
        0.10171172767877579
    ],
    [
        0.998551607131958,
        0.04094749689102173,
        0.03490012139081955,
        -0.07176797837018967,
        -0.04121590778231621,
        0.9991256594657898,
        0.007006199099123478,
        0.2142251580953598,
        -0.03458271920681,
        -0.008434491232037544,
        0.9993662238121033,
        0.10524245351552963
    ],
    [
        0.9984606504440308,
        0.04221760109066963,
        0.035969968885183334,
        -0.07361238449811935,
        -0.04252733290195465,
        0.9990640878677368,
        0.00788937322795391,
        0.22384656965732574,
        -0.03560323640704155,
        -0.00940693635493517,
        0.999321699142456,
        0.10860779881477356
    ],
    [
        0.9983547329902649,
        0.04355301707983017,
        0.03729526698589325,
        -0.07634138315916061,
        -0.0439019612967968,
        0.9989989399909973,
        0.008588659577071667,
        0.23467083275318146,
        -0.03688386455178261,
        -0.010211864486336708,
        0.9992673993110657,
        0.11243417859077454
    ],
    [
        0.9982852339744568,
        0.04447648301720619,
        0.038058724254369736,
        -0.07758436352014542,
        -0.04485248774290085,
        0.9989522695541382,
        0.009083078242838383,
        0.24452193081378937,
        -0.037614867091178894,
        -0.010774531401693821,
        0.9992341995239258,
        0.11656803637742996
    ],
    [
        0.9982237219810486,
        0.04532942920923233,
        0.03866245225071907,
        -0.07740463316440582,
        -0.04573245346546173,
        0.9989075064659119,
        0.0096038319170475,
        0.2541763186454773,
        -0.03818487748503685,
        -0.01135489996522665,
        0.9992062449455261,
        0.1200067400932312
    ],
    [
        0.9981175065040588,
        0.04610820859670639,
        0.04044302552938461,
        -0.08034229278564453,
        -0.0465603843331337,
        0.9988622069358826,
        0.010310263372957706,
        0.2626352608203888,
        -0.03992162644863129,
        -0.01217389665544033,
        0.9991286396980286,
        0.12257912755012512
    ],
    [
        0.9980618953704834,
        0.046700142323970795,
        0.04112953692674637,
        -0.08032733201980591,
        -0.04717525839805603,
        0.9988297820091248,
        0.010657412931323051,
        0.27402356266975403,
        -0.04058370366692543,
        -0.012577055022120476,
        0.9990969896316528,
        0.12646815180778503
    ],
    [
        0.9978899359703064,
        0.048314549028873444,
        0.04337486997246742,
        -0.08234245330095291,
        -0.04890972748398781,
        0.9987215995788574,
        0.012766414321959019,
        0.2916424870491028,
        -0.042702607810497284,
        -0.014860929921269417,
        0.9989774227142334,
        0.13271571695804596
    ],
    [
        0.9978585243225098,
        0.048679668456315994,
        0.043686944991350174,
        -0.08078587055206299,
        -0.04929346218705177,
        0.9986985921859741,
        0.013083606027066708,
        0.30034419894218445,
        -0.04299318790435791,
        -0.015209070406854153,
        0.9989595413208008,
        0.13499630987644196
    ],
    [
        0.9977800846099854,
        0.049274709075689316,
        0.04479832202196121,
        -0.08213046938180923,
        -0.04993921145796776,
        0.9986564517021179,
        0.013836374506354332,
        0.3096144199371338,
        -0.044056348502635956,
        -0.01604285277426243,
        0.9989001750946045,
        0.1383097767829895
    ],
    [
        0.9977220892906189,
        0.04949038475751877,
        0.04583999142050743,
        -0.08217417448759079,
        -0.05023016780614853,
        0.9986231327056885,
        0.015128848142921925,
        0.31996288895606995,
        -0.04502814635634422,
        -0.017396938055753708,
        0.9988343119621277,
        0.14159026741981506
    ],
    [
        0.9976404309272766,
        0.05028180032968521,
        0.04674811661243439,
        -0.08252186328172684,
        -0.0510738231241703,
        0.9985682368278503,
        0.015904253348708153,
        0.3311372399330139,
        -0.0458814911544323,
        -0.01825433038175106,
        0.9987800717353821,
        0.14442875981330872
    ],
    [
        0.9976024627685547,
        0.05072951316833496,
        0.047073982656002045,
        -0.0810839906334877,
        -0.051583874970674515,
        0.9985219836235046,
        0.017114806920289993,
        0.3394470512866974,
        -0.04613618180155754,
        -0.019502030685544014,
        0.9987447261810303,
        0.14610517024993896
    ],
    [
        0.9975481629371643,
        0.050891559571027756,
        0.04803933948278427,
        -0.08158959448337555,
        -0.05183263123035431,
        0.998483419418335,
        0.018550705164670944,
        0.3460749685764313,
        -0.04702240973711014,
        -0.020995227620005608,
        0.9986732006072998,
        0.14729523658752441
    ],
    [
        0.9975077509880066,
        0.051027894020080566,
        0.04872871935367584,
        -0.08178582787513733,
        -0.051994308829307556,
        0.9984708428382874,
        0.01877439208328724,
        0.3583172857761383,
        -0.04769619181752205,
        -0.021261218935251236,
        0.9986355900764465,
        0.14887623488903046
    ],
    [
        0.9974378943443298,
        0.051111504435539246,
        0.05005250126123428,
        -0.08187323063611984,
        -0.052214767783880234,
        0.9984153509140015,
        0.020987555384635925,
        0.3826841413974762,
        -0.04890047758817673,
        -0.02354726381599903,
        0.9985260963439941,
        0.15142908692359924
    ],
    [
        0.99739670753479,
        0.05135958269238472,
        0.05061697959899902,
        -0.08171991258859634,
        -0.05253901332616806,
        0.998370885848999,
        0.022251859307289124,
        0.3919020891189575,
        -0.04939167946577072,
        -0.0248532947152853,
        0.9984702467918396,
        0.15245795249938965
    ],
    [
        0.997395396232605,
        0.05149777606129646,
        0.05050192400813103,
        -0.08117657899856567,
        -0.052749328315258026,
        0.9983248114585876,
        0.023769844323396683,
        0.40013593435287476,
        -0.04919322952628136,
        -0.026371875777840614,
        0.9984411597251892,
        0.15501374006271362
    ],
    [
        0.9973682165145874,
        0.05143444985151291,
        0.051100101321935654,
        -0.08184333890676498,
        -0.05272587388753891,
        0.9983144402503967,
        0.024253368377685547,
        0.41445887088775635,
        -0.04976651072502136,
        -0.026883834972977638,
        0.9983989596366882,
        0.1563362032175064
    ],
    [
        0.9973195195198059,
        0.05163607746362686,
        0.051840875297784805,
        -0.08394522219896317,
        -0.052989475429058075,
        0.9982801675796509,
        0.025080017745494843,
        0.4295874238014221,
        -0.05045668035745621,
        -0.027759812772274017,
        0.998340368270874,
        0.1584119349718094
    ],
    [
        0.9973043203353882,
        0.05166809633374214,
        0.05210019275546074,
        -0.08489764481782913,
        -0.05311168357729912,
        0.9982312321662903,
        0.02671404741704464,
        0.4422900676727295,
        -0.050627775490283966,
        -0.029409164562821388,
        0.9982843995094299,
        0.16049017012119293
    ],
    [
        0.9973033666610718,
        0.05140652135014534,
        0.05237814784049988,
        -0.08523523807525635,
        -0.05290058255195618,
        0.9982197284698486,
        0.027548139914870262,
        0.45423129200935364,
        -0.05086874961853027,
        -0.03024468384683132,
        0.9982473850250244,
        0.1617382913827896
    ],
    [
        0.9972862601280212,
        0.05106314271688461,
        0.05303443223237991,
        -0.0879795029759407,
        -0.05275135114789009,
        0.9981284737586975,
        0.030935013666749,
        0.4741482436656952,
        -0.05135553330183029,
        -0.03364870324730873,
        0.9981135129928589,
        0.16420972347259521
    ],
    [
        0.9972736239433289,
        0.05065334960818291,
        0.053662847727537155,
        -0.09051493555307388,
        -0.052504800260066986,
        0.9980528354644775,
        0.03367191553115845,
        0.5016415119171143,
        -0.0518527626991272,
        -0.036397673189640045,
        0.9979912042617798,
        0.16585320234298706
    ]
]