[
    [
        0.7766857743263245,
        -0.07087332755327225,
        0.6258882880210876,
        0.13320714235305786,
        0.15621593594551086,
        0.9842801094055176,
        -0.08239728957414627,
        -0.15594276785850525,
        -0.610209584236145,
        0.1617705225944519,
        0.7755479216575623,
        0.2208113670349121
    ],
    [
        0.7785478234291077,
        -0.06963708251714706,
        0.6237098574638367,
        0.12542521953582764,
        0.15485833585262299,
        0.9844107627868652,
        -0.0833931639790535,
        -0.15421971678733826,
        -0.6081793904304504,
        0.16151224076747894,
        0.7771946787834167,
        0.21290470659732819
    ],
    [
        0.7819398045539856,
        -0.06759803742170334,
        0.6196777820587158,
        0.11140836030244827,
        0.15237738192081451,
        0.9846721887588501,
        -0.0848635584115982,
        -0.15147536993026733,
        -0.604442834854126,
        0.1607830822467804,
        0.7802548408508301,
        0.19801677763462067
    ],
    [
        0.7833171486854553,
        -0.06625427305698395,
        0.6180813908576965,
        0.10336747765541077,
        0.15118920803070068,
        0.9847524762153625,
        -0.08604859560728073,
        -0.1482255905866623,
        -0.6029561161994934,
        0.16085058450698853,
        0.781390368938446,
        0.19106964766979218
    ],
    [
        0.7853190302848816,
        -0.06416342407464981,
        0.6157572269439697,
        0.08448998630046844,
        0.14864568412303925,
        0.9850620627403259,
        -0.08693253248929977,
        -0.14588995277881622,
        -0.6009811758995056,
        0.15979944169521332,
        0.7831255793571472,
        0.17704170942306519
    ],
    [
        0.7859111428260803,
        -0.06311537325382233,
        0.6151098012924194,
        0.0731147825717926,
        0.1475992649793625,
        0.9851693511009216,
        -0.0874975174665451,
        -0.14429987967014313,
        -0.600464940071106,
        0.15955503284931183,
        0.7835713028907776,
        0.16953051090240479
    ],
    [
        0.7865575551986694,
        -0.06092790886759758,
        0.6145039200782776,
        0.049634262919425964,
        0.14539724588394165,
        0.9854159951210022,
        -0.08840297162532806,
        -0.14056289196014404,
        -0.6001557111740112,
        0.15888118743896484,
        0.7839451432228088,
        0.15620200335979462
    ],
    [
        0.7866930365562439,
        -0.060090817511081696,
        0.6144128441810608,
        0.03852064535021782,
        0.1447123885154724,
        0.985471248626709,
        -0.0889083743095398,
        -0.13807709515094757,
        -0.6001436114311218,
        0.15885676443576813,
        0.7839593291282654,
        0.15042105317115784
    ],
    [
        0.7868230938911438,
        -0.05737079307436943,
        0.6145063638687134,
        0.01392193604260683,
        0.14245782792568207,
        0.9856656193733215,
        -0.09038256853818893,
        -0.13479815423488617,
        -0.6005125641822815,
        0.15865632891654968,
        0.7837173342704773,
        0.1312900185585022
    ],
    [
        0.7869415283203125,
        -0.05592744052410126,
        0.6144877076148987,
        0.0012537251459434628,
        0.14167439937591553,
        0.9856545329093933,
        -0.09172575175762177,
        -0.132212296128273,
        -0.6005424857139587,
        0.1592399775981903,
        0.7835760116577148,
        0.12365460395812988
    ],
    [
        0.7868765592575073,
        -0.05274248868227005,
        0.6148523688316345,
        -0.022901242598891258,
        0.13985341787338257,
        0.9856590032577515,
        -0.09443119913339615,
        -0.1273019164800644,
        -0.6010543704032898,
        0.16029490530490875,
        0.782968282699585,
        0.11062530428171158
    ],
    [
        0.7866640686988831,
        -0.05109390243887901,
        0.6152632832527161,
        -0.0365963950753212,
        0.13885632157325745,
        0.9856792688369751,
        -0.09568439424037933,
        -0.12532223761081696,
        -0.6015633940696716,
        0.16070467233657837,
        0.7824931144714355,
        0.10513067990541458
    ],
    [
        0.7865309715270996,
        -0.047879837453365326,
        0.6156919598579407,
        -0.06309792399406433,
        0.13715039193630219,
        0.9856349229812622,
        -0.09855735301971436,
        -0.1205163449048996,
        -0.6021285653114319,
        0.16196081042289734,
        0.7817990779876709,
        0.09236546605825424
    ],
    [
        0.7865133881568909,
        -0.04623843729496002,
        0.6158398389816284,
        -0.07618239521980286,
        0.1360713094472885,
        0.9856618642807007,
        -0.09977663308382034,
        -0.1190328299999237,
        -0.6023963689804077,
        0.1622738093137741,
        0.7815278172492981,
        0.0861898884177208
    ],
    [
        0.7868196368217468,
        -0.04297535866498947,
        0.615684986114502,
        -0.10017731040716171,
        0.1340438574552536,
        0.9856599569320679,
        -0.10250247269868851,
        -0.11471302062273026,
        -0.6024509072303772,
        0.16317975521087646,
        0.7812970876693726,
        0.0732666477560997
    ],
    [
        0.7867757678031921,
        -0.04142475873231888,
        0.6158472895622253,
        -0.11363092809915543,
        0.13322515785694122,
        0.9856241941452026,
        -0.10390415042638779,
        -0.11246515065431595,
        -0.6026896834373474,
        0.1637956202030182,
        0.780984103679657,
        0.0676465556025505
    ],
    [
        0.7868945598602295,
        -0.03801857680082321,
        0.6159153580665588,
        -0.1406116485595703,
        0.13119912147521973,
        0.9855883121490479,
        -0.10678288340568542,
        -0.10787031054496765,
        -0.6029791235923767,
        0.1648344099521637,
        0.7805418968200684,
        0.05491066351532936
    ],
    [
        0.7869090437889099,
        -0.03651795908808708,
        0.6159874200820923,
        -0.1538522094488144,
        0.13046735525131226,
        0.9855260252952576,
        -0.10824332386255264,
        -0.10535498708486557,
        -0.6031188368797302,
        0.16554389894008636,
        0.7802838087081909,
        0.04915810003876686
    ],
    [
        0.7873023748397827,
        -0.032823409885168076,
        0.6156927943229675,
        -0.17982017993927002,
        0.12773559987545013,
        0.9856003522872925,
        -0.11079514771699905,
        -0.10238669067621231,
        -0.6031903624534607,
        0.16587518155574799,
        0.7801581621170044,
        0.036662507802248
    ],
    [
        0.7874650955200195,
        -0.03160598501563072,
        0.6155482530593872,
        -0.19098347425460815,
        0.12724421918392181,
        0.9855072498321533,
        -0.11218041926622391,
        -0.10029563307762146,
        -0.6030817627906799,
        0.16666314005851746,
        0.7800742387771606,
        0.03131512925028801
    ],
    [
        0.788318395614624,
        -0.028777291998267174,
        0.6145942807197571,
        -0.21177272498607635,
        0.12577039003372192,
        0.9853498935699463,
        -0.11518397182226181,
        -0.09614507853984833,
        -0.6022756695747375,
        0.16809938848018646,
        0.7803887128829956,
        0.01915561966598034
    ],
    [
        0.7884533405303955,
        -0.02725965529680252,
        0.6144902110099792,
        -0.22390425205230713,
        0.12490276247262955,
        0.9852992296218872,
        -0.11655367910861969,
        -0.09385938197374344,
        -0.6022794842720032,
        0.16864866018295288,
        0.7802671790122986,
        0.014351651072502136
    ],
    [
        0.7899072766304016,
        -0.025670571252703667,
        0.6126887202262878,
        -0.24318945407867432,
        0.12308803200721741,
        0.9854267239570618,
        -0.11740325391292572,
        -0.09248542040586472,
        -0.6007460951805115,
        0.1681523621082306,
        0.7815554141998291,
        -0.0018695322796702385
    ],
    [
        0.790536105632782,
        -0.024944225326180458,
        0.6119071841239929,
        -0.252960741519928,
        0.12229911237955093,
        0.985474169254303,
        -0.11782826483249664,
        -0.09070959687232971,
        -0.6000796556472778,
        0.16798321902751923,
        0.7821035981178284,
        -0.008224976249039173
    ],
    [
        0.7914877533912659,
        -0.02409953624010086,
        0.6107097268104553,
        -0.2715468108654022,
        0.12125249952077866,
        0.9855526089668274,
        -0.11825340241193771,
        -0.08571777492761612,
        -0.5990367531776428,
        0.16764618456363678,
        0.7829749584197998,
        -0.017714085057377815
    ]
]