[
    [
        0.9999368190765381,
        0.00604841485619545,
        -0.009473757818341255,
        -0.05602561682462692,
        -0.006049180869013071,
        0.9999817609786987,
        -5.225183485890739e-05,
        0.1535072922706604,
        0.009473267942667007,
        0.00010955717880278826,
        0.9999551773071289,
        0.28935807943344116
    ],
    [
        0.9998109936714172,
        0.00892171822488308,
        -0.017270410433411598,
        -0.05814249441027641,
        -0.00894192699342966,
        0.999959409236908,
        -0.001093301922082901,
        0.21648569405078888,
        0.017259957268834114,
        0.001247526379302144,
        0.9998502731323242,
        0.438349187374115
    ],
    [
        0.999553918838501,
        0.012722408398985863,
        -0.027018463239073753,
        -0.025820953771471977,
        -0.012788347899913788,
        0.999915599822998,
        -0.0022691325284540653,
        0.3525669574737549,
        0.026987316086888313,
        0.002613641554489732,
        0.9996323585510254,
        0.6415016651153564
    ],
    [
        0.9989706873893738,
        0.01750335656106472,
        -0.04184700548648834,
        -0.003442029934376478,
        -0.017635421827435493,
        0.9998405575752258,
        -0.002788795391097665,
        0.42765578627586365,
        0.04179151728749275,
        0.003523914609104395,
        0.9991200566291809,
        0.8116390109062195
    ],
    [
        0.9982312917709351,
        0.02329525724053383,
        -0.054695528000593185,
        -0.00774127384647727,
        -0.023463435471057892,
        0.9997217059135437,
        -0.0024345857091248035,
        0.5173962712287903,
        0.054623596370220184,
        0.0037136399187147617,
        0.9985001087188721,
        1.0042496919631958
    ],
    [
        0.9975424408912659,
        0.027765274047851562,
        -0.064329594373703,
        -0.03171294927597046,
        -0.02810877561569214,
        0.9995949268341064,
        -0.004440602846443653,
        0.62003093957901,
        0.06418024003505707,
        0.006237926427274942,
        0.9979189038276672,
        1.2002933025360107
    ],
    [
        0.9968761801719666,
        0.03130016103386879,
        -0.072513647377491,
        -0.06295880675315857,
        -0.032888155430555344,
        0.99924236536026,
        -0.0208094771951437,
        0.6925959587097168,
        0.0718073695898056,
        0.023129310458898544,
        0.9971503615379333,
        1.3966164588928223
    ],
    [
        0.9955887198448181,
        0.03306284919381142,
        -0.0878061056137085,
        -0.06779160350561142,
        -0.03802401199936867,
        0.9977375268936157,
        -0.055442944169044495,
        0.7746908068656921,
        0.08577433973550797,
        0.05853710696101189,
        0.9945935606956482,
        1.5888043642044067
    ],
    [
        0.9930543303489685,
        0.03678327426314354,
        -0.11175915598869324,
        -0.04099371284246445,
        -0.047155510634183884,
        0.9946759343147278,
        -0.09163044393062592,
        0.8135573267936707,
        0.1077936664223671,
        0.0962640717625618,
        0.9895017743110657,
        1.7382104396820068
    ],
    [
        0.9892245531082153,
        0.041703104972839355,
        -0.14034080505371094,
        -0.0662577897310257,
        -0.05941576883196831,
        0.9904402494430542,
        -0.12449072301387787,
        0.8669405579566956,
        0.13380755484104156,
        0.131487637758255,
        0.9822457432746887,
        1.9323068857192993
    ],
    [
        0.9849510192871094,
        0.04524729773402214,
        -0.16680553555488586,
        -0.12381667643785477,
        -0.07119615375995636,
        0.9856533408164978,
        -0.15303197503089905,
        0.9244316816329956,
        0.15748810768127441,
        0.1626049429178238,
        0.9740417003631592,
        2.094309091567993
    ],
    [
        0.9803014993667603,
        0.046575840562582016,
        -0.19193649291992188,
        -0.1464598923921585,
        -0.0803193747997284,
        0.9818216562271118,
        -0.17197364568710327,
        0.9471650719642639,
        0.1804375946521759,
        0.18400231003761292,
        0.9662222862243652,
        2.2640280723571777
    ],
    [
        0.9758419990539551,
        0.04603583738207817,
        -0.2135719358921051,
        -0.10795292258262634,
        -0.0873456820845604,
        0.9782320857048035,
        -0.18823567032814026,
        0.9891663789749146,
        0.20025736093521118,
        0.20234283804893494,
        0.9586210250854492,
        2.459728479385376
    ],
    [
        0.9717181921005249,
        0.04613618552684784,
        -0.2315930426120758,
        -0.09416961669921875,
        -0.09424859285354614,
        0.9750022292137146,
        -0.2012157440185547,
        1.0178605318069458,
        0.21652042865753174,
        0.21735236048698425,
        0.9517756700515747,
        2.6441662311553955
    ],
    [
        0.9682542085647583,
        0.04674651846289635,
        -0.2455574870109558,
        -0.13602674007415771,
        -0.10047204792499542,
        0.9722923636436462,
        -0.21107567846775055,
        1.0559028387069702,
        0.2288866490125656,
        0.22904661297798157,
        0.9461228847503662,
        2.904970407485962
    ],
    [
        0.9653644561767578,
        0.04651447385549545,
        -0.2567251920700073,
        -0.17186468839645386,
        -0.10443530231714249,
        0.9706023335456848,
        -0.21685080230236053,
        1.0457510948181152,
        0.23909135162830353,
        0.23615126311779022,
        0.9418429136276245,
        3.169856548309326
    ],
    [
        0.961030900478363,
        0.044678933918476105,
        -0.2728063762187958,
        -0.18303829431533813,
        -0.10879204422235489,
        0.9683457016944885,
        -0.2246570587158203,
        0.9570284485816956,
        0.2541334629058838,
        0.24558155238628387,
        0.9354709982872009,
        3.496702194213867
    ],
    [
        0.955909013748169,
        0.04566162824630737,
        -0.2900911867618561,
        -0.25495320558547974,
        -0.11642026901245117,
        0.9658187031745911,
        -0.23160412907600403,
        0.8253600597381592,
        0.2696000337600708,
        0.2551649510860443,
        0.9285507798194885,
        3.7228493690490723
    ],
    [
        0.9535026550292969,
        0.04616754502058029,
        -0.2978276014328003,
        -0.3736100494861603,
        -0.12090249359607697,
        0.9637921452522278,
        -0.23767080903053284,
        0.6728571057319641,
        0.27607113122940063,
        0.26262781023979187,
        0.9245600700378418,
        3.9499659538269043
    ],
    [
        0.9510715007781982,
        0.04627268761396408,
        -0.3054860830307007,
        -0.46258413791656494,
        -0.12452230602502823,
        0.9622731804847717,
        -0.24191825091838837,
        0.5539095997810364,
        0.2827669084072113,
        0.2681213617324829,
        0.9209526181221008,
        4.120372772216797
    ],
    [
        0.947203516960144,
        0.04631924256682396,
        -0.31726959347724915,
        -0.530721127986908,
        -0.12870727479457855,
        0.9612160325050354,
        -0.24392274022102356,
        0.4173814654350281,
        0.2936663031578064,
        0.2718791365623474,
        0.9164287447929382,
        4.314959526062012
    ],
    [
        0.9395379424095154,
        0.046785540878772736,
        -0.3392335772514343,
        -0.5969720482826233,
        -0.1369921863079071,
        0.959253191947937,
        -0.24711622297763824,
        0.27789124846458435,
        0.31384941935539246,
        0.27864760160446167,
        0.9076640605926514,
        4.541355133056641
    ],
    [
        0.9314354062080383,
        0.04719041287899017,
        -0.36083391308784485,
        -0.6351267099380493,
        -0.14464247226715088,
        0.9578754901885986,
        -0.24809885025024414,
        0.1956988126039505,
        0.33392608165740967,
        0.28327980637550354,
        0.8990248441696167,
        4.770442008972168
    ],
    [
        0.9260038733482361,
        0.04790585860610008,
        -0.374461829662323,
        -0.7062066793441772,
        -0.15001080930233002,
        0.9569358229637146,
        -0.24853695929050446,
        0.08969787508249283,
        0.34642964601516724,
        0.2863197326660156,
        0.8933126926422119,
        5.072150707244873
    ],
    [
        0.9221827983856201,
        0.0486234612762928,
        -0.38368552923202515,
        -0.796574592590332,
        -0.1541060358285904,
        0.9561053514480591,
        -0.24922682344913483,
        0.005280076060444117,
        0.3547256588935852,
        0.2889609932899475,
        0.8891971111297607,
        5.32550048828125
    ]
]