[
    [
        0.9999989867210388,
        0.0007777628488838673,
        -0.001224009320139885,
        0.0004742113233078271,
        -0.0007776140701025724,
        0.9999996423721313,
        0.00012212192814331502,
        0.02441512607038021,
        0.0012241046642884612,
        -0.00012117005826439708,
        0.9999992847442627,
        0.007419876754283905
    ],
    [
        0.9999990463256836,
        0.0005136113613843918,
        -0.0012832925422117114,
        0.0008428411092609167,
        -0.000513659615535289,
        0.9999998807907104,
        -3.7562858778983355e-05,
        0.03480608016252518,
        0.0012832725187763572,
        3.822214057436213e-05,
        0.9999991655349731,
        0.009754120372235775
    ],
    [
        0.9999986290931702,
        0.0005344594246707857,
        -0.001539548859000206,
        8.663986955070868e-05,
        -0.0005350546562112868,
        0.9999998211860657,
        -0.00038647683686576784,
        0.04555362090468407,
        0.0015393421053886414,
        0.00038730030064471066,
        0.9999988079071045,
        0.012733970768749714
    ],
    [
        0.9999983310699463,
        0.00043874536640942097,
        -0.0017805431270971894,
        0.00024423361173830926,
        -0.0004399546014610678,
        0.9999996423721313,
        -0.000678445678204298,
        0.05579814314842224,
        0.0017802446382120252,
        0.0006792281637899578,
        0.9999980926513672,
        0.014585299417376518
    ],
    [
        0.9999982118606567,
        0.00018802497652359307,
        -0.0019089162815362215,
        0.0002701522607821971,
        -0.00018939105211757123,
        0.9999997019767761,
        -0.00071544578531757,
        0.06538690626621246,
        0.0019087812397629023,
        0.0007158062653616071,
        0.9999979734420776,
        0.017009779810905457
    ],
    [
        0.9999973177909851,
        0.00025456291041336954,
        -0.002312909346073866,
        -0.00039375360938720405,
        -0.0002568911004345864,
        0.999999463558197,
        -0.0010063274530693889,
        0.07547609508037567,
        0.002312651602551341,
        0.0010069194249808788,
        0.9999967813491821,
        0.019188642501831055
    ],
    [
        0.9999963045120239,
        0.0002495015796739608,
        -0.002712085610255599,
        -0.0006042327731847763,
        -0.0002531043719500303,
        0.9999990463256836,
        -0.001328010344877839,
        0.08760244399309158,
        0.002711751963943243,
        0.001328692422248423,
        0.9999953508377075,
        0.020945539698004723
    ],
    [
        0.9999959468841553,
        0.0001694417733233422,
        -0.0028391904197633266,
        -0.00039042066782712936,
        -0.0001737052371026948,
        0.999998927116394,
        -0.0015013869851827621,
        0.09778270125389099,
        0.0028389322105795145,
        0.0015018741833046079,
        0.9999948740005493,
        0.022418079897761345
    ],
    [
        0.9999961256980896,
        9.358090755995363e-05,
        -0.002796555869281292,
        -0.00042355945333838463,
        -9.836910612648353e-05,
        0.9999986290931702,
        -0.0017120515694841743,
        0.10819347202777863,
        0.0027963914908468723,
        0.0017123203724622726,
        0.9999945163726807,
        0.023154716938734055
    ],
    [
        0.9999945163726807,
        4.398018973006401e-06,
        -0.0033160264138132334,
        -0.0004279062559362501,
        -1.1894983799720649e-05,
        0.9999974966049194,
        -0.0022608167491853237,
        0.1202956810593605,
        0.003316008485853672,
        0.0022608437575399876,
        0.9999918937683105,
        0.025260739028453827
    ],
    [
        0.9999938011169434,
        -0.0002597889397293329,
        -0.0035082874819636345,
        -0.00031537850736640394,
        0.0002512440551072359,
        0.9999970197677612,
        -0.002435863483697176,
        0.13145598769187927,
        0.003508910071104765,
        0.0024349663872271776,
        0.9999908208847046,
        0.0256646778434515
    ],
    [
        0.9999926686286926,
        -0.00037195984623394907,
        -0.0038389035034924746,
        -0.000550313969142735,
        0.00036238227039575577,
        0.9999969005584717,
        -0.0024950567167252302,
        0.14288219809532166,
        0.0038398192264139652,
        0.0024936473928391933,
        0.9999895095825195,
        0.026410050690174103
    ],
    [
        0.9999896883964539,
        -0.0003623712691478431,
        -0.0045201885513961315,
        -0.0009377922979183495,
        0.00034942172351293266,
        0.9999958276748657,
        -0.0028652260079979897,
        0.15759742259979248,
        0.0045212083496153355,
        0.0028636171482503414,
        0.9999856948852539,
        0.027215000241994858
    ],
    [
        0.9999896287918091,
        -0.0006411051144823432,
        -0.004506612196564674,
        -0.0003775138466153294,
        0.0006271579186432064,
        0.9999950528144836,
        -0.003095536958426237,
        0.16861267387866974,
        0.004508574493229389,
        0.0030926780309528112,
        0.9999850988388062,
        0.027535127475857735
    ],
    [
        0.999987781047821,
        -0.0008712248527444899,
        -0.004873211495578289,
        -0.0008024233393371105,
        0.0008550553466193378,
        0.9999942183494568,
        -0.003319200361147523,
        0.17873863875865936,
        0.004876074381172657,
        0.003314992180094123,
        0.9999827146530151,
        0.02728714607656002
    ],
    [
        0.9999842643737793,
        -0.000886108260601759,
        -0.005546978674829006,
        -0.0007778960862196982,
        0.0008663858752697706,
        0.9999933242797852,
        -0.0035568722523748875,
        0.18884602189064026,
        0.00555009301751852,
        0.0035520102828741074,
        0.9999783039093018,
        0.026971301063895226
    ],
    [
        0.9999862909317017,
        -0.0011255916906520724,
        -0.005113367456942797,
        -0.0007523113745264709,
        0.0011075262445956469,
        0.9999931454658508,
        -0.0035343081690371037,
        0.19796474277973175,
        0.005117310676723719,
        0.0035285959020256996,
        0.9999805688858032,
        0.026828691363334656
    ],
    [
        0.9999867677688599,
        -0.00132300506811589,
        -0.004970080219209194,
        -0.0005559388664551079,
        0.0013042509090155363,
        0.9999920725822449,
        -0.003774731419980526,
        0.20714396238327026,
        0.004975034389644861,
        0.0037681993562728167,
        0.9999805688858032,
        0.026057668030261993
    ],
    [
        0.9999812841415405,
        -0.0013275290839374065,
        -0.00597193231806159,
        -0.0008144878083840013,
        0.0013041087659075856,
        0.9999914169311523,
        -0.003923880401998758,
        0.21801763772964478,
        0.005977089051157236,
        0.0039160181768238544,
        0.9999744892120361,
        0.025299061089754105
    ],
    [
        0.9999802708625793,
        -0.0014928332529962063,
        -0.006095044314861298,
        -0.0008138957200571895,
        0.0014681689208373427,
        0.9999908208847046,
        -0.004049052484333515,
        0.22659647464752197,
        0.0061010317876935005,
        0.004040024243295193,
        0.9999732971191406,
        0.024744467809796333
    ],
    [
        0.9999810457229614,
        -0.0016838612500578165,
        -0.005920684430748224,
        -0.0006298149237409234,
        0.0016590527957305312,
        0.9999898672103882,
        -0.004192677792161703,
        0.23515641689300537,
        0.005927684251219034,
        0.004182773642241955,
        0.9999737739562988,
        0.023778138682246208
    ],
    [
        0.9999808073043823,
        -0.00171278091147542,
        -0.005953784100711346,
        -0.000728420855011791,
        0.0016861752374097705,
        0.9999886155128479,
        -0.004470700863748789,
        0.24420514702796936,
        0.0059613729827106,
        0.004460576456040144,
        0.9999723434448242,
        0.02268236130475998
    ],
    [
        0.9999755620956421,
        -0.0019132785964757204,
        -0.006721808575093746,
        -0.0008307538810186088,
        0.0018841547425836325,
        0.999988853931427,
        -0.004336346406489611,
        0.2530001699924469,
        0.006730029825121164,
        0.004323574714362621,
        0.9999680519104004,
        0.021419383585453033
    ],
    [
        0.999973714351654,
        -0.002095018746331334,
        -0.006954319775104523,
        -0.0008703821804374456,
        0.0020625488832592964,
        0.9999870657920837,
        -0.00467299809679389,
        0.26336801052093506,
        0.006964019034057856,
        0.0046585313975811005,
        0.9999648332595825,
        0.019903311505913734
    ],
    [
        0.9999754428863525,
        -0.0024972984101623297,
        -0.006550048012286425,
        1.398926178808324e-05,
        0.002465747529640794,
        0.99998539686203,
        -0.004820463713258505,
        0.27677199244499207,
        0.006561990361660719,
        0.0048041935078799725,
        0.9999669790267944,
        0.01728212647140026
    ]
]