[
    [
        0.8208130598068237,
        0.04808918014168739,
        -0.5691689848899841,
        0.043226245790719986,
        -0.053625691682100296,
        0.9985363483428955,
        0.007031529676169157,
        -0.05305369570851326,
        0.5686740279197693,
        0.02475050464272499,
        0.8221904635429382,
        0.8995926976203918
    ],
    [
        0.8180544376373291,
        0.0486038513481617,
        -0.5730834007263184,
        0.0354958176612854,
        -0.053756922483444214,
        0.9985224604606628,
        0.007949880324304104,
        -0.05321764945983887,
        0.572623074054718,
        0.02430376224219799,
        0.8194584846496582,
        0.9037349820137024
    ],
    [
        0.8151808381080627,
        0.04893571883440018,
        -0.5771355628967285,
        0.027617739513516426,
        -0.053604867309331894,
        0.998522162437439,
        0.008950643241405487,
        -0.05389140918850899,
        0.576720654964447,
        0.023640885949134827,
        0.8165993094444275,
        0.9097536206245422
    ],
    [
        0.8120571374893188,
        0.04924101382493973,
        -0.5814967751502991,
        0.020670868456363678,
        -0.05385475978255272,
        0.9985051155090332,
        0.009345286525785923,
        -0.05300307646393776,
        0.5810877084732056,
        0.02372746542096138,
        0.8134950399398804,
        0.9149863123893738
    ],
    [
        0.8091602325439453,
        0.049708690494298935,
        -0.5854815244674683,
        0.01255595963448286,
        -0.05388599634170532,
        0.9984939098358154,
        0.010301632806658745,
        -0.05325514078140259,
        0.5851118564605713,
        0.0232135858386755,
        0.8106202483177185,
        0.9193766713142395
    ],
    [
        0.8059632778167725,
        0.0501086488366127,
        -0.5898409485816956,
        0.004811097402125597,
        -0.05386428162455559,
        0.9984852075576782,
        0.011223558336496353,
        -0.05354901775717735,
        0.5895098447799683,
        0.022725583985447884,
        0.8074414730072021,
        0.9254680275917053
    ],
    [
        0.8027114868164062,
        0.05053563043475151,
        -0.5942226052284241,
        -0.003429167438298464,
        -0.054142747074365616,
        0.9984637498855591,
        0.011775052174925804,
        -0.05305483192205429,
        0.5939047336578369,
        0.02272087149322033,
        0.8042145371437073,
        0.9313226342201233
    ],
    [
        0.7994086146354675,
        0.050814464688301086,
        -0.5986350178718567,
        -0.011491948738694191,
        -0.05410807207226753,
        0.9984568357467651,
        0.012497775256633759,
        -0.05291731655597687,
        0.5983462333679199,
        0.022400151938199997,
        0.8009244799613953,
        0.9376714825630188
    ],
    [
        0.7958858013153076,
        0.05088203772902489,
        -0.6033050417900085,
        -0.018232254311442375,
        -0.054039835929870605,
        0.9984551668167114,
        0.01291867159307003,
        -0.05192650482058525,
        0.6030303239822388,
        0.022320717573165894,
        0.7974058389663696,
        0.9427393674850464
    ],
    [
        0.7924720048904419,
        0.05130091682076454,
        -0.607746958732605,
        -0.02742556482553482,
        -0.05424279347062111,
        0.9984357953071594,
        0.013549686409533024,
        -0.05156373232603073,
        0.6074914932250977,
        0.022228145971894264,
        0.7940150499343872,
        0.9507404565811157
    ],
    [
        0.7888039946556091,
        0.051398541778326035,
        -0.6124919056892395,
        -0.03522266447544098,
        -0.054089490324258804,
        0.9984361529350281,
        0.014126156456768513,
        -0.051192354410886765,
        0.6122601628303528,
        0.021986598148941994,
        0.7903505563735962,
        0.9589694142341614
    ],
    [
        0.7854121923446655,
        0.05172757804393768,
        -0.6168078780174255,
        -0.04471602290868759,
        -0.05392587184906006,
        0.998431384563446,
        0.015065298415720463,
        -0.05182700604200363,
        0.6166195869445801,
        0.021429432556033134,
        0.7869695425033569,
        0.9661344289779663
    ],
    [
        0.7817792296409607,
        0.0524495467543602,
        -0.6213454604148865,
        -0.053281769156455994,
        -0.05462406203150749,
        0.9983859062194824,
        0.0155484052374959,
        -0.05108838900923729,
        0.6211581230163574,
        0.02178499475121498,
        0.7833824157714844,
        0.9739590883255005
    ],
    [
        0.7781538367271423,
        0.052773065865039825,
        -0.6258527040481567,
        -0.06170337647199631,
        -0.05496571585536003,
        0.9983625411987305,
        0.015842178836464882,
        -0.05018606409430504,
        0.6256639361381531,
        0.022072790190577507,
        0.7797803282737732,
        0.9810478091239929
    ],
    [
        0.7744970321655273,
        0.053166862577199936,
        -0.6303393244743347,
        -0.07013147324323654,
        -0.05519954860210419,
        0.9983409643173218,
        0.016382871195673943,
        -0.04972841218113899,
        0.6301645636558533,
        0.022105960175395012,
        0.7761468887329102,
        0.9885356426239014
    ],
    [
        0.7704749703407288,
        0.053598854690790176,
        -0.6352130174636841,
        -0.0785837396979332,
        -0.05558159202337265,
        0.9983124732971191,
        0.01681985892355442,
        -0.04915807396173477,
        0.6350425481796265,
        0.022346869111061096,
        0.7721537947654724,
        0.9977920055389404
    ],
    [
        0.7666810750961304,
        0.05385966971516609,
        -0.6397650241851807,
        -0.08772043138742447,
        -0.05533333495259285,
        0.9983104467391968,
        0.017734073102474213,
        -0.05000324547290802,
        0.6396392583847046,
        0.021803954616189003,
        0.7683659791946411,
        1.0058661699295044
    ],
    [
        0.7626162171363831,
        0.05463645979762077,
        -0.6445396542549133,
        -0.09670092165470123,
        -0.0556587316095829,
        0.998273491859436,
        0.01876669190824032,
        -0.05053486302495003,
        0.6444522142410278,
        0.021562477573752403,
        0.7643404603004456,
        1.014924168586731
    ],
    [
        0.758665144443512,
        0.055092278867959976,
        -0.6491471529006958,
        -0.106143057346344,
        -0.05592888966202736,
        0.9982470273971558,
        0.019355271011590958,
        -0.04947933554649353,
        0.6490756273269653,
        0.021621905267238617,
        0.7604165077209473,
        1.0242204666137695
    ],
    [
        0.7548346519470215,
        0.05605432391166687,
        -0.6535154581069946,
        -0.11574923992156982,
        -0.05612214282155037,
        0.9982073307037354,
        0.02079658769071102,
        -0.05124378949403763,
        0.6535096764564514,
        0.02097870223224163,
        0.7566275000572205,
        1.0333130359649658
    ],
    [
        0.7506504654884338,
        0.056617699563503265,
        -0.6582692265510559,
        -0.12444833666086197,
        -0.05627001076936722,
        0.9981799721717834,
        0.02168649435043335,
        -0.05147676169872284,
        0.6582990288734436,
        0.02076183632016182,
        0.7524701952934265,
        1.0432826280593872
    ],
    [
        0.7467122077941895,
        0.0570187084376812,
        -0.6626988649368286,
        -0.13360640406608582,
        -0.056336093693971634,
        0.9981604218482971,
        0.022403806447982788,
        -0.05200442299246788,
        0.6627572774887085,
        0.02060467191040516,
        0.7485508322715759,
        1.0523414611816406
    ],
    [
        0.7426588535308838,
        0.05742833390831947,
        -0.6672030091285706,
        -0.14265114068984985,
        -0.05639493092894554,
        0.9981403350830078,
        0.023140400648117065,
        -0.05301013961434364,
        0.6672911643981934,
        0.020441442728042603,
        0.7445163726806641,
        1.061123013496399
    ],
    [
        0.738680362701416,
        0.05820801481604576,
        -0.6715379357337952,
        -0.151968315243721,
        -0.05676376447081566,
        0.99809730052948,
        0.02407456561923027,
        -0.05413595214486122,
        0.6716615557670593,
        0.02033560909330845,
        0.7405789494514465,
        1.0694578886032104
    ],
    [
        0.7344605326652527,
        0.05866730958223343,
        -0.6761109828948975,
        -0.16212975978851318,
        -0.05676976963877678,
        0.9980757832527161,
        0.024935659021139145,
        -0.05520424246788025,
        0.6762728095054626,
        0.02006840519607067,
        0.7363777756690979,
        1.07924485206604
    ],
    [
        0.7303062081336975,
        0.059088125824928284,
        -0.6805598139762878,
        -0.17107440531253815,
        -0.056892476975917816,
        0.9980518817901611,
        0.02560260519385338,
        -0.05567348748445511,
        0.6807467937469482,
        0.020020995289087296,
        0.7322450876235962,
        1.088030457496643
    ],
    [
        0.7262149453163147,
        0.059489257633686066,
        -0.6848890781402588,
        -0.1810292899608612,
        -0.05704834312200546,
        0.9980276823043823,
        0.0261977668851614,
        -0.05582885444164276,
        0.6850965619087219,
        0.02004658617079258,
        0.7281762361526489,
        1.097606897354126
    ],
    [
        0.7222483158111572,
        0.059963684529066086,
        -0.6890295743942261,
        -0.19108079373836517,
        -0.057205986231565475,
        0.9980002641677856,
        0.02688831277191639,
        -0.05616961047053337,
        0.6892639994621277,
        0.019996581599116325,
        0.7242342829704285,
        1.1062757968902588
    ],
    [
        0.7183574438095093,
        0.06035745516419411,
        -0.6930509209632874,
        -0.2004959136247635,
        -0.05719499662518501,
        0.9979807138442993,
        0.027630185708403587,
        -0.05680258944630623,
        0.6933191418647766,
        0.01979070156812668,
        0.7203587293624878,
        1.1144092082977295
    ],
    [
        0.7144483327865601,
        0.060662176460027695,
        -0.6970534920692444,
        -0.20980419218540192,
        -0.05712694674730301,
        0.9979658722877502,
        0.028296999633312225,
        -0.05768280848860741,
        0.6973521113395691,
        0.01960378885269165,
        0.7164605855941772,
        1.1225781440734863
    ],
    [
        0.7106372117996216,
        0.060908760875463486,
        -0.7009170651435852,
        -0.21934160590171814,
        -0.05707500874996185,
        0.9979528784751892,
        0.0288542527705431,
        -0.05822671577334404,
        0.7012397646903992,
        0.019499938935041428,
        0.7126589417457581,
        1.1302906274795532
    ],
    [
        0.7068192362785339,
        0.06159202754497528,
        -0.704707682132721,
        -0.23011203110218048,
        -0.057176023721694946,
        0.9979171752929688,
        0.029871419072151184,
        -0.06000349670648575,
        0.7050797939300537,
        0.01917870342731476,
        0.7088687419891357,
        1.1386030912399292
    ],
    [
        0.7029799818992615,
        0.06197946518659592,
        -0.7085038423538208,
        -0.2397630512714386,
        -0.05707522854208946,
        0.9978988170623779,
        0.0306653194129467,
        -0.060853466391563416,
        0.7089157700538635,
        0.018880916759371758,
        0.7050403952598572,
        1.1466684341430664
    ],
    [
        0.6991167664527893,
        0.06218139827251434,
        -0.7122985124588013,
        -0.25081586837768555,
        -0.057011086493730545,
        0.9978873133659363,
        0.031156335026025772,
        -0.06099923327565193,
        0.7127310037612915,
        0.018827000632882118,
        0.7011847496032715,
        1.1553869247436523
    ],
    [
        0.6953678131103516,
        0.06264723092317581,
        -0.715918242931366,
        -0.26241883635520935,
        -0.05712123587727547,
        0.9978594183921814,
        0.031837236136198044,
        -0.06198021024465561,
        0.7163802981376648,
        0.01875554397702217,
        0.6974578499794006,
        1.1637563705444336
    ],
    [
        0.6914792656898499,
        0.06291034817695618,
        -0.7196517586708069,
        -0.2745680510997772,
        -0.05704081058502197,
        0.9978452920913696,
        0.03242158889770508,
        -0.062368396669626236,
        0.720140814781189,
        0.01863066479563713,
        0.693577766418457,
        1.1736153364181519
    ],
    [
        0.6877780556678772,
        0.0633893683552742,
        -0.7231480479240417,
        -0.2870175838470459,
        -0.05713750049471855,
        0.9978166222572327,
        0.03312329575419426,
        -0.0632345974445343,
        0.7236689329147339,
        0.018537389114499092,
        0.6898983716964722,
        1.1817734241485596
    ],
    [
        0.6841352581977844,
        0.06375669687986374,
        -0.7265632152557373,
        -0.30027681589126587,
        -0.05717689171433449,
        0.997794508934021,
        0.0337194986641407,
        -0.06373611837625504,
        0.7271105051040649,
        0.018473923206329346,
        0.6862717866897583,
        1.1907317638397217
    ],
    [
        0.6804426908493042,
        0.06416168808937073,
        -0.7299870848655701,
        -0.3129042685031891,
        -0.057159312069416046,
        0.9977716207504272,
        0.03441853076219559,
        -0.06418683379888535,
        0.7305687069892883,
        0.018305722624063492,
        0.682593822479248,
        1.1998041868209839
    ],
    [
        0.676652193069458,
        0.06481960415840149,
        -0.7334439754486084,
        -0.32641422748565674,
        -0.057412289083004,
        0.9977294206619263,
        0.03520961478352547,
        -0.06453050673007965,
        0.7340610027313232,
        0.018284043297171593,
        0.678837239742279,
        1.2103224992752075
    ],
    [
        0.6730989217758179,
        0.0656663179397583,
        -0.7366313934326172,
        -0.33869534730911255,
        -0.05765463039278984,
        0.9976779818534851,
        0.03625500574707985,
        -0.0650847777724266,
        0.7373016476631165,
        0.018067002296447754,
        0.6753219962120056,
        1.2182486057281494
    ],
    [
        0.6696231961250305,
        0.06660512089729309,
        -0.7397083640098572,
        -0.3512725532054901,
        -0.057952962815761566,
        0.9976198077201843,
        0.03736598417162895,
        -0.06628797203302383,
        0.7404364347457886,
        0.01784716174006462,
        0.6718893051147461,
        1.2264820337295532
    ],
    [
        0.666121780872345,
        0.06762299686670303,
        -0.7427710890769958,
        -0.3648850619792938,
        -0.058278001844882965,
        0.9975556135177612,
        0.038554877042770386,
        -0.06720447540283203,
        0.7435626983642578,
        0.01760496385395527,
        0.6684343814849854,
        1.2360411882400513
    ],
    [
        0.6629456877708435,
        0.0683431327342987,
        -0.745541512966156,
        -0.3784483075141907,
        -0.05874324217438698,
        0.9975029826164246,
        0.039204925298690796,
        -0.0675743818283081,
        0.7463593482971191,
        0.017804794013500214,
        0.6653050780296326,
        1.244297981262207
    ],
    [
        0.6598025560379028,
        0.06894072145223618,
        -0.74826979637146,
        -0.3916544020175934,
        -0.059014104306697845,
        0.9974610209465027,
        0.03986265882849693,
        -0.06800264120101929,
        0.7491180896759033,
        0.01785699464380741,
        0.6621957421302795,
        1.252427101135254
    ],
    [
        0.6564395427703857,
        0.06982393562793732,
        -0.7511403560638428,
        -0.4062575101852417,
        -0.05931975692510605,
        0.9974018931388855,
        0.04087476059794426,
        -0.06849445402622223,
        0.7520427703857422,
        0.01772565208375454,
        0.6588758826255798,
        1.2618974447250366
    ],
    [
        0.65305495262146,
        0.07052676379680634,
        -0.7540193796157837,
        -0.419756144285202,
        -0.05982116609811783,
        0.9973470568656921,
        0.04147525876760483,
        -0.06768842041492462,
        0.7549441456794739,
        0.018020691350102425,
        0.6555414795875549,
        1.2708309888839722
    ],
    [
        0.6498556137084961,
        0.0711296796798706,
        -0.756722092628479,
        -0.4334380328655243,
        -0.05991865321993828,
        0.9973072409629822,
        0.042287226766347885,
        -0.06804805248975754,
        0.7576922178268433,
        0.01786118373274803,
        0.6523676514625549,
        1.2797261476516724
    ],
    [
        0.6468422412872314,
        0.0716925784945488,
        -0.7592464685440063,
        -0.4481561779975891,
        -0.06022088602185249,
        0.9972643256187439,
        0.042862288653850555,
        -0.06788068264722824,
        0.7602424025535583,
        0.017997361719608307,
        0.6493902206420898,
        1.2877146005630493
    ],
    [
        0.6435796022415161,
        0.0720515251159668,
        -0.7619802951812744,
        -0.4621473252773285,
        -0.06030478700995445,
        0.9972376823425293,
        0.04336276650428772,
        -0.06751398742198944,
        0.7629997730255127,
        0.01804365962743759,
        0.6461468935012817,
        1.2973657846450806
    ],
    [
        0.6405410766601562,
        0.07235153019428253,
        -0.7645079493522644,
        -0.4764610528945923,
        -0.060372140258550644,
        0.9972148537635803,
        0.04379181191325188,
        -0.06709421426057816,
        0.7655470967292786,
        0.01810452528297901,
        0.6431249976158142,
        1.3064894676208496
    ],
    [
        0.637977659702301,
        0.07286858558654785,
        -0.7665994763374329,
        -0.49073344469070435,
        -0.060627710074186325,
        0.9971755743026733,
        0.044330377131700516,
        -0.06668137013912201,
        0.7676644921302795,
        0.018195373937487602,
        0.6405935883522034,
        1.3130345344543457
    ],
    [
        0.6349459290504456,
        0.07350467890501022,
        -0.7690517902374268,
        -0.5034106969833374,
        -0.06073316931724548,
        0.9971319437026978,
        0.045161549001932144,
        -0.06787384301424026,
        0.770165741443634,
        0.01803181879222393,
        0.6375889182090759,
        1.3216650485992432
    ],
    [
        0.6325210332870483,
        0.0740983635187149,
        -0.7709907293319702,
        -0.51768559217453,
        -0.06089922413229942,
        0.9970895051956177,
        0.04586651548743248,
        -0.06807107478380203,
        0.7721453309059143,
        0.017941193655133247,
        0.6351926922798157,
        1.3283333778381348
    ],
    [
        0.629767119884491,
        0.0746990367770195,
        -0.773184061050415,
        -0.5307904481887817,
        -0.06102145463228226,
        0.9970468878746033,
        0.04662427306175232,
        -0.06871073693037033,
        0.7743834853172302,
        0.017818378284573555,
        0.6324654817581177,
        1.3366998434066772
    ],
    [
        0.627248227596283,
        0.07528839260339737,
        -0.7751718163490295,
        -0.5448353886604309,
        -0.06121043488383293,
        0.9970032572746277,
        0.04730389267206192,
        -0.0691358894109726,
        0.7764102220535278,
        0.017777318134903908,
        0.6299770474433899,
        1.3445056676864624
    ],
    [
        0.6245640516281128,
        0.07585320621728897,
        -0.7772811055183411,
        -0.5581238865852356,
        -0.06134349852800369,
        0.9969618916511536,
        0.048000406473875046,
        -0.06959731131792068,
        0.7785606980323792,
        0.01770181581377983,
        0.6273196339607239,
        1.3531036376953125
    ],
    [
        0.6219759583473206,
        0.07629409432411194,
        -0.7793107628822327,
        -0.5710970759391785,
        -0.06159714236855507,
        0.9969250559806824,
        0.04843711853027344,
        -0.06908541172742844,
        0.7806097865104675,
        0.01787658967077732,
        0.6247628927230835,
        1.3609344959259033
    ],
    [
        0.6193249225616455,
        0.07689797133207321,
        -0.7813599705696106,
        -0.5839417576789856,
        -0.061832867562770844,
        0.9968781471252441,
        0.04909808188676834,
        -0.06975628435611725,
        0.7826961874961853,
        0.017906058579683304,
        0.6221462488174438,
        1.369094729423523
    ],
    [
        0.6172569394111633,
        0.07751072198152542,
        -0.7829342484474182,
        -0.5986746549606323,
        -0.062140822410583496,
        0.9968294501304626,
        0.04969525709748268,
        -0.06984051316976547,
        0.7843037247657776,
        0.017977438867092133,
        0.6201164722442627,
        1.3752409219741821
    ],
    [
        0.6148197054862976,
        0.07812757790088654,
        -0.7847883105278015,
        -0.6124482154846191,
        -0.062373291701078415,
        0.9967811107635498,
        0.050367433577775955,
        -0.07038632780313492,
        0.786197304725647,
        0.01798294484615326,
        0.6177137494087219,
        1.383246898651123
    ],
    [
        0.6124435663223267,
        0.07871125638484955,
        -0.7865859270095825,
        -0.6263206601142883,
        -0.06268702447414398,
        0.9967328310012817,
        0.05093129351735115,
        -0.07075245678424835,
        0.78802490234375,
        0.018116191029548645,
        0.6153767108917236,
        1.390677809715271
    ],
    [
        0.6100106835365295,
        0.07900529354810715,
        -0.7884446978569031,
        -0.6397648453712463,
        -0.06276551634073257,
        0.996708333492279,
        0.05131315812468529,
        -0.07085878401994705,
        0.7899034023284912,
        0.01818556897342205,
        0.6129614114761353,
        1.3989211320877075
    ],
    [
        0.6078302264213562,
        0.07950260490179062,
        -0.7900770306587219,
        -0.6542792320251465,
        -0.06306853145360947,
        0.9966654777526855,
        0.05177033692598343,
        -0.07067731767892838,
        0.7915584444999695,
        0.01836143247783184,
        0.610817551612854,
        1.4060577154159546
    ],
    [
        0.6054734587669373,
        0.0801367461681366,
        -0.7918206453323364,
        -0.6679547429084778,
        -0.06318290531635284,
        0.9966174960136414,
        0.05254991725087166,
        -0.0717049092054367,
        0.7933535575866699,
        0.01821194589138031,
        0.6084887385368347,
        1.414204716682434
    ],
    [
        0.6033259034156799,
        0.08056692034006119,
        -0.7934146523475647,
        -0.6822400689125061,
        -0.06339985877275467,
        0.9965806007385254,
        0.052986990660429,
        -0.07126191258430481,
        0.7949706315994263,
        0.018333951011300087,
        0.6063708066940308,
        1.4218716621398926
    ],
    [
        0.6012402176856995,
        0.08116060495376587,
        -0.7949360609054565,
        -0.6964613199234009,
        -0.06385492533445358,
        0.9965270161628723,
        0.05344655364751816,
        -0.07092075794935226,
        0.7965128421783447,
        0.018626360222697258,
        0.6043345332145691,
        1.4290401935577393
    ],
    [
        0.5986393690109253,
        0.08158500492572784,
        -0.7968531250953674,
        -0.7091062068939209,
        -0.06399878114461899,
        0.9964907765388489,
        0.05394536256790161,
        -0.07124897837638855,
        0.7984579801559448,
        0.018703807145357132,
        0.6017599701881409,
        1.4388271570205688
    ],
    [
        0.5960356593132019,
        0.08230812102556229,
        -0.7987282276153564,
        -0.7215390205383301,
        -0.06436268240213394,
        0.9964289665222168,
        0.05465155094861984,
        -0.07214488089084625,
        0.8003742098808289,
        0.018834024667739868,
        0.5992047786712646,
        1.448367953300476
    ],
    [
        0.5940660238265991,
        0.08264678716659546,
        -0.8001593947410583,
        -0.7358238697052002,
        -0.06468848139047623,
        0.99639493227005,
        0.05488855391740799,
        -0.07143687456846237,
        0.8018110394477844,
        0.019153671339154243,
        0.5972706079483032,
        1.456372618675232
    ],
    [
        0.5918521881103516,
        0.08326175063848495,
        -0.8017346262931824,
        -0.7496272325515747,
        -0.0649985745549202,
        0.9963414072990417,
        0.05548916012048721,
        -0.07216374576091766,
        0.8034215569496155,
        0.019270239397883415,
        0.5950986742973328,
        1.4650063514709473
    ],
    [
        0.5895407199859619,
        0.08366962522268295,
        -0.803393542766571,
        -0.7624624967575073,
        -0.06518740952014923,
        0.9963046312332153,
        0.05592503771185875,
        -0.07234673202037811,
        0.8051040172576904,
        0.019401056692004204,
        0.5928162932395935,
        1.4737643003463745
    ],
    [
        0.5872266888618469,
        0.0843529999256134,
        -0.8050152063369751,
        -0.774715781211853,
        -0.06532231718301773,
        0.9962496161460876,
        0.056741341948509216,
        -0.07377177476882935,
        0.8067824244499207,
        0.019265424460172653,
        0.590534508228302,
        1.48194420337677
    ],
    [
        0.5856762528419495,
        0.08496708422899246,
        -0.8060795068740845,
        -0.7898457646369934,
        -0.06549491733312607,
        0.9961994290351868,
        0.05742034316062927,
        -0.07483073323965073,
        0.8078946471214294,
        0.019164368510246277,
        0.5890153050422668,
        1.4894508123397827
    ],
    [
        0.5834365487098694,
        0.08585468679666519,
        -0.8076080083847046,
        -0.8031315207481384,
        -0.06587474793195724,
        0.9961230158805847,
        0.05830562859773636,
        -0.07643994688987732,
        0.8094828128814697,
        0.019183343276381493,
        0.5868301391601562,
        1.4986451864242554
    ],
    [
        0.5815643072128296,
        0.0864262655377388,
        -0.8088964223861694,
        -0.8174651265144348,
        -0.06617873162031174,
        0.9960711598396301,
        0.05884500965476036,
        -0.0768871009349823,
        0.8108041286468506,
        0.019309580326080322,
        0.5849989652633667,
        1.5072128772735596
    ],
    [
        0.5797789096832275,
        0.08693383634090424,
        -0.8101226687431335,
        -0.8315766453742981,
        -0.06643565744161606,
        0.9960248470306396,
        0.059337008744478226,
        -0.07739037275314331,
        0.8120608329772949,
        0.019418688490986824,
        0.5832497477531433,
        1.5152173042297363
    ],
    [
        0.5782973766326904,
        0.0874580666422844,
        -0.8111246228218079,
        -0.8479196429252625,
        -0.06668894737958908,
        0.9959775805473328,
        0.05984313040971756,
        -0.07808423787355423,
        0.81309574842453,
        0.019485915079712868,
        0.5818037390708923,
        1.5233944654464722
    ],
    [
        0.576553463935852,
        0.08804880827665329,
        -0.8123013973236084,
        -0.8641659021377563,
        -0.06679300963878632,
        0.995928168296814,
        0.060544706881046295,
        -0.07959973812103271,
        0.8143247961997986,
        0.019348790869116783,
        0.5800869464874268,
        1.5325214862823486
    ],
    [
        0.5747597813606262,
        0.08848048001527786,
        -0.8135245442390442,
        -0.8798708915710449,
        -0.06673756241798401,
        0.9958940148353577,
        0.06116485595703125,
        -0.08045095205307007,
        0.8155962824821472,
        0.01913754642009735,
        0.5783048272132874,
        1.5421078205108643
    ],
    [
        0.5732638239860535,
        0.08916447311639786,
        -0.8145049214363098,
        -0.8967195153236389,
        -0.06675252318382263,
        0.9958392381668091,
        0.06203360855579376,
        -0.08181937038898468,
        0.8166472315788269,
        0.018808629363775253,
        0.5768305659294128,
        1.550958514213562
    ],
    [
        0.5719211101531982,
        0.08976513147354126,
        -0.8153823614120483,
        -0.9123080372810364,
        -0.06681733578443527,
        0.9957895278930664,
        0.06275942176580429,
        -0.08334239572286606,
        0.8175828456878662,
        0.0185882318764925,
        0.5755109190940857,
        1.5590744018554688
    ],
    [
        0.5702602863311768,
        0.09012260288000107,
        -0.8165053725242615,
        -0.9273038506507874,
        -0.06688949465751648,
        0.9957572817802429,
        0.06319102644920349,
        -0.08367838710546494,
        0.8187362551689148,
        0.018580302596092224,
        0.5738691091537476,
        1.5684714317321777
    ],
    [
        0.5693990588188171,
        0.09061942994594574,
        -0.817051351070404,
        -0.9428603649139404,
        -0.06698332726955414,
        0.9957150816917419,
        0.06375474482774734,
        -0.08471768349409103,
        0.8193276524543762,
        0.0184269268065691,
        0.5730292201042175,
        1.5748450756072998
    ],
    [
        0.5681511759757996,
        0.09113043546676636,
        -0.8178627490997314,
        -0.9574956893920898,
        -0.06701317429542542,
        0.9956721663475037,
        0.06439030170440674,
        -0.08579757064580917,
        0.8201910853385925,
        0.01822415180504322,
        0.5717993378639221,
        1.582383155822754
    ],
    [
        0.5672187805175781,
        0.09154868870973587,
        -0.8184629678726196,
        -0.9733031988143921,
        -0.0671331137418747,
        0.9956348538398743,
        0.06484093517065048,
        -0.0865129828453064,
        0.8208264112472534,
        0.01816697046160698,
        0.5708886981010437,
        1.5894726514816284
    ],
    [
        0.566128134727478,
        0.09189248085021973,
        -0.819179356098175,
        -0.98895263671875,
        -0.0673520490527153,
        0.9956007599830627,
        0.06513632833957672,
        -0.086527518928051,
        0.8215611577033997,
        0.018297888338565826,
        0.5698267817497253,
        1.5977286100387573
    ],
    [
        0.565284013748169,
        0.09239392727613449,
        -0.8197056651115417,
        -1.003402829170227,
        -0.06749873608350754,
        0.9955559968948364,
        0.06566671282052994,
        -0.08717723935842514,
        0.8221300840377808,
        0.018208742141723633,
        0.5690083503723145,
        1.6045316457748413
    ],
    [
        0.5646923184394836,
        0.09284612536430359,
        -0.8200622797012329,
        -1.018964171409607,
        -0.06783316284418106,
        0.9955112338066101,
        0.06600046157836914,
        -0.08731824904680252,
        0.8225091695785522,
        0.018357466906309128,
        0.5684555768966675,
        1.610365867614746
    ],
    [
        0.5642218589782715,
        0.0930766612291336,
        -0.8203600645065308,
        -1.0341463088989258,
        -0.06790124624967575,
        0.995490312576294,
        0.06624596565961838,
        -0.0874006599187851,
        0.8228262662887573,
        0.0183260440826416,
        0.5679973363876343,
        1.6158522367477417
    ],
    [
        0.5633580088615417,
        0.0931420847773552,
        -0.8209459781646729,
        -1.0488005876541138,
        -0.06790042668581009,
        0.9954834580421448,
        0.06634926050901413,
        -0.08743194490671158,
        0.8234180212020874,
        0.018364211544394493,
        0.5671379566192627,
        1.6229724884033203
    ],
    [
        0.562658965587616,
        0.09359565377235413,
        -0.8213737607002258,
        -1.0628106594085693,
        -0.06808654218912125,
        0.9954412579536438,
        0.066789910197258,
        -0.08806751668453217,
        0.8238804936408997,
        0.018344556912779808,
        0.5664665102958679,
        1.6284894943237305
    ],
    [
        0.5627012848854065,
        0.09382491558790207,
        -0.8213185667991638,
        -1.079203486442566,
        -0.06815753132104874,
        0.9954211115837097,
        0.0670178085565567,
        -0.08858811855316162,
        0.8238457441329956,
        0.018268035724759102,
        0.5665194988250732,
        1.6332751512527466
    ],
    [
        0.5624887943267822,
        0.09418249130249023,
        -0.8214231133460999,
        -1.095102310180664,
        -0.06837484240531921,
        0.9953866600990295,
        0.0673074722290039,
        -0.08892986178398132,
        0.8239728212356567,
        0.01830499805510044,
        0.5663334727287292,
        1.6390985250473022
    ],
    [
        0.5625342130661011,
        0.09451469779014587,
        -0.8213538527488708,
        -1.1117045879364014,
        -0.06818653643131256,
        0.9953635931015015,
        0.06783827394247055,
        -0.0903325080871582,
        0.8239573836326599,
        0.017843935638666153,
        0.5663706064224243,
        1.6447806358337402
    ],
    [
        0.56253582239151,
        0.09503453224897385,
        -0.8212927579879761,
        -1.127630591392517,
        -0.06847897917032242,
        0.9953141212463379,
        0.06826718151569366,
        -0.09122610092163086,
        0.8239320516586304,
        0.01783856190741062,
        0.5664077401161194,
        1.6499766111373901
    ],
    [
        0.5624953508377075,
        0.09513048082590103,
        -0.821309506893158,
        -1.1434285640716553,
        -0.06819269061088562,
        0.9953122138977051,
        0.06858127564191818,
        -0.09199653565883636,
        0.8239834308624268,
        0.017430653795599937,
        0.5663456916809082,
        1.6565074920654297
    ],
    [
        0.5627620220184326,
        0.09539449959993362,
        -0.8210960626602173,
        -1.159350037574768,
        -0.06835692375898361,
        0.9952871203422546,
        0.0687815248966217,
        -0.0919802114367485,
        0.8237878084182739,
        0.017419975250959396,
        0.5666306614875793,
        1.6618850231170654
    ],
    [
        0.5627287030220032,
        0.09559507668018341,
        -0.8210955262184143,
        -1.174592137336731,
        -0.06832022964954376,
        0.9952710270881653,
        0.06905072927474976,
        -0.09237401187419891,
        0.8238134980201721,
        0.017240600660443306,
        0.5665987133979797,
        1.6686762571334839
    ],
    [
        0.5630272030830383,
        0.09595917165279388,
        -0.8208485841751099,
        -1.1907262802124023,
        -0.06857653707265854,
        0.9952354431152344,
        0.06930818408727646,
        -0.09274167567491531,
        0.8235882520675659,
        0.017268551513552666,
        0.5669251680374146,
        1.6744482517242432
    ],
    [
        0.5631990432739258,
        0.09623861312866211,
        -0.8206979632377625,
        -1.2059035301208496,
        -0.06848933547735214,
        0.9952139258384705,
        0.06970272213220596,
        -0.09356071054935455,
        0.8234780430793762,
        0.016952544450759888,
        0.5670947432518005,
        1.680694341659546
    ],
    [
        0.5635462403297424,
        0.09658637642860413,
        -0.8204185962677002,
        -1.2209523916244507,
        -0.0686015710234642,
        0.9951825737953186,
        0.07003854215145111,
        -0.094205841422081,
        0.8232311010360718,
        0.016812046989798546,
        0.567457377910614,
        1.6865880489349365
    ],
    [
        0.5638173818588257,
        0.09687255322933197,
        -0.8201985955238342,
        -1.2363300323486328,
        -0.06877786666154861,
        0.9951549768447876,
        0.07025744020938873,
        -0.09471152722835541,
        0.8230307102203369,
        0.01679912768304348,
        0.5677484273910522,
        1.6933475732803345
    ],
    [
        0.5641080141067505,
        0.0972469300031662,
        -0.8199542760848999,
        -1.251388669013977,
        -0.06882841885089874,
        0.9951223134994507,
        0.07066969573497772,
        -0.09571251273155212,
        0.8228273391723633,
        0.01657082512974739,
        0.5680498480796814,
        1.7001255750656128
    ],
    [
        0.5645878911018372,
        0.09750322997570038,
        -0.8195934891700745,
        -1.2663593292236328,
        -0.06878353655338287,
        0.995101809501648,
        0.07100018858909607,
        -0.09642878919839859,
        0.8225018978118896,
        0.016288693994283676,
        0.5685291886329651,
        1.70676851272583
    ],
    [
        0.5646213889122009,
        0.09802760183811188,
        -0.8195079565048218,
        -1.280321717262268,
        -0.06897948682308197,
        0.9950525164604187,
        0.07150061428546906,
        -0.09769871085882187,
        0.8224624991416931,
        0.016158463433384895,
        0.5685897469520569,
        1.714592456817627
    ],
    [
        0.5652216076850891,
        0.09796571731567383,
        -0.8191013932228088,
        -1.2956475019454956,
        -0.06928185373544693,
        0.9950529336929321,
        0.07120177149772644,
        -0.09679765999317169,
        0.8220245838165283,
        0.016504094004631042,
        0.5692126750946045,
        1.7212508916854858
    ],
    [
        0.5651137828826904,
        0.09799589961767197,
        -0.8191723823547363,
        -1.3090875148773193,
        -0.06922613829374313,
        0.9950512647628784,
        0.0712796300649643,
        -0.09761381149291992,
        0.8221035003662109,
        0.016427038237452507,
        0.5691009759902954,
        1.7298717498779297
    ],
    [
        0.565385639667511,
        0.09778305143117905,
        -0.8190101385116577,
        -1.322783350944519,
        -0.06899616867303848,
        0.9950748085975647,
        0.07117372751235962,
        -0.0976606011390686,
        0.8219358325004578,
        0.016267964616417885,
        0.5693476796150208,
        1.7373652458190918
    ],
    [
        0.5658236145973206,
        0.09800639748573303,
        -0.8186808824539185,
        -1.3366785049438477,
        -0.06916230916976929,
        0.9950528740882874,
        0.07131946831941605,
        -0.0980147272348404,
        0.8216204643249512,
        0.016267631202936172,
        0.5698027014732361,
        1.74442458152771
    ],
    [
        0.5661193132400513,
        0.09819746762514114,
        -0.8184534907341003,
        -1.3499654531478882,
        -0.06948418915271759,
        0.9950302839279175,
        0.07132123410701752,
        -0.09811684489250183,
        0.8213896155357361,
        0.016493255272507668,
        0.5701289772987366,
        1.7519501447677612
    ],
    [
        0.5661051273345947,
        0.09832839667797089,
        -0.8184477090835571,
        -1.3632256984710693,
        -0.06936272233724594,
        0.9950212240219116,
        0.07156505435705185,
        -0.09886402636766434,
        0.8214097023010254,
        0.016256410628557205,
        0.5701069235801697,
        1.7605957984924316
