[
    [
        0.9999973773956299,
        -0.0006303383270278573,
        -0.0021917889825999737,
        0.03139136731624603,
        0.00062848866218701,
        0.9999994039535522,
        -0.0008447986911050975,
        0.0007605603314004838,
        0.002192320302128792,
        0.0008434182382188737,
        0.9999972581863403,
        0.1827126443386078
    ],
    [
        0.9999977350234985,
        -0.0006178601761348546,
        -0.0020706828217953444,
        0.036978580057621,
        0.0006151729030534625,
        0.9999990463256836,
        -0.001298562972806394,
        -0.0010479771299287677,
        0.0020714832935482264,
        0.0012972853146493435,
        0.9999970197677612,
        0.2107759267091751
    ],
    [
        0.999998152256012,
        -0.0007501672953367233,
        -0.0018260799115523696,
        0.04199716076254845,
        0.0007471019634976983,
        0.9999983906745911,
        -0.0016786375781521201,
        -0.0022234064526855946,
        0.0018273362657055259,
        0.0016772705130279064,
        0.9999969005584717,
        0.23724104464054108
    ],
    [
        0.9999969005584717,
        -0.0005727895768359303,
        -0.0024524035397917032,
        0.04822007566690445,
        0.0005680214962922037,
        0.9999980330467224,
        -0.001944273361004889,
        -0.002039799001067877,
        0.0024535127449780703,
        0.0019428739324212074,
        0.9999951124191284,
        0.27125418186187744
    ],
    [
        0.9999964833259583,
        -0.000666999607346952,
        -0.002583615016192198,
        0.05252223461866379,
        0.0006618975312449038,
        0.9999979138374329,
        -0.00197531096637249,
        -0.0009868385968729854,
        0.0025849267840385437,
        0.0019735938403755426,
        0.9999946355819702,
        0.29639214277267456
    ],
    [
        0.9999947547912598,
        -0.00046874952386133373,
        -0.0032161977142095566,
        0.058300331234931946,
        0.00046215052134357393,
        0.9999977946281433,
        -0.002052082447335124,
        0.0010211763437837362,
        0.003217152087017894,
        0.0020505848806351423,
        0.9999927282333374,
        0.331684947013855
    ],
    [
        0.9999948143959045,
        -0.0003106484073214233,
        -0.0032148517202585936,
        0.06224893778562546,
        0.0003033455868717283,
        0.9999973177909851,
        -0.002272007754072547,
        0.0017631009686738253,
        0.0032155492808669806,
        0.002271021483466029,
        0.9999922513961792,
        0.35983121395111084
    ],
    [
        0.9999948740005493,
        -0.00023280699679162353,
        -0.0032063599210232496,
        0.0662737637758255,
        0.00022631004685536027,
        0.9999979138374329,
        -0.002026489470154047,
        0.002504784846678376,
        0.0032068253494799137,
        0.00202575302682817,
        0.999992847442627,
        0.38913494348526
    ],
    [
        0.9999938011169434,
        -0.00011979633563896641,
        -0.0035208628978580236,
        0.07212812453508377,
        0.00011135365639347583,
        0.9999971389770508,
        -0.0023979030083864927,
        0.0028610548470169306,
        0.003521139267832041,
        0.002397495089098811,
        0.9999909400939941,
        0.4287339746952057
    ],
    [
        0.9999964237213135,
        -6.952305557206273e-05,
        -0.002676738426089287,
        0.0764654353260994,
        6.446494808187708e-05,
        0.9999982118606567,
        -0.0018896723631769419,
        0.003349952632561326,
        0.0026768643874675035,
        0.0018894936656579375,
        0.9999946355819702,
        0.45700737833976746
    ],
    [
        0.9999948740005493,
        -0.00022201672254595906,
        -0.0032080637756735086,
        0.08112429827451706,
        0.0002145423204638064,
        0.9999973177909851,
        -0.002330127405002713,
        0.003467435482889414,
        0.0032085718121379614,
        0.0023294277489185333,
        0.9999921321868896,
        0.49216097593307495
    ],
    [
        0.9999937415122986,
        -0.000275518890703097,
        -0.0035552624613046646,
        0.0850360170006752,
        0.0002665241772774607,
        0.9999968409538269,
        -0.002530234633013606,
        0.003640985582023859,
        0.003555947681888938,
        0.00252927141264081,
        0.9999904632568359,
        0.5186368823051453
    ],
    [
        0.9999921321868896,
        -0.00025827964418567717,
        -0.0039556208066642284,
        0.09023933857679367,
        0.0002478883834555745,
        0.999996542930603,
        -0.002627316163852811,
        0.004197456408292055,
        0.003956285770982504,
        0.002626315923407674,
        0.9999886751174927,
        0.5560770034790039
    ],
    [
        0.999991774559021,
        -0.00028476223815232515,
        -0.004047319293022156,
        0.09469504654407501,
        0.0002746247628238052,
        0.9999968409538269,
        -0.002505009062588215,
        0.004693608731031418,
        0.004048018250614405,
        0.002503876807168126,
        0.9999886751174927,
        0.5857994556427002
    ],
    [
        0.9999918341636658,
        -0.000257847917964682,
        -0.004037306644022465,
        0.09964781254529953,
        0.0002476801455486566,
        0.9999969005584717,
        -0.0025187816936522722,
        0.005414019804447889,
        0.004037942737340927,
        0.0025177616626024246,
        0.9999886751174927,
        0.6170991063117981
    ],
    [
        0.9999905824661255,
        -0.0005224189953878522,
        -0.004325749818235636,
        0.10829713940620422,
        0.0005122800939716399,
        0.9999971389770508,
        -0.002344641136005521,
        0.004604359623044729,
        0.004326962400227785,
        0.002342403633520007,
        0.9999878406524658,
        0.6602798700332642
    ],
    [
        0.9999893307685852,
        -0.0006687011918984354,
        -0.004591203294694424,
        0.1155838593840599,
        0.0006562619819305837,
        0.9999961256980896,
        -0.0027103147003799677,
        0.0033786254934966564,
        0.00459299748763442,
        0.0027072725351899862,
        0.9999856948852539,
        0.6915844678878784
    ],
    [
        0.9999875426292419,
        -0.0007708846824243665,
        -0.004935658071190119,
        0.12521545588970184,
        0.0007574514020234346,
        0.9999960660934448,
        -0.0027228347025811672,
        0.0032875011675059795,
        0.004937737714499235,
        0.0027190616820007563,
        0.9999841451644897,
        0.7306272983551025
    ],
    [
        0.9999872446060181,
        -0.0008895382634364069,
        -0.004984558094292879,
        0.13256977498531342,
        0.000875985948368907,
        0.9999959468841553,
        -0.002720556454733014,
        0.00502189714461565,
        0.004986957646906376,
        0.0027161547914147377,
        0.9999839067459106,
        0.7585299611091614
    ],
    [
        0.9999862909317017,
        -0.0008876505889929831,
        -0.005167802795767784,
        0.13937322795391083,
        0.0008723015780560672,
        0.999995231628418,
        -0.0029717148281633854,
        0.006181407254189253,
        0.0051704151555895805,
        0.0029671667143702507,
        0.9999822378158569,
        0.7863843441009521
    ],
    [
        0.9999861717224121,
        -0.0009461625013500452,
        -0.005171967204660177,
        0.14805936813354492,
        0.000931311515159905,
        0.9999954700469971,
        -0.0028729995246976614,
        0.009484978392720222,
        0.005174661986529827,
        0.0028681436087936163,
        0.999982476234436,
        0.8253673315048218
    ],
    [
        0.9999848008155823,
        -0.0010230180341750383,
        -0.005434307735413313,
        0.15538644790649414,
        0.001007723156362772,
        0.9999955296516418,
        -0.0028164954856038094,
        0.012033282779157162,
        0.005437163170427084,
        0.002810975769534707,
        0.9999812841415405,
        0.8558528423309326
    ],
    [
        0.9999834895133972,
        -0.0011500546243041754,
        -0.005635368172079325,
        0.1637023240327835,
        0.0011350297136232257,
        0.9999958872795105,
        -0.0026685784105211496,
        0.0148636968806386,
        0.00563841313123703,
        0.0026621385477483273,
        0.9999804496765137,
        0.8996734619140625
    ],
    [
        0.9999833703041077,
        -0.0012189733097329736,
        -0.00564199173822999,
        0.16979201138019562,
        0.0012061638990417123,
        0.9999967813491821,
        -0.0022731623612344265,
        0.01562211662530899,
        0.005644744727760553,
        0.0022663192357867956,
        0.9999815225601196,
        0.9340893626213074
    ],
    [
        0.999982476234436,
        -0.0011848007561638951,
        -0.0057976143434643745,
        0.17822065949440002,
        0.0011702262563630939,
        0.9999961853027344,
        -0.0025166627019643784,
        0.015323526225984097,
        0.005800573155283928,
        0.0025098342448472977,
        0.9999799728393555,
        0.9791655540466309
    ]
]