[
    [
        0.9999986886978149,
        0.0013404116034507751,
        0.000889874470885843,
        -0.0176045224070549,
        -0.001339132315479219,
        0.9999980330467224,
        -0.001437040395103395,
        0.003018483519554138,
        -0.0008917995146475732,
        0.0014358473708853126,
        0.9999985694885254,
        -0.0012922993628308177
    ],
    [
        0.9999984502792358,
        0.001468996866606176,
        0.0009984347270801663,
        -0.02649582177400589,
        -0.0014673082623630762,
        0.9999974966049194,
        -0.0016900666523724794,
        0.0030879094265401363,
        -0.0010009151883423328,
        0.0016885993536561728,
        0.9999980926513672,
        -0.002480965806171298
    ],
    [
        0.9999975562095642,
        0.0015235691098496318,
        0.0016157852951437235,
        -0.03792134299874306,
        -0.0015205781674012542,
        0.9999971985816956,
        -0.0018506386550143361,
        0.0024516419507563114,
        -0.001618600101210177,
        0.0018481776351109147,
        0.9999970197677612,
        -0.00451313192024827
    ],
    [
        0.9999967217445374,
        0.0013657407835125923,
        0.002184758661314845,
        -0.050216369330883026,
        -0.001361435279250145,
        0.9999971985816956,
        -0.0019706038292497396,
        0.002362595871090889,
        -0.002187443897128105,
        0.001967623131349683,
        0.9999955892562866,
        -0.006370856426656246
    ],
    [
        0.9999948740005493,
        0.0011911269975826144,
        0.002983968937769532,
        -0.06371229887008667,
        -0.001185731147415936,
        0.9999976754188538,
        -0.0018094166880473495,
        0.0020387740805745125,
        -0.0029861165676265955,
        0.0018058685818687081,
        0.9999939203262329,
        -0.008336741477251053
    ],
    [
        0.9999936819076538,
        0.0012027345364913344,
        0.003359743859618902,
        -0.07745330780744553,
        -0.0011970056220889091,
        0.9999977946281433,
        -0.0017068295273929834,
        0.0019688913598656654,
        -0.0033617899753153324,
        0.001702796434983611,
        0.9999929666519165,
        -0.010213389992713928
    ],
    [
        0.9999914765357971,
        0.00130944000557065,
        0.003926757723093033,
        -0.0923859030008316,
        -0.0013032850110903382,
        0.9999979138374329,
        -0.0015696120681241155,
        0.0012948783114552498,
        -0.003928805235773325,
        0.0015644808299839497,
        0.9999910593032837,
        -0.012365618720650673
    ],
    [
        0.9999902248382568,
        0.0015931472880765796,
        0.00412497203797102,
        -0.10707657784223557,
        -0.0015845828456804156,
        0.9999966621398926,
        -0.0020786288660019636,
        0.0017902837134897709,
        -0.004128269851207733,
        0.0020720725879073143,
        0.99998939037323,
        -0.01430586352944374
    ],
    [
        0.999984085559845,
        0.001310389838181436,
        0.0054931375198066235,
        -0.12652620673179626,
        -0.0012976911384612322,
        0.9999964237213135,
        -0.0023145221639424562,
        0.0011827292619273067,
        -0.005496151279658079,
        0.0023073565680533648,
        0.9999822378158569,
        -0.017572736367583275
    ],
    [
        0.9999808073043823,
        0.001579848350957036,
        0.006000644993036985,
        -0.1441354751586914,
        -0.001566152786836028,
        0.9999961256980896,
        -0.002286303788423538,
        0.0014329534024000168,
        -0.0060042343102395535,
        0.002276861807331443,
        0.9999793767929077,
        -0.01985137350857258
    ],
    [
        0.999977171421051,
        0.0018386435694992542,
        0.006506466772407293,
        -0.16221429407596588,
        -0.001823284663259983,
        0.9999956488609314,
        -0.0023657854180783033,
        0.0006899094441905618,
        -0.0065107871778309345,
        0.00235386798158288,
        0.9999760389328003,
        -0.022273555397987366
    ],
    [
        0.9999731183052063,
        0.0021704421378672123,
        0.00699750566855073,
        -0.18040205538272858,
        -0.0021495306864380836,
        0.9999932050704956,
        -0.0029945275746285915,
        0.0006253040046431124,
        -0.00700395880267024,
        0.0029794061556458473,
        0.9999710321426392,
        -0.025105202570557594
    ],
    [
        0.9999645352363586,
        0.001927511882968247,
        0.008198937401175499,
        -0.19819065928459167,
        -0.0019008633680641651,
        0.9999929070472717,
        -0.0032568215392529964,
        0.0006508826627396047,
        -0.008205156773328781,
        0.0032411201391369104,
        0.9999610185623169,
        -0.027741994708776474
    ],
    [
        0.9999566078186035,
        0.0018016794929280877,
        0.00913958065211773,
        -0.21610674262046814,
        -0.0017720275791361928,
        0.9999932050704956,
        -0.003251454560086131,
        0.00031979885534383357,
        -0.009145376272499561,
        0.003235118230804801,
        0.9999529123306274,
        -0.030247876420617104
    ],
    [
        0.9999539256095886,
        0.0018060446018353105,
        0.00943050254136324,
        -0.23330196738243103,
        -0.001776334596797824,
        0.9999934434890747,
        -0.0031577942427247763,
        -0.0002742412907537073,
        -0.009436143562197685,
        0.0031408967915922403,
        0.9999505281448364,
        -0.032252851873636246
    ],
    [
        0.9999463558197021,
        0.001558396965265274,
        0.010245142504572868,
        -0.249955415725708,
        -0.0015202470822259784,
        0.9999918341636658,
        -0.0037304512225091457,
        -0.0005060462863184512,
        -0.010250873863697052,
        0.0037146753165870905,
        0.9999405145645142,
        -0.03476831689476967
    ],
    [
        0.9999355673789978,
        0.0013315635733306408,
        0.011276627890765667,
        -0.26987460255622864,
        -0.001288940547965467,
        0.9999920129776001,
        -0.00378614803776145,
        -0.0005356875481083989,
        -0.011281579732894897,
        0.003771368879824877,
        0.9999291896820068,
        -0.03754543513059616
    ],
    [
        0.9999277591705322,
        0.0012874127132818103,
        0.011955661699175835,
        -0.285299688577652,
        -0.0012438803678378463,
        0.9999926090240479,
        -0.003647896694019437,
        -0.0005426795687526464,
        -0.011960269883275032,
        0.0036327610723674297,
        0.9999219179153442,
        -0.03930233046412468
    ],
    [
        0.9999247789382935,
        0.0012106116628274322,
        0.012208695523440838,
        -0.29947569966316223,
        -0.0011675613932311535,
        0.9999930262565613,
        -0.003532735165208578,
        -0.00053529063006863,
        -0.012212889268994331,
        0.003518214914947748,
        0.9999192953109741,
        -0.040730684995651245
    ],
    [
        0.9999220967292786,
        0.001422183820977807,
        0.012397988699376583,
        -0.3144157826900482,
        -0.0013771321391686797,
        0.9999924302101135,
        -0.0036415790673345327,
        -0.0009313813061453402,
        -0.012403072789311409,
        0.0036242222413420677,
        0.9999164342880249,
        -0.04260958358645439
    ],
    [
        0.9999114871025085,
        0.0013319649733603,
        0.01323499996215105,
        -0.3296947181224823,
        -0.0012825357262045145,
        0.9999921321868896,
        -0.0037425190676003695,
        -0.0014020716771483421,
        -0.01323988102376461,
        0.0037252141628414392,
        0.9999053478240967,
        -0.04473442956805229
    ],
    [
        0.9998992681503296,
        0.0012716854689642787,
        0.014135027304291725,
        -0.3448081910610199,
        -0.0012191466521471739,
        0.9999923706054688,
        -0.00372488796710968,
        -0.0010236749658361077,
        -0.014139656908810139,
        0.0037072806153446436,
        0.9998931884765625,
        -0.04665486514568329
    ],
    [
        0.9998924136161804,
        0.001358874375000596,
        0.014602018520236015,
        -0.3592517077922821,
        -0.0013081994839012623,
        0.999993085861206,
        -0.003479370614513755,
        -0.000893645454198122,
        -0.01460664626210928,
        0.003459893399849534,
        0.9998873472213745,
        -0.048173706978559494
    ],
    [
        0.9998860359191895,
        0.0012875843094661832,
        0.015044346451759338,
        -0.3735772967338562,
        -0.001237455871887505,
        0.9999936819076538,
        -0.0033408585004508495,
        -0.001180422492325306,
        -0.015048554167151451,
        0.003321860684081912,
        0.9998812675476074,
        -0.04963414743542671
    ],
    [
        0.9998778700828552,
        0.0013841453474014997,
        0.015567323192954063,
        -0.3938765525817871,
        -0.0013288547052070498,
        0.9999927282333374,
        -0.003561541670933366,
        -0.0009625159436836839,
        -0.0155721390619874,
        0.0035404199734330177,
        0.9998724460601807,
        -0.05203516408801079
    ]
]