[
    [
        0.9999220371246338,
        -0.00021125994680915028,
        0.012486047111451626,
        0.14965742826461792,
        8.929004980018362e-05,
        0.9999523758888245,
        0.009768250398337841,
        -0.04891027510166168,
        -0.012487515807151794,
        -0.009766372852027416,
        0.9998743534088135,
        0.38181790709495544
    ],
    [
        0.999858021736145,
        0.0005727251409552991,
        0.01684366725385189,
        0.17702309787273407,
        -0.0007675560191273689,
        0.9999328851699829,
        0.011562827043235302,
        -0.0613020583987236,
        -0.016835913062095642,
        -0.011574112810194492,
        0.9997913241386414,
        0.4809451997280121
    ],
    [
        0.9997868537902832,
        0.0012156261363998055,
        0.02060539275407791,
        0.20556393265724182,
        -0.0015058056451380253,
        0.9998998641967773,
        0.014073049649596214,
        -0.07656364887952805,
        -0.020586222410202026,
        -0.014101078733801842,
        0.9996886253356934,
        0.5854218602180481
    ],
    [
        0.9997268915176392,
        0.0023730250541120768,
        0.023253094404935837,
        0.23162679374217987,
        -0.002754756947979331,
        0.9998617172241211,
        0.016398094594478607,
        -0.09222631901502609,
        -0.02321096695959568,
        -0.01645767129957676,
        0.9995952248573303,
        0.6938113570213318
    ],
    [
        0.999673068523407,
        0.0031722935382276773,
        0.02537020854651928,
        0.2527724504470825,
        -0.0036269526463001966,
        0.9998332858085632,
        0.017895115539431572,
        -0.10673419386148453,
        -0.025309210643172264,
        -0.017981283366680145,
        0.9995180368423462,
        0.7997944355010986
    ],
    [
        0.9996397495269775,
        0.0038409128319472075,
        0.02656608074903488,
        0.2760445177555084,
        -0.004355594515800476,
        0.9998034238815308,
        0.019343014806509018,
        -0.12425903230905533,
        -0.026486564427614212,
        -0.01945175603032112,
        0.9994599223136902,
        0.9074741005897522
    ],
    [
        0.9995925426483154,
        0.005811449605971575,
        0.027948154136538506,
        0.29822561144828796,
        -0.006343592889606953,
        0.9997995495796204,
        0.018989508971571922,
        -0.13343313336372375,
        -0.02783219702541828,
        -0.019159061834216118,
        0.999428927898407,
        1.0088304281234741
    ],
    [
        0.9995893836021423,
        0.007085582707077265,
        0.02776201255619526,
        0.32463499903678894,
        -0.0076319267973303795,
        0.9997783303260803,
        0.019623279571533203,
        -0.14656084775924683,
        -0.02761681191623211,
        -0.0198270995169878,
        0.9994219541549683,
        1.1125470399856567
    ],
    [
        0.9996086359024048,
        0.008169295266270638,
        0.026754725724458694,
        0.35111919045448303,
        -0.00871389452368021,
        0.999755859375,
        0.020302342250943184,
        -0.16073092818260193,
        -0.02658233419060707,
        -0.020527537912130356,
        0.9994359016418457,
        1.2190011739730835
    ],
    [
        0.9996259808540344,
        0.010464671067893505,
        0.025264954194426537,
        0.37990596890449524,
        -0.010954698547720909,
        0.9997530579566956,
        0.019335675984621048,
        -0.17285868525505066,
        -0.025056377053260803,
        -0.019605211913585663,
        0.9994937181472778,
        1.3416105508804321
    ],
    [
        0.9996568560600281,
        0.011148159392178059,
        0.02370578423142433,
        0.4072735011577606,
        -0.011605305597186089,
        0.9997476935386658,
        0.019234836101531982,
        -0.18989317119121552,
        -0.023485371842980385,
        -0.01950334571301937,
        0.999534010887146,
        1.4667234420776367
    ],
    [
        0.9996224045753479,
        0.012520842254161835,
        0.02446373924612999,
        0.428071528673172,
        -0.012965468689799309,
        0.9997520446777344,
        0.018101664260029793,
        -0.20441989600658417,
        -0.024231020361185074,
        -0.018412012606859207,
        0.9995368719100952,
        1.5796705484390259
    ],
    [
        0.9995402097702026,
        0.011413389816880226,
        0.02808934822678566,
        0.44196343421936035,
        -0.011923672631382942,
        0.9997657537460327,
        0.018066493794322014,
        -0.22059711813926697,
        -0.027876565232872963,
        -0.018393121659755707,
        0.9994421601295471,
        1.6869969367980957
    ],
    [
        0.9993407130241394,
        0.011657333001494408,
        0.034383345395326614,
        0.45239052176475525,
        -0.012265237048268318,
        0.999771237373352,
        0.01752253621816635,
        -0.23267322778701782,
        -0.0341712161898613,
        -0.017932701855897903,
        0.9992550015449524,
        1.7886152267456055
    ],
    [
        0.9988924860954285,
        0.009781062602996826,
        0.04602226987481117,
        0.45094361901283264,
        -0.010625811293721199,
        0.9997788667678833,
        0.018146498128771782,
        -0.2480519711971283,
        -0.04583460092544556,
        -0.018615424633026123,
        0.9987756013870239,
        1.886672854423523
    ],
    [
        0.9981681108474731,
        0.006011104676872492,
        0.06020202115178108,
        0.44411298632621765,
        -0.007140487898141146,
        0.9998022317886353,
        0.01856236159801483,
        -0.26566246151924133,
        -0.06007852405309677,
        -0.018958231434226036,
        0.9980136752128601,
        1.9870831966400146
    ],
    [
        0.997211217880249,
        0.0024199450854212046,
        0.07459133118391037,
        0.44160768389701843,
        -0.003736969316378236,
        0.9998395442962646,
        0.017522020265460014,
        -0.2774803340435028,
        -0.07453694939613342,
        -0.01775190234184265,
        0.9970602989196777,
        2.0801479816436768
    ],
    [
        0.996119499206543,
        -0.00143519532866776,
        0.08799941837787628,
        0.4463769197463989,
        1.565491038491018e-05,
        0.9998700022697449,
        0.016129812225699425,
        -0.2899363040924072,
        -0.08801111578941345,
        -0.016065845265984535,
        0.995989978313446,
        2.181530714035034
    ],
    [
        0.9947519898414612,
        -0.005206783767789602,
        0.10218335688114166,
        0.4513365924358368,
        0.003696300322189927,
        0.9998812079429626,
        0.014965863898396492,
        -0.30124104022979736,
        -0.1022491455078125,
        -0.01450961921364069,
        0.9946529865264893,
        2.2757158279418945
    ],
    [
        0.993036150932312,
        -0.008396986871957779,
        0.11751054227352142,
        0.45708534121513367,
        0.007145372219383717,
        0.999913215637207,
        0.011068320833146572,
        -0.3021445870399475,
        -0.11759328097105026,
        -0.010151583701372147,
        0.9930099844932556,
        2.368161201477051
    ],
    [
        0.9907734990119934,
        -0.012182485312223434,
        0.13497938215732574,
        0.4588146209716797,
        0.01067784521728754,
        0.9998726844787598,
        0.011865584179759026,
        -0.3184826970100403,
        -0.13510675728321075,
        -0.010314813815057278,
        0.9907772541046143,
        2.4662930965423584
    ],
    [
        0.9883351922035217,
        -0.016249293461441994,
        0.151425302028656,
        0.46502119302749634,
        0.014842161908745766,
        0.9998356699943542,
        0.010418287478387356,
        -0.3266501724720001,
        -0.1515696942806244,
        -0.008049280382692814,
        0.9884138107299805,
        2.560412645339966
    ],
    [
        0.9852941632270813,
        -0.02009095437824726,
        0.16968154907226562,
        0.4701439440250397,
        0.018583504483103752,
        0.9997725486755371,
        0.010467656888067722,
        -0.3414173126220703,
        -0.16985325515270233,
        -0.0071604447439312935,
        0.9854433536529541,
        2.667236328125
    ],
    [
        0.9815076589584351,
        -0.026095058768987656,
        0.18963557481765747,
        0.47270670533180237,
        0.023895088583230972,
        0.9996181130409241,
        0.013878614641726017,
        -0.3605145215988159,
        -0.18992535769939423,
        -0.00909060426056385,
        0.9817563891410828,
        2.76937198638916
    ],
    [
        0.9769313335418701,
        -0.029413752257823944,
        0.21151818335056305,
        0.47503626346588135,
        0.026735741645097733,
        0.9995221495628357,
        0.015510310418903828,
        -0.3717707395553589,
        -0.21187332272529602,
        -0.009497416205704212,
        0.9772509932518005,
        2.8650333881378174
    ]
]