[
    [
        0.9818668961524963,
        -0.030714847147464752,
        0.18706652522087097,
        0.10077446699142456,
        0.026101067662239075,
        0.9992925524711609,
        0.02707775868475437,
        -0.08360278606414795,
        -0.18776586651802063,
        -0.021704118698835373,
        0.9819740056991577,
        0.6597343683242798
    ],
    [
        0.9797604084014893,
        -0.03219148889183998,
        0.1975686252117157,
        0.11345934122800827,
        0.02748042903840542,
        0.9992699027061462,
        0.02654142864048481,
        -0.08664452284574509,
        -0.1982787698507309,
        -0.020574968308210373,
        0.9799297451972961,
        0.705845057964325
    ],
    [
        0.9778462052345276,
        -0.03504100814461708,
        0.20637129247188568,
        0.1283823549747467,
        0.029958996921777725,
        0.999167263507843,
        0.027700237929821014,
        -0.09203919023275375,
        -0.2071700543165207,
        -0.02090389095246792,
        0.9780815243721008,
        0.7514536380767822
    ],
    [
        0.9755597114562988,
        -0.03775602951645851,
        0.21646638214588165,
        0.15288764238357544,
        0.03266635537147522,
        0.9991003274917603,
        0.027043823152780533,
        -0.091917023062706,
        -0.21729271113872528,
        -0.01931169629096985,
        0.9759154319763184,
        0.8091500401496887
    ],
    [
        0.9736757278442383,
        -0.040620896965265274,
        0.22428913414478302,
        0.17345309257507324,
        0.035369690507650375,
        0.9989990592002869,
        0.02738264948129654,
        -0.09436628222465515,
        -0.22517694532871246,
        -0.01872878149151802,
        0.9741378426551819,
        0.8550307154655457
    ],
    [
        0.9715554714202881,
        -0.04411640390753746,
        0.23266662657260895,
        0.20112541317939758,
        0.03890945017337799,
        0.9988798499107361,
        0.02692394144833088,
        -0.09705653786659241,
        -0.23359382152557373,
        -0.017105167731642723,
        0.972183883190155,
        0.9079685211181641
    ],
    [
        0.9699392914772034,
        -0.04729868471622467,
        0.23870591819286346,
        0.222612664103508,
        0.042080096900463104,
        0.998751699924469,
        0.02691386453807354,
        -0.10075008869171143,
        -0.2396809160709381,
        -0.01606004871428013,
        0.9707188606262207,
        0.9476301670074463
    ],
    [
        0.9679800271987915,
        -0.05066473037004471,
        0.24586117267608643,
        0.24838528037071228,
        0.04565933719277382,
        0.9986181855201721,
        0.026020336896181107,
        -0.10274605453014374,
        -0.2468397468328476,
        -0.013961306773126125,
        0.9689556956291199,
        0.9981653690338135
    ],
    [
        0.9659070372581482,
        -0.05333518236875534,
        0.25333544611930847,
        0.26873186230659485,
        0.04825783148407936,
        0.9984906315803528,
        0.026218632236123085,
        -0.10554750263690948,
        -0.2543514668941498,
        -0.01309934351593256,
        0.9670231342315674,
        1.0382188558578491
    ],
    [
        0.9627002477645874,
        -0.05530282109975815,
        0.26485785841941833,
        0.29040467739105225,
        0.05028817057609558,
        0.9984045028686523,
        0.025682274252176285,
        -0.10552413016557693,
        -0.2658555805683136,
        -0.011405115015804768,
        0.9639453291893005,
        1.0861461162567139
    ],
    [
        0.9599457383155823,
        -0.056541942059993744,
        0.27442169189453125,
        0.3053545653820038,
        0.05142801254987717,
        0.9983433485031128,
        0.02580035664141178,
        -0.10551214218139648,
        -0.27542588114738464,
        -0.010653977282345295,
        0.9612632393836975,
        1.1202341318130493
    ],
    [
        0.9560803174972534,
        -0.05776204913854599,
        0.28735652565956116,
        0.32494351267814636,
        0.052402839064598083,
        0.998279333114624,
        0.026313407346606255,
        -0.10145539790391922,
        -0.28838199377059937,
        -0.01009942963719368,
        0.9574621915817261,
        1.1605110168457031
    ],
    [
        0.9528314471244812,
        -0.059038762003183365,
        0.2977021336555481,
        0.3420988917350769,
        0.05345342680811882,
        0.9982086420059204,
        0.026875484734773636,
        -0.09676846861839294,
        -0.2987555265426636,
        -0.00969460979104042,
        0.954280436038971,
        1.190739393234253
    ],
    [
        0.9496142864227295,
        -0.06022479012608528,
        0.30758029222488403,
        0.361083984375,
        0.054517362266778946,
        0.9981443285942078,
        0.02712322026491165,
        -0.09192855656147003,
        -0.30864304304122925,
        -0.008988133631646633,
        0.951135516166687,
        1.218414306640625
    ],
    [
        0.9447327852249146,
        -0.06067727878689766,
        0.32217732071876526,
        0.38638368248939514,
        0.05425291135907173,
        0.9981091618537903,
        0.028891056776046753,
        -0.08628837764263153,
        -0.3233211636543274,
        -0.009815272875130177,
        0.9462383985519409,
        1.2516635656356812
    ],
    [
        0.9404601454734802,
        -0.06038868427276611,
        0.33449649810791016,
        0.4059525728225708,
        0.05304798483848572,
        0.9981092214584351,
        0.031046641990542412,
        -0.08229196816682816,
        -0.3357388973236084,
        -0.01145376916974783,
        0.9418853521347046,
        1.2769414186477661
    ],
    [
        0.9353491067886353,
        -0.05985472351312637,
        0.3486250042915344,
        0.4311484098434448,
        0.051442816853523254,
        0.9981191158294678,
        0.03334572911262512,
        -0.07754144072532654,
        -0.3499651551246643,
        -0.013255645520985126,
        0.936668872833252,
        1.3054156303405762
    ],
    [
        0.9308466911315918,
        -0.059367578476667404,
        0.36055484414100647,
        0.4514883756637573,
        0.04971575736999512,
        0.9981147050857544,
        0.035994239151477814,
        -0.07402676343917847,
        -0.36201196908950806,
        -0.01557986531406641,
        0.932043194770813,
        1.3250789642333984
    ],
    [
        0.9251779317855835,
        -0.0586593896150589,
        0.374973326921463,
        0.47598764300346375,
        0.04728821665048599,
        0.9981014132499695,
        0.039464183151721954,
        -0.0686437264084816,
        -0.3765762746334076,
        -0.0187795739620924,
        0.9261952638626099,
        1.344657301902771
    ],
    [
        0.9209425449371338,
        -0.058003976941108704,
        0.38535740971565247,
        0.4947335422039032,
        0.04548973590135574,
        0.998101532459259,
        0.04152097925543785,
        -0.06424056738615036,
        -0.38703420758247375,
        -0.020708631724119186,
        0.9218328595161438,
        1.3558202981948853
    ],
    [
        0.9159860014915466,
        -0.0571306087076664,
        0.3971216380596161,
        0.5185399651527405,
        0.04328695684671402,
        0.9981045722961426,
        0.04374494031071663,
        -0.059393882751464844,
        -0.3988680839538574,
        -0.022879566997289658,
        0.9167227149009705,
        1.364586591720581
    ],
    [
        0.9121861457824707,
        -0.05661401525139809,
        0.4058464765548706,
        0.5360546708106995,
        0.04174289107322693,
        0.9980959296226501,
        0.04540865123271942,
        -0.05647800862789154,
        -0.40764451026916504,
        -0.024479929357767105,
        0.9128124713897705,
        1.3680967092514038
    ],
    [
        0.9075314402580261,
        -0.05590058118104935,
        0.41624730825424194,
        0.5564815998077393,
        0.03988172858953476,
        0.9980942606925964,
        0.047087714076042175,
        -0.05327257513999939,
        -0.4180862605571747,
        -0.026132917031645775,
        0.9080313444137573,
        1.3697805404663086
    ],
    [
        0.9036216139793396,
        -0.055538374930620193,
        0.42471572756767273,
        0.5711787343025208,
        0.038535453379154205,
        0.9980782270431519,
        0.04852699115872383,
        -0.05121191591024399,
        -0.426594614982605,
        -0.027483424171805382,
        0.9040254354476929,
        1.3683868646621704
    ],
    [
        0.8988787531852722,
        -0.05656493827700615,
        0.4345313608646393,
        0.5878541469573975,
        0.03823868930339813,
        0.9979760050773621,
        0.05080993473529816,
        -0.049068883061409,
        -0.4365259110927582,
        -0.029056061059236526,
        0.8992223739624023,
        1.3660929203033447
    ]
]