[
    [
        0.9999967813491821,
        0.0010713707888498902,
        0.0023269320372492075,
        -0.04734014719724655,
        -0.0010700563434511423,
        0.9999992251396179,
        -0.000566205766517669,
        -0.028795888647437096,
        -0.0023275369312614202,
        0.0005637141293846071,
        0.9999971389770508,
        0.19325993955135345
    ],
    [
        0.999243438243866,
        -0.0027221806813031435,
        0.03879541531205177,
        -0.06548439711332321,
        0.0028308655600994825,
        0.9999922513961792,
        -0.002746844431385398,
        -0.050476811826229095,
        -0.038787633180618286,
        0.002854590304195881,
        0.9992433786392212,
        0.2626548111438751
    ],
    [
        0.9938198328018188,
        -0.009402520954608917,
        0.11060654371976852,
        -0.0751480981707573,
        0.009763237088918686,
        0.9999486207962036,
        -0.002720101270824671,
        -0.08104445785284042,
        -0.11057528108358383,
        0.0037831685040146112,
        0.9938606023788452,
        0.33336448669433594
    ],
    [
        0.9798678159713745,
        -0.01753583736717701,
        0.1988755464553833,
        -0.08309673517942429,
        0.01791338250041008,
        0.9998395442962646,
        -9.918696014210582e-05,
        -0.11906196922063828,
        -0.1988418847322464,
        0.0036597230937331915,
        0.9800247550010681,
        0.3896660804748535
    ],
    [
        0.9579576253890991,
        -0.02859416790306568,
        0.28548145294189453,
        -0.07423996925354004,
        0.025896476581692696,
        0.9995771646499634,
        0.013221005909144878,
        -0.16524043679237366,
        -0.2857387661933899,
        -0.005272200331091881,
        0.958293080329895,
        0.42870959639549255
    ],
    [
        0.9382940530776978,
        -0.03782564401626587,
        0.3437637984752655,
        -0.07139793038368225,
        0.030675707384943962,
        0.9991854429244995,
        0.026215702295303345,
        -0.2126600295305252,
        -0.34447547793388367,
        -0.01405283808708191,
        0.9386901259422302,
        0.4483602046966553
    ],
    [
        0.9206422567367554,
        -0.04634817689657211,
        0.3876464068889618,
        -0.05979005619883537,
        0.033607471734285355,
        0.9986509084701538,
        0.03958551585674286,
        -0.27438080310821533,
        -0.3889581561088562,
        -0.02341628074645996,
        0.9209577441215515,
        0.4737071394920349
    ],
    [
        0.9078752398490906,
        -0.051307134330272675,
        0.41608911752700806,
        -0.04936855286359787,
        0.035668786615133286,
        0.9983375668525696,
        0.04527642950415611,
        -0.33107173442840576,
        -0.41772037744522095,
        -0.026263955980539322,
        0.9081959128379822,
        0.49405887722969055
    ],
    [
        0.8994486927986145,
        -0.05392018333077431,
        0.43368735909461975,
        -0.0478932149708271,
        0.03651630878448486,
        0.9981618523597717,
        0.048367854207754135,
        -0.38183456659317017,
        -0.4354982078075409,
        -0.027667734771966934,
        0.8997642993927002,
        0.5210819244384766
    ],
    [
        0.8909894824028015,
        -0.05590721219778061,
        0.45056867599487305,
        -0.05487874522805214,
        0.03758629411458969,
        0.9980658292770386,
        0.04951539263129234,
        -0.41109931468963623,
        -0.4524654448032379,
        -0.027182484045624733,
        0.8913676142692566,
        0.548331618309021
    ],
    [
        0.8845915794372559,
        -0.05742809176445007,
        0.46281716227531433,
        -0.0658898577094078,
        0.03834836930036545,
        0.9979856014251709,
        0.05053781718015671,
        -0.40322205424308777,
        -0.46478718519210815,
        -0.02695704624056816,
        0.8850119709968567,
        0.5685081481933594
    ],
    [
        0.8805797696113586,
        -0.05856569483876228,
        0.4702651798725128,
        -0.07990550249814987,
        0.03880690038204193,
        0.9979129433631897,
        0.05161108076572418,
        -0.3638229966163635,
        -0.47230634093284607,
        -0.02719813771545887,
        0.8810147047042847,
        0.5908131003379822
    ],
    [
        0.8790361285209656,
        -0.06373024731874466,
        0.47247645258903503,
        -0.09474651515483856,
        0.03925145044922829,
        0.9973350763320923,
        0.061499278992414474,
        -0.30404937267303467,
        -0.47513672709465027,
        -0.035514697432518005,
        0.8791950345039368,
        0.6061116456985474
    ],
    [
        0.879306435585022,
        -0.07166840881109238,
        0.4708330035209656,
        -0.1112363189458847,
        0.03954457864165306,
        0.9961856007575989,
        0.07778391987085342,
        -0.23360268771648407,
        -0.4746117889881134,
        -0.049777012318372726,
        0.8787866234779358,
        0.6072202920913696
    ],
    [
        0.8795720338821411,
        -0.08408177644014359,
        0.4682769179344177,
        -0.12883903086185455,
        0.04008002206683159,
        0.9938559532165527,
        0.1031695306301117,
        -0.14677149057388306,
        -0.47407448291778564,
        -0.07197648286819458,
        0.8775379061698914,
        0.5913642048835754
    ],
    [
        0.87982177734375,
        -0.09654979407787323,
        0.4653940796852112,
        -0.13059446215629578,
        0.040810830891132355,
        0.99088054895401,
        0.1284138560295105,
        -0.06498543173074722,
        -0.4735482931137085,
        -0.09398819506168365,
        0.8757386803627014,
        0.5651763081550598
    ],
    [
        0.8849979639053345,
        -0.10514217615127563,
        0.453567773103714,
        -0.11631790548563004,
        0.04122911021113396,
        0.9880385994911194,
        0.14859265089035034,
        -0.0007075075409375131,
        -0.463765949010849,
        -0.11280399560928345,
        0.8787471055984497,
        0.5271559953689575
    ],
    [
        0.8934285044670105,
        -0.10613620281219482,
        0.43648672103881836,
        -0.09784170240163803,
        0.040535859763622284,
        0.9867708086967468,
        0.15697205066680908,
        0.03225201368331909,
        -0.44737276434898376,
        -0.12254993617534637,
        0.8859115839004517,
        0.4734992980957031
    ],
    [
        0.9052647948265076,
        -0.10336408019065857,
        0.41208192706108093,
        -0.06709390878677368,
        0.04063813015818596,
        0.9865718483924866,
        0.15819138288497925,
        0.052808646112680435,
        -0.4228997528553009,
        -0.12645886838436127,
        0.8973091840744019,
        0.3753494918346405
    ],
    [
        0.9173915386199951,
        -0.09698034077882767,
        0.38598906993865967,
        -0.04679575189948082,
        0.03860728070139885,
        0.9869677424430847,
        0.15621814131736755,
        0.04998548701405525,
        -0.39610880613327026,
        -0.128411203622818,
        0.9091799855232239,
        0.24423353374004364
    ],
    [
        0.9284461736679077,
        -0.09067003428936005,
        0.3602314889431,
        -0.028880203142762184,
        0.03655126690864563,
        0.9873464107513428,
        0.15430866181850433,
        0.04054174944758415,
        -0.36966440081596375,
        -0.13010035455226898,
        0.9200119972229004,
        0.11883682757616043
    ],
    [
        0.9382849335670471,
        -0.08292035758495331,
        0.33577629923820496,
        0.004431543406099081,
        0.03603165224194527,
        0.9889875650405884,
        0.14354568719863892,
        0.016614016145467758,
        -0.34398144483566284,
        -0.12258817255496979,
        0.9309398531913757,
        -0.04599270224571228
    ],
    [
        0.9423500895500183,
        -0.07511439919471741,
        0.3260890543460846,
        0.014580405317246914,
        0.034129735082387924,
        0.9909735918045044,
        0.1296401172876358,
        -0.002592365024611354,
        -0.33288344740867615,
        -0.11103704571723938,
        0.9364076852798462,
        -0.1952541321516037
    ],
    [
        0.9437432885169983,
        -0.0666661262512207,
        0.3238891363143921,
        0.007142864633351564,
        0.03204900026321411,
        0.9932960867881775,
        0.11106632649898529,
        -0.031868528574705124,
        -0.3291221857070923,
        -0.09443777054548264,
        0.9395530819892883,
        -0.34164562821388245
    ],
    [
        0.9427893161773682,
        -0.05954159051179886,
        0.32802921533584595,
        0.005433878395706415,
        0.031168116256594658,
        0.9953548908233643,
        0.09108958393335342,
        -0.06013387069106102,
        -0.3319290578365326,
        -0.07565423846244812,
        0.9402656555175781,
        -0.4908449053764343
    ]
]