[
    [
        0.9999623894691467,
        0.0053544966503977776,
        -0.006837861146777868,
        -0.06039177626371384,
        -0.005204010754823685,
        0.9997479319572449,
        0.021839216351509094,
        -0.12864448130130768,
        0.006953075528144836,
        -0.021802807226777077,
        0.9997381567955017,
        0.1501336693763733
    ],
    [
        0.9999551773071289,
        0.005300581920892,
        -0.007843993604183197,
        -0.06312353163957596,
        -0.005086967721581459,
        0.9996224045753479,
        0.02700655907392502,
        -0.14704635739326477,
        0.007984182797372341,
        -0.026965444907546043,
        0.9996045231819153,
        0.15303245186805725
    ],
    [
        0.9999408721923828,
        0.005569311790168285,
        -0.00933835282921791,
        -0.06835979223251343,
        -0.005269303452223539,
        0.999478816986084,
        0.031849008053541183,
        -0.17209775745868683,
        0.00951086264103651,
        -0.03179791942238808,
        0.9994490742683411,
        0.15586398541927338
    ],
    [
        0.9999171495437622,
        0.006030313204973936,
        -0.011374516412615776,
        -0.07412742078304291,
        -0.005607008468359709,
        0.9993037581443787,
        0.03688691183924675,
        -0.1973974108695984,
        0.01158903632313013,
        -0.03682008385658264,
        0.9992546439170837,
        0.15499341487884521
    ],
    [
        0.9998907446861267,
        0.006122089922428131,
        -0.013454228639602661,
        -0.07923946529626846,
        -0.005548778921365738,
        0.9990919232368469,
        0.042243827134370804,
        -0.22078578174114227,
        0.013700632378458977,
        -0.04216455668210983,
        0.9990166425704956,
        0.1540222316980362
    ],
    [
        0.9998512268066406,
        0.006687380373477936,
        -0.015902629122138023,
        -0.08399856835603714,
        -0.005954441148787737,
        0.9989375472068787,
        0.04569804295897484,
        -0.2378034144639969,
        0.016191333532333374,
        -0.04559655115008354,
        0.9988287091255188,
        0.15293437242507935
    ],
    [
        0.9997936487197876,
        0.007274926174432039,
        -0.018964536488056183,
        -0.08801854401826859,
        -0.006312336307018995,
        0.9987125396728516,
        0.05033216252923012,
        -0.2614109516143799,
        0.019306283444166183,
        -0.05020206794142723,
        0.9985525012016296,
        0.15128733217716217
    ],
    [
        0.999734103679657,
        0.007698426488786936,
        -0.02173631265759468,
        -0.09118285775184631,
        -0.006483518518507481,
        0.9984419941902161,
        0.05542055144906044,
        -0.28300586342811584,
        0.022129099816083908,
        -0.05526488646864891,
        0.9982264637947083,
        0.15121130645275116
    ],
    [
        0.9996165633201599,
        0.008005613461136818,
        -0.026508228853344917,
        -0.09282568097114563,
        -0.0064415414817631245,
        0.9982624053955078,
        0.058571718633174896,
        -0.3037134110927582,
        0.026931071653962135,
        -0.05837851017713547,
        0.9979312419891357,
        0.14672933518886566
    ],
    [
        0.9995120167732239,
        0.008499589748680592,
        -0.030059654265642166,
        -0.0944548174738884,
        -0.006699575111269951,
        0.9982067346572876,
        0.0594831220805645,
        -0.32390496134757996,
        0.030511336401104927,
        -0.05925270542502403,
        0.9977765679359436,
        0.14326521754264832
    ],
    [
        0.999408483505249,
        0.009084575809538364,
        -0.033166587352752686,
        -0.0934261828660965,
        -0.0069923968985676765,
        0.9980103969573975,
        0.06266067177057266,
        -0.3377614915370941,
        0.033669840544462204,
        -0.06239169463515282,
        0.9974836707115173,
        0.14132994413375854
    ],
    [
        0.9993343949317932,
        0.009834214113652706,
        -0.03512910380959511,
        -0.09236559271812439,
        -0.00758222583681345,
        0.9979419708251953,
        0.06367357820272446,
        -0.3556379973888397,
        0.03568299114704132,
        -0.06336484104394913,
        0.9973523616790771,
        0.13652293384075165
    ],
    [
        0.999190628528595,
        0.010406140238046646,
        -0.03885739669203758,
        -0.08982144296169281,
        -0.007862396538257599,
        0.9978508949279785,
        0.0650518611073494,
        -0.37467101216316223,
        0.03945082798600197,
        -0.06469370424747467,
        0.9971250891685486,
        0.13162311911582947
    ],
    [
        0.9990630149841309,
        0.011034911498427391,
        -0.041848186403512955,
        -0.08646742254495621,
        -0.008225386962294579,
        0.9977375864982605,
        0.06672368198633194,
        -0.3923654556274414,
        0.04248979687690735,
        -0.06631695479154587,
        0.9968935251235962,
        0.1255621761083603
    ],
    [
        0.9989404678344727,
        0.011720817536115646,
        -0.04450453445315361,
        -0.0820985808968544,
        -0.008661339990794659,
        0.9976254105567932,
        0.06832612305879593,
        -0.4067845344543457,
        0.0451996885240078,
        -0.06786825507879257,
        0.9966699481010437,
        0.12141937762498856
    ],
    [
        0.9988181591033936,
        0.012368322350084782,
        -0.047003667801618576,
        -0.078926220536232,
        -0.009125867858529091,
        0.997603714466095,
        0.06858190894126892,
        -0.4191398024559021,
        0.04773927479982376,
        -0.06807190924882889,
        0.9965376853942871,
        0.11891588568687439
    ],
    [
        0.9986823797225952,
        0.012111056596040726,
        -0.049869976937770844,
        -0.07389296591281891,
        -0.008626734837889671,
        0.9975447058677673,
        0.06949979066848755,
        -0.43194490671157837,
        0.05058924853801727,
        -0.06897798180580139,
        0.9963346719741821,
        0.11116453260183334
    ],
    [
        0.9985719323158264,
        0.012030341662466526,
        -0.052050746977329254,
        -0.06668747961521149,
        -0.008414319716393948,
        0.9975714087486267,
        0.06914059817790985,
        -0.44101598858833313,
        0.05275611951947212,
        -0.06860389560461044,
        0.9962480664253235,
        0.10057944059371948
    ],
    [
        0.9984957575798035,
        0.011949565261602402,
        -0.05351179838180542,
        -0.055808138102293015,
        -0.008256589993834496,
        0.9976025223731995,
        0.06870906800031662,
        -0.4459792971611023,
        0.0542045533657074,
        -0.06816389411687851,
        0.9962005019187927,
        0.08982330560684204
    ],
    [
        0.998412549495697,
        0.011450679041445255,
        -0.05514824762940407,
        -0.04295164346694946,
        -0.0076536256819963455,
        0.9976164102554321,
        0.0685771256685257,
        -0.4465421140193939,
        0.055802058428525925,
        -0.06804618239402771,
        0.9961203932762146,
        0.08008290082216263
    ],
    [
        0.9983425140380859,
        0.011294601485133171,
        -0.05643380805850029,
        -0.031860675662755966,
        -0.007430966477841139,
        0.9976432919502258,
        0.06820973008871078,
        -0.4467403292655945,
        0.05707120895385742,
        -0.06767731159925461,
        0.9960736036300659,
        0.07102496176958084
    ],
    [
        0.9982569217681885,
        0.011277807876467705,
        -0.05793096125125885,
        -0.015555779449641705,
        -0.00731729157269001,
        0.9976496696472168,
        0.06812876462936401,
        -0.445548415184021,
        0.058563150465488434,
        -0.06758610159158707,
        0.9959932565689087,
        0.059225115925073624
    ],
    [
        0.9982665777206421,
        0.01071915216743946,
        -0.057869866490364075,
        0.004420771263539791,
        -0.006789610721170902,
        0.9976842403411865,
        0.06767746806144714,
        -0.44286486506462097,
        0.05846129357814789,
        -0.06716722995042801,
        0.9960275888442993,
        0.0458141453564167
    ],
    [
        0.9982428550720215,
        0.010536767542362213,
        -0.05831093713641167,
        0.02336612157523632,
        -0.006590013857930899,
        0.9976997375488281,
        0.06746754050254822,
        -0.43835559487342834,
        0.058887701481580734,
        -0.06696472316980362,
        0.9960160851478577,
        0.032540928572416306
    ],
    [
        0.9982009530067444,
        0.010080124251544476,
        -0.05910422280430794,
        0.04344984516501427,
        -0.006084115244448185,
        0.997707188129425,
        0.06740368157625198,
        -0.4307052493095398,
        0.05964815616607666,
        -0.06692282855510712,
        0.9959736466407776,
        0.021279383450746536
    ]
]