[
    [
        0.9904333353042603,
        0.009662475436925888,
        -0.1376532018184662,
        -0.06846429407596588,
        -0.009209515526890755,
        0.9999499320983887,
        0.003927114885300398,
        -0.031192952767014503,
        0.13768427073955536,
        -0.0026218255516141653,
        0.9904727339744568,
        0.10945829749107361
    ],
    [
        0.9882224202156067,
        0.012210996821522713,
        -0.1525363177061081,
        -0.0942905843257904,
        -0.01159429270774126,
        0.9999206066131592,
        0.0049318578094244,
        -0.030316008254885674,
        0.15258443355560303,
        -0.003105220617726445,
        0.9882855415344238,
        0.14129848778247833
    ],
    [
        0.9851722121238708,
        0.016224611550569534,
        -0.1708001345396042,
        -0.12371993809938431,
        -0.01549255009740591,
        0.9998642206192017,
        0.0056181419640779495,
        -0.026025528088212013,
        0.17086808383464813,
        -0.0028887062799185514,
        0.9852897524833679,
        0.18401475250720978
    ],
    [
        0.9823347926139832,
        0.02043185569345951,
        -0.186013326048851,
        -0.14953413605690002,
        -0.01943875290453434,
        0.9997853636741638,
        0.007161356043070555,
        -0.02371206507086754,
        0.18611972033977509,
        -0.0034189827274531126,
        0.982521116733551,
        0.22303687036037445
    ],
    [
        0.9806448221206665,
        0.02429414540529251,
        -0.19428186118602753,
        -0.17419759929180145,
        -0.022982513532042503,
        0.9996952414512634,
        0.009002706967294216,
        -0.022737760096788406,
        0.19444137811660767,
        -0.0043633743189275265,
        0.9809044003486633,
        0.24873384833335876
    ],
    [
        0.9792508482933044,
        0.028321843594312668,
        -0.20066308975219727,
        -0.21094968914985657,
        -0.026264820247888565,
        0.9995717406272888,
        0.012906540185213089,
        -0.024749023839831352,
        0.20094268023967743,
        -0.0073683601804077625,
        0.9795752167701721,
        0.27629151940345764
    ],
    [
        0.9785929918289185,
        0.031991418451070786,
        -0.2033037394285202,
        -0.2516569495201111,
        -0.029170570895075798,
        0.9994323253631592,
        0.016857245936989784,
        -0.027304287999868393,
        0.203727588057518,
        -0.010565896518528461,
        0.9789705872535706,
        0.30355000495910645
    ],
    [
        0.9785664081573486,
        0.0344734750688076,
        -0.20302559435367584,
        -0.28559619188308716,
        -0.031040629372000694,
        0.9993165731430054,
        0.020069405436515808,
        -0.03006572648882866,
        0.20357871055603027,
        -0.013337207026779652,
        0.9789677262306213,
        0.32371893525123596
    ],
    [
        0.9787411093711853,
        0.03743647411465645,
        -0.2016541212797165,
        -0.3306076228618622,
        -0.03329230472445488,
        0.9991596937179565,
        0.023904668167233467,
        -0.032358571887016296,
        0.20237958431243896,
        -0.016682948917150497,
        0.9791650772094727,
        0.35149264335632324
    ],
    [
        0.9785727858543396,
        0.03978028893470764,
        -0.20202186703681946,
        -0.3674095869064331,
        -0.03507106751203537,
        0.9990243315696716,
        0.02683812752366066,
        -0.03294459357857704,
        0.20289240777492523,
        -0.019177937880158424,
        0.979013204574585,
        0.38253915309906006
    ],
    [
        0.9778975248336792,
        0.041660938411951065,
        -0.20489266514778137,
        -0.39218342304229736,
        -0.03638627007603645,
        0.9989038109779358,
        0.029445843771100044,
        -0.033731114119291306,
        0.2058948129415512,
        -0.02133973501622677,
        0.9783413410186768,
        0.41745010018348694
    ],
    [
        0.9771097302436829,
        0.042456820607185364,
        -0.20845602452754974,
        -0.4036363959312439,
        -0.036720458418130875,
        0.9988349080085754,
        0.031313247978687286,
        -0.03483491390943527,
        0.20954261720180511,
        -0.02294188179075718,
        0.977530300617218,
        0.4450649917125702
    ],
    [
        0.976224958896637,
        0.04347144067287445,
        -0.21235576272010803,
        -0.4174961745738983,
        -0.03721676766872406,
        0.9987500905990601,
        0.03336459398269653,
        -0.03601990267634392,
        0.21354076266288757,
        -0.02466815710067749,
        0.9766225814819336,
        0.4817926585674286
    ],
    [
        0.9757446050643921,
        0.04458336532115936,
        -0.2143237441778183,
        -0.4331064820289612,
        -0.03788464516401291,
        0.9986596703529358,
        0.035263776779174805,
        -0.037273045629262924,
        0.21560867130756378,
        -0.02628885954618454,
        0.9761258363723755,
        0.5182209014892578
    ],
    [
        0.9755883812904358,
        0.04531355947256088,
        -0.2148817926645279,
        -0.44441938400268555,
        -0.038227882236242294,
        0.9985830783843994,
        0.03701888397336006,
        -0.039732467383146286,
        0.2162548005580902,
        -0.027900706976652145,
        0.9759382605552673,
        0.5457770228385925
    ],
    [
        0.9757488965988159,
        0.045581355690956116,
        -0.2140945941209793,
        -0.4604974687099457,
        -0.03790201619267464,
        0.9984869956970215,
        0.03984002768993378,
        -0.04538125544786453,
        0.21558664739131927,
        -0.03075924701988697,
        0.9760001301765442,
        0.585156261920929
    ],
    [
        0.9762691855430603,
        0.045585405081510544,
        -0.21170826256275177,
        -0.4764944612979889,
        -0.037316303700208664,
        0.9983825087547302,
        0.04289351776242256,
        -0.05240127444267273,
        0.21332114934921265,
        -0.033975448459386826,
        0.9763911366462708,
        0.6260957717895508
    ],
    [
        0.9771860241889954,
        0.04588114842772484,
        -0.20737068355083466,
        -0.49503782391548157,
        -0.03726518899202347,
        0.9982796311378479,
        0.04526771977543831,
        -0.056725192815065384,
        0.20909088850021362,
        -0.036507267504930496,
        0.9772146344184875,
        0.6640861630439758
    ],
    [
        0.9782700538635254,
        0.04542291909456253,
        -0.20229829847812653,
        -0.5128370523452759,
        -0.03685643896460533,
        0.9982652068138123,
        0.04591521620750427,
        -0.057258255779743195,
        0.20403294265270233,
        -0.03746148198843002,
        0.9782469868659973,
        0.6936836242675781
    ],
    [
        0.9799419641494751,
        0.04335256665945053,
        -0.19451043009757996,
        -0.5325948596000671,
        -0.03478125482797623,
        0.9982765316963196,
        0.0472685843706131,
        -0.06251372396945953,
        0.1962243914604187,
        -0.039555151015520096,
        0.9797608852386475,
        0.7407291531562805
    ],
    [
        0.9816657900810242,
        0.04202193394303322,
        -0.18592025339603424,
        -0.5525901913642883,
        -0.03340405598282814,
        0.9982278943061829,
        0.04924611747264862,
        -0.06685313582420349,
        0.18766020238399506,
        -0.04213274270296097,
        0.9813298583030701,
        0.7801893353462219
    ],
    [
        0.9832183122634888,
        0.04031817987561226,
        -0.17792195081710815,
        -0.5657064318656921,
        -0.03184831887483597,
        0.9982308745384216,
        0.05020745471119881,
        -0.06951174139976501,
        0.17963145673274994,
        -0.043698374181985855,
        0.9827629327774048,
        0.8084881901741028
    ],
    [
        0.9853506684303284,
        0.03757086768746376,
        -0.1663503348827362,
        -0.5816629528999329,
        -0.029320882633328438,
        0.9982281923294067,
        0.0517759695649147,
        -0.07341978698968887,
        0.16800087690353394,
        -0.046139948070049286,
        0.984706461429596,
        0.8458675742149353
    ],
    [
        0.9876726269721985,
        0.03473338484764099,
        -0.15263178944587708,
        -0.5992108583450317,
        -0.026929201558232307,
        0.9982364773750305,
        0.05290442705154419,
        -0.07536234706640244,
        0.15420018136501312,
        -0.048141997307538986,
        0.9868660569190979,
        0.8828355669975281
    ],
    [
        0.9902969598770142,
        0.031657624989748,
        -0.13531316816806793,
        -0.6211093664169312,
        -0.02461102604866028,
        0.9982679486274719,
        0.053435780107975006,
        -0.07488767057657242,
        0.13677044212818146,
        -0.049587100744247437,
        0.9893608689308167,
        0.9217610955238342
    ]
]