[
    [
        0.9999982118606567,
        0.0013487052638083696,
        -0.0013783888425678015,
        0.026183277368545532,
        -0.0013458631001412868,
        0.999997079372406,
        0.0020607314072549343,
        -0.13794346153736115,
        0.0013811641838401556,
        -0.002058872254565358,
        0.9999969005584717,
        0.18950927257537842
    ],
    [
        0.9999978542327881,
        0.0013289781054481864,
        -0.001605283934623003,
        0.02856467291712761,
        -0.0013254815712571144,
        0.9999967217445374,
        0.0021770340390503407,
        -0.15873119235038757,
        0.0016081719659268856,
        -0.002174902008846402,
        0.9999963045120239,
        0.2097632884979248
    ],
    [
        0.9999980926513672,
        0.0011806306429207325,
        -0.0015625597443431616,
        0.03211032971739769,
        -0.0011768812546506524,
        0.999996542930603,
        0.002397789852693677,
        -0.1920332908630371,
        0.0015653844457119703,
        -0.0023959456011652946,
        0.9999959468841553,
        0.24081653356552124
    ],
    [
        0.9999975562095642,
        0.0012411759234964848,
        -0.001809594570659101,
        0.03566475212574005,
        -0.0012363929999992251,
        0.999995768070221,
        0.002641822677105665,
        -0.2277836799621582,
        0.001812865142710507,
        -0.00263957935385406,
        0.9999948740005493,
        0.27240636944770813
    ],
    [
        0.9999969005584717,
        0.0011820493964478374,
        -0.0021974325645715,
        0.03908379748463631,
        -0.0011760536581277847,
        0.9999956488609314,
        0.002727661980316043,
        -0.2653288245201111,
        0.0022006467916071415,
        -0.002725069411098957,
        0.9999939203262329,
        0.30467021465301514
    ],
    [
        0.9999969601631165,
        0.0010954068275168538,
        -0.0022233077324926853,
        0.042294520884752274,
        -0.0010885823285207152,
        0.9999947547912598,
        0.003068512072786689,
        -0.3047808110713959,
        0.0022266567684710026,
        -0.0030660827178508043,
        0.999992847442627,
        0.33783385157585144
    ],
    [
        0.9999968409538269,
        0.000996669172309339,
        -0.002325370442122221,
        0.0453794039785862,
        -0.0009891379158943892,
        0.9999942779541016,
        0.0032376092858612537,
        -0.3457167148590088,
        0.0023285832721740007,
        -0.0032352993730455637,
        0.9999920129776001,
        0.37164178490638733
    ],
    [
        0.9999967813491821,
        0.0009791094344109297,
        -0.0023374268785119057,
        0.048185795545578,
        -0.0009708615252748132,
        0.9999932646751404,
        0.0035274007823318243,
        -0.3882976472377777,
        0.0023408650886267424,
        -0.0035251204390078783,
        0.9999910593032837,
        0.40634867548942566
    ],
    [
        0.9999967813491821,
        0.0008185945334844291,
        -0.0024041614960879087,
        0.051424719393253326,
        -0.0008098715334199369,
        0.9999931454658508,
        0.0036272250581532717,
        -0.43208417296409607,
        0.0024071147199720144,
        -0.003625265322625637,
        0.9999905824661255,
        0.4418144226074219
    ],
    [
        0.9999960660934448,
        0.0007852446287870407,
        -0.002714600181207061,
        0.05433124676346779,
        -0.0007748364587314427,
        0.9999923706054688,
        0.003832863178104162,
        -0.4769829213619232,
        0.0027175890281796455,
        -0.0038307453505694866,
        0.9999889135360718,
        0.4782902002334595
    ],
    [
        0.9999958872795105,
        0.0007442221394740045,
        -0.0027793904300779104,
        0.057336676865816116,
        -0.0007325089536607265,
        0.9999908208847046,
        0.004212914500385523,
        -0.5228621959686279,
        0.0027825001161545515,
        -0.00421086186543107,
        0.9999872446060181,
        0.5156590938568115
    ],
    [
        0.9999951720237732,
        0.0006975889555178583,
        -0.003034451277926564,
        0.05984712392091751,
        -0.0006845231400802732,
        0.9999905228614807,
        0.0043047633953392506,
        -0.568605363368988,
        0.003037424758076668,
        -0.004302665125578642,
        0.9999861717224121,
        0.5538586378097534
    ],
    [
        0.9999943375587463,
        0.0008708922541700304,
        -0.00328050646930933,
        0.06315424293279648,
        -0.0008553119841963053,
        0.9999884366989136,
        0.0047477115876972675,
        -0.6157965064048767,
        0.003284603590145707,
        -0.004744878038764,
        0.9999833106994629,
        0.593230128288269
    ],
    [
        0.9999938607215881,
        0.001001274911686778,
        -0.003365421434864402,
        0.06437122821807861,
        -0.0009849040070548654,
        0.9999877214431763,
        0.004862596280872822,
        -0.6466104984283447,
        0.003370249178260565,
        -0.004859252367168665,
        0.999982476234436,
        0.619495689868927
    ],
    [
        0.9999935030937195,
        0.001095970394089818,
        -0.003417950589209795,
        0.06738578528165817,
        -0.0010785157792270184,
        0.9999863505363464,
        0.005104341544210911,
        -0.6940576434135437,
        0.003423498710617423,
        -0.0051006232388317585,
        0.999981164932251,
        0.6599553823471069
    ],
    [
        0.9999926686286926,
        0.0010662098648026586,
        -0.003684957744553685,
        0.06970492750406265,
        -0.0010468472028151155,
        0.9999856948852539,
        0.005252235569059849,
        -0.7411479353904724,
        0.0036905051674693823,
        -0.005248340778052807,
        0.9999793767929077,
        0.7013058066368103
    ],
    [
        0.9999923706054688,
        0.0010912840953096747,
        -0.0037513975985348225,
        0.07227014005184174,
        -0.0010706278262659907,
        0.9999842643737793,
        0.005503875203430653,
        -0.7886078953742981,
        0.0037573454901576042,
        -0.00549981789663434,
        0.9999778270721436,
        0.7436830997467041
    ],
    [
        0.9999921321868896,
        0.0010702750878408551,
        -0.0038377242162823677,
        0.0749385729432106,
        -0.0010483310325071216,
        0.9999830722808838,
        0.005715427920222282,
        -0.8359659314155579,
        0.0038437768816947937,
        -0.005711359903216362,
        0.999976396560669,
        0.786790132522583
    ],
    [
        0.9999914169311523,
        0.0011575185926631093,
        -0.003973365295678377,
        0.07753844559192657,
        -0.0011340085184201598,
        0.9999818801879883,
        0.005913932342082262,
        -0.8833175897598267,
        0.00398013973608613,
        -0.005909376312047243,
        0.9999746084213257,
        0.8307545185089111
    ],
    [
        0.9999910593032837,
        0.001130372635088861,
        -0.004095903132110834,
        0.08048509061336517,
        -0.0011051002657040954,
        0.9999803304672241,
        0.0061672464944422245,
        -0.9310776591300964,
        0.004102794919162989,
        -0.006162664853036404,
        0.9999725818634033,
        0.8757575750350952
    ],
    [
        0.9999902844429016,
        0.0010845751967281103,
        -0.004263947252184153,
        0.08285445719957352,
        -0.0010567046701908112,
        0.9999780654907227,
        0.006533081643283367,
        -0.9795228838920593,
        0.004270938690751791,
        -0.006528512574732304,
        0.9999696016311646,
        0.9217767715454102
    ],
    [
        0.9999895095825195,
        0.0010711813811212778,
        -0.004457997623831034,
        0.0855058804154396,
        -0.0010421306360512972,
        0.999978244304657,
        0.006513708271086216,
        -1.0280870199203491,
        0.004464878235012293,
        -0.006508956663310528,
        0.9999688267707825,
        0.9684537053108215
    ],
    [
        0.9999886155128479,
        0.0012694243341684341,
        -0.004606582224369049,
        0.08840025216341019,
        -0.0012383112916722894,
        0.9999764561653137,
        0.006750978529453278,
        -1.0776442289352417,
        0.004615044221282005,
        -0.00674519082531333,
        0.9999665021896362,
        1.016191840171814
    ],
    [
        0.9999879002571106,
        0.0013691443018615246,
        -0.00471843034029007,
        0.09112676978111267,
        -0.0013361894525587559,
        0.9999747276306152,
        0.00698053790256381,
        -1.1275694370269775,
        0.00472786882892251,
        -0.00697419373318553,
        0.9999645352363586,
        1.0649391412734985
    ],
    [
        0.9999870657920837,
        0.001395107596181333,
        -0.004889720119535923,
        0.09375269711017609,
        -0.0013597403885796666,
        0.999972939491272,
        0.007228509988635778,
        -1.1780660152435303,
        0.004899672232568264,
        -0.007221730891615152,
        0.9999618530273438,
        1.114395260810852
    ]
]