[
    [
        0.9999738335609436,
        -0.007144159637391567,
        -0.0011552181094884872,
        -0.5901920795440674,
        0.007132235448807478,
        0.9999244213104248,
        -0.010015924461185932,
        -0.3026890158653259,
        0.0012266860576346517,
        0.010007423348724842,
        0.9999492168426514,
        0.6337223649024963
    ],
    [
        0.999946653842926,
        -0.007714918348938227,
        -0.006860125809907913,
        -0.5978667736053467,
        0.00763951288536191,
        0.9999109506607056,
        -0.010950884781777859,
        -0.2988303601741791,
        0.006943998858332634,
        0.010897892527282238,
        0.9999165534973145,
        0.7686505317687988
    ],
    [
        0.9998891353607178,
        -0.00755940331146121,
        -0.012827820144593716,
        -0.6090235114097595,
        0.007415157277137041,
        0.9999092221260071,
        -0.011255348101258278,
        -0.29513317346572876,
        0.012911738827824593,
        0.01115898136049509,
        0.999854326248169,
        0.906011164188385
    ],
    [
        0.9997350573539734,
        -0.006855189800262451,
        -0.02197512798011303,
        -0.6243592500686646,
        0.0065909819677472115,
        0.9999054670333862,
        -0.012072968296706676,
        -0.27624306082725525,
        0.022055795416235924,
        0.011924924328923225,
        0.9996856451034546,
        1.086850881576538
    ],
    [
        0.9995915293693542,
        -0.005933493375778198,
        -0.0279547106474638,
        -0.645802915096283,
        0.005592392757534981,
        0.9999092221260071,
        -0.012264292687177658,
        -0.2851504385471344,
        0.028024954721331596,
        0.012102956883609295,
        0.9995339512825012,
        1.2306803464889526
    ],
    [
        0.9993206858634949,
        -0.0055688186548650265,
        -0.03642992302775383,
        -0.676767110824585,
        0.005185150541365147,
        0.9999301433563232,
        -0.010617686435580254,
        -0.29975926876068115,
        0.036486510187387466,
        0.010421579703688622,
        0.999279797077179,
        1.4238872528076172
    ],
    [
        0.9990250468254089,
        -0.005207035690546036,
        -0.04383820295333862,
        -0.6917079091072083,
        0.004759353119879961,
        0.9999355673789978,
        -0.01031031459569931,
        -0.30677953362464905,
        0.04388905689120293,
        0.010091617703437805,
        0.9989853501319885,
        1.5630580186843872
    ],
    [
        0.9987548589706421,
        -0.005045021418482065,
        -0.04963259398937225,
        -0.7013176083564758,
        0.004490561317652464,
        0.9999263882637024,
        -0.011276472359895706,
        -0.3074136972427368,
        0.049685824662446976,
        0.011039551347494125,
        0.9987038969993591,
        1.6913124322891235
    ],
    [
        0.9984667301177979,
        -0.004306732676923275,
        -0.05518730357289314,
        -0.7359088659286499,
        0.003745841793715954,
        0.9999403357505798,
        -0.010262828320264816,
        -0.32386037707328796,
        0.05522821098566055,
        0.010040368884801865,
        0.9984232783317566,
        1.8649977445602417
    ],
    [
        0.9983008503913879,
        -0.003531817812472582,
        -0.05816290155053139,
        -0.7643692493438721,
        0.0029833673033863306,
        0.9999503493309021,
        -0.009513696655631065,
        -0.32760241627693176,
        0.05819360911846161,
        0.009324009530246258,
        0.9982617497444153,
        1.9986259937286377
    ],
    [
        0.9979616403579712,
        -0.003462813561782241,
        -0.06372170895338058,
        -0.7827092409133911,
        0.0027675670571625233,
        0.9999357461929321,
        -0.010995704680681229,
        -0.3139643669128418,
        0.06375570595264435,
        0.01079693902283907,
        0.9979071021080017,
        2.1827409267425537
    ],
    [
        0.9978076219558716,
        -0.0033148382790386677,
        -0.0660981684923172,
        -0.8072395920753479,
        0.0026876963675022125,
        0.9999505281448364,
        -0.00957471039146185,
        -0.319988876581192,
        0.06612665206193924,
        0.009376070462167263,
        0.9977671504020691,
        2.3132400512695312
    ],
    [
        0.9975045323371887,
        -0.003368268720805645,
        -0.07052105665206909,
        -0.8273658156394958,
        0.00278724217787385,
        0.9999613761901855,
        -0.008335821330547333,
        -0.3205001950263977,
        0.07054641097784042,
        0.008118459954857826,
        0.9974754452705383,
        2.4822092056274414
    ],
    [
        0.9973456859588623,
        -0.0035668096970766783,
        -0.07272527366876602,
        -0.84439617395401,
        0.00301919667981565,
        0.9999663233757019,
        -0.0076384348794817924,
        -0.3243104815483093,
        0.07275006920099258,
        0.007398586254566908,
        0.9973227381706238,
        2.6060895919799805
    ],
    [
        0.9971948862075806,
        -0.0030808662995696068,
        -0.07478620111942291,
        -0.8585838079452515,
        0.0024744097609072924,
        0.9999633431434631,
        -0.00820049736648798,
        -0.3328971266746521,
        0.07480873912572861,
        0.00799244362860918,
        0.997165858745575,
        2.730013608932495
    ],
    [
        0.9970792531967163,
        -0.003037200542166829,
        -0.07631354033946991,
        -0.8892748951911926,
        0.0025128424167633057,
        0.9999725818634033,
        -0.006966191343963146,
        -0.3402252495288849,
        0.07633259147405624,
        0.006754081696271896,
        0.9970595240592957,
        2.889180898666382
    ],
    [
        0.9969965815544128,
        -0.0032111615873873234,
        -0.07737938314676285,
        -0.9077911972999573,
        0.002640022896230221,
        0.9999685287475586,
        -0.0074821943417191505,
        -0.33920562267303467,
        0.07740096747875214,
        0.0072554368525743484,
        0.9969736337661743,
        3.004746675491333
    ],
    [
        0.996863067150116,
        -0.0032429383136332035,
        -0.07907889038324356,
        -0.936001718044281,
        0.0026339173782616854,
        0.9999660849571228,
        -0.007804517634212971,
        -0.3348759710788727,
        0.07910152524709702,
        0.007571747992187738,
        0.9968377947807312,
        3.155759334564209
    ],
    [
        0.9967681765556335,
        -0.0028525262605398893,
        -0.08028168976306915,
        -0.9634309411048889,
        0.002271786332130432,
        0.999970555305481,
        -0.007324184291064739,
        -0.3422592878341675,
        0.0803002119064331,
        0.007118127774447203,
        0.9967453479766846,
        3.275221586227417
    ],
    [
        0.9967185854911804,
        -0.0031548738479614258,
        -0.0808839276432991,
        -1.0083069801330566,
        0.002540816320106387,
        0.9999672174453735,
        -0.007693627383559942,
        -0.3520200252532959,
        0.08090554922819138,
        0.00746286753565073,
        0.9966938495635986,
        3.39546275138855
    ],
    [
        0.9965777397155762,
        -0.0025886993389576674,
        -0.08262068033218384,
        -1.0563520193099976,
        0.0019554286263883114,
        0.9999681115150452,
        -0.007744790520519018,
        -0.37041187286376953,
        0.08263809978961945,
        0.0075567252933979034,
        0.9965510964393616,
        3.5439090728759766
    ],
    [
        0.9964993000030518,
        -0.001666978932917118,
        -0.08358507603406906,
        -1.0898517370224,
        0.0011730813421308994,
        0.9999815225601196,
        -0.005957692861557007,
        -0.3827492296695709,
        0.08359345048666,
        0.00583878206089139,
        0.9964828491210938,
        3.642493486404419
    ],
    [
        0.9962838292121887,
        -0.0016976509941741824,
        -0.086113341152668,
        -1.1132972240447998,
        0.0011059740791097283,
        0.9999754428863525,
        -0.006918168626725674,
        -0.391074538230896,
        0.08612296730279922,
        0.0067972177639603615,
        0.9962614178657532,
        3.7695422172546387
    ],
    [
        0.996115505695343,
        -0.0019647630397230387,
        -0.08803534507751465,
        -1.1275527477264404,
        0.0014020290691405535,
        0.999978244304657,
        -0.006453512702137232,
        -0.39217644929885864,
        0.0880461260676384,
        0.0063050175085663795,
        0.9960963726043701,
        3.863927125930786
    ],
    [
        0.9958855509757996,
        -0.0015693391906097531,
        -0.09060683846473694,
        -1.135825753211975,
        0.0009634987218305469,
        0.9999769926071167,
        -0.0067298230715096,
        -0.3890315294265747,
        0.09061530977487564,
        0.006614834535866976,
        0.9958639144897461,
        3.9851090908050537
    ]
]