[
    [
        0.9997901320457458,
        -0.0064211622811853886,
        0.01945507526397705,
        0.06646816432476044,
        0.006468863692134619,
        0.9999762177467346,
        -0.0023899495135992765,
        0.004515193402767181,
        -0.01943926326930523,
        0.0025153006426990032,
        0.9998078942298889,
        0.0010132967727258801
    ],
    [
        0.9997473359107971,
        -0.00705880019813776,
        0.021341513842344284,
        0.07359456270933151,
        0.007109011057764292,
        0.9999720454216003,
        -0.0022777756676077843,
        0.004452754743397236,
        -0.021324841305613518,
        0.00242891744710505,
        0.9997697472572327,
        0.001049431855790317
    ],
    [
        0.9997003078460693,
        -0.007765438873320818,
        0.02321373112499714,
        0.08106175810098648,
        0.007825298234820366,
        0.9999662637710571,
        -0.002488867612555623,
        0.004872956778854132,
        -0.023193620145320892,
        0.002669775625690818,
        0.9997274279594421,
        0.0010056061437353492
    ],
    [
        0.9996467232704163,
        -0.0084565794095397,
        0.025195840746164322,
        0.08867087960243225,
        0.008520985953509808,
        0.9999606609344482,
        -0.002449983963742852,
        0.004940889310091734,
        -0.025174133479595184,
        0.0026638121344149113,
        0.9996795654296875,
        0.0009171086130663753
    ],
    [
        0.9995672106742859,
        -0.009415054693818092,
        0.027866963297128677,
        0.09810987859964371,
        0.00948053877800703,
        0.9999525547027588,
        -0.002218689303845167,
        0.004823155701160431,
        -0.027844751253724098,
        0.0024819239042699337,
        0.9996092915534973,
        0.0007894087466411293
    ],
    [
        0.9995031356811523,
        -0.010177193209528923,
        0.029832739382982254,
        0.10648597031831741,
        0.010259089060127735,
        0.9999439716339111,
        -0.0025933929719030857,
        0.005507487803697586,
        -0.02980467863380909,
        0.0028981610666960478,
        0.9995515942573547,
        0.0006287982105277479
    ],
    [
        0.9994295835494995,
        -0.010927265509963036,
        0.03195769712328911,
        0.11480087041854858,
        0.01101152878254652,
        0.9999363422393799,
        -0.002461929339915514,
        0.005534193012863398,
        -0.031928759068250656,
        0.002812428632751107,
        0.9994862079620361,
        0.0004402204358484596
    ],
    [
        0.9993253946304321,
        -0.011863998137414455,
        0.03475688025355339,
        0.1254284679889679,
        0.011954515241086483,
        0.9999256730079651,
        -0.0023976326920092106,
        0.005689862184226513,
        -0.0347258523106575,
        0.0028115168679505587,
        0.9993928670883179,
        0.00014297026791609824
    ],
    [
        0.9992254972457886,
        -0.012785319238901138,
        0.03721419721841812,
        0.1338176429271698,
        0.012894440442323685,
        0.9999132752418518,
        -0.002693707821890712,
        0.006391467992216349,
        -0.037176527082920074,
        0.003171477699652314,
        0.9993035793304443,
        -0.00010879196634050459
    ],
    [
        0.9991336464881897,
        -0.013493449427187443,
        0.03936716541647911,
        0.14300282299518585,
        0.013614773750305176,
        0.9999034404754639,
        -0.0028154281899333,
        0.006864931434392929,
        -0.039325375109910965,
        0.0033489640336483717,
        0.9992208480834961,
        -0.00032967759761959314
    ],
    [
        0.9990218877792358,
        -0.014357424341142178,
        0.04182254895567894,
        0.1518149971961975,
        0.014482168480753899,
        0.9998915195465088,
        -0.002681259298697114,
        0.006998913828283548,
        -0.041779518127441406,
        0.003284317906945944,
        0.9991214871406555,
        -0.0006749985623173416
    ],
    [
        0.9988774657249451,
        -0.015360007993876934,
        0.04480896145105362,
        0.16316907107830048,
        0.015487571246922016,
        0.9998769760131836,
        -0.002501013921573758,
        0.007178146857768297,
        -0.044765032827854156,
        0.0031921877525746822,
        0.9989925026893616,
        -0.001011246582493186
    ],
    [
        0.9987494945526123,
        -0.016141749918460846,
        0.04731834679841995,
        0.17210842669010162,
        0.01627693511545658,
        0.999864399433136,
        -0.002472958294674754,
        0.00751640135422349,
        -0.04727201536297798,
        0.0032400633208453655,
        0.9988768696784973,
        -0.001545779756270349
    ],
    [
        0.9986205101013184,
        -0.01697748899459839,
        0.049687743186950684,
        0.18130819499492645,
        0.017113467678427696,
        0.9998508095741272,
        -0.0023124872241169214,
        0.007712624967098236,
        -0.04964107275009155,
        0.003159626154229045,
        0.9987621307373047,
        -0.0018870816566050053
    ],
    [
        0.9984411001205444,
        -0.017944900318980217,
        0.05285028740763664,
        0.19272196292877197,
        0.018101153895258904,
        0.9998330473899841,
        -0.002479302231222391,
        0.008476591669023037,
        -0.052796971052885056,
        0.0034320892300456762,
        0.9985993504524231,
        -0.0025328751653432846
    ],
    [
        0.9982917308807373,
        -0.01876789703965187,
        0.0553290881216526,
        0.20195263624191284,
        0.01893121376633644,
        0.9998177886009216,
        -0.0024290462024509907,
        0.00887362565845251,
        -0.05527342110872269,
        0.00347234308719635,
        0.9984651803970337,
        -0.0029711108654737473
    ],
    [
        0.9981322884559631,
        -0.019617930054664612,
        0.05785304307937622,
        0.21127799153327942,
        0.019773462787270546,
        0.99980229139328,
        -0.002117148134857416,
        0.008897503837943077,
        -0.057800065726041794,
        0.0032571491319686174,
        0.9983229041099548,
        -0.003664522198960185
    ],
    [
        0.9979665875434875,
        -0.02046194300055504,
        0.06036532297730446,
        0.2207522690296173,
        0.020615505054593086,
        0.9997857213020325,
        -0.0019221182446926832,
        0.00913187861442566,
        -0.06031304970383644,
        0.0031626715790480375,
        0.9981745481491089,
        -0.004250867757946253
    ],
    [
        0.997746467590332,
        -0.021512936800718307,
        0.0635547935962677,
        0.2326769083738327,
        0.021672293543815613,
        0.9997634291648865,
        -0.0018189509864896536,
        0.009561808779835701,
        -0.06350063532590866,
        0.00319222966209054,
        0.9979767203330994,
        -0.0050490861758589745
    ],
    [
        0.9975593686103821,
        -0.022438235580921173,
        0.06611895561218262,
        0.24238702654838562,
        0.022608723491430283,
        0.9997428059577942,
        -0.001831281348131597,
        0.010124675929546356,
        -0.0660608559846878,
        0.003321676980704069,
        0.9978100657463074,
        -0.005781069863587618
    ],
    [
        0.9973666667938232,
        -0.023244233801960945,
        0.06869865953922272,
        0.25208744406700134,
        0.02342289313673973,
        0.9997240304946899,
        -0.0017961456906050444,
        0.010499925352633,
        -0.06863795220851898,
        0.0034005374182015657,
        0.9976358413696289,
        -0.006476098205894232
    ],
    [
        0.9971134662628174,
        -0.02424980327486992,
        0.07194897532463074,
        0.26445677876472473,
        0.02444169670343399,
        0.9996996521949768,
        -0.0017877256032079458,
        0.011067581363022327,
        -0.07188400626182556,
        0.0035411205608397722,
        0.9974067807197571,
        -0.007510156836360693
    ],
    [
        0.9968961477279663,
        -0.025055022910237312,
        0.07463467866182327,
        0.2743166983127594,
        0.02525257132947445,
        0.9996796250343323,
        -0.0017042296240106225,
        0.011385106481611729,
        -0.07456807047128677,
        0.0035836577881127596,
        0.997209370136261,
        -0.00843508169054985
    ],
    [
        0.9966647624969482,
        -0.02589886635541916,
        0.07738621532917023,
        0.2839581072330475,
        0.026092110201716423,
        0.9996583461761475,
        -0.0014868751168251038,
        0.011556154116988182,
        -0.07732126861810684,
        0.0035010850988328457,
        0.9970000386238098,
        -0.009248287416994572
    ],
    [
        0.9963714480400085,
        -0.026960665360093117,
        0.0807289406657219,
        0.2961980700492859,
        0.027148013934493065,
        0.9996306896209717,
        -0.001223831670358777,
        0.011742088943719864,
        -0.08066611737012863,
        0.003411021316424012,
        0.9967353940010071,
        -0.010461716912686825
    ]
]