[
    [
        0.989742636680603,
        -0.014282488264143467,
        0.14214584231376648,
        0.15550479292869568,
        0.014800893142819405,
        0.9998870491981506,
        -0.002590292366221547,
        -0.016456102952361107,
        -0.14209279417991638,
        0.004667607601732016,
        0.9898422360420227,
        0.15415196120738983
    ],
    [
        0.9732254147529602,
        -0.022363288328051567,
        0.22876232862472534,
        0.27665963768959045,
        0.023149823769927025,
        0.999731719493866,
        -0.0007549555157311261,
        -0.008619335480034351,
        -0.22868408262729645,
        0.006030549760907888,
        0.973482072353363,
        0.2515450119972229
    ],
    [
        0.961219847202301,
        -0.025491204112768173,
        0.2746028006076813,
        0.38759511709213257,
        0.026291586458683014,
        0.9996541142463684,
        0.000766168290283531,
        -0.0026298731099814177,
        -0.27452734112739563,
        0.006483287084847689,
        0.9615574479103088,
        0.3335188329219818
    ],
    [
        0.9526615738868713,
        -0.028072696179151535,
        0.302733838558197,
        0.4964500069618225,
        0.029029076918959618,
        0.9995776414871216,
        0.0013409587554633617,
        0.006421907804906368,
        -0.30264362692832947,
        0.007510604802519083,
        0.9530741572380066,
        0.3946783244609833
    ],
    [
        0.9413536787033081,
        -0.03325587511062622,
        0.3357786238193512,
        0.6609007716178894,
        0.03377510607242584,
        0.999420166015625,
        0.004295300226658583,
        0.009946702979505062,
        -0.3357267677783966,
        0.0072975605726242065,
        0.9419312477111816,
        0.47513288259506226
    ],
    [
        0.9310924410820007,
        -0.03526986390352249,
        0.36307433247566223,
        0.7888436317443848,
        0.03544796630740166,
        0.9993524551391602,
        0.006174194626510143,
        -0.009855917654931545,
        -0.3630569577217102,
        0.00712150102481246,
        0.9317396879196167,
        0.5451046228408813
    ],
    [
        0.9248566627502441,
        -0.036044009029865265,
        0.37860387563705444,
        0.9228916168212891,
        0.03566157445311546,
        0.9993316531181335,
        0.008024418726563454,
        -0.011317593045532703,
        -0.3786400854587555,
        0.006080173421651125,
        0.9255239963531494,
        0.6349047422409058
    ],
    [
        0.9247055649757385,
        -0.03731256350874901,
        0.37885022163391113,
        1.0799020528793335,
        0.03593570739030838,
        0.9992967844009399,
        0.010707068257033825,
        -0.028552725911140442,
        -0.3789832890033722,
        0.0037133663427084684,
        0.9253960847854614,
        0.7462892532348633
    ],
    [
        0.9311306476593018,
        -0.03347247838973999,
        0.36314642429351807,
        1.1778796911239624,
        0.03194490820169449,
        0.9994375109672546,
        0.010212861001491547,
        -0.04419706016778946,
        -0.36328402161598206,
        0.002091171918436885,
        0.9316761493682861,
        0.8622952699661255
    ],
    [
        0.9525352120399475,
        -0.02474192902445793,
        0.303421288728714,
        1.2300466299057007,
        0.02256094105541706,
        0.9996882677078247,
        0.01069182250648737,
        -0.07816684991121292,
        -0.3035912811756134,
        -0.0033388652373105288,
        0.952796459197998,
        1.057666540145874
    ],
    [
        0.9787718653678894,
        -0.013426614925265312,
        0.20451222360134125,
        1.248829960823059,
        0.011772245168685913,
        0.9998874664306641,
        0.009303895756602287,
        -0.11196889728307724,
        -0.20461413264274597,
        -0.0066988212056458,
        0.9788197875022888,
        1.217721939086914
    ],
    [
        0.996884286403656,
        -0.0015387211460620165,
        0.07886310666799545,
        1.256320595741272,
        0.00083832599921152,
        0.9999599456787109,
        0.008913369849324226,
        -0.14215435087680817,
        -0.0788736417889595,
        -0.008819494396448135,
        0.9968457221984863,
        1.4085801839828491
    ],
    [
        0.9970085024833679,
        0.011538351885974407,
        -0.07642556726932526,
        1.2663110494613647,
        -0.010911738499999046,
        0.9999033808708191,
        0.008611708879470825,
        -0.1885518729686737,
        0.07651744037866592,
        -0.007752010133117437,
        0.9970380067825317,
        1.6099791526794434
    ],
    [
        0.9785816669464111,
        0.024823347106575966,
        -0.20435704290866852,
        1.2437175512313843,
        -0.02333565056324005,
        0.999680757522583,
        0.009686935693025589,
        -0.2137533724308014,
        0.20453238487243652,
        -0.004710666369646788,
        0.9788485765457153,
        1.7810425758361816
    ],
    [
        0.9469127058982849,
        0.03730296716094017,
        -0.3193191587924957,
        1.1649788618087769,
        -0.034740179777145386,
        0.9993022680282593,
        0.013719825074076653,
        -0.25960278511047363,
        0.319608211517334,
        -0.0018982745241373777,
        0.9475479125976562,
        1.9634579420089722
    ],
    [
        0.9076658487319946,
        0.04680454730987549,
        -0.4170755445957184,
        1.0910084247589111,
        -0.044098787009716034,
        0.9988969564437866,
        0.016126496717333794,
        -0.2974289059638977,
        0.41737040877342224,
        0.00375506398268044,
        0.9087286591529846,
        2.098310947418213
    ],
    [
        0.8469531536102295,
        0.057978641241788864,
        -0.5284968018531799,
        1.0047687292099,
        -0.05494651570916176,
        0.9982587695121765,
        0.021458148956298828,
        -0.32939913868904114,
        0.5288206338882446,
        0.010865005664527416,
        0.8486641049385071,
        2.2336552143096924
    ],
    [
        0.7635016441345215,
        0.06725039333105087,
        -0.642294704914093,
        0.9397229552268982,
        -0.06450734287500381,
        0.9975308179855347,
        0.027764340862631798,
        -0.3557688295841217,
        0.6425760984420776,
        0.020234612748026848,
        0.7659546732902527,
        2.3623032569885254
    ],
    [
        0.6705798506736755,
        0.07588542997837067,
        -0.7379457950592041,
        0.8835925459861755,
        -0.07408170402050018,
        0.9966319799423218,
        0.03516807034611702,
        -0.37200984358787537,
        0.7381290793418884,
        0.031085284426808357,
        0.6739429831504822,
        2.4735524654388428
    ],
    [
        0.611626923084259,
        0.07951933890581131,
        -0.787139892578125,
        0.8435556888580322,
        -0.08097761124372482,
        0.996002733707428,
        0.03769773244857788,
        -0.3699466288089752,
        0.7869910597801208,
        0.040683772414922714,
        0.6156213879585266,
        2.538952112197876
    ],
    [
        0.5868368148803711,
        0.08020824193954468,
        -0.805722713470459,
        0.8333582282066345,
        -0.085005022585392,
        0.9956855773925781,
        0.03720646724104881,
        -0.35610878467559814,
        0.8052307367324829,
        0.04665636271238327,
        0.591123104095459,
        2.572542428970337
    ],
    [
        0.5745521187782288,
        0.07930533587932587,
        -0.8146167993545532,
        0.8517292141914368,
        -0.08706352859735489,
        0.9955694675445557,
        0.03551540896296501,
        -0.341462641954422,
        0.8138242363929749,
        0.05051794275641441,
        0.5789111852645874,
        2.5832936763763428
    ],
    [
        0.5709619522094727,
        0.07876180112361908,
        -0.8171896934509277,
        0.8974168300628662,
        -0.08920561522245407,
        0.9954459071159363,
        0.033615320920944214,
        -0.33316928148269653,
        0.8161157369613647,
        0.05370482802391052,
        0.575387716293335,
        2.5606131553649902
    ],
    [
        0.5703861713409424,
        0.07820329815149307,
        -0.8176453113555908,
        0.9606309533119202,
        -0.09139705449342728,
        0.9953181743621826,
        0.03143849968910217,
        -0.32643282413482666,
        0.8162757754325867,
        0.0567982941865921,
        0.5748632550239563,
        2.501385450363159
    ],
    [
        0.5738388895988464,
        0.07782533019781113,
        -0.815261960029602,
        1.036260724067688,
        -0.09346123784780502,
        0.9951940178871155,
        0.02921712026000023,
        -0.30525270104408264,
        0.8136177062988281,
        0.05942947790026665,
        0.5783548355102539,
        2.4021592140197754
    ]
]