[
    [
        0.8922542929649353,
        0.031672678887844086,
        -0.45042112469673157,
        0.16114413738250732,
        -0.02871401235461235,
        0.9994977712631226,
        0.013402062468230724,
        -0.014776300638914108,
        0.4506193697452545,
        0.0009753508493304253,
        0.8927157521247864,
        -0.22639349102973938
    ],
    [
        0.8905829787254333,
        0.03207302466034889,
        -0.45368847250938416,
        0.17741096019744873,
        -0.028857534751296043,
        0.999485433101654,
        0.014010684564709663,
        -0.009254314936697483,
        0.4539043605327606,
        0.0006146539817564189,
        0.8910501599311829,
        -0.21295487880706787
    ],
    [
        0.8905472755432129,
        0.0318012610077858,
        -0.4537777304649353,
        0.21131514012813568,
        -0.028454970568418503,
        0.9994941353797913,
        0.014202279970049858,
        -0.0031014347914606333,
        0.4539998471736908,
        0.00026443146634846926,
        0.8910017609596252,
        -0.1783340871334076
    ],
    [
        0.8965144157409668,
        0.03194834664463997,
        -0.44186103343963623,
        0.24937307834625244,
        -0.027798864990472794,
        0.9994876384735107,
        0.015864480286836624,
        0.007342591881752014,
        0.4421415328979492,
        -0.0019394992850720882,
        0.8969431519508362,
        -0.10044289380311966
    ],
    [
        0.9253806471824646,
        0.029595913365483284,
        -0.3778817355632782,
        0.2917949855327606,
        -0.0251685231924057,
        0.9995445013046265,
        0.01665063016116619,
        0.01722772605717182,
        0.3782024383544922,
        -0.005897446069866419,
        0.9257040619850159,
        0.030009258538484573
    ],
    [
        0.9690943360328674,
        0.0242319293320179,
        -0.24549703299999237,
        0.3273721933364868,
        -0.021147754043340683,
        0.9996610283851624,
        0.015191799961030483,
        0.025449473410844803,
        0.24578192830085754,
        -0.00953057873994112,
        0.9692782759666443,
        0.19863036274909973
    ],
    [
        0.9944826364517212,
        0.01724689081311226,
        -0.10347393155097961,
        0.37580806016921997,
        -0.01593034155666828,
        0.9997813701629639,
        0.013536506332457066,
        0.03324931114912033,
        0.10368478298187256,
        -0.011813446879386902,
        0.9945401549339294,
        0.3409006595611572
    ],
    [
        0.9997857809066772,
        0.010952901095151901,
        0.01756436564028263,
        0.4529225528240204,
        -0.011167502030730247,
        0.9998636245727539,
        0.0121668241918087,
        0.059977494180202484,
        -0.01742870733141899,
        -0.01236036792397499,
        0.9997716546058655,
        0.5082113742828369
    ],
    [
        0.995257556438446,
        0.005842145532369614,
        0.09709946066141129,
        0.5536412596702576,
        -0.006903838831931353,
        0.9999200105667114,
        0.010601706802845001,
        0.07129256427288055,
        -0.09702974557876587,
        -0.011221786960959435,
        0.9952180981636047,
        0.7094396948814392
    ],
    [
        0.9884507656097412,
        0.0029412659350782633,
        0.15151359140872955,
        0.6628715395927429,
        -0.0046141683124005795,
        0.9999322295188904,
        0.010690872557461262,
        0.05800275877118111,
        -0.15147185325622559,
        -0.011266510002315044,
        0.9883974194526672,
        0.8992716073989868
    ],
    [
        0.9804677963256836,
        -2.3949116439325735e-05,
        0.1966800093650818,
        0.7605594992637634,
        -0.0025853372644633055,
        0.9999120831489563,
        0.013009893707931042,
        0.06910674273967743,
        -0.1966630071401596,
        -0.013264265842735767,
        0.9803813695907593,
        1.1400649547576904
    ],
    [
        0.9734203815460205,
        -0.0011177492560818791,
        0.22902287542819977,
        0.825526237487793,
        -0.002018744358792901,
        0.9999074339866638,
        0.013460366986691952,
        0.059373967349529266,
        -0.22901669144630432,
        -0.013564934022724628,
        0.9733278751373291,
        1.3823997974395752
    ],
    [
        0.9651468992233276,
        -0.002446985337883234,
        0.2616971433162689,
        0.899847149848938,
        -0.0006095264689065516,
        0.999932587146759,
        0.011597766540944576,
        0.0419309064745903,
        -0.2617078721523285,
        -0.01135305967181921,
        0.9650802612304688,
        1.6160399913787842
    ],
    [
        0.9568950533866882,
        -0.004908709321171045,
        0.2903922200202942,
        0.9988418817520142,
        0.0010365773923695087,
        0.9999085068702698,
        0.013486468233168125,
        0.026628758758306503,
        -0.2904318571090698,
        -0.01260412111878395,
        0.9568127393722534,
        1.8607772588729858
    ],
    [
        0.9505541324615479,
        -0.006293552462011576,
        0.3104953169822693,
        1.0973209142684937,
        0.0017833698075264692,
        0.9998887777328491,
        0.014807512052357197,
        0.0007997937500476837,
        -0.31055399775505066,
        -0.013521612621843815,
        0.9504595994949341,
        2.091341733932495
    ],
    [
        0.9436634182929993,
        -0.006625453010201454,
        0.3308405876159668,
        1.1948320865631104,
        0.0022727875038981438,
        0.9999057054519653,
        0.013541514053940773,
        -0.014046728610992432,
        -0.33089908957481384,
        -0.01202670019119978,
        0.9435895681381226,
        2.3759605884552
    ],
    [
        0.9360690712928772,
        -0.007672016508877277,
        0.35173264145851135,
        1.2664765119552612,
        0.0030137018766254187,
        0.9999004602432251,
        0.013789504766464233,
        -0.04771123453974724,
        -0.35180336236953735,
        -0.011847911402583122,
        0.9359989762306213,
        2.645479440689087
    ],
    [
        0.9269600510597229,
        -0.00882590189576149,
        0.37505611777305603,
        1.3593844175338745,
        0.004552355967462063,
        0.999914288520813,
        0.01227894239127636,
        -0.07005575299263,
        -0.37513232231140137,
        -0.00967469997704029,
        0.9269207715988159,
        2.8996803760528564
    ],
    [
        0.9205469489097595,
        -0.011023235507309437,
        0.3904763162136078,
        1.481633186340332,
        0.006510128732770681,
        0.9998959302902222,
        0.012879668734967709,
        -0.08786338567733765,
        -0.39057764410972595,
        -0.009314289316534996,
        0.920522928237915,
        3.150334596633911
    ],
    [
        0.9176526069641113,
        -0.011872271075844765,
        0.39720627665519714,
        1.5989407300949097,
        0.0072580003179609776,
        0.9998877048492432,
        0.013118158094584942,
        -0.1193968653678894,
        -0.3973173499107361,
        -0.009154988452792168,
        0.9176357388496399,
        3.372166395187378
    ],
    [
        0.9154646396636963,
        -0.012122447602450848,
        0.4022158682346344,
        1.7140547037124634,
        0.008127125911414623,
        0.9998992085456848,
        0.011638357304036617,
        -0.12521472573280334,
        -0.4023164212703705,
        -0.0073856450617313385,
        0.9154708981513977,
        3.6424851417541504
    ],
    [
        0.9136066436767578,
        -0.011994428932666779,
        0.40642231702804565,
        1.790929913520813,
        0.007767598144710064,
        0.999897301197052,
        0.012048222124576569,
        -0.14124795794487,
        -0.40652501583099365,
        -0.007850409485399723,
        0.9136058688163757,
        3.886470317840576
    ],
    [
        0.911107063293457,
        -0.012189478613436222,
        0.41198939085006714,
        1.87379789352417,
        0.007653491571545601,
        0.9998906254768372,
        0.012658079154789448,
        -0.1426025629043579,
        -0.41209861636161804,
        -0.008379708044230938,
        0.9111007452011108,
        4.116611480712891
    ],
    [
        0.9093073010444641,
        -0.013187743723392487,
        0.41591623425483704,
        1.9796197414398193,
        0.008383476175367832,
        0.9998753666877747,
        0.013375154696404934,
        -0.13660795986652374,
        -0.4160408079624176,
        -0.008675300516188145,
        0.9093044996261597,
        4.352254867553711
    ],
    [
        0.9081238508224487,
        -0.013395537622272968,
        0.41848719120025635,
        2.1004087924957275,
        0.00887093972414732,
        0.9998793005943298,
        0.012755487114191055,
        -0.15195024013519287,
        -0.41860753297805786,
        -0.007871189154684544,
        0.9081330895423889,
        4.5921735763549805
    ]
]