[
    [
        0.9403040409088135,
        0.04461896792054176,
        -0.337397962808609,
        -1.5080287456512451,
        -0.024442365393042564,
        0.9976623058319092,
        0.06381606310606003,
        -0.10521218180656433,
        0.3394566774368286,
        -0.05175969377160072,
        0.9391965866088867,
        2.19085955619812
    ],
    [
        0.937038242816925,
        0.047381430864334106,
        -0.3459976613521576,
        -1.542970061302185,
        -0.02609630487859249,
        0.9974834322929382,
        0.06592229753732681,
        -0.10946254432201385,
        0.3482504189014435,
        -0.05274244770407677,
        0.9359167218208313,
        2.2546463012695312
    ],
    [
        0.9328140020370483,
        0.05024183169007301,
        -0.3568386137485504,
        -1.5876625776290894,
        -0.027708323672413826,
        0.9973015785217285,
        0.06798462569713593,
        -0.11690038442611694,
        0.35929134488105774,
        -0.053529608994722366,
        0.9316888451576233,
        2.3300182819366455
    ],
    [
        0.9298526644706726,
        0.0520920567214489,
        -0.3642258644104004,
        -1.6313666105270386,
        -0.028667524456977844,
        0.997174859046936,
        0.06943029910326004,
        -0.12191759049892426,
        0.36681362986564636,
        -0.05411849170923233,
        0.9287190437316895,
        2.3944356441497803
    ],
    [
        0.9275583624839783,
        0.054438989609479904,
        -0.36969155073165894,
        -1.6948119401931763,
        -0.030075594782829285,
        0.996997594833374,
        0.07135317474603653,
        -0.12776154279708862,
        0.37246599793434143,
        -0.05506554991006851,
        0.9264107942581177,
        2.4732251167297363
    ],
    [
        0.926249623298645,
        0.05632827430963516,
        -0.37267783284187317,
        -1.7547458410263062,
        -0.031244071200489998,
        0.9968413710594177,
        0.07301358878612518,
        -0.13146595656871796,
        0.3756134808063507,
        -0.05598483979701996,
        0.9250838756561279,
        2.541597604751587
    ],
    [
        0.9245428442955017,
        0.05723373591899872,
        -0.37675562500953674,
        -1.8228628635406494,
        -0.031245240941643715,
        0.9967135190963745,
        0.07473830133676529,
        -0.1346748024225235,
        0.3797949552536011,
        -0.057326942682266235,
        0.9232928156852722,
        2.627474784851074
    ],
    [
        0.9225995540618896,
        0.057801663875579834,
        -0.38140392303466797,
        -1.873062014579773,
        -0.030512165278196335,
        0.9965471029281616,
        0.07721886783838272,
        -0.13907018303871155,
        0.38455039262771606,
        -0.059604644775390625,
        0.9211777448654175,
        2.7002618312835693
    ],
    [
        0.9215925335884094,
        0.056526731699705124,
        -0.3840208649635315,
        -1.9327192306518555,
        -0.028665078803896904,
        0.9965492486953735,
        0.07789717614650726,
        -0.14083147048950195,
        0.3870989978313446,
        -0.06078146770596504,
        0.9200325012207031,
        2.7835609912872314
    ],
    [
        0.9211246371269226,
        0.05562872067093849,
        -0.3852726221084595,
        -1.9824788570404053,
        -0.027349015697836876,
        0.9965388178825378,
        0.07850109785795212,
        -0.14275959134101868,
        0.3883060812950134,
        -0.061772461980581284,
        0.9194576740264893,
        2.851391315460205
    ],
    [
        0.9204918742179871,
        0.054407473653554916,
        -0.3869553804397583,
        -2.03957200050354,
        -0.025191016495227814,
        0.9964618682861328,
        0.08018194884061813,
        -0.14827007055282593,
        0.3899488151073456,
        -0.06405904144048691,
        0.9186056852340698,
        2.93049955368042
    ],
    [
        0.9203910231590271,
        0.05386532470583916,
        -0.3872711956501007,
        -2.0890307426452637,
        -0.024027254432439804,
        0.9963850975036621,
        0.08148329704999924,
        -0.15290716290473938,
        0.39026036858558655,
        -0.06569142639636993,
        0.9183581471443176,
        2.9981606006622314
    ],
    [
        0.9213102459907532,
        0.05261422321200371,
        -0.3852519392967224,
        -2.159449815750122,
        -0.02299446053802967,
        0.996441125869751,
        0.08109483122825623,
        -0.15620380640029907,
        0.3881475627422333,
        -0.06585485488176346,
        0.919241189956665,
        3.0829336643218994
    ],
    [
        0.9234909415245056,
        0.05284753441810608,
        -0.3799625635147095,
        -2.2467005252838135,
        -0.02386247180402279,
        0.9964610934257507,
        0.08059671521186829,
        -0.1586691439151764,
        0.3828772306442261,
        -0.06536349654197693,
        0.9214839935302734,
        3.179612636566162
    ],
    [
        0.9249099493026733,
        0.05253184959292412,
        -0.376539409160614,
        -2.3116273880004883,
        -0.02367120236158371,
        0.9964434504508972,
        0.08087144047021866,
        -0.16643455624580383,
        0.3794485628604889,
        -0.06588566303253174,
        0.9228639602661133,
        3.2576687335968018
    ],
    [
        0.9256580471992493,
        0.05297722667455673,
        -0.3746338188648224,
        -2.3786284923553467,
        -0.024335678666830063,
        0.9964350461959839,
        0.08077707141637802,
        -0.173458531498909,
        0.3775777518749237,
        -0.06565496325492859,
        0.9236473441123962,
        3.351254463195801
    ],
    [
        0.9256182312965393,
        0.05469278618693352,
        -0.3744862377643585,
        -2.425367832183838,
        -0.02669585682451725,
        0.996473491191864,
        0.07954829186201096,
        -0.17621663212776184,
        0.37751591205596924,
        -0.06363411992788315,
        0.9238142371177673,
        3.424222469329834
    ],
    [
        0.9251411557197571,
        0.05624592304229736,
        -0.3754332363605499,
        -2.4734230041503906,
        -0.028291255235671997,
        0.9964280128479004,
        0.07956576347351074,
        -0.18538318574428558,
        0.378567636013031,
        -0.06298808008432388,
        0.9234278798103333,
        3.5037641525268555
    ],
    [
        0.9252694845199585,
        0.057408589869737625,
        -0.37494027614593506,
        -2.517205238342285,
        -0.029817616567015648,
        0.9964298009872437,
        0.07898399978876114,
        -0.1899833381175995,
        0.37813660502433777,
        -0.061901647597551346,
        0.9236779808998108,
        3.572129726409912
    ],
    [
        0.926499605178833,
        0.0590471550822258,
        -0.3716340661048889,
        -2.5751845836639404,
        -0.03183760493993759,
        0.9963712096214294,
        0.07893616706132889,
        -0.19467468559741974,
        0.3749464750289917,
        -0.061302389949560165,
        0.9250170588493347,
        3.655684232711792
    ],
    [
        0.9288945198059082,
        0.05993206799030304,
        -0.3654622733592987,
        -2.6293394565582275,
        -0.03330352529883385,
        0.9963384866714478,
        0.07874192297458649,
        -0.19576141238212585,
        0.3688437342643738,
        -0.060971781611442566,
        0.927489697933197,
        3.7254185676574707
    ],
    [
        0.9331701993942261,
        0.05928562954068184,
        -0.35451188683509827,
        -2.6958441734313965,
        -0.0329991914331913,
        0.9962689280509949,
        0.07974515855312347,
        -0.20179207623004913,
        0.3579166531562805,
        -0.06271722912788391,
        0.9316449165344238,
        3.8036890029907227
    ],
    [
        0.9366316199302673,
        0.05843359977006912,
        -0.34540775418281555,
        -2.7471630573272705,
        -0.03229556977748871,
        0.9961943626403809,
        0.08095420151948929,
        -0.2081001251935959,
        0.3488239347934723,
        -0.06466914713382721,
        0.9349543452262878,
        3.869605302810669
    ],
    [
        0.9404112100601196,
        0.05649657920002937,
        -0.3353130519390106,
        -2.799778938293457,
        -0.031171532347798347,
        0.9962721467018127,
        0.08043797314167023,
        -0.2129220962524414,
        0.33860763907432556,
        -0.06519253551959991,
        0.9386663436889648,
        3.9437947273254395
    ],
    [
        0.9437546133995056,
        0.05474657565355301,
        -0.3260825276374817,
        -2.8450074195861816,
        -0.03054448403418064,
        0.9964154362678528,
        0.07888757437467575,
        -0.2156985104084015,
        0.3292325437068939,
        -0.06449051201343536,
        0.9420437812805176,
        4.015166759490967
    ]
]