[
    [
        0.9999488592147827,
        0.0059849913232028484,
        0.008156929165124893,
        0.006887952331453562,
        -0.005962595343589783,
        0.9999784231185913,
        -0.0027671861462295055,
        -0.001456117839552462,
        -0.008173314854502678,
        0.0027184090577065945,
        0.9999629259109497,
        0.04031512886285782
    ],
    [
        0.998544454574585,
        0.00995723344385624,
        0.053008127957582474,
        0.011684127151966095,
        -0.009429384022951126,
        0.9999035000801086,
        -0.01019869651645422,
        0.005355005618184805,
        -0.05310456082224846,
        0.009684017859399319,
        0.9985419511795044,
        0.12417497485876083
    ],
    [
        0.9950664639472961,
        0.011163226328790188,
        0.0985807254910469,
        0.02333957888185978,
        -0.009150740690529346,
        0.9997408986091614,
        -0.020843205973505974,
        0.012576572597026825,
        -0.09878785908222198,
        0.01983828842639923,
        0.9949106574058533,
        0.19966770708560944
    ],
    [
        0.989392101764679,
        0.0090834004804492,
        0.14498545229434967,
        0.032738618552684784,
        -0.004696345422416925,
        0.9995215535163879,
        -0.03057222068309784,
        0.015608766116201878,
        -0.14519380033016205,
        0.029567012563347816,
        0.9889612793922424,
        0.2746046483516693
    ],
    [
        0.9822485446929932,
        0.003755982732400298,
        0.18754680454730988,
        0.04967207461595535,
        0.003228231566026807,
        0.9993129968643188,
        -0.03692052885890007,
        0.018528133630752563,
        -0.18755663931369781,
        0.03687058016657829,
        0.9815616011619568,
        0.35155749320983887
    ],
    [
        0.9732323288917542,
        -0.006216512992978096,
        0.22973938286304474,
        0.06587769091129303,
        0.015467926859855652,
        0.9991391897201538,
        -0.038490235805511475,
        0.009134257212281227,
        -0.22930237650871277,
        0.041013531386852264,
        0.9724907279014587,
        0.42944037914276123
    ],
    [
        0.9608865976333618,
        -0.018979355692863464,
        0.2762908637523651,
        0.09335111081600189,
        0.03125230595469475,
        0.9987074732780457,
        -0.04008492827415466,
        0.015387267805635929,
        -0.2751729488372803,
        0.047151800245046616,
        0.9602377414703369,
        0.5150126218795776
    ],
    [
        0.9506368041038513,
        -0.029839178547263145,
        0.3088676333427429,
        0.12061410397291183,
        0.043800242245197296,
        0.9983034133911133,
        -0.038364559412002563,
        0.02284722961485386,
        -0.30719882249832153,
        0.049999237060546875,
        0.9503310322761536,
        0.585772693157196
    ],
    [
        0.9423725008964539,
        -0.03836067393422127,
        0.33235883712768555,
        0.1460239142179489,
        0.05221499875187874,
        0.9980953931808472,
        -0.032851144671440125,
        0.027939656749367714,
        -0.3304656445980072,
        0.04831213876605034,
        0.9425807595252991,
        0.6515576839447021
    ],
    [
        0.9348793029785156,
        -0.04178345948457718,
        0.3524976968765259,
        0.17362648248672485,
        0.053757194429636,
        0.9982596635818481,
        -0.024243418127298355,
        0.0339229516685009,
        -0.3508712947368622,
        0.04161395877599716,
        0.9354985356330872,
        0.7270340919494629
    ],
    [
        0.9267616868019104,
        -0.04318661242723465,
        0.3731589615345001,
        0.2041228860616684,
        0.051822297275066376,
        0.998569905757904,
        -0.013136671856045723,
        0.04008767008781433,
        -0.3720579743385315,
        0.03151251748204231,
        0.9276744723320007,
        0.8063209652900696
    ],
    [
        0.9148312211036682,
        -0.045785680413246155,
        0.4012324810028076,
        0.23731905221939087,
        0.051144618541002274,
        0.998687744140625,
        -0.0026495885103940964,
        0.043951600790023804,
        -0.4005846679210663,
        0.02294481173157692,
        0.9159724116325378,
        0.8838838338851929
    ],
    [
        0.8937137722969055,
        -0.05034938082098961,
        0.44580328464508057,
        0.2865462899208069,
        0.05255592241883278,
        0.998590350151062,
        0.007421336602419615,
        0.04898649454116821,
        -0.44554853439331055,
        0.016797048971056938,
        0.8951002359390259,
        0.9599918127059937
    ],
    [
        0.8703917860984802,
        -0.054793115705251694,
        0.4893014430999756,
        0.33514735102653503,
        0.05388980731368065,
        0.9984195828437805,
        0.015943704172968864,
        0.048355184495449066,
        -0.4894016981124878,
        0.01249108649790287,
        0.8719690442085266,
        1.0154180526733398
    ],
    [
        0.8417924642562866,
        -0.05842481553554535,
        0.5366301536560059,
        0.38525354862213135,
        0.05533892288804054,
        0.9982280135154724,
        0.02187241241335869,
        0.05772267282009125,
        -0.5369572043418884,
        0.011284507811069489,
        0.8435339331626892,
        1.0756680965423584
    ],
    [
        0.8107033371925354,
        -0.059048060327768326,
        0.5824717879295349,
        0.4382035434246063,
        0.05416988208889961,
        0.998198390007019,
        0.02579692006111145,
        0.06649583578109741,
        -0.5829456448554993,
        0.010638777166604996,
        0.8124414086341858,
        1.138225793838501
    ],
    [
        0.7789053916931152,
        -0.0576794371008873,
        0.6244834065437317,
        0.49164843559265137,
        0.0529109425842762,
        0.9982552528381348,
        0.026207562536001205,
        0.06944411247968674,
        -0.6249054074287415,
        0.012628791853785515,
        0.7805982828140259,
        1.193897008895874
    ],
    [
        0.7476783394813538,
        -0.05531398206949234,
        0.6617533564567566,
        0.5502111911773682,
        0.05298015847802162,
        0.9983170032501221,
        0.02358698472380638,
        0.07333951443433762,
        -0.6619442701339722,
        0.017424320802092552,
        0.7493504285812378,
        1.2391449213027954
    ],
    [
        0.709905743598938,
        -0.05218697711825371,
        0.7023608088493347,
        0.6309237480163574,
        0.05430106446146965,
        0.9983382225036621,
        0.01929439976811409,
        0.07946576178073883,
        -0.7022004127502441,
        0.024441735818982124,
        0.7115595936775208,
        1.2902989387512207
    ],
    [
        0.6773973107337952,
        -0.04662337899208069,
        0.7341383695602417,
        0.702578067779541,
        0.053481437265872955,
        0.9984698295593262,
        0.014062548987567425,
        0.08640332520008087,
        -0.7336707711219788,
        0.029736842960119247,
        0.6788541674613953,
        1.3289458751678467
    ],
    [
        0.6430107355117798,
        -0.038914453238248825,
        0.7648678421974182,
        0.7719337940216064,
        0.05082671716809273,
        0.998674750328064,
        0.008080823346972466,
        0.09170416742563248,
        -0.7641687393188477,
        0.033679667860269547,
        0.6441364288330078,
        1.3660858869552612
    ],
    [
        0.6062966585159302,
        -0.030380284413695335,
        0.7946580052375793,
        0.8363989591598511,
        0.04884400963783264,
        0.9988059997558594,
        0.0009186941897496581,
        0.09245114773511887,
        -0.7937371730804443,
        0.038257285952568054,
        0.6070566177368164,
        1.3967255353927612
    ],
    [
        0.5695737600326538,
        -0.02257125824689865,
        0.8216302990913391,
        0.9044135212898254,
        0.04753291234374046,
        0.9988545179367065,
        -0.005511117167770863,
        0.09785140305757523,
        -0.8205646276473999,
        0.0421934649348259,
        0.5699942111968994,
        1.421885371208191
    ],
    [
        0.5321060419082642,
        -0.01637403853237629,
        0.8465193510055542,
        0.9774376749992371,
        0.04663216695189476,
        0.9988621473312378,
        -0.009991325438022614,
        0.1064639687538147,
        -0.8453925848007202,
        0.04479147493839264,
        0.5322641730308533,
        1.445800542831421
    ],
    [
        0.48975080251693726,
        -0.012367712333798409,
        0.8717748522758484,
        1.0727689266204834,
        0.045382898300886154,
        0.9989054799079895,
        -0.011324180290102959,
        0.11435524374246597,
        -0.8706805109977722,
        0.04510968551039696,
        0.489776074886322,
        1.464476466178894
    ]
]