[
    [
        0.9937618970870972,
        0.012752790004014969,
        0.11079103499650955,
        0.1341342329978943,
        -0.01199108362197876,
        0.9998997449874878,
        -0.007538772188127041,
        -0.0782683715224266,
        -0.11087606847286224,
        0.006163240410387516,
        0.9938150644302368,
        0.3462717533111572
    ],
    [
        0.9968627095222473,
        0.025496382266283035,
        0.07493172585964203,
        0.14452235400676727,
        -0.025308851152658463,
        0.9996737241744995,
        -0.003451345954090357,
        -0.10777640342712402,
        -0.07499527931213379,
        0.0015440811403095722,
        0.9971827268600464,
        0.528767466545105
    ],
    [
        0.9983846545219421,
        0.04577067866921425,
        0.03366369754076004,
        0.15869751572608948,
        -0.04543301835656166,
        0.9989097714424133,
        -0.010728222317993641,
        -0.15710479021072388,
        -0.03411802649497986,
        0.009181449189782143,
        0.9993756413459778,
        0.7207202911376953
    ],
    [
        0.9986443519592285,
        0.043064557015895844,
        -0.029235320165753365,
        0.19702035188674927,
        -0.043330058455467224,
        0.999024510383606,
        -0.008509065955877304,
        -0.18603871762752533,
        0.028840364888310432,
        0.009764299727976322,
        0.999536395072937,
        0.8966935276985168
    ],
    [
        0.9896234273910522,
        0.07130062580108643,
        -0.12474670261144638,
        0.26977482438087463,
        -0.07343212515115738,
        0.9972209930419922,
        -0.012566758319735527,
        -0.23284804821014404,
        0.12350402027368546,
        0.021596772596240044,
        0.9921090006828308,
        1.1032346487045288
    ],
    [
        0.979119598865509,
        0.0879220962524414,
        -0.18328775465488434,
        0.3138465881347656,
        -0.0905192494392395,
        0.9958775639533997,
        -0.005835273768752813,
        -0.2709904909133911,
        0.18201911449432373,
        0.022304503247141838,
        0.9830420017242432,
        1.2632040977478027
    ],
    [
        0.9716402292251587,
        0.09495075047016144,
        -0.2165631800889969,
        0.31587451696395874,
        -0.0949413850903511,
        0.9954277873039246,
        0.010471485555171967,
        -0.2893768548965454,
        0.2165672928094864,
        0.01038629375398159,
        0.9762124419212341,
        1.440265417098999
    ],
    [
        0.9617395401000977,
        0.09723959118127823,
        -0.25612786412239075,
        0.29005470871925354,
        -0.09804203361272812,
        0.9951353073120117,
        0.00966570619493723,
        -0.32098206877708435,
        0.2558217942714691,
        0.015815403312444687,
        0.9665945172309875,
        1.6554017066955566
    ],
    [
        0.9626954197883606,
        0.06888879090547562,
        -0.26167112588882446,
        0.2612922191619873,
        -0.07314644753932953,
        0.9972996711730957,
        -0.006553972605615854,
        -0.35922884941101074,
        0.260513037443161,
        0.025449786335229874,
        0.965134859085083,
        1.8454355001449585
    ],
    [
        0.9526756405830383,
        0.06782791018486023,
        -0.29632478952407837,
        0.24024569988250732,
        -0.06779978424310684,
        0.9976449012756348,
        0.010383757762610912,
        -0.3764130473136902,
        0.2963311970233917,
        0.010198398493230343,
        0.9550307393074036,
        2.0025782585144043
    ],
    [
        0.9339897036552429,
        0.07171034812927246,
        -0.35002970695495605,
        0.23093315958976746,
        -0.0769215077161789,
        0.9970366954803467,
        -0.0009887844789773226,
        -0.40960240364074707,
        0.34892141819000244,
        0.027848336845636368,
        0.936738133430481,
        2.199962615966797
    ],
    [
        0.9252460598945618,
        0.07834179699420929,
        -0.3711904287338257,
        0.22008618712425232,
        -0.08392885327339172,
        0.996471107006073,
        0.0011058325180783868,
        -0.4488954544067383,
        0.36996713280677795,
        0.030130436643958092,
        0.9285561442375183,
        2.38673996925354
    ],
    [
        0.9207639694213867,
        0.08778800070285797,
        -0.3801144063472748,
        0.1899038404226303,
        -0.0885177031159401,
        0.9959524273872375,
        0.015597335062921047,
        -0.47269949316978455,
        0.3799453675746918,
        0.01928544044494629,
        0.9248078465461731,
        2.5562355518341064
    ],
    [
        0.9163909554481506,
        0.09321492165327072,
        -0.38927966356277466,
        0.10107472538948059,
        -0.09466899931430817,
        0.9953882098197937,
        0.015493274666368961,
        -0.4928937554359436,
        0.38892850279808044,
        0.022654779255390167,
        0.9209893941879272,
        2.7565958499908447
    ],
    [
        0.9233772158622742,
        0.0798349678516388,
        -0.37550100684165955,
        0.0033560635056346655,
        -0.08259469270706177,
        0.9965447187423706,
        0.008769815787672997,
        -0.5311850309371948,
        0.37490350008010864,
        0.022916533052921295,
        0.9267805218696594,
        2.9415781497955322
    ],
    [
        0.917831301689148,
        0.07610339671373367,
        -0.3896074891090393,
        -0.08586113154888153,
        -0.07533644139766693,
        0.9970086216926575,
        0.01727285049855709,
        -0.5489531755447388,
        0.38975659012794495,
        0.013498038984835148,
        0.920819103717804,
        3.137894630432129
    ],
    [
        0.9039282202720642,
        0.08132012188434601,
        -0.4198819398880005,
        -0.17619162797927856,
        -0.08508982509374619,
        0.9963252544403076,
        0.009779395535588264,
        -0.5835533738136292,
        0.41913414001464844,
        0.026887794956564903,
        0.9075261354446411,
        3.3748059272766113
    ],
    [
        0.8985564708709717,
        0.10200857371091843,
        -0.42683783173561096,
        -0.26064014434814453,
        -0.10253921896219254,
        0.9944897890090942,
        0.021809611469507217,
        -0.6123149394989014,
        0.4267105162143707,
        0.024170463904738426,
        0.9040651917457581,
        3.5486316680908203
    ],
    [
        0.9086649417877197,
        0.11442042142152786,
        -0.40154212713241577,
        -0.38530874252319336,
        -0.1143193170428276,
        0.9931468367576599,
        0.024302354082465172,
        -0.6123497486114502,
        0.4015708565711975,
        0.023821307346224785,
        0.915518045425415,
        3.7275876998901367
    ],
    [
        0.9266539216041565,
        0.10542679578065872,
        -0.3608294427394867,
        -0.5354755520820618,
        -0.101857490837574,
        0.9943775534629822,
        0.028954075649380684,
        -0.6335719227790833,
        0.3618529736995697,
        0.009922820143401623,
        0.9321821928024292,
        3.903714418411255
    ],
    [
        0.9360595941543579,
        0.08944331109523773,
        -0.34028300642967224,
        -0.6275116801261902,
        -0.09074338525533676,
        0.9958004355430603,
        0.012126636691391468,
        -0.6736016273498535,
        0.33993861079216003,
        0.019527174532413483,
        0.9402449131011963,
        4.0376386642456055
    ],
    [
        0.9363507032394409,
        0.08053285628557205,
        -0.34170427918434143,
        -0.6915467381477356,
        -0.07860298454761505,
        0.9967150688171387,
        0.019514963030815125,
        -0.6895231008529663,
        0.3421533405780792,
        0.00858613196760416,
        0.9396049380302429,
        4.16651725769043
    ],
    [
        0.9362892508506775,
        0.08488733321428299,
        -0.3408176302909851,
        -0.7455539703369141,
        -0.08151863515377045,
        0.9963775277137756,
        0.02422058954834938,
        -0.7099869847297668,
        0.34163904190063477,
        0.0051055168733000755,
        0.9398173689842224,
        4.313642978668213
    ],
    [
        0.9277040362358093,
        0.08631689101457596,
        -0.36320051550865173,
        -0.7806314826011658,
        -0.08087732642889023,
        0.9962668418884277,
        0.030188601464033127,
        -0.725837230682373,
        0.3644503653049469,
        0.0013685772428289056,
        0.9312218427658081,
        4.425167560577393
    ],
    [
        0.9200670123100281,
        0.097360759973526,
        -0.379470556974411,
        -0.8049391508102417,
        -0.08524616062641144,
        0.995171844959259,
        0.0486430786550045,
        -0.7276730537414551,
        0.3823738992214203,
        -0.012406522408127785,
        0.9239242672920227,
        4.488725185394287
    ]
]