[
    [
        0.999900758266449,
        -0.003111364087089896,
        -0.013741734437644482,
        -0.008466595783829689,
        0.003222391474992037,
        0.9999623894691467,
        0.008064827881753445,
        -0.041871778666973114,
        0.013716124929487705,
        -0.008108308538794518,
        0.9998730421066284,
        0.38487958908081055
    ],
    [
        0.9998039603233337,
        -0.0031140786595642567,
        -0.019553307443857193,
        -0.004689850844442844,
        0.0032653457019478083,
        0.9999650120735168,
        0.0077090077102184296,
        -0.048051219433546066,
        0.019528616219758987,
        -0.007771345321089029,
        0.9997790455818176,
        0.427895724773407
    ],
    [
        0.9995349049568176,
        -0.0034614226315170527,
        -0.030300047248601913,
        0.002852406119927764,
        0.0036968025378882885,
        0.9999634623527527,
        0.007715752348303795,
        -0.0566672645509243,
        0.0302722305059433,
        -0.007824176922440529,
        0.9995110034942627,
        0.4933086931705475
    ],
    [
        0.9991099834442139,
        -0.004171755630522966,
        -0.0419745035469532,
        0.011398941278457642,
        0.004473837558180094,
        0.9999647736549377,
        0.007105434779077768,
        -0.062443580478429794,
        0.04194337874650955,
        -0.007286897860467434,
        0.9990934133529663,
        0.5602492094039917
    ],
    [
        0.9985043406486511,
        -0.0046785450540483,
        -0.05447155237197876,
        0.023974671959877014,
        0.005039935931563377,
        0.9999662041664124,
        0.0064990101382136345,
        -0.06809630990028381,
        0.054439302533864975,
        -0.006763824261724949,
        0.9984941482543945,
        0.6280222535133362
    ],
    [
        0.9977211952209473,
        -0.00537574989721179,
        -0.06725653260946274,
        0.03737804293632507,
        0.005736036691814661,
        0.9999702572822571,
        0.005164950620383024,
        -0.07438068836927414,
        0.06722676753997803,
        -0.005538967438042164,
        0.997722327709198,
        0.6951950192451477
    ],
    [
        0.9967136979103088,
        -0.0055847009643912315,
        -0.08081195503473282,
        0.05014604702591896,
        0.005895728245377541,
        0.9999760389328003,
        0.0036106794141232967,
        -0.08205763250589371,
        0.08078984916210175,
        -0.004075259435921907,
        0.9967228770256042,
        0.7628452777862549
    ],
    [
        0.9954745173454285,
        -0.0045377942733466625,
        -0.09492124617099762,
        0.06325990706682205,
        0.00481353560462594,
        0.9999848008155823,
        0.0026761821936815977,
        -0.08953280746936798,
        0.09490766376256943,
        -0.0031209783628582954,
        0.9954811334609985,
        0.8278384804725647
    ],
    [
        0.9940398335456848,
        -0.003414012026041746,
        -0.10896316170692444,
        0.07431109994649887,
        0.003550231922417879,
        0.999993085861206,
        0.001056165318004787,
        -0.09580467641353607,
        0.10895881056785583,
        -0.0014367157127708197,
        0.9940452575683594,
        0.8899244666099548
    ],
    [
        0.9924119710922241,
        -0.001317084301263094,
        -0.12295094132423401,
        0.08218033611774445,
        0.0012958177831023932,
        0.9999991655349731,
        -0.0002529292833060026,
        -0.10105076432228088,
        0.12295116484165192,
        9.168769611278549e-05,
        0.9924127459526062,
        0.952801525592804
    ],
    [
        0.9905010461807251,
        0.0002006152644753456,
        -0.13750497996807098,
        0.08652307838201523,
        -0.00046937205479480326,
        0.9999980926513672,
        -0.0019221020629629493,
        -0.10283997654914856,
        0.13750433921813965,
        0.001968385186046362,
        0.9904993176460266,
        1.018621802330017
    ],
    [
        0.9882708191871643,
        0.0023148655891418457,
        -0.15269413590431213,
        0.0893421396613121,
        -0.0027446832973510027,
        0.999992847442627,
        -0.002604168374091387,
        -0.105997733771801,
        0.15268701314926147,
        0.002992719877511263,
        0.9882700443267822,
        1.0867482423782349
    ],
    [
        0.9856806993484497,
        0.004372338764369488,
        -0.16856631636619568,
        0.09360331296920776,
        -0.005010645370930433,
        0.9999817609786987,
        -0.0033615052234381437,
        -0.10819533467292786,
        0.1685485541820526,
        0.004157994873821735,
        0.9856845140457153,
        1.1537357568740845
    ],
    [
        0.9837883710861206,
        0.0056624035350978374,
        -0.17924360930919647,
        0.09348012506961823,
        -0.006385418586432934,
        0.9999736547470093,
        -0.0034570128191262484,
        -0.10878625512123108,
        0.1792192906141281,
        0.004545517731457949,
        0.9837987422943115,
        1.1992831230163574
    ],
    [
        0.9805304408073425,
        0.007198698353022337,
        -0.1962353140115738,
        0.09440300613641739,
        -0.0079884622246027,
        0.9999629259109497,
        -0.003233355237171054,
        -0.11173374950885773,
        0.19620473682880402,
        0.004738023970276117,
        0.9805514216423035,
        1.2662605047225952
    ],
    [
        0.9767412543296814,
        0.008760723285377026,
        -0.21424247324466705,
        0.09751937538385391,
        -0.00956666935235262,
        0.9999504685401917,
        -0.0027252756990492344,
        -0.11753206700086594,
        0.21420800685882568,
        0.004711473826318979,
        0.976776659488678,
        1.3288648128509521
    ],
    [
        0.9724865555763245,
        0.009931614622473717,
        -0.23274710774421692,
        0.10064732283353806,
        -0.010943060740828514,
        0.9999354481697083,
        -0.0030548444483429193,
        -0.12014584243297577,
        0.23270171880722046,
        0.005517762154340744,
        0.9725324511528015,
        1.3917899131774902
    ],
    [
        0.9672995805740356,
        0.01080948207527399,
        -0.2534061372280121,
        0.10527434945106506,
        -0.011817577295005322,
        0.9999271035194397,
        -0.00245630438439548,
        -0.1226702556014061,
        0.25336113572120667,
        0.005370627157390118,
        0.9673568606376648,
        1.4572982788085938
    ],
    [
        0.961485743522644,
        0.011148825287818909,
        -0.27462849020957947,
        0.11084568500518799,
        -0.012163982726633549,
        0.9999240040779114,
        -0.001993661280721426,
        -0.12594208121299744,
        0.27458542585372925,
        0.005257453769445419,
        0.961548388004303,
        1.5235611200332642
    ],
    [
        0.95513916015625,
        0.011750542558729649,
        -0.29592400789260864,
        0.11734321713447571,
        -0.012737669050693512,
        0.9999178647994995,
        -0.001408029580488801,
        -0.13104279339313507,
        0.2958831191062927,
        0.005114248022437096,
        0.9552105069160461,
        1.5901261568069458
    ],
    [
        0.9481366872787476,
        0.012711714021861553,
        -0.3176088333129883,
        0.12325419485569,
        -0.013959389179944992,
        0.9999012351036072,
        -0.001652814564295113,
        -0.13611875474452972,
        0.3175564408302307,
        0.0060007208958268166,
        0.9482203722000122,
        1.654863953590393
    ],
    [
        0.9407790899276733,
        0.014059157110750675,
        -0.3387283980846405,
        0.12501338124275208,
        -0.015434934757649899,
        0.9998798966407776,
        -0.001368040917441249,
        -0.14219672977924347,
        0.33866849541664124,
        0.006515274755656719,
        0.940883219242096,
        1.7170360088348389
    ],
    [
        0.9327786564826965,
        0.015244211070239544,
        -0.36012721061706543,
        0.12628938257694244,
        -0.01688770018517971,
        0.9998562932014465,
        -0.0014174539828673005,
        -0.14642344415187836,
        0.3600538671016693,
        0.007403890136629343,
        0.9329022169113159,
        1.7764315605163574
    ],
    [
        0.9239888191223145,
        0.01639695093035698,
        -0.3820679485797882,
        0.1232353076338768,
        -0.018230460584163666,
        0.9998331069946289,
        -0.0011791778961196542,
        -0.14726899564266205,
        0.3819848597049713,
        0.008054821752011776,
        0.9241335391998291,
        1.8377585411071777
    ],
    [
        0.9146633148193359,
        0.017595680430531502,
        -0.4038332998752594,
        0.11638297140598297,
        -0.01952095702290535,
        0.9998092651367188,
        -0.0006507126381620765,
        -0.14761006832122803,
        0.4037448465824127,
        0.008478395640850067,
        0.9148322939872742,
        1.8996679782867432
    ]
]