[
    [
        0.9878878593444824,
        -0.03771422058343887,
        0.1505165845155716,
        0.2853230834007263,
        0.03863430395722389,
        0.9992483258247375,
        -0.00319226598367095,
        0.03985995799303055,
        -0.15028303861618042,
        0.00896870344877243,
        0.988602340221405,
        -0.07360026240348816
    ],
    [
        0.987625241279602,
        -0.03790104389190674,
        0.15218351781368256,
        0.2878698408603668,
        0.03884260356426239,
        0.9992402195930481,
        -0.0032177825924009085,
        0.04019752889871597,
        -0.15194591879844666,
        0.009089167229831219,
        0.9883471131324768,
        -0.073999784886837
    ],
    [
        0.9874195456504822,
        -0.03817876800894737,
        0.1534438133239746,
        0.29124683141708374,
        0.03919249400496483,
        0.9992251992225647,
        -0.003585995640605688,
        0.040919575840234756,
        -0.15318801999092102,
        0.0095547279343009,
        0.9881508350372314,
        -0.07456684112548828
    ],
    [
        0.9872424602508545,
        -0.038270238786935806,
        0.1545562446117401,
        0.29452425241470337,
        0.03938223421573639,
        0.9992156028747559,
        -0.004138254094868898,
        0.0418439581990242,
        -0.15427662432193756,
        0.010172230191528797,
        0.9879752993583679,
        -0.07517948746681213
    ],
    [
        0.986842930316925,
        -0.03883521631360054,
        0.15694808959960938,
        0.30036166310310364,
        0.03984270244836807,
        0.9992005825042725,
        -0.003276994451880455,
        0.04103623330593109,
        -0.1566953957080841,
        0.00948711484670639,
        0.9876013398170471,
        -0.07634897530078888
    ],
    [
        0.9866152405738831,
        -0.03897586464881897,
        0.15833912789821625,
        0.30281659960746765,
        0.03999141976237297,
        0.9991948008537292,
        -0.0032314450945705175,
        0.04126650094985962,
        -0.1580856889486313,
        0.009520399384200573,
        0.9873794317245483,
        -0.07670766115188599
    ],
    [
        0.9864171743392944,
        -0.03919871896505356,
        0.15951333940029144,
        0.30574777722358704,
        0.04021440073847771,
        0.9991861581802368,
        -0.003143039997667074,
        0.04133020341396332,
        -0.1592603176832199,
        0.009515080600976944,
        0.9871907234191895,
        -0.07729161530733109
    ],
    [
        0.986236572265625,
        -0.03934227675199509,
        0.1605914682149887,
        0.30906176567077637,
        0.04036230593919754,
        0.999180257320404,
        -0.0030932577792555094,
        0.04149279743432999,
        -0.1603381335735321,
        0.009532525204122066,
        0.9870160818099976,
        -0.07795920968055725
    ],
    [
        0.98577880859375,
        -0.039796579629182816,
        0.1632673740386963,
        0.31480827927589417,
        0.04081292822957039,
        0.9991627335548401,
        -0.0028742370195686817,
        0.04163137450814247,
        -0.16301627457141876,
        0.009496781975030899,
        0.9865777492523193,
        -0.07892469316720963
    ],
    [
        0.9855719804763794,
        -0.039925187826156616,
        0.16448034346103668,
        0.31771206855773926,
        0.0410679429769516,
        0.9991500377655029,
        -0.0035515334457159042,
        0.04280528053641319,
        -0.16419877111911774,
        0.010255160741508007,
        0.986374020576477,
        -0.07944308966398239
    ],
    [
        0.9853609204292297,
        -0.04009861499071121,
        0.1656980663537979,
        0.3207933306694031,
        0.041207894682884216,
        0.9991452693939209,
        -0.0032607894390821457,
        0.04259466379880905,
        -0.16542570292949677,
        0.010041123256087303,
        0.9861710667610168,
        -0.07990854233503342
    ],
    [
        0.9851571321487427,
        -0.04035507142543793,
        0.16684406995773315,
        0.3239315152168274,
        0.04148973897099495,
        0.9991334676742554,
        -0.0033193391282111406,
        0.042850784957408905,
        -0.16656552255153656,
        0.0101923868060112,
        0.9859777688980103,
        -0.08061080425977707
    ],
    [
        0.9847241044044495,
        -0.04071201756596565,
        0.16929538547992706,
        0.32915425300598145,
        0.04198900982737541,
        0.999110221862793,
        -0.003968203440308571,
        0.044174134731292725,
        -0.16898320615291595,
        0.011016130447387695,
        0.9855573773384094,
        -0.08169686794281006
    ],
    [
        0.984540581703186,
        -0.040814027190208435,
        0.17033536732196808,
        0.3315984606742859,
        0.04213455691933632,
        0.999103307723999,
        -0.004143298603594303,
        0.04460538178682327,
        -0.17001354694366455,
        0.01125625055283308,
        0.9853774905204773,
        -0.08209247142076492
    ],
    [
        0.9843540191650391,
        -0.040943268686532974,
        0.17137911915779114,
        0.33393925428390503,
        0.042335230857133865,
        0.9990934133529663,
        -0.0044737146236002445,
        0.045277100056409836,
        -0.1710405945777893,
        0.011659093201160431,
        0.9851951003074646,
        -0.0824512168765068
    ],
    [
        0.9841530323028564,
        -0.04109044373035431,
        0.17249484360218048,
        0.3361368477344513,
        0.042478855699300766,
        0.9990878105163574,
        -0.004363783169537783,
        0.045302655547857285,
        -0.17215818166732788,
        0.011622014455497265,
        0.985000729560852,
        -0.08287503570318222
    ],
    [
        0.9837798476219177,
        -0.041428014636039734,
        0.17453058063983917,
        0.3412027955055237,
        0.042847856879234314,
        0.9990720152854919,
        -0.004373377189040184,
        0.04563529044389725,
        -0.17418745160102844,
        0.011780701577663422,
        0.9846420884132385,
        -0.08383557200431824
    ],
    [
        0.9835585355758667,
        -0.04150884225964546,
        0.17575465142726898,
        0.3433934450149536,
        0.042980000376701355,
        0.9990655183792114,
        -0.0045705088414251804,
        0.046179529279470444,
        -0.17540068924427032,
        0.01204929780215025,
        0.9844233393669128,
        -0.08422353118658066
    ],
    [
        0.9833763241767883,
        -0.04174668714404106,
        0.17671509087085724,
        0.3461175858974457,
        0.04325835779309273,
        0.9990527629852295,
        -0.004708695691078901,
        0.046460215002298355,
        -0.17635110020637512,
        0.012274825014173985,
        0.9842507839202881,
        -0.08484692126512527
    ],
    [
        0.9831576347351074,
        -0.04191278666257858,
        0.1778889298439026,
        0.3485942780971527,
        0.043432753533124924,
        0.9990454912185669,
        -0.0046571786515414715,
        0.046613868325948715,
        -0.17752394080162048,
        0.012304946780204773,
        0.9840394854545593,
        -0.08531658351421356
    ],
    [
        0.9827451109886169,
        -0.0421246699988842,
        0.18010395765304565,
        0.35316184163093567,
        0.043766364455223083,
        0.9990285038948059,
        -0.0051494501531124115,
        0.04773462936282158,
        -0.17971208691596985,
        0.012943093664944172,
        0.9836341142654419,
        -0.0861297994852066
    ],
    [
        0.9825771450996399,
        -0.04220571741461754,
        0.1809995025396347,
        0.3556756377220154,
        0.04396803304553032,
        0.9990165829658508,
        -0.0057336147874593735,
        0.04878693073987961,
        -0.18057948350906372,
        0.013591911643743515,
        0.9834664463996887,
        -0.08660215884447098
    ],
    [
        0.982387125492096,
        -0.0424375981092453,
        0.1819743663072586,
        0.35792821645736694,
        0.04413866251707077,
        0.9990113377571106,
        -0.005306301172822714,
        0.048250921070575714,
        -0.18156924843788147,
        0.013244947418570518,
        0.9832890629768372,
        -0.08708572387695312
    ],
    [
        0.9821596145629883,
        -0.042610540986061096,
        0.18315771222114563,
        0.35999196767807007,
        0.044344715774059296,
        0.9990018010139465,
        -0.0053810602985322475,
        0.04854936525225639,
        -0.18274560570716858,
        0.013407138176262379,
        0.9830687046051025,
        -0.08741732686758041
    ],
    [
        0.9817137122154236,
        -0.04298385977745056,
        0.18544702231884003,
        0.364655464887619,
        0.044752754271030426,
        0.9989837408065796,
        -0.005361161660403013,
        0.04892076924443245,
        -0.18502812087535858,
        0.013562389649450779,
        0.9826396703720093,
        -0.08830489963293076
    ]
]