[
    [
        0.9860053658485413,
        -0.023360388353466988,
        0.1650688499212265,
        0.26740118861198425,
        0.021496811881661415,
        0.9996836185455322,
        0.01306740753352642,
        -0.031741026788949966,
        -0.16532187163829803,
        -0.009336081333458424,
        0.9861955642700195,
        0.4822307229042053
    ],
    [
        0.9784767031669617,
        -0.03061423823237419,
        0.20407415926456451,
        0.29663029313087463,
        0.027858791872859,
        0.9994779825210571,
        0.016362078487873077,
        -0.04350918158888817,
        -0.20446854829788208,
        -0.010324651375412941,
        0.9788186550140381,
        0.587556779384613
    ],
    [
        0.9699384570121765,
        -0.03723764792084694,
        0.240484356880188,
        0.34264180064201355,
        0.03319072350859642,
        0.9992313981056213,
        0.020858177915215492,
        -0.05822195112705231,
        -0.24107621610164642,
        -0.012249299325048923,
        0.9704288244247437,
        0.6816638112068176
    ],
    [
        0.9600609540939331,
        -0.04501768946647644,
        0.27614516019821167,
        0.39850783348083496,
        0.039475344121456146,
        0.9988925457000732,
        0.025599194690585136,
        -0.07199271768331528,
        -0.2769918143749237,
        -0.013675861060619354,
        0.9607749581336975,
        0.7813499569892883
    ],
    [
        0.9495039582252502,
        -0.05362510308623314,
        0.3091382682323456,
        0.46565118432044983,
        0.046554237604141235,
        0.9984588027000427,
        0.03020986169576645,
        -0.08088470250368118,
        -0.310281902551651,
        -0.014292685315012932,
        0.9505372047424316,
        0.8700893521308899
    ],
    [
        0.9384102821350098,
        -0.06160824000835419,
        0.33998608589172363,
        0.5401843786239624,
        0.052518460899591446,
        0.9979750514030457,
        0.03588270768523216,
        -0.09177768230438232,
        -0.34150832891464233,
        -0.015817152336239815,
        0.9397456049919128,
        0.9528289437294006
    ],
    [
        0.9266250133514404,
        -0.07002737373113632,
        0.36940786242485046,
        0.6182448267936707,
        0.0582769475877285,
        0.9973787069320679,
        0.04288738965988159,
        -0.10558008402585983,
        -0.37144288420677185,
        -0.018212562426924706,
        0.9282771944999695,
        1.034388780593872
    ],
    [
        0.9143756031990051,
        -0.07665988802909851,
        0.3975432217121124,
        0.696635901927948,
        0.06267563253641129,
        0.9968754053115845,
        0.048073530197143555,
        -0.11566853523254395,
        -0.3999864161014557,
        -0.019040986895561218,
        0.916323184967041,
        1.1148942708969116
    ],
    [
        0.9013914465904236,
        -0.08213041722774506,
        0.42514467239379883,
        0.7724785804748535,
        0.06591301411390305,
        0.9964303970336914,
        0.05274396389722824,
        -0.1240886002779007,
        -0.4279589354991913,
        -0.019520392641425133,
        0.9035874009132385,
        1.1970382928848267
    ],
    [
        0.8875501155853271,
        -0.0874813124537468,
        0.45232921838760376,
        0.8446198105812073,
        0.06890475004911423,
        0.9959694147109985,
        0.05741899833083153,
        -0.1339922845363617,
        -0.45552924275398254,
        -0.019794601947069168,
        0.8900007605552673,
        1.284424901008606
    ],
    [
        0.8740580677986145,
        -0.09090622514486313,
        0.477240651845932,
        0.9176949858665466,
        0.07008814811706543,
        0.9956561326980591,
        0.06129032000899315,
        -0.14575400948524475,
        -0.4807392358779907,
        -0.020122380927205086,
        0.8766326904296875,
        1.3787654638290405
    ],
    [
        0.8600618243217468,
        -0.09369322657585144,
        0.5015127658843994,
        0.9803805947303772,
        0.0703493282198906,
        0.9953818917274475,
        0.0653139129281044,
        -0.16169843077659607,
        -0.5053163766860962,
        -0.0208929143846035,
        0.8626812100410461,
        1.4649385213851929
    ],
    [
        0.8486379384994507,
        -0.09923791885375977,
        0.5195819735527039,
        1.0530325174331665,
        0.07326919585466385,
        0.9948288202285767,
        0.07033675909042358,
        -0.17659808695316315,
        -0.5238752365112305,
        -0.021621087566018105,
        0.8515205383300781,
        1.5522712469100952
    ],
    [
        0.8396217226982117,
        -0.1056104451417923,
        0.5328057408332825,
        1.1326416730880737,
        0.07750394195318222,
        0.9941725730895996,
        0.07492603361606598,
        -0.18916721642017365,
        -0.5376138091087341,
        -0.02161496877670288,
        0.8429139852523804,
        1.6460847854614258
    ],
    [
        0.8337575793266296,
        -0.10980100184679031,
        0.5411027073860168,
        1.2206274271011353,
        0.08104239404201508,
        0.9937490224838257,
        0.07677829265594482,
        -0.19827888906002045,
        -0.5461506843566895,
        -0.020162221044301987,
        0.8374442458152771,
        1.7409024238586426
    ],
    [
        0.8314931988716125,
        -0.11270719021558762,
        0.5439817309379578,
        1.3180546760559082,
        0.08377586305141449,
        0.9934446811676025,
        0.07777705788612366,
        -0.20811083912849426,
        -0.5491818189620972,
        -0.01909855753183365,
        0.8354845643043518,
        1.8324137926101685
    ],
    [
        0.8321235775947571,
        -0.11534007638692856,
        0.5424638986587524,
        1.4184867143630981,
        0.08589145541191101,
        0.9931349754333496,
        0.07940798252820969,
        -0.2207772135734558,
        -0.5478987693786621,
        -0.019484244287014008,
        0.8363176584243774,
        1.918692708015442
    ],
    [
        0.8338913321495056,
        -0.11723253130912781,
        0.5393345952033997,
        1.5173059701919556,
        0.08728363364934921,
        0.9928958415985107,
        0.08086743205785751,
        -0.234390527009964,
        -0.5449833273887634,
        -0.02035956084728241,
        0.8381997346878052,
        2.0092782974243164
    ],
    [
        0.8355162143707275,
        -0.1193680688738823,
        0.5363430380821228,
        1.609931230545044,
        0.08840849995613098,
        0.9926043152809143,
        0.08319028466939926,
        -0.24844522774219513,
        -0.542306661605835,
        -0.022089561447501183,
        0.8398902416229248,
        2.1028311252593994
    ],
    [
        0.8369707465171814,
        -0.12000288814306259,
        0.5339280962944031,
        1.694846510887146,
        0.08843003213405609,
        0.9924961924552917,
        0.08444777876138687,
        -0.2600986063480377,
        -0.5400555729866028,
        -0.023465042933821678,
        0.8413020968437195,
        2.1991541385650635
    ],
    [
        0.8375822901725769,
        -0.12081707268953323,
        0.5327844023704529,
        1.772254228591919,
        0.08840697258710861,
        0.9923606514930725,
        0.08604979515075684,
        -0.27140748500823975,
        -0.539110541343689,
        -0.024971920996904373,
        0.8418646454811096,
        2.3002514839172363
    ],
    [
        0.8373674154281616,
        -0.12290827929973602,
        0.5326437950134277,
        1.8423244953155518,
        0.08863725513219833,
        0.9920288920402527,
        0.08956573903560638,
        -0.2842560112476349,
        -0.539406418800354,
        -0.027787353843450546,
        0.8415870070457458,
        2.4014508724212646
    ],
    [
        0.838886559009552,
        -0.12361005693674088,
        0.5300848484039307,
        1.9131386280059814,
        0.08772733807563782,
        0.9918448328971863,
        0.0924544632434845,
        -0.2964799702167511,
        -0.5371901392936707,
        -0.031055878847837448,
        0.8428893089294434,
        2.499298095703125
    ],
    [
        0.8426867723464966,
        -0.12643522024154663,
        0.5233479738235474,
        1.988594889640808,
        0.08955317735671997,
        0.9914105534553528,
        0.09531698375940323,
        -0.30666330456733704,
        -0.5309041738510132,
        -0.033454883843660355,
        0.8467711806297302,
        2.588251829147339
    ],
    [
        0.8498876690864563,
        -0.12847429513931274,
        0.5110629200935364,
        2.081071376800537,
        0.09143193066120148,
        0.9910668134689331,
        0.09709122031927109,
        -0.31778886914253235,
        -0.5189712643623352,
        -0.03578915819525719,
        0.8540421724319458,
        2.6934585571289062
    ]
]