[
    [
        0.981708288192749,
        -0.014469890855252743,
        0.18984046578407288,
        0.06969333440065384,
        0.013421670533716679,
        0.999886691570282,
        0.00680617056787014,
        0.07857619225978851,
        -0.1899174600839615,
        -0.004133697133511305,
        0.9817913770675659,
        0.3536834716796875
    ],
    [
        0.9792311191558838,
        -0.021768813952803612,
        0.20157530903816223,
        0.09060096740722656,
        0.01979372277855873,
        0.9997343420982361,
        0.011808992363512516,
        0.07686325907707214,
        -0.2017788290977478,
        -0.007573806215077639,
        0.9794018268585205,
        0.44629529118537903
    ],
    [
        0.9779082536697388,
        -0.025240164250135422,
        0.20750463008880615,
        0.10720638185739517,
        0.02187652327120304,
        0.9995896220207214,
        0.01848910190165043,
        0.0732588991522789,
        -0.20788615942001343,
        -0.01354116853326559,
        0.9780592918395996,
        0.5355572700500488
    ],
    [
        0.9770702719688416,
        -0.025424951687455177,
        0.21139341592788696,
        0.11903619021177292,
        0.021709639579057693,
        0.9995666742324829,
        0.01987806335091591,
        0.06735621392726898,
        -0.2118072360754013,
        -0.014832991175353527,
        0.9771988391876221,
        0.6182146668434143
    ],
    [
        0.9765752553939819,
        -0.02341431751847267,
        0.21389839053153992,
        0.13233788311481476,
        0.020140090957283974,
        0.9996444582939148,
        0.017474083229899406,
        0.06612849235534668,
        -0.2142314612865448,
        -0.01275682169944048,
        0.976699709892273,
        0.7116962671279907
    ],
    [
        0.9759572744369507,
        -0.022601228207349777,
        0.21678709983825684,
        0.13946433365345,
        0.019360220059752464,
        0.9996669888496399,
        0.01706261932849884,
        0.061099130660295486,
        -0.21710054576396942,
        -0.012455340474843979,
        0.9760698676109314,
        0.8183350563049316
    ],
    [
        0.975051760673523,
        -0.019641947001218796,
        0.22110728919506073,
        0.13744325935840607,
        0.016815222799777985,
        0.9997511506080627,
        0.014659611508250237,
        0.04831435903906822,
        -0.22134019434452057,
        -0.010575910098850727,
        0.9751392602920532,
        0.9154732823371887
    ],
    [
        0.9749050140380859,
        -0.018219100311398506,
        0.22187425196170807,
        0.13679882884025574,
        0.015729695558547974,
        0.9997919797897339,
        0.012981919571757317,
        0.04432717710733414,
        -0.22206459939479828,
        -0.00916612334549427,
        0.9749888777732849,
        1.0054306983947754
    ],
    [
        0.9746434688568115,
        -0.01677071489393711,
        0.22313429415225983,
        0.14889807999134064,
        0.014791889116168022,
        0.9998350143432617,
        0.010536851361393929,
        0.04243788495659828,
        -0.22327421605587006,
        -0.006969095673412085,
        0.9747307300567627,
        1.1213828325271606
    ],
    [
        0.9746378660202026,
        -0.017728788778185844,
        0.22308474779129028,
        0.1735251247882843,
        0.015585900284349918,
        0.9998139142990112,
        0.011362873017787933,
        0.024767743423581123,
        -0.22324468195438385,
        -0.007597708608955145,
        0.9747329354286194,
        1.2347543239593506
    ],
    [
        0.9748638272285461,
        -0.01829015277326107,
        0.22204969823360443,
        0.20880061388015747,
        0.016818104311823845,
        0.9998222589492798,
        0.008518551476299763,
        3.976747393608093e-05,
        -0.222166046500206,
        -0.004569971933960915,
        0.9749981164932251,
        1.3417246341705322
    ],
    [
        0.9745240807533264,
        -0.01775268465280533,
        0.22357910871505737,
        0.2475038468837738,
        0.016406739130616188,
        0.9998343586921692,
        0.007876324467360973,
        -0.01809363253414631,
        -0.22368191182613373,
        -0.0040074619464576244,
        0.974653959274292,
        1.4444098472595215
    ],
    [
        0.973999559879303,
        -0.015869639813899994,
        0.22599346935749054,
        0.2855198383331299,
        0.015150003135204315,
        0.9998730421066284,
        0.004918420687317848,
        -0.03694538399577141,
        -0.22604283690452576,
        -0.0013667384628206491,
        0.9741165041923523,
        1.5535664558410645
    ],
    [
        0.9722685813903809,
        -0.012604058720171452,
        0.23352715373039246,
        0.3162898123264313,
        0.011715120635926723,
        0.9999179244041443,
        0.005193314980715513,
        -0.05887463316321373,
        -0.23357340693473816,
        -0.002313497941941023,
        0.9723362922668457,
        1.6805336475372314
    ],
    [
        0.9707170128822327,
        -0.010652665980160236,
        0.23998962342739105,
        0.35063400864601135,
        0.00977353472262621,
        0.9999405145645142,
        0.004853107966482639,
        -0.08653687685728073,
        -0.24002705514431,
        -0.0023654478136450052,
        0.9707633852958679,
        1.8148049116134644
    ],
    [
        0.9688243269920349,
        -0.012583311647176743,
        0.24742867052555084,
        0.38384243845939636,
        0.011539359577000141,
        0.9999173283576965,
        0.005668939091265202,
        -0.0989188402891159,
        -0.24747954308986664,
        -0.002637037541717291,
        0.9688894748687744,
        1.94488525390625
    ],
    [
        0.9662920832633972,
        -0.01312242355197668,
        0.25711360573768616,
        0.43090200424194336,
        0.012398256920278072,
        0.9999132752418518,
        0.004437519237399101,
        -0.10829601436853409,
        -0.25714948773384094,
        -0.0011001800885424018,
        0.9663710594177246,
        2.1011006832122803
    ],
    [
        0.9634323120117188,
        -0.013552319258451462,
        0.2676088809967041,
        0.48103371262550354,
        0.012747179716825485,
        0.9999074935913086,
        0.004745809826999903,
        -0.11612667143344879,
        -0.2676484286785126,
        -0.0011610060464590788,
        0.9635158181190491,
        2.244320869445801
    ],
    [
        0.9577394127845764,
        -0.010402954183518887,
        0.2874490022659302,
        0.5391268134117126,
        0.008980624377727509,
        0.9999400973320007,
        0.006266264244914055,
        -0.12492111325263977,
        -0.287496954202652,
        -0.00341997854411602,
        0.9577754139900208,
        2.376377820968628
    ],
    [
        0.9493551850318909,
        -0.004518695175647736,
        0.3141723573207855,
        0.5914708375930786,
        0.002479233080521226,
        0.9999731779098511,
        0.006890810560435057,
        -0.13156647980213165,
        -0.31419506669044495,
        -0.005762920714914799,
        0.9493409395217896,
        2.5144734382629395
    ],
    [
        0.9383229613304138,
        0.00034217844950035214,
        0.34575989842414856,
        0.640301525592804,
        -0.0017910361057147384,
        0.9999909400939941,
        0.0038708823267370462,
        -0.14634613692760468,
        -0.3457554280757904,
        -0.004251406062394381,
        0.9383149147033691,
        2.656893014907837
    ],
    [
        0.9256011247634888,
        0.0024850128684192896,
        0.3784922957420349,
        0.6869140267372131,
        -0.00189906673040241,
        0.9999963641166687,
        -0.0019213737687096,
        -0.15517348051071167,
        -0.3784956932067871,
        0.001059643691405654,
        0.9256024360656738,
        2.788471221923828
    ],
    [
        0.912889838218689,
        -0.0024319018702954054,
        0.4081989526748657,
        0.7395280003547668,
        0.005803967360407114,
        0.9999585747718811,
        -0.007022508420050144,
        -0.1582728624343872,
        -0.40816494822502136,
        0.008779951371252537,
        0.9128658771514893,
        2.920487880706787
    ],
    [
        0.8974732756614685,
        -0.01141433510929346,
        0.4409210681915283,
        0.8265472650527954,
        0.01869962364435196,
        0.9997510313987732,
        -0.012181143276393414,
        -0.16870254278182983,
        -0.4406721889972687,
        0.019177308306097984,
        0.897463321685791,
        3.091235637664795
    ],
    [
        0.8458666205406189,
        -0.026203345507383347,
        0.5327504873275757,
        1.0468147993087769,
        0.040044426918029785,
        0.9990935325622559,
        -0.014439486898481846,
        -0.20104148983955383,
        -0.5318892598152161,
        0.033547550439834595,
        0.8461492657661438,
        3.5129072666168213
    ]
]