[
    [
        0.9978002309799194,
        0.003096009837463498,
        -0.06622038781642914,
        -0.22861537337303162,
        -0.002766458550468087,
        0.9999833703041077,
        0.0050677102990448475,
        -0.06957655400037766,
        0.06623498350381851,
        -0.0048733665607869625,
        0.9977922439575195,
        0.36126258969306946
    ],
    [
        0.9975458979606628,
        0.004513847641646862,
        -0.0698704645037651,
        -0.25453224778175354,
        -0.004098847974091768,
        0.9999731183052063,
        0.006081783678382635,
        -0.07768598198890686,
        0.06989604234695435,
        -0.0057804700918495655,
        0.9975376129150391,
        0.41345736384391785
    ],
    [
        0.9973263144493103,
        0.005785045679658651,
        -0.07284752279520035,
        -0.280614972114563,
        -0.005290007218718529,
        0.9999616146087646,
        0.006986645981669426,
        -0.08351121842861176,
        0.07288514077663422,
        -0.006582601927220821,
        0.9973185658454895,
        0.47003692388534546
    ],
    [
        0.9970566034317017,
        0.0073055122047662735,
        -0.07631964981555939,
        -0.30181533098220825,
        -0.006722640246152878,
        0.9999462962150574,
        0.007891377434134483,
        -0.09171585738658905,
        0.07637319713830948,
        -0.007355081383138895,
        0.9970520734786987,
        0.5326024293899536
    ],
    [
        0.9969123005867004,
        0.008204830810427666,
        -0.07809252291917801,
        -0.3274480104446411,
        -0.007563781458884478,
        0.9999352693557739,
        0.008501114323735237,
        -0.09767410159111023,
        0.0781572163105011,
        -0.007884189486503601,
        0.9969099164009094,
        0.5965444445610046
    ],
    [
        0.9967368841171265,
        0.00938439555466175,
        -0.08017222583293915,
        -0.34982138872146606,
        -0.008638656698167324,
        0.9999161958694458,
        0.009643510915338993,
        -0.1060379296541214,
        0.08025600761175156,
        -0.008919461630284786,
        0.9967343807220459,
        0.6603763699531555
    ],
    [
        0.9965260624885559,
        0.011438610963523388,
        -0.08249219506978989,
        -0.38300350308418274,
        -0.0104970782995224,
        0.9998748898506165,
        0.011838286183774471,
        -0.11935292929410934,
        0.08261727541685104,
        -0.010931232944130898,
        0.9965213537216187,
        0.7539438009262085
    ],
    [
        0.9963789582252502,
        0.012757007963955402,
        -0.08406109362840652,
        -0.40306541323661804,
        -0.011667737737298012,
        0.9998417496681213,
        0.013436634093523026,
        -0.12733471393585205,
        0.08421918749809265,
        -0.01240717712789774,
        0.9963699579238892,
        0.8206990957260132
    ],
    [
        0.9961462020874023,
        0.014816603623330593,
        -0.08644777536392212,
        -0.41872265934944153,
        -0.013606312684714794,
        0.9998012781143188,
        0.014572754502296448,
        -0.13444781303405762,
        0.08664651215076447,
        -0.01334035862237215,
        0.9961498975753784,
        0.8858869671821594
    ],
    [
        0.9958589673042297,
        0.016554323956370354,
        -0.08939095586538315,
        -0.4315564036369324,
        -0.01519355271011591,
        0.9997584819793701,
        0.01588178612291813,
        -0.14316488802433014,
        0.08963228762149811,
        -0.014457853510975838,
        0.9958699345588684,
        0.9466661214828491
    ],
    [
        0.9955644607543945,
        0.01846982352435589,
        -0.09225137531757355,
        -0.4427013397216797,
        -0.01699249818921089,
        0.9997149109840393,
        0.01677405647933483,
        -0.14932163059711456,
        0.09253489971160889,
        -0.015132074244320393,
        0.9955944418907166,
        1.013798475265503
    ],
    [
        0.9951359033584595,
        0.020543573424220085,
        -0.09634535759687424,
        -0.44904011487960815,
        -0.018881719559431076,
        0.999657392501831,
        0.018129117786884308,
        -0.1560470461845398,
        0.0966847836971283,
        -0.016221771016716957,
        0.9951828122138977,
        1.0745761394500732
    ],
    [
        0.9942246675491333,
        0.02300759218633175,
        -0.10482315719127655,
        -0.4486108422279358,
        -0.021073054522275925,
        0.9995872974395752,
        0.019525708630681038,
        -0.16597026586532593,
        0.10522914677858353,
        -0.01720399782061577,
        0.994299054145813,
        1.160509705543518
    ],
    [
        0.9934408664703369,
        0.025155989453196526,
        -0.11154546588659286,
        -0.4459531605243683,
        -0.023025278002023697,
        0.9995278120040894,
        0.020349178463220596,
        -0.17169398069381714,
        0.11200468242168427,
        -0.01764734275639057,
        0.9935510754585266,
        1.2196375131607056
    ],
    [
        0.9925282001495361,
        0.027931373566389084,
        -0.11877565830945969,
        -0.44057318568229675,
        -0.025502093136310577,
        0.9994342923164368,
        0.021923931315541267,
        -0.1804145872592926,
        0.1193208247423172,
        -0.018731094896793365,
        0.9926791191101074,
        1.286360502243042
    ],
    [
        0.9914980530738831,
        0.031873639672994614,
        -0.12615780532360077,
        -0.440655916929245,
        -0.02905750274658203,
        0.9992871880531311,
        0.024100452661514282,
        -0.1877419650554657,
        0.12683603167533875,
        -0.020229727029800415,
        0.9917173981666565,
        1.3511018753051758
    ],
    [
        0.9901893138885498,
        0.03629163280129433,
        -0.13493679463863373,
        -0.4332505166530609,
        -0.032943740487098694,
        0.9990934729576111,
        0.026962222531437874,
        -0.19798395037651062,
        0.13579297065734863,
        -0.02225237712264061,
        0.9904872179031372,
        1.4120423793792725
    ],
    [
        0.9887621402740479,
        0.03853931277990341,
        -0.1444445103406906,
        -0.42431968450546265,
        -0.03478921204805374,
        0.9989911317825317,
        0.028399601578712463,
        -0.20595216751098633,
        0.1453932821750641,
        -0.023055339232087135,
        0.9891052842140198,
        1.4706276655197144
    ],
    [
        0.9866617918014526,
        0.042233020067214966,
        -0.1572098731994629,
        -0.42330750823020935,
        -0.03809427097439766,
        0.9988460540771484,
        0.029248319566249847,
        -0.2158689647912979,
        0.158263698220253,
        -0.022869402542710304,
        0.9871320128440857,
        1.5678898096084595
    ],
    [
        0.9850845336914062,
        0.04388832673430443,
        -0.16637930274009705,
        -0.42116665840148926,
        -0.03959348425269127,
        0.9987936019897461,
        0.02904476784169674,
        -0.22250358760356903,
        0.1674533188343048,
        -0.022024022415280342,
        0.9856339693069458,
        1.6288822889328003
    ],
    [
        0.9831750392913818,
        0.04501984640955925,
        -0.1770310401916504,
        -0.4125288724899292,
        -0.040669675916433334,
        0.9987766742706299,
        0.028127038851380348,
        -0.22564327716827393,
        0.17808078229427338,
        -0.020454002544283867,
        0.983803391456604,
        1.698930025100708
    ],
    [
        0.9814218878746033,
        0.04711814969778061,
        -0.18598628044128418,
        -0.4150852859020233,
        -0.0425436794757843,
        0.9986876845359802,
        0.02851293422281742,
        -0.23773173987865448,
        0.18708567321300507,
        -0.020070675760507584,
        0.9821385741233826,
        1.7572360038757324
    ],
    [
        0.9794677495956421,
        0.04967114329338074,
        -0.19538614153862,
        -0.42003628611564636,
        -0.045322664082050323,
        0.9986164569854736,
        0.026666825637221336,
        -0.23846372961997986,
        0.19644038379192352,
        -0.017263876274228096,
        0.9803637862205505,
        1.8176578283309937
    ],
    [
        0.9770544767379761,
        0.05107547342777252,
        -0.20677483081817627,
        -0.416162371635437,
        -0.046101078391075134,
        0.9985213279724121,
        0.028807559981942177,
        -0.26064062118530273,
        0.20794041454792023,
        -0.018614012748003006,
        0.9779642820358276,
        1.8757847547531128
    ],
    [
        0.9734101295471191,
        0.05502400919795036,
        -0.22236239910125732,
        -0.42307257652282715,
        -0.05003988742828369,
        0.9983548521995544,
        0.027991045266389847,
        -0.2666732966899872,
        0.22353677451610565,
        -0.016119780018925667,
        0.9745621085166931,
        1.9632929563522339
    ]
]