[
    [
        0.9999991059303284,
        0.0005425047129392624,
        0.0011968881590291858,
        0.0014853313332423568,
        -0.0005426133284345269,
        0.9999998807907104,
        9.01646344573237e-05,
        -0.10105998814105988,
        -0.0011968399630859494,
        -9.081337339011952e-05,
        0.9999992847442627,
        -0.009657423943281174
    ],
    [
        0.9999988675117493,
        0.0005317970062606037,
        0.0013809172669425607,
        0.001968531170859933,
        -0.000532197009306401,
        0.9999998211860657,
        0.0002893134078476578,
        -0.11529548466205597,
        -0.0013807639479637146,
        -0.00029004859970882535,
        0.9999990463256836,
        -0.011071321554481983
    ],
    [
        0.9999986886978149,
        0.0005198227590881288,
        0.001563912257552147,
        0.0024606024380773306,
        -0.0005204523913562298,
        0.9999998211860657,
        0.00040201464435085654,
        -0.1294085830450058,
        -0.0015637027099728584,
        -0.0004028284165542573,
        0.9999986886978149,
        -0.012930896133184433
    ],
    [
        0.9999982118606567,
        0.0005186203052289784,
        0.001809266279451549,
        0.0027968327049165964,
        -0.0005197286955080926,
        0.9999996423721313,
        0.0006123737548477948,
        -0.14349481463432312,
        -0.0018089479999616742,
        -0.0006133132264949381,
        0.9999982118606567,
        -0.014637237414717674
    ],
    [
        0.9999978542327881,
        0.0005293289432302117,
        0.0020223851315677166,
        0.003243489423766732,
        -0.0005307861720211804,
        0.9999995827674866,
        0.0007200291147455573,
        -0.1576552391052246,
        -0.0020220032893121243,
        -0.0007211018819361925,
        0.9999977350234985,
        -0.016213443130254745
    ],
    [
        0.9999971389770508,
        0.00045018590753898025,
        0.0023782923817634583,
        0.003975996747612953,
        -0.0004517911875154823,
        0.9999997615814209,
        0.000674424518365413,
        -0.17562147974967957,
        -0.00237798853777349,
        -0.0006754965870641172,
        0.9999969005584717,
        -0.01852278597652912
    ],
    [
        0.9999961853027344,
        0.00047520967200398445,
        0.002717947354540229,
        0.0043317885138094425,
        -0.0004774653061758727,
        0.9999995231628418,
        0.0008291993872262537,
        -0.18955454230308533,
        -0.002717551775276661,
        -0.0008304945658892393,
        0.9999959468841553,
        -0.02005872130393982
    ],
    [
        0.9999954700469971,
        0.0005557243712246418,
        0.002960906596854329,
        0.00493183359503746,
        -0.0005588896456174552,
        0.9999993443489075,
        0.0010680949781090021,
        -0.20386984944343567,
        -0.002960310084745288,
        -0.0010697449324652553,
        0.9999949932098389,
        -0.022049736231565475
    ],
    [
        0.9999948740005493,
        0.0004404935461934656,
        0.003189444774761796,
        0.005418229382485151,
        -0.00044462757068686187,
        0.9999991655349731,
        0.0012954026460647583,
        -0.21800737082958221,
        -0.0031888706143945456,
        -0.0012968145310878754,
        0.9999940395355225,
        -0.023680441081523895
    ],
    [
        0.9999940991401672,
        0.0005302989156916738,
        0.0034038673620671034,
        0.005831524729728699,
        -0.0005351430736482143,
        0.9999988079071045,
        0.0014223618200048804,
        -0.23204657435417175,
        -0.003403108799830079,
        -0.0014241751050576568,
        0.9999932050704956,
        -0.025264529511332512
    ],
    [
        0.9999933838844299,
        0.0004843209753744304,
        0.0036319727078080177,
        0.006202803924679756,
        -0.0004906661342829466,
        0.9999983906745911,
        0.0017463214462623,
        -0.24924789369106293,
        -0.0036311212461441755,
        -0.0017480921233072877,
        0.999991774559021,
        -0.027423374354839325
    ],
    [
        0.9999925494194031,
        0.0005533898365683854,
        0.0038315874990075827,
        0.006567360367625952,
        -0.0005605662008747458,
        0.999998152256012,
        0.001872087363153696,
        -0.2631247639656067,
        -0.003830543952062726,
        -0.0018742210231721401,
        0.9999909400939941,
        -0.028815705329179764
    ],
    [
        0.9999918937683105,
        0.0004897511680610478,
        0.003999567124992609,
        0.007048860192298889,
        -0.0004979727673344314,
        0.9999977946281433,
        0.0020549362525343895,
        -0.2773156464099884,
        -0.003998551517724991,
        -0.0020569113548845053,
        0.9999899864196777,
        -0.030599767342209816
    ],
    [
        0.9999914169311523,
        0.0005428275908343494,
        0.004121055360883474,
        0.007414969149976969,
        -0.0005522345309145749,
        0.9999973177909851,
        0.0022817570716142654,
        -0.2914697229862213,
        -0.0041198041290044785,
        -0.002284013433381915,
        0.9999889135360718,
        -0.032602764666080475
    ],
    [
        0.9999905228614807,
        0.0005812497693113983,
        0.0043228790163993835,
        0.007730324286967516,
        -0.0005916322115808725,
        0.9999969601631165,
        0.0024008036125451326,
        -0.30549320578575134,
        -0.004321470856666565,
        -0.0024033377412706614,
        0.9999878406524658,
        -0.033924221992492676
    ],
    [
        0.9999899864196777,
        0.0005119721172377467,
        0.00444606551900506,
        0.008356763981282711,
        -0.0005229109665378928,
        0.9999969005584717,
        0.002459546783939004,
        -0.32351580262184143,
        -0.0044447919353842735,
        -0.002461846685037017,
        0.9999871253967285,
        -0.03633962199091911
    ],
    [
        0.9999898672103882,
        0.00047445829841308296,
        0.004489958751946688,
        0.008762097917497158,
        -0.00048596280976198614,
        0.9999966621398926,
        0.0025615892373025417,
        -0.33742910623550415,
        -0.004488727543503046,
        -0.0025637459475547075,
        0.9999866485595703,
        -0.037734854966402054
    ],
    [
        0.9999894499778748,
        0.00048112470540218055,
        0.00459029246121645,
        0.009021389298141003,
        -0.0004937213961966336,
        0.9999961853027344,
        0.002743392949923873,
        -0.3515509068965912,
        -0.004588954616338015,
        -0.002745630219578743,
        0.9999856948852539,
        -0.03940509259700775
    ],
    [
        0.9999889135360718,
        0.000525924377143383,
        0.0046789380721747875,
        0.009330854751169682,
        -0.0005395517218858004,
        0.9999957084655762,
        0.002911779098212719,
        -0.3655779957771301,
        -0.004677386023104191,
        -0.0029142717830836773,
        0.999984860420227,
        -0.04098276421427727
    ],
    [
        0.9999884366989136,
        0.0005501658888533711,
        0.004789712838828564,
        0.009580024518072605,
        -0.0005647401558235288,
        0.9999952912330627,
        0.003041986608877778,
        -0.379744291305542,
        -0.004788015969097614,
        -0.003044655779376626,
        0.9999839067459106,
        -0.04262538626790047
    ],
    [
        0.999987781047821,
        0.0005137163097970188,
        0.004908165894448757,
        0.009991639293730259,
        -0.0005293046124279499,
        0.9999948143959045,
        0.003175091464072466,
        -0.39686572551727295,
        -0.004906508605927229,
        -0.0031776500400155783,
        0.9999828338623047,
        -0.044419027864933014
    ],
    [
        0.9999874234199524,
        0.0005102565628476441,
        0.004991155117750168,
        0.010305873118340969,
        -0.0005262025515548885,
        0.9999948143959045,
        0.0031939581967890263,
        -0.41070881485939026,
        -0.0049894992262125015,
        -0.00319654424674809,
        0.999982476234436,
        -0.04602901265025139
    ],
    [
        0.999987006187439,
        0.0005270272959023714,
        0.005073075648397207,
        0.010636767372488976,
        -0.0005441726534627378,
        0.999994158744812,
        0.0033789542503654957,
        -0.42465513944625854,
        -0.005071265622973442,
        -0.0033816706854850054,
        0.9999814033508301,
        -0.04773438349366188
    ],
    [
        0.9999865293502808,
        0.000501674076076597,
        0.0051641156896948814,
        0.011070203967392445,
        -0.0005196150159463286,
        0.9999938607215881,
        0.0034734068904072046,
        -0.43864142894744873,
        -0.005162341054528952,
        -0.0034760429989546537,
        0.9999806880950928,
        -0.04939548671245575
    ],
    [
        0.9999860525131226,
        0.0005276674637570977,
        0.005267338827252388,
        0.011455780826508999,
        -0.0005470946780405939,
        0.999993085861206,
        0.003687557065859437,
        -0.45676955580711365,
        -0.005265356041491032,
        -0.0036903873551636934,
        0.9999793767929077,
        -0.05144992843270302
    ]
]