[
    [
        0.9858641028404236,
        0.0693703442811966,
        -0.15251146256923676,
        0.32893410325050354,
        -0.0723285973072052,
        0.9972835779190063,
        -0.013928456231951714,
        -0.32649219036102295,
        0.15113095939159393,
        0.024762501940131187,
        0.9882035851478577,
        2.13362717628479
    ],
    [
        0.9844784736633301,
        0.07036705315113068,
        -0.1607813686132431,
        0.3323712944984436,
        -0.07341963797807693,
        0.9972148537635803,
        -0.013116981834173203,
        -0.33144909143447876,
        0.15941056609153748,
        0.024717897176742554,
        0.9869029521942139,
        2.158019542694092
    ],
    [
        0.982891857624054,
        0.07142462581396103,
        -0.16977061331272125,
        0.3385751247406006,
        -0.07475468516349792,
        0.9971132278442383,
        -0.013296294957399368,
        -0.333548367023468,
        0.1683308482170105,
        0.025759967043995857,
        0.9853938817977905,
        2.182879686355591
    ],
    [
        0.9812374114990234,
        0.07246339321136475,
        -0.17866764962673187,
        0.34510624408721924,
        -0.07582155615091324,
        0.9970487356185913,
        -0.012030229903757572,
        -0.3395310044288635,
        0.1772686094045639,
        0.02535136602818966,
        0.9838359355926514,
        2.2091217041015625
    ],
    [
        0.9792340397834778,
        0.07426509261131287,
        -0.18864110112190247,
        0.34781238436698914,
        -0.0781107246875763,
        0.996859610080719,
        -0.013023659586906433,
        -0.3389025032520294,
        0.18708151578903198,
        0.02748810313642025,
        0.9819597005844116,
        2.244288682937622
    ],
    [
        0.9778462648391724,
        0.0749010220170021,
        -0.1954650580883026,
        0.35115936398506165,
        -0.07907938212156296,
        0.9967748522758484,
        -0.013649568893015385,
        -0.3386649787425995,
        0.1938122808933258,
        0.028804440051317215,
        0.9806156158447266,
        2.2593135833740234
    ],
    [
        0.9767154455184937,
        0.07538837194442749,
        -0.20085696876049042,
        0.3528587520122528,
        -0.07984097301959991,
        0.9967072606086731,
        -0.014148252084851265,
        -0.33876854181289673,
        0.19912897050380707,
        0.029855437576770782,
        0.9795183539390564,
        2.2717251777648926
    ],
    [
        0.9757660627365112,
        0.07542350143194199,
        -0.20540645718574524,
        0.3530052900314331,
        -0.08032763004302979,
        0.9966459274291992,
        -0.015629751607775688,
        -0.3373457193374634,
        0.2035386711359024,
        0.03175079822540283,
        0.9785519242286682,
        2.2836508750915527
    ],
    [
        0.9744589924812317,
        0.07516101002693176,
        -0.21161404252052307,
        0.3548331558704376,
        -0.08077700436115265,
        0.9965695738792419,
        -0.018007827922701836,
        -0.3344727158546448,
        0.2095346301794052,
        0.03464144468307495,
        0.97718745470047,
        2.300008535385132
    ],
    [
        0.9736924171447754,
        0.07511597871780396,
        -0.21512962877750397,
        0.35549458861351013,
        -0.08118027448654175,
        0.9965090751647949,
        -0.0194806307554245,
        -0.333172082901001,
        0.212915301322937,
        0.0364324226975441,
        0.9763912558555603,
        2.3100972175598145
    ],
    [
        0.9732340574264526,
        0.07527586072683334,
        -0.21713857352733612,
        0.35309889912605286,
        -0.0817147046327591,
        0.9964383244514465,
        -0.020815134048461914,
        -0.33208319544792175,
        0.21479833126068115,
        0.0380014143884182,
        0.9759188294410706,
        2.3200366497039795
    ],
    [
        0.9729371070861816,
        0.07526899874210358,
        -0.2184671312570572,
        0.3505080044269562,
        -0.08208609372377396,
        0.996376097202301,
        -0.022284287959337234,
        -0.33076149225234985,
        0.21599812805652618,
        0.039614323526620865,
        0.9755898118019104,
        2.3289361000061035
    ],
    [
        0.9726886749267578,
        0.07482003420591354,
        -0.21972426772117615,
        0.34654518961906433,
        -0.08223073929548264,
        0.9963056445121765,
        -0.024764155969023705,
        -0.3283228874206543,
        0.2170596718788147,
        0.0421559102833271,
        0.9752476215362549,
        2.34201717376709
    ],
    [
        0.9725322723388672,
        0.07447019219398499,
        -0.22053389251232147,
        0.3452468812465668,
        -0.08230151981115341,
        0.9962543845176697,
        -0.026524804532527924,
        -0.326460063457489,
        0.21773254871368408,
        0.04394650086760521,
        0.9750186800956726,
        2.3508145809173584
    ],
    [
        0.9724682569503784,
        0.07375554740428925,
        -0.22105608880519867,
        0.3444034159183502,
        -0.08212021738290787,
        0.9962039589881897,
        -0.02887834794819355,
        -0.3234163820743561,
        0.21808700263500214,
        0.04623644798994064,
        0.9748334884643555,
        2.3594658374786377
    ],
    [
        0.972393810749054,
        0.0734117180109024,
        -0.22149720788002014,
        0.34415027499198914,
        -0.0821661576628685,
        0.9961500763893127,
        -0.03055923990905285,
        -0.3217906653881073,
        0.21840104460716248,
        0.04791519418358803,
        0.9746820330619812,
        2.3671963214874268
    ],
    [
        0.9725738167762756,
        0.07240712642669678,
        -0.22103697061538696,
        0.3425988256931305,
        -0.08181998133659363,
        0.9960767030715942,
        -0.033718042075634,
        -0.3179445266723633,
        0.21772833168506622,
        0.05087852105498314,
        0.9746824502944946,
        2.3792591094970703
    ],
    [
        0.972837507724762,
        0.07226815819740295,
        -0.21991920471191406,
        0.34028419852256775,
        -0.08186747878789902,
        0.9960340857505798,
        -0.03484100103378296,
        -0.31744253635406494,
        0.21652913093566895,
        0.05189886316657066,
        0.974895715713501,
        2.3873867988586426
    ],
    [
        0.9732481241226196,
        0.07195954769849777,
        -0.21819692850112915,
        0.3370678126811981,
        -0.0817636027932167,
        0.9959930777549744,
        -0.03622903674840927,
        -0.31648507714271545,
        0.2147156149148941,
        0.05310041084885597,
        0.9752320051193237,
        2.395087718963623
    ],
    [
        0.9736766815185547,
        0.07145985215902328,
        -0.21644215285778046,
        0.33445870876312256,
        -0.08150772005319595,
        0.9959538578987122,
        -0.037845857441425323,
        -0.3146153688430786,
        0.21286194026470184,
        0.05449133366346359,
        0.9755616784095764,
        2.402562379837036
    ],
    [
        0.9742901921272278,
        0.07144775986671448,
        -0.21366743743419647,
        0.33087193965911865,
        -0.08168771117925644,
        0.9958759546279907,
        -0.03947456181049347,
        -0.31335219740867615,
        0.20996588468551636,
        0.05591368302702904,
        0.9761086106300354,
        2.4135472774505615
    ],
    [
        0.9747242331504822,
        0.07159668952226639,
        -0.21162858605384827,
        0.32848116755485535,
        -0.08180742710828781,
        0.9958498477935791,
        -0.039881814271211624,
        -0.3138008415699005,
        0.20789489150047302,
        0.05618656054139137,
        0.976536214351654,
        2.420502185821533
    ],
    [
        0.9751386046409607,
        0.07176312059164047,
        -0.2096540778875351,
        0.32623380422592163,
        -0.08201955258846283,
        0.9958022236824036,
        -0.040631476789712906,
        -0.3134807348251343,
        0.20585814118385315,
        0.056817054748535156,
        0.9769310355186462,
        2.427525758743286
    ],
    [
        0.9754315614700317,
        0.0717196837067604,
        -0.2083013504743576,
        0.3253583610057831,
        -0.0820375606417656,
        0.995772659778595,
        -0.04131288826465607,
        -0.3131938576698303,
        0.2044578343629837,
        0.057386428117752075,
        0.9771918654441833,
        2.433253049850464
    ],
    [
        0.9758453369140625,
        0.07143537700176239,
        -0.20645259320735931,
        0.32433006167411804,
        -0.08191604912281036,
        0.9957258105278015,
        -0.04266040399670601,
        -0.312157541513443,
        0.20252269506454468,
        0.058541733771562576,
        0.9775261282920837,
        2.4412240982055664
    ]
]