[
    [
        0.9573174118995667,
        0.036259714514017105,
        -0.2867555022239685,
        -0.21367909014225006,
        -0.037663668394088745,
        0.9992903470993042,
        0.0006203713710419834,
        -0.09638801962137222,
        0.28657448291778564,
        0.0102063724771142,
        0.958003580570221,
        0.49009478092193604
    ],
    [
        0.9209494590759277,
        0.05047214403748512,
        -0.3863994777202606,
        -0.32031410932540894,
        -0.05260114744305611,
        0.9986028075218201,
        0.005068899132311344,
        -0.15619708597660065,
        0.3861154019832611,
        0.015656854957342148,
        0.922317624092102,
        0.7356932163238525
    ],
    [
        0.8790852427482605,
        0.0603712797164917,
        -0.4728260636329651,
        -0.40873318910598755,
        -0.06320062279701233,
        0.9979515671730042,
        0.009916706942021847,
        -0.2418491244316101,
        0.4724562168121338,
        0.02116527408361435,
        0.8810999393463135,
        0.9594991207122803
    ],
    [
        0.8433050513267517,
        0.06844499707221985,
        -0.5330590009689331,
        -0.46839845180511475,
        -0.07039441913366318,
        0.9973794221878052,
        0.01669921725988388,
        -0.31255146861076355,
        0.5328050851821899,
        0.02344183623790741,
        0.8459132313728333,
        1.1641430854797363
    ],
    [
        0.7914538383483887,
        0.0822829082608223,
        -0.6056653261184692,
        -0.5167707204818726,
        -0.07981826364994049,
        0.9963255524635315,
        0.031053639948368073,
        -0.3942469358444214,
        0.6059950590133667,
        0.02376564033329487,
        0.7951133847236633,
        1.4411964416503906
    ],
    [
        0.7421408295631409,
        0.09341803193092346,
        -0.6637018322944641,
        -0.5583294034004211,
        -0.08780759572982788,
        0.9952559471130371,
        0.04190020263195038,
        -0.4507366418838501,
        0.6644673347473145,
        0.027182212099432945,
        0.7468227744102478,
        1.657886028289795
    ],
    [
        0.7003825902938843,
        0.10181713104248047,
        -0.7064680457115173,
        -0.6466092467308044,
        -0.09263257682323456,
        0.994368851184845,
        0.051475055515766144,
        -0.4952014982700348,
        0.7077312469482422,
        0.029389793053269386,
        0.7058702707290649,
        1.921677589416504
    ],
    [
        0.6596341729164124,
        0.10780160129070282,
        -0.7438154816627502,
        -0.7222092151641846,
        -0.09505172073841095,
        0.9936793446540833,
        0.05972028896212578,
        -0.5420424342155457,
        0.745552122592926,
        0.031307417899370193,
        0.665711522102356,
        2.1896233558654785
    ],
    [
        0.6201273202896118,
        0.11369766294956207,
        -0.7762183547019958,
        -0.7398512363433838,
        -0.0983102098107338,
        0.9929048418998718,
        0.06689625978469849,
        -0.564736008644104,
        0.778316855430603,
        0.034825969487428665,
        0.6269052028656006,
        2.414088726043701
    ],
    [
        0.5624054670333862,
        0.1215844601392746,
        -0.8178737163543701,
        -0.7233381867408752,
        -0.10302231460809708,
        0.9917262196540833,
        0.07658664882183075,
        -0.5981859564781189,
        0.8204185366630554,
        0.04118648171424866,
        0.5702781677246094,
        2.7287113666534424
    ],
    [
        0.5041422247886658,
        0.12665963172912598,
        -0.8542822003364563,
        -0.6961565613746643,
        -0.10597481578588486,
        0.9907839298248291,
        0.08435847610235214,
        -0.6358726024627686,
        0.8570939302444458,
        0.04800370708107948,
        0.5129187703132629,
        3.0028960704803467
    ],
    [
        0.4639257490634918,
        0.13263559341430664,
        -0.875888466835022,
        -0.7682396173477173,
        -0.10965453833341599,
        0.9897220134735107,
        0.09179341048002243,
        -0.6422876119613647,
        0.8790612816810608,
        0.05345982313156128,
        0.47370171546936035,
        3.3174405097961426
    ],
    [
        0.424354612827301,
        0.1378277838230133,
        -0.8949450254440308,
        -0.9077147841453552,
        -0.11211513727903366,
        0.9887402653694153,
        0.09911143034696579,
        -0.6895582675933838,
        0.8985285758972168,
        0.058278463780879974,
        0.4350290596485138,
        3.629500150680542
    ],
    [
        0.3849746584892273,
        0.140341117978096,
        -0.9121944904327393,
        -1.0510342121124268,
        -0.11372418701648712,
        0.9880523085594177,
        0.10401666164398193,
        -0.7046513557434082,
        0.9158937931060791,
        0.0636947825551033,
        0.39633527398109436,
        3.9096028804779053
    ],
    [
        0.3286280930042267,
        0.14497096836566925,
        -0.9332668781280518,
        -1.2162328958511353,
        -0.11741771548986435,
        0.986754298210144,
        0.1119336187839508,
        -0.7497918605804443,
        0.9371321797370911,
        0.0727975144982338,
        0.34129735827445984,
        4.261496543884277
    ],
    [
        0.2718108296394348,
        0.14675140380859375,
        -0.9510955810546875,
        -1.3810590505599976,
        -0.11933466047048569,
        0.9858165383338928,
        0.1180044487118721,
        -0.7757480144500732,
        0.9549230933189392,
        0.0814238041639328,
        0.28546807169914246,
        4.510959625244141
    ],
    [
        0.21438348293304443,
        0.15017732977867126,
        -0.9651355743408203,
        -1.6187719106674194,
        -0.12209977954626083,
        0.9844791889190674,
        0.1260654777288437,
        -0.8336077332496643,
        0.9690878987312317,
        0.09081646054983139,
        0.22939267754554749,
        4.74094295501709
    ],
    [
        0.16529740393161774,
        0.15207593142986298,
        -0.9744485020637512,
        -1.8213399648666382,
        -0.12451284378767014,
        0.9833521842956543,
        0.13234414160251617,
        -0.8663285970687866,
        0.9783523678779602,
        0.09945521503686905,
        0.1814810335636139,
        4.914143085479736
    ],
    [
        0.1193995326757431,
        0.15364904701709747,
        -0.9808850884437561,
        -2.099980354309082,
        -0.12419385462999344,
        0.9825042486190796,
        0.1387849897146225,
        -0.866942822933197,
        0.9850479364395142,
        0.1052490621805191,
        0.13639281690120697,
        5.153312683105469
    ],
    [
        0.06762105226516724,
        0.15356972813606262,
        -0.9858213067054749,
        -2.34250545501709,
        -0.12534701824188232,
        0.9815616607666016,
        0.1443081796169281,
        -0.9021395444869995,
        0.9898056983947754,
        0.11381149291992188,
        0.08562366664409637,
        5.358560085296631
    ],
    [
        0.030569562688469887,
        0.15382252633571625,
        -0.9876254796981812,
        -2.603682041168213,
        -0.12578792870044708,
        0.9808237552642822,
        0.14886969327926636,
        -0.871913492679596,
        0.9915860891342163,
        0.11968046426773071,
        0.049332357943058014,
        5.492272853851318
    ],
    [
        0.006996507290750742,
        0.15478858351707458,
        -0.9879229068756104,
        -2.963670015335083,
        -0.1270979791879654,
        0.9800721406936646,
        0.15265843272209167,
        -0.8534132838249207,
        0.9918654561042786,
        0.12449493259191513,
        0.026530401781201363,
        5.582324981689453
    ],
    [
        0.0005282374331727624,
        0.1492845118045807,
        -0.9887941479682922,
        -3.2552707195281982,
        -0.12750788033008575,
        0.980733335018158,
        0.14799940586090088,
        -0.8108884692192078,
        0.9918373227119446,
        0.12600089609622955,
        0.01955290324985981,
        5.642221450805664
    ],
    [
        -0.0016497592441737652,
        0.1420041173696518,
        -0.989864706993103,
        -3.6250853538513184,
        -0.12641721963882446,
        0.981894850730896,
        0.14107149839401245,
        -0.735176146030426,
        0.9919758439064026,
        0.12536868453025818,
        0.016331875696778297,
        5.743867874145508
    ],
    [
        -0.003708337666466832,
        0.13025367259979248,
        -0.9914737343788147,
        -3.957580804824829,
        -0.12651561200618744,
        0.9834524393081665,
        0.1296730786561966,
        -0.6845259070396423,
        0.9919576048851013,
        0.12591779232025146,
        0.01283216755837202,
        5.836466312408447
    ]
]