[
    [
        0.9944376349449158,
        0.006587952841073275,
        -0.10512129217386246,
        -0.047825250774621964,
        -0.006227608770132065,
        0.9999735951423645,
        0.003755758283659816,
        0.032521314918994904,
        0.10514325648546219,
        -0.0030802127439528704,
        0.9944522976875305,
        0.37874719500541687
    ],
    [
        0.9937825202941895,
        0.0068711573258042336,
        -0.11112680286169052,
        -0.07212759554386139,
        -0.006461834069341421,
        0.9999709725379944,
        0.004043120890855789,
        0.03942747414112091,
        0.11115135997533798,
        -0.003299898933619261,
        0.9937980771064758,
        0.4545351564884186
    ],
    [
        0.9933480620384216,
        0.006472304463386536,
        -0.11496835201978683,
        -0.08171602338552475,
        -0.006000489927828312,
        0.9999721050262451,
        0.004449477419257164,
        0.0614347830414772,
        0.11499393731355667,
        -0.0037300135008990765,
        0.9933591485023499,
        0.5420671105384827
    ],
    [
        0.9926852583885193,
        0.0048688799142837524,
        -0.12063278257846832,
        -0.07639142870903015,
        -0.004125312902033329,
        0.9999710321426392,
        0.006412864662706852,
        0.10423989593982697,
        0.12066050618886948,
        -0.005868309177458286,
        0.9926764965057373,
        0.6725271344184875
    ],
    [
        0.9920008778572083,
        0.004338971339166164,
        -0.12615644931793213,
        -0.07637327909469604,
        -0.003472560318186879,
        0.9999688863754272,
        0.0070868548937141895,
        0.12462703138589859,
        0.12618328630924225,
        -0.00659208046272397,
        0.9919850826263428,
        0.7856659293174744
    ],
    [
        0.9915590882301331,
        0.005327664315700531,
        -0.12954653799533844,
        -0.08969540894031525,
        -0.004279885441064835,
        0.9999558925628662,
        0.008365095593035221,
        0.13970674574375153,
        0.1295853704214096,
        -0.007740042172372341,
        0.9915381669998169,
        0.9131875038146973
    ],
    [
        0.9913278222084045,
        0.005009381100535393,
        -0.13131652772426605,
        -0.1092609316110611,
        -0.003918258473277092,
        0.9999555945396423,
        0.0085661755874753,
        0.1477876752614975,
        0.13135360181331635,
        -0.007977355271577835,
        0.9913034439086914,
        1.0424245595932007
    ],
    [
        0.9912030696868896,
        0.005289911758154631,
        -0.1322435736656189,
        -0.13339336216449738,
        -0.0040801214054226875,
        0.9999474287033081,
        0.009417499415576458,
        0.15387111902236938,
        0.1322864443063736,
        -0.008795089088380337,
        0.9911725521087646,
        1.1775612831115723
    ],
    [
        0.9911313652992249,
        0.004336338955909014,
        -0.13281521201133728,
        -0.13932804763317108,
        -0.0032108083833009005,
        0.9999570846557617,
        0.008687400259077549,
        0.17123356461524963,
        0.13284718990325928,
        -0.008183912374079227,
        0.9911026954650879,
        1.3027963638305664
    ],
    [
        0.9897422194480896,
        0.003450684016570449,
        -0.14282339811325073,
        -0.13951030373573303,
        -0.002410410437732935,
        0.9999693036079407,
        0.007456015795469284,
        0.1781977117061615,
        0.14284473657608032,
        -0.007035272661596537,
        0.9897201657295227,
        1.4356311559677124
    ],
    [
        0.9866609573364258,
        0.0041045015677809715,
        -0.16273663938045502,
        -0.1573798656463623,
        -0.0031670720782130957,
        0.9999769330024719,
        0.006019423715770245,
        0.18615487217903137,
        0.16275759041309357,
        -0.005423734430223703,
        0.9866511821746826,
        1.5344266891479492
    ],
    [
        0.979377269744873,
        0.0053970906883478165,
        -0.20196759700775146,
        -0.19150732457637787,
        -0.004333034157752991,
        0.9999743103981018,
        0.005710207391530275,
        0.19544407725334167,
        0.2019932121038437,
        -0.00471731461584568,
        0.9793754816055298,
        1.6342527866363525
    ],
    [
        0.9600081443786621,
        0.006767465732991695,
        -0.27989041805267334,
        -0.22520536184310913,
        -0.005858224350959063,
        0.9999745488166809,
        0.004084993619471788,
        0.19660277664661407,
        0.2799108922481537,
        -0.0022819649893790483,
        0.9600232243537903,
        1.7074739933013916
    ],
    [
        0.9207966923713684,
        0.00905532669275999,
        -0.3899378776550293,
        -0.260519415140152,
        -0.007471962831914425,
        0.999956488609314,
        0.005577234085649252,
        0.1969078928232193,
        0.38997143507003784,
        -0.002221896545961499,
        0.9208241701126099,
        1.7530837059020996
    ]
]