[
    [
        0.9944376349449158,
        0.006587952841073275,
        -0.10512129217386246,
        -0.047825250774621964,
        -0.006227608770132065,
        0.9999735951423645,
        0.003755758283659816,
        0.032521314918994904,
        0.10514325648546219,
        -0.0030802127439528704,
        0.9944522976875305,
        0.37874719500541687
    ],
    [
        0.994003176689148,
        0.0069541046395897865,
        -0.10913027077913284,
        -0.06322101503610611,
        -0.006537966895848513,
        0.9999698400497437,
        0.00417057890444994,
        0.035670407116413116,
        0.10915599018335342,
        -0.0034320782870054245,
        0.9940186738967896,
        0.4212687909603119
    ],
    [
        0.993706464767456,
        0.0067891874350607395,
        -0.11180860549211502,
        -0.07387561351060867,
        -0.0063768718391656876,
        0.9999715089797974,
        0.004044891335070133,
        0.0408792681992054,
        0.1118328720331192,
        -0.0033064461313188076,
        0.9937214851379395,
        0.4631182551383972
    ],
    [
        0.9934673309326172,
        0.0067263152450323105,
        -0.11391881108283997,
        -0.07951973378658295,
        -0.006233984138816595,
        0.9999696612358093,
        0.004677466582506895,
        0.051121294498443604,
        0.1139468178153038,
        -0.003936742432415485,
        0.9934790134429932,
        0.5094969868659973
    ],
    [
        0.9932738542556763,
        0.005844177212566137,
        -0.11564180254936218,
        -0.08256201446056366,
        -0.005338543560355902,
        0.99997478723526,
        0.004681651946157217,
        0.07018961012363434,
        0.11566624045372009,
        -0.004032803699374199,
        0.9932798743247986,
        0.5660263895988464
    ],
    [
        0.9929467439651489,
        0.005228197202086449,
        -0.1184462308883667,
        -0.0791146531701088,
        -0.004540326539427042,
        0.9999712705612183,
        0.006076543591916561,
        0.09160029143095016,
        0.11847460269927979,
        -0.005495899356901646,
        0.9929419755935669,
        0.6312775015830994
    ],
    [
        0.9924947023391724,
        0.004302590619772673,
        -0.12221186608076096,
        -0.07485886663198471,
        -0.003465380286797881,
        0.9999691247940063,
        0.007062211632728577,
        0.11130483448505402,
        0.12223847210407257,
        -0.006585697643458843,
        0.9924788475036621,
        0.6989822387695312
    ],
    [
        0.9921385645866394,
        0.004069511312991381,
        -0.125078022480011,
        -0.07587121427059174,
        -0.003279400523751974,
        0.9999734163284302,
        0.006522189825773239,
        0.12206894159317017,
        0.1251012235879898,
        -0.006060734856873751,
        0.9921254515647888,
        0.7612821459770203
    ],
    [
        0.9917938113212585,
        0.004320074338465929,
        -0.12777456641197205,
        -0.08093809336423874,
        -0.0033861729316413403,
        0.9999659657478333,
        0.0075252968817949295,
        0.12871120870113373,
        0.1278027445077896,
        -0.007030876353383064,
        0.9917746782302856,
        0.8344787955284119
    ],
    [
        0.9915652871131897,
        0.005295657552778721,
        -0.12949982285499573,
        -0.08809759467840195,
        -0.004238056018948555,
        0.9999553561210632,
        0.008441035635769367,
        0.1382344514131546,
        0.12953872978687286,
        -0.00782101135700941,
        0.9915435314178467,
        0.8997756242752075
    ],
    [
        0.9914267659187317,
        0.005187358241528273,
        -0.13056090474128723,
        -0.09750522673130035,
        -0.004062040243297815,
        0.9999523162841797,
        0.008883933536708355,
        0.14415550231933594,
        0.13060078024864197,
        -0.008277424611151218,
        0.991400420665741,
        0.9697732329368591
    ],
    [
        0.9913278222084045,
        0.005009381100535393,
        -0.13131652772426605,
        -0.1092609316110611,
        -0.003918258473277092,
        0.9999555945396423,
        0.0085661755874753,
        0.1477876752614975,
        0.13135360181331635,
        -0.007977355271577835,
        0.9913034439086914,
        1.0424245595932007
    ],
    [
        0.991260826587677,
        0.0051681590266525745,
        -0.13181525468826294,
        -0.12283089011907578,
        -0.004065657500177622,
        0.9999544620513916,
        0.008631749078631401,
        0.15072470903396606,
        0.1318538635969162,
        -0.008020400069653988,
        0.991236686706543,
        1.111814022064209
    ],
    [
        0.9912030696868896,
        0.005289911758154631,
        -0.1322435736656189,
        -0.13339336216449738,
        -0.0040801214054226875,
        0.9999474287033081,
        0.009417499415576458,
        0.15387111902236938,
        0.1322864443063736,
        -0.008795089088380337,
        0.9911725521087646,
        1.1775612831115723
    ],
    [
        0.9912116527557373,
        0.0047497255727648735,
        -0.13220050930976868,
        -0.13857273757457733,
        -0.0035920378286391497,
        0.9999530911445618,
        0.008994176983833313,
        0.16418592631816864,
        0.1322370171546936,
        -0.008440258912742138,
        0.9911822080612183,
        1.2463853359222412
    ],
    [
        0.9910935759544373,
        0.004292428959161043,
        -0.1330977827310562,
        -0.13903093338012695,
        -0.0031407319474965334,
        0.9999558329582214,
        0.008861753158271313,
        0.17263056337833405,
        0.13312993943691254,
        -0.008364804089069366,
        0.9910633563995361,
        1.316853642463684
    ],
    [
        0.9904249310493469,
        0.003981921821832657,
        -0.13799495995044708,
        -0.13738907873630524,
        -0.0027406876906752586,
        0.999954104423523,
        0.00918362382799387,
        0.17685972154140472,
        0.1380251944065094,
        -0.008717485703527927,
        0.9903903603553772,
        1.3977128267288208
    ],
    [
        0.9891883134841919,
        0.003284352133050561,
        -0.14661434292793274,
        -0.1425800919532776,
        -0.002329449402168393,
        0.9999749064445496,
        0.006684240885078907,
        0.17983132600784302,
        0.1466326266527176,
        -0.006270439829677343,
        0.9891712069511414,
        1.4592435359954834
    ],
    [
        0.987507164478302,
        0.0039782775565981865,
        -0.1575242429971695,
        -0.15225444734096527,
        -0.0029355017468333244,
        0.9999722242355347,
        0.006851891055703163,
        0.18375146389007568,
        0.15754713118076324,
        -0.006303878501057625,
        0.9874913096427917,
        1.5140058994293213
    ],
    [
        0.9851478934288025,
        0.004655144177377224,
        -0.17164455354213715,
        -0.16642533242702484,
        -0.003530368208885193,
        0.9999703168869019,
        0.006857604719698429,
        0.1904575675725937,
        0.17167137563228607,
        -0.006149789784103632,
        0.9851349592208862,
        1.5643610954284668
    ],
    [
        0.9815158843994141,
        0.005038826260715723,
        -0.19131454825401306,
        -0.18378911912441254,
        -0.003963870462030172,
        0.999974250793457,
        0.006001077592372894,
        0.19501866400241852,
        0.19133982062339783,
        -0.005131807178258896,
        0.9815105199813843,
        1.6149457693099976
    ],
    [
        0.975117564201355,
        0.0065629188902676105,
        -0.22159139811992645,
        -0.2028476893901825,
        -0.00518269557505846,
        0.9999634623527527,
        0.00680956756696105,
        0.19656087458133698,
        0.22162796556949615,
        -0.0054916865192353725,
        0.9751157760620117,
        1.6619818210601807
    ],
    [
        0.9631023406982422,
        0.0065658739767968655,
        -0.26905539631843567,
        -0.2212095409631729,
        -0.005619510542601347,
        0.9999750256538391,
        0.004287398885935545,
        0.19621844589710236,
        0.2690768241882324,
        -0.0026172413490712643,
        0.9631153345108032,
        1.7015389204025269
    ],
    [
        0.9458160400390625,
        0.007832826115190983,
        -0.32460862398147583,
        -0.2388242930173874,
        -0.005991577636450529,
        0.9999597668647766,
        0.0066713597625494,
        0.19618453085422516,
        0.32464781403541565,
        -0.004364962689578533,
        0.945824921131134,
        1.7290903329849243
    ],
    [
        0.9207966923713684,
        0.00905532669275999,
        -0.3899378776550293,
        -0.260519415140152,
        -0.007471962831914425,
        0.999956488609314,
        0.005577234085649252,
        0.1969078928232193,
        0.38997143507003784,
        -0.002221896545961499,
        0.9208241701126099,
        1.7530837059020996
    ]
]