[
    [
        0.9995424747467041,
        -0.006109871435910463,
        -0.02962355874478817,
        0.04358753189444542,
        0.007404540665447712,
        0.9990131855010986,
        0.043793223798274994,
        -0.30189719796180725,
        0.029326753690838814,
        -0.0439925380051136,
        0.9986013770103455,
        0.3718995749950409
    ],
    [
        0.999384343624115,
        -0.005822921171784401,
        -0.03459865227341652,
        0.05208698287606239,
        0.007754160091280937,
        0.9984035491943359,
        0.05594901740550995,
        -0.3571752607822418,
        0.034217629581689835,
        -0.0561828576028347,
        0.9978339076042175,
        0.4470982551574707
    ],
    [
        0.9992614388465881,
        -0.005849875975400209,
        -0.037978243082761765,
        0.057710178196430206,
        0.008467691019177437,
        0.9975711703300476,
        0.06913880258798599,
        -0.4081074297428131,
        0.03748154267668724,
        -0.0694093257188797,
        0.9968838095664978,
        0.5235176682472229
    ],
    [
        0.9991739392280579,
        -0.0077417162247002125,
        -0.03989313542842865,
        0.06273765116930008,
        0.011235912330448627,
        0.9960461258888245,
        0.08812353014945984,
        -0.47509831190109253,
        0.03905317559838295,
        -0.08849896490573883,
        0.995310366153717,
        0.6313415169715881
    ],
    [
        0.999150276184082,
        -0.010527354665100574,
        -0.03985006362199783,
        0.06747155636548996,
        0.014663324691355228,
        0.9943679571151733,
        0.10496344417333603,
        -0.5306666493415833,
        0.03852064162492752,
        -0.1054585874080658,
        0.9936773180961609,
        0.7094916701316833
    ],
    [
        0.9991177320480347,
        -0.013859028927981853,
        -0.03964466601610184,
        0.07894903421401978,
        0.018646828830242157,
        0.9922224879264832,
        0.12307167798280716,
        -0.5835220217704773,
        0.037630677223205566,
        -0.12370234727859497,
        0.9916056394577026,
        0.7927689552307129
    ],
    [
        0.999051034450531,
        -0.018608013167977333,
        -0.039380062371492386,
        0.07761061191558838,
        0.02428530901670456,
        0.9885393977165222,
        0.1489970088005066,
        -0.6489638686180115,
        0.03615620359778404,
        -0.14981196820735931,
        0.9880532026290894,
        0.8951606750488281
    ],
    [
        0.9989424347877502,
        -0.02209140732884407,
        -0.040321994572877884,
        0.07021915912628174,
        0.028592023998498917,
        0.9852814674377441,
        0.1685316115617752,
        -0.6931461691856384,
        0.0360054150223732,
        -0.1695062816143036,
        0.9848712086677551,
        0.975583016872406
    ],
    [
        0.9987884163856506,
        -0.02541596256196499,
        -0.04213839769363403,
        0.06448867172002792,
        0.03284715861082077,
        0.9819440841674805,
        0.18629831075668335,
        -0.7293651103973389,
        0.03664259612560272,
        -0.18745672702789307,
        0.981589138507843,
        1.0610733032226562
    ],
    [
        0.9985430836677551,
        -0.029193194583058357,
        -0.04538217931985855,
        0.058934204280376434,
        0.03802376613020897,
        0.9774125814437866,
        0.20789144933223724,
        -0.7824684381484985,
        0.038288094103336334,
        -0.20931419730186462,
        0.9770985245704651,
        1.1738768815994263
    ],
    [
        0.9983460903167725,
        -0.031440820544958115,
        -0.04812885820865631,
        0.06207855045795441,
        0.04139744117856026,
        0.9740797877311707,
        0.22238442301750183,
        -0.8201180696487427,
        0.039889395236968994,
        -0.22400900721549988,
        0.9737703800201416,
        1.257283091545105
    ],
    [
        0.9981794357299805,
        -0.03292803466320038,
        -0.0505322627723217,
        0.06820163875818253,
        0.04399431496858597,
        0.9706221222877502,
        0.2365526705980301,
        -0.8606539368629456,
        0.041258521378040314,
        -0.2383451759815216,
        0.9703037738800049,
        1.3380517959594727
    ],
    [
        0.9979921579360962,
        -0.033815253525972366,
        -0.053554460406303406,
        0.08210807293653488,
        0.046437885612249374,
        0.9656556844711304,
        0.25564175844192505,
        -0.9138273000717163,
        0.04307056963443756,
        -0.2576153576374054,
        0.9652870297431946,
        1.436207890510559
    ],
    [
        0.9978634715080261,
        -0.03433014079928398,
        -0.055586110800504684,
        0.09123064577579498,
        0.04818136990070343,
        0.9613080024719238,
        0.27122944593429565,
        -0.952756404876709,
        0.044124022126197815,
        -0.27332815527915955,
        0.9609082937240601,
        1.5038186311721802
    ],
    [
        0.9976739883422852,
        -0.035133011639118195,
        -0.05841398611664772,
        0.1011139452457428,
        0.05054470896720886,
        0.9562554359436035,
        0.2881333529949188,
        -0.9849374890327454,
        0.04573569446802139,
        -0.2904157340526581,
        0.9558069109916687,
        1.564819574356079
    ],
    [
        0.9972518682479858,
        -0.037995774298906326,
        -0.06360120326280594,
        0.11181709170341492,
        0.056091852486133575,
        0.9480506181716919,
        0.3131353259086609,
        -1.0207701921463013,
        0.048399340361356735,
        -0.31584227085113525,
        0.9475764036178589,
        1.6395598649978638
    ],
    [
        0.9968187212944031,
        -0.041603561490774155,
        -0.06798228621482849,
        0.10910476744174957,
        0.06201039254665375,
        0.9406804442405701,
        0.33357903361320496,
        -1.0411535501480103,
        0.05007152631878853,
        -0.336733341217041,
        0.94026780128479,
        1.6895736455917358
    ],
    [
        0.9963024258613586,
        -0.04635235294699669,
        -0.07233855128288269,
        0.09717635065317154,
        0.0691557377576828,
        0.9322679042816162,
        0.35509729385375977,
        -1.058154821395874,
        0.05097932368516922,
        -0.3587868809700012,
        0.9320263266563416,
        1.734066128730774
    ],
    [
        0.995625376701355,
        -0.05251927301287651,
        -0.07727832347154617,
        0.0856383740901947,
        0.07837601751089096,
        0.9196948409080505,
        0.3847319185733795,
        -1.078121304512024,
        0.05086663365364075,
        -0.38910549879074097,
        0.9197877645492554,
        1.7966582775115967
    ],
    [
        0.995215654373169,
        -0.0578128844499588,
        -0.07876158505678177,
        0.074718177318573,
        0.08505003899335861,
        0.9093866944313049,
        0.4071637988090515,
        -1.09091055393219,
        0.04808543249964714,
        -0.4119144380092621,
        0.9099528789520264,
        1.849205493927002
    ],
    [
        0.994970977306366,
        -0.06305015832185745,
        -0.07783011347055435,
        0.05567644536495209,
        0.090555340051651,
        0.898310661315918,
        0.4299275875091553,
        -1.1015106439590454,
        0.04280862584710121,
        -0.4348132908344269,
        0.8995025157928467,
        1.8965095281600952
    ],
    [
        0.994849681854248,
        -0.06926661729812622,
        -0.074002206325531,
        0.03908408433198929,
        0.09571021050214767,
        0.8823120594024658,
        0.4608306586742401,
        -1.107876181602478,
        0.03337285667657852,
        -0.4655400216579437,
        0.8843973875045776,
        1.9552340507507324
    ],
    [
        0.9948865175247192,
        -0.07263181358575821,
        -0.07018155604600906,
        0.04307932406663895,
        0.09763740003108978,
        0.8694288730621338,
        0.48431453108787537,
        -1.1113516092300415,
        0.025841232389211655,
        -0.4886903464794159,
        0.872074544429779,
        1.9950807094573975
    ],
    [
        0.9949228763580322,
        -0.07569309324026108,
        -0.06632582098245621,
        0.055034324526786804,
        0.09895782172679901,
        0.8557980060577393,
        0.5077570080757141,
        -1.112357497215271,
        0.018327806144952774,
        -0.5117425322532654,
        0.8589434027671814,
        2.037863254547119
    ],
    [
        0.9949198961257935,
        -0.07914692908525467,
        -0.06220975145697594,
        0.0672081708908081,
        0.1002051904797554,
        0.8378729820251465,
        0.5365889668464661,
        -1.1118870973587036,
        0.009654495865106583,
        -0.5400968194007874,
        0.8415474891662598,
        2.0850911140441895
    ]
]