[
    [
        0.8977635502815247,
        -0.002466744976118207,
        -0.4404708743095398,
        2.4099838733673096,
        0.0019182233372703195,
        0.9999967813491821,
        -0.0016905218362808228,
        -0.05279095470905304,
        0.44047367572784424,
        0.0006727662985213101,
        0.8977652788162231,
        11.45703411102295
    ],
    [
        0.8884293437004089,
        -0.0031232803594321012,
        -0.45900267362594604,
        2.4786226749420166,
        0.002482911804690957,
        0.9999949336051941,
        -0.0019986203406006098,
        0.011537127196788788,
        0.4590066075325012,
        0.0006359704420901835,
        0.8884326815605164,
        11.916853904724121
    ],
    [
        0.8782283663749695,
        -0.0028753303922712803,
        -0.4782327115535736,
        2.5568971633911133,
        0.002308154245838523,
        0.9999957084655762,
        -0.0017736773006618023,
        0.052069291472435,
        0.47823578119277954,
        0.00045385953853838146,
        0.8782313466072083,
        12.398975372314453
    ],
    [
        0.8676812052726746,
        -0.003260229481384158,
        -0.49711036682128906,
        2.6611852645874023,
        0.0026627788320183754,
        0.9999946355819702,
        -0.0019105809042230248,
        0.07793640345335007,
        0.4971138536930084,
        0.00033408074523322284,
        0.8676851987838745,
        12.948883056640625
    ],
    [
        0.8572520613670349,
        -0.003496767021715641,
        -0.5148851871490479,
        2.819200277328491,
        0.0029918309301137924,
        0.9999938607215881,
        -0.0018100971356034279,
        0.055319976061582565,
        0.5148882269859314,
        1.1260698556725401e-05,
        0.8572573661804199,
        13.572274208068848
    ],
    [
        0.846649706363678,
        -0.003695119172334671,
        -0.5321376323699951,
        2.985841989517212,
        0.0035619796253740788,
        0.999992847442627,
        -0.001276629394851625,
        -0.03209066390991211,
        0.5321388840675354,
        -0.0008146073669195175,
        0.8466567993164062,
        14.19018840789795
    ],
    [
        0.8364014625549316,
        -0.0037166797555983067,
        -0.5481048226356506,
        3.1910653114318848,
        0.003928932826966047,
        0.9999920129776001,
        -0.0007854096475057304,
        -0.12333880364894867,
        0.5481032133102417,
        -0.0014965478330850601,
        0.8364092707633972,
        14.733014106750488
    ],
    [
        0.8271159529685974,
        -0.003919804934412241,
        -0.5620177388191223,
        3.3344600200653076,
        0.004248984158039093,
        0.999990701675415,
        -0.0007212670752778649,
        -0.16341596841812134,
        0.5620152950286865,
        -0.0017914343625307083,
        0.8271249532699585,
        15.262005805969238
    ],
    [
        0.8178665637969971,
        -0.003766420530155301,
        -0.5753956437110901,
        3.391026496887207,
        0.004050054587423801,
        0.9999915361404419,
        -0.0007889962289482355,
        -0.17556585371494293,
        0.5753937363624573,
        -0.0016850896645337343,
        0.8178749084472656,
        15.75173282623291
    ],
    [
        0.8088479042053223,
        -0.004302067216485739,
        -0.58800208568573,
        3.390791416168213,
        0.004494501277804375,
        0.9999892115592957,
        -0.0011337591568008065,
        -0.14070262014865875,
        0.5880008339881897,
        -0.0017257384024560452,
        0.8088585138320923,
        16.17685890197754
    ],
    [
        0.8004725575447083,
        -0.003891509026288986,
        -0.5993569493293762,
        3.4579265117645264,
        0.004025887232273817,
        0.999991238117218,
        -0.0011159672867506742,
        -0.1325513869524002,
        0.5993560552597046,
        -0.0015196430031210184,
        0.8004812002182007,
        16.59430503845215
    ],
    [
        0.7918025851249695,
        -0.004015445709228516,
        -0.6107639074325562,
        3.495743989944458,
        0.0036647284869104624,
        0.9999915957450867,
        -0.0018234075978398323,
        -0.10933377593755722,
        0.6107660531997681,
        -0.0007945050019770861,
        0.7918106913566589,
        16.974328994750977
    ],
    [
        0.7971380352973938,
        -0.0025973180308938026,
        -0.6037915945053101,
        3.427382469177246,
        0.0029140005353838205,
        0.9999956488609314,
        -0.00045453780330717564,
        -0.1159830316901207,
        0.6037900447845459,
        -0.0013971201842650771,
        0.7971421480178833,
        17.214818954467773
    ],
    [
        0.8110493421554565,
        -0.003474692814052105,
        -0.5849674344062805,
        3.2938551902770996,
        0.0031406048219650984,
        0.9999938607215881,
        -0.0015855352394282818,
        -0.10877074301242828,
        0.5849693417549133,
        -0.0005512043135240674,
        0.8110552430152893,
        17.380130767822266
    ],
    [
        0.8271986842155457,
        -0.0035130158066749573,
        -0.5618985295295715,
        3.152597188949585,
        0.0028559272177517414,
        0.9999938607215881,
        -0.0020476551726460457,
        -0.1220903992652893,
        0.5619023442268372,
        8.90765804797411e-05,
        0.8272035121917725,
        17.5440731048584
    ],
    [
        0.8452911972999573,
        -0.003924224060028791,
        -0.5342914462089539,
        2.9967570304870605,
        0.003050935687497258,
        0.9999921321868896,
        -0.0025178471114486456,
        -0.1339787393808365,
        0.5342973470687866,
        0.0004982246900908649,
        0.8452964425086975,
        17.703689575195312
    ],
    [
        0.8645005822181702,
        -0.00455447006970644,
        -0.5026113390922546,
        2.8565127849578857,
        0.0030552931129932404,
        0.9999880790710449,
        -0.003806351451203227,
        -0.12953825294971466,
        0.5026224255561829,
        0.0017549687763676047,
        0.8645042181015015,
        17.87462615966797
    ],
    [
        0.8834102153778076,
        -0.00506810937076807,
        -0.46857303380966187,
        2.748854160308838,
        0.0032076973002403975,
        0.999983549118042,
        -0.004768333863466978,
        -0.11549003422260284,
        0.46858954429626465,
        0.002709353109821677,
        0.8834119439125061,
        18.067392349243164
    ],
    [
        0.9038971662521362,
        -0.0061349342577159405,
        -0.42770594358444214,
        2.6493308544158936,
        0.0044016651809215546,
        0.9999776482582092,
        -0.005041183438152075,
        -0.10764877498149872,
        0.42772722244262695,
        0.002674093469977379,
        0.9039039611816406,
        18.275999069213867
    ],
    [
        0.9226149320602417,
        -0.006947112735360861,
        -0.3856598436832428,
        2.5631368160247803,
        0.005036510992795229,
        0.9999695420265198,
        -0.005964174401015043,
        -0.09754084050655365,
        0.3856893479824066,
        0.003560255980119109,
        0.9226218461990356,
        18.48219871520996
    ],
    [
        0.938368022441864,
        -0.0071409051306545734,
        -0.3455638289451599,
        2.479910373687744,
        0.005200750660151243,
        0.9999650716781616,
        -0.0065412987023591995,
        -0.08591418713331223,
        0.34559863805770874,
        0.004340951796621084,
        0.9383723735809326,
        18.677343368530273
    ],
    [
        0.9497577548027039,
        -0.006418357603251934,
        -0.31291988492012024,
        2.383002758026123,
        0.00436645932495594,
        0.9999641180038452,
        -0.007257604971528053,
        -0.07710742950439453,
        0.312955379486084,
        0.0055266134440898895,
        0.9497517943382263,
        18.864574432373047
    ],
    [
        0.9597207903862,
        -0.005539098288863897,
        -0.2809009253978729,
        2.2821004390716553,
        0.003410561941564083,
        0.9999616742134094,
        -0.008065835572779179,
        -0.07422912120819092,
        0.2809343934059143,
        0.0067829228937625885,
        0.9597029685974121,
        19.04435157775879
    ],
    [
        0.9688031673431396,
        -0.005952495615929365,
        -0.2477603554725647,
        2.210456371307373,
        0.00379204866476357,
        0.9999505281448364,
        -0.009196203202009201,
        -0.06568479537963867,
        0.2478027194738388,
        0.007969792000949383,
        0.9687776565551758,
        19.215654373168945
    ],
    [
        0.9780974388122559,
        -0.007166725117713213,
        -0.20802436769008636,
        2.1549036502838135,
        0.005253990180790424,
        0.9999387860298157,
        -0.009745831601321697,
        -0.03216872736811638,
        0.20808164775371552,
        0.008439415134489536,
        0.9780751466751099,
        19.38579750061035
    ]
]