[
    [
        0.9741351008415222,
        -0.01792585477232933,
        0.22525440156459808,
        0.0957445353269577,
        0.01726529747247696,
        0.9998388886451721,
        0.004902172368019819,
        0.10188455134630203,
        -0.22530598938465118,
        -0.0008862929535098374,
        0.974287748336792,
        0.028794817626476288
    ],
    [
        0.9589920043945312,
        -0.02356903813779354,
        0.28245165944099426,
        0.14993059635162354,
        0.022127196192741394,
        0.9997208118438721,
        0.008294000290334225,
        0.12506835162639618,
        -0.2825682759284973,
        -0.0017040163511410356,
        0.9592456221580505,
        0.08411482721567154
    ],
    [
        0.935375452041626,
        -0.029605302959680557,
        0.3524148464202881,
        0.2334829419851303,
        0.027204906567931175,
        0.9995605945587158,
        0.011763107031583786,
        0.13700230419635773,
        -0.3526082932949066,
        -0.0014155079843476415,
        0.9357698559761047,
        0.16302049160003662
    ],
    [
        0.9058656096458435,
        -0.03540176898241043,
        0.4220831096172333,
        0.3092043399810791,
        0.031941965222358704,
        0.9993730187416077,
        0.015268197283148766,
        0.13720224797725677,
        -0.42235904932022095,
        -0.0003487718931864947,
        0.9064286351203918,
        0.22412197291851044
    ],
    [
        0.8664011359214783,
        -0.04226009547710419,
        0.4975571930408478,
        0.37996727228164673,
        0.03776254504919052,
        0.9991041421890259,
        0.01910277083516121,
        0.12560445070266724,
        -0.4979187250137329,
        0.0022383639588952065,
        0.8672207593917847,
        0.26593858003616333
    ],
    [
        0.824687659740448,
        -0.047682661563158035,
        0.5635749697685242,
        0.4388401210308075,
        0.042477525770664215,
        0.998847246170044,
        0.022351974621415138,
        0.11261966824531555,
        -0.5639910697937012,
        0.005505871493369341,
        0.8257625699043274,
        0.351430743932724
    ],
    [
        0.769688606262207,
        -0.05331556126475334,
        0.6361894607543945,
        0.49588873982429504,
        0.046283021569252014,
        0.9985445141792297,
        0.027687443420290947,
        0.07821013033390045,
        -0.6367396116256714,
        0.008134053088724613,
        0.7710360288619995,
        0.4904734790325165
    ],
    [
        0.7042987942695618,
        -0.059451863169670105,
        0.7074099183082581,
        0.5660387277603149,
        0.05181270092725754,
        0.9981343746185303,
        0.03229998052120209,
        0.052782244980335236,
        -0.7080103754997253,
        0.013903982937335968,
        0.7060651779174805,
        0.6116805076599121
    ],
    [
        0.6510176062583923,
        -0.06455103307962418,
        0.7563129663467407,
        0.6810857057571411,
        0.055940818041563034,
        0.9977481365203857,
        0.037004802376031876,
        0.041426386684179306,
        -0.7569984793663025,
        0.018217984586954117,
        0.6531626582145691,
        0.7151068449020386
    ],
    [
        0.6003099083900452,
        -0.06908055394887924,
        0.7967783808708191,
        0.8251088857650757,
        0.059539686888456345,
        0.9973582625389099,
        0.04161231964826584,
        0.013248036615550518,
        -0.7975481748580933,
        0.02245965041220188,
        0.6028369665145874,
        0.826686441898346
    ],
    [
        0.5572008490562439,
        -0.07176398485898972,
        0.8272708058357239,
        0.9338883757591248,
        0.06182466819882393,
        0.9970785975456238,
        0.044853001832962036,
        -0.013088976964354515,
        -0.8280729651451111,
        0.02615361474454403,
        0.5600098967552185,
        0.9057900309562683
    ],
    [
        0.5118790864944458,
        -0.074198417365551,
        0.8558472394943237,
        1.064214825630188,
        0.06375131011009216,
        0.9967969059944153,
        0.048288743942976,
        -0.03302059695124626,
        -0.8566886782646179,
        0.02984338067471981,
        0.5149697661399841,
        1.0160807371139526
    ],
    [
        0.449888676404953,
        -0.07582872360944748,
        0.8898596167564392,
        1.1821680068969727,
        0.06510256975889206,
        0.9965225458145142,
        0.052003853023052216,
        -0.0763150006532669,
        -0.8907086253166199,
        0.0345362052321434,
        0.4532608687877655,
        1.1371204853057861
    ],
    [
        0.390000581741333,
        -0.07819284498691559,
        0.9174886345863342,
        1.287109613418579,
        0.06778416037559509,
        0.9961225390434265,
        0.0560811348259449,
        -0.10925832390785217,
        -0.9183163642883301,
        0.040319520980119705,
        0.393788605928421,
        1.2057554721832275
    ],
    [
        0.3410921096801758,
        -0.08103387802839279,
        0.9365307688713074,
        1.4431517124176025,
        0.07071393728256226,
        0.99566650390625,
        0.06039605289697647,
        -0.11954861134290695,
        -0.9373663663864136,
        0.04562516510486603,
        0.345344215631485,
        1.2508680820465088
    ],
    [
        0.30991995334625244,
        -0.08325544744729996,
        0.9471103549003601,
        1.5975886583328247,
        0.07259716838598251,
        0.9953227043151855,
        0.06373777240514755,
        -0.12408638000488281,
        -0.947986900806427,
        0.049003928899765015,
        0.3145144283771515,
        1.271896243095398
    ],
    [
        0.2952952980995178,
        -0.08306580781936646,
        0.9517881274223328,
        1.7271909713745117,
        0.07274191826581955,
        0.9952763319015503,
        0.06429275870323181,
        -0.12736815214157104,
        -0.9526327252388,
        0.050249554216861725,
        0.2999427914619446,
        1.2897140979766846
    ],
    [
        0.2916898727416992,
        -0.08310967683792114,
        0.9528955221176147,
        1.8524047136306763,
        0.07225329428911209,
        0.9952862858772278,
        0.0646895170211792,
        -0.11775146424770355,
        -0.9537800550460815,
        0.04998055845499039,
        0.2963198721408844,
        1.3229504823684692
    ],
    [
        0.2927505075931549,
        -0.08322761207818985,
        0.9525599479675293,
        1.9898830652236938,
        0.07197532057762146,
        0.9952965378761292,
        0.06484143435955048,
        -0.11606219410896301,
        -0.953476071357727,
        0.04957844689488411,
        0.29736384749412537,
        1.3557398319244385
    ],
    [
        0.3261796534061432,
        -0.080875463783741,
        0.9418417811393738,
        2.088646411895752,
        0.07091270387172699,
        0.995619535446167,
        0.06093476340174675,
        -0.11768454313278198,
        -0.9426443576812744,
        0.046912867575883865,
        0.3304859399795532,
        1.386500597000122
    ],
    [
        0.4081478416919708,
        -0.07708807289600372,
        0.9096553921699524,
        2.174919843673706,
        0.06751767545938492,
        0.9962484836578369,
        0.054132238030433655,
        -0.10476519167423248,
        -0.9104155898094177,
        0.03932385891675949,
        0.4118214547634125,
        1.4316604137420654
    ],
    [
        0.5286082029342651,
        -0.0719001442193985,
        0.8458154201507568,
        2.2939655780792236,
        0.06349801272153854,
        0.9969639778137207,
        0.0450645349919796,
        -0.08918830752372742,
        -0.8464877009391785,
        0.029886111617088318,
        0.5315688848495483,
        1.465578556060791
    ],
    [
        0.6274194717407227,
        -0.06523562967777252,
        0.77594393491745,
        2.396831512451172,
        0.05842165648937225,
        0.99761962890625,
        0.036633383482694626,
        -0.08185140788555145,
        -0.7764867544174194,
        0.02234743721783161,
        0.629737138748169,
        1.477818489074707
    ],
    [
        0.7118868231773376,
        -0.05870061367750168,
        0.6998366713523865,
        2.480011463165283,
        0.052534494549036026,
        0.9981597661972046,
        0.030284179374575615,
        -0.06749211251735687,
        -0.7003265023231506,
        0.015206658281385899,
        0.713660717010498,
        1.5177229642868042
    ],
    [
        0.777184784412384,
        -0.05234541371464729,
        0.627091109752655,
        2.549565553665161,
        0.0463547445833683,
        0.9985890984535217,
        0.02590586431324482,
        -0.05505389720201492,
        -0.6275625824928284,
        0.008935006335377693,
        0.7785146236419678,
        1.582004427909851
    ]
]