[
    [
        0.9956278800964355,
        0.007323197089135647,
        -0.09312139451503754,
        -0.023382341489195824,
        -0.007380782160907984,
        0.9999728202819824,
        -0.0002739844494499266,
        0.025601061061024666,
        0.09311683475971222,
        0.0009600957273505628,
        0.995654821395874,
        0.6575475335121155
    ],
    [
        0.9967685341835022,
        0.004536183085292578,
        -0.08019885420799255,
        -0.037160053849220276,
        -0.0045160637237131596,
        0.9999897480010986,
        0.00043226394336670637,
        0.03077835962176323,
        0.08019998669624329,
        -6.868413038318977e-05,
        0.9967787861824036,
        0.7388181090354919
    ],
    [
        0.9982585906982422,
        0.0012303694384172559,
        -0.05897626280784607,
        -0.05261100083589554,
        -0.001141556422226131,
        0.9999982118606567,
        0.0015395687660202384,
        0.032748155295848846,
        0.05897804722189903,
        -0.0014695633435621858,
        0.9982581734657288,
        0.8304872512817383
    ],
    [
        0.9994106292724609,
        -0.0023723540361970663,
        -0.034243520349264145,
        -0.06722928583621979,
        0.0024626548402011395,
        0.999993622303009,
        0.0025950875133275986,
        0.034345593303442,
        0.03423714265227318,
        -0.0026778888422995806,
        0.9994101524353027,
        0.9216479659080505
    ],
    [
        0.9999803900718689,
        -0.006233039777725935,
        0.0006958571611903608,
        -0.09217196702957153,
        0.006231221836060286,
        0.9999772310256958,
        0.002586487215012312,
        0.04237663745880127,
        -0.0007119618239812553,
        -0.002582101384177804,
        0.9999964237213135,
        1.031253695487976
    ],
    [
        0.9994233846664429,
        -0.008850694634020329,
        0.0327804759144783,
        -0.1068134680390358,
        0.008752585388720036,
        0.9999567270278931,
        0.003135210834443569,
        0.04581693187355995,
        -0.03280680254101753,
        -0.0028464901261031628,
        0.9994576573371887,
        1.1195789575576782
    ],
    [
        0.9976168870925903,
        -0.011512231081724167,
        0.06802979856729507,
        -0.11401066929101944,
        0.011242671869695187,
        0.9999273419380188,
        0.004343930631875992,
        0.046895451843738556,
        -0.06807486712932587,
        -0.0035687421914190054,
        0.9976738095283508,
        1.2081167697906494
    ],
    [
        0.9944508075714111,
        -0.012661156244575977,
        0.10443801432847977,
        -0.12210667878389359,
        0.012135668657720089,
        0.999910295009613,
        0.005665511824190617,
        0.04636078700423241,
        -0.10450038313865662,
        -0.004366646986454725,
        0.9945152997970581,
        1.291974425315857
    ],
    [
        0.9903966784477234,
        -0.013912808150053024,
        0.13755273818969727,
        -0.12788641452789307,
        0.013127020560204983,
        0.999891996383667,
        0.00661816168576479,
        0.04454146698117256,
        -0.1376299411058426,
        -0.004748948384076357,
        0.9904723167419434,
        1.368398904800415
    ],
    [
        0.9847286939620972,
        -0.01548394002020359,
        0.1734062284231186,
        -0.1285485029220581,
        0.01438059750944376,
        0.9998675584793091,
        0.007617386989295483,
        0.04330015927553177,
        -0.17350119352340698,
        -0.005007373634725809,
        0.9848209023475647,
        1.4522068500518799
    ],
    [
        0.9781512022018433,
        -0.016385631635785103,
        0.20724797248840332,
        -0.13007648289203644,
        0.015059931203722954,
        0.9998548030853271,
        0.00797286257147789,
        0.04522586613893509,
        -0.2073485404253006,
        -0.004677527118474245,
        0.9782559871673584,
        1.530250072479248
    ],
    [
        0.9692234396934509,
        -0.016963904723525047,
        0.24559718370437622,
        -0.1317354142665863,
        0.015438592992722988,
        0.9998477697372437,
        0.008134755305945873,
        0.04710909724235535,
        -0.2456977814435959,
        -0.004092721734195948,
        0.9693379998207092,
        1.6211289167404175
    ],
    [
        0.9583377242088318,
        -0.017257172614336014,
        0.2851157486438751,
        -0.13334573805332184,
        0.015636160969734192,
        0.9998461008071899,
        0.00796095747500658,
        0.05035273730754852,
        -0.28520917892456055,
        -0.003171172458678484,
        0.9584598541259766,
        1.710289478302002
    ],
    [
        0.946552038192749,
        -0.01671971194446087,
        0.32211756706237793,
        -0.13152894377708435,
        0.015046891756355762,
        0.9998573064804077,
        0.007682473864406347,
        0.05290418118238449,
        -0.32220005989074707,
        -0.002424992388114333,
        0.9466685652732849,
        1.7975913286209106
    ],
    [
        0.9317378997802734,
        -0.01542429719120264,
        0.3628038763999939,
        -0.13391773402690887,
        0.013687537983059883,
        0.9998792409896851,
        0.0073572443798184395,
        0.05407566577196121,
        -0.36287355422973633,
        -0.0018891312647610903,
        0.9318364262580872,
        1.885176420211792
    ],
    [
        0.9170370697975159,
        -0.01383074652403593,
        0.39856213331222534,
        -0.1249852105975151,
        0.012223601341247559,
        0.9999037384986877,
        0.006573432590812445,
        0.05796096473932266,
        -0.39861464500427246,
        -0.0011562173021957278,
        0.917117714881897,
        1.9670952558517456
    ],
    [
        0.9002048373222351,
        -0.011995160952210426,
        0.4353013336658478,
        -0.11519285291433334,
        0.01037521380931139,
        0.9999275803565979,
        0.006098020821809769,
        0.05772210285067558,
        -0.43534305691719055,
        -0.000973119807895273,
        0.9002642035484314,
        2.0508670806884766
    ],
    [
        0.8834342360496521,
        -0.01031918078660965,
        0.46844151616096497,
        -0.10434065014123917,
        0.00884581170976162,
        0.9999465942382812,
        0.005345253739506006,
        0.05662394315004349,
        -0.4684716761112213,
        -0.0005784379318356514,
        0.8834783434867859,
        2.127504825592041
    ],
    [
        0.8644920587539673,
        -0.008324770256876945,
        0.5025776028633118,
        -0.08134515583515167,
        0.007557858247309923,
        0.9999651908874512,
        0.0035631805658340454,
        0.05809229612350464,
        -0.5025897026062012,
        0.0007180672837421298,
        0.8645247220993042,
        2.211977243423462
    ],
    [
        0.8456137180328369,
        -0.0066482205875217915,
        0.5337538719177246,
        -0.053186237812042236,
        0.006860102526843548,
        0.9999752044677734,
        0.0015869869384914637,
        0.058582853525877,
        -0.5337511897087097,
        0.0023196267429739237,
        0.8456383943557739,
        2.2921903133392334
    ],
    [
        0.8269984126091003,
        -0.00500505743548274,
        0.5621818900108337,
        -0.02806856296956539,
        0.006461904384195805,
        0.9999789595603943,
        -0.0006030683871358633,
        0.05823209509253502,
        -0.562167227268219,
        0.004131506197154522,
        0.8270133137702942,
        2.3656866550445557
    ],
    [
        0.8059617280960083,
        -0.00368695636279881,
        0.5919561982154846,
        0.010264553129673004,
        0.0071302782744169235,
        0.9999684691429138,
        -0.0034798039123415947,
        0.05953008309006691,
        -0.5919247269630432,
        0.007025397848337889,
        0.8059625625610352,
        2.444831371307373
    ],
    [
        0.7866243720054626,
        -0.0025120852515101433,
        0.6174269318580627,
        0.050024375319480896,
        0.007343644741922617,
        0.9999590516090393,
        -0.005287602078169584,
        0.05809700861573219,
        -0.6173881888389587,
        0.008693520911037922,
        0.7866106629371643,
        2.5128750801086426
    ],
    [
        0.7644436955451965,
        -0.0008264965726993978,
        0.6446899175643921,
        0.0933760479092598,
        0.006865333300083876,
        0.9999529719352722,
        -0.0068586464039981365,
        0.060193147510290146,
        -0.6446539759635925,
        0.009669062681496143,
        0.7644132971763611,
        2.5868542194366455
    ],
    [
        0.742769181728363,
        0.00022578472271561623,
        0.6695475578308105,
        0.1389530599117279,
        0.0060404264368116856,
        0.9999569654464722,
        -0.007038213312625885,
        0.060366880148649216,
        -0.6695202589035034,
        0.009272119030356407,
        0.7427359223365784,
        2.6502931118011475
    ]
]