[
    [
        0.9999997615814209,
        0.00022740977874491364,
        0.0007503549568355083,
        -0.04036596417427063,
        -0.00022694727522321045,
        0.9999998807907104,
        -0.0006167215760797262,
        0.0017313994467258453,
        -0.0007504951790906489,
        0.0006165505619719625,
        0.9999995231628418,
        0.005037419963628054
    ],
    [
        0.9999995231628418,
        0.0003701756941154599,
        0.000918135920073837,
        -0.04348984733223915,
        -0.0003695962659548968,
        0.9999997019767761,
        -0.000630424648988992,
        0.001880872412584722,
        -0.0009183681686408818,
        0.0006300843670032918,
        0.9999994039535522,
        0.00537540577352047
    ],
    [
        0.9999991655349731,
        0.0006421618745662272,
        0.0011761855566874146,
        -0.04785716533660889,
        -0.0006413731607608497,
        0.9999995231628418,
        -0.0006709529552608728,
        0.0018620399059727788,
        -0.0011766164097934961,
        0.0006701980018988252,
        0.9999990463256836,
        0.005831027403473854
    ],
    [
        0.9999989867210388,
        0.000697462703101337,
        0.0012691664742305875,
        -0.05197874829173088,
        -0.000696466420777142,
        0.9999995231628418,
        -0.0007847388624213636,
        0.0018170686671510339,
        -0.0012697126949205995,
        0.0007838543388061225,
        0.999998927116394,
        0.006183039862662554
    ],
    [
        0.9999988675117493,
        0.0008011295576579869,
        0.0012368749594315886,
        -0.05639226362109184,
        -0.0008001535315997899,
        0.9999994039535522,
        -0.0007897994946688414,
        0.001768684247508645,
        -0.0012375068617984653,
        0.0007888094405643642,
        0.999998927116394,
        0.006716906558722258
    ],
    [
        0.9999985098838806,
        0.0009271919261664152,
        0.0015328131848946214,
        -0.06067183241248131,
        -0.0009257413912564516,
        0.9999992251396179,
        -0.0009462496964260936,
        0.0019356919219717383,
        -0.001533689210191369,
        0.0009448296623304486,
        0.9999984502792358,
        0.0071467449888587
    ],
    [
        0.9999982118606567,
        0.0010527512058615685,
        0.0016025158111006021,
        -0.06522905081510544,
        -0.0010512848384678364,
        0.9999990463256836,
        -0.0009155114530585706,
        0.0018822961719706655,
        -0.001603478449396789,
        0.0009138246532529593,
        0.9999983310699463,
        0.007583142723888159
    ],
    [
        0.9999977946281433,
        0.001091020880267024,
        0.001770137925632298,
        -0.0695917159318924,
        -0.0010894343722611666,
        0.9999991059303284,
        -0.0008971084025688469,
        0.0019934899173676968,
        -0.0017711148830130696,
        0.0008951775962486863,
        0.9999979734420776,
        0.008059048093855381
    ],
    [
        0.9999974966049194,
        0.0011206016642972827,
        0.0019328496418893337,
        -0.07402033358812332,
        -0.0011190733639523387,
        0.9999990463256836,
        -0.0007917619659565389,
        0.0019646191503852606,
        -0.0019337345147505403,
        0.0007895970484241843,
        0.9999978542327881,
        0.008600566536188126
    ],
    [
        0.9999971389770508,
        0.0014957576058804989,
        0.0018729021539911628,
        -0.07822444289922714,
        -0.0014940373366698623,
        0.9999984502792358,
        -0.0009197398321703076,
        0.0019500961061567068,
        -0.0018742757383733988,
        0.0009169391705654562,
        0.9999978542327881,
        0.008982752449810505
    ],
    [
        0.9999972581863403,
        0.0014662682078778744,
        0.0018254847964271903,
        -0.08239055424928665,
        -0.0014647984644398093,
        0.9999985098838806,
        -0.0008060061372816563,
        0.0017567528411746025,
        -0.0018266633851453662,
        0.000803329807240516,
        0.9999980926513672,
        0.009446956217288971
    ],
    [
        0.9999968409538269,
        0.0015748358564451337,
        0.00196641287766397,
        -0.086497962474823,
        -0.0015731515595689416,
        0.9999984502792358,
        -0.0008574873208999634,
        0.0018725796835497022,
        -0.0019677593372762203,
        0.0008543909061700106,
        0.9999977350234985,
        0.009923412464559078
    ],
    [
        0.9999966025352478,
        0.001574958674609661,
        0.002083422150462866,
        -0.09080211073160172,
        -0.0015730404993519187,
        0.9999983310699463,
        -0.0009217405458912253,
        0.0017943846760317683,
        -0.0020848705898970366,
        0.0009184606024064124,
        0.9999974966049194,
        0.0103040412068367
    ],
    [
        0.999996542930603,
        0.0015099119627848268,
        0.0021835907828062773,
        -0.09506306797266006,
        -0.0015080309240147471,
        0.9999984502792358,
        -0.0008627878851257265,
        0.0018237231997773051,
        -0.002184890676289797,
        0.0008594920509494841,
        0.9999972581863403,
        0.010826587677001953
    ],
    [
        0.9999958276748657,
        0.0016800954472273588,
        0.002375537995249033,
        -0.09932012856006622,
        -0.0016781267477199435,
        0.9999982118606567,
        -0.0008303599315695465,
        0.0019281686982139945,
        -0.002376928925514221,
        0.000826369971036911,
        0.9999967813491821,
        0.011276870965957642
    ],
    [
        0.9999951720237732,
        0.0018384689465165138,
        0.0025084074586629868,
        -0.1036602184176445,
        -0.001836329116486013,
        0.9999979734420776,
        -0.0008551064529456198,
        0.0019703861325979233,
        -0.0025099744088947773,
        0.0008504966390319169,
        0.999996542930603,
        0.011743751354515553
    ],
    [
        0.9999951124191284,
        0.0019508631667122245,
        0.0024587581865489483,
        -0.10801386088132858,
        -0.0019488491816446185,
        0.9999977946281433,
        -0.0008212557295337319,
        0.001861376571469009,
        -0.0024603544734418392,
        0.0008164601749740541,
        0.999996542930603,
        0.012263872660696507
    ],
    [
        0.999994158744812,
        0.0022481167688965797,
        0.0025680074468255043,
        -0.11253651976585388,
        -0.002246040152385831,
        0.9999971985816956,
        -0.0008113546064123511,
        0.0019853028934448957,
        -0.002569823758676648,
        0.000805582560133189,
        0.9999964237213135,
        0.012671698816120625
    ],
    [
        0.9999939203262329,
        0.002135235583409667,
        0.0027801275718957186,
        -0.11739300936460495,
        -0.002132769674062729,
        0.9999973177909851,
        -0.000889875809662044,
        0.002160765929147601,
        -0.002782020717859268,
        0.0008839401416480541,
        0.9999957084655762,
        0.013196022249758244
    ],
    [
        0.9999938011169434,
        0.0021046230103820562,
        0.0028408619109541178,
        -0.12202068418264389,
        -0.002102493541315198,
        0.9999975562095642,
        -0.0007521285442635417,
        0.0020479727536439896,
        -0.002842437708750367,
        0.0007461503846570849,
        0.9999955892562866,
        0.013672742061316967
    ],
    [
        0.9999927282333374,
        0.002171202562749386,
        0.003150865202769637,
        -0.12681835889816284,
        -0.00216897064819932,
        0.9999973773956299,
        -0.0007117543718777597,
        0.0021574022248387337,
        -0.0031524028163403273,
        0.0007049157284200191,
        0.9999948740005493,
        0.014250974170863628
    ],
    [
        0.9999923706054688,
        0.0023081419058144093,
        0.0031713133212178946,
        -0.1316300332546234,
        -0.0023054645862430334,
        0.9999970197677612,
        -0.0008477579103782773,
        0.00214656931348145,
        -0.0031732607167214155,
        0.0008404402178712189,
        0.9999946355819702,
        0.014769774861633778
    ],
    [
        0.9999919533729553,
        0.0024049098137766123,
        0.0031960085034370422,
        -0.1363958865404129,
        -0.0024020480923354626,
        0.9999967217445374,
        -0.000898937985766679,
        0.002265187446027994,
        -0.003198159160092473,
        0.0008912537596188486,
        0.9999943971633911,
        0.015187166631221771
    ],
    [
        0.9999904036521912,
        0.0026518311351537704,
        0.0034723954740911722,
        -0.141317680478096,
        -0.002648671856150031,
        0.9999960660934448,
        -0.0009140799520537257,
        0.0020968273747712374,
        -0.0034748062025755644,
        0.0009048740612342954,
        0.9999935626983643,
        0.015691157430410385
    ],
    [
        0.9999898076057434,
        0.002725505968555808,
        0.003605995327234268,
        -0.1462107002735138,
        -0.002721749944612384,
        0.9999957084655762,
        -0.0010460973717272282,
        0.00242636539041996,
        -0.0036088312044739723,
        0.0010362715693190694,
        0.9999929666519165,
        0.0162532739341259
    ]
]