[
    [
        0.9998340606689453,
        0.0014193918323144317,
        -0.01816379837691784,
        -0.04252485930919647,
        -0.0014359334018081427,
        0.9999985694885254,
        -0.0008976630633696914,
        -0.00424955552443862,
        0.018162500113248825,
        0.0009235960897058249,
        0.9998346567153931,
        -0.051370054483413696
    ],
    [
        0.9997884035110474,
        0.001560252159833908,
        -0.02051021158695221,
        -0.04797801747918129,
        -0.001577336573973298,
        0.9999983310699463,
        -0.0008168363128788769,
        -0.004299090709537268,
        0.0205089021474123,
        0.0008490146137773991,
        0.999789297580719,
        -0.050204865634441376
    ],
    [
        0.9997353553771973,
        0.0018365809228271246,
        -0.02293134108185768,
        -0.0536520890891552,
        -0.0018528233049437404,
        0.9999980926513672,
        -0.0006870701326988637,
        -0.004375101998448372,
        0.02293003350496292,
        0.0007293759845197201,
        0.9997368454933167,
        -0.04908309131860733
    ],
    [
        0.9996840953826904,
        0.001869365107268095,
        -0.025063948705792427,
        -0.05961781367659569,
        -0.0018859321717172861,
        0.9999980330467224,
        -0.0006373704527504742,
        -0.004429225344210863,
        0.02506270818412304,
        0.0006844375166110694,
        0.9996856451034546,
        -0.04776056483387947
    ],
    [
        0.9996073246002197,
        0.002084751147776842,
        -0.027943314984440804,
        -0.06770805269479752,
        -0.002105227904394269,
        0.9999975562095642,
        -0.0007033661822788417,
        -0.004588191397488117,
        0.027941780164837837,
        0.0007619168609380722,
        0.9996092915534973,
        -0.04645015299320221
    ],
    [
        0.9995507001876831,
        0.002195796463638544,
        -0.029893536120653152,
        -0.0744803249835968,
        -0.0022199235390871763,
        0.9999971985816956,
        -0.0007739493157714605,
        -0.004783402197062969,
        0.029891755431890488,
        0.0008399626240134239,
        0.9995527863502502,
        -0.04540617763996124
    ],
    [
        0.9994926452636719,
        0.0023739892058074474,
        -0.03176197037100792,
        -0.08113233745098114,
        -0.0023958366364240646,
        0.9999969005584717,
        -0.0006498171715065837,
        -0.004917684942483902,
        0.0317603275179863,
        0.0007255837554112077,
        0.999495267868042,
        -0.04434433951973915
    ],
    [
        0.9993961453437805,
        0.0026318940799683332,
        -0.03464966639876366,
        -0.08933125436306,
        -0.0026503633707761765,
        0.9999963641166687,
        -0.0004871019918937236,
        -0.005139126908034086,
        0.034648261964321136,
        0.000578642007894814,
        0.9993994235992432,
        -0.042996522039175034
    ],
    [
        0.9993143081665039,
        0.0029608842451125383,
        -0.03690669313073158,
        -0.09598959982395172,
        -0.00297459214925766,
        0.9999955892562866,
        -0.00031651571043767035,
        -0.005384362768381834,
        0.03690558671951294,
        0.00042608132935129106,
        0.9993187189102173,
        -0.04202639311552048
    ],
    [
        0.9992257952690125,
        0.0032982276752591133,
        -0.039204664528369904,
        -0.10292402654886246,
        -0.003311134409159422,
        0.9999945163726807,
        -0.0002642757317516953,
        -0.005536411423236132,
        0.03920358046889305,
        0.00039388329605571926,
        0.999231219291687,
        -0.04081417992711067
    ],
    [
        0.9991375803947449,
        0.0036145872436463833,
        -0.04136684536933899,
        -0.11015128344297409,
        -0.0036221302580088377,
        0.9999934434890747,
        -0.00010739856224972755,
        -0.0056379083544015884,
        0.04136618599295616,
        0.00025714145158417523,
        0.9991440773010254,
        -0.03927271068096161
    ],
    [
        0.9990049004554749,
        0.003969967365264893,
        -0.04442252591252327,
        -0.1192825511097908,
        -0.0039744810201227665,
        0.9999921321868896,
        -1.3300735190568957e-05,
        -0.005675829481333494,
        0.044422123581171036,
        0.00018984331109095365,
        0.99901282787323,
        -0.03707027807831764
    ],
    [
        0.9988985657691956,
        0.004296105820685625,
        -0.046723611652851105,
        -0.12677249312400818,
        -0.004301671404391527,
        0.999990701675415,
        -1.854375295806676e-05,
        -0.005690692458301783,
        0.046723101288080215,
        0.00021951316739432514,
        0.9989078044891357,
        -0.03570542111992836
    ],
    [
        0.9987949132919312,
        0.0047169337049126625,
        -0.048852693289518356,
        -0.13306044042110443,
        -0.004720855504274368,
        0.9999887943267822,
        3.511583054205403e-05,
        -0.005628687329590321,
        0.04885232076048851,
        0.0001955528132384643,
        0.9988059997558594,
        -0.03427747264504433
    ],
    [
        0.998709499835968,
        0.005239450838416815,
        -0.05051535740494728,
        -0.14035408198833466,
        -0.005238888785243034,
        0.9999861717224121,
        0.00014351757999975234,
        -0.005657827015966177,
        0.050515417009592056,
        0.00012131261610193178,
        0.9987232089042664,
        -0.032709334045648575
    ],
    [
        0.9986513257026672,
        0.005511379800736904,
        -0.05162564292550087,
        -0.14603537321090698,
        -0.0055066561326384544,
        0.999984860420227,
        0.00023370487906504422,
        -0.005750624462962151,
        0.05162615329027176,
        5.08949306095019e-05,
        0.998666524887085,
        -0.03208765387535095
    ],
    [
        0.9986120462417603,
        0.005665437318384647,
        -0.05236230790615082,
        -0.1515245884656906,
        -0.0056615364737808704,
        0.9999839067459106,
        0.00022283838188741356,
        -0.005788460839539766,
        0.052362725138664246,
        7.392135739792138e-05,
        0.9986281394958496,
        -0.030995914712548256
    ],
    [
        0.9985809326171875,
        0.005880596116185188,
        -0.0529283732175827,
        -0.1570495367050171,
        -0.005875286180526018,
        0.9999827146530151,
        0.00025591650046408176,
        -0.0059210024774074554,
        0.05292895808815956,
        5.54164762434084e-05,
        0.9985982775688171,
        -0.030114250257611275
    ],
    [
        0.9985324740409851,
        0.006005278788506985,
        -0.05382273346185684,
        -0.16384555399417877,
        -0.005992538761347532,
        0.9999819397926331,
        0.00039807797293178737,
        -0.006090118549764156,
        0.053824156522750854,
        -7.495897443732247e-05,
        0.9985504746437073,
        -0.0290521252900362
    ],
    [
        0.9984850287437439,
        0.006145468447357416,
        -0.05468003824353218,
        -0.1691918969154358,
        -0.0061292508617043495,
        0.9999811053276062,
        0.00046429107896983624,
        -0.006200249772518873,
        0.05468185618519783,
        -0.00012843994772993028,
        0.9985038042068481,
        -0.0281374491751194
    ],
    [
        0.9984375238418579,
        0.006380115170031786,
        -0.05551428720355034,
        -0.17542430758476257,
        -0.006366326939314604,
        0.9999796748161316,
        0.0004252044891472906,
        -0.006181294564157724,
        0.055515874177217484,
        -7.111747981980443e-05,
        0.9984577894210815,
        -0.026804784312844276
    ],
    [
        0.9983839392662048,
        0.00668988237157464,
        -0.056433215737342834,
        -0.1845729798078537,
        -0.006686290260404348,
        0.9999776482582092,
        0.00025248288875445724,
        -0.006229958031326532,
        0.05643364042043686,
        0.00012525386409834027,
        0.9984063506126404,
        -0.025102835148572922
    ],
    [
        0.9983239769935608,
        0.006943850312381983,
        -0.05745553597807884,
        -0.1922244131565094,
        -0.006945643573999405,
        0.999975860118866,
        0.00016847005463205278,
        -0.006213602144271135,
        0.05745532363653183,
        0.00023087809677235782,
        0.9983479976654053,
        -0.023695969954133034
    ],
    [
        0.9982699155807495,
        0.007127703633159399,
        -0.058365046977996826,
        -0.19957920908927917,
        -0.00713198259472847,
        0.9999745488166809,
        0.00013500209024641663,
        -0.006235569249838591,
        0.05836452916264534,
        0.0002814900653902441,
        0.998295247554779,
        -0.022264543920755386
    ],
    [
        0.9981955289840698,
        0.007835942320525646,
        -0.05953327938914299,
        -0.21074457466602325,
        -0.007858462631702423,
        0.9999691843986511,
        -0.00014416917110793293,
        -0.006284857634454966,
        0.05953030660748482,
        0.0006117488956078887,
        0.9982263445854187,
        -0.02000594697892666
    ]
]