[
    [
        0.9999998807907104,
        0.0005017663934268057,
        -3.0012428396730684e-05,
        -0.046182289719581604,
        -0.0005017506191506982,
        0.9999997615814209,
        0.0005093601066619158,
        -0.00046174204908311367,
        3.0267570764408447e-05,
        -0.0005093448562547565,
        0.9999998807907104,
        0.015503043308854103
    ],
    [
        0.9999998807907104,
        0.0005873623304069042,
        1.984956361411605e-05,
        -0.05078151822090149,
        -0.0005873707705177367,
        0.9999998211860657,
        0.0004419034521561116,
        -0.0006231392035260797,
        -1.9590439478633925e-05,
        -0.0004419156175572425,
        0.9999998807907104,
        0.018512388691306114
    ],
    [
        0.9999997615814209,
        0.0006880898727104068,
        5.227568180998787e-05,
        -0.05511826276779175,
        -0.0006881171138957143,
        0.9999995827674866,
        0.0005197921418584883,
        -0.0008491380140185356,
        -5.191831223783083e-05,
        -0.0005198278813622892,
        0.9999998807907104,
        0.021532028913497925
    ],
    [
        0.9999998211860657,
        0.0003985217772424221,
        0.00029290717793628573,
        -0.06356484442949295,
        -0.00039870725595392287,
        0.9999997019767761,
        0.0006325582507997751,
        -0.0007239250699058175,
        -0.00029265484772622585,
        -0.0006326756556518376,
        0.9999997615814209,
        0.027477294206619263
    ],
    [
        0.9999998807907104,
        0.000352129980456084,
        0.00027977864374406636,
        -0.06757304072380066,
        -0.0003523059713188559,
        0.9999997019767761,
        0.0006292174803093076,
        -0.0010563795221969485,
        -0.0002795573673211038,
        -0.0006293154438026249,
        0.9999997615814209,
        0.03012688085436821
    ],
    [
        0.9999998807907104,
        0.00017353780276607722,
        0.000568537914659828,
        -0.0763537660241127,
        -0.00017398924683220685,
        0.9999997019767761,
        0.0007936962065286934,
        -0.0011994525557383895,
        -0.0005684000207111239,
        -0.0007937947520986199,
        0.9999995231628418,
        0.03613610938191414
    ],
    [
        0.9999996423721313,
        -9.902666351990774e-05,
        0.0008279341273009777,
        -0.08117341995239258,
        9.839035192271695e-05,
        0.9999997615814209,
        0.0007689698250032961,
        -0.0007448373944498599,
        -0.000828009971883148,
        -0.0007688883924856782,
        0.9999994039535522,
        0.03973820060491562
    ],
    [
        0.9999995231628418,
        -0.00029124843422323465,
        0.001004694844596088,
        -0.08546894788742065,
        0.0002903766289819032,
        0.9999995827674866,
        0.0008673802367411554,
        -0.0008128974586725235,
        -0.0010049463016912341,
        -0.000867087859660387,
        0.9999991655349731,
        0.042665258049964905
    ],
    [
        0.9999992251396179,
        -0.00018512965471018106,
        0.0011920388787984848,
        -0.09416336566209793,
        0.00018414233636576682,
        0.9999996423721313,
        0.0008286051452159882,
        -0.0012335042702034116,
        -0.0011921918485313654,
        -0.0008283849456347525,
        0.999998927116394,
        0.0484456941485405
    ],
    [
        0.9999991059303284,
        -0.00028045036015100777,
        0.00133316230494529,
        -0.0984395444393158,
        0.00027926964685320854,
        0.9999995827674866,
        0.0008854800835251808,
        -0.0012966819340363145,
        -0.0013334096875041723,
        -0.0008851068560034037,
        0.9999986886978149,
        0.05153161287307739
    ],
    [
        0.9999985694885254,
        -0.00047579186502844095,
        0.001623377320356667,
        -0.10756796598434448,
        0.0004741590819321573,
        0.9999993443489075,
        0.0010061002103611827,
        -0.0013309766072779894,
        -0.0016238547395914793,
        -0.0010053288424387574,
        0.9999982118606567,
        0.05761905387043953
    ],
    [
        0.9999983310699463,
        -0.0003476747078821063,
        0.0017878471408039331,
        -0.11231125891208649,
        0.00034587932168506086,
        0.999999463558197,
        0.0010040421038866043,
        -0.0013427394442260265,
        -0.0017881953390315175,
        -0.001003422075882554,
        0.9999979734420776,
        0.06105317547917366
    ],
    [
        0.9999976754188538,
        -0.00015455548418685794,
        0.0021682800725102425,
        -0.12209301441907883,
        0.00015266053378582,
        0.9999997019767761,
        0.000873860321007669,
        -0.0013741129077970982,
        -0.0021684146486222744,
        -0.0008735270821489394,
        0.9999973773956299,
        0.06753195077180862
    ],
    [
        0.9999972581863403,
        -7.65640361350961e-05,
        0.0023477687500417233,
        -0.12672248482704163,
        7.431497215293348e-05,
        0.9999995827674866,
        0.0009580161422491074,
        -0.001585636637173593,
        -0.0023478413932025433,
        -0.0009578389581292868,
        0.9999967813491821,
        0.07075877487659454
    ],
    [
        0.999996542930603,
        -5.667424193234183e-05,
        0.0026242597959935665,
        -0.13166292011737823,
        5.4022762924432755e-05,
        0.9999995827674866,
        0.0010103402892127633,
        -0.0016031310660764575,
        -0.0026243156753480434,
        -0.0010101947700604796,
        0.9999959468841553,
        0.07401524484157562
    ],
    [
        0.9999954700469971,
        -0.00014240184100344777,
        0.003012326080352068,
        -0.14089146256446838,
        0.00013902915816288441,
        0.999999463558197,
        0.0011195259867236018,
        -0.001544743892736733,
        -0.003012484172359109,
        -0.00111910211853683,
        0.9999947547912598,
        0.08048092573881149
    ],
    [
        0.9999945759773254,
        3.722278415807523e-05,
        0.003303650300949812,
        -0.14591889083385468,
        -4.087321940460242e-05,
        0.9999994039535522,
        0.0011051470646634698,
        -0.0015832011122256517,
        -0.003303607925772667,
        -0.0011052759364247322,
        0.9999939203262329,
        0.08406539261341095
    ],
    [
        0.9999933242797852,
        0.0004331162490416318,
        0.0036287650000303984,
        -0.15508218109607697,
        -0.00043605774408206344,
        0.9999995827674866,
        0.0008096430101431906,
        -0.0018589962273836136,
        -0.00362841272726655,
        -0.0008112199720926583,
        0.999993085861206,
        0.08987808972597122
    ],
    [
        0.9999927282333374,
        0.00047693224041722715,
        0.003785280277952552,
        -0.15964685380458832,
        -0.00048028878518380225,
        0.9999995827674866,
        0.0008859403897076845,
        -0.0018850346095860004,
        -0.00378485512919724,
        -0.0008877525688149035,
        0.9999923706054688,
        0.09287923574447632
    ],
    [
        0.9999921321868896,
        0.0001973505422938615,
        0.003961774520576,
        -0.16429434716701508,
        -0.00020179845159873366,
        0.9999993443489075,
        0.0011222251923754811,
        -0.0015905728796496987,
        -0.003961550537496805,
        -0.0011230155359953642,
        0.9999914169311523,
        0.09625374525785446
    ],
    [
        0.9999909400939941,
        0.00024695706088095903,
        0.00425315648317337,
        -0.17301616072654724,
        -0.0002520619018469006,
        0.9999992847442627,
        0.0011997687397524714,
        -0.0015948425279930234,
        -0.004252856597304344,
        -0.0012008300982415676,
        0.9999902248382568,
        0.10237769037485123
    ],
    [
        0.999989926815033,
        0.0004313874524086714,
        0.004491661675274372,
        -0.1773800253868103,
        -0.0004368176159914583,
        0.9999992251396179,
        0.0012081252643838525,
        -0.0015343732666224241,
        -0.004491137340664864,
        -0.001210075686685741,
        0.9999891519546509,
        0.10542378574609756
    ],
    [
        0.9999880194664001,
        0.0006741687539033592,
        0.004839281085878611,
        -0.18525192141532898,
        -0.0006799791590310633,
        0.9999990463256836,
        0.0011990827042609453,
        -0.0016595099586993456,
        -0.004838468041270971,
        -0.0012023593299090862,
        0.9999876022338867,
        0.11050070822238922
    ],
    [
        0.9999878406524658,
        0.0007249925401993096,
        0.004890382289886475,
        -0.18875497579574585,
        -0.0007316485862247646,
        0.9999988675117493,
        0.0013594963820651174,
        -0.001956403022632003,
        -0.004889390431344509,
        -0.0013630574103444815,
        0.999987006187439,
        0.1128421500325203
    ],
    [
        0.9999856352806091,
        0.0008511586347594857,
        0.005311803892254829,
        -0.19663771986961365,
        -0.0008575454703532159,
        0.999998927116394,
        0.0012001503491774201,
        -0.0019449908286333084,
        -0.005310776177793741,
        -0.001204688916914165,
        0.9999852180480957,
        0.11775761097669601
    ]
]