[
    [
        0.9958322048187256,
        0.015103468671441078,
        -0.08994469046592712,
        0.06990841031074524,
        -0.015406816266477108,
        0.9998777508735657,
        -0.002679236000403762,
        -0.024668516591191292,
        0.08989322930574417,
        0.004053831100463867,
        0.9959431290626526,
        0.37626323103904724
    ],
    [
        0.9912763237953186,
        0.013416627421975136,
        -0.13111612200737,
        0.09480167925357819,
        -0.014024925418198109,
        0.9998947978019714,
        -0.003717006416991353,
        -0.05325396731495857,
        0.13105244934558868,
        0.005523474887013435,
        0.9913600087165833,
        0.5416276454925537
    ],
    [
        0.9851151704788208,
        0.012380477041006088,
        -0.17144890129566193,
        0.09370861202478409,
        -0.013410564512014389,
        0.9998982548713684,
        -0.00485119828954339,
        -0.0624287873506546,
        0.17137140035629272,
        0.007078215945512056,
        0.9851809740066528,
        0.6926875114440918
    ],
    [
        0.9800518751144409,
        0.012663077563047409,
        -0.1983383148908615,
        0.05689481273293495,
        -0.013050999492406845,
        0.9999145269393921,
        -0.000648688932415098,
        -0.05215838924050331,
        0.1983131617307663,
        0.0032242618035525084,
        0.9801334142684937,
        0.8678532242774963
    ],
    [
        0.9755936861038208,
        0.018410203978419304,
        -0.2188105583190918,
        -0.012674740515649319,
        -0.01733735017478466,
        0.9998264312744141,
        0.006822347640991211,
        -0.046555109322071075,
        0.21889816224575043,
        -0.002862243913114071,
        0.9757434725761414,
        1.0363998413085938
    ],
    [
        0.9706827402114868,
        0.023072553798556328,
        -0.23925422132015228,
        -0.10643262416124344,
        -0.020198039710521698,
        0.999691367149353,
        0.014459704980254173,
        -0.04926832765340805,
        0.23951402306556702,
        -0.009203322231769562,
        0.9708492159843445,
        1.2013320922851562
    ],
    [
        0.9654186367988586,
        0.02771693840622902,
        -0.25922712683677673,
        -0.20646882057189941,
        -0.023337990045547485,
        0.9995284676551819,
        0.019955236464738846,
        -0.04826038330793381,
        0.25965794920921326,
        -0.013215317390859127,
        0.9656102657318115,
        1.3479214906692505
    ],
    [
        0.9589365720748901,
        0.030672794207930565,
        -0.2819570004940033,
        -0.30990925431251526,
        -0.02480132319033146,
        0.9993953704833984,
        0.024370206519961357,
        -0.0445135198533535,
        0.28253400325775146,
        -0.01637657731771469,
        0.9591175317764282,
        1.5106407403945923
    ],
    [
        0.950589656829834,
        0.0306064672768116,
        -0.308937668800354,
        -0.42483043670654297,
        -0.023306455463171005,
        0.9993557929992676,
        0.027293110266327858,
        -0.04586723446846008,
        0.3095740079879761,
        -0.01874430850148201,
        0.9506906270980835,
        1.6947088241577148
    ],
    [
        0.9425165057182312,
        0.03060842864215374,
        -0.33275485038757324,
        -0.5273923277854919,
        -0.023385822772979736,
        0.9993963837623596,
        0.02568986639380455,
        -0.046678733080625534,
        0.3333403170108795,
        -0.016431378200650215,
        0.9426635503768921,
        1.843341588973999
    ],
    [
        0.9357877373695374,
        0.035928696393966675,
        -0.350728303194046,
        -0.6677504777908325,
        -0.028987737372517586,
        0.9992665648460388,
        0.025022150948643684,
        -0.04541192576289177,
        0.35137006640434265,
        -0.013248604722321033,
        0.9361429810523987,
        2.024510622024536
    ],
    [
        0.9308537840843201,
        0.0389820858836174,
        -0.3633064329624176,
        -0.7901986837387085,
        -0.03273814171552658,
        0.9991915822029114,
        0.023330559954047203,
        -0.04753617197275162,
        0.36392226815223694,
        -0.009823361411690712,
        0.9313774704933167,
        2.19189453125
    ],
    [
        0.9284493923187256,
        0.038636934012174606,
        -0.36944395303726196,
        -0.9032002687454224,
        -0.03384796157479286,
        0.9992379546165466,
        0.019438304007053375,
        -0.04229862987995148,
        0.3699134290218353,
        -0.00554256048053503,
        0.9290497303009033,
        2.3769338130950928
    ],
    [
        0.92710942029953,
        0.039617884904146194,
        -0.3726910650730133,
        -1.0020614862442017,
        -0.0354597307741642,
        0.9992088079452515,
        0.018008189275860786,
        -0.040225934237241745,
        0.3731096386909485,
        -0.0034800360444933176,
        0.92778080701828,
        2.5504262447357178
    ],
    [
        0.9255943894386292,
        0.0412350632250309,
        -0.3762640058994293,
        -1.102033257484436,
        -0.03699203580617905,
        0.999144434928894,
        0.018498064950108528,
        -0.051941365003585815,
        0.3767048120498657,
        -0.0032029342837631702,
        0.9263277053833008,
        2.7365095615386963
    ],
    [
        0.9236845374107361,
        0.04213446378707886,
        -0.380830317735672,
        -1.2052528858184814,
        -0.036421727389097214,
        0.9990899562835693,
        0.022198699414730072,
        -0.07482563704252243,
        0.3814190626144409,
        -0.006634099874645472,
        0.9243783950805664,
        2.924302577972412
    ],
    [
        0.9211268424987793,
        0.04303741082549095,
        -0.3868761658668518,
        -1.3131996393203735,
        -0.03657178208231926,
        0.9990412592887878,
        0.024061718955636024,
        -0.07858051359653473,
        0.3875407874584198,
        -0.008015147410333157,
        0.9218177199363708,
        3.0845999717712402
    ],
    [
        0.919524610042572,
        0.044850628823041916,
        -0.39046511054039,
        -1.4462891817092896,
        -0.03714335709810257,
        0.9989376664161682,
        0.027271978557109833,
        -0.0738329216837883,
        0.39127349853515625,
        -0.010574071668088436,
        0.9202136993408203,
        3.2721409797668457
    ],
    [
        0.9192100167274475,
        0.04339545965194702,
        -0.3913690745830536,
        -1.546284556388855,
        -0.03614157810807228,
        0.9990113377571106,
        0.025885676965117455,
        -0.07202192395925522,
        0.39210548996925354,
        -0.009649677202105522,
        0.9198697209358215,
        3.418926954269409
    ],
    [
        0.919802188873291,
        0.042569827288389206,
        -0.3900662660598755,
        -1.634948492050171,
        -0.035616301000118256,
        0.9990516304969788,
        0.025045761838555336,
        -0.07011686265468597,
        0.3907625675201416,
        -0.009144428186118603,
        0.9204460382461548,
        3.5603268146514893
    ],
    [
        0.9198464751243591,
        0.042552538216114044,
        -0.3899637460708618,
        -1.7267661094665527,
        -0.034805674105882645,
        0.9990316033363342,
        0.026913931593298912,
        -0.07273443788290024,
        0.3907313644886017,
        -0.01118373405188322,
        0.9204367995262146,
        3.729598045349121
    ],
    [
        0.9185247421264648,
        0.04056699946522713,
        -0.3932766318321228,
        -1.79896080493927,
        -0.03188670426607132,
        0.9990826845169067,
        0.028583087027072906,
        -0.07570167630910873,
        0.3940753936767578,
        -0.013713979162275791,
        0.9189757704734802,
        3.8857550621032715
    ],
    [
        0.9147177934646606,
        0.03903868421912193,
        -0.402203232049942,
        -1.8764840364456177,
        -0.02915540523827076,
        0.999104380607605,
        0.03066795878112316,
        -0.07660651206970215,
        0.40304023027420044,
        -0.01632612757384777,
        0.9150365591049194,
        4.0477614402771
    ],
    [
        0.9119789004325867,
        0.040235456079244614,
        -0.4082592725753784,
        -1.9611197710037231,
        -0.030729059129953384,
        0.9990828037261963,
        0.029820024967193604,
        -0.07797731459140778,
        0.40908461809158325,
        -0.014649813063442707,
        0.9123789668083191,
        4.188248157501221
    ],
    [
        0.9103265404701233,
        0.04839600995182991,
        -0.4110516309738159,
        -2.0605292320251465,
        -0.03791429474949837,
        0.9987152218818665,
        0.03361974284052849,
        -0.0793689489364624,
        0.41215062141418457,
        -0.015020214021205902,
        0.9109919667243958,
        4.340840816497803
    ]
]