[
    [
        0.9893280267715454,
        -0.0006038120482116938,
        0.14570429921150208,
        0.10771200805902481,
        0.00013348092033993453,
        0.9999948143959045,
        0.0032377385068684816,
        -0.028374042361974716,
        -0.14570549130439758,
        -0.003183736465871334,
        0.9893229603767395,
        0.2893032431602478
    ],
    [
        0.9849902391433716,
        -0.00029309248202480376,
        0.1726103127002716,
        0.18989920616149902,
        -0.0006594045553356409,
        0.9999849200248718,
        0.005460829474031925,
        -0.038171738386154175,
        -0.17260931432247162,
        -0.005492683500051498,
        0.9849750399589539,
        0.4038815498352051
    ],
    [
        0.9834240674972534,
        0.0009045244660228491,
        0.18131831288337708,
        0.2794989347457886,
        -0.002282000845298171,
        0.9999701976776123,
        0.007388538680970669,
        -0.04600208252668381,
        -0.18130621314048767,
        -0.007679835427552462,
        0.9833967089653015,
        0.530500054359436
    ],
    [
        0.9827741980552673,
        0.003327386686578393,
        0.18478074669837952,
        0.35311874747276306,
        -0.005113360472023487,
        0.9999447464942932,
        0.009189678356051445,
        -0.05174512788653374,
        -0.18473993241786957,
        -0.009976227767765522,
        0.9827368259429932,
        0.6718229055404663
    ],
    [
        0.9826616048812866,
        0.005620702635496855,
        0.18532322347164154,
        0.43558335304260254,
        -0.007828103378415108,
        0.9999068379402161,
        0.011181528680026531,
        -0.06450896710157394,
        -0.18524309992790222,
        -0.012438387610018253,
        0.9826140999794006,
        0.8412307500839233
    ],
    [
        0.982733964920044,
        0.007040994707494974,
        0.18488991260528564,
        0.5235395431518555,
        -0.009382118470966816,
        0.9998865127563477,
        0.011790426447987556,
        -0.06370911747217178,
        -0.18478591740131378,
        -0.013321513310074806,
        0.9826885461807251,
        0.9856852293014526
    ],
    [
        0.9828184247016907,
        0.008940457366406918,
        0.18435829877853394,
        0.6107988953590393,
        -0.011322028934955597,
        0.9998654723167419,
        0.011869524605572224,
        -0.07266594469547272,
        -0.1842273771762848,
        -0.013752899132668972,
        0.9827873706817627,
        1.1281031370162964
    ],
    [
        0.9832861423492432,
        0.011248905211687088,
        0.1817193478345871,
        0.6902018189430237,
        -0.013841796666383743,
        0.9998195767402649,
        0.013006702996790409,
        -0.0765380784869194,
        -0.18154026567935944,
        -0.015304635278880596,
        0.9832645058631897,
        1.2882908582687378
    ],
    [
        0.9850430488586426,
        0.013012194074690342,
        0.17181627452373505,
        0.7574247717857361,
        -0.015648240223526955,
        0.9997795820236206,
        0.013996725901961327,
        -0.08680684119462967,
        -0.17159628868103027,
        -0.016475999727845192,
        0.9850295186042786,
        1.4243404865264893
    ],
    [
        0.9883444905281067,
        0.014778104610741138,
        0.15151506662368774,
        0.8465503454208374,
        -0.017269661650061607,
        0.9997362494468689,
        0.01514151506125927,
        -0.08743268996477127,
        -0.15125133097171783,
        -0.017581649124622345,
        0.9883390069007874,
        1.5617388486862183
    ],
    [
        0.9930335879325867,
        0.01749463379383087,
        0.11652544885873795,
        0.917288601398468,
        -0.019610468298196793,
        0.9996625781059265,
        0.017035966739058495,
        -0.088923878967762,
        -0.11618809401988983,
        -0.01920240744948387,
        0.9930415749549866,
        1.6890406608581543
    ],
    [
        0.9974112510681152,
        0.020994987338781357,
        0.06877588480710983,
        0.9830655455589294,
        -0.02248392626643181,
        0.9995276927947998,
        0.020946988835930824,
        -0.09120030701160431,
        -0.06830360740423203,
        -0.02243911474943161,
        0.9974122643470764,
        1.8486353158950806
    ],
    [
        0.999609112739563,
        0.024358369410037994,
        0.013722055591642857,
        1.0417232513427734,
        -0.02468474581837654,
        0.9994038939476013,
        0.024139832705259323,
        -0.09191311150789261,
        -0.01312586572021246,
        -0.024469133466482162,
        0.9996144771575928,
        1.9969347715377808
    ],
    [
        0.9988367557525635,
        0.0268043614923954,
        -0.040083061903715134,
        1.109369158744812,
        -0.025720978155732155,
        0.999296247959137,
        0.027303965762257576,
        -0.09011511504650116,
        0.040786877274513245,
        -0.026241222396492958,
        0.9988232254981995,
        2.1321890354156494
    ],
    [
        0.9939385056495667,
        0.031086677685379982,
        -0.10545112937688828,
        1.1590818166732788,
        -0.027945322915911674,
        0.9991244077682495,
        0.03113791160285473,
        -0.07979375869035721,
        0.1063268631696701,
        -0.0280022993683815,
        0.9939369559288025,
        2.277376174926758
    ],
    [
        0.9848422408103943,
        0.03489554673433304,
        -0.16990594565868378,
        1.1849571466445923,
        -0.029323453083634377,
        0.9989503026008606,
        0.03519558906555176,
        -0.08218047022819519,
        0.17095564305782318,
        -0.029679875820875168,
        0.9848315715789795,
        2.4225423336029053
    ],
    [
        0.9705199003219604,
        0.03891456127166748,
        -0.23785828053951263,
        1.2025654315948486,
        -0.03032463788986206,
        0.9987526535987854,
        0.03966792672872543,
        -0.08200061321258545,
        0.2391052544116974,
        -0.03128555044531822,
        0.970489501953125,
        2.5661988258361816
    ],
    [
        0.9523377418518066,
        0.04214654862880707,
        -0.3021199405193329,
        1.2167973518371582,
        -0.030548889189958572,
        0.9986073970794678,
        0.04301270470023155,
        -0.08106698095798492,
        0.30351200699806213,
        -0.0317331962287426,
        0.9522990584373474,
        2.7068583965301514
    ],
    [
        0.9248937368392944,
        0.04779408127069473,
        -0.37720996141433716,
        1.198715090751648,
        -0.03195791319012642,
        0.9983295798301697,
        0.04813385754823685,
        -0.07308228313922882,
        0.3788803815841675,
        -0.032463859766721725,
        0.9248761534690857,
        2.856544256210327
    ],
    [
        0.8998401165008545,
        0.05181722715497017,
        -0.4331313371658325,
        1.1481800079345703,
        -0.03289750590920448,
        0.9981532096862793,
        0.05106773227453232,
        -0.08330968767404556,
        0.43497756123542786,
        -0.031703852117061615,
        0.899882972240448,
        3.0136289596557617
    ],
    [
        0.8866528272628784,
        0.05363987386226654,
        -0.45931416749954224,
        1.1010621786117554,
        -0.033858202397823334,
        0.9981141090393066,
        0.0512029305100441,
        -0.091330386698246,
        0.46119460463523865,
        -0.02984767034649849,
        0.8867969512939453,
        3.1458046436309814
    ],
    [
        0.8795843720436096,
        0.0540972463786602,
        -0.4726572632789612,
        1.0385676622390747,
        -0.03390994668006897,
        0.9981159567832947,
        0.05113358050584793,
        -0.09235280752182007,
        0.474532812833786,
        -0.028948519378900528,
        0.8797615766525269,
        3.307178020477295
    ],
    [
        0.8759046196937561,
        0.05415802448987961,
        -0.4794350564479828,
        0.970813512802124,
        -0.034616559743881226,
        0.9981734156608582,
        0.04951305687427521,
        -0.08804392069578171,
        0.48124077916145325,
        -0.02677232399582863,
        0.8761795163154602,
        3.443613052368164
    ],
    [
        0.8752720952033997,
        0.054311104118824005,
        -0.4805715084075928,
        0.8818814158439636,
        -0.0352792851626873,
        0.9981973171234131,
        0.04855513945221901,
        -0.07463818043470383,
        0.4823422431945801,
        -0.025544743984937668,
        0.8756102919578552,
        3.5984115600585938
    ],
    [
        0.8754687309265137,
        0.05381407588720322,
        -0.4802691340446472,
        0.7943232655525208,
        -0.03553595393896103,
        0.9982589483261108,
        0.04707726836204529,
        -0.054692406207323074,
        0.4819662272930145,
        -0.02414785698056221,
        0.8758569359779358,
        3.7460615634918213
    ]
]