[
    [
        0.9999809265136719,
        -0.0031835604459047318,
        -0.005292839370667934,
        -0.07386575639247894,
        0.003150985110551119,
        0.9999762177467346,
        -0.006151552777737379,
        -0.0037911818362772465,
        0.005312295630574226,
        0.006134757772088051,
        0.9999669790267944,
        -0.013410643674433231
    ],
    [
        0.9999825358390808,
        -0.003414614824578166,
        -0.004815519321709871,
        -0.08094045519828796,
        0.003381668822839856,
        0.9999709129333496,
        -0.006833477411419153,
        -0.0037988265976309776,
        0.0048387134447693825,
        0.006817074958235025,
        0.9999650716781616,
        -0.014733181335031986
    ],
    [
        0.999984085559845,
        -0.003705597249791026,
        -0.004260992165654898,
        -0.08829475939273834,
        0.003674039151519537,
        0.999966025352478,
        -0.007390355225652456,
        -0.003985753748565912,
        0.0042882333509624004,
        0.007374582812190056,
        0.9999635219573975,
        -0.016112925484776497
    ],
    [
        0.9999850392341614,
        -0.003975579049438238,
        -0.0037437030114233494,
        -0.09563761949539185,
        0.003945239819586277,
        0.9999596476554871,
        -0.008077142760157585,
        -0.003884040517732501,
        0.0037756632082164288,
        0.008062251843512058,
        0.9999604225158691,
        -0.017632462084293365
    ],
    [
        0.9999850988388062,
        -0.0042267790995538235,
        -0.0034538600593805313,
        -0.10242515802383423,
        0.004196901340037584,
        0.999954104423523,
        -0.008612595498561859,
        -0.004129231441766024,
        0.0034901052713394165,
        0.008597970940172672,
        0.9999569654464722,
        -0.01852637343108654
    ],
    [
        0.999984860420227,
        -0.004501866176724434,
        -0.0031652681063860655,
        -0.1091381087899208,
        0.004472586326301098,
        0.999947726726532,
        -0.009197610430419445,
        -0.004221251700073481,
        0.003206508932635188,
        0.009183311834931374,
        0.9999526739120483,
        -0.0197556484490633
    ],
    [
        0.9999850392341614,
        -0.004741047043353319,
        -0.002731802174821496,
        -0.11626926064491272,
        0.004714204929769039,
        0.9999414086341858,
        -0.009749975986778736,
        -0.0043706391006708145,
        0.0027778679504990578,
        0.009736952371895313,
        0.9999487400054932,
        -0.02064424194395542
    ],
    [
        0.9999849200248718,
        -0.005000342149287462,
        -0.002327217720448971,
        -0.12335295975208282,
        0.004976237192749977,
        0.9999350905418396,
        -0.01025141216814518,
        -0.004541818052530289,
        0.00237832753919065,
        0.010239674709737301,
        0.9999446868896484,
        -0.021691203117370605
    ],
    [
        0.9999846816062927,
        -0.005216280929744244,
        -0.0018993503181263804,
        -0.1305096298456192,
        0.005195429548621178,
        0.9999279379844666,
        -0.010822017677128315,
        -0.0045538353733718395,
        0.0019556640181690454,
        0.010811982676386833,
        0.9999396800994873,
        -0.02276793122291565
    ],
    [
        0.9999837875366211,
        -0.0054683140479028225,
        -0.0016010464169085026,
        -0.1374240666627884,
        0.005449989810585976,
        0.9999220371246338,
        -0.01123478077352047,
        -0.004867742769420147,
        0.0016623563133180141,
        0.011225873604416847,
        0.999935507774353,
        -0.023436499759554863
    ],
    [
        0.9999829530715942,
        -0.005669999867677689,
        -0.001380841014906764,
        -0.14419004321098328,
        0.005653434433043003,
        0.9999153017997742,
        -0.011718693189322948,
        -0.005046042148023844,
        0.0014471692265942693,
        0.01171068660914898,
        0.9999303817749023,
        -0.024278290569782257
    ],
    [
        0.9999815225601196,
        -0.005953797604888678,
        -0.0012612866703420877,
        -0.1508152037858963,
        0.005938135553151369,
        0.9999094009399414,
        -0.012077291496098042,
        -0.005314138252288103,
        0.001333077554591,
        0.012069577351212502,
        0.9999263286590576,
        -0.02525491826236248
    ],
    [
        0.9999798536300659,
        -0.006230548955500126,
        -0.001217064680531621,
        -0.15747538208961487,
        0.006214852444827557,
        0.999902606010437,
        -0.012501122429966927,
        -0.005404437892138958,
        0.0012948352377861738,
        0.01249330397695303,
        0.9999210834503174,
        -0.02615208365023136
    ],
    [
        0.9999780654907227,
        -0.006530371494591236,
        -0.0011456880019977689,
        -0.16427893936634064,
        0.006515195593237877,
        0.9998970627784729,
        -0.012784107588231564,
        -0.005602080374956131,
        0.0012290551094338298,
        0.012776361778378487,
        0.9999176263809204,
        -0.02714534103870392
    ],
    [
        0.9999763369560242,
        -0.0067841955460608006,
        -0.00114507507532835,
        -0.17114056646823883,
        0.006768533028662205,
        0.9998904466629028,
        -0.013168781995773315,
        -0.005641724914312363,
        0.0012342901900410652,
        0.013160720467567444,
        0.9999126195907593,
        -0.028105441480875015
    ],
    [
        0.9999741911888123,
        -0.007085354067385197,
        -0.0011349519481882453,
        -0.1779763549566269,
        0.007069464772939682,
        0.9998847842216492,
        -0.013440528884530067,
        -0.005704361479729414,
        0.0012300519738346338,
        0.013432160019874573,
        0.9999090433120728,
        -0.029071208089590073
    ],
    [
        0.9999724626541138,
        -0.0073091681115329266,
        -0.001326484140008688,
        -0.18459194898605347,
        0.007290244102478027,
        0.9998788833618164,
        -0.013750197365880013,
        -0.005946568213403225,
        0.0014268268132582307,
        0.013740148395299911,
        0.9999045133590698,
        -0.029550502076745033
    ],
    [
        0.9999695420265198,
        -0.0076531157828867435,
        -0.0015395747032016516,
        -0.19125136733055115,
        0.007630986161530018,
        0.9998742938041687,
        -0.013899551704525948,
        -0.006119521800428629,
        0.0016457554884254932,
        0.013887380249798298,
        0.9999022483825684,
        -0.03060762770473957
    ],
    [
        0.9999672174453735,
        -0.00792628526687622,
        -0.001634380198083818,
        -0.19832627475261688,
        0.00790233351290226,
        0.9998682737350464,
        -0.014174375683069229,
        -0.006116967648267746,
        0.0017465149285271764,
        0.014160997234284878,
        0.9998981952667236,
        -0.031752511858940125
    ],
    [
        0.9999646544456482,
        -0.008206440135836601,
        -0.0017940779216587543,
        -0.20553399622440338,
        0.008179998025298119,
        0.9998645782470703,
        -0.014279876835644245,
        -0.006327023264020681,
        0.001911022001877427,
        0.014264698140323162,
        0.9998964071273804,
        -0.03260430321097374
    ],
    [
        0.9999626874923706,
        -0.008448845706880093,
        -0.0018088700016960502,
        -0.21314051747322083,
        0.008421618491411209,
        0.9998584985733032,
        -0.014565294608473778,
        -0.0061424365267157555,
        0.0019316738471388817,
        0.014549517072737217,
        0.9998922348022461,
        -0.033935800194740295
    ],
    [
        0.999960720539093,
        -0.008695962838828564,
        -0.0017677471041679382,
        -0.22113631665706635,
        0.008668819442391396,
        0.9998525381088257,
        -0.014821769669651985,
        -0.005920395255088806,
        0.0018963759066537023,
        0.014805861748754978,
        0.99988853931427,
        -0.03526705130934715
    ],
    [
        0.9999585747718811,
        -0.008920730091631413,
        -0.0017844701651483774,
        -0.22909094393253326,
        0.008892927318811417,
        0.9998475909233093,
        -0.015024199150502682,
        -0.005768339615315199,
        0.0019182248506695032,
        0.015007708221673965,
        0.9998855590820312,
        -0.036368079483509064
    ],
    [
        0.9999569058418274,
        -0.009151975624263287,
        -0.0016035110456869006,
        -0.23748017847537994,
        0.009126367047429085,
        0.9998411536216736,
        -0.015308995731174946,
        -0.005430000368505716,
        0.0017433639150112867,
        0.015293700620532036,
        0.9998815059661865,
        -0.03843741491436958
    ],
    [
        0.9999545812606812,
        -0.009387380443513393,
        -0.0016400960739701986,
        -0.24554333090782166,
        0.009360895492136478,
        0.9998365640640259,
        -0.015471634455025196,
        -0.005201586522161961,
        0.0017850659787654877,
        0.01545557752251625,
        0.999879002571106,
        -0.039581961929798126
    ]
]