[
    [
        0.8000468015670776,
        -0.037776682525873184,
        0.5987470746040344,
        0.008147246204316616,
        0.028389912098646164,
        0.9992814064025879,
        0.025112904608249664,
        -0.3069021701812744,
        -0.5992655158042908,
        -0.00309312273748219,
        0.8005443215370178,
        0.33418071269989014
    ],
    [
        0.7999250292778015,
        -0.03782128915190697,
        0.598906934261322,
        0.006615016143769026,
        0.028371315449476242,
        0.9992793798446655,
        0.025211123749613762,
        -0.2972932457923889,
        -0.5994288921356201,
        -0.003175230696797371,
        0.8004216551780701,
        0.327120304107666
    ],
    [
        0.7998781204223633,
        -0.03818036988377571,
        0.5989468097686768,
        0.0040665180422365665,
        0.028354506939649582,
        0.9992640614509583,
        0.025832220911979675,
        -0.2834841310977936,
        -0.5994923710823059,
        -0.0036797868087887764,
        0.8003719449043274,
        0.3156014382839203
    ],
    [
        0.7998748421669006,
        -0.038285430520772934,
        0.5989444851875305,
        0.0018894854001700878,
        0.028153548017144203,
        0.9992581605911255,
        0.026275746524333954,
        -0.2691527009010315,
        -0.5995061993598938,
        -0.004154894035309553,
        0.8003592491149902,
        0.30189049243927
    ],
    [
        0.8001154661178589,
        -0.03839913755655289,
        0.5986156463623047,
        -0.00036893022479489446,
        0.02813945710659027,
        0.99925297498703,
        0.026487167924642563,
        -0.2505689263343811,
        -0.5991856455802917,
        -0.004348071292042732,
        0.8005982637405396,
        0.28441256284713745
    ],
    [
        0.8000017404556274,
        -0.039008449763059616,
        0.598728358745575,
        -0.005247702822089195,
        0.028545118868350983,
        0.999228835105896,
        0.02696084789931774,
        -0.23120763897895813,
        -0.5993183255195618,
        -0.004477948881685734,
        0.8004983067512512,
        0.26129791140556335
    ],
    [
        0.8001821041107178,
        -0.03885678946971893,
        0.5984970331192017,
        -0.00890918355435133,
        0.028145989403128624,
        0.9992325305938721,
        0.027243318036198616,
        -0.21011845767498016,
        -0.5990962982177734,
        -0.004954325966536999,
        0.8006616830825806,
        0.2335694134235382
    ],
    [
        0.8013802170753479,
        -0.038694702088832855,
        0.5969023704528809,
        -0.012411084026098251,
        0.028042221441864967,
        0.9992385506629944,
        0.027127981185913086,
        -0.1849069744348526,
        -0.5974975824356079,
        -0.00500135961920023,
        0.8018550872802734,
        0.20131061971187592
    ],
    [
        0.8033393025398254,
        -0.03838114067912102,
        0.5942835211753845,
        -0.019634513184428215,
        0.02807595767080784,
        0.9992522597312927,
        0.02658313699066639,
        -0.15606316924095154,
        -0.5948594212532043,
        -0.004670199938118458,
        0.8038161993026733,
        0.16586321592330933
    ],
    [
        0.8046267628669739,
        -0.03922731429338455,
        0.5924837589263916,
        -0.024342035874724388,
        0.027896612882614136,
        0.9992108941078186,
        0.028270822018384933,
        -0.12945419549942017,
        -0.5931252241134644,
        -0.006219173781573772,
        0.8050861358642578,
        0.13474038243293762
    ],
    [
        0.8066884279251099,
        -0.0439748652279377,
        0.5893386006355286,
        -0.02809702605009079,
        0.02757340483367443,
        0.9989423751831055,
        0.03679584711790085,
        -0.09431971609592438,
        -0.5903334021568298,
        -0.01343271229416132,
        0.8070476055145264,
        0.09638672322034836
    ],
    [
        0.8087449073791504,
        -0.04834608733654022,
        0.5861691832542419,
        -0.03653569146990776,
        0.02702844701707363,
        0.9986180067062378,
        0.04507256671786308,
        -0.057709142565727234,
        -0.5875381827354431,
        -0.020608969032764435,
        0.8089339733123779,
        0.06065491586923599
    ],
    [
        0.810787558555603,
        -0.05192051827907562,
        0.5830332040786743,
        -0.051483090966939926,
        0.02625402808189392,
        0.9982816576957703,
        0.05238954722881317,
        -0.02282540872693062,
        -0.5847514271736145,
        -0.02716981992125511,
        0.8107574582099915,
        0.029406514018774033
    ],
    [
        0.8115339279174805,
        -0.055351871997117996,
        0.5816774964332581,
        -0.07241420447826385,
        0.02578379400074482,
        0.9979255795478821,
        0.05898908153176308,
        0.007016443647444248,
        -0.5837360620498657,
        -0.03287379443645477,
        0.8112776875495911,
        0.003767453134059906
    ],
    [
        0.8118500113487244,
        -0.057234566658735275,
        0.5810540914535522,
        -0.10537727922201157,
        0.025228658691048622,
        0.9976930022239685,
        0.06302452087402344,
        0.03814656659960747,
        -0.5833207368850708,
        -0.036507248878479004,
        0.8114210367202759,
        -0.01748746447265148
    ],
    [
        0.8111545443534851,
        -0.057688888162374496,
        0.5819796323776245,
        -0.14761732518672943,
        0.02443680353462696,
        0.9975972771644592,
        0.06482743471860886,
        0.07106269150972366,
        -0.584321141242981,
        -0.03836333751678467,
        0.8106153011322021,
        -0.04049355536699295
    ],
    [
        0.8059385418891907,
        -0.0581301748752594,
        0.5891381502151489,
        -0.1849345713853836,
        0.024860695004463196,
        0.9976128339767456,
        0.06442496925592422,
        0.10171684622764587,
        -0.5914768576622009,
        -0.03727618604898453,
        0.8054599165916443,
        -0.07110321521759033
    ],
    [
        0.795255720615387,
        -0.059781722724437714,
        0.603319525718689,
        -0.2075018584728241,
        0.026006747037172318,
        0.9975743889808655,
        0.06456727534532547,
        0.12854626774787903,
        -0.6057161092758179,
        -0.0356571227312088,
        0.7948815226554871,
        -0.1031087264418602
    ],
    [
        0.7744485139846802,
        -0.06210027262568474,
        0.6295815706253052,
        -0.22925440967082977,
        0.028001118451356888,
        0.9975600242614746,
        0.06395251303911209,
        0.16311882436275482,
        -0.6320169568061829,
        -0.031898949295282364,
        0.774297833442688,
        -0.1473415344953537
    ],
    [
        0.7448071837425232,
        -0.06581747531890869,
        0.6640258431434631,
        -0.24817600846290588,
        0.029772024601697922,
        0.9974103569984436,
        0.06546825915575027,
        0.1980435699224472,
        -0.6666152477264404,
        -0.028991835191845894,
        0.7448378801345825,
        -0.19541063904762268
    ],
    [
        0.702765166759491,
        -0.06890445947647095,
        0.7080771923065186,
        -0.2784270942211151,
        0.03178412467241287,
        0.9973458051681519,
        0.06550811231136322,
        0.2248455435037613,
        -0.7107115387916565,
        -0.023531198501586914,
        0.7030898928642273,
        -0.24709971249103546
    ],
    [
        0.6445398330688477,
        -0.07385815680027008,
        0.760995090007782,
        -0.3197896480560303,
        0.034786392003297806,
        0.9971252679824829,
        0.06731269508600235,
        0.23941075801849365,
        -0.7637789845466614,
        -0.016913432627916336,
        0.6452562212944031,
        -0.3010924458503723
    ],
    [
        0.5639654397964478,
        -0.07914844155311584,
        0.8219966888427734,
        -0.36702099442481995,
        0.03787319362163544,
        0.9968279600143433,
        0.0699981078505516,
        0.2404630482196808,
        -0.8249294757843018,
        -0.008344868198037148,
        0.5651739835739136,
        -0.3547069728374481
    ],
    [
        0.4689529240131378,
        -0.08603627234697342,
        0.8790227174758911,
        -0.40526342391967773,
        0.04223847761750221,
        0.9962900280952454,
        0.07498011738061905,
        0.24068325757980347,
        -0.8822126984596252,
        0.0019664354622364044,
        0.4708471894264221,
        -0.4085922837257385
    ],
    [
        0.3643418550491333,
        -0.09299314767122269,
        0.9266106486320496,
        -0.43311524391174316,
        0.04664965718984604,
        0.9955751299858093,
        0.08157175034284592,
        0.2394755780696869,
        -0.9300960898399353,
        0.013506067916750908,
        0.367067813873291,
        -0.4531407058238983
    ]
]