[
    [
        0.7316499352455139,
        0.000806090363766998,
        -0.6816800236701965,
        0.27593639492988586,
        0.006272823549807072,
        0.9999489784240723,
        0.007915090769529343,
        0.09019477665424347,
        0.681651771068573,
        -0.010067140683531761,
        0.7316075563430786,
        0.8917060494422913
    ],
    [
        0.6793733239173889,
        0.010248987935483456,
        -0.7337211966514587,
        0.11757954210042953,
        -0.0005323081277310848,
        0.9999091625213623,
        0.013474348932504654,
        0.0720856785774231,
        0.7337926030158997,
        -0.008763552643358707,
        0.6793169379234314,
        0.9708201289176941
    ],
    [
        0.6312086582183838,
        0.01825733855366707,
        -0.7753981351852417,
        -0.04829604923725128,
        -0.00786997564136982,
        0.999822199344635,
        0.01713506318628788,
        0.056888774037361145,
        0.7755731344223022,
        -0.004713434725999832,
        0.6312401294708252,
        1.0386048555374146
    ],
    [
        0.5897355675697327,
        0.024720067158341408,
        -0.807218074798584,
        -0.22937114536762238,
        -0.01449266355484724,
        0.9996944069862366,
        0.02002640627324581,
        0.044911932200193405,
        0.8074663281440735,
        -0.0001115457562264055,
        0.589913547039032,
        1.1105142831802368
    ],
    [
        0.5561956763267517,
        0.034400466829538345,
        -0.8303391337394714,
        -0.4195486307144165,
        -0.021528279408812523,
        0.9994039535522461,
        0.026984192430973053,
        0.021215004846453667,
        0.8307724595069885,
        0.002867280738428235,
        0.5566048622131348,
        1.1839133501052856
    ],
    [
        0.5231373310089111,
        0.03987596929073334,
        -0.8513150215148926,
        -0.6267048120498657,
        -0.026415960863232613,
        0.9991834759712219,
        0.030569452792406082,
        0.0026272814720869064,
        0.8518389463424683,
        0.006496282294392586,
        0.5237635374069214,
        1.275815725326538
    ],
    [
        0.49383100867271423,
        0.04446837678551674,
        -0.8684201836585999,
        -0.8099454045295715,
        -0.028419537469744682,
        0.9989835023880005,
        0.034993112087249756,
        -0.014349788427352905,
        0.8690934181213379,
        0.007399412803351879,
        0.4945927858352661,
        1.3756862878799438
    ],
    [
        0.4713999629020691,
        0.053138796240091324,
        -0.8803172707557678,
        -1.0022343397140503,
        -0.03178168088197708,
        0.9985582828521729,
        0.04325748607516289,
        -0.040754400193691254,
        0.8813466429710388,
        0.007586381863802671,
        0.472409188747406,
        1.4720834493637085
    ],
    [
        0.45934247970581055,
        0.058044467121362686,
        -0.8863607048988342,
        -1.2040144205093384,
        -0.03174431249499321,
        0.998297929763794,
        0.048923831433057785,
        -0.061447031795978546,
        0.887691855430603,
        0.0056641180999577045,
        0.4604032039642334,
        1.5595142841339111
    ],
    [
        0.4605841338634491,
        0.06346414238214493,
        -0.8853443264961243,
        -1.4108901023864746,
        -0.03553803265094757,
        0.997959315776825,
        0.05304872244596481,
        -0.08678676187992096,
        0.8869043588638306,
        0.007030003238469362,
        0.46189966797828674,
        1.6293165683746338
    ],
    [
        0.45850497484207153,
        0.062002938240766525,
        -0.8865262269973755,
        -1.6052141189575195,
        -0.04012400656938553,
        0.9979901909828186,
        0.049046799540519714,
        -0.10847684741020203,
        0.8877855539321899,
        0.013082790188491344,
        0.46007129549980164,
        1.711944580078125
    ],
    [
        0.46604955196380615,
        0.0626806914806366,
        -0.8825353980064392,
        -1.7794413566589355,
        -0.042851727455854416,
        0.9979158043861389,
        0.04824623838067055,
        -0.12753136456012726,
        0.8837202787399292,
        0.015333026647567749,
        0.4677641987800598,
        1.7906441688537598
    ],
    [
        0.48159119486808777,
        0.06047028303146362,
        -0.8743072748184204,
        -1.9214284420013428,
        -0.03775062784552574,
        0.9981220960617065,
        0.04823974892497063,
        -0.1500776708126068,
        0.8755825161933899,
        0.00977381318807602,
        0.48296964168548584,
        1.8479539155960083
    ],
    [
        0.5026092529296875,
        0.058092810213565826,
        -0.8625596761703491,
        -2.1047301292419434,
        -0.03106546401977539,
        0.9983090162277222,
        0.049133747816085815,
        -0.16781458258628845,
        0.8639553189277649,
        0.0021007407922297716,
        0.5035640001296997,
        1.9198473691940308
    ],
    [
        0.5303686261177063,
        0.05951167270541191,
        -0.8456756472587585,
        -2.303741693496704,
        -0.026552516967058182,
        0.9982097148895264,
        0.05359325930476189,
        -0.19026294350624084,
        0.8473511934280396,
        -0.005969361402094364,
        0.5309994220733643,
        1.9824720621109009
    ],
    [
        0.5509134531021118,
        0.05918751284480095,
        -0.832460880279541,
        -2.4990973472595215,
        -0.02137516438961029,
        0.998155415058136,
        0.056822460144758224,
        -0.20652848482131958,
        0.8342885971069336,
        -0.0135102653875947,
        0.5511624217033386,
        2.078901767730713
    ],
    [
        0.5701969265937805,
        0.058667633682489395,
        -0.8194105625152588,
        -2.648751974105835,
        -0.017068680375814438,
        0.9980775117874146,
        0.05958225950598717,
        -0.2254694700241089,
        0.821330726146698,
        -0.019987359642982483,
        0.5701020359992981,
        2.164996385574341
    ],
    [
        0.5929398536682129,
        0.05789484828710556,
        -0.8031628131866455,
        -2.7886061668395996,
        -0.013309366069734097,
        0.9979804754257202,
        0.06211228296160698,
        -0.24986302852630615,
        0.8051367402076721,
        -0.026139263063669205,
        0.5925129652023315,
        2.244396448135376
    ],
    [
        0.6246786713600159,
        0.050050754100084305,
        -0.7792763113975525,
        -2.94779109954834,
        -0.004037066828459501,
        0.9981374740600586,
        0.0608714334666729,
        -0.26928550004959106,
        0.7808715105056763,
        -0.03487909212708473,
        0.6237172484397888,
        2.3306353092193604
    ],
    [
        0.6652320027351379,
        0.04290708899497986,
        -0.7454026937484741,
        -3.123157501220703,
        0.0040528737008571625,
        0.9981251358985901,
        0.06107133999466896,
        -0.29218506813049316,
        0.7466257214546204,
        -0.043647635728120804,
        0.6638109087944031,
        2.403067111968994
    ],
    [
        0.7068725228309631,
        0.031186308711767197,
        -0.7066531181335449,
        -3.2820475101470947,
        0.015083607286214828,
        0.9981358647346497,
        0.05913844332098961,
        -0.3075082004070282,
        0.7071800827980042,
        -0.052462220191955566,
        0.7050844430923462,
        2.498853921890259
    ],
    [
        0.746661365032196,
        0.019474949687719345,
        -0.6649189591407776,
        -3.413520574569702,
        0.027092421427369118,
        0.9978516697883606,
        0.059649281203746796,
        -0.3249869644641876,
        0.664652407169342,
        -0.06255203485488892,
        0.7445299625396729,
        2.564805746078491
    ],
    [
        0.7891452312469482,
        0.008599839173257351,
        -0.6141465902328491,
        -3.5460598468780518,
        0.036761991679668427,
        0.9974481463432312,
        0.06120435893535614,
        -0.3412673771381378,
        0.6131055355072021,
        -0.070876345038414,
        0.786815345287323,
        2.628836154937744
    ],
    [
        0.8319537043571472,
        -0.00024191154807340354,
        -0.5548449158668518,
        -3.6824898719787598,
        0.04443921893835068,
        0.9968163371086121,
        0.0661991685628891,
        -0.3598884344100952,
        0.5530626177787781,
        -0.0797315165400505,
        0.8293157815933228,
        2.702476978302002
    ],
    [
        0.8813771605491638,
        -0.014591679908335209,
        -0.4721880555152893,
        -3.8570573329925537,
        0.054603461176157,
        0.9959704279899597,
        0.0711439922451973,
        -0.37795576453208923,
        0.46924707293510437,
        -0.08848778158426285,
        0.87862229347229,
        2.780791759490967
    ]
]