[
    [
        0.9999979138374329,
        0.002002318622544408,
        -0.00026225941837765276,
        -0.06872084736824036,
        -0.0020044283010065556,
        0.9999635219573975,
        -0.008306312374770641,
        0.04649561643600464,
        0.0002456175279803574,
        0.008306819945573807,
        0.9999654293060303,
        0.44622066617012024
    ],
    [
        0.9999977946281433,
        0.002120954217389226,
        0.00021531234961003065,
        -0.07648848742246628,
        -0.0021189649123698473,
        0.9999585747718811,
        -0.008853358216583729,
        0.05383302643895149,
        -0.0002340816572541371,
        0.0088528823107481,
        0.9999607801437378,
        0.48604682087898254
    ],
    [
        0.9999982714653015,
        0.0019108857959508896,
        0.00017772238061297685,
        -0.08569316565990448,
        -0.0019092363072559237,
        0.9999589323997498,
        -0.008860775269567966,
        0.06400410085916519,
        -0.00019464663637336344,
        0.008860419504344463,
        0.9999606609344482,
        0.5338683128356934
    ],
    [
        0.9999973177909851,
        0.0020337277092039585,
        0.0010757623240351677,
        -0.08998573571443558,
        -0.002023086417466402,
        0.9999499917030334,
        -0.009801470674574375,
        0.07548927515745163,
        -0.001095641520805657,
        0.009799267165362835,
        0.9999513626098633,
        0.5765699148178101
    ],
    [
        0.9999958276748657,
        0.0018662175862118602,
        0.0022116273175925016,
        -0.0918508842587471,
        -0.0018451965879648924,
        0.9999535083770752,
        -0.0094692287966609,
        0.09168166667222977,
        -0.002229195786640048,
        0.009465107694268227,
        0.9999526739120483,
        0.6151775121688843
    ],
    [
        0.9999958276748657,
        0.0010454417206346989,
        0.0027220353949815035,
        -0.09357888251543045,
        -0.0010181744582951069,
        0.9999495148658752,
        -0.009999542497098446,
        0.1075112596154213,
        -0.00273235235363245,
        0.009996728971600533,
        0.9999462366104126,
        0.6401941180229187
    ],
    [
        0.999992311000824,
        0.0014695372665300965,
        0.0036603750195354223,
        -0.09551799297332764,
        -0.0014320551417768002,
        0.9999468326568604,
        -0.010221578180789948,
        0.13188661634922028,
        -0.0036752012092620134,
        0.010216256603598595,
        0.9999409914016724,
        0.6690459251403809
    ],
    [
        0.9999895691871643,
        0.0011862755054607987,
        0.004420057404786348,
        -0.09782891720533371,
        -0.001142673660069704,
        0.9999508857727051,
        -0.00985417515039444,
        0.16288906335830688,
        -0.004431529901921749,
        0.009849021211266518,
        0.9999415874481201,
        0.6874948740005493
    ],
    [
        0.9999856948852539,
        0.0007293366943486035,
        0.005297507159411907,
        -0.10316061228513718,
        -0.000672830268740654,
        0.9999430179595947,
        -0.010660619474947453,
        0.19714272022247314,
        -0.005304980557411909,
        0.010656905360519886,
        0.9999291896820068,
        0.6958770155906677
    ],
    [
        0.9999852776527405,
        0.0011340683558955789,
        0.005300720687955618,
        -0.10602615773677826,
        -0.0011346486862748861,
        0.9999994039535522,
        0.00010635210492182523,
        0.2255483865737915,
        -0.005300597753375769,
        -0.00011236589489271864,
        0.999985933303833,
        0.6981726884841919
    ],
    [
        0.999985933303833,
        0.0017750884871929884,
        0.004997265990823507,
        -0.10814420133829117,
        -0.0018756085773929954,
        0.9997945427894592,
        0.020182818174362183,
        0.26644814014434814,
        -0.004960412625223398,
        -0.02019190602004528,
        0.9997838139533997,
        0.7022274732589722
    ],
    [
        0.9999850392341614,
        0.0020159436389803886,
        0.005103996489197016,
        -0.11223059892654419,
        -0.0022877156734466553,
        0.9985483884811401,
        0.053813617676496506,
        0.3093283474445343,
        -0.004988102242350578,
        -0.05382448807358742,
        0.9985380172729492,
        0.704479455947876
    ],
    [
        0.9999834895133972,
        0.0027534249238669872,
        0.005033617373555899,
        -0.11492976546287537,
        -0.0032071839086711407,
        0.9957091212272644,
        0.09248232841491699,
        0.3481120467185974,
        -0.00475737638771534,
        -0.09249696135520935,
        0.9957016110420227,
        0.7023878693580627
    ],
    [
        0.9999831318855286,
        0.00313585321418941,
        0.004897481296211481,
        -0.11685120314359665,
        -0.003721977584064007,
        0.9921918511390686,
        0.1246652752161026,
        0.37625741958618164,
        -0.004468308761715889,
        -0.12468139082193375,
        0.9921867847442627,
        0.6964030265808105
    ],
    [
        0.9999767541885376,
        0.0038876603357493877,
        0.005613892804831266,
        -0.11929810792207718,
        -0.0047958726063370705,
        0.9850677251815796,
        0.1721002757549286,
        0.4104601740837097,
        -0.00486099673435092,
        -0.17212319374084473,
        0.9850634336471558,
        0.6809808015823364
    ],
    [
        0.9999737739562988,
        0.004484540782868862,
        0.005685956683009863,
        -0.11834350228309631,
        -0.005641906056553125,
        0.9746915102005005,
        0.22348284721374512,
        0.44225725531578064,
        -0.00453983573243022,
        -0.22350908815860748,
        0.9746912121772766,
        0.6668568253517151
    ],
    [
        0.9999736547470093,
        0.005125522613525391,
        0.00513877347111702,
        -0.1145787462592125,
        -0.0063379788771271706,
        0.9616679549217224,
        0.2741433382034302,
        0.4721277356147766,
        -0.0035366653464734554,
        -0.2741686701774597,
        0.9616750478744507,
        0.6482840776443481
    ],
    [
        0.9999762177467346,
        0.005709384568035603,
        0.0038525653071701527,
        -0.11167549341917038,
        -0.006626291666179895,
        0.9500786662101746,
        0.31194010376930237,
        0.4967314302921295,
        -0.001879254006780684,
        -0.3119582235813141,
        0.9500939846038818,
        0.6357719898223877
    ],
    [
        0.9999726414680481,
        0.007035314571112394,
        0.002325359731912613,
        -0.10819193720817566,
        -0.007399688940495253,
        0.9319075345993042,
        0.3626205027103424,
        0.5269518494606018,
        0.0003841286525130272,
        -0.3626277446746826,
        0.9319339990615845,
        0.6119409203529358
    ],
    [
        0.9999675154685974,
        0.008035814389586449,
        0.000566414906643331,
        -0.10621950030326843,
        -0.007538642734289169,
        0.9086769223213196,
        0.41743215918540955,
        0.5530540943145752,
        0.0028397187124937773,
        -0.4174228608608246,
        0.9087079167366028,
        0.5943909287452698
    ],
    [
        0.9999532103538513,
        0.009656643494963646,
        -0.0006807305035181344,
        -0.10499556362628937,
        -0.008248135447502136,
        0.8866894841194153,
        0.4622916877269745,
        0.5796209573745728,
        0.005067783873528242,
        -0.46226441860198975,
        0.8867275714874268,
        0.5790613889694214
    ],
    [
        0.9999322295188904,
        0.01149727962911129,
        -0.001896018162369728,
        -0.10261858999729156,
        -0.00904711801558733,
        0.8685536980628967,
        0.49551257491111755,
        0.5965664982795715,
        0.0073438407853245735,
        -0.49546176195144653,
        0.8685987591743469,
        0.5611030459403992
    ],
    [
        0.9999098181724548,
        0.013139999471604824,
        -0.0027557050343602896,
        -0.10116639733314514,
        -0.009564087726175785,
        0.8411827683448792,
        0.5406662821769714,
        0.62166827917099,
        0.009422407485544682,
        -0.5405911803245544,
        0.8412326574325562,
        0.5387850403785706
    ],
    [
        0.9998853802680969,
        0.014773663133382797,
        -0.003299270523712039,
        -0.09994979202747345,
        -0.01004757173359394,
        0.8107373714447021,
        0.5853237509727478,
        0.6459867358207703,
        0.011322217993438244,
        -0.5852234959602356,
        0.8107929229736328,
        0.5222292542457581
    ],
    [
        0.9998588562011719,
        0.016451600939035416,
        -0.0034233550541102886,
        -0.09850984811782837,
        -0.01069317664951086,
        0.7800661325454712,
        0.6256056427955627,
        0.6626556515693665,
        0.012962659820914268,
        -0.6254807114601135,
        0.780131995677948,
        0.5003129243850708
    ]
]