[
    [
        0.9999720454216003,
        0.0005048525054007769,
        0.007464282680302858,
        -0.016470661386847496,
        -0.0004948985297232866,
        0.9999990463256836,
        -0.0013352716341614723,
        0.009124856442213058,
        -0.007464949041604996,
        0.0013315397081896663,
        0.9999712705612183,
        0.16279274225234985
    ],
    [
        0.9999659061431885,
        0.00040860282024368644,
        0.008246348239481449,
        -0.015855835750699043,
        -0.0004004552320111543,
        0.9999995231628418,
        -0.000989674124866724,
        0.00954947154968977,
        -0.008246748708188534,
        0.0009863381274044514,
        0.9999655485153198,
        0.19052879512310028
    ],
    [
        0.9999693632125854,
        0.0002477417583577335,
        0.007824743166565895,
        -0.01564129628241062,
        -0.00023809520644135773,
        0.9999992251396179,
        -0.0012337627122178674,
        0.009069747291505337,
        -0.007825042121112347,
        0.0012318610679358244,
        0.9999685287475586,
        0.2175283282995224
    ],
    [
        0.999964714050293,
        0.00023624171444680542,
        0.008403535932302475,
        -0.01536022499203682,
        -0.00022764730965718627,
        0.9999994039535522,
        -0.0010235720546916127,
        0.008287590928375721,
        -0.008403773419559002,
        0.0010216236114501953,
        0.9999641180038452,
        0.24265272915363312
    ],
    [
        0.9999651312828064,
        0.00021301732340361923,
        0.008343104273080826,
        -0.01498614251613617,
        -0.00020345166558399796,
        0.9999992847442627,
        -0.0011473273625597358,
        0.008010415360331535,
        -0.008343342691659927,
        0.001145589747466147,
        0.9999645948410034,
        0.2652687430381775
    ],
    [
        0.9999672770500183,
        0.00016278318071272224,
        0.00809971708804369,
        -0.014598303474485874,
        -0.00014974985970184207,
        0.9999987483024597,
        -0.0016096689505502582,
        0.009403304196894169,
        -0.00809996947646141,
        0.0016084023518487811,
        0.9999659061431885,
        0.2887815237045288
    ],
    [
        0.9999718070030212,
        7.00807649991475e-05,
        0.007520787883549929,
        -0.01435816939920187,
        -5.797124686068855e-05,
        0.9999987483024597,
        -0.0016103775706142187,
        0.012060614302754402,
        -0.007520889863371849,
        0.0016098954947665334,
        0.9999704360961914,
        0.31244710087776184
    ],
    [
        0.9999757409095764,
        0.00019837604486383498,
        0.006957011763006449,
        -0.014537373557686806,
        -0.00018773793999571353,
        0.9999988675117493,
        -0.001529731205664575,
        0.014866313897073269,
        -0.006957307457923889,
        0.001528387889266014,
        0.9999746084213257,
        0.3364288806915283
    ],
    [
        0.9999738931655884,
        0.0006775896763429046,
        0.007194906938821077,
        -0.017223425209522247,
        -0.0006668493733741343,
        0.9999986290931702,
        -0.001495107775554061,
        0.016108406707644463,
        -0.007195909973233938,
        0.0014902709517627954,
        0.999972939491272,
        0.37070831656455994
    ],
    [
        0.9999759197235107,
        0.0009616076713427901,
        0.006881137378513813,
        -0.019891928881406784,
        -0.0009526264620944858,
        0.9999987483024597,
        -0.0013082618825137615,
        0.01592724584043026,
        -0.006882386282086372,
        0.0013016744051128626,
        0.9999755620956421,
        0.3975963592529297
    ],
    [
        0.9999724626541138,
        0.001251390902325511,
        0.007323034107685089,
        -0.0232467632740736,
        -0.0012429521884769201,
        0.9999985694885254,
        -0.0011568083427846432,
        0.01661383919417858,
        -0.007324471138417721,
        0.0011476740473881364,
        0.9999725818634033,
        0.42476439476013184
    ],
    [
        0.999967634677887,
        0.0014566710451617837,
        0.00792474951595068,
        -0.02777804434299469,
        -0.0014507011510431767,
        0.9999985694885254,
        -0.0007590299937874079,
        0.01709197275340557,
        -0.007925843819975853,
        0.0007475088350474834,
        0.9999682903289795,
        0.4508267641067505
    ],
    [
        0.9999664425849915,
        0.0016823189798742533,
        0.008013981394469738,
        -0.0329364538192749,
        -0.0016762426821514964,
        0.9999982118606567,
        -0.000764980970416218,
        0.017811646685004234,
        -0.008015253581106663,
        0.0007515219622291625,
        0.9999675750732422,
        0.474673867225647
    ],
    [
        0.9999678134918213,
        0.001956746680662036,
        0.00778895802795887,
        -0.03699691966176033,
        -0.0019489226397126913,
        0.9999975562095642,
        -0.0010119028156623244,
        0.019082706421613693,
        -0.007790918927639723,
        0.000996689428575337,
        0.9999692440032959,
        0.49709567427635193
    ],
    [
        0.9999645352363586,
        0.0021778123918920755,
        0.008146735839545727,
        -0.04066827520728111,
        -0.002173216547816992,
        0.9999974370002747,
        -0.000572873919736594,
        0.020714284852147102,
        -0.00814796332269907,
        0.0005551489302888513,
        0.9999666213989258,
        0.5188345313072205
    ],
    [
        0.9999670386314392,
        0.0021890918724238873,
        0.007814692333340645,
        -0.043121326714754105,
        -0.0021852320060133934,
        0.9999974966049194,
        -0.0005023034755140543,
        0.023166727274656296,
        -0.007815772667527199,
        0.00048520954442210495,
        0.9999693632125854,
        0.5406336784362793
    ],
    [
        0.9999703168869019,
        0.0022758333943784237,
        0.007359116803854704,
        -0.04565825313329697,
        -0.0022718540858477354,
        0.9999973177909851,
        -0.0005490152398124337,
        0.02615666203200817,
        -0.007360345683991909,
        0.0005322798970155418,
        0.9999728202819824,
        0.5703675746917725
    ],
    [
        0.9999710321426392,
        0.0022677902597934008,
        0.007267254404723644,
        -0.04714168608188629,
        -0.002264184644445777,
        0.9999972581863403,
        -0.0005042719421908259,
        0.02821359783411026,
        -0.007268378511071205,
        0.0004878028994426131,
        0.9999734163284302,
        0.594359815120697
    ],
    [
        0.9999728798866272,
        0.002213295316323638,
        0.007019430864602327,
        -0.04785637930035591,
        -0.00221083452925086,
        0.9999974966049194,
        -0.00035826151724904776,
        0.030061636120080948,
        -0.00702020525932312,
        0.00034273351775482297,
        0.999975323677063,
        0.6194165349006653
    ],
    [
        0.9999707937240601,
        0.0020997109822928905,
        0.007354845758527517,
        -0.049081020057201385,
        -0.0021005268208682537,
        0.9999978542327881,
        0.00010328197822673246,
        0.031350940465927124,
        -0.007354612462222576,
        -0.00011872803588630632,
        0.999972939491272,
        0.6447741985321045
    ],
    [
        0.9999796748161316,
        0.0020623188465833664,
        0.006048159673810005,
        -0.049077872186899185,
        -0.0020633037202060223,
        0.9999978542327881,
        0.0001565180136822164,
        0.03249295800924301,
        -0.006047823000699282,
        -0.0001689939817879349,
        0.9999817609786987,
        0.6707578301429749
    ],
    [
        0.9999794960021973,
        0.002071827184408903,
        0.006070500705391169,
        -0.04865634813904762,
        -0.0020723792258650064,
        0.9999978542327881,
        8.465836435789242e-05,
        0.03262590989470482,
        -0.006070311181247234,
        -9.723662515170872e-05,
        0.9999815225601196,
        0.6951146125793457
    ],
    [
        0.9999767541885376,
        0.001984327333047986,
        0.006525539793074131,
        -0.04815099015831947,
        -0.0019846903160214424,
        0.9999979734420776,
        4.9070957174990326e-05,
        0.03304167836904526,
        -0.006525429431349039,
        -6.202102667884901e-05,
        0.9999786615371704,
        0.7172634601593018
    ],
    [
        0.999977171421051,
        0.001890673185698688,
        0.006501380819827318,
        -0.047433383762836456,
        -0.0018901621224358678,
        0.9999982118606567,
        -8.474460628349334e-05,
        0.03480823338031769,
        -0.006501528900116682,
        7.245439337566495e-05,
        0.9999788999557495,
        0.7374323606491089
    ],
    [
        0.9999778270721436,
        0.0020355070009827614,
        0.006341646891087294,
        -0.046964094042778015,
        -0.002032807795330882,
        0.9999977946281433,
        -0.00043202488450333476,
        0.037822425365448,
        -0.006342512089759111,
        0.0004191240295767784,
        0.9999797344207764,
        0.7634446620941162
    ]
]