[
    [
        0.99599289894104,
        -0.008365500718355179,
        0.0890405923128128,
        0.05703554302453995,
        0.01013127714395523,
        0.9997604489326477,
        -0.019397692754864693,
        0.008480848744511604,
        -0.08885699510574341,
        0.02022206038236618,
        0.99583899974823,
        -0.01548662781715393
    ],
    [
        0.9946390390396118,
        -0.009277252480387688,
        0.10299141705036163,
        0.06680655479431152,
        0.011588663794100285,
        0.999693751335144,
        -0.02186712436378002,
        0.008676680736243725,
        -0.10275699943304062,
        0.02294342778623104,
        0.99444180727005,
        -0.020295364782214165
    ],
    [
        0.9926671385765076,
        -0.010012758895754814,
        0.12046452611684799,
        0.07732626050710678,
        0.013071754947304726,
        0.9996111392974854,
        -0.024629952386021614,
        0.008276612497866154,
        -0.12017107754945755,
        0.026024026796221733,
        0.9924120306968689,
        -0.026195934042334557
    ],
    [
        0.9904634356498718,
        -0.010685567744076252,
        0.1373603641986847,
        0.08782607316970825,
        0.014567800797522068,
        0.9995214343070984,
        -0.027288954704999924,
        0.007862837985157967,
        -0.13700304925441742,
        0.02902974933385849,
        0.990145206451416,
        -0.0320282019674778
    ],
    [
        0.987942099571228,
        -0.01155244279652834,
        0.1543918401002884,
        0.09837362170219421,
        0.016380390152335167,
        0.9994146227836609,
        -0.030035274103283882,
        0.007975614629685879,
        -0.15395446121692657,
        0.032202109694480896,
        0.9875530004501343,
        -0.0372847281396389
    ],
    [
        0.985623836517334,
        -0.011897209100425243,
        0.1685355305671692,
        0.10658629238605499,
        0.01756262220442295,
        0.9993281960487366,
        -0.03216484189033508,
        0.0074461884796619415,
        -0.16803964972496033,
        0.034662362188100815,
        0.9851706624031067,
        -0.042881131172180176
    ],
    [
        0.9825670719146729,
        -0.012350313365459442,
        0.1854979693889618,
        0.1166529655456543,
        0.019178524613380432,
        0.9992011785507202,
        -0.03506097570061684,
        0.008016171865165234,
        -0.18491676449775696,
        0.038007330149412155,
        0.9820189476013184,
        -0.04934300109744072
    ],
    [
        0.9792966842651367,
        -0.012643291614949703,
        0.20203502476215363,
        0.12725836038589478,
        0.02066582441329956,
        0.9990773797035217,
        -0.037648651748895645,
        0.007859897799789906,
        -0.20137262344360352,
        0.04104442149400711,
        0.9786544442176819,
        -0.05581316351890564
    ],
    [
        0.9757838249206543,
        -0.012852712534368038,
        0.21835939586162567,
        0.13837186992168427,
        0.022134527564048767,
        0.9989498853683472,
        -0.04011412709951401,
        0.00756750488653779,
        -0.21761451661586761,
        0.04397599771618843,
        0.9750437140464783,
        -0.061696864664554596
    ],
    [
        0.9725837707519531,
        -0.012982232496142387,
        0.2321900874376297,
        0.1474037617444992,
        0.023421097546815872,
        0.9988321661949158,
        -0.04225807636976242,
        0.007363998331129551,
        -0.23137034475803375,
        0.04653766378760338,
        0.9717520475387573,
        -0.06691756099462509
    ],
    [
        0.9683246612548828,
        -0.013147955760359764,
        0.24934805929660797,
        0.15800698101520538,
        0.025077247992157936,
        0.9986844062805176,
        -0.04472566023468971,
        0.007073632441461086,
        -0.2484320104122162,
        0.04956192523241043,
        0.9673804640769958,
        -0.07277850806713104
    ],
    [
        0.9637979865074158,
        -0.012964370660483837,
        0.26631852984428406,
        0.16868464648723602,
        0.02649025246500969,
        0.9985313415527344,
        -0.0472588911652565,
        0.006712120026350021,
        -0.2653146982192993,
        0.0526028610765934,
        0.9627257585525513,
        -0.07885487377643585
    ],
    [
        0.9588947892189026,
        -0.012607380747795105,
        0.2834814786911011,
        0.17869573831558228,
        0.027904842048883438,
        0.9983598589897156,
        -0.04998953267931938,
        0.00698191300034523,
        -0.28238627314567566,
        0.05584521219134331,
        0.9576738476753235,
        -0.08489814400672913
    ],
    [
        0.9546357989311218,
        -0.012553996406495571,
        0.29751116037368774,
        0.18750125169754028,
        0.029299356043338776,
        0.9982228875160217,
        -0.05189227685332298,
        0.006148562300950289,
        -0.2963309586048126,
        0.05825510993599892,
        0.953307032585144,
        -0.09102808684110641
    ],
    [
        0.9490856528282166,
        -0.012317073531448841,
        0.3147772550582886,
        0.19744499027729034,
        0.03106183372437954,
        0.9980248808860779,
        -0.05460241436958313,
        0.00686322757974267,
        -0.31348296999931335,
        0.06159992516040802,
        0.9475936889648438,
        -0.09642893075942993
    ],
    [
        0.9433644413948059,
        -0.011927997693419456,
        0.3315437436103821,
        0.20751045644283295,
        0.032671019434928894,
        0.9978359341621399,
        -0.057061828672885895,
        0.006654450204223394,
        -0.33014562726020813,
        0.06466197967529297,
        0.9417125582695007,
        -0.1023809090256691
    ],
    [
        0.9376490116119385,
        -0.011560464277863503,
        0.3473913371562958,
        0.2189657986164093,
        0.03433859720826149,
        0.9976384043693542,
        -0.05948445945978165,
        0.006293675862252712,
        -0.3458832800388336,
        0.06770447641611099,
        0.9358316659927368,
        -0.10797330737113953
    ],
    [
        0.9326817989349365,
        -0.011000744998455048,
        0.3605324625968933,
        0.22798414528369904,
        0.035549890249967575,
        0.9974718689918518,
        -0.06153065711259842,
        0.005888385232537985,
        -0.3589441478252411,
        0.07020540535449982,
        0.9307149052619934,
        -0.11351019144058228
    ],
    [
        0.9263516664505005,
        -0.01020448375493288,
        0.3765215575695038,
        0.23784556984901428,
        0.03701288625597954,
        0.9972609877586365,
        -0.06403461843729019,
        0.005783816799521446,
        -0.37483686208724976,
        0.07325471192598343,
        0.9241921305656433,
        -0.1200629323720932
    ],
    [
        0.9198297262191772,
        -0.009463746100664139,
        0.39220353960990906,
        0.24828076362609863,
        0.03853342682123184,
        0.9970545768737793,
        -0.06631331890821457,
        0.00541176600381732,
        -0.39042073488235474,
        0.07610991597175598,
        0.9174850583076477,
        -0.12669594585895538
    ],
    [
        0.9131278395652771,
        -0.00886794924736023,
        0.4075769782066345,
        0.2599133551120758,
        0.04032052680850029,
        0.9968259930610657,
        -0.068644680082798,
        0.005357943940907717,
        -0.4056745767593384,
        0.07911507785320282,
        0.9105871319770813,
        -0.13256677985191345
    ],
    [
        0.9072935581207275,
        -0.008057641796767712,
        0.42042070627212524,
        0.2684768736362457,
        0.041520487517118454,
        0.9966471195220947,
        -0.07050234079360962,
        0.004986249841749668,
        -0.418442964553833,
        0.08142238855361938,
        0.9045860171318054,
        -0.13813430070877075
    ],
    [
        0.8998613953590393,
        -0.007165888790041208,
        0.43611717224121094,
        0.27864524722099304,
        0.04316549003124237,
        0.9964199066162109,
        -0.07269313931465149,
        0.004855025559663773,
        -0.43403488397598267,
        0.08423895388841629,
        0.8969489932060242,
        -0.1438874751329422
    ],
    [
        0.8920920491218567,
        -0.00587123166769743,
        0.45181548595428467,
        0.2874038517475128,
        0.04445773735642433,
        0.9962043762207031,
        -0.07483463734388351,
        0.0039644548669457436,
        -0.4496612250804901,
        0.08684608340263367,
        0.8889671564102173,
        -0.1511498987674713
    ],
    [
        0.8841519355773926,
        -0.004446342587471008,
        0.46717843413352966,
        0.29690849781036377,
        0.04576506465673447,
        0.9959699511528015,
        -0.0771329402923584,
        0.004106052685528994,
        -0.4649527370929718,
        0.08957768231630325,
        0.8807921409606934,
        -0.1568813920021057
    ]
]