[
    [
        0.8772165179252625,
        0.06381095200777054,
        -0.4758354425430298,
        -0.4782911539077759,
        -0.10976502299308777,
        0.991532564163208,
        -0.0693875327706337,
        -0.2960013449192047,
        0.46737873554229736,
        0.11309796571731567,
        0.8767929673194885,
        0.6855522394180298
    ],
    [
        0.8766116499900818,
        0.06300460547208786,
        -0.47705593705177307,
        -0.4956670105457306,
        -0.10870853066444397,
        0.9916911125183105,
        -0.06878451257944107,
        -0.310557097196579,
        0.46875831484794617,
        0.11215737462043762,
        0.8761770725250244,
        0.7329050302505493
    ],
    [
        0.876999020576477,
        0.06153164803981781,
        -0.47653597593307495,
        -0.5122339725494385,
        -0.10731612145900726,
        0.9917972683906555,
        -0.06943696737289429,
        -0.3228919506072998,
        0.4683545231819153,
        0.11203614622354507,
        0.8764085173606873,
        0.7768046855926514
    ],
    [
        0.8803032636642456,
        0.05900002643465996,
        -0.47072842717170715,
        -0.5379540324211121,
        -0.10418062657117844,
        0.9920575618743896,
        -0.07048463821411133,
        -0.33839431405067444,
        0.4628311097621918,
        0.11108862608671188,
        0.8794581890106201,
        0.8230113387107849
    ],
    [
        0.8833150863647461,
        0.05761559307575226,
        -0.4652256667613983,
        -0.5559595823287964,
        -0.10243479162454605,
        0.9921583533287048,
        -0.0716177374124527,
        -0.3513287305831909,
        0.457451194524765,
        0.11091631650924683,
        0.8822901248931885,
        0.8542736768722534
    ],
    [
        0.887593686580658,
        0.05855092033743858,
        -0.45689094066619873,
        -0.5947167873382568,
        -0.10372602939605713,
        0.9918190836906433,
        -0.0744042918086052,
        -0.36603015661239624,
        0.44879668951034546,
        0.11343227326869965,
        0.8864054679870605,
        0.9106746912002563
    ],
    [
        0.8906998038291931,
        0.05886648967862129,
        -0.45076441764831543,
        -0.6290088295936584,
        -0.10430414974689484,
        0.9915905594825745,
        -0.07660817354917526,
        -0.3770770728588104,
        0.44246402382850647,
        0.11525148153305054,
        0.889349639415741,
        0.9664246439933777
    ],
    [
        0.8946040868759155,
        0.05980537831783295,
        -0.44283950328826904,
        -0.6619975566864014,
        -0.10453213006258011,
        0.9915153980255127,
        -0.07726708054542542,
        -0.39087286591529846,
        0.43446117639541626,
        0.11541441082954407,
        0.8932653665542603,
        1.0131875276565552
    ],
    [
        0.8990350961685181,
        0.057675931602716446,
        -0.43406155705451965,
        -0.6987925171852112,
        -0.1014719232916832,
        0.9917449951171875,
        -0.07839208841323853,
        -0.40837010741233826,
        0.4259570837020874,
        0.1145223081111908,
        0.8974659442901611,
        1.0864992141723633
    ],
    [
        0.9026140570640564,
        0.05702972412109375,
        -0.4266562759876251,
        -0.7244853973388672,
        -0.09933682531118393,
        0.992027223110199,
        -0.07755134999752045,
        -0.4234637916088104,
        0.4188319444656372,
        0.11238162219524384,
        0.9010828137397766,
        1.1384304761886597
    ],
    [
        0.9081253409385681,
        0.05625727027654648,
        -0.4149019420146942,
        -0.7542489171028137,
        -0.0963415652513504,
        0.9924190640449524,
        -0.0763057991862297,
        -0.4407758414745331,
        0.40746384859085083,
        0.10926751047372818,
        0.906660795211792,
        1.2011862993240356
    ],
    [
        0.9124605059623718,
        0.05466442555189133,
        -0.40549662709236145,
        -0.7746911644935608,
        -0.09332410246133804,
        0.9927176237106323,
        -0.0761738047003746,
        -0.45045825839042664,
        0.3983796536922455,
        0.10734821110963821,
        0.9109171628952026,
        1.246990442276001
    ],
    [
        0.9176297187805176,
        0.052825555205345154,
        -0.39390987157821655,
        -0.7945470213890076,
        -0.08953748643398285,
        0.9931254982948303,
        -0.07539758831262589,
        -0.46547168493270874,
        0.38721904158592224,
        0.10445678979158401,
        0.9160515069961548,
        1.3067681789398193
    ],
    [
        0.9213196039199829,
        0.04971195384860039,
        -0.3856150507926941,
        -0.8077917695045471,
        -0.08541342616081238,
        0.993442714214325,
        -0.0760008692741394,
        -0.4733923673629761,
        0.3793083131313324,
        0.10295779258012772,
        0.9195241928100586,
        1.3503286838531494
    ],
    [
        0.9250146746635437,
        0.048569709062576294,
        -0.376814067363739,
        -0.8174229264259338,
        -0.08279288560152054,
        0.9937288165092468,
        -0.0751551166176796,
        -0.48623278737068176,
        0.37080076336860657,
        0.10071713477373123,
        0.9232349395751953,
        1.3941943645477295
    ],
    [
        0.9314632415771484,
        0.04477981477975845,
        -0.36106911301612854,
        -0.8399708271026611,
        -0.07737719267606735,
        0.9940758943557739,
        -0.07632742822170258,
        -0.499297559261322,
        0.35551220178604126,
        0.09903469681739807,
        0.9294101595878601,
        1.4567373991012573
    ],
    [
        0.9362620711326599,
        0.04220049828290939,
        -0.34875836968421936,
        -0.854235827922821,
        -0.07350374758243561,
        0.9943171739578247,
        -0.0770106315612793,
        -0.5098232626914978,
        0.3435264825820923,
        0.09773717820644379,
        0.934043288230896,
        1.5026345252990723
    ],
    [
        0.9428874254226685,
        0.037748612463474274,
        -0.3309658169746399,
        -0.8749160766601562,
        -0.06723915785551071,
        0.9946747422218323,
        -0.07810885459184647,
        -0.5221205353736877,
        0.32625487446784973,
        0.095901720225811,
        0.9404044151306152,
        1.561071753501892
    ],
    [
        0.9477413892745972,
        0.03546495363116264,
        -0.31706228852272034,
        -0.887602686882019,
        -0.06343239545822144,
        0.9949079751968384,
        -0.07832256704568863,
        -0.5325120091438293,
        0.31267011165618896,
        0.09434156864881516,
        0.9451650977134705,
        1.6023422479629517
    ],
    [
        0.9525829553604126,
        0.03276396915316582,
        -0.30250975489616394,
        -0.8999592661857605,
        -0.05939635634422302,
        0.9950827956199646,
        -0.07926057279109955,
        -0.5398187041282654,
        0.2984253764152527,
        0.0934702530503273,
        0.9498451352119446,
        1.6420828104019165
    ],
    [
        0.9587151408195496,
        0.028719505295157433,
        -0.2829141616821289,
        -0.9092856645584106,
        -0.053739033639431,
        0.9952583312988281,
        -0.08107437938451767,
        -0.5457769632339478,
        0.2792443037033081,
        0.09293077886104584,
        0.9557125568389893,
        1.6871134042739868
    ],
    [
        0.9629756212234497,
        0.02551940269768238,
        -0.2683776021003723,
        -0.9108150005340576,
        -0.04938213527202606,
        0.9953632354736328,
        -0.08254308998584747,
        -0.548805296421051,
        0.2650267779827118,
        0.09274004399776459,
        0.959770917892456,
        1.7168464660644531
    ],
    [
        0.9686650633811951,
        0.022150322794914246,
        -0.2473808228969574,
        -0.9118539094924927,
        -0.044239845126867294,
        0.9954752326011658,
        -0.08409503102302551,
        -0.5535559058189392,
        0.24439877271652222,
        0.09240400791168213,
        0.9652620553970337,
        1.7513724565505981
    ],
    [
        0.9728130102157593,
        0.020033808425068855,
        -0.23072366416454315,
        -0.9106695055961609,
        -0.04070471227169037,
        0.9955334663391113,
        -0.08518306165933609,
        -0.5573093295097351,
        0.22798661887645721,
        0.09225872159004211,
        0.9692835211753845,
        1.7730756998062134
    ],
    [
        0.9782736897468567,
        0.016255727037787437,
        -0.20667952299118042,
        -0.9114003777503967,
        -0.03494011610746384,
        0.9955886602401733,
        -0.08707670867443085,
        -0.5612773895263672,
        0.20435228943824768,
        0.0924062579870224,
        0.9745261669158936,
        1.8019365072250366
    ]
]