[
    [
        0.9941968321800232,
        0.015721313655376434,
        -0.10642221570014954,
        -0.03480630740523338,
        -0.015697916969656944,
        0.9998762011528015,
        0.0010575843043625355,
        -0.020068608224391937,
        0.10642566531896591,
        0.0006191603606566787,
        0.9943205118179321,
        0.22499512135982513
    ],
    [
        0.9900516271591187,
        0.019223114475607872,
        -0.13938501477241516,
        -0.04726893827319145,
        -0.01918625645339489,
        0.9998146295547485,
        0.0016082220245152712,
        -0.027369199320673943,
        0.13939008116722107,
        0.0010820541065186262,
        0.9902370572090149,
        0.2911915183067322
    ],
    [
        0.9842591285705566,
        0.022965896874666214,
        -0.17523251473903656,
        -0.05998435616493225,
        -0.022830739617347717,
        0.999735414981842,
        0.002787473378702998,
        -0.03432740643620491,
        0.17525018751621246,
        0.0012570914113894105,
        0.9845230579376221,
        0.3654062747955322
    ],
    [
        0.9761348366737366,
        0.027104012668132782,
        -0.21546699106693268,
        -0.0704597607254982,
        -0.027098428457975388,
        0.9996283054351807,
        0.002980576828122139,
        -0.04001323878765106,
        0.2154676765203476,
        0.0029293710831552744,
        0.9765065312385559,
        0.44652897119522095
    ],
    [
        0.9646115899085999,
        0.03175797313451767,
        -0.26175546646118164,
        -0.07817615568637848,
        -0.03191029652953148,
        0.9994840621948242,
        0.0036696018651127815,
        -0.04849400371313095,
        0.2617369592189789,
        0.004812955390661955,
        0.9651272296905518,
        0.5169748663902283
    ],
    [
        0.9455268383026123,
        0.03760146722197533,
        -0.3233652114868164,
        -0.09128839522600174,
        -0.037881962954998016,
        0.9992675185203552,
        0.00542887207120657,
        -0.059236858040094376,
        0.32333239912986755,
        0.007116563618183136,
        0.9462587237358093,
        0.5882814526557922
    ],
    [
        0.9242740869522095,
        0.04348349943757057,
        -0.3792446553707123,
        -0.10934748500585556,
        -0.04396076872944832,
        0.9990058541297913,
        0.007405408192425966,
        -0.06710594892501831,
        0.3791896402835846,
        0.009827258996665478,
        0.9252668619155884,
        0.6478177905082703
    ],
    [
        0.9036567807197571,
        0.04856598749756813,
        -0.42549481987953186,
        -0.1323443353176117,
        -0.04945949465036392,
        0.9987359642982483,
        0.008954728953540325,
        -0.07434532046318054,
        0.42539188265800476,
        0.012952758930623531,
        0.904916524887085,
        0.6979253888130188
    ],
    [
        0.876253068447113,
        0.05463312938809395,
        -0.47874388098716736,
        -0.1658729910850525,
        -0.05598238855600357,
        0.9983659386634827,
        0.011465647257864475,
        -0.09130015969276428,
        0.47858795523643494,
        0.01675441861152649,
        0.8778797388076782,
        0.756624162197113
    ],
    [
        0.8464325666427612,
        0.06017041206359863,
        -0.5290855765342712,
        -0.19902728497982025,
        -0.06183692812919617,
        0.9979799389839172,
        0.014568690210580826,
        -0.10862991958856583,
        0.5288933515548706,
        0.020385606214404106,
        0.8484433889389038,
        0.8022844195365906
    ],
    [
        0.819699764251709,
        0.06392170488834381,
        -0.5692154765129089,
        -0.22405220568180084,
        -0.06648014485836029,
        0.9976546168327332,
        0.016299676150083542,
        -0.12438920140266418,
        0.5689223408699036,
        0.024480687454342842,
        0.8220268487930298,
        0.8308983445167542
    ],
    [
        0.7833879590034485,
        0.06912693381309509,
        -0.6176769137382507,
        -0.251345157623291,
        -0.07263714075088501,
        0.9971683621406555,
        0.019473163411021233,
        -0.1401420384645462,
        0.6172739863395691,
        0.029611248522996902,
        0.7861908078193665,
        0.8590291142463684
    ],
    [
        0.7471283078193665,
        0.07359336316585541,
        -0.6605931520462036,
        -0.2802339494228363,
        -0.07807458192110062,
        0.9966882467269897,
        0.02273397333920002,
        -0.1570582389831543,
        0.6600785255432129,
        0.03459033742547035,
        0.7503997683525085,
        0.8894653916358948
    ],
    [
        0.7117699980735779,
        0.07760565727949142,
        -0.6981123089790344,
        -0.30742156505584717,
        -0.08282670378684998,
        0.9962169528007507,
        0.02629736065864563,
        -0.17923256754875183,
        0.697512149810791,
        0.03910467028617859,
        0.7155051231384277,
        0.917012095451355
    ],
    [
        0.6686519384384155,
        0.08163098245859146,
        -0.7390812039375305,
        -0.33821189403533936,
        -0.08750219643115997,
        0.9956878423690796,
        0.03080914169549942,
        -0.20612181723117828,
        0.7384090423583984,
        0.044070642441511154,
        0.6729114055633545,
        0.9507051706314087
    ],
    [
        0.6278148889541626,
        0.08479209989309311,
        -0.7737303972244263,
        -0.36622944474220276,
        -0.09121380001306534,
        0.9952142238616943,
        0.03505215793848038,
        -0.23005139827728271,
        0.7729997038841248,
        0.04856862500309944,
        0.6325444579124451,
        0.9819466471672058
    ],
    [
        0.6027175784111023,
        0.08636075258255005,
        -0.7932674884796143,
        -0.38686275482177734,
        -0.09340067207813263,
        0.9949277639389038,
        0.03734992444515228,
        -0.25178682804107666,
        0.7924694418907166,
        0.05158026143908501,
        0.6077266335487366,
        1.0027247667312622
    ],
    [
        0.5845428109169006,
        0.08793621510267258,
        -0.8065835237503052,
        -0.40859532356262207,
        -0.09554924815893173,
        0.9946526885032654,
        0.03919418156147003,
        -0.2739395499229431,
        0.8057171702384949,
        0.05415775626897812,
        0.5898194909095764,
        1.0202213525772095
    ],
    [
        0.571038544178009,
        0.08866564929485321,
        -0.816120982170105,
        -0.4344590902328491,
        -0.09696485847234726,
        0.994475781917572,
        0.040196456015110016,
        -0.29288995265960693,
        0.8151764869689941,
        0.056181322783231735,
        0.5764815211296082,
        1.0358649492263794
    ],
    [
        0.5651863813400269,
        0.08922633528709412,
        -0.8201238512992859,
        -0.4573211073875427,
        -0.09783431142568588,
        0.9943676590919495,
        0.040761109441518784,
        -0.3124977648258209,
        0.8191415667533875,
        0.057198625057935715,
        0.5707324147224426,
        1.047914743423462
    ],
    [
        0.5590915679931641,
        0.08996493369340897,
        -0.8242104649543762,
        -0.4843692481517792,
        -0.09868033975362778,
        0.9942498207092285,
        0.041586797684431076,
        -0.33512309193611145,
        0.8232125043869019,
        0.05808253958821297,
        0.5647545456886292,
        1.056617259979248
    ],
    [
        0.5562911629676819,
        0.09018336236476898,
        -0.8260793089866638,
        -0.510416567325592,
        -0.09948199987411499,
        0.9941717982292175,
        0.041541773825883865,
        -0.3521134853363037,
        0.8250111937522888,
        0.05907069891691208,
        0.5620206594467163,
        1.0619902610778809
    ],
    [
        0.5552768707275391,
        0.09060283750295639,
        -0.8267157077789307,
        -0.5307731032371521,
        -0.09994961321353912,
        0.9941133856773376,
        0.04181581363081932,
        -0.3611675202846527,
        0.825637698173523,
        0.05941055715084076,
        0.5610638856887817,
        1.063776969909668
    ],
    [
        0.5555939078330994,
        0.09001373499631882,
        -0.8265669345855713,
        -0.5474275946617126,
        -0.10024158656597137,
        0.9941228628158569,
        0.04088125750422478,
        -0.3638685941696167,
        0.8253889679908752,
        0.06014300137758255,
        0.5613517165184021,
        1.063004970550537
    ],
    [
        0.5548667311668396,
        0.08967806398868561,
        -0.8270917534828186,
        -0.5587232112884521,
        -0.100319504737854,
        0.9941311478614807,
        0.04048862308263779,
        -0.3641118109226227,
        0.8258686661720276,
        0.0605076439678669,
        0.5606066584587097,
        1.0599782466888428
    ]
]