[
    [
        0.9999989867210388,
        -0.00018979530432261527,
        -0.0013882231432944536,
        -0.08763575553894043,
        0.0001904176751850173,
        0.9999999403953552,
        0.0004484361270442605,
        0.002261307556182146,
        0.0013881375780329108,
        -0.00044869992416352034,
        0.999998927116394,
        0.020523954182863235
    ],
    [
        0.9999989867210388,
        -0.00020818234770558774,
        -0.0014332769205793738,
        -0.09957113862037659,
        0.00020875966583844274,
        0.9999999403953552,
        0.00040220023947767913,
        0.0027415978256613016,
        0.0014331932179629803,
        -0.0004024988447781652,
        0.999998927116394,
        0.023320747539401054
    ],
    [
        0.9999990463256836,
        -0.00022669199097435921,
        -0.0014094985090196133,
        -0.11162982136011124,
        0.00022729106422048062,
        0.9999999403953552,
        0.0004248590557835996,
        0.0031214847695082426,
        0.0014094015350565314,
        -0.0004251789359841496,
        0.9999988079071045,
        0.02613426186144352
    ],
    [
        0.9999990463256836,
        -0.00019714122754521668,
        -0.0013927922118455172,
        -0.12365895509719849,
        0.00019781180890277028,
        0.9999998807907104,
        0.0004815029678866267,
        0.003473487449809909,
        0.0013926969841122627,
        -0.0004817780281882733,
        0.999998927116394,
        0.028955578804016113
    ],
    [
        0.9999990463256836,
        -0.0002078422112390399,
        -0.0013604065170511603,
        -0.13572929799556732,
        0.0002084277948597446,
        0.9999999403953552,
        0.00043047984945587814,
        0.004013881087303162,
        0.0013603162951767445,
        -0.000430763146141544,
        0.999998927116394,
        0.03178475424647331
    ],
    [
        0.9999990463256836,
        -0.00020013305766042322,
        -0.001396486652083695,
        -0.14768150448799133,
        0.00020069300080649555,
        0.9999999403953552,
        0.0004008582327514887,
        0.004451902117580175,
        0.001396405859850347,
        -0.00040113794966600835,
        0.9999990463256836,
        0.03458018600940704
    ],
    [
        0.9999990463256836,
        -0.0002048978494713083,
        -0.0013938805786892772,
        -0.15967486798763275,
        0.00020544318249449134,
        0.9999999403953552,
        0.00039098109118640423,
        0.004896092228591442,
        0.0013938010670244694,
        -0.00039126703632064164,
        0.9999990463256836,
        0.03737737610936165
    ],
    [
        0.9999990463256836,
        -0.00019482776406221092,
        -0.0013689580373466015,
        -0.1717524528503418,
        0.0001953672617673874,
        0.9999999403953552,
        0.0003945249773096293,
        0.005320086143910885,
        0.0013688810868188739,
        -0.00039479215047322214,
        0.9999990463256836,
        0.04016178101301193
    ],
    [
        0.9999989867210388,
        -0.000204446172574535,
        -0.0013770138612017035,
        -0.18374229967594147,
        0.00020508580200839788,
        0.9999998807907104,
        0.0004637890378944576,
        0.005683437921106815,
        0.0013769188662990928,
        -0.00046407096670009196,
        0.999998927116394,
        0.04298853874206543
    ],
    [
        0.9999990463256836,
        -0.00022797136625740677,
        -0.0014038488734513521,
        -0.19569338858127594,
        0.0002285666996613145,
        0.9999999403953552,
        0.00042416853830218315,
        0.006178844254463911,
        0.001403752132318914,
        -0.0004244894371367991,
        0.9999988079071045,
        0.04579905420541763
    ],
    [
        0.9999991059303284,
        -0.0002009421295952052,
        -0.0013266148744150996,
        -0.2078368067741394,
        0.00020166588365100324,
        0.9999998211860657,
        0.0005447830189950764,
        0.006380531936883926,
        0.0013265054440125823,
        -0.0005450500757433474,
        0.9999990463256836,
        0.04864520579576492
    ],
    [
        0.9999990463256836,
        -0.00020588769984897226,
        -0.001353287254460156,
        -0.21978047490119934,
        0.00020659730944316834,
        0.9999998211860657,
        0.0005240169703029096,
        0.006845676340162754,
        0.0013531791046261787,
        -0.0005242961342446506,
        0.9999990463256836,
        0.05141851305961609
    ],
    [
        0.9999991059303284,
        -0.0002206696372013539,
        -0.0013335015391930938,
        -0.23183152079582214,
        0.00022143936075735837,
        0.9999997615814209,
        0.000576827151235193,
        0.007215283345431089,
        0.0013333745300769806,
        -0.0005771216819994152,
        0.999998927116394,
        0.054278381168842316
    ],
    [
        0.9999991655349731,
        -0.00021868142357561737,
        -0.001315011759288609,
        -0.24385933578014374,
        0.00021939359430689365,
        0.9999998211860657,
        0.0005409999866969883,
        0.0076599279418587685,
        0.0013148935977369547,
        -0.0005412879982031882,
        0.9999990463256836,
        0.05707164853811264
    ],
    [
        0.9999991655349731,
        -0.00021652676514349878,
        -0.001309993676841259,
        -0.2558561861515045,
        0.00021732728055212647,
        0.9999998807907104,
        0.0006107819499447942,
        0.008040103130042553,
        0.0013098616618663073,
        -0.0006110662943683565,
        0.9999990463256836,
        0.05991578474640846
    ],
    [
        0.9999990463256836,
        -0.00020503581617958844,
        -0.001368000521324575,
        -0.2677609622478485,
        0.0002055571967503056,
        1.0,
        0.0003815902164205909,
        0.008793981745839119,
        0.0013679226394742727,
        -0.0003818708937615156,
        0.9999990463256836,
        0.06265116482973099
    ],
    [
        0.9999990463256836,
        -0.0002301617932971567,
        -0.0013534983154386282,
        -0.2797884941101074,
        0.0002308502298546955,
        0.9999998807907104,
        0.0005083401338197291,
        0.009022791869938374,
        0.0013533808523789048,
        -0.0005086520686745644,
        0.9999990463256836,
        0.06554176658391953
    ],
    [
        0.9999990463256836,
        -0.0002194835979025811,
        -0.001368287019431591,
        -0.2917962968349457,
        0.00022013839043211192,
        0.9999998807907104,
        0.0004781242460012436,
        0.009502531029284,
        0.0013681817799806595,
        -0.0004784247721545398,
        0.999998927116394,
        0.06830981373786926
    ],
    [
        0.9999991059303284,
        -0.00018918083515018225,
        -0.0012978032464161515,
        -0.3039334714412689,
        0.0001898801710922271,
        0.9999998211860657,
        0.0005393979954533279,
        0.009882635436952114,
        0.001297700684517622,
        -0.0005396439810283482,
        0.9999990463256836,
        0.07114623486995697
    ],
    [
        0.9999990463256836,
        -0.00024905664031393826,
        -0.0013533608289435506,
        -0.3158182203769684,
        0.0002497663372196257,
        0.9999998211860657,
        0.000523990485817194,
        0.010305564850568771,
        0.0013532303273677826,
        -0.0005243285559117794,
        0.9999990463256836,
        0.07392614334821701
    ],
    [
        0.9999990463256836,
        -0.00022247419110499322,
        -0.0013949484564363956,
        -0.32719242572784424,
        0.00022322783479467034,
        0.9999998211860657,
        0.0005395431653596461,
        0.010680239647626877,
        0.001394827850162983,
        -0.0005398538778536022,
        0.999998927116394,
        0.07661665230989456
    ],
    [
        0.9999990463256836,
        -0.0002164335601264611,
        -0.0013575184857472777,
        -0.3375776410102844,
        0.00021731345623265952,
        0.9999998211860657,
        0.0006484536570496857,
        0.010900165885686874,
        0.0013573782052844763,
        -0.0006487484206445515,
        0.9999988079071045,
        0.07901846617460251
    ],
    [
        0.9999989867210388,
        -0.00021501687297131866,
        -0.0013853199779987335,
        -0.3467366099357605,
        0.0002157501148758456,
        0.9999998211860657,
        0.0005290776025503874,
        0.011382058262825012,
        0.0013852058909833431,
        -0.0005293763824738562,
        0.999998927116394,
        0.08112786710262299
    ],
    [
        0.9999991655349731,
        -0.00019059699843637645,
        -0.0012779600219801068,
        -0.35497263073921204,
        0.0001912059960886836,
        0.9999998807907104,
        0.0004764330224134028,
        0.011744873598217964,
        0.00127786910161376,
        -0.0004766769416164607,
        0.9999990463256836,
        0.08304541558027267
    ],
    [
        0.9999989867210388,
        -0.00020016994676552713,
        -0.0013719246489927173,
        -0.36386263370513916,
        0.0002008110604947433,
        0.9999998807907104,
        0.0004671459610108286,
        0.012080719694495201,
        0.0013718311674892902,
        -0.00046742105041630566,
        0.999998927116394,
        0.08511412143707275
    ]
]