[
    [
        0.9861742854118347,
        0.05118543654680252,
        0.15760794281959534,
        -0.15885907411575317,
        -0.04963170364499092,
        0.9986725449562073,
        -0.01378091610968113,
        -0.21860960125923157,
        -0.15810410678386688,
        0.0057680350728333,
        0.9874055981636047,
        0.3654138445854187
    ],
    [
        0.9804919958114624,
        0.059622082859277725,
        0.1872982233762741,
        -0.1729101687669754,
        -0.05774057283997536,
        0.9982114434242249,
        -0.015490147285163403,
        -0.24422748386859894,
        -0.1878867745399475,
        0.004373260773718357,
        0.9821809530258179,
        0.44508057832717896
    ],
    [
        0.9746626615524292,
        0.06681781262159348,
        0.21346674859523773,
        -0.18777455389499664,
        -0.06504761427640915,
        0.9977646470069885,
        -0.015313684940338135,
        -0.2747943103313446,
        -0.21401280164718628,
        0.0010401750914752483,
        0.9768303632736206,
        0.5346423983573914
    ],
    [
        0.9692000150680542,
        0.07319274544715881,
        0.23514720797538757,
        -0.2008480429649353,
        -0.07127304375171661,
        0.9973176121711731,
        -0.016664428636431694,
        -0.3192901909351349,
        -0.2357361763715744,
        -0.0006084911292418838,
        0.9718167781829834,
        0.6326382160186768
    ],
    [
        0.9633255004882812,
        0.07917583733797073,
        0.2563886344432831,
        -0.2085096687078476,
        -0.07740089297294617,
        0.9968547224998474,
        -0.01702319271862507,
        -0.37282252311706543,
        -0.25693002343177795,
        -0.003445832757279277,
        0.9664239287376404,
        0.7258782386779785
    ],
    [
        0.9575055241584778,
        0.08474202454090118,
        0.2756843864917755,
        -0.21298274397850037,
        -0.08286495506763458,
        0.9963895678520203,
        -0.01847188174724579,
        -0.4257148206233978,
        -0.2762543857097626,
        -0.00515764718875289,
        0.9610706567764282,
        0.8116236925125122
    ],
    [
        0.9492073655128479,
        0.09301608800888062,
        0.30058836936950684,
        -0.2107149362564087,
        -0.09093591570854187,
        0.9956367015838623,
        -0.020936209708452225,
        -0.48994919657707214,
        -0.3012242019176483,
        -0.007461477071046829,
        0.9535241723060608,
        0.919175922870636
    ],
    [
        0.941311240196228,
        0.09941665083169937,
        0.3225668668746948,
        -0.2003210335969925,
        -0.09736602008342743,
        0.9949936270713806,
        -0.02252925932407379,
        -0.5359204411506653,
        -0.3231917917728424,
        -0.010200009681284428,
        0.9462785720825195,
        0.9919649958610535
    ],
    [
        0.932403564453125,
        0.10603708028793335,
        0.34551355242729187,
        -0.1893303096294403,
        -0.1040346771478653,
        0.9942745566368103,
        -0.024391716346144676,
        -0.5701882839202881,
        -0.34612175822257996,
        -0.013202479109168053,
        0.9380966424942017,
        1.0656356811523438
    ],
    [
        0.9215477108955383,
        0.11360102891921997,
        0.3712741732597351,
        -0.18130367994308472,
        -0.11165104806423187,
        0.993385374546051,
        -0.02682073786854744,
        -0.5876515507698059,
        -0.37186524271965027,
        -0.01673656329512596,
        0.9281357526779175,
        1.146300196647644
    ],
    [
        0.9095766544342041,
        0.12193410843610764,
        0.397243469953537,
        -0.16892968118190765,
        -0.12019559741020203,
        0.992315411567688,
        -0.029377441853284836,
        -0.5941864252090454,
        -0.39777299761772156,
        -0.02102588303387165,
        0.9172430038452148,
        1.2344021797180176
    ],
    [
        0.8957093954086304,
        0.1309952288866043,
        0.4249057471752167,
        -0.15548834204673767,
        -0.12920857965946198,
        0.9910627007484436,
        -0.03316298872232437,
        -0.6083119511604309,
        -0.42545244097709656,
        -0.025197073817253113,
        0.9046299457550049,
        1.3298736810684204
    ],
    [
        0.8739702105522156,
        0.14446355402469635,
        0.46401113271713257,
        -0.138917937874794,
        -0.14264439046382904,
        0.9889959692955017,
        -0.03923807665705681,
        -0.6686411499977112,
        -0.46457362174987793,
        -0.031895678490400314,
        0.8849598169326782,
        1.451809048652649
    ],
    [
        0.8536508083343506,
        0.1547561138868332,
        0.4973236620426178,
        -0.12536288797855377,
        -0.15343299508094788,
        0.9871867299079895,
        -0.04382455348968506,
        -0.7316687107086182,
        -0.497733473777771,
        -0.038894981145858765,
        0.866457462310791,
        1.5337008237838745
    ],
    [
        0.8302333950996399,
        0.16587114334106445,
        0.5321646928787231,
        -0.1031947061419487,
        -0.1644018143415451,
        0.9850967526435852,
        -0.05056186392903328,
        -0.7976574897766113,
        -0.5326204299926758,
        -0.04551069065928459,
        0.8451297879219055,
        1.6061666011810303
    ],
    [
        0.8036991357803345,
        0.176463782787323,
        0.5682677626609802,
        -0.07891350239515305,
        -0.1746964007616043,
        0.9829038977622986,
        -0.05814788118004799,
        -0.8695480823516846,
        -0.5688136219978333,
        -0.05254096910357475,
        0.8207865357398987,
        1.6657096147537231
    ],
    [
        0.7752708196640015,
        0.18622960150241852,
        0.6035508513450623,
        -0.0525062270462513,
        -0.18415223062038422,
        0.9806761145591736,
        -0.0660475492477417,
        -0.9348142147064209,
        -0.6041879653930664,
        -0.05994049087166786,
        0.7945842742919922,
        1.7169101238250732
    ],
    [
        0.7483936548233032,
        0.19336369633674622,
        0.6344425678253174,
        -0.02355143427848816,
        -0.19152946770191193,
        0.9788135886192322,
        -0.07239048928022385,
        -0.9887301325798035,
        -0.634998619556427,
        -0.06733778119087219,
        0.7695727944374084,
        1.7647899389266968
    ],
    [
        0.7152712345123291,
        0.20202486217021942,
        0.6690090298652649,
        0.02370079979300499,
        -0.20020118355751038,
        0.9764165878295898,
        -0.08080953359603882,
        -1.04185152053833,
        -0.6695569157600403,
        -0.07613567262887955,
        0.7388483285903931,
        1.828675627708435
    ],
    [
        0.6913760304450989,
        0.20837604999542236,
        0.6917937397956848,
        0.06353329867124557,
        -0.20633256435394287,
        0.9745756983757019,
        -0.0873451977968216,
        -1.0707682371139526,
        -0.6924059391021729,
        -0.08235125988721848,
        0.7167930006980896,
        1.8740878105163574
    ],
    [
        0.6661445498466492,
        0.21444477140903473,
        0.7143282890319824,
        0.10662982612848282,
        -0.21279552578926086,
        0.9726091027259827,
        -0.09354015439748764,
        -1.0965471267700195,
        -0.7148212194442749,
        -0.0896945372223854,
        0.6935310959815979,
        1.9233583211898804
    ],
    [
        0.6395661234855652,
        0.2210363745689392,
        0.7362732291221619,
        0.14835375547409058,
        -0.21930740773677826,
        0.9704315662384033,
        -0.10083094239234924,
        -1.1351441144943237,
        -0.736789882183075,
        -0.09698208421468735,
        0.6691299676895142,
        1.9729081392288208
    ],
    [
        0.6115016937255859,
        0.22817224264144897,
        0.757629930973053,
        0.18661333620548248,
        -0.2256542295217514,
        0.968044102191925,
        -0.10941074043512344,
        -1.1838877201080322,
        -0.758383572101593,
        -0.10405747592449188,
        0.6434485912322998,
        2.0240869522094727
    ],
    [
        0.5817515254020691,
        0.23373544216156006,
        0.7790589332580566,
        0.22119908034801483,
        -0.23193377256393433,
        0.9657244682312012,
        -0.11654599010944366,
        -1.2404611110687256,
        -0.7795973420143127,
        -0.112889364361763,
        0.6160228252410889,
        2.075068950653076
    ],
    [
        0.5401813983917236,
        0.24345506727695465,
        0.8055641651153564,
        0.25980648398399353,
        -0.24057354032993317,
        0.9619662761688232,
        -0.1294027864933014,
        -1.321282982826233,
        -0.8064294457435608,
        -0.12389642745256424,
        0.5782052278518677,
        2.132918119430542
    ]
]