[
    [
        0.9954922199249268,
        0.0036134368274360895,
        -0.09477495402097702,
        0.011481016874313354,
        -0.003130211029201746,
        0.9999812841415405,
        0.005246839486062527,
        -0.02519274316728115,
        0.09479214251041412,
        -0.004926521796733141,
        0.9954849481582642,
        0.17924080789089203
    ],
    [
        0.9902303814888,
        0.003950863145291805,
        -0.139385387301445,
        0.007347937673330307,
        -0.0031095533631742,
        0.9999756813049316,
        0.006253115367144346,
        -0.020258035510778427,
        0.1394066959619522,
        -0.005758597981184721,
        0.990218460559845,
        0.26283934712409973
    ],
    [
        0.9839734435081482,
        0.004607102833688259,
        -0.1782558411359787,
        -0.01111808605492115,
        -0.003448610659688711,
        0.9999709129333496,
        0.006808343809098005,
        -0.020170552656054497,
        0.1782820075750351,
        -0.006084493827074766,
        0.9839606285095215,
        0.3603343963623047
    ],
    [
        0.9780932664871216,
        0.004432579502463341,
        -0.20812004804611206,
        -0.03114207088947296,
        -0.003159050829708576,
        0.9999743103981018,
        0.006451176945120096,
        -0.02643684484064579,
        0.20814326405525208,
        -0.005652391351759434,
        0.9780819416046143,
        0.4483495354652405
    ],
    [
        0.9728726744651794,
        0.00426552863791585,
        -0.23130229115486145,
        -0.050073664635419846,
        -0.0029326160438358784,
        0.9999771118164062,
        0.006106164306402206,
        -0.02382703311741352,
        0.2313230335712433,
        -0.005262198857963085,
        0.972862720489502,
        0.5268178582191467
    ],
    [
        0.9668126702308655,
        0.0037150299176573753,
        -0.25545912981033325,
        -0.07046573609113693,
        -0.0023056857753545046,
        0.9999804496765137,
        0.005816154647618532,
        -0.024634668603539467,
        0.2554756999015808,
        -0.005034123081713915,
        0.9668024182319641,
        0.6311813592910767
    ],
    [
        0.9601730704307556,
        0.003080812282860279,
        -0.27938908338546753,
        -0.08551674336194992,
        -0.0016238722018897533,
        0.9999839067459106,
        0.005446039140224457,
        -0.02888091467320919,
        0.27940136194229126,
        -0.004775448236614466,
        0.9601624608039856,
        0.7154088616371155
    ],
    [
        0.9519596695899963,
        0.0036061264108866453,
        -0.3062022924423218,
        -0.11630519479513168,
        -0.002026147209107876,
        0.999983012676239,
        0.005477601196616888,
        -0.023540103808045387,
        0.3062168061733246,
        -0.004594045225530863,
        0.9519506096839905,
        0.7968734502792358
    ],
    [
        0.9424334764480591,
        0.004477395676076412,
        -0.3343636095523834,
        -0.16958577930927277,
        -0.00234213937073946,
        0.9999741911888123,
        0.006788926664739847,
        -0.0257354024797678,
        0.3343854248523712,
        -0.005614985711872578,
        0.9424195885658264,
        0.8981963396072388
    ],
    [
        0.9326027631759644,
        0.004996585194021463,
        -0.360869824886322,
        -0.23280513286590576,
        -0.0026819640770554543,
        0.9999724626541138,
        0.006914519239217043,
        -0.026715442538261414,
        0.36089444160461426,
        -0.005480659194290638,
        0.9325905442237854,
        1.0045112371444702
    ],
    [
        0.924227237701416,
        0.005043250974267721,
        -0.38180965185165405,
        -0.3030954599380493,
        -0.0024862298741936684,
        0.9999710917472839,
        0.007190136704593897,
        -0.020391153171658516,
        0.38183483481407166,
        -0.005696053151041269,
        0.9242131114006042,
        1.1255371570587158
    ],
    [
        0.918188750743866,
        0.004812221042811871,
        -0.3961138427257538,
        -0.37339210510253906,
        -0.0021434787195175886,
        0.9999720454216003,
        0.007179673761129379,
        -0.014764208346605301,
        0.3961372375488281,
        -0.005743235349655151,
        0.9181733131408691,
        1.2521889209747314
    ],
    [
        0.9123662710189819,
        0.003968872129917145,
        -0.40935570001602173,
        -0.43828147649765015,
        -0.0016388969961553812,
        0.9999804496765137,
        0.006042470224201679,
        -0.0075519271194934845,
        0.40937167406082153,
        -0.004842054098844528,
        0.9123547673225403,
        1.3686022758483887
    ],
    [
        0.9071980714797974,
        0.004013477358967066,
        -0.4206846058368683,
        -0.5209516286849976,
        -0.001803006511181593,
        0.9999824166297913,
        0.005652029532939196,
        -0.005479193292558193,
        0.42069992423057556,
        -0.004369013477116823,
        0.9071892499923706,
        1.487796664237976
    ],
    [
        0.9031702280044556,
        0.0036004625726491213,
        -0.42926737666130066,
        -0.6134469509124756,
        -0.0017372254515066743,
        0.9999873638153076,
        0.004732262343168259,
        -0.012880503199994564,
        0.4292789399623871,
        -0.0035283041652292013,
        0.9031650424003601,
        1.6005991697311401
    ],
    [
        0.9004822373390198,
        0.00321763358078897,
        -0.4348810315132141,
        -0.7110937237739563,
        -0.0018388780299574137,
        0.9999919533729553,
        0.003591167274862528,
        -0.010928478091955185,
        0.434889018535614,
        -0.002434088848531246,
        0.9004808068275452,
        1.7103463411331177
    ],
    [
        0.8975070118904114,
        0.002447262406349182,
        -0.4409932792186737,
        -0.7985637187957764,
        -0.0013785031624138355,
        0.9999952912330627,
        0.002743882592767477,
        -0.008502434939146042,
        0.4409979581832886,
        -0.0018547431100159883,
        0.8975061774253845,
        1.8234885931015015
    ],
    [
        0.8942384123802185,
        0.001698034000582993,
        -0.44758763909339905,
        -0.8752208948135376,
        -0.0010070140706375241,
        0.9999979734420776,
        0.0017818182241171598,
        -0.00962758157402277,
        0.4475897550582886,
        -0.0011426432756707072,
        0.894238293170929,
        1.92599618434906
    ],
    [
        0.8907091617584229,
        0.0015330251771956682,
        -0.4545709788799286,
        -0.9544875025749207,
        -0.001053609768860042,
        0.9999986290931702,
        0.0013079671189188957,
        -0.004030085168778896,
        0.45457231998443604,
        -0.0006860783323645592,
        0.890709638595581,
        2.026310920715332
    ],
    [
        0.8878619074821472,
        0.0012654721504077315,
        -0.4601083993911743,
        -1.04032564163208,
        -0.0010831470135599375,
        0.9999992251396179,
        0.0006602491484954953,
        -0.006201133597642183,
        0.46010881662368774,
        -8.78447899594903e-05,
        0.8878624439239502,
        2.1257452964782715
    ],
    [
        0.8855320811271667,
        0.00017484623822383583,
        -0.46457821130752563,
        -1.127803087234497,
        -0.0006517111323773861,
        0.9999994039535522,
        -0.0008658718434162438,
        -0.004436340648680925,
        0.4645777940750122,
        0.0010695273522287607,
        0.8855316638946533,
        2.2189342975616455
    ],
    [
        0.8838138580322266,
        -0.00043474126141518354,
        -0.4678383767604828,
        -1.203689694404602,
        -9.686020348453894e-05,
        0.9999994039535522,
        -0.0011122389696538448,
        -0.0022267354652285576,
        0.4678386449813843,
        0.0010283277370035648,
        0.8838134407997131,
        2.308462381362915
    ],
    [
        0.8815485835075378,
        -0.0010892432183027267,
        -0.4720919728279114,
        -1.2720121145248413,
        0.0002344434760743752,
        0.9999982714653015,
        -0.001869482803158462,
        -0.003704237751662731,
        0.4720931947231293,
        0.0015373603673651814,
        0.8815473914146423,
        2.4012017250061035
    ],
    [
        0.8795012831687927,
        -0.0020528887398540974,
        -0.4758921265602112,
        -1.3274043798446655,
        0.0009812548523768783,
        0.9999964833259583,
        -0.0025002870243042707,
        0.0005872761830687523,
        0.47589555382728577,
        0.001732034608721733,
        0.8795000314712524,
        2.485480308532715
    ],
    [
        0.8775176405906677,
        -0.0025467926170676947,
        -0.4795376658439636,
        -1.3956060409545898,
        0.0011698236921802163,
        0.9999943375587463,
        -0.00317021319642663,
        0.004523522220551968,
        0.479543000459671,
        0.002220942871645093,
        0.8775154948234558,
        2.581528663635254
    ]
]