[
    [
        0.030315225943922997,
        -0.07896843552589417,
        0.9964160919189453,
        -0.358392596244812,
        0.051400162279605865,
        0.9956784248352051,
        0.07734616845846176,
        -0.09069269150495529,
        -0.9982179403305054,
        0.04887118190526962,
        0.034243207424879074,
        -0.5780006051063538
    ],
    [
        0.025695836171507835,
        -0.07983783632516861,
        0.9964765906333923,
        -0.34858861565589905,
        0.05092509090900421,
        0.9956159591674805,
        0.07845570147037506,
        -0.08870609849691391,
        -0.9983718395233154,
        0.04872967675328255,
        0.02964893728494644,
        -0.5745775699615479
    ],
    [
        0.02142646349966526,
        -0.08039771020412445,
        0.9965325593948364,
        -0.3321572244167328,
        0.050562236458063126,
        0.9955729842185974,
        0.07923314720392227,
        -0.08605886250734329,
        -0.9984910488128662,
        0.048689231276512146,
        0.025396693497896194,
        -0.568571150302887
    ],
    [
        0.018216107040643692,
        -0.08126599341630936,
        0.9965259432792664,
        -0.307045042514801,
        0.05012995004653931,
        0.995512068271637,
        0.08026695996522903,
        -0.08015561103820801,
        -0.9985765814781189,
        0.0484936460852623,
        0.022208215668797493,
        -0.5587506294250488
    ],
    [
        0.015740130096673965,
        -0.08274988830089569,
        0.9964460730552673,
        -0.2668154537677765,
        0.0498771108686924,
        0.9953938126564026,
        0.08187463879585266,
        -0.06913131475448608,
        -0.9986313581466675,
        0.04841112717986107,
        0.019794953987002373,
        -0.5518170595169067
    ],
    [
        0.013723284937441349,
        -0.08404994755983353,
        0.9963669776916504,
        -0.2069750428199768,
        0.04989907145500183,
        0.995276927947998,
        0.08327069878578186,
        -0.05324864014983177,
        -0.9986599683761597,
        0.04857504740357399,
        0.017852483317255974,
        -0.5447676181793213
    ],
    [
        0.012558604590594769,
        -0.08601986616849899,
        0.9962142109870911,
        -0.1266556829214096,
        0.049511153250932693,
        0.9951241612434387,
        0.08530159294605255,
        -0.03775321692228317,
        -0.9986945986747742,
        0.048252444714307785,
        0.016756312921643257,
        -0.5400494337081909
    ],
    [
        0.01151339616626501,
        -0.08770406991243362,
        0.9960801005363464,
        -0.029276790097355843,
        0.049370210617780685,
        0.994981050491333,
        0.08703664690256119,
        -0.026556551456451416,
        -0.9987142086029053,
        0.04817459359765053,
        0.0157855786383152,
        -0.5370698571205139
    ],
    [
        0.011949943378567696,
        -0.08882066607475281,
        0.995975911617279,
        0.07601877301931381,
        0.049280665814876556,
        0.9948890209197998,
        0.08813245594501495,
        -0.017045099288225174,
        -0.9987135529518127,
        0.048029180616140366,
        0.016266008839011192,
        -0.5383862257003784
    ],
    [
        0.01134910061955452,
        -0.08944886922836304,
        0.9959267377853394,
        0.17932096123695374,
        0.049218419939279556,
        0.9948335886001587,
        0.08878982812166214,
        -0.00864851102232933,
        -0.9987235069274902,
        0.04801024869084358,
        0.015692997723817825,
        -0.5401076078414917
    ],
    [
        0.011128490790724754,
        -0.09019134193658829,
        0.9958622455596924,
        0.27787622809410095,
        0.04910549521446228,
        0.9947715401649475,
        0.08954381197690964,
        -0.001815399038605392,
        -0.9987316727638245,
        0.0479058213531971,
        0.015499196015298367,
        -0.5404443740844727
    ],
    [
        0.011308948509395123,
        -0.08977055549621582,
        0.9958983063697815,
        0.38496145606040955,
        0.04935450479388237,
        0.9947981238365173,
        0.08911095559597015,
        0.011966660618782043,
        -0.9987173080444336,
        0.04814431443810463,
        0.015680702403187752,
        -0.5341283082962036
    ],
    [
        0.013738421723246574,
        -0.09085472673177719,
        0.9957693815231323,
        0.5260416269302368,
        0.04833953455090523,
        0.9947592616081238,
        0.0900956317782402,
        0.03232270106673241,
        -0.9987364411354065,
        0.04689725488424301,
        0.018058298155665398,
        -0.5152249336242676
    ],
    [
        0.016366558149456978,
        -0.09231244772672653,
        0.9955956339836121,
        0.6552854776382446,
        0.04799719154834747,
        0.994653582572937,
        0.09143607318401337,
        0.04484710842370987,
        -0.9987133741378784,
        0.04628930240869522,
        0.020709794014692307,
        -0.4865449368953705
    ],
    [
        0.021156616508960724,
        -0.09197400510311127,
        0.9955365657806396,
        0.7888661026954651,
        0.04752068594098091,
        0.9947265982627869,
        0.09088927507400513,
        0.05427451431751251,
        -0.9986461400985718,
        0.04538567364215851,
        0.02541571855545044,
        -0.45028480887413025
    ],
    [
        0.027587074786424637,
        -0.09284601360559464,
        0.9952983260154724,
        0.9204293489456177,
        0.046808820217847824,
        0.9947049617767334,
        0.09149324893951416,
        0.0628800317645073,
        -0.9985227584838867,
        0.044064704328775406,
        0.03178701177239418,
        -0.4185061752796173
    ],
    [
        0.035747088491916656,
        -0.09298532456159592,
        0.9950255751609802,
        1.057129979133606,
        0.0467342734336853,
        0.9947282075881958,
        0.0912785679101944,
        0.07022829353809357,
        -0.9982674717903137,
        0.04323885217308998,
        0.03990423306822777,
        -0.3875792920589447
    ],
    [
        0.04541972279548645,
        -0.09338900446891785,
        0.9945932030677795,
        1.2058669328689575,
        0.04713543504476547,
        0.9947120547294617,
        0.09124766290187836,
        0.08312223851680756,
        -0.9978553652763367,
        0.04273613542318344,
        0.04958146810531616,
        -0.35819533467292786
    ],
    [
        0.05702544376254082,
        -0.09382353723049164,
        0.9939543604850769,
        1.3586549758911133,
        0.047445688396692276,
        0.9947043061256409,
        0.0911722481250763,
        0.0862186849117279,
        -0.9972447156906128,
        0.04195971041917801,
        0.06117497384548187,
        -0.32887327671051025
    ],
    [
        0.07602553814649582,
        -0.0938759446144104,
        0.9926769137382507,
        1.506000280380249,
        0.04766163229942322,
        0.9947622418403625,
        0.09042292833328247,
        0.0788588672876358,
        -0.9959661364555359,
        0.040438149124383926,
        0.0801016166806221,
        -0.3035280108451843
    ],
    [
        0.10061703622341156,
        -0.0926673635840416,
        0.9906003475189209,
        1.6462374925613403,
        0.0484502874314785,
        0.9949280619621277,
        0.08815103024244308,
        0.07753245532512665,
        -0.9937447905540466,
        0.03912537544965744,
        0.10459648817777634,
        -0.27471452951431274
    ],
    [
        0.1273733526468277,
        -0.09254413843154907,
        0.9875279664993286,
        1.7791939973831177,
        0.04850098863244057,
        0.9950277209281921,
        0.08699119836091995,
        0.08240023255348206,
        -0.9906682372093201,
        0.03681572154164314,
        0.1312284767627716,
        -0.2355310022830963
    ],
    [
        0.15238569676876068,
        -0.09234672039747238,
        0.9839972257614136,
        1.9133659601211548,
        0.04808985814452171,
        0.9951386451721191,
        0.08594492822885513,
        0.09407708048820496,
        -0.9871503710746765,
        0.03422350808978081,
        0.15608584880828857,
        -0.18491412699222565
    ],
    [
        0.175943985581398,
        -0.09103136509656906,
        0.9801821112632751,
        2.0489954948425293,
        0.04783577844500542,
        0.9953293800354004,
        0.08385153114795685,
        0.0971495658159256,
        -0.9832372665405273,
        0.03213459625840187,
        0.1794767826795578,
        -0.12438242137432098
    ],
    [
        0.20375660061836243,
        -0.09007193148136139,
        0.974869430065155,
        2.204986333847046,
        0.04736680909991264,
        0.9954996109008789,
        0.08207794278860092,
        0.08984578400850296,
        -0.9778751134872437,
        0.029452523216605186,
        0.20710603892803192,
        -0.046023137867450714
    ]
]