[
    [
        0.999995231628418,
        -0.0022204220294952393,
        0.002148686209693551,
        -0.09297788143157959,
        0.0022407667711377144,
        0.9999522566795349,
        -0.00951293483376503,
        -0.1278514266014099,
        -0.0021274613682180643,
        0.009517704136669636,
        0.9999524354934692,
        0.03568463400006294
    ],
    [
        0.9999932646751404,
        -0.002954698633402586,
        0.002224561059847474,
        -0.10771790146827698,
        0.002979264361783862,
        0.999933660030365,
        -0.011122130788862705,
        -0.14826704561710358,
        -0.002191551961004734,
        0.011128682643175125,
        0.9999356269836426,
        0.045194659382104874
    ],
    [
        0.9999943971633911,
        -0.0020327456295490265,
        0.002668985165655613,
        -0.12847457826137543,
        0.0020622091833502054,
        0.9999364614486694,
        -0.011083177290856838,
        -0.18028612434864044,
        -0.00264628604054451,
        0.011088619939982891,
        0.9999350309371948,
        0.060785140842199326
    ],
    [
        0.9999978542327881,
        0.0001152886325144209,
        0.002075356198474765,
        -0.1458839327096939,
        -9.380636038258672e-05,
        0.9999464154243469,
        -0.01034842524677515,
        -0.2142058163881302,
        -0.0020764379296451807,
        0.010348208248615265,
        0.9999443292617798,
        0.07753800600767136
    ],
    [
        0.9999955296516418,
        0.0012000453425571322,
        0.002773708663880825,
        -0.16201362013816833,
        -0.0011711567640304565,
        0.9999452829360962,
        -0.010393287055194378,
        -0.23884837329387665,
        -0.002786029828712344,
        0.010389989241957664,
        0.9999421834945679,
        0.08796485513448715
    ],
    [
        0.9999860525131226,
        0.001672538579441607,
        0.005006024148315191,
        -0.18793314695358276,
        -0.0016144465189427137,
        0.9999316334724426,
        -0.01158596109598875,
        -0.26969942450523376,
        -0.00502505898475647,
        0.011577717959880829,
        0.9999203681945801,
        0.10035853832960129
    ],
    [
        0.9999720454216003,
        0.004022601060569286,
        0.006309182848781347,
        -0.21168158948421478,
        -0.003951835911720991,
        0.9999295473098755,
        -0.011188856326043606,
        -0.3046155571937561,
        -0.006353747099637985,
        0.01116361003369093,
        0.9999175071716309,
        0.11452808231115341
    ],
    [
        0.9999450445175171,
        0.007959704846143723,
        0.006834592670202255,
        -0.22924688458442688,
        -0.007895865477621555,
        0.9999254941940308,
        -0.009317377582192421,
        -0.33528029918670654,
        -0.006908247247338295,
        0.009262898936867714,
        0.9999332427978516,
        0.12614105641841888
    ],
    [
        0.9999135732650757,
        0.011056754738092422,
        0.007120728492736816,
        -0.2524327337741852,
        -0.011005023494362831,
        0.9999130964279175,
        -0.00726351048797369,
        -0.37743130326271057,
        -0.007200419902801514,
        0.007184518966823816,
        0.999948263168335,
        0.1426895558834076
    ],
    [
        0.9998514652252197,
        0.015882661566138268,
        0.006697576493024826,
        -0.27189841866493225,
        -0.015843160450458527,
        0.9998569488525391,
        -0.005910647567361593,
        -0.416708767414093,
        -0.006790495477616787,
        0.005803658626973629,
        0.9999600648880005,
        0.1582425832748413
    ],
    [
        0.9997640252113342,
        0.020728399977087975,
        0.006473965011537075,
        -0.29184338450431824,
        -0.02069147303700447,
        0.9997695088386536,
        -0.005719806998968124,
        -0.45331576466560364,
        -0.0065910350531339645,
        0.005584502127021551,
        0.9999626874923706,
        0.17114940285682678
    ],
    [
        0.9997161030769348,
        0.022898264229297638,
        0.006592088844627142,
        -0.30807140469551086,
        -0.02286345884203911,
        0.9997245073318481,
        -0.005307489540427923,
        -0.4833894371986389,
        -0.006711804773658514,
        0.005155264865607023,
        0.9999641180038452,
        0.1822001188993454
    ],
    [
        0.9996939301490784,
        0.023792795836925507,
        0.006787089630961418,
        -0.33096200227737427,
        -0.023760786280035973,
        0.9997063875198364,
        -0.004758529830724001,
        -0.5264134407043457,
        -0.0068983156234025955,
        0.004595806356519461,
        0.9999655485153198,
        0.1976873129606247
    ],
    [
        0.9997269511222839,
        0.022165782749652863,
        0.007394970394670963,
        -0.35417842864990234,
        -0.022125428542494774,
        0.9997401237487793,
        -0.00549452006816864,
        -0.5692148208618164,
        -0.007514839060604572,
        0.005329402629286051,
        0.9999575614929199,
        0.2108505219221115
    ],
    [
        0.9997602105140686,
        0.020465996116399765,
        0.00778150325641036,
        -0.3717685043811798,
        -0.020413169637322426,
        0.9997684955596924,
        -0.006808718200773001,
        -0.599956750869751,
        -0.007919048890471458,
        0.006648240610957146,
        0.9999464750289917,
        0.22032871842384338
    ],
    [
        0.9997956156730652,
        0.01870795711874962,
        0.007656453642994165,
        -0.3930940330028534,
        -0.018647370859980583,
        0.9997948408126831,
        -0.007909521460533142,
        -0.6430968046188354,
        -0.0078028542920947075,
        0.0077651324681937695,
        0.9999394416809082,
        0.23281805217266083
    ],
    [
        0.9998215436935425,
        0.01723019778728485,
        0.007747456431388855,
        -0.4149916172027588,
        -0.017172185704112053,
        0.9998244643211365,
        -0.007493304088711739,
        -0.6911042332649231,
        -0.007875206880271435,
        0.00735892727971077,
        0.9999419450759888,
        0.24610039591789246
    ],
    [
        0.9998401403427124,
        0.016225045546889305,
        0.007509154733270407,
        -0.4358990788459778,
        -0.016178999096155167,
        0.9998502731323242,
        -0.006152506452053785,
        -0.7423309087753296,
        -0.007607853971421719,
        0.0060300324112176895,
        0.9999529123306274,
        0.262190043926239
    ],
    [
        0.999845027923584,
        0.015837378799915314,
        0.00768624572083354,
        -0.4526885449886322,
        -0.015798503533005714,
        0.9998621344566345,
        -0.005092802457511425,
        -0.7815802097320557,
        -0.007765842601656914,
        0.004970581736415625,
        0.9999575614929199,
        0.2732584476470947
    ],
    [
        0.9998403787612915,
        0.015189621597528458,
        0.009405340068042278,
        -0.47784340381622314,
        -0.015143685974180698,
        0.9998731017112732,
        -0.004936029203236103,
        -0.83082115650177,
        -0.00947912223637104,
        0.004792810883373022,
        0.9999436140060425,
        0.2855112850666046
    ],
    [
        0.9998362064361572,
        0.014485484920442104,
        0.010854612104594707,
        -0.5017592310905457,
        -0.0144293662160635,
        0.999882161617279,
        -0.00523059768602252,
        -0.8789756894111633,
        -0.010929100215435028,
        0.00507311662659049,
        0.9999274015426636,
        0.295608252286911
    ],
    [
        0.9998387098312378,
        0.014014261774718761,
        0.011229334399104118,
        -0.51820307970047,
        -0.013963283970952034,
        0.9998918771743774,
        -0.004605399444699287,
        -0.9177069067955017,
        -0.011292663402855396,
        0.004447858780622482,
        0.9999263286590576,
        0.3031816780567169
    ],
    [
        0.999828577041626,
        0.013629219494760036,
        0.012528478167951107,
        -0.5411308407783508,
        -0.013578378595411777,
        0.9998992085456848,
        -0.004134278744459152,
        -0.9680246114730835,
        -0.012583563104271889,
        0.003963454160839319,
        0.9999129772186279,
        0.3156474232673645
    ],
    [
        0.999835193157196,
        0.013107526116073132,
        0.012560252100229263,
        -0.5609119534492493,
        -0.01306343823671341,
        0.9999082088470459,
        -0.0035856098402291536,
        -1.0173518657684326,
        -0.012606094591319561,
        0.003420922439545393,
        0.9999146461486816,
        0.3270430266857147
    ],
    [
        0.9998562335968018,
        0.012642327696084976,
        0.01129844132810831,
        -0.5767690539360046,
        -0.012613204307854176,
        0.9999169707298279,
        -0.0026448089629411697,
        -1.0666637420654297,
        -0.011330938898026943,
        0.0025019017048180103,
        0.9999327659606934,
        0.33764463663101196
    ]
]