[
    [
        0.9997654557228088,
        -0.01413168478757143,
        -0.016407890245318413,
        0.11560070514678955,
        0.01416192390024662,
        0.9998982548713684,
        0.0017282412154600024,
        -0.00013992532331030816,
        0.016381800174713135,
        -0.0019602032843977213,
        0.9998639822006226,
        0.010615282692015171
    ],
    [
        0.9997726678848267,
        -0.01413662824779749,
        -0.015963496640324593,
        0.10959387570619583,
        0.014164176769554615,
        0.9998983144760132,
        0.0016138539649546146,
        -0.00022577212075702846,
        0.015939058735966682,
        -0.0018395967781543732,
        0.9998712539672852,
        0.010240745730698109
    ],
    [
        0.9997797608375549,
        -0.014240497723221779,
        -0.015416904352605343,
        0.10341989248991013,
        0.014260223135352135,
        0.9998976588249207,
        0.0011702262563630939,
        -0.00013094540918245912,
        0.015398663468658924,
        -0.0013898167526349425,
        0.9998804330825806,
        0.009755374863743782
    ],
    [
        0.9997837543487549,
        -0.01433519832789898,
        -0.015064612962305546,
        0.09525951743125916,
        0.014351475052535534,
        0.9998965859413147,
        0.000972866895608604,
        -0.0006967608351260424,
        0.015049108304083347,
        -0.0011888560838997364,
        0.9998860359191895,
        0.008900122717022896
    ],
    [
        0.9997894763946533,
        -0.014255533926188946,
        -0.014756418764591217,
        0.08971739560365677,
        0.014269785955548286,
        0.9998977780342102,
        0.0008610851946286857,
        -0.001013795263133943,
        0.014742637053132057,
        -0.0010714755626395345,
        0.9998906850814819,
        0.008321999572217464
    ],
    [
        0.9997988343238831,
        -0.01421096920967102,
        -0.014148104004561901,
        0.08185120671987534,
        0.01422334834933281,
        0.9998984932899475,
        0.0007746463525108993,
        -0.0017736154841259122,
        0.014135661534965038,
        -0.0009757246007211506,
        0.9998996257781982,
        0.007620291318744421
    ],
    [
        0.9998008012771606,
        -0.01422607060521841,
        -0.01399802416563034,
        0.07617580890655518,
        0.01423459779471159,
        0.9998985528945923,
        0.0005096923559904099,
        -0.0019498649053275585,
        0.01398935355246067,
        -0.0007088467245921493,
        0.9999018907546997,
        0.007060172967612743
    ],
    [
        0.9998020529747009,
        -0.014231862500309944,
        -0.01390059944242239,
        0.07080645114183426,
        0.014239830896258354,
        0.9998984932899475,
        0.0004744326579384506,
        -0.0018571093678474426,
        0.01389243733137846,
        -0.0006722813122905791,
        0.9999032020568848,
        0.006628658622503281
    ],
    [
        0.9998088479042053,
        -0.014079158194363117,
        -0.013560946099460125,
        0.06363628059625626,
        0.014084244146943092,
        0.9999008178710938,
        0.0002796767803374678,
        -0.0017911063041538,
        0.013555661775171757,
        -0.00047061825171113014,
        0.9999079704284668,
        0.006640785839408636
    ],
    [
        0.9998127818107605,
        -0.013942920602858067,
        -0.013416638597846031,
        0.05774710699915886,
        0.013945615850389004,
        0.9999027848243713,
        0.0001072438171831891,
        -0.0017620446160435677,
        0.013413840904831886,
        -0.00029432724113576114,
        0.9999099969863892,
        0.006702011451125145
    ],
    [
        0.9998093247413635,
        -0.014081052504479885,
        -0.013535790145397186,
        0.04987894743680954,
        0.014080877415835857,
        0.9999008178710938,
        -0.00010835548164322972,
        -0.001966936746612191,
        0.01353597640991211,
        -8.22604852146469e-05,
        0.9999083280563354,
        0.006915058940649033
    ],
    [
        0.9998127818107605,
        -0.013936483301222324,
        -0.013416782952845097,
        0.04418296366930008,
        0.01393549982458353,
        0.9999028444290161,
        -0.00016686279559507966,
        -0.0019179506925866008,
        0.013417806476354599,
        -2.0138812033110298e-05,
        0.9999099969863892,
        0.007213993929326534
    ],
    [
        0.9998167753219604,
        -0.013885319232940674,
        -0.013168941251933575,
        0.03542104735970497,
        0.013885864056646824,
        0.9999035596847534,
        -5.003530895919539e-05,
        -0.002287987619638443,
        0.013168366625905037,
        -0.0001328353100689128,
        0.9999133348464966,
        0.007825024425983429
    ],
    [
        0.999813437461853,
        -0.013951554894447327,
        -0.013364187441766262,
        0.029195092618465424,
        0.013947796076536179,
        0.9999026656150818,
        -0.00037444382905960083,
        -0.0021012630313634872,
        0.013368112035095692,
        0.00018797314260154963,
        0.9999105930328369,
        0.007907139137387276
    ],
    [
        0.9998160600662231,
        -0.013980232179164886,
        -0.013133582659065723,
        0.023438049480319023,
        0.013975847512483597,
        0.9999022483825684,
        -0.00042560428846627474,
        -0.001975303515791893,
        0.013138248585164547,
        0.0002419727825326845,
        0.9999136924743652,
        0.007875185459852219
    ],
    [
        0.9998170137405396,
        -0.013949556276202202,
        -0.013089681975543499,
        0.015149741433560848,
        0.013947799801826477,
        0.9999027252197266,
        -0.00022550052381120622,
        -0.0021563603077083826,
        0.01309155486524105,
        4.288647323846817e-05,
        0.999914288520813,
        0.00812723208218813
    ],
    [
        0.9998171329498291,
        -0.013951137661933899,
        -0.013076751492917538,
        0.008675431832671165,
        0.013946541585028172,
        0.999902606010437,
        -0.0004426663799677044,
        -0.001635911175981164,
        0.013081653974950314,
        0.000260209635598585,
        0.9999144077301025,
        0.008654809556901455
    ],
    [
        0.999817967414856,
        -0.013927591033279896,
        -0.013039235956966877,
        -0.00014098729297984391,
        0.013921957463026047,
        0.9999029040336609,
        -0.0005227398360148072,
        -0.001386802177876234,
        0.013045251369476318,
        0.0003411131619941443,
        0.9999148845672607,
        0.009929332882165909
    ],
    [
        0.9998167753219604,
        -0.01401703990995884,
        -0.013027602806687355,
        -0.006624212488532066,
        0.014010179787874222,
        0.9999015927314758,
        -0.0006176691967993975,
        -0.0015558396698907018,
        0.01303497888147831,
        0.00043503683991730213,
        0.9999150037765503,
        0.01086074486374855
    ],
    [
        0.9998136162757874,
        -0.014144914224743843,
        -0.013147663325071335,
        -0.012495355680584908,
        0.01413652952760458,
        0.9998998045921326,
        -0.0007303625461645424,
        -0.0018308553844690323,
        0.013156676664948463,
        0.0005443635163828731,
        0.9999133348464966,
        0.011852838099002838
    ],
    [
        0.9998141527175903,
        -0.013992086052894592,
        -0.013261236250400543,
        -0.020186807960271835,
        0.013984406366944313,
        0.9999019503593445,
        -0.000671597255859524,
        -0.0025606483686715364,
        0.01326933316886425,
        0.00048602159949950874,
        0.9999117851257324,
        0.012915240600705147
    ],
    [
        0.9998117685317993,
        -0.014003989286720753,
        -0.013432254083454609,
        -0.02619849517941475,
        0.01399726141244173,
        0.9999018907546997,
        -0.0005946597666479647,
        -0.0028537672478705645,
        0.01343926414847374,
        0.0004065323155373335,
        0.9999096393585205,
        0.013673500157892704
    ],
    [
        0.9998038411140442,
        -0.014331197366118431,
        -0.013678071089088917,
        -0.03351869061589241,
        0.014320166781544685,
        0.9998970627784729,
        -0.0009040337172336876,
        -0.003009494161233306,
        0.013689619489014149,
        0.0007079833885654807,
        0.999906063079834,
        0.014884769916534424
    ],
    [
        0.9997984170913696,
        -0.014493141323328018,
        -0.013895773328840733,
        -0.03904833272099495,
        0.014479383826255798,
        0.9998946189880371,
        -0.0010902420617640018,
        -0.0027715933974832296,
        0.013910110108554363,
        0.0008888199226930737,
        0.9999028444290161,
        0.015662536025047302
    ],
    [
        0.9997981190681458,
        -0.014505675062537193,
        -0.01390309352427721,
        -0.046543460339307785,
        0.01448995154350996,
        0.9998942017555237,
        -0.0012308864388614893,
        -0.0026516502257436514,
        0.01391948014497757,
        0.001029183273203671,
        0.9999024868011475,
        0.015754174441099167
    ]
]