[
    [
        0.9995606541633606,
        -0.001298635033890605,
        0.02961040660738945,
        0.1127178966999054,
        0.001309795887209475,
        0.9999990463256836,
        -0.00035753249539993703,
        -0.002272216137498617,
        -0.029609914869070053,
        0.00039615854620933533,
        0.9995614886283875,
        -0.031107353046536446
    ],
    [
        0.9995347261428833,
        -0.0010871459962800145,
        0.03048255667090416,
        0.1268766224384308,
        0.0010912650031968951,
        0.9999994039535522,
        -0.00011849457951029763,
        -0.0028693831991404295,
        -0.03048240952193737,
        0.00015170341066550463,
        0.999535322189331,
        -0.033631205558776855
    ],
    [
        0.9995055198669434,
        -0.001061441726051271,
        0.031427960842847824,
        0.1479012817144394,
        0.001064968528226018,
        0.9999995231628418,
        -9.546742512611672e-05,
        -0.0033507072366774082,
        -0.03142784163355827,
        0.0001288905623368919,
        0.9995059967041016,
        -0.03739895299077034
    ],
    [
        0.999481737613678,
        -0.0013964477693662047,
        0.03215944766998291,
        0.16807356476783752,
        0.0013993862085044384,
        0.9999990463256836,
        -6.885619222884998e-05,
        -0.003751038108021021,
        -0.03215932101011276,
        0.00011382380762370303,
        0.9994827508926392,
        -0.04070202261209488
    ],
    [
        0.9994478821754456,
        -0.000631864124443382,
        0.03321893513202667,
        0.1872163563966751,
        0.000623219006229192,
        0.9999998211860657,
        0.00027059807325713336,
        -0.00482387188822031,
        -0.033219095319509506,
        -0.00024974593543447554,
        0.9994480013847351,
        -0.043804287910461426
    ],
    [
        0.9994124174118042,
        -0.0003843175363726914,
        0.03427382931113243,
        0.20540112257003784,
        0.00036795748746953905,
        0.9999998807907104,
        0.00048365359543822706,
        -0.005961524322628975,
        -0.03427400812506676,
        -0.00047075856127776206,
        0.9994124174118042,
        -0.04742273688316345
    ],
    [
        0.9993799328804016,
        -9.164021321339533e-05,
        0.03521040081977844,
        0.22294247150421143,
        6.930877134436741e-05,
        0.9999998211860657,
        0.0006354424986056983,
        -0.007237131707370281,
        -0.03521045297384262,
        -0.0006326076108962297,
        0.9993797540664673,
        -0.05077414959669113
    ],
    [
        0.9993512630462646,
        -8.726779924472794e-05,
        0.036015354096889496,
        0.2401665598154068,
        6.18042322457768e-05,
        0.9999997615814209,
        0.0007081103976815939,
        -0.008001678623259068,
        -0.03601540997624397,
        -0.000705425743944943,
        0.9993510842323303,
        -0.05344632267951965
    ],
    [
        0.9993256330490112,
        0.0005933212814852595,
        0.03671221062541008,
        0.2567363977432251,
        -0.0006222487427294254,
        0.9999995231628418,
        0.0007765385089442134,
        -0.008827741257846355,
        -0.03671173378825188,
        -0.000798858527559787,
        0.9993256330490112,
        -0.055341798812150955
    ],
    [
        0.9993132948875427,
        0.0007958551868796349,
        0.037041813135147095,
        0.2722684144973755,
        -0.0008415287593379617,
        0.999998927116394,
        0.0012174580479040742,
        -0.00969424843788147,
        -0.03704080358147621,
        -0.0012477937852963805,
        0.9993128776550293,
        -0.05683097615838051
    ],
    [
        0.999312162399292,
        0.0005318361800163984,
        0.03707814961671829,
        0.2872017025947571,
        -0.0005869237938895822,
        0.9999987483024597,
        0.0014748522080481052,
        -0.009972779080271721,
        -0.03707731515169144,
        -0.001495599513873458,
        0.9993112087249756,
        -0.0576748326420784
    ],
    [
        0.9993065595626831,
        0.00043721357360482216,
        0.03723185136914253,
        0.3013996481895447,
        -0.0004924893728457391,
        0.9999987483024597,
        0.0014754686271771789,
        -0.009885280393064022,
        -0.03723116219043732,
        -0.0014927819138392806,
        0.9993054866790771,
        -0.05793588235974312
    ],
    [
        0.9993031024932861,
        0.0004951165174134076,
        0.03732394799590111,
        0.31502246856689453,
        -0.0005506073939613998,
        0.9999987483024597,
        0.001476486911997199,
        -0.009710980579257011,
        -0.03732317313551903,
        -0.0014960088301450014,
        0.9993020296096802,
        -0.057601891458034515
    ],
    [
        0.9992915391921997,
        0.0006270390003919601,
        0.03763154521584511,
        0.3281683027744293,
        -0.0006847979384474456,
        0.9999985694885254,
        0.0015219851629808545,
        -0.009428836405277252,
        -0.03763053938746452,
        -0.0015466776676476002,
        0.9992904663085938,
        -0.05693330615758896
    ],
    [
        0.9992756247520447,
        0.0009061159216798842,
        0.03804541751742363,
        0.3412029445171356,
        -0.0009558210731483996,
        0.9999987483024597,
        0.0012882986338809133,
        -0.00877939909696579,
        -0.03804420307278633,
        -0.0013237303355708718,
        0.9992751479148865,
        -0.05578700080513954
    ],
    [
        0.9992497563362122,
        0.001338981557637453,
        0.03870528191328049,
        0.35423317551612854,
        -0.001391684403643012,
        0.999998152256012,
        0.0013347237836569548,
        -0.008367106318473816,
        -0.03870342671871185,
        -0.0013875882141292095,
        0.9992497563362122,
        -0.05432263761758804
    ],
    [
        0.9992048144340515,
        0.001297775306738913,
        0.03984937071800232,
        0.367008775472641,
        -0.0013561235973611474,
        0.9999980926513672,
        0.0014372093137353659,
        -0.007985400967299938,
        -0.03984742984175682,
        -0.0014901069225743413,
        0.999204695224762,
        -0.053170643746852875
    ],
    [
        0.9991243481636047,
        0.0017297646263614297,
        0.0418037511408329,
        0.3796820342540741,
        -0.0017785535892471671,
        0.9999977946281433,
        0.0011299444595351815,
        -0.007496372330933809,
        -0.04180170223116875,
        -0.0012033048551529646,
        0.9991253018379211,
        -0.05204237997531891
    ],
    [
        0.9990270733833313,
        0.0021508559584617615,
        0.04404785484075546,
        0.39312300086021423,
        -0.0022041727788746357,
        0.9999968409538269,
        0.0011618982534855604,
        -0.007620727643370628,
        -0.04404521733522415,
        -0.0012578567257151008,
        0.9990288019180298,
        -0.05039774253964424
    ],
    [
        0.9988934993743896,
        0.0025629017036408186,
        0.04695935547351837,
        0.406454473733902,
        -0.002622178290039301,
        0.9999958872795105,
        0.0012007530312985182,
        -0.007671642582863569,
        -0.046956080943346024,
        -0.001322560478001833,
        0.9988961219787598,
        -0.04911446198821068
    ],
    [
        0.9987668991088867,
        0.003277316689491272,
        0.04953727871179581,
        0.41960233449935913,
        -0.0033358633518218994,
        0.9999938607215881,
        0.001099234796129167,
        -0.007801314350217581,
        -0.04953336715698242,
        -0.0012631290592253208,
        0.998771607875824,
        -0.04857231676578522
    ],
    [
        0.9986583590507507,
        0.0034645365085452795,
        0.05166715756058693,
        0.43364399671554565,
        -0.0035256061237305403,
        0.9999931454658508,
        0.0010908833937719464,
        -0.007537751458585262,
        -0.05166302248835564,
        -0.001271578250452876,
        0.9986636638641357,
        -0.04836588352918625
    ],
    [
        0.9985589385032654,
        0.003686940297484398,
        0.053538430482149124,
        0.44718727469444275,
        -0.00376326497644186,
        0.9999920129776001,
        0.0013248566538095474,
        -0.007585864048451185,
        -0.05353311821818352,
        -0.0015244260430335999,
        0.9985648989677429,
        -0.0476725809276104
    ],
    [
        0.9984638094902039,
        0.004036651458591223,
        0.05525975674390793,
        0.46089476346969604,
        -0.004115385003387928,
        0.9999905824661255,
        0.001311062602326274,
        -0.007179507985711098,
        -0.055253949016332626,
        -0.0015364638529717922,
        0.9984710812568665,
        -0.04730353504419327
    ],
    [
        0.9983959197998047,
        0.004115625284612179,
        0.05646843463182449,
        0.4745214581489563,
        -0.004201698116958141,
        0.9999901652336121,
        0.001405602553859353,
        -0.006990180350840092,
        -0.05646209791302681,
        -0.0016406116774305701,
        0.9984034895896912,
        -0.046527620404958725
    ]
]