[
    [
        0.9948511719703674,
        -0.008420239202678204,
        0.10099628567695618,
        0.031222883611917496,
        0.00843249261379242,
        0.9999644160270691,
        0.0003056050045415759,
        0.07930788397789001,
        -0.1009952649474144,
        0.0005476189544424415,
        0.9948866963386536,
        0.03689168766140938
    ],
    [
        0.9912953972816467,
        -0.011193334124982357,
        0.1311798393726349,
        0.028748374432325363,
        0.011064051650464535,
        0.9999373555183411,
        0.0017143592704087496,
        0.09319935739040375,
        -0.13119082152843475,
        -0.00024805573048070073,
        0.9913570880889893,
        0.043040934950113297
    ],
    [
        0.9883420467376709,
        -0.01341735664755106,
        0.15165744721889496,
        0.021746767684817314,
        0.013148334808647633,
        0.9999096989631653,
        0.0027766013517975807,
        0.10305934399366379,
        -0.15168102085590363,
        -0.0007501895888708532,
        0.9884291887283325,
        0.05702513828873634
    ],
    [
        0.9864240288734436,
        -0.01495084073394537,
        0.16353602707386017,
        0.007330773863941431,
        0.01457951683551073,
        0.9998876452445984,
        0.0034706464502960443,
        0.10782187432050705,
        -0.16356952488422394,
        -0.0010392525000497699,
        0.9865313172340393,
        0.08920403569936752
    ],
    [
        0.9842166304588318,
        -0.01721132919192314,
        0.17612870037555695,
        -0.021168341860175133,
        0.016321910545229912,
        0.9998456239700317,
        0.0064973896369338036,
        0.14251644909381866,
        -0.1762133538722992,
        -0.003520081751048565,
        0.9843457341194153,
        0.21079868078231812
    ],
    [
        0.9820462465286255,
        -0.018978623673319817,
        0.1876830905675888,
        -0.02863837219774723,
        0.017446370795369148,
        0.9997996091842651,
        0.00981269869953394,
        0.1757405549287796,
        -0.18783172965049744,
        -0.006362134125083685,
        0.9821805953979492,
        0.4753638803958893
    ],
    [
        0.9813089370727539,
        -0.021346157416701317,
        0.19125168025493622,
        0.009972424246370792,
        0.019364437088370323,
        0.9997376799583435,
        0.012225075624883175,
        0.16315485537052155,
        -0.19146248698234558,
        -0.008293095044791698,
        0.9814649224281311,
        0.7975886464118958
    ],
    [
        0.9811869263648987,
        -0.022297024726867676,
        0.19176806509494781,
        0.036725036799907684,
        0.01986793987452984,
        0.9996962547302246,
        0.014580588787794113,
        0.15000486373901367,
        -0.19203490018844604,
        -0.010496247559785843,
        0.9813320636749268,
        1.1834216117858887
    ],
    [
        0.9811553359031677,
        -0.023251976817846298,
        0.19181621074676514,
        0.05770180746912956,
        0.02063749171793461,
        0.9996650218963623,
        0.015617039054632187,
        0.1306832730770111,
        -0.19211506843566895,
        -0.011364134959876537,
        0.9813067317008972,
        1.5550196170806885
    ],
    [
        0.9811279773712158,
        -0.025169365108013153,
        0.19171443581581116,
        0.11752156168222427,
        0.022517651319503784,
        0.9996184706687927,
        0.01599808968603611,
        0.13672471046447754,
        -0.1920439600944519,
        -0.01137921679764986,
        0.981320321559906,
        1.981759786605835
    ],
    [
        0.9817903637886047,
        -0.026294779032468796,
        0.1881391406059265,
        0.20196402072906494,
        0.02364044077694416,
        0.9995869994163513,
        0.0163387730717659,
        0.11039730161428452,
        -0.1884910613298416,
        -0.011593557894229889,
        0.9820064902305603,
        2.3607516288757324
    ],
    [
        0.983267605304718,
        -0.02612208016216755,
        0.18028441071510315,
        0.25081974267959595,
        0.023804273456335068,
        0.9996039867401123,
        0.015008296817541122,
        0.10368866473436356,
        -0.18060508370399475,
        -0.010465632192790508,
        0.983500063419342,
        2.78191876411438
    ],
    [
        0.9856946468353271,
        -0.025004366412758827,
        0.16667595505714417,
        0.2650469243526459,
        0.02301662601530552,
        0.9996392130851746,
        0.013847091235220432,
        0.06167251616716385,
        -0.16696204245090485,
        -0.009812683798372746,
        0.9859144687652588,
        3.157066822052002
    ],
    [
        0.9881516098976135,
        -0.024809295311570168,
        0.15146245062351227,
        0.29610615968704224,
        0.02312292717397213,
        0.9996496438980103,
        0.012885338626801968,
        0.0616530179977417,
        -0.1517290472984314,
        -0.009230414405465126,
        0.9883790016174316,
        3.4956767559051514
    ],
    [
        0.9925033450126648,
        -0.02434278279542923,
        0.11976844817399979,
        0.3577285706996918,
        0.02314586006104946,
        0.9996674060821533,
        0.01137479953467846,
        0.04640141874551773,
        -0.12000550329685211,
        -0.00851738266646862,
        0.9927366971969604,
        3.8939130306243896
    ],
    [
        0.9950623512268066,
        -0.023863133043050766,
        0.0963413342833519,
        0.40268367528915405,
        0.022923888638615608,
        0.999678373336792,
        0.010844366624951363,
        0.037973590195178986,
        -0.09656912088394165,
        -0.008582302369177341,
        0.9952893257141113,
        4.255204200744629
    ],
    [
        0.9957350492477417,
        -0.023313939571380615,
        0.08926458656787872,
        0.41668808460235596,
        0.022433197125792503,
        0.9996893405914307,
        0.010857349261641502,
        -0.016958583146333694,
        -0.08948998153209686,
        -0.008808554150164127,
        0.9959487318992615,
        4.670933723449707
    ],
    [
        0.9957500696182251,
        -0.023355964571237564,
        0.0890863686800003,
        0.444455087184906,
        0.022582203149795532,
        0.9996980428695679,
        0.009683655574917793,
        -0.08691799640655518,
        -0.08928563445806503,
        -0.007630734238773584,
        0.9959768652915955,
        5.015489101409912
    ],
    [
        0.9945073127746582,
        -0.025328438729047775,
        0.10155664384365082,
        0.5342049598693848,
        0.02439318597316742,
        0.9996479153633118,
        0.010440688580274582,
        -0.19069385528564453,
        -0.1017853319644928,
        -0.00790605042129755,
        0.9947749972343445,
        5.415762424468994
    ],
    [
        0.9885787963867188,
        -0.028185782954096794,
        0.14804567396640778,
        0.6429612636566162,
        0.026715798303484917,
        0.9995720982551575,
        0.011908834800124168,
        -0.2766902446746826,
        -0.14831799268722534,
        -0.007817663252353668,
        0.9889088273048401,
        5.764927864074707
    ],
    [
        0.9697245955467224,
        -0.030892711132764816,
        0.24223966896533966,
        0.7346009016036987,
        0.028596848249435425,
        0.9995065927505493,
        0.01298881508409977,
        -0.37600642442703247,
        -0.24252137541770935,
        -0.005668280646204948,
        0.970129668712616,
        6.081441879272461
    ],
    [
        0.9303139448165894,
        -0.03767320141196251,
        0.3648245632648468,
        0.9146943092346191,
        0.03434566408395767,
        0.9992881417274475,
        0.01560782827436924,
        -0.4416915476322174,
        -0.3651525378227234,
        -0.0019900277256965637,
        0.9309455156326294,
        6.312386512756348
    ],
    [
        0.8703635931015015,
        -0.04563088342547417,
        0.4902910590171814,
        1.2198026180267334,
        0.040682632476091385,
        0.9989566206932068,
        0.020752158015966415,
        -0.4874991774559021,
        -0.49072617292404175,
        0.0018844058504328132,
        0.871311604976654,
        6.509325981140137
    ],
    [
        0.7614971995353699,
        -0.05245635285973549,
        0.6460420489311218,
        1.5782365798950195,
        0.04578258842229843,
        0.9985832571983337,
        0.02711699716746807,
        -0.5183377265930176,
        -0.6465492248535156,
        0.008927961811423302,
        0.7628199458122253,
        6.650502681732178
    ],
    [
        0.5896555781364441,
        -0.059487178921699524,
        0.8054611086845398,
        1.9455912113189697,
        0.04833042994141579,
        0.9980954527854919,
        0.03833283111453056,
        -0.5207244753837585,
        -0.8062075972557068,
        0.016325121745467186,
        0.5914075970649719,
        6.762787342071533
    ]
]