[
    [
        0.9908342361450195,
        -0.0018545208731666207,
        0.13507036864757538,
        0.1651412695646286,
        0.0016942430520430207,
        0.9999976754188538,
        0.0013015636941418052,
        -0.023317938670516014,
        -0.1350724697113037,
        -0.001060791197232902,
        0.9908351898193359,
        0.20708587765693665
    ],
    [
        0.9897952079772949,
        -0.0024757336359471083,
        0.1424754410982132,
        0.20874276757240295,
        0.002338915364816785,
        0.9999966025352478,
        0.0011277622543275356,
        -0.02481304481625557,
        -0.14247773587703705,
        -0.0007830164395272732,
        0.9897975921630859,
        0.23481398820877075
    ],
    [
        0.9891687035560608,
        -0.0035527946893125772,
        0.14673994481563568,
        0.25459757447242737,
        0.0033715597819536924,
        0.9999932050704956,
        0.0014837747439742088,
        -0.030751299113035202,
        -0.14674420654773712,
        -0.0009729612502269447,
        0.9891740083694458,
        0.26300936937332153
    ],
    [
        0.9889516830444336,
        -0.003912606276571751,
        0.1481863558292389,
        0.3019828498363495,
        0.0037851938977837563,
        0.9999921917915344,
        0.0011418242938816547,
        -0.03724546730518341,
        -0.14818966388702393,
        -0.0005682947230525315,
        0.9889587163925171,
        0.2872629165649414
    ],
    [
        0.9887639880180359,
        -0.0040313624776899815,
        0.14943084120750427,
        0.355630487203598,
        0.003838498145341873,
        0.9999914169311523,
        0.0015790542820468545,
        -0.044237054884433746,
        -0.14943590760231018,
        -0.0009877218399196863,
        0.9887709021568298,
        0.3121081590652466
    ],
    [
        0.9887251257896423,
        -0.003500448539853096,
        0.1497012823820114,
        0.3980185091495514,
        0.0033543119207024574,
        0.999993622303009,
        0.0012286718701943755,
        -0.051463596522808075,
        -0.14970462024211884,
        -0.0007126739365048707,
        0.9887304902076721,
        0.3331938087940216
    ],
    [
        0.9887786507606506,
        -0.004230373539030552,
        0.1493280827999115,
        0.4395415484905243,
        0.00404509948566556,
        0.9999905824661255,
        0.0015444275923073292,
        -0.0560915581882,
        -0.14933320879936218,
        -0.0009230496361851692,
        0.9887865781784058,
        0.3561567962169647
    ],
    [
        0.9888060092926025,
        -0.003341582603752613,
        0.1491696536540985,
        0.48682737350463867,
        0.003191484836861491,
        0.999994158744812,
        0.0012455919058993459,
        -0.06256348639726639,
        -0.14917291700839996,
        -0.0007555752526968718,
        0.9888107776641846,
        0.38387760519981384
    ],
    [
        0.988967776298523,
        -0.003205526154488325,
        0.14809603989124298,
        0.5372704267501831,
        0.002875732956454158,
        0.999992847442627,
        0.002440959680825472,
        -0.06868371367454529,
        -0.148102805018425,
        -0.001988145522773266,
        0.9889699220657349,
        0.4171765446662903
    ],
    [
        0.9896227121353149,
        -0.0030227634124457836,
        0.1436586230993271,
        0.5745428800582886,
        0.0026859522331506014,
        0.9999932646751404,
        0.00253840209916234,
        -0.0737844705581665,
        -0.14366529881954193,
        -0.002126200357452035,
        0.9896240830421448,
        0.4416026175022125
    ],
    [
        0.9907598495483398,
        -0.0030337816569954157,
        0.13559387624263763,
        0.6090579628944397,
        0.002647423418238759,
        0.9999918937683105,
        0.0030296046752482653,
        -0.0766373723745346,
        -0.1356019526720047,
        -0.002642636885866523,
        0.9907599687576294,
        0.46500223875045776
    ],
    [
        0.9923391938209534,
        -0.002744666300714016,
        0.12351292371749878,
        0.6465868353843689,
        0.002387521555647254,
        0.9999924898147583,
        0.003039473667740822,
        -0.080687515437603,
        -0.12352035194635391,
        -0.00272129918448627,
        0.9923382997512817,
        0.49175018072128296
    ],
    [
        0.9947957396507263,
        -0.0018606625963002443,
        0.1018725112080574,
        0.6942871809005737,
        0.001548111205920577,
        0.9999938011169434,
        0.0031470421236008406,
        -0.08546732366085052,
        -0.10187774896621704,
        -0.002972954884171486,
        0.9947925209999084,
        0.5197069644927979
    ],
    [
        0.9970359802246094,
        -0.0005454783677123487,
        0.07693430781364441,
        0.7329951524734497,
        0.0002761695650406182,
        0.9999938011169434,
        0.003511107061058283,
        -0.09229271858930588,
        -0.07693574577569962,
        -0.0034794523380696774,
        0.9970300197601318,
        0.5381007194519043
    ],
    [
        0.9989256858825684,
        -0.0005764082306995988,
        0.0463375560939312,
        0.7623990774154663,
        0.0004124837869312614,
        0.9999936819076538,
        0.003547094762325287,
        -0.09881045669317245,
        -0.046339306980371475,
        -0.003524170257151127,
        0.9989196062088013,
        0.5563186407089233
    ],
    [
        0.9999386072158813,
        0.0006825720192864537,
        0.011064874939620495,
        0.7867999076843262,
        -0.0007117101340554655,
        0.9999963045120239,
        0.0026296605356037617,
        -0.1051814928650856,
        -0.011063039302825928,
        -0.0026373735163360834,
        0.9999353885650635,
        0.576662003993988
    ],
    [
        0.9994658827781677,
        0.002251251833513379,
        -0.03260184824466705,
        0.8099316358566284,
        -0.0021582364570349455,
        0.9999935030937195,
        0.0028879891615360975,
        -0.11291840672492981,
        0.032608140259981155,
        -0.0028160838410258293,
        0.999464213848114,
        0.6067485213279724
    ],
    [
        0.9976145029067993,
        0.004114693962037563,
        -0.06890787184238434,
        0.8278711438179016,
        -0.003912737127393484,
        0.9999876022338867,
        0.0030655309092253447,
        -0.12180439382791519,
        0.06891962885856628,
        -0.002788599580526352,
        0.9976182579994202,
        0.638259768486023
    ],
    [
        0.9941858649253845,
        0.004167740698903799,
        -0.10759690403938293,
        0.8432295918464661,
        -0.0037277517840266228,
        0.9999839067459106,
        0.004290034994482994,
        -0.13412639498710632,
        0.10761304944753647,
        -0.003863997757434845,
        0.9941853880882263,
        0.667378842830658
    ],
    [
        0.9883912801742554,
        0.006217383313924074,
        -0.1518026441335678,
        0.8625581860542297,
        -0.0055059283040463924,
        0.9999718070030212,
        0.005106603726744652,
        -0.14583198726177216,
        0.15183012187480927,
        -0.004211507737636566,
        0.9883975386619568,
        0.6887480616569519
    ],
    [
        0.9777215719223022,
        0.00614597974345088,
        -0.20981594920158386,
        0.8838561773300171,
        -0.005131963640451431,
        0.999972403049469,
        0.005377053748816252,
        -0.15067026019096375,
        0.20984318852424622,
        -0.004180493298918009,
        0.9777261018753052,
        0.7067430019378662
    ],
    [
        0.9659104347229004,
        0.007037748116999865,
        -0.25878068804740906,
        0.9058747887611389,
        -0.005893388297408819,
        0.9999690651893616,
        0.005197581835091114,
        -0.15342405438423157,
        0.25880923867225647,
        -0.0034953057765960693,
        0.9659221172332764,
        0.7190581560134888
    ],
    [
        0.9517525434494019,
        0.008390733040869236,
        -0.30675190687179565,
        0.9331785440444946,
        -0.007128754165023565,
        0.9999608397483826,
        0.005234208889305592,
        -0.15577886998653412,
        0.3067838251590729,
        -0.0027949060313403606,
        0.951775074005127,
        0.7289846539497375
    ],
    [
        0.935269296169281,
        0.009317785501480103,
        -0.35381433367729187,
        0.9632505178451538,
        -0.007760829292237759,
        0.9999529719352722,
        0.005819127429276705,
        -0.15968890488147736,
        0.35385188460350037,
        -0.002696568612009287,
        0.9352975487709045,
        0.7375327944755554
    ],
    [
        0.913371205329895,
        0.010056163184344769,
        -0.4070035517215729,
        1.0012222528457642,
        -0.008080027997493744,
        0.9999458193778992,
        0.006573820486664772,
        -0.16505327820777893,
        0.4070475995540619,
        -0.0027157505974173546,
        0.9134029746055603,
        0.7481454014778137
    ]
]