[
    [
        0.9960672855377197,
        -0.020054858177900314,
        -0.08630022406578064,
        0.034407567232847214,
        0.004873082507401705,
        0.9849715828895569,
        -0.1726478487253189,
        0.6305190324783325,
        0.08846569061279297,
        0.17154832184314728,
        0.9811956882476807,
        0.4755763113498688
    ],
    [
        0.994778037071228,
        -0.018124839290976524,
        -0.10043975710868835,
        0.020647548139095306,
        0.00039829537854529917,
        0.9847870469093323,
        -0.17376478016376495,
        0.6146851181983948,
        0.10206124186515808,
        0.1728173941373825,
        0.9796517491340637,
        0.5144852995872498
    ],
    [
        0.9931052923202515,
        -0.01689954474568367,
        -0.11600206047296524,
        0.008389734663069248,
        -0.0037015604320913553,
        0.9845401048660278,
        -0.17512035369873047,
        0.5982816815376282,
        0.1171681210398674,
        0.1743423193693161,
        0.977689266204834,
        0.5548233985900879
    ],
    [
        0.990300178527832,
        -0.01457513589411974,
        -0.1381778120994568,
        -0.007916384376585484,
        -0.010317906737327576,
        0.9840229749679565,
        -0.17774268984794617,
        0.5793753266334534,
        0.13856074213981628,
        0.17744430899620056,
        0.9743277430534363,
        0.6094715595245361
    ],
    [
        0.987553060054779,
        -0.011987325735390186,
        -0.1568281203508377,
        -0.017790567129850388,
        -0.01661817915737629,
        0.9835582971572876,
        -0.17982468008995056,
        0.5647953152656555,
        0.1564052253961563,
        0.18019264936447144,
        0.9711169004440308,
        0.6567335724830627
    ],
    [
        0.9828928709030151,
        -0.008172775618731976,
        -0.18399643898010254,
        -0.029352685436606407,
        -0.026089824736118317,
        0.9827625751495361,
        -0.18302203714847565,
        0.5445987582206726,
        0.18232060968875885,
        0.18469150364398956,
        0.9657371044158936,
        0.7280517816543579
    ],
    [
        0.9786330461502075,
        -0.005898177158087492,
        -0.20553016662597656,
        -0.03826680779457092,
        -0.03294333815574646,
        0.9821775555610657,
        -0.18504579365253448,
        0.5252191424369812,
        0.20295855402946472,
        0.18786276876926422,
        0.9609971046447754,
        0.7865620255470276
    ],
    [
        0.9732786417007446,
        -0.0022446729708462954,
        -0.22961626946926117,
        -0.04556703194975853,
        -0.0415799655020237,
        0.9816994071006775,
        -0.1858426332473755,
        0.5026730298995972,
        0.2258312851190567,
        0.1904240995645523,
        0.9553735852241516,
        0.8499763607978821
    ],
    [
        0.9661312103271484,
        0.0027618405874818563,
        -0.2580365538597107,
        -0.06145130842924118,
        -0.05273174121975899,
        0.9809556007385254,
        -0.1869368553161621,
        0.47566917538642883,
        0.2526060938835144,
        0.19421224296092987,
        0.9478775262832642,
        0.9232190251350403
    ],
    [
        0.9605480432510376,
        0.0058251479640603065,
        -0.27805295586586,
        -0.0754321962594986,
        -0.06032058969140053,
        0.9803451895713806,
        -0.18784251809120178,
        0.4564788341522217,
        0.27149367332458496,
        0.1972040832042694,
        0.9420199990272522,
        0.9757089018821716
    ],
    [
        0.9523125886917114,
        0.009321530349552631,
        -0.3049817383289337,
        -0.09513568133115768,
        -0.07004601508378983,
        0.9795176982879639,
        -0.18878214061260223,
        0.43022140860557556,
        0.2969752848148346,
        0.20114237070083618,
        0.9334598779678345,
        1.0509072542190552
    ],
    [
        0.9462371468544006,
        0.011111777275800705,
        -0.32328301668167114,
        -0.11578100919723511,
        -0.0760427936911583,
        0.9790432453155518,
        -0.18892298638820648,
        0.4095637798309326,
        0.3144087493419647,
        0.2033492773771286,
        0.9272518754005432,
        1.107065200805664
    ],
    [
        0.9378513693809509,
        0.012166580185294151,
        -0.3468237817287445,
        -0.14656606316566467,
        -0.0827283039689064,
        0.9784117341041565,
        -0.1893841177225113,
        0.38144397735595703,
        0.33703234791755676,
        0.2063063383102417,
        0.918611466884613,
        1.1873990297317505
    ],
    [
        0.9311708807945251,
        0.0140997851267457,
        -0.3643103837966919,
        -0.1693621277809143,
        -0.08872488886117935,
        0.9779742956161499,
        -0.1889289915561676,
        0.35867390036582947,
        0.35362234711647034,
        0.2082485854625702,
        0.9119121432304382,
        1.2491390705108643
    ],
    [
        0.924675464630127,
        0.016093207523226738,
        -0.3804158568382263,
        -0.1955450475215912,
        -0.09446994960308075,
        0.977562665939331,
        -0.18827269971370697,
        0.3352220952510834,
        0.3688504099845886,
        0.21002903580665588,
        0.9054485559463501,
        1.3127607107162476
    ],
    [
        0.9152873158454895,
        0.02050340548157692,
        -0.40227946639060974,
        -0.22613920271396637,
        -0.10342810302972794,
        0.9771822094917297,
        -0.18551991879940033,
        0.3006402254104614,
        0.3892965316772461,
        0.21141104400157928,
        0.8965230584144592,
        1.399147629737854
    ],
    [
        0.9079408645629883,
        0.0245265644043684,
        -0.4183800518512726,
        -0.24845610558986664,
        -0.11054744571447372,
        0.9769467711448669,
        -0.1826314926147461,
        0.2742984890937805,
        0.4042557179927826,
        0.21206945180892944,
        0.8897212743759155,
        1.4633880853652954
    ],
    [
        0.8972233533859253,
        0.027951497584581375,
        -0.44069167971611023,
        -0.273590624332428,
        -0.11928822100162506,
        0.97623211145401,
        -0.18094511330127716,
        0.24582913517951965,
        0.4251597225666046,
        0.21491749584674835,
        0.8792325258255005,
        1.548180341720581
    ],
    [
        0.8887191414833069,
        0.02940347045660019,
        -0.45750805735588074,
        -0.2913946509361267,
        -0.1251789927482605,
        0.975583553314209,
        -0.18046334385871887,
        0.22513052821159363,
        0.4410311281681061,
        0.2176516056060791,
        0.870700478553772,
        1.6163325309753418
    ],
    [
        0.8801676034927368,
        0.030551457777619362,
        -0.47367891669273376,
        -0.3117032051086426,
        -0.1302814781665802,
        0.9751505255699158,
        -0.17918729782104492,
        0.20268774032592773,
        0.45643380284309387,
        0.21942643821239471,
        0.8622761964797974,
        1.686988115310669
    ],
    [
        0.8680475354194641,
        0.03133160248398781,
        -0.49549126625061035,
        -0.34212881326675415,
        -0.13667070865631104,
        0.9745279550552368,
        -0.1778097003698349,
        0.17135795950889587,
        0.47729912400245667,
        0.22206644713878632,
        0.8502188920974731,
        1.785196304321289
    ],
    [
        0.859007716178894,
        0.03141108527779579,
        -0.5109981298446655,
        -0.3664327561855316,
        -0.14079686999320984,
        0.9741232991218567,
        -0.17680564522743225,
        0.1479138731956482,
        0.49222150444984436,
        0.22382432222366333,
        0.841201901435852,
        1.85637629032135
    ],
    [
        0.8478804230690002,
        0.03319692611694336,
        -0.5291472673416138,
        -0.4066680669784546,
        -0.14686155319213867,
        0.9736903309822083,
        -0.17423783242702484,
        0.11286404728889465,
        0.5094414353370667,
        0.2254442423582077,
        0.8304482698440552,
        1.9487183094024658
    ],
    [
        0.8399320840835571,
        0.03587530553340912,
        -0.5415042638778687,
        -0.4365696310997009,
        -0.1527489572763443,
        0.9731006026268005,
        -0.1724611222743988,
        0.08874917030334473,
        0.5207511186599731,
        0.2275698482990265,
        0.8228185176849365,
        2.011800765991211
    ],
    [
        0.8294016122817993,
        0.03752046450972557,
        -0.5573915839195251,
        -0.4790734350681305,
        -0.15846239030361176,
        0.9725630879402161,
        -0.1703253984451294,
        0.058620065450668335,
        0.5357077121734619,
        0.22959372401237488,
        0.8125908970832825,
        2.0935122966766357
    ]
]