[
    [
        0.9465317130088806,
        -0.02204870618879795,
        0.321856290102005,
        0.06072450056672096,
        0.023343069478869438,
        0.9997275471687317,
        -0.00016237134695984423,
        -0.08020350337028503,
        -0.3217650353908539,
        0.0076668038964271545,
        0.9467885494232178,
        0.06798812001943588
    ],
    [
        0.8997522592544556,
        -0.03341071307659149,
        0.43512019515037537,
        0.1084490418434143,
        0.03482893481850624,
        0.9993821978569031,
        0.004717447329312563,
        -0.13010923564434052,
        -0.4350089728832245,
        0.010910237208008766,
        0.9003599882125854,
        0.10624038428068161
    ],
    [
        0.8499234914779663,
        -0.04263616353273392,
        0.5251781344413757,
        0.18269377946853638,
        0.04484991356730461,
        0.9989573955535889,
        0.008516567759215832,
        -0.19853948056697845,
        -0.5249937772750854,
        0.0163157656788826,
        0.8509497046470642,
        0.1798490583896637
    ],
    [
        0.8049860596656799,
        -0.04791541397571564,
        0.5913558006286621,
        0.24811312556266785,
        0.051624275743961334,
        0.9986098408699036,
        0.010639945045113564,
        -0.26073479652404785,
        -0.5910435318946838,
        0.02196330390870571,
        0.8063405156135559,
        0.2404191493988037
    ],
    [
        0.7495105266571045,
        -0.04993601515889168,
        0.6601063013076782,
        0.30061113834381104,
        0.05821998789906502,
        0.9982593655586243,
        0.009411524049937725,
        -0.3068249523639679,
        -0.6594273447990417,
        0.03137734532356262,
        0.7511131763458252,
        0.3022524416446686
    ],
    [
        0.6920683979988098,
        -0.05195283517241478,
        0.7199600338935852,
        0.3344822824001312,
        0.06390619277954102,
        0.9978998303413391,
        0.010578746907413006,
        -0.3321659564971924,
        -0.7189974784851074,
        0.03868868947029114,
        0.693934977054596,
        0.3721011281013489
    ],
    [
        0.6289011836051941,
        -0.05163395404815674,
        0.7757688164710999,
        0.3487175703048706,
        0.06889025121927261,
        0.9975684285163879,
        0.010548559948801994,
        -0.34586843848228455,
        -0.7744272351264954,
        0.04680890589952469,
        0.6309289932250977,
        0.4589540362358093
    ],
    [
        0.5956855416297913,
        -0.05157831311225891,
        0.8015599846839905,
        0.35166028141975403,
        0.07224862277507782,
        0.9973315596580505,
        0.010483570396900177,
        -0.3263075351715088,
        -0.7999617457389832,
        0.05166668817400932,
        0.5978224873542786,
        0.5436127185821533
    ],
    [
        0.5934965014457703,
        -0.052524685859680176,
        0.8031207919120789,
        0.36434975266456604,
        0.0730842649936676,
        0.997262716293335,
        0.011213311925530434,
        -0.3010915219783783,
        -0.8015114068984985,
        0.05204043164849281,
        0.5957107543945312,
        0.6247404217720032
    ],
    [
        0.601470410823822,
        -0.052743714302778244,
        0.7971519827842712,
        0.3767455518245697,
        0.07359439134597778,
        0.997233510017395,
        0.010453392751514912,
        -0.2811901271343231,
        -0.7954981327056885,
        0.052378516644239426,
        0.60368812084198,
        0.6917414665222168
    ],
    [
        0.6481655240058899,
        -0.04988472908735275,
        0.7598637938499451,
        0.3656059801578522,
        0.06984731554985046,
        0.9975401759147644,
        0.005908157676458359,
        -0.2561173141002655,
        -0.7582894563674927,
        0.04924498125910759,
        0.6500555276870728,
        0.7307813763618469
    ],
    [
        0.7399991154670715,
        -0.04224633798003197,
        0.6712797284126282,
        0.3355555236339569,
        0.05998138338327408,
        0.9981940388679504,
        -0.0033013520296663046,
        -0.23239561915397644,
        -0.6699280142784119,
        0.04270728677511215,
        0.7411966919898987,
        0.7738348841667175
    ],
    [
        0.8273057341575623,
        -0.032780565321445465,
        0.5607947707176208,
        0.28455597162246704,
        0.04653358832001686,
        0.9988639950752258,
        -0.010260749608278275,
        -0.21449342370033264,
        -0.559821367263794,
        0.034584566950798035,
        0.8278913497924805,
        0.8447638750076294
    ],
    [
        0.8988683819770813,
        -0.02375391125679016,
        0.4375744163990021,
        0.22940368950366974,
        0.03391022980213165,
        0.9993060827255249,
        -0.015410873107612133,
        -0.1994473934173584,
        -0.4369047284126282,
        0.02869059145450592,
        0.8990500569343567,
        0.9377480745315552
    ],
    [
        0.9676241278648376,
        -0.00985544454306364,
        0.2522031366825104,
        0.16188453137874603,
        0.015298296697437763,
        0.9996902346611023,
        -0.01962943933904171,
        -0.18010282516479492,
        -0.2519315779209137,
        0.02285219542682171,
        0.967475175857544,
        1.0201492309570312
    ],
    [
        0.9968921542167664,
        0.0025312858633697033,
        0.078737273812294,
        0.11484233289957047,
        -0.0008943811990320683,
        0.999782919883728,
        -0.020817775279283524,
        -0.15862208604812622,
        -0.0787728801369667,
        0.02068265527486801,
        0.9966781139373779,
        1.0954523086547852
    ],
    [
        0.9951992630958557,
        0.014873838052153587,
        -0.09673288464546204,
        0.0743137076497078,
        -0.016673091799020767,
        0.9997022151947021,
        -0.017818540334701538,
        -0.1477741152048111,
        0.09643904864788055,
        0.019345832988619804,
        0.9951508045196533,
        1.202123761177063
    ],
    [
        0.9704612493515015,
        0.023599764332175255,
        -0.24009999632835388,
        0.0552193820476532,
        -0.02742774970829487,
        0.9995441436767578,
        -0.012613743543624878,
        -0.14358419179916382,
        0.23969286680221558,
        0.018826553598046303,
        0.970666229724884,
        1.3303284645080566
    ],
    [
        0.9329538941383362,
        0.03131764009594917,
        -0.35863110423088074,
        0.034893885254859924,
        -0.03701678663492203,
        0.9992737770080566,
        -0.009034508839249611,
        -0.1278453767299652,
        0.3580877482891083,
        0.02170415036380291,
        0.9334356188774109,
        1.4652495384216309
    ],
    [
        0.8935988545417786,
        0.03898670896887779,
        -0.4471701979637146,
        -0.01709614507853985,
        -0.04595448449254036,
        0.9989323019981384,
        -0.004740461707115173,
        -0.12393616884946823,
        0.44650793075561523,
        0.024785546585917473,
        0.8944363594055176,
        1.608206033706665
    ],
    [
        0.8649762272834778,
        0.04425676539540291,
        -0.4998575448989868,
        -0.0980943813920021,
        -0.051194991916418076,
        0.9986886978149414,
        -0.00016749593487475067,
        -0.14046181738376617,
        0.4991946220397949,
        0.02573508396744728,
        0.8661076426506042,
        1.7422281503677368
    ],
    [
        0.845150351524353,
        0.046811819076538086,
        -0.5324749946594238,
        -0.17900840938091278,
        -0.0544561967253685,
        0.998515248298645,
        0.0013496301835402846,
        -0.15131166577339172,
        0.5317475199699402,
        0.027855921536684036,
        0.8464446663856506,
        1.8523967266082764
    ],
    [
        0.8401077389717102,
        0.047692105174064636,
        -0.5403187870979309,
        -0.2603644132614136,
        -0.0554358996450901,
        0.9984603524208069,
        0.001936918357387185,
        -0.14306706190109253,
        0.5395793318748474,
        0.028325846418738365,
        0.841458261013031,
        1.9716180562973022
    ],
    [
        0.838437020778656,
        0.04895847290754318,
        -0.5427947640419006,
        -0.3582514822483063,
        -0.055813536047935486,
        0.9984337687492371,
        0.0038424041122198105,
        -0.1431306004524231,
        0.5421328544616699,
        0.027073683217167854,
        0.8398565649986267,
        2.1079349517822266
    ],
    [
        0.8379979133605957,
        0.04852934554219246,
        -0.543511152267456,
        -0.4442809820175171,
        -0.05585918948054314,
        0.9984341263771057,
        0.003023808356374502,
        -0.13266848027706146,
        0.54280686378479,
        0.027826180681586266,
        0.8393964171409607,
        2.2284650802612305
    ]
]