[
    [
        0.9862955212593079,
        0.008756088092923164,
        -0.16475540399551392,
        -0.11091379076242447,
        -0.008029645308852196,
        0.9999549388885498,
        0.005074735730886459,
        -0.03742823004722595,
        0.16479240357875824,
        -0.003682261798530817,
        0.9863215088844299,
        0.22597670555114746
    ],
    [
        0.9809978604316711,
        0.011324419640004635,
        -0.1936877965927124,
        -0.15496854484081268,
        -0.010075859725475311,
        0.9999216794967651,
        0.0074301790446043015,
        -0.03787000849843025,
        0.19375674426555634,
        -0.005337419454008341,
        0.981035053730011,
        0.2783849835395813
    ],
    [
        0.973200798034668,
        0.014799072407186031,
        -0.22948011755943298,
        -0.20715683698654175,
        -0.012670866213738918,
        0.9998619556427002,
        0.010744866915047169,
        -0.042306382209062576,
        0.2296074628829956,
        -0.00754920206964016,
        0.9732540249824524,
        0.34225785732269287
    ],
    [
        0.9641702771186829,
        0.018666937947273254,
        -0.2646265923976898,
        -0.260998010635376,
        -0.015282241627573967,
        0.9997730255126953,
        0.01484362967312336,
        -0.051425062119960785,
        0.264843612909317,
        -0.010267699137330055,
        0.9642367362976074,
        0.40408793091773987
    ],
    [
        0.9539940357208252,
        0.023011762648820877,
        -0.2989412844181061,
        -0.31724709272384644,
        -0.01834842935204506,
        0.9996623396873474,
        0.018397256731987,
        -0.057705871760845184,
        0.29926374554634094,
        -0.012065769173204899,
        0.9540941119194031,
        0.47160589694976807
    ],
    [
        0.9426508545875549,
        0.02809865027666092,
        -0.3325957655906677,
        -0.37666794657707214,
        -0.021868471056222916,
        0.9995085000991821,
        0.022461241111159325,
        -0.06552816927433014,
        0.33306339383125305,
        -0.013899745419621468,
        0.9428020119667053,
        0.5456163883209229
    ],
    [
        0.9295874834060669,
        0.03374810889363289,
        -0.3670536279678345,
        -0.4367668032646179,
        -0.025302277877926826,
        0.9992932677268982,
        0.027798613533377647,
        -0.0687951073050499,
        0.36773237586021423,
        -0.01655394583940506,
        0.9297842979431152,
        0.6301931738853455
    ],
    [
        0.9143571257591248,
        0.03954015299677849,
        -0.40297359228134155,
        -0.49520474672317505,
        -0.028734663501381874,
        0.9990478157997131,
        0.03282787650823593,
        -0.07273388653993607,
        0.40388789772987366,
        -0.018437091261148453,
        0.9146226644515991,
        0.7114924192428589
    ],
    [
        0.8982381820678711,
        0.04523126408457756,
        -0.43717530369758606,
        -0.5560367107391357,
        -0.03226940333843231,
        0.998792827129364,
        0.03703560307621956,
        -0.07698265463113785,
        0.4383227229118347,
        -0.019159406423568726,
        0.898613452911377,
        0.7836160063743591
    ],
    [
        0.8823323249816895,
        0.04992664232850075,
        -0.46797123551368713,
        -0.6206402778625488,
        -0.035235028713941574,
        0.9985741376876831,
        0.040101729333400726,
        -0.07966525107622147,
        0.469306081533432,
        -0.018894068896770477,
        0.8828333020210266,
        0.8517060279846191
    ],
    [
        0.8648101091384888,
        0.05494419112801552,
        -0.49908384680747986,
        -0.6935086250305176,
        -0.03874999284744263,
        0.9983336329460144,
        0.042760834097862244,
        -0.0830308347940445,
        0.500601589679718,
        -0.017640503123402596,
        0.8654979467391968,
        0.9208167791366577
    ],
    [
        0.8502795696258545,
        0.05857754498720169,
        -0.5230615735054016,
        -0.7760953903198242,
        -0.0416143536567688,
        0.9981584548950195,
        0.044135987758636475,
        -0.09126979857683182,
        0.5246836543083191,
        -0.015761064365506172,
        0.8511514067649841,
        0.9848518371582031
    ],
    [
        0.8368673324584961,
        0.05996420234441757,
        -0.5441116094589233,
        -0.8560847640037537,
        -0.04321973770856857,
        0.9981170892715454,
        0.0435243621468544,
        -0.10602305829524994,
        0.5456969141960144,
        -0.012907754629850388,
        0.8378831744194031,
        1.0443942546844482
    ],
    [
        0.825699508190155,
        0.060805387794971466,
        -0.5608234405517578,
        -0.9220252633094788,
        -0.04520436003804207,
        0.9981086254119873,
        0.041662245988845825,
        -0.11500401049852371,
        0.5622960329055786,
        -0.009048831649124622,
        0.8268864750862122,
        1.0876997709274292
    ],
    [
        0.8133703470230103,
        0.06216484680771828,
        -0.5784152150154114,
        -1.0219167470932007,
        -0.04789741709828377,
        0.9980545043945312,
        0.039911750704050064,
        -0.12674881517887115,
        0.5797711610794067,
        -0.004758437164127827,
        0.8147655725479126,
        1.1442620754241943
    ],
    [
        0.794356644153595,
        0.061286162585020065,
        -0.6043520569801331,
        -1.152948260307312,
        -0.050682198256254196,
        0.9981153011322021,
        0.03460053354501724,
        -0.12274031341075897,
        0.6053336262702942,
        0.0031447329092770815,
        0.7959657311439514,
        1.2363331317901611
    ],
    [
        0.7867717742919922,
        0.06187437102198601,
        -0.6141349673271179,
        -1.2560627460479736,
        -0.05447183549404144,
        0.998041033744812,
        0.030768906697630882,
        -0.12771308422088623,
        0.6148356795310974,
        0.00924494955688715,
        0.7886010408401489,
        1.308969259262085
    ],
    [
        0.7794103026390076,
        0.06216834858059883,
        -0.6234217882156372,
        -1.3526496887207031,
        -0.05873401090502739,
        0.9979328513145447,
        0.026084978133440018,
        -0.14154085516929626,
        0.6237547397613525,
        0.01628516986966133,
        0.7814505100250244,
        1.377313256263733
    ],
    [
        0.7740126252174377,
        0.06260458379983902,
        -0.6300676465034485,
        -1.4542384147644043,
        -0.0634949803352356,
        0.9977582693099976,
        0.02113792859017849,
        -0.15479087829589844,
        0.6299785375595093,
        0.02364511415362358,
        0.7762524485588074,
        1.4487539529800415
    ],
    [
        0.7714700102806091,
        0.05965700373053551,
        -0.6334627866744995,
        -1.555140733718872,
        -0.06566409021615982,
        0.9977436065673828,
        0.013993741944432259,
        -0.1571149379014969,
        0.632868230342865,
        0.03080000914633274,
        0.7736466526985168,
        1.5231800079345703
    ],
    [
        0.7675673961639404,
        0.058545514941215515,
        -0.6382888555526733,
        -1.6730444431304932,
        -0.068700410425663,
        0.9975978136062622,
        0.008887320756912231,
        -0.15694192051887512,
        0.6372758746147156,
        0.03702909126877785,
        0.7697455286979675,
        1.600229263305664
    ],
    [
        0.7604436278343201,
        0.055782727897167206,
        -0.6470037698745728,
        -1.7977306842803955,
        -0.0698024109005928,
        0.9975530505180359,
        0.003965082578361034,
        -0.15728749334812164,
        0.6456416845321655,
        0.0421472042798996,
        0.7624765038490295,
        1.6707384586334229
    ],
    [
        0.7517110705375671,
        0.054057396948337555,
        -0.6572733521461487,
        -1.9235012531280518,
        -0.07079420238733292,
        0.997490406036377,
        0.001072519924491644,
        -0.16488544642925262,
        0.6556817889213562,
        0.04572492092847824,
        0.75365149974823,
        1.7383779287338257
    ],
    [
        0.7395476698875427,
        0.05071612820029259,
        -0.6711908578872681,
        -2.0288174152374268,
        -0.06914578378200531,
        0.9976062178611755,
        -0.0008073253557085991,
        -0.16733266413211823,
        0.6695432066917419,
        0.04700707271695137,
        0.7412841320037842,
        1.8037800788879395
    ],
    [
        0.7278123497962952,
        0.048636939376592636,
        -0.6840494871139526,
        -2.1350791454315186,
        -0.06824751943349838,
        0.9976669549942017,
        -0.0016781104495748878,
        -0.16840760409832,
        0.682371973991394,
        0.047906018793582916,
        0.7294337153434753,
        1.8682150840759277
    ]
]