[
    [
        0.9997841715812683,
        0.00024450389901176095,
        0.020773764699697495,
        -0.020929178223013878,
        -0.0002488301252014935,
        0.9999999403953552,
        0.0002056652883766219,
        0.010696147568523884,
        -0.020773714408278465,
        -0.00021078977442812175,
        0.9997842907905579,
        0.5549997091293335
    ],
    [
        0.9989417791366577,
        -0.0013639034004881978,
        0.045971937477588654,
        -0.041370853781700134,
        0.0014016818022355437,
        0.9999987483024597,
        -0.0007895505405031145,
        -0.006389219779521227,
        -0.045970797538757324,
        0.0008531525963917375,
        0.9989424347877502,
        0.7157673239707947
    ],
    [
        0.9963766932487488,
        -0.004713807720690966,
        0.08492006361484528,
        -0.03828404098749161,
        0.004839559085667133,
        0.9999874830245972,
        -0.001275026355870068,
        -0.017344921827316284,
        -0.0849129781126976,
        0.0016813828842714429,
        0.9963870048522949,
        0.8905462622642517
    ],
    [
        0.9927032589912415,
        -0.007964671589434147,
        0.12031985074281693,
        -0.02200634591281414,
        0.008068744093179703,
        0.9999672770500183,
        -0.0003777995880227536,
        -0.03522603213787079,
        -0.12031292170286179,
        0.0013458733446896076,
        0.9927351474761963,
        1.0704346895217896
    ],
    [
        0.9862186312675476,
        -0.011290335096418858,
        0.16506126523017883,
        -0.0015936532290652394,
        0.011476709507405758,
        0.9999340772628784,
        -0.00017541916167829186,
        -0.0682663843035698,
        -0.16504842042922974,
        0.002067361958324909,
        0.9862833619117737,
        1.2744122743606567
    ],
    [
        0.9757410287857056,
        -0.015778357163071632,
        0.21835845708847046,
        0.02477141097187996,
        0.016123570501804352,
        0.9998698830604553,
        0.00020093806961085647,
        -0.08091645687818527,
        -0.21833324432373047,
        0.0033246558159589767,
        0.9758686423301697,
        1.4448586702346802
    ],
    [
        0.9615992307662964,
        -0.020512696355581284,
        0.2736900746822357,
        0.035464368760585785,
        0.02082245796918869,
        0.9997816681861877,
        0.0017733859131112695,
        -0.07252230495214462,
        -0.2736666798591614,
        0.003993612714111805,
        0.9618162512779236,
        1.6031941175460815
    ],
    [
        0.9396244883537292,
        -0.024899818003177643,
        0.3413001596927643,
        0.00932455062866211,
        0.025678133592009544,
        0.999667763710022,
        0.0022377402056008577,
        -0.07232014089822769,
        -0.3412424623966217,
        0.006661314982920885,
        0.9399518370628357,
        1.807296872138977
    ],
    [
        0.9143613576889038,
        -0.02855341136455536,
        0.40389105677604675,
        -0.03625945374369621,
        0.029800591990351677,
        0.9995507597923279,
        0.003199066501110792,
        -0.07162118703126907,
        -0.40380093455314636,
        0.009111090563237667,
        0.9148014187812805,
        1.998291015625
    ],
    [
        0.8913189768791199,
        -0.03283098340034485,
        0.45218658447265625,
        -0.05772233381867409,
        0.034447189420461655,
        0.9993956089019775,
        0.004661142826080322,
        -0.06095472723245621,
        -0.45206621289253235,
        0.011421983130276203,
        0.8919112086296082,
        2.1376209259033203
    ],
    [
        0.8683788180351257,
        -0.03747387230396271,
        0.49448341131210327,
        -0.056332264095544815,
        0.03949987143278122,
        0.9991992712020874,
        0.0063561685383319855,
        -0.04240185767412186,
        -0.49432578682899475,
        0.014012480154633522,
        0.8691637516021729,
        2.312100410461426
    ],
    [
        0.8513768911361694,
        -0.04074888676404953,
        0.5229692459106445,
        -0.07042057812213898,
        0.04246906191110611,
        0.9990597367286682,
        0.008706817403435707,
        -0.04452918842434883,
        -0.5228325128555298,
        0.014797237701714039,
        0.8523070812225342,
        2.503385305404663
    ],
    [
        0.838675320148468,
        -0.0422070175409317,
        0.5429937839508057,
        -0.08206132054328918,
        0.04427983611822128,
        0.9989762306213379,
        0.009258667007088661,
        -0.044700197875499725,
        -0.5428286194801331,
        0.01627865619957447,
        0.8396856784820557,
        2.7133948802948
    ],
    [
        0.8321847319602966,
        -0.04453723505139351,
        0.552706778049469,
        -0.07451273500919342,
        0.046220339834690094,
        0.9988718628883362,
        0.0108975013718009,
        -0.03920592740178108,
        -0.5525687336921692,
        0.016477566212415695,
        0.8333045244216919,
        2.9039011001586914
    ],
    [
        0.828188955783844,
        -0.04513445124030113,
        0.5586285591125488,
        -0.07882165908813477,
        0.04731601104140282,
        0.9988242387771606,
        0.01055224146693945,
        -0.04163642227649689,
        -0.5584480166435242,
        0.01769282855093479,
        0.8293506503105164,
        3.0858066082000732
    ],
    [
        0.8253257274627686,
        -0.045823339372873306,
        0.5627945065498352,
        -0.10673380643129349,
        0.047656744718551636,
        0.9987983107566833,
        0.011435682885348797,
        -0.06694289296865463,
        -0.5626421570777893,
        0.017382793128490448,
        0.8265177607536316,
        3.311955213546753
    ],
    [
        0.8232160806655884,
        -0.04613916948437691,
        0.5658501982688904,
        -0.14812681078910828,
        0.04794962331652641,
        0.9987814426422119,
        0.011681625619530678,
        -0.09140975028276443,
        -0.5656996965408325,
        0.01751580834388733,
        0.824425220489502,
        3.526599645614624
    ],
    [
        0.8228798508644104,
        -0.04636797308921814,
        0.566320538520813,
        -0.16515780985355377,
        0.04842037335038185,
        0.9987618327140808,
        0.011418306268751621,
        -0.1109071895480156,
        -0.5661486387252808,
        0.018025562167167664,
        0.824105978012085,
        3.698479413986206
    ],
    [
        0.8231971263885498,
        -0.0469292514026165,
        0.5658127069473267,
        -0.1505589634180069,
        0.04939648509025574,
        0.9987189769744873,
        0.010968456976115704,
        -0.12260736525058746,
        -0.565602719783783,
        0.018919965252280235,
        0.8244606852531433,
        3.9132144451141357
    ],
    [
        0.8236087560653687,
        -0.04850074648857117,
        0.5650808811187744,
        -0.11753830313682556,
        0.04996592923998833,
        0.99866783618927,
        0.012889761477708817,
        -0.1473836451768875,
        -0.5649531483650208,
        0.01761867292225361,
        0.8249348998069763,
        4.126194477081299
    ],
    [
        0.8240529894828796,
        -0.04944505915045738,
        0.5643507242202759,
        -0.06683064997196198,
        0.05098217725753784,
        0.9986142516136169,
        0.013049556873738766,
        -0.164949432015419,
        -0.5642141103744507,
        0.01801830157637596,
        0.8254319429397583,
        4.342291831970215
    ],
    [
        0.8273637890815735,
        -0.049965545535087585,
        0.5594395399093628,
        -0.01724170707166195,
        0.05171513929963112,
        0.9985811114311218,
        0.012704539112746716,
        -0.18295831978321075,
        -0.559280514717102,
        0.018420225009322166,
        0.8287737965583801,
        4.54561185836792
    ],
    [
        0.829533576965332,
        -0.04950053244829178,
        0.5562587380409241,
        0.02872444875538349,
        0.05139125511050224,
        0.9986037015914917,
        0.012225680984556675,
        -0.18776413798332214,
        -0.5560871362686157,
        0.018445217981934547,
        0.8309193253517151,
        4.757013320922852
    ],
    [
        0.8319060206413269,
        -0.04922929406166077,
        0.552728533744812,
        0.08023331314325333,
        0.051016904413700104,
        0.9986237287521362,
        0.012158362194895744,
        -0.22298716008663177,
        -0.5525664687156677,
        0.018083889037370682,
        0.8332726359367371,
        5.007465362548828
    ],
    [
        0.8335188627243042,
        -0.04919598624110222,
        0.5502962470054626,
        0.136753112077713,
        0.05147639289498329,
        0.998610258102417,
        0.011304954066872597,
        -0.25508779287338257,
        -0.5500876307487488,
        0.01890438050031662,
        0.8348929286003113,
        5.219040870666504
    ]
]