[
    [
        0.986827552318573,
        -0.025118326768279076,
        0.1598140001296997,
        0.08665784448385239,
        0.027867980301380157,
        0.9994992613792419,
        -0.014987055212259293,
        0.017254073172807693,
        -0.15935750305652618,
        0.019243329763412476,
        0.9870333671569824,
        0.5534808039665222
    ],
    [
        0.9602119326591492,
        -0.04061904549598694,
        0.2763024866580963,
        0.11235252767801285,
        0.04665897414088249,
        0.998793363571167,
        -0.015318240039050579,
        0.0451585054397583,
        -0.27534690499305725,
        0.02760074846446514,
        0.960948646068573,
        0.7667025327682495
    ],
    [
        0.9186878800392151,
        -0.057180020958185196,
        0.3908233940601349,
        0.1979920119047165,
        0.06706477701663971,
        0.9976803064346313,
        -0.011678462848067284,
        0.11691471189260483,
        -0.3892489969730377,
        0.0369393490254879,
        0.9203915596008301,
        0.9259827136993408
    ],
    [
        0.8651545643806458,
        -0.07404115051031113,
        0.49600958824157715,
        0.3201936185359955,
        0.0852743461728096,
        0.9963574409484863,
        -8.115091077343095e-06,
        0.18032780289649963,
        -0.49420225620269775,
        0.042303912341594696,
        0.8683170080184937,
        1.0708128213882446
    ],
    [
        0.7916638851165771,
        -0.08861507475376129,
        0.6044961810112,
        0.4370419383049011,
        0.10375314205884933,
        0.9945536255836487,
        0.009917056187987328,
        0.21897511184215546,
        -0.6020826697349548,
        0.05486740171909332,
        0.7965461611747742,
        1.1825342178344727
    ],
    [
        0.7250162363052368,
        -0.09988896548748016,
        0.6814497113227844,
        0.5353169441223145,
        0.11635465174913406,
        0.9929693937301636,
        0.02175901271402836,
        0.23145520687103271,
        -0.6788321733474731,
        0.06351421028375626,
        0.7315413355827332,
        1.2751116752624512
    ],
    [
        0.6536951065063477,
        -0.108841672539711,
        0.7488899230957031,
        0.6440982818603516,
        0.12694239616394043,
        0.991351842880249,
        0.03327428176999092,
        0.20261579751968384,
        -0.7460351586341858,
        0.07331465184688568,
        0.6618584990501404,
        1.4016647338867188
    ],
    [
        0.5968307256698608,
        -0.11170105636119843,
        0.7945539355278015,
        0.7348507642745972,
        0.1323121339082718,
        0.9904067516326904,
        0.0398482121527195,
        0.1546526700258255,
        -0.7913826704025269,
        0.08134648203849792,
        0.6058845520019531,
        1.5210474729537964
    ],
    [
        0.5685713291168213,
        -0.11473902314901352,
        0.8145929574966431,
        0.8347590565681458,
        0.13581880927085876,
        0.9897288680076599,
        0.04460861161351204,
        0.13146276772022247,
        -0.8113444447517395,
        0.0852738693356514,
        0.5783151984214783,
        1.5982539653778076
    ],
    [
        0.5599795579910278,
        -0.11676031351089478,
        0.8202376961708069,
        1.0082837343215942,
        0.13745008409023285,
        0.9893929362297058,
        0.047001712024211884,
        0.09910836815834045,
        -0.8170253038406372,
        0.08642174303531647,
        0.5700885653495789,
        1.6633210182189941
    ],
    [
        0.5594188570976257,
        -0.11793436855077744,
        0.8204523921012878,
        1.1965259313583374,
        0.1380709856748581,
        0.9892557263374329,
        0.048056118190288544,
        0.05267966166138649,
        -0.8173046708106995,
        0.08639715611934662,
        0.5696915984153748,
        1.7136083841323853
    ],
    [
        0.5596508979797363,
        -0.1171349510550499,
        0.8204087018966675,
        1.3699047565460205,
        0.13847796618938446,
        0.9892601370811462,
        0.04677866771817207,
        -0.00032948702573776245,
        -0.8170769810676575,
        0.08742878586053848,
        0.5698608756065369,
        1.7395284175872803
    ],
    [
        0.5682940483093262,
        -0.11679305881261826,
        0.8144944906234741,
        1.5354201793670654,
        0.1372760832309723,
        0.9894593954086304,
        0.04610075429081917,
        -0.05315360426902771,
        -0.8112934827804565,
        0.08561183512210846,
        0.578336775302887,
        1.7836079597473145
    ],
    [
        0.5760249495506287,
        -0.11674848198890686,
        0.8090519905090332,
        1.7424074411392212,
        0.13608025014400482,
        0.9896330237388611,
        0.04592106491327286,
        -0.10696480423212051,
        -0.8060256838798523,
        0.0836443081498146,
        0.5859403610229492,
        1.8598966598510742
    ],
    [
        0.5951452851295471,
        -0.11488762497901917,
        0.7953634262084961,
        1.9433735609054565,
        0.13364531099796295,
        0.9900953769683838,
        0.04301345348358154,
        -0.17996282875537872,
        -0.7924273014068604,
        0.08069735020399094,
        0.6046047806739807,
        1.9762192964553833
    ],
    [
        0.6169052720069885,
        -0.11091310530900955,
        0.779183030128479,
        2.0658462047576904,
        0.12999531626701355,
        0.990781843662262,
        0.038111574947834015,
        -0.23106539249420166,
        -0.7762274742126465,
        0.0777789056301117,
        0.6256368160247803,
        2.080827236175537
    ],
    [
        0.6462708711624146,
        -0.10818156599998474,
        0.755401074886322,
        2.230454206466675,
        0.1253172606229782,
        0.9915069341659546,
        0.03478136286139488,
        -0.22819560766220093,
        -0.7527480721473694,
        0.07218660414218903,
        0.6543390154838562,
        2.245593547821045
    ],
    [
        0.6862105131149292,
        -0.10387419909238815,
        0.7199481129646301,
        2.411105155944824,
        0.11898896843194962,
        0.9924489259719849,
        0.0297776460647583,
        -0.2164042592048645,
        -0.7176048755645752,
        0.06523213535547256,
        0.6933887600898743,
        2.4260504245758057
    ],
    [
        0.7501548528671265,
        -0.09685232490301132,
        0.6541309356689453,
        2.5627448558807373,
        0.10874870419502258,
        0.9938161373138428,
        0.022434378042817116,
        -0.19258153438568115,
        -0.6522586941719055,
        0.05430663004517555,
        0.7560485005378723,
        2.6101438999176025
    ],
    [
        0.8175011873245239,
        -0.08396364748477936,
        0.5697735548019409,
        2.7000019550323486,
        0.09481401741504669,
        0.9954380393028259,
        0.010653418488800526,
        -0.16072358191013336,
        -0.56806880235672,
        0.04531334713101387,
        0.8217325806617737,
        2.858029365539551
    ],
    [
        0.8746038675308228,
        -0.07153835892677307,
        0.4795311689376831,
        2.812408924102783,
        0.07961298525333405,
        0.9968196749687195,
        0.003505512373521924,
        -0.1584697663784027,
        -0.47825703024864197,
        0.035110954195261,
        0.877517819404602,
        3.115170955657959
    ],
    [
        0.9235376715660095,
        -0.05600453540682793,
        0.3793965280056,
        2.885404348373413,
        0.06220206990838051,
        0.9980552196502686,
        -0.004086290020495653,
        -0.15843994915485382,
        -0.3784298002719879,
        0.02737310528755188,
        0.9252251982688904,
        3.365633249282837
    ],
    [
        0.9544185400009155,
        -0.04146016761660576,
        0.29557761549949646,
        2.9557485580444336,
        0.046990495175123215,
        0.9988276958465576,
        -0.01162820402532816,
        -0.15263333916664124,
        -0.29474931955337524,
        0.024987518787384033,
        0.9552478790283203,
        3.645958662033081
    ],
    [
        0.9799753427505493,
        -0.028142880648374557,
        0.1971198320388794,
        3.0353200435638428,
        0.03175671398639679,
        0.9993800520896912,
        -0.015195611864328384,
        -0.18239349126815796,
        -0.19656990468502045,
        0.02115120366215706,
        0.9802618622779846,
        3.934772253036499
    ],
    [
        0.9948899149894714,
        -0.01421611662954092,
        0.0999588668346405,
        3.071545124053955,
        0.01589524745941162,
        0.99974524974823,
        -0.0160218495875597,
        -0.21508803963661194,
        -0.09970582276582718,
        0.017528852447867393,
        0.9948625564575195,
        4.213064193725586
    ]
]