[
    [
        0.9898171424865723,
        0.017235811799764633,
        -0.14129707217216492,
        0.021872354671359062,
        -0.01851685345172882,
        0.9997984766960144,
        -0.007756436243653297,
        -0.0981215164065361,
        0.14113490283489227,
        0.010293830186128616,
        0.9899368286132812,
        0.14156387746334076
    ],
    [
        0.988979697227478,
        0.0181110929697752,
        -0.1469392627477646,
        0.012378707528114319,
        -0.01944567635655403,
        0.9997815489768982,
        -0.0076510407961905,
        -0.09889775514602661,
        0.14676858484745026,
        0.010424057021737099,
        0.9891158938407898,
        0.13632726669311523
    ],
    [
        0.9877835512161255,
        0.019009962677955627,
        -0.15466850996017456,
        0.0019649809692054987,
        -0.020477456972002983,
        0.9997590780258179,
        -0.0079001784324646,
        -0.09957380592823029,
        0.15448105335235596,
        0.010970883071422577,
        0.9879348278045654,
        0.13226006925106049
    ],
    [
        0.9858996272087097,
        0.02036879025399685,
        -0.1660933941602707,
        -0.008944988250732422,
        -0.021940015256404877,
        0.9997301697731018,
        -0.0076304166577756405,
        -0.10046011954545975,
        0.16589316725730896,
        0.011166917160153389,
        0.986080527305603,
        0.12745895981788635
    ],
    [
        0.9833481907844543,
        0.022061729803681374,
        -0.18038712441921234,
        -0.020345192402601242,
        -0.02381354756653309,
        0.9996878504753113,
        -0.007551342714577913,
        -0.10016968101263046,
        0.18016423285007477,
        0.011721257120370865,
        0.9835666418075562,
        0.12124284356832504
    ],
    [
        0.9795948266983032,
        0.024244025349617004,
        -0.19951510429382324,
        -0.03293980658054352,
        -0.02618587575852871,
        0.999631941318512,
        -0.007099444512277842,
        -0.09933155030012131,
        0.19926951825618744,
        0.012179057113826275,
        0.9798690676689148,
        0.1145516112446785
    ],
    [
        0.9746991395950317,
        0.027335047721862793,
        -0.22184310853481293,
        -0.045563358813524246,
        -0.029468750581145287,
        0.9995457530021667,
        -0.006313165184110403,
        -0.09693528711795807,
        0.22156976163387299,
        0.012690876610577106,
        0.9750619530677795,
        0.10652979463338852
    ],
    [
        0.9683793187141418,
        0.03033553995192051,
        -0.24763105809688568,
        -0.059672579169273376,
        -0.03270856291055679,
        0.9994499683380127,
        -0.005473656114190817,
        -0.09401512145996094,
        0.24732884764671326,
        0.01340023335069418,
        0.9688388705253601,
        0.09774838387966156
    ],
    [
        0.9602438807487488,
        0.03384116291999817,
        -0.2771037220954895,
        -0.0746723935008049,
        -0.0364040844142437,
        0.9993286728858948,
        -0.004108028952032328,
        -0.09073375910520554,
        0.2767786681652069,
        0.014032416045665741,
        0.960831344127655,
        0.0873895063996315
    ],
    [
        0.9506000280380249,
        0.03730272874236107,
        -0.3081689178943634,
        -0.0895828902721405,
        -0.04009648412466049,
        0.9991921186447144,
        -0.002735940972343087,
        -0.08791156113147736,
        0.30781784653663635,
        0.014957277104258537,
        0.9513276219367981,
        0.07579069584608078
    ],
    [
        0.9393660426139832,
        0.040406353771686554,
        -0.3405270576477051,
        -0.10514885187149048,
        -0.043499890714883804,
        0.9990523457527161,
        -0.0014514513313770294,
        -0.08572399616241455,
        0.3401457369327545,
        0.016176335513591766,
        0.940233588218689,
        0.06350864470005035
    ],
    [
        0.9261499047279358,
        0.043953943997621536,
        -0.37458571791648865,
        -0.12170977890491486,
        -0.047347210347652435,
        0.9988784193992615,
        0.00014425428526010364,
        -0.08366826921701431,
        0.3741719722747803,
        0.017601987347006798,
        0.9271923899650574,
        0.04985441640019417
    ],
    [
        0.9072731137275696,
        0.04922792315483093,
        -0.4176507294178009,
        -0.14479872584342957,
        -0.05268591269850731,
        0.9986059069633484,
        0.0032533835619688034,
        -0.08070617914199829,
        0.417228639125824,
        0.019052604213356972,
        0.9086018800735474,
        0.03143391013145447
    ],
    [
        0.8905335664749146,
        0.053239814937114716,
        -0.45179134607315063,
        -0.16392581164836884,
        -0.05702987685799599,
        0.9983587265014648,
        0.005235628690570593,
        -0.07750070095062256,
        0.4513285458087921,
        0.02110309898853302,
        0.8921083211898804,
        0.0159330852329731
    ],
    [
        0.872543215751648,
        0.05720170959830284,
        -0.48517656326293945,
        -0.1854953020811081,
        -0.06082809716463089,
        0.9981138706207275,
        0.008282921276986599,
        -0.0735953226685524,
        0.48473525047302246,
        0.022285161539912224,
        0.8743770122528076,
        -0.0005025581340305507
    ],
    [
        0.8537473082542419,
        0.06121579185128212,
        -0.5170764923095703,
        -0.2084633708000183,
        -0.06474819034337997,
        0.9978384971618652,
        0.011226343922317028,
        -0.06780681759119034,
        0.5166460871696472,
        0.023895304650068283,
        0.8558655381202698,
        -0.016996432095766068
    ],
    [
        0.8347073793411255,
        0.06405279040336609,
        -0.5469560623168945,
        -0.23256412148475647,
        -0.06808087229728699,
        0.997596025466919,
        0.012928291223943233,
        -0.06063225120306015,
        0.5464692711830139,
        0.026445908471941948,
        0.8370615243911743,
        -0.03312636911869049
    ],
    [
        0.8159266114234924,
        0.06720315665006638,
        -0.5742365121841431,
        -0.25905993580818176,
        -0.07114515453577042,
        0.9973435997962952,
        0.015630139037966728,
        -0.054251328110694885,
        0.5737614035606384,
        0.028101099655032158,
        0.8185402750968933,
        -0.04815578833222389
    ],
    [
        0.7967387437820435,
        0.07025793939828873,
        -0.6002259850502014,
        -0.2870374619960785,
        -0.07413080334663391,
        0.9970804452896118,
        0.018309662118554115,
        -0.04705219343304634,
        0.5997599363327026,
        0.029907219111919403,
        0.7996208667755127,
        -0.06382368505001068
    ],
    [
        0.7788633108139038,
        0.07330995798110962,
        -0.6228946447372437,
        -0.316541850566864,
        -0.07699930667877197,
        0.996809184551239,
        0.021037446334958076,
        -0.03969677910208702,
        0.6224493384361267,
        0.031577158719301224,
        0.7820227742195129,
        -0.07859724014997482
    ],
    [
        0.7620202302932739,
        0.07522902637720108,
        -0.643168568611145,
        -0.34353557229042053,
        -0.07911097258329391,
        0.9966041445732117,
        0.02283911593258381,
        -0.03233809396624565,
        0.6427026391029358,
        0.033477816730737686,
        0.7653839588165283,
        -0.09056437015533447
    ],
    [
        0.7446224689483643,
        0.0780869796872139,
        -0.6629025340080261,
        -0.37134283781051636,
        -0.08128892630338669,
        0.9963500499725342,
        0.026055702939629555,
        -0.02766864374279976,
        0.6625175476074219,
        0.034484975039958954,
        0.7482521533966064,
        -0.09819967299699783
    ],
    [
        0.7259077429771423,
        0.07801611721515656,
        -0.6833531260490417,
        -0.3993894159793854,
        -0.0827178806066513,
        0.9962372779846191,
        0.025868035852909088,
        -0.022074854001402855,
        0.6827999353408813,
        0.03774771839380264,
        0.7296295762062073,
        -0.09972561150789261
    ],
    [
        0.7050309181213379,
        0.07513421773910522,
        -0.7051852941513062,
        -0.42991456389427185,
        -0.08457820862531662,
        0.9961831569671631,
        0.02157900109887123,
        -0.016617557033896446,
        0.7041149735450745,
        0.04442944750189781,
        0.7086945176124573,
        -0.09881523251533508
    ],
    [
        0.6765944957733154,
        0.06889615952968597,
        -0.7331256866455078,
        -0.47516533732414246,
        -0.08679507672786713,
        0.9961345195770264,
        0.013510332442820072,
        -0.011129814200103283,
        0.7312225699424744,
        0.05449068173766136,
        0.6799590587615967,
        -0.08970682322978973
    ]
]