[
    [
        0.9999787211418152,
        -0.006270214915275574,
        0.0018336200155317783,
        0.11742953956127167,
        0.006268464028835297,
        0.9999799132347107,
        0.0009591064881533384,
        -0.0041160485707223415,
        -0.001839596894569695,
        -0.0009475926053710282,
        0.9999978542327881,
        -0.0008106861496344209
    ],
    [
        0.9999755024909973,
        -0.0068867807276546955,
        0.0013442386407405138,
        0.13654857873916626,
        0.0068854521960020065,
        0.9999758005142212,
        0.000989986932836473,
        -0.00430711405351758,
        -0.0013510242570191622,
        -0.0009807068854570389,
        0.9999985694885254,
        -0.0002265432704007253
    ],
    [
        0.9999719858169556,
        -0.007429027929902077,
        0.0009293350158259273,
        0.15406714379787445,
        0.007428066339343786,
        0.999971866607666,
        0.0010347442002967,
        -0.004464996047317982,
        -0.0009369960171170533,
        -0.0010278119007125497,
        0.9999990463256836,
        0.00028924844809807837
    ],
    [
        0.9999701976776123,
        -0.007729662116616964,
        0.00040736020309850574,
        0.1756085455417633,
        0.0077292537316679955,
        0.9999695420265198,
        0.0009970883838832378,
        -0.004314397927373648,
        -0.0004150547902099788,
        -0.0009939095471054316,
        0.9999994039535522,
        0.0008526144083589315
    ],
    [
        0.9999648928642273,
        -0.008391359820961952,
        -0.00013127701822668314,
        0.19311682879924774,
        0.008391487412154675,
        0.9999642968177795,
        0.0010103631066158414,
        -0.004534084349870682,
        0.00012279400834813714,
        -0.0010114291217178106,
        0.9999995231628418,
        0.0014808328123763204
    ],
    [
        0.9999608397483826,
        -0.00882482435554266,
        -0.0006616124301217496,
        0.21454225480556488,
        0.008825471624732018,
        0.9999605417251587,
        0.0009806794114410877,
        -0.004472292959690094,
        0.0006529326201416552,
        -0.0009864806197583675,
        0.9999992847442627,
        0.0024211935233324766
    ],
    [
        0.9999605417251587,
        -0.008820503950119019,
        -0.0011043058475479484,
        0.22882933914661407,
        0.008821560069918633,
        0.9999606013298035,
        0.0009558630408719182,
        -0.004269921686500311,
        0.0010958312777802348,
        -0.0009655678295530379,
        0.999998927116394,
        0.0027995691634714603
    ],
    [
        0.9999580383300781,
        -0.009028074331581593,
        -0.001534034265205264,
        0.24360589683055878,
        0.009029638953506947,
        0.9999587535858154,
        0.0010168168228119612,
        -0.004311372525990009,
        0.0015247917035594583,
        -0.001030626124702394,
        0.9999982118606567,
        0.003458373248577118
    ],
    [
        0.9999544024467468,
        -0.009296417236328125,
        -0.0021673114970326424,
        0.2663044333457947,
        0.009298235177993774,
        0.9999563694000244,
        0.0008300236077047884,
        -0.004069565795361996,
        0.0021595002617686987,
        -0.0008501372649334371,
        0.9999972581863403,
        0.004175011068582535
    ],
    [
        0.9999489188194275,
        -0.009735606610774994,
        -0.002694476395845413,
        0.28436902165412903,
        0.009737668558955193,
        0.9999523162841797,
        0.0007528964779339731,
        -0.003963361494243145,
        0.002687018597498536,
        -0.0007790955132804811,
        0.9999960660934448,
        0.004774046130478382
    ],
    [
        0.9999423027038574,
        -0.010198064148426056,
        -0.0033935888204723597,
        0.30632904171943665,
        0.010200310498476028,
        0.999947726726532,
        0.0006449755746871233,
        -0.0036282259970903397,
        0.003386834403499961,
        -0.0006795533699914813,
        0.9999940395355225,
        0.005788779817521572
    ],
    [
        0.9999336004257202,
        -0.010869961231946945,
        -0.003824851708486676,
        0.3195153772830963,
        0.0108731584623456,
        0.9999405145645142,
        0.0008158519049175084,
        -0.00426957942545414,
        0.003815755480900407,
        -0.0008573849918320775,
        0.9999923706054688,
        0.0062363166362047195
    ],
    [
        0.9999257922172546,
        -0.011403284035623074,
        -0.0043129753321409225,
        0.3346129059791565,
        0.011406240984797478,
        0.9999346733093262,
        0.0006613192963413894,
        -0.003621326992288232,
        0.0043051522225141525,
        -0.0007104646647349,
        0.9999904632568359,
        0.0069231255911290646
    ],
    [
        0.999920666217804,
        -0.011723479256033897,
        -0.0045991274528205395,
        0.34586790204048157,
        0.011726800352334976,
        0.9999310374259949,
        0.0006956011056900024,
        -0.0036098454147577286,
        0.004590654280036688,
        -0.0007494798628613353,
        0.9999891519546509,
        0.007332927547395229
    ],
    [
        0.9999150633811951,
        -0.012068686075508595,
        -0.0049270810559391975,
        0.358960896730423,
        0.012071934528648853,
        0.9999269843101501,
        0.0006300791283138096,
        -0.0032732600811868906,
        0.004919116385281086,
        -0.0006895048427395523,
        0.9999876022338867,
        0.007834112271666527
    ],
    [
        0.9998999238014221,
        -0.01304461807012558,
        -0.0054938034154474735,
        0.37949666380882263,
        0.013048083521425724,
        0.9999147057533264,
        0.0005955500528216362,
        -0.003039431758224964,
        0.005485565867275,
        -0.0006671739392913878,
        0.9999847412109375,
        0.00872771441936493
    ],
    [
        0.9998884201049805,
        -0.01371946930885315,
        -0.00592107092961669,
        0.39485374093055725,
        0.013723256066441536,
        0.9999056458473206,
        0.0005994945531710982,
        -0.0029962442349642515,
        0.005912288092076778,
        -0.0006806834717281163,
        0.9999823570251465,
        0.009166105650365353
    ],
    [
        0.9998793005943298,
        -0.014090165495872498,
        -0.006554401014000177,
        0.41362035274505615,
        0.014094720594584942,
        0.9999004602432251,
        0.0006493969704024494,
        -0.002777229994535446,
        0.006544598378241062,
        -0.0007417011074721813,
        0.9999783039093018,
        0.010133319534361362
    ],
    [
        0.9998721480369568,
        -0.014481209218502045,
        -0.006780650932341814,
        0.42669975757598877,
        0.014486273750662804,
        0.999894917011261,
        0.0006984009523876011,
        -0.002743438119068742,
        0.0067698233760893345,
        -0.000796537147834897,
        0.9999767541885376,
        0.010502159595489502
    ],
    [
        0.9998618960380554,
        -0.014958535321056843,
        -0.007243152242153883,
        0.4401988983154297,
        0.014963692985475063,
        0.9998878240585327,
        0.0006585076334886253,
        -0.0025137264747172594,
        0.007232489064335823,
        -0.000766801240388304,
        0.9999735355377197,
        0.011222091503441334
    ],
    [
        0.9998480677604675,
        -0.015695977956056595,
        -0.007583383470773697,
        0.4587441384792328,
        0.01570121757686138,
        0.9998764991760254,
        0.0006318686064332724,
        -0.0020362394861876965,
        0.0075725289061665535,
        -0.0007508412818424404,
        0.9999710321426392,
        0.011817212216556072
    ],
    [
        0.9998393654823303,
        -0.01601024530827999,
        -0.008057201281189919,
        0.47199708223342896,
        0.01601683907210827,
        0.9998714327812195,
        0.0007546542910858989,
        -0.002028662944212556,
        0.00804408174008131,
        -0.0008835836197249591,
        0.9999672174453735,
        0.012443982996046543
    ],
    [
        0.9998219013214111,
        -0.016783174127340317,
        -0.008619085885584354,
        0.4875984787940979,
        0.016789497807621956,
        0.9998587965965271,
        0.0006618316983804107,
        -0.0014219549484550953,
        0.008606760762631893,
        -0.0008064243593253195,
        0.9999626874923706,
        0.013162322342395782
    ],
    [
        0.9998101592063904,
        -0.01738995499908924,
        -0.00878665130585432,
        0.49828729033470154,
        0.017397630959749222,
        0.9998483061790466,
        0.0007980545633472502,
        -0.0013121232623234391,
        0.008771440014243126,
        -0.0009507704526185989,
        0.9999611377716064,
        0.0136000607162714
    ],
    [
        0.9997825026512146,
        -0.018592964857816696,
        -0.009450598619878292,
        0.5130077004432678,
        0.018602712079882622,
        0.9998264312744141,
        0.0009443346643820405,
        -0.0011534463847056031,
        0.009431401267647743,
        -0.0011199354194104671,
        0.9999549388885498,
        0.014443541876971722
    ]
]