[
    [
        0.9999991059303284,
        7.788799507579824e-07,
        -0.0013691568747162819,
        0.03008490428328514,
        -4.861201432504458e-07,
        0.9999999403953552,
        0.00021391286281868815,
        0.0013844107743352652,
        0.0013691571075469255,
        -0.0002139121206710115,
        0.9999990463256836,
        -0.0013735124375671148
    ],
    [
        0.9999987483024597,
        -0.0001571966422488913,
        -0.0016405521892011166,
        0.038561396300792694,
        0.00015778141096234322,
        1.0,
        0.0003560966288205236,
        0.0014610623475164175,
        0.0016404959606006742,
        -0.000356355361873284,
        0.9999985694885254,
        -0.0010959359351545572
    ],
    [
        0.9999979138374329,
        0.00023453250469174236,
        -0.0020482963882386684,
        0.04763009399175644,
        -0.00023319652245845646,
        0.9999998211860657,
        0.000652215036097914,
        0.0015221202047541738,
        0.0020484495908021927,
        -0.0006517359288409352,
        0.999997615814209,
        -0.000980954384431243
    ],
    [
        0.9999969005584717,
        0.00020742187916766852,
        -0.002482897834852338,
        0.05686718225479126,
        -0.0002049161121249199,
        0.999999463558197,
        0.0010094688041135669,
        0.0013133141910657287,
        0.002483104821294546,
        -0.0010089570423588157,
        0.9999963045120239,
        -0.0008899313979782164
    ],
    [
        0.9999954104423523,
        0.0004815362626686692,
        -0.002975009148940444,
        0.06765022873878479,
        -0.00047721073497086763,
        0.9999988675117493,
        0.0014544063014909625,
        0.0011585785541683435,
        0.0029757057782262564,
        -0.0014529807958751917,
        0.9999945163726807,
        -0.0006013973033986986
    ],
    [
        0.9999940991401672,
        0.0006217100308276713,
        -0.0034110655542463064,
        0.0767485648393631,
        -0.0006162490462884307,
        0.9999986290931702,
        0.0016017769230529666,
        0.001312258536927402,
        0.0034120564814656973,
        -0.001599664450623095,
        0.9999929666519165,
        -0.0004902321379631758
    ],
    [
        0.9999926090240479,
        0.0008091127965599298,
        -0.0037542099598795176,
        0.08566316962242126,
        -0.0008017353247851133,
        0.9999977946281433,
        0.0019659996032714844,
        0.0010567986173555255,
        0.003755792509764433,
        -0.001962974900379777,
        0.9999910593032837,
        -0.000449677201686427
    ],
    [
        0.9999904036521912,
        0.0008790868450887501,
        -0.004283970687538385,
        0.09674718976020813,
        -0.0008694320567883551,
        0.999997079372406,
        0.0022550709545612335,
        0.0011389697901904583,
        0.004285940434783697,
        -0.0022513247095048428,
        0.9999881982803345,
        -6.814207881689072e-05
    ],
    [
        0.9999895095825195,
        0.001106287119910121,
        -0.004446419421583414,
        0.10538079589605331,
        -0.001094409846700728,
        0.9999958276748657,
        0.0026727220974862576,
        0.0009346644510515034,
        0.004449357744306326,
        -0.002667828928679228,
        0.9999865293502808,
        1.759741826390382e-05
    ],
    [
        0.9999876618385315,
        0.0010605668649077415,
        -0.004846510011702776,
        0.11439672112464905,
        -0.0010464431252330542,
        0.999995231628418,
        0.002915857592597604,
        0.0009509795345366001,
        0.004849579650908709,
        -0.002910750452429056,
        0.9999840259552002,
        0.0001681315916357562
    ],
    [
        0.9999852776527405,
        0.0013858150923624635,
        -0.0052566020749509335,
        0.12317923456430435,
        -0.0013686619931831956,
        0.9999938011169434,
        0.0032653191592544317,
        0.001027979888021946,
        0.0052610947750508785,
        -0.003258076496422291,
        0.9999809265136719,
        0.00039626212674193084
    ],
    [
        0.9999841451644897,
        0.00160986150149256,
        -0.005408014636486769,
        0.13366833329200745,
        -0.0015900915022939444,
        0.9999920129776001,
        0.0036579142324626446,
        0.000998229836113751,
        0.00541386054828763,
        -0.00364925735630095,
        0.9999786615371704,
        0.000619926955550909
    ],
    [
        0.9999812245368958,
        0.0016779991565272212,
        -0.005888141226023436,
        0.1428239494562149,
        -0.0016543758101761341,
        0.9999905824661255,
        0.00401455769315362,
        0.0008346557733602822,
        0.005894822534173727,
        -0.00400474201887846,
        0.9999746084213257,
        0.000847098242957145
    ],
    [
        0.9999783039093018,
        0.0019128430867567658,
        -0.006309437565505505,
        0.15155942738056183,
        -0.0018849311163648963,
        0.9999884366989136,
        0.004426825325936079,
        0.0006226087571121752,
        0.0063178325071930885,
        -0.004414836410433054,
        0.9999703168869019,
        0.0009939039591699839
    ],
    [
        0.9999727010726929,
        0.0020658872090280056,
        -0.007095882669091225,
        0.16292904317378998,
        -0.002032084856182337,
        0.9999866485595703,
        0.004767537582665682,
        0.0006283012335188687,
        0.007105637341737747,
        -0.004752987530082464,
        0.9999635219573975,
        0.0013123891549184918
    ],
    [
        0.9999687671661377,
        0.0021996069699525833,
        -0.007591474801301956,
        0.17177896201610565,
        -0.002162281656637788,
        0.9999855160713196,
        0.004921426065266132,
        0.0007128789438866079,
        0.007602191064506769,
        -0.004904857836663723,
        0.9999589920043945,
        0.00147625885438174
    ],
    [
        0.9999644756317139,
        0.002450061496347189,
        -0.008071936666965485,
        0.1807490885257721,
        -0.0024089610669761896,
        0.9999841451644897,
        0.005097514484077692,
        0.0007435527513734996,
        0.008084298111498356,
        -0.00507788872346282,
        0.9999544620513916,
        0.0017214303370565176
    ],
    [
        0.9999611377716064,
        0.0024868177715688944,
        -0.008465100079774857,
        0.18980056047439575,
        -0.002440271433442831,
        0.9999818801879883,
        0.0055045378394424915,
        0.000465889839688316,
        0.008478636853396893,
        -0.005483665969222784,
        0.9999489784240723,
        0.0019636244978755713
    ],
    [
        0.9999573230743408,
        0.0026714038103818893,
        -0.008844736032187939,
        0.2002577781677246,
        -0.0026192625518888235,
        0.9999792575836182,
        0.005901549477130175,
        0.0004781315219588578,
        0.008860316127538681,
        -0.005878131370991468,
        0.9999434947967529,
        0.0022246793378144503
    ],
    [
        0.9999533891677856,
        0.002942296676337719,
        -0.009194629266858101,
        0.20938478410243988,
        -0.0028835544362664223,
        0.9999755024909973,
        0.006395421456545591,
        0.0002692915149964392,
        0.009213220328092575,
        -0.006368610076606274,
        0.9999371767044067,
        0.0026674324180930853
    ],
    [
        0.9999504089355469,
        0.0031044655479490757,
        -0.009470425546169281,
        0.21843670308589935,
        -0.003040666924789548,
        0.9999727010726929,
        0.00674357358366251,
        6.817273242631927e-05,
        0.009491100907325745,
        -0.0067144432105124,
        0.9999324083328247,
        0.0029138666577637196
    ],
    [
        0.9999494552612305,
        0.003254949115216732,
        -0.00951311457902193,
        0.22895470261573792,
        -0.003186076181009412,
        0.9999687075614929,
        0.007245872635394335,
        -0.0001302713353652507,
        0.009536401368677616,
        -0.007215197663754225,
        0.9999284744262695,
        0.0031209683511406183
    ],
    [
        0.9999476075172424,
        0.0033495568204671144,
        -0.00966958049684763,
        0.2381264716386795,
        -0.003275439143180847,
        0.999965250492096,
        0.007670755963772535,
        -0.00026685907505452633,
        0.00969493668526411,
        -0.007638682145625353,
        0.999923825263977,
        0.0033800872042775154
    ],
    [
        0.9999472498893738,
        0.003568405983969569,
        -0.00964169017970562,
        0.24692019820213318,
        -0.0034904126077890396,
        0.9999611973762512,
        0.008093981072306633,
        -0.0005081636481918395,
        0.009670197032392025,
        -0.00805989932268858,
        0.9999207258224487,
        0.003654346102848649
    ],
    [
        0.9999452233314514,
        0.003733352292329073,
        -0.009779082611203194,
        0.25814348459243774,
        -0.003651259234175086,
        0.9999580979347229,
        0.008399204351007938,
        -0.00032407179241999984,
        0.009810029529035091,
        -0.008363038301467896,
        0.9999169111251831,
        0.00420319102704525
    ]
]