[
    [
        0.9987924695014954,
        0.027486171573400497,
        -0.04071856290102005,
        -0.1748935580253601,
        -0.02688341960310936,
        0.999521791934967,
        0.01527730654925108,
        0.008313783444464207,
        0.041119009256362915,
        -0.014164205640554428,
        0.9990538954734802,
        -0.008908740244805813
    ],
    [
        0.9979367256164551,
        0.03103610686957836,
        -0.05620572715997696,
        -0.18810461461544037,
        -0.030066870152950287,
        0.9993855953216553,
        0.018008947372436523,
        0.008342176675796509,
        0.05673012509942055,
        -0.016281861811876297,
        0.9982567429542542,
        -0.00862559862434864
    ],
    [
        0.9969300627708435,
        0.03495383262634277,
        -0.07006096839904785,
        -0.20357000827789307,
        -0.033611126244068146,
        0.9992297887802124,
        0.02025330811738968,
        0.009172637946903706,
        0.07071493566036224,
        -0.017836304381489754,
        0.9973370432853699,
        -0.008762947283685207
    ],
    [
        0.9957559108734131,
        0.038516391068696976,
        -0.08358661830425262,
        -0.21818402409553528,
        -0.036748312413692474,
        0.9990691542625427,
        0.02258964255452156,
        0.008925246074795723,
        0.08437888324260712,
        -0.019422100856900215,
        0.9962444305419922,
        -0.009420426562428474
    ],
    [
        0.9944455623626709,
        0.04195774346590042,
        -0.09652801603078842,
        -0.23283790051937103,
        -0.03974960371851921,
        0.9989047050476074,
        0.024686869233846664,
        0.00859681237488985,
        0.09745810180902481,
        -0.020712796598672867,
        0.9950240254402161,
        -0.009591825306415558
    ],
    [
        0.9930305480957031,
        0.04535021260380745,
        -0.10878253728151321,
        -0.24648819863796234,
        -0.042726412415504456,
        0.9987397193908691,
        0.02633163146674633,
        0.008372453041374683,
        0.10983958095312119,
        -0.021500227972865105,
        0.9937167763710022,
        -0.010657665319740772
    ],
    [
        0.9917032122612,
        0.04821312800049782,
        -0.119164377450943,
        -0.2615984380245209,
        -0.04522739723324776,
        0.9985944032669067,
        0.02763577178120613,
        0.008539270609617233,
        0.12032928317785263,
        -0.022016989067196846,
        0.992489755153656,
        -0.012848783284425735
    ],
    [
        0.9898260235786438,
        0.051250096410512924,
        -0.13273252546787262,
        -0.27145642042160034,
        -0.04780862107872963,
        0.9984358549118042,
        0.028988458216190338,
        0.008728737011551857,
        0.13401056826114655,
        -0.022347770631313324,
        0.9907277822494507,
        -0.013111330568790436
    ],
    [
        0.9873437285423279,
        0.054655056446790695,
        -0.14887964725494385,
        -0.28603971004486084,
        -0.05068952962756157,
        0.9982545375823975,
        0.03030417487025261,
        0.008996998891234398,
        0.1502760797739029,
        -0.022373996675014496,
        0.9883909225463867,
        -0.014295742847025394
    ],
    [
        0.9857164025306702,
        0.05740306153893471,
        -0.15832866728305817,
        -0.300532728433609,
        -0.05312386527657509,
        0.9981024861335754,
        0.03113190084695816,
        0.008939091116189957,
        0.15981531143188477,
        -0.022276192903518677,
        0.9868955016136169,
        -0.01589113473892212
    ],
    [
        0.9836295247077942,
        0.06004875898361206,
        -0.16990284621715546,
        -0.3117929697036743,
        -0.05547962337732315,
        0.9979621767997742,
        0.03151802346110344,
        0.009376289322972298,
        0.17144924402236938,
        -0.021575918421149254,
        0.984956681728363,
        -0.017019769176840782
    ],
    [
        0.9815878868103027,
        0.06325659155845642,
        -0.18023261427879333,
        -0.3241932988166809,
        -0.05843958258628845,
        0.9977805614471436,
        0.031917694956064224,
        0.009424948133528233,
        0.1818515956401825,
        -0.020797304809093475,
        0.9831060767173767,
        -0.01943507231771946
    ],
    [
        0.9795916676521301,
        0.06676382571458817,
        -0.18958593904972076,
        -0.3380080461502075,
        -0.06181212514638901,
        0.9975773096084595,
        0.03191923350095749,
        0.010149123147130013,
        0.19125768542289734,
        -0.01954910159111023,
        0.9813451766967773,
        -0.02186848409473896
    ],
    [
        0.9774243235588074,
        0.070545494556427,
        -0.19916130602359772,
        -0.35068225860595703,
        -0.06546188145875931,
        0.9973417520523071,
        0.03200391307473183,
        0.01031799428164959,
        0.20088960230350494,
        -0.018243927508592606,
        0.9794440269470215,
        -0.024719320237636566
    ],
    [
        0.9750382900238037,
        0.07476086914539337,
        -0.20907193422317505,
        -0.36300376057624817,
        -0.06962540745735168,
        0.9970654249191284,
        0.031826529651880264,
        0.01053332258015871,
        0.21083776652812958,
        -0.016475370153784752,
        0.9773821234703064,
        -0.02781677059829235
    ],
    [
        0.9722335934638977,
        0.07886636257171631,
        -0.2203224003314972,
        -0.37354952096939087,
        -0.07365662604570389,
        0.9967772960662842,
        0.031775038689374924,
        0.01035058218985796,
        0.2221183329820633,
        -0.01466455403715372,
        0.9749094247817993,
        -0.02928899973630905
    ],
    [
        0.9690098762512207,
        0.08345367759466171,
        -0.23249782621860504,
        -0.3917335867881775,
        -0.07836470007896423,
        0.9964410066604614,
        0.03105614334344864,
        0.011670993641018867,
        0.23426209390163422,
        -0.011874089948832989,
        0.9721009135246277,
        -0.03468574583530426
    ],
    [
        0.9663518071174622,
        0.08704889565706253,
        -0.24204686284065247,
        -0.40507546067237854,
        -0.08205004036426544,
        0.9961559772491455,
        0.03067619353532791,
        0.012320410460233688,
        0.2437867671251297,
        -0.009784040972590446,
        0.9697794914245605,
        -0.038455780595541
    ],
    [
        0.9635918140411377,
        0.0906633585691452,
        -0.251537024974823,
        -0.4176118075847626,
        -0.08571681380271912,
        0.9958502054214478,
        0.03057638742029667,
        0.012492409907281399,
        0.2532654106616974,
        -0.007902204059064388,
        0.9673646688461304,
        -0.04206490144133568
    ],
    [
        0.9604908227920532,
        0.09410558640956879,
        -0.2619191110134125,
        -0.42833229899406433,
        -0.08938606083393097,
        0.9955480694770813,
        0.02990293689072132,
        0.013309190981090069,
        0.26356709003448486,
        -0.005309579893946648,
        0.9646263718605042,
        -0.045898035168647766
    ],
    [
        0.9580879807472229,
        0.09740962088108063,
        -0.2694046199321747,
        -0.4433867633342743,
        -0.09273511916399002,
        0.9952370524406433,
        0.030056171119213104,
        0.013411831110715866,
        0.2710492014884949,
        -0.0038131875917315483,
        0.962557852268219,
        -0.051685232669115067
    ],
    [
        0.9550280570983887,
        0.0999438613653183,
        -0.27916404604911804,
        -0.4552801251411438,
        -0.09542296826839447,
        0.9949914813041687,
        0.029773419722914696,
        0.014100932516157627,
        0.28074151277542114,
        -0.0017957851523533463,
        0.9597817659378052,
        -0.056647252291440964
    ],
    [
        0.9516646265983582,
        0.1027030497789383,
        -0.2894589900970459,
        -0.46786344051361084,
        -0.09807027876377106,
        0.9947118759155273,
        0.030504921451210976,
        0.01346969697624445,
        0.2910612225532532,
        -0.0006431303336285055,
        0.9567041993141174,
        -0.060875214636325836
    ],
    [
        0.9476480484008789,
        0.10496525466442108,
        -0.30157148838043213,
        -0.4786880314350128,
        -0.10072340071201324,
        0.9944732189178467,
        0.029627472162246704,
        0.015037748962640762,
        0.3030146360397339,
        0.0022988873533904552,
        0.9529830813407898,
        -0.0653947964310646
    ],
    [
        0.9422941207885742,
        0.1084064468741417,
        -0.316748708486557,
        -0.4958173930644989,
        -0.10409144312143326,
        0.9940979480743408,
        0.030566370114684105,
        0.014404891058802605,
        0.31819286942481995,
        0.004168321844190359,
        0.9480167627334595,
        -0.072674460709095
    ]
]