[
    [
        0.9959052205085754,
        -0.0025597510393708944,
        0.09036772698163986,
        0.03456270322203636,
        0.003037896938621998,
        0.9999821782112122,
        -0.005153966136276722,
        0.010367769747972488,
        -0.09035291522741318,
        0.005407389719039202,
        0.9958951473236084,
        0.49749627709388733
    ],
    [
        0.9955921173095703,
        -0.0020077181980013847,
        0.09376756846904755,
        0.03592675179243088,
        0.002486581914126873,
        0.9999845623970032,
        -0.0049903676845133305,
        0.012601452879607677,
        -0.09375608712434769,
        0.005201531108468771,
        0.9955815672874451,
        0.5376001596450806
    ],
    [
        0.9952717423439026,
        -0.0018817550735548139,
        0.09711162745952606,
        0.03537872061133385,
        0.002377667697146535,
        0.9999848008155823,
        -0.004991156980395317,
        0.013432782143354416,
        -0.09710074216127396,
        0.005198457278311253,
        0.995261013507843,
        0.5787245035171509
    ],
    [
        0.9949976205825806,
        -0.0018525064224377275,
        0.09988131374120712,
        0.034050773829221725,
        0.002344288630411029,
        0.9999857544898987,
        -0.0048065162263810635,
        0.012936381623148918,
        -0.09987097978591919,
        0.005016623064875603,
        0.9949878454208374,
        0.6193336844444275
    ],
    [
        0.9946641325950623,
        -0.0014899573288857937,
        0.10315495729446411,
        0.03496586158871651,
        0.001990667777135968,
        0.9999868273735046,
        -0.004751188214868307,
        0.012080961838364601,
        -0.1031465083360672,
        0.004931185394525528,
        0.9946539402008057,
        0.6582925319671631
    ],
    [
        0.9944035410881042,
        -0.0015071650268509984,
        0.10563769936561584,
        0.03644091635942459,
        0.002029735129326582,
        0.9999862909317017,
        -0.004839490167796612,
        0.011364592239260674,
        -0.10562894493341446,
        0.005026823841035366,
        0.9943928718566895,
        0.6945649981498718
    ],
    [
        0.9940636157989502,
        -0.0011082218261435628,
        0.1087951585650444,
        0.03864051774144173,
        0.0016376771964132786,
        0.9999873042106628,
        -0.004777312278747559,
        0.01192281860858202,
        -0.10878847539424896,
        0.0049271234311163425,
        0.9940527081489563,
        0.7295684814453125
    ],
    [
        0.9936284422874451,
        -0.0012082859175279737,
        0.11269903928041458,
        0.038759827613830566,
        0.001778571167960763,
        0.9999861717224121,
        -0.004959843587130308,
        0.014462858438491821,
        -0.1126914843916893,
        0.0051286849193274975,
        0.9936168193817139,
        0.7650917172431946
    ],
    [
        0.9931710362434387,
        -0.0011772924335673451,
        0.1166611909866333,
        0.037785131484270096,
        0.0017490366008132696,
        0.9999869465827942,
        -0.0047986386343836784,
        0.0168074369430542,
        -0.11665401607751846,
        0.004969913978129625,
        0.9931601285934448,
        0.8139230608940125
    ],
    [
        0.9928946495056152,
        -0.001157195190899074,
        0.11899149417877197,
        0.03654475882649422,
        0.0017419777577742934,
        0.9999869465827942,
        -0.004810600075870752,
        0.01788926310837269,
        -0.11898437142372131,
        0.004983699880540371,
        0.9928836822509766,
        0.8548202514648438
    ],
    [
        0.9925644993782043,
        -0.0012083936017006636,
        0.12171343713998795,
        0.03824637830257416,
        0.0017719812458381057,
        0.9999881982803345,
        -0.004522319883108139,
        0.016604356467723846,
        -0.1217065379023552,
        0.004704368766397238,
        0.9925550818443298,
        0.8968091607093811
    ],
    [
        0.9922152757644653,
        -0.0006984321516938508,
        0.12453246116638184,
        0.04383007436990738,
        0.0012262588134035468,
        0.9999906420707703,
        -0.004161857068538666,
        0.014774775132536888,
        -0.12452838569879532,
        0.0042821671813726425,
        0.9922067523002625,
        0.9393573999404907
    ],
    [
        0.9919391870498657,
        -0.0009067407227121294,
        0.1267123520374298,
        0.046264197677373886,
        0.0014181751757860184,
        0.999991238117218,
        -0.003946026787161827,
        0.013776956126093864,
        -0.12670765817165375,
        0.0040939198806881905,
        0.9919316172599792,
        0.9793499708175659
    ],
    [
        0.9917584657669067,
        -0.0007637363742105663,
        0.12811900675296783,
        0.049822848290205,
        0.0012830595951527357,
        0.9999912977218628,
        -0.0039709643460810184,
        0.011982649564743042,
        -0.12811484932899475,
        0.004102621227502823,
        0.9917508959770203,
        1.0168304443359375
    ],
    [
        0.9915268421173096,
        -0.0005862284451723099,
        0.12990033626556396,
        0.05343974009156227,
        0.001108575495891273,
        0.9999915957450867,
        -0.003948868252336979,
        0.01091740932315588,
        -0.12989693880081177,
        0.004059414379298687,
        0.9915192127227783,
        1.0537093877792358
    ],
    [
        0.9913966655731201,
        -0.00037096557207405567,
        0.13089126348495483,
        0.05813528224825859,
        0.0008875313797034323,
        0.9999920725822449,
        -0.0038882174994796515,
        0.01072758436203003,
        -0.13088878989219666,
        0.003970935940742493,
        0.9913890957832336,
        1.0885759592056274
    ],
    [
        0.9911623597145081,
        -0.00021129152446519583,
        0.13265445828437805,
        0.06346891820430756,
        0.0007488934206776321,
        0.9999916553497314,
        -0.004002765752375126,
        0.012752512469887733,
        -0.13265250623226166,
        0.004066735040396452,
        0.9911542534828186,
        1.135418176651001
    ],
    [
        0.99106365442276,
        -0.000154552748426795,
        0.13338938355445862,
        0.06581909209489822,
        0.0006747572915628552,
        0.999992311000824,
        -0.0038547043222934008,
        0.014891212806105614,
        -0.13338777422904968,
        0.003910262603312731,
        0.9910562038421631,
        1.1711806058883667
    ],
    [
        0.9909172654151917,
        0.0001870532287284732,
        0.1344722956418991,
        0.06633179634809494,
        0.0003187613910995424,
        0.9999930262565613,
        -0.003739943029358983,
        0.017128003761172295,
        -0.13447205722332,
        0.00374883902259171,
        0.9909102320671082,
        1.2087810039520264
    ],
    [
        0.9907683730125427,
        0.0004247731703799218,
        0.13556531071662903,
        0.06593868136405945,
        5.006228821002878e-05,
        0.9999939203262329,
        -0.0034992012660950422,
        0.018946953117847443,
        -0.13556596636772156,
        0.0034736848901957273,
        0.9907621741294861,
        1.2467052936553955
    ],
    [
        0.9905593991279602,
        0.0010538891656324267,
        0.13708047568798065,
        0.06512164324522018,
        -0.0006189447594806552,
        0.999994695186615,
        -0.0032154973596334457,
        0.019298052415251732,
        -0.13708314299583435,
        0.0031002946197986603,
        0.9905547499656677,
        1.2832703590393066
    ],
    [
        0.9904104471206665,
        0.0010390684474259615,
        0.13815250992774963,
        0.06378314644098282,
        -0.0006132566486485302,
        0.9999949336051941,
        -0.0031247136648744345,
        0.018315695226192474,
        -0.13815505802631378,
        0.0030100264120846987,
        0.9904060959815979,
        1.318956971168518
    ],
    [
        0.9902682304382324,
        0.0012488164938986301,
        0.1391662210226059,
        0.06326217204332352,
        -0.0008342693909071386,
        0.9999950528144836,
        -0.0030370827298611403,
        0.01659052073955536,
        -0.1391693502664566,
        0.0028914238791912794,
        0.990264356136322,
        1.3516100645065308
    ],
    [
        0.9899714589118958,
        0.001526661915704608,
        0.1412588506937027,
        0.062027934938669205,
        -0.0011003792751580477,
        0.999994695186615,
        -0.003095796564593911,
        0.015379674732685089,
        -0.14126279950141907,
        0.0029093127232044935,
        0.9899678230285645,
        1.3816018104553223
    ],
    [
        0.9897592663764954,
        0.0012906857300549746,
        0.14274108409881592,
        0.06186550483107567,
        -0.0008455744246020913,
        0.999994695186615,
        -0.003178924322128296,
        0.016205977648496628,
        -0.14274440705776215,
        0.003025670535862446,
        0.9897550344467163,
        1.4222184419631958
    ]
]