[
    [
        0.9803116321563721,
        -0.03400776907801628,
        0.1945057064294815,
        0.1021512895822525,
        0.03581831604242325,
        0.9993415474891663,
        -0.005797953344881535,
        -0.07239381223917007,
        -0.1941804438829422,
        0.012650667689740658,
        0.9808841943740845,
        0.5708901286125183
    ],
    [
        0.9790181517601013,
        -0.035242900252342224,
        0.2007022649049759,
        0.10709470510482788,
        0.037079107016325,
        0.9992977976799011,
        -0.005395892541855574,
        -0.0747675746679306,
        -0.2003711611032486,
        0.012724539265036583,
        0.9796373248100281,
        0.5805777311325073
    ],
    [
        0.9776656031608582,
        -0.036150943487882614,
        0.20703352987766266,
        0.11231029778718948,
        0.03803315386176109,
        0.9992634057998657,
        -0.005117013584822416,
        -0.07705344259738922,
        -0.2066960334777832,
        0.012876864522695541,
        0.9783204793930054,
        0.5900497436523438
    ],
    [
        0.9762020111083984,
        -0.037096425890922546,
        0.21366697549819946,
        0.11679825931787491,
        0.039058294147253036,
        0.9992246031761169,
        -0.0049662296660244465,
        -0.07906391471624374,
        -0.21331705152988434,
        0.013193510472774506,
        0.976893961429596,
        0.5999271273612976
    ],
    [
        0.9746664762496948,
        -0.03817032277584076,
        0.2203821986913681,
        0.1213960349559784,
        0.0402301549911499,
        0.9991786479949951,
        -0.004864350892603397,
        -0.08067365735769272,
        -0.2200155109167099,
        0.013607128523290157,
        0.9754015207290649,
        0.6101299524307251
    ],
    [
        0.9730458855628967,
        -0.03920550271868706,
        0.22725439071655273,
        0.12598314881324768,
        0.04135804623365402,
        0.9991332292556763,
        -0.004716112744063139,
        -0.08247260749340057,
        -0.2268725335597992,
        0.01398779172450304,
        0.9738240242004395,
        0.6202289462089539
    ],
    [
        0.9714052081108093,
        -0.04006602242588997,
        0.2340226173400879,
        0.1308862566947937,
        0.04236511141061783,
        0.9990906119346619,
        -0.004803384654223919,
        -0.08374307304620743,
        -0.23361736536026,
        0.01458042860031128,
        0.9722193479537964,
        0.6297707557678223
    ],
    [
        0.9696804881095886,
        -0.040699176490306854,
        0.24096333980560303,
        0.13560573756694794,
        0.04311969503760338,
        0.9990584850311279,
        -0.004778601694852114,
        -0.08534278720617294,
        -0.2405419945716858,
        0.015023984014987946,
        0.9705224633216858,
        0.6408641338348389
    ],
    [
        0.967851459980011,
        -0.04142220690846443,
        0.2480880320072174,
        0.13996054232120514,
        0.04400588572025299,
        0.9990193843841553,
        -0.004875596147030592,
        -0.08675533533096313,
        -0.24764277040958405,
        0.01563618704676628,
        0.9687252044677734,
        0.6521546244621277
    ],
    [
        0.965986430644989,
        -0.04217708110809326,
        0.25512993335723877,
        0.14429521560668945,
        0.04489661008119583,
        0.9989798665046692,
        -0.004842482041567564,
        -0.0880524292588234,
        -0.25466543436050415,
        0.016132241114974022,
        0.9668946862220764,
        0.6630010604858398
    ],
    [
        0.9640355706214905,
        -0.042894139885902405,
        0.2622891366481781,
        0.1483956277370453,
        0.045750025659799576,
        0.9989414811134338,
        -0.0047882855869829655,
        -0.08941720426082611,
        -0.26180607080459595,
        0.016615809872746468,
        0.9649774432182312,
        0.6730757355690002
    ],
    [
        0.9619812369346619,
        -0.043937187641859055,
        0.2695579528808594,
        0.15236669778823853,
        0.04687965288758278,
        0.9988905191421509,
        -0.0044847954995930195,
        -0.09143231064081192,
        -0.2690618336200714,
        0.016951072961091995,
        0.9629737734794617,
        0.6826128959655762
    ],
    [
        0.9598036408424377,
        -0.04497456178069115,
        0.27704542875289917,
        0.15579964220523834,
        0.04803965613245964,
        0.9988362193107605,
        -0.004282401874661446,
        -0.09307622164487839,
        -0.2765304148197174,
        0.01741943322122097,
        0.9608472585678101,
        0.6931887865066528
    ],
    [
        0.9575958847999573,
        -0.04582472890615463,
        0.28444722294807434,
        0.15945906937122345,
        0.04904889687895775,
        0.998787522315979,
        -0.004218209069222212,
        -0.09416885673999786,
        -0.28390899300575256,
        0.017991162836551666,
        0.9586824774742126,
        0.7034056782722473
    ],
    [
        0.9552982449531555,
        -0.046699412167072296,
        0.2919323444366455,
        0.16269776225090027,
        0.05008136108517647,
        0.9987366199493408,
        -0.0041181487031280994,
        -0.09586547315120697,
        -0.29137122631073,
        0.018554430454969406,
        0.9564300775527954,
        0.7135254144668579
    ],
    [
        0.9529112577438354,
        -0.04764848202466965,
        0.2994825541973114,
        0.16600681841373444,
        0.05119624733924866,
        0.9986805319786072,
        -0.004006477538496256,
        -0.09721920639276505,
        -0.2988964915275574,
        0.019150201231241226,
        0.954093337059021,
        0.7241886854171753
    ],
    [
        0.9504052400588989,
        -0.048755548894405365,
        0.3071690499782562,
        0.1686108559370041,
        0.0524795725941658,
        0.9986145496368408,
        -0.0038703768514096737,
        -0.09883400052785873,
        -0.30655479431152344,
        0.019798528403043747,
        0.9516470432281494,
        0.7342504858970642
    ],
    [
        0.947803795337677,
        -0.04979509860277176,
        0.3149419128894806,
        0.1709921956062317,
        0.05367882922291756,
        0.9985514879226685,
        -0.003664240473881364,
        -0.10050870478153229,
        -0.31430327892303467,
        0.02037869393825531,
        0.9491038918495178,
        0.744137704372406
    ],
    [
        0.9451914429664612,
        -0.05098193883895874,
        0.32251182198524475,
        0.17401200532913208,
        0.0549933984875679,
        0.9984810948371887,
        -0.0033325538970530033,
        -0.10236720740795135,
        -0.32185208797454834,
        0.020885922014713287,
        0.946559488773346,
        0.7533397078514099
    ],
    [
        0.9425027370452881,
        -0.05182800814509392,
        0.33015525341033936,
        0.17690573632717133,
        0.05609183758497238,
        0.9984198808670044,
        -0.0033941601868718863,
        -0.10349656641483307,
        -0.3294576108455658,
        0.021718017756938934,
        0.9439205527305603,
        0.7642823457717896
    ],
    [
        0.939686119556427,
        -0.05290528014302254,
        0.3379218280315399,
        0.17957593500614166,
        0.05739585682749748,
        0.9983460307121277,
        -0.0033034521620720625,
        -0.10454533994197845,
        -0.33718815445899963,
        0.02249952033162117,
        0.9411683678627014,
        0.7745844125747681
    ],
    [
        0.9367619752883911,
        -0.05375231057405472,
        0.3458144962787628,
        0.18202891945838928,
        0.05848037824034691,
        0.998283326625824,
        -0.003244989085942507,
        -0.10592065751552582,
        -0.34504640102386475,
        0.023263145238161087,
        0.9382973313331604,
        0.7858469486236572
    ],
    [
        0.93373703956604,
        -0.054749056696891785,
        0.3537481725215912,
        0.1839248239994049,
        0.05970250442624092,
        0.9982114434242249,
        -0.003096272237598896,
        -0.10771056264638901,
        -0.3529459238052368,
        0.024010755121707916,
        0.935335636138916,
        0.7963322997093201
    ],
    [
        0.9306181073188782,
        -0.055729229003190994,
        0.36172375082969666,
        0.18642385303974152,
        0.060835354030132294,
        0.9981439709663391,
        -0.00273324828594923,
        -0.10989212989807129,
        -0.3609001040458679,
        0.024549202993512154,
        0.9322812557220459,
        0.8065492510795593
    ],
    [
        0.927617609500885,
        -0.05689278990030289,
        0.36917322874069214,
        0.19001582264900208,
        0.062151093035936356,
        0.9980639219284058,
        -0.0023560605477541685,
        -0.11187276989221573,
        -0.3683244287967682,
        0.02513004094362259,
        0.929357647895813,
        0.816591203212738
    ],
    [
        0.9244205355644226,
        -0.0582624152302742,
        0.37689825892448425,
        0.19370514154434204,
        0.06366267800331116,
        0.9979697465896606,
        -0.0018757459474727511,
        -0.11372752487659454,
        -0.3760237395763397,
        0.02572833001613617,
        0.9262527227401733,
        0.8279907703399658
    ],
    [
        0.921176552772522,
        -0.05962986871600151,
        0.384549081325531,
        0.19678589701652527,
        0.06515965610742569,
        0.9978739023208618,
        -0.0013534196186810732,
        -0.11552698910236359,
        -0.3836507797241211,
        0.02630382403731346,
        0.9231036305427551,
        0.839041531085968
    ],
    [
        0.9179605841636658,
        -0.060924649238586426,
        0.39196500182151794,
        0.2003144472837448,
        0.06655096262693405,
        0.9977827668190002,
        -0.0007694301311857998,
        -0.11758403480052948,
        -0.3910490572452545,
        0.026791950687766075,
        0.9199798107147217,
        0.8488477468490601
    ],
    [
        0.9147112965583801,
        -0.06206320598721504,
        0.39931362867355347,
        0.20439420640468597,
        0.06782107055187225,
        0.9976973533630371,
        -0.0002914927899837494,
        -0.11929880082607269,
        -0.39837607741355896,
        0.027348505333065987,
        0.9168143272399902,
        0.8587868213653564
    ],
    [
        0.9113224148750305,
        -0.06337106227874756,
        0.40678671002388,
        0.2086496502161026,
        0.0693020150065422,
        0.9975957274436951,
        0.00015291997988242656,
        -0.12070707231760025,
        -0.405818372964859,
        0.02805178426206112,
        0.9135231375694275,
        0.869724690914154
    ],
    [
        0.9079310297966003,
        -0.06443300098180771,
        0.414137065410614,
        0.2130526751279831,
        0.07054555416107178,
        0.9975084066390991,
        0.0005359481438063085,
        -0.12209200859069824,
        -0.4131397604942322,
        0.028728924691677094,
        0.9102143049240112,
        0.8802279829978943
    ],
    [
        0.9044658541679382,
        -0.06563123315572739,
        0.42146652936935425,
        0.2174571305513382,
        0.07186299562454224,
        0.9974138736724854,
        0.0011006257263943553,
        -0.12390931695699692,
        -0.42044878005981445,
        0.02929236926138401,
        0.9068433046340942,
        0.8907222151756287
    ],
    [
        0.9008206725120544,
        -0.06661688536405563,
        0.4290504455566406,
        0.2218881994485855,
        0.0730917826294899,
        0.9973243474960327,
        0.0013892169808968902,
        -0.1251041740179062,
        -0.4279949963092804,
        0.030108626931905746,
        0.9032794237136841,
        0.9026987552642822
    ],
    [
        0.8973248600959778,
        -0.0673256516456604,
        0.43620553612709045,
        0.227006196975708,
        0.07412098348140717,
        0.997248113155365,
        0.0014437958598136902,
        -0.12582141160964966,
        -0.4351024627685547,
        0.03103642910718918,
        0.8998459577560425,
        0.9129220843315125
    ],
    [
        0.8937779068946838,
        -0.0685020387172699,
        0.44324758648872375,
        0.23213420808315277,
        0.0755467563867569,
        0.997140645980835,
        0.0017690925160422921,
        -0.12679004669189453,
        -0.442101389169693,
        0.03190474212169647,
        0.8963975310325623,
        0.9228514432907104
    ],
    [
        0.890254557132721,
        -0.06932497024536133,
        0.45015662908554077,
        0.23709900677204132,
        0.07667218893766403,
        0.9970545172691345,
        0.0019171334570273757,
        -0.12762638926506042,
        -0.44896355271339417,
        0.03280775621533394,
        0.8929476141929626,
        0.9324588775634766
    ],
    [
        0.8866475224494934,
        -0.06997144222259521,
        0.4571216106414795,
        0.24195748567581177,
        0.07763157784938812,
        0.9969800114631653,
        0.0020307276863604784,
        -0.12843601405620575,
        -0.4558832347393036,
        0.033686526119709015,
        0.8894019722938538,
        0.9424565434455872
    ],
    [
        0.8829624652862549,
        -0.07063338160514832,
        0.46409934759140015,
        0.24700504541397095,
        0.07857681065797806,
        0.9969055652618408,
        0.0022289047483354807,
        -0.12965579330921173,
        -0.46282070875167847,
        0.034499406814575195,
        0.885780394077301,
        0.9525894522666931
    ],
    [
        0.8794998526573181,
        -0.07114309072494507,
        0.470551460981369,
        0.2524586617946625,
        0.07959432899951935,
        0.9968254566192627,
        0.0019424882484599948,
        -0.12945033609867096,
        -0.4691958427429199,
        0.035744812339544296,
        0.8823704123497009,
        0.9596675038337708
    ],
    [
        0.8760995864868164,
        -0.07125667482614517,
        0.4768353998661041,
        0.2582815885543823,
        0.080111064016819,
        0.9967843294143677,
        0.0017663694452494383,
        -0.12989777326583862,
        -0.47542792558670044,
        0.036652274429798126,
        0.878990888595581,
        0.9671582579612732
    ],
    [
        0.8725339770317078,
        -0.07144099473953247,
        0.48330193758010864,
        0.264365553855896,
        0.08069135248661041,
        0.9967377781867981,
        0.0016594266053289175,
        -0.13045546412467957,
        -0.48184382915496826,
        0.03755037486553192,
        0.8754521608352661,
        0.9768447875976562
    ],
    [
        0.8692392110824585,
        -0.0713355541229248,
        0.4892181158065796,
        0.269844651222229,
        0.08095204085111618,
        0.9967169165611267,
        0.0015016886172816157,
        -0.13089974224567413,
        -0.4877191185951233,
        0.03829788416624069,
        0.8721601366996765,
        0.983194887638092
    ],
    [
        0.8659167289733887,
        -0.07194311171770096,
        0.494987428188324,
        0.2756494879722595,
        0.0817239060997963,
        0.9966531991958618,
        0.0018914506072178483,
        -0.13239924609661102,
        -0.493466854095459,
        0.03881446644663811,
        0.8688980937004089,
        0.9884875416755676
    ],
    [
        0.8625149130821228,
        -0.07213302701711655,
        0.5008639097213745,
        0.28235650062561035,
        0.08212120831012726,
        0.9966201186180115,
        0.0021132719703018665,
        -0.13325686752796173,
        -0.4993235766887665,
        0.0393088199198246,
        0.8655233979225159,
        0.9968993663787842
    ],
    [
        0.8590785264968872,
        -0.07226964086294174,
        0.5067159533500671,
        0.2892150282859802,
        0.08246257156133652,
        0.9965913891792297,
        0.002331629628315568,
        -0.13424919545650482,
        -0.5051573514938354,
        0.039782047271728516,
        0.8621099591255188,
        1.006298303604126
    ],
    [
        0.8555905818939209,
        -0.07221780717372894,
        0.5125908851623535,
        0.2962532043457031,
        0.08270499855279922,
        0.9965712428092957,
        0.002357811201363802,
        -0.13459347188472748,
        -0.5110036730766296,
        0.040376514196395874,
        0.8586297035217285,
        1.0158792734146118
    ],
    [
        0.8521188497543335,
        -0.07308612763881683,
        0.5182200074195862,
        0.3034134805202484,
        0.08391839265823364,
        0.9964694380760193,
        0.0025464966893196106,
        -0.13487659394741058,
        -0.51657634973526,
        0.041318271309137344,
        0.8552436232566833,
        1.0238958597183228
    ],
    [
        0.8487234711647034,
        -0.07319385558366776,
        0.5237472057342529,
        0.3089773952960968,
        0.0842306911945343,
        0.9964425563812256,
        0.002758766757324338,
        -0.1358337700366974,
        -0.5220857858657837,
        0.04177414998412132,
        0.8518694043159485,
        1.0305981636047363
    ],
    [
        0.8454904556274414,
        -0.0731855183839798,
        0.5289515256881714,
        0.3149094879627228,
        0.08445150405168533,
        0.9964234828948975,
        0.0028751755598932505,
        -0.13662421703338623,
        -0.5272700786590576,
        0.04223982244729996,
        0.8486472368240356,
        1.036720871925354
    ],
    [
        0.8423135280609131,
        -0.073591448366642,
        0.533940315246582,
        0.32242903113365173,
        0.08503878861665726,
        0.9963725805282593,
        0.0031748441979289055,
        -0.137611523270607,
        -0.53223717212677,
        0.04273143410682678,
        0.8455160856246948,
        1.0442534685134888
    ],
    [
        0.8390405774116516,
        -0.07424649596214294,
        0.5389789342880249,
        0.3285849988460541,
        0.08579925447702408,
        0.9963056445121765,
        0.0036794468760490417,
        -0.1392093002796173,
        -0.5372610092163086,
        0.043156784027814865,
        0.8423112630844116,
        1.0513923168182373
    ],
    [
        0.8358070254325867,
        -0.07474341988563538,
        0.5439116954803467,
        0.3350362479686737,
        0.08659667521715164,
        0.9962360858917236,
        0.00383147899992764,
        -0.13978323340415955,
        -0.5421509146690369,
        0.0438985638320446,
        0.8391337990760803,
        1.05878746509552
    ],
    [
        0.8329558968544006,
        -0.0745137557387352,
        0.5482994318008423,
        0.34221258759498596,
        0.08660883456468582,
        0.9962351322174072,
        0.003815231379121542,
        -0.14075309038162231,
        -0.54651939868927,
        0.04430966079235077,
        0.8362733721733093,
        1.0666284561157227
    ],
    [
        0.8300676941871643,
        -0.07423710823059082,
        0.5526992678642273,
        0.34928688406944275,
        0.08654851466417313,
        0.9962402582168579,
        0.003830046858638525,
        -0.14188626408576965,
        -0.5509055852890015,
        0.04465610533952713,
        0.8333719968795776,
        1.0748687982559204
    ],
    [
        0.8270612955093384,
        -0.0740874856710434,
        0.5572078824043274,
        0.35565999150276184,
        0.08644359558820724,
        0.9962480664253235,
        0.004155293107032776,
        -0.1433059722185135,
        -0.5554251670837402,
        0.04473036900162697,
        0.8303625583648682,
        1.0831682682037354
    ],
    [
        0.8237894177436829,
        -0.07547619938850403,
        0.5618489980697632,
        0.36396729946136475,
        0.08761104941368103,
        0.9961403608322144,
        0.005360564216971397,
        -0.14486396312713623,
        -0.560085117816925,
        0.04480821266770363,
        0.8272224068641663,
        1.0927045345306396
    ],
    [
        0.8206748962402344,
        -0.07649943232536316,
        0.5662513971328735,
        0.37337473034858704,
        0.08851505815982819,
        0.996055006980896,
        0.00627913000062108,
        -0.14625772833824158,
        -0.5644978284835815,
        0.04496864974498749,
        0.824208676815033,
        1.102638840675354
    ],
    [
        0.8173099160194397,
        -0.07744763046503067,
        0.5709696412086487,
        0.3806067705154419,
        0.08941267430782318,
        0.9959693551063538,
        0.007106482516974211,
        -0.14688906073570251,
        -0.5692185759544373,
        0.04524371773004532,
        0.8209404945373535,
        1.112531304359436
    ],
    [
        0.8146692514419556,
        -0.07723826169967651,
        0.574759304523468,
        0.38823390007019043,
        0.08946742117404938,
        0.9959648847579956,
        0.007029446307569742,
        -0.14754706621170044,
        -0.5729830265045166,
        0.045695558190345764,
        0.8182923793792725,
        1.1198118925094604
    ],
    [
        0.8121283650398254,
        -0.07708671689033508,
        0.5783643126487732,
        0.3951791226863861,
        0.08952614665031433,
        0.9959596991539001,
        0.007034568581730127,
        -0.1482982039451599,
        -0.5765697956085205,
        0.04606574401259422,
        0.8157482147216797,
        1.1264053583145142
    ],
    [
        0.8096877336502075,
        -0.07714524865150452,
        0.581768274307251,
        0.4027695655822754,
        0.08980777859687805,
        0.9959339499473572,
        0.007073807064443827,
        -0.1488827019929886,
        -0.5799484848976135,
        0.04651973769068718,
        0.8133239150047302,
        1.1340649127960205
    ],
    [
        0.8068585395812988,
        -0.07794331014156342,
        0.5855799913406372,
        0.41090628504753113,
        0.09027522802352905,
        0.9958834052085876,
        0.008168143220245838,
        -0.15037128329277039,
        -0.5838061571121216,
        0.04627282917499542,
        0.8105735182762146,
        1.144023060798645
    ],
    [
        0.8044199347496033,
        -0.0780392587184906,
        0.5889129042625427,
        0.41946354508399963,
        0.09052132815122604,
        0.9958598017692566,
        0.008318704552948475,
        -0.15149864554405212,
        -0.5871238708496094,
        0.046617455780506134,
        0.8081536293029785,
        1.1530354022979736
    ],
    [
        0.802100658416748,
        -0.0790524035692215,
        0.59193354845047,
        0.42753347754478455,
        0.09151650220155716,
        0.9957631230354309,
        0.008974023163318634,
        -0.15259042382240295,
        -0.5901349782943726,
        0.04697360843420029,
        0.8059367537498474,
        1.1602933406829834
    ],
    [
        0.7994009256362915,
        -0.07969336211681366,
        0.5954890847206116,
        0.43784478306770325,
        0.09162332862615585,
        0.9957408905029297,
        0.010260755196213722,
        -0.1545412540435791,
        -0.5937705636024475,
        0.046358246356248856,
        0.8032978177070618,
        1.173943042755127
    ],
    [
        0.7967345714569092,
        -0.08025103807449341,
        0.5989772081375122,
        0.44774797558784485,
        0.0923067182302475,
        0.9956740140914917,
        0.010617963969707489,
        -0.1560785472393036,
        -0.5972381830215454,
        0.04682992398738861,
        0.8006956577301025,
        1.187055230140686
    ],
    [
        0.7948598861694336,
        -0.07995112985372543,
        0.6015027165412903,
        0.4562858045101166,
        0.09207946062088013,
        0.9956945180892944,
        0.010667681694030762,
        -0.1575077474117279,
        -0.5997658967971802,
        0.046906728297472,
        0.798799455165863,
        1.1952069997787476
    ],
    [
        0.7925517559051514,
        -0.08074002712965012,
        0.604435920715332,
        0.4664958417415619,
        0.09253551065921783,
        0.9956410527229309,
        0.011661962606012821,
        -0.1587660014629364,
        -0.6027428507804871,
        0.04668908193707466,
        0.7965683341026306,
        1.2067067623138428
    ],
    [
        0.7908855676651001,
        -0.08056894689798355,
        0.606637179851532,
        0.47591710090637207,
        0.09258701652288437,
        0.9956379532814026,
        0.011525430716574192,
        -0.15964676439762115,
        -0.6049194931983948,
        0.047051429748535156,
        0.7948952913284302,
        1.215429425239563
    ],
    [
        0.789345383644104,
        -0.08052769303321838,
        0.6086453795433044,
        0.4851078987121582,
        0.09265851974487305,
        0.9956308007240295,
        0.01156056858599186,
        -0.1608663946390152,
        -0.6069170832633972,
        0.047270894050598145,
        0.7933581471443176,
        1.2241536378860474
    ],
    [
        0.7879123091697693,
        -0.0805196538567543,
        0.6105003952980042,
        0.49387767910957336,
        0.09272819757461548,
        0.9956234097480774,
        0.011638934724032879,
        -0.16256481409072876,
        -0.6087656617164612,
        0.047440141439437866,
        0.7919303774833679,
        1.2317687273025513
    ],
    [
        0.7865807414054871,
        -0.080328568816185,
        0.6122402548789978,
        0.5020924210548401,
        0.0926697850227356,
        0.995629608631134,
        0.011572643183171749,
        -0.1635611206293106,
        -0.6104941964149475,
        0.047633349895477295,
        0.7905871868133545,
        1.2397878170013428
    ],
    [
        0.7853434681892395,
        -0.08037722855806351,
        0.6138200759887695,
        0.5107808709144592,
        0.09271936863660812,
        0.995622992515564,
        0.011744286864995956,
        -0.16519467532634735,
        -0.6120774149894714,
        0.04768971726298332,
        0.7893585562705994,
        1.2487263679504395
    ],
    [
        0.7843182682991028,
        -0.08039248734712601,
        0.6151275038719177,
        0.5205772519111633,
        0.09280376881361008,
        0.9956146478652954,
        0.011789806187152863,
        -0.16645318269729614,
        -0.6133778095245361,
        0.047839194536209106,
        0.7883394360542297,
        1.258485198020935
    ],
    [
        0.7833792567253113,
        -0.08049021661281586,
        0.616310179233551,
        0.5297895073890686,
        0.09284722805023193,
        0.9956079721450806,
        0.012010322883725166,
        -0.16826629638671875,
        -0.6145700216293335,
        0.04781404882669449,
        0.7874119281768799,
        1.2684260606765747
    ],
    [
        0.782648503780365,
        -0.08048266172409058,
        0.6172388792037964,
        0.5383206009864807,
        0.09293906390666962,
        0.9955998063087463,
        0.01197251956909895,
        -0.16915792226791382,
        -0.6154865622520447,
        0.04799533262848854,
        0.7866846919059753,
        1.2763053178787231
    ],
    [
        0.7819388508796692,
        -0.08001590520143509,
        0.6181982159614563,
        0.5468123555183411,
        0.09241362661123276,
        0.9956485629081726,
        0.011979853734374046,
        -0.17105057835578918,
        -0.616466760635376,
        0.0477624237537384,
        0.785930871963501,
        1.2855006456375122
    ],
    [
        0.7814062237739563,
        -0.07938723266124725,
        0.6189523339271545,
        0.5553152561187744,
        0.09187891334295273,
        0.995701253414154,
        0.01171528734266758,
        -0.17222651839256287,
        -0.6172216534614563,
        0.047714266926050186,
        0.7853411436080933,
        1.2938987016677856
    ]
]