[
    [
        0.9928300380706787,
        0.00605376623570919,
        -0.11938163638114929,
        -0.1104462668299675,
        -0.005844274535775185,
        0.9999806880950928,
        0.002104839775711298,
        -0.03216173127293587,
        0.11939206719398499,
        -0.0013920492492616177,
        0.9928461909294128,
        0.6996729373931885
    ],
    [
        0.9884531497955322,
        0.005585138686001301,
        -0.15142320096492767,
        -0.16092553734779358,
        -0.005426511634141207,
        0.9999842047691345,
        0.0014607892371714115,
        -0.03617541864514351,
        0.1514289677143097,
        -0.000622222782112658,
        0.9884678721427917,
        0.8861605525016785
    ],
    [
        0.982861340045929,
        0.005123586859554052,
        -0.18427540361881256,
        -0.21302510797977448,
        -0.0049150362610816956,
        0.9999866485595703,
        0.0015884919557720423,
        -0.042521681636571884,
        0.18428106606006622,
        -0.0006555471336469054,
        0.9828733801841736,
        1.0835667848587036
    ],
    [
        0.9744270443916321,
        0.0019544719252735376,
        -0.22469542920589447,
        -0.2762678563594818,
        -0.0014828614657744765,
        0.9999963641166687,
        0.002267623320221901,
        -0.06167185679078102,
        0.22469903528690338,
        -0.001876442227512598,
        0.9744263887405396,
        1.3071234226226807
    ],
    [
        0.9652905464172363,
        -0.0009886031039059162,
        -0.2611766457557678,
        -0.34089362621307373,
        0.0012696958146989346,
        0.9999987483024597,
        0.0009075223933905363,
        -0.0722881332039833,
        0.2611754238605499,
        -0.0012076373677700758,
        0.9652906060218811,
        1.4906535148620605
    ],
    [
        0.9558579921722412,
        -0.00029735721182078123,
        -0.2938289940357208,
        -0.43840500712394714,
        0.001008327817544341,
        0.9999970197677612,
        0.0022681974805891514,
        -0.07960999011993408,
        0.29382744431495667,
        -0.0024643505457788706,
        0.9558552503585815,
        1.7097691297531128
    ],
    [
        0.9477136731147766,
        0.003318734699860215,
        -0.31910470128059387,
        -0.5369833707809448,
        -0.001965300878509879,
        0.9999876618385315,
        0.0045632412657141685,
        -0.08940671384334564,
        0.31911590695381165,
        -0.003697507083415985,
        0.9477084279060364,
        1.9006370306015015
    ],
    [
        0.9366976022720337,
        0.0046723466366529465,
        -0.35010814666748047,
        -0.6393745541572571,
        -0.0030813466291874647,
        0.9999822378158569,
        0.005101207178086042,
        -0.09520374238491058,
        0.3501257598400116,
        -0.0036994852125644684,
        0.9366954565048218,
        2.1001358032226562
    ],
    [
        0.9247820377349854,
        0.004620481748133898,
        -0.38046929240226746,
        -0.7379047870635986,
        -0.00228958111256361,
        0.9999758005142212,
        0.006578729022294283,
        -0.09497186541557312,
        0.3804904520511627,
        -0.005212774034589529,
        0.924770176410675,
        2.2844104766845703
    ],
    [
        0.9118627905845642,
        0.007587639149278402,
        -0.41042497754096985,
        -0.8620496988296509,
        -0.003240077756345272,
        0.9999311566352844,
        0.011287343688309193,
        -0.10317164659500122,
        0.4104822874069214,
        -0.008962699212133884,
        0.9118244647979736,
        2.498361825942993
    ],
    [
        0.9015979766845703,
        0.011542956344783306,
        -0.43242084980010986,
        -0.9778529405593872,
        -0.006437347736209631,
        0.9998912215232849,
        0.013269019313156605,
        -0.11007772386074066,
        0.43252694606781006,
        -0.009179679676890373,
        0.9015743136405945,
        2.6601028442382812
    ],
    [
        0.8966079950332642,
        0.015432113781571388,
        -0.44255608320236206,
        -1.1376609802246094,
        -0.009959464892745018,
        0.9998425245285034,
        0.01468728668987751,
        -0.1109829843044281,
        0.44271302223205566,
        -0.008761119097471237,
        0.8966205716133118,
        2.842353105545044
    ],
    [
        0.8949818015098572,
        0.021294714882969856,
        -0.4455941319465637,
        -1.3047332763671875,
        -0.015191665850579739,
        0.9997355341911316,
        0.01726417988538742,
        -0.11956341564655304,
        0.44584396481513977,
        -0.008681811392307281,
        0.8950686454772949,
        3.006169319152832
    ],
    [
        0.8971061706542969,
        0.02588784694671631,
        -0.44105592370033264,
        -1.4683586359024048,
        -0.02042250707745552,
        0.9996446371078491,
        0.01713498868048191,
        -0.13036517798900604,
        0.4413428008556366,
        -0.006364435888826847,
        0.8973159790039062,
        3.145958423614502
    ],
    [
        0.8992535471916199,
        0.027525773271918297,
        -0.43656080961227417,
        -1.6490529775619507,
        -0.022464752197265625,
        0.9996072053909302,
        0.01675242930650711,
        -0.14155438542366028,
        0.43685057759284973,
        -0.0052574495784938335,
        0.8995187878608704,
        3.2927005290985107
    ],
    [
        0.9014855623245239,
        0.026027046144008636,
        -0.4320259988307953,
        -1.8084214925765991,
        -0.020911112427711487,
        0.9996438026428223,
        0.01658860594034195,
        -0.1478792279958725,
        0.432303786277771,
        -0.005920242052525282,
        0.9017086029052734,
        3.4262428283691406
    ],
    [
        0.9064722061157227,
        0.022710096091032028,
        -0.4216543734073639,
        -1.985507607460022,
        -0.01823067106306553,
        0.9997265338897705,
        0.01465249340981245,
        -0.15131036937236786,
        0.4218718111515045,
        -0.005595036782324314,
        0.9066383242607117,
        3.577794075012207
    ],
    [
        0.9104610681533813,
        0.018959956243634224,
        -0.41315990686416626,
        -2.132094144821167,
        -0.015377798117697239,
        0.9998098015785217,
        0.011994058266282082,
        -0.1558798849582672,
        0.413308709859848,
        -0.004566634073853493,
        0.91057950258255,
        3.7073214054107666
    ],
    [
        0.9177557826042175,
        0.020116964355111122,
        -0.39663541316986084,
        -2.31587553024292,
        -0.016359195113182068,
        0.9997835159301758,
        0.012855294160544872,
        -0.15800884366035461,
        0.3968081474304199,
        -0.005309384316205978,
        0.9178862571716309,
        3.8691091537475586
    ],
    [
        0.92485111951828,
        0.022814573720097542,
        -0.3796445429325104,
        -2.488271951675415,
        -0.01892007701098919,
        0.9997231960296631,
        0.01398677658289671,
        -0.16726121306419373,
        0.37985852360725403,
        -0.005752784200012684,
        0.9250267148017883,
        4.013399124145508
    ],
    [
        0.9344121813774109,
        0.022395983338356018,
        -0.35548892617225647,
        -2.6726582050323486,
        -0.01884992979466915,
        0.9997321367263794,
        0.013436107896268368,
        -0.17479577660560608,
        0.3556944727897644,
        -0.005853923968970776,
        0.934583842754364,
        4.1742024421691895
    ],
    [
        0.9419169425964355,
        0.019007517024874687,
        -0.33530792593955994,
        -2.8354523181915283,
        -0.015879573300480843,
        0.999800980091095,
        0.012068002484738827,
        -0.18107251822948456,
        0.33547043800354004,
        -0.0060425009578466415,
        0.94203120470047,
        4.325990200042725
    ],
    [
        0.9506643414497375,
        0.014487558975815773,
        -0.30988314747810364,
        -3.020381450653076,
        -0.0117008863016963,
        0.9998727440834045,
        0.0108494833111763,
        -0.19696204364299774,
        0.3100007176399231,
        -0.006688310299068689,
        0.9507127404212952,
        4.503543376922607
    ],
    [
        0.9583491683006287,
        0.014256183058023453,
        -0.28524279594421387,
        -3.1827497482299805,
        -0.012082609347999096,
        0.9998829960823059,
        0.009378557093441486,
        -0.20548008382320404,
        0.28534337878227234,
        -0.00554145872592926,
        0.9584093689918518,
        4.644974708557129
    ],
    [
        0.9670937061309814,
        0.017161503434181213,
        -0.2538411617279053,
        -3.3829007148742676,
        -0.01582138054072857,
        0.999847948551178,
        0.00732002966105938,
        -0.2043919563293457,
        0.25392818450927734,
        -0.0030630347318947315,
        0.9672181606292725,
        4.8065972328186035
    ]
]