[
    [
        0.9999383687973022,
        -0.0026418061461299658,
        0.010790081694722176,
        -0.0002438928495394066,
        0.002730495994910598,
        0.999962568283081,
        -0.008213132619857788,
        -0.14173856377601624,
        -0.010767980478703976,
        0.008242089301347733,
        0.9999080896377563,
        0.6991316676139832
    ],
    [
        0.9999322295188904,
        -0.002767142141237855,
        0.011311786249279976,
        -0.011945400387048721,
        0.002861920977011323,
        0.9999608993530273,
        -0.008371210657060146,
        -0.16453006863594055,
        -0.011288180015981197,
        0.00840301625430584,
        0.9999009370803833,
        0.7845221757888794
    ],
    [
        0.9999188780784607,
        -0.002409989945590496,
        0.012508801184594631,
        -0.02878887951374054,
        0.0025050619151443243,
        0.9999681115150452,
        -0.007590312045067549,
        -0.19249098002910614,
        -0.01249010767787695,
        0.007621031254529953,
        0.9998929500579834,
        0.8841468691825867
    ],
    [
        0.9999145865440369,
        -0.0022438832093030214,
        0.012882811948657036,
        -0.04844724386930466,
        0.002345544286072254,
        0.9999662637710571,
        -0.007881544530391693,
        -0.22059288620948792,
        -0.012864692136645317,
        0.00791108887642622,
        0.9998859167098999,
        0.9749378561973572
    ],
    [
        0.9998779296875,
        -0.0021923945751041174,
        0.015469197183847427,
        -0.06868671625852585,
        0.0023168036714196205,
        0.9999651908874512,
        -0.008029027841985226,
        -0.24842414259910583,
        -0.015451055020093918,
        0.00806388258934021,
        0.9998481869697571,
        1.0617997646331787
    ],
    [
        0.9998284578323364,
        -0.002488398225978017,
        0.018356848508119583,
        -0.0905504822731018,
        0.002639045473188162,
        0.999963104724884,
        -0.008186941966414452,
        -0.27133023738861084,
        -0.018335798755288124,
        0.008233984000980854,
        0.9997979998588562,
        1.1546574831008911
    ],
    [
        0.9997623562812805,
        -0.003073317464441061,
        0.021582912653684616,
        -0.11536271125078201,
        0.003279120661318302,
        0.9999494552612305,
        -0.009506531991064548,
        -0.2891632318496704,
        -0.021552609279751778,
        0.009575042873620987,
        0.999721884727478,
        1.2506530284881592
    ],
    [
        0.9996237754821777,
        -0.0036696188617497683,
        0.027181854471564293,
        -0.13931973278522491,
        0.003908619284629822,
        0.9999541640281677,
        -0.008744772523641586,
        -0.3046015501022339,
        -0.027148516848683357,
        0.008847730234265327,
        0.9995921850204468,
        1.3593604564666748
    ],
    [
        0.9994120597839355,
        -0.004719322081655264,
        0.03395821526646614,
        -0.1646435707807541,
        0.004984709899872541,
        0.9999576807022095,
        -0.007734706159681082,
        -0.3215988874435425,
        -0.033920273184776306,
        0.00789943803101778,
        0.9993932843208313,
        1.4626415967941284
    ],
    [
        0.9990516901016235,
        -0.005948345642536879,
        0.04313183203339577,
        -0.1906847059726715,
        0.006319555453956127,
        0.9999442100524902,
        -0.00847515370696783,
        -0.3415582776069641,
        -0.04307900741696358,
        0.008739692158997059,
        0.9990334510803223,
        1.5574108362197876
    ],
    [
        0.998555600643158,
        -0.007076039910316467,
        0.05326003581285477,
        -0.21563763916492462,
        0.007536228280514479,
        0.999936044216156,
        -0.008444567210972309,
        -0.3626875877380371,
        -0.05319686979055405,
        0.008833750151097775,
        0.9985448718070984,
        1.6449676752090454
    ],
    [
        0.9978613257408142,
        -0.00817930605262518,
        0.06485199183225632,
        -0.23989807069301605,
        0.00874356273561716,
        0.9999263286590576,
        -0.008421649225056171,
        -0.3839457035064697,
        -0.06477835029363632,
        0.008970671333372593,
        0.9978594183921814,
        1.7243705987930298
    ],
    [
        0.9970876574516296,
        -0.009987828321754932,
        0.07560727000236511,
        -0.2628345191478729,
        0.01074899546802044,
        0.999895453453064,
        -0.009667180478572845,
        -0.40928569436073303,
        -0.07550279796123505,
        0.010451731272041798,
        0.997090756893158,
        1.8060625791549683
    ],
    [
        0.9958636164665222,
        -0.011628055945038795,
        0.09011295437812805,
        -0.29410988092422485,
        0.012517627328634262,
        0.9998782873153687,
        -0.009312846697866917,
        -0.4300718903541565,
        -0.0899936854839325,
        0.010402332060039043,
        0.9958879947662354,
        1.8915196657180786
    ],
    [
        0.9940424561500549,
        -0.014319244772195816,
        0.10804886370897293,
        -0.3377826511859894,
        0.01541100349277258,
        0.9998382329940796,
        -0.00927602406591177,
        -0.4438003599643707,
        -0.1078985407948494,
        0.010885899886488914,
        0.9941022992134094,
        1.9803272485733032
    ],
    [
        0.9913099408149719,
        -0.01795554906129837,
        0.13031648099422455,
        -0.3905164897441864,
        0.01940719410777092,
        0.999762773513794,
        -0.00987786054611206,
        -0.461030513048172,
        -0.13010823726654053,
        0.012321101501584053,
        0.9914231896400452,
        2.0724246501922607
    ],
    [
        0.986585259437561,
        -0.02142457477748394,
        0.1618352234363556,
        -0.4474586248397827,
        0.023350438103079796,
        0.999677300453186,
        -0.010007302276790142,
        -0.48001131415367126,
        -0.16156858205795288,
        0.01365197729319334,
        0.9867671132087708,
        2.159180164337158
    ],
    [
        0.9795411825180054,
        -0.026440273970365524,
        0.1994992345571518,
        -0.5052801966667175,
        0.028796030208468437,
        0.9995455741882324,
        -0.008915520273149014,
        -0.49711593985557556,
        -0.19917283952236176,
        0.014477903954684734,
        0.9798573851585388,
        2.2393434047698975
    ],
    [
        0.970037043094635,
        -0.031839098781347275,
        0.24086175858974457,
        -0.546196460723877,
        0.03500140830874443,
        0.9993479251861572,
        -0.008861118927598,
        -0.5103389024734497,
        -0.24042287468910217,
        0.017026111483573914,
        0.970518946647644,
        2.312530994415283
    ],
    [
        0.9586849808692932,
        -0.03756799176335335,
        0.2819783091545105,
        -0.5767717361450195,
        0.04112473130226135,
        0.9991315007209778,
        -0.006703666411340237,
        -0.5198187828063965,
        -0.2814815640449524,
        0.018022995442152023,
        0.9593973159790039,
        2.3808352947235107
    ],
    [
        0.9464007616043091,
        -0.042960379272699356,
        0.32012513279914856,
        -0.5981703400611877,
        0.04732881113886833,
        0.998862087726593,
        -0.005874358117580414,
        -0.5207945108413696,
        -0.31950855255126953,
        0.020710639655590057,
        0.9473569989204407,
        2.455470561981201
    ],
    [
        0.9326316714286804,
        -0.04858328029513359,
        0.3575441539287567,
        -0.615987241268158,
        0.05309472605586052,
        0.99858558177948,
        -0.0028059224132448435,
        -0.5199605822563171,
        -0.35690218210220337,
        0.021600598469376564,
        0.933892011642456,
        2.5368757247924805
    ],
    [
        0.916865348815918,
        -0.053673408925533295,
        0.3955720067024231,
        -0.6348079442977905,
        0.05902562290430069,
        0.9982555508613586,
        -0.0013620295794680715,
        -0.5300254225730896,
        -0.3948086202144623,
        0.024597665295004845,
        0.9184340238571167,
        2.61828875541687
    ],
    [
        0.8982567191123962,
        -0.060037627816200256,
        0.43535080552101135,
        -0.6574388742446899,
        0.06591656804084778,
        0.99782395362854,
        0.0016009320970624685,
        -0.5478924512863159,
        -0.4344994127750397,
        0.027258792892098427,
        0.9002594947814941,
        2.6939451694488525
    ],
    [
        0.876783013343811,
        -0.06535395979881287,
        0.47642451524734497,
        -0.6778313517570496,
        0.07236363738775253,
        0.9973716735839844,
        0.0036416335497051477,
        -0.56784987449646,
        -0.4754104018211365,
        0.03128288313746452,
        0.8792077898979187,
        2.7616238594055176
    ]
]