[
    [
        0.9501466155052185,
        -0.015793733298778534,
        0.3114033341407776,
        0.008668708615005016,
        0.015600907616317272,
        0.9998733997344971,
        0.0031103903893381357,
        0.0003817587567027658,
        -0.311413049697876,
        0.0019028482493013144,
        0.950272798538208,
        0.3564282953739166
    ],
    [
        0.9273785352706909,
        -0.018680298700928688,
        0.37365761399269104,
        0.016272077336907387,
        0.018471043556928635,
        0.9998208284378052,
        0.004140960518270731,
        5.6068121921271086e-05,
        -0.37366798520088196,
        0.0030616074800491333,
        0.9275574684143066,
        0.4421690106391907
    ],
    [
        0.9036008715629578,
        -0.02142029069364071,
        0.427839457988739,
        0.024237262085080147,
        0.021344956010580063,
        0.9997597336769104,
        0.004973419941961765,
        -0.0042153396643698215,
        -0.42784321308135986,
        0.004638227168470621,
        0.9038410186767578,
        0.5135175585746765
    ],
    [
        0.8829633593559265,
        -0.022858858108520508,
        0.468885213136673,
        0.03933447599411011,
        0.02271421067416668,
        0.999724268913269,
        0.005964653100818396,
        -0.0037602372467517853,
        -0.46889224648475647,
        0.005383788608014584,
        0.8832389712333679,
        0.5723001956939697
    ],
    [
        0.8689143061637878,
        -0.02472812309861183,
        0.4943445026874542,
        0.05846596509218216,
        0.024199143052101135,
        0.9996791481971741,
        0.007470923010259867,
        0.008263627998530865,
        -0.494370698928833,
        0.005471121519804001,
        0.869234025478363,
        0.6422896981239319
    ],
    [
        0.8633272647857666,
        -0.02535068616271019,
        0.5040073990821838,
        0.07820335030555725,
        0.024624768644571304,
        0.9996639490127563,
        0.008100932464003563,
        0.019062580540776253,
        -0.5040433406829834,
        0.005417309235781431,
        0.8636614680290222,
        0.704035758972168
    ],
    [
        0.8610204458236694,
        -0.0255606509745121,
        0.5079274773597717,
        0.09714031219482422,
        0.02466513030230999,
        0.9996597766876221,
        0.008494846522808075,
        0.028886133804917336,
        -0.5079717636108398,
        0.005213862285017967,
        0.8613579273223877,
        0.7560476660728455
    ],
    [
        0.8600649237632751,
        -0.025785358622670174,
        0.5095324516296387,
        0.1118704155087471,
        0.024901406839489937,
        0.9996533393859863,
        0.008556057699024677,
        0.04133453592658043,
        -0.5095764398574829,
        0.0053293113596737385,
        0.8604089021682739,
        0.7924553751945496
    ],
    [
        0.8593816161155701,
        -0.025915376842021942,
        0.5106776356697083,
        0.12249354273080826,
        0.025139344856142998,
        0.9996485114097595,
        0.008424049243330956,
        0.05375971645116806,
        -0.5107163190841675,
        0.005598627496510744,
        0.8597309589385986,
        0.8208332061767578
    ],
    [
        0.859115719795227,
        -0.026086298748850822,
        0.511116087436676,
        0.12500344216823578,
        0.025140905752778053,
        0.9996455311775208,
        0.008761421777307987,
        0.06655061990022659,
        -0.5111634731292725,
        0.005322849843651056,
        0.8594669699668884,
        0.8437978029251099
    ],
    [
        0.8593540787696838,
        -0.02590612880885601,
        0.5107244849205017,
        0.1285172700881958,
        0.024853598326444626,
        0.9996515512466431,
        0.008887494914233685,
        0.08578172326087952,
        -0.5107768774032593,
        0.005055836867541075,
        0.8596984148025513,
        0.8693844079971313
    ],
    [
        0.8641090989112854,
        -0.025982782244682312,
        0.5026335716247559,
        0.13751102983951569,
        0.02473234385251999,
        0.9996522665023804,
        0.009156374260783195,
        0.10950762033462524,
        -0.502696692943573,
        0.004519201349467039,
        0.8644510507583618,
        0.9009033441543579
    ],
    [
        0.8838968276977539,
        -0.02412952110171318,
        0.46705901622772217,
        0.15102674067020416,
        0.022820400074124336,
        0.9997038245201111,
        0.008460368029773235,
        0.13931168615818024,
        -0.4671248197555542,
        0.003180381376296282,
        0.8841856718063354,
        0.9516626596450806
    ],
    [
        0.9131748676300049,
        -0.021172121167182922,
        0.4070177972316742,
        0.1649218499660492,
        0.02006281167268753,
        0.9997742176055908,
        0.006993526592850685,
        0.15989051759243011,
        -0.407073974609375,
        0.0017796113388612866,
        0.9133934378623962,
        1.0058308839797974
    ],
    [
        0.9414220452308655,
        -0.017941031605005264,
        0.33675292134284973,
        0.1736072599887848,
        0.016909459605813026,
        0.9998390078544617,
        0.005996096879243851,
        0.16690468788146973,
        -0.3368063271045685,
        4.945222826790996e-05,
        0.941573977470398,
        1.0653529167175293
    ],
    [
        0.9618707895278931,
        -0.01540664304047823,
        0.27307000756263733,
        0.17902866005897522,
        0.01440267451107502,
        0.9998800754547119,
        0.005680916830897331,
        0.18135905265808105,
        -0.2731247544288635,
        -0.001531368587166071,
        0.9619773626327515,
        1.1394195556640625
    ],
    [
        0.9786885976791382,
        -0.01228401344269514,
        0.20498239994049072,
        0.18858441710472107,
        0.011477764695882797,
        0.9999209642410278,
        0.005121839232742786,
        0.21908678114414215,
        -0.20502910017967224,
        -0.0026599459815770388,
        0.9787523150444031,
        1.2495383024215698
    ],
    [
        0.990318775177002,
        -0.009390280582010746,
        0.13849447667598724,
        0.19696107506752014,
        0.00868360698223114,
        0.9999459981918335,
        0.005705900024622679,
        0.2444775402545929,
        -0.138540580868721,
        -0.004448032006621361,
        0.9903466701507568,
        1.3738552331924438
    ],
    [
        0.9975928068161011,
        -0.0070455423556268215,
        0.06898443400859833,
        0.22672004997730255,
        0.006656411103904247,
        0.9999606013298035,
        0.005869115702807903,
        0.2563760280609131,
        -0.06902306526899338,
        -0.00539579801261425,
        0.9976004958152771,
        1.5052757263183594
    ],
    [
        0.99998539686203,
        -0.004390112590044737,
        0.0031826510094106197,
        0.2500031888484955,
        0.004371321760118008,
        0.9999731779098511,
        0.005886855535209179,
        0.24809716641902924,
        -0.0032084095291793346,
        -0.005872856359928846,
        0.9999775886535645,
        1.6208261251449585
    ],
    [
        0.9976129531860352,
        -0.0010722627630457282,
        -0.06904441863298416,
        0.2754718065261841,
        0.0014229068765416741,
        0.9999863505363464,
        0.005029552616178989,
        0.2368936687707901,
        0.06903807818889618,
        -0.005115789826959372,
        0.9976008534431458,
        1.7480777502059937
    ],
    [
        0.9903430342674255,
        0.0009761615074239671,
        -0.13863500952720642,
        0.29251450300216675,
        -0.00013357886928133667,
        0.9999815225601196,
        0.006086872890591621,
        0.2355167120695114,
        0.13863836228847504,
        -0.006009578704833984,
        0.9903247952461243,
        1.883857250213623
    ],
    [
        0.9773533940315247,
        0.003633747575804591,
        -0.2115822732448578,
        0.31877413392066956,
        -0.002170588355511427,
        0.9999721646308899,
        0.007147169206291437,
        0.21448223292827606,
        0.2116023302078247,
        -0.0065260534174740314,
        0.9773339629173279,
        2.0338926315307617
    ],
    [
        0.9548563361167908,
        0.008330847136676311,
        -0.2969513237476349,
        0.3423692286014557,
        -0.005982676055282354,
        0.999943196773529,
        0.008815527893602848,
        0.18609648942947388,
        0.29700767993927,
        -0.00664100656285882,
        0.9548519253730774,
        2.1816203594207764
    ],
    [
        0.9251217842102051,
        0.01351808849722147,
        -0.3794296383857727,
        0.3224536180496216,
        -0.009898769669234753,
        0.9998849630355835,
        0.011488211341202259,
        0.14119528234004974,
        0.3795413076877594,
        -0.006872110068798065,
        0.9251492023468018,
        2.3165972232818604
    ]
]