[
    [
        0.9885889887809753,
        -0.00907533522695303,
        0.1503642201423645,
        -0.06584765762090683,
        0.008627178147435188,
        0.9999561905860901,
        0.003632527543231845,
        -0.0030571960378438234,
        -0.1503905951976776,
        -0.0022938570473343134,
        0.9886239767074585,
        0.20995524525642395
    ],
    [
        0.9867819547653198,
        -0.009562176652252674,
        0.16177153587341309,
        -0.06819131970405579,
        0.009140930138528347,
        0.9999525547027588,
        0.003348046448081732,
        -0.003014274872839451,
        -0.16179588437080383,
        -0.0018250495195388794,
        0.9868224859237671,
        0.21847030520439148
    ],
    [
        0.9847618341445923,
        -0.009464073926210403,
        0.17365103960037231,
        -0.07134874165058136,
        0.00889225210994482,
        0.9999521374702454,
        0.004070643335580826,
        -0.005647724494338036,
        -0.17368125915527344,
        -0.002464464632794261,
        0.9847988486289978,
        0.2262546718120575
    ],
    [
        0.9827698469161987,
        -0.010232344269752502,
        0.18455033004283905,
        -0.07182377576828003,
        0.009604225866496563,
        0.9999446868896484,
        0.004297116305679083,
        -0.007126678712666035,
        -0.18458408117294312,
        -0.002450613072142005,
        0.9828137159347534,
        0.2322012335062027
    ],
    [
        0.9804620146751404,
        -0.010128268972039223,
        0.19644741714000702,
        -0.07465507835149765,
        0.00947621464729309,
        0.9999459385871887,
        0.004258917178958654,
        -0.007333217188715935,
        -0.196479931473732,
        -0.002314129611477256,
        0.9805051684379578,
        0.24224475026130676
    ],
    [
        0.9782256484031677,
        -0.010779716074466705,
        0.2072640210390091,
        -0.0752975344657898,
        0.010124248452484608,
        0.9999398589134216,
        0.004222959745675325,
        -0.007566498592495918,
        -0.20729707181453705,
        -0.0020326152443885803,
        0.9782758951187134,
        0.2516946494579315
    ],
    [
        0.9759580492973328,
        -0.010797939263284206,
        0.21769124269485474,
        -0.07642900198698044,
        0.01017322763800621,
        0.9999403357505798,
        0.003990297671407461,
        -0.007328862324357033,
        -0.21772132813930511,
        -0.0016797414282336831,
        0.9760095477104187,
        0.2602294385433197
    ],
    [
        0.9736563563346863,
        -0.010806921869516373,
        0.22776417434215546,
        -0.07570474594831467,
        0.010168030858039856,
        0.9999403357505798,
        0.003978280816227198,
        -0.007903321646153927,
        -0.22779357433319092,
        -0.0015575665747746825,
        0.9737082123756409,
        0.26898062229156494
    ],
    [
        0.969010055065155,
        -0.011051873676478863,
        0.2467740774154663,
        -0.07578493654727936,
        0.010342417284846306,
        0.9999377727508545,
        0.004170948173850775,
        -0.00786557886749506,
        -0.24680481851100922,
        -0.001489450572989881,
        0.9690641760826111,
        0.28625407814979553
    ],
    [
        0.9665008783340454,
        -0.010984310880303383,
        0.25642791390419006,
        -0.07592407613992691,
        0.010300020687282085,
        0.99993896484375,
        0.004011500161141157,
        -0.006681010127067566,
        -0.25645631551742554,
        -0.001235906151123345,
        0.9665549993515015,
        0.2955709397792816
    ],
    [
        0.9639110565185547,
        -0.011151877231895924,
        0.2659904360771179,
        -0.07436656951904297,
        0.010438906960189342,
        0.999937117099762,
        0.004094120115041733,
        -0.005547473207116127,
        -0.26601937413215637,
        -0.0011697177542373538,
        0.9639670252799988,
        0.3054565489292145
    ],
    [
        0.961139976978302,
        -0.011304277926683426,
        0.275829941034317,
        -0.07446616888046265,
        0.010613982565701008,
        0.9999356269836426,
        0.003995319828391075,
        -0.004210001323372126,
        -0.2758573591709137,
        -0.0009124074131250381,
        0.9611981511116028,
        0.31448838114738464
    ],
    [
        0.958362877368927,
        -0.010980125516653061,
        0.28534188866615295,
        -0.07414641231298447,
        0.010268055833876133,
        0.9999392628669739,
        0.00399147579446435,
        -0.0029394973535090685,
        -0.2853684425354004,
        -0.0008953763172030449,
        0.9584174156188965,
        0.3247957229614258
    ],
    [
        0.955702543258667,
        -0.011051390320062637,
        0.2941267788410187,
        -0.07230126857757568,
        0.01048529613763094,
        0.9999388456344604,
        0.003501518629491329,
        -0.0019902552012354136,
        -0.2941475212574005,
        -0.00026240304578095675,
        0.95576012134552,
        0.33507850766181946
    ],
    [
        0.9529890418052673,
        -0.01116274669766426,
        0.3027990758419037,
        -0.06950660049915314,
        0.010632568039000034,
        0.9999377131462097,
        0.0033993790857493877,
        -0.0015469205100089312,
        -0.3028181493282318,
        -2.0039438823005185e-05,
        0.9530482888221741,
        0.3454916477203369
    ],
    [
        0.9502614736557007,
        -0.011709757149219513,
        0.3112329840660095,
        -0.06779298186302185,
        0.010972590185701847,
        0.9999313354492188,
        0.00411949772387743,
        -0.0031121091451495886,
        -0.3112598657608032,
        -0.0004995685303583741,
        0.9503246545791626,
        0.3535715341567993
    ],
    [
        0.9443745017051697,
        -0.011705469340085983,
        0.3286636173725128,
        -0.06501950323581696,
        0.010927138850092888,
        0.9999313950538635,
        0.0042151170782744884,
        -0.0018283359240740538,
        -0.32869043946266174,
        -0.0003892967361025512,
        0.9444376826286316,
        0.3712172508239746
    ],
    [
        0.9414510726928711,
        -0.012001239694654942,
        0.33693593740463257,
        -0.06226326525211334,
        0.011149773374199867,
        0.9999279379844666,
        0.004461995791643858,
        -0.0019825606141239405,
        -0.3369651734828949,
        -0.00044399118633009493,
        0.9415169358253479,
        0.38015827536582947
    ],
    [
        0.938268780708313,
        -0.01200848538428545,
        0.3456984758377075,
        -0.05964432284235954,
        0.011128299869596958,
        0.999927818775177,
        0.004530773963779211,
        -0.001995028927922249,
        -0.34572792053222656,
        -0.0004040465282741934,
        0.9383348226547241,
        0.38936108350753784
    ],
    [
        0.9351682066917419,
        -0.012059761211276054,
        0.35399845242500305,
        -0.057407353073358536,
        0.011175336316227913,
        0.999927282333374,
        0.004542573355138302,
        -0.002355842851102352,
        -0.35402747988700867,
        -0.00029201930738054216,
        0.9352349638938904,
        0.39612141251564026
    ],
    [
        0.9320663213729858,
        -0.012005681172013283,
        0.3620886206626892,
        -0.05418051406741142,
        0.011067929677665234,
        0.999927818775177,
        0.0046639712527394295,
        -0.002990411128848791,
        -0.3621184825897217,
        -0.0003395586973056197,
        0.9321320652961731,
        0.4046136140823364
    ],
    [
        0.9286234378814697,
        -0.011701073497533798,
        0.37083899974823,
        -0.0526372566819191,
        0.010967166163027287,
        0.9999314546585083,
        0.0040877703577280045,
        -0.002069775713607669,
        -0.3708614110946655,
        0.00027105319895781577,
        0.9286882877349854,
        0.413187175989151
    ],
    [
        0.9253071546554565,
        -0.012215828523039818,
        0.37902170419692993,
        -0.05119496211409569,
        0.011428242549300194,
        0.9999253749847412,
        0.004327671602368355,
        -0.0030607834924012423,
        -0.3790462613105774,
        0.0003271254536230117,
        0.9253776669502258,
        0.42000022530555725
    ],
    [
        0.9220225811004639,
        -0.012716379947960377,
        0.3869270980358124,
        -0.04845009371638298,
        0.011764910072088242,
        0.9999191164970398,
        0.004827363416552544,
        -0.0044226315803825855,
        -0.38695719838142395,
        0.00010122452658833936,
        0.9220976233482361,
        0.4263279139995575
    ],
    [
        0.9147898554801941,
        -0.012481508776545525,
        0.4037371575832367,
        -0.04351961985230446,
        0.011654208414256573,
        0.9999219179153442,
        0.004506356082856655,
        -0.004560783039778471,
        -0.4037618339061737,
        0.0005828674184158444,
        0.9148639440536499,
        0.44041314721107483
    ]
]