[
    [
        0.9807035326957703,
        0.018296677619218826,
        -0.1946423053741455,
        -0.29409393668174744,
        -0.018176082521677017,
        0.9998317956924438,
        0.002405707258731127,
        -0.024532446637749672,
        0.19465360045433044,
        0.0011785483220592141,
        0.9808713793754578,
        0.24267572164535522
    ],
    [
        0.9669302105903625,
        0.02465813048183918,
        -0.2538464665412903,
        -0.3954036235809326,
        -0.024550296366214752,
        0.9996922016143799,
        0.0035931668244302273,
        -0.05007488280534744,
        0.2538568675518036,
        0.002757665468379855,
        0.9672378301620483,
        0.3515470623970032
    ],
    [
        0.9542458653450012,
        0.02901788428425789,
        -0.29761186242103577,
        -0.4936421513557434,
        -0.029312562197446823,
        0.9995642304420471,
        0.0034738231915980577,
        -0.07149960845708847,
        0.2975829541683197,
        0.005408884957432747,
        0.9546806812286377,
        0.4606696367263794
    ],
    [
        0.9446997046470642,
        0.03275812417268753,
        -0.32629650831222534,
        -0.6060288548469543,
        -0.03260539472103119,
        0.99945068359375,
        0.005938845220953226,
        -0.08966464549303055,
        0.3263118267059326,
        0.005028601735830307,
        0.9452488422393799,
        0.5750955939292908
    ],
    [
        0.9385581612586975,
        0.03547200188040733,
        -0.3432932496070862,
        -0.7200328707695007,
        -0.03509899973869324,
        0.9993572235107422,
        0.007302062585949898,
        -0.11754339933395386,
        0.34333157539367676,
        0.005195838399231434,
        0.9391999244689941,
        0.6815996170043945
    ],
    [
        0.9344295859336853,
        0.0362374521791935,
        -0.3542994260787964,
        -0.8200814127922058,
        -0.03617744892835617,
        0.9993222951889038,
        0.006795406807214022,
        -0.14659483730793,
        0.35430556535720825,
        0.006467820610851049,
        0.935107409954071,
        0.7862668633460999
    ],
    [
        0.930989682674408,
        0.036453038454055786,
        -0.36322104930877686,
        -0.9203054308891296,
        -0.03662514686584473,
        0.9993084669113159,
        0.006415362935513258,
        -0.1596352607011795,
        0.3632037043571472,
        0.0073303901590406895,
        0.9316809177398682,
        0.9022738933563232
    ],
    [
        0.9273525476455688,
        0.03741036355495453,
        -0.3723140060901642,
        -1.0178881883621216,
        -0.03768441826105118,
        0.9992681741714478,
        0.006543528288602829,
        -0.17774580419063568,
        0.3722863495349884,
        0.00796227715909481,
        0.9280838370323181,
        1.036767840385437
    ],
    [
        0.9220340251922607,
        0.038507554680109024,
        -0.3851887881755829,
        -1.103071689605713,
        -0.03876595199108124,
        0.9992231130599976,
        0.007098111789673567,
        -0.20069564878940582,
        0.38516294956207275,
        0.008387517184019089,
        0.922810435295105,
        1.1618016958236694
    ],
    [
        0.9178083539009094,
        0.03932362049818039,
        -0.39507144689559937,
        -1.1809405088424683,
        -0.04014798253774643,
        0.9991745352745056,
        0.00618372205644846,
        -0.21716254949569702,
        0.3949885666370392,
        0.010185854509472847,
        0.9186296463012695,
        1.272085428237915
    ],
    [
        0.9154229164123535,
        0.04001905769109726,
        -0.4004988670349121,
        -1.2721619606018066,
        -0.040853384882211685,
        0.9991443753242493,
        0.00645865686237812,
        -0.22359135746955872,
        0.4004146158695221,
        0.010449332185089588,
        0.9162745475769043,
        1.3810557126998901
    ],
    [
        0.9143574237823486,
        0.04131590574979782,
        -0.40279456973075867,
        -1.3740538358688354,
        -0.04245888069272041,
        0.9990796446800232,
        0.006095638033002615,
        -0.23663949966430664,
        0.40267565846443176,
        0.011528617702424526,
        0.9152699708938599,
        1.4919413328170776
    ],
    [
        0.9135266542434692,
        0.04221135005354881,
        -0.40458282828330994,
        -1.4717905521392822,
        -0.04328026995062828,
        0.999041736125946,
        0.00650849100202322,
        -0.25698935985565186,
        0.40446990728378296,
        0.011564777232706547,
        0.9144781231880188,
        1.5897809267044067
    ],
    [
        0.9131997227668762,
        0.04150984808802605,
        -0.40539270639419556,
        -1.5646185874938965,
        -0.04297178238630295,
        0.999061107635498,
        0.005498526617884636,
        -0.2780975103378296,
        0.40524035692214966,
        0.012399200350046158,
        0.9141259789466858,
        1.6853342056274414
    ],
    [
        0.913241446018219,
        0.04223702847957611,
        -0.4052237570285797,
        -1.6562234163284302,
        -0.04335003346204758,
        0.9990391731262207,
        0.006434480659663677,
        -0.28640317916870117,
        0.40510618686676025,
        0.011690233834087849,
        0.9141948819160461,
        1.7949267625808716
    ],
    [
        0.9130244255065918,
        0.04272005334496498,
        -0.40566176176071167,
        -1.7397217750549316,
        -0.04364769905805588,
        0.9990227222442627,
        0.006968575995415449,
        -0.3005354106426239,
        0.40556299686431885,
        0.011343725956976414,
        0.913996696472168,
        1.9140534400939941
    ],
    [
        0.9130948781967163,
        0.04130204766988754,
        -0.405649870634079,
        -1.8108383417129517,
        -0.043179772794246674,
        0.9990571141242981,
        0.004525760188698769,
        -0.31454190611839294,
        0.40545427799224854,
        0.013383419252932072,
        0.9140173196792603,
        2.018507719039917
    ],
    [
        0.9132521748542786,
        0.041143614798784256,
        -0.4053117036819458,
        -1.8803366422653198,
        -0.04360845685005188,
        0.9990437030792236,
        0.00315497606061399,
        -0.3288113474845886,
        0.4050539433956146,
        0.014793732203543186,
        0.9141731262207031,
        2.1114234924316406
    ],
    [
        0.9133760333061218,
        0.04187706112861633,
        -0.4049573540687561,
        -1.9577345848083496,
        -0.04387460649013519,
        0.9990275502204895,
        0.004351853858679533,
        -0.32786446809768677,
        0.40474575757980347,
        0.013792462646961212,
        0.9143252968788147,
        2.2003791332244873
    ],
    [
        0.9133913516998291,
        0.04208933562040329,
        -0.40490055084228516,
        -2.0329062938690186,
        -0.04438987374305725,
        0.9990074038505554,
        0.0037101285997778177,
        -0.3243202865123749,
        0.4046550393104553,
        0.01458470243960619,
        0.9143530130386353,
        2.283083200454712
    ],
    [
        0.9134897589683533,
        0.04192241653800011,
        -0.4046962857246399,
        -2.0968399047851562,
        -0.044453103095293045,
        0.9990065693855286,
        0.003146321512758732,
        -0.32318419218063354,
        0.4044259488582611,
        0.015115893445909023,
        0.9144454002380371,
        2.344120502471924
    ],
    [
        0.9134809970855713,
        0.04115971922874451,
        -0.4047943651676178,
        -2.144937753677368,
        -0.044349782168865204,
        0.9990149140357971,
        0.0014982293359935284,
        -0.32108622789382935,
        0.4044571816921234,
        0.016583915799856186,
        0.9144067168235779,
        2.394526243209839
    ],
    [
        0.9133918285369873,
        0.040610171854496,
        -0.40505099296569824,
        -2.180241823196411,
        -0.04390612617135048,
        0.9990350008010864,
        0.0011541452258825302,
        -0.3130495548248291,
        0.4047068655490875,
        0.016730045899748802,
        0.9142933487892151,
        2.448887348175049
    ],
    [
        0.9119951128959656,
        0.04032942280173302,
        -0.4082137942314148,
        -2.1996891498565674,
        -0.043868083506822586,
        0.9990370869636536,
        0.0006934852572157979,
        -0.3072255253791809,
        0.407848596572876,
        0.017275109887123108,
        0.9128859043121338,
        2.5094168186187744
    ],
    [
        0.9029876589775085,
        0.0414917953312397,
        -0.4276582598686218,
        -2.2109062671661377,
        -0.04573540389537811,
        0.9989535808563232,
        0.00035044318065047264,
        -0.3028378486633301,
        0.4272252917289734,
        0.019242677837610245,
        0.9039403200149536,
        2.568458318710327
    ]
]