[
    [
        0.16947853565216064,
        0.10243396461009979,
        -0.9801960587501526,
        0.25965914130210876,
        -0.24940086901187897,
        0.9666679501533508,
        0.057898156344890594,
        -0.15318147838115692,
        0.953454852104187,
        0.23464922606945038,
        0.1893766075372696,
        0.5873385071754456
    ],
    [
        0.12370117753744125,
        0.08701320737600327,
        -0.988497257232666,
        0.23767665028572083,
        -0.2525962293148041,
        0.9660953283309937,
        0.05343121290206909,
        -0.17066776752471924,
        0.9596317410469055,
        0.24308118224143982,
        0.14148634672164917,
        0.5343076586723328
    ],
    [
        0.08774799853563309,
        0.07498640567064285,
        -0.9933162331581116,
        0.2234901338815689,
        -0.25398215651512146,
        0.9658907055854797,
        0.050479643046855927,
        -0.18564289808273315,
        0.9632202982902527,
        0.24785511195659637,
        0.10380018502473831,
        0.48706984519958496
    ],
    [
        0.053175099194049835,
        0.06093043088912964,
        -0.996724545955658,
        0.21151718497276306,
        -0.256883829832077,
        0.9653795957565308,
        0.04530957713723183,
        -0.20121389627456665,
        0.9649783968925476,
        0.2536331117153168,
        0.06698619574308395,
        0.4311075210571289
    ],
    [
        0.027285633608698845,
        0.051792874932289124,
        -0.9982849955558777,
        0.19968226552009583,
        -0.2578986883163452,
        0.9652133584022522,
        0.04302803799510002,
        -0.21668680012226105,
        0.9657865762710571,
        0.25628235936164856,
        0.03969377279281616,
        0.3826334476470947
    ],
    [
        0.0019575858023017645,
        0.04077211767435074,
        -0.9991666078567505,
        0.19329595565795898,
        -0.2592450976371765,
        0.9650290608406067,
        0.03887117654085159,
        -0.23396562039852142,
        0.9658095836639404,
        0.25895294547080994,
        0.012459100224077702,
        0.3261027932167053
    ],
    [
        -0.016227392479777336,
        0.032208479940891266,
        -0.9993494153022766,
        0.19535863399505615,
        -0.260777086019516,
        0.9647523760795593,
        0.03532793000340462,
        -0.24665123224258423,
        0.9652627110481262,
        0.26118072867393494,
        -0.007256182376295328,
        0.2762746512889862
    ],
    [
        -0.03420322388410568,
        0.02879166789352894,
        -0.9990001320838928,
        0.19585280120372772,
        -0.260490357875824,
        0.9647777676582336,
        0.03672388568520546,
        -0.256877064704895,
        0.9648704528808594,
        0.2614859640598297,
        -0.025498557835817337,
        0.23531416058540344
    ],
    [
        -0.05457562208175659,
        0.023930687457323074,
        -0.9982228875160217,
        0.19842952489852905,
        -0.26046085357666016,
        0.9647610187530518,
        0.037368617951869965,
        -0.2628110945224762,
        0.9639406800270081,
        0.2620374262332916,
        -0.0464194193482399,
        0.191665917634964
    ],
    [
        -0.07397888600826263,
        0.022492138668894768,
        -0.9970061182975769,
        0.19892577826976776,
        -0.2605624496936798,
        0.9645819664001465,
        0.041094668209552765,
        -0.26369529962539673,
        0.9626184105873108,
        0.2628225088119507,
        -0.06549809128046036,
        0.15493686497211456
    ],
    [
        -0.09670419245958328,
        0.0199126023799181,
        -0.9951139092445374,
        0.19647103548049927,
        -0.2597240209579468,
        0.9646550416946411,
        0.0445428341627121,
        -0.26245078444480896,
        0.9608286619186401,
        0.2627624571323395,
        -0.08811440318822861,
        0.11373253911733627
    ],
    [
        -0.11690275371074677,
        0.01992996223270893,
        -0.9929433465003967,
        0.19600003957748413,
        -0.25913652777671814,
        0.9645524621009827,
        0.049869176000356674,
        -0.25915762782096863,
        0.9587397575378418,
        0.2631377577781677,
        -0.10759424418210983,
        0.07913530617952347
    ],
    [
        -0.14042459428310394,
        0.01707320474088192,
        -0.9899442195892334,
        0.19000877439975739,
        -0.25808238983154297,
        0.9646545052528381,
        0.05324629694223404,
        -0.2552589476108551,
        0.9558631777763367,
        0.26296427845954895,
        -0.13105492293834686,
        0.04317491874098778
    ],
    [
        -0.15731345117092133,
        0.01727728545665741,
        -0.9873976111412048,
        0.18375468254089355,
        -0.25700846314430237,
        0.9646775722503662,
        0.057826653122901917,
        -0.2501314580440521,
        0.953519344329834,
        0.26286646723747253,
        -0.1473163366317749,
        0.018673637881875038
    ],
    [
        -0.1731761395931244,
        0.016389356926083565,
        -0.9847545623779297,
        0.17258885502815247,
        -0.25612673163414,
        0.9647103548049927,
        0.06109747663140297,
        -0.24049896001815796,
        0.9510043263435364,
        0.2628025412559509,
        -0.16286708414554596,
        -0.002270079916343093
    ],
    [
        -0.18976660072803497,
        0.015469750389456749,
        -0.9817073941230774,
        0.1494230031967163,
        -0.25492435693740845,
        0.9648086428642273,
        0.06448100507259369,
        -0.22462722659111023,
        0.9481573104858398,
        0.2624974548816681,
        -0.17914484441280365,
        -0.02378886379301548
    ],
    [
        -0.20340707898139954,
        0.017957234755158424,
        -0.9789295792579651,
        0.1101526990532875,
        -0.25448888540267944,
        0.9644972681999207,
        0.07057152688503265,
        -0.2058078944683075,
        0.945442259311676,
        0.263481467962265,
        -0.19161567091941833,
        -0.03933040797710419
    ],
    [
        -0.21687592566013336,
        0.02007422037422657,
        -0.975992739200592,
        0.03706112504005432,
        -0.2539707124233246,
        0.9642002582550049,
        0.07626665383577347,
        -0.18266823887825012,
        0.9425835013389587,
        0.2644140124320984,
        -0.20401355624198914,
        -0.057628337293863297
    ],
    [
        -0.22785326838493347,
        0.021590005606412888,
        -0.973456084728241,
        -0.04036882892251015,
        -0.25317999720573425,
        0.9640522003173828,
        0.08064233511686325,
        -0.16474269330501556,
        0.9402035474777222,
        0.2648342251777649,
        -0.21419629454612732,
        -0.07475902885198593
    ],
    [
        -0.23765461146831512,
        0.022195877507328987,
        -0.9710960984230042,
        -0.12095815688371658,
        -0.25263798236846924,
        0.9639199376106262,
        0.08385949581861496,
        -0.1488843709230423,
        0.9379202127456665,
        0.2652653455734253,
        -0.2234725058078766,
        -0.09533154964447021
    ],
    [
        -0.24964861571788788,
        0.02417716011404991,
        -0.9680346846580505,
        -0.21267437934875488,
        -0.2519565522670746,
        0.963633120059967,
        0.08904486894607544,
        -0.1320522427558899,
        0.9349830746650696,
        0.26613256335258484,
        -0.23447808623313904,
        -0.1216055303812027
    ],
    [
        -0.25961965322494507,
        0.024615349248051643,
        -0.9653972387313843,
        -0.2987006902694702,
        -0.2515845000743866,
        0.9634314775466919,
        0.09222263097763062,
        -0.11133373528718948,
        0.9323641657829285,
        0.2668217718601227,
        -0.24393288791179657,
        -0.15154056251049042
    ],
    [
        -0.27232030034065247,
        0.024539148434996605,
        -0.9618937373161316,
        -0.4127449095249176,
        -0.2514450252056122,
        0.9631230235099792,
        0.09575674682855606,
        -0.08215678483247757,
        0.9287718534469604,
        0.26793989539146423,
        -0.2561076879501343,
        -0.19315384328365326
    ],
    [
        -0.284757524728775,
        0.025693213567137718,
        -0.9582551717758179,
        -0.509332537651062,
        -0.25112372636795044,
        0.9627300500869751,
        0.10043776780366898,
        -0.06072679162025452,
        0.9251216053962708,
        0.2692410349845886,
        -0.2676924765110016,
        -0.22924597561359406
    ],
    [
        -0.29841697216033936,
        0.025735769420862198,
        -0.954088568687439,
        -0.6265144944190979,
        -0.25017690658569336,
        0.9625751972198486,
        0.10421428084373474,
        -0.039398401975631714,
        0.921064019203186,
        0.2697902321815491,
        -0.28081029653549194,
        -0.2697469890117645
    ]
]