[
    [
        0.9935261607170105,
        -0.010537620633840561,
        0.11311415582895279,
        0.19898949563503265,
        0.008352603763341904,
        0.9997696280479431,
        0.01977350376546383,
        0.044138338416814804,
        -0.11329647153615952,
        -0.018700698390603065,
        0.9933852553367615,
        0.2728463411331177
    ],
    [
        0.9936824440956116,
        -0.009990609250962734,
        0.11178252100944519,
        0.21173501014709473,
        0.007589555345475674,
        0.999731719493866,
        0.021884648129343987,
        0.04321451485157013,
        -0.1119711771607399,
        -0.020898010581731796,
        0.9934917092323303,
        0.32910120487213135
    ],
    [
        0.9938534498214722,
        -0.008268753997981548,
        0.11039415746927261,
        0.2252773642539978,
        0.005682586692273617,
        0.999702513217926,
        0.023720774799585342,
        0.045268069952726364,
        -0.1105574518442154,
        -0.022947650402784348,
        0.993604838848114,
        0.41622307896614075
    ],
    [
        0.9941272139549255,
        -0.00691388500854373,
        0.107996866106987,
        0.23911677300930023,
        0.004186382982879877,
        0.9996670484542847,
        0.025461716577410698,
        0.04300673305988312,
        -0.10813694447278976,
        -0.024860067293047905,
        0.9938251972198486,
        0.4875771999359131
    ],
    [
        0.9947776794433594,
        -0.005757139064371586,
        0.1019030511379242,
        0.2572871744632721,
        0.002984209218993783,
        0.9996216297149658,
        0.027343017980456352,
        0.03136960417032242,
        -0.10202191770076752,
        -0.026896120980381966,
        0.9944185018539429,
        0.5855716466903687
    ],
    [
        0.9954384565353394,
        -0.006102395709604025,
        0.09521034359931946,
        0.26940903067588806,
        0.00346442312002182,
        0.9996062517166138,
        0.02784751169383526,
        0.022299908101558685,
        -0.09534277766942978,
        -0.02739063650369644,
        0.9950674772262573,
        0.6586354374885559
    ],
    [
        0.9963490962982178,
        -0.00580150680616498,
        0.08517571538686752,
        0.2905023396015167,
        0.0034963558427989483,
        0.9996241927146912,
        0.027187734842300415,
        0.01844445988535881,
        -0.08530144393444061,
        -0.026790667325258255,
        0.9959949254989624,
        0.7586332559585571
    ],
    [
        0.9971030950546265,
        -0.006062590517103672,
        0.07582022994756699,
        0.31480827927589417,
        0.003971582278609276,
        0.9996085166931152,
        0.027698932215571404,
        0.015345312654972076,
        -0.07595846801996231,
        -0.02731756493449211,
        0.9967367053031921,
        0.8423154354095459
    ],
    [
        0.9978150129318237,
        -0.007290044333785772,
        0.06566672027111053,
        0.33830541372299194,
        0.005456521175801754,
        0.9995913505554199,
        0.028057856485247612,
        0.006782126147300005,
        -0.06584443151950836,
        -0.027638237923383713,
        0.99744713306427,
        0.9588320851325989
    ],
    [
        0.9984633922576904,
        -0.009008148685097694,
        0.05467725545167923,
        0.36296337842941284,
        0.007548862136900425,
        0.9996113181114197,
        0.026837201789021492,
        -0.00036720000207424164,
        -0.05489776283502579,
        -0.026383215561509132,
        0.9981433153152466,
        1.0494506359100342
    ],
    [
        0.9993252754211426,
        -0.009940753690898418,
        0.03536054119467735,
        0.4078729748725891,
        0.009113634936511517,
        0.9996828436851501,
        0.02347579225897789,
        -0.009856186807155609,
        -0.035582687705755234,
        -0.023137684911489487,
        0.9990988969802856,
        1.1685947179794312
    ],
    [
        0.9996287822723389,
        -0.010997176170349121,
        0.02492949739098549,
        0.42793816328048706,
        0.010474265553057194,
        0.9997244477272034,
        0.021009929478168488,
        -0.0218223687261343,
        -0.025153683498501778,
        -0.020741010084748268,
        0.9994683861732483,
        1.2538535594940186
    ],
    [
        0.9998577833175659,
        -0.011877891607582569,
        0.01197552029043436,
        0.4512426555156708,
        0.011670948006212711,
        0.9997838735580444,
        0.01720472238957882,
        -0.037456512451171875,
        -0.012177279219031334,
        -0.017062511295080185,
        0.9997802376747131,
        1.3697550296783447
    ],
    [
        0.9999330043792725,
        -0.011376728303730488,
        0.0021774310152977705,
        0.4654386639595032,
        0.011346711777150631,
        0.9998466968536377,
        0.01333455741405487,
        -0.044089898467063904,
        -0.0023287967778742313,
        -0.01330895721912384,
        0.9999086856842041,
        1.4564683437347412
    ],
    [
        0.999875545501709,
        -0.010243664495646954,
        -0.012004469521343708,
        0.48345163464546204,
        0.010355181060731411,
        0.9999035000801086,
        0.00926461722701788,
        -0.04993882402777672,
        0.011908408254384995,
        -0.009387771598994732,
        0.9998849630355835,
        1.5794142484664917
    ],
    [
        0.9996829032897949,
        -0.010208392515778542,
        -0.02301938273012638,
        0.49530938267707825,
        0.010365050286054611,
        0.9999238848686218,
        0.006696376483887434,
        -0.05391978845000267,
        0.02294926717877388,
        -0.006932849530130625,
        0.9997125267982483,
        1.6775048971176147
    ],
    [
        0.9992160797119141,
        -0.009565870277583599,
        -0.038414500653743744,
        0.5104586482048035,
        0.009700684808194637,
        0.9999474287033081,
        0.003324622055515647,
        -0.06659266352653503,
        0.038380686193704605,
        -0.0036946642212569714,
        0.9992563128471375,
        1.8017922639846802
    ],
    [
        0.9986786842346191,
        -0.010694986209273338,
        -0.05026458948850632,
        0.519831657409668,
        0.010739809833467007,
        0.9999421834945679,
        0.0006217659683898091,
        -0.07748056948184967,
        0.050255026668310165,
        -0.001160776591859758,
        0.9987357258796692,
        1.8930127620697021
    ],
    [
        0.99774569272995,
        -0.011153084225952625,
        -0.06617576628923416,
        0.528709888458252,
        0.010948716662824154,
        0.9999340772628784,
        -0.0034501408226788044,
        -0.08953508734703064,
        0.06620988249778748,
        0.0027178244199603796,
        0.9978019595146179,
        2.012378692626953
    ],
    [
        0.9968652725219727,
        -0.012514176778495312,
        -0.0781221091747284,
        0.5375869870185852,
        0.012125429697334766,
        0.9999116063117981,
        -0.00544853275641799,
        -0.09969617426395416,
        0.07818340510129929,
        0.004484187345951796,
        0.9969289898872375,
        2.1115312576293945
    ],
    [
        0.995055615901947,
        -0.013532937504351139,
        -0.09839235246181488,
        0.5484877824783325,
        0.012858055531978607,
        0.9998893141746521,
        -0.007489998824894428,
        -0.11564409732818604,
        0.09848282486200333,
        0.006187830585986376,
        0.9951194524765015,
        2.2725439071655273
    ],
    [
        0.9937030673027039,
        -0.013661143369972706,
        -0.11120955646038055,
        0.5554274916648865,
        0.012768187560141087,
        0.9998803734779358,
        -0.008737749420106411,
        -0.12403953820466995,
        0.11131561547517776,
        0.007262782193720341,
        0.9937585592269897,
        2.369854211807251
    ],
    [
        0.9918328523635864,
        -0.013825609348714352,
        -0.12679323554039001,
        0.5600754022598267,
        0.012623910792171955,
        0.9998674988746643,
        -0.010276318527758121,
        -0.13526126742362976,
        0.12691852450370789,
        0.00859176367521286,
        0.991875946521759,
        2.4915523529052734
    ],
    [
        0.9905309677124023,
        -0.012776210904121399,
        -0.13669417798519135,
        0.5613456964492798,
        0.011514023877680302,
        0.9998834729194641,
        -0.0100203612819314,
        -0.1428179144859314,
        0.13680627942085266,
        0.008351576514542103,
        0.9905626773834229,
        2.5831494331359863
    ],
    [
        0.9891500473022461,
        -0.011487563140690327,
        -0.14645922183990479,
        0.5568996071815491,
        0.010390200652182102,
        0.999911904335022,
        -0.008255441673099995,
        -0.15059390664100647,
        0.14654116332530975,
        0.006644128356128931,
        0.9891822934150696,
        2.7053325176239014
    ]
]