[
    [
        0.6944949626922607,
        -0.15233221650123596,
        0.7031868100166321,
        0.34524497389793396,
        0.17167700827121735,
        0.9841858744621277,
        0.04365039989352226,
        -0.2088194638490677,
        -0.6987157464027405,
        0.09040602296590805,
        0.7096640467643738,
        0.5737588405609131
    ],
    [
        0.68547523021698,
        -0.15255136787891388,
        0.7119353413581848,
        0.35437172651290894,
        0.17254464328289032,
        0.9839862585067749,
        0.044713880866765976,
        -0.21249550580978394,
        -0.7073557376861572,
        0.09219035506248474,
        0.7008200883865356,
        0.5860561728477478
    ],
    [
        0.6763841509819031,
        -0.15227751433849335,
        0.7206358313560486,
        0.3615320324897766,
        0.1728428602218628,
        0.9838896989822388,
        0.04567645862698555,
        -0.21681621670722961,
        -0.7159817218780518,
        0.09366192668676376,
        0.6918076276779175,
        0.5985233187675476
    ],
    [
        0.6636694073677063,
        -0.15277521312236786,
        0.7322585582733154,
        0.3742968738079071,
        0.1747692972421646,
        0.9834968447685242,
        0.046793460845947266,
        -0.22392265498638153,
        -0.7273228764533997,
        0.0969209298491478,
        0.6794172525405884,
        0.6144110560417175
    ],
    [
        0.6557539105415344,
        -0.15292008221149445,
        0.7393256425857544,
        0.3831414580345154,
        0.1759442538022995,
        0.9832621216773987,
        0.047319360077381134,
        -0.2285776138305664,
        -0.7341869473457336,
        0.09905024617910385,
        0.6716834306716919,
        0.6240573525428772
    ],
    [
        0.6480575203895569,
        -0.1527772694826126,
        0.7461102604866028,
        0.39189139008522034,
        0.17684464156627655,
        0.9830823540687561,
        0.047696880996227264,
        -0.23312266170978546,
        -0.740774929523468,
        0.10103528201580048,
        0.6641117334365845,
        0.6339362859725952
    ],
    [
        0.6373082995414734,
        -0.15191984176635742,
        0.7554855346679688,
        0.4045184254646301,
        0.17768889665603638,
        0.9829270839691162,
        0.047762010246515274,
        -0.24028511345386505,
        -0.749843180179596,
        0.10380228608846664,
        0.6534219980239868,
        0.6475839018821716
    ],
    [
        0.6307036876678467,
        -0.150813490152359,
        0.7612280249595642,
        0.4158268868923187,
        0.1779884248971939,
        0.9828970432281494,
        0.04726069048047066,
        -0.2436448335647583,
        -0.755336344242096,
        0.10568229109048843,
        0.6467598676681519,
        0.6576617360115051
    ],
    [
        0.6218374967575073,
        -0.14898116886615753,
        0.7688449621200562,
        0.43691352009773254,
        0.17853839695453644,
        0.9828547239303589,
        0.046049557626247406,
        -0.24634164571762085,
        -0.7625235319137573,
        0.10863301903009415,
        0.6377748250961304,
        0.6726645827293396
    ],
    [
        0.6164337396621704,
        -0.14811094105243683,
        0.7733515501022339,
        0.4505932927131653,
        0.1793544739484787,
        0.9827432036399841,
        0.04525091126561165,
        -0.24851100146770477,
        -0.7667081952095032,
        0.11080986261367798,
        0.6323603987693787,
        0.6812025308609009
    ],
    [
        0.6112948060035706,
        -0.1471509039402008,
        0.7776022553443909,
        0.4631131589412689,
        0.17981436848640442,
        0.982688844203949,
        0.044603727757930756,
        -0.25113412737846375,
        -0.7707045674324036,
        0.1125580444931984,
        0.6271724700927734,
        0.6898577213287354
    ],
    [
        0.6050146818161011,
        -0.1458670049905777,
        0.7827387452125549,
        0.4844939410686493,
        0.18104153871536255,
        0.9825277924537659,
        0.04316331818699837,
        -0.2533479332923889,
        -0.7753587365150452,
        0.1155937984585762,
        0.6208516955375671,
        0.7010706663131714
    ],
    [
        0.6011694073677063,
        -0.14485126733779907,
        0.785883903503418,
        0.496777206659317,
        0.18144746124744415,
        0.9824908971786499,
        0.04228918254375458,
        -0.2555572986602783,
        -0.7782494425773621,
        0.11717367172241211,
        0.616926372051239,
        0.7084818482398987
    ],
    [
        0.59759122133255,
        -0.1446973830461502,
        0.7886365056037903,
        0.5081955194473267,
        0.1825237274169922,
        0.9823072552680969,
        0.0419238917529583,
        -0.25899797677993774,
        -0.7807495594024658,
        0.11889150738716125,
        0.6134288907051086,
        0.7144750356674194
    ],
    [
        0.5933632254600525,
        -0.14399294555187225,
        0.7919507622718811,
        0.5257282853126526,
        0.18394078314304352,
        0.9820924401283264,
        0.04074830189347267,
        -0.26286765933036804,
        -0.7836362719535828,
        0.12149350345134735,
        0.6092236638069153,
        0.722297191619873
    ],
    [
        0.5908899903297424,
        -0.14318370819091797,
        0.7939441800117493,
        0.5371645092964172,
        0.1845528930425644,
        0.9820184111595154,
        0.03974911943078041,
        -0.26443231105804443,
        -0.7853593230247498,
        0.12303733825683594,
        0.6066898107528687,
        0.7283210754394531
    ],
    [
        0.5881050825119019,
        -0.14239272475242615,
        0.7961512804031372,
        0.5527992844581604,
        0.18564201891422272,
        0.981863796710968,
        0.038476672023534775,
        -0.26820313930511475,
        -0.787190854549408,
        0.1251707822084427,
        0.6038731932640076,
        0.7354682683944702
    ],
    [
        0.5867871642112732,
        -0.14166729152202606,
        0.7972522974014282,
        0.5633679628372192,
        0.18616636097431183,
        0.9818046689033508,
        0.03744055703282356,
        -0.2699377238750458,
        -0.7880500555038452,
        0.12645192444324493,
        0.6024840474128723,
        0.7404196858406067
    ],
    [
        0.5857928991317749,
        -0.14105342328548431,
        0.7980918884277344,
        0.5721704363822937,
        0.18664194643497467,
        0.9817490577697754,
        0.036518994718790054,
        -0.27231791615486145,
        -0.7886769771575928,
        0.12756487727165222,
        0.6014281511306763,
        0.7445821166038513
    ],
    [
        0.5852471590042114,
        -0.14030100405216217,
        0.798624575138092,
        0.5864983797073364,
        0.18765848875045776,
        0.9816130995750427,
        0.03492843732237816,
        -0.27507829666137695,
        -0.7888410091400146,
        0.12942692637443542,
        0.6008149981498718,
        0.7503228783607483
    ],
    [
        0.5851598381996155,
        -0.13980354368686676,
        0.7987759113311768,
        0.5944313406944275,
        0.18833844363689423,
        0.9815217852592468,
        0.033816903829574585,
        -0.27725282311439514,
        -0.7887436151504517,
        0.13065192103385925,
        0.600677490234375,
        0.753826379776001
    ],
    [
        0.585415780544281,
        -0.1388493925333023,
        0.7987546920776367,
        0.6012168526649475,
        0.1884841024875641,
        0.9815390110015869,
        0.03248121961951256,
        -0.2786562442779541,
        -0.7885189056396484,
        0.1315375715494156,
        0.6007792949676514,
        0.757545530796051
    ],
    [
        0.5865105390548706,
        -0.13796837627887726,
        0.7981040477752686,
        0.6111611127853394,
        0.18909990787506104,
        0.9814777970314026,
        0.030702512711286545,
        -0.2816954553127289,
        -0.7875573635101318,
        0.13291406631469727,
        0.6017369031906128,
        0.7628448009490967
    ],
    [
        0.5877869129180908,
        -0.13750840723514557,
        0.7972440719604492,
        0.6170823574066162,
        0.18949028849601746,
        0.9814371466636658,
        0.029571834951639175,
        -0.2838357985019684,
        -0.786511242389679,
        0.1336880475282669,
        0.6029323935508728,
        0.7652945518493652
    ],
    [
        0.5903100371360779,
        -0.1366465836763382,
        0.7955262064933777,
        0.6257449984550476,
        0.18975156545639038,
        0.9814391732215881,
        0.027777928858995438,
        -0.28730636835098267,
        -0.7845562696456909,
        0.13455475866794586,
        0.6052823066711426,
        0.7697132229804993
    ]
]