[
    [
        0.10040614753961563,
        0.10560687631368637,
        -0.9893258810043335,
        -1.097813606262207,
        -0.12570281326770782,
        0.9877294301986694,
        0.09267894923686981,
        -0.5107148885726929,
        0.9869738221168518,
        0.11505552381277084,
        0.11244922876358032,
        2.4493420124053955
    ],
    [
        0.049324654042720795,
        0.10776488482952118,
        -0.9929521679878235,
        -1.1670931577682495,
        -0.1257408708333969,
        0.9869222640991211,
        0.10086434334516525,
        -0.5235128402709961,
        0.9908361434936523,
        0.1198795735836029,
        0.06222999840974808,
        2.4588401317596436
    ],
    [
        -0.011141650378704071,
        0.11445564031600952,
        -0.9933658838272095,
        -1.2578725814819336,
        -0.13284291326999664,
        0.9844523668289185,
        0.11491860449314117,
        -0.554153323173523,
        0.9910744428634644,
        0.13324199616909027,
        0.004236198961734772,
        2.4736504554748535
    ],
    [
        -0.06686638295650482,
        0.12173524498939514,
        -0.990307629108429,
        -1.3353486061096191,
        -0.1370687484741211,
        0.9819981455802917,
        0.12996874749660492,
        -0.5896413326263428,
        0.9883021116256714,
        0.14443078637123108,
        -0.048976559191942215,
        2.489487648010254
    ],
    [
        -0.10595519840717316,
        0.12726235389709473,
        -0.9861936569213867,
        -1.4055523872375488,
        -0.14291353523731232,
        0.9795308113098145,
        0.14175698161125183,
        -0.6176859140396118,
        0.9840473532676697,
        0.1559602916240692,
        -0.08559886366128922,
        2.4917962551116943
    ],
    [
        -0.14514213800430298,
        0.13240130245685577,
        -0.9805119037628174,
        -1.4829812049865723,
        -0.14441974461078644,
        0.9775568842887878,
        0.15338027477264404,
        -0.6462312936782837,
        0.9788138270378113,
        0.16386722028255463,
        -0.12276335060596466,
        2.4972195625305176
    ],
    [
        -0.1747143715620041,
        0.13437961041927338,
        -0.9754061698913574,
        -1.5612268447875977,
        -0.14347678422927856,
        0.9765944480895996,
        0.16024284064769745,
        -0.6600236296653748,
        0.9741094708442688,
        0.16794484853744507,
        -0.15134471654891968,
        2.498718500137329
    ],
    [
        -0.19201762974262238,
        0.13306699693202972,
        -0.9723283052444458,
        -1.6293774843215942,
        -0.14177967607975006,
        0.976610004901886,
        0.16165193915367126,
        -0.6592838764190674,
        0.9710961580276489,
        0.16889642179012299,
        -0.16866017878055573,
        2.502920150756836
    ],
    [
        -0.204278364777565,
        0.13226838409900665,
        -0.9699357151985168,
        -1.709202766418457,
        -0.14065270125865936,
        0.9765826463699341,
        0.1627976894378662,
        -0.656699001789093,
        0.9687554836273193,
        0.1696801483631134,
        -0.18089084327220917,
        2.5004758834838867
    ],
    [
        -0.2081955075263977,
        0.1315954029560089,
        -0.9691940546035767,
        -1.7853105068206787,
        -0.14088737964630127,
        0.9765389561653137,
        0.16285711526870728,
        -0.6548133492469788,
        0.9678871035575867,
        0.17045335471630096,
        -0.1847708523273468,
        2.492253065109253
    ],
    [
        -0.20371878147125244,
        0.13277508318424225,
        -0.9699842929840088,
        -1.8612266778945923,
        -0.13986927270889282,
        0.9766508340835571,
        0.16306337714195251,
        -0.6565435528755188,
        0.9689866900444031,
        0.1688901036977768,
        -0.18039099872112274,
        2.4793152809143066
    ],
    [
        -0.19041307270526886,
        0.13399618864059448,
        -0.9725162982940674,
        -1.9106614589691162,
        -0.13865160942077637,
        0.9770400524139404,
        0.1617666631937027,
        -0.6562596559524536,
        0.9718634486198425,
        0.16564342379570007,
        -0.16746242344379425,
        2.4587249755859375
    ],
    [
        -0.16557574272155762,
        0.13489414751529694,
        -0.9769279956817627,
        -1.9527064561843872,
        -0.13805127143859863,
        0.9776772260665894,
        0.15839537978172302,
        -0.6575201749801636,
        0.9764868021011353,
        0.1610925793647766,
        -0.14325733482837677,
        2.4348793029785156
    ],
    [
        -0.13623639941215515,
        0.1353973001241684,
        -0.98138028383255,
        -1.984275460243225,
        -0.13724538683891296,
        0.9784846901893616,
        0.15405036509037018,
        -0.6584345698356628,
        0.9811235666275024,
        0.1556771844625473,
        -0.11472250521183014,
        2.4196105003356934
    ],
    [
        -0.11043672263622284,
        0.1344069540500641,
        -0.9847530126571655,
        -2.0310518741607666,
        -0.13865669071674347,
        0.9790405631065369,
        0.1491771638393402,
        -0.6535186171531677,
        0.9841636419296265,
        0.15301726758480072,
        -0.08948564529418945,
        2.419266939163208
    ],
    [
        -0.06986423581838608,
        0.1341642141342163,
        -0.9884933233261108,
        -2.113814115524292,
        -0.13843697309494019,
        0.9800221920013428,
        0.14279885590076447,
        -0.6414108276367188,
        0.9879039525985718,
        0.1468205600976944,
        -0.04989515617489815,
        2.4150960445404053
    ],
    [
        -0.024070370942354202,
        0.135615736246109,
        -0.9904690980911255,
        -2.1889259815216064,
        -0.13905175030231476,
        0.980671226978302,
        0.13765345513820648,
        -0.6375696063041687,
        0.9899925589561462,
        0.14103984832763672,
        -0.0047474391758441925,
        2.402395725250244
    ],
    [
        0.025241965427994728,
        0.1380203366279602,
        -0.9901076555252075,
        -2.2514536380767822,
        -0.13881033658981323,
        0.9813126921653748,
        0.1332554966211319,
        -0.6394291520118713,
        0.989997148513794,
        0.13407360017299652,
        0.0439288392663002,
        2.381859540939331
    ],
    [
        0.06752431392669678,
        0.13952212035655975,
        -0.9879140257835388,
        -2.3032188415527344,
        -0.13840986788272858,
        0.9819096326828003,
        0.12921376526355743,
        -0.6406683325767517,
        0.9880704879760742,
        0.12801195681095123,
        0.08561397343873978,
        2.360103130340576
    ],
    [
        0.11844614893198013,
        0.14133435487747192,
        -0.9828505516052246,
        -2.3661510944366455,
        -0.1369733363389969,
        0.9826812744140625,
        0.12480299174785614,
        -0.6429610252380371,
        0.9834677577018738,
        0.11984185874462128,
        0.13575372099876404,
        2.3306949138641357
    ],
    [
        0.16584394872188568,
        0.14197610318660736,
        -0.9758783578872681,
        -2.4283385276794434,
        -0.13414806127548218,
        0.9836313724517822,
        0.12030649185180664,
        -0.6461453437805176,
        0.9769852757453918,
        0.11096003651618958,
        0.18217520415782928,
        2.307917833328247
    ],
    [
        0.20102612674236298,
        0.1413574516773224,
        -0.9693329334259033,
        -2.4789273738861084,
        -0.13154207170009613,
        0.9844667315483093,
        0.11628442257642746,
        -0.646889865398407,
        0.9707137942314148,
        0.1041318029165268,
        0.21649795770645142,
        2.296895980834961
    ],
    [
        0.24082918465137482,
        0.13920098543167114,
        -0.9605334997177124,
        -2.5424911975860596,
        -0.12737734615802765,
        0.9856346845626831,
        0.11090203374624252,
        -0.6476356983184814,
        0.9621727466583252,
        0.09564176946878433,
        0.25510069727897644,
        2.29061222076416
    ],
    [
        0.28214389085769653,
        0.13659562170505524,
        -0.949597954750061,
        -2.6132543087005615,
        -0.12288039922714233,
        0.9868045449256897,
        0.1054375097155571,
        -0.64825838804245,
        0.9514700770378113,
        0.0869385153055191,
        0.2952057719230652,
        2.282382011413574
    ],
    [
        0.3272213637828827,
        0.133748859167099,
        -0.9354342222213745,
        -2.682262659072876,
        -0.1209927350282669,
        0.9877143502235413,
        0.09889975190162659,
        -0.6504434943199158,
        0.9371696710586548,
        0.08081869781017303,
        0.33938390016555786,
        2.2618651390075684
    ]
]