[
    [
        0.9817543029785156,
        -0.004117021337151527,
        -0.19010907411575317,
        -0.3185518682003021,
        0.004772404208779335,
        0.9999841451644897,
        0.002989722415804863,
        0.10277072340250015,
        0.1900937557220459,
        -0.003842450911179185,
        0.9817583560943604,
        0.29596251249313354
    ],
    [
        0.9778223633766174,
        -0.0028616199269890785,
        -0.209416463971138,
        -0.5493385195732117,
        0.0035974334459751844,
        0.9999886155128479,
        0.0031328180339187384,
        0.12455727159976959,
        0.2094051092863083,
        -0.003816701238974929,
        0.9778214693069458,
        0.46612101793289185
    ],
    [
        0.9730390906333923,
        -0.00326856249012053,
        -0.23061703145503998,
        -0.7609947323799133,
        0.003991011064499617,
        0.9999884366989136,
        0.0026662591844797134,
        0.14296485483646393,
        0.23060566186904907,
        -0.003514769021421671,
        0.9730408787727356,
        0.6431694030761719
    ],
    [
        0.9675409197807312,
        -0.004700257908552885,
        -0.2526707351207733,
        -0.9287726283073425,
        0.005734871607273817,
        0.9999779462814331,
        0.00335839856415987,
        0.18057705461978912,
        0.25264933705329895,
        -0.0046984232030808926,
        0.9675465226173401,
        0.8509703278541565
    ],
    [
        0.9601570963859558,
        -0.005164799280464649,
        -0.2794129252433777,
        -1.089151382446289,
        0.00602289754897356,
        0.9999794363975525,
        0.002212613821029663,
        0.17760859429836273,
        0.2793957591056824,
        -0.0038073344621807337,
        0.9601684808731079,
        1.0777738094329834
    ],
    [
        0.9515281319618225,
        -0.005093640647828579,
        -0.3075195848941803,
        -1.229717493057251,
        0.005821816623210907,
        0.9999820590019226,
        0.001450554933398962,
        0.2022327333688736,
        0.30750659108161926,
        -0.0031705619767308235,
        0.9515406489372253,
        1.2708457708358765
    ],
    [
        0.9415359497070312,
        -0.0049289315938949585,
        -0.3368764817714691,
        -1.392828106880188,
        0.005625332240015268,
        0.9999834895133972,
        0.0010912001598626375,
        0.21292299032211304,
        0.3368656039237976,
        -0.0029224473983049393,
        0.941548228263855,
        1.4997977018356323
    ],
    [
        0.9287527203559875,
        -0.004402882885187864,
        -0.3706737160682678,
        -1.5597715377807617,
        0.004502869211137295,
        0.9999896287918091,
        -0.0005956332315690815,
        0.22458581626415253,
        0.3706725239753723,
        -0.001115900813601911,
        0.9287629127502441,
        1.6914187669754028
    ],
    [
        0.902366578578949,
        -0.004458392504602671,
        -0.4309462010860443,
        -1.720541000366211,
        0.0042810337617993355,
        0.999989926815033,
        -0.001381338806822896,
        0.24542738497257233,
        0.4309479594230652,
        -0.0005984188755974174,
        0.9023765921592712,
        1.881412386894226
    ],
    [
        0.8405870795249939,
        -0.003754671663045883,
        -0.5416635870933533,
        -1.9006718397140503,
        0.00259567191824317,
        0.9999923706054688,
        -0.002903557848185301,
        0.2370063066482544,
        0.5416702628135681,
        0.0010347124189138412,
        0.8405904173851013,
        2.0704903602600098
    ],
    [
        0.7754380106925964,
        -0.0018978144507855177,
        -0.6314207315444946,
        -2.110320806503296,
        -0.00043078020098619163,
        0.9999936819076538,
        -0.0035346434451639652,
        0.2473311722278595,
        0.6314234733581543,
        0.003012901870533824,
        0.775432288646698,
        2.2017459869384766
    ],
    [
        0.6939611434936523,
        -0.00013432274863589555,
        -0.7200125455856323,
        -2.3828518390655518,
        -0.0029082323890179396,
        0.9999913573265076,
        -0.0029895659536123276,
        0.22271250188350677,
        0.7200065851211548,
        0.004168608225882053,
        0.6939546465873718,
        2.3229355812072754
    ],
    [
        0.6071118116378784,
        0.0005509206093847752,
        -0.7946162819862366,
        -2.6401617527008057,
        -0.004884493071585894,
        0.9999834895133972,
        -0.0030386000871658325,
        0.20308373868465424,
        0.7946013808250427,
        0.005726068280637264,
        0.607104480266571,
        2.434380531311035
    ],
    [
        0.5299838781356812,
        0.001191074843518436,
        -0.8480069041252136,
        -2.8910179138183594,
        -0.0051340763457119465,
        0.9999851584434509,
        -0.0018041363218799233,
        0.1724749058485031,
        0.8479922413825989,
        0.005309893749654293,
        0.5299822092056274,
        2.578542709350586
    ],
    [
        0.4562194049358368,
        0.0009811283089220524,
        -0.8898668885231018,
        -3.1413991451263428,
        -0.006142116151750088,
        0.9999791383743286,
        -0.002046434208750725,
        0.14267124235630035,
        0.88984614610672,
        0.006399299018085003,
        0.45621582865715027,
        2.7098371982574463
    ],
    [
        0.40922412276268005,
        0.0017346951644867659,
        -0.9124323129653931,
        -3.410003662109375,
        -0.008357183076441288,
        0.9999634027481079,
        -0.0018470751820132136,
        0.12211261689662933,
        0.9123955965042114,
        0.008381239138543606,
        0.4092237949371338,
        2.8029062747955322
    ],
    [
        0.36701083183288574,
        0.0019929397385567427,
        -0.9302144050598145,
        -3.699803113937378,
        -0.009181293658912182,
        0.9999567866325378,
        -0.00148006493691355,
        0.07849707454442978,
        0.9301713109016418,
        0.009083767421543598,
        0.36701297760009766,
        2.881380319595337
    ],
    [
        0.337675541639328,
        0.001780912047252059,
        -0.9412609338760376,
        -3.943052291870117,
        -0.00967346876859665,
        0.999951958656311,
        -0.0015783811686560512,
        0.06513593345880508,
        0.9412128329277039,
        0.00963823962956667,
        0.3376764953136444,
        2.9654014110565186
    ],
    [
        0.3065015971660614,
        0.0018188805552199483,
        -0.9518682956695557,
        -4.22886323928833,
        -0.009718714281916618,
        0.9999520778656006,
        -0.0012186646927148104,
        0.039665210992097855,
        0.951820433139801,
        0.00962445605546236,
        0.3065045177936554,
        3.0667061805725098
    ],
    [
        0.2794438302516937,
        0.0017285641515627503,
        -0.9601604342460632,
        -4.4832682609558105,
        -0.010907024145126343,
        0.9999395608901978,
        -0.001374182291328907,
        0.024805549532175064,
        0.9601001143455505,
        0.010856501758098602,
        0.2794457674026489,
        3.1465232372283936
    ],
    [
        0.2679590880870819,
        0.002477589063346386,
        -0.9634271860122681,
        -4.75260066986084,
        -0.011982068419456482,
        0.999927818775177,
        -0.000761130650062114,
        0.026313627138733864,
        0.9633558392524719,
        0.011747797951102257,
        0.2679695785045624,
        3.2164058685302734
    ],
    [
        0.2607990801334381,
        0.0020421037916094065,
        -0.9653908610343933,
        -5.021162509918213,
        -0.012161364778876305,
        0.9999253153800964,
        -0.0011702252086251974,
        0.012065909802913666,
        0.9653164148330688,
        0.012045664712786674,
        0.26080459356307983,
        3.2777767181396484
    ],
    [
        0.25620654225349426,
        0.0012921432498842478,
        -0.9666211605072021,
        -5.258096218109131,
        -0.012154649943113327,
        0.9999244213104248,
        -0.0018849762855097651,
        0.03796613588929176,
        0.9665456414222717,
        0.012231884524226189,
        0.25620317459106445,
        3.3459599018096924
    ],
    [
        0.2524002492427826,
        0.0014062458649277687,
        -0.9676218032836914,
        -5.530660152435303,
        -0.011886556632816792,
        0.9999279975891113,
        -0.0016473735449835658,
        0.05031530559062958,
        0.9675499796867371,
        0.011917492374777794,
        0.25239911675453186,
        3.4434804916381836
    ],
    [
        0.24818895757198334,
        0.001176693825982511,
        -0.9687107801437378,
        -5.759933948516846,
        -0.01255873590707779,
        0.9999191761016846,
        -0.002003018045797944,
        0.030384467914700508,
        0.9686301946640015,
        0.012662913650274277,
        0.24818362295627594,
        3.5340089797973633
    ]
]