[
    [
        0.9977385997772217,
        -0.00432872399687767,
        -0.06707418709993362,
        -0.04866509884595871,
        0.004291579592972994,
        0.9999905228614807,
        -0.0006978544406592846,
        -0.003440573113039136,
        0.06707657873630524,
        0.0004084226966369897,
        0.9977478384971619,
        0.0403551384806633
    ],
    [
        0.9971360564231873,
        -0.0048465970903635025,
        -0.07547353208065033,
        -0.05608411133289337,
        0.004802601411938667,
        0.9999881386756897,
        -0.000764408556278795,
        -0.0037299678660929203,
        0.07547634840011597,
        0.00039974937681108713,
        0.9971475005149841,
        0.04036713391542435
    ],
    [
        0.9964451789855957,
        -0.005403807852417231,
        -0.08407064527273178,
        -0.06323781609535217,
        0.005349690560251474,
        0.9999853372573853,
        -0.0008689620299264789,
        -0.003847424639388919,
        0.08407410234212875,
        0.00041612100903876126,
        0.996459424495697,
        0.04045770317316055
    ],
    [
        0.9956806302070618,
        -0.006005892530083656,
        -0.09265021234750748,
        -0.07034479081630707,
        0.005928172264248133,
        0.9999818205833435,
        -0.0011140585411339998,
        -0.003773924894630909,
        0.09265520423650742,
        0.0005599996657110751,
        0.995698094367981,
        0.04048175737261772
    ],
    [
        0.9945589303970337,
        -0.0068342722952365875,
        -0.10395123809576035,
        -0.07991676777601242,
        0.006744028069078922,
        0.9999764561653137,
        -0.001219587866216898,
        -0.004170217551290989,
        0.10395713895559311,
        0.0005119019187986851,
        0.9945816397666931,
        0.04052213579416275
    ],
    [
        0.9936167597770691,
        -0.00756221916526556,
        -0.1125548928976059,
        -0.08731593936681747,
        0.007438438944518566,
        0.9999712109565735,
        -0.001519651967100799,
        -0.004125312902033329,
        0.11256314814090729,
        0.0006727188592776656,
        0.9936442375183105,
        0.040405601263046265
    ],
    [
        0.9926113486289978,
        -0.008266650140285492,
        -0.1210547685623169,
        -0.09469115734100342,
        0.008126472122967243,
        0.9999656677246094,
        -0.001651631435379386,
        -0.004310159012675285,
        0.12106426060199738,
        0.0006556807202287018,
        0.9926444292068481,
        0.04030574485659599
    ],
    [
        0.9915371537208557,
        -0.009073232300579548,
        -0.1295061707496643,
        -0.10180459916591644,
        0.00889334362000227,
        0.9999584555625916,
        -0.0019672969356179237,
        -0.004313225392252207,
        0.12951865792274475,
        0.0007989051518961787,
        0.9915766716003418,
        0.040007371455430984
    ],
    [
        0.9900136590003967,
        -0.010048022493720055,
        -0.14061295986175537,
        -0.11109966039657593,
        0.009830364026129246,
        0.9999492168426514,
        -0.0022424464114010334,
        -0.004602780099958181,
        0.14062833786010742,
        0.0008377756457775831,
        0.9900621175765991,
        0.03951956331729889
    ],
    [
        0.9888128638267517,
        -0.01071085687726736,
        -0.14877662062644958,
        -0.11829046159982681,
        0.010468129999935627,
        0.9999423027038574,
        -0.002414482878521085,
        -0.004887457937002182,
        0.14879389107227325,
        0.0008300580666400492,
        0.9888678789138794,
        0.039239462465047836
    ],
    [
        0.9875248074531555,
        -0.011372427456080914,
        -0.1570524275302887,
        -0.12536832690238953,
        0.01108600478619337,
        0.9999349117279053,
        -0.002699624514207244,
        -0.004968383815139532,
        0.15707288682460785,
        0.0009248622809536755,
        0.9875867366790771,
        0.038835376501083374
    ],
    [
        0.9861479997634888,
        -0.012041252106428146,
        -0.16543035209178925,
        -0.13234275579452515,
        0.011714166961610317,
        0.9999269843101501,
        -0.0029527340084314346,
        -0.005227601155638695,
        0.16545383632183075,
        0.0009739537490531802,
        0.9862170219421387,
        0.03815127909183502
    ],
    [
        0.984194278717041,
        -0.01283655408769846,
        -0.17662613093852997,
        -0.14195719361305237,
        0.012457729317247868,
        0.9999170303344727,
        -0.003253570292145014,
        -0.005374012514948845,
        0.17665326595306396,
        0.0010017844615504146,
        0.9842725992202759,
        0.03760085254907608
    ],
    [
        0.982642412185669,
        -0.013399138115346432,
        -0.18502552807331085,
        -0.14921553432941437,
        0.013020962476730347,
        0.9999098777770996,
        -0.0032589135225862265,
        -0.0057271444238722324,
        0.1850525289773941,
        0.000793136132415384,
        0.9827284216880798,
        0.03694326803088188
    ],
    [
        0.9810032248497009,
        -0.014030813239514828,
        -0.1934836357831955,
        -0.15638335049152374,
        0.013615426607429981,
        0.999901294708252,
        -0.0034765279851853848,
        -0.005687324330210686,
        0.19351331889629364,
        0.0007761232554912567,
        0.9810972213745117,
        0.03647375851869583
    ],
    [
        0.9793291687965393,
        -0.014676790684461594,
        -0.20174004137516022,
        -0.16361059248447418,
        0.014244374819099903,
        0.9998921155929565,
        -0.003595096757635474,
        -0.006017770618200302,
        0.20177102088928223,
        0.0006471228552982211,
        0.9794325828552246,
        0.035742416977882385
    ],
    [
        0.9769421219825745,
        -0.015597856603562832,
        -0.21293383836746216,
        -0.1727757304906845,
        0.015091458335518837,
        0.9998780488967896,
        -0.0040034702979028225,
        -0.006256105378270149,
        0.2129703164100647,
        0.000697677256539464,
        0.9770583510398865,
        0.03469114378094673
    ],
    [
        0.9750475287437439,
        -0.016217641532421112,
        -0.22140319645404816,
        -0.1797110140323639,
        0.01563074253499508,
        0.9998680949211121,
        -0.004402762278914452,
        -0.006391336675733328,
        0.22144541144371033,
        0.0008322054636664689,
        0.9751724600791931,
        0.03366408869624138
    ],
    [
        0.9731364250183105,
        -0.016734035685658455,
        -0.22962027788162231,
        -0.1868792325258255,
        0.016112089157104492,
        0.9998596906661987,
        -0.004583330824971199,
        -0.006685024593025446,
        0.22966475784778595,
        0.0007605446735396981,
        0.9732694029808044,
        0.03264899551868439
    ],
    [
        0.9711031913757324,
        -0.017385080456733704,
        -0.23802614212036133,
        -0.19370929896831512,
        0.01670043356716633,
        0.999848484992981,
        -0.004892759025096893,
        -0.006629080045968294,
        0.2380751669406891,
        0.0007762337336316705,
        0.9712464213371277,
        0.03191136568784714
    ],
    [
        0.9683395028114319,
        -0.018267905339598656,
        -0.2489677369594574,
        -0.20311103761196136,
        0.017544860020279884,
        0.9998329281806946,
        -0.00512305274605751,
        -0.006951313931494951,
        0.24901968240737915,
        0.000592749856878072,
        0.9684982895851135,
        0.030584311112761497
    ],
    [
        0.9661682844161987,
        -0.018956385552883148,
        -0.2572147846221924,
        -0.21084490418434143,
        0.018179191276431084,
        0.9998201131820679,
        -0.005399457644671202,
        -0.0069979350082576275,
        0.257270872592926,
        0.00054082868155092,
        0.9663392305374146,
        0.029400810599327087
    ],
    [
        0.963893473148346,
        -0.019638439640402794,
        -0.26556313037872314,
        -0.21804623305797577,
        0.018854975700378418,
        0.9998070597648621,
        -0.005499499384313822,
        -0.00720576848834753,
        0.2656199336051941,
        0.00029374464065767825,
        0.9640777111053467,
        0.0284170750528574
    ],
    [
        0.9615885019302368,
        -0.02047956921160221,
        -0.27373015880584717,
        -0.22501766681671143,
        0.019633354619145393,
        0.9997902512550354,
        -0.005830805748701096,
        -0.007207327056676149,
        0.27379220724105835,
        0.00023259330191649497,
        0.9617888331413269,
        0.027123022824525833
    ],
    [
        0.9584407210350037,
        -0.02136750891804695,
        -0.28449031710624695,
        -0.23437899351119995,
        0.020480792969465256,
        0.9997717142105103,
        -0.006091607268899679,
        -0.0075887832790613174,
        0.2845555245876312,
        1.1857709068863187e-05,
        0.9586594700813293,
        0.025505198165774345
    ]
]