[
    [
        0.9950245022773743,
        -0.018315570428967476,
        0.09793264418840408,
        -0.28367331624031067,
        0.017926523461937904,
        0.9998274445533752,
        0.004851105157285929,
        -0.027531201019883156,
        -0.09800460189580917,
        -0.0030713772866874933,
        0.9951812624931335,
        -0.20608967542648315
    ],
    [
        0.995416522026062,
        -0.021893447265028954,
        0.0930953398346901,
        -0.27198144793510437,
        0.021538585424423218,
        0.9997565150260925,
        0.004814958665519953,
        -0.028066294267773628,
        -0.09317807853221893,
        -0.0027877476532012224,
        0.9956455230712891,
        -0.12912575900554657
    ],
    [
        0.9957373142242432,
        -0.025080189108848572,
        0.08875901252031326,
        -0.2623648941516876,
        0.024667106568813324,
        0.9996792078018188,
        0.005747949704527855,
        -0.03274816647171974,
        -0.0888747051358223,
        -0.003534020623192191,
        0.9960365891456604,
        -0.05552494525909424
    ],
    [
        0.9960066080093384,
        -0.028147123754024506,
        0.08472634851932526,
        -0.25216519832611084,
        0.027737664058804512,
        0.9995971322059631,
        0.006006251089274883,
        -0.03971562162041664,
        -0.08486128598451614,
        -0.0036321543157100677,
        0.9963861703872681,
        0.018704913556575775
    ],
    [
        0.9963397979736328,
        -0.030737940222024918,
        0.0797627791762352,
        -0.2419101446866989,
        0.030430404469370842,
        0.9995239973068237,
        0.005068609025329351,
        -0.04314244166016579,
        -0.07988062500953674,
        -0.0026228432543575764,
        0.9968010187149048,
        0.08544131368398666
    ],
    [
        0.9964993596076965,
        -0.03349466621875763,
        0.07659751176834106,
        -0.23760265111923218,
        0.033370241522789,
        0.9994387626647949,
        0.0029041192028671503,
        -0.044156309217214584,
        -0.07665179669857025,
        -0.0003378751571290195,
        0.9970579147338867,
        0.15745677053928375
    ],
    [
        0.9967210292816162,
        -0.036003947257995605,
        0.07246267795562744,
        -0.22671140730381012,
        0.036027293652296066,
        0.9993503093719482,
        0.0009852309012785554,
        -0.04599432647228241,
        -0.07245106995105743,
        0.0016286346362903714,
        0.9973706007003784,
        0.22464515268802643
    ],
    [
        0.9969683289527893,
        -0.038674574345350266,
        0.06751597672700882,
        -0.21510428190231323,
        0.03874002769589424,
        0.9992492198944092,
        0.00034013885306194425,
        -0.05198558419942856,
        -0.06747844815254211,
        0.0022764636669307947,
        0.9977182149887085,
        0.2942750155925751
    ],
    [
        0.9974163770675659,
        -0.04246397688984871,
        0.05794358253479004,
        -0.19781331717967987,
        0.042613353580236435,
        0.9990907907485962,
        -0.0013443023199215531,
        -0.05758790671825409,
        -0.05783382058143616,
        0.003809999441727996,
        0.9983189702033997,
        0.3868142366409302
    ],
    [
        0.9977081418037415,
        -0.045101266354322433,
        0.05044054985046387,
        -0.18318797647953033,
        0.045355528593063354,
        0.9989631772041321,
        -0.003907057456672192,
        -0.05971575528383255,
        -0.05021204054355621,
        0.006185861770063639,
        0.9987195730209351,
        0.4561188220977783
    ],
    [
        0.9979363679885864,
        -0.047040391713380814,
        0.043704964220523834,
        -0.17204250395298004,
        0.047251421958208084,
        0.9988756775856018,
        -0.0038074618205428123,
        -0.07134339958429337,
        -0.04347671940922737,
        0.0058647263795137405,
        0.9990372657775879,
        0.5234015583992004
    ],
    [
        0.9982426166534424,
        -0.048807382583618164,
        0.03360551595687866,
        -0.15782582759857178,
        0.0490817055106163,
        0.9987674951553345,
        -0.007386480458080769,
        -0.07545815408229828,
        -0.03320358321070671,
        0.009022915735840797,
        0.9994078874588013,
        0.583398163318634
    ],
    [
        0.9981262683868408,
        -0.04322246462106705,
        -0.04331056401133537,
        -0.0880308449268341,
        0.04203202575445175,
        0.998723030090332,
        -0.028030110523104668,
        -0.11057014763355255,
        0.044466786086559296,
        0.026157157495617867,
        0.9986684322357178,
        1.062854528427124
    ],
    [
        0.9975011944770813,
        -0.043762363493442535,
        -0.05546493083238602,
        -0.08241471648216248,
        0.042189955711364746,
        0.9986824989318848,
        -0.029210826382040977,
        -0.11777693033218384,
        0.05667019262909889,
        0.026797769591212273,
        0.9980332255363464,
        1.108769416809082
    ],
    [
        0.9966580867767334,
        -0.04146808758378029,
        -0.07037796080112457,
        -0.07328815758228302,
        0.03925766423344612,
        0.9987002611160278,
        -0.03250616416335106,
        -0.11870934814214706,
        0.0716344490647316,
        0.029634658247232437,
        0.9969906806945801,
        1.1549378633499146
    ],
    [
        0.9955193400382996,
        -0.04006566107273102,
        -0.08564995974302292,
        -0.06090868264436722,
        0.037160832434892654,
        0.9986876249313354,
        -0.035245127975940704,
        -0.12036691606044769,
        0.0869496613740921,
        0.03190438449382782,
        0.995701789855957,
        1.201249599456787
    ],
    [
        0.9939581751823425,
        -0.038190100342035294,
        -0.10290084779262543,
        -0.048381682485342026,
        0.034788548946380615,
        0.9987937808036804,
        -0.034651532769203186,
        -0.13034644722938538,
        0.1041000708937645,
        0.03086240030825138,
        0.9940879344940186,
        1.2605900764465332
    ],
    [
        0.9926063418388367,
        -0.03486210107803345,
        -0.11626359075307846,
        -0.040136147290468216,
        0.030922386795282364,
        0.9988904595375061,
        -0.035519830882549286,
        -0.13167858123779297,
        0.11737288534641266,
        0.03166205808520317,
        0.992583155632019,
        1.3043816089630127
    ],
    [
        0.9908861517906189,
        -0.03261727839708328,
        -0.13069340586662292,
        -0.032224006950855255,
        0.028326958417892456,
        0.9990013837814331,
        -0.034553464502096176,
        -0.1352180391550064,
        0.13168993592262268,
        0.030536403879523277,
        0.990820586681366,
        1.3441286087036133
    ],
    [
        0.9891613125801086,
        -0.028241723775863647,
        -0.144090935587883,
        -0.02898479625582695,
        0.023519443348050117,
        0.9991323351860046,
        -0.034371986985206604,
        -0.13396745920181274,
        0.14493665099143982,
        0.030610501766204834,
        0.9889672994613647,
        1.3803670406341553
    ],
    [
        0.9872448444366455,
        -0.023943614214658737,
        -0.15739884972572327,
        -0.02685333974659443,
        0.018986700102686882,
        0.9992775917053223,
        -0.03292141482234001,
        -0.13342377543449402,
        0.15807339549064636,
        0.029513012617826462,
        0.9869861602783203,
        1.4153382778167725
    ],
    [
        0.9850609302520752,
        -0.020406333729624748,
        -0.17099298536777496,
        -0.025988411158323288,
        0.01559443399310112,
        0.9994449615478516,
        -0.029437139630317688,
        -0.13443788886070251,
        0.17149876058101654,
        0.02633083611726761,
        0.9848325252532959,
        1.450400710105896
    ],
    [
        0.9826325178146362,
        -0.01667153090238571,
        -0.18481145799160004,
        -0.02631140872836113,
        0.01184582244604826,
        0.9995601773262024,
        -0.027185050770640373,
        -0.13052892684936523,
        0.18518340587615967,
        0.024523671716451645,
        0.9823979735374451,
        1.4870266914367676
    ],
    [
        0.9799054265022278,
        -0.012927531264722347,
        -0.19904348254203796,
        -0.026596276089549065,
        0.008301036432385445,
        0.999675989151001,
        -0.024060646072030067,
        -0.1268610805273056,
        0.19929002225399017,
        0.02192489057779312,
        0.9796952605247498,
        1.525762915611267
    ],
    [
        0.9760053157806396,
        -0.009997827000916004,
        -0.2175169438123703,
        -0.029252847656607628,
        0.005986379459500313,
        0.9997997283935547,
        -0.019093165174126625,
        -0.12389857321977615,
        0.21766428649425507,
        0.0173328947275877,
        0.9758697748184204,
        1.576292872428894
    ]
]