[
    [
        0.999989926815033,
        0.002689634682610631,
        0.0036188187077641487,
        -0.03588571026921272,
        -0.002688042353838682,
        0.9999962449073792,
        -0.0004445970116648823,
        0.0004984208499081433,
        -0.0036200005561113358,
        0.0004348649235907942,
        0.9999933242797852,
        0.008755327202379704
    ],
    [
        0.9999824166297913,
        0.0034532491117715836,
        0.004841449670493603,
        -0.044847242534160614,
        -0.003444293048232794,
        0.999992311000824,
        -0.001856735092587769,
        0.0023450530134141445,
        -0.004847824573516846,
        0.0018400265835225582,
        0.9999865293502808,
        0.07049980014562607
    ],
    [
        0.9999710917472839,
        0.003811062313616276,
        0.006584202405065298,
        -0.05755919963121414,
        -0.0038027639966458082,
        0.9999919533729553,
        -0.001272378140129149,
        -0.0035576489754021168,
        -0.006588999181985855,
        0.0012473032111302018,
        0.9999775886535645,
        0.1506834179162979
    ],
    [
        0.9999655485153198,
        0.003556421957910061,
        0.00750969210639596,
        -0.06644879281520844,
        -0.0035586936865001917,
        0.9999935626983643,
        0.00028916125302203,
        -0.012723769061267376,
        -0.007508616894483566,
        -0.00031587667763233185,
        0.9999717473983765,
        0.22852936387062073
    ],
    [
        0.9999556541442871,
        0.0034296372905373573,
        0.00877164863049984,
        -0.0756441205739975,
        -0.003435279242694378,
        0.9999938607215881,
        0.0006281587411649525,
        -0.017764553427696228,
        -0.008769440464675426,
        -0.0006582631613127887,
        0.9999613761901855,
        0.3058415949344635
    ],
    [
        0.9999509453773499,
        0.004106251988559961,
        0.009024814702570438,
        -0.0812850147485733,
        -0.004107567016035318,
        0.9999916553497314,
        0.0001271202345378697,
        -0.020445406436920166,
        -0.009024216793477535,
        -0.00016418378800153732,
        0.9999592304229736,
        0.3864784836769104
    ],
    [
        0.9999483823776245,
        0.004228282254189253,
        0.009238309226930141,
        -0.08597447723150253,
        -0.0042303577065467834,
        0.9999909996986389,
        0.00020500223035924137,
        -0.025301983579993248,
        -0.009237359277904034,
        -0.0002440727548673749,
        0.9999573230743408,
        0.4642166197299957
    ],
    [
        0.999943196773529,
        0.004467073827981949,
        0.009682134725153446,
        -0.09115991741418839,
        -0.004477172624319792,
        0.9999895095825195,
        0.0010217034723609686,
        -0.03202254697680473,
        -0.009677467867732048,
        -0.0010649946052581072,
        0.9999525547027588,
        0.539829432964325
    ],
    [
        0.9999370574951172,
        0.004975905641913414,
        0.010055712424218655,
        -0.09617243707180023,
        -0.004982328042387962,
        0.9999874234199524,
        0.0006137348245829344,
        -0.03531009331345558,
        -0.010052531957626343,
        -0.0006637962069362402,
        0.9999492168426514,
        0.6170897483825684
    ],
    [
        0.9999256134033203,
        0.0051254648715257645,
        0.011068490333855152,
        -0.10282983630895615,
        -0.005128275137394667,
        0.9999868273735046,
        0.00022551449364982545,
        -0.03796457126736641,
        -0.01106718834489584,
        -0.0002822594833560288,
        0.9999386072158813,
        0.6782553791999817
    ],
    [
        0.9999067187309265,
        0.004877494648098946,
        0.012765184044837952,
        -0.11266728490591049,
        -0.004885390400886536,
        0.9999879598617554,
        0.0005874079652130604,
        -0.04468812420964241,
        -0.012762163765728474,
        -0.0006497161230072379,
        0.9999183416366577,
        0.758283793926239
    ],
    [
        0.9998909831047058,
        0.0038887159898877144,
        0.014247067272663116,
        -0.12081631273031235,
        -0.0039174510166049,
        0.9999903440475464,
        0.0019895685836672783,
        -0.05456901714205742,
        -0.014239192940294743,
        -0.0020451643504202366,
        0.9998965263366699,
        0.8340333104133606
    ],
    [
        0.9998717308044434,
        0.0034988673869520426,
        0.015629176050424576,
        -0.12782981991767883,
        -0.0035350690595805645,
        0.9999911785125732,
        0.002289276570081711,
        -0.0604424886405468,
        -0.01562102884054184,
        -0.002344233449548483,
        0.9998751878738403,
        0.9062895178794861
    ],
    [
        0.9998592138290405,
        0.003616170259192586,
        0.016388799995183945,
        -0.13218198716640472,
        -0.003638551337644458,
        0.9999925494194031,
        0.0013360255397856236,
        -0.06188708543777466,
        -0.01638384535908699,
        -0.0013954692985862494,
        0.9998646974563599,
        0.9810317754745483
    ],
    [
        0.9998544454574585,
        0.0034678890369832516,
        0.01670515350997448,
        -0.13384655117988586,
        -0.003489980474114418,
        0.9999930262565613,
        0.0012934752739965916,
        -0.06701589375734329,
        -0.01670054905116558,
        -0.001351587357930839,
        0.9998595714569092,
        1.0587869882583618
    ],
    [
        0.9998457431793213,
        0.0030950240325182676,
        0.01729319617152214,
        -0.1358848363161087,
        -0.0031392835080623627,
        0.999991774559021,
        0.002532805548980832,
        -0.07564153522253036,
        -0.017285218462347984,
        -0.0025867042131721973,
        0.9998473525047302,
        1.1343048810958862
    ],
    [
        0.9998281002044678,
        0.0026604540180414915,
        0.018352067098021507,
        -0.13897092640399933,
        -0.0027186095248907804,
        0.9999913573265076,
        0.0031446516513824463,
        -0.08193360269069672,
        -0.018343541771173477,
        -0.0031940035987645388,
        0.9998266696929932,
        1.2056348323822021
    ],
    [
        0.9998089075088501,
        0.002928775269538164,
        0.019329877570271492,
        -0.14222562313079834,
        -0.0029725111089646816,
        0.999993085861206,
        0.0022342661395668983,
        -0.08246475458145142,
        -0.01932319812476635,
        -0.002291296375915408,
        0.9998106956481934,
        1.2636945247650146
    ],
    [
        0.9997813701629639,
        0.003471226431429386,
        0.02061741054058075,
        -0.1472153216600418,
        -0.0034832919482141733,
        0.9999938011169434,
        0.0005493367207236588,
        -0.08136355876922607,
        -0.02061537280678749,
        -0.0006210313877090812,
        0.9997872710227966,
        1.3386011123657227
    ],
    [
        0.9997385740280151,
        0.003145435592159629,
        0.022651351988315582,
        -0.1546403169631958,
        -0.0031663449481129646,
        0.9999946355819702,
        0.0008872993639670312,
        -0.08679799735546112,
        -0.022648440673947334,
        -0.000958789954893291,
        0.9997430443763733,
        1.4121181964874268
    ],
    [
        0.9997174143791199,
        0.0027546710334718227,
        0.023610876873135567,
        -0.15738923847675323,
        -0.002805258147418499,
        0.9999938607215881,
        0.0021096712443977594,
        -0.09497051686048508,
        -0.023604920133948326,
        -0.002175309229642153,
        0.9997188448905945,
        1.4842702150344849
    ],
    [
        0.9996982216835022,
        0.00281004817225039,
        0.024403894320130348,
        -0.15911221504211426,
        -0.0028751976788043976,
        0.9999923706054688,
        0.0026349222753196955,
        -0.1001579537987709,
        -0.02439630776643753,
        -0.002704294864088297,
        0.9996987581253052,
        1.5561143159866333
    ],
    [
        0.9996921420097351,
        0.0031073943246155977,
        0.024615708738565445,
        -0.15849587321281433,
        -0.0031558896880596876,
        0.9999931454658508,
        0.0019314653472974896,
        -0.10144702345132828,
        -0.02460954152047634,
        -0.0020085545256733894,
        0.9996950030326843,
        1.6311395168304443
    ],
    [
        0.999697208404541,
        0.0029009641148149967,
        0.024432247504591942,
        -0.15547342598438263,
        -0.0029559778049588203,
        0.9999931454658508,
        0.0022158280480653048,
        -0.10584749281406403,
        -0.024425650015473366,
        -0.002287378767505288,
        0.9996989965438843,
        1.7049697637557983
    ],
    [
        0.9996924996376038,
        0.0030437191016972065,
        0.02460906095802784,
        -0.1541796326637268,
        -0.00312241748906672,
        0.9999902248382568,
        0.0031601451337337494,
        -0.11207348853349686,
        -0.024599198251962662,
        -0.0032360132317990065,
        0.9996921420097351,
        1.776738166809082
    ]
]