[
    [
        0.9333907961845398,
        -0.053968749940395355,
        0.35478001832962036,
        0.21023410558700562,
        0.04635203257203102,
        0.9984763860702515,
        0.02993958257138729,
        -0.028911586850881577,
        -0.3558552861213684,
        -0.011500558815896511,
        0.9344701766967773,
        0.3955884873867035
    ],
    [
        0.916587233543396,
        -0.062011878937482834,
        0.394996702671051,
        0.2796027958393097,
        0.05237186327576637,
        0.9980087876319885,
        0.03515223413705826,
        -0.03257265314459801,
        -0.39639008045196533,
        -0.011533373035490513,
        0.9180097579956055,
        0.4654487073421478
    ],
    [
        0.8953192830085754,
        -0.07006172090768814,
        0.43988046050071716,
        0.3592425584793091,
        0.05733301490545273,
        0.9974638819694519,
        0.042176637798547745,
        -0.04131854698061943,
        -0.44171980023384094,
        -0.012541881762444973,
        0.8970653414726257,
        0.5404080152511597
    ],
    [
        0.873650312423706,
        -0.07731487601995468,
        0.48037227988243103,
        0.4427301287651062,
        0.062192726880311966,
        0.9969404935836792,
        0.047345880419015884,
        -0.0466899648308754,
        -0.4825631082057953,
        -0.011488082818686962,
        0.8757858872413635,
        0.613318681716919
    ],
    [
        0.8532519936561584,
        -0.08278574049472809,
        0.5148860216140747,
        0.5015422701835632,
        0.0662912130355835,
        0.9965280890464783,
        0.05037076398730278,
        -0.05173681303858757,
        -0.5172683000564575,
        -0.008846541866660118,
        0.8557776212692261,
        0.6722534894943237
    ],
    [
        0.8282135725021362,
        -0.08696545660495758,
        0.5536237359046936,
        0.5753872394561768,
        0.06850770860910416,
        0.9961881041526794,
        0.0539986677467823,
        -0.06315009295940399,
        -0.5562094449996948,
        -0.0067949360236525536,
        0.8310144543647766,
        0.7543712854385376
    ],
    [
        0.8045393824577332,
        -0.09001327306032181,
        0.5870382785797119,
        0.6497819423675537,
        0.07182066887617111,
        0.9959394931793213,
        0.0542813241481781,
        -0.07328154891729355,
        -0.5895406007766724,
        -0.001509988447651267,
        0.807737410068512,
        0.8369927406311035
    ],
    [
        0.7877374291419983,
        -0.09282033890485764,
        0.6089780330657959,
        0.722016453742981,
        0.07620552182197571,
        0.9956727027893066,
        0.053185395896434784,
        -0.08239474892616272,
        -0.6112794280052185,
        0.004511358682066202,
        0.7914019823074341,
        0.9028106927871704
    ],
    [
        0.7696146368980408,
        -0.09468220919370651,
        0.6314496994018555,
        0.8094621896743774,
        0.0805836021900177,
        0.9954399466514587,
        0.05104469507932663,
        -0.08840370923280716,
        -0.6334032416343689,
        0.011599739082157612,
        0.773734986782074,
        0.9868762493133545
    ],
    [
        0.7538800835609436,
        -0.09868103265762329,
        0.6495589017868042,
        0.9002800583839417,
        0.08556482195854187,
        0.9949824810028076,
        0.05185100436210632,
        -0.09842787683010101,
        -0.6514164805412292,
        0.01648995466530323,
        0.7585411071777344,
        1.0747162103652954
    ],
    [
        0.7433594465255737,
        -0.10180101543664932,
        0.6611000895500183,
        0.976956844329834,
        0.08893419802188873,
        0.9946179986000061,
        0.05315843224525452,
        -0.10753042250871658,
        -0.6629535555839539,
        0.019278589636087418,
        0.7484121322631836,
        1.1405925750732422
    ],
    [
        0.7306424379348755,
        -0.10458271205425262,
        0.6747030019760132,
        1.0510591268539429,
        0.09203920513391495,
        0.9942656755447388,
        0.05444657430052757,
        -0.11578132212162018,
        -0.6765282154083252,
        0.022318147122859955,
        0.7360785603523254,
        1.217116355895996
    ],
    [
        0.7180849313735962,
        -0.10800661891698837,
        0.6875234842300415,
        1.127855896949768,
        0.09374889731407166,
        0.9938921332359314,
        0.05821948125958443,
        -0.12436036765575409,
        -0.6896123290061951,
        0.022648032754659653,
        0.7238244414329529,
        1.295671820640564
    ],
    [
        0.7075504660606384,
        -0.11103861033916473,
        0.6978843808174133,
        1.181697964668274,
        0.09422389417886734,
        0.993583619594574,
        0.06255760788917542,
        -0.1347844898700714,
        -0.7003529071807861,
        0.021494731307029724,
        0.7134730815887451,
        1.363175392150879
    ],
    [
        0.7016168236732483,
        -0.11176501214504242,
        0.7037345170974731,
        1.2409237623214722,
        0.09335387498140335,
        0.9935274720191956,
        0.06471609324216843,
        -0.14077991247177124,
        -0.7064126133918762,
        0.020290439948439598,
        0.7075093984603882,
        1.4186259508132935
    ],
    [
        0.698997437953949,
        -0.11222748458385468,
        0.7062632441520691,
        1.3170099258422852,
        0.09452328830957413,
        0.9934433102607727,
        0.0643104836344719,
        -0.14459605515003204,
        -0.7088497281074524,
        0.021805457770824432,
        0.705022394657135,
        1.4734858274459839
    ],
    [
        0.6977468729019165,
        -0.11354590952396393,
        0.7072883248329163,
        1.4049301147460938,
        0.09561796486377716,
        0.9932850003242493,
        0.06513090431690216,
        -0.15118810534477234,
        -0.7099341154098511,
        0.022184576839208603,
        0.7039185166358948,
        1.534630537033081
    ],
    [
        0.697317898273468,
        -0.11433536559343338,
        0.707584023475647,
        1.5198646783828735,
        0.0961039587855339,
        0.9931955933570862,
        0.06577645987272263,
        -0.16019262373447418,
        -0.7102899551391602,
        0.022134535014629364,
        0.7035611867904663,
        1.6187950372695923
    ],
    [
        0.695927083492279,
        -0.1139654591679573,
        0.7090116739273071,
        1.6308081150054932,
        0.09599226713180542,
        0.9932292699813843,
        0.06542941927909851,
        -0.16493287682533264,
        -0.7116677165031433,
        0.022525513544678688,
        0.7021549940109253,
        1.7102023363113403
    ],
    [
        0.692869246006012,
        -0.11456600576639175,
        0.7119036912918091,
        1.7183022499084473,
        0.09590794891119003,
        0.9931672811508179,
        0.06648588925600052,
        -0.1731167435646057,
        -0.7146565318107605,
        0.02221120521426201,
        0.6991228461265564,
        1.7954926490783691
    ],
    [
        0.6893582940101624,
        -0.1161801740527153,
        0.7150435447692871,
        1.8156890869140625,
        0.0965716764330864,
        0.9929841756820679,
        0.06823725253343582,
        -0.1853029876947403,
        -0.7179547548294067,
        0.022013064473867416,
        0.695741593837738,
        1.8864474296569824
    ],
    [
        0.6883336901664734,
        -0.11630681157112122,
        0.7160093188285828,
        1.9186477661132812,
        0.09607934951782227,
        0.9929839372634888,
        0.06893227249383926,
        -0.19258791208267212,
        -0.7190031409263611,
        0.021345308050513268,
        0.6946789622306824,
        1.962127685546875
    ],
    [
        0.6882854700088501,
        -0.11591947823762894,
        0.716118574142456,
        1.997862458229065,
        0.09570125490427017,
        0.9930322170257568,
        0.06876234710216522,
        -0.19795820116996765,
        -0.7190997004508972,
        0.021205328404903412,
        0.6945832967758179,
        2.0166516304016113
    ],
    [
        0.6901326775550842,
        -0.11584112793207169,
        0.714351236820221,
        2.0929033756256104,
        0.09526633471250534,
        0.9930575489997864,
        0.06900034844875336,
        -0.20617647469043732,
        -0.7173849940299988,
        0.02043423056602478,
        0.696377158164978,
        2.0734622478485107
    ],
    [
        0.6906582117080688,
        -0.11580367386341095,
        0.7138492465019226,
        2.1796648502349854,
        0.09560147672891617,
        0.9930530190467834,
        0.06860166788101196,
        -0.2135278433561325,
        -0.7168344259262085,
        0.02086474932730198,
        0.6969311833381653,
        2.131621837615967
    ]
]