[
    [
        0.994770884513855,
        0.06828395277261734,
        -0.0759487897157669,
        0.09104790538549423,
        -0.06819120049476624,
        0.9976649880409241,
        0.0038168735336512327,
        -0.08803743124008179,
        0.07603208720684052,
        0.0013821241445839405,
        0.9971044659614563,
        0.027212586253881454
    ],
    [
        0.993750810623169,
        0.07166134566068649,
        -0.08557988703250885,
        0.10418803989887238,
        -0.07151851803064346,
        0.9974281191825867,
        0.004737494979053736,
        -0.09597660601139069,
        0.08569927513599396,
        0.00141265825368464,
        0.9963200092315674,
        0.05034248158335686
    ],
    [
        0.9926648736000061,
        0.07523970305919647,
        -0.09463303536176682,
        0.11597564816474915,
        -0.07502399384975433,
        0.9971646070480347,
        0.0058404249139130116,
        -0.1036810651421547,
        0.09480415284633636,
        0.0013021632330492139,
        0.9954952001571655,
        0.07190249115228653
    ],
    [
        0.9914785623550415,
        0.07867293059825897,
        -0.10382979363203049,
        0.12783674895763397,
        -0.07832124084234238,
        0.996900200843811,
        0.007466376293450594,
        -0.11256510019302368,
        0.10409534722566605,
        0.000729324936401099,
        0.9945670366287231,
        0.09488467872142792
    ],
    [
        0.9897088408470154,
        0.08338189870119095,
        -0.1162920668721199,
        0.1437537670135498,
        -0.08287651091814041,
        0.996517539024353,
        0.00918299425393343,
        -0.12328863888978958,
        0.11665277928113937,
        0.0005493902717716992,
        0.9931725859642029,
        0.12551844120025635
    ],
    [
        0.9882261157035828,
        0.0868743434548378,
        -0.1259448081254959,
        0.15557943284511566,
        -0.08626876026391983,
        0.9962189793586731,
        0.01026513148099184,
        -0.13119275867938995,
        0.12636037170886993,
        0.0007208322640508413,
        0.9919841885566711,
        0.14887790381908417
    ],
    [
        0.986627459526062,
        0.09032130986452103,
        -0.13567699491977692,
        0.16734693944454193,
        -0.0896308571100235,
        0.9959120154380798,
        0.011201702989637852,
        -0.13926273584365845,
        0.13613411784172058,
        0.0011089378967881203,
        0.9906898736953735,
        0.17254890501499176
    ],
    [
        0.9849032759666443,
        0.0936707854270935,
        -0.1455725133419037,
        0.17926836013793945,
        -0.0928993970155716,
        0.9956018924713135,
        0.012103221379220486,
        -0.14774365723133087,
        0.14606598019599915,
        0.0016030956758186221,
        0.9892734885215759,
        0.19664902985095978
    ],
    [
        0.9824113249778748,
        0.09813395142555237,
        -0.158863827586174,
        0.1946929544210434,
        -0.0973123088479042,
        0.995169460773468,
        0.012962051667273045,
        -0.15905964374542236,
        0.15936844050884247,
        0.0027253373991698027,
        0.987215518951416,
        0.22884052991867065
    ],
    [
        0.9803511500358582,
        0.10135341435670853,
        -0.16923093795776367,
        0.20660871267318726,
        -0.10050345957279205,
        0.9948436617851257,
        0.0136035131290555,
        -0.1683764010667801,
        0.1697370857000351,
        0.0036720747593790293,
        0.9854825735092163,
        0.2542797923088074
    ],
    [
        0.978214681148529,
        0.1044524535536766,
        -0.1794036626815796,
        0.21797801554203033,
        -0.10376887023448944,
        0.9945136308670044,
        0.013216903433203697,
        -0.17630359530448914,
        0.1797999143600464,
        0.00568754319101572,
        0.9836867451667786,
        0.2801821827888489
    ],
    [
        0.9759261012077332,
        0.10800148546695709,
        -0.18948328495025635,
        0.229246124625206,
        -0.10751740634441376,
        0.9941199421882629,
        0.012863331474363804,
        -0.1837960183620453,
        0.18975837528705597,
        0.007819091901183128,
        0.9817997217178345,
        0.3023487329483032
    ],
    [
        0.9727616310119629,
        0.11273042857646942,
        -0.20255021750926971,
        0.24383509159088135,
        -0.11215856671333313,
        0.9935868978500366,
        0.014336771331727505,
        -0.1981029361486435,
        0.20286743342876434,
        0.008771481923758984,
        0.9791669845581055,
        0.33185499906539917
    ],
    [
        0.970097005367279,
        0.11587756872177124,
        -0.21326996386051178,
        0.25507810711860657,
        -0.1155204102396965,
        0.9932039380073547,
        0.014179411344230175,
        -0.20642121136188507,
        0.21346361935138702,
        0.010881626047194004,
        0.9768904447555542,
        0.3579257130622864
    ],
    [
        0.9672805666923523,
        0.11911417543888092,
        -0.22400926053524017,
        0.2670629024505615,
        -0.11893092840909958,
        0.9927986860275269,
        0.014360219240188599,
        -0.2151390016078949,
        0.2241065949201584,
        0.012751269154250622,
        0.9744812846183777,
        0.3830518126487732
    ],
    [
        0.964512825012207,
        0.12233884632587433,
        -0.23398341238498688,
        0.2786824107170105,
        -0.12221235781908035,
        0.9923891425132751,
        0.015096585266292095,
        -0.22464904189109802,
        0.23404951393604279,
        0.014034817926585674,
        0.9721234440803528,
        0.4065801799297333
    ],
    [
        0.960770308971405,
        0.12692072987556458,
        -0.24659988284111023,
        0.2929920554161072,
        -0.12683044373989105,
        0.9917901754379272,
        0.016317114233970642,
        -0.23696328699588776,
        0.24664632976055145,
        0.015599378384649754,
        0.968980073928833,
        0.43754497170448303
    ],
    [
        0.9578174948692322,
        0.13036954402923584,
        -0.2561042606830597,
        0.3036259114742279,
        -0.1302182972431183,
        0.9913286566734314,
        0.017624516040086746,
        -0.24636411666870117,
        0.2561812102794647,
        0.016468388959765434,
        0.9664884805679321,
        0.4607248902320862
    ],
    [
        0.9547504782676697,
        0.13392506539821625,
        -0.2655477821826935,
        0.3140634000301361,
        -0.1336677521467209,
        0.9908416271209717,
        0.019127199426293373,
        -0.2553406059741974,
        0.26567739248275757,
        0.01723347045481205,
        0.9639080166816711,
        0.4841236174106598
    ],
    [
        0.9515053033828735,
        0.13752827048301697,
        -0.2751794755458832,
        0.3247174024581909,
        -0.13713029026985168,
        0.9903349876403809,
        0.020782290026545525,
        -0.26375526189804077,
        0.27537801861763,
        0.017960984259843826,
        0.9611682295799255,
        0.5076277256011963
    ],
    [
        0.9470149278640747,
        0.14243951439857483,
        -0.2878780663013458,
        0.33893299102783203,
        -0.14173372089862823,
        0.9896279573440552,
        0.0234064981341362,
        -0.2750697433948517,
        0.28822624683380127,
        0.018635720014572144,
        0.957381010055542,
        0.5382468700408936
    ],
    [
        0.9435693025588989,
        0.14616148173809052,
        -0.2971762418746948,
        0.34956225752830505,
        -0.14505332708358765,
        0.9890846014022827,
        0.02590450458228588,
        -0.2841062545776367,
        0.29771873354911804,
        0.018663709983229637,
        0.9544711112976074,
        0.5607524514198303
    ],
    [
        0.940054178237915,
        0.149752676486969,
        -0.3063857853412628,
        0.3599705398082733,
        -0.14829793572425842,
        0.9885415434837341,
        0.02816270850598812,
        -0.29262295365333557,
        0.3070926070213318,
        0.018961912021040916,
        0.9514907598495483,
        0.5832473635673523
    ],
    [
        0.9364527463912964,
        0.15335425734519958,
        -0.3154977858066559,
        0.3702213764190674,
        -0.15141533315181732,
        0.9879900217056274,
        0.030805906280875206,
        -0.3016679584980011,
        0.3164328932762146,
        0.018922928720712662,
        0.9484262466430664,
        0.6050739288330078
    ],
    [
        0.9313087463378906,
        0.1580430418252945,
        -0.32815611362457275,
        0.3844175338745117,
        -0.1554764062166214,
        0.987246572971344,
        0.03422430157661438,
        -0.3136029541492462,
        0.3293799161911011,
        0.01914714090526104,
        0.9440033435821533,
        0.6354079842567444
    ]
]