[
    [
        0.9891273975372314,
        0.043361596763134,
        -0.14052331447601318,
        0.01074114441871643,
        -0.05364256724715233,
        0.9960882663726807,
        -0.07021861523389816,
        0.13240846991539001,
        0.13692881166934967,
        0.0769931748509407,
        0.9875841736793518,
        0.3501177728176117
    ],
    [
        0.9810835123062134,
        0.05236230790615082,
        -0.1863688975572586,
        -0.0016832484398037195,
        -0.07086151093244553,
        0.9930450320243835,
        -0.09402281790971756,
        0.15790365636348724,
        0.18014946579933167,
        0.10545062273740768,
        0.977970540523529,
        0.4600367546081543
    ],
    [
        0.9657106399536133,
        0.06251496821641922,
        -0.25198179483413696,
        0.0003755163343157619,
        -0.09491320699453354,
        0.9884032607078552,
        -0.11853515356779099,
        0.20996308326721191,
        0.24164940416812897,
        0.1383870542049408,
        0.960444986820221,
        0.5860270261764526
    ],
    [
        0.9431449174880981,
        0.07467764616012573,
        -0.3238840103149414,
        -0.0160669032484293,
        -0.12261997908353806,
        0.9838740229606628,
        -0.13021640479564667,
        0.24324005842208862,
        0.3089367747306824,
        0.16252760589122772,
        0.9370927810668945,
        0.703877329826355
    ],
    [
        0.9221506118774414,
        0.08291618525981903,
        -0.3778400123119354,
        -0.05270793288946152,
        -0.14337952435016632,
        0.9804481863975525,
        -0.1347726583480835,
        0.2745479941368103,
        0.35927772521972656,
        0.17845521867275238,
        0.9160093069076538,
        0.8470234274864197
    ],
    [
        0.8953014016151428,
        0.09027071297168732,
        -0.43621841073036194,
        -0.09057396650314331,
        -0.16540156304836273,
        0.9766119122505188,
        -0.13737335801124573,
        0.28142985701560974,
        0.41361531615257263,
        0.1951417773962021,
        0.8892929553985596,
        0.9717729091644287
    ],
    [
        0.8547899127006531,
        0.09872829914093018,
        -0.5094967484474182,
        -0.12291879951953888,
        -0.19125671684741974,
        0.9725674986839294,
        -0.13241374492645264,
        0.297820508480072,
        0.48244693875312805,
        0.2106306105852127,
        0.8502232432365417,
        1.1248176097869873
    ],
    [
        0.7999151945114136,
        0.10770632326602936,
        -0.5903685688972473,
        -0.1700379103422165,
        -0.22037461400032043,
        0.9677507281303406,
        -0.12203922122716904,
        0.27330201864242554,
        0.5581852197647095,
        0.22772327065467834,
        0.7978541851043701,
        1.2477272748947144
    ],
    [
        0.758803129196167,
        0.11270587891340256,
        -0.6414943933486938,
        -0.2397361546754837,
        -0.23983320593833923,
        0.9640604257583618,
        -0.11431264132261276,
        0.2404584139585495,
        0.6055557727813721,
        0.24059249460697174,
        0.7585627436637878,
        1.3721599578857422
    ],
    [
        0.7142060995101929,
        0.11677926778793335,
        -0.6901247501373291,
        -0.31717753410339355,
        -0.25755852460861206,
        0.9606507420539856,
        -0.10398958623409271,
        0.18972072005271912,
        0.6508250832557678,
        0.2520174980163574,
        0.7161802053451538,
        1.4886611700057983
    ],
    [
        0.6678830981254578,
        0.12140709906816483,
        -0.7342972755432129,
        -0.39008039236068726,
        -0.2738538980484009,
        0.9574776291847229,
        -0.09077776223421097,
        0.15661631524562836,
        0.6920521855354309,
        0.26171913743019104,
        0.6727308630943298,
        1.6117373704910278
    ],
    [
        0.6125463843345642,
        0.1264207363128662,
        -0.7802593111991882,
        -0.4677852690219879,
        -0.2899661660194397,
        0.9542465806007385,
        -0.0730285570025444,
        0.10054297000169754,
        0.7353275418281555,
        0.2709822654724121,
        0.6211779117584229,
        1.7466039657592773
    ],
    [
        0.5555768013000488,
        0.1288248896598816,
        -0.821424663066864,
        -0.565261960029602,
        -0.3043771982192993,
        0.9508599638938904,
        -0.05674346163868904,
        0.05181625857949257,
        0.7737499475479126,
        0.2815483510494232,
        0.5674871206283569,
        1.8582346439361572
    ],
    [
        0.5103653073310852,
        0.13092808425426483,
        -0.8499324321746826,
        -0.6707282662391663,
        -0.31528589129447937,
        0.9480090141296387,
        -0.04328577592968941,
        0.008217171765863895,
        0.8000763654708862,
        0.2900632321834564,
        0.52511066198349,
        1.9500787258148193
    ],
    [
        0.45967814326286316,
        0.12927064299583435,
        -0.8786269426345825,
        -0.778594434261322,
        -0.32518258690834045,
        0.9451406598091125,
        -0.0310716200619936,
        -0.03144492208957672,
        0.8264092803001404,
        0.2999970614910126,
        0.4764969050884247,
        2.0286221504211426
    ],
    [
        0.4206545054912567,
        0.13057829439640045,
        -0.8977745771408081,
        -0.8907843828201294,
        -0.3325488567352295,
        0.9429011344909668,
        -0.018674839287996292,
        -0.05097246915102005,
        0.8440741300582886,
        0.3064095377922058,
        0.4400593042373657,
        2.10164475440979
    ],
    [
        0.3805839717388153,
        0.13086891174316406,
        -0.9154394268989563,
        -1.008485198020935,
        -0.3384068012237549,
        0.9409797191619873,
        -0.0061688292771577835,
        -0.08535019308328629,
        0.8606024980545044,
        0.31213870644569397,
        0.4024086892604828,
        2.1854937076568604
    ],
    [
        0.33334431052207947,
        0.13064682483673096,
        -0.9337092638015747,
        -1.1065045595169067,
        -0.34444212913513184,
        0.9387701749801636,
        0.008385366760194302,
        -0.12419513612985611,
        0.8776338696479797,
        0.31881362199783325,
        0.3579338490962982,
        2.2658894062042236
    ],
    [
        0.2889833450317383,
        0.1318628042936325,
        -0.948209285736084,
        -1.2050352096557617,
        -0.34987640380859375,
        0.9364984631538391,
        0.023603297770023346,
        -0.1607118397951126,
        0.8911089301109314,
        0.32493507862091064,
        0.316768079996109,
        2.327354669570923
    ],
    [
        0.255368173122406,
        0.13241370022296906,
        -0.957733690738678,
        -1.2895307540893555,
        -0.35360950231552124,
        0.9347400069236755,
        0.03494896739721298,
        -0.20416700839996338,
        0.899859607219696,
        0.32973888516426086,
        0.2855256199836731,
        2.3565754890441895
    ],
    [
        0.23107999563217163,
        0.13255149126052856,
        -0.9638631939888,
        -1.3450839519500732,
        -0.35619762539863586,
        0.9334221482276917,
        0.042969122529029846,
        -0.25559303164482117,
        0.905386745929718,
        0.33339643478393555,
        0.26290959119796753,
        2.3718416690826416
    ],
    [
        0.20575080811977386,
        0.133121058344841,
        -0.9695077538490295,
        -1.4015285968780518,
        -0.35910362005233765,
        0.9318622350692749,
        0.051742397248744965,
        -0.31140249967575073,
        0.9103357195854187,
        0.3375077247619629,
        0.2395356446504593,
        2.3789548873901367
    ],
    [
        0.1776907742023468,
        0.1350216418504715,
        -0.9747795462608337,
        -1.4669240713119507,
        -0.36178627610206604,
        0.9301375150680542,
        0.0628887191414833,
        -0.36470910906791687,
        0.9151702523231506,
        0.3414871096611023,
        0.21412576735019684,
        2.3792724609375
    ],
    [
        0.14366184175014496,
        0.134735107421875,
        -0.9804120659828186,
        -1.5152510404586792,
        -0.36395108699798584,
        0.9284526705741882,
        0.07426398247480392,
        -0.41375136375427246,
        0.920272171497345,
        0.3461531102657318,
        0.18242020905017853,
        2.367804765701294
    ],
    [
        0.11301962286233902,
        0.1323639154434204,
        -0.9847366809844971,
        -1.5446628332138062,
        -0.3660983145236969,
        0.9269054532051086,
        0.08257284015417099,
        -0.4477772116661072,
        0.9236874580383301,
        0.35117805004119873,
        0.1532166600227356,
        2.3579845428466797
    ]
]