[
    [
        0.9998262524604797,
        0.014257395640015602,
        -0.012011279352009296,
        -0.6404579281806946,
        -0.014232352375984192,
        0.9998963475227356,
        0.0021680286154150963,
        -0.08958779275417328,
        0.012040943838655949,
        -0.001996703678742051,
        0.9999256134033203,
        0.061569564044475555
    ],
    [
        0.9998524785041809,
        0.014263033866882324,
        -0.009571642614901066,
        -0.6407625675201416,
        -0.014245050959289074,
        0.9998965859413147,
        0.0019444443751126528,
        -0.08948216587305069,
        0.009598389267921448,
        -0.0018078085267916322,
        0.9999523162841797,
        0.06338930875062943
    ],
    [
        0.9998741149902344,
        0.014188718982040882,
        -0.007106534205377102,
        -0.6407876014709473,
        -0.014176486060023308,
        0.999897837638855,
        0.0017688992666080594,
        -0.08948451280593872,
        0.007130907848477364,
        -0.0016679305117577314,
        0.9999731779098511,
        0.06494041532278061
    ],
    [
        0.999889612197876,
        0.014125422574579716,
        -0.004612758290022612,
        -0.6410066485404968,
        -0.014118144288659096,
        0.9998990297317505,
        0.0016069801058620214,
        -0.08946717530488968,
        0.004634992219507694,
        -0.0015416790265589952,
        0.9999880790710449,
        0.06682679802179337
    ],
    [
        0.9998975396156311,
        0.01416793279349804,
        -0.0020079698879271746,
        -0.6414947509765625,
        -0.014164951629936695,
        0.9998984932899475,
        0.0014912394108250737,
        -0.08939717710018158,
        0.0020288939122110605,
        -0.0014626444317400455,
        0.9999969005584717,
        0.06912709772586823
    ],
    [
        0.999901294708252,
        0.01404113695025444,
        0.000527627591509372,
        -0.6416135430335999,
        -0.014041848480701447,
        0.9999004602432251,
        0.0013669889885932207,
        -0.0893181711435318,
        -0.0005083814030513167,
        -0.0013742638984695077,
        0.999998927116394,
        0.07091383635997772
    ],
    [
        0.9998899102210999,
        0.013708938844501972,
        0.005676223896443844,
        -0.6419615149497986,
        -0.013715769164264202,
        0.9999053478240967,
        0.0011662266915664077,
        -0.08915060013532639,
        -0.005659698974341154,
        -0.0012439513811841607,
        0.9999831914901733,
        0.07556530088186264
    ],
    [
        0.9998721480369568,
        0.013700771145522594,
        0.008249713107943535,
        -0.642102062702179,
        -0.013709085993468761,
        0.999905526638031,
        0.0009522626060061157,
        -0.08881144225597382,
        -0.008235888555645943,
        -0.00106523628346622,
        0.9999654293060303,
        0.07798086851835251
    ],
    [
        0.9998495578765869,
        0.013535233214497566,
        0.010851683095097542,
        -0.6420202851295471,
        -0.013543815352022648,
        0.9999079704284668,
        0.000717763788998127,
        -0.08847860991954803,
        -0.01084096822887659,
        -0.0008646291680634022,
        0.9999408721923828,
        0.08028897643089294
    ],
    [
        0.9998177289962769,
        0.013500872999429703,
        0.013497178442776203,
        -0.6420719027519226,
        -0.013508486561477184,
        0.9999086260795593,
        0.0004730496439151466,
        -0.08817467093467712,
        -0.013489559292793274,
        -0.0006552901468239725,
        0.9999086856842041,
        0.08261832594871521
    ],
    [
        0.9997753500938416,
        0.013590709306299686,
        0.016264783218503,
        -0.6424390077590942,
        -0.01359834335744381,
        0.9999074339866638,
        0.00035891044535674155,
        -0.08841241896152496,
        -0.016258399933576584,
        -0.0005800033686682582,
        0.9998675584793091,
        0.08494101464748383
    ],
    [
        0.9997300505638123,
        0.013515868224203587,
        0.01890038512647152,
        -0.6424318552017212,
        -0.013520879670977592,
        0.9999086260795593,
        0.0001373803534079343,
        -0.08847738057374954,
        -0.01889679953455925,
        -0.0003928927471861243,
        0.9998214840888977,
        0.08686142414808273
    ],
    [
        0.9996082782745361,
        0.01356406882405281,
        0.024480197578668594,
        -0.6434235572814941,
        -0.013556270860135555,
        0.9999080300331116,
        -0.00048443698324263096,
        -0.08824329823255539,
        -0.02448451519012451,
        0.00015238703053910285,
        0.9997001886367798,
        0.09158577769994736
    ],
    [
        0.9995399117469788,
        0.013621727004647255,
        0.027099108323454857,
        -0.6433976888656616,
        -0.013604803010821342,
        0.9999071359634399,
        -0.0008087801397778094,
        -0.08815129846334457,
        -0.027107607573270798,
        0.00043972989078611135,
        0.9996323585510254,
        0.09367425739765167
    ],
    [
        0.9994544982910156,
        0.013752494938671589,
        0.030025562271475792,
        -0.6444259881973267,
        -0.013729396276175976,
        0.9999052882194519,
        -0.0009753668564371765,
        -0.0886729285120964,
        -0.03003613092005253,
        0.0005626020138151944,
        0.999548614025116,
        0.09648960828781128
    ],
    [
        0.9993696212768555,
        0.013802258297801018,
        0.03271027281880379,
        -0.6443045139312744,
        -0.013766132295131683,
        0.9999043941497803,
        -0.0013293811352923512,
        -0.08843392878770828,
        -0.0327254980802536,
        0.0008782490040175617,
        0.9994639754295349,
        0.09922019392251968
    ],
    [
        0.9992733597755432,
        0.01390004064887762,
        0.03549018129706383,
        -0.6449317932128906,
        -0.013848351314663887,
        0.9999026656150818,
        -0.0017018772196024656,
        -0.08856306970119476,
        -0.035510383546352386,
        0.0012091599637642503,
        0.9993686079978943,
        0.10156936943531036
    ],
    [
        0.9991694092750549,
        0.013994249515235424,
        0.03827055171132088,
        -0.6451287269592285,
        -0.013925708830356598,
        0.9999008774757385,
        -0.002056943252682686,
        -0.08835521340370178,
        -0.038295552134513855,
        0.0015222900547087193,
        0.9992653727531433,
        0.10409841686487198
    ],
    [
        0.9989410638809204,
        0.01419542171061039,
        0.043762922286987305,
        -0.6456491351127625,
        -0.014089570380747318,
        0.9998970031738281,
        -0.002726268721744418,
        -0.08850052952766418,
        -0.04379711300134659,
        0.0021067815832793713,
        0.9990383386611938,
        0.10858767479658127
    ],
    [
        0.9988119006156921,
        0.01430235430598259,
        0.04658519849181175,
        -0.645795464515686,
        -0.0141811054199934,
        0.9998950958251953,
        -0.0029321974143385887,
        -0.08883623778820038,
        -0.04662225395441055,
        0.0022680836264044046,
        0.9989100694656372,
        0.11122271418571472
    ],
    [
        0.9986779093742371,
        0.014286467805504799,
        0.04937909170985222,
        -0.6457793712615967,
        -0.014141760766506195,
        0.9998946189880371,
        -0.003278659889474511,
        -0.08868547528982162,
        -0.04942072927951813,
        0.002576017752289772,
        0.9987747073173523,
        0.11384004354476929
    ],
    [
        0.9985352754592896,
        0.014254922047257423,
        0.05219297483563423,
        -0.6459380984306335,
        -0.014085844159126282,
        0.9998942613601685,
        -0.003605916863307357,
        -0.08834950625896454,
        -0.05223885551095009,
        0.002865453250706196,
        0.9986305236816406,
        0.11670534312725067
    ],
    [
        0.9983801245689392,
        0.01439268421381712,
        0.05504445359110832,
        -0.646289587020874,
        -0.014192819595336914,
        0.9998911619186401,
        -0.004020160064101219,
        -0.08818154036998749,
        -0.05509632080793381,
        0.003232412040233612,
        0.9984758496284485,
        0.11908480525016785
    ],
    [
        0.9982076287269592,
        0.014484135434031487,
        0.058068230748176575,
        -0.6471219658851624,
        -0.014262126758694649,
        0.9998893737792969,
        -0.0042358702048659325,
        -0.08829046785831451,
        -0.0581231564283371,
        0.0034001017920672894,
        0.9983036518096924,
        0.12207411229610443
    ],
    [
        0.9978562593460083,
        0.014556456357240677,
        0.06380454450845718,
        -0.6475605368614197,
        -0.014267570339143276,
        0.9998857975006104,
        -0.004980980884283781,
        -0.08781814575195312,
        -0.06386975198984146,
        0.004059967119246721,
        0.99795001745224,
        0.127049520611763
    ]
]