[
    [
        0.9890705943107605,
        -0.005685758776962757,
        0.1473327875137329,
        0.03025662712752819,
        0.0046998257748782635,
        0.99996417760849,
        0.0070391446352005005,
        -0.04330265894532204,
        -0.14736755192279816,
        -0.006269772071391344,
        0.9890618920326233,
        0.6525921821594238
    ],
    [
        0.9868525862693787,
        -0.005173292476683855,
        0.161540225148201,
        0.039880938827991486,
        0.0039173453114926815,
        0.9999595880508423,
        0.008092357777059078,
        -0.05086814612150192,
        -0.1615755409002304,
        -0.0073531558737158775,
        0.986832857131958,
        0.7117354273796082
    ],
    [
        0.9840630292892456,
        -0.004905431531369686,
        0.1777525395154953,
        0.05529838800430298,
        0.0038788707461208105,
        0.9999738335609436,
        0.00612227339297533,
        -0.06184893101453781,
        -0.17777790129184723,
        -0.005335224326699972,
        0.9840562343597412,
        0.7782823443412781
    ],
    [
        0.9817439317703247,
        -0.005405206233263016,
        0.19013065099716187,
        0.07034049183130264,
        0.004751057364046574,
        0.9999811053276062,
        0.003896173555403948,
        -0.06760463863611221,
        -0.19014813005924225,
        -0.0029217232950031757,
        0.981751024723053,
        0.8301360607147217
    ],
    [
        0.9790405035018921,
        -0.007131197955459356,
        0.20354044437408447,
        0.09361516684293747,
        0.006777225527912378,
        0.9999740123748779,
        0.002436049748212099,
        -0.07407484948635101,
        -0.20355255901813507,
        -0.0010055521270260215,
        0.9790635704994202,
        0.8968355655670166
    ],
    [
        0.9772189855575562,
        -0.009168583899736404,
        0.21203508973121643,
        0.11594373732805252,
        0.008783952333033085,
        0.9999576210975647,
        0.002755915280431509,
        -0.0781988874077797,
        -0.21205134689807892,
        -0.0008306276286020875,
        0.9772581458091736,
        0.9520110487937927
    ],
    [
        0.9749640822410583,
        -0.01238525751978159,
        0.2220170497894287,
        0.14958113431930542,
        0.012081208638846874,
        0.9999232888221741,
        0.002727542771026492,
        -0.08520497381687164,
        -0.2220337986946106,
        2.2981001166044734e-05,
        0.975039005279541,
        1.0207467079162598
    ],
    [
        0.9728052616119385,
        -0.015504216775298119,
        0.2311049997806549,
        0.18563279509544373,
        0.015609373338520527,
        0.9998772144317627,
        0.0013735328102484345,
        -0.09504035115242004,
        -0.23109789192676544,
        0.002271222183480859,
        0.972927987575531,
        1.0826321840286255
    ],
    [
        0.9711284041404724,
        -0.016900360584259033,
        0.23795780539512634,
        0.21385344862937927,
        0.017149928957223892,
        0.9998523592948914,
        0.0010215332731604576,
        -0.09991177916526794,
        -0.2379399538040161,
        0.0030889222398400307,
        0.9712748527526855,
        1.131253719329834
    ],
    [
        0.9692333340644836,
        -0.01879310794174671,
        0.2454252392053604,
        0.24784260988235474,
        0.018871093168854713,
        0.9998199343681335,
        0.002034144476056099,
        -0.10468564927577972,
        -0.24541926383972168,
        0.0026598824188113213,
        0.9694133400917053,
        1.1926829814910889
    ],
    [
        0.9677044153213501,
        -0.019996918737888336,
        0.251292884349823,
        0.27453258633613586,
        0.01996660977602005,
        0.9997971057891846,
        0.0026705139316618443,
        -0.10826192051172256,
        -0.251295268535614,
        0.002433198504149914,
        0.9679073691368103,
        1.2440359592437744
    ],
    [
        0.9657965302467346,
        -0.020980089902877808,
        0.25845101475715637,
        0.3089961111545563,
        0.020901869982481003,
        0.9997768998146057,
        0.0030507028568536043,
        -0.11293917149305344,
        -0.25845736265182495,
        0.0024557518772780895,
        0.9660195112228394,
        1.3111456632614136
    ],
    [
        0.9638749361038208,
        -0.021622056141495705,
        0.2654763162136078,
        0.345222532749176,
        0.021549584344029427,
        0.9997626543045044,
        0.003186051035299897,
        -0.12161657214164734,
        -0.26548218727111816,
        0.00264995195902884,
        0.9641120433807373,
        1.3777896165847778
    ],
    [
        0.9625805616378784,
        -0.022446881979703903,
        0.2700643539428711,
        0.3757452070713043,
        0.022757956758141518,
        0.9997389912605286,
        0.0019797461573034525,
        -0.12619280815124512,
        -0.27003833651542664,
        0.004240446258336306,
        0.9628402590751648,
        1.4267960786819458
    ],
    [
        0.9610754251480103,
        -0.023896444588899612,
        0.2752504348754883,
        0.41585615277290344,
        0.02462414838373661,
        0.9996964335441589,
        0.0008120802813209593,
        -0.13148999214172363,
        -0.27518630027770996,
        0.005997335072606802,
        0.9613721966743469,
        1.490214228630066
    ],
    [
        0.9597533941268921,
        -0.024884359911084175,
        0.2797395884990692,
        0.4492124617099762,
        0.025959398597478867,
        0.9996629953384399,
        -0.0001381481997668743,
        -0.1395070105791092,
        -0.2796418368816376,
        0.007394459098577499,
        0.9600759744644165,
        1.5450236797332764
    ],
    [
        0.958535373210907,
        -0.026416471228003502,
        0.28374677896499634,
        0.49643823504447937,
        0.02770974114537239,
        0.9996157884597778,
        -0.0005442961119115353,
        -0.15153899788856506,
        -0.2836233675479889,
        0.008384277112782001,
        0.9588990211486816,
        1.615833044052124
    ],
    [
        0.9580802321434021,
        -0.028141558170318604,
        0.2851144075393677,
        0.5387129187583923,
        0.029692281037569046,
        0.9995585083961487,
        -0.0011169500648975372,
        -0.15995366871356964,
        -0.28495708107948303,
        0.009535826742649078,
        0.9584928750991821,
        1.671363353729248
    ],
    [
        0.9577266573905945,
        -0.029388271272182465,
        0.2861747145652771,
        0.5904126763343811,
        0.031697943806648254,
        0.9994916319847107,
        -0.0034406818449497223,
        -0.17151662707328796,
        -0.2859281003475189,
        0.012366385199129581,
        0.9581711888313293,
        1.735741376876831
    ],
    [
        0.9573145508766174,
        -0.029663605615496635,
        0.28752201795578003,
        0.6362147331237793,
        0.032723069190979004,
        0.9994474649429321,
        -0.005839747376739979,
        -0.18225957453250885,
        -0.28718987107276917,
        0.014999077655375004,
        0.9577562808990479,
        1.7956304550170898
    ],
    [
        0.9569642543792725,
        -0.028790486976504326,
        0.28877395391464233,
        0.6709094643592834,
        0.03205535560846329,
        0.9994644522666931,
        -0.006582177709788084,
        -0.18785765767097473,
        -0.28842979669570923,
        0.015555664896965027,
        0.957374632358551,
        1.8452041149139404
    ],
    [
        0.9562599658966064,
        -0.025940297171473503,
        0.2913658320903778,
        0.7073391675949097,
        0.029603593051433563,
        0.9995282888412476,
        -0.008170715533196926,
        -0.18819880485534668,
        -0.29101651906967163,
        0.016438808292150497,
        0.9565767645835876,
        1.9121280908584595
    ],
    [
        0.9556861519813538,
        -0.02365802973508835,
        0.293435275554657,
        0.7341473698616028,
        0.027557704597711563,
        0.9995781779289246,
        -0.00916204322129488,
        -0.18944111466407776,
        -0.2930947542190552,
        0.016842437908053398,
        0.9559350609779358,
        1.9665480852127075
    ],
    [
        0.9551838636398315,
        -0.020152045413851738,
        0.2953264117240906,
        0.7663518786430359,
        0.02438432350754738,
        0.9996458292007446,
        -0.010654665529727936,
        -0.18860550224781036,
        -0.2950071096420288,
        0.01737849973142147,
        0.9553369879722595,
        2.0363311767578125
    ],
    [
        0.9547249674797058,
        -0.01607486791908741,
        0.2970552146434784,
        0.7971251606941223,
        0.02075469307601452,
        0.9997050762176514,
        -0.012606747448444366,
        -0.1838754266500473,
        -0.29676496982574463,
        0.01820126548409462,
        0.9547770023345947,
        2.1045453548431396
    ]
]