[
    [
        0.897823691368103,
        0.03594566881656647,
        -0.4388855993747711,
        -0.24686579406261444,
        -0.04188266396522522,
        0.9991151690483093,
        -0.003849266329780221,
        0.07018639147281647,
        0.438358873128891,
        0.021837662905454636,
        0.8985346555709839,
        0.0014979273546487093
    ],
    [
        0.8942272663116455,
        0.03596296161413193,
        -0.44616612792015076,
        -0.2520384192466736,
        -0.04171265661716461,
        0.9991249442100525,
        -0.003068605437874794,
        0.07078731060028076,
        0.4456653296947479,
        0.021354805678129196,
        0.894944965839386,
        0.0012117793085053563
    ],
    [
        0.8905344605445862,
        0.03583187982439995,
        -0.45350247621536255,
        -0.25636109709739685,
        -0.04122310131788254,
        0.9991480112075806,
        -0.0020049242302775383,
        0.07061430811882019,
        0.45304423570632935,
        0.020480232313275337,
        0.8912527561187744,
        0.0003654062747955322
    ],
    [
        0.8869854211807251,
        0.03573581948876381,
        -0.46041274070739746,
        -0.26186704635620117,
        -0.04085716977715492,
        0.999164342880249,
        -0.0011592954397201538,
        0.07080834358930588,
        0.45998650789260864,
        0.019839439541101456,
        0.8877042531967163,
        -0.0011375915491953492
    ],
    [
        0.8830884099006653,
        0.035826727747917175,
        -0.46783682703971863,
        -0.26684120297431946,
        -0.04068509861826897,
        0.9991719722747803,
        -0.00028102309443056583,
        0.0708482638001442,
        0.46743935346603394,
        0.019282154738903046,
        0.8838148713111877,
        -0.0010965197579935193
    ],
    [
        0.8791761994361877,
        0.03586556017398834,
        -0.4751451015472412,
        -0.2722943425178528,
        -0.040414053946733475,
        0.9991828203201294,
        0.0006422805599868298,
        0.07046452909708023,
        0.47477987408638,
        0.01863786205649376,
        0.8799072504043579,
        -0.0016541134100407362
    ],
    [
        0.8752350211143494,
        0.036114905029535294,
        -0.482347697019577,
        -0.27790072560310364,
        -0.04040227085351944,
        0.9991823434829712,
        0.001500772894360125,
        0.07006368786096573,
        0.48200756311416626,
        0.018174415454268456,
        0.8759785294532776,
        -0.0026451717130839825
    ],
    [
        0.8714273571968079,
        0.03613972291350365,
        -0.4891913831233978,
        -0.28384044766426086,
        -0.040112290531396866,
        0.9991923570632935,
        0.0023622431326657534,
        0.06911743432283401,
        0.4888816475868225,
        0.017564062029123306,
        0.8721733093261719,
        -0.004607540555298328
    ],
    [
        0.8673433661460876,
        0.036398835480213165,
        -0.49637743830680847,
        -0.2899291515350342,
        -0.04005250334739685,
        0.9991922378540039,
        0.0032841088250279427,
        0.06807494908571243,
        0.49609601497650146,
        0.01703270711004734,
        0.8681005239486694,
        -0.0052072228863835335
    ],
    [
        0.863231360912323,
        0.03652843087911606,
        -0.5034852027893066,
        -0.29634782671928406,
        -0.04006079211831093,
        0.9991900324821472,
        0.0038076909258961678,
        0.06779440492391586,
        0.5032164454460144,
        0.016883093863725662,
        0.863995373249054,
        -0.006196384783834219
    ],
    [
        0.8590567111968994,
        0.0368325337767601,
        -0.5105534791946411,
        -0.30235129594802856,
        -0.040058936923742294,
        0.9991864562034607,
        0.004680536221712828,
        0.06668306887149811,
        0.5103104114532471,
        0.016431381925940514,
        0.8598332405090332,
        -0.0074695623479783535
    ],
    [
        0.8547359704971313,
        0.03696818649768829,
        -0.5177448391914368,
        -0.30790776014328003,
        -0.040117863565683365,
        0.9991819262504578,
        0.005114023108035326,
        0.06658317893743515,
        0.5175102949142456,
        0.016399677842855453,
        0.855519711971283,
        -0.008484957739710808
    ],
    [
        0.8480599522590637,
        0.03708615526556969,
        -0.5286009311676025,
        -0.3162880539894104,
        -0.04000779241323471,
        0.9991819262504578,
        0.005915259011089802,
        0.06537901610136032,
        0.5283878445625305,
        0.01613166369497776,
        0.848849892616272,
        -0.01103288121521473
    ],
    [
        0.8436406850814819,
        0.03721750155091286,
        -0.5356166362762451,
        -0.32143744826316833,
        -0.039966292679309845,
        0.999180018901825,
        0.00647812569513917,
        0.06439712643623352,
        0.5354186296463013,
        0.015941401943564415,
        0.8444363474845886,
        -0.01246681809425354
    ],
    [
        0.8393353819847107,
        0.03681747987866402,
        -0.5423657894134521,
        -0.3260515630245209,
        -0.039588529616594315,
        0.9991945624351501,
        0.006563408765941858,
        0.06422292441129684,
        0.542170524597168,
        0.015962563455104828,
        0.8401167988777161,
        -0.015250501222908497
    ],
    [
        0.8348255157470703,
        0.03662555664777756,
        -0.5492948889732361,
        -0.33056899905204773,
        -0.03949286416172981,
        0.9991980791091919,
        0.006602160632610321,
        0.0643828883767128,
        0.5490961670875549,
        0.016181576997041702,
        0.8356025218963623,
        -0.017116816714406013
    ],
    [
        0.8300445675849915,
        0.0363597571849823,
        -0.5565104484558105,
        -0.33368608355522156,
        -0.03924248740077019,
        0.9992069005966187,
        0.006752616260200739,
        0.0640704333782196,
        0.5563145875930786,
        0.016233881935477257,
        0.8308131098747253,
        -0.018807580694556236
    ],
    [
        0.8253405094146729,
        0.03615046665072441,
        -0.5634769201278687,
        -0.3370724320411682,
        -0.03906591981649399,
        0.999212920665741,
        0.00688463170081377,
        0.06374651193618774,
        0.5632822513580322,
        0.016330577433109283,
        0.826103150844574,
        -0.020804816856980324
    ],
    [
        0.8206894993782043,
        0.03572958707809448,
        -0.5702562928199768,
        -0.340763121843338,
        -0.03876091539859772,
        0.9992252588272095,
        0.006823653355240822,
        0.06355980038642883,
        0.570058286190033,
        0.016503557562828064,
        0.8214384913444519,
        -0.02256062813103199
    ],
    [
        0.8159669637680054,
        0.035426486283540726,
        -0.5770120024681091,
        -0.3440532088279724,
        -0.03852301090955734,
        0.999234139919281,
        0.006873072125017643,
        0.0631791353225708,
        0.5768135786056519,
        0.01662003993988037,
        0.8167067170143127,
        -0.024378933012485504
    ],
    [
        0.8112536668777466,
        0.03514539822936058,
        -0.583636999130249,
        -0.34714314341545105,
        -0.03836845979094505,
        0.9992403388023376,
        0.006840110290795565,
        0.0626615658402443,
        0.5834340453147888,
        0.016844186931848526,
        0.8119858503341675,
        -0.026569265872240067
    ],
    [
        0.8064468502998352,
        0.03474136069417,
        -0.5902851819992065,
        -0.3497260510921478,
        -0.03805587813258171,
        0.9992523193359375,
        0.006819318514317274,
        0.0620475672185421,
        0.590080738067627,
        0.01696440391242504,
        0.8071659803390503,
        -0.028400572016835213
    ],
    [
        0.8016576766967773,
        0.03440791368484497,
        -0.5967923998832703,
        -0.3531520366668701,
        -0.03791958838701248,
        0.9992584586143494,
        0.006675479002296925,
        0.06178596243262291,
        0.5965794920921326,
        0.017278673127293587,
        0.8023679256439209,
        -0.030661115422844887
    ],
    [
        0.796799898147583,
        0.034162960946559906,
        -0.6032767295837402,
        -0.3555094003677368,
        -0.037936802953481674,
        0.9992591738700867,
        0.006480620242655277,
        0.061837054789066315,
        0.6030511856079102,
        0.017722634598612785,
        0.7975056171417236,
        -0.03307723626494408
    ],
    [
        0.7895709872245789,
        0.033136334270238876,
        -0.6127639412879944,
        -0.35924312472343445,
        -0.03732319176197052,
        0.9992854595184326,
        0.0059457579627633095,
        0.061740800738334656,
        0.6125231385231018,
        0.018175708130002022,
        0.7902436852455139,
        -0.036886122077703476
    ]
]