[
    [
        0.999996542930603,
        -0.0006011449731886387,
        0.002556224586442113,
        -0.02455192059278488,
        0.000597169972024858,
        0.9999986290931702,
        0.0015555049758404493,
        -0.054540038108825684,
        -0.0025571556761860847,
        -0.001553972251713276,
        0.9999955892562866,
        0.38414138555526733
    ],
    [
        0.9999977946281433,
        -0.0008024755516089499,
        0.001988448668271303,
        -0.027745049446821213,
        0.000799049623310566,
        0.9999982118606567,
        0.0017233738908544183,
        -0.06519429385662079,
        -0.0019898281898349524,
        -0.0017217813292518258,
        0.999996542930603,
        0.42779576778411865
    ],
    [
        0.9999983906745911,
        -0.000920351012609899,
        0.0015539658488705754,
        -0.030379440635442734,
        0.0009176150779239833,
        0.9999980926513672,
        0.0017604170134291053,
        -0.07704684138298035,
        -0.0015555830905213952,
        -0.0017589883645996451,
        0.9999972581863403,
        0.47223594784736633
    ],
    [
        0.9999987483024597,
        -0.0011110949562862515,
        0.0010752789676189423,
        -0.03238694369792938,
        0.0011090810876339674,
        0.9999976754188538,
        0.001870783162303269,
        -0.08946168422698975,
        -0.0010773551184684038,
        -0.0018695874605327845,
        0.9999977350234985,
        0.5176823139190674
    ],
    [
        0.9999991059303284,
        -0.001169178169220686,
        0.0006654156604781747,
        -0.032623086124658585,
        0.0011678390437737107,
        0.9999972581863403,
        0.0020092958584427834,
        -0.10269127041101456,
        -0.0006677625351585448,
        -0.002008517039939761,
        0.9999978542327881,
        0.5626980662345886
    ],
    [
        0.999998927116394,
        -0.0012825233861804008,
        0.0007986762211658061,
        -0.033017463982105255,
        0.0012809726176783442,
        0.9999973177909851,
        0.0019398491131141782,
        -0.11665865778923035,
        -0.0008011626778170466,
        -0.0019388246582821012,
        0.9999977350234985,
        0.608895480632782
    ],
    [
        0.999998152256012,
        -0.001295051770284772,
        0.0013915313174948096,
        -0.03407099470496178,
        0.0012924980837851763,
        0.9999974966049194,
        0.0018346055876463652,
        -0.1315215528011322,
        -0.0013939031632617116,
        -0.0018328040605410933,
        0.9999972581863403,
        0.6577745079994202
    ],
    [
        0.9999963641166687,
        -0.0014341954374685884,
        0.0022961304057389498,
        -0.03487590700387955,
        0.0014292588457465172,
        0.9999967217445374,
        0.002150466665625572,
        -0.14660371840000153,
        -0.0022992074955254793,
        -0.0021471772342920303,
        0.9999949932098389,
        0.706851601600647
    ],
    [
        0.9999960660934448,
        -0.0014361662324517965,
        0.002432834589853883,
        -0.03589003533124924,
        0.0014312251005321741,
        0.9999969601631165,
        0.0020315006840974092,
        -0.16658735275268555,
        -0.0024357435759156942,
        -0.0020280105527490377,
        0.9999948740005493,
        0.7715907692909241
    ],
    [
        0.9999964833259583,
        -0.0014692636905238032,
        0.002250910038128495,
        -0.03617845103144646,
        0.00146478449460119,
        0.9999970197677612,
        0.001990034244954586,
        -0.18113724887371063,
        -0.002253828104585409,
        -0.0019867296796292067,
        0.9999954700469971,
        0.8188493847846985
    ],
    [
        0.9999968409538269,
        -0.0014715821016579866,
        0.00208653905428946,
        -0.03718193992972374,
        0.0014676119899377227,
        0.999997079372406,
        0.0019029795657843351,
        -0.19428163766860962,
        -0.0020893337205052376,
        -0.0018999107414856553,
        0.9999960660934448,
        0.8667019605636597
    ],
    [
        0.9999974966049194,
        -0.0014923608396202326,
        0.0016719999257475138,
        -0.03753669187426567,
        0.0014890840975567698,
        0.9999970197677612,
        0.0019593758042901754,
        -0.20675161480903625,
        -0.0016749190399423242,
        -0.0019568814896047115,
        0.9999966621398926,
        0.9130679368972778
    ],
    [
        0.9999978542327881,
        -0.0014746468514204025,
        0.001444706809706986,
        -0.03842312470078468,
        0.0014716722071170807,
        0.9999968409538269,
        0.002058041747659445,
        -0.2185574322938919,
        -0.00144773640204221,
        -0.0020559115801006556,
        0.9999969005584717,
        0.9611690640449524
    ],
    [
        0.9999979138374329,
        -0.0014256085269153118,
        0.001491932780481875,
        -0.03940017148852348,
        0.0014224405167624354,
        0.9999968409538269,
        0.0021219404879957438,
        -0.23017975687980652,
        -0.0014949541073292494,
        -0.0021198203321546316,
        0.9999966621398926,
        1.008825659751892
    ],
    [
        0.9999973773956299,
        -0.0014532923232764006,
        0.0017690608510747552,
        -0.040951624512672424,
        0.0014499420067295432,
        0.9999972581863403,
        0.0018935371190309525,
        -0.2412906438112259,
        -0.00177180755417794,
        -0.0018909680657088757,
        0.999996542930603,
        1.055825114250183
    ],
    [
        0.9999954700469971,
        -0.0013408578233793378,
        0.002698254771530628,
        -0.04451474919915199,
        0.0013369262451305985,
        0.9999980926513672,
        0.0014584391610696912,
        -0.25567546486854553,
        -0.0027002040296792984,
        -0.0014548201579600573,
        0.999995231628418,
        1.1215147972106934
    ],
    [
        0.9999979734420776,
        -0.001222767517901957,
        0.0015985622303560376,
        -0.05186408758163452,
        0.001220246311277151,
        0.9999979734420776,
        0.0015774789499118924,
        -0.2777661383152008,
        -0.0016004877397790551,
        -0.0015755250351503491,
        0.9999974966049194,
        1.201741337776184
    ],
    [
        0.9999989867210388,
        -0.0012586129596456885,
        -0.0007113444735296071,
        -0.058202046900987625,
        0.0012597262393683195,
        0.9999980330467224,
        0.0015666538383811712,
        -0.3023492991924286,
        0.0007093707681633532,
        -0.0015675495378673077,
        0.9999985694885254,
        1.2661131620407104
    ],
    [
        0.9999977350234985,
        -0.0011574511881917715,
        -0.0018122588517144322,
        -0.06261303275823593,
        0.001160475891083479,
        0.9999979138374329,
        0.0016683712601661682,
        -0.3241409957408905,
        0.001810324378311634,
        -0.0016704691806808114,
        0.9999970197677612,
        1.3131762742996216
    ],
    [
        0.9999974966049194,
        -0.0010976288467645645,
        -0.0019503477960824966,
        -0.06736142188310623,
        0.0011009143199771643,
        0.9999979734420776,
        0.0016846900107339025,
        -0.3457682132720947,
        0.0019484949298202991,
        -0.0016868308885022998,
        0.9999966621398926,
        1.3627479076385498
    ],
    [
        0.9999974370002747,
        -0.0012186779640614986,
        -0.001920704497024417,
        -0.07267964631319046,
        0.001221457147039473,
        0.9999982714653015,
        0.0014464561827480793,
        -0.3656211197376251,
        0.001918936613947153,
        -0.0014488043962046504,
        0.999997079372406,
        1.4119287729263306
    ],
    [
        0.9999944567680359,
        -0.0012408302864059806,
        -0.0030795836355537176,
        -0.07751049101352692,
        0.0012454696698114276,
        0.9999980926513672,
        0.0015051451046019793,
        -0.38320261240005493,
        0.0030777116771787405,
        -0.0015089683001860976,
        0.999994158744812,
        1.4595671892166138
    ],
    [
        0.9999820590019226,
        -0.0011373768793419003,
        -0.005874681752175093,
        -0.08149734884500504,
        0.0011475560022518039,
        0.9999978542327881,
        0.0017296262085437775,
        -0.40185052156448364,
        0.005872702691704035,
        -0.0017363345250487328,
        0.9999812841415405,
        1.5234057903289795
    ],
    [
        0.9999682903289795,
        -0.0011464620474725962,
        -0.00788683257997036,
        -0.08250914514064789,
        0.0011614422546699643,
        0.9999975562095642,
        0.0018950703088194132,
        -0.41393065452575684,
        0.007884643040597439,
        -0.0019041659543290734,
        0.999967098236084,
        1.5718698501586914
    ],
    [
        0.999946653842926,
        -0.0015030745416879654,
        -0.01022028736770153,
        -0.08261445164680481,
        0.0015224467497318983,
        0.9999971389770508,
        0.0018878865521401167,
        -0.4319007098674774,
        0.010217418894171715,
        -0.001903350232169032,
        0.9999460577964783,
        1.655027985572815
    ]
]