[
    [
        0.9999741911888123,
        0.0028746831230819225,
        0.0065862322226166725,
        -0.030636951327323914,
        -0.0028528403490781784,
        0.9999904632568359,
        -0.003323260461911559,
        -0.09214691072702408,
        -0.0065957228653132915,
        0.00330438488163054,
        0.9999728202819824,
        0.6374074220657349
    ],
    [
        0.999975323677063,
        0.0026360698975622654,
        0.006512065883725882,
        -0.028113795444369316,
        -0.0026164408773183823,
        0.9999920129776001,
        -0.003020924050360918,
        -0.09943965822458267,
        -0.006519977003335953,
        0.0030038112308830023,
        0.999974250793457,
        0.6741295456886292
    ],
    [
        0.9999748468399048,
        0.0021672500297427177,
        0.006763458717614412,
        -0.027245227247476578,
        -0.002147466177120805,
        0.9999935030937195,
        -0.002930994378402829,
        -0.10695382207632065,
        -0.00676976703107357,
        0.0029163958970457315,
        0.9999728202819824,
        0.7106614112854004
    ],
    [
        0.9999752044677734,
        0.0015759981470182538,
        0.00687183253467083,
        -0.023428918793797493,
        -0.0015492030652239919,
        0.999991238117218,
        -0.003902829485014081,
        -0.11505911499261856,
        -0.006877923384308815,
        0.003892086911946535,
        0.9999688863754272,
        0.7828106880187988
    ],
    [
        0.9999738335609436,
        0.001227926230058074,
        0.007134477142244577,
        -0.02238236926496029,
        -0.0011976538226008415,
        0.9999902248382568,
        -0.004245807882398367,
        -0.11953230202198029,
        -0.007139621768146753,
        0.004237151239067316,
        0.9999655485153198,
        0.8184710741043091
    ],
    [
        0.9999780654907227,
        0.0004810260725207627,
        0.006607567425817251,
        -0.014604587107896805,
        -0.0004489099374040961,
        0.9999880790710449,
        -0.004861123859882355,
        -0.12705537676811218,
        -0.006609826814383268,
        0.004858050961047411,
        0.9999663829803467,
        0.8922548294067383
    ],
    [
        0.9999810457229614,
        7.495011232094839e-05,
        0.006164724472910166,
        -0.010077724233269691,
        -4.1148901800625026e-05,
        0.9999849796295166,
        -0.005482931155711412,
        -0.12897711992263794,
        -0.006165042985230684,
        0.00548257352784276,
        0.999966025352478,
        0.9297813177108765
    ],
    [
        0.999981701374054,
        -0.00031999603379517794,
        0.006057869177311659,
        -0.005752304568886757,
        0.00035565602593123913,
        0.9999825954437256,
        -0.005886394996196032,
        -0.13122309744358063,
        -0.0060558803379535675,
        0.005888441577553749,
        0.9999643564224243,
        0.9673804044723511
    ],
    [
        0.9999852776527405,
        -0.0008622513269074261,
        0.005349435843527317,
        0.004009487107396126,
        0.0009016016847454011,
        0.9999725222587585,
        -0.007357804104685783,
        -0.13348878920078278,
        -0.0053429449908435345,
        0.00736251613125205,
        0.9999586343765259,
        1.0380297899246216
    ],
    [
        0.9999869465827942,
        -0.0008989915368147194,
        0.005048842169344425,
        0.007320468779653311,
        0.0009372967178933322,
        0.9999708533287048,
        -0.0075895837508141994,
        -0.13818727433681488,
        -0.005041871219873428,
        0.007594219408929348,
        0.9999583959579468,
        1.071834683418274
    ],
    [
        0.999988853931427,
        -0.0018298295326530933,
        0.004365250468254089,
        0.01872582733631134,
        0.0018665356328710914,
        0.9999628663063049,
        -0.008419631980359554,
        -0.144773930311203,
        -0.004349681083112955,
        0.00842768233269453,
        0.9999550580978394,
        1.1446865797042847
    ],
    [
        0.9999900460243225,
        -0.001677414053119719,
        0.004144362173974514,
        0.022190747782588005,
        0.001713462988846004,
        0.9999606609344482,
        -0.008710136637091637,
        -0.14811688661575317,
        -0.004129588603973389,
        0.00871715322136879,
        0.9999535083770752,
        1.1796369552612305
    ],
    [
        0.9999895691871643,
        -0.0022526695393025875,
        0.003996097482740879,
        0.03135915845632553,
        0.0022932919673621655,
        0.9999454021453857,
        -0.010190306231379509,
        -0.15091554820537567,
        -0.003972923848778009,
        0.01019936054944992,
        0.9999401569366455,
        1.2556178569793701
    ],
    [
        0.9999889135360718,
        -0.0025948984548449516,
        0.003943811636418104,
        0.03709696605801582,
        0.002637077122926712,
        0.9999390244483948,
        -0.010727625340223312,
        -0.15268191695213318,
        -0.003915734589099884,
        0.010737907141447067,
        0.9999346733093262,
        1.296779990196228
    ],
    [
        0.999989926815033,
        -0.0022479104809463024,
        0.003908159676939249,
        0.039384085685014725,
        0.0022893683053553104,
        0.9999408721923828,
        -0.01063614897429943,
        -0.1565442681312561,
        -0.0038840186316519976,
        0.010644988156855106,
        0.9999357461929321,
        1.3342162370681763
    ],
    [
        0.9999921917915344,
        -0.0025011124089360237,
        0.0030496094841510057,
        0.05059608444571495,
        0.0025362554006278515,
        0.9999298453330994,
        -0.011574703268706799,
        -0.15981294214725494,
        -0.003020445117726922,
        0.011582344770431519,
        0.9999284148216248,
        1.4067140817642212
    ],
    [
        0.9999898076057434,
        -0.0033187170047312975,
        0.003072986612096429,
        0.05682609975337982,
        0.0033545750193297863,
        0.9999254941940308,
        -0.011738164350390434,
        -0.16361264884471893,
        -0.0030338014476001263,
        0.011748351156711578,
        0.9999264478683472,
        1.4451638460159302
    ],
    [
        0.9999898672103882,
        -0.004058314021676779,
        0.0019737640395760536,
        0.0758986622095108,
        0.0040816692635416985,
        0.9999200105667114,
        -0.011976505629718304,
        -0.17135071754455566,
        -0.0019249997567385435,
        0.011984436772763729,
        0.9999263882637024,
        1.5177972316741943
    ],
    [
        0.9999905228614807,
        -0.00402696942910552,
        0.0016751221846789122,
        0.08275842666625977,
        0.0040465169586241245,
        0.9999218583106995,
        -0.011834573931992054,
        -0.17687121033668518,
        -0.0016273354412987828,
        0.011841241270303726,
        0.9999284744262695,
        1.5499039888381958
    ],
    [
        0.9999919533729553,
        -0.0036916914395987988,
        0.0015403490979224443,
        0.08839431405067444,
        0.0037087611854076385,
        0.9999300837516785,
        -0.011230610311031342,
        -0.18379035592079163,
        -0.0014987793983891606,
        0.011236229911446571,
        0.9999357461929321,
        1.5835810899734497
    ],
    [
        0.9999922513961792,
        -0.0033061883877962828,
        0.002176573732867837,
        0.09304731339216232,
        0.0033305110409855843,
        0.9999309778213501,
        -0.011267744936048985,
        -0.19187289476394653,
        -0.0021391697227954865,
        0.011274903081357479,
        0.9999342560768127,
        1.6467217206954956
    ],
    [
        0.9999904632568359,
        -0.0037381313741207123,
        0.0022541626822203398,
        0.09644728153944016,
        0.003763326443731785,
        0.9999293088912964,
        -0.01127861812710762,
        -0.1959037184715271,
        -0.0022118426859378815,
        0.011286992579698563,
        0.9999338984489441,
        1.6779080629348755
    ],
    [
        0.9999885559082031,
        -0.0038889667484909296,
        0.002808100776746869,
        0.10204773396253586,
        0.0039202128536999226,
        0.9999295473098755,
        -0.01120847836136818,
        -0.20365217328071594,
        -0.0027643137145787477,
        0.011219355277717113,
        0.9999332427978516,
        1.7393630743026733
    ],
    [
        0.9999884366989136,
        -0.0038404488004744053,
        0.0028897204902023077,
        0.1056196540594101,
        0.0038719286676496267,
        0.9999324083328247,
        -0.010967998765408993,
        -0.20708143711090088,
        -0.0028474018909037113,
        0.010979059152305126,
        0.9999356865882874,
        1.7694103717803955
    ],
    [
        0.9999847412109375,
        -0.0036057366523891687,
        0.004185567609965801,
        0.10863406211137772,
        0.0036542110610753298,
        0.9999256730079651,
        -0.0116319814696908,
        -0.20999449491500854,
        -0.004143314436078072,
        0.011647101491689682,
        0.9999235272407532,
        1.829957365989685
    ]
]