[
    [
        0.9995750784873962,
        0.008270509541034698,
        0.02795068919658661,
        -0.32216009497642517,
        -0.007387458346784115,
        0.999474823474884,
        -0.0315500944852829,
        -0.09560717642307281,
        -0.028196945786476135,
        0.031330209225416183,
        0.9991112351417542,
        0.002815769286826253
    ],
    [
        0.9999178647994995,
        0.010234870947897434,
        0.007724671624600887,
        -0.37282589077949524,
        -0.009989419020712376,
        0.9994641542434692,
        -0.031171446666121483,
        -0.15038155019283295,
        -0.008039567619562149,
        0.03109172359108925,
        0.9994841814041138,
        0.19796030223369598
    ],
    [
        0.9998331665992737,
        0.01347312144935131,
        -0.012335519306361675,
        -0.46231842041015625,
        -0.013816767372190952,
        0.999506413936615,
        -0.028210347518324852,
        -0.19212304055690765,
        0.011949351988732815,
        0.028376080095767975,
        0.9995259046554565,
        0.40314728021621704
    ],
    [
        0.9992520213127136,
        0.016831856220960617,
        -0.034814201295375824,
        -0.588485836982727,
        -0.017818434163928032,
        0.9994427561759949,
        -0.028224943205714226,
        -0.25356727838516235,
        0.03431972116231918,
        0.02882416732609272,
        0.9989951252937317,
        0.635611355304718
    ],
    [
        0.9983830451965332,
        0.01992735080420971,
        -0.0532362274825573,
        -0.6862606406211853,
        -0.02124580182135105,
        0.9994785189628601,
        -0.02431591786444187,
        -0.30695411562919617,
        0.05272391811013222,
        0.02540764957666397,
        0.9982858300209045,
        0.8239173889160156
    ],
    [
        0.9938530921936035,
        0.026549486443400383,
        -0.10747653245925903,
        -0.8988657593727112,
        -0.029178686439990997,
        0.999310314655304,
        -0.02296452224254608,
        -0.3520645499229431,
        0.10679271072149277,
        0.025959379971027374,
        0.9939423203468323,
        1.4169577360153198
    ],
    [
        0.989561140537262,
        0.031133020296692848,
        -0.14071045815944672,
        -1.127426266670227,
        -0.03303881734609604,
        0.9993909597396851,
        -0.011227785609662533,
        -0.4376397132873535,
        0.14027522504329681,
        0.015759490430355072,
        0.9899870753288269,
        1.829424262046814
    ],
    [
        0.9884222745895386,
        0.03398831933736801,
        -0.14787255227565765,
        -1.235609531402588,
        -0.03564921393990517,
        0.9993274211883545,
        -0.00859534926712513,
        -0.47231408953666687,
        0.14748091995716095,
        0.013767368160188198,
        0.9889691472053528,
        2.0054221153259277
    ],
    [
        0.9867134094238281,
        0.035451944917440414,
        -0.15855515003204346,
        -1.3054529428482056,
        -0.03713894635438919,
        0.999280571937561,
        -0.007688569836318493,
        -0.4970073103904724,
        0.1581684648990631,
        0.013474979437887669,
        0.9873201847076416,
        2.179154634475708
    ],
    [
        0.9852318167686462,
        0.03521617501974106,
        -0.1675649881362915,
        -1.350264310836792,
        -0.03695603832602501,
        0.9992903470993042,
        -0.007275223266333342,
        -0.5091904401779175,
        0.16718991100788116,
        0.013360326178371906,
        0.9858341217041016,
        2.335667371749878
    ],
    [
        0.982648491859436,
        0.03511311113834381,
        -0.18212389945983887,
        -1.3874379396438599,
        -0.036907538771629333,
        0.9992976784706116,
        -0.0064718518406152725,
        -0.5227721333503723,
        0.1817687749862671,
        0.013081302866339684,
        0.9832542538642883,
        2.5291481018066406
    ],
    [
        0.9796141386032104,
        0.035547226667404175,
        -0.19771841168403625,
        -1.4151384830474854,
        -0.037849586457014084,
        0.999252438545227,
        -0.007876534946262836,
        -0.5203126072883606,
        0.19729061424732208,
        0.015199522487819195,
        0.9802272319793701,
        2.693779706954956
    ],
    [
        0.9753673672676086,
        0.03758838400244713,
        -0.21736061573028564,
        -1.4369224309921265,
        -0.03996911272406578,
        0.9991793632507324,
        -0.006565296556800604,
        -0.5312366485595703,
        0.2169354259967804,
        0.015091282315552235,
        0.9760693311691284,
        2.85719633102417
    ],
    [
        0.9701765775680542,
        0.04014109820127487,
        -0.23905238509178162,
        -1.463279366493225,
        -0.04287698492407799,
        0.9990608096122742,
        -0.006253254599869251,
        -0.5358999967575073,
        0.23857685923576355,
        0.01631660759449005,
        0.9709864258766174,
        3.007286787033081
    ],
    [
        0.9657250046730042,
        0.043307527899742126,
        -0.25592878460884094,
        -1.5097891092300415,
        -0.04577670246362686,
        0.9989449381828308,
        -0.0036958728451281786,
        -0.5515882968902588,
        0.2554987072944641,
        0.015284770168364048,
        0.9666885137557983,
        3.156679391860962
    ],
    [
        0.9607816338539124,
        0.04445067420601845,
        -0.2737204134464264,
        -1.5629409551620483,
        -0.04741614684462547,
        0.9988663196563721,
        -0.004224348347634077,
        -0.5748693346977234,
        0.27322232723236084,
        0.017037440091371536,
        0.9618001580238342,
        3.3164329528808594
    ],
    [
        0.9558939337730408,
        0.04696827381849289,
        -0.28993210196495056,
        -1.6003010272979736,
        -0.049929991364479065,
        0.9987486600875854,
        -0.0028222801629453897,
        -0.5914700031280518,
        0.2894366979598999,
        0.01717410422861576,
        0.9570431709289551,
        3.42240047454834
    ],
    [
        0.9490773677825928,
        0.05047493427991867,
        -0.31097322702407837,
        -1.6255817413330078,
        -0.05350533127784729,
        0.9985668063163757,
        -0.0012158607132732868,
        -0.5938639640808105,
        0.3104662299156189,
        0.017792673781514168,
        0.9504178762435913,
        3.5591564178466797
    ],
    [
        0.9409961104393005,
        0.05326322093605995,
        -0.3341992497444153,
        -1.645408272743225,
        -0.05611715093255043,
        0.9984235167503357,
        0.001116766594350338,
        -0.5948777198791504,
        0.3337319493293762,
        0.017703434452414513,
        0.9425017833709717,
        3.7176241874694824
    ],
    [
        0.9315280318260193,
        0.058015406131744385,
        -0.3590122163295746,
        -1.6679924726486206,
        -0.062178485095500946,
        0.9980650544166565,
        -4.973950854036957e-05,
        -0.5894291996955872,
        0.3583146631717682,
        0.022369176149368286,
        0.9333326816558838,
        3.8679611682891846
    ],
    [
        0.9184542894363403,
        0.06374946981668472,
        -0.39035606384277344,
        -1.6828099489212036,
        -0.06713744252920151,
        0.9977313280105591,
        0.004975349176675081,
        -0.5968952178955078,
        0.38978758454322815,
        0.021637875586748123,
        0.9206506013870239,
        4.01261568069458
    ],
    [
        0.9065694808959961,
        0.06692954897880554,
        -0.4167160093784332,
        -1.7006773948669434,
        -0.07060155272483826,
        0.9974827170372009,
        0.006613261066377163,
        -0.618161141872406,
        0.4161095917224884,
        0.02342541515827179,
        0.9090126752853394,
        4.142293930053711
    ],
    [
        0.8933542370796204,
        0.0702216848731041,
        -0.4438322186470032,
        -1.7137011289596558,
        -0.07453794777393341,
        0.9971880316734314,
        0.0077404119074344635,
        -0.6315457820892334,
        0.44312769174575806,
        0.026167405769228935,
        0.8960764408111572,
        4.312108039855957
    ],
    [
        0.8791733980178833,
        0.07432445138692856,
        -0.47066977620124817,
        -1.714794635772705,
        -0.07841090857982635,
        0.9968610405921936,
        0.010951117612421513,
        -0.6516184210777283,
        0.4700063169002533,
        0.027277717366814613,
        0.8822414875030518,
        4.451070308685303
    ],
    [
        0.8594472408294678,
        0.078458771109581,
        -0.5051681399345398,
        -1.734808325767517,
        -0.08323120325803757,
        0.9964434504508972,
        0.01315777376294136,
        -0.6712934970855713,
        0.5044035911560059,
        0.030737336724996567,
        0.8629209995269775,
        4.55577278137207
    ]
]