[
    [
        0.9995983242988586,
        0.008894012309610844,
        -0.026906626299023628,
        0.0654403567314148,
        -0.008704048581421375,
        0.9999364614486694,
        0.007168995216488838,
        -0.014532648958265781,
        0.02696867659687996,
        -0.0069319200702011585,
        0.9996122717857361,
        -0.0036620895843952894
    ],
    [
        0.9995578527450562,
        0.009147337637841702,
        -0.028289951384067535,
        0.06926698982715607,
        -0.008930581621825695,
        0.9999299049377441,
        0.007778824772685766,
        -0.015608428977429867,
        0.028359122574329376,
        -0.00752274040132761,
        0.9995695948600769,
        -0.0028781313449144363
    ],
    [
        0.9995440244674683,
        0.008569560013711452,
        -0.02895340509712696,
        0.07173416763544083,
        -0.008341318927705288,
        0.9999332427978516,
        0.00799463875591755,
        -0.01569410413503647,
        0.029019981622695923,
        -0.0077494848519563675,
        0.9995487332344055,
        -0.002128190826624632
    ],
    [
        0.9994804263114929,
        0.008333615958690643,
        -0.03113381937146187,
        0.07629774510860443,
        -0.00806233286857605,
        0.9999285340309143,
        0.008828865364193916,
        -0.01693427376449108,
        0.031205173581838608,
        -0.008573267608880997,
        0.9994761347770691,
        -0.0005886852741241455
    ],
    [
        0.9993634223937988,
        0.01041270513087511,
        -0.03412168473005295,
        0.08349113166332245,
        -0.010124440304934978,
        0.9999116659164429,
        0.00861005112528801,
        -0.01772930473089218,
        0.034208327531814575,
        -0.008259108290076256,
        0.9993805885314941,
        0.001172606716863811
    ],
    [
        0.9993098974227905,
        0.010661770589649677,
        -0.035582054406404495,
        0.08670718967914581,
        -0.010343004018068314,
        0.9999048709869385,
        0.009130751714110374,
        -0.018325256183743477,
        0.0356760174036026,
        -0.008756425231695175,
        0.9993250370025635,
        0.002091821050271392
    ],
    [
        0.9992401003837585,
        0.010691404342651367,
        -0.03748316317796707,
        0.09002096951007843,
        -0.010335037484765053,
        0.9998996257781982,
        0.009688327088952065,
        -0.01937306486070156,
        0.03758298605680466,
        -0.009293574839830399,
        0.9992503523826599,
        0.003392720827832818
    ],
    [
        0.9991019368171692,
        0.01080680638551712,
        -0.04096950590610504,
        0.09715474396944046,
        -0.010398069396615028,
        0.9998942017555237,
        0.010176647454500198,
        -0.02083939127624035,
        0.041075147688388824,
        -0.009741505607962608,
        0.999108612537384,
        0.005698853638023138
    ],
    [
        0.9990373253822327,
        0.01111244224011898,
        -0.04243732988834381,
        0.10008330643177032,
        -0.010683977976441383,
        0.9998897910118103,
        0.010309906676411629,
        -0.021343419328331947,
        0.04254721850156784,
        -0.009846581146121025,
        0.9990460276603699,
        0.006797410547733307
    ],
    [
        0.9989882111549377,
        0.01070554181933403,
        -0.04367956891655922,
        0.10354288667440414,
        -0.010247361846268177,
        0.9998902082443237,
        0.010700028389692307,
        -0.022248324006795883,
        0.043789323419332504,
        -0.01024160161614418,
        0.9989883303642273,
        0.00805127713829279
    ],
    [
        0.9989360570907593,
        0.010466723702847958,
        -0.04491407796740532,
        0.10662893950939178,
        -0.00998108834028244,
        0.9998893737792969,
        0.011023224331438541,
        -0.022943027317523956,
        0.04502449557185173,
        -0.010563204996287823,
        0.998930037021637,
        0.009104758501052856
    ],
    [
        0.9987563490867615,
        0.010551364161074162,
        -0.048727087676525116,
        0.11366042494773865,
        -0.010029545053839684,
        0.9998897910118103,
        0.01094112079590559,
        -0.02430099993944168,
        0.04883716255426407,
        -0.010438804514706135,
        0.998752236366272,
        0.011609195731580257
    ],
    [
        0.9986861944198608,
        0.010471363551914692,
        -0.05016022548079491,
        0.11644391715526581,
        -0.00992735754698515,
        0.9998893737792969,
        0.011082264594733715,
        -0.025234580039978027,
        0.05027071759104729,
        -0.010569747537374496,
        0.9986796975135803,
        0.013029302470386028
    ],
    [
        0.9985896348953247,
        0.010176321491599083,
        -0.05210772901773453,
        0.12094143033027649,
        -0.009624526835978031,
        0.9998950958251953,
        0.010829482227563858,
        -0.025761861354112625,
        0.05221245810389519,
        -0.010312696918845177,
        0.9985827207565308,
        0.014100094325840473
    ],
    [
        0.9984501600265503,
        0.010465428233146667,
        -0.05466090142726898,
        0.12711073458194733,
        -0.00990526843816042,
        0.9998957514762878,
        0.010508781298995018,
        -0.026691138744354248,
        0.05476517602801323,
        -0.009951063431799412,
        0.9984496831893921,
        0.01667299121618271
    ],
    [
        0.9983479976654053,
        0.010671575553715229,
        -0.056456420570611954,
        0.1311699002981186,
        -0.010079327039420605,
        0.9998912215232849,
        0.010764730162918568,
        -0.02762739360332489,
        0.05656516179442406,
        -0.010177903808653355,
        0.9983470439910889,
        0.018098382279276848
    ],
    [
        0.9982811808586121,
        0.010679180733859539,
        -0.05762556567788124,
        0.13386884331703186,
        -0.010055264458060265,
        0.9998877644538879,
        0.011106202378869057,
        -0.028878461569547653,
        0.05773770436644554,
        -0.010507673025131226,
        0.9982765913009644,
        0.019811758771538734
    ],
    [
        0.99818354845047,
        0.010507247410714626,
        -0.05932233855128288,
        0.13774962723255157,
        -0.00993140134960413,
        0.999900758266449,
        0.009993592277169228,
        -0.028697345405817032,
        0.05942145362496376,
        -0.009386285208165646,
        0.9981887936592102,
        0.020947955548763275
    ],
    [
        0.9979769587516785,
        0.011322633363306522,
        -0.06256029009819031,
        0.14464081823825836,
        -0.010735535062849522,
        0.9998951554298401,
        0.009712720289826393,
        -0.030091144144535065,
        0.06266368925571442,
        -0.009021452628076077,
        0.9979939460754395,
        0.02369784191250801
    ],
    [
        0.9979029297828674,
        0.011256849393248558,
        -0.06374141573905945,
        0.14750877022743225,
        -0.01066525373607874,
        0.9998969435691833,
        0.009613866917788982,
        -0.030748706310987473,
        0.06384305655956268,
        -0.008913887664675713,
        0.9979200959205627,
        0.025319313630461693
    ],
    [
        0.9977846145629883,
        0.011403105221688747,
        -0.06554322689771652,
        0.1511891931295395,
        -0.010813108645379543,
        0.9998977780342102,
        0.009349354542791843,
        -0.03112860396504402,
        0.06564313173294067,
        -0.008619915693998337,
        0.9978058934211731,
        0.02672780491411686
    ],
    [
        0.9975834488868713,
        0.012265892699360847,
        -0.06838668882846832,
        0.1578856110572815,
        -0.011662713252007961,
        0.999889612197876,
        0.009212443605065346,
        -0.03219516947865486,
        0.06849212944507599,
        -0.008392606861889362,
        0.9976162910461426,
        0.029664767906069756
    ],
    [
        0.9974243640899658,
        0.012523341923952103,
        -0.07062361389398575,
        0.1615605354309082,
        -0.011904330924153328,
        0.9998869895935059,
        0.00917903147637844,
        -0.03287209942936897,
        0.07073058187961578,
        -0.008314662612974644,
        0.9974607229232788,
        0.03143974766135216
    ],
    [
        0.9973109364509583,
        0.012665827758610249,
        -0.07218309491872787,
        0.16460615396499634,
        -0.012027978897094727,
        0.9998847842216492,
        0.009264406748116016,
        -0.033869776874780655,
        0.07229210436344147,
        -0.008371277712285519,
        0.9973483085632324,
        0.03278326988220215
    ],
    [
        0.9970306754112244,
        0.012976261787116528,
        -0.07590464502573013,
        0.17175409197807312,
        -0.012387198396027088,
        0.9998894333839417,
        0.008226250298321247,
        -0.0344335176050663,
        0.07600300014019012,
        -0.007261579390615225,
        0.9970811009407043,
        0.03607059270143509
    ]
]