[
    [
        0.9999967813491821,
        -0.002217576140537858,
        0.0012780160177499056,
        0.00418937299400568,
        0.0022309869527816772,
        0.9999414682388306,
        -0.010589554905891418,
        -0.0930454432964325,
        -0.001254458213225007,
        0.01059237215667963,
        0.9999431371688843,
        0.3677125573158264
    ],
    [
        0.9999968409538269,
        -0.002494527492672205,
        0.00041783967753872275,
        0.00705924816429615,
        0.0024995654821395874,
        0.9999184012413025,
        -0.012526853941380978,
        -0.11122472584247589,
        -0.00038655733806081116,
        0.012527857907116413,
        0.999921441078186,
        0.45567917823791504
    ],
    [
        0.9999969005584717,
        -0.0024033135268837214,
        0.0006984337815083563,
        0.01213089469820261,
        0.0024133080150932074,
        0.9998893737792969,
        -0.014680305495858192,
        -0.13308115303516388,
        -0.0006630754796788096,
        0.014681944623589516,
        0.999891996383667,
        0.5417835116386414
    ],
    [
        0.9999966025352478,
        -0.0022294127847999334,
        0.0013769192155450583,
        0.016250764951109886,
        0.002248983131721616,
        0.9998941421508789,
        -0.014378846623003483,
        -0.16416047513484955,
        -0.0013447168748825788,
        0.014381893910467625,
        0.9998956918716431,
        0.6514229774475098
    ],
    [
        0.9999970197677612,
        -0.002188394544646144,
        0.0011520044645294547,
        0.018514877185225487,
        0.002208389574661851,
        0.9998417496681213,
        -0.01765095815062523,
        -0.1845306158065796,
        -0.0011131955543532968,
        0.01765344850718975,
        0.9998434782028198,
        0.7384152412414551
    ],
    [
        0.9999974370002747,
        -0.0022065984085202217,
        0.0005487900343723595,
        0.020971154794096947,
        0.002218250883743167,
        0.9997506141662598,
        -0.02222611755132675,
        -0.20943433046340942,
        -0.000499608984682709,
        0.022227279841899872,
        0.9997528195381165,
        0.8470219969749451
    ],
    [
        0.9999959468841553,
        -0.002248659497126937,
        0.0017395865870639682,
        0.02432815544307232,
        0.002289482392370701,
        0.9997133612632751,
        -0.023831943050026894,
        -0.22889743745326996,
        -0.001685497467406094,
        0.02383583039045334,
        0.9997144341468811,
        0.9325727224349976
    ],
    [
        0.9999923706054688,
        -0.0025948176626116037,
        0.0029372423887252808,
        0.0281822569668293,
        0.0026695113629102707,
        0.9996656179428101,
        -0.02571810968220234,
        -0.24027223885059357,
        -0.0028695266228169203,
        0.025725753977894783,
        0.9996650218963623,
        1.0205543041229248
    ],
    [
        0.9999933242797852,
        -0.002761305309832096,
        0.002394303912296891,
        0.03260251134634018,
        0.0028279710095375776,
        0.9995954632759094,
        -0.02830221690237522,
        -0.2455490678548813,
        -0.002315185032784939,
        0.028308801352977753,
        0.9995964765548706,
        1.130918264389038
    ],
    [
        0.9999955296516418,
        -0.002550654113292694,
        0.0015899899881333113,
        0.03585697337985039,
        0.0025987084954977036,
        0.9995162487030029,
        -0.03099147044122219,
        -0.25009000301361084,
        -0.0015101733151823282,
        0.03099546581506729,
        0.9995183348655701,
        1.2193552255630493
    ],
    [
        0.9999961853027344,
        -0.002015225123614073,
        0.0019379389705136418,
        0.038225553929805756,
        0.0020754120778292418,
        0.9994993209838867,
        -0.03157373517751694,
        -0.25402843952178955,
        -0.001873340574093163,
        0.031577643007040024,
        0.9994995594024658,
        1.3319907188415527
    ],
    [
        0.9999925494194031,
        -0.001404416630975902,
        0.003624908858910203,
        0.03625180199742317,
        0.001527054701000452,
        0.9994187951087952,
        -0.034054145216941833,
        -0.2527502179145813,
        -0.003574975533410907,
        0.034059423953294754,
        0.9994134902954102,
        1.4203730821609497
    ],
    [
        0.9999939203262329,
        -0.0014949075412005186,
        0.003172139870002866,
        0.03281814604997635,
        0.0016018565511330962,
        0.9994210600852966,
        -0.033984970301389694,
        -0.2535172700881958,
        -0.0031194991897791624,
        0.03398984670639038,
        0.9994173049926758,
        1.5315629243850708
    ],
    [
        0.9999953508377075,
        -0.0017842353554442525,
        0.0024929121136665344,
        0.03262917697429657,
        0.0018685139948502183,
        0.999412477016449,
        -0.03422440588474274,
        -0.25439098477363586,
        -0.002430383116006851,
        0.03422890231013298,
        0.9994111061096191,
        1.62065851688385
    ],
    [
        0.9999887943267822,
        -0.002128839725628495,
        0.004231778439134359,
        0.03275172412395477,
        0.002276977524161339,
        0.9993736147880554,
        -0.03531523421406746,
        -0.25089603662490845,
        -0.004153948277235031,
        0.03532448038458824,
        0.9993672966957092,
        1.7114840745925903
    ],
    [
        0.9999932050704956,
        -0.0021710821893066168,
        0.0029780184850096703,
        0.03351989760994911,
        0.0022734946105629206,
        0.999390721321106,
        -0.034828562289476395,
        -0.24307239055633545,
        -0.0029005876276642084,
        0.0348350927233696,
        0.9993888735771179,
        1.8224141597747803
    ],
    [
        0.9999910593032837,
        -0.0021492557134479284,
        0.003643775125965476,
        0.03424945846199989,
        0.0022759942803531885,
        0.9993798136711121,
        -0.03514241427183151,
        -0.23875531554222107,
        -0.003565985942259431,
        0.03515039384365082,
        0.9993756413459778,
        1.9129222631454468
    ],
    [
        0.9999911785125732,
        -0.001975788502022624,
        0.0037086058873683214,
        0.0332459956407547,
        0.0021028874907642603,
        0.9993994832038879,
        -0.034586139023303986,
        -0.2271547019481659,
        -0.0036380435340106487,
        0.03459363803267479,
        0.9993948936462402,
        2.026869773864746
    ],
    [
        0.9999892711639404,
        -0.0020492037292569876,
        0.004151680041104555,
        0.03210190311074257,
        0.0021978383883833885,
        0.9993451237678528,
        -0.03611888363957405,
        -0.21372529864311218,
        -0.004074946045875549,
        0.036127619445323944,
        0.9993388652801514,
        2.119051218032837
    ],
    [
        0.9999830722808838,
        -0.001988075440749526,
        0.00546881090849638,
        0.031084679067134857,
        0.002172251930460334,
        0.999423623085022,
        -0.033880483359098434,
        -0.20517584681510925,
        -0.005398301873356104,
        0.033891793340444565,
        0.9994109869003296,
        2.2127485275268555
    ],
    [
        0.9999808073043823,
        -0.0024429908953607082,
        0.005700422450900078,
        0.031156199052929878,
        0.002635362558066845,
        0.9994187951087952,
        -0.03398705646395683,
        -0.19424831867218018,
        -0.005614078603684902,
        0.0340014286339283,
        0.9994059801101685,
        2.3288726806640625
    ],
    [
        0.9999849200248718,
        -0.002799798734486103,
        0.004744001664221287,
        0.032827358692884445,
        0.00296879094094038,
        0.9993475079536438,
        -0.03599782660603523,
        -0.17908570170402527,
        -0.004640120081603527,
        0.036011360585689545,
        0.9993405938148499,
        2.4220569133758545
    ],
    [
        0.9999788403511047,
        -0.003138481406494975,
        0.00570286950096488,
        0.038529686629772186,
        0.003340664319694042,
        0.9993534684181213,
        -0.03579630330204964,
        -0.16423386335372925,
        -0.005586836952716112,
        0.03581459820270538,
        0.9993427395820618,
        2.5392651557922363
    ],
    [
        0.9999739527702332,
        -0.003209716407582164,
        0.006469980347901583,
        0.04351867362856865,
        0.00343362451530993,
        0.9993849396705627,
        -0.03489856421947479,
        -0.15203604102134705,
        -0.006353985518217087,
        0.034919872879981995,
        0.9993699193000793,
        2.6320040225982666
    ],
    [
        0.9999775290489197,
        -0.0033361809328198433,
        0.005831536836922169,
        0.04851742088794708,
        0.003533083712682128,
        0.9994125962257385,
        -0.03408747538924217,
        -0.13171300292015076,
        -0.0057143885642290115,
        0.034107308834791183,
        0.9994018077850342,
        2.7496042251586914
    ]
]