[
    [
        0.9999493360519409,
        0.0012727797729894519,
        -0.009985052049160004,
        -0.14772698283195496,
        -0.0012535571586340666,
        0.9999973773956299,
        0.0019310747738927603,
        -0.02223432995378971,
        0.009987483732402325,
        -0.001918460358865559,
        0.999948263168335,
        0.31178149580955505
    ],
    [
        0.9999323487281799,
        0.0014894242631271482,
        -0.011537434533238411,
        -0.17523355782032013,
        -0.001467130845412612,
        0.999997079372406,
        0.0019404772901907563,
        -0.023045716807246208,
        0.011540291830897331,
        -0.0019234189530834556,
        0.9999315738677979,
        0.3621651232242584
    ],
    [
        0.9999083280563354,
        0.001908664358779788,
        -0.013404651544988155,
        -0.21695993840694427,
        -0.0018827227177098393,
        0.9999963641166687,
        0.0019476020243018866,
        -0.02534872107207775,
        0.013408320024609566,
        -0.0019221864640712738,
        0.9999083280563354,
        0.42907679080963135
    ],
    [
        0.9998464584350586,
        0.0026424843817949295,
        -0.017320897430181503,
        -0.2625923752784729,
        -0.002602770458906889,
        0.9999939203262329,
        0.0023149584885686636,
        -0.030030012130737305,
        0.01732691004872322,
        -0.002269520191475749,
        0.9998472929000854,
        0.49504855275154114
    ],
    [
        0.9997450113296509,
        0.0031857332214713097,
        -0.02235329896211624,
        -0.3077763319015503,
        -0.0031421196181327105,
        0.999993085861206,
        0.0019859911408275366,
        -0.035500213503837585,
        0.022359469905495644,
        -0.0019152478780597448,
        0.999748170375824,
        0.559860348701477
    ],
    [
        0.9996032118797302,
        0.003425571834668517,
        -0.02795729599893093,
        -0.3522476255893707,
        -0.0033772988244891167,
        0.9999927282333374,
        0.0017737109446898103,
        -0.04216262325644493,
        0.027963167056441307,
        -0.0016785860061645508,
        0.999607503414154,
        0.6224342584609985
    ],
    [
        0.9993458986282349,
        0.004271254409104586,
        -0.03590903431177139,
        -0.3949175477027893,
        -0.00421395106241107,
        0.9999896883964539,
        0.0016713101649656892,
        -0.05038318783044815,
        0.0359157994389534,
        -0.0015188980614766479,
        0.9993537068367004,
        0.6815058588981628
    ],
    [
        0.999023973941803,
        0.005701764021068811,
        -0.04380238801240921,
        -0.4266666769981384,
        -0.005642525386065245,
        0.9999829530715942,
        0.0014759176410734653,
        -0.05687003582715988,
        0.04381005838513374,
        -0.0012273212196305394,
        0.9990391731262207,
        0.7245857119560242
    ],
    [
        0.9982014298439026,
        0.006931636948138475,
        -0.05954761803150177,
        -0.46761050820350647,
        -0.006905397865921259,
        0.9999759793281555,
        0.0006464075995609164,
        -0.06025410816073418,
        0.05955066531896591,
        -0.00023404542298521847,
        0.9982252717018127,
        0.7843117117881775
    ],
    [
        0.9965748190879822,
        0.008550282567739487,
        -0.08225259184837341,
        -0.5108156204223633,
        -0.008565882220864296,
        0.9999633431434631,
        0.0001632430503377691,
        -0.060808680951595306,
        0.08225097507238388,
        0.0005418821237981319,
        0.9966115355491638,
        0.846811056137085
    ],
    [
        0.9936050772666931,
        0.010896682739257812,
        -0.11238426715135574,
        -0.5536291599273682,
        -0.010964303277432919,
        0.9999397993087769,
        1.6380936358473264e-05,
        -0.0642341747879982,
        0.11237768083810806,
        0.001215938595123589,
        0.9936648607254028,
        0.9087594151496887
    ],
    [
        0.9886857867240906,
        0.014018945395946503,
        -0.14934463798999786,
        -0.594255268573761,
        -0.014088232070207596,
        0.9999005198478699,
        0.0005940471310168505,
        -0.0687442198395729,
        0.14933811128139496,
        0.0015166759258136153,
        0.9887850284576416,
        0.969322919845581
    ],
    [
        0.9814450740814209,
        0.017399681732058525,
        -0.19095246493816376,
        -0.6344593167304993,
        -0.017645014449954033,
        0.9998441338539124,
        0.00041559134842827916,
        -0.06938394159078598,
        0.19092996418476105,
        0.002961478428915143,
        0.9815992712974548,
        1.024739384651184
    ],
    [
        0.9743466377258301,
        0.020132940262556076,
        -0.22415021061897278,
        -0.6644901037216187,
        -0.020520398393273354,
        0.999789297580719,
        0.0006010080105625093,
        -0.07032566517591476,
        0.2241150438785553,
        0.004014059901237488,
        0.9745544791221619,
        1.0624582767486572
    ],
    [
        0.9622361660003662,
        0.024180004373192787,
        -0.27113988995552063,
        -0.7045664191246033,
        -0.024767162278294563,
        0.9996924996376038,
        0.0012565808137878776,
        -0.07341928035020828,
        0.27108684182167053,
        0.0055062370374798775,
        0.9625391960144043,
        1.1086887121200562
    ],
    [
        0.9472109079360962,
        0.02854938991367817,
        -0.319337397813797,
        -0.7471657395362854,
        -0.029466262087225914,
        0.9995637536048889,
        0.0019608517177402973,
        -0.07584322243928909,
        0.31925415992736816,
        0.007552340626716614,
        0.9476389288902283,
        1.1515517234802246
    ],
    [
        0.9291045069694519,
        0.03299329802393913,
        -0.36834269762039185,
        -0.79032963514328,
        -0.03401899337768555,
        0.9994142055511475,
        0.0037106177769601345,
        -0.07833468914031982,
        0.36824938654899597,
        0.009083094075322151,
        0.929682731628418,
        1.1892409324645996
    ],
    [
        0.9091098308563232,
        0.03700760006904602,
        -0.41490936279296875,
        -0.835385262966156,
        -0.03842078521847725,
        0.9992494583129883,
        0.0049435170367360115,
        -0.08068940788507462,
        0.4147808849811554,
        0.011446945369243622,
        0.9098493456840515,
        1.227474331855774
    ],
    [
        0.8861846327781677,
        0.04050721600651741,
        -0.46155819296836853,
        -0.8807843327522278,
        -0.042089782655239105,
        0.9990901947021484,
        0.006870293524116278,
        -0.08890700340270996,
        0.4614165723323822,
        0.013338533230125904,
        0.8870834112167358,
        1.2675071954727173
    ],
    [
        0.8667279481887817,
        0.04386752471327782,
        -0.49684834480285645,
        -0.9150620698928833,
        -0.04538055881857872,
        0.998928964138031,
        0.009032816626131535,
        -0.09592945128679276,
        0.49671250581741333,
        0.014718260616064072,
        0.8677904009819031,
        1.2952241897583008
    ],
    [
        0.8383554816246033,
        0.0474516898393631,
        -0.5430546402931213,
        -0.9586673974990845,
        -0.04949634522199631,
        0.998715341091156,
        0.010855632834136486,
        -0.10325092822313309,
        0.5428721904754639,
        0.017778344452381134,
        0.839627206325531,
        1.328437089920044
    ],
    [
        0.806264340877533,
        0.051434122025966644,
        -0.5893150568008423,
        -0.997252881526947,
        -0.05340902879834175,
        0.9984735250473022,
        0.014073648490011692,
        -0.1125318855047226,
        0.5891393423080444,
        0.020127661526203156,
        0.8077808618545532,
        1.356227159500122
    ],
    [
        0.7721641063690186,
        0.054620612412691116,
        -0.6330711841583252,
        -1.0331233739852905,
        -0.057050272822380066,
        0.998234212398529,
        0.01654157228767872,
        -0.12337687611579895,
        0.6328569054603577,
        0.023344073444604874,
        0.7739169001579285,
        1.380103588104248
    ],
    [
        0.7359774708747864,
        0.05852378159761429,
        -0.6744716763496399,
        -1.06968092918396,
        -0.06166301295161247,
        0.9979103207588196,
        0.0193023681640625,
        -0.13484688103199005,
        0.6741920113563538,
        0.027383850887417793,
        0.7380484342575073,
        1.3992902040481567
    ],
    [
        0.6990606784820557,
        0.062134750187397,
        -0.712357759475708,
        -1.1065360307693481,
        -0.06603048741817474,
        0.997570276260376,
        0.02221422828733921,
        -0.1472281962633133,
        0.7120071649551392,
        0.03150822967290878,
        0.7014649510383606,
        1.4182456731796265
    ]
]