[
    [
        0.9999678730964661,
        0.00022974102466832846,
        0.00801753718405962,
        0.020199591293931007,
        -0.00024105397460516542,
        0.9999989867210388,
        0.0014100917614996433,
        -0.026239793747663498,
        -0.008017205633223057,
        -0.0014119793195277452,
        0.9999668598175049,
        -0.159697026014328
    ],
    [
        0.9999576210975647,
        8.692604751558974e-05,
        0.009210411459207535,
        0.02507069893181324,
        -0.0001030729545163922,
        0.9999984502792358,
        0.0017526589799672365,
        -0.031909096986055374,
        -0.009210244752466679,
        -0.001753533841110766,
        0.9999560117721558,
        -0.19192108511924744
    ],
    [
        0.9999482035636902,
        0.00020475461496971548,
        0.010172133333981037,
        0.031729865819215775,
        -0.00022351137886289507,
        0.9999982714653015,
        0.0018428948242217302,
        -0.036450501531362534,
        -0.010171737521886826,
        -0.0018450733041390777,
        0.9999465942382812,
        -0.22332537174224854
    ],
    [
        0.9999380111694336,
        0.00017354055307805538,
        0.011131616309285164,
        0.035561006516218185,
        -0.00019251245248597115,
        0.9999985098838806,
        0.0017032367177307606,
        -0.03893101587891579,
        -0.011131304316222668,
        -0.0017052736366167665,
        0.9999366998672485,
        -0.2545803487300873
    ],
    [
        0.9999241828918457,
        6.820153066655621e-05,
        0.012312785722315311,
        0.042163196951150894,
        -9.094148117583245e-05,
        0.9999983906745911,
        0.001846349099650979,
        -0.04495459422469139,
        -0.012312638573348522,
        -0.0018473287345841527,
        0.9999223947525024,
        -0.2916327118873596
    ],
    [
        0.9999157190322876,
        -0.00014682898472528905,
        0.01298682764172554,
        0.048623088747262955,
        0.0001200380502268672,
        0.9999979138374329,
        0.0020636902190744877,
        -0.05116305872797966,
        -0.012987101450562477,
        -0.002061957260593772,
        0.9999135732650757,
        -0.32051435112953186
    ],
    [
        0.999906063079834,
        -0.0004842297057621181,
        0.01370338536798954,
        0.05431621894240379,
        0.00044892533333040774,
        0.9999966025352478,
        0.0025793053209781647,
        -0.058668747544288635,
        -0.013704588636755943,
        -0.002572910860180855,
        0.9999027252197266,
        -0.34885677695274353
    ],
    [
        0.9998888373374939,
        -0.0005915453657507896,
        0.014900598675012589,
        0.06109447404742241,
        0.0005458876257762313,
        0.9999951124191284,
        0.0030680783092975616,
        -0.06699417531490326,
        -0.014902341179549694,
        -0.003059603041037917,
        0.9998842477798462,
        -0.38662415742874146
    ],
    [
        0.9998735785484314,
        -0.00041535194031894207,
        0.015897907316684723,
        0.06321565061807632,
        0.00036843298585154116,
        0.9999955892562866,
        0.002954081865027547,
        -0.07198065519332886,
        -0.015899064019322395,
        -0.0029478510841727257,
        0.9998692274093628,
        -0.4165985882282257
    ],
    [
        0.9998601675033569,
        -0.00038592101191170514,
        0.01672171615064144,
        0.06537315994501114,
        0.000338529993314296,
        0.9999958872795105,
        0.0028368376661092043,
        -0.07688862085342407,
        -0.016722744330763817,
        -0.0028307803440839052,
        0.9998561143875122,
        -0.44733181595802307
    ],
    [
        0.9998456239700317,
        -0.00011045888822991401,
        0.017572544515132904,
        0.06710930913686752,
        6.347212183754891e-05,
        0.9999964237213135,
        0.0026744152419269085,
        -0.08221133053302765,
        -0.017572777345776558,
        -0.002672887872904539,
        0.9998420476913452,
        -0.47886011004447937
    ],
    [
        0.9998310208320618,
        -4.063925734953955e-05,
        0.018383130431175232,
        0.07065622508525848,
        -1.4339272638608236e-05,
        0.9999955892562866,
        0.0029905501287430525,
        -0.0912228524684906,
        -0.018383169546723366,
        -0.0029903072863817215,
        0.9998266100883484,
        -0.5181666016578674
    ],
    [
        0.99982088804245,
        -2.3272175894817337e-05,
        0.018925925716757774,
        0.07406249642372131,
        -3.846917752525769e-05,
        0.999994695186615,
        0.0032618835102766752,
        -0.098353810608387,
        -0.018925901502370834,
        -0.0032620271667838097,
        0.9998156428337097,
        -0.548643171787262
    ],
    [
        0.9998112916946411,
        3.123856004094705e-05,
        0.019426053389906883,
        0.07813344895839691,
        -9.550642425892875e-05,
        0.9999945163726807,
        0.003307444043457508,
        -0.10421638190746307,
        -0.01942584291100502,
        -0.0033086752519011497,
        0.9998058676719666,
        -0.5773617029190063
    ],
    [
        0.9997956156730652,
        -1.5188429642876144e-06,
        0.020216846838593483,
        0.08434554934501648,
        -6.338784442050382e-05,
        0.9999948143959045,
        0.0032098416704684496,
        -0.11086040735244751,
        -0.020216748118400574,
        -0.0032104672864079475,
        0.9997904896736145,
        -0.6130126118659973
    ],
    [
        0.9997794032096863,
        -0.0001294654211960733,
        0.021003935486078262,
        0.09129200875759125,
        6.229158316273242e-05,
        0.9999948740005493,
        0.0031987580005079508,
        -0.11694733798503876,
        -0.021004240959882736,
        -0.003196743782609701,
        0.9997742772102356,
        -0.6416443586349487
    ],
    [
        0.9997633695602417,
        -0.00035304779885336757,
        0.02174954116344452,
        0.09852513670921326,
        0.00028202810790389776,
        0.9999945759773254,
        0.003268330590799451,
        -0.12347199767827988,
        -0.02175057865679264,
        -0.003261422738432884,
        0.9997581839561462,
        -0.6692774891853333
    ],
    [
        0.9997442364692688,
        -0.0007361724274232984,
        0.022603407502174377,
        0.1046982929110527,
        0.0006537865265272558,
        0.9999931454658508,
        0.0036520413123071194,
        -0.1306229680776596,
        -0.02260594069957733,
        -0.003636328736320138,
        0.9997379183769226,
        -0.695458710193634
    ],
    [
        0.9997134804725647,
        -0.0008455210481770337,
        0.023920031264424324,
        0.11085587739944458,
        0.0007567830034531653,
        0.9999927878379822,
        0.0037185875698924065,
        -0.1381191611289978,
        -0.023923000320792198,
        -0.003699420252814889,
        0.9997069239616394,
        -0.7268376350402832
    ],
    [
        0.9996833801269531,
        -0.0009093772969208658,
        0.025146273896098137,
        0.11497696489095688,
        0.0008175958064384758,
        0.9999930262565613,
        0.0036599731538444757,
        -0.1441822499036789,
        -0.025149423629045486,
        -0.003638255875557661,
        0.9996770620346069,
        -0.75243079662323
    ],
    [
        0.9996492862701416,
        -0.0009759262320585549,
        0.026465654373168945,
        0.11858056485652924,
        0.0008733619470149279,
        0.9999921321868896,
        0.003886648453772068,
        -0.15097090601921082,
        -0.026469238102436066,
        -0.0038621709682047367,
        0.9996421337127686,
        -0.7776946425437927
    ],
    [
        0.9995973706245422,
        -0.0009413861553184688,
        0.02835942804813385,
        0.12248635292053223,
        0.000827259907964617,
        0.9999915361404419,
        0.004035736434161663,
        -0.15976865589618683,
        -0.02836298570036888,
        -0.004010651260614395,
        0.9995896220207214,
        -0.8101708292961121
    ],
    [
        0.9995517134666443,
        -0.0011441505048424006,
        0.029919957742094994,
        0.12630625069141388,
        0.001016141613945365,
        0.9999902844429016,
        0.00429324759170413,
        -0.16642917692661285,
        -0.029924577102065086,
        -0.004260919522494078,
        0.9995430707931519,
        -0.8352928757667542
    ],
    [
        0.9994993805885315,
        -0.0009110103128477931,
        0.031626343727111816,
        0.12996311485767365,
        0.0007808527443557978,
        0.9999911785125732,
        0.004127577878534794,
        -0.17213070392608643,
        -0.03162983059883118,
        -0.0041008153930306435,
        0.9994912147521973,
        -0.8584083318710327
    ],
    [
        0.9994164109230042,
        -0.0009298244840465486,
        0.03414345905184746,
        0.13498224318027496,
        0.0007975904154591262,
        0.9999921321868896,
        0.0038862964138388634,
        -0.17765183746814728,
        -0.03414680063724518,
        -0.0038567963056266308,
        0.9994094371795654,
        -0.8859632015228271
    ]
]