[
    [
        0.9619735479354858,
        0.012364939786493778,
        -0.2728624641895294,
        -0.15134359896183014,
        -0.012019683606922626,
        0.9999234080314636,
        0.0029369189869612455,
        -0.04028191789984703,
        0.27287787199020386,
        0.0004544821276795119,
        0.9620485305786133,
        -0.055125731974840164
    ],
    [
        0.9401664733886719,
        0.01539879571646452,
        -0.3403671085834503,
        -0.17545588314533234,
        -0.015107044018805027,
        0.9998796582221985,
        0.0035074143670499325,
        -0.06659475713968277,
        0.34038016200065613,
        0.0018443859880790114,
        0.9402860999107361,
        -0.06237120181322098
    ],
    [
        0.9223112463951111,
        0.01811474934220314,
        -0.3860229253768921,
        -0.1798350214958191,
        -0.01790538802742958,
        0.9998310804367065,
        0.004137961659580469,
        -0.09446347504854202,
        0.38603273034095764,
        0.003095401916652918,
        0.9224798083305359,
        -0.04771244898438454
    ],
    [
        0.9093721508979797,
        0.01932164654135704,
        -0.41553470492362976,
        -0.16530229151248932,
        -0.01908719912171364,
        0.9998066425323486,
        0.004718130920082331,
        -0.1283206343650818,
        0.4155455231666565,
        0.0036408575251698494,
        0.9095650911331177,
        -0.023789921775460243
    ],
    [
        0.8951444625854492,
        0.02174307592213154,
        -0.445245623588562,
        -0.13216859102249146,
        -0.02105262503027916,
        0.9997572898864746,
        0.006496768444776535,
        -0.16282548010349274,
        0.4452788233757019,
        0.003558042924851179,
        0.8953849077224731,
        0.018891556188464165
    ],
    [
        0.8840512037277222,
        0.02367827109992504,
        -0.46679002046585083,
        -0.08971253037452698,
        -0.02230767346918583,
        0.9997153878211975,
        0.008462916128337383,
        -0.1943063884973526,
        0.4668574631214142,
        0.0029313492123037577,
        0.8843276500701904,
        0.06598862260580063
    ],
    [
        0.8739748597145081,
        0.02547195926308632,
        -0.48530313372612,
        -0.037016648799180984,
        -0.024376967921853065,
        0.9996660947799683,
        0.008569073863327503,
        -0.22979538142681122,
        0.48535940051078796,
        0.004341064020991325,
        0.874303936958313,
        0.12112990766763687
    ],
    [
        0.8681467771530151,
        0.02548539824783802,
        -0.49565279483795166,
        0.03347266837954521,
        -0.024610066786408424,
        0.9996626973152161,
        0.008295428939163685,
        -0.2770999073982239,
        0.4956969916820526,
        0.004996398463845253,
        0.8684811592102051,
        0.19272556900978088
    ],
    [
        0.8656886219978333,
        0.026525836437940598,
        -0.4998796880245209,
        0.10679809749126434,
        -0.025328774005174637,
        0.9996370673179626,
        0.009180967696011066,
        -0.3104567229747772,
        0.49994170665740967,
        0.004713478498160839,
        0.8660461902618408,
        0.2736605405807495
    ],
    [
        0.8651614785194397,
        0.026666373014450073,
        -0.5007839798927307,
        0.2214723378419876,
        -0.0254169013351202,
        0.9996335506439209,
        0.009319142438471317,
        -0.36134424805641174,
        0.5008488893508911,
        0.004665812011808157,
        0.8655221462249756,
        0.37497204542160034
    ],
    [
        0.8653197288513184,
        0.027587909251451492,
        -0.5004603862762451,
        0.3614549934864044,
        -0.025850458070635796,
        0.9996116161346436,
        0.010406982153654099,
        -0.41065147519111633,
        0.5005531311035156,
        0.003931762184947729,
        0.8656967878341675,
        0.47004690766334534
    ],
    [
        0.8728733658790588,
        0.026837412267923355,
        -0.4872083365917206,
        0.4994364082813263,
        -0.025657789781689644,
        0.9996293783187866,
        0.00909563060849905,
        -0.4687877297401428,
        0.4872719347476959,
        0.0045613572001457214,
        0.8732384443283081,
        0.5818353891372681
    ],
    [
        0.8988523483276367,
        0.026432059705257416,
        -0.4374537467956543,
        0.5997115969657898,
        -0.025607183575630188,
        0.9996417760848999,
        0.007784851361066103,
        -0.5264674425125122,
        0.43750280141830444,
        0.0042045265436172485,
        0.8992072343826294,
        0.7010354995727539
    ],
    [
        0.9344829320907593,
        0.024615110829472542,
        -0.3551560044288635,
        0.6715143322944641,
        -0.023131275549530983,
        0.9996969699859619,
        0.008424312807619572,
        -0.5867828130722046,
        0.35525578260421753,
        0.0003428493801038712,
        0.9347690343856812,
        0.8480505347251892
    ],
    [
        0.9650645852088928,
        0.02176264487206936,
        -0.2611067593097687,
        0.7147394418716431,
        -0.020682262256741524,
        0.9997624158859253,
        0.0068855914287269115,
        -0.6591675281524658,
        0.2611945569515228,
        -0.0012447717599570751,
        0.9652853608131409,
        1.0173156261444092
    ],
    [
        0.9804262518882751,
        0.018692880868911743,
        -0.1959974616765976,
        0.7789130210876465,
        -0.01756814494729042,
        0.9998177289962769,
        0.007475974503904581,
        -0.7126204371452332,
        0.1961016058921814,
        -0.0038863886147737503,
        0.9805759191513062,
        1.1559927463531494
    ],
    [
        0.9876809120178223,
        0.01657762937247753,
        -0.15560071170330048,
        0.867535412311554,
        -0.015639066696166992,
        0.9998514652252197,
        0.007254264783114195,
        -0.7403519749641418,
        0.15569791197776794,
        -0.004731473512947559,
        0.9877934455871582,
        1.3763270378112793
    ],
    [
        0.9902631640434265,
        0.01571180485188961,
        -0.13831833004951477,
        0.9540034532546997,
        -0.014753587543964386,
        0.9998594522476196,
        0.007949656806886196,
        -0.7439417243003845,
        0.1384238749742508,
        -0.0058315289206802845,
        0.990355908870697,
        1.600293755531311
    ],
    [
        0.9916527271270752,
        0.016213499009609222,
        -0.12791481614112854,
        0.9999263286590576,
        -0.015187839977443218,
        0.9998441338539124,
        0.008990715257823467,
        -0.7383434176445007,
        0.12804056704044342,
        -0.006972924806177616,
        0.9917443990707397,
        1.8122644424438477
    ],
    [
        0.9927393794059753,
        0.01695990562438965,
        -0.11908385902643204,
        1.0240845680236816,
        -0.015857594087719917,
        0.999822199344635,
        0.010198741219937801,
        -0.7112793922424316,
        0.11923565715551376,
        -0.00823630765080452,
        0.992831826210022,
        2.0689284801483154
    ],
    [
        0.9936391711235046,
        0.016284320503473282,
        -0.11142735928297043,
        1.0387719869613647,
        -0.015464923344552517,
        0.9998466372489929,
        0.008214455097913742,
        -0.7163349986076355,
        0.1115439236164093,
        -0.006438996642827988,
        0.99373859167099,
        2.30814528465271
    ],
    [
        0.9944376945495605,
        0.016113482415676117,
        -0.10408619791269302,
        1.0639225244522095,
        -0.015278197824954987,
        0.9998444318771362,
        0.008817565627396107,
        -0.7000115513801575,
        0.10421204566955566,
        -0.007178266532719135,
        0.994529128074646,
        2.560411214828491
    ],
    [
        0.9950630068778992,
        0.015509925782680511,
        -0.0980256125330925,
        1.1141934394836426,
        -0.014684186317026615,
        0.9998503923416138,
        0.009139740839600563,
        -0.693250834941864,
        0.09815272688865662,
        -0.007655189372599125,
        0.9951419234275818,
        2.8087594509124756
    ],
    [
        0.9954146146774292,
        0.015154067426919937,
        -0.09444636106491089,
        1.1691160202026367,
        -0.014391140080988407,
        0.9998581409454346,
        0.008753573521971703,
        -0.7011942267417908,
        0.09456555545330048,
        -0.007354250643402338,
        0.9954915046691895,
        3.040677547454834
    ],
    [
        0.9956322908401489,
        0.015596333891153336,
        -0.09205008298158646,
        1.202712059020996,
        -0.014869200997054577,
        0.9998525381088257,
        0.008579843677580357,
        -0.6809043288230896,
        0.09217046201229095,
        -0.0071736471727490425,
        0.9957173466682434,
        3.281468152999878
    ]
]