[
    [
        0.9999961256980896,
        -0.0011896275682374835,
        -0.0025326863396912813,
        0.022705426439642906,
        0.0011979424161836505,
        0.9999938607215881,
        0.003283844795078039,
        -0.0015772645128890872,
        0.002528764307498932,
        -0.0032868662383407354,
        0.9999914169311523,
        0.16499024629592896
    ],
    [
        0.9999967813491821,
        -0.000852899276651442,
        -0.002412511268630624,
        0.027809621766209602,
        0.0008632629178464413,
        0.9999904632568359,
        0.004298103041946888,
        -0.002376692136749625,
        0.0024088220670819283,
        -0.004300171975046396,
        0.9999878406524658,
        0.1838819831609726
    ],
    [
        0.9999970197677612,
        -2.109612978529185e-05,
        -0.0024444889277219772,
        0.03494903817772865,
        3.523487612255849e-05,
        0.9999833703041077,
        0.00578408082947135,
        -0.0038109850138425827,
        0.002444326179102063,
        -0.005784149747341871,
        0.9999803304672241,
        0.20913343131542206
    ],
    [
        0.9999968409538269,
        0.0005447177682071924,
        -0.0024385997094213963,
        0.03941861167550087,
        -0.0005288272514007986,
        0.9999787211418152,
        0.006512241438031197,
        -0.004260014742612839,
        0.002442094963043928,
        -0.00651093153283,
        0.9999758005142212,
        0.22850045561790466
    ],
    [
        0.9999957084655762,
        0.0012133527779951692,
        -0.0026656193658709526,
        0.04564607888460159,
        -0.0011920923134312034,
        0.999967634677887,
        0.007963070645928383,
        -0.006481905933469534,
        0.002675194526091218,
        -0.007959858514368534,
        0.999964714050293,
        0.25532448291778564
    ],
    [
        0.9999936819076538,
        0.0018760908860713243,
        -0.003024271922186017,
        0.05029663071036339,
        -0.001847792067565024,
        0.9999548196792603,
        0.009332696907222271,
        -0.008804443292319775,
        0.0030416438821703196,
        -0.009327051229774952,
        0.9999518394470215,
        0.2765892744064331
    ],
    [
        0.9999832510948181,
        0.0031827688217163086,
        -0.004839134868234396,
        0.0606924444437027,
        -0.0031273227650672197,
        0.9999299049377441,
        0.011422667652368546,
        -0.012998751364648342,
        0.0048751505091786385,
        -0.011407344602048397,
        0.9999229907989502,
        0.30698293447494507
    ],
    [
        0.9999731779098511,
        0.003931610379368067,
        -0.0061861444264650345,
        0.06800691783428192,
        -0.0038509350270032883,
        0.9999080896377563,
        0.012999541126191616,
        -0.016339940950274467,
        0.006236684508621693,
        -0.012975369580090046,
        0.9998964071273804,
        0.3289259970188141
    ],
    [
        0.9999575614929199,
        0.004829773213714361,
        -0.007844270206987858,
        0.07615550607442856,
        -0.00471835769712925,
        0.9998886585235596,
        0.014160358346998692,
        -0.018183037638664246,
        0.007911787368357182,
        -0.014122744090855122,
        0.9998689889907837,
        0.3586908280849457
    ],
    [
        0.9999428391456604,
        0.005396504420787096,
        -0.009234067052602768,
        0.08236008137464523,
        -0.005259151570498943,
        0.9998761415481567,
        0.014834718778729439,
        -0.019215213134884834,
        0.009312979876995087,
        -0.01478530652821064,
        0.9998472929000854,
        0.37978994846343994
    ],
    [
        0.9999160170555115,
        0.005693856161087751,
        -0.01163895521312952,
        0.09143921732902527,
        -0.005516724660992622,
        0.9998693466186523,
        0.015194790437817574,
        -0.01981414668262005,
        0.011723950505256653,
        -0.015129306353628635,
        0.9998168349266052,
        0.40857475996017456
    ],
    [
        0.9999027848243713,
        0.006118927150964737,
        -0.012531937099993229,
        0.0950026661157608,
        -0.00592622347176075,
        0.9998645782470703,
        0.015356822870671749,
        -0.019891483709216118,
        0.012624205090105534,
        -0.01528106164187193,
        0.9998034834861755,
        0.4309685230255127
    ],
    [
        0.9998883605003357,
        0.006996581330895424,
        -0.013204827904701233,
        0.0978294387459755,
        -0.006786017213016748,
        0.9998502135276794,
        0.01592390611767769,
        -0.020892620086669922,
        0.01331426203250885,
        -0.01583251915872097,
        0.9997859597206116,
        0.46187880635261536
    ],
    [
        0.9998733401298523,
        0.008371139876544476,
        -0.01353728398680687,
        0.09924934059381485,
        -0.008143636398017406,
        0.999826192855835,
        0.01677432842552662,
        -0.023266421630978584,
        0.01367534976452589,
        -0.016661960631608963,
        0.9997677206993103,
        0.4941015839576721
    ],
    [
        0.9998619556427002,
        0.009223359636962414,
        -0.013819175772368908,
        0.10048822313547134,
        -0.00898635946214199,
        0.9998131394386292,
        0.017115162685513496,
        -0.024393601343035698,
        0.013974453322589397,
        -0.016988616436719894,
        0.9997580647468567,
        0.5180532336235046
    ],
    [
        0.9998507499694824,
        0.01053575612604618,
        -0.013685178942978382,
        0.09970395267009735,
        -0.01029531005769968,
        0.9997934699058533,
        0.017522960901260376,
        -0.025574205443263054,
        0.0138669703155756,
        -0.017379455268383026,
        0.9997528195381165,
        0.5487765073776245
    ],
    [
        0.9998347163200378,
        0.011492308229207993,
        -0.014090225100517273,
        0.10018600523471832,
        -0.011249033734202385,
        0.9997884035110474,
        0.017224889248609543,
        -0.025351695716381073,
        0.014285196550190449,
        -0.01706354133784771,
        0.9997523427009583,
        0.5711939334869385
    ],
    [
        0.9998117089271545,
        0.012528331950306892,
        -0.014815807342529297,
        0.10185635089874268,
        -0.012283533811569214,
        0.9997884631156921,
        0.01649988256394863,
        -0.02433558739721775,
        0.015019388869404793,
        -0.016314785927534103,
        0.9997541308403015,
        0.6013364195823669
    ],
    [
        0.999777615070343,
        0.013870577327907085,
        -0.01588531956076622,
        0.10328645259141922,
        -0.013613150455057621,
        0.9997760653495789,
        0.016200456768274307,
        -0.024562640115618706,
        0.01610647328197956,
        -0.01598060503602028,
        0.9997425675392151,
        0.6240774393081665
    ],
    [
        0.9997334480285645,
        0.015478089451789856,
        -0.017131436616182327,
        0.10487934201955795,
        -0.015199180692434311,
        0.9997518062591553,
        0.01629261113703251,
        -0.026437979191541672,
        0.017379365861415863,
        -0.01602788455784321,
        0.9997203946113586,
        0.6549373269081116
    ],
    [
        0.9996895790100098,
        0.016867276281118393,
        -0.018338683992624283,
        0.10596882551908493,
        -0.01656552404165268,
        0.9997268915176392,
        0.01648361049592495,
        -0.02834518626332283,
        0.018611708655953407,
        -0.01617470197379589,
        0.999695897102356,
        0.6780442595481873
    ],
    [
        0.9996108412742615,
        0.01826322078704834,
        -0.021086663007736206,
        0.11005344986915588,
        -0.017935995012521744,
        0.9997173547744751,
        0.01560433954000473,
        -0.028992868959903717,
        0.021365690976381302,
        -0.015220056287944317,
        0.9996558427810669,
        0.7077182531356812
    ],
    [
        0.9995465874671936,
        0.019396375864744186,
        -0.023030735552310944,
        0.1124425083398819,
        -0.01904095895588398,
        0.999697744846344,
        0.015552593395113945,
        -0.03137728199362755,
        0.02332543581724167,
        -0.015107013285160065,
        0.9996138215065002,
        0.7303285598754883
    ],
    [
        0.9994244575500488,
        0.02069975808262825,
        -0.026875901967287064,
        0.11756163090467453,
        -0.02028302103281021,
        0.9996711611747742,
        0.015687154605984688,
        -0.03539235517382622,
        0.02719178982079029,
        -0.01513299997895956,
        0.9995156526565552,
        0.7602087259292603
    ],
    [
        0.999301016330719,
        0.021173574030399323,
        -0.03080882504582405,
        0.12328500300645828,
        -0.020710324868559837,
        0.9996687173843384,
        0.015278484672307968,
        -0.039114683866500854,
        0.03112212009727955,
        -0.014629743993282318,
        0.9994086027145386,
        0.7880176305770874
    ]
]