[
    [
        0.9828153848648071,
        -0.018209554255008698,
        0.18369103968143463,
        -0.06642865389585495,
        0.01884896121919155,
        0.9998207688331604,
        -0.0017352781724184752,
        -0.12951414287090302,
        -0.18362653255462646,
        0.00516784330829978,
        0.9829824566841125,
        0.244049534201622
    ],
    [
        0.9705953598022461,
        -0.022196698933839798,
        0.23969139158725739,
        -0.09129953384399414,
        0.02270607464015484,
        0.9997420310974121,
        0.0006364901200868189,
        -0.1888931691646576,
        -0.23964367806911469,
        0.004824676550924778,
        0.9708488583564758,
        0.31393977999687195
    ],
    [
        0.9604206681251526,
        -0.026080850511789322,
        0.2773301899433136,
        -0.10473605245351791,
        0.026843678206205368,
        0.9996391534805298,
        0.0010464639635756612,
        -0.2397330403327942,
        -0.27725738286972046,
        0.0064395153895020485,
        0.9607741236686707,
        0.37380319833755493
    ],
    [
        0.9517001509666443,
        -0.024645879864692688,
        0.30603817105293274,
        -0.11923161149024963,
        0.030248481780290604,
        0.9994502067565918,
        -0.013577238656580448,
        -0.2672160863876343,
        -0.30553531646728516,
        0.0221786480396986,
        0.9519224166870117,
        0.4068989157676697
    ],
    [
        0.9446902275085449,
        -0.022153766825795174,
        0.32721495628356934,
        -0.13422979414463043,
        0.03301095589995384,
        0.9990720152854919,
        -0.027663523331284523,
        -0.2745026648044586,
        -0.32629844546318054,
        0.03693513944745064,
        0.9445449113845825,
        0.4160093665122986
    ],
    [
        0.9396403431892395,
        -0.019339725375175476,
        0.3416167199611664,
        -0.14467765390872955,
        0.03519023209810257,
        0.9985693097114563,
        -0.040261805057525635,
        -0.27305442094802856,
        -0.34034931659698486,
        0.049853190779685974,
        0.938976526260376,
        0.4123523533344269
    ],
    [
        0.9355500936508179,
        -0.017245769500732422,
        0.35277289152145386,
        -0.15205799043178558,
        0.0371415913105011,
        0.9980729222297668,
        -0.04970698431134224,
        -0.26852819323539734,
        -0.35123586654663086,
        0.0596059113740921,
        0.934387743473053,
        0.4050658047199249
    ],
    [
        0.9343450665473938,
        -0.015343145467340946,
        0.35603925585746765,
        -0.1578751653432846,
        0.03831103816628456,
        0.9976073503494263,
        -0.057547833770513535,
        -0.25639280676841736,
        -0.3543044924736023,
        0.06740976870059967,
        0.9326972365379333,
        0.38128945231437683
    ],
    [
        0.9316388964653015,
        -0.01527731865644455,
        0.36306414008140564,
        -0.14821821451187134,
        0.040197741240262985,
        0.9973167181015015,
        -0.06118327006697655,
        -0.24239018559455872,
        -0.361155241727829,
        0.07159506529569626,
        0.9297531843185425,
        0.34820985794067383
    ],
    [
        0.929136335849762,
        -0.015601224265992641,
        0.36940789222717285,
        -0.12355683743953705,
        0.04235420003533363,
        0.9970235228538513,
        -0.0644221231341362,
        -0.22853872179985046,
        -0.3673032820224762,
        0.075502909719944,
        0.9270316362380981,
        0.3074851632118225
    ],
    [
        0.9284477233886719,
        -0.017046134918928146,
        0.3710717260837555,
        -0.08602972328662872,
        0.04413355514407158,
        0.9969330430030823,
        -0.06462861597537994,
        -0.2130727767944336,
        -0.36883196234703064,
        0.07638099044561386,
        0.9263525009155273,
        0.2559915781021118
    ],
    [
        0.9284189939498901,
        -0.018338296562433243,
        0.371082067489624,
        -0.036334916949272156,
        0.04577375575900078,
        0.9968177676200867,
        -0.06526127457618713,
        -0.19905832409858704,
        -0.3687044084072113,
        0.07757562398910522,
        0.9263038635253906,
        0.1923447698354721
    ],
    [
        0.9285345673561096,
        -0.019518738612532616,
        0.37073245644569397,
        0.018010741099715233,
        0.047382887452840805,
        0.9966806173324585,
        -0.06620058417320251,
        -0.18430928885936737,
        -0.36820971965789795,
        0.07903589308261871,
        0.9263773560523987,
        0.12831038236618042
    ],
    [
        0.9307421445846558,
        -0.020336102694272995,
        0.3651103675365448,
        0.0702069103717804,
        0.04751287028193474,
        0.9967138767242432,
        -0.06560469418764114,
        -0.17641356587409973,
        -0.3625764548778534,
        0.07840848714113235,
        0.9286497235298157,
        0.056049980223178864
    ],
    [
        0.9376079440116882,
        -0.02185153216123581,
        0.3470070958137512,
        0.11924512684345245,
        0.04809083417057991,
        0.9965808987617493,
        -0.06718457490205765,
        -0.16657117009162903,
        -0.3443526029586792,
        0.07968064397573471,
        0.935452938079834,
        -0.03121843747794628
    ],
    [
        0.9501824975013733,
        -0.02224818989634514,
        0.31089895963668823,
        0.15256460011005402,
        0.04635024443268776,
        0.9964448809623718,
        -0.07035116851329803,
        -0.1539408415555954,
        -0.308228462934494,
        0.0812566876411438,
        0.9478357434272766,
        -0.14039760828018188
    ],
    [
        0.9639541506767273,
        -0.02213219553232193,
        0.2651462256908417,
        0.15164615213871002,
        0.04300137236714363,
        0.996392548084259,
        -0.07316338270902634,
        -0.1444202959537506,
        -0.26257044076919556,
        0.08192779868841171,
        0.9614284038543701,
        -0.2795437276363373
    ],
    [
        0.9757596850395203,
        -0.02031742036342621,
        0.21789951622486115,
        0.12246420979499817,
        0.03763590380549431,
        0.9964258074760437,
        -0.07562565803527832,
        -0.121250681579113,
        -0.2155841886997223,
        0.08199331909418106,
        0.9730368256568909,
        -0.4332447052001953
    ],
    [
        0.9869369864463806,
        -0.019090496003627777,
        0.15997135639190674,
        0.07667997479438782,
        0.031767264008522034,
        0.9965198040008545,
        -0.07706523686647415,
        -0.08649749308824539,
        -0.15794342756271362,
        0.08114038407802582,
        0.9841088652610779,
        -0.573743999004364
    ],
    [
        0.9970158338546753,
        -0.02078213170170784,
        0.07434765249490738,
        0.03957044705748558,
        0.026778055354952812,
        0.9963881373405457,
        -0.08058185875415802,
        -0.05268090218305588,
        -0.07240447402000427,
        0.08233226835727692,
        0.9939712882041931,
        -0.6961101293563843
    ],
    [
        0.9991438984870911,
        -0.021137619391083717,
        -0.03556302189826965,
        0.005374298896640539,
        0.018187157809734344,
        0.99652099609375,
        -0.08133421838283539,
        -0.027809036895632744,
        0.03715851157903671,
        0.08061779290437698,
        0.9960522055625916,
        -0.8031055927276611
    ],
    [
        0.9883310198783875,
        -0.020693615078926086,
        -0.150908961892128,
        -0.05069597810506821,
        0.00858429167419672,
        0.996721088886261,
        -0.08045674860477448,
        -0.016270790249109268,
        0.15207909047603607,
        0.07822244614362717,
        0.9852681159973145,
        -0.8818567991256714
    ],
    [
        0.9684078097343445,
        -0.01994062401354313,
        -0.24857333302497864,
        -0.12924206256866455,
        0.00036905641900375485,
        0.996911346912384,
        -0.07853471487760544,
        -0.01602577045559883,
        0.24937158823013306,
        0.07596190273761749,
        0.9654240012168884,
        -0.924859881401062
    ],
    [
        0.9451379776000977,
        -0.01906530372798443,
        -0.32611456513404846,
        -0.22888000309467316,
        -0.006083011627197266,
        0.9970952868461609,
        -0.07592180371284485,
        -0.006924893241375685,
        0.32661473751068115,
        0.07374034821987152,
        0.9422765970230103,
        -0.9200488924980164
    ],
    [
        0.9219062924385071,
        -0.017402147874236107,
        -0.38702189922332764,
        -0.351770281791687,
        -0.011343312449753284,
        0.9973497986793518,
        -0.07186543941497803,
        0.008704973384737968,
        0.3872468173503876,
        0.07064332067966461,
        0.9192657470703125,
        -0.8959581851959229
    ]
]