[
    [
        0.5832679271697998,
        -0.11657757312059402,
        0.8038707375526428,
        1.6961842775344849,
        0.10533042252063751,
        0.9921467304229736,
        0.06745635718107224,
        -0.1530005931854248,
        -0.8054216504096985,
        0.04532690346240997,
        0.5909665822982788,
        0.6558632850646973
    ],
    [
        0.5503284335136414,
        -0.11852611601352692,
        0.8264926075935364,
        1.664320945739746,
        0.10667093098163605,
        0.9917421340942383,
        0.07119638472795486,
        -0.1374894678592682,
        -0.8281062841415405,
        0.04898134991526604,
        0.558427095413208,
        0.637537956237793
    ],
    [
        0.5208578705787659,
        -0.12076918035745621,
        0.8450571894645691,
        1.6285591125488281,
        0.10782834142446518,
        0.9913204908370972,
        0.07521115243434906,
        -0.12237775325775146,
        -0.8468058109283447,
        0.05194680765271187,
        0.5293595194816589,
        0.615112841129303
    ],
    [
        0.49220842123031616,
        -0.1228494644165039,
        0.8617649674415588,
        1.5869086980819702,
        0.10888689011335373,
        0.9909046292304993,
        0.07906686514616013,
        -0.10831834375858307,
        -0.8636402487754822,
        0.054917529225349426,
        0.5011083483695984,
        0.5921549201011658
    ],
    [
        0.4678240418434143,
        -0.12392426282167435,
        0.875090479850769,
        1.5382333993911743,
        0.1095094159245491,
        0.9906190633773804,
        0.08174078166484833,
        -0.10153825581073761,
        -0.8770109415054321,
        0.057590335607528687,
        0.47700634598731995,
        0.567853569984436
    ],
    [
        0.44423532485961914,
        -0.12460090965032578,
        0.8872031569480896,
        1.491593360900879,
        0.11032526195049286,
        0.9903524518013,
        0.08384599536657333,
        -0.09816306829452515,
        -0.8890912532806396,
        0.06063356250524521,
        0.4536963105201721,
        0.5414862036705017
    ],
    [
        0.42200636863708496,
        -0.1257481575012207,
        0.8978296518325806,
        1.4455530643463135,
        0.11101491004228592,
        0.9900486469268799,
        0.08648388087749481,
        -0.09748102724552155,
        -0.899770200252533,
        0.0631757378578186,
        0.4317667484283447,
        0.5169270634651184
    ],
    [
        0.40388724207878113,
        -0.12603849172592163,
        0.9060845375061035,
        1.3808320760726929,
        0.11173563450574875,
        0.9898442029953003,
        0.08788350224494934,
        -0.09682208299636841,
        -0.9079594612121582,
        0.06574691087007523,
        0.4138684570789337,
        0.48356854915618896
    ],
    [
        0.3890485465526581,
        -0.12581533193588257,
        0.9125851988792419,
        1.2980707883834839,
        0.11123187839984894,
        0.9897975325584412,
        0.08904058486223221,
        -0.10168662667274475,
        -0.9144772887229919,
        0.06686745584011078,
        0.3990740180015564,
        0.43786343932151794
    ],
    [
        0.3773437738418579,
        -0.12553608417510986,
        0.917525053024292,
        1.197473406791687,
        0.11165627837181091,
        0.9897090196609497,
        0.08949226140975952,
        -0.11017198860645294,
        -0.919317364692688,
        0.0686781033873558,
        0.38747748732566833,
        0.38613784313201904
    ],
    [
        0.36612454056739807,
        -0.12553314864635468,
        0.9220597147941589,
        1.1000686883926392,
        0.1117495521903038,
        0.9896197319030762,
        0.09035838395357132,
        -0.11561638116836548,
        -0.9238316416740417,
        0.06995733827352524,
        0.3763523995876312,
        0.3345164954662323
    ],
    [
        0.3551931083202362,
        -0.12606002390384674,
        0.9262542128562927,
        1.013243556022644,
        0.11196187138557434,
        0.9894697070121765,
        0.09172913432121277,
        -0.11859322339296341,
        -0.9280638098716736,
        0.07112358510494232,
        0.3655667006969452,
        0.29092150926589966
    ],
    [
        0.3407757580280304,
        -0.12750309705734253,
        0.9314583539962769,
        0.9170715808868408,
        0.11247965693473816,
        0.9891738891601562,
        0.09425260126590729,
        -0.11866281181573868,
        -0.933391809463501,
        0.07265114039182663,
        0.35142794251441956,
        0.24990975856781006
    ],
    [
        0.3238953948020935,
        -0.12836629152297974,
        0.9373440742492676,
        0.846811830997467,
        0.11344356834888458,
        0.9888738989830017,
        0.09622318297624588,
        -0.11569685488939285,
        -0.9392669200897217,
        0.0751694068312645,
        0.33485403656959534,
        0.21873316168785095
    ],
    [
        0.3004508912563324,
        -0.12975914776325226,
        0.9449295401573181,
        0.774636447429657,
        0.11412085592746735,
        0.9884764552116394,
        0.09945306181907654,
        -0.11776239424943924,
        -0.9469454884529114,
        0.07795541733503342,
        0.3117968440055847,
        0.19254332780838013
    ],
    [
        0.26915693283081055,
        -0.1306842714548111,
        0.9541888236999512,
        0.6943731307983398,
        0.1144368126988411,
        0.9880719184875488,
        0.10304458439350128,
        -0.12205421179533005,
        -0.9562733769416809,
        0.0814591497182846,
        0.2809014916419983,
        0.16721497476100922
    ],
    [
        0.22790265083312988,
        -0.13119962811470032,
        0.9648042321205139,
        0.6028448939323425,
        0.1142779216170311,
        0.9876362085342407,
        0.10731013119220734,
        -0.12294458597898483,
        -0.9669544100761414,
        0.08579955995082855,
        0.24007810652256012,
        0.13829761743545532
    ],
    [
        0.1778208315372467,
        -0.1323418766260147,
        0.9751232266426086,
        0.5169013738632202,
        0.11488070338964462,
        0.9869318604469299,
        0.1129951924085617,
        -0.11778216063976288,
        -0.977334201335907,
        0.09192994236946106,
        0.19070057570934296,
        0.10170752555131912
    ],
    [
        0.12367221713066101,
        -0.13301855325698853,
        0.9833672046661377,
        0.4483543336391449,
        0.11532267183065414,
        0.9861868023872375,
        0.11889650672674179,
        -0.11336644738912582,
        -0.9855992794036865,
        0.09870035201311111,
        0.13730396330356598,
        0.057622816413640976
    ],
    [
        0.06683985888957977,
        -0.13346759974956512,
        0.9887967109680176,
        0.4057300090789795,
        0.11553891748189926,
        0.9853814840316772,
        0.12519650161266327,
        -0.10487499088048935,
        -0.9910516142845154,
        0.1058763861656189,
        0.08128346502780914,
        -0.003601396456360817
    ],
    [
        0.004538117442280054,
        -0.13544785976409912,
        0.9907740950584412,
        0.39941921830177307,
        0.11468613892793655,
        0.9843171834945679,
        0.13403984904289246,
        -0.09621212631464005,
        -0.9933914542198181,
        0.11301976442337036,
        0.020000940188765526,
        -0.08279133588075638
    ],
    [
        -0.058904487639665604,
        -0.13623246550559998,
        0.9889240860939026,
        0.41654717922210693,
        0.11504790931940079,
        0.983116865158081,
        0.14228521287441254,
        -0.08964931964874268,
        -0.9916119575500488,
        0.12215489149093628,
        -0.04223674163222313,
        -0.16408021748065948
    ],
    [
        -0.12393242120742798,
        -0.13653810322284698,
        0.9828519821166992,
        0.4580078125,
        0.1129237487912178,
        0.9821127653121948,
        0.150674507021904,
        -0.08229489624500275,
        -0.9858443737030029,
        0.12966080009937286,
        -0.10629721730947495,
        -0.2556440234184265
    ],
    [
        -0.18918371200561523,
        -0.13551980257034302,
        0.9725450873374939,
        0.5094518065452576,
        0.11111395061016083,
        0.9811145663261414,
        0.1583283245563507,
        -0.07677692919969559,
        -0.9756348133087158,
        0.1380164623260498,
        -0.17055274546146393,
        -0.35322800278663635
    ],
    [
        -0.26650404930114746,
        -0.1351364105939865,
        0.9543132185935974,
        0.5675690770149231,
        0.10775450617074966,
        0.9797376990318298,
        0.16882847249507904,
        -0.08177849650382996,
        -0.9577915072441101,
        0.14782501757144928,
        -0.24654249846935272,
        -0.462560772895813
    ]
]