[
    [
        0.9996309876441956,
        0.00604536896571517,
        0.026481658220291138,
        -0.04751429706811905,
        -0.006101282779127359,
        0.9999793171882629,
        0.0020311165135353804,
        -0.01345636136829853,
        -0.026468832045793533,
        -0.002191938692703843,
        0.9996472597122192,
        0.15809333324432373
    ],
    [
        0.999534547328949,
        0.006148942746222019,
        0.029880568385124207,
        -0.0520174577832222,
        -0.0061736744828522205,
        0.999980628490448,
        0.0007354592671617866,
        -0.013704169541597366,
        -0.02987547032535076,
        -0.0009195905295200646,
        0.9995531439781189,
        0.16980311274528503
    ],
    [
        0.9993569850921631,
        0.0061456868425011635,
        0.03532436117529869,
        -0.05974786356091499,
        -0.006107759196311235,
        0.999980628490448,
        -0.0011814894387498498,
        -0.014216605573892593,
        -0.035330936312675476,
        0.0009649774874560535,
        0.9993751645088196,
        0.18758706748485565
    ],
    [
        0.9991713166236877,
        0.006079161539673805,
        0.04024500027298927,
        -0.06693174690008163,
        -0.005981444381177425,
        0.9999788403511047,
        -0.0025480359327048063,
        -0.01444188877940178,
        -0.04025964066386223,
        0.00230520055629313,
        0.9991866946220398,
        0.2060442715883255
    ],
    [
        0.9989586472511292,
        0.005663469899445772,
        0.0452706553041935,
        -0.07418955117464066,
        -0.005493046250194311,
        0.9999774098396301,
        -0.0038880675565451384,
        -0.014744499698281288,
        -0.04529164731502533,
        0.0036353447940200567,
        0.998967170715332,
        0.22469891607761383
    ],
    [
        0.9986850619316101,
        0.004719206131994724,
        0.051047708839178085,
        -0.08151523768901825,
        -0.0044388300739228725,
        0.9999744892120361,
        -0.0056043993681669235,
        -0.014700010418891907,
        -0.0510728545486927,
        0.005370438098907471,
        0.9986805319786072,
        0.24355804920196533
    ],
    [
        0.9983844757080078,
        0.003463586326688528,
        0.056713953614234924,
        -0.0887797623872757,
        -0.003079810179769993,
        0.999971866607666,
        -0.006852878723293543,
        -0.01583918184041977,
        -0.056736089289188385,
        0.006667139939963818,
        0.9983668923377991,
        0.26208728551864624
    ],
    [
        0.99806809425354,
        0.002225882839411497,
        0.062090303748846054,
        -0.095774807035923,
        -0.0016894267173483968,
        0.9999608993530273,
        -0.008691086433827877,
        -0.016681233420968056,
        -0.06210721284151077,
        0.008569400757551193,
        0.9980327486991882,
        0.2796925902366638
    ],
    [
        0.9976739883422852,
        0.0007597394287586212,
        0.06816048920154572,
        -0.10253354907035828,
        -6.416354881366715e-05,
        0.9999479651451111,
        -0.010206574574112892,
        -0.018113920465111732,
        -0.06816469132900238,
        0.01017846167087555,
        0.9976221919059753,
        0.2965574264526367
    ],
    [
        0.9971771240234375,
        -0.00021092033421155065,
        0.07508503645658493,
        -0.11016027629375458,
        0.0011022256221622229,
        0.9999294281005859,
        -0.01182937528938055,
        -0.01923995651304722,
        -0.07507724314928055,
        0.011878742836415768,
        0.9971069693565369,
        0.31280264258384705
    ],
    [
        0.9966349005699158,
        -0.0010849153622984886,
        0.08196140825748444,
        -0.11890589445829391,
        0.002174695720896125,
        0.9999104142189026,
        -0.013208153657615185,
        -0.020318321883678436,
        -0.08193974196910858,
        0.013341947458684444,
        0.9965479969978333,
        0.3289523422718048
    ],
    [
        0.9960712790489197,
        -0.0018557958537712693,
        0.0885351225733757,
        -0.12793469429016113,
        0.0031174032483249903,
        0.9998955726623535,
        -0.014113652519881725,
        -0.02103242091834545,
        -0.08849967271089554,
        0.01433420367538929,
        0.9959730505943298,
        0.34591546654701233
    ],
    [
        0.9953904747962952,
        -0.0023952063638716936,
        0.0958748310804367,
        -0.13883812725543976,
        0.00383215444162488,
        0.9998830556869507,
        -0.014806426130235195,
        -0.021422453224658966,
        -0.09582814574241638,
        0.015105582773685455,
        0.995283305644989,
        0.3639284074306488
    ],
    [
        0.994868814945221,
        -0.002751043299213052,
        0.10113704204559326,
        -0.14665785431861877,
        0.004290292970836163,
        0.9998781681060791,
        -0.015005087479948997,
        -0.02158072590827942,
        -0.10108344256877899,
        0.015361999161541462,
        0.9947593808174133,
        0.3768879175186157
    ],
    [
        0.994002103805542,
        -0.0031970806885510683,
        0.10931446403265,
        -0.15903346240520477,
        0.004821578040719032,
        0.9998818635940552,
        -0.01459968276321888,
        -0.02202240191400051,
        -0.1092548668384552,
        0.015039182268083096,
        0.9939000606536865,
        0.3971877694129944
    ],
    [
        0.9930047392845154,
        -0.0034088832326233387,
        0.11802542209625244,
        -0.17227667570114136,
        0.005131869576871395,
        0.9998846054077148,
        -0.01429760828614235,
        -0.02221097983419895,
        -0.11796306073665619,
        0.014803282916545868,
        0.9929076433181763,
        0.41754624247550964
    ],
    [
        0.9918148517608643,
        -0.004116737749427557,
        0.1276187002658844,
        -0.18512697517871857,
        0.005982413422316313,
        0.9998806715011597,
        -0.014239292591810226,
        -0.022243965417146683,
        -0.1275448501110077,
        0.014886208809912205,
        0.9917210340499878,
        0.43718221783638
    ],
    [
        0.9905036687850952,
        -0.0053988490253686905,
        0.1373797506093979,
        -0.19674725830554962,
        0.007371957413852215,
        0.999876856803894,
        -0.013857697136700153,
        -0.02309110388159752,
        -0.13728803396224976,
        0.014738859608769417,
        0.9904214143753052,
        0.45528504252433777
    ],
    [
        0.9891005158424377,
        -0.00705750985071063,
        0.1470726728439331,
        -0.2071927785873413,
        0.009195041842758656,
        0.9998616576194763,
        -0.013859054073691368,
        -0.022369422018527985,
        -0.1469545215368271,
        0.015060337260365486,
        0.9890285730361938,
        0.47214391827583313
    ],
    [
        0.987572431564331,
        -0.008916459046304226,
        0.15691140294075012,
        -0.2164158821105957,
        0.01118505373597145,
        0.9998453259468079,
        -0.013580728322267532,
        -0.020190294831991196,
        -0.15676604211330414,
        0.015167015604674816,
        0.9875192642211914,
        0.4892941415309906
    ],
    [
        0.9859217405319214,
        -0.011403889395296574,
        0.16681800782680511,
        -0.2238401621580124,
        0.013704806566238403,
        0.9998260736465454,
        -0.012648285366594791,
        -0.019414043053984642,
        -0.16664473712444305,
        0.014756429009139538,
        0.9859064817428589,
        0.5059946179389954
    ],
    [
        0.9841569662094116,
        -0.013898627832531929,
        0.17675364017486572,
        -0.2304384559392929,
        0.016196340322494507,
        0.9998018741607666,
        -0.011563362553715706,
        -0.018563803285360336,
        -0.17655792832374573,
        0.014242926612496376,
        0.9841872453689575,
        0.5229141116142273
    ],
    [
        0.9822361469268799,
        -0.016439097002148628,
        0.18692725896835327,
        -0.2367274910211563,
        0.01860486902296543,
        0.9997785091400146,
        -0.009837619960308075,
        -0.018519140779972076,
        -0.18672414124011993,
        0.013140623457729816,
        0.982324481010437,
        0.540120542049408
    ],
    [
        0.9800941348075867,
        -0.018756965175271034,
        0.19764494895935059,
        -0.24273517727851868,
        0.020791498944163322,
        0.9997499585151672,
        -0.008223587647080421,
        -0.017711544409394264,
        -0.19744129478931427,
        0.012169226072728634,
        0.98023921251297,
        0.5579555034637451
    ],
    [
        0.9777668714523315,
        -0.021164078265428543,
        0.20862385630607605,
        -0.24870438873767853,
        0.022870514541864395,
        0.9997217655181885,
        -0.005770407617092133,
        -0.017836149781942368,
        -0.20844368636608124,
        0.010413449257612228,
        0.9779788851737976,
        0.5764496326446533
    ]
]