[
    [
        0.9997280836105347,
        0.006767519284039736,
        -0.022312944754958153,
        0.041998010128736496,
        -0.006977694574743509,
        0.9999319911003113,
        -0.009355123154819012,
        -0.06094638258218765,
        0.02224811539053917,
        0.00950827170163393,
        0.9997071623802185,
        0.8606835603713989
    ],
    [
        0.9997023940086365,
        0.015544578433036804,
        -0.018803589046001434,
        0.05163715034723282,
        -0.015858007594943047,
        0.999735951423645,
        -0.016635926440358162,
        -0.08609312772750854,
        0.018540022894740105,
        0.01692916266620159,
        0.999684751033783,
        1.1414941549301147
    ],
    [
        0.9996705651283264,
        0.022332467138767242,
        -0.01264834962785244,
        0.08056028187274933,
        -0.02257484570145607,
        0.9995577335357666,
        -0.01935550384223461,
        -0.12151654064655304,
        0.012210501357913017,
        0.019634662196040154,
        0.9997327327728271,
        1.4535919427871704
    ],
    [
        0.999532163143158,
        0.03049880638718605,
        -0.002277818974107504,
        0.0896507054567337,
        -0.030520370230078697,
        0.9994829297065735,
        -0.010123210027813911,
        -0.1439768224954605,
        0.0019678950775414705,
        0.010187993757426739,
        0.999946117401123,
        1.7524104118347168
    ],
    [
        0.999382495880127,
        0.033063266426324844,
        0.011898222379386425,
        0.0998370498418808,
        -0.03307937830686569,
        0.9994520545005798,
        0.0011593446834012866,
        -0.17269915342330933,
        -0.011853371746838093,
        -0.00155221379827708,
        0.9999285936355591,
        2.067162036895752
    ],
    [
        0.999298095703125,
        0.03154272586107254,
        0.020210005342960358,
        0.11947526037693024,
        -0.031574543565511703,
        0.9995006322860718,
        0.001257041934877634,
        -0.2017059028148651,
        -0.020160261541604996,
        -0.0018942824099212885,
        0.9997950196266174,
        2.358016014099121
    ],
    [
        0.9988828897476196,
        0.031447239220142365,
        0.03526826575398445,
        0.10705329477787018,
        -0.03143211454153061,
        0.9995054006576538,
        -0.0009833252988755703,
        -0.22682292759418488,
        -0.035281747579574585,
        -0.00012632980360649526,
        0.9993773698806763,
        2.673007011413574
    ],
    [
        0.9982951283454895,
        0.027053961530327797,
        0.05171867087483406,
        0.08999954909086227,
        -0.027098193764686584,
        0.999632716178894,
        0.00015408113540615886,
        -0.25435107946395874,
        -0.051695507019758224,
        -0.0015553019475191832,
        0.9986616373062134,
        2.9617021083831787
    ],
    [
        0.9976375102996826,
        0.01886751689016819,
        0.06605634093284607,
        0.09120061993598938,
        -0.019005456939339638,
        0.9998183250427246,
        0.0014603838790208101,
        -0.27882272005081177,
        -0.0660167783498764,
        -0.0027123638428747654,
        0.9978148937225342,
        3.208449125289917
    ],
    [
        0.9961593747138977,
        0.01912424899637699,
        0.08544407784938812,
        0.08717979490756989,
        -0.019699865952134132,
        0.9997884631156921,
        0.005898630246520042,
        -0.305978387594223,
        -0.08531320095062256,
        -0.007559210993349552,
        0.9963254928588867,
        3.459568977355957
    ],
    [
        0.9941366314888,
        0.02130577713251114,
        0.10601083934307098,
        0.06819457560777664,
        -0.02156129851937294,
        0.9997667670249939,
        0.0012646971736103296,
        -0.32736846804618835,
        -0.10595916211605072,
        -0.0035430104471743107,
        0.9943642616271973,
        3.675471544265747
    ],
    [
        0.9915071129798889,
        0.020498674362897873,
        0.12842686474323273,
        0.06309515237808228,
        -0.019391542300581932,
        0.9997631907463074,
        -0.009865294210612774,
        -0.3485144376754761,
        -0.12859869003295898,
        0.007291116286069155,
        0.9916698336601257,
        3.8938162326812744
    ],
    [
        0.988204836845398,
        0.02104620262980461,
        0.15168434381484985,
        0.08500465750694275,
        -0.01874769665300846,
        0.9996870160102844,
        -0.01656763255596161,
        -0.37221601605415344,
        -0.1519855558872223,
        0.013528482988476753,
        0.9882901906967163,
        4.117135047912598
    ],
    [
        0.9843259453773499,
        0.021623574197292328,
        0.17502792179584503,
        0.10107968002557755,
        -0.018550843000411987,
        0.9996440410614014,
        -0.019172929227352142,
        -0.38962456583976746,
        -0.17538022994995117,
        0.015625499188899994,
        0.9843766689300537,
        4.317875385284424
    ],
    [
        0.9791714549064636,
        0.017745139077305794,
        0.20225806534290314,
        0.10914427787065506,
        -0.011678350158035755,
        0.999446451663971,
        -0.0311493631452322,
        -0.4248853921890259,
        -0.20269888639450073,
        0.028138525784015656,
        0.9788368344306946,
        4.529751777648926
    ],
    [
        0.9752736687660217,
        0.0070492858067154884,
        0.22088806331157684,
        0.13702812790870667,
        0.0026380440685898066,
        0.99904865026474,
        -0.04353061690926552,
        -0.4460122883319855,
        -0.22098475694656372,
        0.04303698241710663,
        0.9743272662162781,
        4.7164483070373535
    ],
    [
        0.9716387987136841,
        0.0015174599830061197,
        0.2364654839038849,
        0.19334068894386292,
        0.009875630028545856,
        0.9988465309143066,
        -0.04698912426829338,
        -0.471203476190567,
        -0.23626357316970825,
        0.04799170047044754,
        0.970503032207489,
        4.916751384735107
    ],
    [
        0.9698367118835449,
        -0.0008579276618547738,
        0.24375388026237488,
        0.24465452134609222,
        0.012051207944750786,
        0.9989396929740906,
        -0.04443274065852165,
        -0.4868038296699524,
        -0.24345757067203522,
        0.04603002965450287,
        0.9688186049461365,
        5.099306106567383
    ],
    [
        0.9687312245368958,
        -0.004967744927853346,
        0.24806226789951324,
        0.2930276691913605,
        0.014733914285898209,
        0.9991868734359741,
        -0.037528958171606064,
        -0.5061193704605103,
        -0.24767450988292694,
        0.04001040756702423,
        0.9680168628692627,
        5.304450988769531
    ],
    [
        0.968630313873291,
        -0.01062124501913786,
        0.24827946722507477,
        0.3580506443977356,
        0.01922275871038437,
        0.9992950558662415,
        -0.03224600851535797,
        -0.5283671617507935,
        -0.2477618008852005,
        0.03600705415010452,
        0.9681517481803894,
        5.5138092041015625
    ],
    [
        0.9694668054580688,
        -0.011785203590989113,
        0.24493907392024994,
        0.42317843437194824,
        0.020462006330490112,
        0.9992488026618958,
        -0.032909903675317764,
        -0.5575253963470459,
        -0.24436701834201813,
        0.03691701963543892,
        0.9689797759056091,
        5.7096943855285645
    ],
    [
        0.9713860154151917,
        -0.025946805253624916,
        0.23608464002609253,
        0.47881704568862915,
        0.03385426476597786,
        0.9989913105964661,
        -0.029501834884285927,
        -0.5782816410064697,
        -0.23508098721504211,
        0.036650143563747406,
        0.9712845683097839,
        5.9374918937683105
    ],
    [
        0.9715938568115234,
        -0.03392685204744339,
        0.23420986533164978,
        0.5224505662918091,
        0.04203435033559799,
        0.9986743330955505,
        -0.02971028722822666,
        -0.5979560613632202,
        -0.23289138078689575,
        0.03871119022369385,
        0.9717319011688232,
        6.13162899017334
    ],
    [
        0.9709755182266235,
        -0.033100422471761703,
        0.2368774265050888,
        0.590268611907959,
        0.04119289666414261,
        0.998721718788147,
        -0.029294414445757866,
        -0.6108661890029907,
        -0.23560495674610138,
        0.03820183128118515,
        0.9710978269577026,
        6.335494518280029
    ],
    [
        0.9702602028846741,
        -0.011443281546235085,
        0.2417936772108078,
        0.6495685577392578,
        0.019275374710559845,
        0.9993624687194824,
        -0.030051004141569138,
        -0.6344884634017944,
        -0.24129565060138702,
        0.03381795808672905,
        0.969862163066864,
        6.525146007537842
    ]
]