[
    [
        0.9701235890388489,
        -0.022772278636693954,
        0.24154001474380493,
        -0.01884077861905098,
        0.026480024680495262,
        0.9995759129524231,
        -0.012115085497498512,
        0.004153433721512556,
        -0.24116167426109314,
        0.0181491170078516,
        0.9703153371810913,
        0.5868480801582336
    ],
    [
        0.9650111198425293,
        -0.024340074509382248,
        0.26107656955718994,
        -0.01616540551185608,
        0.028617145493626595,
        0.9995111227035522,
        -0.012592815794050694,
        0.0035694448743015528,
        -0.2606424391269684,
        0.019623475149273872,
        0.9652360677719116,
        0.6067347526550293
    ],
    [
        0.9593684077262878,
        -0.025717362761497498,
        0.2809821367263794,
        -0.014795060269534588,
        0.030646588653326035,
        0.9994436502456665,
        -0.0131620978936553,
        0.001971454592421651,
        -0.2804873287677765,
        0.02123844623565674,
        0.9596228003501892,
        0.6268231868743896
    ],
    [
        0.9514751434326172,
        -0.027568534016609192,
        0.3064883351325989,
        -0.01206614077091217,
        0.03337155655026436,
        0.9993489980697632,
        -0.013708895072340965,
        0.00020880482043139637,
        -0.3059108257293701,
        0.02327166311442852,
        0.9517757892608643,
        0.6529871225357056
    ],
    [
        0.9448674917221069,
        -0.028745058923959732,
        0.32618871331214905,
        -0.009000291116535664,
        0.03517253324389458,
        0.9992856383323669,
        -0.01382286474108696,
        -0.0005636053392663598,
        -0.3255583345890045,
        0.02453366108238697,
        0.9452036619186401,
        0.6724401116371155
    ],
    [
        0.935455322265625,
        -0.030685557052493095,
        0.3521103262901306,
        -0.0024038918782025576,
        0.03789711743593216,
        0.9991890788078308,
        -0.013604802079498768,
        -0.0018473912496119738,
        -0.35140731930732727,
        0.026070650666952133,
        0.9358595609664917,
        0.698432445526123
    ],
    [
        0.9279705882072449,
        -0.03161390498280525,
        0.3713100850582123,
        0.003000605385750532,
        0.03968749940395355,
        0.9991123676300049,
        -0.014120244421064854,
        0.00045806835987605155,
        -0.37053409218788147,
        0.0278395377099514,
        0.928401529788971,
        0.7187714576721191
    ],
    [
        0.9200658798217773,
        -0.032889969646930695,
        0.39038071036338806,
        0.009265360422432423,
        0.04165565222501755,
        0.9990338087081909,
        -0.01400621235370636,
        0.002584453672170639,
        -0.3895428776741028,
        0.029148200526833534,
        0.9205468893051147,
        0.7381332516670227
    ],
    [
        0.9088441729545593,
        -0.0346621610224247,
        0.4156932830810547,
        0.0185641348361969,
        0.044392578303813934,
        0.9989192485809326,
        -0.013763098046183586,
        0.005099509842693806,
        -0.41476699709892273,
        0.030962208285927773,
        0.9094007611274719,
        0.7628152370452881
    ],
    [
        0.8999224305152893,
        -0.035912297666072845,
        0.4345685839653015,
        0.02739095874130726,
        0.04637826234102249,
        0.9988328218460083,
        -0.013499503955245018,
        0.0066466256976127625,
        -0.4335765242576599,
        0.03230304270982742,
        0.9005375504493713,
        0.7827032208442688
    ],
    [
        0.8871420621871948,
        -0.0375642254948616,
        0.4599650800228119,
        0.04002636298537254,
        0.04912415146827698,
        0.9987056255340576,
        -0.01318468526005745,
        0.007951591163873672,
        -0.4588744342327118,
        0.034292079508304596,
        0.887839138507843,
        0.8085597157478333
    ],
    [
        0.8772004842758179,
        -0.03874329850077629,
        0.47855862975120544,
        0.048938337713479996,
        0.05104698985815048,
        0.9986152648925781,
        -0.01272319070994854,
        0.007557334844022989,
        -0.4774029850959778,
        0.03558976575732231,
        0.8779634237289429,
        0.8271576166152954
    ],
    [
        0.862953782081604,
        -0.040249232202768326,
        0.5036773085594177,
        0.06162448972463608,
        0.05369110405445099,
        0.9984830617904663,
        -0.01219980139285326,
        0.008853936567902565,
        -0.5024222135543823,
        0.037570852786302567,
        0.8638057708740234,
        0.8509712815284729
    ],
    [
        0.8519927263259888,
        -0.04164466634392738,
        0.5218946933746338,
        0.07114183902740479,
        0.05603643134236336,
        0.9983588457107544,
        -0.011815239675343037,
        0.007696265820413828,
        -0.5205461382865906,
        0.03931161388754845,
        0.8529280424118042,
        0.8682137727737427
    ],
    [
        0.8403017520904541,
        -0.04246446490287781,
        0.5404533743858337,
        0.0818369910120964,
        0.05793631821870804,
        0.9982523322105408,
        -0.011645295657217503,
        0.005404219962656498,
        -0.5390142798423767,
        0.04109743982553482,
        0.8412933349609375,
        0.8840565085411072
    ],
    [
        0.8238164186477661,
        -0.04363790899515152,
        0.5651745796203613,
        0.09813857823610306,
        0.060578055679798126,
        0.9981002807617188,
        -0.011235801503062248,
        0.0019808851648122072,
        -0.5636106133460999,
        0.043493419885635376,
        0.8248948454856873,
        0.9044802188873291
    ],
    [
        0.8112107515335083,
        -0.0448882170021534,
        0.5830283164978027,
        0.11214110255241394,
        0.06255383789539337,
        0.9979894757270813,
        -0.010199129581451416,
        -0.0016445833025500178,
        -0.5813983678817749,
        0.044744305312633514,
        0.8123877644538879,
        0.9208624362945557
    ],
    [
        0.794527530670166,
        -0.045912157744169235,
        0.6054900288581848,
        0.13219398260116577,
        0.06460767984390259,
        0.997869074344635,
        -0.00911369826644659,
        -0.0027084765024483204,
        -0.6037813425064087,
        0.04636038839817047,
        0.7958006858825684,
        0.9428460597991943
    ],
    [
        0.7823200225830078,
        -0.046407364308834076,
        0.621145486831665,
        0.14858466386795044,
        0.06618236005306244,
        0.9977687001228333,
        -0.008809488266706467,
        -0.002842698944732547,
        -0.6193506717681885,
        0.04800071194767952,
        0.783645749092102,
        0.9594849348068237
    ],
    [
        0.7707483768463135,
        -0.04711148142814636,
        0.6353955268859863,
        0.16650955379009247,
        0.0672985389828682,
        0.9977034330368042,
        -0.007659716531634331,
        -0.003093645442277193,
        -0.633575439453125,
        0.04866490140557289,
        0.7721489071846008,
        0.9775699973106384
    ],
    [
        0.7560122609138489,
        -0.04777150973677635,
        0.6528118848800659,
        0.1894068866968155,
        0.0688026025891304,
        0.997607946395874,
        -0.006676298566162586,
        -0.002450902946293354,
        -0.6509314179420471,
        0.049962516874074936,
        0.7574906945228577,
        1.0001437664031982
    ],
    [
        0.7458519339561462,
        -0.047851499170064926,
        0.6643908619880676,
        0.20652252435684204,
        0.06922943890094757,
        0.9975835680961609,
        -0.0058685909025371075,
        -0.002097325399518013,
        -0.6625045537948608,
        0.050372496247291565,
        0.7473623156547546,
        1.0154125690460205
    ],
    [
        0.7333589196205139,
        -0.04836238920688629,
        0.6781193017959595,
        0.23096388578414917,
        0.07052808254957199,
        0.9974965453147888,
        -0.005133430939167738,
        -0.0028950171545147896,
        -0.6761734485626221,
        0.05159110948443413,
        0.7349339127540588,
        1.0351191759109497
    ],
    [
        0.7238067984580994,
        -0.048516079783439636,
        0.6882950067520142,
        0.24927353858947754,
        0.07097439467906952,
        0.9974687099456787,
        -0.004327324219048023,
        -0.003956595901399851,
        -0.6863427758216858,
        0.05198347195982933,
        0.7254179120063782,
        1.0496079921722412
    ],
    [
        0.7111870050430298,
        -0.048900991678237915,
        0.7013000845909119,
        0.2705225944519043,
        0.07177465409040451,
        0.9974156022071838,
        -0.0032376747112721205,
        -0.004691215232014656,
        -0.6993292570114136,
        0.05263815075159073,
        0.7128587961196899,
        1.0697684288024902
    ]
]