[
    [
        0.9890819191932678,
        -0.01830722764134407,
        0.1462249606847763,
        -0.1413671374320984,
        0.016978595405817032,
        0.9998025298118591,
        0.010329210199415684,
        -0.007185479626059532,
        -0.14638516306877136,
        -0.007733742240816355,
        0.9891974329948425,
        -0.17604152858257294
    ],
    [
        0.9879714250564575,
        -0.019274555146694183,
        0.153431236743927,
        -0.14984774589538574,
        0.01787676475942135,
        0.9997851848602295,
        0.010484731756150723,
        -0.006188311148434877,
        -0.15360039472579956,
        -0.007615760900080204,
        0.9881036877632141,
        -0.17793042957782745
    ],
    [
        0.9867982268333435,
        -0.020037442445755005,
        0.1607106328010559,
        -0.15940167009830475,
        0.018580008298158646,
        0.9997715353965759,
        0.010566485114395618,
        -0.005263662897050381,
        -0.16088564693927765,
        -0.007440982852131128,
        0.9869449734687805,
        -0.17853422462940216
    ],
    [
        0.9842309355735779,
        -0.021744761615991592,
        0.17554640769958496,
        -0.17927898466587067,
        0.020168974995613098,
        0.9997387528419495,
        0.01075584627687931,
        -0.0029786175582557917,
        -0.17573441565036774,
        -0.007045646198093891,
        0.9844124913215637,
        -0.17885731160640717
    ],
    [
        0.9828785061836243,
        -0.022565148770809174,
        0.1828676164150238,
        -0.18908970057964325,
        0.02091905288398266,
        0.9997215270996094,
        0.01092578750103712,
        -0.0022931203711777925,
        -0.18306322395801544,
        -0.006913305260241032,
        0.983076810836792,
        -0.17864248156547546
    ],
    [
        0.9814624190330505,
        -0.0235148798674345,
        0.19020718336105347,
        -0.19932372868061066,
        0.021843506023287773,
        0.9997022151947021,
        0.010879190638661385,
        -0.0001570342283230275,
        -0.19040635228157043,
        -0.006522724870592356,
        0.9816837310791016,
        -0.17757171392440796
    ],
    [
        0.9784896373748779,
        -0.02501094527542591,
        0.2047746777534485,
        -0.21843139827251434,
        0.023106353357434273,
        0.9996646642684937,
        0.011687149293720722,
        -0.0013019212055951357,
        -0.20499832928180695,
        -0.006704157683998346,
        0.9787393808364868,
        -0.17921733856201172
    ],
    [
        0.9769107699394226,
        -0.026001373305916786,
        0.21205957233905792,
        -0.22892849147319794,
        0.024056831374764442,
        0.9996415376663208,
        0.011745180003345013,
        0.00033261545468121767,
        -0.212288960814476,
        -0.0063725127838552,
        0.9771860837936401,
        -0.1775856912136078
    ],
    [
        0.9736348986625671,
        -0.027176545932888985,
        0.22648750245571136,
        -0.2478063553571701,
        0.025038620457053185,
        0.9996107816696167,
        0.012307483702898026,
        0.00045909028267487884,
        -0.22673380374908447,
        -0.006312060635536909,
        0.9739363193511963,
        -0.18023648858070374
    ],
    [
        0.9719299674034119,
        -0.027966976165771484,
        0.233602374792099,
        -0.25768935680389404,
        0.025714220479130745,
        0.9995888471603394,
        0.012684193439781666,
        0.0007235469529405236,
        -0.23386108875274658,
        -0.006321243941783905,
        0.972249448299408,
        -0.17908291518688202
    ],
    [
        0.9701715707778931,
        -0.02871568687260151,
        0.24071276187896729,
        -0.2677924931049347,
        0.026419522240757942,
        0.9995695352554321,
        0.012761510908603668,
        0.00270152953453362,
        -0.24097560346126556,
        -0.006021338514983654,
        0.9705124497413635,
        -0.17646139860153198
    ],
    [
        0.9664888381958008,
        -0.03003540262579918,
        0.254945307970047,
        -0.28746744990348816,
        0.027537142857909203,
        0.9995315074920654,
        0.01336358767002821,
        0.00316975568421185,
        -0.2552272379398346,
        -0.005895293317735195,
        0.9668631553649902,
        -0.17432962357997894
    ],
    [
        0.9645522832870483,
        -0.03075280413031578,
        0.26209402084350586,
        -0.29725366830825806,
        0.02814141847193241,
        0.9995099306106567,
        0.013712113723158836,
        0.0034450979437679052,
        -0.2623872458934784,
        -0.0058503528125584126,
        0.9649449586868286,
        -0.17416958510875702
    ],
    [
        0.9625335931777954,
        -0.031429026275873184,
        0.26933497190475464,
        -0.30718427896499634,
        0.028703399002552032,
        0.9994891881942749,
        0.014053075574338436,
        0.0035695149563252926,
        -0.2696390151977539,
        -0.005795729346573353,
        0.9629440307617188,
        -0.17364941537380219
    ],
    [
        0.9583465456962585,
        -0.032765939831733704,
        0.28372204303741455,
        -0.32684126496315,
        0.029821179807186127,
        0.9994472861289978,
        0.014693256467580795,
        0.004322913475334644,
        -0.28404664993286133,
        -0.005620304495096207,
        0.9587939381599426,
        -0.17232924699783325
    ],
    [
        0.9562161564826965,
        -0.033297501504421234,
        0.2907610535621643,
        -0.3369905352592468,
        0.030246324837207794,
        0.9994301795959473,
        0.014983109198510647,
        0.004978528246283531,
        -0.29109424352645874,
        -0.0055326372385025024,
        0.9566784501075745,
        -0.17024654150009155
    ],
    [
        0.9514884948730469,
        -0.034622691571712494,
        0.30573034286499023,
        -0.35790666937828064,
        0.031296953558921814,
        0.9993855953216553,
        0.015774451196193695,
        0.0064315758645534515,
        -0.3060886561870575,
        -0.0054407804273068905,
        0.9519874453544617,
        -0.16481579840183258
    ],
    [
        0.9490607380867004,
        -0.03513658419251442,
        0.3131280243396759,
        -0.3683519661426544,
        0.031707920134067535,
        0.9993685483932495,
        0.016037045046687126,
        0.007702384609729052,
        -0.3134937584400177,
        -0.005291490349918604,
        0.9495754837989807,
        -0.16259248554706573
    ],
    [
        0.9465342164039612,
        -0.03572077676653862,
        0.32061976194381714,
        -0.3788755536079407,
        0.03214564174413681,
        0.999347984790802,
        0.01643860712647438,
        0.007961872965097427,
        -0.3209978938102722,
        -0.005253176670521498,
        0.9470652937889099,
        -0.15997350215911865
    ],
    [
        0.9411674737930298,
        -0.03725755587220192,
        0.3358805477619171,
        -0.39998045563697815,
        0.03344826027750969,
        0.9992938041687012,
        0.017121631652116776,
        0.011311765760183334,
        -0.3362812399864197,
        -0.004879701416939497,
        0.9417489171028137,
        -0.15074986219406128
    ],
    [
        0.9383541941642761,
        -0.038100846111774445,
        0.34356921911239624,
        -0.4108937084674835,
        0.034166499972343445,
        0.9992629885673523,
        0.017500057816505432,
        0.012801321223378181,
        -0.3439827561378479,
        -0.004682693164795637,
        0.9389643669128418,
        -0.14589253067970276
    ],
    [
        0.9354767799377441,
        -0.039120953530073166,
        0.3512161672115326,
        -0.42124494910240173,
        0.03503132984042168,
        0.9992241859436035,
        0.0179935023188591,
        0.014030206948518753,
        -0.35164764523506165,
        -0.004528936930000782,
        0.9361214637756348,
        -0.14102986454963684
    ],
    [
        0.929537296295166,
        -0.04083869606256485,
        0.366459459066391,
        -0.4421566426753998,
        0.036358173936605453,
        0.9991558790206909,
        0.01912335678935051,
        0.01542099192738533,
        -0.36693111062049866,
        -0.004452074877917767,
        0.9302374720573425,
        -0.13270343840122223
    ],
    [
        0.926418125629425,
        -0.041800692677497864,
        0.37416860461235046,
        -0.452879935503006,
        0.03712685406208038,
        0.9991165399551392,
        0.019693708047270775,
        0.016470687463879585,
        -0.3746611773967743,
        -0.004352908115833998,
        0.927151620388031,
        -0.12714910507202148
    ],
    [
        0.9200602173805237,
        -0.04373622313141823,
        0.3893280029296875,
        -0.4732389450073242,
        0.03876565024256706,
        0.9990355968475342,
        0.020618371665477753,
        0.019795404747128487,
        -0.3898542821407318,
        -0.0038775906432420015,
        0.9208682775497437,
        -0.11543700098991394
    ]
]