[
    [
        0.9999942779541016,
        0.00044816016452386975,
        -0.003358644898980856,
        -0.005896240472793579,
        -0.00045088183833286166,
        0.9999995827674866,
        -0.0008096881792880595,
        0.0018365574069321156,
        0.0033582814503461123,
        0.000811198609881103,
        0.9999939203262329,
        0.0028376183472573757
    ],
    [
        0.9999820590019226,
        0.0006405938765965402,
        -0.005949439946562052,
        -0.0078093307092785835,
        -0.0006435332470573485,
        0.9999997615814209,
        -0.0004922982188872993,
        0.001809696783311665,
        0.005949122365564108,
        0.0004961179220117629,
        0.9999822378158569,
        0.0025771476794034243
    ],
    [
        0.9999322295188904,
        0.0009767110459506512,
        -0.011603415943682194,
        -0.012492319568991661,
        -0.0009824229637160897,
        0.9999994039535522,
        -0.0004864945076406002,
        0.001505247550085187,
        0.011602934449911118,
        0.0004978614742867649,
        0.9999325275421143,
        0.002212747000157833
    ],
    [
        0.9998946785926819,
        0.0011650229571387172,
        -0.014467966742813587,
        -0.014515595510601997,
        -0.001175532117486,
        0.9999991059303284,
        -0.0007178881205618382,
        0.002092587063089013,
        0.014467116445302963,
        0.0007348199724219739,
        0.9998950958251953,
        0.0017747505335137248
    ],
    [
        0.9997860789299011,
        0.0014635365223512053,
        -0.020628947764635086,
        -0.019175788387656212,
        -0.0014686352806165814,
        0.9999988675117493,
        -0.00023204321041703224,
        0.0012422357685863972,
        0.020628586411476135,
        0.00026228977367281914,
        0.9997871518135071,
        0.0014489612076431513
    ],
    [
        0.9996367692947388,
        0.0017331079579889774,
        -0.026895377784967422,
        -0.0234859399497509,
        -0.0017337426543235779,
        0.9999984502792358,
        -2.8643262339755893e-07,
        0.0009867546614259481,
        0.02689533680677414,
        4.6916567953303456e-05,
        0.9996381998062134,
        0.0015237180050462484
    ],
    [
        0.9995409846305847,
        0.00196197722107172,
        -0.030231894925236702,
        -0.02535104565322399,
        -0.0019677456002682447,
        0.9999980330467224,
        -0.00016106927068904042,
        0.0014110427582636476,
        0.030231520533561707,
        0.0002204847551183775,
        0.9995429515838623,
        0.0011982190189883113
    ],
    [
        0.9993454217910767,
        0.0023084713611751795,
        -0.036101605743169785,
        -0.03058045171201229,
        -0.002317164558917284,
        0.9999973177909851,
        -0.00019897187303286046,
        0.0009924499318003654,
        0.036101050674915314,
        0.0002824951661750674,
        0.9993481040000916,
        0.000668737047817558
    ],
    [
        0.9990848302841187,
        0.002793610095977783,
        -0.04268254339694977,
        -0.034813281148672104,
        -0.0027993523981422186,
        0.9999960660934448,
        -7.476295286323875e-05,
        0.001218716730363667,
        0.04268216714262962,
        0.00019417802104726434,
        0.9990886449813843,
        0.0004782005271408707
    ],
    [
        0.9989461302757263,
        0.003061271971091628,
        -0.04579600319266319,
        -0.037027593702077866,
        -0.0030679022893309593,
        0.9999953508377075,
        -7.449281838489696e-05,
        0.0012314260238781571,
        0.04579556733369827,
        0.00021491217194125056,
        0.998950719833374,
        0.00023935369972605258
    ],
    [
        0.9986352324485779,
        0.0033401993568986654,
        -0.05212153121829033,
        -0.04117777571082115,
        -0.003348515834659338,
        0.9999943971633911,
        -7.224081491585821e-05,
        0.0012877463595941663,
        0.05212099477648735,
        0.00024667216348461807,
        0.9986407160758972,
        0.00025035152793861926
    ],
    [
        0.9984813928604126,
        0.00354590592905879,
        -0.0549764521420002,
        -0.043821752071380615,
        -0.0035514163319021463,
        0.9999936819076538,
        -2.5505976282147458e-06,
        0.0012044667964801192,
        0.054976098239421844,
        0.00019779044669121504,
        0.9984875917434692,
        -0.00022475747391581535
    ],
    [
        0.9981058239936829,
        0.0036933431401848793,
        -0.06140977516770363,
        -0.04770057275891304,
        -0.003698593471199274,
        0.9999932050704956,
        2.8179139917483553e-05,
        0.0014568170299753547,
        0.061409465968608856,
        0.0001990041637327522,
        0.998112678527832,
        -0.00019796713604591787
    ],
    [
        0.9976962804794312,
        0.004225202836096287,
        -0.0677076131105423,
        -0.05349094420671463,
        -0.004218133166432381,
        0.9999910593032837,
        0.0002473725762683898,
        0.0005111842765472829,
        0.06770804524421692,
        3.879658834193833e-05,
        0.9977051615715027,
        -0.00089452596148476
    ],
    [
        0.9974585175514221,
        0.004297149833291769,
        -0.07112043350934982,
        -0.05554991960525513,
        -0.004282478243112564,
        0.9999908208847046,
        0.00035876958281733096,
        0.0005332042928785086,
        0.07112132012844086,
        -5.328645420377143e-05,
        0.9974676370620728,
        -0.0009202477522194386
    ],
    [
        0.9969736337661743,
        0.004704419057816267,
        -0.07759858667850494,
        -0.06040474772453308,
        -0.004686515312641859,
        0.9999889135360718,
        0.0004128453438170254,
        0.00042464336729608476,
        0.0775996670126915,
        -4.792873005499132e-05,
        0.9969846606254578,
        -0.0009515690035186708
    ],
    [
        0.9964849948883057,
        0.00525684654712677,
        -0.08360659331083298,
        -0.06454158574342728,
        -0.0052288915030658245,
        0.9999862313270569,
        0.0005533317453227937,
        4.996443749405444e-05,
        0.08360835164785385,
        -0.00011421716044424102,
        0.9964985847473145,
        -0.0014310682890936732
    ],
    [
        0.9962250590324402,
        0.005397756118327379,
        -0.0866398736834526,
        -0.06723771244287491,
        -0.00537791196256876,
        0.9999854564666748,
        0.0004624653665814549,
        0.0006832769722677767,
        0.0866411030292511,
        5.221271294431062e-06,
        0.9962395429611206,
        -0.0011757001047953963
    ],
    [
        0.9956480860710144,
        0.005833012517541647,
        -0.09301047027111053,
        -0.07163690775632858,
        -0.005783528089523315,
        0.9999829530715942,
        0.0008015750790946186,
        -1.9347136912983842e-05,
        0.09301356226205826,
        -0.0002601579762995243,
        0.9956647753715515,
        -0.0021017068065702915
    ],
    [
        0.9953353404998779,
        0.006041619926691055,
        -0.09628598392009735,
        -0.074355848133564,
        -0.005994414445012808,
        0.999981701374054,
        0.0007795232813805342,
        0.00025728074251674116,
        0.09628893435001373,
        -0.00019870878895744681,
        0.9953534603118896,
        -0.001956284511834383
    ],
    [
        0.9947831630706787,
        0.006396855227649212,
        -0.10181039571762085,
        -0.07933596521615982,
        -0.006337333470582962,
        0.9999794960021973,
        0.0009080806630663574,
        0.0009065381600521505,
        0.10181412100791931,
        -0.00025813738466240466,
        0.9948033690452576,
        -0.0016745948232710361
    ],
    [
        0.9941908121109009,
        0.0066840737126767635,
        -0.10742370784282684,
        -0.08321601897478104,
        -0.006611734628677368,
        0.9999776482582092,
        0.0010295538231730461,
        -1.0803058103192598e-05,
        0.1074281856417656,
        -0.00031331623904407024,
        0.994212806224823,
        -0.0021858171094208956
    ],
    [
        0.9939024448394775,
        0.006997305434197187,
        -0.11004044860601425,
        -0.08629021048545837,
        -0.006916235666722059,
        0.9999755024909973,
        0.00111840118188411,
        -2.1945452317595482e-05,
        0.11004557460546494,
        -0.00035051690065301955,
        0.9939265847206116,
        -0.002884022193029523
    ],
    [
        0.9932078123092651,
        0.007099595386534929,
        -0.11613798141479492,
        -0.09168179333209991,
        -0.007028593681752682,
        0.99997478723526,
        0.0010208716848865151,
        0.00025391331291757524,
        0.11614229530096054,
        -0.0001976502826437354,
        0.9932326078414917,
        -0.0030591071117669344
    ],
    [
        0.9924982786178589,
        0.007374352775514126,
        -0.12203612923622131,
        -0.09687747806310654,
        -0.007279320154339075,
        0.9999727606773376,
        0.0012245452962815762,
        0.0003270161396358162,
        0.12204182893037796,
        -0.00032701867166906595,
        0.9925249218940735,
        -0.0032975932117551565
    ]
]