[
    [
        0.985483705997467,
        -0.03549922630190849,
        0.16601695120334625,
        -0.039434127509593964,
        0.0342409573495388,
        0.9993590712547302,
        0.010436088778078556,
        0.040841616690158844,
        -0.16628102958202362,
        -0.004600015934556723,
        0.9860678315162659,
        -0.23206458985805511
    ],
    [
        0.987077534198761,
        -0.033918194472789764,
        0.15661229193210602,
        -0.034292686730623245,
        0.032655857503414154,
        0.9994102120399475,
        0.010627022944390774,
        0.03686632961034775,
        -0.15688034892082214,
        -0.005375387612730265,
        0.9876028895378113,
        -0.22025027871131897
    ],
    [
        0.9885990023612976,
        -0.031514640897512436,
        0.1472371518611908,
        -0.029564164578914642,
        0.030278950929641724,
        0.9994849562644958,
        0.010626880452036858,
        0.03245149180293083,
        -0.14749625325202942,
        -0.006047536619007587,
        0.989044189453125,
        -0.20605231821537018
    ],
    [
        0.9899526238441467,
        -0.029274344444274902,
        0.1383354812860489,
        -0.025739092379808426,
        0.028049346059560776,
        0.9995481371879578,
        0.010796897113323212,
        0.02782892994582653,
        -0.1385890543460846,
        -0.006808197591453791,
        0.9903265833854675,
        -0.19265910983085632
    ],
    [
        0.9912537932395935,
        -0.027664130553603172,
        0.12903736531734467,
        -0.02137855440378189,
        0.02655751071870327,
        0.9995943903923035,
        0.010289083234965801,
        0.02543804608285427,
        -0.12926965951919556,
        -0.006772181950509548,
        0.9915863275527954,
        -0.1783195585012436
    ],
    [
        0.993522047996521,
        -0.024199699983000755,
        0.11103282868862152,
        -0.014712921343743801,
        0.02328689768910408,
        0.9996835589408875,
        0.009510673582553864,
        0.01981245167553425,
        -0.1112278550863266,
        -0.006863454356789589,
        0.9937711358070374,
        -0.1516556590795517
    ],
    [
        0.9945516586303711,
        -0.022240936756134033,
        0.10184438526630402,
        -0.010780838318169117,
        0.02139400877058506,
        0.9997268915176392,
        0.009400783106684685,
        0.016017770394682884,
        -0.10202565789222717,
        -0.007170704659074545,
        0.9947558641433716,
        -0.13899065554141998
    ],
    [
        0.995455801486969,
        -0.02052314393222332,
        0.09298645704984665,
        -0.007851713337004185,
        0.019792497158050537,
        0.9997656345367432,
        0.008773069828748703,
        0.01418359111994505,
        -0.09314471483230591,
        -0.00689276959747076,
        0.9956287145614624,
        -0.12596194446086884
    ],
    [
        0.9962724447250366,
        -0.018343551084399223,
        0.08428934961557388,
        -0.0051584430038928986,
        0.01769637130200863,
        0.9998079538345337,
        0.008418872952461243,
        0.010889621451497078,
        -0.0844275951385498,
        -0.006895876489579678,
        0.9964057207107544,
        -0.1146017387509346
    ],
    [
        0.9970141053199768,
        -0.015861548483371735,
        0.07557353377342224,
        -0.0031808814965188503,
        0.01530958991497755,
        0.9998517036437988,
        0.007877396419644356,
        0.00807600561529398,
        -0.07568726688623428,
        -0.006696874741464853,
        0.9971091151237488,
        -0.101539246737957
    ],
    [
        0.9982001781463623,
        -0.01175843458622694,
        0.058804288506507874,
        -0.0007545757107436657,
        0.011398053728044033,
        0.9999142289161682,
        0.006460166536271572,
        0.004014221020042896,
        -0.0588751956820488,
        -0.005778285674750805,
        0.9982486963272095,
        -0.07720998674631119
    ],
    [
        0.9986779689788818,
        -0.009740716777741909,
        0.05047227442264557,
        -0.0005228676018305123,
        0.009462025947868824,
        0.9999386072158813,
        0.005757665727287531,
        0.0022241559345275164,
        -0.05052525922656059,
        -0.005272484850138426,
        0.998708963394165,
        -0.06442546844482422
    ],
    [
        0.9991018176078796,
        -0.007953749969601631,
        0.04162099212408066,
        0.0016285893507301807,
        0.007757263258099556,
        0.9999579787254333,
        0.004880234599113464,
        0.0008433610782958567,
        -0.041658058762550354,
        -0.00455298600718379,
        0.9991214871406555,
        -0.05212503671646118
    ],
    [
        0.9994302988052368,
        -0.005925497971475124,
        0.03322465345263481,
        0.0023314678110182285,
        0.0057861413806676865,
        0.9999740719795227,
        0.004288976546376944,
        -0.0011246266076341271,
        -0.03324921056628227,
        -0.004094291478395462,
        0.9994387030601501,
        -0.03962579742074013
    ],
    [
        0.9996864199638367,
        -0.00362214632332325,
        0.024776963517069817,
        0.0032883291132748127,
        0.0035254498943686485,
        0.9999861121177673,
        0.003945233300328255,
        -0.0038295541889965534,
        -0.02479090727865696,
        -0.0038566449657082558,
        0.9996851682662964,
        -0.02826394885778427
    ],
    [
        0.9999659657478333,
        0.00035271886736154556,
        0.008246919140219688,
        0.004787109326571226,
        -0.00037567917024716735,
        0.9999960660934448,
        0.0027827047742903233,
        -0.00735858827829361,
        -0.008245904929935932,
        -0.002785708289593458,
        0.9999620914459229,
        -0.0063455491326749325
    ],
    [
        0.9999980330467224,
        0.001930146012455225,
        0.000248127878876403,
        0.0046396320685744286,
        -0.0019305502064526081,
        0.9999968409538269,
        0.0016387910582125187,
        -0.007284931838512421,
        -0.0002449630992487073,
        -0.0016392668476328254,
        0.9999985694885254,
        0.004653998650610447
    ],
    [
        0.9999626874923706,
        0.0035061498638242483,
        -0.007902471348643303,
        0.004971317481249571,
        -0.0034995521418750286,
        0.9999935626983643,
        0.0008486608858220279,
        -0.007935723289847374,
        0.007905395701527596,
        -0.0008209741790778935,
        0.999968409538269,
        0.014965103939175606
    ],
    [
        0.9998630285263062,
        0.004986628424376249,
        -0.015784405171871185,
        0.004127341788262129,
        -0.0049888016656041145,
        0.9999876022338867,
        -9.83762220130302e-05,
        -0.007912923581898212,
        0.01578371785581112,
        0.000177107795025222,
        0.9998754262924194,
        0.025442536920309067
    ],
    [
        0.9996783137321472,
        0.0067486329935491085,
        -0.024450039491057396,
        0.006148108281195164,
        -0.006751615088433027,
        0.9999772310256958,
        -3.944144191336818e-05,
        -0.01052031759172678,
        0.024449219927191734,
        0.0002045065921265632,
        0.9997010827064514,
        0.0347195565700531
    ],
    [
        0.9991122484207153,
        0.010301814414560795,
        -0.04084880277514458,
        0.0065249796025455,
        -0.010362586937844753,
        0.9999455213546753,
        -0.0012763019185513258,
        -0.012086342088878155,
        0.040833428502082825,
        0.0016984683461487293,
        0.9991645812988281,
        0.053093522787094116
    ],
    [
        0.9987396001815796,
        0.012317518703639507,
        -0.04865464195609093,
        0.005785675253719091,
        -0.012396592646837234,
        0.9999222159385681,
        -0.0013237728271633387,
        -0.013901151716709137,
        0.04863455519080162,
        0.001925256452523172,
        0.9988149404525757,
        0.061614397913217545
    ],
    [
        0.9982531666755676,
        0.014505491591989994,
        -0.05727311596274376,
        0.00670780660584569,
        -0.014597179368138313,
        0.9998927116394043,
        -0.0011828209972009063,
        -0.016554823145270348,
        0.05724981427192688,
        0.0020167806651443243,
        0.9983578324317932,
        0.0699928030371666
    ],
    [
        0.9976962804794312,
        0.016588054597377777,
        -0.0657804012298584,
        0.0076337410137057304,
        -0.016716955229640007,
        0.9998592734336853,
        -0.0014095831429585814,
        -0.01802225410938263,
        0.06574775278568268,
        0.002505984390154481,
        0.9978330731391907,
        0.07805927842855453
    ],
    [
        0.9963191151618958,
        0.0206694845110178,
        -0.0831928700208664,
        0.011256944388151169,
        -0.020875686779618263,
        0.9997807741165161,
        -0.0016094092279672623,
        -0.021108318120241165,
        0.08314137160778046,
        0.0033401933033019304,
        0.9965322017669678,
        0.09228862076997757
    ]
]