[
    [
        0.9951320290565491,
        -0.015115723013877869,
        0.09738510847091675,
        0.13250058889389038,
        0.015849322080612183,
        0.9998515248298645,
        -0.0067637343890964985,
        -0.05849653482437134,
        -0.09726841002702713,
        0.008274296298623085,
        0.9952238202095032,
        0.5252562761306763
    ],
    [
        0.9927552342414856,
        -0.018307602033019066,
        0.11875195801258087,
        0.1738380342721939,
        0.019456353038549423,
        0.9997743964195251,
        -0.008521302603185177,
        -0.0627288818359375,
        -0.11856915801763535,
        0.010770046152174473,
        0.9928874373435974,
        0.5992861390113831
    ],
    [
        0.9897847771644592,
        -0.02100490964949131,
        0.14101341366767883,
        0.21616487205028534,
        0.022624138742685318,
        0.9996951818466187,
        -0.009889294393360615,
        -0.06768148392438889,
        -0.14076270163059235,
        0.01297858078032732,
        0.9899582266807556,
        0.6715002059936523
    ],
    [
        0.9874652028083801,
        -0.02248982898890972,
        0.1562262922525406,
        0.24365511536598206,
        0.024531282484531403,
        0.9996368288993835,
        -0.011151295155286789,
        -0.07257770001888275,
        -0.15591879189014435,
        0.014843946322798729,
        0.9876583218574524,
        0.7176385521888733
    ],
    [
        0.9836322665214539,
        -0.02444922924041748,
        0.17852109670639038,
        0.2848660945892334,
        0.02701791189610958,
        0.9995632767677307,
        -0.011971351690590382,
        -0.08572959899902344,
        -0.17815044522285461,
        0.016598675400018692,
        0.983863353729248,
        0.788241446018219
    ],
    [
        0.9805665612220764,
        -0.025482231751084328,
        0.19452506303787231,
        0.30980241298675537,
        0.028583019971847534,
        0.9995049238204956,
        -0.013149632140994072,
        -0.09578292071819305,
        -0.19409368932247162,
        0.018454203382134438,
        0.9808094501495361,
        0.8326790928840637
    ],
    [
        0.9737479090690613,
        -0.027343859896063805,
        0.2259812206029892,
        0.35928046703338623,
        0.03151505067944527,
        0.9993926286697388,
        -0.01487052347511053,
        -0.11753861606121063,
        -0.22543735802173615,
        0.021601950749754906,
        0.9740182161331177,
        0.8992660641670227
    ],
    [
        0.969482958316803,
        -0.027904467657208443,
        0.24356549978256226,
        0.38159048557281494,
        0.03308309614658356,
        0.9993046522140503,
        -0.017196333035826683,
        -0.1239919662475586,
        -0.2429162859916687,
        0.024729451164603233,
        0.9697320461273193,
        0.9262227416038513
    ],
    [
        0.9627273082733154,
        -0.028875354677438736,
        0.268928200006485,
        0.4188936948776245,
        0.03506604582071304,
        0.9992184042930603,
        -0.01824372634291649,
        -0.13912910223007202,
        -0.2681911885738373,
        0.02699398435652256,
        0.96298748254776,
        0.9621621966362
    ],
    [
        0.9578433632850647,
        -0.02960249036550522,
        0.28576189279556274,
        0.4453515112400055,
        0.03667398914694786,
        0.9991384148597717,
        -0.01942506991326809,
        -0.14788997173309326,
        -0.284940630197525,
        0.029086200520396233,
        0.9581037163734436,
        0.9830812215805054
    ],
    [
        0.9500923752784729,
        -0.02995660901069641,
        0.31052711606025696,
        0.48515784740448,
        0.038306623697280884,
        0.9990490674972534,
        -0.020824948325753212,
        -0.15775750577449799,
        -0.30960795283317566,
        0.031680867075920105,
        0.9503363370895386,
        1.0150269269943237
    ],
    [
        0.94455885887146,
        -0.03027380257844925,
        0.326943576335907,
        0.5111977458000183,
        0.039478592574596405,
        0.9989879727363586,
        -0.021553242579102516,
        -0.16295577585697174,
        -0.3259601294994354,
        0.03326557204127312,
        0.9447979927062988,
        1.0385451316833496
    ],
    [
        0.9368023872375488,
        -0.029995204880833626,
        0.3485708236694336,
        0.5539516806602478,
        0.04055047407746315,
        0.9989121556282043,
        -0.023023169487714767,
        -0.17131921648979187,
        -0.3475010395050049,
        0.03570287302136421,
        0.9369997382164001,
        1.0718917846679688
    ],
    [
        0.9313889145851135,
        -0.029769273474812508,
        0.3628063201904297,
        0.581477701663971,
        0.04124101623892784,
        0.9988629817962646,
        -0.023913584649562836,
        -0.17833209037780762,
        -0.3616819381713867,
        0.03723535314202309,
        0.9315577149391174,
        1.0933030843734741
    ],
    [
        0.9236507415771484,
        -0.02965819463133812,
        0.3820860981941223,
        0.6248706579208374,
        0.04219773784279823,
        0.9988093972206116,
        -0.024479012936353683,
        -0.1896767020225525,
        -0.3809051513671875,
        0.03873322159051895,
        0.9238024950027466,
        1.1213014125823975
    ],
    [
        0.9183792471885681,
        -0.029080765321850777,
        0.39463138580322266,
        0.6522180438041687,
        0.04216931015253067,
        0.998809278011322,
        -0.02453245222568512,
        -0.1964440494775772,
        -0.39344802498817444,
        0.03917142376303673,
        0.9185120463371277,
        1.1380863189697266
    ],
    [
        0.9111668467521667,
        -0.027813047170639038,
        0.41109785437583923,
        0.6903701424598694,
        0.04243343695998192,
        0.9987483024597168,
        -0.026479609310626984,
        -0.20068709552288055,
        -0.40984687209129333,
        0.041571639478206635,
        0.9112064838409424,
        1.1575241088867188
    ],
    [
        0.906351625919342,
        -0.02679893933236599,
        0.42167362570762634,
        0.7129644155502319,
        0.04252124950289726,
        0.9987053275108337,
        -0.027924342080950737,
        -0.20194756984710693,
        -0.4203793406486511,
        0.04323936626315117,
        0.9063176512718201,
        1.1681650876998901
    ],
    [
        0.8989772796630859,
        -0.02489258162677288,
        0.4372873902320862,
        0.7436131834983826,
        0.04208478331565857,
        0.9986734986305237,
        -0.029668603092432022,
        -0.20484471321105957,
        -0.4359687566757202,
        0.045074544847011566,
        0.8988322019577026,
        1.183404803276062
    ],
    [
        0.8938526511192322,
        -0.023445693776011467,
        0.44774749875068665,
        0.7619119882583618,
        0.04165853559970856,
        0.9986549615859985,
        -0.030871056020259857,
        -0.20799322426319122,
        -0.44642141461372375,
        0.04624668136239052,
        0.8936269879341125,
        1.1916823387145996
    ],
    [
        0.885707676410675,
        -0.02097589150071144,
        0.4637692868709564,
        0.787132203578949,
        0.040445663034915924,
        0.9986668229103088,
        -0.03207436203956604,
        -0.21461744606494904,
        -0.4624781906604767,
        0.04716596379876137,
        0.8853752017021179,
        1.2008883953094482
    ],
    [
        0.8798915147781372,
        -0.019077040255069733,
        0.4747914969921112,
        0.8027141690254211,
        0.03958018869161606,
        0.9986638426780701,
        -0.03322451934218407,
        -0.2184375524520874,
        -0.4735232889652252,
        0.04802630841732025,
        0.8794710040092468,
        1.2067960500717163
    ],
    [
        0.8702406287193298,
        -0.016530610620975494,
        0.49234938621520996,
        0.8254312872886658,
        0.03846503421664238,
        0.9986657500267029,
        -0.03445781022310257,
        -0.22448302805423737,
        -0.4911227822303772,
        0.04892482981085777,
        0.8697153329849243,
        1.2152644395828247
    ],
    [
        0.8634851574897766,
        -0.014602571725845337,
        0.5041629076004028,
        0.8405575752258301,
        0.03702327609062195,
        0.9987192749977112,
        -0.03448326513171196,
        -0.22823317348957062,
        -0.5030137300491333,
        0.04844154790043831,
        0.8629198670387268,
        1.2194838523864746
    ],
    [
        0.8525447845458984,
        -0.011658395640552044,
        0.5225241184234619,
        0.8639150857925415,
        0.035662829875946045,
        0.9987186789512634,
        -0.03590398654341698,
        -0.2303449809551239,
        -0.5214360356330872,
        0.04924444854259491,
        0.851868212223053,
        1.222136378288269
    ]
]