[
    [
        0.960848331451416,
        -0.028895892202854156,
        0.2755643427371979,
        0.21988673508167267,
        0.03053884766995907,
        0.9995321035385132,
        -0.0016722747823223472,
        -0.06042509153485298,
        -0.27538713812828064,
        0.010022219270467758,
        0.9612812399864197,
        0.4464908540248871
    ],
    [
        0.8942087292671204,
        -0.046336740255355835,
        0.44524574279785156,
        0.41628262400627136,
        0.04855937138199806,
        0.9987996220588684,
        0.006420970894396305,
        -0.06483327597379684,
        -0.445008784532547,
        0.01587916724383831,
        0.8953853845596313,
        0.6914387941360474
    ],
    [
        0.8322576880455017,
        -0.058317821472883224,
        0.5513131618499756,
        0.618696391582489,
        0.061023738235235214,
        0.9980456233024597,
        0.013452195562422276,
        -0.09754396975040436,
        -0.5510202050209045,
        0.022447500377893448,
        0.8341900110244751,
        0.9379655718803406
    ],
    [
        0.7889695167541504,
        -0.0642847791314125,
        0.6110601425170898,
        0.7994793057441711,
        0.06627123802900314,
        0.9976133704185486,
        0.019384948536753654,
        -0.11102844774723053,
        -0.6108478903770447,
        0.025201573967933655,
        0.7913468480110168,
        1.2245022058486938
    ],
    [
        0.7485113143920898,
        -0.0691358745098114,
        0.6595081090927124,
        0.9925742745399475,
        0.07155925035476685,
        0.9971638321876526,
        0.02331566996872425,
        -0.13779637217521667,
        -0.6592496037483215,
        0.029741855338215828,
        0.7513359189033508,
        1.5295571088790894
    ],
    [
        0.7147367000579834,
        -0.07426875829696655,
        0.6954391002655029,
        1.2306671142578125,
        0.07639886438846588,
        0.9966863393783569,
        0.027921324595808983,
        -0.11257309466600418,
        -0.6952083110809326,
        0.03317435830831528,
        0.7180423736572266,
        1.7635717391967773
    ],
    [
        0.6981003880500793,
        -0.07475084811449051,
        0.7120873332023621,
        1.4919867515563965,
        0.07840146869421005,
        0.9965355396270752,
        0.027749119326472282,
        -0.11489935219287872,
        -0.7116945385932922,
        0.036457013338804245,
        0.7015424370765686,
        1.9559099674224854
    ],
    [
        0.6932313442230225,
        -0.07611002773046494,
        0.7166850566864014,
        1.760347604751587,
        0.07923728972673416,
        0.9964287877082825,
        0.02917383424937725,
        -0.11914116144180298,
        -0.7163461446762085,
        0.03656396269798279,
        0.6967864036560059,
        2.149292469024658
    ],
    [
        0.6942549347877502,
        -0.07651747763156891,
        0.7156500816345215,
        2.0362038612365723,
        0.07877998054027557,
        0.9964370727539062,
        0.030114512890577316,
        -0.17742055654525757,
        -0.7154046297073364,
        0.03547175973653793,
        0.6978094577789307,
        2.3492014408111572
    ],
    [
        0.7062016129493713,
        -0.0782831609249115,
        0.7036697268486023,
        2.2964653968811035,
        0.07753905653953552,
        0.9964419007301331,
        0.03303596004843712,
        -0.21187056601047516,
        -0.7037521004676819,
        0.03123183734714985,
        0.7097588777542114,
        2.4960086345672607
    ],
    [
        0.7537887692451477,
        -0.07485909014940262,
        0.652838945388794,
        2.5389153957366943,
        0.071146659553051,
        0.9969470500946045,
        0.03216871619224548,
        -0.2729223072528839,
        -0.653253972530365,
        0.022198902443051338,
        0.7568133473396301,
        2.624192476272583
    ],
    [
        0.8125135898590088,
        -0.06825117021799088,
        0.5789329409599304,
        2.716139793395996,
        0.06034613773226738,
        0.9976345300674438,
        0.032918598502874374,
        -0.3263151943683624,
        -0.5798103213310242,
        0.008189555257558823,
        0.814710259437561,
        2.796311140060425
    ],
    [
        0.8613085746765137,
        -0.06095122545957565,
        0.5044130086898804,
        2.861967086791992,
        0.051483359187841415,
        0.9981383681297302,
        0.032700780779123306,
        -0.42815542221069336,
        -0.5054671764373779,
        -0.0021965906489640474,
        0.8628431558609009,
        3.0200114250183105
    ],
    [
        0.8913160562515259,
        -0.05448149889707565,
        0.45009735226631165,
        2.962677478790283,
        0.044791776686906815,
        0.9984785318374634,
        0.0321597196161747,
        -0.5115875601768494,
        -0.4511643946170807,
        -0.00850379467010498,
        0.8924002647399902,
        3.1874136924743652
    ],
    [
        0.9189026355743408,
        -0.04702179133892059,
        0.39167144894599915,
        3.0698795318603516,
        0.038308288902044296,
        0.9988144040107727,
        0.030036643147468567,
        -0.5936422944068909,
        -0.392619788646698,
        -0.012596498243510723,
        0.9196145534515381,
        3.361802339553833
    ],
    [
        0.9439681768417358,
        -0.038879286497831345,
        0.3277384340763092,
        3.178044319152832,
        0.03157699853181839,
        0.999120831489563,
        0.027575219050049782,
        -0.657639741897583,
        -0.3285224139690399,
        -0.015681108459830284,
        0.944365918636322,
        3.517606735229492
    ],
    [
        0.9642205834388733,
        -0.029574204236268997,
        0.2634463608264923,
        3.2581491470336914,
        0.023865632712841034,
        0.9994063973426819,
        0.02484354004263878,
        -0.7068116664886475,
        -0.2640247046947479,
        -0.017667345702648163,
        0.9643540382385254,
        3.6452956199645996
    ],
    [
        0.9724798798561096,
        -0.025908848270773888,
        0.23154199123382568,
        3.3553996086120605,
        0.020211519673466682,
        0.9994325637817383,
        0.02694472298026085,
        -0.7060779929161072,
        -0.23210878670215607,
        -0.02152336947619915,
        0.9724516868591309,
        3.792430877685547
    ],
    [
        0.9744070172309875,
        -0.025723112747073174,
        0.2233143150806427,
        3.457099437713623,
        0.02003633789718151,
        0.9994156360626221,
        0.02769434079527855,
        -0.6974889039993286,
        -0.22389626502990723,
        -0.022511163726449013,
        0.974353015422821,
        3.9424359798431396
    ],
    [
        0.9738887548446655,
        -0.025321289896965027,
        0.22560909390449524,
        3.536726951599121,
        0.02003900147974491,
        0.999469518661499,
        0.025673240423202515,
        -0.6875500082969666,
        -0.22613951563835144,
        -0.0204818956553936,
        0.9738795161247253,
        4.049564361572266
    ],
    [
        0.9626431465148926,
        -0.030854003503918648,
        0.2690100073814392,
        3.6481990814208984,
        0.025115249678492546,
        0.9993781447410583,
        0.02474941685795784,
        -0.6240818500518799,
        -0.26960620284080505,
        -0.017068592831492424,
        0.9628191590309143,
        4.151548862457275
    ],
    [
        0.9258878231048584,
        -0.04454770311713219,
        0.37516289949417114,
        3.7769267559051514,
        0.03769474849104881,
        0.9989616274833679,
        0.025589803233742714,
        -0.5873958468437195,
        -0.3759132921695709,
        -0.009551618248224258,
        0.9266057014465332,
        4.231103420257568
    ],
    [
        0.843497097492218,
        -0.06435692310333252,
        0.5332642197608948,
        3.9293713569641113,
        0.0559973269701004,
        0.9979225397109985,
        0.031859662383794785,
        -0.5755690932273865,
        -0.5342069864273071,
        0.0029879012145102024,
        0.8453484773635864,
        4.289819717407227
    ],
    [
        0.7159110307693481,
        -0.0836431011557579,
        0.6931632161140442,
        4.079903602600098,
        0.07377386093139648,
        0.996302604675293,
        0.04402761533856392,
        -0.5731326341629028,
        -0.6942829489707947,
        0.0196174755692482,
        0.7194347381591797,
        4.311270713806152
    ],
    [
        0.5505670309066772,
        -0.10229424387216568,
        0.8284998536109924,
        4.223108768463135,
        0.08658955246210098,
        0.994108259677887,
        0.06519997864961624,
        -0.5647055506706238,
        -0.8302879333496094,
        0.03584250807762146,
        0.5561805367469788,
        4.317539691925049
    ]
]