[
    [
        0.9999991655349731,
        -0.0012439583661034703,
        0.00029792945133522153,
        -0.008621789515018463,
        0.001243726583197713,
        0.999998927116394,
        0.000778864196036011,
        -0.004839134868234396,
        -0.00029889855068176985,
        -0.0007784928311593831,
        0.9999996423721313,
        0.006156375631690025
    ],
    [
        0.9999990463256836,
        -0.0013293713564053178,
        0.00041697657434269786,
        -0.021247750148177147,
        0.00132891780231148,
        0.9999985694885254,
        0.0010854952270165086,
        -0.0064544761553406715,
        -0.0004184184072073549,
        -0.0010849398095160723,
        0.9999992847442627,
        0.00824791006743908
    ],
    [
        0.9999990463256836,
        -0.001284911879338324,
        0.0006214984459802508,
        -0.03368784859776497,
        0.001284153200685978,
        0.9999983906745911,
        0.0012199904303997755,
        -0.00798164401203394,
        -0.0006230646395124495,
        -0.0012191906571388245,
        0.9999991655349731,
        0.010380877181887627
    ],
    [
        0.9999986290931702,
        -0.0014392347075045109,
        0.0007683722651563585,
        -0.04592029005289078,
        0.0014381741639226675,
        0.9999979734420776,
        0.0013793639373034239,
        -0.009469193406403065,
        -0.0007703556912019849,
        -0.001378257293254137,
        0.9999988079071045,
        0.012320660054683685
    ],
    [
        0.9999985694885254,
        -0.0014750211266800761,
        0.0010042296489700675,
        -0.06148461624979973,
        0.0014735582517459989,
        0.9999978542327881,
        0.0014559761621057987,
        -0.011407861486077309,
        -0.0010063755325973034,
        -0.00145449407864362,
        0.9999984502792358,
        0.014849853701889515
    ],
    [
        0.9999980330467224,
        -0.0015592511044815183,
        0.0011767767136916518,
        -0.07394462823867798,
        0.0015574260614812374,
        0.999997615814209,
        0.0015502197202295065,
        -0.0131348492577672,
        -0.0011791912838816643,
        -0.001548384316265583,
        0.9999980926513672,
        0.0169910229742527
    ],
    [
        0.9999976754188538,
        -0.0017168315825983882,
        0.0013267447939142585,
        -0.08603502810001373,
        0.0017146093305200338,
        0.999997079372406,
        0.0016745587345212698,
        -0.01467190869152546,
        -0.0013296161778271198,
        -0.0016722800210118294,
        0.9999977350234985,
        0.01901649497449398
    ],
    [
        0.9999973773956299,
        -0.001799514633603394,
        0.001477717189118266,
        -0.09848649799823761,
        0.0017969961045309901,
        0.9999968409538269,
        0.0017040680395439267,
        -0.016200575977563858,
        -0.0014807790284976363,
        -0.0017014079494401813,
        0.9999974966049194,
        0.021231835708022118
    ],
    [
        0.9999963045120239,
        -0.0020419168286025524,
        0.001791456830687821,
        -0.11758878082036972,
        0.0020387142430990934,
        0.9999963045120239,
        0.0017878729850053787,
        -0.018887903541326523,
        -0.0017951009795069695,
        -0.00178421416785568,
        0.9999967813491821,
        0.024261871352791786
    ],
    [
        0.9999956488609314,
        -0.0022249335888773203,
        0.0019525045063346624,
        -0.12995609641075134,
        0.002221270464360714,
        0.999995768070221,
        0.0018764783162623644,
        -0.02055925317108631,
        -0.0019566710107028484,
        -0.0018721327651292086,
        0.9999964237213135,
        0.026426102966070175
    ],
    [
        0.9999948740005493,
        -0.0023701980244368315,
        0.0021842343267053366,
        -0.14459875226020813,
        0.0023656191769987345,
        0.9999949932098389,
        0.002096565905958414,
        -0.02262827754020691,
        -0.0021891931537538767,
        -0.002091387752443552,
        0.9999953508377075,
        0.028763635084033012
    ],
    [
        0.9999940395355225,
        -0.0025465667713433504,
        0.002329814014956355,
        -0.15584860742092133,
        0.002541465451940894,
        0.9999943971633911,
        0.0021900550927966833,
        -0.023865878582000732,
        -0.0023353782016783953,
        -0.002184120938181877,
        0.9999948740005493,
        0.030689934268593788
    ],
    [
        0.9999924898147583,
        -0.002869904274120927,
        0.002595438389107585,
        -0.17217911779880524,
        0.0028639109805226326,
        0.9999932646751404,
        0.002309884410351515,
        -0.02603583037853241,
        -0.002602050779387355,
        -0.0023024335969239473,
        0.9999939203262329,
        0.03343873471021652
    ],
    [
        0.9999915957450867,
        -0.0030870232731103897,
        0.002742614597082138,
        -0.18351833522319794,
        0.0030806574504822493,
        0.9999926090240479,
        0.0023223059251904488,
        -0.02772027812898159,
        -0.0027497627306729555,
        -0.002313836244866252,
        0.9999935626983643,
        0.035395875573158264
    ],
    [
        0.9999903440475464,
        -0.0032454347237944603,
        0.0029567338060587645,
        -0.19559161365032196,
        0.0032383697107434273,
        0.9999918937683105,
        0.002391330897808075,
        -0.029358630999922752,
        -0.002964471001178026,
        -0.0023817340843379498,
        0.9999927282333374,
        0.037333473563194275
    ],
    [
        0.9999895691871643,
        -0.003349988954141736,
        0.003114181337878108,
        -0.20736615359783173,
        0.0033422019332647324,
        0.999991238117218,
        0.0025023682974278927,
        -0.030934980139136314,
        -0.003122537862509489,
        -0.0024919346906244755,
        0.9999920129776001,
        0.039324674755334854
    ],
    [
        0.9999879002571106,
        -0.003571651177480817,
        0.0034167121630162,
        -0.22261981666088104,
        0.0035630599595606327,
        0.9999904632568359,
        0.002517235465347767,
        -0.03288070857524872,
        -0.003425670089200139,
        -0.002505031181499362,
        0.9999909400939941,
        0.04183872789144516
    ],
    [
        0.9999867677688599,
        -0.003698774380609393,
        0.0035779676400125027,
        -0.23426370322704315,
        0.0036900897976011038,
        0.9999902844429016,
        0.0024306795094162226,
        -0.034465182572603226,
        -0.003586923936381936,
        -0.0024174440186470747,
        0.999990701675415,
        0.043755173683166504
    ],
    [
        0.9999852180480957,
        -0.0038967228028923273,
        0.003782629268243909,
        -0.2453138679265976,
        0.003887380473315716,
        0.99998939037323,
        0.0024741010274738073,
        -0.03591245040297508,
        -0.003792230738326907,
        -0.0024593600537627935,
        0.9999897480010986,
        0.04569055512547493
    ],
    [
        0.9999840259552002,
        -0.004037879407405853,
        0.003965233452618122,
        -0.25589683651924133,
        0.004028282593935728,
        0.9999889135360718,
        0.002425292506814003,
        -0.03728868439793587,
        -0.00397498207166791,
        -0.00240928097628057,
        0.9999891519546509,
        0.04734575375914574
    ],
    [
        0.9999824166297913,
        -0.004285531118512154,
        0.004123729187995195,
        -0.2687701880931854,
        0.004274808336049318,
        0.9999874234199524,
        0.0026054801419377327,
        -0.03904639557003975,
        -0.004134842194616795,
        -0.00258780550211668,
        0.9999880790710449,
        0.04967555031180382
    ],
    [
        0.999981164932251,
        -0.004365299828350544,
        0.004314601421356201,
        -0.2792365849018097,
        0.004353741183876991,
        0.9999868869781494,
        0.002684734296053648,
        -0.040453843772411346,
        -0.004326265305280685,
        -0.0026658999267965555,
        0.9999871253967285,
        0.05140712857246399
    ],
    [
        0.9999797940254211,
        -0.004521421156823635,
        0.004494071938097477,
        -0.2890814244747162,
        0.0045096976682543755,
        0.9999864101409912,
        0.002615253208205104,
        -0.04157764092087746,
        -0.004505835473537445,
        -0.002594933146610856,
        0.9999865293502808,
        0.05319344624876976
    ],
    [
        0.9999786019325256,
        -0.004608767572790384,
        0.004650580231100321,
        -0.2986619770526886,
        0.004595819860696793,
        0.9999855756759644,
        0.0027911171782761812,
        -0.04298124089837074,
        -0.0046633766032755375,
        -0.0027696844190359116,
        0.9999853372573853,
        0.05490643531084061
    ],
    [
        0.9999761581420898,
        -0.004766915459185839,
        0.004993959795683622,
        -0.3131522238254547,
        0.004752622451633215,
        0.9999845623970032,
        0.002870142227038741,
        -0.044816333800554276,
        -0.005007564555853605,
        -0.0028463397175073624,
        0.9999833106994629,
        0.057289376854896545
    ]
]