[
    [
        0.9999483227729797,
        -0.006991570815443993,
        0.007394460495561361,
        0.009345347061753273,
        0.007123564835637808,
        0.9998130202293396,
        -0.017977207899093628,
        -0.10317803919315338,
        -0.007267388049513102,
        0.018028950318694115,
        0.9998111128807068,
        -0.2558508515357971
    ],
    [
        0.99992835521698,
        -0.008654898032546043,
        0.008287183940410614,
        0.010720759630203247,
        0.008837270550429821,
        0.9997138381004333,
        -0.022228792309761047,
        -0.20073434710502625,
        -0.008092423900961876,
        0.02230043150484562,
        0.9997186064720154,
        -0.4435635805130005
    ],
    [
        0.9999061226844788,
        -0.00982068944722414,
        0.009555988945066929,
        0.009748137556016445,
        0.010081743821501732,
        0.999566376209259,
        -0.027664868161082268,
        -0.2911912500858307,
        -0.009280158206820488,
        0.027758611366152763,
        0.9995716214179993,
        -0.6475667357444763
    ],
    [
        0.9998667240142822,
        -0.010117080993950367,
        0.012814097106456757,
        0.005596341099590063,
        0.010427301749587059,
        0.9996484518051147,
        -0.024378353729844093,
        -0.40331658720970154,
        -0.012562954798340797,
        0.024508722126483917,
        0.9996206760406494,
        -0.9099711179733276
    ],
    [
        0.9998515248298645,
        -0.00891900435090065,
        0.01474084798246622,
        -0.0077316961251199245,
        0.00928522553294897,
        0.9996451735496521,
        -0.024965181946754456,
        -0.4945881962776184,
        -0.014512954279780388,
        0.025098340585827827,
        0.9995796084403992,
        -1.152766466140747
    ],
    [
        0.9998601078987122,
        -0.008246167562901974,
        0.014555254019796848,
        -0.028602667152881622,
        0.008728589862585068,
        0.9994040131568909,
        -0.03339791297912598,
        -0.5779220461845398,
        -0.014271174557507038,
        0.03352028876543045,
        0.9993361830711365,
        -1.3883044719696045
    ],
    [
        0.9998630285263062,
        -0.007974565960466862,
        0.01450162660330534,
        -0.03586672246456146,
        0.008492525666952133,
        0.9993152618408203,
        -0.03601366654038429,
        -0.6097256541252136,
        -0.014204503037035465,
        0.03613188490271568,
        0.9992460608482361,
        -1.4681984186172485
    ],
    [
        0.9998615384101868,
        -0.008256057277321815,
        0.014449871145188808,
        -0.037879664450883865,
        0.008789152838289738,
        0.9992682337760925,
        -0.0372265987098217,
        -0.6213605403900146,
        -0.014131953939795494,
        0.03734844923019409,
        0.9992023706436157,
        -1.4995497465133667
    ],
    [
        0.9998548626899719,
        -0.008398661389946938,
        0.014824427664279938,
        -0.04138690605759621,
        0.00894747395068407,
        0.9992621541023254,
        -0.037351254373788834,
        -0.6335464715957642,
        -0.014499788172543049,
        0.037478476762771606,
        0.9991921782493591,
        -1.5296777486801147
    ],
    [
        0.9998574256896973,
        -0.00831980537623167,
        0.01469384040683508,
        -0.04517757147550583,
        0.008893282152712345,
        0.9991837739944458,
        -0.03940417990088463,
        -0.6468108296394348,
        -0.014354011975228786,
        0.03952924907207489,
        0.9991152882575989,
        -1.5679078102111816
    ],
    [
        0.9998545050621033,
        -0.008445488288998604,
        0.014819998294115067,
        -0.04875973239541054,
        0.009024583734571934,
        0.9991806149482727,
        -0.03945345804095268,
        -0.6583164930343628,
        -0.014474651776254177,
        0.03958147019147873,
        0.9991115927696228,
        -1.5980992317199707
    ],
    [
        0.999854564666748,
        -0.008458009921014309,
        0.014812473207712173,
        -0.051589012145996094,
        0.009050614200532436,
        0.9991422891616821,
        -0.04040807485580444,
        -0.6698343753814697,
        -0.014457996003329754,
        0.04053625464439392,
        0.9990733861923218,
        -1.6295442581176758
    ],
    [
        0.9998518228530884,
        -0.008499041199684143,
        0.014969073235988617,
        -0.05474725365638733,
        0.00911153294146061,
        0.9991037249565125,
        -0.04133586212992668,
        -0.6832234859466553,
        -0.014604342170059681,
        0.04146614298224449,
        0.9990332126617432,
        -1.6673738956451416
    ],
    [
        0.9998522996902466,
        -0.008354750461876392,
        0.015022601932287216,
        -0.05962393060326576,
        0.008986296132206917,
        0.9990570545196533,
        -0.042475663125514984,
        -0.694383978843689,
        -0.014653562568128109,
        0.04260439798235893,
        0.9989845752716064,
        -1.6987195014953613
    ],
    [
        0.9998546242713928,
        -0.008540153503417969,
        0.01475908886641264,
        -0.06282411515712738,
        0.009174405597150326,
        0.9990132451057434,
        -0.04345417022705078,
        -0.7048537135124207,
        -0.014373418875038624,
        0.04358325153589249,
        0.9989463686943054,
        -1.7304868698120117
    ],
    [
        0.9998418092727661,
        -0.00892021507024765,
        0.015390944667160511,
        -0.06840507686138153,
        0.009598677977919579,
        0.9989593625068665,
        -0.0445864275097847,
        -0.7175293564796448,
        -0.014977210201323032,
        0.04472709447145462,
        0.9988869428634644,
        -1.7686697244644165
    ],
    [
        0.9998382925987244,
        -0.009137020446360111,
        0.01548653282225132,
        -0.07156191766262054,
        0.00983534287661314,
        0.9989098310470581,
        -0.0456327386200428,
        -0.7271141409873962,
        -0.01505270041525364,
        0.04577768221497536,
        0.9988382458686829,
        -1.8007595539093018
    ],
    [
        0.9998284578323364,
        -0.009271716699004173,
        0.01603364385664463,
        -0.07552887499332428,
        0.009997023269534111,
        0.9989022016525269,
        -0.0457642637193203,
        -0.7376722693443298,
        -0.015591733157634735,
        0.04591669514775276,
        0.9988235831260681,
        -1.8317108154296875
    ],
    [
        0.9998265504837036,
        -0.009691237471997738,
        0.01590452529489994,
        -0.08033595234155655,
        0.010438266210258007,
        0.9988129138946533,
        -0.04757898673415184,
        -0.749915599822998,
        -0.015424546785652637,
        0.0477367527782917,
        0.9987407922744751,
        -1.870568037033081
    ],
    [
        0.9998289346694946,
        -0.009635614231228828,
        0.01578536070883274,
        -0.08418712764978409,
        0.010378992184996605,
        0.998807430267334,
        -0.04770844802260399,
        -0.760880172252655,
        -0.015306834131479263,
        0.04786412790417671,
        0.998736560344696,
        -1.9009019136428833
    ],
    [
        0.9998254179954529,
        -0.009745771065354347,
        0.015941696241497993,
        -0.08808694779872894,
        0.010516195558011532,
        0.9987443685531616,
        -0.04897996038198471,
        -0.7717186808586121,
        -0.015444331802427769,
        0.04913906008005142,
        0.9986725449562073,
        -1.9334361553192139
    ],
    [
        0.99981689453125,
        -0.010026338510215282,
        0.016300728544592857,
        -0.09211621433496475,
        0.010827186517417431,
        0.9987001419067383,
        -0.0498073548078537,
        -0.7838737964630127,
        -0.01578015647828579,
        0.049974728375673294,
        0.9986258745193481,
        -1.97061026096344
    ],
    [
        0.9998085498809814,
        -0.01031353510916233,
        0.016627317294478416,
        -0.09658287465572357,
        0.011134158819913864,
        0.9986850619316101,
        -0.05004138499498367,
        -0.794079065322876,
        -0.01608934998512268,
        0.05021693557500839,
        0.9986087679862976,
        -2.0013859272003174
    ],
    [
        0.9998045563697815,
        -0.0107269873842597,
        0.01660376787185669,
        -0.09881187230348587,
        0.01155864167958498,
        0.9986402988433838,
        -0.050830669701099396,
        -0.8025434017181396,
        -0.016035934910178185,
        0.05101264640688896,
        0.9985692501068115,
        -2.0317087173461914
    ],
    [
        0.9997963905334473,
        -0.010989569127559662,
        0.016917789354920387,
        -0.10172473639249802,
        0.011830903589725494,
        0.9986559152603149,
        -0.05046146363019943,
        -0.8143448829650879,
        -0.016340501606464386,
        0.05065133422613144,
        0.9985827207565308,
        -2.067821979522705
    ]
]