[
    [
        0.9999948740005493,
        -0.0027724681422114372,
        -0.001650805352255702,
        0.06141141802072525,
        0.0027663649525493383,
        0.99998939037323,
        -0.003688545199111104,
        0.008560959249734879,
        0.0016610139282420278,
        0.0036839593667536974,
        0.9999918937683105,
        0.006858676206320524
    ],
    [
        0.9999939203262329,
        -0.002875024452805519,
        -0.0019826157949864864,
        0.06421983987092972,
        0.002867424860596657,
        0.9999886155128479,
        -0.0038252202793955803,
        0.008804050274193287,
        0.0019935909658670425,
        0.0038195117376744747,
        0.999990701675415,
        0.006907883565872908
    ],
    [
        0.9999935626983643,
        -0.0030220001935958862,
        -0.00197229185141623,
        0.06837758421897888,
        0.0030141763854771852,
        0.9999877214431763,
        -0.003957866691052914,
        0.008965288288891315,
        0.001984228612855077,
        0.003951896447688341,
        0.9999902248382568,
        0.007052051834762096
    ],
    [
        0.999991774559021,
        -0.003361231181770563,
        -0.002312414115294814,
        0.07309336215257645,
        0.003351362654939294,
        0.9999853372573853,
        -0.0042582168243825436,
        0.00925041176378727,
        0.0023266940843313932,
        0.004250430967658758,
        0.999988317489624,
        0.006962263491004705
    ],
    [
        0.9999899864196777,
        -0.003582944627851248,
        -0.00270737218670547,
        0.07795018702745438,
        0.003570933360606432,
        0.9999837875366211,
        -0.0044281333684921265,
        0.00947557296603918,
        0.002723193960264325,
        0.004418421071022749,
        0.9999865293502808,
        0.006954861804842949
    ],
    [
        0.9999895095825195,
        -0.003715634811669588,
        -0.0027018000837415457,
        0.08060019463300705,
        0.0037036158610135317,
        0.9999833106994629,
        -0.00443973857909441,
        0.009272855706512928,
        0.002718250500038266,
        0.0044296858832240105,
        0.9999865293502808,
        0.006922594271600246
    ],
    [
        0.9999880790710449,
        -0.003808405017480254,
        -0.0030549990478903055,
        0.08522415161132812,
        0.0037943997886031866,
        0.9999824166297913,
        -0.004577238112688065,
        0.009433566592633724,
        0.0030723768286406994,
        0.004565591458231211,
        0.999984860420227,
        0.00715223653241992
    ],
    [
        0.9999868869781494,
        -0.003923384007066488,
        -0.0033123523462563753,
        0.09023027867078781,
        0.003907361533492804,
        0.9999808073043823,
        -0.004829883575439453,
        0.00972902774810791,
        0.003331237705424428,
        0.004816877190023661,
        0.9999828338623047,
        0.006939665414392948
    ],
    [
        0.999984622001648,
        -0.0041636256501078606,
        -0.003680009627714753,
        0.09490704536437988,
        0.0041443961672484875,
        0.9999777674674988,
        -0.005217628087848425,
        0.009981484152376652,
        0.0037016517017036676,
        0.00520229572430253,
        0.9999796152114868,
        0.006615061312913895
    ],
    [
        0.9999836087226868,
        -0.004229723941534758,
        -0.003868541680276394,
        0.09950397163629532,
        0.004209197126328945,
        0.9999771118164062,
        -0.0052988347597420216,
        0.010087172500789165,
        0.0038908657152205706,
        0.005282465368509293,
        0.9999784231185913,
        0.006715600844472647
    ],
    [
        0.9999825954437256,
        -0.004337110556662083,
        -0.004024636000394821,
        0.10217829048633575,
        0.004315038677304983,
        0.9999756813049316,
        -0.005476654507219791,
        0.010268843732774258,
        0.00404829066246748,
        0.0054591926746070385,
        0.9999768733978271,
        0.006815559696406126
    ],
    [
        0.999981164932251,
        -0.004471978638321161,
        -0.0042162626050412655,
        0.10618404299020767,
        0.004448081366717815,
        0.9999741315841675,
        -0.00566054368391633,
        0.010390304028987885,
        0.004241467919200659,
        0.005641682539135218,
        0.9999750852584839,
        0.006794940680265427
    ],
    [
        0.9999788403511047,
        -0.004571480676531792,
        -0.004639049060642719,
        0.11052242666482925,
        0.004544225987046957,
        0.9999724626541138,
        -0.005868695210665464,
        0.010570254176855087,
        0.004665749613195658,
        0.005847489461302757,
        0.9999719858169556,
        0.006740573327988386
    ],
    [
        0.9999780654907227,
        -0.004574046470224857,
        -0.004797111731022596,
        0.11437797546386719,
        0.004544752184301615,
        0.9999710321426392,
        -0.006100116763263941,
        0.010747670195996761,
        0.004824874456971884,
        0.00607818178832531,
        0.9999698400497437,
        0.006909187883138657
    ],
    [
        0.9999767541885376,
        -0.004630561452358961,
        -0.005017233546823263,
        0.11826534569263458,
        0.004598822444677353,
        0.9999695420265198,
        -0.006319080479443073,
        0.011104044504463673,
        0.00504634203389287,
        0.0062958598136901855,
        0.9999674558639526,
        0.006951517891138792
    ],
    [
        0.9999755024909973,
        -0.004661949351429939,
        -0.005231198389083147,
        0.12129063159227371,
        0.004628425929695368,
        0.9999688267707825,
        -0.006402290426194668,
        0.011238844133913517,
        0.005260882433503866,
        0.006377920974045992,
        0.9999657869338989,
        0.006950818933546543
    ],
    [
        0.999974250793457,
        -0.004809036385267973,
        -0.005331273190677166,
        0.12550272047519684,
        0.004774017259478569,
        0.999967098236084,
        -0.006561863701790571,
        0.011204531416296959,
        0.005362653639167547,
        0.006536243949085474,
        0.9999642372131348,
        0.006913886871188879
    ],
    [
        0.9999727606773376,
        -0.004788808058947325,
        -0.005619390401989222,
        0.13008461892604828,
        0.00475049065425992,
        0.9999655485153198,
        -0.006812503095716238,
        0.011487933807075024,
        0.005651819985359907,
        0.006785623263567686,
        0.9999610185623169,
        0.007064988370984793
    ],
    [
        0.9999713897705078,
        -0.004814074374735355,
        -0.0058354600332677364,
        0.1346891075372696,
        0.004773285239934921,
        0.99996417760849,
        -0.006983647122979164,
        0.011290491558611393,
        0.005868870764970779,
        0.006955593358725309,
        0.9999585151672363,
        0.006997047923505306
    ],
    [
        0.9999669790267944,
        -0.005113501101732254,
        -0.006319347303360701,
        0.1398337185382843,
        0.005065258592367172,
        0.9999580383300781,
        -0.007626787293702364,
        0.011810273863375187,
        0.006358081940561533,
        0.007594526279717684,
        0.9999510049819946,
        0.006836265791207552
    ],
    [
        0.9999663233757019,
        -0.005194028373807669,
        -0.0063614132814109325,
        0.14275023341178894,
        0.005144811235368252,
        0.9999569654464722,
        -0.007728696800768375,
        0.011948433704674244,
        0.0064012836664915085,
        0.007695707958191633,
        0.9999499320983887,
        0.006890416145324707
    ],
    [
        0.9999632239341736,
        -0.005322630982846022,
        -0.006716963369399309,
        0.14710257947444916,
        0.005268912762403488,
        0.9999542236328125,
        -0.007989873178303242,
        0.012421329505741596,
        0.006759182550013065,
        0.00795418955385685,
        0.9999455213546753,
        0.006861981004476547
    ],
    [
        0.9999626278877258,
        -0.005262370221316814,
        -0.00686512840911746,
        0.15092068910598755,
        0.0052079674787819386,
        0.9999551177024841,
        -0.007918448187410831,
        0.012190030887722969,
        0.006906490307301283,
        0.00788239948451519,
        0.9999450445175171,
        0.006803307216614485
    ],
    [
        0.9999604821205139,
        -0.005355556961148977,
        -0.007100784685462713,
        0.1548362672328949,
        0.005297715775668621,
        0.9999529123306274,
        -0.008139659650623798,
        0.012538285925984383,
        0.007144042756408453,
        0.008101718500256538,
        0.9999417066574097,
        0.006908036768436432
    ],
    [
        0.9999575018882751,
        -0.005455362144857645,
        -0.007434815634042025,
        0.15914246439933777,
        0.0053933290764689445,
        0.9999507069587708,
        -0.008338339626789093,
        0.012840521521866322,
        0.007479937747120857,
        0.008297886699438095,
        0.9999376535415649,
        0.0068956962786614895
    ]
]