[
    [
        0.9998042583465576,
        -0.002868736395612359,
        -0.01957864500582218,
        0.09699183702468872,
        0.0025176536291837692,
        0.9998359680175781,
        -0.017933113500475883,
        0.386810839176178,
        0.019626878201961517,
        0.017880307510495186,
        0.9996474981307983,
        0.5420738458633423
    ],
    [
        0.9997934103012085,
        -0.0029021992813795805,
        -0.020119432359933853,
        0.10693260282278061,
        0.002539278706535697,
        0.9998339414596558,
        -0.0180404931306839,
        0.3871212303638458,
        0.020168449729681015,
        0.017985675483942032,
        0.999634861946106,
        0.5506367683410645
    ],
    [
        0.9997856616973877,
        -0.0037930014077574015,
        -0.020347993820905685,
        0.12735123932361603,
        0.0034409412182867527,
        0.9998442530632019,
        -0.017309175804257393,
        0.3848629295825958,
        0.020410481840372086,
        0.017235450446605682,
        0.999643087387085,
        0.5601457953453064
    ],
    [
        0.9997620582580566,
        -0.002882530214264989,
        -0.02162420004606247,
        0.1535291224718094,
        0.0024901486467570066,
        0.9998321533203125,
        -0.01815055124461651,
        0.3877836763858795,
        0.021672889590263367,
        0.018092382699251175,
        0.999601423740387,
        0.5673493146896362
    ],
    [
        0.9997514486312866,
        -0.004152839537709951,
        -0.021902605891227722,
        0.17907366156578064,
        0.003776322118937969,
        0.9998449087142944,
        -0.017203982919454575,
        0.3854334354400635,
        0.021970652043819427,
        0.01711699366569519,
        0.999612033367157,
        0.5786274075508118
    ],
    [
        0.9997435808181763,
        -0.0047326283529400826,
        -0.022145265713334084,
        0.19301451742649078,
        0.004358622711151838,
        0.9998475909233093,
        -0.01690666750073433,
        0.3852335214614868,
        0.022221900522708893,
        0.01680580899119377,
        0.9996117949485779,
        0.5860997438430786
    ],
    [
        0.9997166395187378,
        -0.004495098255574703,
        -0.0233746450394392,
        0.22526666522026062,
        0.0040955133736133575,
        0.9998452067375183,
        -0.017114689573645592,
        0.38773101568222046,
        0.023447958752512932,
        0.01701410859823227,
        0.9995803236961365,
        0.6029000878334045
    ],
    [
        0.9996955990791321,
        -0.0050554643385112286,
        -0.02415107935667038,
        0.2560879588127136,
        0.004645180888473988,
        0.999844491481781,
        -0.017014242708683014,
        0.38850224018096924,
        0.02423333376646042,
        0.016896875575184822,
        0.9995635151863098,
        0.6081938147544861
    ],
    [
        0.999673068523407,
        -0.005946183577179909,
        -0.024866336956620216,
        0.2897709608078003,
        0.00553687009960413,
        0.9998486042022705,
        -0.016497129574418068,
        0.3899414539337158,
        0.02496066689491272,
        0.01635405607521534,
        0.9995546936988831,
        0.6220523118972778
    ],
    [
        0.9996514320373535,
        -0.005022008903324604,
        -0.02592083439230919,
        0.30869993567466736,
        0.004571299068629742,
        0.9998378753662109,
        -0.01741797849535942,
        0.3921342194080353,
        0.026004105806350708,
        0.01729341596364975,
        0.9995121955871582,
        0.6280657649040222
    ],
    [
        0.9996281266212463,
        -0.005685476586222649,
        -0.02666841819882393,
        0.34651219844818115,
        0.005230829119682312,
        0.9998403191566467,
        -0.0170870590955019,
        0.3912475109100342,
        0.026761310175061226,
        0.016941208392381668,
        0.9994982481002808,
        0.6327994465827942
    ],
    [
        0.9995940327644348,
        -0.005636868067085743,
        -0.0279264934360981,
        0.3835992217063904,
        0.005159837193787098,
        0.9998400807380676,
        -0.017124375328421593,
        0.38757407665252686,
        0.02801855467259884,
        0.016973327845335007,
        0.9994632601737976,
        0.6483927965164185
    ],
    [
        0.9995688199996948,
        -0.0071131507866084576,
        -0.028488747775554657,
        0.42349326610565186,
        0.0066491891629993916,
        0.9998443126678467,
        -0.01634751819074154,
        0.38733914494514465,
        0.028600594028830528,
        0.01615104451775551,
        0.9994603991508484,
        0.6587586998939514
    ],
    [
        0.9995490908622742,
        -0.006603308487683535,
        -0.029291609302163124,
        0.44411700963974,
        0.006117099430412054,
        0.9998425245285034,
        -0.016657570376992226,
        0.38599565625190735,
        0.029396994039416313,
        0.016470879316329956,
        0.9994320273399353,
        0.6647307276725769
    ],
    [
        0.9995112419128418,
        -0.007019964046776295,
        -0.03046429343521595,
        0.4875490665435791,
        0.006520478520542383,
        0.9998432993888855,
        -0.016464225947856903,
        0.38059839606285095,
        0.030575094744563103,
        0.01625753380358219,
        0.99940025806427,
        0.6753256916999817
    ],
    [
        0.9994732141494751,
        -0.007628485560417175,
        -0.031544480472803116,
        0.5327864289283752,
        0.007119947578758001,
        0.9998433589935303,
        -0.01620233990252018,
        0.37996187806129456,
        0.031663138419389725,
        0.015969211235642433,
        0.9993711113929749,
        0.6888130307197571
    ],
    [
        0.9994326233863831,
        -0.00819569081068039,
        -0.03266792744398117,
        0.5811684131622314,
        0.007685863878577948,
        0.9998472929000854,
        -0.015701480209827423,
        0.37218987941741943,
        0.0327916219830513,
        0.015441492199897766,
        0.9993429780006409,
        0.7029315233230591
    ],
    [
        0.999413788318634,
        -0.009333768859505653,
        -0.0329359732568264,
        0.6052468419075012,
        0.008844489231705666,
        0.9998487830162048,
        -0.014970011077821255,
        0.3686356544494629,
        0.03307071700692177,
        0.014669934287667274,
        0.9993452429771423,
        0.7096911072731018
    ],
    [
        0.9993488788604736,
        -0.006696305703371763,
        -0.03545481711626053,
        0.6545146107673645,
        0.006101682782173157,
        0.9998394250869751,
        -0.01685302145779133,
        0.3640812635421753,
        0.035561975091695786,
        0.01662571355700493,
        0.9992290735244751,
        0.7178564667701721
    ],
    [
        0.9993085861206055,
        -0.008252996020019054,
        -0.036252107471227646,
        0.7007291316986084,
        0.007693071849644184,
        0.9998494386672974,
        -0.015557702630758286,
        0.35456979274749756,
        0.03637504577636719,
        0.015268055722117424,
        0.9992215633392334,
        0.7430579662322998
    ],
    [
        0.9992375373840332,
        -0.0069491928443312645,
        -0.0384201742708683,
        0.7536804676055908,
        0.006304657086730003,
        0.9998377561569214,
        -0.01687176711857319,
        0.35345911979675293,
        0.038531191647052765,
        0.01661667786538601,
        0.999119222164154,
        0.7533078193664551
    ],
    [
        0.9992192983627319,
        -0.0077719781547784805,
        -0.03873521834611893,
        0.7809539437294006,
        0.007149568758904934,
        0.9998434782028198,
        -0.01618100516498089,
        0.34915852546691895,
        0.03885491564869881,
        0.015891430899500847,
        0.9991183876991272,
        0.7583597302436829
    ],
    [
        0.9991856813430786,
        -0.010620985180139542,
        -0.03892424702644348,
        0.8393123745918274,
        0.010061323642730713,
        0.9998435974121094,
        -0.014546003192663193,
        0.34621375799179077,
        0.03907265514135361,
        0.014142529107630253,
        0.9991362690925598,
        0.7630278468132019
    ],
    [
        0.9990767240524292,
        -0.021931733936071396,
        -0.036941975355148315,
        0.9577627778053284,
        0.021653136238455772,
        0.9997341632843018,
        -0.007924823090434074,
        0.3250543475151062,
        0.03710595518350601,
        0.007117595989257097,
        0.9992859959602356,
        0.7762365341186523
    ],
    [
        0.998991072177887,
        -0.024323808029294014,
        -0.037747688591480255,
        1.0207167863845825,
        0.024091539904475212,
        0.9996879696846008,
        -0.006595376413315535,
        0.3246026635169983,
        0.03789637237787247,
        0.0056793238036334515,
        0.9992656111717224,
        0.7940065860748291
    ]
]