[
    [
        0.9999942779541016,
        -0.0002932577335741371,
        0.0033956707920879126,
        -0.13321609795093536,
        0.0002909163013100624,
        0.9999997615814209,
        0.000689796928782016,
        -0.004582388326525688,
        -0.003395871724933386,
        -0.0006888051866553724,
        0.9999940395355225,
        0.00933176651597023
    ],
    [
        0.9999940991401672,
        -0.00032100328826345503,
        0.0034291031770408154,
        -0.13829267024993896,
        0.0003184617089573294,
        0.9999997019767761,
        0.0007416123989969492,
        -0.004854726605117321,
        -0.0034293390344828367,
        -0.0007405155338346958,
        0.9999938011169434,
        0.010097418911755085
    ],
    [
        0.999993622303009,
        -0.00021572721016127616,
        0.0035541090182960033,
        -0.1456192284822464,
        0.00021282779925968498,
        0.9999997019767761,
        0.00081609160406515,
        -0.005003637168556452,
        -0.0035542834084481,
        -0.0008153304224833846,
        0.9999933242797852,
        0.011174681596457958
    ],
    [
        0.9999929666519165,
        -0.00013066668179817498,
        0.00374807370826602,
        -0.1531101018190384,
        0.00012731832975987345,
        0.9999997019767761,
        0.000893663614988327,
        -0.005479720421135426,
        -0.0037481882609426975,
        -0.0008931796182878315,
        0.9999926090240479,
        0.011941460892558098
    ],
    [
        0.999992311000824,
        9.702057468530256e-06,
        0.0039122020825743675,
        -0.1604328155517578,
        -1.3256943930173293e-05,
        0.9999996423721313,
        0.000908656045794487,
        -0.005556358955800533,
        -0.003912192303687334,
        -0.0009087008656933904,
        0.9999918937683105,
        0.012800904922187328
    ],
    [
        0.9999922513961792,
        0.00017428719729650766,
        0.0039271404966712,
        -0.1678629368543625,
        -0.00017786677926778793,
        0.9999995231628418,
        0.0009109665406867862,
        -0.005727511364966631,
        -0.003926980774849653,
        -0.000911657465621829,
        0.9999918937683105,
        0.013915613293647766
    ],
    [
        0.9999920725822449,
        0.0003013453970197588,
        0.003976177889853716,
        -0.1755717545747757,
        -0.0003051776147913188,
        0.9999995231628418,
        0.0009633261943235993,
        -0.005906288046389818,
        -0.003975885454565287,
        -0.0009645317913964391,
        0.9999915361404419,
        0.014838192611932755
    ],
    [
        0.9999915957450867,
        0.00040281223482452333,
        0.004071419592946768,
        -0.18299981951713562,
        -0.0004068757698405534,
        0.999999463558197,
        0.0009973437990993261,
        -0.006029068026691675,
        -0.004071015864610672,
        -0.000998991192318499,
        0.9999911785125732,
        0.01593911275267601
    ],
    [
        0.9999909400939941,
        0.0006014908431097865,
        0.00423218822106719,
        -0.1906418353319168,
        -0.0006057583377696574,
        0.9999993443489075,
        0.0010073053417727351,
        -0.006213337182998657,
        -0.004231579136103392,
        -0.0010098604252561927,
        0.9999904632568359,
        0.016647176817059517
    ],
    [
        0.9999904036521912,
        0.0006926405476406217,
        0.004337028134614229,
        -0.19547483325004578,
        -0.0006970886024646461,
        0.9999992847442627,
        0.0010240477276965976,
        -0.006214963737875223,
        -0.004336315672844648,
        -0.0010270605562254786,
        0.9999901056289673,
        0.01725185476243496
    ],
    [
        0.9999896883964539,
        0.0009836744284257293,
        0.004446099046617746,
        -0.20268914103507996,
        -0.00098871486261487,
        0.999998927116394,
        0.001131452969275415,
        -0.006491752807050943,
        -0.004444982390850782,
        -0.0011358372867107391,
        0.9999895095825195,
        0.018179960548877716
    ],
    [
        0.9999892711639404,
        0.0011993549996986985,
        0.0044868262484669685,
        -0.209711953997612,
        -0.0012048163916915655,
        0.9999986290931702,
        0.0012146615190431476,
        -0.006606516428291798,
        -0.00448536267504096,
        -0.001220053993165493,
        0.9999892711639404,
        0.01893289014697075
    ],
    [
        0.9999889731407166,
        0.0013587229186668992,
        0.004506750963628292,
        -0.21620747447013855,
        -0.0013649159809574485,
        0.9999980926513672,
        0.001371363759972155,
        -0.006829001475125551,
        -0.004504879470914602,
        -0.0013775001280009747,
        0.9999889135360718,
        0.019642960280179977
    ],
    [
        0.9999886751174927,
        0.0014499439857900143,
        0.004542434588074684,
        -0.22196534276008606,
        -0.001456710509955883,
        0.9999979138374329,
        0.0014866191195324063,
        -0.0070158978924155235,
        -0.0045402697287499905,
        -0.0014932191697880626,
        0.9999885559082031,
        0.02016218565404415
    ],
    [
        0.9999880790710449,
        0.0015404022997245193,
        0.0046501727774739265,
        -0.22757725417613983,
        -0.0015473640523850918,
        0.9999977350234985,
        0.0014939075335860252,
        -0.006694219075143337,
        -0.004647860769182444,
        -0.001501085702329874,
        0.9999880790710449,
        0.02064019814133644
    ],
    [
        0.9999879002571106,
        0.001719342777505517,
        0.0046186004765331745,
        -0.23274590075016022,
        -0.0017266342183575034,
        0.9999972581863403,
        0.001575125497765839,
        -0.006809150334447622,
        -0.004615879617631435,
        -0.0015830814372748137,
        0.9999880790710449,
        0.021292034536600113
    ],
    [
        0.9999872446060181,
        0.0017671635141596198,
        0.004744135774672031,
        -0.23813946545124054,
        -0.001775121781975031,
        0.999997079372406,
        0.0016738849226385355,
        -0.006975728552788496,
        -0.004741163458675146,
        -0.001682284870184958,
        0.9999872446060181,
        0.021908506751060486
    ],
    [
        0.9999868869781494,
        0.0018133531557396054,
        0.004786609206348658,
        -0.2418127954006195,
        -0.0018217300530523062,
        0.9999968409538269,
        0.0017463089898228645,
        -0.007085365708917379,
        -0.004783427808433771,
        -0.0017550059128552675,
        0.999987006187439,
        0.022374754771590233
    ],
    [
        0.9999871850013733,
        0.001932876300998032,
        0.004672637674957514,
        -0.247209832072258,
        -0.0019417168805375695,
        0.9999964237213135,
        0.0018882493022829294,
        -0.007481202948838472,
        -0.004668970592319965,
        -0.0018972977995872498,
        0.9999872446060181,
        0.023077616468071938
    ],
    [
        0.9999861717224121,
        0.002059785882011056,
        0.0048469919711351395,
        -0.2530558109283447,
        -0.0020690253004431725,
        0.9999960064888,
        0.0019019267056137323,
        -0.007159488275647163,
        -0.004843055736273527,
        -0.0019119291100651026,
        0.9999864101409912,
        0.023747216910123825
    ],
    [
        0.9999862313270569,
        0.0020014254841953516,
        0.004853764548897743,
        -0.2584080994129181,
        -0.0020109836477786303,
        0.9999960064888,
        0.0019652261398732662,
        -0.007322789169847965,
        -0.0048498124815523624,
        -0.0019749596249312162,
        0.9999862909317017,
        0.024685656651854515
    ],
    [
        0.9999855160713196,
        0.002071457915008068,
        0.004973934963345528,
        -0.26434391736984253,
        -0.0020816612523049116,
        0.999995768070221,
        0.002047036774456501,
        -0.00745413126423955,
        -0.0049696727655828,
        -0.002057361649349332,
        0.9999855756759644,
        0.02568238601088524
    ],
    [
        0.999984860420227,
        0.0022929287515580654,
        0.005001157987862825,
        -0.2702718675136566,
        -0.002303902292624116,
        0.9999949336051941,
        0.0021896648686379194,
        -0.0076430197805166245,
        -0.004996112082153559,
        -0.0022011541295796633,
        0.9999850988388062,
        0.026673423126339912
    ],
    [
        0.9999842643737793,
        0.0025205714628100395,
        0.005018199328333139,
        -0.27670368552207947,
        -0.0025318798143416643,
        0.9999942183494568,
        0.002248450880870223,
        -0.007593807298690081,
        -0.005012502893805504,
        -0.0022611208260059357,
        0.999984860420227,
        0.02720746397972107
    ],
    [
        0.9999822974205017,
        0.002701982855796814,
        0.005306850653141737,
        -0.28303807973861694,
        -0.002714392263442278,
        0.9999935626983643,
        0.0023325164802372456,
        -0.007796257734298706,
        -0.005300513934344053,
        -0.002346879569813609,
        0.9999831914901733,
        0.0281782615929842
    ]
]