[
    [
        0.9981964826583862,
        0.003414412261918187,
        -0.05993281304836273,
        -0.09479071944952011,
        -0.0036011734046041965,
        0.9999889731407166,
        -0.003008445957675576,
        0.004729736130684614,
        0.059921879321336746,
        0.0032188487239181995,
        0.9981978535652161,
        -0.016157720237970352
    ],
    [
        0.9976252913475037,
        0.003914753440767527,
        -0.06876382231712341,
        -0.1079091727733612,
        -0.004123620688915253,
        0.9999873638153076,
        -0.00289578502997756,
        0.004435413982719183,
        0.06875161081552505,
        0.0031724637374281883,
        0.9976288676261902,
        -0.019659096375107765
    ],
    [
        0.9968973994255066,
        0.003990893252193928,
        -0.07860954850912094,
        -0.11972355097532272,
        -0.0042397985234856606,
        0.9999865293502808,
        -0.0029996889643371105,
        0.004759370349347591,
        0.07859652489423752,
        0.0033236711751669645,
        0.9969010353088379,
        -0.02218090370297432
    ],
    [
        0.9957563877105713,
        0.00430807750672102,
        -0.09192850440740585,
        -0.1374187469482422,
        -0.00463174469769001,
        0.9999838471412659,
        -0.0033078002743422985,
        0.005494728684425354,
        0.09191276878118515,
        0.003719553118571639,
        0.9957601428031921,
        -0.025265978649258614
    ],
    [
        0.9947501420974731,
        0.004463558550924063,
        -0.10223651677370071,
        -0.15141744911670685,
        -0.004860489629209042,
        0.9999816417694092,
        -0.003633694024756551,
        0.006129487883299589,
        0.10221841186285019,
        0.004111537244170904,
        0.9947534799575806,
        -0.027457820251584053
    ],
    [
        0.993135392665863,
        0.004849667195230722,
        -0.1168707013130188,
        -0.16957911849021912,
        -0.005364878568798304,
        0.999977171421051,
        -0.004094208590686321,
        0.006968560628592968,
        0.11684819310903549,
        0.004693100694566965,
        0.9931387305259705,
        -0.029926329851150513
    ],
    [
        0.9917591214179993,
        0.005105205345898867,
        -0.1280141919851303,
        -0.18364956974983215,
        -0.005720699671655893,
        0.9999737739562988,
        -0.004440804477781057,
        0.00742384884506464,
        0.12798815965652466,
        0.005136539693921804,
        0.9917622804641724,
        -0.03209034353494644
    ],
    [
        0.9898071885108948,
        0.0057198647409677505,
        -0.14229950308799744,
        -0.20374970138072968,
        -0.006431450601667166,
        0.9999690055847168,
        -0.004541190806776285,
        0.007359881419688463,
        0.14226911962032318,
        0.005410094745457172,
        0.9898132681846619,
        -0.03776256740093231
    ],
    [
        0.9881941080093384,
        0.006008000113070011,
        -0.1530895084142685,
        -0.21944878995418549,
        -0.006822645198553801,
        0.999965250492096,
        -0.004796577151864767,
        0.007814490236341953,
        0.15305539965629578,
        0.005784423556178808,
        0.9882007837295532,
        -0.04184728488326073
    ],
    [
        0.9858338832855225,
        0.006654906552284956,
        -0.1675930917263031,
        -0.24169139564037323,
        -0.007653527427464724,
        0.9999566078186035,
        -0.0053133913315832615,
        0.008656731806695461,
        0.1675504744052887,
        0.006520798429846764,
        0.9858419299125671,
        -0.04659104719758034
    ],
    [
        0.9839105010032654,
        0.007247004192322493,
        -0.17851555347442627,
        -0.25898435711860657,
        -0.008238264359533787,
        0.9999545216560364,
        -0.004812116269022226,
        0.007286414969712496,
        0.17847254872322083,
        0.006205349694937468,
        0.9839252233505249,
        -0.05133818835020065
    ],
    [
        0.9808794260025024,
        0.008097957819700241,
        -0.19444766640663147,
        -0.2807478606700897,
        -0.009317699819803238,
        0.9999421834945679,
        -0.005359032191336155,
        0.008393561467528343,
        0.19439302384853363,
        0.007068368140608072,
        0.9808983206748962,
        -0.056795764714479446
    ],
    [
        0.9782660603523254,
        0.008880848065018654,
        -0.20716305077075958,
        -0.29764243960380554,
        -0.010254031978547573,
        0.999932050704956,
        -0.005555662326514721,
        0.008040077053010464,
        0.20709963142871857,
        0.007559172343462706,
        0.9782906174659729,
        -0.058736562728881836
    ],
    [
        0.975253164768219,
        0.009156078100204468,
        -0.22090134024620056,
        -0.31468749046325684,
        -0.010791792534291744,
        0.9999225735664368,
        -0.006198967806994915,
        0.008823876269161701,
        0.22082747519016266,
        0.008429483510553837,
        0.9752764105796814,
        -0.06285623461008072
    ],
    [
        0.9704698324203491,
        0.010158997029066086,
        -0.24100852012634277,
        -0.3353765308856964,
        -0.01208309642970562,
        0.9999058246612549,
        -0.0065069906413555145,
        0.008423760533332825,
        0.24091970920562744,
        0.009226967580616474,
        0.9705011248588562,
        -0.07237274199724197
    ],
    [
        0.9666361212730408,
        0.010668308474123478,
        -0.2559310793876648,
        -0.35279303789138794,
        -0.012854433618485928,
        0.9998937845230103,
        -0.006870536133646965,
        0.008511323481798172,
        0.2558305859565735,
        0.00993115734308958,
        0.9666705131530762,
        -0.07808268070220947
    ],
    [
        0.9608755111694336,
        0.011560673825442791,
        -0.2767391800880432,
        -0.37467458844184875,
        -0.014118124730885029,
        0.9998740553855896,
        -0.007250665221363306,
        0.008073123171925545,
        0.2766205072402954,
        0.010874024592339993,
        0.9609177112579346,
        -0.08645303547382355
    ],
    [
        0.9566299915313721,
        0.01244903914630413,
        -0.29103952646255493,
        -0.3939363658428192,
        -0.015263952314853668,
        0.9998561143875122,
        -0.0074034929275512695,
        0.007475724443793297,
        0.2909054458141327,
        0.011524816043674946,
        0.9566823840141296,
        -0.09284601360559464
    ],
    [
        0.9509137272834778,
        0.013171597383916378,
        -0.3091754913330078,
        -0.4197339117527008,
        -0.016504118219017982,
        0.9998304843902588,
        -0.008165684528648853,
        0.007902381010353565,
        0.30901554226875305,
        0.012867530807852745,
        0.9509698748588562,
        -0.09800012409687042
    ],
    [
        0.9463263750076294,
        0.013702339492738247,
        -0.3229219913482666,
        -0.43682241439819336,
        -0.01725914515554905,
        0.9998177886009216,
        -0.008153497241437435,
        0.0070693339221179485,
        0.3227514326572418,
        0.013289227150380611,
        0.9463904500007629,
        -0.1047140583395958
    ],
    [
        0.9398080706596375,
        0.014477824792265892,
        -0.3413960337638855,
        -0.45668917894363403,
        -0.01847151666879654,
        0.9997937083244324,
        -0.008450127206742764,
        0.006879819557070732,
        0.3412032127380371,
        0.014247600920498371,
        0.9398816227912903,
        -0.1140783280134201
    ],
    [
        0.9349268078804016,
        0.014974866062402725,
        -0.35452455282211304,
        -0.4709925651550293,
        -0.019242707639932632,
        0.9997785687446594,
        -0.008515547029674053,
        0.006694946438074112,
        0.3543185293674469,
        0.014783426187932491,
        0.9350079298019409,
        -0.1212695986032486
    ],
    [
        0.9287455677986145,
        0.015494417399168015,
        -0.370393842458725,
        -0.49173781275749207,
        -0.02006516605615616,
        0.9997625946998596,
        -0.008490138687193394,
        0.006523520220071077,
        0.370174378156662,
        0.015317194163799286,
        0.9288360476493835,
        -0.12799544632434845
    ],
    [
        0.9239871501922607,
        0.015689188614487648,
        -0.38210147619247437,
        -0.5058777332305908,
        -0.020528066903352737,
        0.9997524619102478,
        -0.008590304292738438,
        0.006677870638668537,
        0.3818720579147339,
        0.015781132504343987,
        0.9240804314613342,
        -0.13247735798358917
    ],
    [
        0.9174887537956238,
        0.01612274907529354,
        -0.39743489027023315,
        -0.5243645906448364,
        -0.021190928295254707,
        0.9997404217720032,
        -0.008363313041627407,
        0.006973288953304291,
        0.39719685912132263,
        0.01609526202082634,
        0.9175922274589539,
        -0.13810113072395325
    ]
]