[
    [
        0.9996918439865112,
        -6.447442137869075e-05,
        -0.024822179228067398,
        -0.08214342594146729,
        -3.108439705101773e-05,
        0.9999925494194031,
        -0.0038493135944008827,
        -0.04958638548851013,
        0.024822242558002472,
        0.00384889985434711,
        0.9996845722198486,
        0.18979738652706146
    ],
    [
        0.9996393918991089,
        -9.053502253664192e-06,
        -0.02685537002980709,
        -0.09744490683078766,
        -0.00013294952805154026,
        0.9999861121177673,
        -0.00528592336922884,
        -0.047661568969488144,
        0.026855044066905975,
        0.00528758717700839,
        0.9996253252029419,
        0.28111693263053894
    ],
    [
        0.9996191263198853,
        -0.00013366949860937893,
        -0.02759615145623684,
        -0.11260152608156204,
        -4.073152376804501e-05,
        0.999980092048645,
        -0.00631908280774951,
        -0.04260807856917381,
        0.02759644389152527,
        0.00631779944524169,
        0.999599277973175,
        0.373810738325119
    ],
    [
        0.9995583891868591,
        -0.0001734886463964358,
        -0.02971714735031128,
        -0.127898171544075,
        -3.001693130499916e-06,
        0.9999823570251465,
        -0.005938871763646603,
        -0.038759857416152954,
        0.02971765212714672,
        0.005936336703598499,
        0.9995408058166504,
        0.46695706248283386
    ],
    [
        0.9995258450508118,
        -0.0002762721851468086,
        -0.030791278928518295,
        -0.1407339721918106,
        6.271284655667841e-05,
        0.9999759793281555,
        -0.006936453748494387,
        -0.03233857452869415,
        0.03079245425760746,
        0.006931232288479805,
        0.9995017051696777,
        0.5641633868217468
    ],
    [
        0.9995026588439941,
        -0.00048017629887908697,
        -0.031532756984233856,
        -0.156599223613739,
        0.00021377972734626383,
        0.9999642968177795,
        -0.00845106691122055,
        -0.01683032512664795,
        0.031535688787698746,
        0.00844012200832367,
        0.9994669556617737,
        0.696051836013794
    ],
    [
        0.9994713664054871,
        -0.0004831567348446697,
        -0.03250641003251076,
        -0.16594967246055603,
        0.00016081827925518155,
        0.9999507665634155,
        -0.009918042458593845,
        -0.0014230601955205202,
        0.03250959888100624,
        0.009907573461532593,
        0.9994223117828369,
        0.7963370680809021
    ],
    [
        0.9994665384292603,
        -0.0007611757609993219,
        -0.032651711255311966,
        -0.1738092452287674,
        0.00040620332583785057,
        0.999940812587738,
        -0.010876745916903019,
        0.010475129820406437,
        0.03265805542469025,
        0.010857678949832916,
        0.9994076490402222,
        0.8968833684921265
    ],
    [
        0.9994500875473022,
        -0.0008026703726500273,
        -0.0331483893096447,
        -0.18161343038082123,
        0.0003703675465658307,
        0.999914824962616,
        -0.013045513071119785,
        0.022489111870527267,
        0.03315603733062744,
        0.013026061467826366,
        0.9993653893470764,
        0.9971864223480225
    ],
    [
        0.9994493722915649,
        -0.0009863806189969182,
        -0.03316696360707283,
        -0.19178736209869385,
        0.0005080822156742215,
        0.9998958110809326,
        -0.014426272362470627,
        0.037352025508880615,
        0.03317774087190628,
        0.014401476830244064,
        0.9993457198143005,
        1.0952752828598022
    ],
    [
        0.9993780851364136,
        -0.0010432970011606812,
        -0.03524629771709442,
        -0.20426398515701294,
        0.0004744538455270231,
        0.9998695850372314,
        -0.016143595799803734,
        0.0639927014708519,
        0.035258546471595764,
        0.016116831451654434,
        0.999248206615448,
        1.2270270586013794
    ],
    [
        0.999363124370575,
        -0.0010930649004876614,
        -0.035665690898895264,
        -0.21448543667793274,
        0.00046514111454598606,
        0.9998447895050049,
        -0.017609376460313797,
        0.08442763984203339,
        0.03567939251661301,
        0.017581574618816376,
        0.9992086291313171,
        1.3252111673355103
    ],
    [
        0.9993571639060974,
        -0.0010982428211718798,
        -0.03583427891135216,
        -0.2254849672317505,
        0.0004543583781924099,
        0.9998384118080139,
        -0.017971571534872055,
        0.10041271150112152,
        0.0358482301235199,
        0.017943738028407097,
        0.9991962313652039,
        1.4230667352676392
    ],
    [
        0.9993425607681274,
        -0.0011213421821594238,
        -0.03623872995376587,
        -0.23626798391342163,
        0.0004451938148122281,
        0.9998258352279663,
        -0.018660875037312508,
        0.11415436863899231,
        0.03625334054231644,
        0.018632475286722183,
        0.9991689324378967,
        1.5203391313552856
    ],
    [
        0.9993206858634949,
        -0.0013031747657805681,
        -0.03682985529303551,
        -0.24684758484363556,
        0.0005899621173739433,
        0.9998122453689575,
        -0.01936931349337101,
        0.12850643694400787,
        0.03684819117188454,
        0.019334424287080765,
        0.9991338849067688,
        1.617213249206543
    ],
    [
        0.9992693662643433,
        -0.0015104511985555291,
        -0.03818728029727936,
        -0.2606745660305023,
        0.0007964243413880467,
        0.9998247623443604,
        -0.018706344068050385,
        0.14999696612358093,
        0.038208846002817154,
        0.018662262707948685,
        0.9990954995155334,
        1.7508445978164673
    ],
    [
        0.9992576837539673,
        -0.0017556102247908711,
        -0.03848612308502197,
        -0.26934826374053955,
        0.0009796118829399347,
        0.9997960329055786,
        -0.020172689110040665,
        0.16336305439472198,
        0.038513682782649994,
        0.020120009779930115,
        0.9990555644035339,
        1.8545522689819336
    ],
    [
        0.9992340803146362,
        -0.0017320385668426752,
        -0.03909122198820114,
        -0.27780500054359436,
        0.0009623856167308986,
        0.9998055100440979,
        -0.019698891788721085,
        0.1705216020345688,
        0.03911773860454559,
        0.019646186381578445,
        0.9990414977073669,
        1.9596747159957886
    ],
    [
        0.9992178082466125,
        -0.0016681547276675701,
        -0.03950832784175873,
        -0.28735363483428955,
        0.0008571379585191607,
        0.9997887015342712,
        -0.020535791292786598,
        0.17393480241298676,
        0.03953424468636513,
        0.020485863089561462,
        0.9990081787109375,
        2.063063144683838
    ],
    [
        0.9991722106933594,
        -0.00130189408082515,
        -0.04066190496087074,
        -0.29669272899627686,
        0.000502936018165201,
        0.9998067617416382,
        -0.01965286210179329,
        0.17666830122470856,
        0.04067963734269142,
        0.0196161400526762,
        0.9989796876907349,
        2.166431188583374
    ],
    [
        0.9991797208786011,
        -0.0012267936253920197,
        -0.04047732427716255,
        -0.31087958812713623,
        0.0003604615631047636,
        0.9997708797454834,
        -0.021403245627880096,
        0.178279846906662,
        0.04049430787563324,
        0.02137110009789467,
        0.998951256275177,
        2.3048558235168457
    ],
    [
        0.9991858005523682,
        -0.0014315502485260367,
        -0.04031874239444733,
        -0.32318779826164246,
        0.0005453528137877584,
        0.9997581839561462,
        -0.021982209756970406,
        0.17348794639110565,
        0.04034046456217766,
        0.02194232866168022,
        0.9989450573921204,
        2.4075965881347656
    ],
    [
        0.9991603493690491,
        -0.0013354505645111203,
        -0.04094842076301575,
        -0.33498167991638184,
        0.00046966932131908834,
        0.9997761845588684,
        -0.02114555612206459,
        0.16162829101085663,
        0.04096750169992447,
        0.02110856957733631,
        0.9989374876022339,
        2.5074563026428223
    ],
    [
        0.9991041421890259,
        -0.0018117171712219715,
        -0.04228268936276436,
        -0.34335798025131226,
        0.0009256319608539343,
        0.9997797608375549,
        -0.020966392010450363,
        0.14990413188934326,
        0.04231136292219162,
        0.02090846747159958,
        0.9988856911659241,
        2.6075382232666016
    ],
    [
        0.999138355255127,
        -0.002010806230828166,
        -0.04145437851548195,
        -0.35344991087913513,
        0.0010810057865455747,
        0.9997476935386658,
        -0.022439703345298767,
        0.1351487785577774,
        0.04148904234170914,
        0.02237555757164955,
        0.998888373374939,
        2.742595672607422
    ]
]