[
    [
        0.9966216683387756,
        0.010859162546694279,
        0.08140775561332703,
        -0.0870826244354248,
        -0.009435206651687622,
        0.9997960925102234,
        -0.017855992540717125,
        -0.10535947233438492,
        -0.08158504962921143,
        0.01702756993472576,
        0.9965208768844604,
        0.39160284399986267
    ],
    [
        0.9924668669700623,
        0.011376981623470783,
        0.12198389321565628,
        -0.07458598911762238,
        -0.00944859255105257,
        0.9998213052749634,
        -0.016375383362174034,
        -0.16413679718971252,
        -0.12214838713407516,
        0.015099450014531612,
        0.992396891117096,
        0.5123307704925537
    ],
    [
        0.9858376383781433,
        0.01138558704406023,
        0.1673160046339035,
        -0.06453975290060043,
        -0.008871113881468773,
        0.9998363852500916,
        -0.015768039971590042,
        -0.2400095909833908,
        -0.1674681454896927,
        0.014060446992516518,
        0.9857771992683411,
        0.6154850125312805
    ],
    [
        0.9780441522598267,
        0.012142477557063103,
        0.20804372429847717,
        -0.05510991811752319,
        -0.00856573972851038,
        0.9997997879981995,
        -0.018084540963172913,
        -0.28572192788124084,
        -0.2082216739654541,
        0.015905432403087616,
        0.9779523015022278,
        0.7120354175567627
    ],
    [
        0.9694085717201233,
        0.012612001039087772,
        0.24512861669063568,
        -0.06120629608631134,
        -0.009353295899927616,
        0.9998517632484436,
        -0.014453502371907234,
        -0.33893030881881714,
        -0.24527457356452942,
        0.011718588881194592,
        0.9693828821182251,
        0.8127836585044861
    ],
    [
        0.9583494663238525,
        0.013298927806317806,
        0.28528839349746704,
        -0.051320042461156845,
        -0.009630829095840454,
        0.9998520612716675,
        -0.014256655238568783,
        -0.41149091720581055,
        -0.2854357361793518,
        0.010915293358266354,
        0.9583357572555542,
        0.9012727737426758
    ],
    [
        0.9474074840545654,
        0.012236989103257656,
        0.31979554891586304,
        -0.016283901408314705,
        -0.008629457093775272,
        0.9998822212219238,
        -0.01269540935754776,
        -0.4530867338180542,
        -0.31991323828697205,
        0.009268058463931084,
        0.9474014639854431,
        1.0076462030410767
    ],
    [
        0.9365050792694092,
        0.012204759754240513,
        0.35044124722480774,
        0.026914671063423157,
        -0.008679546415805817,
        0.9998946785926819,
        -0.011628282256424427,
        -0.49693191051483154,
        -0.35054630041122437,
        0.007848271168768406,
        0.9365124702453613,
        1.1406946182250977
    ],
    [
        0.9269431829452515,
        0.012027017772197723,
        0.3750090003013611,
        0.061464060097932816,
        -0.009284000843763351,
        0.9999153017997742,
        -0.009120465256273746,
        -0.5405375361442566,
        -0.3750869035720825,
        0.004972567316144705,
        0.926976203918457,
        1.2467560768127441
    ],
    [
        0.9172806143760681,
        0.012195280753076077,
        0.3980545699596405,
        0.09031053632497787,
        -0.009486428461968899,
        0.9999165534973145,
        -0.00877403188496828,
        -0.5536999106407166,
        -0.39812836050987244,
        0.004272127524018288,
        0.9173197150230408,
        1.345949649810791
    ],
    [
        0.9055038094520569,
        0.012947379611432552,
        0.42414045333862305,
        0.12541545927524567,
        -0.01005052961409092,
        0.9999083876609802,
        -0.009066334925591946,
        -0.5345907807350159,
        -0.4242189824581146,
        0.003946773242205381,
        0.9055510759353638,
        1.481704592704773
    ],
    [
        0.8960623145103455,
        0.01313788816332817,
        0.4437338411808014,
        0.16647286713123322,
        -0.010290589183568954,
        0.9999080896377563,
        -0.008824365213513374,
        -0.5253695249557495,
        -0.44380906224250793,
        0.0033408922608941793,
        0.8961151838302612,
        1.6117455959320068
    ],
    [
        0.8917307257652283,
        0.012220839038491249,
        0.452401340007782,
        0.23001445829868317,
        -0.00998248253017664,
        0.9999232888221741,
        -0.007334685884416103,
        -0.5088678002357483,
        -0.4524562656879425,
        0.002024474088102579,
        0.8917842507362366,
        1.7210659980773926
    ],
    [
        0.8901160955429077,
        0.01037716493010521,
        0.455615758895874,
        0.32462191581726074,
        -0.00880101602524519,
        0.9999457001686096,
        -0.00558073353022337,
        -0.489822655916214,
        -0.45564892888069153,
        0.0009576218435540795,
        0.8901589512825012,
        1.828971266746521
    ],
    [
        0.8894633054733276,
        0.008879557251930237,
        0.4569202661514282,
        0.4671901762485504,
        -0.007269870024174452,
        0.9999596476554871,
        -0.005280822981148958,
        -0.4713727831840515,
        -0.4569486975669861,
        0.001375348074361682,
        0.8894919753074646,
        1.9668773412704468
    ],
    [
        0.890248715877533,
        0.008006970398128033,
        0.4554044306278229,
        0.6023366451263428,
        -0.006832716520875692,
        0.9999676942825317,
        -0.004224580246955156,
        -0.4540223181247711,
        -0.45542362332344055,
        0.0006492803804576397,
        0.890274703502655,
        2.0960123538970947
    ],
    [
        0.8907231092453003,
        0.00826664175838232,
        0.454471230506897,
        0.7302305698394775,
        -0.007590061519294977,
        0.9999657273292542,
        -0.0033131190575659275,
        -0.4041782319545746,
        -0.4544829726219177,
        -0.0004983932594768703,
        0.8907552361488342,
        2.2314980030059814
    ],
    [
        0.8948156833648682,
        0.008199228905141354,
        0.44636034965515137,
        0.8445650935173035,
        -0.006816464010626078,
        0.9999657273292542,
        -0.004703530576080084,
        -0.35575801134109497,
        -0.44638365507125854,
        0.001166194793768227,
        0.8948409557342529,
        2.3634321689605713
    ],
    [
        0.9040615558624268,
        0.008285255171358585,
        0.4273219406604767,
        0.9372527003288269,
        -0.006544706877321005,
        0.9999631643295288,
        -0.005541797261685133,
        -0.3112841248512268,
        -0.4273521602153778,
        0.002213431987911463,
        0.9040824770927429,
        2.481610059738159
    ],
    [
        0.9215516448020935,
        0.005386320408433676,
        0.38821831345558167,
        1.0271135568618774,
        -0.004388689063489437,
        0.9999844431877136,
        -0.0034563851077109575,
        -0.24423938989639282,
        -0.3882308602333069,
        0.0014814699534326792,
        0.9215609431266785,
        2.5941545963287354
    ],
    [
        0.9472881555557251,
        0.00324945873580873,
        0.32036638259887695,
        1.1294970512390137,
        -0.0017952964408323169,
        0.9999867081642151,
        -0.004834312945604324,
        -0.19055843353271484,
        -0.3203778564929962,
        0.004004336893558502,
        0.9472814202308655,
        2.7033936977386475
    ],
    [
        0.9697920680046082,
        0.0014192202361300588,
        0.24392901360988617,
        1.2018146514892578,
        0.0001994914491660893,
        0.9999781250953674,
        -0.00661116186529398,
        -0.15436704456806183,
        -0.2439330518245697,
        0.006460112985223532,
        0.9697705507278442,
        2.8173789978027344
    ],
    [
        0.9854902625083923,
        -3.0024684747331776e-05,
        0.1697317659854889,
        1.2553801536560059,
        0.0012172331335023046,
        0.9999755024909973,
        -0.006890561897307634,
        -0.10929691791534424,
        -0.1697273999452591,
        0.006997185759246349,
        0.9854662418365479,
        2.933505058288574
    ],
    [
        0.9962722659111023,
        -0.002528283977881074,
        0.08622750639915466,
        1.2884855270385742,
        0.003113027196377516,
        0.9999729990959167,
        -0.006647602189332247,
        -0.06302424520254135,
        -0.08620806038379669,
        0.006891247350722551,
        0.9962533116340637,
        3.0548908710479736
    ],
    [
        0.9999222159385681,
        -0.004493942949920893,
        -0.011635537259280682,
        1.2983685731887817,
        0.004514523781836033,
        0.9999881982803345,
        0.00174321501981467,
        -0.041229497641325,
        0.011627511121332645,
        -0.0017956101801246405,
        0.9999308586120605,
        3.174581527709961
    ]
]