[
    [
        0.9715887904167175,
        0.0014062740374356508,
        0.23667113482952118,
        -0.005907724145799875,
        -0.0012389988405629992,
        0.9999988079071045,
        -0.0008555122767575085,
        -0.11591988801956177,
        -0.2366720587015152,
        0.000537970510777086,
        0.9715894460678101,
        -0.0332803949713707
    ],
    [
        0.9502939581871033,
        -0.0006958040175959468,
        0.31135326623916626,
        -0.04057682678103447,
        3.561587072908878e-05,
        0.9999977946281433,
        0.0021260634530335665,
        -0.17492789030075073,
        -0.3113540709018707,
        -0.0020092958584427834,
        0.9502918124198914,
        -0.05728861689567566
    ],
    [
        0.9309969544410706,
        -0.0011940945405513048,
        0.36502504348754883,
        -0.08802738040685654,
        0.0006334632053039968,
        0.9999983906745911,
        0.001655614236369729,
        -0.21424500644207,
        -0.3650265038013458,
        -0.001310141640715301,
        0.9309961795806885,
        -0.08195549249649048
    ],
    [
        0.9177475571632385,
        -0.001969948410987854,
        0.39715930819511414,
        -0.13648691773414612,
        0.0004421019402798265,
        0.9999921321868896,
        0.003938456531614065,
        -0.2405005842447281,
        -0.3971639573574066,
        -0.0034389242064207792,
        0.9177411794662476,
        -0.10015636682510376
    ],
    [
        0.9102066159248352,
        -0.0025125816464424133,
        0.4141468405723572,
        -0.19843831658363342,
        9.532232797937468e-05,
        0.9999828934669495,
        0.005857282318174839,
        -0.2578491270542145,
        -0.4141544699668884,
        -0.005291859153658152,
        0.9101912379264832,
        -0.12193337827920914
    ],
    [
        0.9087481498718262,
        -0.0030064070597290993,
        0.41733404994010925,
        -0.2519945502281189,
        -0.00016852299449965358,
        0.999971330165863,
        0.007570593152195215,
        -0.2613634169101715,
        -0.417344868183136,
        -0.006950093898922205,
        0.9087215662002563,
        -0.13542330265045166
    ],
    [
        0.9087937474250793,
        -0.003661479102447629,
        0.41722941398620605,
        -0.28161537647247314,
        0.0004152313049416989,
        0.9999690055847168,
        0.007870981469750404,
        -0.2633233666419983,
        -0.4172452986240387,
        -0.006979851983487606,
        0.90876704454422,
        -0.13576088845729828
    ],
    [
        0.9088520407676697,
        -0.004374699667096138,
        0.417095810174942,
        -0.2803267538547516,
        0.0002726574311964214,
        0.9999510049819946,
        0.009893842972815037,
        -0.25303563475608826,
        -0.41711869835853577,
        -0.008878313936293125,
        0.9088085889816284,
        -0.12034594267606735
    ],
    [
        0.9090465903282166,
        -0.005933783948421478,
        0.41665229201316833,
        -0.25361382961273193,
        0.0013109537540003657,
        0.9999344348907471,
        0.01138041727244854,
        -0.253644198179245,
        -0.41669246554374695,
        -0.009799117222428322,
        0.908994734287262,
        -0.08166930079460144
    ],
    [
        0.9092421531677246,
        -0.007201996631920338,
        0.41620513796806335,
        -0.19451987743377686,
        0.0015532505931332707,
        0.9999021291732788,
        0.013909030705690384,
        -0.25079795718193054,
        -0.41626453399658203,
        -0.012000206857919693,
        0.909164309501648,
        -0.016556739807128906
    ],
    [
        0.9093679785728455,
        -0.007461582310497761,
        0.41592562198638916,
        -0.11716750264167786,
        0.0016242971178144217,
        0.9998951554298401,
        0.01438650581985712,
        -0.24282464385032654,
        -0.41598939895629883,
        -0.012407039292156696,
        0.9092848300933838,
        0.06815578788518906
    ],
    [
        0.9094023108482361,
        -0.008239688351750374,
        0.41583606600761414,
        0.004957829602062702,
        0.0019345951732248068,
        0.9998767375946045,
        0.015581495128571987,
        -0.2367771863937378,
        -0.4159131944179535,
        -0.013365373015403748,
        0.9093061089515686,
        0.18322065472602844
    ],
    [
        0.9093077182769775,
        -0.00876872893422842,
        0.41603198647499084,
        0.14360536634922028,
        0.0018061180599033833,
        0.9998517036437988,
        0.017126359045505524,
        -0.22780835628509521,
        -0.4161204397678375,
        -0.014821725897490978,
        0.9091886281967163,
        0.31276941299438477
    ],
    [
        0.9043058753013611,
        -0.00841006450355053,
        0.42680227756500244,
        0.2672424912452698,
        0.001182078616693616,
        0.9998514652252197,
        0.017197318375110626,
        -0.22306589782238007,
        -0.4268834590911865,
        -0.015047122724354267,
        0.9041814208030701,
        0.4684002101421356
    ],
    [
        0.8891105651855469,
        -0.009006381966173649,
        0.45760399103164673,
        0.4211830794811249,
        0.0008674284326843917,
        0.9998377561569214,
        0.017993029206991196,
        -0.23980602622032166,
        -0.4576917588710785,
        -0.01560085080564022,
        0.8889740705490112,
        0.6872527003288269
    ],
    [
        0.8613555431365967,
        -0.009218319319188595,
        0.5079188942909241,
        0.5800240635871887,
        0.0006914045661687851,
        0.9998557567596436,
        0.016974052414298058,
        -0.2520061135292053,
        -0.5080021619796753,
        -0.014269517734646797,
        0.861237645149231,
        0.8652982711791992
    ],
    [
        0.8257887959480286,
        -0.010870096273720264,
        0.5638749003410339,
        0.7764574885368347,
        0.001044966047629714,
        0.9998419880867004,
        0.01774410344660282,
        -0.2539520561695099,
        -0.5639786124229431,
        -0.014063654467463493,
        0.8256695866584778,
        1.0270448923110962
    ],
    [
        0.8043606877326965,
        -0.011774321086704731,
        0.594024658203125,
        1.0141798257827759,
        0.0013204446295276284,
        0.9998365640640259,
        0.018030019477009773,
        -0.26284345984458923,
        -0.594139814376831,
        -0.013718261383473873,
        0.8042448163032532,
        1.161378026008606
    ],
    [
        0.7817506790161133,
        -0.011974568478763103,
        0.6234760880470276,
        1.2694404125213623,
        0.0015989708481356502,
        0.9998508095741272,
        0.01719840243458748,
        -0.2846546769142151,
        -0.623589038848877,
        -0.012447941116988659,
        0.7816532254219055,
        1.2749279737472534
    ],
    [
        0.7376034259796143,
        -0.012302981689572334,
        0.675122082233429,
        1.527584433555603,
        0.0012821335112676024,
        0.9998576641082764,
        0.016819961369037628,
        -0.2937305271625519,
        -0.675233006477356,
        -0.011540859937667847,
        0.7375142574310303,
        1.3711456060409546
    ],
    [
        0.6780412793159485,
        -0.012953127734363079,
        0.7349095940589905,
        1.7880936861038208,
        0.0010576699860394,
        0.9998608231544495,
        0.01664719730615616,
        -0.30841758847236633,
        -0.7350230813026428,
        -0.01051019411534071,
        0.6779606938362122,
        1.466124415397644
    ],
    [
        0.5970801711082458,
        -0.012414087541401386,
        0.8020855784416199,
        2.0697877407073975,
        0.0010341656161472201,
        0.9998913407325745,
        0.014705735258758068,
        -0.3249301612377167,
        -0.8021809458732605,
        -0.007951011881232262,
        0.5970280766487122,
        1.5551413297653198
    ],
    [
        0.5011706352233887,
        -0.014163773506879807,
        0.8652325868606567,
        2.3413238525390625,
        0.0012974682031199336,
        0.9998772740364075,
        0.015616357326507568,
        -0.3153668940067291,
        -0.8653474450111389,
        -0.006703851744532585,
        0.5011274814605713,
        1.6120004653930664
    ],
    [
        0.4112660884857178,
        -0.01631307788193226,
        0.9113693833351135,
        2.66243839263916,
        0.0011793430894613266,
        0.9998485445976257,
        0.01736462488770485,
        -0.3076607882976532,
        -0.9115144610404968,
        -0.0060666645877063274,
        0.41122305393218994,
        1.6505640745162964
    ],
    [
        0.3327081501483917,
        -0.01754074916243553,
        0.9428667426109314,
        2.9512736797332764,
        0.001351077458821237,
        0.9998348355293274,
        0.01812381111085415,
        -0.29927122592926025,
        -0.9430288672447205,
        -0.004756052978336811,
        0.3326769173145294,
        1.6832232475280762
    ]
]