[
    [
        0.9717978835105896,
        0.008159310556948185,
        0.23567421734333038,
        0.9764366745948792,
        0.010958919301629066,
        0.9967589378356934,
        -0.07969783246517181,
        -0.41359829902648926,
        -0.2355606108903885,
        0.08003291487693787,
        0.9685587882995605,
        1.2924294471740723
    ],
    [
        0.990168035030365,
        0.020564332604408264,
        0.13836349546909332,
        1.2406038045883179,
        -0.011650282889604568,
        0.9978218674659729,
        -0.0649290531873703,
        -0.4877895712852478,
        -0.1393972933292389,
        0.06267870962619781,
        0.9882509112358093,
        1.5811840295791626
    ],
    [
        0.9931302666664124,
        0.023984573781490326,
        0.11452888697385788,
        1.3047573566436768,
        -0.016891052946448326,
        0.9979013800621033,
        -0.06251027435064316,
        -0.5054770708084106,
        -0.11578776687383652,
        0.06014635041356087,
        0.9914511442184448,
        1.65668523311615
    ],
    [
        0.9949106574058533,
        0.026524996384978294,
        0.09720683097839355,
        1.351690649986267,
        -0.020705528557300568,
        0.9979598522186279,
        -0.06039394810795784,
        -0.5229474306106567,
        -0.09861037880182266,
        0.058073852211236954,
        0.9934301972389221,
        1.7124199867248535
    ],
    [
        0.9963478446006775,
        0.028795024380087852,
        0.08038492500782013,
        1.398590087890625,
        -0.02413913793861866,
        0.9980069994926453,
        -0.058302272111177444,
        -0.5426504015922546,
        -0.0819035992026329,
        0.05614892765879631,
        0.9950573444366455,
        1.7678356170654297
    ],
    [
        0.9975012540817261,
        0.03173644095659256,
        0.06311999261379242,
        1.4503518342971802,
        -0.028164882212877274,
        0.9979944825172424,
        -0.056690800935029984,
        -0.5630252361297607,
        -0.06479249894618988,
        0.05477137491106987,
        0.9963945150375366,
        1.823368787765503
    ],
    [
        0.9983819723129272,
        0.034356094896793365,
        0.04531184211373329,
        1.5062482357025146,
        -0.031768593937158585,
        0.9978891611099243,
        -0.05663779005408287,
        -0.5803835988044739,
        -0.04716205596923828,
        0.05510667338967323,
        0.9973660707473755,
        1.8773714303970337
    ],
    [
        0.9989737272262573,
        0.036278873682022095,
        0.027115758508443832,
        1.5659033060073853,
        -0.03465813398361206,
        0.9977134466171265,
        -0.058024078607559204,
        -0.5962148308753967,
        -0.0291588231921196,
        0.057024743407964706,
        0.9979468584060669,
        1.9312883615493774
    ],
    [
        0.9992635250091553,
        0.038297589868307114,
        0.0023716785944998264,
        1.6512948274612427,
        -0.038080666214227676,
        0.9973964095115662,
        -0.06123856082558632,
        -0.6158310770988464,
        -0.004710803274065256,
        0.061103131622076035,
        0.9981203675270081,
        2.0034592151641846
    ],
    [
        0.9990938901901245,
        0.03928498178720474,
        -0.016367752104997635,
        1.719222068786621,
        -0.04025869444012642,
        0.9971272349357605,
        -0.06415970623493195,
        -0.6313635110855103,
        0.013800117187201977,
        0.06476051360368729,
        0.9978054165840149,
        2.062138080596924
    ],
    [
        0.9986116886138916,
        0.03994207829236984,
        -0.034339386969804764,
        1.7887635231018066,
        -0.042181458324193954,
        0.9968493580818176,
        -0.0671728178858757,
        -0.6474031209945679,
        0.031547971069812775,
        0.06852804869413376,
        0.9971502423286438,
        2.124133825302124
    ],
    [
        0.9978190064430237,
        0.040659114718437195,
        -0.05199941247701645,
        1.8579362630844116,
        -0.04424279183149338,
        0.9965841770172119,
        -0.06973326951265335,
        -0.6645466685295105,
        0.04898638278245926,
        0.07188179343938828,
        0.9962093830108643,
        2.1892178058624268
    ],
    [
        0.9967542886734009,
        0.04168137535452843,
        -0.06887345016002655,
        1.926535964012146,
        -0.046618636697530746,
        0.9963356852531433,
        -0.07170659303665161,
        -0.6827305555343628,
        0.06563232839107513,
        0.07468464970588684,
        0.9950450658798218,
        2.255653142929077
    ],
    [
        0.9954856038093567,
        0.04255339503288269,
        -0.08483929187059402,
        1.994376540184021,
        -0.04883093386888504,
        0.9961103796958923,
        -0.07334557175636292,
        -0.6991913318634033,
        0.08138822019100189,
        0.07715725153684616,
        0.9936914443969727,
        2.3236186504364014
    ],
    [
        0.9940745830535889,
        0.04359064996242523,
        -0.09957702457904816,
        2.060169219970703,
        -0.051166556775569916,
        0.9958820343017578,
        -0.07483885437250137,
        -0.7133167386054993,
        0.09590467810630798,
        0.07949043065309525,
        0.9922113418579102,
        2.3935365676879883
    ],
    [
        0.9925147891044617,
        0.04507528990507126,
        -0.11350178718566895,
        2.1256227493286133,
        -0.05388040095567703,
        0.9956706762313843,
        -0.07574257254600525,
        -0.7256684303283691,
        0.1095963567495346,
        0.08129113912582397,
        0.990646481513977,
        2.4656870365142822
    ],
    [
        0.990355372428894,
        0.047895386815071106,
        -0.13000917434692383,
        2.2081148624420166,
        -0.058124858886003494,
        0.9954073429107666,
        -0.07606258243322372,
        -0.7392367720603943,
        0.1257689744234085,
        0.0828857496380806,
        0.9885909557342529,
        2.5608301162719727
    ],
    [
        0.9885600805282593,
        0.05149194598197937,
        -0.14176581799983978,
        2.267549991607666,
        -0.06249607726931572,
        0.9952760934829712,
        -0.07429448515176773,
        -0.7529085874557495,
        0.1372707039117813,
        0.08230438083410263,
        0.9871083498001099,
        2.628082752227783
    ],
    [
        0.9866017699241638,
        0.056130554527044296,
        -0.15318714082241058,
        2.3245017528533936,
        -0.06765304505825043,
        0.9951744079589844,
        -0.07106946408748627,
        -0.7692726850509644,
        0.14845873415470123,
        0.08048082888126373,
        0.9856383204460144,
        2.691870927810669
    ],
    [
        0.9844812750816345,
        0.062086932361125946,
        -0.16413986682891846,
        2.380359411239624,
        -0.07391492277383804,
        0.9950141310691833,
        -0.06695803999900818,
        -0.7856544256210327,
        0.15916435420513153,
        0.07805132120847702,
        0.9841620326042175,
        2.756298542022705
    ],
    [
        0.9821305871009827,
        0.068682000041008,
        -0.17522071301937103,
        2.435877799987793,
        -0.08084908872842789,
        0.9947165846824646,
        -0.0632643848657608,
        -0.7992200255393982,
        0.16994979977607727,
        0.07630030065774918,
        0.9824944138526917,
        2.820244073867798
    ],
    [
        0.9795607328414917,
        0.0754297599196434,
        -0.18646980822086334,
        2.4921951293945312,
        -0.0880483016371727,
        0.9942875504493713,
        -0.06033046916127205,
        -0.8114442825317383,
        0.18085388839244843,
        0.07551570236682892,
        0.9806066751480103,
        2.8860340118408203
    ],
    [
        0.9766808152198792,
        0.08213084936141968,
        -0.19836580753326416,
        2.548849105834961,
        -0.0952867865562439,
        0.9937765002250671,
        -0.057696856558322906,
        -0.822694718837738,
        0.19239257276058197,
        0.07525303959846497,
        0.9784284830093384,
        2.950841188430786
    ],
    [
        0.9734907150268555,
        0.08940383046865463,
        -0.21052952110767365,
        2.6039950847625732,
        -0.10299861431121826,
        0.993187427520752,
        -0.05449790135025978,
        -0.8370409607887268,
        0.20422297716140747,
        0.07473744451999664,
        0.9760673642158508,
        3.0161666870117188
    ],
    [
        0.9691553115844727,
        0.09832925349473953,
        -0.22598496079444885,
        2.669584035873413,
        -0.11246045678853989,
        0.9923720359802246,
        -0.05050095170736313,
        -0.8595207333564758,
        0.21929533779621124,
        0.07435763627290726,
        0.9728208184242249,
        3.108025074005127
    ]
]