[
    [
        0.9851281642913818,
        -0.010095402598381042,
        0.17152456939220428,
        0.05973004549741745,
        0.008408350870013237,
        0.9999088644981384,
        0.010559291578829288,
        0.0017741883639246225,
        -0.17161552608013153,
        -0.008960017934441566,
        0.9851232171058655,
        0.01132877916097641
    ],
    [
        0.9822824001312256,
        -0.009752020239830017,
        0.18715249001979828,
        0.06974512338638306,
        0.007741834968328476,
        0.999904215335846,
        0.01146882213652134,
        0.002815327839925885,
        -0.1872463822364807,
        -0.00981671828776598,
        0.9822638630867004,
        0.009047992527484894
    ],
    [
        0.9791011810302734,
        -0.009507392533123493,
        0.2031514197587967,
        0.07913070172071457,
        0.007196541875600815,
        0.9999008774757385,
        0.012110695242881775,
        0.0025424971245229244,
        -0.20324641466140747,
        -0.010395608842372894,
        0.9790723919868469,
        0.006482837256044149
    ],
    [
        0.9756782650947571,
        -0.009443055838346481,
        0.21900449693202972,
        0.08861538767814636,
        0.006775314919650555,
        0.9998934864997864,
        0.012929067015647888,
        0.0024022359866648912,
        -0.21910323202610016,
        -0.011130783706903458,
        0.9756381511688232,
        0.003064278280362487
    ],
    [
        0.9719427824020386,
        -0.008770727552473545,
        0.23505377769470215,
        0.09670670330524445,
        0.005686924792826176,
        0.9998887777328491,
        0.013794232159852982,
        0.003842522855848074,
        -0.2351485937833786,
        -0.012070471420884132,
        0.9718844890594482,
        -0.0004985088016837835
    ],
    [
        0.9680884480476379,
        -0.008053041063249111,
        0.25047945976257324,
        0.10447775572538376,
        0.004529435187578201,
        0.9998825192451477,
        0.014640728943049908,
        0.004960848018527031,
        -0.2505679130554199,
        -0.013038990087807178,
        0.968011200428009,
        -0.0036547277122735977
    ],
    [
        0.9627885818481445,
        -0.007203869521617889,
        0.2701597511768341,
        0.1159963309764862,
        0.003075443906709552,
        0.9998720288276672,
        0.015701619908213615,
        0.006272455211728811,
        -0.2702382802963257,
        -0.01428647805005312,
        0.9626875519752502,
        -0.00884872768074274
    ],
    [
        0.958583414554596,
        -0.006583481095731258,
        0.28473594784736633,
        0.12436229735612869,
        0.0019320643041282892,
        0.9998601078987122,
        0.01661369390785694,
        0.007064321078360081,
        -0.2848055064678192,
        -0.015375482849776745,
        0.9584619998931885,
        -0.012804342433810234
    ],
    [
        0.9542012214660645,
        -0.006218258757144213,
        0.2991008162498474,
        0.1337544471025467,
        0.0010242002317681909,
        0.9998459815979004,
        0.017519205808639526,
        0.0076706125400960445,
        -0.29916366934776306,
        -0.01641050912439823,
        0.9540606737136841,
        -0.016438892111182213
    ],
    [
        0.9494809508323669,
        -0.006200646515935659,
        0.31376323103904724,
        0.142614483833313,
        0.0005599264986813068,
        0.9998366832733154,
        0.018064558506011963,
        0.007749214768409729,
        -0.31382396817207336,
        -0.01697627082467079,
        0.9493294358253479,
        -0.02099449373781681
    ],
    [
        0.9446902871131897,
        -0.00625413516536355,
        0.3279043138027191,
        0.15190893411636353,
        8.824121323414147e-05,
        0.9998229146003723,
        0.018815450370311737,
        0.0076359910890460014,
        -0.3279639780521393,
        -0.017745837569236755,
        0.9445235133171082,
        -0.025903992354869843
    ],
    [
        0.9397212266921997,
        -0.006462815683335066,
        0.3418803811073303,
        0.1610269844532013,
        -0.00039959524292498827,
        0.9997999668121338,
        0.01999831572175026,
        0.006668119691312313,
        -0.3419412076473236,
        -0.018929455429315567,
        0.9395306706428528,
        -0.030106037855148315
    ],
    [
        0.9329182505607605,
        -0.00684009725227952,
        0.36002323031425476,
        0.17352113127708435,
        -0.0006191182183101773,
        0.9997876286506653,
        0.020599311217665672,
        0.00620565889403224,
        -0.36008766293525696,
        -0.01944037154316902,
        0.932715892791748,
        -0.036789391189813614
    ],
    [
        0.9276256561279297,
        -0.007413723040372133,
        0.373437762260437,
        0.18316921591758728,
        -0.0005349819548428059,
        0.9997756481170654,
        0.021177081391215324,
        0.005930616520345211,
        -0.3735109865665436,
        -0.019844185560941696,
        0.9274134635925293,
        -0.04231579974293709
    ],
    [
        0.9219750165939331,
        -0.008088506758213043,
        0.3871648609638214,
        0.1919626146554947,
        -0.00039523467421531677,
        0.999761700630188,
        0.02182784490287304,
        0.006518995389342308,
        -0.3872491419315338,
        -0.020277749747037888,
        0.9217520356178284,
        -0.04712585732340813
    ],
    [
        0.9161377549171448,
        -0.009173789992928505,
        0.4007584750652313,
        0.19970272481441498,
        0.0001552548783365637,
        0.9997461438179016,
        0.022530347108840942,
        0.007010290864855051,
        -0.4008634388446808,
        -0.02057868242263794,
        0.9159066677093506,
        -0.052008870989084244
    ],
    [
        0.9101845026016235,
        -0.010533789172768593,
        0.4140692353248596,
        0.20693138241767883,
        0.0010417780140414834,
        0.9997316598892212,
        0.023142879828810692,
        0.0074639953672885895,
        -0.41420185565948486,
        -0.020632920786738396,
        0.9099512100219727,
        -0.05746908485889435
    ],
    [
        0.9041298627853394,
        -0.011908014304935932,
        0.4270918071269989,
        0.21431857347488403,
        0.0017854274483397603,
        0.9997081160545349,
        0.024093832820653915,
        0.007918454706668854,
        -0.4272540509700775,
        -0.021021412685513496,
        0.903887152671814,
        -0.062356796115636826
    ],
    [
        0.8962644338607788,
        -0.014106102287769318,
        0.44329577684402466,
        0.22241564095020294,
        0.003276349976658821,
        0.9996773600578308,
        0.02518652006983757,
        0.007797423284500837,
        -0.4435080587863922,
        -0.02112138643860817,
        0.8960214257240295,
        -0.06853971630334854
    ],
    [
        0.8909347057342529,
        -0.0159208532422781,
        0.45385220646858215,
        0.22823527455329895,
        0.004839314613491297,
        0.9996614456176758,
        0.025567676872015,
        0.00812010932713747,
        -0.45410552620887756,
        -0.02058279886841774,
        0.8907101154327393,
        -0.07341238856315613
    ],
    [
        0.8856791257858276,
        -0.01788303256034851,
        0.4639531373977661,
        0.23409107327461243,
        0.006414866540580988,
        0.9996339082717896,
        0.026284921914339066,
        0.008611953817307949,
        -0.46425339579582214,
        -0.020303810015320778,
        0.8854696154594421,
        -0.07820108532905579
    ],
    [
        0.8804236650466919,
        -0.0198381207883358,
        0.4737726151943207,
        0.23955969512462616,
        0.00808797962963581,
        0.9996073842048645,
        0.026826124638319016,
        0.009493116289377213,
        -0.4741188585758209,
        -0.019786491990089417,
        0.8802385330200195,
        -0.08287353813648224
    ],
    [
        0.8755806088447571,
        -0.02174348384141922,
        0.4825824201107025,
        0.24548152089118958,
        0.009964680299162865,
        0.9995869398117065,
        0.026958342641592026,
        0.010139637626707554,
        -0.4829692244529724,
        -0.018795419484376907,
        0.8754356503486633,
        -0.08796437829732895
    ],
    [
        0.8708157539367676,
        -0.023592842742800713,
        0.4910430908203125,
        0.25128984451293945,
        0.011770972982048988,
        0.9995620846748352,
        0.02715069241821766,
        0.010251886211335659,
        -0.491468608379364,
        -0.01786319725215435,
        0.8707120418548584,
        -0.09323450922966003
    ],
    [
        0.8646584749221802,
        -0.025953244417905807,
        0.5016893148422241,
        0.2589602470397949,
        0.014144496992230415,
        0.9995265007019043,
        0.027329251170158386,
        0.009713510051369667,
        -0.5021609663963318,
        -0.01653432659804821,
        0.8646161556243896,
        -0.0997265949845314
    ]
]