[
    [
        0.6248998641967773,
        -0.117930106818676,
        0.7717465162277222,
        38.492919921875,
        0.11585160344839096,
        0.991588294506073,
        0.05771642550826073,
        -6.431205749511719,
        -0.7720612287521362,
        0.053341105580329895,
        0.6333057880401611,
        -93.4568862915039
    ],
    [
        0.6237443685531616,
        -0.11767338216304779,
        0.7727198004722595,
        38.48974609375,
        0.11579487472772598,
        0.9916054606437683,
        0.057535938918590546,
        -6.43272066116333,
        -0.7730036377906799,
        0.05358929559588432,
        0.632134199142456,
        -93.43255615234375
    ],
    [
        0.6225578784942627,
        -0.11784949898719788,
        0.7736493349075317,
        38.4893798828125,
        0.11565994471311569,
        0.9915953874588013,
        0.05797719210386276,
        -6.437931060791016,
        -0.7739795446395874,
        0.053386058658361435,
        0.6309559345245361,
        -93.40385437011719
    ],
    [
        0.6213428378105164,
        -0.11824291199445724,
        0.7745654582977295,
        38.490028381347656,
        0.1153993085026741,
        0.9915772080421448,
        0.058800000697374344,
        -6.443304538726807,
        -0.7749941945075989,
        0.05284934863448143,
        0.6297546029090881,
        -93.3740005493164
    ],
    [
        0.6185560822486877,
        -0.11883734166622162,
        0.7767021059989929,
        38.492919921875,
        0.11520111560821533,
        0.9915307760238647,
        0.05996188893914223,
        -6.451589584350586,
        -0.7772496938705444,
        0.052387166768312454,
        0.6270076036453247,
        -93.33175659179688
    ],
    [
        0.6169606447219849,
        -0.11855815351009369,
        0.7780125737190247,
        38.49509811401367,
        0.11523868143558502,
        0.9915413856506348,
        0.05971316993236542,
        -6.456242561340332,
        -0.7785112261772156,
        0.05281646177172661,
        0.6254044771194458,
        -93.2999038696289
    ],
    [
        0.6154543161392212,
        -0.11928116530179977,
        0.7790944576263428,
        38.499717712402344,
        0.11537376046180725,
        0.9914685487747192,
        0.060655348002910614,
        -6.461109638214111,
        -0.7796825766563416,
        0.052556466311216354,
        0.6239654421806335,
        -93.2666015625
    ],
    [
        0.6132946014404297,
        -0.11959943175315857,
        0.7807469367980957,
        38.50419616699219,
        0.11523385345935822,
        0.9914416670799255,
        0.0613560788333416,
        -6.467750549316406,
        -0.7814030647277832,
        0.0523391030728817,
        0.6218277215957642,
        -93.2333984375
    ],
    [
        0.6102490425109863,
        -0.12031329423189163,
        0.7830203175544739,
        38.5101318359375,
        0.115818552672863,
        0.9913299083709717,
        0.06205716356635094,
        -6.473308086395264,
        -0.7836977243423462,
        0.05281795933842659,
        0.6188926100730896,
        -93.19098663330078
    ],
    [
        0.6081638932228088,
        -0.11953379958868027,
        0.7847601175308228,
        38.51340866088867,
        0.11592385172843933,
        0.9913728833198547,
        0.061167582869529724,
        -6.477095603942871,
        -0.7853015065193176,
        0.05377251282334328,
        0.6167740225791931,
        -93.16218566894531
    ],
    [
        0.6058624982833862,
        -0.11870934069156647,
        0.7866629958152771,
        38.51644515991211,
        0.11652803421020508,
        0.9913820624351501,
        0.059855811297893524,
        -6.481472969055176,
        -0.786989152431488,
        0.05540388822555542,
        0.6144742369651794,
        -93.13619995117188
    ],
    [
        0.602862536907196,
        -0.11777578294277191,
        0.7891042828559875,
        38.51902770996094,
        0.1169707328081131,
        0.99140465259552,
        0.05860592797398567,
        -6.483138561248779,
        -0.7892239689826965,
        0.05697079002857208,
        0.6114570498466492,
        -93.11117553710938
    ],
    [
        0.5974070429801941,
        -0.11623837798833847,
        0.7934693098068237,
        38.519187927246094,
        0.11768504977226257,
        0.9914348125457764,
        0.05663342401385307,
        -6.488454341888428,
        -0.7932559847831726,
        0.059546273201704025,
        0.6059697270393372,
        -93.07575988769531
    ],
    [
        0.5941702127456665,
        -0.11503855884075165,
        0.7960702776908875,
        38.51791000366211,
        0.11758452653884888,
        0.9915097951889038,
        0.0555185005068779,
        -6.489835262298584,
        -0.7956981658935547,
        0.0606180876493454,
        0.6026522517204285,
        -93.04646301269531
    ],
    [
        0.5908837914466858,
        -0.11428617686033249,
        0.7986207604408264,
        38.5151481628418,
        0.11768216639757156,
        0.9915369153022766,
        0.05482262745499611,
        -6.49106502532959,
        -0.7981273531913757,
        0.06158960610628128,
        0.5993325114250183,
        -93.0130615234375
    ],
    [
        0.5878669023513794,
        -0.11263561993837357,
        0.8010777831077576,
        38.51179885864258,
        0.11743693053722382,
        0.9916515350341797,
        0.05325077101588249,
        -6.492371559143066,
        -0.8003880977630615,
        0.0627717599272728,
        0.5961867570877075,
        -92.97533416748047
    ],
    [
        0.5840226411819458,
        -0.11085206270217896,
        0.8041326999664307,
        38.504215240478516,
        0.11697345227003098,
        0.9917849898338318,
        0.05176543444395065,
        -6.493008136749268,
        -0.8032649755477905,
        0.06382996588945389,
        0.592191755771637,
        -92.91802215576172
    ],
    [
        0.5821184515953064,
        -0.11021853983402252,
        0.8055990934371948,
        38.49800491333008,
        0.11609894782304764,
        0.9918853044509888,
        0.05181337893009186,
        -6.497028827667236,
        -0.8047727942466736,
        0.06336768716573715,
        0.5901910066604614,
        -92.87089538574219
    ],
    [
        0.580897867679596,
        -0.10906504094600677,
        0.8066365718841553,
        38.490089416503906,
        0.1154499426484108,
        0.9920037984848022,
        0.050987422466278076,
        -6.496326923370361,
        -0.8057475090026855,
        0.06350765377283096,
        0.5888444185256958,
        -92.8241195678711
    ],
    [
        0.5797251462936401,
        -0.1077018678188324,
        0.8076626658439636,
        38.482505798339844,
        0.11452643573284149,
        0.9921560883522034,
        0.05009915307164192,
        -6.4967522621154785,
        -0.8067231178283691,
        0.06345497816801071,
        0.5875126123428345,
        -92.7745590209961
    ],
    [
        0.5784389972686768,
        -0.10657741874456406,
        0.808733344078064,
        38.473106384277344,
        0.11378070712089539,
        0.9922776818275452,
        0.04938487336039543,
        -6.50093412399292,
        -0.8077513575553894,
        0.0634521096944809,
        0.5860986113548279,
        -92.70718383789062
    ],
    [
        0.5771726369857788,
        -0.10544823855161667,
        0.8097854256629944,
        38.465370178222656,
        0.11335020512342453,
        0.9923738837242126,
        0.04843434691429138,
        -6.50473690032959,
        -0.8087171912193298,
        0.06383437663316727,
        0.5847235321998596,
        -92.65675354003906
    ],
    [
        0.5769437551498413,
        -0.10387872904539108,
        0.8101513385772705,
        38.457794189453125,
        0.11294006556272507,
        0.9924976229667664,
        0.046829912811517715,
        -6.508304119110107,
        -0.8089379668235779,
        0.06448033452033997,
        0.5843473076820374,
        -92.60606384277344
    ],
    [
        0.5764768719673157,
        -0.1024145558476448,
        0.8106698393821716,
        38.44963073730469,
        0.11241214722394943,
        0.9926210641860962,
        0.0454634428024292,
        -6.511496543884277,
        -0.8093440532684326,
        0.06492050737142563,
        0.5837357640266418,
        -92.55519104003906
    ],
    [
        0.5765516757965088,
        -0.10141146183013916,
        0.8107427358627319,
        38.43906021118164,
        0.11162324249744415,
        0.9927403926849365,
        0.04479680210351944,
        -6.514151573181152,
        -0.8093999624252319,
        0.06467007100582123,
        0.5836860537528992,
        -92.48925018310547
    ]
]