[
    [
        0.9999831914901733,
        0.001433238503523171,
        -0.00562702352181077,
        0.058513741940259933,
        -0.0014058836968615651,
        0.9999872446060181,
        0.004862203262746334,
        -0.14421607553958893,
        0.005633919965475798,
        -0.004854210186749697,
        0.9999723434448242,
        0.141816183924675
    ],
    [
        0.9999845623970032,
        0.0014115876983851194,
        -0.0053825099021196365,
        0.06641823798418045,
        -0.0013845533831045032,
        0.999986469745636,
        0.00502310786396265,
        -0.16838592290878296,
        0.005389526952058077,
        -0.005015577655285597,
        0.999972939491272,
        0.2479555904865265
    ],
    [
        0.9999851584434509,
        0.0014519718242809176,
        -0.005258963443338871,
        0.07619515061378479,
        -0.0014254323905333877,
        0.9999862313270569,
        0.00504681933671236,
        -0.19233736395835876,
        0.005266218911856413,
        -0.005039248149842024,
        0.9999735355377197,
        0.35721123218536377
    ],
    [
        0.9999843835830688,
        0.001563057885505259,
        -0.005361165385693312,
        0.08703383058309555,
        -0.0015372982015833259,
        0.9999873042106628,
        0.004805669188499451,
        -0.21698257327079773,
        0.005368608050048351,
        -0.00479735154658556,
        0.9999741315841675,
        0.47106772661209106
    ],
    [
        0.9999837279319763,
        0.0017086858861148357,
        -0.005444747395813465,
        0.09813053905963898,
        -0.001682910369709134,
        0.9999874234199524,
        0.004735117312520742,
        -0.24219456315040588,
        0.005452769808471203,
        -0.00472587626427412,
        0.9999738931655884,
        0.5883681178092957
    ],
    [
        0.9999821186065674,
        0.0017931885085999966,
        -0.005706604104489088,
        0.10914773494005203,
        -0.0017661104211583734,
        0.9999871850013733,
        0.0047464617528021336,
        -0.26658517122268677,
        0.0057150437496602535,
        -0.004736298229545355,
        0.9999723434448242,
        0.7078370451927185
    ],
    [
        0.9999771118164062,
        0.0018362656701356173,
        -0.0065086884424090385,
        0.1220351830124855,
        -0.0018061024602502584,
        0.9999876022338867,
        0.004637215286493301,
        -0.29405054450035095,
        0.006517123430967331,
        -0.004625354893505573,
        0.9999680519104004,
        0.8611311316490173
    ],
    [
        0.9999718070030212,
        0.0018436929676681757,
        -0.007292618975043297,
        0.13160142302513123,
        -0.0018100255401805043,
        0.999987781047821,
        0.00462058512493968,
        -0.31495800614356995,
        0.0073010483756661415,
        -0.004607254173606634,
        0.9999626874923706,
        0.9873109459877014
    ],
    [
        0.9999651908874512,
        0.0019271638011559844,
        -0.008126439526677132,
        0.1416332870721817,
        -0.0018915386172011495,
        0.9999886751174927,
        0.004389300476759672,
        -0.3359822928905487,
        0.008134806528687477,
        -0.004373779986053705,
        0.9999573230743408,
        1.1174010038375854
    ],
    [
        0.999957799911499,
        0.0020214910618960857,
        -0.008960545994341373,
        0.151259183883667,
        -0.0019834290724247694,
        0.9999890327453613,
        0.004254595842212439,
        -0.3554413616657257,
        0.008969046175479889,
        -0.0042366390116512775,
        0.9999507665634155,
        1.2510712146759033
    ],
    [
        0.9999511241912842,
        0.00205869204364717,
        -0.009675911627709866,
        0.1610490083694458,
        -0.0020184998866170645,
        0.9999893307685852,
        0.004161762539297342,
        -0.37443995475769043,
        0.009684371761977673,
        -0.004142020829021931,
        0.9999443888664246,
        1.3876978158950806
    ],
    [
        0.9999434947967529,
        0.002126371255144477,
        -0.010420100763440132,
        0.17060387134552002,
        -0.002084987238049507,
        0.9999899864196777,
        0.003980802372097969,
        -0.39355528354644775,
        0.010428457520902157,
        -0.0039588455110788345,
        0.9999377131462097,
        1.5271682739257812
    ],
    [
        0.9999330043792725,
        0.002172876615077257,
        -0.011373586021363735,
        0.18366071581840515,
        -0.0021293156314641237,
        0.9999903440475464,
        0.0038406664971262217,
        -0.4184144139289856,
        0.011381820775568485,
        -0.0038161855190992355,
        0.9999279975891113,
        1.7081563472747803
    ],
    [
        0.999923586845398,
        0.002345642074942589,
        -0.01213838066905737,
        0.1955198347568512,
        -0.0023040540982037783,
        0.9999914765357971,
        0.003439010353758931,
        -0.43955308198928833,
        0.012146344408392906,
        -0.003410779871046543,
        0.9999204874038696,
        1.8579782247543335
    ],
    [
        0.9999129772186279,
        0.002340740989893675,
        -0.012982197105884552,
        0.20706814527511597,
        -0.0023013134486973286,
        0.9999927878379822,
        0.003051171312108636,
        -0.4659315347671509,
        0.012989243492484093,
        -0.0030210325494408607,
        0.9999110698699951,
        2.0124008655548096
    ],
    [
        0.9999060034751892,
        0.002225253265351057,
        -0.01353087555617094,
        0.21679215133190155,
        -0.002186685102060437,
        0.9999935626983643,
        0.0028645009733736515,
        -0.49577590823173523,
        0.013537159189581871,
        -0.0028346371836960316,
        0.9999043941497803,
        2.1698548793792725
    ],
    [
        0.9999014735221863,
        0.0022088477853685617,
        -0.013859797269105911,
        0.22727280855178833,
        -0.0021723632235080004,
        0.999994158744812,
        0.0026469093281775713,
        -0.5291885733604431,
        0.01386556401848793,
        -0.002616544021293521,
        0.9999005198478699,
        2.3297994136810303
    ],
    [
        0.9999034404754639,
        0.0020128993783146143,
        -0.0137547068297863,
        0.23739512264728546,
        -0.001982262823730707,
        0.9999955296516418,
        0.00224059890024364,
        -0.5641509890556335,
        0.013759152963757515,
        -0.0022131141740828753,
        0.9999028444290161,
        2.492021083831787
    ],
    [
        0.9999061822891235,
        0.001991021679714322,
        -0.013555572368204594,
        0.2542366087436676,
        -0.0019649695605039597,
        0.9999961853027344,
        0.0019348770147189498,
        -0.6072959303855896,
        0.013559372164309025,
        -0.0019080567872151732,
        0.9999061822891235,
        2.699547290802002
    ],
    [
        0.9999076724052429,
        0.0019929020199924707,
        -0.013442168943583965,
        0.2696688771247864,
        -0.001966531155630946,
        0.9999961256980896,
        0.0019747489131987095,
        -0.6410700082778931,
        0.013446047902107239,
        -0.0019481292692944407,
        0.9999077320098877,
        2.8689093589782715
    ],
    [
        0.999906063079834,
        0.0018110775854438543,
        -0.013588917441666126,
        0.2865312695503235,
        -0.001786568551324308,
        0.9999967217445374,
        0.0018155751749873161,
        -0.6741586327552795,
        0.013592157512903214,
        -0.0017911219038069248,
        0.999906063079834,
        3.0416064262390137
    ],
    [
        0.9999011754989624,
        0.0019001096952706575,
        -0.013933702372014523,
        0.3076590895652771,
        -0.0018754623597487807,
        0.9999966621398926,
        0.0017817679326981306,
        -0.7020381093025208,
        0.013937040232121944,
        -0.0017554626101627946,
        0.9999013543128967,
        3.2171924114227295
    ],
    [
        0.9998968243598938,
        0.0020061072427779436,
        -0.01422644592821598,
        0.33198243379592896,
        -0.0019873660057783127,
        0.9999971985816956,
        0.001331369043327868,
        -0.7286378145217896,
        0.01422907318919897,
        -0.0013029524125158787,
        0.9998977780342102,
        3.3985393047332764
    ],
    [
        0.9998932480812073,
        0.001985875889658928,
        -0.014478031545877457,
        0.35892152786254883,
        -0.001974626211449504,
        0.9999977350234985,
        0.0007912719156593084,
        -0.7558440566062927,
        0.01447957195341587,
        -0.0007626048172824085,
        0.999894917011261,
        3.587993621826172
    ],
    [
        0.9998917579650879,
        0.0020948194433003664,
        -0.014563975855708122,
        0.39223334193229675,
        -0.0020898175425827503,
        0.9999977350234985,
        0.0003586262173485011,
        -0.7955418229103088,
        0.014564694836735725,
        -0.0003281511308159679,
        0.999893844127655,
        3.8300535678863525
    ]
]