[
    [
        0.9999843835830688,
        0.004081306047737598,
        -0.0038172199856489897,
        -0.1889280378818512,
        -0.004084355663508177,
        0.9999913573265076,
        -0.0007913823937997222,
        -0.009349682368338108,
        0.0038139568641781807,
        0.0008069605100899935,
        0.9999923706054688,
        0.6191170811653137
    ],
    [
        0.9999794960021973,
        0.004437802359461784,
        -0.004632769152522087,
        -0.2736797630786896,
        -0.0044423239305615425,
        0.9999896287918091,
        -0.0009662255761213601,
        -0.007697633001953363,
        0.004628433845937252,
        0.000986786326393485,
        0.9999887943267822,
        0.8618974089622498
    ],
    [
        0.9999744296073914,
        0.004273221828043461,
        -0.005725814029574394,
        -0.38448190689086914,
        -0.004276875406503677,
        0.9999906420707703,
        -0.0006259969668462873,
        -0.03947804123163223,
        0.005723080597817898,
        0.0006504685734398663,
        0.9999834299087524,
        1.1642868518829346
    ],
    [
        0.999967098236084,
        0.004585734568536282,
        -0.006692160852253437,
        -0.506942868232727,
        -0.004590058699250221,
        0.9999892115592957,
        -0.0006309289601631463,
        -0.09138000756502151,
        0.006689186207950115,
        0.0006616234895773232,
        0.9999773502349854,
        1.441036581993103
    ],
    [
        0.9999596476554871,
        0.0050097364000976086,
        -0.007469444535672665,
        -0.6217117309570312,
        -0.0050155045464634895,
        0.9999871253967285,
        -0.0007537007913924754,
        -0.12759536504745483,
        0.00746558140963316,
        0.0007911346619948745,
        0.999971866607666,
        1.6606389284133911
    ],
    [
        0.9999594688415527,
        0.0050963484682142735,
        -0.007423419039696455,
        -0.7705620527267456,
        -0.005102943629026413,
        0.9999865889549255,
        -0.0008696547010913491,
        -0.17168229818344116,
        0.0074188802391290665,
        0.0009074989357031882,
        0.9999720454216003,
        1.9314320087432861
    ],
    [
        0.999950647354126,
        0.004391923081129789,
        -0.008916379883885384,
        -0.9401763677597046,
        -0.004398983437567949,
        0.999989926815033,
        -0.0007722900481894612,
        -0.2569354772567749,
        0.00891290046274662,
        0.0008114757365547121,
        0.9999599456787109,
        2.203258514404297
    ],
    [
        0.9999644756317139,
        0.004296789411455393,
        -0.007252848241478205,
        -1.0454857349395752,
        -0.004302708897739649,
        0.9999904632568359,
        -0.0007999311201274395,
        -0.3235453963279724,
        0.0072493115440011024,
        0.0008311065030284226,
        0.9999734163284302,
        2.4298574924468994
    ],
    [
        0.99997878074646,
        0.002666540676727891,
        -0.005947956815361977,
        -1.1297094821929932,
        -0.002666701329872012,
        0.9999964237213135,
        -2.5926769012585282e-05,
        -0.36396345496177673,
        0.005947957281023264,
        4.17940755141899e-05,
        0.9999822378158569,
        2.6965737342834473
    ],
    [
        0.999993085861206,
        -0.0005352979060262442,
        -0.003666022326797247,
        -1.1803326606750488,
        0.000535614846739918,
        0.9999998211860657,
        9.096477879211307e-05,
        -0.4016551077365875,
        0.003666024189442396,
        -9.293392940890044e-05,
        0.9999933242797852,
        3.0146358013153076
    ],
    [
        0.99998939037323,
        -0.002604482928290963,
        -0.0038100718520581722,
        -1.1992119550704956,
        0.0026103064883500338,
        0.9999954104423523,
        0.0015297478530555964,
        -0.4604383409023285,
        0.0038062750827521086,
        -0.0015396780800074339,
        0.9999915361404419,
        3.3000075817108154
    ],
    [
        0.9999920725822449,
        -0.003080676542595029,
        -0.0025114610325545073,
        -1.2134010791778564,
        0.003071125131100416,
        0.9999880790710449,
        -0.0037891322281211615,
        -0.5213556885719299,
        0.002523294650018215,
        0.0037813829258084297,
        0.9999897480010986,
        3.5874438285827637
    ],
    [
        0.9999853372573853,
        -0.00392503384500742,
        -0.0037318712566047907,
        -1.2174439430236816,
        0.003907245118170977,
        0.9999811053276062,
        -0.004766055848449469,
        -0.5408167839050293,
        0.003750317497178912,
        0.004751404281705618,
        0.999981701374054,
        3.8896536827087402
    ],
    [
        0.9999796152114868,
        -0.0052389404736459255,
        -0.00366178248077631,
        -1.2204833030700684,
        0.00521825859323144,
        0.9999704360961914,
        -0.005636225454509258,
        -0.568519651889801,
        0.0036915449891239405,
        0.005617004819214344,
        0.9999774694442749,
        4.175625324249268
    ],
    [
        0.9999703764915466,
        -0.005996797699481249,
        -0.004845167975872755,
        -1.2130041122436523,
        0.005962021183222532,
        0.9999565482139587,
        -0.0071639809757471085,
        -0.6035906076431274,
        0.004887961782515049,
        0.007134879473596811,
        0.9999625086784363,
        4.499581336975098
    ],
    [
        0.99996018409729,
        -0.006594976410269737,
        -0.006004188675433397,
        -1.1901544332504272,
        0.006542573217302561,
        0.9999406933784485,
        -0.008696360513567924,
        -0.6092215776443481,
        0.006061684340238571,
        0.008656737394630909,
        0.9999441504478455,
        4.823797225952148
    ],
    [
        0.9999407529830933,
        -0.007059767376631498,
        -0.008279968053102493,
        -1.1460381746292114,
        0.006974756717681885,
        0.9999231100082397,
        -0.010245411656796932,
        -0.5826536417007446,
        0.008352203294634819,
        0.010187049396336079,
        0.999913215637207,
        5.123536109924316
    ],
    [
        0.9997848868370056,
        -0.00683869794011116,
        -0.01957768015563488,
        -1.0755892992019653,
        0.006572128739207983,
        0.9998853206634521,
        -0.013648055493831635,
        -0.5921950936317444,
        0.01966877467930317,
        0.013516456820070744,
        0.9997151494026184,
        5.47681999206543
    ],
    [
        0.9988380670547485,
        -0.005279850214719772,
        -0.04790240153670311,
        -1.0577386617660522,
        0.0041940780356526375,
        0.9997326135635376,
        -0.022738611325621605,
        -0.592403769493103,
        0.04800965636968613,
        0.02251128852367401,
        0.9985931515693665,
        5.766583442687988
    ],
    [
        0.9965320229530334,
        -0.001859560259617865,
        -0.08319046348333359,
        -1.0921586751937866,
        -0.0006186366081237793,
        0.9995570778846741,
        -0.029753737151622772,
        -0.5589960217475891,
        0.08320895582437515,
        0.029702013358473778,
        0.9960893988609314,
        6.0081329345703125
    ],
    [
        0.990728497505188,
        0.0021977899596095085,
        -0.1358390897512436,
        -1.18952214717865,
        -0.007423359900712967,
        0.9992512464523315,
        -0.037974268198013306,
        -0.5421457290649414,
        0.13565389811992645,
        0.03863057121634483,
        0.9900029301643372,
        6.323563098907471
    ],
    [
        0.9776859879493713,
        0.003358382498845458,
        -0.21004456281661987,
        -1.3231078386306763,
        -0.014137071557343006,
        0.9986574053764343,
        -0.049835823476314545,
        -0.5878207683563232,
        0.2095952033996582,
        0.05169319733977318,
        0.9764209389686584,
        6.601850986480713
    ],
    [
        0.9596447348594666,
        0.0023000878281891346,
        -0.281205952167511,
        -1.4472261667251587,
        -0.021666809916496277,
        0.9975988268852234,
        -0.06578052788972855,
        -0.5992358922958374,
        0.28037938475608826,
        0.06921877712011337,
        0.957390308380127,
        6.811593055725098
    ],
    [
        0.9262372255325317,
        -7.797925354680046e-05,
        -0.3769412040710449,
        -1.6140437126159668,
        -0.031751442700624466,
        0.9964297413825989,
        -0.07822728157043457,
        -0.5905969142913818,
        0.3756014108657837,
        0.0844254270195961,
        0.9229281544685364,
        7.060616970062256
    ],
    [
        0.8714902997016907,
        -0.0057634166441857815,
        -0.4903789460659027,
        -1.7970993518829346,
        -0.04225822538137436,
        0.9953293204307556,
        -0.08679845929145813,
        -0.6262180209159851,
        0.48858869075775146,
        0.09636656939983368,
        0.8671762347221375,
        7.328432083129883
    ]
]