[
    [
        0.9954192042350769,
        -0.008792483247816563,
        0.09520135819911957,
        0.16020523011684418,
        0.006334901787340641,
        0.9996395707130432,
        0.026086099445819855,
        0.038275834172964096,
        -0.09539642184972763,
        -0.025363514199852943,
        0.9951162338256836,
        0.2243398129940033
    ],
    [
        0.9873833060264587,
        -0.012613928876817226,
        0.15784530341625214,
        0.2735174596309662,
        0.007233710028231144,
        0.9993746280670166,
        0.034613609313964844,
        0.056036341935396194,
        -0.15818320214748383,
        -0.03303509205579758,
        0.986856997013092,
        0.36378875374794006
    ],
    [
        0.9764491319656372,
        -0.01750917360186577,
        0.21503578126430511,
        0.4054904580116272,
        0.008342286571860313,
        0.9990201592445374,
        0.04346347972750664,
        0.08058493584394455,
        -0.2155860811471939,
        -0.040645986795425415,
        0.9756385087966919,
        0.5093755125999451
    ],
    [
        0.9718679189682007,
        -0.020309487357735634,
        0.23464953899383545,
        0.5494053959846497,
        0.008781375363469124,
        0.9987070560455322,
        0.050069957971572876,
        0.08600319921970367,
        -0.23536306619644165,
        -0.0466008298099041,
        0.9707896709442139,
        0.6616714596748352
    ],
    [
        0.9714596271514893,
        -0.02047773264348507,
        0.23631921410560608,
        0.6942348480224609,
        0.008139900863170624,
        0.9985578060150146,
        0.05306641757488251,
        0.08489710092544556,
        -0.23706507682800293,
        -0.04962826520204544,
        0.9702253341674805,
        0.8275871276855469
    ],
    [
        0.9728878140449524,
        -0.02138686738908291,
        0.23028676211833954,
        0.8403195142745972,
        0.008593100123107433,
        0.998370349407196,
        0.05641615390777588,
        0.08680110424757004,
        -0.23111803829669952,
        -0.05290771275758743,
        0.9714861512184143,
        0.9988416433334351
    ],
    [
        0.9803377985954285,
        -0.018754467368125916,
        0.1964331865310669,
        0.9797750115394592,
        0.007171378470957279,
        0.9982017278671265,
        0.05951320379972458,
        0.07381173968315125,
        -0.1971960961818695,
        -0.05693434923887253,
        0.9787094593048096,
        1.157633900642395
    ],
    [
        0.9926040768623352,
        -0.013074924238026142,
        0.12069059163331985,
        1.1246147155761719,
        0.0051851109601557255,
        0.997842013835907,
        0.06545621156692505,
        0.07919500768184662,
        -0.12128596752882004,
        -0.0643463060259819,
        0.9905298352241516,
        1.3308489322662354
    ],
    [
        0.9994617104530334,
        -0.006078233011066914,
        0.032237812876701355,
        1.2644221782684326,
        0.0038541306275874376,
        0.9976361393928528,
        0.06860899925231934,
        0.061758529394865036,
        -0.03257877007126808,
        -0.06844781339168549,
        0.9971226453781128,
        1.5010038614273071
    ],
    [
        0.9985806345939636,
        0.0028840815648436546,
        -0.05318381264805794,
        1.3892918825149536,
        0.0008503067074343562,
        0.9975423812866211,
        0.07006063312292099,
        0.06191173195838928,
        0.05325518548488617,
        -0.07000641524791718,
        0.9961240291595459,
        1.6803510189056396
    ],
    [
        0.9913902878761292,
        0.01102535892277956,
        -0.13047485053539276,
        1.4935895204544067,
        -0.0013925081584602594,
        0.9972801804542542,
        0.07369125634431839,
        0.05209009721875191,
        0.13093231618404388,
        -0.07287511229515076,
        0.9887092113494873,
        1.8730376958847046
    ],
    [
        0.977549135684967,
        0.020063461735844612,
        -0.2097504585981369,
        1.5868934392929077,
        -0.0041658212430775166,
        0.9971020817756653,
        0.07596181333065033,
        0.04407033696770668,
        0.21066662669181824,
        -0.07338261604309082,
        0.9747997522354126,
        2.057643175125122
    ],
    [
        0.9569494128227234,
        0.028339605778455734,
        -0.28886812925338745,
        1.7059849500656128,
        -0.00561788072809577,
        0.9968440532684326,
        0.07918540388345718,
        0.04548557847738266,
        0.2902005612850189,
        -0.0741536095738411,
        0.9540884494781494,
        2.259509563446045
    ],
    [
        0.9219552278518677,
        0.037679512053728104,
        -0.3854593336582184,
        1.8168551921844482,
        -0.008002773858606815,
        0.9968972206115723,
        0.07830760627985,
        0.02965741604566574,
        0.38721394538879395,
        -0.06911136209964752,
        0.9193960428237915,
        2.429816722869873
    ],
    [
        0.8843587040901184,
        0.0459679551422596,
        -0.46453917026519775,
        1.9290522336959839,
        -0.0106015894562006,
        0.9968608021736145,
        0.07846064865589142,
        0.027862034738063812,
        0.4666876792907715,
        -0.06446250528097153,
        0.8820698857307434,
        2.61551833152771
    ],
    [
        0.8413309454917908,
        0.05310051515698433,
        -0.5379056930541992,
        2.0147459506988525,
        -0.013011774979531765,
        0.9968640208244324,
        0.07805604487657547,
        0.014997904188930988,
        0.540363609790802,
        -0.05867185443639755,
        0.839383602142334,
        2.766835927963257
    ],
    [
        0.7851382493972778,
        0.06126280501484871,
        -0.6162830591201782,
        2.096571207046509,
        -0.016941335052251816,
        0.9968477487564087,
        0.07751047611236572,
        0.014233912341296673,
        0.6190887689590454,
        -0.050415780395269394,
        0.7837011218070984,
        2.8998239040374756
    ],
    [
        0.7044379711151123,
        0.06937466561794281,
        -0.7063668966293335,
        2.1990063190460205,
        -0.019779574126005173,
        0.9967438578605652,
        0.07816801220178604,
        -0.002373794326558709,
        0.7094898223876953,
        -0.0410928800702095,
        0.7035164833068848,
        3.003209114074707
    ],
    [
        0.6136345863342285,
        0.07590340822935104,
        -0.7859333753585815,
        2.299755334854126,
        -0.0237790048122406,
        0.9966938495635986,
        0.07769212126731873,
        -0.01723942719399929,
        0.7892320156097412,
        -0.02898585796356201,
        0.6134107112884521,
        3.0480191707611084
    ],
    [
        0.5634152889251709,
        0.07914213836193085,
        -0.8223745226860046,
        2.432800531387329,
        -0.026424098759889603,
        0.9966181516647339,
        0.07780732214450836,
        -0.04011709243059158,
        0.8257511258125305,
        -0.022107327356934547,
        0.5636010766029358,
        3.0637807846069336
    ],
    [
        0.5210391283035278,
        0.08101179450750351,
        -0.8496795296669006,
        2.5683186054229736,
        -0.028349800035357475,
        0.9965789318084717,
        0.07763312757015228,
        -0.06884241104125977,
        0.8530619740486145,
        -0.016361646354198456,
        0.5215532779693604,
        3.0525963306427
    ],
    [
        0.4814265966415405,
        0.08285392075777054,
        -0.872561514377594,
        2.7335422039031982,
        -0.028862938284873962,
        0.9964808225631714,
        0.07869583368301392,
        -0.09167227149009705,
        0.8760110139846802,
        -0.012701579369604588,
        0.48212385177612305,
        3.0590717792510986
    ],
    [
        0.45309174060821533,
        0.08377347886562347,
        -0.8875189423561096,
        2.8892455101013184,
        -0.02940976433455944,
        0.9964374899864197,
        0.07904023677110672,
        -0.0992581844329834,
        0.8909786939620972,
        -0.009710758924484253,
        0.453941285610199,
        3.044144630432129
    ],
    [
        0.433904767036438,
        0.08586691319942474,
        -0.8968576192855835,
        3.025097131729126,
        -0.03256355598568916,
        0.996292233467102,
        0.07963255792856216,
        -0.10088001936674118,
        0.9003701210021973,
        -0.005348084960132837,
        0.43509212136268616,
        2.9735167026519775
    ],
    [
        0.43294456601142883,
        0.08828806132078171,
        -0.8970865607261658,
        3.129884958267212,
        -0.03591960668563843,
        0.9960912466049194,
        0.08069653064012527,
        -0.09488773345947266,
        0.9007046818733215,
        -0.0027141214814037085,
        0.434423565864563,
        2.841367244720459
    ]
]