[
    [
        1.0,
        -2.442447112116497e-05,
        -0.00024882800062187016,
        -0.006309712305665016,
        2.1333533368306234e-05,
        0.9999229311943054,
        -0.012412543408572674,
        -0.15109142661094666,
        0.00024911199579946697,
        0.012412537820637226,
        0.9999228715896606,
        0.0005926924641244113
    ],
    [
        1.0,
        -4.453365909284912e-05,
        -0.00031460734317079186,
        -0.007041768170893192,
        4.042134605697356e-05,
        0.9999147057533264,
        -0.013057109899818897,
        -0.16003598272800446,
        0.0003151616547256708,
        0.013057096861302853,
        0.9999146461486816,
        0.0004130600136704743
    ],
    [
        0.9999998807907104,
        -6.758926610928029e-05,
        -0.0004926419351249933,
        -0.007874937728047371,
        6.087973088142462e-05,
        0.9999074935913086,
        -0.013606257736682892,
        -0.16915543377399445,
        0.0004935160395689309,
        0.013606226071715355,
        0.9999072551727295,
        0.00043516108416952193
    ],
    [
        0.9999999403953552,
        7.800447201589122e-05,
        -0.0005615070695057511,
        -0.00923838373273611,
        -8.617054845672101e-05,
        0.9998940229415894,
        -0.014556877315044403,
        -0.18260659277439117,
        0.0005603120662271976,
        0.014556923881173134,
        0.9998939037322998,
        0.0004762393655255437
    ],
    [
        0.9999998211860657,
        4.65985358459875e-05,
        -0.000669288681820035,
        -0.010200999677181244,
        -5.6696473620831966e-05,
        0.9998860359191895,
        -0.015096273273229599,
        -0.19171032309532166,
        0.0006685092230327427,
        0.01509630773216486,
        0.9998857975006104,
        0.00037534782313741744
    ],
    [
        0.9999997615814209,
        7.502442895201966e-05,
        -0.0007920608040876687,
        -0.012071287259459496,
        -8.768857514951378e-05,
        0.9998719692230225,
        -0.01600022241473198,
        -0.20548957586288452,
        0.0007907591643743217,
        0.016000285744667053,
        0.9998716115951538,
        0.00040329567855224013
    ],
    [
        0.9999997019767761,
        6.858850247226655e-05,
        -0.0008097702520899475,
        -0.01354176551103592,
        -8.182549936464056e-05,
        0.999866247177124,
        -0.01635853201150894,
        -0.2149820178747177,
        0.0008085396257229149,
        0.016358593478798866,
        0.9998657703399658,
        0.0002270892437081784
    ],
    [
        0.9999996423721313,
        1.975950362975709e-05,
        -0.0008979286067187786,
        -0.014858285896480083,
        -3.494150587357581e-05,
        0.9998570084571838,
        -0.016911491751670837,
        -0.22425724565982819,
        0.0008974664960987866,
        0.016911517828702927,
        0.9998565912246704,
        0.00017310820112470537
    ],
    [
        0.9999996423721313,
        8.253630221588537e-05,
        -0.000907823967281729,
        -0.01641634851694107,
        -9.840670099947602e-05,
        0.9998469352722168,
        -0.017496006563305855,
        -0.23877961933612823,
        0.0009062409517355263,
        0.01749608851969242,
        0.9998464584350586,
        5.984956260363106e-06
    ],
    [
        0.9999995231628418,
        8.872399484971538e-05,
        -0.0009812982752919197,
        -0.01719316840171814,
        -0.00010635702346917242,
        0.9998382925987244,
        -0.017983628436923027,
        -0.24836033582687378,
        0.0009795447112992406,
        0.017983725294470787,
        0.9998377561569214,
        -0.00011046118015656248
    ],
    [
        0.999999463558197,
        3.579770418582484e-05,
        -0.0011277430457994342,
        -0.01806003786623478,
        -5.700530527974479e-05,
        0.9998230934143066,
        -0.018810663372278214,
        -0.2625681459903717,
        0.0011268702801316977,
        0.01881071738898754,
        0.9998224377632141,
        -0.00021760276285931468
    ],
    [
        0.9999994039535522,
        4.2165884224232286e-05,
        -0.001157971564680338,
        -0.01880665495991707,
        -6.457711424445733e-05,
        0.9998126029968262,
        -0.019360562786459923,
        -0.2720180153846741,
        0.001156937680207193,
        0.019360624253749847,
        0.9998119473457336,
        -0.00038103279075585306
    ],
    [
        0.9999992847442627,
        2.6060572054120712e-05,
        -0.0011989081976935267,
        -0.019969122484326363,
        -5.006444189348258e-05,
        0.9997994303703308,
        -0.020025402307510376,
        -0.2863922119140625,
        0.001198146608658135,
        0.020025447010993958,
        0.9997987151145935,
        -0.0005068171303719282
    ],
    [
        0.9999992251396179,
        2.320699240954127e-05,
        -0.0012592338025569916,
        -0.020577983930706978,
        -4.9104019126389176e-05,
        0.9997884035110474,
        -0.020569555461406708,
        -0.2958066165447235,
        0.0012584903743118048,
        0.02056960016489029,
        0.9997876286506653,
        -0.000746685138437897
    ],
    [
        0.9999989867210388,
        1.198654263134813e-05,
        -0.0013985845725983381,
        -0.02118622325360775,
        -4.1502444219077006e-05,
        0.9997771978378296,
        -0.021106403321027756,
        -0.3052428960800171,
        0.0013980193762108684,
        0.02110644057393074,
        0.999776303768158,
        -0.0008802260272204876
    ],
    [
        0.9999988675117493,
        -6.466012564487755e-05,
        -0.0015244632959365845,
        -0.02248828113079071,
        3.1192881579045206e-05,
        0.9997591972351074,
        -0.021943194791674614,
        -0.3192388415336609,
        0.0015255148755386472,
        0.021943120285868645,
        0.9997580647468567,
        -0.0010140797821804881
    ],
    [
        0.9999987483024597,
        -0.00012409474584273994,
        -0.001605916186235845,
        -0.02389119751751423,
        8.797728514764458e-05,
        0.9997475743293762,
        -0.022470369935035706,
        -0.3284631073474884,
        0.0016082980437204242,
        0.022470198571681976,
        0.9997462630271912,
        -0.0012195236049592495
    ],
    [
        0.9999986886978149,
        -9.176357707474381e-05,
        -0.0016091271536424756,
        -0.026315132156014442,
        5.431841054814868e-05,
        0.9997295141220093,
        -0.023255357518792152,
        -0.3425268530845642,
        0.0016108268173411489,
        0.0232552420347929,
        0.999728262424469,
        -0.0013672910863533616
    ],
    [
        0.9999983310699463,
        -0.0001746417983667925,
        -0.0018551122630015016,
        -0.027543634176254272,
        0.00013044121442362666,
        0.9997167587280273,
        -0.02379993349313736,
        -0.35192179679870605,
        0.0018587431404739618,
        0.023799650371074677,
        0.9997150301933289,
        -0.0017232107929885387
    ],
    [
        0.9999980330467224,
        -0.0002082646533381194,
        -0.0019571369048208,
        -0.029055999591946602,
        0.0001604473072802648,
        0.9997022151947021,
        -0.024400420486927032,
        -0.3613825738430023,
        0.0019616358913481236,
        0.02440005913376808,
        0.9997004270553589,
        -0.00190086686052382
    ],
    [
        0.9999980330467224,
        -0.00016291953215841204,
        -0.0020299465395510197,
        -0.03150300681591034,
        0.0001120235028793104,
        0.9996863007545471,
        -0.025047771632671356,
        -0.37578991055488586,
        0.0020333901047706604,
        0.02504749223589897,
        0.99968421459198,
        -0.0020051891915500164
    ],
    [
        0.999997615814209,
        -0.00013343404862098396,
        -0.002213000785559416,
        -0.03280513733625412,
        7.671396451769397e-05,
        0.9996719360351562,
        -0.025610685348510742,
        -0.38516509532928467,
        0.002215692540630698,
        0.02561045251786709,
        0.9996695518493652,
        -0.002322250045835972
    ],
    [
        0.9999970197677612,
        -0.0002695971343200654,
        -0.0024222356732934713,
        -0.03462081030011177,
        0.00020524986030068249,
        0.9996481537818909,
        -0.026526261121034622,
        -0.3992582857608795,
        0.002428534673526883,
        0.02652568556368351,
        0.9996451139450073,
        -0.002698060590773821
    ],
    [
        0.9999971985816956,
        -0.0002415470517007634,
        -0.002339170314371586,
        -0.036190032958984375,
        0.00017868392751552165,
        0.9996397495269775,
        -0.026837104931473732,
        -0.40879684686660767,
        0.00234480993822217,
        0.026836611330509186,
        0.9996371269226074,
        -0.002951384522020817
    ],
    [
        0.9999969601631165,
        -0.00020567607134580612,
        -0.0024989612866193056,
        -0.0372672900557518,
        0.00013647395826410502,
        0.999617338180542,
        -0.027661006897687912,
        -0.4229747951030731,
        0.002503694500774145,
        0.027660582214593887,
        0.9996142387390137,
        -0.0032838047482073307
    ]
]