[
    [
        0.9999983906745911,
        -0.0011073038913309574,
        -0.0013871752889826894,
        0.09361983835697174,
        0.0011110511841252446,
        0.999995768070221,
        0.0027034031227231026,
        0.0009624367812648416,
        0.0013841764302924275,
        -0.0027049400378018618,
        0.9999953508377075,
        -0.00020925962598994374
    ],
    [
        0.9999983906745911,
        -0.0008867669384926558,
        -0.0016306719044223428,
        0.09677795320749283,
        0.0008913742494769394,
        0.9999957084655762,
        0.0028267966117709875,
        0.0007977539207786322,
        0.0016281581483781338,
        -0.0028282448183745146,
        0.9999946355819702,
        -0.0001503338135080412
    ],
    [
        0.9999980926513672,
        -0.0008667742949910462,
        -0.0017860117368400097,
        0.10248135775327682,
        0.0008717386517673731,
        0.9999957084655762,
        0.002780303591862321,
        0.0012086840579286218,
        0.0017835937906056643,
        -0.0027818556409329176,
        0.9999946355819702,
        0.0003162100911140442
    ],
    [
        0.9999980330467224,
        -0.0007179654203355312,
        -0.001856079325079918,
        0.10833445191383362,
        0.0007235485827550292,
        0.999995231628418,
        0.003008820116519928,
        0.000906959583517164,
        0.001853909925557673,
        -0.0030101570300757885,
        0.9999938011169434,
        0.0003802868304774165
    ],
    [
        0.9999977946281433,
        -0.0005868826992809772,
        -0.002036490710452199,
        0.11469566822052002,
        0.0005933363572694361,
        0.9999948143959045,
        0.003169687930494547,
        0.0006597904721274972,
        0.00203461991623044,
        -0.0031708884052932262,
        0.999992847442627,
        0.0004387154767755419
    ],
    [
        0.9999974966049194,
        -0.0004749972722493112,
        -0.0021919722203165293,
        0.12363190203905106,
        0.00048246770165860653,
        0.9999940991401672,
        0.0034084960352629423,
        0.0004927131230942905,
        0.0021903400775045156,
        -0.0034095451701432467,
        0.999991774559021,
        0.00041215665987692773
    ],
    [
        0.9999971389770508,
        -0.0005269650719128549,
        -0.0023549203760921955,
        0.1295214295387268,
        0.0005351219442673028,
        0.9999938607215881,
        0.0034644927363842726,
        0.0004804704221896827,
        0.0023530798498541117,
        -0.00346574280411005,
        0.9999911785125732,
        0.0007136162021197379
    ],
    [
        0.9999971985816956,
        -0.0005138394189998507,
        -0.002317962935194373,
        0.13533475995063782,
        0.0005219116574153304,
        0.9999938011169434,
        0.0034829452633857727,
        0.0005588966305367649,
        0.002316158963367343,
        -0.0034841452725231647,
        0.9999912977218628,
        0.0007777292630635202
    ],
    [
        0.9999967813491821,
        -0.0005999993300065398,
        -0.0024693110026419163,
        0.14113423228263855,
        0.000609204638749361,
        0.9999929070472717,
        0.0037289727479219437,
        0.0002317912149010226,
        0.0024670560378581285,
        -0.003730464493855834,
        0.9999899864196777,
        0.0009900009026750922
    ],
    [
        0.9999967813491821,
        -0.0003217140329070389,
        -0.002518927212804556,
        0.14703454077243805,
        0.0003309689636807889,
        0.9999931454658508,
        0.003674608189612627,
        0.00030337058706209064,
        0.002517727669328451,
        -0.0036754298489540815,
        0.9999901056289673,
        0.0010451729176566005
    ],
    [
        0.9999970197677612,
        -0.0005548730259761214,
        -0.002409799490123987,
        0.15234673023223877,
        0.000563891080673784,
        0.9999929070472717,
        0.003743167733773589,
        0.00039563601603731513,
        0.0024077058769762516,
        -0.0037445155903697014,
        0.9999901056289673,
        0.0012626617681235075
    ],
    [
        0.999996542930603,
        -0.0002827733987942338,
        -0.0026151672936975956,
        0.1609853357076645,
        0.00029291363898664713,
        0.9999924898147583,
        0.003877664217725396,
        0.00019350061484146863,
        0.0026140508707612753,
        -0.003878416493535042,
        0.9999890327453613,
        0.0012264485703781247
    ],
    [
        0.9999963045120239,
        -7.33959095668979e-05,
        -0.0027184488717466593,
        0.16665764153003693,
        8.400009392062202e-05,
        0.9999924302101135,
        0.0039008809253573418,
        0.00013842534099239856,
        0.0027181420009583235,
        -0.0039010948967188597,
        0.9999886751174927,
        0.0015568149974569678
    ],
    [
        0.9999964237213135,
        -0.0001755943230818957,
        -0.002658913843333721,
        0.1722925305366516,
        0.000186029719770886,
        0.9999923706054688,
        0.003924685996025801,
        0.00010572836617939174,
        0.0026582046411931515,
        -0.003925166092813015,
        0.9999887943267822,
        0.00152346130926162
    ],
    [
        0.9999962449073792,
        -0.00032790625118650496,
        -0.002729905303567648,
        0.1808723658323288,
        0.00033892670762725174,
        0.999991774559021,
        0.004037552047520876,
        -0.00021550347446464002,
        0.0027285595424473286,
        -0.00403846288099885,
        0.9999880790710449,
        0.0018683228408917785
    ],
    [
        0.9999962449073792,
        -0.00030272678122855723,
        -0.002730395644903183,
        0.18657010793685913,
        0.00031369522912427783,
        0.9999918341636658,
        0.004017540719360113,
        -0.00012163825158495456,
        0.002729157917201519,
        -0.004018380772322416,
        0.9999881982803345,
        0.002099083736538887
    ],
    [
        0.9999967217445374,
        -0.00012580126349348575,
        -0.002598211634904146,
        0.1919526308774948,
        0.00013627273438032717,
        0.9999918341636658,
        0.004030576441437006,
        -0.00010236351954517886,
        0.002597683109343052,
        -0.004030916374176741,
        0.9999885559082031,
        0.0020864950492978096
    ],
    [
        0.9999966025352478,
        -0.00017761914932634681,
        -0.002610937226563692,
        0.19786179065704346,
        0.00018806786101777107,
        0.9999919533729553,
        0.004002260975539684,
        3.735846621566452e-05,
        0.002610205439850688,
        -0.004002738744020462,
        0.9999886751174927,
        0.0023976475931704044
    ],
    [
        0.9999964237213135,
        -0.00029427302069962025,
        -0.002680625533685088,
        0.2036166489124298,
        0.00030512400553561747,
        0.9999917149543762,
        0.004048429429531097,
        -2.1431828827189747e-06,
        0.002679412718862295,
        -0.004049231298267841,
        0.9999881982803345,
        0.002615793375298381
    ],
    [
        0.9999969005584717,
        -0.00044868135591968894,
        -0.002470780862495303,
        0.2117290049791336,
        0.00045869580935686827,
        0.999991774559021,
        0.004054191987961531,
        0.00010843815107364208,
        0.0024689417332410812,
        -0.004055312369018793,
        0.9999887943267822,
        0.002682275837287307
    ],
    [
        0.9999969005584717,
        -0.00039036310045048594,
        -0.002451174193993211,
        0.21723508834838867,
        0.00040050793904811144,
        0.9999912977218628,
        0.004139668773859739,
        -0.0002725429367274046,
        0.0024495369289070368,
        -0.004140637349337339,
        0.9999884366989136,
        0.0026316766161471605
    ],
    [
        0.9999973177909851,
        -0.00036881843698211014,
        -0.002325701294466853,
        0.22252008318901062,
        0.0003784396394621581,
        0.9999914765357971,
        0.0041375719010829926,
        -0.0002012371114687994,
        0.002324155066162348,
        -0.0041384403593838215,
        0.9999886751174927,
        0.0027643279172480106
    ],
    [
        0.9999972581863403,
        -0.0006542634801007807,
        -0.002273957245051861,
        0.22746434807777405,
        0.0006634116871282458,
        0.999991774559021,
        0.004024788737297058,
        -0.00013411956024356186,
        0.002271304838359356,
        -0.004026286769658327,
        0.9999892711639404,
        0.0030226462986320257
    ],
    [
        0.9999974370002747,
        -0.0006890559452585876,
        -0.002203836804255843,
        0.23254169523715973,
        0.0006979472236707807,
        0.9999917149543762,
        0.004036176484078169,
        -0.0003374808293301612,
        0.002201036550104618,
        -0.0040377043187618256,
        0.99998939037323,
        0.003018240677192807
    ],
    [
        0.999997615814209,
        -0.0005363234668038785,
        -0.0021179160103201866,
        0.2373148500919342,
        0.0005446135182864964,
        0.9999921917915344,
        0.003915837034583092,
        -0.00019210754544474185,
        0.0021157984156161547,
        -0.003916981164366007,
        0.9999901056289673,
        0.0032266038469970226
    ]
]