[
    [
        0.999998152256012,
        0.0007711031939834356,
        0.001775109674781561,
        -0.016429750248789787,
        -0.000765975855756551,
        0.9999955892562866,
        -0.002887219423428178,
        -0.03436118736863136,
        -0.0017773285508155823,
        0.0028858541045337915,
        0.9999942779541016,
        -0.23525911569595337
    ],
    [
        0.9999979734420776,
        0.0006499080336652696,
        0.0019013892160728574,
        -0.01744711399078369,
        -0.0006445389590226114,
        0.9999958276748657,
        -0.002823003102093935,
        -0.03545234352350235,
        -0.0019032156560570002,
        0.0028217725921422243,
        0.999994158744812,
        -0.23702138662338257
    ],
    [
        0.9999985098838806,
        0.0006865847390145063,
        0.0016445799265056849,
        -0.0176356453448534,
        -0.0006819083937443793,
        0.999995768070221,
        -0.0028419382870197296,
        -0.036124441772699356,
        -0.0016465244116261601,
        0.0028408123180270195,
        0.9999946355819702,
        -0.23883645236492157
    ],
    [
        0.9999984502792358,
        0.0007135249325074255,
        0.001610381412319839,
        -0.01845926232635975,
        -0.0007088271086104214,
        0.9999955296516418,
        -0.0029159709811210632,
        -0.03684185817837715,
        -0.0016124540707096457,
        0.002914824988692999,
        0.9999943971633911,
        -0.24078138172626495
    ],
    [
        0.9999984502792358,
        0.0006991244736127555,
        0.001623373944312334,
        -0.020066246390342712,
        -0.000694386544637382,
        0.9999955296516418,
        -0.002917014993727207,
        -0.03835621848702431,
        -0.0016254059737548232,
        0.0029158832039684057,
        0.9999943971633911,
        -0.2444574534893036
    ],
    [
        0.9999988675117493,
        0.0006202719523571432,
        0.0013939483324065804,
        -0.020355621352791786,
        -0.0006162931094877422,
        0.999995768070221,
        -0.0028530326671898365,
        -0.039361052215099335,
        -0.0013957128394395113,
        0.0028521697968244553,
        0.9999949932098389,
        -0.2463691383600235
    ],
    [
        0.9999989867210388,
        0.0005433724145404994,
        0.0013289744965732098,
        -0.021137209609150887,
        -0.0005394457257352769,
        0.9999955892562866,
        -0.0029529689345508814,
        -0.03988960385322571,
        -0.0013305735774338245,
        0.0029522490222007036,
        0.9999947547912598,
        -0.24816183745861053
    ],
    [
        0.9999988079071045,
        0.0005131805664859712,
        0.0014685839414596558,
        -0.022027328610420227,
        -0.0005086194723844528,
        0.9999951124191284,
        -0.003104791045188904,
        -0.040604934096336365,
        -0.0014701701002195477,
        0.003104040864855051,
        0.999994158744812,
        -0.24994051456451416
    ],
    [
        0.999998927116394,
        0.00048138719284906983,
        0.0013695121742784977,
        -0.022776858881115913,
        -0.00047739685396663845,
        0.9999957084655762,
        -0.0029123909771442413,
        -0.042322173714637756,
        -0.0013709082268178463,
        0.0029117343947291374,
        0.9999948740005493,
        -0.25345107913017273
    ],
    [
        0.9999990463256836,
        0.00045412476174533367,
        0.001366171520203352,
        -0.023379040881991386,
        -0.00045013829367235303,
        0.9999956488609314,
        -0.0029170771595090628,
        -0.04275715723633766,
        -0.0013674900401383638,
        0.0029164592269808054,
        0.9999948740005493,
        -0.2552013695240021
    ],
    [
        0.9999989867210388,
        0.00042086647590622306,
        0.0013365118065848947,
        -0.02408623695373535,
        -0.0004168655723333359,
        0.9999954700469971,
        -0.0029920681845396757,
        -0.04360509291291237,
        -0.001337764086201787,
        0.0029915079940110445,
        0.9999946355819702,
        -0.25706663727760315
    ],
    [
        0.9999993443489075,
        0.00045497564133256674,
        0.0011530467309057713,
        -0.024503428488969803,
        -0.0004514844622462988,
        0.9999953508377075,
        -0.0030257462058216333,
        -0.044329769909381866,
        -0.0011544182198122144,
        0.0030252232681959867,
        0.9999947547912598,
        -0.25902462005615234
    ],
    [
        0.9999993443489075,
        0.00041905022226274014,
        0.0010802443139255047,
        -0.025495529174804688,
        -0.0004158217925578356,
        0.9999954700469971,
        -0.002986894454807043,
        -0.04542943462729454,
        -0.0010814907727763057,
        0.002986443229019642,
        0.9999949932098389,
        -0.26256063580513
    ],
    [
        0.999999463558197,
        0.0004100025398656726,
        0.0009718505316413939,
        -0.025910327211022377,
        -0.00040729850297793746,
        0.9999960660934448,
        -0.0027814097702503204,
        -0.04625292122364044,
        -0.000972986628767103,
        0.0027810120955109596,
        0.9999957084655762,
        -0.26445502042770386
    ],
    [
        0.9999995827674866,
        0.0003788961621467024,
        0.000933225208427757,
        -0.026404861360788345,
        -0.00037636191700585186,
        0.9999963045120239,
        -0.0027141005266457796,
        -0.04671149700880051,
        -0.0009342498960904777,
        0.0027137482538819313,
        0.9999958276748657,
        -0.26617032289505005
    ],
    [
        0.9999996423721313,
        0.0003728252777364105,
        0.0007538912468589842,
        -0.026491772383451462,
        -0.00037074778811074793,
        0.9999962449073792,
        -0.0027536165434867144,
        -0.04717174544930458,
        -0.0007549146539531648,
        0.0027533366810530424,
        0.9999958276748657,
        -0.267835408449173
    ],
    [
        0.9999996423721313,
        0.0003458245482761413,
        0.0008472654153592885,
        -0.027854792773723602,
        -0.00034375354880467057,
        0.9999970197677612,
        -0.0024438584223389626,
        -0.04879181832075119,
        -0.0008481076220050454,
        0.0024435657542198896,
        0.9999966621398926,
        -0.2713625729084015
    ],
    [
        0.9999997615814209,
        0.00033970759250223637,
        0.0006953621632419527,
        -0.02808946557343006,
        -0.0003378864494152367,
        0.9999964833259583,
        -0.0026180401910096407,
        -0.04904794320464134,
        -0.0006962490151636302,
        0.002617804566398263,
        0.9999964237213135,
        -0.2730480134487152
    ],
    [
        0.9999997615814209,
        0.0002917761157732457,
        0.0007308464264497161,
        -0.028647245839238167,
        -0.00028991393628530204,
        0.9999967217445374,
        -0.002546663861721754,
        -0.04970482736825943,
        -0.0007315867696888745,
        0.0025464515201747417,
        0.999996542930603,
        -0.2746742367744446
    ],
    [
        0.9999997615814209,
        0.00026832983712665737,
        0.0007415818399749696,
        -0.029131310060620308,
        -0.0002664092171471566,
        0.9999966621398926,
        -0.0025890234392136335,
        -0.050548963248729706,
        -0.0007422742783091962,
        0.002588824601843953,
        0.9999964237213135,
        -0.27644655108451843
    ],
    [
        0.9999997019767761,
        0.0003894437395501882,
        0.0005875803763046861,
        -0.03020770102739334,
        -0.00038798319292254746,
        0.9999967813491821,
        -0.0024841756094247103,
        -0.05140211060643196,
        -0.0005885465652681887,
        0.002483946504071355,
        0.9999967813491821,
        -0.279696524143219
    ],
    [
        0.9999998807907104,
        0.0003212526789866388,
        0.00046091736294329166,
        -0.03062659129500389,
        -0.00032010843278840184,
        0.9999969601631165,
        -0.0024812540505081415,
        -0.05196867138147354,
        -0.0004617127124220133,
        0.002481107134371996,
        0.9999967813491821,
        -0.2813861072063446
    ],
    [
        0.9999998807907104,
        0.0003524656349327415,
        0.0004355608543846756,
        -0.03084982931613922,
        -0.00035134944482706487,
        0.9999966621398926,
        -0.0025610283482819796,
        -0.05218179151415825,
        -0.00043646228732541203,
        0.0025608756113797426,
        0.9999966621398926,
        -0.28298112750053406
    ],
    [
        0.9999998211860657,
        0.00022968603298068047,
        0.000490280450321734,
        -0.0315263606607914,
        -0.00022847695800010115,
        0.9999969005584717,
        -0.0024646443780511618,
        -0.053038470447063446,
        -0.0004908455885015428,
        0.0024645316880196333,
        0.9999969005584717,
        -0.28447723388671875
    ],
    [
        0.9999999403953552,
        0.00026595653616823256,
        0.0002789745922200382,
        -0.032305192202329636,
        -0.0002652225084602833,
        0.999996542930603,
        -0.0026260323356837034,
        -0.05391005054116249,
        -0.00027967148344032466,
        0.002625958062708378,
        0.999996542930603,
        -0.28780826926231384
    ]
]