[
    [
        0.9954242706298828,
        0.00516047328710556,
        -0.09541328251361847,
        0.16242067515850067,
        -0.005171165801584721,
        0.9999865889549255,
        0.0001352055842289701,
        0.03830226510763168,
        0.0954127088189125,
        0.0003588105319067836,
        0.9954376816749573,
        -0.28239771723747253
    ],
    [
        0.9938810467720032,
        0.00587856862694025,
        -0.11029951274394989,
        0.18642635643482208,
        -0.0060620494186878204,
        0.9999807476997375,
        -0.0013282045256346464,
        0.04679043963551521,
        0.11028958857059479,
        0.0019887189846485853,
        0.9938976168632507,
        -0.3129611909389496
    ],
    [
        0.9917001724243164,
        0.0070516010746359825,
        -0.12837857007980347,
        0.21565032005310059,
        -0.007178734987974167,
        0.9999740719795227,
        -0.0005276131560094655,
        0.059250883758068085,
        0.12837152183055878,
        0.0014448304427787662,
        0.991724967956543,
        -0.354998916387558
    ],
    [
        0.9902073740959167,
        0.007616961840540171,
        -0.13939587771892548,
        0.23634351789951324,
        -0.007831377908587456,
        0.9999688267707825,
        -0.0009897301206365228,
        0.0701431930065155,
        0.13938401639461517,
        0.0020717002917081118,
        0.990236222743988,
        -0.3910840153694153
    ],
    [
        0.9883497357368469,
        0.00908751506358385,
        -0.15192902088165283,
        0.26424187421798706,
        -0.00931331142783165,
        0.9999563097953796,
        -0.000774630403611809,
        0.0853905975818634,
        0.15191535651683807,
        0.002180567942559719,
        0.9883910417556763,
        -0.4464915096759796
    ],
    [
        0.9873299598693848,
        0.009543602354824543,
        -0.1583930253982544,
        0.2856542468070984,
        -0.009866403415799141,
        0.9999505281448364,
        -0.0012517280410975218,
        0.0980357900261879,
        0.15837323665618896,
        0.0027986380737274885,
        0.9873753786087036,
        -0.491711288690567
    ],
    [
        0.9861424565315247,
        0.010419154539704323,
        -0.16557349264621735,
        0.3188796043395996,
        -0.010636214166879654,
        0.9999433755874634,
        -0.00042432741611264646,
        0.11408369988203049,
        0.16555969417095184,
        0.002179522067308426,
        0.9861974120140076,
        -0.5542362332344055
    ],
    [
        0.985615611076355,
        0.010457860305905342,
        -0.16867856681346893,
        0.3442142605781555,
        -0.010885053314268589,
        0.9999394416809082,
        -0.001608099089935422,
        0.12336721271276474,
        0.1686515361070633,
        0.0034210425801575184,
        0.9856696724891663,
        -0.6023672223091125
    ],
    [
        0.9848743677139282,
        0.010627171956002712,
        -0.17294345796108246,
        0.3787335753440857,
        -0.010883740149438381,
        0.9999406337738037,
        -0.0005353001179173589,
        0.1360633820295334,
        0.17292751371860504,
        0.0024094751570373774,
        0.9849317073822021,
        -0.6644123792648315
    ],
    [
        0.9841520190238953,
        0.010715506970882416,
        -0.17700298130512238,
        0.4098142385482788,
        -0.011198881082236767,
        0.9999358057975769,
        -0.001732065575197339,
        0.14559322595596313,
        0.17697304487228394,
        0.0036868511233478785,
        0.9842087626457214,
        -0.708716869354248
    ],
    [
        0.9833655953407288,
        0.01072755828499794,
        -0.18132023513317108,
        0.4529554545879364,
        -0.01120299007743597,
        0.9999359846115112,
        -0.0015980741009116173,
        0.16048406064510345,
        0.18129147589206696,
        0.0036028206814080477,
        0.9834227561950684,
        -0.765636146068573
    ],
    [
        0.9827499389648438,
        0.011081350967288017,
        -0.18460682034492493,
        0.4902639389038086,
        -0.011486436240375042,
        0.9999333620071411,
        -0.0011250011157244444,
        0.17197272181510925,
        0.18458208441734314,
        0.0032260697335004807,
        0.9828117489814758,
        -0.8100974559783936
    ],
    [
        0.9817544221878052,
        0.011030002497136593,
        -0.18983300030231476,
        0.5468490123748779,
        -0.01156435627490282,
        0.9999316334724426,
        -0.0017073352355509996,
        0.189222052693367,
        0.1898011863231659,
        0.0038714809343218803,
        0.9818148016929626,
        -0.867263913154602
    ],
    [
        0.9809083938598633,
        0.011489562690258026,
        -0.19413083791732788,
        0.5915642976760864,
        -0.011914435774087906,
        0.9999284744262695,
        -0.001021111966110766,
        0.1976805478334427,
        0.19410523772239685,
        0.0033145768102258444,
        0.9809750318527222,
        -0.9065753817558289
    ],
    [
        0.9796381592750549,
        0.012509805150330067,
        -0.20038124918937683,
        0.6509401202201843,
        -0.012600705027580261,
        0.9999202489852905,
        0.0008218195871450007,
        0.21232900023460388,
        0.2003755420446396,
        0.0017198595451191068,
        0.9797176718711853,
        -0.9564676880836487
    ],
    [
        0.9788826704025269,
        0.01279280986636877,
        -0.2040223330259323,
        0.693690299987793,
        -0.012788054533302784,
        0.9999173879623413,
        0.0013417525915428996,
        0.22050981223583221,
        0.204022616147995,
        0.001295629539526999,
        0.9789653420448303,
        -0.9918215870857239
    ],
    [
        0.9781947731971741,
        0.013286605477333069,
        -0.20726387202739716,
        0.7447678446769714,
        -0.013330412097275257,
        0.9999105334281921,
        0.0011853273026645184,
        0.22765326499938965,
        0.2072610855102539,
        0.0016034382861107588,
        0.9782844185829163,
        -1.0395281314849854
    ],
    [
        0.9777156710624695,
        0.014089398086071014,
        -0.20946036279201508,
        0.7772817611694336,
        -0.013929683715105057,
        0.9999004602432251,
        0.002237783744931221,
        0.23467771708965302,
        0.20947106182575226,
        0.0007298054406419396,
        0.9778144955635071,
        -1.0755980014801025
    ],
    [
        0.9773809313774109,
        0.014978967607021332,
        -0.21095533668994904,
        0.8169471621513367,
        -0.014860053546726704,
        0.999887228012085,
        0.00214901240542531,
        0.24753251671791077,
        0.21096375584602356,
        0.001034403103403747,
        0.977493405342102,
        -1.1247409582138062
    ],
    [
        0.9773644208908081,
        0.015073355287313461,
        -0.2110249102115631,
        0.8443759679794312,
        -0.015095097944140434,
        0.9998849630355835,
        0.0015079129952937365,
        0.259763240814209,
        0.21102334558963776,
        0.001711660297587514,
        0.9774795174598694,
        -1.1627073287963867
    ],
    [
        0.9774832129478455,
        0.015626130625605583,
        -0.21043360233306885,
        0.8808450698852539,
        -0.015341195277869701,
        0.9998778104782104,
        0.0029864960815757513,
        0.2784930169582367,
        0.2104545682668686,
        0.00030904944287613034,
        0.977603554725647,
        -1.2163745164871216
    ],
    [
        0.9777214527130127,
        0.0166523028165102,
        -0.2092445194721222,
        0.9092451930046082,
        -0.01643153838813305,
        0.9998611211776733,
        0.002793474355712533,
        0.2935169041156769,
        0.2092619687318802,
        0.0007069723214954138,
        0.9778592586517334,
        -1.2559291124343872
    ],
    [
        0.9791821837425232,
        0.01670771837234497,
        -0.20229455828666687,
        0.9474604725837708,
        -0.016417313367128372,
        0.9998603463172913,
        0.0031135056633502245,
        0.3128681778907776,
        0.20231835544109344,
        0.00027244578814134,
        0.9793197512626648,
        -1.309073567390442
    ],
    [
        0.9812394380569458,
        0.01651039533317089,
        -0.19208452105522156,
        0.9768239259719849,
        -0.01630590856075287,
        0.9998635053634644,
        0.002645408036187291,
        0.32632720470428467,
        0.19210200011730194,
        0.0005363412783481181,
        0.9813747406005859,
        -1.3465462923049927
    ],
    [
        0.9860032200813293,
        0.016661295667290688,
        -0.1658921092748642,
        1.0194464921951294,
        -0.01644998788833618,
        0.9998611807823181,
        0.002647761022672057,
        0.3415466248989105,
        0.1659131944179535,
        0.0001182182677439414,
        0.9861403703689575,
        -1.38799250125885
    ]
]