[
    [
        0.9999737739562988,
        0.006032125558704138,
        -0.004026773851364851,
        -0.03271511197090149,
        -0.006060761399567127,
        0.9999561309814453,
        -0.0071373810060322285,
        0.03828705474734306,
        0.00398354372009635,
        0.007161598186939955,
        0.9999663829803467,
        -0.4975964426994324
    ],
    [
        0.9999663829803467,
        0.006762773729860783,
        -0.004669104237109423,
        -0.03890831023454666,
        -0.006801562383770943,
        0.9999420642852783,
        -0.008342302404344082,
        0.04631415754556656,
        0.004612415563315153,
        0.008373777382075787,
        0.999954342842102,
        -0.5841290950775146
    ],
    [
        0.9999570846557617,
        0.007649488281458616,
        -0.005223412998020649,
        -0.04500153660774231,
        -0.007697550114244223,
        0.9999276399612427,
        -0.009243762120604515,
        0.055566634982824326,
        0.005152324680238962,
        0.009283573366701603,
        0.9999436140060425,
        -0.675237774848938
    ],
    [
        0.9999485611915588,
        0.008356079459190369,
        -0.005760944914072752,
        -0.0511944554746151,
        -0.008412723429501057,
        0.9999158382415771,
        -0.009879264049232006,
        0.0630003958940506,
        0.005677906796336174,
        0.009927219711244106,
        0.9999345541000366,
        -0.7664265036582947
    ],
    [
        0.9999381899833679,
        0.009171780198812485,
        -0.006303736474364996,
        -0.05580979213118553,
        -0.009236140176653862,
        0.9999048113822937,
        -0.010257753543555737,
        0.06994464248418808,
        0.006209053099155426,
        0.010315340012311935,
        0.9999275207519531,
        -0.8514512777328491
    ],
    [
        0.9999296069145203,
        0.00971079058945179,
        -0.0068205869756639,
        -0.06046707555651665,
        -0.009781920351088047,
        0.9998973608016968,
        -0.01047408115118742,
        0.07895347476005554,
        0.006718175020068884,
        0.010540062561631203,
        0.9999219179153442,
        -0.9373258352279663
    ],
    [
        0.9999199509620667,
        0.010217788629233837,
        -0.007465009111911058,
        -0.06114231422543526,
        -0.010296781547367573,
        0.9998906850814819,
        -0.010621250607073307,
        0.08931408822536469,
        0.007355667185038328,
        0.010697262361645699,
        0.9999157190322876,
        -1.0247780084609985
    ],
    [
        0.9999104738235474,
        0.010840561240911484,
        -0.00785326398909092,
        -0.06459372490644455,
        -0.010918539948761463,
        0.9998908638954163,
        -0.009955749846994877,
        0.09634470194578171,
        0.0077444808557629585,
        0.010040603578090668,
        0.9999196529388428,
        -1.114987850189209
    ],
    [
        0.999900221824646,
        0.011446231044828892,
        -0.008288740180432796,
        -0.06967467814683914,
        -0.0115235960111022,
        0.9998899102210999,
        -0.009346812032163143,
        0.10474059730768204,
        0.008180840872228146,
        0.009441395290195942,
        0.9999219179153442,
        -1.1982673406600952
    ],
    [
        0.9998857378959656,
        0.012486018240451813,
        -0.008515763096511364,
        -0.07523233443498611,
        -0.0125605259090662,
        0.9998827576637268,
        -0.008752687834203243,
        0.11810442060232162,
        0.008405478671193123,
        0.008858650922775269,
        0.9999253749847412,
        -1.2798798084259033
    ],
    [
        0.9998716115951538,
        0.013363761827349663,
        -0.008846008218824863,
        -0.07796555757522583,
        -0.013434612192213535,
        0.9998777508735657,
        -0.007999001070857048,
        0.13121217489242554,
        0.008738030679523945,
        0.008116817101836205,
        0.9999288320541382,
        -1.3645527362823486
    ],
    [
        0.999853253364563,
        0.01435267087072134,
        -0.00935682374984026,
        -0.07899171113967896,
        -0.014418167062103748,
        0.9998717904090881,
        -0.006970356684178114,
        0.14228853583335876,
        0.009255582466721535,
        0.007104241754859686,
        0.9999319314956665,
        -1.445773720741272
    ],
    [
        0.9998329877853394,
        0.015345443971455097,
        -0.009928428567945957,
        -0.07869967073202133,
        -0.015400348231196404,
        0.9998664259910583,
        -0.005477402824908495,
        0.15642353892326355,
        0.009843048639595509,
        0.005629392806440592,
        0.9999356865882874,
        -1.5408483743667603
    ],
    [
        0.9998119473457336,
        0.016332529485225677,
        -0.010450628586113453,
        -0.07612571865320206,
        -0.016377657651901245,
        0.9998568892478943,
        -0.0042473869398236275,
        0.17024211585521698,
        0.010379761457443237,
        0.004417745862156153,
        0.9999364614486694,
        -1.6224838495254517
    ],
    [
        0.9997919201850891,
        0.017272064462304115,
        -0.01084891241043806,
        -0.07393230497837067,
        -0.017302008345723152,
        0.9998466968536377,
        -0.0026722773909568787,
        0.1809600442647934,
        0.010801090858876705,
        0.0028594289906322956,
        0.9999375939369202,
        -1.7081263065338135
    ],
    [
        0.9997752904891968,
        0.018020376563072205,
        -0.011163969524204731,
        -0.07404249906539917,
        -0.01803135685622692,
        0.9998370409011841,
        -0.0008836050983518362,
        0.1893337517976761,
        0.011146229691803455,
        0.0010847049998119473,
        0.9999373555183411,
        -1.7912776470184326
    ],
    [
        0.9997592568397522,
        0.018544012680649757,
        -0.01172672864049673,
        -0.07588940113782883,
        -0.01853862777352333,
        0.9998279213905334,
        0.0005674802814610302,
        0.20071707665920258,
        0.011735236272215843,
        -0.0003499467275105417,
        0.9999309778213501,
        -1.8709545135498047
    ],
    [
        0.9997485876083374,
        0.018840676173567772,
        -0.012166938744485378,
        -0.07943431288003922,
        -0.0188177190721035,
        0.9998209476470947,
        0.001998547464609146,
        0.2151060849428177,
        0.012202413752675056,
        -0.0017690882086753845,
        0.9999238848686218,
        -1.9551652669906616
    ],
    [
        0.9997350573539734,
        0.019263451918959618,
        -0.012598175555467606,
        -0.08282318711280823,
        -0.019222650676965714,
        0.9998096227645874,
        0.00335178361274302,
        0.22827348113059998,
        0.012660345993936062,
        -0.0031087282113730907,
        0.9999151825904846,
        -2.039339303970337
    ],
    [
        0.9997254610061646,
        0.01951037533581257,
        -0.012976584956049919,
        -0.08555742353200912,
        -0.019452562555670738,
        0.9998003840446472,
        0.004566566087305546,
        0.24491314589977264,
        0.013063088990747929,
        -0.0043128845281898975,
        0.9999054670333862,
        -2.1229748725891113
    ],
    [
        0.9997186660766602,
        0.01947801001369953,
        -0.013536311686038971,
        -0.08445128798484802,
        -0.01940314657986164,
        0.9997957944869995,
        0.005639982409775257,
        0.2589937448501587,
        0.013643404468894005,
        -0.0053757489658892155,
        0.9998924732208252,
        -2.2096023559570312
    ],
    [
        0.9997145533561707,
        0.0193190798163414,
        -0.014057193882763386,
        -0.08366469293832779,
        -0.019219929352402687,
        0.9997897148132324,
        0.007154680322855711,
        0.26532843708992004,
        0.014192457310855389,
        -0.006882455199956894,
        0.999875545501709,
        -2.301629066467285
    ],
    [
        0.999714732170105,
        0.01901719719171524,
        -0.014447067864239216,
        -0.0869980901479721,
        -0.01889565773308277,
        0.999785304069519,
        0.008503216318786144,
        0.2685442864894867,
        0.014605673030018806,
        -0.00822780653834343,
        0.9998595118522644,
        -2.391957998275757
    ],
    [
        0.9997200965881348,
        0.018605584278702736,
        -0.014608613215386868,
        -0.09161581099033356,
        -0.018467701971530914,
        0.9997841119766235,
        0.009517381899058819,
        0.275105744600296,
        0.014782537706196308,
        -0.009244931861758232,
        0.9998480081558228,
        -2.4805047512054443
    ],
    [
        0.999733030796051,
        0.017875293269753456,
        -0.014638939872384071,
        -0.09874939173460007,
        -0.017720021307468414,
        0.9997860789299011,
        0.010668818838894367,
        0.28034716844558716,
        0.0148265166208148,
        -0.010406570509076118,
        0.9998359084129333,
        -2.59507155418396
    ]
]