[
    [
        0.9983335733413696,
        -0.003920569550246,
        0.057574111968278885,
        0.048155512660741806,
        0.0041364277713000774,
        0.999984860420227,
        -0.0036305333487689495,
        -0.021315108984708786,
        -0.05755900219082832,
        0.003862634301185608,
        0.9983347058296204,
        0.30730071663856506
    ],
    [
        0.9957234859466553,
        -0.0048644351772964,
        0.09225588291883469,
        0.0994701161980629,
        0.00543968053534627,
        0.9999673366546631,
        -0.005984901916235685,
        -0.024190891534090042,
        -0.09222375601530075,
        0.0064611490815877914,
        0.9957173466682434,
        0.5188716053962708
    ],
    [
        0.9912312030792236,
        -0.0059200371615588665,
        0.13200633227825165,
        0.16110296547412872,
        0.007190236821770668,
        0.9999323487281799,
        -0.00914767012000084,
        -0.05007221922278404,
        -0.1319432407617569,
        0.010016612708568573,
        0.991206705570221,
        0.7659149765968323
    ],
    [
        0.9853864312171936,
        -0.006960184313356876,
        0.17019085586071014,
        0.2265457659959793,
        0.009369905106723309,
        0.9998669028282166,
        -0.01335983257740736,
        -0.06495682895183563,
        -0.1700752228498459,
        0.014759273268282413,
        0.985320508480072,
        0.9776192903518677
    ],
    [
        0.9797963500022888,
        -0.007069646846503019,
        0.19987300038337708,
        0.3386312425136566,
        0.01053856685757637,
        0.9998116493225098,
        -0.016297021880745888,
        -0.09173561632633209,
        -0.19972014427185059,
        0.01807413622736931,
        0.9796863198280334,
        1.225131869316101
    ],
    [
        0.9768791198730469,
        -0.004644744098186493,
        0.2137414813041687,
        0.4409167468547821,
        0.009362965822219849,
        0.9997341632843018,
        -0.02106740139424801,
        -0.1173337772488594,
        -0.21358679234981537,
        0.0225815586745739,
        0.9766630530357361,
        1.4211381673812866
    ],
    [
        0.9750638008117676,
        -0.000322262552799657,
        0.2219240814447403,
        0.5534283518791199,
        0.005458863917738199,
        0.9997313022613525,
        -0.022532768547534943,
        -0.14491349458694458,
        -0.22185717523097992,
        0.023182343691587448,
        0.9748035669326782,
        1.668347954750061
    ],
    [
        0.9732052683830261,
        0.003972602542489767,
        0.22990372776985168,
        0.6758791208267212,
        0.0020992960780858994,
        0.9996556639671326,
        -0.026159994304180145,
        -0.17474770545959473,
        -0.22992847859859467,
        0.02594168111681938,
        0.9728617072105408,
        1.8858915567398071
    ],
    [
        0.9719099402427673,
        0.005531515926122665,
        0.2352881282567978,
        0.810064971446991,
        0.000906888919416815,
        0.9996284246444702,
        -0.027246907353401184,
        -0.19745752215385437,
        -0.23535139858722687,
        0.02669491618871689,
        0.9715436100959778,
        2.110591411590576
    ],
    [
        0.9710794687271118,
        0.010891660116612911,
        0.2385081946849823,
        0.9277633428573608,
        -0.003503532614558935,
        0.9995015263557434,
        -0.03137846663594246,
        -0.21306580305099487,
        -0.2387310415506363,
        0.029635358601808548,
        0.9706334471702576,
        2.3088035583496094
    ],
    [
        0.9706043004989624,
        0.013887260109186172,
        0.24028006196022034,
        1.0280184745788574,
        -0.0065373522229492664,
        0.9994868040084839,
        -0.03135903924703598,
        -0.21931388974189758,
        -0.24059225618839264,
        0.028866421431303024,
        0.9701969027519226,
        2.5324034690856934
    ],
    [
        0.969914972782135,
        0.017539076507091522,
        0.2428114414215088,
        1.113723874092102,
        -0.010127455927431583,
        0.999444842338562,
        -0.03173890709877014,
        -0.2396032214164734,
        -0.243233323097229,
        0.028324980288743973,
        0.9695541858673096,
        2.763561964035034
    ],
    [
        0.9697058796882629,
        0.020825473591685295,
        0.2433861792087555,
        1.2318159341812134,
        -0.013609549961984158,
        0.9994176030158997,
        -0.03129218518733978,
        -0.251667320728302,
        -0.24389612674713135,
        0.02703184075653553,
        0.9694245457649231,
        3.0100605487823486
    ],
    [
        0.9697230458259583,
        0.023273611441254616,
        0.24309572577476501,
        1.341683030128479,
        -0.015867602080106735,
        0.9993496537208557,
        -0.0323793962597847,
        -0.27476561069488525,
        -0.24369120597839355,
        0.02754170447587967,
        0.9694616794586182,
        3.203643560409546
    ],
    [
        0.9697820544242859,
        0.026359863579273224,
        0.2425449639558792,
        1.4382133483886719,
        -0.01901334710419178,
        0.9992881417274475,
        -0.032580774277448654,
        -0.28448253870010376,
        -0.2432311326265335,
        0.02698465995490551,
        0.9695929884910583,
        3.4314286708831787
    ],
    [
        0.9708452820777893,
        0.029335685074329376,
        0.2379050999879837,
        1.509724736213684,
        -0.022384440526366234,
        0.9992414116859436,
        -0.031868185847997665,
        -0.33179956674575806,
        -0.23865948617458344,
        0.025613706558942795,
        0.9707654714584351,
        3.6358845233917236
    ],
    [
        0.9740991592407227,
        0.034003421664237976,
        0.22354990243911743,
        1.5774132013320923,
        -0.02785644680261612,
        0.9991435408592224,
        -0.030594337731599808,
        -0.3685744106769562,
        -0.22439879179000854,
        0.02357461117208004,
        0.974212110042572,
        3.831602096557617
    ],
    [
        0.9796029925346375,
        0.03990165516734123,
        0.19694116711616516,
        1.630866527557373,
        -0.035085856914520264,
        0.9989952445030212,
        -0.02788323350250721,
        -0.3996014893054962,
        -0.1978558897972107,
        0.020404649898409843,
        0.9800187349319458,
        3.9985103607177734
    ],
    [
        0.986401379108429,
        0.04819392040371895,
        0.15712964534759521,
        1.6662336587905884,
        -0.04509460926055908,
        0.9987125396728516,
        -0.023232191801071167,
        -0.4168413579463959,
        -0.15804681181907654,
        0.015830568969249725,
        0.9873046278953552,
        4.164725303649902
    ],
    [
        0.9925708770751953,
        0.05688079074025154,
        0.10755202174186707,
        1.6905250549316406,
        -0.05539581552147865,
        0.9983240365982056,
        -0.016747018322348595,
        -0.4432018995285034,
        -0.10832443833351135,
        0.01066465862095356,
        0.99405837059021,
        4.351830005645752
    ],
    [
        0.9959784150123596,
        0.06446865200996399,
        0.06221591308712959,
        1.7095409631729126,
        -0.06389343738555908,
        0.9978940486907959,
        -0.011193567886948586,
        -0.45835334062576294,
        -0.06280627846717834,
        0.007173359859734774,
        0.997999906539917,
        4.504830360412598
    ],
    [
        0.9973348379135132,
        0.07279027998447418,
        0.004987478721886873,
        1.7531285285949707,
        -0.07277499884366989,
        0.9973433017730713,
        -0.003177603241056204,
        -0.47350630164146423,
        -0.0052053979597985744,
        0.0028061699122190475,
        0.999982476234436,
        4.685829162597656
    ],
    [
        0.9956181645393372,
        0.08052389323711395,
        -0.047542985528707504,
        1.797155737876892,
        -0.08043940365314484,
        0.9967527389526367,
        0.003690703073516488,
        -0.48772868514060974,
        0.04768586903810501,
        0.0001498017372796312,
        0.9988623261451721,
        4.839181900024414
    ],
    [
        0.9907816052436829,
        0.08921835571527481,
        -0.10194046050310135,
        1.8272404670715332,
        -0.08848726749420166,
        0.9960088729858398,
        0.011680511757731438,
        -0.4821625053882599,
        0.10257592052221298,
        -0.0025523798540234566,
        0.9947218894958496,
        5.02274751663208
    ],
    [
        0.983868420124054,
        0.09632917493581772,
        -0.1507432758808136,
        1.8314182758331299,
        -0.09467459470033646,
        0.9953430891036987,
        0.018131546676158905,
        -0.4990807771682739,
        0.15178796648979187,
        -0.0035675072576850653,
        0.9884065985679626,
        5.206562519073486
    ]
]