[
    [
        0.9991532564163208,
        -0.004349573515355587,
        0.04091385751962662,
        -0.02192390151321888,
        0.004410300403833389,
        0.9999892115592957,
        -0.0013941059587523341,
        -0.053075239062309265,
        -0.0409073568880558,
        0.0015733677428215742,
        0.9991617202758789,
        0.5950238704681396
    ],
    [
        0.9978594183921814,
        -0.0066827693954110146,
        0.0650537982583046,
        -0.030918234959244728,
        0.006848271004855633,
        0.9999738931655884,
        -0.002321424428373575,
        -0.06771158427000046,
        -0.0650365874171257,
        0.0027619621250778437,
        0.997879147529602,
        0.8347159624099731
    ],
    [
        0.9964997172355652,
        -0.009796267375349998,
        0.0830204039812088,
        0.011647657491266727,
        0.010006721131503582,
        0.999947726726532,
        -0.0021192256826907396,
        -0.07726245373487473,
        -0.08299530297517776,
        0.0029425709508359432,
        0.9965454936027527,
        1.105368733406067
    ],
    [
        0.9952342510223389,
        -0.011619867756962776,
        0.09681718051433563,
        0.08796990662813187,
        0.011943218298256397,
        0.999924898147583,
        -0.002760933944955468,
        -0.10364944487810135,
        -0.09677781164646149,
        0.00390408537350595,
        0.9952983856201172,
        1.337874174118042
    ],
    [
        0.9933583736419678,
        -0.013208642601966858,
        0.11429998278617859,
        0.15587133169174194,
        0.013716807588934898,
        0.99989914894104,
        -0.0036605068016797304,
        -0.1370755434036255,
        -0.11424010246992111,
        0.0052040270529687405,
        0.9934394955635071,
        1.5305335521697998
    ],
    [
        0.9906508922576904,
        -0.014677587896585464,
        0.1356300413608551,
        0.1954711526632309,
        0.015341617166996002,
        0.9998748898506165,
        -0.0038518933579325676,
        -0.16874729096889496,
        -0.13555653393268585,
        0.005896665621548891,
        0.9907521605491638,
        1.7095423936843872
    ],
    [
        0.9864362478256226,
        -0.016065267845988274,
        0.1633569896221161,
        0.21993152797222137,
        0.01685713604092598,
        0.9998518824577332,
        -0.003462358843535185,
        -0.20350468158721924,
        -0.16327717900276184,
        0.006169124972075224,
        0.9865610599517822,
        1.9075312614440918
    ],
    [
        0.9808311462402344,
        -0.0182627122849226,
        0.19400210678577423,
        0.2428000122308731,
        0.01938767544925213,
        0.9998043775558472,
        -0.0039014695212244987,
        -0.2539158761501312,
        -0.19389289617538452,
        0.007587931118905544,
        0.980993390083313,
        2.0607879161834717
    ],
    [
        0.9756348729133606,
        -0.01998147927224636,
        0.2184889018535614,
        0.25928860902786255,
        0.021335115656256676,
        0.9997650384902954,
        -0.0038377144373953342,
        -0.3019799292087555,
        -0.21836090087890625,
        0.008405693806707859,
        0.9758319854736328,
        2.175407648086548
    ],
    [
        0.9718502163887024,
        -0.021660801023244858,
        0.2346019148826599,
        0.2949017286300659,
        0.022853298112750053,
        0.9997360706329346,
        -0.0023652745876461267,
        -0.3663245737552643,
        -0.23448874056339264,
        0.007660118862986565,
        0.9720886945724487,
        2.3293333053588867
    ],
    [
        0.9702987670898438,
        -0.02240021526813507,
        0.2408701479434967,
        0.3370945155620575,
        0.023651883006095886,
        0.999717652797699,
        -0.002306257840245962,
        -0.4338471591472626,
        -0.24075046181678772,
        0.00793478824198246,
        0.9705545902252197,
        2.4789369106292725
    ],
    [
        0.9698987603187561,
        -0.02271479181945324,
        0.24244697391986847,
        0.38221076130867004,
        0.024039998650550842,
        0.9997078776359558,
        -0.002508611883968115,
        -0.4914173483848572,
        -0.24231913685798645,
        0.008261523209512234,
        0.9701613783836365,
        2.6202077865600586
    ],
    [
        0.9697145223617554,
        -0.022274360060691833,
        0.24322327971458435,
        0.4144810438156128,
        0.02358047291636467,
        0.9997189044952393,
        -0.002459585899487138,
        -0.5291944742202759,
        -0.2431000918149948,
        0.008120411075651646,
        0.9699673652648926,
        2.738542318344116
    ],
    [
        0.9695674777030945,
        -0.02239103429019451,
        0.24379800260066986,
        0.4477939009666443,
        0.023466482758522034,
        0.9997234344482422,
        -0.0015073800459504128,
        -0.548119068145752,
        -0.24369685351848602,
        0.007182593457400799,
        0.9698247313499451,
        2.8909947872161865
    ],
    [
        0.9701535105705261,
        -0.02227809838950634,
        0.241466224193573,
        0.48454007506370544,
        0.023107197135686874,
        0.9997327923774719,
        -0.0006020733271725476,
        -0.5812132954597473,
        -0.24138830602169037,
        0.006163716781884432,
        0.9704090356826782,
        3.0719802379608154
    ],
    [
        0.9713793992996216,
        -0.021467160433530807,
        0.23656105995178223,
        0.502195417881012,
        0.022409968078136444,
        0.9997479915618896,
        -0.001297040726058185,
        -0.6113289594650269,
        -0.23647360503673553,
        0.006561249028891325,
        0.9716157913208008,
        3.2027950286865234
    ],
    [
        0.9726096987724304,
        -0.020999101921916008,
        0.23149386048316956,
        0.5162586569786072,
        0.021946603432297707,
        0.9997579455375671,
        -0.0015182087663561106,
        -0.6369393467903137,
        -0.23140595853328705,
        0.006557130720466375,
        0.972835123538971,
        3.336560010910034
    ],
    [
        0.9732810854911804,
        -0.02053712122142315,
        0.22869645059108734,
        0.521828830242157,
        0.021223584190011024,
        0.9997746348381042,
        -0.0005422872491180897,
        -0.6728115081787109,
        -0.22863376140594482,
        0.005381556693464518,
        0.9734976291656494,
        3.5001323223114014
    ],
    [
        0.9740087985992432,
        -0.02009955421090126,
        0.22561657428741455,
        0.5108344554901123,
        0.020556403324007988,
        0.9997887015342712,
        0.0003244036342948675,
        -0.7210965752601624,
        -0.22557541728019714,
        0.00432189553976059,
        0.9742159843444824,
        3.7101879119873047
    ],
    [
        0.9744358658790588,
        -0.019598403945565224,
        0.2238098531961441,
        0.49320048093795776,
        0.020170774310827255,
        0.9997965693473816,
        -0.0002712492423597723,
        -0.7615990042686462,
        -0.2237589955329895,
        0.004778726492077112,
        0.9746328592300415,
        3.8870790004730225
    ],
    [
        0.9745314121246338,
        -0.018951496109366417,
        0.22344861924648285,
        0.42655691504478455,
        0.01953786425292492,
        0.9998090863227844,
        -0.0004134640039410442,
        -0.778394877910614,
        -0.2233980894088745,
        0.004768638405948877,
        0.9747155904769897,
        4.062199592590332
    ],
    [
        0.974560558795929,
        -0.017720207571983337,
        0.22342295944690704,
        0.29510343074798584,
        0.01823745295405388,
        0.9998336434364319,
        -0.00025172095047309995,
        -0.8073365688323975,
        -0.22338135540485382,
        0.004319988191127777,
        0.9747214317321777,
        4.2822089195251465
    ],
    [
        0.9745822548866272,
        -0.01752525568008423,
        0.2233436107635498,
        0.17521120607852936,
        0.01821879670023918,
        0.9998335242271423,
        -0.0010449346154928207,
        -0.8269617557525635,
        -0.22328811883926392,
        0.005087430588901043,
        0.9747392535209656,
        4.449603080749512
    ],
    [
        0.9744207859039307,
        -0.01844395138323307,
        0.22397315502166748,
        0.07460509240627289,
        0.01939680054783821,
        0.9998098015785217,
        -0.0020547255408018827,
        -0.8252096176147461,
        -0.22389262914657593,
        0.006346523761749268,
        0.9745932221412659,
        4.588498592376709
    ],
    [
        0.9740663766860962,
        -0.01918715424835682,
        0.22544744610786438,
        -0.008923018351197243,
        0.019979991018772125,
        0.9997996687889099,
        -0.001235481700859964,
        -0.807820200920105,
        -0.22537842392921448,
        0.005707868374884129,
        0.9742546677589417,
        4.768364429473877
    ]
]