[
    [
        0.8725554347038269,
        -0.1412508189678192,
        0.4676486551761627,
        0.8448488116264343,
        0.18931527435779572,
        0.980251669883728,
        -0.05715123936533928,
        0.11935918778181076,
        -0.45034074783325195,
        0.13840065896511078,
        0.882064938545227,
        0.012041222304105759
    ],
    [
        0.870357096195221,
        -0.14160846173763275,
        0.4716200828552246,
        0.8468042612075806,
        0.1903281807899475,
        0.9800660610198975,
        -0.056969258934259415,
        0.11399445682764053,
        -0.4541515111923218,
        0.13934621214866638,
        0.879959762096405,
        0.02248254604637623
    ],
    [
        0.8673315644264221,
        -0.14140824973583221,
        0.4772207736968994,
        0.8591544032096863,
        0.19190488755702972,
        0.9796690940856934,
        -0.058488354086875916,
        0.10794109106063843,
        -0.45924773812294006,
        0.14230979979038239,
        0.8768349289894104,
        0.04822766035795212
    ],
    [
        0.864246666431427,
        -0.14029718935489655,
        0.4831089973449707,
        0.8707051277160645,
        0.1928112804889679,
        0.9793682098388672,
        -0.060511987656354904,
        0.10203513503074646,
        -0.4646519422531128,
        0.14544615149497986,
        0.8734667897224426,
        0.07800109684467316
    ],
    [
        0.8611970543861389,
        -0.14021781086921692,
        0.4885473847389221,
        0.8812265396118164,
        0.19357068836688995,
        0.9792395234107971,
        -0.06016959995031357,
        0.08781357109546661,
        -0.4699680209159851,
        0.14638632535934448,
        0.8704603314399719,
        0.10790609568357468
    ],
    [
        0.859774112701416,
        -0.13938795030117035,
        0.49128350615501404,
        0.886504054069519,
        0.19376376271247864,
        0.9791314601898193,
        -0.06129647418856621,
        0.0839623361825943,
        -0.47248712182044983,
        0.14789406955242157,
        0.8688401579856873,
        0.12429532408714294
    ],
    [
        0.8580357432365417,
        -0.1392689347267151,
        0.49434688687324524,
        0.9041964411735535,
        0.19467216730117798,
        0.9788998365402222,
        -0.0621129646897316,
        0.07129357010126114,
        -0.47526565194129944,
        0.14953069388866425,
        0.8670428395271301,
        0.15873029828071594
    ],
    [
        0.8556283116340637,
        -0.13867513835430145,
        0.49866753816604614,
        0.9173374772071838,
        0.19548474252223969,
        0.9786642789840698,
        -0.06326036900281906,
        0.057482510805130005,
        -0.4792555868625641,
        0.15160927176475525,
        0.8644818663597107,
        0.19868500530719757
    ],
    [
        0.8532043099403381,
        -0.13701805472373962,
        0.5032578706741333,
        0.9284464120864868,
        0.19524545967578888,
        0.9786266684532166,
        -0.06456877291202545,
        0.04218811169266701,
        -0.4836544394493103,
        0.1533491611480713,
        0.861720621585846,
        0.23974749445915222
    ],
    [
        0.852124810218811,
        -0.13574659824371338,
        0.505426824092865,
        0.9471386075019836,
        0.19538597762584686,
        0.9784612059593201,
        -0.06661789119243622,
        0.02794802561402321,
        -0.485497385263443,
        0.15552008152008057,
        0.8602941036224365,
        0.2838194668292999
    ],
    [
        0.8513751029968262,
        -0.13415171205997467,
        0.5071132183074951,
        0.953303337097168,
        0.19482146203517914,
        0.9784622192382812,
        -0.06823676079511642,
        0.022234106436371803,
        -0.48703697323799133,
        0.1568915992975235,
        0.8591740131378174,
        0.3064413070678711
    ],
    [
        0.8503807187080383,
        -0.13274148106575012,
        0.5091486573219299,
        0.9711737036705017,
        0.19433534145355225,
        0.9784713983535767,
        -0.06947927176952362,
        0.0037988913245499134,
        -0.48896461725234985,
        0.15802940726280212,
        0.8578696250915527,
        0.3537391722202301
    ],
    [
        0.8488521575927734,
        -0.13128770887851715,
        0.512067973613739,
        0.9854660034179688,
        0.19415995478630066,
        0.9783964157104492,
        -0.07100948691368103,
        -0.015216407366096973,
        -0.49168282747268677,
        0.15969964861869812,
        0.8560047149658203,
        0.4051435589790344
    ],
    [
        0.8478485941886902,
        -0.12872572243213654,
        0.5143757462501526,
        1.002190113067627,
        0.1946653574705124,
        0.9779101014137268,
        -0.07614002376794815,
        -0.026155764237046242,
        -0.4932120144367218,
        0.16468635201454163,
        0.854178249835968,
        0.4606598913669586
    ],
    [
        0.84592205286026,
        -0.12550042569637299,
        0.5183295607566833,
        1.012288212776184,
        0.1938551962375641,
        0.977793276309967,
        -0.07962679117918015,
        -0.04253524914383888,
        -0.4968259632587433,
        0.1678389459848404,
        0.8514658212661743,
        0.5175016522407532
    ],
    [
        0.8457024693489075,
        -0.126264750957489,
        0.5185022950172424,
        1.0213955640792847,
        0.1945449560880661,
        0.9776887893676758,
        -0.07922732084989548,
        -0.055469054728746414,
        -0.49693018198013306,
        0.16787472367286682,
        0.8513979911804199,
        0.5440416932106018
    ],
    [
        0.8444409966468811,
        -0.12258800864219666,
        0.5214321613311768,
        1.0332756042480469,
        0.19392144680023193,
        0.9773913621902466,
        -0.08426554501056671,
        -0.06933435797691345,
        -0.4993133544921875,
        0.1722741723060608,
        0.8491216897964478,
        0.6033350229263306
    ],
    [
        0.8447684049606323,
        -0.12133301049470901,
        0.5211954116821289,
        1.0508774518966675,
        0.19542616605758667,
        0.9766356945037842,
        -0.08939389884471893,
        -0.08338906615972519,
        -0.4981715977191925,
        0.17737236618995667,
        0.8487427234649658,
        0.6557719707489014
    ],
    [
        0.8434392213821411,
        -0.12013277411460876,
        0.5236204862594604,
        1.0609581470489502,
        0.1966191977262497,
        0.9760810732841492,
        -0.09277142584323883,
        -0.10267080366611481,
        -0.4999511241912842,
        0.18120090663433075,
        0.8468854427337646,
        0.7102218866348267
    ],
    [
        0.844515323638916,
        -0.11883047223091125,
        0.5221810936927795,
        1.0819021463394165,
        0.1983320266008377,
        0.9751373529434204,
        -0.09885154664516449,
        -0.11820363253355026,
        -0.49745169281959534,
        0.1870468705892563,
        0.8470863699913025,
        0.7638234496116638
    ],
    [
        0.8442354798316956,
        -0.11804471164941788,
        0.5228114724159241,
        1.0884819030761719,
        0.19823294878005981,
        0.9750452041625977,
        -0.09995255619287491,
        -0.13068443536758423,
        -0.4979659914970398,
        0.1880219727754593,
        0.84656822681427,
        0.791739284992218
    ],
    [
        0.8444572687149048,
        -0.11477255821228027,
        0.523181676864624,
        1.1056090593338013,
        0.19898545742034912,
        0.9740898609161377,
        -0.10748834908008575,
        -0.14536434412002563,
        -0.4972892701625824,
        0.19487488269805908,
        0.8454154133796692,
        0.8503820300102234
    ],
    [
        0.8438665866851807,
        -0.11221452802419662,
        0.5246875882148743,
        1.1207044124603271,
        0.19918207824230194,
        0.9735248684883118,
        -0.11214194446802139,
        -0.16750769317150116,
        -0.4982124865055084,
        0.1991412192583084,
        0.843876302242279,
        0.9098479747772217
    ],
    [
        0.8431535959243774,
        -0.11132726818323135,
        0.5260210633277893,
        1.1361162662506104,
        0.20145663619041443,
        0.9724727869033813,
        -0.11709826439619064,
        -0.1889898031949997,
        -0.49850496649742126,
        0.2047022432088852,
        0.8423715233802795,
        0.9673532843589783
    ],
    [
        0.8410018682479858,
        -0.11041814833879471,
        0.5296448469161987,
        1.1454862356185913,
        0.20286019146442413,
        0.9718887805938721,
        -0.11949826031923294,
        -0.21660947799682617,
        -0.5015611052513123,
        0.20794212818145752,
        0.8397598266601562,
        1.0265527963638306
    ]
]