[
    [
        0.999711811542511,
        0.005886555649340153,
        -0.023272845894098282,
        -0.0738244354724884,
        -0.007766538765281439,
        0.9966403245925903,
        -0.0815337523818016,
        -0.00047003693180158734,
        0.022714704275131226,
        0.08169100433588028,
        0.9963988065719604,
        -0.020774146541953087
    ],
    [
        0.9996268153190613,
        0.006202555727213621,
        -0.026604320853948593,
        -0.07911024987697601,
        -0.008544191718101501,
        0.9960104823112488,
        -0.08882744610309601,
        -0.0012335337232798338,
        0.025947222486138344,
        0.08902161568403244,
        0.99569171667099,
        -0.020680466666817665
    ],
    [
        0.9994610548019409,
        0.007060496602207422,
        -0.032057493925094604,
        -0.08787334710359573,
        -0.010269283317029476,
        0.994827151298523,
        -0.1010613664984703,
        -0.002240237081423402,
        0.031178126111626625,
        0.10133611410856247,
        0.99436354637146,
        -0.021107321605086327
    ],
    [
        0.9993530511856079,
        0.0073095690459012985,
        -0.0352158397436142,
        -0.0934821218252182,
        -0.011081274598836899,
        0.9940751791000366,
        -0.10812874138355255,
        -0.002930251182988286,
        0.03421681001782417,
        0.10844901949167252,
        0.9935129284858704,
        -0.020963208749890327
    ],
    [
        0.9991762042045593,
        0.007828864268958569,
        -0.03981940075755119,
        -0.10114806890487671,
        -0.012460914440453053,
        0.9930012226104736,
        -0.11744467914104462,
        -0.0038481191731989384,
        0.03862126171588898,
        0.1178441271185875,
        0.9922807812690735,
        -0.021062452346086502
    ],
    [
        0.9989914894104004,
        0.008079685270786285,
        -0.04416760057210922,
        -0.1088133156299591,
        -0.013659617863595486,
        0.9917401671409607,
        -0.12753455340862274,
        -0.004610494244843721,
        0.042772337794303894,
        0.12800921499729156,
        0.9908502101898193,
        -0.021189237013459206
    ],
    [
        0.9988501071929932,
        0.007901295088231564,
        -0.047287773340940475,
        -0.1145651713013649,
        -0.014221655204892159,
        0.990763247013092,
        -0.13485489785671234,
        -0.00516786053776741,
        0.045785464346408844,
        0.1353723257780075,
        0.9897364377975464,
        -0.021282274276018143
    ],
    [
        0.9986211061477661,
        0.008050668984651566,
        -0.05187556520104408,
        -0.12173691391944885,
        -0.015489913523197174,
        0.9893624186515808,
        -0.14464470744132996,
        -0.006090126000344753,
        0.05015924945473671,
        0.14524881541728973,
        0.9881228804588318,
        -0.0216269101947546
    ],
    [
        0.9983791708946228,
        0.008053618483245373,
        -0.05633915215730667,
        -0.12940099835395813,
        -0.016695475205779076,
        0.9878283143043518,
        -0.1546495258808136,
        -0.006886645685881376,
        0.05440792068839073,
        0.15533949434757233,
        0.9863617420196533,
        -0.021811867132782936
    ],
    [
        0.9981779456138611,
        0.008141585625708103,
        -0.059786535799503326,
        -0.13529075682163239,
        -0.01775858923792839,
        0.9866082668304443,
        -0.16213811933994293,
        -0.00756795471534133,
        0.05766582861542702,
        0.16290444135665894,
        0.9849552512168884,
        -0.021778058260679245
    ],
    [
        0.9978611469268799,
        0.008056631311774254,
        -0.06487058848142624,
        -0.142837792634964,
        -0.019130337983369827,
        0.9849204421043396,
        -0.17194661498069763,
        -0.008547091856598854,
        0.06250706315040588,
        0.1728198528289795,
        0.9829680323600769,
        -0.02204064093530178
    ],
    [
        0.9976108074188232,
        0.0077146501280367374,
        -0.06865241378545761,
        -0.14832338690757751,
        -0.019945276901125908,
        0.9835917353630066,
        -0.17930260300636292,
        -0.008956246078014374,
        0.06614270061254501,
        0.18024350702762604,
        0.9813956618309021,
        -0.022397421300411224
    ],
    [
        0.99724280834198,
        0.007235032971948385,
        -0.07385329157114029,
        -0.1556662619113922,
        -0.021099377423524857,
        0.9818035960197449,
        -0.1887231171131134,
        -0.00968556385487318,
        0.07114400714635849,
        0.18976105749607086,
        0.9792492985725403,
        -0.022669455036520958
    ],
    [
        0.9968331456184387,
        0.0067184846848249435,
        -0.0792367160320282,
        -0.16295374929904938,
        -0.02228759229183197,
        0.9800926446914673,
        -0.1972857266664505,
        -0.010262362658977509,
        0.07633385807275772,
        0.1984269618988037,
        0.9771386384963989,
        -0.022839000448584557
    ],
    [
        0.996517539024353,
        0.006476623937487602,
        -0.08313240110874176,
        -0.1684724986553192,
        -0.023282436653971672,
        0.978938639163971,
        -0.2028227001428604,
        -0.010709099471569061,
        0.08006791770458221,
        0.20405186712741852,
        0.9756802320480347,
        -0.022849392145872116
    ],
    [
        0.9960777163505554,
        0.006205861456692219,
        -0.08826544880867004,
        -0.17592643201351166,
        -0.0244893915951252,
        0.9779055714607239,
        -0.207607701420784,
        -0.01085596438497305,
        0.08502689749002457,
        0.20895496010780334,
        0.9742218255996704,
        -0.022587571293115616
    ],
    [
        0.9955970048904419,
        0.006348018534481525,
        -0.09352166205644608,
        -0.18295268714427948,
        -0.02606920152902603,
        0.9770950675010681,
        -0.2112002670764923,
        -0.011062856763601303,
        0.09003885835409164,
        0.21270838379859924,
        0.9729583859443665,
        -0.022246673703193665
    ],
    [
        0.9952322244644165,
        0.006223134230822325,
        -0.09733498096466064,
        -0.1880340874195099,
        -0.027069756761193275,
        0.9763799905776978,
        -0.21435818076133728,
        -0.011359697207808495,
        0.09370194375514984,
        0.21597102284431458,
        0.9718932509422302,
        -0.022148458287119865
    ],
    [
        0.9947314858436584,
        0.005907716695219278,
        -0.10234525799751282,
        -0.19444899260997772,
        -0.02825489267706871,
        0.9754698872566223,
        -0.2183123081922531,
        -0.011724039912223816,
        0.09854498505592346,
        0.22005386650562286,
        0.9704974293708801,
        -0.021890591830015182
    ],
    [
        0.994378924369812,
        0.00579841760918498,
        -0.10572125017642975,
        -0.1992180198431015,
        -0.029161356389522552,
        0.974880039691925,
        -0.22081349790096283,
        -0.011984128504991531,
        0.10178516805171967,
        0.22265523672103882,
        0.969569206237793,
        -0.02134120836853981
    ],
    [
        0.9939669370651245,
        0.00576074980199337,
        -0.10952861607074738,
        -0.2058495581150055,
        -0.03036876954138279,
        0.9740318059921265,
        -0.22436510026454926,
        -0.01228867843747139,
        0.10539184510707855,
        0.2263377606868744,
        0.968330442905426,
        -0.020866714417934418
    ],
    [
        0.9936177134513855,
        0.005513750948011875,
        -0.11266427487134933,
        -0.21274910867214203,
        -0.03126171976327896,
        0.9731402397155762,
        -0.22808068990707397,
        -0.012750372290611267,
        0.10838057100772858,
        0.230147123336792,
        0.9671018719673157,
        -0.02038743533194065
    ],
    [
        0.9933976531028748,
        0.005523137282580137,
        -0.11458960175514221,
        -0.21783189475536346,
        -0.03202420473098755,
        0.9724858999252319,
        -0.23075038194656372,
        -0.013079754076898098,
        0.11016230285167694,
        0.23289649188518524,
        0.9662418961524963,
        -0.020414000377058983
    ],
    [
        0.9931865334510803,
        0.0053830258548259735,
        -0.11641139537096024,
        -0.22470331192016602,
        -0.032689593732357025,
        0.9716951847076416,
        -0.23396509885787964,
        -0.013359776698052883,
        0.11185696721076965,
        0.23617641627788544,
        0.9652506113052368,
        -0.020059870555996895
    ],
    [
        0.9930007457733154,
        0.005147452466189861,
        -0.11799557507038116,
        -0.2323686182498932,
        -0.033203769475221634,
        0.9709241986274719,
        -0.23707318305969238,
        -0.013696405105292797,
        0.11334444582462311,
        0.23933176696300507,
        0.9642994999885559,
        -0.019523922353982925
    ]
]