[
    [
        0.9974859952926636,
        -0.014499225653707981,
        0.06936515122652054,
        0.012757200747728348,
        0.014738354831933975,
        0.9998870491981506,
        -0.0029368149116635323,
        -0.027995094656944275,
        -0.06931474804878235,
        0.003951759543269873,
        0.9975869655609131,
        0.23408634960651398
    ],
    [
        0.9953054785728455,
        -0.019310545176267624,
        0.0948377475142479,
        0.0528075285255909,
        0.019696418195962906,
        0.9998011589050293,
        -0.0031342797446995974,
        -0.04869435727596283,
        -0.09475836157798767,
        0.004987529944628477,
        0.9954878687858582,
        0.37980711460113525
    ],
    [
        0.9917887449264526,
        -0.023225488141179085,
        0.12576021254062653,
        0.07867731153964996,
        0.023583775386214256,
        0.9997209310531616,
        -0.00136065692640841,
        -0.0717696100473404,
        -0.12569351494312286,
        0.004315384663641453,
        0.9920597076416016,
        0.5290623307228088
    ],
    [
        0.987102210521698,
        -0.02620895393192768,
        0.15793126821517944,
        0.0969892218708992,
        0.0262572281062603,
        0.9996535778045654,
        0.0017812178703024983,
        -0.0959792509675026,
        -0.15792325139045715,
        0.0023885928094387054,
        0.987448513507843,
        0.6779550909996033
    ],
    [
        0.9831017255783081,
        -0.028713364154100418,
        0.18079420924186707,
        0.15298406779766083,
        0.0283711776137352,
        0.9995874166488647,
        0.004478929098695517,
        -0.12049145251512527,
        -0.18084824085235596,
        0.0007261016871780157,
        0.9835107326507568,
        0.8568424582481384
    ],
    [
        0.9799972772598267,
        -0.03254217654466629,
        0.19633197784423828,
        0.21638767421245575,
        0.03183291479945183,
        0.9994702935218811,
        0.006767966318875551,
        -0.13968586921691895,
        -0.1964482218027115,
        -0.0003827699110843241,
        0.9805141091346741,
        0.9933751225471497
    ],
    [
        0.9774768948554993,
        -0.03412832319736481,
        0.20826488733291626,
        0.29222288727760315,
        0.03260176256299019,
        0.9994104504585266,
        0.010759077034890652,
        -0.16549547016620636,
        -0.20850931107997894,
        -0.0037269454915076494,
        0.9780133366584778,
        1.1567360162734985
    ],
    [
        0.9759860038757324,
        -0.03166532143950462,
        0.21551953256130219,
        0.3672047555446625,
        0.03010319173336029,
        0.9994913935661316,
        0.010527676902711391,
        -0.1823720484972,
        -0.2157432734966278,
        -0.0037870362866669893,
        0.9764427542686462,
        1.2984026670455933
    ],
    [
        0.9755864143371582,
        -0.032370973378419876,
        0.21721681952476501,
        0.4454256594181061,
        0.030458394438028336,
        0.9994623064994812,
        0.012148069217801094,
        -0.2065567523241043,
        -0.2174932360649109,
        -0.005235419142991304,
        0.9760478734970093,
        1.437088966369629
    ],
    [
        0.9772852659225464,
        -0.030949074774980545,
        0.20965616405010223,
        0.5431459546089172,
        0.02933311276137829,
        0.999511182308197,
        0.010813542641699314,
        -0.2307121306657791,
        -0.20988833904266357,
        -0.004418047145009041,
        0.9777154326438904,
        1.5831475257873535
    ],
    [
        0.9801642298698425,
        -0.02668837457895279,
        0.1963815987110138,
        0.6217858791351318,
        0.02530675195157528,
        0.9996341466903687,
        0.00954183004796505,
        -0.2559831738471985,
        -0.1965644359588623,
        -0.004382781218737364,
        0.9804810881614685,
        1.7180087566375732
    ],
    [
        0.9843560457229614,
        -0.019818684086203575,
        0.17507235705852509,
        0.6932525634765625,
        0.01927689090371132,
        0.9998026490211487,
        0.00479485746473074,
        -0.2750503122806549,
        -0.1751328557729721,
        -0.0013449953403323889,
        0.9845438599586487,
        1.8607937097549438
    ],
    [
        0.9886115193367004,
        -0.008412566035985947,
        0.15025478601455688,
        0.7567898035049438,
        0.008220063522458076,
        0.9999644160270691,
        0.0019022122723981738,
        -0.30527037382125854,
        -0.15026544034481049,
        -0.0006454447866417468,
        0.9886454343795776,
        2.0335500240325928
    ],
    [
        0.9923726916313171,
        -0.0045327781699597836,
        0.1231909766793251,
        0.8184188008308411,
        0.005109072662889957,
        0.9999774694442749,
        -0.004362558014690876,
        -0.3265700936317444,
        -0.12316841632127762,
        0.004958674777299166,
        0.9923734068870544,
        2.153531074523926
    ],
    [
        0.99541175365448,
        0.0031520782504230738,
        0.09563104808330536,
        0.9029343724250793,
        -0.002268326235935092,
        0.9999537467956543,
        -0.009348577819764614,
        -0.35588961839675903,
        -0.09565607458353043,
        0.009088760241866112,
        0.9953729510307312,
        2.2964227199554443
    ],
    [
        0.9965066909790039,
        0.0084579112008214,
        0.08308368176221848,
        0.9570871591567993,
        -0.00726072583347559,
        0.9998655915260315,
        -0.014700965024530888,
        -0.37993159890174866,
        -0.08319687843322754,
        0.014046366326510906,
        0.996434211730957,
        2.423381805419922
    ],
    [
        0.9971094131469727,
        0.008836810477077961,
        0.07546424865722656,
        1.0116938352584839,
        -0.007273707073181868,
        0.9997538328170776,
        -0.020962953567504883,
        -0.39701569080352783,
        -0.07563090324401855,
        0.020353449508547783,
        0.9969280362129211,
        2.573235273361206
    ],
    [
        0.9974226355552673,
        0.006748761981725693,
        0.07143066078424454,
        1.059444546699524,
        -0.005228397436439991,
        0.9997562170028687,
        -0.021450094878673553,
        -0.42344120144844055,
        -0.07155800610780716,
        0.021021345630288124,
        0.9972148537635803,
        2.710066795349121
    ],
    [
        0.9975289106369019,
        0.0031320899724960327,
        0.07018718123435974,
        1.104488492012024,
        -0.0016578345093876123,
        0.9997770190238953,
        -0.021053042262792587,
        -0.4523465633392334,
        -0.07023746520280838,
        0.020884662866592407,
        0.9973116517066956,
        2.859693765640259
    ],
    [
        0.9970646500587463,
        0.0005604298785328865,
        0.07656226307153702,
        1.1371536254882812,
        0.001002287957817316,
        0.9997919797897339,
        -0.02037111669778824,
        -0.4826973080635071,
        -0.07655776292085648,
        0.020388055592775345,
        0.996856689453125,
        3.016606569290161
    ],
    [
        0.9959852695465088,
        -0.0015887478366494179,
        0.0895024910569191,
        1.1620826721191406,
        0.003628678387030959,
        0.9997372031211853,
        -0.022633779793977737,
        -0.5008686780929565,
        -0.08944302052259445,
        0.022867687046527863,
        0.9957294464111328,
        3.1727278232574463
    ],
    [
        0.9936564564704895,
        -0.004020385909825563,
        0.1123863086104393,
        1.1665825843811035,
        0.0066968295723199844,
        0.9997026920318604,
        -0.02344733104109764,
        -0.5284832119941711,
        -0.11225861310958862,
        0.024051222950220108,
        0.9933878183364868,
        3.346430540084839
    ],
    [
        0.9919792413711548,
        -0.00870516151189804,
        0.1261007934808731,
        1.1869735717773438,
        0.011897941119968891,
        0.999626874923706,
        -0.024588236585259438,
        -0.551137387752533,
        -0.1258396953344345,
        0.025891363620758057,
        0.9917125701904297,
        3.4994800090789795
    ],
    [
        0.9898563623428345,
        -0.014119276776909828,
        0.14136850833892822,
        1.206583023071289,
        0.01753927767276764,
        0.9995822310447693,
        -0.02297535352408886,
        -0.583579957485199,
        -0.14098505675792694,
        0.025221802294254303,
        0.989690363407135,
        3.67638897895813
    ],
    [
        0.9876242280006409,
        -0.018831297755241394,
        0.15570443868637085,
        1.2281486988067627,
        0.022257406264543533,
        0.999546468257904,
        -0.020289715379476547,
        -0.612189769744873,
        -0.15525169670581818,
        0.023504186421632767,
        0.9875953197479248,
        3.852616310119629
    ]
]