[
    [
        0.9999972581863403,
        0.002206156961619854,
        0.0007463317015208304,
        0.0018429611809551716,
        -0.0022075960878282785,
        0.9999956488609314,
        0.0019343325402587652,
        -0.0879681333899498,
        -0.0007420613546855748,
        -0.0019359742291271687,
        0.9999978542327881,
        -0.09526678174734116
    ],
    [
        0.9999972581863403,
        0.0021594574209302664,
        0.0008944149012677372,
        0.0012277363566681743,
        -0.002161146141588688,
        0.9999958276748657,
        0.0018922222079709172,
        -0.08927006274461746,
        -0.000890325172804296,
        -0.0018941496964544058,
        0.9999978542327881,
        -0.09675149619579315
    ],
    [
        0.999997615814209,
        0.0020675375126302242,
        0.0007002694765105844,
        0.0015707627171650529,
        -0.0020688464865088463,
        0.9999961256980896,
        0.0018730878364294767,
        -0.09064780920743942,
        -0.0006963936612010002,
        -0.0018745324341580272,
        0.9999980926513672,
        -0.09814224392175674
    ],
    [
        0.9999973773956299,
        0.002214248524978757,
        0.000607663590926677,
        0.0016172074247151613,
        -0.0022154103498905897,
        0.9999957084655762,
        0.0019171378808096051,
        -0.09306638687849045,
        -0.000603416352532804,
        -0.001918479218147695,
        0.9999979734420776,
        -0.10110863298177719
    ],
    [
        0.9999978542327881,
        0.00204021786339581,
        0.0003026930207852274,
        0.002165835816413164,
        -0.0020407047122716904,
        0.9999966621398926,
        0.0016155039193108678,
        -0.09399327635765076,
        -0.0002993960224557668,
        -0.0016161174280568957,
        0.9999986886978149,
        -0.10278837382793427
    ],
    [
        0.9999980926513672,
        0.001980813452973962,
        0.00013417599257081747,
        0.0020790137350559235,
        -0.0019810576923191547,
        0.9999963641166687,
        0.0018474679673090577,
        -0.09690582752227783,
        -0.00013051604037173092,
        -0.0018477302510291338,
        0.9999983310699463,
        -0.10572963953018188
    ],
    [
        0.999998152256012,
        0.0019379867007955909,
        0.00036846479633823037,
        0.0016582231037318707,
        -0.0019386968342587352,
        0.9999962449073792,
        0.0019351975060999393,
        -0.09828934073448181,
        -0.00036471328348852694,
        -0.0019359085708856583,
        0.9999980926513672,
        -0.10723546892404556
    ],
    [
        0.9999980330467224,
        0.001994950231164694,
        5.749712363467552e-05,
        0.0021650949493050575,
        -0.001995043596252799,
        0.9999966621398926,
        0.001658151624724269,
        -0.10027041286230087,
        -5.418887303676456e-05,
        -0.0016582633834332228,
        0.9999985694885254,
        -0.10999801009893417
    ],
    [
        0.9999978542327881,
        0.0020489548332989216,
        0.0002666240034159273,
        0.0016511075664311647,
        -0.002049466362223029,
        0.9999960064888,
        0.0019355976255610585,
        -0.10178133100271225,
        -0.0002626570058055222,
        -0.0019361402373760939,
        0.9999980926513672,
        -0.11135223507881165
    ],
    [
        0.9999980330467224,
        0.0019702287390828133,
        0.0003041875024791807,
        0.0016707517206668854,
        -0.0019708045292645693,
        0.9999962449073792,
        0.001903003198094666,
        -0.10429411381483078,
        -0.00030043747392483056,
        -0.0019035986624658108,
        0.9999980926513672,
        -0.11416477710008621
    ],
    [
        0.9999982714653015,
        0.0018773460760712624,
        0.00017706301878206432,
        0.002069428563117981,
        -0.0018776595825329423,
        0.999996542930603,
        0.0017889264272525907,
        -0.10534746199846268,
        -0.00017370397108606994,
        -0.0017892559990286827,
        0.9999983310699463,
        -0.11581992357969284
    ],
    [
        0.9999980926513672,
        0.0019173889886587858,
        0.0004786223580595106,
        0.001517045428045094,
        -0.0019183763070032,
        0.9999960660934448,
        0.0020707480143755674,
        -0.10837168991565704,
        -0.00047464968520216644,
        -0.002071662340313196,
        0.9999977350234985,
        -0.11857789009809494
    ],
    [
        0.9999980330467224,
        0.0019009337993338704,
        0.00044360538595356047,
        0.0015720583032816648,
        -0.0019018491730093956,
        0.9999960660934448,
        0.00207195314578712,
        -0.109131820499897,
        -0.0004396646108943969,
        -0.0020727927330881357,
        0.9999977350234985,
        -0.1200740858912468
    ],
    [
        0.9999982118606567,
        0.0018238640623167157,
        0.0006044407491572201,
        0.0012990045361220837,
        -0.0018251781584694982,
        0.9999959468841553,
        0.002180672949180007,
        -0.11062143743038177,
        -0.0006004613824188709,
        -0.0021817723754793406,
        0.9999974966049194,
        -0.12176661938428879
    ],
    [
        0.9999982714653015,
        0.0018139739986509085,
        0.0004755213449243456,
        0.0016156637575477362,
        -0.0018150049727410078,
        0.9999959468841553,
        0.0021766838617622852,
        -0.11310958862304688,
        -0.0004715716349892318,
        -0.002177542308345437,
        0.9999974966049194,
        -0.12434778362512589
    ],
    [
        0.9999983310699463,
        0.0018657951150089502,
        0.00042313977610319853,
        0.0017968054162338376,
        -0.0018668355187401175,
        0.9999952912330627,
        0.00247386796399951,
        -0.1147221028804779,
        -0.00041852128924801946,
        -0.002474652836099267,
        0.9999969005584717,
        -0.12584933638572693
    ],
    [
        0.9999983310699463,
        0.0017618893180042505,
        0.0006329244351945817,
        0.001361431903205812,
        -0.0017634036485105753,
        0.9999955296516418,
        0.0024006282910704613,
        -0.11760570853948593,
        -0.0006286915740929544,
        -0.0024017400573939085,
        0.9999969005584717,
        -0.1287611573934555
    ],
    [
        0.9999982118606567,
        0.0017512235790491104,
        0.0005567174521274865,
        0.0015451544895768166,
        -0.0017524916911497712,
        0.9999959468841553,
        0.0022864516358822584,
        -0.1187729462981224,
        -0.0005527106113731861,
        -0.0022874230053275824,
        0.9999972581863403,
        -0.13023525476455688
    ],
    [
        0.9999984502792358,
        0.0016916999593377113,
        0.0006493243854492903,
        0.0012462829472497106,
        -0.0016930351266637444,
        0.9999964833259583,
        0.0020612478256225586,
        -0.12092768400907516,
        -0.0006458346615545452,
        -0.002062343992292881,
        0.999997615814209,
        -0.13296954333782196
    ],
    [
        0.9999984502792358,
        0.00172169238794595,
        0.0003508665831759572,
        0.0018808406312018633,
        -0.0017225127667188644,
        0.999995768070221,
        0.002352392068132758,
        -0.12256556004285812,
        -0.0003468144277576357,
        -0.002352992771193385,
        0.9999971389770508,
        -0.13449427485466003
    ],
    [
        0.9999986290931702,
        0.0016381232999265194,
        0.00033432329655624926,
        0.0018907764460891485,
        -0.0016387838404625654,
        0.9999967813491821,
        0.0019859331659972668,
        -0.12453161180019379,
        -0.0003310687025077641,
        -0.0019864782225340605,
        0.9999979734420776,
        -0.13751448690891266
    ],
    [
        0.9999985694885254,
        0.001663323026150465,
        0.00034264629357494414,
        0.0017424167599529028,
        -0.001664040028117597,
        0.9999964237213135,
        0.0021030399948358536,
        -0.12578554451465607,
        -0.0003391467616893351,
        -0.002103607403114438,
        0.9999977350234985,
        -0.1387374848127365
    ],
    [
        0.9999988079071045,
        0.0015369713073596358,
        0.00017603546439204365,
        0.0019755205139517784,
        -0.0015372976195067167,
        0.999997079372406,
        0.0018711757147684693,
        -0.1281774640083313,
        -0.0001731585361994803,
        -0.0018714434700086713,
        0.9999982118606567,
        -0.1418796181678772
    ],
    [
        0.9999988675117493,
        0.001523018698208034,
        0.00010048646799987182,
        0.0019859725143760443,
        -0.0015232246369123459,
        0.9999967813491821,
        0.0020781976636499166,
        -0.12943637371063232,
        -9.732152830110863e-05,
        -0.0020783478394150734,
        0.9999978542327881,
        -0.14312849938869476
    ],
    [
        0.9999987483024597,
        0.001592002809047699,
        0.00010671269410522655,
        0.001522634644061327,
        -0.0015922033926472068,
        0.9999969601631165,
        0.0019041147315874696,
        -0.13160082697868347,
        -0.00010368032963015139,
        -0.0019042816711589694,
        0.9999982118606567,
        -0.14606529474258423
    ]
]