[
    [
        0.9999994039535522,
        -0.00020820542704313993,
        0.0010565120028331876,
        -0.037246521562337875,
        0.00020723455236293375,
        0.9999995231628418,
        0.000919507525395602,
        -0.0023275716230273247,
        -0.0010567029239609838,
        -0.0009192885481752455,
        0.9999990463256836,
        -0.005992198828607798
    ],
    [
        0.9999993443489075,
        -0.00019855030404869467,
        0.0011567013571038842,
        -0.05216332525014877,
        0.0001973017060663551,
        0.9999994039535522,
        0.0010791990207508206,
        -0.0025843519251793623,
        -0.0011569145135581493,
        -0.0010789701482281089,
        0.9999986886978149,
        -0.004859363194555044
    ],
    [
        0.9999993443489075,
        -0.00018288030696567148,
        0.0010855040745809674,
        -0.06913822889328003,
        0.00018146166985388845,
        0.9999991059303284,
        0.0013065527891740203,
        -0.0029497467912733555,
        -0.0010857420274987817,
        -0.00130635523237288,
        0.9999985694885254,
        -0.003365173004567623
    ],
    [
        0.9999991059303284,
        6.09759044891689e-05,
        0.001353809959255159,
        -0.08530650287866592,
        -6.328509334707633e-05,
        0.9999985098838806,
        0.0017056488431990147,
        -0.003327026730403304,
        -0.0013537040213122964,
        -0.0017057330114766955,
        0.999997615814209,
        -0.0022979569621384144
    ],
    [
        0.9999992847442627,
        2.53693124250276e-05,
        0.0011976718669757247,
        -0.10148440301418304,
        -2.7584688723436557e-05,
        0.9999983906745911,
        0.0018500164151191711,
        -0.003680888330563903,
        -0.0011976229725405574,
        -0.0018500488949939609,
        0.999997615814209,
        -0.0010162198450416327
    ],
    [
        0.9999991655349731,
        2.1072605704830494e-06,
        0.0012807096354663372,
        -0.11860155314207077,
        -4.618740604200866e-06,
        0.9999980330467224,
        0.0019612095784395933,
        -0.004073083866387606,
        -0.0012807034654542804,
        -0.0019612133037298918,
        0.9999972581863403,
        0.00021634195582009852
    ],
    [
        0.9999992847442627,
        -8.2333070167806e-05,
        0.0012033386155962944,
        -0.13595221936702728,
        7.984992407727987e-05,
        0.9999979138374329,
        0.002063388703390956,
        -0.004395288415253162,
        -0.0012035052059218287,
        -0.002063290448859334,
        0.9999971389770508,
        0.0017035905038937926
    ],
    [
        0.9999993443489075,
        -0.0001421978959115222,
        0.001164223998785019,
        -0.15270918607711792,
        0.0001396450970787555,
        0.9999975562095642,
        0.0021925789769738913,
        -0.004664911422878504,
        -0.0011645329650491476,
        -0.0021924148313701153,
        0.9999969005584717,
        0.0029711700044572353
    ],
    [
        0.9999992847442627,
        -0.00010828708036569878,
        0.0011948671890422702,
        -0.16936320066452026,
        0.0001054159365594387,
        0.9999971985816956,
        0.0024026359897106886,
        -0.005092375446110964,
        -0.0011951246997341514,
        -0.00240250863134861,
        0.9999964237213135,
        0.004313352517783642
    ],
    [
        0.9999991059303284,
        -0.0002456156362313777,
        0.001345792436040938,
        -0.18732774257659912,
        0.00024223433865699917,
        0.9999967813491821,
        0.002511605154722929,
        -0.005448789335787296,
        -0.0013464055955410004,
        -0.0025112763978540897,
        0.9999959468841553,
        0.005664634983986616
    ],
    [
        0.9999992847442627,
        -0.00010899596964009106,
        0.0011885915882885456,
        -0.20443721115589142,
        0.00010589504381641746,
        0.9999966621398926,
        0.0026086887810379267,
        -0.005801818333566189,
        -0.001188871101476252,
        -0.0026085611898452044,
        0.9999958276748657,
        0.006932782009243965
    ],
    [
        0.9999991059303284,
        0.00020175411191303283,
        0.0013364085461944342,
        -0.2215808928012848,
        -0.00020554890215862542,
        0.9999960064888,
        0.0028401059098541737,
        -0.006232915911823511,
        -0.0013358296127989888,
        -0.002840378088876605,
        0.9999951124191284,
        0.008226579986512661
    ],
    [
        0.9999988675117493,
        0.0007850131369195879,
        0.0013539796927943826,
        -0.2381729632616043,
        -0.0007892210851423442,
        0.9999948740005493,
        0.0031101254280656576,
        -0.006608937401324511,
        -0.0013515306636691093,
        -0.0031111901625990868,
        0.9999942779541016,
        0.009611358866095543
    ],
    [
        0.9999988675117493,
        0.0008536926470696926,
        0.001313465996645391,
        -0.25420448184013367,
        -0.000857822538819164,
        0.9999947547912598,
        0.0031473913695663214,
        -0.0068746209144592285,
        -0.0013107721460983157,
        -0.0031485138460993767,
        0.999994158744812,
        0.010862118564546108
    ],
    [
        0.9999985098838806,
        0.001080879126675427,
        0.001413930905982852,
        -0.2703123986721039,
        -0.0010855989530682564,
        0.9999938607215881,
        0.003341716481372714,
        -0.007214421406388283,
        -0.0014103105058893561,
        -0.0033432459458708763,
        0.9999934434890747,
        0.011850191280245781
    ],
    [
        0.9999980330467224,
        0.001275116577744484,
        0.0014917694497853518,
        -0.2859489321708679,
        -0.0012804425787180662,
        0.999992847442627,
        0.0035744449123740196,
        -0.007456779479980469,
        -0.0014872013125568628,
        -0.00357634830288589,
        0.9999924898147583,
        0.013277243822813034
    ],
    [
        0.9999979734420776,
        0.0014256751164793968,
        0.001431125681847334,
        -0.30124178528785706,
        -0.0014310459373518825,
        0.9999919533729553,
        0.0037589867133647203,
        -0.0077890632674098015,
        -0.0014257542788982391,
        -0.0037610263098031282,
        0.9999918937683105,
        0.014036405831575394
    ],
    [
        0.9999977946281433,
        0.0014344899682328105,
        0.0015491330996155739,
        -0.316477507352829,
        -0.0014403971144929528,
        0.9999917149543762,
        0.0038188183680176735,
        -0.008174869231879711,
        -0.0015436421381309628,
        -0.003821041202172637,
        0.9999915361404419,
        0.015324104577302933
    ],
    [
        0.9999977350234985,
        0.0014364032540470362,
        0.0015639299526810646,
        -0.33123520016670227,
        -0.0014424578985199332,
        0.9999915361404419,
        0.003877373179420829,
        -0.008450689725577831,
        -0.0015583471395075321,
        -0.003879620460793376,
        0.9999912977218628,
        0.01606784202158451
    ],
    [
        0.9999977350234985,
        0.00141731440089643,
        0.0015874742530286312,
        -0.3467767834663391,
        -0.0014234217815101147,
        0.9999915957450867,
        0.0038529452867805958,
        -0.008652702905237675,
        -0.0015819998225197196,
        -0.0038551960606127977,
        0.9999912977218628,
        0.017415765672922134
    ],
    [
        0.9999979138374329,
        0.0012754264753311872,
        0.0015748522710055113,
        -0.36448779702186584,
        -0.0012817626120522618,
        0.9999911785125732,
        0.0040285624563694,
        -0.009059241972863674,
        -0.001569699845276773,
        -0.004030573181807995,
        0.999990701675415,
        0.018440164625644684
    ],
    [
        0.9999978542327881,
        0.001265633967705071,
        0.0016362109454348683,
        -0.3829673230648041,
        -0.001272345893085003,
        0.9999907612800598,
        0.004107621964067221,
        -0.00946741085499525,
        -0.0016309970524162054,
        -0.00410969415679574,
        0.9999902248382568,
        0.02014182321727276
    ],
    [
        0.9999976754188538,
        0.001288855797611177,
        0.001756848650984466,
        -0.4018888771533966,
        -0.0012961681932210922,
        0.9999904632568359,
        0.004167966078966856,
        -0.00983278825879097,
        -0.0017514603678137064,
        -0.004170233849436045,
        0.9999897480010986,
        0.021267704665660858
    ],
    [
        0.9999974966049194,
        0.0014150862116366625,
        0.0017240425804629922,
        -0.42092591524124146,
        -0.0014223798643797636,
        0.9999900460243225,
        0.004236833658069372,
        -0.01026709284633398,
        -0.0017180303111672401,
        -0.004239274654537439,
        0.9999895095825195,
        0.02302752621471882
    ],
    [
        0.9999968409538269,
        0.001860658172518015,
        0.0016913956496864557,
        -0.44250786304473877,
        -0.0018678571796044707,
        0.9999892115592957,
        0.0042646885849535465,
        -0.010628234595060349,
        -0.0016834416892379522,
        -0.004267834592610598,
        0.9999895095825195,
        0.024691980332136154
    ]
]