[
    [
        0.9982609748840332,
        -0.015070352703332901,
        0.056989964097738266,
        0.01053842157125473,
        0.015047232620418072,
        0.9998863935470581,
        0.0008348320261575282,
        -0.04669845104217529,
        -0.05699607729911804,
        2.4161066903616302e-05,
        0.998374342918396,
        0.15842007100582123
    ],
    [
        0.9980418682098389,
        -0.01740993931889534,
        0.06007738411426544,
        0.012882920913398266,
        0.0173429436981678,
        0.9998482465744019,
        0.0016363969771191478,
        -0.05018658563494682,
        -0.060096755623817444,
        -0.0005912738270126283,
        0.9981923699378967,
        0.17235203087329865
    ],
    [
        0.9979872703552246,
        -0.020110659301280975,
        0.060141030699014664,
        0.01838269643485546,
        0.019925646483898163,
        0.9997947812080383,
        0.00367451598867774,
        -0.05311255156993866,
        -0.06020258367061615,
        -0.002468771766871214,
        0.9981831908226013,
        0.18616504967212677
    ],
    [
        0.9982408285140991,
        -0.022573120892047882,
        0.0548243373632431,
        0.03013976477086544,
        0.02226768620312214,
        0.9997329711914062,
        0.006175668444484472,
        -0.052985746413469315,
        -0.05494910106062889,
        -0.00494399294257164,
        0.9984769225120544,
        0.19783592224121094
    ],
    [
        0.9985097646713257,
        -0.025481799617409706,
        0.0482596829533577,
        0.049813322722911835,
        0.025045258924365044,
        0.9996399283409119,
        0.00962898787111044,
        -0.05103252828121185,
        -0.048487670719623566,
        -0.008405962027609348,
        0.9987884163856506,
        0.20895129442214966
    ],
    [
        0.9986217021942139,
        -0.02767333760857582,
        0.04459713399410248,
        0.06844485551118851,
        0.027106139808893204,
        0.9995443820953369,
        0.01327334251254797,
        -0.04942736029624939,
        -0.04494412988424301,
        -0.012046191841363907,
        0.9989168643951416,
        0.2181616872549057
    ],
    [
        0.9985716342926025,
        -0.03058583475649357,
        0.04380844533443451,
        0.10124924033880234,
        0.02983194775879383,
        0.9993970990180969,
        0.017760461196303368,
        -0.04969330132007599,
        -0.04432525485754013,
        -0.016428200528025627,
        0.9988821148872375,
        0.2286698967218399
    ],
    [
        0.998289167881012,
        -0.03405286371707916,
        0.047531694173812866,
        0.14214825630187988,
        0.03303844854235649,
        0.9992126822471619,
        0.02196682244539261,
        -0.048888664692640305,
        -0.048242297023534775,
        -0.020358866080641747,
        0.9986282587051392,
        0.23878642916679382
    ],
    [
        0.9979286193847656,
        -0.03830660134553909,
        0.05168256536126137,
        0.19583462178707123,
        0.036990828812122345,
        0.9989726543426514,
        0.02617984637618065,
        -0.048063650727272034,
        -0.05263233184814453,
        -0.02421383559703827,
        0.9983202815055847,
        0.24775615334510803
    ],
    [
        0.997630774974823,
        -0.04265706613659859,
        0.05397476255893707,
        0.2479657530784607,
        0.0411374531686306,
        0.9987337589263916,
        0.028959155082702637,
        -0.04644419252872467,
        -0.05514172837138176,
        -0.02667016163468361,
        0.9981222748756409,
        0.2541826367378235
    ],
    [
        0.9973551034927368,
        -0.04932813718914986,
        0.0533815398812294,
        0.32946088910102844,
        0.04765581712126732,
        0.9983459115028381,
        0.032160356640815735,
        -0.04522864893078804,
        -0.05487965792417526,
        -0.02953135222196579,
        0.998056173324585,
        0.26397329568862915
    ],
    [
        0.9973732233047485,
        -0.05546145513653755,
        0.04659021273255348,
        0.42169642448425293,
        0.05388137698173523,
        0.9979506731033325,
        0.03451266884803772,
        -0.04502810165286064,
        -0.04840885475277901,
        -0.03191166743636131,
        0.9983177185058594,
        0.2743062674999237
    ],
    [
        0.9976009130477905,
        -0.06036734580993652,
        0.033884309232234955,
        0.5195256471633911,
        0.05916687846183777,
        0.9976209998130798,
        0.03537914529442787,
        -0.04300661385059357,
        -0.03593944385647774,
        -0.03328943997621536,
        0.9987993240356445,
        0.2861739993095398
    ],
    [
        0.9977597594261169,
        -0.06301460415124893,
        0.022464623674750328,
        0.5919583439826965,
        0.062207113951444626,
        0.9974496364593506,
        0.03499437868595123,
        -0.03976428136229515,
        -0.024612484499812126,
        -0.03351851925253868,
        0.9991349577903748,
        0.2970987558364868
    ],
    [
        0.997927725315094,
        -0.06410284340381622,
        0.005566884763538837,
        0.6825814247131348,
        0.06387940049171448,
        0.9973850250244141,
        0.03380417451262474,
        -0.04134002700448036,
        -0.0077192713506519794,
        -0.033378515392541885,
        0.999413013458252,
        0.31171077489852905
    ],
    [
        0.9978577494621277,
        -0.0642777532339096,
        -0.012180356308817863,
        0.7648687362670898,
        0.06463455408811569,
        0.9974084496498108,
        0.03160163387656212,
        -0.04104258865118027,
        0.010117508471012115,
        -0.032321203500032425,
        0.9994263648986816,
        0.3346824645996094
    ],
    [
        0.9975550770759583,
        -0.06301650404930115,
        -0.030211037024855614,
        0.843540370464325,
        0.06388510763645172,
        0.9975443482398987,
        0.028703568503260612,
        -0.03839375078678131,
        0.028328051790595055,
        -0.03056342713534832,
        0.9991313815116882,
        0.36501556634902954
    ],
    [
        0.9971892833709717,
        -0.061692118644714355,
        -0.04251588508486748,
        0.9032018780708313,
        0.06286372989416122,
        0.9976624250411987,
        0.026793111115694046,
        -0.03552011400461197,
        0.040763575583696365,
        -0.02939051017165184,
        0.9987364411354065,
        0.39238274097442627
    ],
    [
        0.9965862035751343,
        -0.05962516739964485,
        -0.05710280314087868,
        0.9861146211624146,
        0.06101926788687706,
        0.9978718161582947,
        0.02298799343407154,
        -0.031625896692276,
        0.055610574781894684,
        -0.026393886655569077,
        0.9981036186218262,
        0.4320797324180603
    ],
    [
        0.9960991144180298,
        -0.057030629366636276,
        -0.0673360601067543,
        1.0730268955230713,
        0.05837995186448097,
        0.998127818107605,
        0.018242375925183296,
        -0.03043408878147602,
        0.0661696344614029,
        -0.022102292627096176,
        0.9975636005401611,
        0.47472184896469116
    ],
    [
        0.9956567287445068,
        -0.053492166101932526,
        -0.07619859278202057,
        1.1630216836929321,
        0.05469108372926712,
        0.9984089136123657,
        0.013733725063502789,
        -0.0355307012796402,
        0.07534269243478775,
        -0.017841458320617676,
        0.9969980716705322,
        0.5213853716850281
    ],
    [
        0.9950170516967773,
        -0.0506819523870945,
        -0.08586221933364868,
        1.2322876453399658,
        0.05175861343741417,
        0.9986057877540588,
        0.010358511470258236,
        -0.042958807200193405,
        0.08521748334169388,
        -0.014751004986464977,
        0.9962531328201294,
        0.5523380041122437
    ],
    [
        0.9934812188148499,
        -0.0456463061273098,
        -0.10445810109376907,
        1.3277387619018555,
        0.04659194499254227,
        0.9988919496536255,
        0.0066293529234826565,
        -0.05619342252612114,
        0.10403971374034882,
        -0.01145304273813963,
        0.9945071935653687,
        0.5912076234817505
    ],
    [
        0.9914682507514954,
        -0.03992481902241707,
        -0.12408377975225449,
        1.422925353050232,
        0.04075878486037254,
        0.9991601705551147,
        0.004188678227365017,
        -0.07026616483926773,
        0.12381235510110855,
        -0.009210443124175072,
        0.9922628998756409,
        0.6313332915306091
    ],
    [
        0.9898313879966736,
        -0.03600248694419861,
        -0.13761398196220398,
        1.5273395776748657,
        0.036603376269340515,
        0.9993281364440918,
        0.0018375159706920385,
        -0.07738907635211945,
        0.13745540380477905,
        -0.006855965591967106,
        0.9904842972755432,
        0.675360918045044
    ]
]