[
    [
        0.9741551876068115,
        -0.011027967557311058,
        -0.2256101816892624,
        0.14516912400722504,
        -0.016117969527840614,
        0.9928675889968872,
        -0.11812727153301239,
        0.3509689271450043,
        0.2253037691116333,
        0.11871068924665451,
        0.9670295119285583,
        0.582359254360199
    ],
    [
        0.9737679958343506,
        -0.01123726088553667,
        -0.22726525366306305,
        0.14228534698486328,
        -0.01653418503701687,
        0.9926450848579407,
        -0.11992627382278442,
        0.3558267056941986,
        0.22694137692451477,
        0.12053801119327545,
        0.9664202332496643,
        0.5899105668067932
    ],
    [
        0.9733457565307617,
        -0.010437119752168655,
        -0.22910481691360474,
        0.13890504837036133,
        -0.017763828858733177,
        0.992531955242157,
        -0.12068503350019455,
        0.3578476905822754,
        0.2286534458398819,
        0.12153803557157516,
        0.9658913612365723,
        0.5980062484741211
    ],
    [
        0.9729206562042236,
        -0.010119818150997162,
        -0.23091769218444824,
        0.13594745099544525,
        -0.01859312690794468,
        0.9923770427703857,
        -0.12182831764221191,
        0.36072269082069397,
        0.2303902953863144,
        0.12282276153564453,
        0.9653160572052002,
        0.6058363914489746
    ],
    [
        0.9725263714790344,
        -0.009708845056593418,
        -0.2325901985168457,
        0.13217270374298096,
        -0.019628820940852165,
        0.9921518564224243,
        -0.12348843365907669,
        0.36515673995018005,
        0.23196370899677277,
        0.12466122210025787,
        0.964703381061554,
        0.6137203574180603
    ],
    [
        0.9719873070716858,
        -0.009918145835399628,
        -0.2348238080739975,
        0.13053400814533234,
        -0.020126165822148323,
        0.9919270873069763,
        -0.12520219385623932,
        0.36932873725891113,
        0.2341698706150055,
        0.12642104923725128,
        0.9639410376548767,
        0.6215266585350037
    ],
    [
        0.9715310335159302,
        -0.010498858988285065,
        -0.2366795390844345,
        0.12793098390102386,
        -0.020289182662963867,
        0.9916601777076721,
        -0.1272728443145752,
        0.37523549795150757,
        0.23604188859462738,
        0.12845154106616974,
        0.9632155895233154,
        0.6290023326873779
    ],
    [
        0.9708318710327148,
        -0.010310828685760498,
        -0.2395394742488861,
        0.12758693099021912,
        -0.0210306104272604,
        0.9915619492530823,
        -0.1279163658618927,
        0.3770413398742676,
        0.2388371229171753,
        0.12922294437885284,
        0.9624231457710266,
        0.6371558904647827
    ],
    [
        0.9703286290168762,
        -0.010577995330095291,
        -0.24155819416046143,
        0.12531247735023499,
        -0.02147595025599003,
        0.9913234710693359,
        -0.1296786516904831,
        0.38213175535202026,
        0.240834042429924,
        0.13101862370967865,
        0.9616823792457581,
        0.6446671485900879
    ],
    [
        0.9696125388145447,
        -0.010450489819049835,
        -0.24442236125469208,
        0.12497502565383911,
        -0.02214736118912697,
        0.9912353754043579,
        -0.13023872673511505,
        0.383698970079422,
        0.24364110827445984,
        0.13169439136981964,
        0.9608827233314514,
        0.6528031229972839
    ],
    [
        0.9689998030662537,
        -0.010458765551447868,
        -0.24684002995491028,
        0.12357569485902786,
        -0.022780803963541985,
        0.9910648465156555,
        -0.1314208209514618,
        0.38725996017456055,
        0.2460089921951294,
        0.132969930768013,
        0.960103452205658,
        0.6604878306388855
    ],
    [
        0.9682669639587402,
        -0.010454155504703522,
        -0.2496996968984604,
        0.12304732948541641,
        -0.02342677116394043,
        0.9909288883209229,
        -0.1323297619819641,
        0.3897858262062073,
        0.2488180249929428,
        0.1339801549911499,
        0.9592386484146118,
        0.6686192154884338
    ],
    [
        0.9671181440353394,
        -0.01047280989587307,
        -0.25411200523376465,
        0.11876679956912994,
        -0.024890966713428497,
        0.9904575347900391,
        -0.13555195927619934,
        0.39778268337249756,
        0.2531067430973053,
        0.13741984963417053,
        0.9576286673545837,
        0.6835038065910339
    ],
    [
        0.9664768576622009,
        -0.010325197130441666,
        -0.25654613971710205,
        0.11657670140266418,
        -0.025808272883296013,
        0.99022376537323,
        -0.13708001375198364,
        0.4014764130115509,
        0.2554534673690796,
        0.1391056776046753,
        0.9567617774009705,
        0.6917781829833984
    ],
    [
        0.9657953977584839,
        -0.01042981818318367,
        -0.25909534096717834,
        0.11528753489255905,
        -0.026483461260795593,
        0.9899982810020447,
        -0.13857103884220123,
        0.40530192852020264,
        0.25794920325279236,
        0.14069302380084991,
        0.9558596611022949,
        0.6990998983383179
    ],
    [
        0.9651751518249512,
        -0.010316472500562668,
        -0.26140114665031433,
        0.11217297613620758,
        -0.027439463883638382,
        0.9897180795669556,
        -0.14037537574768066,
        0.40967366099357605,
        0.2601616084575653,
        0.14265954494476318,
        0.9549680948257446,
        0.707627534866333
    ],
    [
        0.9645402431488037,
        -0.010804589837789536,
        -0.26371440291404724,
        0.11033105105161667,
        -0.02791224606335163,
        0.9893831014633179,
        -0.1426253616809845,
        0.4148750305175781,
        0.2624555826187134,
        0.14492878317832947,
        0.9539982676506042,
        0.7153869271278381
    ],
    [
        0.9638522267341614,
        -0.01100127212703228,
        -0.2662102282047272,
        0.10792406648397446,
        -0.02854171209037304,
        0.989134669303894,
        -0.14421582221984863,
        0.4187840521335602,
        0.26490432024002075,
        0.14660082757472992,
        0.9530655741691589,
        0.7241899967193604
    ],
    [
        0.9630687236785889,
        -0.010365531779825687,
        -0.2690563201904297,
        0.10532993823289871,
        -0.030121663585305214,
        0.9888385534286499,
        -0.1459139585494995,
        0.4221894443035126,
        0.2675657570362091,
        0.1486295908689499,
        0.9520072340965271,
        0.732917308807373
    ],
    [
        0.9623990654945374,
        -0.010518884286284447,
        -0.2714357376098633,
        0.1023675873875618,
        -0.03101838007569313,
        0.9884582161903381,
        -0.14828385412693024,
        0.42783793807029724,
        0.26986271142959595,
        0.15112772583961487,
        0.9509650468826294,
        0.7416682839393616
    ],
    [
        0.9617347121238708,
        -0.010919872671365738,
        -0.27376464009284973,
        0.0998653769493103,
        -0.031678732484579086,
        0.9880719780921936,
        -0.15069937705993652,
        0.43312835693359375,
        0.27214473485946655,
        0.15360532701015472,
        0.9499171376228333,
        0.7502261400222778
    ],
    [
        0.9610980153083801,
        -0.010909448377788067,
        -0.27599188685417175,
        0.09666170924901962,
        -0.032672811299562454,
        0.9877137541770935,
        -0.1528203934431076,
        0.43771085143089294,
        0.27426815032958984,
        0.15589281916618347,
        0.9489332437515259,
        0.7585252523422241
    ],
    [
        0.9604369401931763,
        -0.010933669283986092,
        -0.27828288078308105,
        0.09434980154037476,
        -0.03353692591190338,
        0.9874169230461121,
        -0.1545412689447403,
        0.4414120316505432,
        0.27647092938423157,
        0.157759889960289,
        0.947985053062439,
        0.7664318680763245
    ],
    [
        0.9597659707069397,
        -0.01132979430258274,
        -0.2805722951889038,
        0.09276847541332245,
        -0.034035574644804,
        0.9871249198913574,
        -0.15628810226917267,
        0.4453219473361969,
        0.2787306308746338,
        0.15954945981502533,
        0.9470233917236328,
        0.7737382650375366
    ],
    [
        0.9587172269821167,
        -0.011663931421935558,
        -0.284122109413147,
        0.08889307826757431,
        -0.03514934703707695,
        0.986635148525238,
        -0.15910878777503967,
        0.45154789090156555,
        0.28218069672584534,
        0.16252702474594116,
        0.9454939961433411,
        0.7858365774154663
    ]
]