[
    [
        0.9997841119766235,
        0.00024653985747136176,
        -0.020778106525540352,
        0.018792692571878433,
        -0.00039573016692884266,
        0.9999741911888123,
        -0.00717635452747345,
        0.052087344229221344,
        0.020775800570845604,
        0.007183027919381857,
        0.9997583031654358,
        0.5188577771186829
    ],
    [
        0.9997799396514893,
        0.00019291252829134464,
        -0.020975785329937935,
        0.013480039313435555,
        -0.00035656042746268213,
        0.9999695420265198,
        -0.007798272185027599,
        0.04757671803236008,
        0.02097363956272602,
        0.0078040361404418945,
        0.9997496008872986,
        0.48490265011787415
    ],
    [
        0.9997818470001221,
        0.00035983265843242407,
        -0.020885853096842766,
        0.0016640814719721675,
        -0.0005369363352656364,
        0.9999639391899109,
        -0.008474593982100487,
        0.03933223336935043,
        0.020882049575448036,
        0.00848395936191082,
        0.9997460246086121,
        0.42808425426483154
    ],
    [
        0.9997871518135071,
        0.0005484269349835813,
        -0.0206243097782135,
        -0.0136726638302207,
        -0.0007389811216853559,
        0.9999571442604065,
        -0.009232811629772186,
        0.030959123745560646,
        0.020618358626961708,
        0.009246086701750755,
        0.999744713306427,
        0.35764411091804504
    ],
    [
        0.9997818470001221,
        0.0006342382985167205,
        -0.020879065617918968,
        -0.02869974449276924,
        -0.0008339437772519886,
        0.9999540448188782,
        -0.009557562880218029,
        0.025837870314717293,
        0.020872045308351517,
        0.009572889655828476,
        0.9997363686561584,
        0.27809372544288635
    ],
    [
        0.9997819066047668,
        0.0007295991526916623,
        -0.020871665328741074,
        -0.0388169139623642,
        -0.0009411777136847377,
        0.9999482035636902,
        -0.010129101574420929,
        0.02330714836716652,
        0.02086319774389267,
        0.010146536864340305,
        0.9997307658195496,
        0.21434864401817322
    ],
    [
        0.9997801780700684,
        0.0006494201952591538,
        -0.020954912528395653,
        -0.053604450076818466,
        -0.0008755887974984944,
        0.9999414086341858,
        -0.010785743594169617,
        0.020202528685331345,
        0.0209466814994812,
        0.01080172136425972,
        0.9997221827507019,
        0.12189535796642303
    ],
    [
        0.9997775554656982,
        0.0004338519065640867,
        -0.021088477224111557,
        -0.0669633001089096,
        -0.0006752712070010602,
        0.9999343752861023,
        -0.011442145332694054,
        0.023633873090147972,
        0.021082131192088127,
        0.0114538399502635,
        0.9997121691703796,
        0.02281118743121624
    ],
    [
        0.9997778534889221,
        0.0002711415581870824,
        -0.021072132512927055,
        -0.07783867418766022,
        -0.0005191764212213457,
        0.9999306797981262,
        -0.01176619902253151,
        0.024962343275547028,
        0.021067481487989426,
        0.011774527840316296,
        0.9997087121009827,
        -0.08344621956348419
    ],
    [
        0.999799907207489,
        0.00010206623119302094,
        -0.02000274881720543,
        -0.08956249058246613,
        -0.00032098175142891705,
        0.999940037727356,
        -0.01094132848083973,
        0.025694500654935837,
        0.020000431686639786,
        0.010945559479296207,
        0.9997400641441345,
        -0.191908597946167
    ],
    [
        0.9998127818107605,
        -1.024419725581538e-05,
        -0.01934913732111454,
        -0.09984978288412094,
        -0.00018880823336075991,
        0.9999470710754395,
        -0.01028553955256939,
        0.0251090656965971,
        0.01934822089970112,
        0.010287267155945301,
        0.9997598528862,
        -0.2693941593170166
    ],
    [
        0.9998338222503662,
        -0.0004690035420935601,
        -0.01822706311941147,
        -0.11208292096853256,
        0.0002480005205143243,
        0.9999264478683472,
        -0.012125389650464058,
        0.023923052474856377,
        0.018231410533189774,
        0.012118854559957981,
        0.9997603297233582,
        -0.37041664123535156
    ],
    [
        0.9998562335968018,
        -0.0008126324391923845,
        -0.016937222331762314,
        -0.1285390853881836,
        0.0006154684815555811,
        0.999932050704956,
        -0.011642801575362682,
        0.025308769196271896,
        0.016945531591773033,
        0.011630702763795853,
        0.9997888207435608,
        -0.4737432897090912
    ],
    [
        0.9998997449874878,
        -0.00038695079274475574,
        -0.014154697768390179,
        -0.14715297520160675,
        0.00023478115326724946,
        0.9999421238899231,
        -0.010750563815236092,
        0.03027201257646084,
        0.014158039353787899,
        0.010746163316071033,
        0.9998420476913452,
        -0.581859290599823
    ],
    [
        0.9999656081199646,
        -0.00037202166276983917,
        -0.008281207643449306,
        -0.16908477246761322,
        0.0002731903223320842,
        0.9999288320541382,
        -0.011932263150811195,
        0.02996108867228031,
        0.008285056799650192,
        0.011929592117667198,
        0.9998944997787476,
        -0.693496584892273
    ],
    [
        0.9999986886978149,
        -0.0005708989338018,
        -0.0015490002697333694,
        -0.17951883375644684,
        0.0005541041609831154,
        0.9999412894248962,
        -0.010821240954101086,
        0.02624858357012272,
        0.0015550870448350906,
        0.010820367373526096,
        0.9999402761459351,
        -0.7818963527679443
    ],
    [
        0.9998913407325745,
        -0.0014242131728678942,
        0.01467211451381445,
        -0.1881922036409378,
        0.0015728791477158666,
        0.9999475479125977,
        -0.010126002132892609,
        0.024063140153884888,
        -0.014656922779977322,
        0.010147979483008385,
        0.9998410940170288,
        -0.8981967568397522
    ],
    [
        0.9993277192115784,
        -0.00255790026858449,
        0.03657415881752968,
        -0.19439473748207092,
        0.0028654758352786303,
        0.9999609589576721,
        -0.008359672501683235,
        0.02055586874485016,
        -0.0365513451397419,
        0.008458854630589485,
        0.9992960095405579,
        -1.0047904253005981
    ],
    [
        0.9979444146156311,
        -0.004154852591454983,
        0.06395166367292404,
        -0.1902044266462326,
        0.004780748393386602,
        0.9999421834945679,
        -0.009637093171477318,
        0.02405225671827793,
        -0.0639079213142395,
        0.009923020377755165,
        0.9979064464569092,
        -1.1045089960098267
    ],
    [
        0.9955012798309326,
        -0.006166005972772837,
        0.09454690665006638,
        -0.18202249705791473,
        0.006948796100914478,
        0.999944269657135,
        -0.007952384650707245,
        0.034222014248371124,
        -0.0944925993680954,
        0.008573596365749836,
        0.995488703250885,
        -1.2028748989105225
    ],
    [
        0.9927575588226318,
        -0.007761903572827578,
        0.11988382041454315,
        -0.1737232655286789,
        0.00871994998306036,
        0.9999340772628784,
        -0.007468931842595339,
        0.04403948783874512,
        -0.11981794238090515,
        0.008460219018161297,
        0.9927597641944885,
        -1.2736644744873047
    ],
    [
        0.9874253273010254,
        -0.010080473497509956,
        0.15776427090168,
        -0.15262845158576965,
        0.01141045056283474,
        0.9999064803123474,
        -0.0075266435742378235,
        0.06067902222275734,
        -0.1576736569404602,
        0.00923216063529253,
        0.9874481558799744,
        -1.3694862127304077
    ],
    [
        0.978911280632019,
        -0.01166774332523346,
        0.20395269989967346,
        -0.12995482981204987,
        0.012967776507139206,
        0.9999032020568848,
        -0.0050388602539896965,
        0.07854066789150238,
        -0.20387417078018188,
        0.007577409036457539,
        0.9789678454399109,
        -1.46815025806427
    ],
    [
        0.9671391248703003,
        -0.013956318609416485,
        0.253864586353302,
        -0.10635210573673248,
        0.015653420239686966,
        0.9998665452003479,
        -0.00466617476195097,
        0.09406227618455887,
        -0.2537655830383301,
        0.008486689068377018,
        0.9672285318374634,
        -1.5695335865020752
    ],
    [
        0.9510010480880737,
        -0.017877425998449326,
        0.30867043137550354,
        -0.08483827859163284,
        0.01929720863699913,
        0.9998126029968262,
        -0.0015472477534785867,
        0.11190428584814072,
        -0.308584988117218,
        0.007427914999425411,
        0.9511677622795105,
        -1.6715980768203735
    ]
]