[
    [
        0.9966043829917908,
        0.004986579995602369,
        -0.08218808472156525,
        -0.06383766978979111,
        -0.005243145395070314,
        0.9999819397926331,
        -0.0029061443638056517,
        -0.1332651525735855,
        0.08217211812734604,
        0.003327201120555401,
        0.9966124892234802,
        0.21042585372924805
    ],
    [
        0.9939798712730408,
        0.00711453752592206,
        -0.10933203995227814,
        -0.09083353728055954,
        -0.007423256058245897,
        0.9999695420265198,
        -0.0024169154930859804,
        -0.18143606185913086,
        0.10931151360273361,
        0.0032139644026756287,
        0.9940022826194763,
        0.2758733034133911
    ],
    [
        0.9891242384910583,
        0.010766616091132164,
        -0.14668788015842438,
        -0.11219598352909088,
        -0.010652225464582443,
        0.9999419450759888,
        0.0015653555747121572,
        -0.24441801011562347,
        0.14669620990753174,
        1.422062541678315e-05,
        0.9891815781593323,
        0.41025832295417786
    ],
    [
        0.981034517288208,
        0.015037793666124344,
        -0.1932494193315506,
        -0.10123001784086227,
        -0.014749373309314251,
        0.9998869299888611,
        0.002931182272732258,
        -0.3542127311229706,
        0.193271666765213,
        -2.5282661226810887e-05,
        0.9811453223228455,
        0.5148208737373352
    ],
    [
        0.9698556661605835,
        0.019975457340478897,
        -0.2428596317768097,
        -0.12291137129068375,
        -0.019440485164523125,
        0.999800443649292,
        0.004599377047270536,
        -0.41944432258605957,
        0.24290302395820618,
        0.00026057689683511853,
        0.9700506329536438,
        0.6033917665481567
    ],
    [
        0.9581989049911499,
        0.02452111430466175,
        -0.2850501537322998,
        -0.18007324635982513,
        -0.023857010528445244,
        0.9996986389160156,
        0.005802352912724018,
        -0.43397682905197144,
        0.28510648012161255,
        0.0012406350579112768,
        0.9584950804710388,
        0.7085826992988586
    ],
    [
        0.9384475946426392,
        0.0305640771985054,
        -0.3440667390823364,
        -0.24159377813339233,
        -0.02967875450849533,
        0.9995287656784058,
        0.00784067902714014,
        -0.44867080450057983,
        0.34414419531822205,
        0.0028534061275422573,
        0.938912570476532,
        0.8154259920120239
    ],
    [
        0.9017043709754944,
        0.037758976221084595,
        -0.4307011663913727,
        -0.27490583062171936,
        -0.03727429360151291,
        0.9992592334747314,
        0.00956722442060709,
        -0.44938206672668457,
        0.43074339628219604,
        0.0074272737838327885,
        0.9024439454078674,
        0.8822510838508606
    ],
    [
        0.8356616497039795,
        0.05048317834734917,
        -0.5469196438789368,
        -0.27646782994270325,
        -0.050689563155174255,
        0.9986059069633484,
        0.014725156128406525,
        -0.44531095027923584,
        0.5469005703926086,
        0.015417870134115219,
        0.8370556235313416,
        0.9434600472450256
    ],
    [
        0.7084712386131287,
        0.06642735004425049,
        -0.7026064991950989,
        -0.25139304995536804,
        -0.06865794211626053,
        0.9973254203796387,
        0.02506028115749359,
        -0.4450385868549347,
        0.7023919820785522,
        0.03048502467572689,
        0.7111372947692871,
        0.9855497479438782
    ],
    [
        0.5644773244857788,
        0.07979904115200043,
        -0.8215823769569397,
        -0.222982719540596,
        -0.08344544470310211,
        0.9957338571548462,
        0.039381999522447586,
        -0.45172202587127686,
        0.8212199807167053,
        0.04632705822587013,
        0.5687280297279358,
        0.9860231280326843
    ],
    [
        0.39663416147232056,
        0.08902579545974731,
        -0.9136497974395752,
        -0.17641456425189972,
        -0.09461364150047302,
        0.9939502477645874,
        0.05577654018998146,
        -0.4703025817871094,
        0.9130878448486328,
        0.06432083249092102,
        0.40265771746635437,
        0.9746758341789246
    ],
    [
        0.2130073755979538,
        0.093581922352314,
        -0.9725586771965027,
        -0.11132361739873886,
        -0.10285945981740952,
        0.9920189380645752,
        0.07292643934488297,
        -0.497382789850235,
        0.9716213345527649,
        0.08450298011302948,
        0.22093313932418823,
        0.9719632863998413
    ],
    [
        0.03736664727330208,
        0.09565466642379761,
        -0.9947128891944885,
        -0.0559268519282341,
        -0.10640460252761841,
        0.9901301264762878,
        0.09121683239936829,
        -0.5250201225280762,
        0.9936205148696899,
        0.10243358463048935,
        0.04717594012618065,
        0.972876250743866
    ],
    [
        -0.14022238552570343,
        0.09302301704883575,
        -0.985740602016449,
        0.004002002999186516,
        -0.10730068385601044,
        0.9882856607437134,
        0.1085267961025238,
        -0.566789984703064,
        0.9842886924743652,
        0.12098852545022964,
        -0.12859831750392914,
        0.9891951084136963
    ],
    [
        -0.26724672317504883,
        0.09364628791809082,
        -0.9590670466423035,
        0.0264144167304039,
        -0.10457370430231094,
        0.986570417881012,
        0.1254715621471405,
        -0.6003714203834534,
        0.9579371213912964,
        0.13382507860660553,
        -0.25386476516723633,
        1.0372190475463867
    ],
    [
        -0.3731499910354614,
        0.09526953846216202,
        -0.922866702079773,
        0.016097133979201317,
        -0.09712982177734375,
        0.9852360486984253,
        0.14098131656646729,
        -0.6215311884880066,
        0.9226727485656738,
        0.14224500954151154,
        -0.3583873212337494,
        1.1339341402053833
    ],
    [
        -0.45725828409194946,
        0.09344795346260071,
        -0.8844107985496521,
        0.01428073551505804,
        -0.09035558998584747,
        0.9844366312026978,
        0.15073250234127045,
        -0.6393619775772095,
        0.8847320675849915,
        0.14883513748645782,
        -0.441698282957077,
        1.244093418121338
    ],
    [
        -0.534496009349823,
        0.08875865489244461,
        -0.8404973745346069,
        0.050850603729486465,
        -0.08489993959665298,
        0.9838014245033264,
        0.15788215398788452,
        -0.6462299227714539,
        0.84089595079422,
        0.15574553608894348,
        -0.518302321434021,
        1.3238248825073242
    ],
    [
        -0.5900512337684631,
        0.08394870907068253,
        -0.8029895424842834,
        0.1437152773141861,
        -0.08003760129213333,
        0.9835981726646423,
        0.16164354979991913,
        -0.6435659527778625,
        0.8033888339996338,
        0.15964730083942413,
        -0.5736542344093323,
        1.380685806274414
    ],
    [
        -0.6203163266181946,
        0.08169331401586533,
        -0.7800858020782471,
        0.25689807534217834,
        -0.07588300853967667,
        0.9836451411247253,
        0.16335217654705048,
        -0.6431822180747986,
        0.7806724905967712,
        0.16052527725696564,
        -0.6039720177650452,
        1.4468036890029907
    ],
    [
        -0.6424605250358582,
        0.07995569705963135,
        -0.7621361017227173,
        0.3624153137207031,
        -0.0715869665145874,
        0.9839309453964233,
        0.1635701060295105,
        -0.6375771760940552,
        0.7629677057266235,
        0.15964633226394653,
        -0.6264130473136902,
        1.5399154424667358
    ],
    [
        -0.6557972431182861,
        0.08069785684347153,
        -0.7506115436553955,
        0.43370673060417175,
        -0.06623241305351257,
        0.9842865467071533,
        0.16368630528450012,
        -0.6343737244606018,
        0.7520261406898499,
        0.15705980360507965,
        -0.6401477456092834,
        1.663496494293213
    ],
    [
        -0.6660671234130859,
        0.0810336023569107,
        -0.7414768934249878,
        0.5264583230018616,
        -0.06142382323741913,
        0.9847459197044373,
        0.16279655694961548,
        -0.639473021030426,
        0.7433584928512573,
        0.15397772192955017,
        -0.6509296298027039,
        1.8335390090942383
    ],
    [
        -0.6717351078987122,
        0.08187949657440186,
        -0.7362523078918457,
        0.6221737861633301,
        -0.0579117089509964,
        0.9850269556045532,
        0.16238290071487427,
        -0.6431955695152283,
        0.7385243773460388,
        0.15171590447425842,
        -0.656935453414917,
        1.9614766836166382
    ]
]