[
    [
        0.999882161617279,
        -0.003915488254278898,
        -0.014841117896139622,
        -0.13703864812850952,
        0.0038936492055654526,
        0.9999912977218628,
        -0.0015000749845057726,
        -0.13711364567279816,
        0.014846861362457275,
        0.001442112261429429,
        0.9998887777328491,
        -0.028953833505511284
    ],
    [
        0.9998835921287537,
        -0.005211015231907368,
        -0.01433615107089281,
        -0.147081196308136,
        0.005211209878325462,
        0.9999864101409912,
        -2.385046536801383e-05,
        -0.15049760043621063,
        0.014336079359054565,
        -5.0861446652561426e-05,
        0.9998972415924072,
        -0.023625444620847702
    ],
    [
        0.9998827576637268,
        -0.007022374775260687,
        -0.013609034940600395,
        -0.1623261272907257,
        0.007056205067783594,
        0.9999721050262451,
        0.0024394190404564142,
        -0.17027534544467926,
        0.013591524213552475,
        -0.0025351610966026783,
        0.9999043941497803,
        -0.015784643590450287
    ],
    [
        0.9998763799667358,
        -0.009147925302386284,
        -0.012794040143489838,
        -0.17712455987930298,
        0.009216435253620148,
        0.9999434351921082,
        0.005306242499500513,
        -0.19003178179264069,
        0.012744776904582977,
        -0.0054235015995800495,
        0.9999041557312012,
        -0.00796626228839159
    ],
    [
        0.9998703598976135,
        -0.010784442536532879,
        -0.0119564738124609,
        -0.19193491339683533,
        0.010892270132899284,
        0.999900221824646,
        0.00899017695337534,
        -0.20965790748596191,
        0.011858327314257622,
        -0.009119245223701,
        0.9998880624771118,
        -0.00019577977946028113
    ],
    [
        0.9998584985733032,
        -0.012626579962670803,
        -0.011114418506622314,
        -0.20653773844242096,
        0.01277417317032814,
        0.999829888343811,
        0.013310210779309273,
        -0.2294132560491562,
        0.010944466106593609,
        -0.01345030590891838,
        0.9998496770858765,
        0.007442254573106766
    ],
    [
        0.9998414516448975,
        -0.014399377629160881,
        -0.010478864423930645,
        -0.2206438034772873,
        0.014591165818274021,
        0.9997230768203735,
        0.018462160602211952,
        -0.2487320601940155,
        0.010210119187831879,
        -0.018612129613757133,
        0.9997746348381042,
        0.015052611008286476
    ],
    [
        0.9998224973678589,
        -0.01628515124320984,
        -0.009469880722463131,
        -0.2346416562795639,
        0.01651374064385891,
        0.9995613694190979,
        0.02458333782851696,
        -0.2679324746131897,
        0.009065384045243263,
        -0.024735359475016594,
        0.9996528625488281,
        0.022731289267539978
    ],
    [
        0.999801754951477,
        -0.017933925613760948,
        -0.0086435005068779,
        -0.24811489880084991,
        0.018195435404777527,
        0.9993478059768677,
        0.031191011890769005,
        -0.28693708777427673,
        0.008078486658632755,
        -0.031342100352048874,
        0.9994760155677795,
        0.030393624678254128
    ],
    [
        0.9997782111167908,
        -0.019735926762223244,
        -0.007362969685345888,
        -0.26139411330223083,
        0.020001234486699104,
        0.9990816712379456,
        0.03789167478680611,
        -0.3056015968322754,
        0.006608381401747465,
        -0.03803053870797157,
        0.9992546439170837,
        0.038067907094955444
    ],
    [
        0.9997442364692688,
        -0.021755928173661232,
        -0.006171321030706167,
        -0.2745038568973541,
        0.022008823230862617,
        0.9987714886665344,
        0.044398143887519836,
        -0.32432982325553894,
        0.005197816528379917,
        -0.04452260956168175,
        0.9989948868751526,
        0.045977625995874405
    ],
    [
        0.9997020363807678,
        -0.023928603157401085,
        -0.0048239873722195625,
        -0.28763633966445923,
        0.024144543334841728,
        0.9983947277069092,
        0.05123511329293251,
        -0.3431892693042755,
        0.003590257838368416,
        -0.051336321979761124,
        0.9986749291419983,
        0.053694818168878555
    ],
    [
        0.999649703502655,
        -0.02625758945941925,
        -0.003325277240946889,
        -0.3003198802471161,
        0.026406534016132355,
        0.9979606866836548,
        0.05811375379562378,
        -0.36182841658592224,
        0.00179256871342659,
        -0.05818120017647743,
        0.9983043670654297,
        0.061467789113521576
    ],
    [
        0.999613881111145,
        -0.027708131819963455,
        -0.002080395817756653,
        -0.30888453125953674,
        0.027784109115600586,
        0.9976370930671692,
        0.06283513456583023,
        -0.3743603527545929,
        0.00033443604479543865,
        -0.06286866962909698,
        0.9980217218399048,
        0.06667276471853256
    ],
    [
        0.9995445013046265,
        -0.030176041647791862,
        -0.0004520008515100926,
        -0.32138845324516296,
        0.03013399988412857,
        0.9971064925193787,
        0.06978940963745117,
        -0.39292579889297485,
        -0.0016552750021219254,
        -0.06977123767137527,
        0.9975616931915283,
        0.07446736842393875
    ],
    [
        0.9994634389877319,
        -0.03274621441960335,
        0.0008123033330775797,
        -0.33352670073509216,
        0.032587893307209015,
        0.9965307116508484,
        0.07658001780509949,
        -0.41142427921295166,
        -0.0033171907998621464,
        -0.07651244848966599,
        0.9970631003379822,
        0.08239593356847763
    ],
    [
        0.9993687868118286,
        -0.03545531630516052,
        0.0022271042689681053,
        -0.3456769287586212,
        0.03514557331800461,
        0.9958852529525757,
        0.08353165537118912,
        -0.42987170815467834,
        -0.005179580766707659,
        -0.083400659263134,
        0.9965026378631592,
        0.09042820334434509
    ],
    [
        0.9992606043815613,
        -0.038277946412563324,
        0.003615596564486623,
        -0.3576065003871918,
        0.03779352828860283,
        0.9951712489128113,
        0.09058646112680435,
        -0.44838839769363403,
        -0.007065600715577602,
        -0.09038282930850983,
        0.9958820343017578,
        0.09844787418842316
    ],
    [
        0.999134361743927,
        -0.041284095495939255,
        0.005116614513099194,
        -0.369289755821228,
        0.04058827832341194,
        0.9943946003913879,
        0.09763133525848389,
        -0.46687987446784973,
        -0.009118556044995785,
        -0.09733914583921432,
        0.9952095150947571,
        0.10674674063920975
    ],
    [
        0.998992919921875,
        -0.044307392090559006,
        0.0070731909945607185,
        -0.3811458647251129,
        0.043331023305654526,
        0.99361252784729,
        0.10419512540102005,
        -0.48545902967453003,
        -0.011644626036286354,
        -0.10378369688987732,
        0.9945316314697266,
        0.11513714492321014
    ],
    [
        0.9988294243812561,
        -0.047536760568618774,
        0.0089455870911479,
        -0.39272361993789673,
        0.046262722462415695,
        0.9928193092346191,
        0.11031626164913177,
        -0.5039576292037964,
        -0.014125428162515163,
        -0.10977327823638916,
        0.9938563704490662,
        0.1232752725481987
    ],
    [
        0.9986391663551331,
        -0.05103408917784691,
        0.01074663270264864,
        -0.4042290151119232,
        0.04943916201591492,
        0.9919602870941162,
        0.1164930984377861,
        -0.5220202207565308,
        -0.016605352982878685,
        -0.11580325663089752,
        0.9931333661079407,
        0.13149133324623108
    ],
    [
        0.9984161257743835,
        -0.0548107735812664,
        0.012683946639299393,
        -0.4159735441207886,
        0.0528508722782135,
        0.9910613894462585,
        0.12249139696359634,
        -0.5399736762046814,
        -0.019284415990114212,
        -0.12162704020738602,
        0.9923884272575378,
        0.1395988166332245
    ],
    [
        0.9981746673583984,
        -0.05863722786307335,
        0.014456268399953842,
        -0.427501916885376,
        0.056298237293958664,
        0.9900854825973511,
        0.128690704703331,
        -0.5579096674919128,
        -0.021859005093574524,
        -0.1276419311761856,
        0.9915794134140015,
        0.14779485762119293
    ],
    [
        0.9978926181793213,
        -0.06281497329473495,
        0.016265729442238808,
        -0.439217746257782,
        0.060056932270526886,
        0.9890279173851013,
        0.13497012853622437,
        -0.5753770470619202,
        -0.024565404281020164,
        -0.13370881974697113,
        0.9907160997390747,
        0.1558915674686432
    ]
]