[
    [
        0.9548922181129456,
        -0.16311052441596985,
        -0.2481447011232376,
        0.031442202627658844,
        -0.00198349473066628,
        0.8321154117584229,
        -0.5545989871025085,
        -0.38594359159469604,
        0.2969459891319275,
        0.5300744771957397,
        0.7942569255828857,
        -0.1113521158695221
    ],
    [
        0.953845739364624,
        -0.16444557905197144,
        -0.2512686252593994,
        0.02174908109009266,
        -0.002187513979151845,
        0.8329066038131714,
        -0.553409218788147,
        -0.3646923005580902,
        0.30028900504112244,
        0.5284166932106018,
        0.7941047549247742,
        -0.1061059758067131
    ],
    [
        0.9527890086174011,
        -0.16609451174736023,
        -0.25417661666870117,
        0.009367993101477623,
        -0.0013369075022637844,
        0.8348142504692078,
        -0.5505300760269165,
        -0.3338601291179657,
        0.3036302924156189,
        0.5248787999153137,
        0.7951798439025879,
        -0.10108669847249985
    ],
    [
        0.9520711898803711,
        -0.16400417685508728,
        -0.25819218158721924,
        -0.0033808136358857155,
        -0.0008285986259579659,
        0.8427194356918335,
        -0.5383524298667908,
        -0.30549994111061096,
        0.30587559938430786,
        0.5127637386322021,
        0.8021929860115051,
        -0.09247869998216629
    ],
    [
        0.9518570899963379,
        -0.1590135097503662,
        -0.2620742619037628,
        -0.02045251615345478,
        -0.0008400326478295028,
        0.8535802364349365,
        -0.5209606885910034,
        -0.2752612829208374,
        0.30654120445251465,
        0.49610021710395813,
        0.8123527765274048,
        -0.08040473610162735
    ],
    [
        0.9519339799880981,
        -0.1511639505624771,
        -0.26640409231185913,
        -0.05077877268195152,
        -0.0010074774036183953,
        0.868189811706543,
        -0.4962312579154968,
        -0.24144674837589264,
        0.3063015937805176,
        0.4726477861404419,
        0.8263070583343506,
        -0.06588897854089737
    ],
    [
        0.9517716765403748,
        -0.14126716554164886,
        -0.27234941720962524,
        -0.09062568843364716,
        -0.0015085821505635977,
        0.8855238556861877,
        -0.4645915627479553,
        -0.204322949051857,
        0.3068034052848816,
        0.4425960183143616,
        0.8426033854484558,
        -0.05090160295367241
    ],
    [
        0.9517474174499512,
        -0.1310218721628189,
        -0.27750730514526367,
        -0.12943822145462036,
        -0.0018775133648887277,
        0.9017748832702637,
        -0.43220192193984985,
        -0.1734062284231186,
        0.3068770170211792,
        0.41186803579330444,
        0.8580158352851868,
        -0.03623645752668381
    ],
    [
        0.952321469783783,
        -0.11990536004304886,
        -0.2805469334125519,
        -0.18445885181427002,
        -0.0017108353786170483,
        0.917421817779541,
        -0.3979123532772064,
        -0.14083965122699738,
        0.3050916790962219,
        0.37942036986351013,
        0.8734754323959351,
        -0.014298376627266407
    ],
    [
        0.9540841579437256,
        -0.10688690096139908,
        -0.27981898188591003,
        -0.23909041285514832,
        -0.0010447740787640214,
        0.9329730272293091,
        -0.3599448502063751,
        -0.11336251348257065,
        0.29953691363334656,
        0.3437100350856781,
        0.8900230526924133,
        0.00031688917079009116
    ],
    [
        0.9567477703094482,
        -0.09351146966218948,
        -0.27548012137413025,
        -0.2826676666736603,
        0.0004988802829757333,
        0.9474576115608215,
        -0.31988102197647095,
        -0.0828576534986496,
        0.2909182608127594,
        0.3059079945087433,
        0.9065245389938354,
        0.024251898750662804
    ],
    [
        0.9596186280250549,
        -0.08051842451095581,
        -0.2695344388484955,
        -0.32350051403045654,
        0.001306386897340417,
        0.9594253897666931,
        -0.2819594144821167,
        -0.04918428510427475,
        0.2813011705875397,
        0.27022141218185425,
        0.9207876920700073,
        0.06321346014738083
    ],
    [
        0.9621832966804504,
        -0.0679270550608635,
        -0.263797789812088,
        -0.36998072266578674,
        0.0017561597051098943,
        0.9699369668960571,
        -0.24335011839866638,
        -0.017424343153834343,
        0.2723972499370575,
        0.23368415236473083,
        0.9333763718605042,
        0.11686886101961136
    ],
    [
        0.9635406136512756,
        -0.05956440418958664,
        -0.26084789633750916,
        -0.41771551966667175,
        0.0018951562233269215,
        0.9764003157615662,
        -0.21595974266529083,
        0.004890392068773508,
        0.2675555348396301,
        0.20759165287017822,
        0.9409143328666687,
        0.16891354322433472
    ],
    [
        0.9645884037017822,
        -0.050084229558706284,
        -0.25896111130714417,
        -0.4773528575897217,
        0.0023001572117209435,
        0.9833661317825317,
        -0.18161965906620026,
        0.02039739303290844,
        0.263749897480011,
        0.17459255456924438,
        0.9486586451530457,
        0.23707054555416107
    ],
    [
        0.9658790826797485,
        -0.041214436292648315,
        -0.255693256855011,
        -0.5421076416969299,
        0.0024008266627788544,
        0.9886394739151001,
        -0.15028676390647888,
        0.030294964089989662,
        0.25898247957229614,
        0.14454494416713715,
        0.9550051093101501,
        0.3013486862182617
    ],
    [
        0.9666635990142822,
        -0.03321148455142975,
        -0.2538865804672241,
        -0.6127250790596008,
        0.0027056385297328234,
        0.9928219318389893,
        -0.11957169324159622,
        0.03890754655003548,
        0.25603529810905457,
        0.114898681640625,
        0.9598146080970764,
        0.37224575877189636
    ],
    [
        0.9680456519126892,
        -0.02531244046986103,
        -0.24949337542057037,
        -0.7040629386901855,
        0.001860925112850964,
        0.9955905675888062,
        -0.09378751367330551,
        0.04349656403064728,
        0.25076723098754883,
        0.09032630175352097,
        0.9638241529464722,
        0.4507324695587158
    ],
    [
        0.9700025320053101,
        -0.018906019628047943,
        -0.2423585057258606,
        -0.8039206266403198,
        0.0020982963033020496,
        0.997585117816925,
        -0.06942199915647507,
        0.030870283022522926,
        0.24308577179908752,
        0.06683097034692764,
        0.9676998853683472,
        0.528858482837677
    ],
    [
        0.9718564748764038,
        -0.01596674695611,
        -0.23503217101097107,
        -0.8806107044219971,
        0.0028809027280658484,
        0.9984313249588013,
        -0.0559152290225029,
        0.02326332964003086,
        0.23555627465248108,
        0.053664471954107285,
        0.9703779816627502,
        0.5972465872764587
    ],
    [
        0.9734745621681213,
        -0.01322957407683134,
        -0.22841261327266693,
        -0.9656696915626526,
        0.003815119620412588,
        0.9991267323493958,
        -0.04160934314131737,
        0.024527063593268394,
        0.22876358032226562,
        0.03963421285152435,
        0.9726749062538147,
        0.6854642629623413
    ],
    [
        0.974794864654541,
        -0.011480171233415604,
        -0.22280779480934143,
        -1.051215410232544,
        0.004421391058713198,
        0.9994730949401855,
        -0.032154057174921036,
        0.02976200543344021,
        0.2230595499277115,
        0.030358489602804184,
        0.9743319153785706,
        0.7824808359146118
    ],
    [
        0.9757877588272095,
        -0.009888974018394947,
        -0.21849575638771057,
        -1.1314300298690796,
        0.0053172423504292965,
        0.9997546672821045,
        -0.021501781418919563,
        0.023623064160346985,
        0.2186547815799713,
        0.019819382578134537,
        0.9756010174751282,
        0.8866530060768127
    ],
    [
        0.9763749241828918,
        -0.008989441208541393,
        -0.21589620411396027,
        -1.1973416805267334,
        0.0059610093012452126,
        0.9998745918273926,
        -0.014674332924187183,
        0.012162432074546814,
        0.21600104868412018,
        0.013040692545473576,
        0.9763060212135315,
        0.9930919408798218
    ],
    [
        0.9768567681312561,
        -0.008252192288637161,
        -0.21373574435710907,
        -1.2588410377502441,
        0.0065556541085243225,
        0.9999411106109619,
        -0.008645113557577133,
        0.0101058604195714,
        0.2137945592403412,
        0.007043858524411917,
        0.9768532514572144,
        1.1058220863342285
    ]
]