[
    [
        0.9863768815994263,
        -0.01602347008883953,
        0.16371887922286987,
        -0.3140624463558197,
        0.016620265319943428,
        0.9998593330383301,
        -0.0022760313004255295,
        -0.021467693150043488,
        -0.16365936398506165,
        0.004966076463460922,
        0.9865043759346008,
        0.1290929615497589
    ],
    [
        0.9702857136726379,
        -0.024721907451748848,
        0.24069583415985107,
        -0.47101423144340515,
        0.025422513484954834,
        0.9996768236160278,
        0.00019450356194283813,
        -0.029272401705384254,
        -0.2406228482723236,
        0.005930370185524225,
        0.9706006050109863,
        0.22473379969596863
    ],
    [
        0.9477716088294983,
        -0.03301498293876648,
        0.31723669171333313,
        -0.6097858548164368,
        0.033638983964920044,
        0.9994279146194458,
        0.00351164722815156,
        -0.04917147755622864,
        -0.3171710968017578,
        0.007343280129134655,
        0.9483399987220764,
        0.32093822956085205
    ],
    [
        0.9156490564346313,
        -0.043232399970293045,
        0.39964717626571655,
        -0.7555112838745117,
        0.04366745799779892,
        0.9990139603614807,
        0.008021335117518902,
        -0.06592615693807602,
        -0.3995998799800873,
        0.010106847621500492,
        0.9166339039802551,
        0.42565086483955383
    ],
    [
        0.8812087178230286,
        -0.05105895549058914,
        0.4699620008468628,
        -0.8985394835472107,
        0.05127677693963051,
        0.9986081719398499,
        0.01234643068164587,
        -0.10120552033185959,
        -0.4699382781982422,
        0.0132183488458395,
        0.8826003670692444,
        0.5365380048751831
    ],
    [
        0.8335518836975098,
        -0.06033503636717796,
        0.5491365194320679,
        -1.062019944190979,
        0.05994025990366936,
        0.9980273246765137,
        0.01867058128118515,
        -0.1469319611787796,
        -0.5491796731948853,
        0.017352482303977013,
        0.8355242013931274,
        0.6685800552368164
    ],
    [
        0.7854459285736084,
        -0.06830403953790665,
        0.6151498556137085,
        -1.1794052124023438,
        0.0678468644618988,
        0.9974040985107422,
        0.024118835106492043,
        -0.16620932519435883,
        -0.615200400352478,
        0.022791946306824684,
        0.7880412340164185,
        0.7817034721374512
    ],
    [
        0.734100878238678,
        -0.07625329494476318,
        0.6747452616691589,
        -1.2708183526992798,
        0.07493914663791656,
        0.9967029690742493,
        0.031106507405638695,
        -0.19032418727874756,
        -0.6748925447463989,
        0.027729520574212074,
        0.7373948693275452,
        0.9321224689483643
    ],
    [
        0.6906588673591614,
        -0.0821952074766159,
        0.7184942960739136,
        -1.3372371196746826,
        0.07949763536453247,
        0.9961279630661011,
        0.037538472563028336,
        -0.23843884468078613,
        -0.7187977433204651,
        0.03119233436882496,
        0.6945191025733948,
        1.0689009428024292
    ],
    [
        0.6418048143386841,
        -0.08806868642568588,
        0.7617942690849304,
        -1.3958890438079834,
        0.08438143134117126,
        0.9954619407653809,
        0.04399167746305466,
        -0.27824875712394714,
        -0.7622115015983582,
        0.036047209054231644,
        0.6463236212730408,
        1.2082583904266357
    ],
    [
        0.6030641794204712,
        -0.09175097942352295,
        0.7923984527587891,
        -1.4467717409133911,
        0.08675219863653183,
        0.9950149655342102,
        0.04918792098760605,
        -0.29796361923217773,
        -0.7929612994194031,
        0.039078835397958755,
        0.6080174446105957,
        1.3562649488449097
    ],
    [
        0.5642759203910828,
        -0.09500592201948166,
        0.8201014995574951,
        -1.5159087181091309,
        0.08878406137228012,
        0.994579017162323,
        0.05413009598851204,
        -0.31593358516693115,
        -0.8207982778549194,
        0.042267635464668274,
        0.5696520209312439,
        1.5345507860183716
    ],
    [
        0.5434451699256897,
        -0.09632697701454163,
        0.8338994979858398,
        -1.5780797004699707,
        0.08978856354951859,
        0.994365394115448,
        0.05634857341647148,
        -0.3344227969646454,
        -0.8346288800239563,
        0.04425227642059326,
        0.5490322113037109,
        1.6899657249450684
    ],
    [
        0.5282920598983765,
        -0.09802640974521637,
        0.8433850407600403,
        -1.6149137020111084,
        0.09088753163814545,
        0.9941346049308777,
        0.05861649662256241,
        -0.3420078158378601,
        -0.8441841006278992,
        0.04568655416369438,
        0.534102737903595,
        1.8252185583114624
    ],
    [
        0.5203663110733032,
        -0.09996425360441208,
        0.8480719923973083,
        -1.6241374015808105,
        0.09234169125556946,
        0.9938881993293762,
        0.06049226224422455,
        -0.33039823174476624,
        -0.8489358425140381,
        0.04683425650000572,
        0.5264167785644531,
        1.9752593040466309
    ],
    [
        0.519611120223999,
        -0.10137054324150085,
        0.8483680486679077,
        -1.622762680053711,
        0.09288037568330765,
        0.9937541484832764,
        0.06185488775372505,
        -0.3221833407878876,
        -0.8493396043777466,
        0.04665625840425491,
        0.525780975818634,
        2.124119997024536
    ],
    [
        0.533035397529602,
        -0.10073481500148773,
        0.8400747776031494,
        -1.6041985750198364,
        0.09223731607198715,
        0.9938880801200867,
        0.06065336987376213,
        -0.31466349959373474,
        -0.8410501480102539,
        0.045155853033065796,
        0.5390690565109253,
        2.276789903640747
    ],
    [
        0.5773234367370605,
        -0.09775250405073166,
        0.8106429576873779,
        -1.5926628112792969,
        0.0903729498386383,
        0.9943578243255615,
        0.055544234812259674,
        -0.31311339139938354,
        -0.8114988803863525,
        0.04119320586323738,
        0.58290034532547,
        2.3905577659606934
    ],
    [
        0.6614351272583008,
        -0.09088612347841263,
        0.744475245475769,
        -1.5968519449234009,
        0.08488181233406067,
        0.9953242540359497,
        0.046096015721559525,
        -0.29904597997665405,
        -0.7451837062835693,
        0.03270288184285164,
        0.6660569906234741,
        2.513385534286499
    ],
    [
        0.7393942475318909,
        -0.08313233405351639,
        0.6681206226348877,
        -1.6106853485107422,
        0.07715816050767899,
        0.9962723851203918,
        0.03857409209012985,
        -0.2935859262943268,
        -0.6688370108604431,
        0.023029498755931854,
        0.7430523633956909,
        2.6254210472106934
    ],
    [
        0.8208492994308472,
        -0.07187889516353607,
        0.5666038990020752,
        -1.6497195959091187,
        0.06698489934206009,
        0.9973184466362,
        0.029476765543222427,
        -0.29654690623283386,
        -0.5672032237052917,
        0.013757920823991299,
        0.8234629034996033,
        2.751619577407837
    ],
    [
        0.8850484490394592,
        -0.05989859998226166,
        0.46162906289100647,
        -1.6963224411010742,
        0.057223863899707794,
        0.9981648921966553,
        0.01980549283325672,
        -0.3021577000617981,
        -0.46196821331977844,
        0.008887384086847305,
        0.886851966381073,
        2.8491952419281006
    ],
    [
        0.9417856335639954,
        -0.045935578644275665,
        0.3330610692501068,
        -1.7686070203781128,
        0.04413449019193649,
        0.9989413619041443,
        0.012975713238120079,
        -0.325937420129776,
        -0.3333045542240143,
        0.002479138318449259,
        0.942815899848938,
        2.9346094131469727
    ],
    [
        0.9773528575897217,
        -0.03284084051847458,
        0.20905254781246185,
        -1.824851155281067,
        0.03158038482069969,
        0.9994572997093201,
        0.009365345351397991,
        -0.3527878224849701,
        -0.20924662053585052,
        -0.0025512746069580317,
        0.9778594970703125,
        3.0004501342773438
    ],
    [
        0.9982188940048218,
        -0.017189711332321167,
        0.05712686851620674,
        -1.8780999183654785,
        0.0168268121778965,
        0.9998350739479065,
        0.006827238481491804,
        -0.3751083016395569,
        -0.057234831154346466,
        -0.005853809416294098,
        0.9983435273170471,
        3.070460557937622
    ]
]