[
    [
        0.9997698068618774,
        0.002843923168256879,
        -0.021264323964715004,
        -0.07707612961530685,
        -0.0028777446132153273,
        0.9999946355819702,
        -0.0015600589103996754,
        0.008013841696083546,
        0.021259773522615433,
        0.0016208922024816275,
        0.9997727274894714,
        -0.0004454169247765094
    ],
    [
        0.9996855854988098,
        0.0031290550250560045,
        -0.024880988523364067,
        -0.0820547491312027,
        -0.003167049027979374,
        0.9999938607215881,
        -0.0014877673238515854,
        0.008581502363085747,
        0.024876181036233902,
        0.0015660993522033095,
        0.9996892213821411,
        -0.0003195784520357847
    ],
    [
        0.9995741248130798,
        0.0035221166908740997,
        -0.028970669955015182,
        -0.08717001229524612,
        -0.003553932998329401,
        0.999993085861206,
        -0.0010468020336702466,
        0.008999085985124111,
        0.028966782614588737,
        0.0011493158526718616,
        0.9995797276496887,
        -0.00037667836295440793
    ],
    [
        0.9993902444839478,
        0.0041842348873615265,
        -0.03466445207595825,
        -0.09478305280208588,
        -0.004199597053229809,
        0.9999911189079285,
        -0.00037036804133094847,
        0.010086706839501858,
        0.03466259315609932,
        0.0005157188279554248,
        0.9993988275527954,
        -0.0002692199486773461
    ],
    [
        0.9992306232452393,
        0.004612889140844345,
        -0.03894602134823799,
        -0.10114645212888718,
        -0.0046174488961696625,
        0.99998939037323,
        -2.7129633963340893e-05,
        0.010927828028798103,
        0.038945477455854416,
        0.00020694039994850755,
        0.9992413520812988,
        -0.0002756345784291625
    ],
    [
        0.9989897608757019,
        0.00514827948063612,
        -0.04464273154735565,
        -0.10872311145067215,
        -0.005137215834110975,
        0.9999867081642151,
        0.0003625586105044931,
        0.011385302990674973,
        0.04464400187134743,
        -0.0001328534126514569,
        0.999002993106842,
        -0.00033704182715155184
    ],
    [
        0.9987848997116089,
        0.0055695208720862865,
        -0.0489671491086483,
        -0.11466875672340393,
        -0.005544291343539953,
        0.9999843835830688,
        0.0006510492530651391,
        0.011895658448338509,
        0.04897001013159752,
        -0.00037876979331485927,
        0.9988001585006714,
        -0.0003294408379588276
    ],
    [
        0.9985589385032654,
        0.0060328831896185875,
        -0.05332476273179054,
        -0.1209993064403534,
        -0.00598906958475709,
        0.9999815821647644,
        0.000981413060799241,
        0.012351160869002342,
        0.053329698741436005,
        -0.0006606321549043059,
        0.9985767602920532,
        -0.00058893853565678
    ],
    [
        0.9982295036315918,
        0.006698421202600002,
        -0.05910241976380348,
        -0.1286069005727768,
        -0.0066048684529960155,
        0.9999765753746033,
        0.00177809689193964,
        0.012775218114256859,
        0.059112947434186935,
        -0.0013845849316567183,
        0.9982503056526184,
        -0.0008313884027302265
    ],
    [
        0.9979386329650879,
        0.007178413216024637,
        -0.06377410888671875,
        -0.13438516855239868,
        -0.007053734734654427,
        0.9999727606773376,
        0.0021799253299832344,
        0.013200191780924797,
        0.06378801167011261,
        -0.0017255863640457392,
        0.9979618787765503,
        -0.001076968270353973
    ],
    [
        0.9975254535675049,
        0.007735881954431534,
        -0.06987790018320084,
        -0.1421424001455307,
        -0.007596550974994898,
        0.9999685883522034,
        0.002259440952911973,
        0.014113984070718288,
        0.06989318877458572,
        -0.0017230187077075243,
        0.9975529313087463,
        -0.0016303234733641148
    ],
    [
        0.9972242712974548,
        0.008294916711747646,
        -0.07399166375398636,
        -0.14856860041618347,
        -0.008124974556267262,
        0.9999635815620422,
        0.0025974989403039217,
        0.014546369202435017,
        0.07401051372289658,
        -0.0019891085103154182,
        0.9972553849220276,
        -0.0019428967498242855
    ],
    [
        0.996792197227478,
        0.008940516039729118,
        -0.07953187823295593,
        -0.15658840537071228,
        -0.008729759603738785,
        0.9999574422836304,
        0.002997283823788166,
        0.015046273358166218,
        0.07955528050661087,
        -0.002293375786393881,
        0.9968277812004089,
        -0.002567615592852235
    ],
    [
        0.9964489340782166,
        0.009405536577105522,
        -0.08367225527763367,
        -0.16260699927806854,
        -0.009178745560348034,
        0.9999530911445618,
        0.003094744635745883,
        0.015797046944499016,
        0.08369743078947067,
        -0.002315749181434512,
        0.9964884519577026,
        -0.00313664972782135
    ],
    [
        0.9960722327232361,
        0.010056385770440102,
        -0.08797192573547363,
        -0.1682804375886917,
        -0.009756491519510746,
        0.9999450445175171,
        0.00383828766644001,
        0.015940966084599495,
        0.08800569176673889,
        -0.002964914543554187,
        0.9961155652999878,
        -0.0035649961791932583
    ],
    [
        0.9955874681472778,
        0.010756690055131912,
        -0.09321965277194977,
        -0.17588014900684357,
        -0.010367079637944698,
        0.9999353289604187,
        0.004662752151489258,
        0.015943175181746483,
        0.09326379746198654,
        -0.0036757613997906446,
        0.9956346154212952,
        -0.004204506054520607
    ],
    [
        0.9952084422111511,
        0.011124186217784882,
        -0.09714177995920181,
        -0.18152202665805817,
        -0.010777083225548267,
        0.9999335408210754,
        0.004097144119441509,
        0.017219658941030502,
        0.09718088805675507,
        -0.003030606545507908,
        0.9952621459960938,
        -0.004907907918095589
    ],
    [
        0.9946637153625488,
        0.011645992286503315,
        -0.1025104969739914,
        -0.18922176957130432,
        -0.011273392476141453,
        0.9999275207519531,
        0.004213373642414808,
        0.01777268573641777,
        0.102552130818367,
        -0.0030352496542036533,
        0.9947230815887451,
        -0.005820064805448055
    ],
    [
        0.9941664338111877,
        0.012201989069581032,
        -0.10716467350721359,
        -0.19481875002384186,
        -0.01179826632142067,
        0.999920666217804,
        0.004400540608912706,
        0.01807497628033161,
        0.10720987617969513,
        -0.0031105116941034794,
        0.9942315816879272,
        -0.006498857866972685
    ],
    [
        0.993705153465271,
        0.01260838657617569,
        -0.11131543666124344,
        -0.20036619901657104,
        -0.012199503369629383,
        0.9999161958694458,
        0.00435356330126524,
        0.018263207748532295,
        0.11136098951101303,
        -0.002968164859339595,
        0.993775486946106,
        -0.007208166643977165
    ],
    [
        0.9930692315101624,
        0.013321350328624249,
        -0.11677397042512894,
        -0.20819984376430511,
        -0.012865753844380379,
        0.9999063611030579,
        0.004654460120946169,
        0.018011825159192085,
        0.11682504415512085,
        -0.0031198153737932444,
        0.9931475520133972,
        -0.008173942565917969
    ],
    [
        0.9925380349159241,
        0.013834139332175255,
        -0.12114819884300232,
        -0.21454015374183655,
        -0.013426723890006542,
        0.9999011754989624,
        0.004178658127784729,
        0.018659869208931923,
        0.1211940199136734,
        -0.0025208545848727226,
        0.9926255345344543,
        -0.00908932089805603
    ],
    [
        0.9918131232261658,
        0.014615938067436218,
        -0.12685832381248474,
        -0.22250504791736603,
        -0.014179009012877941,
        0.9998900294303894,
        0.004346615634858608,
        0.01851324364542961,
        0.12690789997577667,
        -0.0025123050436377525,
        0.9919113516807556,
        -0.010362529195845127
    ],
    [
        0.9912608861923218,
        0.015023237094283104,
        -0.1310577541589737,
        -0.22746342420578003,
        -0.014568764716386795,
        0.9998840093612671,
        0.004425914958119392,
        0.018535898998379707,
        0.13110904395580292,
        -0.0024778868537396193,
        0.9913648366928101,
        -0.011141124181449413
    ],
    [
        0.990567147731781,
        0.01569467782974243,
        -0.13612638413906097,
        -0.23531290888786316,
        -0.015129301697015762,
        0.999872088432312,
        0.005186936818063259,
        0.01783757098019123,
        0.13619038462638855,
        -0.003078511916100979,
        0.9906779527664185,
        -0.012475590221583843
    ]
]