[
    [
        0.9999998211860657,
        0.0005674101994372904,
        -0.00030349704320542514,
        -0.021688194945454597,
        -0.00056745286565274,
        0.9999998807907104,
        -0.00014093481877353042,
        0.0003275143972132355,
        0.0003034170076716691,
        0.00014110720076132566,
        1.0,
        -0.00127709424123168
    ],
    [
        0.9999997019767761,
        0.0006306312861852348,
        -0.00036422398989088833,
        -0.0251761544495821,
        -0.000630703812930733,
        0.9999998211860657,
        -0.0001996603241423145,
        0.00038827062235213816,
        0.00036409799940884113,
        0.00019988966232631356,
        0.9999998807907104,
        -0.0014042083639651537
    ],
    [
        0.9999997019767761,
        0.0006310662138275802,
        -0.0003233921015635133,
        -0.030553078278899193,
        -0.0006310977623797953,
        0.9999997615814209,
        -9.50909306993708e-05,
        7.33163469703868e-05,
        0.00032333197304978967,
        9.529507224215195e-05,
        1.0,
        -0.001765996916219592
    ],
    [
        0.9999997615814209,
        0.0005734005244448781,
        -0.00029048931901343167,
        -0.036922015249729156,
        -0.0005734695587307215,
        0.9999998211860657,
        -0.00023934348428156227,
        0.00014091483899392188,
        0.00029035171610303223,
        0.00023950956529006362,
        1.0,
        -0.0018818429671227932
    ],
    [
        0.9999998807907104,
        0.00035823899088427424,
        -0.0003064993943553418,
        -0.04402824491262436,
        -0.00035829489934258163,
        0.9999998211860657,
        -0.000182479212526232,
        -4.668674591812305e-05,
        0.0003064336196985096,
        0.00018258880299981683,
        1.0,
        -0.002281732391566038
    ],
    [
        1.0000001192092896,
        -0.00014274076966103166,
        -0.00021416254458017647,
        -0.04863598570227623,
        0.00014267627557273954,
        1.0,
        -0.0002976335817947984,
        -0.00010136170021723956,
        0.00021420448319986463,
        0.0002976034302264452,
        0.9999998807907104,
        -0.0024684302043169737
    ],
    [
        0.9999999403953552,
        -0.000222527320147492,
        -0.00029908385477028787,
        -0.05595521628856659,
        0.00022242868726607412,
        0.9999998807907104,
        -0.00032875052420422435,
        6.21502579178923e-07,
        0.0002991571382153779,
        0.0003286834398750216,
        0.9999998807907104,
        -0.0027991903480142355
    ],
    [
        1.0,
        4.2607778595993295e-05,
        -0.0003059841110371053,
        -0.06306889653205872,
        -4.2716230382211506e-05,
        1.0,
        -0.0003537049633450806,
        -0.0002030977775575593,
        0.0003059689188376069,
        0.00035371806006878614,
        0.9999998807907104,
        -0.0033416510559618473
    ],
    [
        0.9999998211860657,
        0.00039703125366941094,
        -0.0003167319518979639,
        -0.0696549043059349,
        -0.0003971697296947241,
        0.9999998211860657,
        -0.00043812821968458593,
        4.255695239407942e-05,
        0.00031655794009566307,
        0.00043825467582792044,
        0.9999997615814209,
        -0.003269318724051118
    ],
    [
        0.9999999403953552,
        0.00043193247984163463,
        -0.0004223393916618079,
        -0.07685849815607071,
        -0.00043205457041040063,
        0.9999998211860657,
        -0.0002901415864471346,
        -0.00025129778077825904,
        0.00042221363401040435,
        0.0002903244167100638,
        0.9999998807907104,
        -0.003646265948191285
    ],
    [
        0.9999997019767761,
        0.0005465539288707078,
        -0.0004684869199991226,
        -0.08157791197299957,
        -0.0005466840229928493,
        0.9999998211860657,
        -0.00027968993526883423,
        -0.000295941747026518,
        0.00046833400847390294,
        0.00027994601987302303,
        0.9999997615814209,
        -0.0036279892083257437
    ],
    [
        0.9999998211860657,
        0.0006672346498817205,
        -0.0004113016475457698,
        -0.08833301812410355,
        -0.0006673533353023231,
        0.9999997019767761,
        -0.00029005660326220095,
        -0.0003972596605308354,
        0.00041110836900770664,
        0.00029033140162937343,
        0.9999998807907104,
        -0.003870120272040367
    ],
    [
        0.9999998211860657,
        0.0006635005702264607,
        -0.00034571741707623005,
        -0.09617401659488678,
        -0.0006635814206674695,
        0.9999997019767761,
        -0.00023556762607768178,
        -0.0005072533385828137,
        0.00034556162427179515,
        0.0002357963239774108,
        0.9999998807907104,
        -0.004365118686109781
    ],
    [
        0.9999997019767761,
        0.0007497264887206256,
        -0.0003438505227677524,
        -0.10375024378299713,
        -0.000749805592931807,
        0.9999997019767761,
        -0.0002312702708877623,
        -0.0004900027415715158,
        0.0003436775295995176,
        0.00023152775247581303,
        1.0,
        -0.004825034644454718
    ],
    [
        0.9999996423721313,
        0.000836855499073863,
        -0.00036031362833455205,
        -0.11153136193752289,
        -0.0008369445567950606,
        0.9999995827674866,
        -0.00024549351655878127,
        -0.00038047751877456903,
        0.0003601084463298321,
        0.0002457954687997699,
        0.9999998807907104,
        -0.005374153610318899
    ],
    [
        0.9999995827674866,
        0.0009343905840069056,
        -0.0003849573840852827,
        -0.11648906767368317,
        -0.0009344617137685418,
        0.9999995827674866,
        -0.00018317239300813526,
        -0.0005556122050620615,
        0.0003847857587970793,
        0.00018353165069129318,
        1.0,
        -0.005572838243097067
    ],
    [
        0.9999994039535522,
        0.00104798236861825,
        -0.00038841820787638426,
        -0.12431847304105759,
        -0.0010480235796421766,
        0.9999994039535522,
        -0.00010688198381103575,
        -0.0006775571964681149,
        0.00038830575067549944,
        0.00010728898632805794,
        0.9999998807907104,
        -0.006064102053642273
    ],
    [
        0.9999992251396179,
        0.0011590826325118542,
        -0.0005380630027502775,
        -0.1314343959093094,
        -0.0011591492220759392,
        0.9999992847442627,
        -0.00012302541290409863,
        -0.0006668101414106786,
        0.0005379191134124994,
        0.00012364859867375344,
        0.9999998807907104,
        -0.006178342737257481
    ],
    [
        0.9999992251396179,
        0.0011771764839068055,
        -0.0004290824581403285,
        -0.1385452002286911,
        -0.0011772194411605597,
        0.9999992847442627,
        -9.867494372883812e-05,
        -0.0008794844034127891,
        0.00042896551894955337,
        9.918004070641473e-05,
        0.9999998807907104,
        -0.006170501001179218
    ],
    [
        0.9999991059303284,
        0.0013258416438475251,
        -0.0004885098314844072,
        -0.1452810913324356,
        -0.0013259164988994598,
        0.9999991655349731,
        -0.00015415044617839158,
        -0.0009240565705113113,
        0.0004883052315562963,
        0.0001547985739307478,
        0.9999998807907104,
        -0.006522174924612045
    ],
    [
        0.9999988675117493,
        0.0014084194554015994,
        -0.00046645611291751266,
        -0.14956778287887573,
        -0.0014084905851632357,
        0.9999990463256836,
        -0.00015101616736501455,
        -0.0009397289250046015,
        0.00046624281094409525,
        0.00015167283709160984,
        0.9999998807907104,
        -0.006796154193580151
    ],
    [
        0.9999986290931702,
        0.001567699946463108,
        -0.0006182258948683739,
        -0.1549278199672699,
        -0.0015677500050514936,
        0.9999988079071045,
        -8.050588803598657e-05,
        -0.0008825797704048455,
        0.0006180990021675825,
        8.147510379785672e-05,
        0.9999997615814209,
        -0.0067998142912983894
    ],
    [
        0.9999984502792358,
        0.0016545940889045596,
        -0.0005488352035172284,
        -0.16045162081718445,
        -0.001654595136642456,
        0.9999986886978149,
        -1.4489023669739254e-06,
        -0.0009505720809102058,
        0.0005488319438882172,
        2.3570976281916955e-06,
        0.9999998807907104,
        -0.0072142560966312885
    ],
    [
        0.9999984502792358,
        0.0016985288821160793,
        -0.00046278597437776625,
        -0.16564729809761047,
        -0.001698504202067852,
        0.9999985694885254,
        5.3993127949070185e-05,
        -0.0009779679821804166,
        0.00046287704026326537,
        -5.3207873861538246e-05,
        0.9999998807907104,
        -0.007446228060871363
    ],
    [
        0.9999985098838806,
        0.0017060079844668508,
        -0.00037556796451099217,
        -0.17177560925483704,
        -0.0017059642123058438,
        0.9999985694885254,
        0.00011698788148351014,
        -0.0009432879742234945,
        0.00037576700560748577,
        -0.0001163461129181087,
        0.9999998807907104,
        -0.007830643095076084
    ]
]