[
    [
        0.9786826372146606,
        -0.04202799126505852,
        0.2010321170091629,
        0.2639712393283844,
        0.03522529825568199,
        0.9986832141876221,
        0.03729879856109619,
        -0.09090448915958405,
        -0.20233497023582458,
        -0.029422273859381676,
        0.9788742661476135,
        0.7439444065093994
    ],
    [
        0.9712796807289124,
        -0.046780798584222794,
        0.23329642415046692,
        0.35313495993614197,
        0.0378105491399765,
        0.9983688592910767,
        0.042777661234140396,
        -0.113863006234169,
        -0.2349170744419098,
        -0.03272801265120506,
        0.971464216709137,
        0.90889573097229
    ],
    [
        0.9605209827423096,
        -0.04865766689181328,
        0.27391934394836426,
        0.4147599935531616,
        0.03692905977368355,
        0.9981732964515686,
        0.047815706580877304,
        -0.13738274574279785,
        -0.27574557065963745,
        -0.035812411457300186,
        0.9605633020401001,
        1.1060078144073486
    ],
    [
        0.9519963264465332,
        -0.05051000788807869,
        0.30191361904144287,
        0.494907021522522,
        0.03686192259192467,
        0.998031497001648,
        0.0507369190454483,
        -0.16436667740345,
        -0.30388206243515015,
        -0.037172235548496246,
        0.9519842267036438,
        1.2944493293762207
    ],
    [
        0.9476040601730347,
        -0.053745292127132416,
        0.3148936629295349,
        0.6048058867454529,
        0.039698969572782516,
        0.9979166388511658,
        0.050856608897447586,
        -0.18734587728977203,
        -0.31697091460227966,
        -0.035690970718860626,
        0.9477634429931641,
        1.4641493558883667
    ],
    [
        0.9459295272827148,
        -0.059232261031866074,
        0.31891804933547974,
        0.7317012548446655,
        0.044631801545619965,
        0.9976018071174622,
        0.05290281027555466,
        -0.21966113150119781,
        -0.32128676772117615,
        -0.035808444023132324,
        0.9463046193122864,
        1.6274805068969727
    ],
    [
        0.9439008831977844,
        -0.060774728655815125,
        0.32458823919296265,
        0.8371684551239014,
        0.04613097757101059,
        0.9975481033325195,
        0.052628666162490845,
        -0.24356183409690857,
        -0.3269908130168915,
        -0.03470267355442047,
        0.944390058517456,
        1.8017176389694214
    ],
    [
        0.943095862865448,
        -0.060783062130212784,
        0.3269183039665222,
        0.9351023435592651,
        0.045096274465322495,
        0.9974476099014282,
        0.05535878986120224,
        -0.26957452297210693,
        -0.32944875955581665,
        -0.03746584802865982,
        0.9434298872947693,
        1.9727745056152344
    ],
    [
        0.9458476901054382,
        -0.05804364010691643,
        0.31937935948371887,
        1.0371290445327759,
        0.042413584887981415,
        0.9975470900535583,
        0.05568450316786766,
        -0.29397526383399963,
        -0.32182809710502625,
        -0.039123035967350006,
        0.9459894895553589,
        2.1230661869049072
    ],
    [
        0.9519436955451965,
        -0.05392608419060707,
        0.3014884293079376,
        1.1523914337158203,
        0.03931214660406113,
        0.997748613357544,
        0.05433615669608116,
        -0.31387782096862793,
        -0.3037397563457489,
        -0.03987280651926994,
        0.9519203901290894,
        2.2506823539733887
    ],
    [
        0.9597294330596924,
        -0.048721082508563995,
        0.2766689360141754,
        1.2810205221176147,
        0.036090053617954254,
        0.9980684518814087,
        0.05056684836745262,
        -0.3313782215118408,
        -0.2785981595516205,
        -0.03854549676179886,
        0.9596338868141174,
        2.3979289531707764
    ],
    [
        0.9662419557571411,
        -0.04278337210416794,
        0.2540590763092041,
        1.3846361637115479,
        0.03147811442613602,
        0.9983319044113159,
        0.04840026795864105,
        -0.35287362337112427,
        -0.25570595264434814,
        -0.03876907750964165,
        0.9659770131111145,
        2.5515048503875732
    ],
    [
        0.9723594784736633,
        -0.03686760738492012,
        0.23056000471115112,
        1.4825035333633423,
        0.026601003482937813,
        0.9985178709030151,
        0.047481048852205276,
        -0.37472426891326904,
        -0.23196877539157867,
        -0.040035516023635864,
        0.9718989729881287,
        2.6866612434387207
    ],
    [
        0.9775978326797485,
        -0.03320169448852539,
        0.207846537232399,
        1.597447156906128,
        0.024035679176449776,
        0.9986304044723511,
        0.04647175967693329,
        -0.39348888397216797,
        -0.20910483598709106,
        -0.040434956550598145,
        0.9770567417144775,
        2.827451705932617
    ],
    [
        0.983433187007904,
        -0.027960678562521935,
        0.17910197377204895,
        1.7377289533615112,
        0.019879445433616638,
        0.9987084269523621,
        0.04675803706049919,
        -0.41565820574760437,
        -0.18017785251140594,
        -0.04242295026779175,
        0.982718825340271,
        2.9607017040252686
    ],
    [
        0.9877232909202576,
        -0.02336563915014267,
        0.15445637702941895,
        1.8668352365493774,
        0.016300799325108528,
        0.9987689852714539,
        0.046849511563777924,
        -0.4385891258716583,
        -0.15536080300807953,
        -0.043756600469350815,
        0.9868881106376648,
        3.0964505672454834
    ],
    [
        0.9907512068748474,
        -0.018213137984275818,
        0.13446341454982758,
        1.9731776714324951,
        0.012248295359313488,
        0.9989094138145447,
        0.04505545273423195,
        -0.4581935405731201,
        -0.13513727486133575,
        -0.04299180954694748,
        0.9898936152458191,
        3.235689640045166
    ],
    [
        0.9935933947563171,
        -0.013147136196494102,
        0.11224697530269623,
        2.0649616718292236,
        0.008564257994294167,
        0.9991136789321899,
        0.04121331498026848,
        -0.47188103199005127,
        -0.11268936097621918,
        -0.039987970143556595,
        0.9928252696990967,
        3.3539698123931885
    ],
    [
        0.9969199299812317,
        -0.005840458441525698,
        0.07820813357830048,
        2.1685314178466797,
        0.0029040779918432236,
        0.9992883801460266,
        0.03760705143213272,
        -0.4929039776325226,
        -0.0783720389008522,
        -0.03726410120725632,
        0.9962275624275208,
        3.4788529872894287
    ],
    [
        0.9994359612464905,
        -0.0009414961677975953,
        0.03356737643480301,
        2.284949541091919,
        -8.036228973651305e-05,
        0.9995368719100952,
        0.030427539721131325,
        -0.5104832053184509,
        -0.03358037397265434,
        -0.030413080006837845,
        0.9989731311798096,
        3.588144302368164
    ],
    [
        0.9998766779899597,
        0.004664193838834763,
        -0.01499825157225132,
        2.399549961090088,
        -0.004398596007376909,
        0.9998337626457214,
        0.017693357542157173,
        -0.5190248489379883,
        0.015078232623636723,
        -0.017625214532017708,
        0.9997310638427734,
        3.6965219974517822
    ],
    [
        0.9984526038169861,
        0.013926281593739986,
        -0.053835369646549225,
        2.4760334491729736,
        -0.013853841461241245,
        0.999902606010437,
        0.0017181624425575137,
        -0.5287761092185974,
        0.053853992372751236,
        -0.0009696768247522414,
        0.9985483288764954,
        3.799467086791992
    ],
    [
        0.9950487613677979,
        0.01809210516512394,
        -0.09772749245166779,
        2.5621049404144287,
        -0.019471580162644386,
        0.999723494052887,
        -0.01318009477108717,
        -0.555026650428772,
        0.09746208786964417,
        0.01501774974167347,
        0.995125949382782,
        3.891706705093384
    ],
    [
        0.9893215298652649,
        0.020275989547371864,
        -0.14433233439922333,
        2.6418440341949463,
        -0.024649450555443764,
        0.9992876052856445,
        -0.028577659279108047,
        -0.581418514251709,
        0.14365006983280182,
        0.03183019906282425,
        0.9891166090965271,
        3.9750068187713623
    ],
    [
        0.979405403137207,
        0.02070353738963604,
        -0.2008390873670578,
        2.7360870838165283,
        -0.02943091094493866,
        0.9987432956695557,
        -0.04056620970368385,
        -0.6069271564483643,
        0.19974681735038757,
        0.045641642063856125,
        0.9787839651107788,
        4.041736125946045
    ]
]