[
    [
        0.9955757856369019,
        -0.001917275250889361,
        -0.09394245594739914,
        0.26107293367385864,
        0.0032803888898342848,
        0.9998915791511536,
        0.014357817359268665,
        -0.016827581450343132,
        0.09390473365783691,
        -0.014602462761104107,
        0.9954740405082703,
        0.1947982907295227
    ],
    [
        0.9911392331123352,
        0.005496917758136988,
        -0.13271334767341614,
        0.35597825050354004,
        -0.0033174087293446064,
        0.9998560547828674,
        0.01663821004331112,
        -0.017439572140574455,
        0.13278570771217346,
        -0.016050519421696663,
        0.9910147786140442,
        0.2803272604942322
    ],
    [
        0.9845322370529175,
        0.01273166574537754,
        -0.1747397631406784,
        0.4582643210887909,
        -0.010106979869306087,
        0.9998224973678589,
        0.015902258455753326,
        -0.0263177752494812,
        0.17491118609905243,
        -0.01389019563794136,
        0.9844862222671509,
        0.3710797429084778
    ],
    [
        0.9753918647766113,
        0.01408526673913002,
        -0.22002778947353363,
        0.5529569983482361,
        -0.011049598455429077,
        0.9998260736465454,
        0.01502142008394003,
        -0.03739597275853157,
        0.22020110487937927,
        -0.012220553122460842,
        0.9753779172897339,
        0.4571705162525177
    ],
    [
        0.9626983404159546,
        0.013369224965572357,
        -0.27024635672569275,
        0.6628878712654114,
        -0.008971336297690868,
        0.9998066425323486,
        0.017502350732684135,
        -0.04704231768846512,
        0.2704280912876129,
        -0.014425014145672321,
        0.9626321792602539,
        0.5598717331886292
    ],
    [
        0.9476896524429321,
        0.017022382467985153,
        -0.31873899698257446,
        0.7840197086334229,
        -0.011682174168527126,
        0.9997576475143433,
        0.0186584684997797,
        -0.06365269422531128,
        0.31897932291030884,
        -0.013958875089883804,
        0.947658896446228,
        0.6602435111999512
    ],
    [
        0.9325271844863892,
        0.020910346880555153,
        -0.3604937791824341,
        0.8888475298881531,
        -0.015044502913951874,
        0.999704897403717,
        0.019070403650403023,
        -0.06887609511613846,
        0.3607860803604126,
        -0.012360217981040478,
        0.9325666427612305,
        0.7610057592391968
    ],
    [
        0.9145914912223816,
        0.023067036643624306,
        -0.40372052788734436,
        0.9763535261154175,
        -0.014852285385131836,
        0.9996143579483032,
        0.0234676506370306,
        -0.07609687000513077,
        0.40410616993904114,
        -0.015467144548892975,
        0.9145812392234802,
        0.8774555325508118
    ],
    [
        0.8920737504959106,
        0.02767433412373066,
        -0.4510417580604553,
        1.0732356309890747,
        -0.015951007604599,
        0.9994294047355652,
        0.02977346070110798,
        -0.09383521229028702,
        0.4516083598136902,
        -0.019365550950169563,
        0.8920061588287354,
        1.0058388710021973
    ],
    [
        0.869367241859436,
        0.03561986982822418,
        -0.4928812086582184,
        1.149328351020813,
        -0.0199881698936224,
        0.9991171956062317,
        0.036948785185813904,
        -0.10342631489038467,
        0.49376219511032104,
        -0.022270265966653824,
        0.8693117499351501,
        1.1171865463256836
    ],
    [
        0.8421140909194946,
        0.042841292917728424,
        -0.5375950336456299,
        1.233456015586853,
        -0.022857820615172386,
        0.998779296875,
        0.04378778487443924,
        -0.11162646859884262,
        0.5388148427009583,
        -0.024586064741015434,
        0.8420653939247131,
        1.2375730276107788
    ],
    [
        0.8112615942955017,
        0.05275190994143486,
        -0.5822988152503967,
        1.3244297504425049,
        -0.03167249262332916,
        0.9984242916107178,
        0.0463235005736351,
        -0.12038508802652359,
        0.5838248133659363,
        -0.01913762092590332,
        0.8116540312767029,
        1.351825475692749
    ],
    [
        0.778596818447113,
        0.06403043121099472,
        -0.6242492198944092,
        1.3985003232955933,
        -0.04555132985115051,
        0.9979231953620911,
        0.045544836670160294,
        -0.12260039895772934,
        0.62586909532547,
        -0.007025682833045721,
        0.7798964977264404,
        1.4616180658340454
    ],
    [
        0.7441346645355225,
        0.07239902764558792,
        -0.664094865322113,
        1.4571458101272583,
        -0.057254571467638016,
        0.9973639249801636,
        0.04457657039165497,
        -0.12658913433551788,
        0.6655715703964233,
        0.004851498641073704,
        0.7463182210922241,
        1.5837007761001587
    ],
    [
        0.703288197517395,
        0.07762302458286285,
        -0.70665442943573,
        1.4976242780685425,
        -0.06365262717008591,
        0.9969040751457214,
        0.04615633189678192,
        -0.14060278236865997,
        0.708049476146698,
        0.012519205920398235,
        0.7060518860816956,
        1.716140866279602
    ],
    [
        0.6597733497619629,
        0.07974527776241302,
        -0.7472214698791504,
        1.5223050117492676,
        -0.06728363782167435,
        0.9966285228729248,
        0.046953242272138596,
        -0.15310771763324738,
        0.748446524143219,
        0.01929728128015995,
        0.6629144549369812,
        1.8409709930419922
    ],
    [
        0.6046387553215027,
        0.07886509597301483,
        -0.7925856709480286,
        1.5497856140136719,
        -0.06721595674753189,
        0.9965886473655701,
        0.04788714274764061,
        -0.16310040652751923,
        0.793658435344696,
        0.02431998774409294,
        0.6078771948814392,
        1.9928919076919556
    ],
    [
        0.5494630932807922,
        0.07992587983608246,
        -0.83168625831604,
        1.5736100673675537,
        -0.0673086941242218,
        0.9964131116867065,
        0.05128802731633186,
        -0.17743468284606934,
        0.8328023552894592,
        0.027798838913440704,
        0.5528719425201416,
        2.130753755569458
    ],
    [
        0.4911855459213257,
        0.0806947574019432,
        -0.8673092126846313,
        1.568232774734497,
        -0.07079879194498062,
        0.996103823184967,
        0.052582185715436935,
        -0.1746075600385666,
        0.8681728839874268,
        0.03557683527469635,
        0.4949847459793091,
        2.236541271209717
    ],
    [
        0.4297954738140106,
        0.08318571001291275,
        -0.8990861773490906,
        1.5292648077011108,
        -0.07702072709798813,
        0.9954954385757446,
        0.05528705194592476,
        -0.17272892594337463,
        0.8996351957321167,
        0.04548614099621773,
        0.43426650762557983,
        2.330054759979248
    ],
    [
        0.36333325505256653,
        0.08465952426195145,
        -0.927804708480835,
        1.4810515642166138,
        -0.07647184282541275,
        0.9952124953269958,
        0.06086349114775658,
        -0.17874778807163239,
        0.9285154938697815,
        0.04883720725774765,
        0.3680679202079773,
        2.415099859237671
    ],
    [
        0.2919096052646637,
        0.08532310277223587,
        -0.9526326060295105,
        1.4292857646942139,
        -0.07200891524553299,
        0.9951466917991638,
        0.06706564128398895,
        -0.18256063759326935,
        0.9537314772605896,
        0.049020931124687195,
        0.2966368496417999,
        2.488114833831787
    ],
    [
        0.21619082987308502,
        0.08546007424592972,
        -0.9726036787033081,
        1.3805011510849,
        -0.0661446750164032,
        0.9951552152633667,
        0.07273893058300018,
        -0.19147896766662598,
        0.974108099937439,
        0.04860706254839897,
        0.22079619765281677,
        2.5600037574768066
    ],
    [
        0.13977229595184326,
        0.08470720797777176,
        -0.9865537881851196,
        1.3476841449737549,
        -0.06424042582511902,
        0.9950108528137207,
        0.07633192837238312,
        -0.2089885175228119,
        0.9880977272987366,
        0.052707549184560776,
        0.14451652765274048,
        2.6101558208465576
    ],
    [
        0.062004029750823975,
        0.08588975667953491,
        -0.9943733811378479,
        1.3244749307632446,
        -0.06556123495101929,
        0.9944891929626465,
        0.08181167393922806,
        -0.22145548462867737,
        0.9959203004837036,
        0.060119692236185074,
        0.06729337573051453,
        2.6382339000701904
    ]
]