[
    [
        0.6728506088256836,
        -0.21610546112060547,
        0.7075100541114807,
        1.1353901624679565,
        0.19981276988983154,
        0.9739241003990173,
        0.10745593160390854,
        0.12116118520498276,
        -0.7122828364372253,
        0.06906774640083313,
        0.6984860301017761,
        -0.6293433904647827
    ],
    [
        0.6671823859214783,
        -0.2176639884710312,
        0.7123834490776062,
        1.1422526836395264,
        0.2009567767381668,
        0.9734903573989868,
        0.10923749953508377,
        0.12228512018918991,
        -0.7172755599021912,
        0.07027693837881088,
        0.6932365894317627,
        -0.6383135318756104
    ],
    [
        0.661011815071106,
        -0.2188814878463745,
        0.7177424430847168,
        1.148324728012085,
        0.20191551744937897,
        0.9731150269508362,
        0.11080339550971985,
        0.12390971183776855,
        -0.7226988673210144,
        0.07168099284172058,
        0.6874361038208008,
        -0.6471890211105347
    ],
    [
        0.6549913287162781,
        -0.2198278307914734,
        0.7229536771774292,
        1.1543303728103638,
        0.20301267504692078,
        0.9727658629417419,
        0.11185978353023529,
        0.12680776417255402,
        -0.7278544306755066,
        0.07350155711174011,
        0.6817810535430908,
        -0.6562783718109131
    ],
    [
        0.6484840512275696,
        -0.22105710208415985,
        0.7284245491027832,
        1.1596245765686035,
        0.20401622354984283,
        0.9723702669143677,
        0.113461434841156,
        0.12867331504821777,
        -0.7333797216415405,
        0.07503246515989304,
        0.6756657958030701,
        -0.6645771265029907
    ],
    [
        0.6423505544662476,
        -0.22232678532600403,
        0.7334551215171814,
        1.165878176689148,
        0.2051021307706833,
        0.971961259841919,
        0.11499758064746857,
        0.13048619031906128,
        -0.7384569644927979,
        0.07656443119049072,
        0.6699396371841431,
        -0.6742069125175476
    ],
    [
        0.6355974078178406,
        -0.2240287810564041,
        0.7388009428977966,
        1.1711015701293945,
        0.20609620213508606,
        0.9714784026145935,
        0.11727766692638397,
        0.1309688836336136,
        -0.7440028190612793,
        0.07772272825241089,
        0.6636406183242798,
        -0.6832441687583923
    ],
    [
        0.6292747259140015,
        -0.22498925030231476,
        0.7439039945602417,
        1.1772527694702148,
        0.20715662837028503,
        0.9711080193519592,
        0.1184702143073082,
        0.13360220193862915,
        -0.7490656971931458,
        0.07955431193113327,
        0.657701849937439,
        -0.6934207677841187
    ],
    [
        0.6231734752655029,
        -0.22666853666305542,
        0.7485160231590271,
        1.1837882995605469,
        0.20833884179592133,
        0.9706087708473206,
        0.1204720214009285,
        0.1350877732038498,
        -0.7538233995437622,
        0.08086998760700226,
        0.6520814895629883,
        -0.7049359083175659
    ],
    [
        0.6164622902870178,
        -0.2282019853591919,
        0.7535901665687561,
        1.1901878118515015,
        0.20960743725299835,
        0.9701067209243774,
        0.12230148911476135,
        0.1371341049671173,
        -0.7589722275733948,
        0.08256383240222931,
        0.6458670496940613,
        -0.7160056233406067
    ],
    [
        0.6103423237800598,
        -0.23078763484954834,
        0.75777268409729,
        1.198500394821167,
        0.21073520183563232,
        0.969450831413269,
        0.12552137672901154,
        0.13619846105575562,
        -0.7635921835899353,
        0.08307838439941406,
        0.6403319239616394,
        -0.7283719778060913
    ],
    [
        0.6031458973884583,
        -0.23251046240329742,
        0.7629901766777039,
        1.2044278383255005,
        0.21189767122268677,
        0.9689056873321533,
        0.1277545839548111,
        0.13696156442165375,
        -0.768969714641571,
        0.08462116867303848,
        0.633659839630127,
        -0.7388564348220825
    ],
    [
        0.5959645509719849,
        -0.23413194715976715,
        0.7681201100349426,
        1.210729956626892,
        0.21298210322856903,
        0.9683789610862732,
        0.12992586195468903,
        0.13817289471626282,
        -0.7742511630058289,
        0.08616463094949722,
        0.6269854307174683,
        -0.7500203847885132
    ],
    [
        0.5890673995018005,
        -0.2364993840456009,
        0.7727015018463135,
        1.218080997467041,
        0.2144405096769333,
        0.9676809310913086,
        0.13269811868667603,
        0.1385553479194641,
        -0.7791115045547485,
        0.08753034472465515,
        0.6207443475723267,
        -0.7623337507247925
    ],
    [
        0.5810091495513916,
        -0.23851315677165985,
        0.7781645059585571,
        1.2233457565307617,
        0.21564429998397827,
        0.9670394659042358,
        0.13539601862430573,
        0.13889926671981812,
        -0.784809410572052,
        0.089140385389328,
        0.6132928133010864,
        -0.7733990550041199
    ],
    [
        0.5731868743896484,
        -0.24040530622005463,
        0.7833658456802368,
        1.229057788848877,
        0.21664908528327942,
        0.9664371609687805,
        0.13806602358818054,
        0.1395438313484192,
        -0.7902657389640808,
        0.09057788550853729,
        0.6060327291488647,
        -0.7856151461601257
    ],
    [
        0.5645361542701721,
        -0.24237854778766632,
        0.7890194058418274,
        1.2330961227416992,
        0.21777082979679108,
        0.9657809138298035,
        0.14086481928825378,
        0.13978426158428192,
        -0.7961626648902893,
        0.09230215847492218,
        0.59800124168396,
        -0.7967203855514526
    ],
    [
        0.5564329028129578,
        -0.2442992627620697,
        0.7941663861274719,
        1.2389150857925415,
        0.2187957912683487,
        0.9651468992233276,
        0.14359648525714874,
        0.14040696620941162,
        -0.8015676736831665,
        0.09385843575000763,
        0.5904910564422607,
        -0.8083376288414001
    ],
    [
        0.5476639866828918,
        -0.24576877057552338,
        0.7997886538505554,
        1.2428791522979736,
        0.21981355547904968,
        0.9645720720291138,
        0.1458856761455536,
        0.14185112714767456,
        -0.8073078989982605,
        0.09590806812047958,
        0.5822847485542297,
        -0.819796085357666
    ],
    [
        0.5392208099365234,
        -0.2478528469800949,
        0.804866373538971,
        1.2480809688568115,
        0.22048862278461456,
        0.9639237523078918,
        0.1491168886423111,
        0.14169283211231232,
        -0.8127888441085815,
        0.09705695509910583,
        0.5744165182113647,
        -0.8318142294883728
    ],
    [
        0.5298624634742737,
        -0.2501598298549652,
        0.81034916639328,
        1.2524943351745605,
        0.22199223935604095,
        0.963102400302887,
        0.15216176211833954,
        0.142545685172081,
        -0.8185140490531921,
        0.09926643967628479,
        0.5658453106880188,
        -0.8433197140693665
    ],
    [
        0.5207399725914001,
        -0.2516936957836151,
        0.8157695531845093,
        1.2571473121643066,
        0.22273030877113342,
        0.9625128507614136,
        0.15479101240634918,
        0.14377795159816742,
        -0.8241487145423889,
        0.10109075903892517,
        0.5572787523269653,
        -0.8555126190185547
    ],
    [
        0.5107921361923218,
        -0.25401443243026733,
        0.8213209509849548,
        1.2614386081695557,
        0.22353672981262207,
        0.961735188961029,
        0.158420130610466,
        0.14356938004493713,
        -0.8301341533660889,
        0.10267560929059982,
        0.5480283498764038,
        -0.867239773273468
    ],
    [
        0.5011590123176575,
        -0.2568072974681854,
        0.826371431350708,
        1.2668801546096802,
        0.22389596700668335,
        0.9609137177467346,
        0.1628350168466568,
        0.14238165318965912,
        -0.8358889222145081,
        0.10341498255729675,
        0.5390687584877014,
        -0.8808702230453491
    ],
    [
        0.48786070942878723,
        -0.2604457139968872,
        0.8331626057624817,
        1.2736358642578125,
        0.22487370669841766,
        0.959736704826355,
        0.1683371663093567,
        0.14148227870464325,
        -0.8434593081474304,
        0.10523127019405365,
        0.5267851948738098,
        -0.8997379541397095
    ]
]