[
    [
        0.9999969005584717,
        0.0008773767040111125,
        0.0023649255745112896,
        -0.16779851913452148,
        -0.0008628084324300289,
        0.9999807476997375,
        -0.006153853610157967,
        0.005536628887057304,
        -0.0023702788166701794,
        0.006151793524622917,
        0.9999783039093018,
        0.3503855764865875
    ],
    [
        0.9999930262565613,
        0.0016208214219659567,
        0.0033711236901581287,
        -0.21959182620048523,
        -0.001599472831003368,
        0.9999787211418152,
        -0.006326083559542894,
        -0.004594853613525629,
        -0.0033813060726970434,
        0.006320647429674864,
        0.9999743700027466,
        0.47960159182548523
    ],
    [
        0.9999767541885376,
        0.0018248636042699218,
        0.006568686105310917,
        -0.2540338933467865,
        -0.001789217465557158,
        0.9999837279319763,
        -0.005428525153547525,
        -0.010136228986084461,
        -0.006578486412763596,
        0.005416646134108305,
        0.999963641166687,
        0.5790436863899231
    ],
    [
        0.9999465346336365,
        0.0014451529132202268,
        0.01024231594055891,
        -0.27961185574531555,
        -0.001376934116706252,
        0.9999768733978271,
        -0.0066644190810620785,
        -0.009031694382429123,
        -0.010251710191369057,
        0.006649959832429886,
        0.9999253749847412,
        0.7127875089645386
    ],
    [
        0.9999058842658997,
        0.0005309283151291311,
        0.013706456869840622,
        -0.2931782305240631,
        -0.00043928477680310607,
        0.9999775886535645,
        -0.006688282359391451,
        -0.0114663140848279,
        -0.013709698803722858,
        0.006681633181869984,
        0.9998836517333984,
        0.8362177014350891
    ],
    [
        0.9998453855514526,
        4.62356983916834e-05,
        0.01758296974003315,
        -0.3018544316291809,
        5.471669646794908e-05,
        0.9999836087226868,
        -0.005740979220718145,
        -0.03385992720723152,
        -0.01758294552564621,
        0.005741054192185402,
        0.9998288154602051,
        0.9926498532295227
    ],
    [
        0.9997974038124084,
        -0.00011750242993002757,
        0.020128579810261726,
        -0.3006626069545746,
        0.00023924255219753832,
        0.9999817609786987,
        -0.006045842543244362,
        -0.04648597538471222,
        -0.02012750133872032,
        0.006049435120075941,
        0.9997791647911072,
        1.1149871349334717
    ],
    [
        0.9997461438179016,
        -0.00038848977419547737,
        0.02253013476729393,
        -0.29583412408828735,
        0.0005301242927089334,
        0.9999801516532898,
        -0.006280803121626377,
        -0.05199892446398735,
        -0.022527245804667473,
        0.006291152443736792,
        0.9997263550758362,
        1.2184062004089355
    ],
    [
        0.9996643662452698,
        -0.0007090584258548915,
        0.02589581534266472,
        -0.28907498717308044,
        0.0008892014739103615,
        0.9999754428863525,
        -0.006945579778403044,
        -0.06116107851266861,
        -0.025890255346894264,
        0.006966275162994862,
        0.9996404647827148,
        1.3327362537384033
    ],
    [
        0.9995721578598022,
        -0.0008657549624331295,
        0.029236285015940666,
        -0.2872709333896637,
        0.0010517181362956762,
        0.9999793171882629,
        -0.006345916539430618,
        -0.06334992498159409,
        -0.029230182990431786,
        0.006373950280249119,
        0.999552309513092,
        1.4382514953613281
    ],
    [
        0.9994311332702637,
        -0.0006933451513759792,
        0.03371908515691757,
        -0.29188230633735657,
        0.0009376409579999745,
        0.999973475933075,
        -0.007229731418192387,
        -0.07047009468078613,
        -0.03371318057179451,
        0.007257233373820782,
        0.9994051456451416,
        1.5794304609298706
    ],
    [
        0.9992516040802002,
        -0.0002855867496691644,
        0.038680996745824814,
        -0.2966294288635254,
        0.0005147772608324885,
        0.9999824166297913,
        -0.00591533537954092,
        -0.08319041132926941,
        -0.038678620010614395,
        0.0059308200143277645,
        0.9992340803146362,
        1.7022038698196411
    ],
    [
        0.9989669919013977,
        -0.0006317970692180097,
        0.04543531686067581,
        -0.2992993891239166,
        0.000975137809291482,
        0.9999711513519287,
        -0.007534927222877741,
        -0.10074693709611893,
        -0.04542924463748932,
        0.0075714499689638615,
        0.998938798904419,
        1.840181827545166
    ],
    [
        0.9985103011131287,
        -0.0007919322233647108,
        0.05455726012587547,
        -0.2891620993614197,
        0.001137463958002627,
        0.999979555606842,
        -0.006302618887275457,
        -0.11130406707525253,
        -0.0545511469244957,
        0.006355287507176399,
        0.9984906315803528,
        1.9336150884628296
    ],
    [
        0.9977455735206604,
        -0.0018294353503733873,
        0.06708487868309021,
        -0.2681523859500885,
        0.0022985737305134535,
        0.999973475933075,
        -0.006916677113622427,
        -0.12077681720256805,
        -0.06707044690847397,
        0.007055281661450863,
        0.9977233409881592,
        2.0162248611450195
    ],
    [
        0.9960026144981384,
        -0.0032088046427816153,
        0.08926710486412048,
        -0.2279750108718872,
        0.00385800888761878,
        0.9999673962593079,
        -0.0071010044775903225,
        -0.12362232059240341,
        -0.0892414003610611,
        0.007417012937366962,
        0.9959824085235596,
        2.112372636795044
    ],
    [
        0.9936489462852478,
        -0.0051656197756528854,
        0.112406425178051,
        -0.18272562325000763,
        0.006027748342603445,
        0.9999549388885498,
        -0.00733124278485775,
        -0.1231599971652031,
        -0.11236349493265152,
        0.007962239906191826,
        0.9936351776123047,
        2.199978828430176
    ],
    [
        0.9896790385246277,
        -0.00754033075645566,
        0.1431029736995697,
        -0.11927191913127899,
        0.008752294816076756,
        0.9999309778213501,
        -0.007841575890779495,
        -0.13845273852348328,
        -0.1430339515209198,
        0.009013121947646141,
        0.9896767735481262,
        2.3072361946105957
    ],
    [
        0.9849482774734497,
        -0.009399398230016232,
        0.1725941002368927,
        -0.06135866791009903,
        0.011106403544545174,
        0.999898374080658,
        -0.008927236311137676,
        -0.14600688219070435,
        -0.17249265313148499,
        0.010709764435887337,
        0.9849525094032288,
        2.384444236755371
    ],
    [
        0.9785438179969788,
        -0.011482649482786655,
        0.2057182788848877,
        0.0014158409321680665,
        0.013576526194810867,
        0.9998693466186523,
        -0.008769657462835312,
        -0.14827410876750946,
        -0.20559072494506836,
        0.011374435387551785,
        0.978571891784668,
        2.4456613063812256
    ],
    [
        0.9680402874946594,
        -0.01321037020534277,
        0.2504464089870453,
        0.07002731412649155,
        0.015698261559009552,
        0.9998452663421631,
        -0.007938717491924763,
        -0.1520034223794937,
        -0.25030282139778137,
        0.011616574600338936,
        0.9680978655815125,
        2.4979748725891113
    ],
    [
        0.9566973447799683,
        -0.015463677234947681,
        0.2906738221645355,
        0.12013749778270721,
        0.018609974533319473,
        0.9997943043708801,
        -0.00806269608438015,
        -0.1564512848854065,
        -0.2904893159866333,
        0.013122989796102047,
        0.9567882418632507,
        2.527043104171753
    ],
    [
        0.9379276633262634,
        -0.017355674877762794,
        0.3463961184024811,
        0.17875581979751587,
        0.021925413981080055,
        0.9997165203094482,
        -0.00927752535790205,
        -0.15517695248126984,
        -0.3461369574069977,
        0.016296526417136192,
        0.938042402267456,
        2.5582923889160156
    ],
    [
        0.9165409207344055,
        -0.019090140238404274,
        0.3994849920272827,
        0.22631889581680298,
        0.02448243461549282,
        0.9996650218963623,
        -0.00839933380484581,
        -0.15482580661773682,
        -0.3991908133029938,
        0.0174786988645792,
        0.9167013168334961,
        2.5809998512268066
    ],
    [
        0.878922164440155,
        -0.022710612043738365,
        0.47642457485198975,
        0.2755398750305176,
        0.029243655502796173,
        0.9995524287223816,
        -0.006302034482359886,
        -0.15874935686588287,
        -0.4760679602622986,
        0.01947140134871006,
        0.8791928291320801,
        2.6118226051330566
    ]
]