[
    [
        0.9999905228614807,
        0.00022534726304002106,
        0.004356727935373783,
        -0.008301636204123497,
        -0.00016232275811489671,
        0.9998953938484192,
        -0.014460907317698002,
        -0.14766567945480347,
        -0.004359530285000801,
        0.0144600635394454,
        0.9998859167098999,
        -0.0002534657542128116
    ],
    [
        0.9999914169311523,
        0.0003952465776819736,
        0.004136068746447563,
        -0.008249033242464066,
        -0.0003236634947825223,
        0.9998503923416138,
        -0.017293527722358704,
        -0.17922165989875793,
        -0.004142284858971834,
        0.017292041331529617,
        0.9998419284820557,
        -0.0009148007375188172
    ],
    [
        0.9999909996986389,
        0.00038664572639390826,
        0.004230070393532515,
        -0.008171948604285717,
        -0.000300864310702309,
        0.9997947216033936,
        -0.020260894671082497,
        -0.22249160706996918,
        -0.004237035755068064,
        0.020259439945220947,
        0.9997857213020325,
        -0.0019495305605232716
    ],
    [
        0.9999898672103882,
        0.0003936486318707466,
        0.004501815885305405,
        -0.00832222681492567,
        -0.000285628397250548,
        0.9997125864028931,
        -0.02397041954100132,
        -0.2654529809951782,
        -0.0045099579729139805,
        0.02396889217197895,
        0.999702513217926,
        -0.002986809704452753
    ],
    [
        0.9999867677688599,
        0.0005709100514650345,
        0.0051241000182926655,
        -0.009229954332113266,
        -0.000431130058132112,
        0.9996289610862732,
        -0.027238694950938225,
        -0.3089956045150757,
        -0.00513774948194623,
        0.027236122637987137,
        0.9996157884597778,
        -0.00395667040720582
    ],
    [
        0.9999855160713196,
        0.000566088012419641,
        0.00534539669752121,
        -0.009798196144402027,
        -0.0004014768928755075,
        0.999527096748352,
        -0.03074592538177967,
        -0.3516954481601715,
        -0.005360274109989405,
        0.03074333816766739,
        0.9995129108428955,
        -0.005564556922763586
    ],
    [
        0.9999858140945435,
        0.0007894939044490457,
        0.005277825985103846,
        -0.009202755987644196,
        -0.0006067251088097692,
        0.9994029998779297,
        -0.034541741013526917,
        -0.3953845798969269,
        -0.005301946774125099,
        0.03453804925084114,
        0.9993894100189209,
        -0.007415804546326399
    ],
    [
        0.9999856352806091,
        0.0007359366863965988,
        0.0053021847270429134,
        -0.009272133000195026,
        -0.0005322372308000922,
        0.9992654919624329,
        -0.03831756114959717,
        -0.4404442310333252,
        -0.005326488520950079,
        0.03831418976187706,
        0.9992515444755554,
        -0.009190271608531475
    ],
    [
        0.9999880194664001,
        0.000986643717624247,
        0.004805517848581076,
        -0.0076491618528962135,
        -0.0007843762286938727,
        0.9991209506988525,
        -0.0419120267033577,
        -0.48594915866851807,
        -0.004842645954340696,
        0.04190775007009506,
        0.9991098046302795,
        -0.01148876454681158
    ],
    [
        0.9999872446060181,
        0.0009890770306810737,
        0.004964121151715517,
        -0.007691740058362484,
        -0.0007607981096953154,
        0.9989513158798218,
        -0.0457787960767746,
        -0.5312908887863159,
        -0.005004194099456072,
        0.0457744337618351,
        0.9989392161369324,
        -0.01352636143565178
    ],
    [
        0.9999865889549255,
        0.0011235028505325317,
        0.005074136424809694,
        -0.007431369740515947,
        -0.0008737104362808168,
        0.9988001585006714,
        -0.04896526411175728,
        -0.5762191414833069,
        -0.005123059265315533,
        0.048960164189338684,
        0.9987875819206238,
        -0.015949320048093796
    ],
    [
        0.9999846816062927,
        0.0012570138787850738,
        0.005383599549531937,
        -0.008832964114844799,
        -0.0009703440591692924,
        0.9985980987548828,
        -0.05292416736483574,
        -0.615902304649353,
        -0.005442578811198473,
        0.05291812866926193,
        0.9985840320587158,
        -0.018608801066875458
    ],
    [
        0.9999820590019226,
        0.001378801534883678,
        0.005820733495056629,
        -0.009691323153674603,
        -0.0010547955753281713,
        0.9984689950942993,
        -0.055304791778326035,
        -0.6535083651542664,
        -0.0058880760334432125,
        0.05529766157269478,
        0.9984525442123413,
        -0.020755331963300705
    ],
    [
        0.999981701374054,
        0.0013914278242737055,
        0.00589232100173831,
        -0.009999627247452736,
        -0.0010520172072574496,
        0.9983611106872559,
        -0.05721830949187279,
        -0.679932713508606,
        -0.005962279625236988,
        0.05721106752753258,
        0.9983443021774292,
        -0.022578541189432144
    ],
    [
        0.9999827742576599,
        0.0013571985764428973,
        0.005704386625438929,
        -0.0097243282943964,
        -0.001013844390399754,
        0.998211681842804,
        -0.0597689226269722,
        -0.7100110054016113,
        -0.0057753040455281734,
        0.05976211279630661,
        0.9981959462165833,
        -0.024676397442817688
    ],
    [
        0.9999845027923584,
        0.0013386955251917243,
        0.005405488424003124,
        -0.009232200682163239,
        -0.0010020502377301455,
        0.9980875849723816,
        -0.061807721853256226,
        -0.7379364371299744,
        -0.005477892700582743,
        0.06180134415626526,
        0.9980733394622803,
        -0.026386043056845665
    ],
    [
        0.9999852180480957,
        0.001293912879191339,
        0.005284999031573534,
        -0.008752986788749695,
        -0.000951958994846791,
        0.9979365468025208,
        -0.06420005112886429,
        -0.7620609998703003,
        -0.005357162095606327,
        0.06419407576322556,
        0.9979230761528015,
        -0.027709681540727615
    ],
    [
        0.9999846816062927,
        0.0014148405753076077,
        0.005342869553714991,
        -0.008286422118544579,
        -0.0010548423742875457,
        0.9977664947509766,
        -0.06679079681634903,
        -0.7861685156822205,
        -0.005425435025244951,
        0.06678415089845657,
        0.9977527260780334,
        -0.028861764818429947
    ],
    [
        0.9999868869781494,
        0.001268810941837728,
        0.004973881877958775,
        -0.006334195379167795,
        -0.000923392188269645,
        0.9976270198822021,
        -0.06884346157312393,
        -0.8152539134025574,
        -0.005049428436905146,
        0.0688379630446434,
        0.9976150989532471,
        -0.030129700899124146
    ],
    [
        0.9999908208847046,
        0.0010157155338674784,
        0.004159155301749706,
        -0.004069072660058737,
        -0.0007202405831776559,
        0.9975159168243408,
        -0.07043713331222534,
        -0.8407719731330872,
        -0.0042203678749501705,
        0.07043349742889404,
        0.9975075721740723,
        -0.031274423003196716
    ],
    [
        0.9999918341636658,
        0.0009523715707473457,
        0.003914101980626583,
        -0.002644128631800413,
        -0.0006709063891321421,
        0.9974551796913147,
        -0.07129284739494324,
        -0.8641567826271057,
        -0.00397203816100955,
        0.07128964364528656,
        0.9974477291107178,
        -0.032061945647001266
    ],
    [
        0.9999889135360718,
        0.0010672513162717223,
        0.004585749004036188,
        -0.004115016665309668,
        -0.0007241706480272114,
        0.9972449541091919,
        -0.07417502999305725,
        -0.8904551863670349,
        -0.0046522789634764194,
        0.07417088747024536,
        0.9972347617149353,
        -0.033842843025922775
    ],
    [
        0.9999896883964539,
        0.0011635470436885953,
        0.004399494268000126,
        -0.0038569006137549877,
        -0.0008187220664694905,
        0.9969854950904846,
        -0.07758303731679916,
        -0.9178662300109863,
        -0.004476503934711218,
        0.07757863402366638,
        0.9969762563705444,
        -0.03632442280650139
    ],
    [
        0.9999880790710449,
        0.0015235500177368522,
        0.004654753487557173,
        -0.004770591389387846,
        -0.001147487317211926,
        0.9968141913414001,
        -0.07975112646818161,
        -0.9468749761581421,
        -0.004761428572237492,
        0.07974483072757721,
        0.996803879737854,
        -0.03941532224416733
    ],
    [
        0.9999865293502808,
        0.0022403267212212086,
        0.004693281836807728,
        -0.006190090905874968,
        -0.001853380468674004,
        0.9967215657234192,
        -0.0808870792388916,
        -0.9775646328926086,
        -0.0048591080121695995,
        0.08087728172540665,
        0.9967122077941895,
        -0.0421677865087986
    ]
]