[
    [
        0.9999608397483826,
        0.0022856772411614656,
        0.00856027752161026,
        0.0568140372633934,
        -0.002156658796593547,
        0.9998843669891357,
        -0.015050757676362991,
        0.16642995178699493,
        -0.00859368871897459,
        0.015031705610454082,
        0.9998500347137451,
        0.009071961976587772
    ],
    [
        0.9999544024467468,
        0.0024042883887887,
        0.009244571439921856,
        0.06260674446821213,
        -0.0022556756157428026,
        0.999868631362915,
        -0.01605258509516716,
        0.18237580358982086,
        -0.009281951002776623,
        0.01603100262582302,
        0.9998283386230469,
        0.01311449334025383
    ],
    [
        0.9999521970748901,
        0.002494553104043007,
        0.0094583285972476,
        0.0679166316986084,
        -0.0023359910119324923,
        0.9998571276664734,
        -0.01673842780292034,
        0.19833116233348846,
        -0.00949873123317957,
        0.016715532168745995,
        0.9998151659965515,
        0.016643283888697624
    ],
    [
        0.9999528527259827,
        0.0023930780589580536,
        0.009423152543604374,
        0.07374649494886398,
        -0.002230095909908414,
        0.9998483657836914,
        -0.01726861111819744,
        0.21883077919483185,
        -0.009463047608733177,
        0.017246780917048454,
        0.9998065829277039,
        0.0208157729357481
    ],
    [
        0.9999520182609558,
        0.002425872255116701,
        0.009486328810453415,
        0.07843312621116638,
        -0.002260837471112609,
        0.9998465776443481,
        -0.01736937277019024,
        0.23402777314186096,
        -0.009527008980512619,
        0.017347091808915138,
        0.9998041987419128,
        0.02361191436648369
    ],
    [
        0.9999490976333618,
        0.002566897077485919,
        0.009766291826963425,
        0.08406898379325867,
        -0.002398055512458086,
        0.9998482465744019,
        -0.017260700464248657,
        0.25493472814559937,
        -0.009809114970266819,
        0.01723640039563179,
        0.999803364276886,
        0.02748284675180912
    ],
    [
        0.9999476075172424,
        0.0027348066214472055,
        0.009860512800514698,
        0.08811721950769424,
        -0.0025664602871984243,
        0.9998514652252197,
        -0.017045125365257263,
        0.27050796151161194,
        -0.009905661456286907,
        0.01701892539858818,
        0.9998061060905457,
        0.030270257964730263
    ],
    [
        0.9999486804008484,
        0.0030766716226935387,
        0.009662381373345852,
        0.0924733355641365,
        -0.002911123912781477,
        0.9998494982719421,
        -0.017100881785154343,
        0.28596797585487366,
        -0.00971354078501463,
        0.017071876674890518,
        0.9998070597648621,
        0.03325412794947624
    ],
    [
        0.9999505281448364,
        0.003165436675772071,
        0.009435371495783329,
        0.0973842516541481,
        -0.003005135804414749,
        0.9998517036437988,
        -0.016955344006419182,
        0.30680423974990845,
        -0.009487641975283623,
        0.016926150768995285,
        0.9998117089271545,
        0.03741779550909996
    ],
    [
        0.9999496340751648,
        0.003136856947094202,
        0.009534620679914951,
        0.10006698220968246,
        -0.0029766629450023174,
        0.9998548626899719,
        -0.016769304871559143,
        0.3220077157020569,
        -0.009585840627551079,
        0.01674007810652256,
        0.999813973903656,
        0.04073674604296684
    ],
    [
        0.9999475479125977,
        0.003229933325201273,
        0.009725512936711311,
        0.10339924693107605,
        -0.0030684652738273144,
        0.999858021736145,
        -0.016571901738643646,
        0.3415940999984741,
        -0.009777656756341457,
        0.016541188582777977,
        0.9998154044151306,
        0.04552309960126877
    ],
    [
        0.9999434947967529,
        0.0031192186288535595,
        0.010161181911826134,
        0.10569276660680771,
        -0.002949846675619483,
        0.9998571872711182,
        -0.01664113812148571,
        0.35618144273757935,
        -0.010211636312305927,
        0.016610223799943924,
        0.9998099207878113,
        0.049535416066646576
    ],
    [
        0.9999382495880127,
        0.0031859742011874914,
        0.010647500865161419,
        0.10798649489879608,
        -0.00301133980974555,
        0.9998613595962524,
        -0.016377395018935204,
        0.37516605854034424,
        -0.01069820299744606,
        0.01634432002902031,
        0.999809205532074,
        0.05420415848493576
    ],
    [
        0.9999361038208008,
        0.003348391270264983,
        0.010802432894706726,
        0.10878323018550873,
        -0.0031718865502625704,
        0.9998618960380554,
        -0.01631532981991768,
        0.3892534077167511,
        -0.010855570435523987,
        0.016280021518468857,
        0.9998084902763367,
        0.05658193677663803
    ],
    [
        0.9999366998672485,
        0.0033120745792984962,
        0.010754605755209923,
        0.10981333255767822,
        -0.0031385153997689486,
        0.9998652935028076,
        -0.01611512154340744,
        0.4039435088634491,
        -0.010806530714035034,
        0.016080345958471298,
        0.9998123049736023,
        0.05770500376820564
    ],
    [
        0.9999372959136963,
        0.0035103228874504566,
        0.010636099614202976,
        0.11072298139333725,
        -0.0033420887775719166,
        0.999869704246521,
        -0.015793947502970695,
        0.4240933954715729,
        -0.010690154507756233,
        0.015757407993078232,
        0.999818742275238,
        0.05786636471748352
    ],
    [
        0.9999373555183411,
        0.0033796692732721567,
        0.010674444027245045,
        0.11167142540216446,
        -0.0032129238825291395,
        0.999873161315918,
        -0.015599679201841354,
        0.438702791929245,
        -0.010725812055170536,
        0.015564406290650368,
        0.9998213648796082,
        0.05818503722548485
    ],
    [
        0.9999336004257202,
        0.0035370877012610435,
        0.010972816497087479,
        0.11371342092752457,
        -0.003367857774719596,
        0.9998757243156433,
        -0.015402935445308685,
        0.4568934738636017,
        -0.011025933548808098,
        0.015364957973361015,
        0.999821126461029,
        0.05867039039731026
    ],
    [
        0.9999290108680725,
        0.0034543906804174185,
        0.011399797163903713,
        0.11612050235271454,
        -0.0032802114728838205,
        0.9998782277107239,
        -0.015262673608958721,
        0.46881821751594543,
        -0.01145112980157137,
        0.015224196948111057,
        0.9998186230659485,
        0.06016569957137108
    ],
    [
        0.9999246001243591,
        0.003419926157221198,
        0.011796959675848484,
        0.11936123669147491,
        -0.003242508741095662,
        0.9998818039894104,
        -0.015025722794234753,
        0.47980278730392456,
        -0.011846952140331268,
        0.01498633623123169,
        0.9998175501823425,
        0.06112177297472954
    ],
    [
        0.9999223351478577,
        0.0036585251800715923,
        0.011922440491616726,
        0.1238059252500534,
        -0.003480121260508895,
        0.9998822212219238,
        -0.014950159937143326,
        0.4937472939491272,
        -0.011975731700658798,
        0.014907504431903362,
        0.9998171925544739,
        0.06193572282791138
    ],
    [
        0.9999244809150696,
        0.003663403680548072,
        0.011728178709745407,
        0.12629282474517822,
        -0.0034883462358266115,
        0.9998827576637268,
        -0.014912057667970657,
        0.5039074420928955,
        -0.011781432665884495,
        0.014870020560920238,
        0.9998200535774231,
        0.06146494671702385
    ],
    [
        0.9999290704727173,
        0.003914903849363327,
        0.0112476646900177,
        0.12674514949321747,
        -0.003747539361938834,
        0.9998825788497925,
        -0.014862592332065105,
        0.5171830058097839,
        -0.011304529383778572,
        0.01481938548386097,
        0.9998263716697693,
        0.05935150757431984
    ],
    [
        0.9999369978904724,
        0.004094736650586128,
        0.010452043265104294,
        0.1251307874917984,
        -0.0039419978857040405,
        0.9998857378959656,
        -0.014592387713491917,
        0.5271515250205994,
        -0.010510600171983242,
        0.014550267718732357,
        0.9998389482498169,
        0.056464001536369324
    ],
    [
        0.9999426603317261,
        0.003825470106676221,
        0.010004127398133278,
        0.12071826308965683,
        -0.0036811060272157192,
        0.9998894333839417,
        -0.014409245923161507,
        0.5413177013397217,
        -0.010058144107460976,
        0.014371594414114952,
        0.9998461008071899,
        0.05315520241856575
    ]
]