[
    [
        0.9999942183494568,
        0.002435915172100067,
        -0.00237830588594079,
        -0.10349544137716293,
        -0.002570762997493148,
        0.9982872009277344,
        -0.05844720080494881,
        -0.023070761933922768,
        0.0022318600676953793,
        0.058452971279621124,
        0.9982876181602478,
        0.006126293446868658
    ],
    [
        0.9999929666519165,
        0.0026701984461396933,
        -0.002663522493094206,
        -0.11229508370161057,
        -0.002830646699294448,
        0.9980611801147461,
        -0.062175311148166656,
        -0.02453022450208664,
        0.0024923377204686403,
        0.062182407826185226,
        0.9980617165565491,
        0.00553689431399107
    ],
    [
        0.9999903440475464,
        0.002909226343035698,
        -0.003339573973789811,
        -0.12523823976516724,
        -0.0031288445461541414,
        0.9976968169212341,
        -0.06775955110788345,
        -0.02713048830628395,
        0.0031347547192126513,
        0.06776933372020721,
        0.9976961016654968,
        0.004968545865267515
    ],
    [
        0.9999865889549255,
        0.0033324791584163904,
        -0.00399381760507822,
        -0.13835227489471436,
        -0.0036164941266179085,
        0.997299313545227,
        -0.07335484027862549,
        -0.029226841405034065,
        0.0037385791074484587,
        0.07336829602718353,
        0.9972979426383972,
        0.003949928097426891
    ],
    [
        0.9999814629554749,
        0.003808768931776285,
        -0.004758954048156738,
        -0.1510649472475052,
        -0.004171085078269243,
        0.9968974590301514,
        -0.07860062271356583,
        -0.03158353641629219,
        0.004444817081093788,
        0.07861900329589844,
        0.9968948364257812,
        0.00398627482354641
    ],
    [
        0.9999772310256958,
        0.003983908798545599,
        -0.005455265287309885,
        -0.16457486152648926,
        -0.00442770030349493,
        0.9964630007743835,
        -0.08391546458005905,
        -0.033539868891239166,
        0.005101657938212156,
        0.08393770456314087,
        0.9964579939842224,
        0.0041229682974517345
    ],
    [
        0.9999695420265198,
        0.004328540526330471,
        -0.006500485353171825,
        -0.17843469977378845,
        -0.004888804629445076,
        0.9960370659828186,
        -0.08880391716957092,
        -0.03615099564194679,
        0.006090333219617605,
        0.08883298933506012,
        0.996027946472168,
        0.005239046178758144
    ],
    [
        0.9999596476554871,
        0.004907676950097084,
        -0.007536693941801786,
        -0.19184204936027527,
        -0.005592648405581713,
        0.9955817461013794,
        -0.0937318503856659,
        -0.03874397650361061,
        0.007043388672173023,
        0.09377022087574005,
        0.9955689311027527,
        0.006318700034171343
    ],
    [
        0.9999479055404663,
        0.005192415323108435,
        -0.008788923732936382,
        -0.20493854582309723,
        -0.006034138146787882,
        0.9951062202453613,
        -0.09862633049488068,
        -0.04234955459833145,
        0.008233804255723953,
        0.0986742377281189,
        0.9950857758522034,
        0.008488941937685013
    ],
    [
        0.9999375939369202,
        0.00560477189719677,
        -0.00966015737503767,
        -0.21376970410346985,
        -0.006560367997735739,
        0.9947717785835266,
        -0.10191253572702408,
        -0.044608473777770996,
        0.009038455784320831,
        0.10196955502033234,
        0.9947463870048523,
        0.009944019839167595
    ],
    [
        0.9999210238456726,
        0.006140216253697872,
        -0.010968858376145363,
        -0.22778315842151642,
        -0.007278971374034882,
        0.9942331314086914,
        -0.10699290037155151,
        -0.04754428192973137,
        0.010248644277453423,
        0.10706428438425064,
        0.994199275970459,
        0.012071626260876656
    ],
    [
        0.9999029636383057,
        0.006343317683786154,
        -0.012406283058226109,
        -0.24313989281654358,
        -0.007695011328905821,
        0.993663489818573,
        -0.11213181167840958,
        -0.05091298371553421,
        0.011616382747888565,
        0.11221639811992645,
        0.9936158657073975,
        0.014285861514508724
    ],
    [
        0.9998759627342224,
        0.006855926942080259,
        -0.014186009764671326,
        -0.25936493277549744,
        -0.008477581664919853,
        0.9930235743522644,
        -0.11761115491390228,
        -0.05450103431940079,
        0.013280709274113178,
        0.11771681159734726,
        0.9929584264755249,
        0.016006410121917725
    ],
    [
        0.9998493790626526,
        0.007346257101744413,
        -0.015721334144473076,
        -0.2746783494949341,
        -0.009225375950336456,
        0.992362916469574,
        -0.1230069026350975,
        -0.05889716371893883,
        0.014697630889713764,
        0.12313341349363327,
        0.9922812581062317,
        0.01913450099527836
    ],
    [
        0.9998177289962769,
        0.0076670399866998196,
        -0.01747966930270195,
        -0.2900948226451874,
        -0.009852403774857521,
        0.9916498064994812,
        -0.128583163022995,
        -0.06250803172588348,
        0.0163478571921587,
        0.12873193621635437,
        0.9915447235107422,
        0.02128911390900612
    ],
    [
        0.9997778534889221,
        0.008268823847174644,
        -0.01938796415925026,
        -0.3057141602039337,
        -0.010793177410960197,
        0.9909297823905945,
        -0.13394685089588165,
        -0.06584998220205307,
        0.01810452714562416,
        0.13412633538246155,
        0.9907989501953125,
        0.02288091741502285
    ],
    [
        0.9997345805168152,
        0.008794179186224937,
        -0.021293463185429573,
        -0.3210276961326599,
        -0.011682048439979553,
        0.9901466369628906,
        -0.13954617083072662,
        -0.06849426031112671,
        0.01985645852982998,
        0.1397578865289688,
        0.9899864792823792,
        0.023924659937620163
    ],
    [
        0.9997063875198364,
        0.008982880041003227,
        -0.0225021131336689,
        -0.33108577132225037,
        -0.0121148144826293,
        0.9896242618560791,
        -0.1431678831577301,
        -0.07005546241998672,
        0.02098257653415203,
        0.1433984637260437,
        0.9894425868988037,
        0.025408057495951653
    ],
    [
        0.9996557235717773,
        0.009273502975702286,
        -0.024543721228837967,
        -0.3458705246448517,
        -0.012816337868571281,
        0.988847017288208,
        -0.14838211238384247,
        -0.07145846635103226,
        0.022893963381648064,
        0.14864559471607208,
        0.9886255264282227,
        0.027174992486834526
    ],
    [
        0.9995915293693542,
        0.009648321196436882,
        -0.02690071240067482,
        -0.3606559932231903,
        -0.013678979128599167,
        0.9879862070083618,
        -0.15393587946891785,
        -0.0726289451122284,
        0.025092311203479767,
        0.15424096584320068,
        0.9877146482467651,
        0.028315624222159386
    ],
    [
        0.9995200634002686,
        0.010186834260821342,
        -0.029253384098410606,
        -0.37462615966796875,
        -0.014721526764333248,
        0.9871277213096619,
        -0.1592552810907364,
        -0.07475151866674423,
        0.027254516258835793,
        0.15960951149463654,
        0.9868039488792419,
        0.02882838062942028
    ],
    [
        0.999435544013977,
        0.010439503937959671,
        -0.03193197399377823,
        -0.38821911811828613,
        -0.015559865161776543,
        0.9862417578697205,
        -0.16457504034042358,
        -0.07697311043739319,
        0.029774563387036324,
        0.1649789959192276,
        0.9858476519584656,
        0.02927463687956333
    ],
    [
        0.9993429183959961,
        0.010617142543196678,
        -0.034655604511499405,
        -0.4015715718269348,
        -0.016362186521291733,
        0.9853143692016602,
        -0.16996411979198456,
        -0.07919255644083023,
        0.032342128455638885,
        0.17041948437690735,
        0.9848406910896301,
        0.03107522800564766
    ],
    [
        0.9992355108261108,
        0.010957549326121807,
        -0.0375271737575531,
        -0.4160924255847931,
        -0.017357582226395607,
        0.9844639301300049,
        -0.1747266948223114,
        -0.08070269227027893,
        0.0350295752286911,
        0.1752445101737976,
        0.9839015603065491,
        0.030832622200250626
    ],
    [
        0.9990711808204651,
        0.01150073017925024,
        -0.04152601212263107,
        -0.43599438667297363,
        -0.018837977200746536,
        0.983323335647583,
        -0.18088780343532562,
        -0.08176998049020767,
        0.038753148168325424,
        0.1815020740032196,
        0.9826266169548035,
        0.03081623651087284
    ]
]