[
    [
        0.9857419729232788,
        -0.004114426206797361,
        0.1682136505842209,
        0.03152334317564964,
        0.005046192090958357,
        0.999974250793457,
        -0.005112096667289734,
        0.00864922720938921,
        -0.16818830370903015,
        0.005888047162443399,
        0.9857372045516968,
        -0.06341331452131271
    ],
    [
        0.9846031069755554,
        -0.004495145287364721,
        0.17474742233753204,
        0.03825969249010086,
        0.005494546610862017,
        0.9999711513519287,
        -0.005235733464360237,
        0.008277162909507751,
        -0.17471884191036224,
        0.006115276366472244,
        0.9845994114875793,
        -0.06529304385185242
    ],
    [
        0.9833616018295288,
        -0.004810779821127653,
        0.1815953552722931,
        0.043787602335214615,
        0.00587293179705739,
        0.9999686479568481,
        -0.005311734974384308,
        0.007903657853603363,
        -0.1815641224384308,
        0.006289853248745203,
        0.9833590388298035,
        -0.06677886098623276
    ],
    [
        0.9808080196380615,
        -0.005180461797863245,
        0.19490739703178406,
        0.05623501539230347,
        0.006306479685008526,
        0.9999668002128601,
        -0.005157082341611385,
        0.006028901785612106,
        -0.19487424194812775,
        0.00628728698939085,
        0.9808080196380615,
        -0.07113732397556305
    ],
    [
        0.979485809803009,
        -0.005452250130474567,
        0.20143906772136688,
        0.06243111938238144,
        0.00661955401301384,
        0.9999650120735168,
        -0.005121651105582714,
        0.005594763904809952,
        -0.20140409469604492,
        0.006350022275000811,
        0.9794877171516418,
        -0.07338756322860718
    ],
    [
        0.9780771732330322,
        -0.0057523977011442184,
        0.20816364884376526,
        0.06817272305488586,
        0.006966183893382549,
        0.9999627470970154,
        -0.0050983005203306675,
        0.005209118127822876,
        -0.20812657475471497,
        0.006436637602746487,
        0.978080689907074,
        -0.07485677301883698
    ],
    [
        0.9750960469245911,
        -0.006055423989892006,
        0.22170060873031616,
        0.07995405048131943,
        0.007439363282173872,
        0.9999576807022095,
        -0.005407856777310371,
        0.004702530801296234,
        -0.22165848314762115,
        0.006922490894794464,
        0.9750998020172119,
        -0.07897855341434479
    ],
    [
        0.9735168218612671,
        -0.0063521284610033035,
        0.2285270392894745,
        0.08572172373533249,
        0.007795501500368118,
        0.9999549388885498,
        -0.005413844715803862,
        0.004569248296320438,
        -0.22848236560821533,
        0.007051951251924038,
        0.9735225439071655,
        -0.0817430391907692
    ],
    [
        0.9702211618423462,
        -0.006432688795030117,
        0.24213550984859467,
        0.0973723828792572,
        0.007990253157913685,
        0.9999532103538513,
        -0.005451180972158909,
        0.0035880454815924168,
        -0.24208910763263702,
        0.007223574910312891,
        0.9702271223068237,
        -0.08764363080263138
    ],
    [
        0.9685314297676086,
        -0.0066930088214576244,
        0.24880115687847137,
        0.10423819720745087,
        0.008316543884575367,
        0.9999504685401917,
        -0.005474885459989309,
        0.0030697344336658716,
        -0.2487521767616272,
        0.007371764630079269,
        0.9685390591621399,
        -0.09124219417572021
    ],
    [
        0.9667578339576721,
        -0.006798071321099997,
        0.255603164434433,
        0.11058542132377625,
        0.00845955591648817,
        0.99994957447052,
        -0.005401399452239275,
        0.0027386248111724854,
        -0.25555354356765747,
        0.007384133990854025,
        0.9667667746543884,
        -0.09490907192230225
    ],
    [
        0.9631018042564392,
        -0.007155215833336115,
        0.26904207468032837,
        0.1239376962184906,
        0.008959615603089333,
        0.999944806098938,
        -0.005479441024363041,
        0.002531325211748481,
        -0.2689880430698395,
        0.007687774021178484,
        0.9631128311157227,
        -0.10138493776321411
    ],
    [
        0.9611622095108032,
        -0.007216666825115681,
        0.27588963508605957,
        0.13057778775691986,
        0.009079888463020325,
        0.9999437928199768,
        -0.005476772785186768,
        0.002054778393357992,
        -0.2758345901966095,
        0.007769114337861538,
        0.9611738324165344,
        -0.10542237758636475
    ],
    [
        0.9591220617294312,
        -0.007329196203500032,
        0.28289762139320374,
        0.13644497096538544,
        0.009256243705749512,
        0.9999421834945679,
        -0.005475816782563925,
        0.0020593113731592894,
        -0.28284111618995667,
        0.007870546542108059,
        0.9591345191001892,
        -0.10803663730621338
    ],
    [
        0.9550294280052185,
        -0.007535567041486502,
        0.29641541838645935,
        0.15017704665660858,
        0.009615670889616013,
        0.9999383091926575,
        -0.005560252815485001,
        0.0008017388172447681,
        -0.2963552474975586,
        0.00816043559461832,
        0.9550428986549377,
        -0.11606424301862717
    ],
    [
        0.9528763294219971,
        -0.007692219689488411,
        0.3032616376876831,
        0.1570606231689453,
        0.009834161959588528,
        0.9999362826347351,
        -0.005536503624171019,
        0.00024090854276437312,
        -0.30319973826408386,
        0.008257925510406494,
        0.9528912901878357,
        -0.12053733319044113
    ],
    [
        0.9483777284622192,
        -0.008085756562650204,
        0.31703999638557434,
        0.17032229900360107,
        0.010386107489466667,
        0.9999306201934814,
        -0.00556635856628418,
        -0.00041863005026243627,
        -0.3169730007648468,
        0.008571821264922619,
        0.9483957886695862,
        -0.12895433604717255
    ],
    [
        0.9461423754692078,
        -0.008064240217208862,
        0.32365021109580994,
        0.17753100395202637,
        0.010425339452922344,
        0.9999301433563232,
        -0.0055621108040213585,
        -0.0011368111008778214,
        -0.3235827684402466,
        0.008636712096631527,
        0.9461603760719299,
        -0.13425886631011963
    ],
    [
        0.9438258409500122,
        -0.008123815059661865,
        0.33034366369247437,
        0.1843077540397644,
        0.010517701506614685,
        0.9999298453330994,
        -0.005459869280457497,
        -0.001857185852713883,
        -0.33027610182762146,
        0.008627621456980705,
        0.9438448548316956,
        -0.1388445794582367
    ],
    [
        0.9389718770980835,
        -0.008532014675438404,
        0.3438878357410431,
        0.19713793694972992,
        0.011100192554295063,
        0.9999231696128845,
        -0.005500078666955233,
        -0.0020447601564228535,
        -0.343814492225647,
        0.00898163951933384,
        0.9389946460723877,
        -0.14823591709136963
    ],
    [
        0.9364782571792603,
        -0.008543038740754128,
        0.3506215512752533,
        0.2031800001859665,
        0.011167135089635849,
        0.9999226331710815,
        -0.005462872330099344,
        -0.002803928218781948,
        -0.35054779052734375,
        0.009031297639012337,
        0.9365012645721436,
        -0.15238632261753082
    ],
    [
        0.934003472328186,
        -0.008750354871153831,
        0.35715699195861816,
        0.2101563662290573,
        0.011358113959431648,
        0.9999219179153442,
        -0.0052045551128685474,
        -0.004258099477738142,
        -0.35708361864089966,
        0.008917701430618763,
        0.9340298771858215,
        -0.15791387856006622
    ],
    [
        0.9288725852966309,
        -0.00931614451110363,
        0.37028226256370544,
        0.2240588515996933,
        0.012039946392178535,
        0.999914824962616,
        -0.00504540977999568,
        -0.006383809261023998,
        -0.3702037036418915,
        0.009144720621407032,
        0.9289054870605469,
        -0.16881434619426727
    ],
    [
        0.9260724186897278,
        -0.009301576763391495,
        0.3772314488887787,
        0.2289585918188095,
        0.01219080574810505,
        0.9999117851257324,
        -0.00527212442830205,
        -0.00630129175260663,
        -0.37714913487434387,
        0.009481123648583889,
        0.9261040687561035,
        -0.17244845628738403
    ],
    [
        0.920691192150116,
        -0.009598878212273121,
        0.3901739716529846,
        0.2444785237312317,
        0.01254604384303093,
        0.9999087452888489,
        -0.005005530081689358,
        -0.0084372628480196,
        -0.39009031653404236,
        0.009503687731921673,
        0.920727550983429,
        -0.18426647782325745
    ]
]