[
    [
        0.9998327493667603,
        0.0005577754927799106,
        -0.018279435113072395,
        0.031670570373535156,
        -0.0005781865329481661,
        0.9999992251396179,
        -0.0011113150976598263,
        0.007261295802891254,
        0.018278801813721657,
        0.0011216981802135706,
        0.9998323917388916,
        0.4060840606689453
    ],
    [
        0.9997142553329468,
        0.0007620978285558522,
        -0.023892689496278763,
        0.03607892245054245,
        -0.000802167400252074,
        0.9999983906745911,
        -0.001667554839514196,
        0.0029274781700223684,
        0.023891381919384003,
        0.001686243573203683,
        0.999713122844696,
        0.4979743957519531
    ],
    [
        0.9995219111442566,
        0.0006605334929190576,
        -0.030910708010196686,
        0.04571418836712837,
        -0.0007487633847631514,
        0.9999956488609314,
        -0.002842843532562256,
        0.007803330663591623,
        0.030908698216080666,
        0.0028646299615502357,
        0.9995181560516357,
        0.6099519729614258
    ],
    [
        0.9993048310279846,
        0.0007564944098703563,
        -0.037273406982421875,
        0.05439763516187668,
        -0.0008671405958011746,
        0.999995231628418,
        -0.0029524348210543394,
        0.00800525676459074,
        0.03727099671959877,
        0.0029827046673744917,
        0.9993007183074951,
        0.7214853167533875
    ],
    [
        0.9988586902618408,
        0.0010469801491126418,
        -0.047752030193805695,
        0.05592469498515129,
        -0.0011804208625108004,
        0.9999955296516418,
        -0.0027663398068398237,
        0.005835001356899738,
        0.04774891957640648,
        0.002819550223648548,
        0.9988553524017334,
        0.8325856328010559
    ],
    [
        0.9982563853263855,
        0.002099285600706935,
        -0.05899028480052948,
        0.053015705198049545,
        -0.002308413852006197,
        0.9999913573265076,
        -0.003477194346487522,
        0.012801036238670349,
        0.05898246914148331,
        0.003607305232435465,
        0.9982524514198303,
        0.9482210278511047
    ],
    [
        0.9975602626800537,
        0.0025971767026931047,
        -0.06976218521595001,
        0.045494697988033295,
        -0.002818773267790675,
        0.9999913573265076,
        -0.003078214358538389,
        0.013539362698793411,
        0.06975359469652176,
        0.0032673480454832315,
        0.9975588321685791,
        1.0608991384506226
    ],
    [
        0.9969510436058044,
        0.0028215418569743633,
        -0.07797861099243164,
        0.04083164781332016,
        -0.0031590163707733154,
        0.9999861717224121,
        -0.004204761702567339,
        0.005795754492282867,
        0.07796567678451538,
        0.0044382791966199875,
        0.9969461560249329,
        1.1693401336669922
    ],
    [
        0.9961305856704712,
        0.002783522242680192,
        -0.08784124255180359,
        0.037502117455005646,
        -0.0032316059805452824,
        0.999982476234436,
        -0.004959268029779196,
        0.012041134759783745,
        0.08782590180635452,
        0.005223947111517191,
        0.9961222410202026,
        1.2850987911224365
    ],
    [
        0.995452344417572,
        0.0029760284814983606,
        -0.09521441161632538,
        0.03571116179227829,
        -0.0034157978370785713,
        0.9999842643737793,
        -0.004456077236682177,
        0.012656139209866524,
        0.09519965946674347,
        0.004761046729981899,
        0.9954467415809631,
        1.4040641784667969
    ],
    [
        0.9947603344917297,
        0.00308929942548275,
        -0.10218823701143265,
        0.030834833160042763,
        -0.0035502389073371887,
        0.9999843239784241,
        -0.004329127259552479,
        0.013121109455823898,
        0.10217325389385223,
        0.004669236950576305,
        0.9947555661201477,
        1.5155507326126099
    ],
    [
        0.9939472675323486,
        0.0033280448988080025,
        -0.10980759561061859,
        0.02189514972269535,
        -0.003918324131518602,
        0.9999790191650391,
        -0.005160240456461906,
        0.024768557399511337,
        0.10978813469409943,
        0.005559268407523632,
        0.9939393401145935,
        1.6291041374206543
    ],
    [
        0.9932585954666138,
        0.0036622860934585333,
        -0.11586137115955353,
        0.010189004242420197,
        -0.004239581525325775,
        0.9999798536300659,
        -0.004736601375043392,
        0.027137791737914085,
        0.11584168672561646,
        0.0051958742551505566,
        0.9932540655136108,
        1.740742802619934
    ],
    [
        0.9926031827926636,
        0.003662486094981432,
        -0.1213485449552536,
        0.0037593345623463392,
        -0.004402436316013336,
        0.9999733567237854,
        -0.005830184556543827,
        0.01991865783929825,
        0.12132395058870316,
        0.006321289110928774,
        0.9925929307937622,
        1.8303827047348022
    ],
    [
        0.9920510649681091,
        0.003589946310967207,
        -0.12578482925891876,
        -0.003038780763745308,
        -0.004419087897986174,
        0.9999703168869019,
        -0.006313320714980364,
        0.022215038537979126,
        0.12575843930244446,
        0.0068189906887710094,
        0.9920374155044556,
        1.9406412839889526
    ],
    [
        0.9915621876716614,
        0.0034654808696359396,
        -0.12958526611328125,
        -0.008832108229398727,
        -0.004354566335678101,
        0.999968945980072,
        -0.006578297819942236,
        0.021618178114295006,
        0.12955842912197113,
        0.007087078411132097,
        0.9915464520454407,
        2.0496437549591064
    ],
    [
        0.9909946322441101,
        0.0034957893658429384,
        -0.13385537266731262,
        -0.02094395086169243,
        -0.004505018703639507,
        0.9999637007713318,
        -0.007237572688609362,
        0.017872432246804237,
        0.13382519781589508,
        0.00777541846036911,
        0.990974485874176,
        2.1524550914764404
    ],
    [
        0.9904265403747559,
        0.004108878318220377,
        -0.13797897100448608,
        -0.03699122369289398,
        -0.005169177893549204,
        0.9999598860740662,
        -0.00732704671099782,
        0.025021834298968315,
        0.1379433125257492,
        0.007970140315592289,
        0.9904080629348755,
        2.259777069091797
    ],
    [
        0.9898766279220581,
        0.0043680183589458466,
        -0.1418636292219162,
        -0.05725701525807381,
        -0.005509087350219488,
        0.9999555349349976,
        -0.00765165826305747,
        0.02450413629412651,
        0.1418239027261734,
        0.00835573673248291,
        0.9898567199707031,
        2.3660693168640137
    ],
    [
        0.989478349685669,
        0.004087698645889759,
        -0.14462298154830933,
        -0.06884215772151947,
        -0.005298569332808256,
        0.999954104423523,
        -0.007988415658473969,
        0.017962943762540817,
        0.14458370208740234,
        0.008670659735798836,
        0.9894545674324036,
        2.4684340953826904
    ],
    [
        0.9890592098236084,
        0.0031849739607423544,
        -0.14748448133468628,
        -0.07440519332885742,
        -0.0045722112990915775,
        0.9999484419822693,
        -0.009067931212484837,
        0.022841019555926323,
        0.14744800329208374,
        0.009643050841987133,
        0.9890227317810059,
        2.574366807937622
    ],
    [
        0.9887033104896545,
        0.002654763637110591,
        -0.1498626470565796,
        -0.0772477462887764,
        -0.0040170797146856785,
        0.9999532699584961,
        -0.008788448758423328,
        0.025906367227435112,
        0.1498323380947113,
        0.009291178546845913,
        0.9886676669120789,
        2.680819272994995
    ],
    [
        0.9884881973266602,
        0.0022915403824299574,
        -0.15128038823604584,
        -0.08119729906320572,
        -0.0037453605327755213,
        0.9999495148658752,
        -0.009325859136879444,
        0.02543523907661438,
        0.1512513905763626,
        0.009785101749002934,
        0.9884469509124756,
        2.780116558074951
    ],
    [
        0.9880179762840271,
        0.0026293781120330095,
        -0.15431632101535797,
        -0.09311997145414352,
        -0.004229515790939331,
        0.9999406933784485,
        -0.010041811503469944,
        0.030704103410243988,
        0.15428076684474945,
        0.010574172250926495,
        0.9879704713821411,
        2.882512331008911
    ],
    [
        0.9876549243927002,
        0.003245767904445529,
        -0.1566118746995926,
        -0.1122344359755516,
        -0.004724619910120964,
        0.999947726726532,
        -0.009071440435945988,
        0.030858784914016724,
        0.15657426416873932,
        0.009699384681880474,
        0.987618625164032,
        2.9873030185699463
    ]
]