[
    [
        0.9970318675041199,
        0.07479820400476456,
        0.018241124227643013,
        -0.731656014919281,
        -0.07423468679189682,
        0.9967947006225586,
        -0.02982824668288231,
        -0.03363057225942612,
        -0.020413752645254135,
        0.0283855851739645,
        0.999388575553894,
        0.19324932992458344
    ],
    [
        0.9966042041778564,
        0.07958617806434631,
        0.021122833713889122,
        -0.7955116629600525,
        -0.07892943173646927,
        0.9964198470115662,
        -0.03029177524149418,
        -0.03960440680384636,
        -0.02345801703631878,
        0.028521696105599403,
        0.9993178844451904,
        0.2085890918970108
    ],
    [
        0.9963246583938599,
        0.08136189728975296,
        0.026786424219608307,
        -0.8669742941856384,
        -0.08059749007225037,
        0.9963397979736328,
        -0.028478248044848442,
        -0.0472957119345665,
        -0.029005425050854683,
        0.026214659214019775,
        0.9992355108261108,
        0.21783438324928284
    ],
    [
        0.9959008097648621,
        0.08471207320690155,
        0.031710945069789886,
        -0.9377437233924866,
        -0.08386058360338211,
        0.9961038827896118,
        -0.02728406898677349,
        -0.05737435445189476,
        -0.03389868512749672,
        0.02451292797923088,
        0.9991247057914734,
        0.23128043115139008
    ],
    [
        0.9949977397918701,
        0.09339608997106552,
        0.03544928506016731,
        -1.0283077955245972,
        -0.09244712442159653,
        0.9953370094299316,
        -0.02752918191254139,
        -0.07398037612438202,
        -0.037855081260204315,
        0.024114292114973068,
        0.9989921450614929,
        0.25738778710365295
    ],
    [
        0.9944778680801392,
        0.09669388830661774,
        0.04079432785511017,
        -1.1033122539520264,
        -0.0956806167960167,
        0.9950698614120483,
        -0.026103990152478218,
        -0.087108314037323,
        -0.04311729967594147,
        0.022056613117456436,
        0.9988265037536621,
        0.27134740352630615
    ],
    [
        0.9938486218452454,
        0.10095883905887604,
        0.04552169144153595,
        -1.175802230834961,
        -0.0999082401394844,
        0.9946876764297485,
        -0.024797523394227028,
        -0.1036192774772644,
        -0.047783371061086655,
        0.020096994936466217,
        0.9986555576324463,
        0.2877161204814911
    ],
    [
        0.9928913712501526,
        0.10810095071792603,
        0.04980824887752533,
        -1.2678393125534058,
        -0.10702823102474213,
        0.9939727783203125,
        -0.023731114342808723,
        -0.12155895680189133,
        -0.0520734041929245,
        0.018231531605124474,
        0.9984769225120544,
        0.32158130407333374
    ],
    [
        0.9920670390129089,
        0.11455172300338745,
        0.05177717283368111,
        -1.3318780660629272,
        -0.11341644823551178,
        0.993248701095581,
        -0.02436651661992073,
        -0.13018940389156342,
        -0.0542188435792923,
        0.01830083318054676,
        0.9983614087104797,
        0.3483106791973114
    ],
    [
        0.9912638068199158,
        0.1202021986246109,
        0.05429181084036827,
        -1.3930960893630981,
        -0.11901672184467316,
        0.9925879836082458,
        -0.024576378986239433,
        -0.13629744946956635,
        -0.056843556463718414,
        0.01790003292262554,
        0.9982226490974426,
        0.37179481983184814
    ],
    [
        0.9906320571899414,
        0.12379487603902817,
        0.05764453485608101,
        -1.4546287059783936,
        -0.1225876435637474,
        0.9921663999557495,
        -0.024041902273893356,
        -0.1381559669971466,
        -0.060169242322444916,
        0.016750171780586243,
        0.9980476498603821,
        0.3975324034690857
    ],
    [
        0.9898331165313721,
        0.12868352234363556,
        0.06058782711625099,
        -1.5278500318527222,
        -0.12742206454277039,
        0.9915518164634705,
        -0.02425926737487316,
        -0.13623416423797607,
        -0.06319773942232132,
        0.016292402520775795,
        0.997868001461029,
        0.435036838054657
    ],
    [
        0.9892929196357727,
        0.13155518472194672,
        0.06318793445825577,
        -1.5819090604782104,
        -0.13030299544334412,
        0.9911941885948181,
        -0.023562565445899963,
        -0.13367344439029694,
        -0.06573127955198288,
        0.015076711773872375,
        0.9977233409881592,
        0.46906986832618713
    ],
    [
        0.9885796904563904,
        0.13641007244586945,
        0.06405115127563477,
        -1.6291791200637817,
        -0.13513362407684326,
        0.9905397295951843,
        -0.023875299841165543,
        -0.13078302145004272,
        -0.06670204550027847,
        0.014947174116969109,
        0.9976609349250793,
        0.5039558410644531
    ],
    [
        0.9878261685371399,
        0.14076200127601624,
        0.06622415781021118,
        -1.6911323070526123,
        -0.13950392603874207,
        0.9899479746818542,
        -0.023275714367628098,
        -0.12728609144687653,
        -0.06883485615253448,
        0.013753825798630714,
        0.9975332021713257,
        0.5532713532447815
    ],
    [
        0.9871265888214111,
        0.1452561914920807,
        0.06694716215133667,
        -1.7335540056228638,
        -0.14398720860481262,
        0.9893021583557129,
        -0.02343120612204075,
        -0.12526577711105347,
        -0.06963454931974411,
        0.013490022160112858,
        0.9974814057350159,
        0.5883399248123169
    ],
    [
        0.98639976978302,
        0.1501263976097107,
        0.06691517680883408,
        -1.7748140096664429,
        -0.14882925152778625,
        0.98857182264328,
        -0.023994257673621178,
        -0.12299344688653946,
        -0.06975260376930237,
        0.013708995655179024,
        0.9974700808525085,
        0.6243517398834229
    ],
    [
        0.9856603741645813,
        0.15487253665924072,
        0.06699482351541519,
        -1.8155845403671265,
        -0.15355852246284485,
        0.9878390431404114,
        -0.024368729442358017,
        -0.12131164222955704,
        -0.06995413452386856,
        0.01373166125267744,
        0.9974555969238281,
        0.6590061187744141
    ],
    [
        0.984486997127533,
        0.16233807802200317,
        0.0665719285607338,
        -1.868944525718689,
        -0.16092795133590698,
        0.986622154712677,
        -0.0260599534958601,
        -0.11777566373348236,
        -0.06991185992956161,
        0.014942406676709652,
        0.9974412322044373,
        0.7059181928634644
    ],
    [
        0.9835273027420044,
        0.16852860152721405,
        0.06536208838224411,
        -1.9072109460830688,
        -0.16704149544239044,
        0.985562801361084,
        -0.02762485481798649,
        -0.11427292227745056,
        -0.06907404214143753,
        0.016251619905233383,
        0.9974791407585144,
        0.7396584153175354
    ],
    [
        0.9824589490890503,
        0.1749679148197174,
        0.06450234353542328,
        -1.9468889236450195,
        -0.17339320480823517,
        0.9844167828559875,
        -0.029296381399035454,
        -0.10966172814369202,
        -0.0686231181025505,
        0.01759822852909565,
        0.9974874258041382,
        0.7744566202163696
    ],
    [
        0.9809291958808899,
        0.1840047538280487,
        0.06261003017425537,
        -1.9986916780471802,
        -0.182298481464386,
        0.9827224016189575,
        -0.0320022813975811,
        -0.10335130989551544,
        -0.06741683930158615,
        0.01997826062142849,
        0.9975248575210571,
        0.8220846056938171
    ],
    [
        0.9797195792198181,
        0.19080641865730286,
        0.06117701530456543,
        -2.036438465118408,
        -0.18904712796211243,
        0.9813994765281677,
        -0.033413439989089966,
        -0.0995010957121849,
        -0.06641462445259094,
        0.02117045409977436,
        0.9975674748420715,
        0.8597504496574402
    ],
    [
        0.9783381819725037,
        0.19836881756782532,
        0.05919639766216278,
        -2.073538303375244,
        -0.1964944303035736,
        0.979843020439148,
        -0.03602089360356331,
        -0.09259651601314545,
        -0.06514859199523926,
        0.023608850315213203,
        0.997596263885498,
        0.896583616733551
    ],
    [
        0.9763394594192505,
        0.20877592265605927,
        0.05633651092648506,
        -2.1210830211639404,
        -0.2067568004131317,
        0.9775896072387695,
        -0.03962527960538864,
        -0.08337608724832535,
        -0.06334681063890457,
        0.0270397812128067,
        0.9976252317428589,
        0.9433909058570862
    ]
]