[
    [
        0.9799937605857849,
        -0.02638188935816288,
        0.19727210700511932,
        0.1444644033908844,
        0.02153407596051693,
        0.9994120597839355,
        0.02667948789894581,
        -0.012393306940793991,
        -0.1978599578142166,
        -0.021897658705711365,
        0.9799857139587402,
        0.00387584138661623
    ],
    [
        0.9681680202484131,
        -0.030445847660303116,
        0.2484428435564041,
        0.2602032721042633,
        0.02256363071501255,
        0.9991495609283447,
        0.034513235092163086,
        -0.0020427019335329533,
        -0.2492823302745819,
        -0.027808835729956627,
        0.9680315256118774,
        -0.006713212933391333
    ],
    [
        0.954976499080658,
        -0.040624070912599564,
        0.2938869893550873,
        0.4054017961025238,
        0.029458612203598022,
        0.9986696839332581,
        0.042321521788835526,
        0.01729491353034973,
        -0.29521530866622925,
        -0.03175855055451393,
        0.9549027681350708,
        0.017149237915873528
    ],
    [
        0.9419084787368774,
        -0.052840523421764374,
        0.33168721199035645,
        0.5634956955909729,
        0.037478357553482056,
        0.9979149699211121,
        0.05254700407385826,
        0.029358796775341034,
        -0.333772212266922,
        -0.03706337511539459,
        0.9419249296188354,
        0.13406634330749512
    ],
    [
        0.9288733601570129,
        -0.06437550485134125,
        0.3647604286670685,
        0.7494357228279114,
        0.04631197452545166,
        0.997238039970398,
        0.05806479975581169,
        0.03323247656226158,
        -0.3674909174442291,
        -0.03704207018017769,
        0.9292891621589661,
        0.32206597924232483
    ],
    [
        0.9225150942802429,
        -0.07087380439043045,
        0.3793979287147522,
        0.9586142301559448,
        0.053745824843645096,
        0.9970075488090515,
        0.05556273087859154,
        0.03331132233142853,
        -0.38220056891441345,
        -0.030866403132677078,
        0.9235637784004211,
        0.5203919410705566
    ],
    [
        0.919322669506073,
        -0.0674889087677002,
        0.3876740336418152,
        1.1826868057250977,
        0.05164070427417755,
        0.9973541498184204,
        0.0511663593351841,
        0.02276736870408058,
        -0.39010143280029297,
        -0.027018632739782333,
        0.9203752875328064,
        0.7641067504882812
    ],
    [
        0.9209926128387451,
        -0.05635683238506317,
        0.38548213243484497,
        1.4025150537490845,
        0.04384062811732292,
        0.9981890320777893,
        0.04118967056274414,
        0.01376773789525032,
        -0.3871052861213684,
        -0.021035607904195786,
        0.9217956066131592,
        1.056089997291565
    ],
    [
        0.9313231110572815,
        -0.05357684940099716,
        0.36023175716400146,
        1.6214563846588135,
        0.044553905725479126,
        0.9984514713287354,
        0.03331133350729942,
        0.0033441989216953516,
        -0.361458420753479,
        -0.014973889105021954,
        0.9322680234909058,
        1.313691258430481
    ],
    [
        0.9467403292655945,
        -0.04712597653269768,
        0.318530797958374,
        1.8425508737564087,
        0.042677681893110275,
        0.9988695979118347,
        0.02093370631337166,
        -0.018086103722453117,
        -0.31915730237960815,
        -0.006224627606570721,
        0.9476813673973083,
        1.601174235343933
    ],
    [
        0.9617013335227966,
        -0.035591814666986465,
        0.2717788815498352,
        2.000722885131836,
        0.03374696150422096,
        0.9993646740913391,
        0.011460443027317524,
        -0.03158596158027649,
        -0.27201417088508606,
        -0.0018498135032132268,
        0.9622913599014282,
        1.9001011848449707
    ],
    [
        0.9771029949188232,
        -0.027348998934030533,
        0.21100136637687683,
        2.172405958175659,
        0.02702438272535801,
        0.9996249675750732,
        0.004422441124916077,
        -0.04425843432545662,
        -0.21104328334331512,
        0.001380999106913805,
        0.9774757623672485,
        2.219525098800659
    ],
    [
        0.9893170595169067,
        -0.023403553292155266,
        0.14388900995254517,
        2.338768720626831,
        0.023669008165597916,
        0.9997197985649109,
        -0.00013309413043316454,
        -0.06114707887172699,
        -0.14384548366069794,
        0.003537379903718829,
        0.9895939230918884,
        2.541417121887207
    ],
    [
        0.996727466583252,
        -0.022936027497053146,
        0.07751312106847763,
        2.4460384845733643,
        0.023077847436070442,
        0.9997332692146301,
        -0.0009342613629996777,
        -0.06637228280305862,
        -0.07747098058462143,
        0.0027200367767363787,
        0.996990978717804,
        2.8595621585845947
    ],
    [
        0.9996681809425354,
        -0.025746580213308334,
        -0.0007388140074908733,
        2.5442018508911133,
        0.025744561105966568,
        0.9996650815010071,
        -0.00262674642726779,
        -0.08248339593410492,
        0.0008061940898187459,
        0.0026068557053804398,
        0.9999963045120239,
        3.2033913135528564
    ],
    [
        0.9966950416564941,
        -0.029846737161278725,
        -0.07555241882801056,
        2.6157145500183105,
        0.029345093294978142,
        0.9995393753051758,
        -0.007741367444396019,
        -0.09483695030212402,
        0.07574862986803055,
        0.00549868680536747,
        0.9971117377281189,
        3.5058016777038574
    ],
    [
        0.98874831199646,
        -0.02893640100955963,
        -0.14676296710968018,
        2.6186718940734863,
        0.02757362648844719,
        0.999555766582489,
        -0.011311907321214676,
        -0.09559325873851776,
        0.14702503383159637,
        0.007137839682400227,
        0.9891069531440735,
        3.8470685482025146
    ],
    [
        0.9787226319313049,
        -0.025162260979413986,
        -0.20363923907279968,
        2.596784830093384,
        0.023381737992167473,
        0.9996644258499146,
        -0.01114514097571373,
        -0.10521969944238663,
        0.20385144650936127,
        0.006146562751382589,
        0.9789825081825256,
        4.158360958099365
    ],
    [
        0.9651600122451782,
        -0.018005801364779472,
        -0.2610401511192322,
        2.565030336380005,
        0.016783971339464188,
        0.9998353123664856,
        -0.006909357849508524,
        -0.1072029173374176,
        0.2611214220523834,
        0.0022873447742313147,
        0.9653032422065735,
        4.511497974395752
    ],
    [
        0.9511820673942566,
        -0.00570650864392519,
        -0.30857741832733154,
        2.4863905906677246,
        0.006569587159901857,
        0.9999769330024719,
        0.0017580653075128794,
        -0.09401825815439224,
        0.30856025218963623,
        -0.0036994661204516888,
        0.9511975049972534,
        4.864529132843018
    ],
    [
        0.9377990961074829,
        0.00017615813703741878,
        -0.3471783697605133,
        2.3975417613983154,
        0.0049362787976861,
        0.999891996383667,
        0.013841227628290653,
        -0.1013835221529007,
        0.34714317321777344,
        -0.014694057404994965,
        0.9376969337463379,
        5.1980462074279785
    ],
    [
        0.920161247253418,
        -0.0016706949099898338,
        -0.3915359377861023,
        2.3079171180725098,
        0.011071437038481236,
        0.9997021555900574,
        0.02175358682870865,
        -0.1003534346818924,
        0.39138293266296387,
        -0.02435167506337166,
        0.9199056029319763,
        5.555136680603027
    ],
    [
        0.9032645225524902,
        -0.0051034921780228615,
        -0.42905375361442566,
        2.1784934997558594,
        0.01928044855594635,
        0.9994019269943237,
        0.02870246209204197,
        -0.10153968632221222,
        0.42865073680877686,
        -0.034198254346847534,
        0.902822732925415,
        5.866026401519775
    ],
    [
        0.885348379611969,
        -0.007759514264762402,
        -0.4648633301258087,
        2.029949188232422,
        0.023488763719797134,
        0.9993303418159485,
        0.02805430069565773,
        -0.10875154286623001,
        0.46433451771736145,
        -0.03575688973069191,
        0.8849378228187561,
        6.184115409851074
    ],
    [
        0.8673598170280457,
        -0.010832535102963448,
        -0.4975636601448059,
        1.9077887535095215,
        0.025751231238245964,
        0.9994007349014282,
        0.023131800815463066,
        -0.11650964617729187,
        0.4970148801803589,
        -0.032876476645469666,
        0.8671190738677979,
        6.49826192855835
    ]
]