[
    [
        0.9999871253967285,
        0.004523427691310644,
        -0.0023207450285553932,
        -0.07557955384254456,
        -0.004529588855803013,
        0.9999862313270569,
        -0.0026561433915048838,
        -0.11476802825927734,
        0.0023086986038833857,
        0.002666621934622526,
        0.9999938011169434,
        0.02782662957906723
    ],
    [
        0.9999857544898987,
        0.004699614830315113,
        -0.002578477608039975,
        -0.0863584503531456,
        -0.004704850260168314,
        0.9999869465827942,
        -0.0020282636396586895,
        -0.13933208584785461,
        0.0025689119938760996,
        0.0020403664093464613,
        0.9999945163726807,
        0.04929690435528755
    ],
    [
        0.9999866485595703,
        0.004539938643574715,
        -0.0024703769013285637,
        -0.09647586941719055,
        -0.004542653914541006,
        0.9999890327453613,
        -0.0010941294021904469,
        -0.16604934632778168,
        0.002465382684022188,
        0.001105337287299335,
        0.9999963045120239,
        0.07160332053899765
    ],
    [
        0.9999861121177673,
        0.004357357509434223,
        -0.0029642025474458933,
        -0.10663290321826935,
        -0.004357128869742155,
        0.9999904632568359,
        8.351656288141385e-05,
        -0.19886071979999542,
        0.0029645380564033985,
        -7.059942436171696e-05,
        0.9999955892562866,
        0.09746017307043076
    ],
    [
        0.9999860525131226,
        0.0042885588482022285,
        -0.0030765722040086985,
        -0.1143445149064064,
        -0.004285203292965889,
        0.9999902248382568,
        0.0010961389634758234,
        -0.22964133322238922,
        0.0030812425538897514,
        -0.0010829399107024074,
        0.9999946355819702,
        0.12028200179338455
    ],
    [
        0.9999855160713196,
        0.004316745325922966,
        -0.0032441422808915377,
        -0.12113745510578156,
        -0.004308679141104221,
        0.9999876618385315,
        0.0024890832137316465,
        -0.26700860261917114,
        0.003254847601056099,
        -0.002475068438798189,
        0.9999915361404419,
        0.14652204513549805
    ],
    [
        0.9999836683273315,
        0.00458954181522131,
        -0.003407296258956194,
        -0.12664109468460083,
        -0.004577382933348417,
        0.9999831318855286,
        0.0035677198320627213,
        -0.3018507957458496,
        0.0034236127976328135,
        -0.003552064998075366,
        0.9999878406524658,
        0.169671431183815
    ],
    [
        0.9999825358390808,
        0.004679039586335421,
        -0.003639454720541835,
        -0.13150739669799805,
        -0.00466190604493022,
        0.9999780654907227,
        0.004701908677816391,
        -0.3377930819988251,
        0.0036613752599805593,
        -0.00468485988676548,
        0.9999823570251465,
        0.19354620575904846
    ],
    [
        0.9999818801879883,
        0.004792781081050634,
        -0.0036426016595214605,
        -0.13665780425071716,
        -0.004771147854626179,
        0.9999710917472839,
        0.00592449028044939,
        -0.380414217710495,
        0.0036708901170641184,
        -0.0059070042334496975,
        0.9999758005142212,
        0.22138357162475586
    ],
    [
        0.9999807476997375,
        0.004936623387038708,
        -0.003767071757465601,
        -0.14097242057323456,
        -0.004910154268145561,
        0.9999634623527527,
        0.0070036305114626884,
        -0.418703556060791,
        0.0038015085738152266,
        -0.006984999403357506,
        0.999968409538269,
        0.24607142806053162
    ],
    [
        0.9999818801879883,
        0.004559382796287537,
        -0.003946842160075903,
        -0.14529883861541748,
        -0.004525466356426477,
        0.9999530911445618,
        0.008560114540159702,
        -0.4633578956127167,
        0.003985686227679253,
        -0.008542097173631191,
        0.9999555349349976,
        0.2742834985256195
    ],
    [
        0.9999797344207764,
        0.004946400877088308,
        -0.004024420864880085,
        -0.14867627620697021,
        -0.004906419664621353,
        0.9999392032623291,
        0.009884268045425415,
        -0.502998411655426,
        0.00407306756824255,
        -0.009864321909844875,
        0.9999430179595947,
        0.29957249760627747
    ],
    [
        0.9999790191650391,
        0.0050368402153253555,
        -0.0040814937092363834,
        -0.1522870659828186,
        -0.0049911923706531525,
        0.9999257326126099,
        0.011118203401565552,
        -0.5494046211242676,
        0.0041371919214725494,
        -0.01109759695827961,
        0.9999299049377441,
        0.3292298913002014
    ],
    [
        0.9999761581420898,
        0.005399201065301895,
        -0.004318257328122854,
        -0.15508559346199036,
        -0.005346424411982298,
        0.9999119639396667,
        0.012141404673457146,
        -0.5901126861572266,
        0.004383430816233158,
        -0.012118028476834297,
        0.9999169111251831,
        0.35584166646003723
    ],
    [
        0.9999732971191406,
        0.005753544624894857,
        -0.004518624395132065,
        -0.15854814648628235,
        -0.005694113206118345,
        0.9998984932899475,
        0.01305689662694931,
        -0.6313382387161255,
        0.004593288991600275,
        -0.013030817732214928,
        0.9999045133590698,
        0.3827674686908722
    ],
    [
        0.999972939491272,
        0.00584103399887681,
        -0.004473297391086817,
        -0.16329160332679749,
        -0.005777402315288782,
        0.9998838305473328,
        0.014108007773756981,
        -0.6782476902008057,
        0.004555182997137308,
        -0.014081781730055809,
        0.9998904466629028,
        0.41410452127456665
    ],
    [
        0.9999728798866272,
        0.005685627460479736,
        -0.004684687592089176,
        -0.16781869530677795,
        -0.005614604335278273,
        0.9998711943626404,
        0.015036851167678833,
        -0.7193194031715393,
        0.00476957717910409,
        -0.015010139904916286,
        0.9998759031295776,
        0.4415614604949951
    ],
    [
        0.9999787211418152,
        0.004790127277374268,
        -0.004449700471013784,
        -0.17209014296531677,
        -0.004718001466244459,
        0.999859631061554,
        0.016080578789114952,
        -0.7662637829780579,
        0.004526103381067514,
        -0.01605924218893051,
        0.9998607635498047,
        0.472698837518692
    ],
    [
        0.9999853372573853,
        0.004042337648570538,
        -0.0036236164160072803,
        -0.1753349006175995,
        -0.003979332745075226,
        0.9998436570167542,
        0.017229264602065086,
        -0.8075714111328125,
        0.003692696103826165,
        -0.017214590683579445,
        0.999845027923584,
        0.4985577464103699
    ],
    [
        0.9999890327453613,
        0.003362450748682022,
        -0.003281272714957595,
        -0.17778955399990082,
        -0.003303364384919405,
        0.999835193157196,
        0.017849178984761238,
        -0.8481974601745605,
        0.003340749302878976,
        -0.017838142812252045,
        0.9998352527618408,
        0.5236429572105408
    ],
    [
        0.9999910593032837,
        0.0031204731203615665,
        -0.00285288505256176,
        -0.18063129484653473,
        -0.0030667567625641823,
        0.9998214840888977,
        0.018643058836460114,
        -0.8944346904754639,
        0.0029105523135513067,
        -0.018634144216775894,
        0.999822199344635,
        0.551353931427002
    ],
    [
        0.9999920129776001,
        0.0027797839138656855,
        -0.0028993103187531233,
        -0.18186038732528687,
        -0.0027232011780142784,
        0.9998092651367188,
        0.01934061013162136,
        -0.9344664216041565,
        0.002952519804239273,
        -0.019332557916641235,
        0.9998087286949158,
        0.5741634964942932
    ],
    [
        0.9999948143959045,
        0.001939658890478313,
        -0.0025736854877322912,
        -0.18329507112503052,
        -0.0018832982750609517,
        0.999762237071991,
        0.021723100915551186,
        -0.9763235449790955,
        0.0026152085047215223,
        -0.021718142554163933,
        0.9997606873512268,
        0.597192108631134
    ],
    [
        0.9999966621398926,
        0.0008077354868873954,
        -0.0024418355897068977,
        -0.18441550433635712,
        -0.000743245764169842,
        0.9996538758277893,
        0.026296645402908325,
        -1.003190279006958,
        0.0024622317869216204,
        -0.026294734328985214,
        0.9996511340141296,
        0.6128607392311096
    ],
    [
        0.9999969601631165,
        0.00025863005430437624,
        -0.0024984886404126883,
        -0.18577136099338531,
        -0.00017736307927407324,
        0.9994726181030273,
        0.032472074031829834,
        -1.0207961797714233,
        0.0025055687874555588,
        -0.03247150033712387,
        0.9994694590568542,
        0.62538081407547
    ]
]