[
    [
        0.9886643886566162,
        -0.02305016480386257,
        0.1483626663684845,
        -0.028988679870963097,
        0.021679773926734924,
        0.9997060894966125,
        0.010847542434930801,
        0.045296669006347656,
        -0.14856909215450287,
        -0.007508109789341688,
        0.9888734817504883,
        0.17331698536872864
    ],
    [
        0.9810016751289368,
        -0.03002200834453106,
        0.19166181981563568,
        -0.025740396231412888,
        0.027772128582000732,
        0.9995103478431702,
        0.014414971694350243,
        0.05237160250544548,
        -0.19200074672698975,
        -0.008818255737423897,
        0.9813551306724548,
        0.23170030117034912
    ],
    [
        0.9700025916099548,
        -0.03708304092288017,
        0.2402496486902237,
        -0.016123130917549133,
        0.03436385095119476,
        0.9992891550064087,
        0.015499122440814972,
        0.049647651612758636,
        -0.2406536340713501,
        -0.006778283976018429,
        0.9705874919891357,
        0.2962501049041748
    ],
    [
        0.9573878049850464,
        -0.0415150448679924,
        0.28580594062805176,
        -0.004008536227047443,
        0.039089467376470566,
        0.9991350769996643,
        0.014189179986715317,
        0.047727715224027634,
        -0.28614774346351624,
        -0.0024125464260578156,
        0.9581825137138367,
        0.35468313097953796
    ],
    [
        0.9453200697898865,
        -0.043970659375190735,
        0.3231665790081024,
        0.003874610411003232,
        0.04198812320828438,
        0.9990321397781372,
        0.013107468374073505,
        0.04684797674417496,
        -0.3234301209449768,
        0.0011784029193222523,
        0.9462513327598572,
        0.40234068036079407
    ],
    [
        0.9294135570526123,
        -0.04454023018479347,
        0.36634206771850586,
        0.01064568106085062,
        0.04327716678380966,
        0.9989950060844421,
        0.011664183810353279,
        0.037779469043016434,
        -0.3664933741092682,
        0.005013395566493273,
        0.9304071068763733,
        0.4581073820590973
    ],
    [
        0.911156177520752,
        -0.04136567562818527,
        0.4099797308444977,
        0.01281031221151352,
        0.0410817489027977,
        0.9991106390953064,
        0.009505334310233593,
        0.02076217159628868,
        -0.4100082516670227,
        0.008181839250028133,
        0.9120450019836426,
        0.5147053599357605
    ],
    [
        0.8936624526977539,
        -0.03861624374985695,
        0.4470752477645874,
        0.017613938078284264,
        0.04103768244385719,
        0.9991484880447388,
        0.004271157551556826,
        0.003669182537123561,
        -0.4468594789505005,
        0.014529959298670292,
        0.894486129283905,
        0.5558574199676514
    ],
    [
        0.8721880912780762,
        -0.03771176561713219,
        0.4877147376537323,
        0.03268294036388397,
        0.04426402598619461,
        0.999018132686615,
        -0.0019105988321825862,
        -0.012519747018814087,
        -0.487163782119751,
        0.023254621773958206,
        0.873000979423523,
        0.6019867658615112
    ],
    [
        0.8495832085609436,
        -0.0387084037065506,
        0.5260322690010071,
        0.05967603251338005,
        0.05095553398132324,
        0.998661994934082,
        -0.008810017257928848,
        -0.029192669317126274,
        -0.5249873995780945,
        0.034289099276065826,
        0.8504190444946289,
        0.6497414112091064
    ],
    [
        0.8294810056686401,
        -0.04092540219426155,
        0.5570335984230042,
        0.09207245707511902,
        0.058877572417259216,
        0.9981622099876404,
        -0.014339596964418888,
        -0.04680410772562027,
        -0.5554229617118835,
        0.04469120875000954,
        0.8303662538528442,
        0.6929989457130432
    ],
    [
        0.8031416535377502,
        -0.04488693177700043,
        0.5940947532653809,
        0.13937269151210785,
        0.06956284493207932,
        0.9974026679992676,
        -0.018681326881051064,
        -0.07011332362890244,
        -0.5917131304740906,
        0.05633066967129707,
        0.8041781187057495,
        0.7373813986778259
    ],
    [
        0.7735446095466614,
        -0.048645079135894775,
        0.6318721771240234,
        0.18951943516731262,
        0.07953454554080963,
        0.9966182708740234,
        -0.020641736686229706,
        -0.093940369784832,
        -0.6287312507629395,
        0.06622296571731567,
        0.774797797203064,
        0.774876058101654
    ],
    [
        0.74397873878479,
        -0.05319548770785332,
        0.666082501411438,
        0.2338348925113678,
        0.08725565671920776,
        0.9960248470306396,
        -0.017914192751049995,
        -0.10823635011911392,
        -0.6624817848205566,
        0.07144723832607269,
        0.7456629872322083,
        0.8059062957763672
    ],
    [
        0.703324019908905,
        -0.05732255056500435,
        0.7085545063018799,
        0.286729633808136,
        0.09283143281936646,
        0.995614230632782,
        -0.011600278317928314,
        -0.11916855722665787,
        -0.7047820687294006,
        0.0739348977804184,
        0.7055606842041016,
        0.841196596622467
    ],
    [
        0.653387725353241,
        -0.05948664993047714,
        0.7546826004981995,
        0.3372972011566162,
        0.09358839690685272,
        0.9956077337265015,
        -0.002549611497670412,
        -0.12197382748126984,
        -0.7512161135673523,
        0.0722954273223877,
        0.656085193157196,
        0.8792957663536072
    ],
    [
        0.6077109575271606,
        -0.06408081948757172,
        0.7915687561035156,
        0.378445029258728,
        0.09431929141283035,
        0.9955084919929504,
        0.00817884597927332,
        -0.11960239708423615,
        -0.7885374426841736,
        0.06968983262777328,
        0.6110253930091858,
        0.9049671292304993
    ],
    [
        0.5515812039375305,
        -0.07304047793149948,
        0.8309171199798584,
        0.4433254599571228,
        0.09625940769910812,
        0.9950771331787109,
        0.023571575060486794,
        -0.11297766119241714,
        -0.8285483717918396,
        0.06698194146156311,
        0.5558966994285583,
        0.9242305159568787
    ],
    [
        0.49233293533325195,
        -0.08454781025648117,
        0.8662909269332886,
        0.5324532389640808,
        0.10038883239030838,
        0.9941450357437134,
        0.03997277840971947,
        -0.10377432405948639,
        -0.8645983934402466,
        0.06728601455688477,
        0.497937947511673,
        0.9355698227882385
    ],
    [
        0.44155362248420715,
        -0.0950808972120285,
        0.8921827077865601,
        0.6181468963623047,
        0.1030631735920906,
        0.9931622743606567,
        0.054834987968206406,
        -0.10374631732702255,
        -0.8912959098815918,
        0.0677386000752449,
        0.448333740234375,
        0.9409759044647217
    ],
    [
        0.3813145160675049,
        -0.10553213953971863,
        0.9184020161628723,
        0.7144550681114197,
        0.1051538959145546,
        0.9919661283493042,
        0.070326067507267,
        -0.10441058874130249,
        -0.918445348739624,
        0.06975719332695007,
        0.38934823870658875,
        0.9426684379577637
    ],
    [
        0.3214261531829834,
        -0.11814100295305252,
        0.9395360350608826,
        0.8078378438949585,
        0.11043369770050049,
        0.9900931119918823,
        0.0867176204919815,
        -0.09776080399751663,
        -0.9404730796813965,
        0.07588312029838562,
        0.33128857612609863,
        0.9435895085334778
    ],
    [
        0.26849880814552307,
        -0.12477665394544601,
        0.9551644921302795,
        0.8846201300621033,
        0.11228428035974503,
        0.9888697266578674,
        0.09761633723974228,
        -0.08579114824533463,
        -0.9567134976387024,
        0.08104008436203003,
        0.279520720243454,
        0.9460781812667847
    ],
    [
        0.2076442986726761,
        -0.1325940042734146,
        0.9691762328147888,
        0.9720537662506104,
        0.1156747043132782,
        0.9871473908424377,
        0.11026953905820847,
        -0.06492592394351959,
        -0.9713409543037415,
        0.0892123356461525,
        0.22031331062316895,
        0.9405710697174072
    ],
    [
        0.14650090038776398,
        -0.1421526074409485,
        0.978943407535553,
        1.059773564338684,
        0.12352868914604187,
        0.9845033884048462,
        0.1244736760854721,
        -0.03610280156135559,
        -0.9814673662185669,
        0.10269208252429962,
        0.16179059445858002,
        0.9246850609779358
    ]
]