[
    [
        0.999845027923584,
        0.011578617617487907,
        0.013260852545499802,
        -0.0420953743159771,
        -0.011651312001049519,
        0.9999175071716309,
        0.005417758133262396,
        -0.08177646994590759,
        -0.013197028078138828,
        -0.0055714258924126625,
        0.9998973608016968,
        -0.15292303264141083
    ],
    [
        0.9998376965522766,
        0.011669892817735672,
        0.013724932447075844,
        -0.05050451681017876,
        -0.011764999479055405,
        0.9999072551727295,
        0.006869317032396793,
        -0.10103960335254669,
        -0.013643495738506317,
        -0.0070296768099069595,
        0.9998822212219238,
        -0.20086491107940674
    ],
    [
        0.9998335242271423,
        0.011339900083839893,
        0.014295092783868313,
        -0.05955492705106735,
        -0.011462226510047913,
        0.9998981356620789,
        0.008504672907292843,
        -0.12702777981758118,
        -0.014197194017469883,
        -0.008667110465466976,
        0.9998615980148315,
        -0.25568366050720215
    ],
    [
        0.9998353719711304,
        0.011261067353188992,
        0.01423061452805996,
        -0.06678096950054169,
        -0.011389542371034622,
        0.9998947978019714,
        0.008979525417089462,
        -0.15441271662712097,
        -0.014127999544143677,
        -0.009140128269791603,
        0.9998583793640137,
        -0.30568525195121765
    ],
    [
        0.9998264312744141,
        0.011221916414797306,
        0.014871147461235523,
        -0.07226608693599701,
        -0.011353179812431335,
        0.9998971223831177,
        0.008772008121013641,
        -0.18544049561023712,
        -0.014771179296076298,
        -0.008939320221543312,
        0.9998509883880615,
        -0.35774901509284973
    ],
    [
        0.9998192191123962,
        0.010902831330895424,
        0.015573873184621334,
        -0.07364069670438766,
        -0.011033060029149055,
        0.9999046325683594,
        0.008300689980387688,
        -0.21611939370632172,
        -0.015481889247894287,
        -0.008471017703413963,
        0.9998443126678467,
        -0.4069277048110962
    ],
    [
        0.9997174143791199,
        0.011135407723486423,
        0.02100413478910923,
        -0.07225732505321503,
        -0.011271190829575062,
        0.9999162554740906,
        0.006357276812195778,
        -0.250468909740448,
        -0.020931584760546684,
        -0.00659222062677145,
        0.9997591376304626,
        -0.46000680327415466
    ],
    [
        0.9996227622032166,
        0.011170932091772556,
        0.02508903294801712,
        -0.07152466475963593,
        -0.011293546296656132,
        0.9999249577522278,
        0.004750818945467472,
        -0.27878013253211975,
        -0.02503407746553421,
        -0.005032371263951063,
        0.9996739625930786,
        -0.5045685172080994
    ],
    [
        0.9995379447937012,
        0.011406496167182922,
        0.02817756123840809,
        -0.07207883149385452,
        -0.011509526520967484,
        0.9999276399612427,
        0.0034970503766089678,
        -0.31163281202316284,
        -0.02813563123345375,
        -0.003819745033979416,
        0.9995967745780945,
        -0.5554066896438599
    ],
    [
        0.9994868040084839,
        0.012251636944711208,
        0.029598986729979515,
        -0.07634632289409637,
        -0.012328114360570908,
        0.9999210834503174,
        0.002402688143774867,
        -0.3466285765171051,
        -0.029567215591669083,
        -0.0027663542423397303,
        0.9995588660240173,
        -0.6096007823944092
    ],
    [
        0.9993931651115417,
        0.012519845739006996,
        0.03250305727124214,
        -0.08115795999765396,
        -0.01258693728595972,
        0.9999189972877502,
        0.0018603489734232426,
        -0.3780613839626312,
        -0.03247712925076485,
        -0.002268334152176976,
        0.999470055103302,
        -0.6611773371696472
    ],
    [
        0.9992128014564514,
        0.012972092255949974,
        0.03749062120914459,
        -0.08680881559848785,
        -0.013036071322858334,
        0.9999139308929443,
        0.0014625691110268235,
        -0.41113272309303284,
        -0.037468425929546356,
        -0.0019501481438055634,
        0.9992959499359131,
        -0.7155706286430359
    ],
    [
        0.9990053772926331,
        0.012955890968441963,
        0.04266532137989998,
        -0.08865783363580704,
        -0.01315265242010355,
        0.9999041557312012,
        0.004334254190325737,
        -0.443791002035141,
        -0.04260507971048355,
        -0.004891105927526951,
        0.9990800619125366,
        -0.7662465572357178
    ],
    [
        0.9989292025566101,
        0.012469456531107426,
        0.04455385357141495,
        -0.08919249475002289,
        -0.012841668911278248,
        0.9998849630355835,
        0.008077766746282578,
        -0.4724075198173523,
        -0.04444800317287445,
        -0.008641260676085949,
        0.9989743232727051,
        -0.809743344783783
    ],
    [
        0.9988985061645508,
        0.01183844730257988,
        0.045403122901916504,
        -0.08932364732027054,
        -0.012429316528141499,
        0.9998414516448975,
        0.012753658927977085,
        -0.5052098631858826,
        -0.045244935899972916,
        -0.01330394297838211,
        0.9988873600959778,
        -0.8598705530166626
    ],
    [
        0.9988749027252197,
        0.011541799642145634,
        0.04599735513329506,
        -0.08921897411346436,
        -0.012320240959525108,
        0.9997851252555847,
        0.016676202416419983,
        -0.5329787135124207,
        -0.04579499736428261,
        -0.017224140465259552,
        0.9988023042678833,
        -0.9053261280059814
    ],
    [
        0.9988217949867249,
        0.011698104441165924,
        0.04709756746888161,
        -0.08982282131910324,
        -0.012721238657832146,
        0.9996882677078247,
        0.021482886746525764,
        -0.5631962418556213,
        -0.04683157801628113,
        -0.022056713700294495,
        0.9986592531204224,
        -0.9498776197433472
    ],
    [
        0.9987878203392029,
        0.011334030888974667,
        0.047899916768074036,
        -0.0914863869547844,
        -0.012648850679397583,
        0.9995490312576294,
        0.02723594754934311,
        -0.5939503312110901,
        -0.04756961762905121,
        -0.027808811515569687,
        0.9984807372093201,
        -0.9883126616477966
    ],
    [
        0.9987584352493286,
        0.01139086578041315,
        0.048495326191186905,
        -0.09676142036914825,
        -0.013001572340726852,
        0.9993698000907898,
        0.033028773963451385,
        -0.6266546845436096,
        -0.048088546842336655,
        -0.03361828625202179,
        0.9982771873474121,
        -1.0235830545425415
    ],
    [
        0.998726487159729,
        0.01144342590123415,
        0.04913914576172829,
        -0.10227871686220169,
        -0.013308710418641567,
        0.9991967082023621,
        0.03780142962932587,
        -0.6539924144744873,
        -0.04866708815097809,
        -0.03840724378824234,
        0.9980763792991638,
        -1.0486921072006226
    ],
    [
        0.9987084269523621,
        0.011402405798435211,
        0.04951301962137222,
        -0.10987764596939087,
        -0.013527297414839268,
        0.9989923238754272,
        0.04279504343867302,
        -0.6843511462211609,
        -0.048975154757499695,
        -0.04340953752398491,
        0.9978563189506531,
        -1.0726877450942993
    ],
    [
        0.9986792802810669,
        0.01109242532402277,
        0.05016818270087242,
        -0.12056805193424225,
        -0.013523542322218418,
        0.9987372756004333,
        0.04838250204920769,
        -0.7146586179733276,
        -0.04956815391778946,
        -0.04899703338742256,
        0.9975682497024536,
        -1.0939971208572388
    ],
    [
        0.9986587166786194,
        0.010965337045490742,
        0.05060252174735069,
        -0.1311703473329544,
        -0.013713113032281399,
        0.9984316825866699,
        0.05427752807736397,
        -0.7422851324081421,
        -0.04992798715829849,
        -0.05489862337708473,
        0.9972429275512695,
        -1.1108391284942627
    ],
    [
        0.998627245426178,
        0.010090809315443039,
        0.05139772221446037,
        -0.14367739856243134,
        -0.013626583851873875,
        0.9975295662879944,
        0.06891349703073502,
        -0.7688627243041992,
        -0.05057535320520401,
        -0.0695192739367485,
        0.9962976574897766,
        -1.1247469186782837
    ],
    [
        0.9985899329185486,
        0.009323555044829845,
        0.05226209759712219,
        -0.1538439691066742,
        -0.013811860233545303,
        0.9961830973625183,
        0.08618897944688797,
        -0.7944877743721008,
        -0.05125902593135834,
        -0.08678926527500153,
        0.9949071407318115,
        -1.1327321529388428
    ]
]