[
    [
        0.9999378323554993,
        0.009389432147145271,
        0.006008711643517017,
        0.008516797795891762,
        -0.009447336196899414,
        0.9999085664749146,
        0.009682119823992252,
        -0.03063000924885273,
        -0.0059172529727220535,
        -0.009738284163177013,
        0.9999350309371948,
        0.3642301559448242
    ],
    [
        0.999921977519989,
        0.009468834847211838,
        0.008158709853887558,
        0.016238026320934296,
        -0.00957819726318121,
        0.9998633861541748,
        0.0134712103754282,
        -0.04752524569630623,
        -0.008030037395656109,
        -0.013548304326832294,
        0.9998760223388672,
        0.4818284511566162
    ],
    [
        0.9999092817306519,
        0.008092437870800495,
        0.01077263243496418,
        0.025056570768356323,
        -0.008259442634880543,
        0.999845027923584,
        0.015549547970294952,
        -0.06409325450658798,
        -0.010645130649209023,
        -0.01563711278140545,
        0.999821126461029,
        0.609090268611908
    ],
    [
        0.9998514652252197,
        0.0058631435967981815,
        0.016206426545977592,
        0.02669772505760193,
        -0.006091547664254904,
        0.9998823404312134,
        0.014080217108130455,
        -0.07574424892663956,
        -0.016121963039040565,
        -0.014176848344504833,
        0.9997695088386536,
        0.7325705289840698
    ],
    [
        0.9997256994247437,
        0.0029828695114701986,
        0.02323049306869507,
        0.0246344655752182,
        -0.00327081186696887,
        0.9999182224273682,
        0.012366867624223232,
        -0.09220767021179199,
        -0.023191705346107483,
        -0.012439458630979061,
        0.999653697013855,
        0.8582569360733032
    ],
    [
        0.9995567798614502,
        -0.00022950816492084414,
        0.02976718731224537,
        0.02259553037583828,
        -2.8212181859998964e-05,
        0.999962568283081,
        0.008657151833176613,
        -0.10415154695510864,
        -0.02976806089282036,
        -0.0086541548371315,
        0.9995193481445312,
        0.9742597937583923
    ],
    [
        0.999363124370575,
        -0.0038545015268027782,
        0.035475824028253555,
        0.023243922740221024,
        0.0036867978051304817,
        0.999981701374054,
        0.004791474435478449,
        -0.1207709088921547,
        -0.0354936458170414,
        -0.004657628946006298,
        0.9993590712547302,
        1.1124238967895508
    ],
    [
        0.9991829991340637,
        -0.005749991163611412,
        0.040003642439842224,
        0.025058668106794357,
        0.005704546347260475,
        0.999983012676239,
        0.0012500722659751773,
        -0.13486163318157196,
        -0.04001014307141304,
        -0.001020848168991506,
        0.9991987347602844,
        1.2534228563308716
    ],
    [
        0.9990001320838928,
        -0.005687609780579805,
        0.04434381425380707,
        0.019990280270576477,
        0.005654746200889349,
        0.9999836087226868,
        0.0008664909400977194,
        -0.14235517382621765,
        -0.04434801638126373,
        -0.0006148735410533845,
        0.9990160465240479,
        1.4064072370529175
    ],
    [
        0.9987584352493286,
        -0.003399533685296774,
        0.04969804733991623,
        0.015472428873181343,
        0.0034754907246679068,
        0.9999929070472717,
        -0.0014420321676880121,
        -0.1524299830198288,
        -0.0496927872300148,
        0.0016129687428474426,
        0.9987631440162659,
        1.5342470407485962
    ],
    [
        0.99858558177948,
        -0.0025788939092308283,
        0.05310521274805069,
        0.020762665197253227,
        0.002840643050149083,
        0.9999841451644897,
        -0.0048539903946220875,
        -0.16420358419418335,
        -0.05309185013175011,
        0.004997976589947939,
        0.9985771775245667,
        1.6804834604263306
    ],
    [
        0.9986199736595154,
        -0.0024297318886965513,
        0.05246012657880783,
        0.03810332715511322,
        0.00280481344088912,
        0.9999710321426392,
        -0.00707740755751729,
        -0.17947043478488922,
        -0.05244140699505806,
        0.007214781828224659,
        0.9985979795455933,
        1.8310894966125488
    ],
    [
        0.9985408186912537,
        -0.0018691928125917912,
        0.053968094289302826,
        0.05386972799897194,
        0.0024134726263582706,
        0.9999468922615051,
        -0.01002182625234127,
        -0.19805818796157837,
        -0.053946491330862045,
        0.01013745367527008,
        0.9984923005104065,
        1.9712270498275757
    ],
    [
        0.9982315897941589,
        -0.001139619154855609,
        0.05943283811211586,
        0.05774976685643196,
        0.0018829028122127056,
        0.999920666217804,
        -0.012451780959963799,
        -0.21644549071788788,
        -0.059413932263851166,
        0.012541664764285088,
        0.9981546401977539,
        2.09552264213562
    ],
    [
        0.9978083372116089,
        0.0003421904402785003,
        0.0661691203713417,
        0.06164740398526192,
        0.0005368891288526356,
        0.9999118447303772,
        -0.013267100788652897,
        -0.24310407042503357,
        -0.06616783142089844,
        0.013273552060127258,
        0.9977201819419861,
        2.2369039058685303
    ],
    [
        0.9974990487098694,
        0.0010918364860117435,
        0.07067154347896576,
        0.07357601076364517,
        9.453009988646954e-05,
        0.9998592734336853,
        -0.016781533136963844,
        -0.26086029410362244,
        -0.0706799179315567,
        0.016746247187256813,
        0.9973583817481995,
        2.37359619140625
    ],
    [
        0.9973287582397461,
        0.001053446438163519,
        0.07303577661514282,
        0.09199955314397812,
        0.00038884454988874495,
        0.999805212020874,
        -0.019730711355805397,
        -0.2768383324146271,
        -0.07304233312606812,
        0.019706403836607933,
        0.9971340894699097,
        2.507401466369629
    ],
    [
        0.9971873760223389,
        -9.77346280706115e-05,
        0.07494842261075974,
        0.10821832716464996,
        0.0017724052304401994,
        0.9997501969337463,
        -0.022278111428022385,
        -0.28872305154800415,
        -0.07492752373218536,
        0.022348295897245407,
        0.9969385266304016,
        2.624760150909424
    ],
    [
        0.9967843294143677,
        -0.000964531151112169,
        0.08012533187866211,
        0.11823207885026932,
        0.0029181777499616146,
        0.9997012615203857,
        -0.02426886558532715,
        -0.3041056990623474,
        -0.08007799088954926,
        0.024424642324447632,
        0.996489405632019,
        2.76165771484375
    ],
    [
        0.99620521068573,
        -0.0014993444783613086,
        0.08702311664819717,
        0.12630221247673035,
        0.0036417259834706783,
        0.9996940493583679,
        -0.02446499839425087,
        -0.32346415519714355,
        -0.08695981651544571,
        0.024689074605703354,
        0.995905876159668,
        2.8975398540496826
    ],
    [
        0.9954115748405457,
        -0.002654104493558407,
        0.09564921259880066,
        0.13433703780174255,
        0.005284999962896109,
        0.9996142983436584,
        -0.027262844145298004,
        -0.3356441557407379,
        -0.09553996473550797,
        0.02764325961470604,
        0.9950416088104248,
        3.0346145629882812
    ],
    [
        0.9944501519203186,
        -0.0025781458243727684,
        0.10517634451389313,
        0.1407121866941452,
        0.0055196406319737434,
        0.9996014833450317,
        -0.027685800567269325,
        -0.35162079334259033,
        -0.1050630435347557,
        0.028112685307860374,
        0.9940680861473083,
        3.1563546657562256
    ],
    [
        0.993205726146698,
        -0.001904556411318481,
        0.11635535955429077,
        0.15271025896072388,
        0.005182684864848852,
        0.9995979070663452,
        -0.027877366170287132,
        -0.36764538288116455,
        -0.1162554994225502,
        0.0282910019159317,
        0.9928163290023804,
        3.28781795501709
    ],
    [
        0.9911842942237854,
        -0.0014295278815552592,
        0.1324826031923294,
        0.15584714710712433,
        0.0054886192083358765,
        0.9995264410972595,
        -0.03027854487299919,
        -0.3762770891189575,
        -0.13237658143043518,
        0.030738769099116325,
        0.9907227754592896,
        3.4193201065063477
    ],
    [
        0.9887266159057617,
        -0.00045731206773780286,
        0.14973068237304688,
        0.16198715567588806,
        0.0052558486349880695,
        0.9994850158691406,
        -0.03165363892912865,
        -0.3847220540046692,
        -0.14963911473751068,
        0.03208375722169876,
        0.9882199168205261,
        3.539846181869507
    ]
]