[
    [
        0.9913673996925354,
        0.01258650328963995,
        -0.13050799071788788,
        -0.1338704377412796,
        -0.011947412975132465,
        0.9999125599861145,
        0.005678781308233738,
        -0.014481823891401291,
        0.13056804239749908,
        -0.004070524591952562,
        0.9914310574531555,
        0.36343327164649963
    ],
    [
        0.980219304561615,
        0.01824413612484932,
        -0.1970714032649994,
        -0.21172702312469482,
        -0.016560114920139313,
        0.9998108744621277,
        0.01018992718309164,
        -0.032318200916051865,
        0.1972200572490692,
        -0.006724839098751545,
        0.9803361296653748,
        0.5393370985984802
    ],
    [
        0.9616256356239319,
        0.031880103051662445,
        -0.27250686287879944,
        -0.29216551780700684,
        -0.027788234874606133,
        0.9994359016418457,
        0.018862804397940636,
        -0.061218973249197006,
        0.2729544937610626,
        -0.010566471144557,
        0.9619689583778381,
        0.7551977634429932
    ],
    [
        0.9417408108711243,
        0.04631636291742325,
        -0.33313503861427307,
        -0.37828174233436584,
        -0.04022124782204628,
        0.9988736510276794,
        0.025173578411340714,
        -0.08991820365190506,
        0.3339257538318634,
        -0.01030788104981184,
        0.9425429701805115,
        0.9427886009216309
    ],
    [
        0.923266589641571,
        0.05700458586215973,
        -0.37990686297416687,
        -0.5139865875244141,
        -0.04980527237057686,
        0.9983447790145874,
        0.02876146323978901,
        -0.11949359625577927,
        0.3809175491333008,
        -0.007633131928741932,
        0.9245775938034058,
        1.1784851551055908
    ],
    [
        0.9062050580978394,
        0.06383852660655975,
        -0.417991578578949,
        -0.6086260080337524,
        -0.05625977739691734,
        0.9979519248008728,
        0.030442915856838226,
        -0.14507076144218445,
        0.41907891631126404,
        -0.004071417264640331,
        0.907940685749054,
        1.3727868795394897
    ],
    [
        0.8899184465408325,
        0.06913337856531143,
        -0.4508500099182129,
        -0.717910647392273,
        -0.06134304404258728,
        0.9976071119308472,
        0.031890083104372025,
        -0.17117378115653992,
        0.45197585225105286,
        -0.0007230614428408444,
        0.8920298218727112,
        1.5940128564834595
    ],
    [
        0.8824003338813782,
        0.0715022012591362,
        -0.46503451466560364,
        -0.8682349324226379,
        -0.06354805082082748,
        0.9974402785301208,
        0.03278111666440964,
        -0.19504643976688385,
        0.4661880135536194,
        0.0006259686197154224,
        0.8846855163574219,
        1.8187241554260254
    ],
    [
        0.8758201599121094,
        0.07288094609975815,
        -0.477103054523468,
        -0.9904176592826843,
        -0.06420399248600006,
        0.9973405003547668,
        0.03449143096804619,
        -0.21612033247947693,
        0.4783480167388916,
        0.0004236322711221874,
        0.8781702518463135,
        2.028747081756592
    ],
    [
        0.8643220067024231,
        0.07617371529340744,
        -0.49713683128356934,
        -1.0939921140670776,
        -0.06512226909399033,
        0.9970929622650146,
        0.03955783694982529,
        -0.23917202651500702,
        0.49870482087135315,
        -0.0018160254694521427,
        0.8667699098587036,
        2.247559070587158
    ],
    [
        0.852806031703949,
        0.0806194320321083,
        -0.5159674882888794,
        -1.1963727474212646,
        -0.06696923077106476,
        0.9967374801635742,
        0.04505060240626335,
        -0.2626859247684479,
        0.5179160833358765,
        -0.003865479724481702,
        0.8554226756095886,
        2.441275119781494
    ],
    [
        0.8391293883323669,
        0.08600928634405136,
        -0.5370885729789734,
        -1.3237290382385254,
        -0.070235975086689,
        0.9962859749794006,
        0.04981072247028351,
        -0.2847387492656708,
        0.5393780469894409,
        -0.004074710421264172,
        0.8420538306236267,
        2.6491074562072754
    ],
    [
        0.8163235187530518,
        0.09361777454614639,
        -0.5699576139450073,
        -1.4451570510864258,
        -0.07535411417484283,
        0.9956052303314209,
        0.05560591071844101,
        -0.30642861127853394,
        0.5726584792137146,
        -0.002443759236484766,
        0.8197904825210571,
        2.8753480911254883
    ],
    [
        0.7956594228744507,
        0.09815523773431778,
        -0.5977387428283691,
        -1.5431365966796875,
        -0.07905369251966476,
        0.9951706528663635,
        0.058188293129205704,
        -0.32493487000465393,
        0.6005635857582092,
        0.0009553856798447669,
        0.799576461315155,
        3.0435969829559326
    ],
    [
        0.7854483127593994,
        0.09917918592691422,
        -0.6109291911125183,
        -1.659266710281372,
        -0.07965881377458572,
        0.9950671792030334,
        0.05912642925977707,
        -0.3389703333377838,
        0.613779604434967,
        0.002225147793069482,
        0.7894741892814636,
        3.1938891410827637
    ],
    [
        0.7824789881706238,
        0.10060843080282211,
        -0.6144953966140747,
        -1.7625401020050049,
        -0.08009061962366104,
        0.9949248433113098,
        0.06090950965881348,
        -0.35690754652023315,
        0.6175047755241394,
        0.00155490986071527,
        0.7865656018257141,
        3.3170976638793945
    ],
    [
        0.7732989192008972,
        0.10337240993976593,
        -0.6255581378936768,
        -1.8858712911605835,
        -0.08041071146726608,
        0.9946426749229431,
        0.06496136635541916,
        -0.3737662434577942,
        0.6289221048355103,
        6.702756218146533e-05,
        0.7774682641029358,
        3.471942901611328
    ],
    [
        0.770057201385498,
        0.10787536203861237,
        -0.6287884712219238,
        -1.9719207286834717,
        -0.08430002629756927,
        0.9941637516021729,
        0.06731986254453659,
        -0.39008629322052,
        0.6323807835578918,
        0.0011667261132970452,
        0.7746569514274597,
        3.5613133907318115
    ],
    [
        0.7755022644996643,
        0.10892847925424576,
        -0.6218769550323486,
        -2.0929534435272217,
        -0.08330342173576355,
        0.9940460324287415,
        0.07023566216230392,
        -0.4089285433292389,
        0.6258249282836914,
        -0.002663431689143181,
        0.7799590229988098,
        3.6747701168060303
    ],
    [
        0.7683406472206116,
        0.11022890359163284,
        -0.630477786064148,
        -2.193862199783325,
        -0.0845494493842125,
        0.9939056634902954,
        0.07073104381561279,
        -0.42840394377708435,
        0.6344320178031921,
        -0.0010389926610514522,
        0.772977888584137,
        3.7919514179229736
    ],
    [
        0.7394906282424927,
        0.11692559719085693,
        -0.6629343628883362,
        -2.2790307998657227,
        -0.09304875880479813,
        0.993100643157959,
        0.07136479765176773,
        -0.444355309009552,
        0.6667048931121826,
        0.008911673910915852,
        0.7452679872512817,
        3.9177229404449463
    ],
    [
        0.6916322112083435,
        0.12514574825763702,
        -0.7113253474235535,
        -2.386569023132324,
        -0.10426175594329834,
        0.9918578863143921,
        0.07312547415494919,
        -0.45581701397895813,
        0.7146849036216736,
        0.023588083684444427,
        0.6990487575531006,
        4.042348861694336
    ],
    [
        0.6323166489601135,
        0.13119612634181976,
        -0.7635204195976257,
        -2.4755687713623047,
        -0.11236768960952759,
        0.9906656742095947,
        0.07716824859380722,
        -0.462242990732193,
        0.7665175795555115,
        0.03700024634599686,
        0.6411566138267517,
        4.131697654724121
    ],
    [
        0.5556067228317261,
        0.13810889422893524,
        -0.8198946714401245,
        -2.5605297088623047,
        -0.12265270203351974,
        0.9889336228370667,
        0.08346664905548096,
        -0.4677351117134094,
        0.8223487734794617,
        0.05418763309717178,
        0.5663976669311523,
        4.201211452484131
    ],
    [
        0.46552273631095886,
        0.14235828816890717,
        -0.873511791229248,
        -2.6309549808502197,
        -0.13203497231006622,
        0.9871045351028442,
        0.09050509333610535,
        -0.4712039530277252,
        0.8751316070556641,
        0.07320193946361542,
        0.4783158004283905,
        4.2652268409729
    ]
]