[
    [
        0.9780428409576416,
        0.021870287135243416,
        -0.20725323259830475,
        -0.3188585042953491,
        -0.022302171215415,
        0.9997512102127075,
        0.00025267479941248894,
        -0.0170539952814579,
        0.20720721781253815,
        0.004375069867819548,
        0.978287398815155,
        0.5520496964454651
    ],
    [
        0.9658679366111755,
        0.028376782312989235,
        -0.2574761211872101,
        -0.5361562967300415,
        -0.028534643352031708,
        0.9995880126953125,
        0.003124142996966839,
        -0.040342651307582855,
        0.2574586868286133,
        0.004329480696469545,
        0.9662796258926392,
        0.8463894128799438
    ],
    [
        0.9594424962997437,
        0.0318724699318409,
        -0.2800966501235962,
        -0.749570369720459,
        -0.03208097442984581,
        0.9994779229164124,
        0.0038414420560002327,
        -0.06604239344596863,
        0.28007280826568604,
        0.00530013395473361,
        0.9599640965461731,
        1.0780235528945923
    ],
    [
        0.9525482058525085,
        0.0362715907394886,
        -0.3022187650203705,
        -0.937797486782074,
        -0.03579552099108696,
        0.9993338584899902,
        0.00711558572947979,
        -0.10641062259674072,
        0.30227556824684143,
        0.004040142521262169,
        0.9532119631767273,
        1.371730089187622
    ],
    [
        0.9453458786010742,
        0.039927538484334946,
        -0.3236156105995178,
        -1.098159670829773,
        -0.039080675691366196,
        0.9991944432258606,
        0.009117678739130497,
        -0.13415390253067017,
        0.32371896505355835,
        0.004027761053293943,
        0.9461445808410645,
        1.6745527982711792
    ],
    [
        0.9371656179428101,
        0.046213168650865555,
        -0.34581053256988525,
        -1.2355778217315674,
        -0.04325760900974274,
        0.9989315867424011,
        0.01626395806670189,
        -0.18960040807724,
        0.3461926579475403,
        -0.00028308515902608633,
        0.9381632804870605,
        1.981174111366272
    ],
    [
        0.9308294653892517,
        0.04885123670101166,
        -0.3621741235256195,
        -1.367080569267273,
        -0.044325314462184906,
        0.99880051612854,
        0.02080032415688038,
        -0.2187661975622177,
        0.3627558648586273,
        -0.0033080712892115116,
        0.931878387928009,
        2.2483553886413574
    ],
    [
        0.9239373207092285,
        0.056632149964571,
        -0.3783285915851593,
        -1.5326539278030396,
        -0.050751473754644394,
        0.9983856081962585,
        0.025505712255835533,
        -0.2509620487689972,
        0.3791622519493103,
        -0.004364948254078627,
        0.925320029258728,
        2.530735969543457
    ],
    [
        0.9171064496040344,
        0.0647829920053482,
        -0.3933432698249817,
        -1.674672245979309,
        -0.05736347287893295,
        0.9978841543197632,
        0.030603060498833656,
        -0.2880704998970032,
        0.39449360966682434,
        -0.005502726417034864,
        0.9188823103904724,
        2.77298903465271
    ],
    [
        0.9080868363380432,
        0.07011530548334122,
        -0.4128706753253937,
        -1.8333792686462402,
        -0.06151049584150314,
        0.9975232481956482,
        0.034114252775907516,
        -0.3116272985935211,
        0.4142400622367859,
        -0.005582819692790508,
        0.9101505279541016,
        3.0667901039123535
    ],
    [
        0.8993784785270691,
        0.07935222238302231,
        -0.4299088716506958,
        -1.977056860923767,
        -0.06654804944992065,
        0.9967785477638245,
        0.044764626771211624,
        -0.34236598014831543,
        0.432076096534729,
        -0.011650740168988705,
        0.9017619490623474,
        3.326322317123413
    ],
    [
        0.8901845216751099,
        0.09583967924118042,
        -0.4454057812690735,
        -2.123394012451172,
        -0.07427304238080978,
        0.9950731992721558,
        0.06567222625017166,
        -0.3760896325111389,
        0.4495053291320801,
        -0.02537875436246395,
        0.8929170966148376,
        3.5997328758239746
    ],
    [
        0.8823440074920654,
        0.11240661144256592,
        -0.456983357667923,
        -2.245971918106079,
        -0.07991190999746323,
        0.9927400946617126,
        0.08989551663398743,
        -0.3908132314682007,
        0.4637705683708191,
        -0.042800355702638626,
        0.8849208950996399,
        3.828359365463257
    ],
    [
        0.8741321563720703,
        0.13370566070079803,
        -0.4669215679168701,
        -2.362560749053955,
        -0.08596041798591614,
        0.9887743592262268,
        0.12221313267946243,
        -0.4098837971687317,
        0.47802072763442993,
        -0.06669364869594574,
        0.875812828540802,
        4.035956382751465
    ],
    [
        0.8587573766708374,
        0.16183049976825714,
        -0.4861549139022827,
        -2.4828672409057617,
        -0.09394054859876633,
        0.9824572205543518,
        0.16109953820705414,
        -0.43352094292640686,
        0.5036972165107727,
        -0.09267588704824448,
        0.8588948845863342,
        4.236753940582275
    ],
    [
        0.8379080891609192,
        0.1877995878458023,
        -0.5124855637550354,
        -2.5938384532928467,
        -0.1013929694890976,
        0.9761560559272766,
        0.19193479418754578,
        -0.4364517331123352,
        0.5363110899925232,
        -0.10886110365390778,
        0.8369705080986023,
        4.408075332641602
    ],
    [
        0.7988066077232361,
        0.21228544414043427,
        -0.562887966632843,
        -2.639648675918579,
        -0.10594593733549118,
        0.9706881046295166,
        0.2157316654920578,
        -0.4595068097114563,
        0.592185378074646,
        -0.11269202083349228,
        0.7978829145431519,
        4.584846496582031
    ],
    [
        0.7577614784240723,
        0.23384690284729004,
        -0.6091907620429993,
        -2.6913704872131348,
        -0.11230574548244476,
        0.9663866758346558,
        0.2312665730714798,
        -0.4923921525478363,
        0.642794668674469,
        -0.10682952404022217,
        0.7585530281066895,
        4.747854709625244
    ],
    [
        0.7053943276405334,
        0.26961854100227356,
        -0.6555339694023132,
        -2.729098320007324,
        -0.11863406747579575,
        0.9566932916641235,
        0.2658269703388214,
        -0.6066723465919495,
        0.69881671667099,
        -0.10974414646625519,
        0.7068319320678711,
        4.926110744476318
    ],
    [
        0.6621320843696594,
        0.31417715549468994,
        -0.6803481578826904,
        -2.7864749431610107,
        -0.12753552198410034,
        0.9418718218803406,
        0.3108251690864563,
        -0.7583370208740234,
        0.738455057144165,
        -0.11903874576091766,
        0.6637122631072998,
        5.02381706237793
    ],
    [
        0.6217415928840637,
        0.3460831344127655,
        -0.702612042427063,
        -2.8850996494293213,
        -0.14111801981925964,
        0.9318971037864685,
        0.3341459631919861,
        -0.8818241357803345,
        0.7704045176506042,
        -0.10860101133584976,
        0.6282378435134888,
        5.088074684143066
    ],
    [
        0.5866603851318359,
        0.3454528748989105,
        -0.7324560284614563,
        -2.9794440269470215,
        -0.14380702376365662,
        0.9345177412033081,
        0.3255704343318939,
        -0.9486647844314575,
        0.7969624400138855,
        -0.0856669545173645,
        0.5979230999946594,
        5.174369812011719
    ],
    [
        0.580085039138794,
        0.32665690779685974,
        -0.7461881041526794,
        -3.031648635864258,
        -0.13566061854362488,
        0.9420164823532104,
        0.306922048330307,
        -0.9983513951301575,
        0.8031796813011169,
        -0.0768125057220459,
        0.5907641649246216,
        5.277172088623047
    ],
    [
        0.6042551398277283,
        0.30578747391700745,
        -0.7357783317565918,
        -3.014299154281616,
        -0.12993279099464417,
        0.9488821029663086,
        0.28764596581459045,
        -1.0507903099060059,
        0.7861254215240479,
        -0.07820991426706314,
        0.6130988597869873,
        5.384864807128906
    ],
    [
        0.6450821161270142,
        0.27587735652923584,
        -0.7125733494758606,
        -2.912706136703491,
        -0.11787711083889008,
        0.9573150277137756,
        0.26391834020614624,
        -1.100206732749939,
        0.7549662590026855,
        -0.08625289797782898,
        0.6500664949417114,
        5.598130226135254
    ]
]