[
    [
        0.9579365849494934,
        0.015184888616204262,
        -0.28657788038253784,
        -0.01595808006823063,
        -0.02767278626561165,
        0.9988333582878113,
        -0.03957599401473999,
        -0.23131155967712402,
        0.2856425344944,
        0.04584169760346413,
        0.9572391510009766,
        2.027961015701294
    ],
    [
        0.9563298225402832,
        0.015249999240040779,
        -0.29189160466194153,
        -0.01864524744451046,
        -0.027850301936268806,
        0.9988486170768738,
        -0.03906119614839554,
        -0.23479193449020386,
        0.29095980525016785,
        0.04548465460538864,
        0.9556534290313721,
        2.041060209274292
    ],
    [
        0.9532912373542786,
        0.015301580540835857,
        -0.30166465044021606,
        -0.020479222759604454,
        -0.028385819867253304,
        0.9988344311714172,
        -0.03903741389513016,
        -0.23751728236675262,
        0.30071574449539185,
        0.04577702656388283,
        0.9526146054267883,
        2.062805414199829
    ],
    [
        0.9499675035476685,
        0.01567484438419342,
        -0.3119552433490753,
        -0.021108325570821762,
        -0.029423048719763756,
        0.9987896680831909,
        -0.03941292688250542,
        -0.23942342400550842,
        0.3109598755836487,
        0.04661967605352402,
        0.9492788910865784,
        2.0844826698303223
    ],
    [
        0.9463385939598083,
        0.015996389091014862,
        -0.3227806091308594,
        -0.020440705120563507,
        -0.03041931428015232,
        0.9987490177154541,
        -0.03968822956085205,
        -0.24202565848827362,
        0.32174190878868103,
        0.04737727344036102,
        0.945641279220581,
        2.1090829372406006
    ],
    [
        0.9438857436180115,
        0.016274621710181236,
        -0.32987087965011597,
        -0.0195454154163599,
        -0.03104487434029579,
        0.9987348914146423,
        -0.03955722227692604,
        -0.24460850656032562,
        0.32880982756614685,
        0.04757830128073692,
        0.9431969523429871,
        2.1241025924682617
    ],
    [
        0.9400635361671448,
        0.01672886312007904,
        -0.3405885696411133,
        -0.01701532118022442,
        -0.03217965364456177,
        0.998690664768219,
        -0.0397663488984108,
        -0.24758315086364746,
        0.33947739005088806,
        0.04834291338920593,
        0.9393710494041443,
        2.149658203125
    ],
    [
        0.9361523389816284,
        0.016708334907889366,
        -0.35119742155075073,
        -0.014617107808589935,
        -0.03254232183098793,
        0.9987001419067383,
        -0.03923137113451958,
        -0.2522408664226532,
        0.35008543729782104,
        0.048155318945646286,
        0.9354791045188904,
        2.178577423095703
    ],
    [
        0.9324256777763367,
        0.016661133617162704,
        -0.3609776198863983,
        -0.013587146997451782,
        -0.033189766108989716,
        0.9986627697944641,
        -0.03963718190789223,
        -0.25442391633987427,
        0.3598345220088959,
        0.04893948510289192,
        0.9317317008972168,
        2.209411382675171
    ],
    [
        0.9305059909820557,
        0.016906360164284706,
        -0.3658865690231323,
        -0.015484190545976162,
        -0.03376214578747749,
        0.9986402988433838,
        -0.039718613028526306,
        -0.25641319155693054,
        0.3647175431251526,
        0.04931151494383812,
        0.9298115372657776,
        2.2298972606658936
    ],
    [
        0.928068995475769,
        0.01695956662297249,
        -0.3720219135284424,
        -0.020417558029294014,
        -0.03426440805196762,
        0.9986138343811035,
        -0.03995375335216522,
        -0.2590773105621338,
        0.3708285987377167,
        0.04982695356011391,
        0.9273636341094971,
        2.259310007095337
    ],
    [
        0.9257998466491699,
        0.016757026314735413,
        -0.3776427209377289,
        -0.024357952177524567,
        -0.034380361437797546,
        0.9986090064048767,
        -0.03997325152158737,
        -0.26273372769355774,
        0.3764476180076599,
        0.04999072849750519,
        0.925088107585907,
        2.2906413078308105
    ],
    [
        0.9236981272697449,
        0.01663621887564659,
        -0.38275957107543945,
        -0.027779947966337204,
        -0.03452126309275627,
        0.9986069202423096,
        -0.039905428886413574,
        -0.2665785551071167,
        0.3815625011920929,
        0.05007391422986984,
        0.9229856729507446,
        2.3237478733062744
    ],
    [
        0.9226883053779602,
        0.0169609896838665,
        -0.3851735293865204,
        -0.032096490263938904,
        -0.03495703265070915,
        0.9985973238945007,
        -0.039767131209373474,
        -0.26925837993621826,
        0.38395872712135315,
        0.05015719309449196,
        0.921986997127533,
        2.344463348388672
    ],
    [
        0.9216525554656982,
        0.017600160092115402,
        -0.3876168131828308,
        -0.039782170206308365,
        -0.035367436707019806,
        0.9986228942871094,
        -0.03875106945633888,
        -0.27488967776298523,
        0.38640096783638,
        0.04942403733730316,
        0.9210057854652405,
        2.373178720474243
    ],
    [
        0.9210009574890137,
        0.018042568117380142,
        -0.38914233446121216,
        -0.04739789664745331,
        -0.03579854220151901,
        0.9986200332641602,
        -0.03842506185173988,
        -0.2790878415107727,
        0.3879120349884033,
        0.049320247024297714,
        0.9203758835792542,
        2.4034926891326904
    ],
    [
        0.9210726022720337,
        0.018525870516896248,
        -0.3889501094818115,
        -0.05735651031136513,
        -0.036212008446455,
        0.9986141920089722,
        -0.03818920627236366,
        -0.2836361527442932,
        0.3877035677433014,
        0.049259692430496216,
        0.9204668998718262,
        2.4333207607269287
    ],
    [
        0.9212690591812134,
        0.01874944381415844,
        -0.3884735107421875,
        -0.06332962960004807,
        -0.03632904961705208,
        0.9986187815666199,
        -0.03795699402689934,
        -0.2868839204311371,
        0.3872252404689789,
        0.0490814745426178,
        0.9206777811050415,
        2.4521660804748535
    ],
    [
        0.9216805696487427,
        0.01910172402858734,
        -0.38747915625572205,
        -0.07081441581249237,
        -0.036667805165052414,
        0.9986050724983215,
        -0.037991516292095184,
        -0.29162657260894775,
        0.38621294498443604,
        0.04922405630350113,
        0.9210952520370483,
        2.4824767112731934
    ],
    [
        0.9223537445068359,
        0.01968611404299736,
        -0.38584452867507935,
        -0.0778336226940155,
        -0.037260692566633224,
        0.9985781908035278,
        -0.03812265396118164,
        -0.2964245676994324,
        0.3845454454421997,
        0.04953940212726593,
        0.9217758178710938,
        2.5121169090270996
    ],
    [
        0.9229995608329773,
        0.019949983805418015,
        -0.38428348302841187,
        -0.08246651291847229,
        -0.03757175803184509,
        0.9985557198524475,
        -0.0384027436375618,
        -0.30135560035705566,
        0.38296234607696533,
        0.049883924424648285,
        0.922416090965271,
        2.544191837310791
    ],
    [
        0.9233642816543579,
        0.01997741311788559,
        -0.3834049105644226,
        -0.08422389626502991,
        -0.037695277482271194,
        0.998537540435791,
        -0.03875346854329109,
        -0.30386674404144287,
        0.38207003474235535,
        0.05023612827062607,
        0.9227668642997742,
        2.5670061111450195
    ],
    [
        0.9239311814308167,
        0.020036375150084496,
        -0.3820336163043976,
        -0.0853293240070343,
        -0.03799645975232124,
        0.998495876789093,
        -0.03952500596642494,
        -0.3076290786266327,
        0.3806670308113098,
        0.05103430896997452,
        0.9233028292655945,
        2.6006789207458496
    ],
    [
        0.9246989488601685,
        0.02030886709690094,
        -0.3801572620868683,
        -0.08658527582883835,
        -0.0384957455098629,
        0.9984458088874817,
        -0.040298279374837875,
        -0.3116755783557892,
        0.3787477910518646,
        0.05189821496605873,
        0.924043595790863,
        2.6347436904907227
    ],
    [
        0.9254047274589539,
        0.020320584997534752,
        -0.37843501567840576,
        -0.08682753145694733,
        -0.03862691670656204,
        0.9984185099601746,
        -0.040844764560461044,
        -0.31622546911239624,
        0.3770066201686859,
        0.05241572856903076,
        0.9247262477874756,
        2.668609857559204
    ]
]