[
    [
        0.9841195344924927,
        0.00023225453332997859,
        0.17750661075115204,
        -0.2074420154094696,
        -0.0030428641475737095,
        0.9998742938041687,
        0.015561767853796482,
        -0.01039731316268444,
        -0.17748066782951355,
        -0.015854768455028534,
        0.983996570110321,
        0.214286208152771
    ],
    [
        0.9798247814178467,
        0.0014457650249823928,
        0.19985327124595642,
        -0.2329215407371521,
        -0.004882432986050844,
        0.9998485445976257,
        0.016704168170690536,
        -0.010240510106086731,
        -0.1997988373041153,
        -0.017342926934361458,
        0.9796833395957947,
        0.24203996360301971
    ],
    [
        0.9750276803970337,
        0.0032262473832815886,
        0.22205983102321625,
        -0.2591869533061981,
        -0.0073163132183253765,
        0.9998183846473694,
        0.017598619684576988,
        -0.007442719303071499,
        -0.22196272015571594,
        -0.018783804029226303,
        0.9748742580413818,
        0.2697516977787018
    ],
    [
        0.9694777727127075,
        0.005055644549429417,
        0.2451271265745163,
        -0.2856917083263397,
        -0.00980307161808014,
        0.9997871518135071,
        0.018150951713323593,
        -0.006540820002555847,
        -0.2449832260608673,
        -0.019999941810965538,
        0.9693209528923035,
        0.297829806804657
    ],
    [
        0.9629712700843811,
        0.006613630801439285,
        0.26952290534973145,
        -0.31185266375541687,
        -0.012015975080430508,
        0.9997584223747253,
        0.018399197608232498,
        -0.009243479929864407,
        -0.26933610439300537,
        -0.020956480875611305,
        0.9628181457519531,
        0.32535237073898315
    ],
    [
        0.9555959105491638,
        0.007667135912925005,
        0.29458069801330566,
        -0.33722859621047974,
        -0.0138256149366498,
        0.9997271299362183,
        0.018828989937901497,
        -0.010876810178160667,
        -0.29435592889785767,
        -0.0220656618475914,
        0.9554411768913269,
        0.3519434630870819
    ],
    [
        0.947614312171936,
        0.008267376571893692,
        0.3193100094795227,
        -0.362006813287735,
        -0.015206793323159218,
        0.9996991157531738,
        0.019245509058237076,
        -0.010219916701316833,
        -0.31905481219291687,
        -0.023093001917004585,
        0.9474549889564514,
        0.37843719124794006
    ],
    [
        0.9392410516738892,
        0.008642148226499557,
        0.3431496322154999,
        -0.3858344852924347,
        -0.016489507630467415,
        0.999664843082428,
        0.01995738409459591,
        -0.009563331492245197,
        -0.34286215901374817,
        -0.02440316416323185,
        0.9390687346458435,
        0.40657126903533936
    ],
    [
        0.9305835962295532,
        0.008711481466889381,
        0.3659757673740387,
        -0.40924736857414246,
        -0.017629995942115784,
        0.9996232986450195,
        0.021034132689237595,
        -0.011560182087123394,
        -0.36565467715263367,
        -0.026026170700788498,
        0.9303866624832153,
        0.43608561158180237
    ],
    [
        0.9213376045227051,
        0.009202429093420506,
        0.3886544406414032,
        -0.43408387899398804,
        -0.019274115562438965,
        0.999571681022644,
        0.02202337048947811,
        -0.014340400695800781,
        -0.3882853090763092,
        -0.027781929820775986,
        0.9211203455924988,
        0.4652063548564911
    ],
    [
        0.9117376208305359,
        0.009967506863176823,
        0.41065195202827454,
        -0.4600754380226135,
        -0.021230345591902733,
        0.9995129108428955,
        0.02287546545267105,
        -0.013748619705438614,
        -0.41022393107414246,
        -0.02957470528781414,
        0.9115051031112671,
        0.49378731846809387
    ],
    [
        0.9018903970718384,
        0.011045650579035282,
        0.4318237006664276,
        -0.4871290624141693,
        -0.023548871278762817,
        0.9994436502456665,
        0.0236184261739254,
        -0.011380210518836975,
        -0.4313225746154785,
        -0.03147019445896149,
        0.9016488194465637,
        0.5220800042152405
    ],
    [
        0.8916297554969788,
        0.012111383490264416,
        0.45260316133499146,
        -0.5144573450088501,
        -0.025780098512768745,
        0.9993784427642822,
        0.024044129997491837,
        -0.011153148487210274,
        -0.45203065872192383,
        -0.03310661390423775,
        0.8913877606391907,
        0.550159215927124
    ],
    [
        0.8805856704711914,
        0.012522822245955467,
        0.4737215042114258,
        -0.5413128137588501,
        -0.027862103655934334,
        0.9992896318435669,
        0.025375764816999435,
        -0.014377770945429802,
        -0.47306719422340393,
        -0.035544414073228836,
        0.880308985710144,
        0.5785572528839111
    ],
    [
        0.8692135214805603,
        0.012353726662695408,
        0.49428248405456543,
        -0.5679711103439331,
        -0.029589897021651268,
        0.9991956949234009,
        0.02706175297498703,
        -0.015836969017982483,
        -0.4935506284236908,
        -0.03814820945262909,
        0.8688799738883972,
        0.6065434813499451
    ],
    [
        0.8579891324043274,
        0.011931787244975567,
        0.5135293006896973,
        -0.5940009951591492,
        -0.03088507615029812,
        0.999119758605957,
        0.02838742360472679,
        -0.014185641892254353,
        -0.5127385258674622,
        -0.040216490626335144,
        0.8576022982597351,
        0.6340667605400085
    ],
    [
        0.8471556901931763,
        0.011138800531625748,
        0.5312279462814331,
        -0.6190872192382812,
        -0.031957343220710754,
        0.9990383982658386,
        0.03001491352915764,
        -0.01350363064557314,
        -0.5303828716278076,
        -0.0424039401113987,
        0.8466970920562744,
        0.6627111434936523
    ],
    [
        0.8369960784912109,
        0.009490590542554855,
        0.5471265912055969,
        -0.6422019600868225,
        -0.03255855292081833,
        0.9989418983459473,
        0.032480303198099136,
        -0.015774304047226906,
        -0.5462393164634705,
        -0.044999536126852036,
        0.8364194631576538,
        0.692513644695282
    ],
    [
        0.8270385265350342,
        0.007395812310278416,
        0.5620965361595154,
        -0.6654996871948242,
        -0.0327262207865715,
        0.9988510608673096,
        0.03500915318727493,
        -0.01919892057776451,
        -0.561191976070404,
        -0.04734921455383301,
        0.8263302445411682,
        0.7227975130081177
    ],
    [
        0.8172479271888733,
        0.00534114520996809,
        0.5762616395950317,
        -0.6894292831420898,
        -0.032930850982666016,
        0.998755931854248,
        0.037445105612277985,
        -0.02127871848642826,
        -0.5753447413444519,
        -0.049578722566366196,
        0.8164069652557373,
        0.7525062561035156
    ],
    [
        0.8072128295898438,
        0.0035884182434529066,
        0.5902495384216309,
        -0.7147391438484192,
        -0.03313017264008522,
        0.9986804723739624,
        0.0392366498708725,
        -0.020864328369498253,
        -0.5893299579620361,
        -0.051227398216724396,
        0.8062666654586792,
        0.7821847796440125
    ],
    [
        0.7966375946998596,
        0.0021093592513352633,
        0.6044535636901855,
        -0.7403587102890015,
        -0.033514343202114105,
        0.9986098408699036,
        0.040685273706912994,
        -0.02052301913499832,
        -0.6035274267196655,
        -0.052669279277324677,
        0.7956007719039917,
        0.8126755952835083
    ],
    [
        0.785756528377533,
        4.424399958224967e-05,
        0.6185359358787537,
        -0.7659976482391357,
        -0.033437032252550125,
        0.9985409379005432,
        0.042405273765325546,
        -0.02284403331577778,
        -0.6176313161849976,
        -0.05400221794843674,
        0.7846114039421082,
        0.8437702059745789
    ],
    [
        0.774767279624939,
        -0.0023385004606097937,
        0.6322421431541443,
        -0.7907086610794067,
        -0.03311145678162575,
        0.9984707236289978,
        0.044268783181905746,
        -0.02457932010293007,
        -0.6313789486885071,
        -0.05523247271776199,
        0.7735050320625305,
        0.874504566192627
    ],
    [
        0.7641614675521851,
        -0.0051128133200109005,
        0.6450048685073853,
        -0.8147495985031128,
        -0.03228447213768959,
        0.9984121322631836,
        0.04616282880306244,
        -0.024476032704114914,
        -0.644216775894165,
        -0.05609949678182602,
        0.7627829313278198,
        0.9057221412658691
    ]
]