[
    [
        0.9940545558929443,
        0.021146684885025024,
        -0.10681037604808807,
        -0.04320215806365013,
        -0.019828587770462036,
        0.9997137784957886,
        0.013387602753937244,
        -0.08241361379623413,
        0.10706289857625961,
        -0.011190108954906464,
        0.9941892623901367,
        0.30137327313423157
    ],
    [
        0.9920926094055176,
        0.025042779743671417,
        -0.12298418581485748,
        -0.055298008024692535,
        -0.023372000083327293,
        0.9996142387390137,
        0.015009482391178608,
        -0.08972720056772232,
        0.12331260740756989,
        -0.012016410939395428,
        0.9922951459884644,
        0.35521480441093445
    ],
    [
        0.9899886250495911,
        0.02673407644033432,
        -0.13859222829341888,
        -0.06343290209770203,
        -0.024778161197900772,
        0.9995678663253784,
        0.015819236636161804,
        -0.09678366035223007,
        0.1389552354812622,
        -0.01222680602222681,
        0.990223228931427,
        0.41057029366493225
    ],
    [
        0.9877433180809021,
        0.028464913368225098,
        -0.1534694880247116,
        -0.0702178105711937,
        -0.026198558509349823,
        0.9995160698890686,
        0.01677001640200615,
        -0.10213734954595566,
        0.1538725644350052,
        -0.012543790973722935,
        0.9880111813545227,
        0.46694040298461914
    ],
    [
        0.9854195713996887,
        0.02948233298957348,
        -0.16756826639175415,
        -0.07778862863779068,
        -0.027064522728323936,
        0.9994943141937256,
        0.016694767400622368,
        -0.10428634285926819,
        0.16797573864459991,
        -0.011916195042431355,
        0.9857191443443298,
        0.5245770812034607
    ],
    [
        0.9829421043395996,
        0.030578652396798134,
        -0.1813553273677826,
        -0.08435992151498795,
        -0.02791902981698513,
        0.9994622468948364,
        0.01720057614147663,
        -0.10796799510717392,
        0.1817837655544281,
        -0.011843905784189701,
        0.9832672476768494,
        0.5846251845359802
    ],
    [
        0.9797091484069824,
        0.03356167674064636,
        -0.19759471714496613,
        -0.09495221823453903,
        -0.03022013232111931,
        0.9993451237678528,
        0.019903142005205154,
        -0.1155201867222786,
        0.19813330471515656,
        -0.013527950271964073,
        0.9800817370414734,
        0.6615173816680908
    ],
    [
        0.977088212966919,
        0.03583267331123352,
        -0.20979644358158112,
        -0.1016044020652771,
        -0.031906481832265854,
        0.9992471933364868,
        0.02207019366323948,
        -0.12143078446388245,
        0.21042931079864502,
        -0.01487065851688385,
        0.9774959087371826,
        0.7195923924446106
    ],
    [
        0.9746747016906738,
        0.03707564249634743,
        -0.22053256630897522,
        -0.11121831834316254,
        -0.03268703073263168,
        0.9991889595985413,
        0.023517373949289322,
        -0.12717023491859436,
        0.22122560441493988,
        -0.01571323722600937,
        0.9750960469245911,
        0.7776249647140503
    ],
    [
        0.9725328683853149,
        0.03827299177646637,
        -0.229597270488739,
        -0.1250271201133728,
        -0.033643219619989395,
        0.9991446733474731,
        0.02404693514108658,
        -0.13007959723472595,
        0.2303212285041809,
        -0.015662042424082756,
        0.9729885458946228,
        0.8365767598152161
    ],
    [
        0.9704644680023193,
        0.041025251150131226,
        -0.23773016035556793,
        -0.14060930907726288,
        -0.03582862764596939,
        0.9990160465240479,
        0.026140842586755753,
        -0.1356458216905594,
        0.23856866359710693,
        -0.016851212829351425,
        0.9709794521331787,
        0.8962911367416382
    ],
    [
        0.9682965874671936,
        0.044096969068050385,
        -0.245880126953125,
        -0.15619918704032898,
        -0.03809216246008873,
        0.9988496899604797,
        0.029126903042197227,
        -0.1442079097032547,
        0.24688167870044708,
        -0.018837373703718185,
        0.9688624739646912,
        0.956767737865448
    ],
    [
        0.9657397270202637,
        0.048224665224552155,
        -0.2549924850463867,
        -0.17535172402858734,
        -0.041308093816041946,
        0.9986205101013184,
        0.0324137918651104,
        -0.1548188328742981,
        0.25620386004447937,
        -0.020770026370882988,
        0.966399610042572,
        1.0307410955429077
    ],
    [
        0.9634780287742615,
        0.050221432000398636,
        -0.26303571462631226,
        -0.1883857697248459,
        -0.04251832887530327,
        0.9984860420227051,
        0.03489985689520836,
        -0.1621813178062439,
        0.26439017057418823,
        -0.02244141697883606,
        0.9641546607017517,
        1.0938137769699097
    ],
    [
        0.9610490202903748,
        0.05175807699561119,
        -0.27148839831352234,
        -0.1990370899438858,
        -0.04382643476128578,
        0.9984187483787537,
        0.035201817750930786,
        -0.16569247841835022,
        0.2728811204433441,
        -0.021932298317551613,
        0.9617976546287537,
        1.152952790260315
    ],
    [
        0.9586266875267029,
        0.053045082837343216,
        -0.2796802818775177,
        -0.20971611142158508,
        -0.04510457441210747,
        0.9983775019645691,
        0.03475600853562355,
        -0.1687910109758377,
        0.28107011318206787,
        -0.020703177899122238,
        0.9594638347625732,
        1.2111610174179077
    ],
    [
        0.9559547305107117,
        0.05582574009895325,
        -0.2881564795970917,
        -0.21851152181625366,
        -0.047292329370975494,
        0.9982141852378845,
        0.036496564745903015,
        -0.17527128756046295,
        0.28967931866645813,
        -0.02126147225499153,
        0.9568876624107361,
        1.2712762355804443
    ],
    [
        0.9534220695495605,
        0.058699458837509155,
        -0.29587286710739136,
        -0.22775574028491974,
        -0.04927941784262657,
        0.9980153441429138,
        0.039202265441417694,
        -0.1831272393465042,
        0.2975867986679077,
        -0.022795861586928368,
        0.9544225931167603,
        1.3308629989624023
    ],
    [
        0.9509125351905823,
        0.061080411076545715,
        -0.30337202548980713,
        -0.24217312037944794,
        -0.051148880273103714,
        0.9978660941123962,
        0.040583692491054535,
        -0.18970289826393127,
        0.30520352721214294,
        -0.023074397817254066,
        0.9520076513290405,
        1.403651475906372
    ],
    [
        0.9495397210121155,
        0.0631774514913559,
        -0.30721789598464966,
        -0.25663456320762634,
        -0.05243304371833801,
        0.9976934194564819,
        0.04311099648475647,
        -0.19561436772346497,
        0.3092329204082489,
        -0.024827230721712112,
        0.9506621956825256,
        1.4616459608078003
    ],
    [
        0.9489869475364685,
        0.06479393690824509,
        -0.30858635902404785,
        -0.2745649814605713,
        -0.05318073928356171,
        0.9975292086601257,
        0.0459061861038208,
        -0.20055177807807922,
        0.3107983469963074,
        -0.02715351991355419,
        0.9500880241394043,
        1.5166294574737549
    ],
    [
        0.9488438367843628,
        0.06768431514501572,
        -0.3084060847759247,
        -0.29399627447128296,
        -0.0550546795129776,
        0.9972565174102783,
        0.049481313675642014,
        -0.20648419857025146,
        0.31090906262397766,
        -0.029970843344926834,
        0.9499669075012207,
        1.5688847303390503
    ],
    [
        0.9486270546913147,
        0.07057130336761475,
        -0.3084254264831543,
        -0.3120081126689911,
        -0.05669063702225685,
        0.996944010257721,
        0.05374836549162865,
        -0.21431457996368408,
        0.3112759590148926,
        -0.033502329140901566,
        0.9497289657592773,
        1.6197210550308228
    ],
    [
        0.9482830762863159,
        0.07168742269277573,
        -0.3092251718044281,
        -0.3286479711532593,
        -0.056974757462739944,
        0.996783435344696,
        0.056362271308898926,
        -0.2193014919757843,
        0.31227099895477295,
        -0.03582935780286789,
        0.9493171572685242,
        1.6708003282546997
    ],
    [
        0.9473409652709961,
        0.07224991917610168,
        -0.31196996569633484,
        -0.34650918841362,
        -0.056570425629615784,
        0.9966518878936768,
        0.059033021330833435,
        -0.2237522304058075,
        0.31519052386283875,
        -0.03827611729502678,
        0.948256254196167,
        1.7336255311965942
    ]
]