[
    [
        0.9999912977218628,
        0.0003144634538330138,
        0.004155124071985483,
        -0.005469952709972858,
        -0.0003195765893906355,
        0.9999992251396179,
        0.0012300617527216673,
        0.0009757009684108198,
        -0.004154734779149294,
        -0.0012313792249187827,
        0.9999905824661255,
        0.024643154814839363
    ],
    [
        0.9999167323112488,
        0.0007496307953260839,
        0.012890231795608997,
        -0.002860642969608307,
        -0.0007658072863705456,
        0.999998927116394,
        0.0012501097517088056,
        0.002102803671732545,
        -0.012889280915260315,
        -0.001259877230040729,
        0.9999161958694458,
        0.0256351251155138
    ],
    [
        0.9997653365135193,
        0.001097547123208642,
        0.021632516756653786,
        0.0005290164262987673,
        -0.0011206328636035323,
        0.9999988675117493,
        0.0010550874285399914,
        0.003656945889815688,
        -0.021631333976984024,
        -0.0010790814412757754,
        0.9997653365135193,
        0.027091586962342262
    ],
    [
        0.9995347261428833,
        0.0012907912023365498,
        0.030474895611405373,
        0.0039342110976576805,
        -0.001319772913120687,
        0.9999987483024597,
        0.000930911221075803,
        0.005081795156002045,
        -0.030473653227090836,
        -0.0009706977871246636,
        0.999535083770752,
        0.027956809848546982
    ],
    [
        0.9992260336875916,
        0.0017902371473610401,
        0.03929778188467026,
        0.006377402227371931,
        -0.0018222740618512034,
        0.9999980330467224,
        0.0007794288685545325,
        0.006421777419745922,
        -0.039296310395002365,
        -0.0008504369179718196,
        0.9992271661758423,
        0.029151316732168198
    ],
    [
        0.9988610744476318,
        0.0019734615925699472,
        0.047673098742961884,
        0.009720925241708755,
        -0.002018123399466276,
        0.9999975562095642,
        0.0008887340663932264,
        0.007846471853554249,
        -0.047671232372522354,
        -0.0009839320555329323,
        0.998862624168396,
        0.030206643044948578
    ],
    [
        0.9984332323074341,
        0.00236658938229084,
        0.05590769648551941,
        0.012839574366807938,
        -0.0024177120067179203,
        0.9999966621398926,
        0.0008467960287816823,
        0.00948905199766159,
        -0.05590551346540451,
        -0.0009806378511711955,
        0.9984355568885803,
        0.03188546374440193
    ],
    [
        0.9979239702224731,
        0.002592564793303609,
        0.0643506869673729,
        0.01644129678606987,
        -0.0026429910212755203,
        0.9999963045120239,
        0.0006985008367337286,
        0.011223172768950462,
        -0.06434864550828934,
        -0.0008671292453072965,
        0.9979270696640015,
        0.0331496000289917
    ],
    [
        0.9973302483558655,
        0.0028768163174390793,
        0.07296604663133621,
        0.02003413438796997,
        -0.002933220472186804,
        0.9999954700469971,
        0.0006658662459813058,
        0.012592395767569542,
        -0.07296379655599594,
        -0.0008781137876212597,
        0.9973342418670654,
        0.03408101573586464
    ],
    [
        0.9966616630554199,
        0.0032140889670699835,
        0.08157944679260254,
        0.0229626577347517,
        -0.0032591749913990498,
        0.9999945759773254,
        0.00041950683225877583,
        0.013842142187058926,
        -0.08157765865325928,
        -0.0006839882698841393,
        0.9966668486595154,
        0.03538757190108299
    ],
    [
        0.9959518909454346,
        0.0033696263562887907,
        0.08982519805431366,
        0.026261236518621445,
        -0.0034176816698163748,
        0.999994158744812,
        0.00038118218071758747,
        0.014554359018802643,
        -0.08982338756322861,
        -0.0006866328185424209,
        0.9959574341773987,
        0.036543477326631546
    ],
    [
        0.9951651096343994,
        0.0037832215894013643,
        0.09814298897981644,
        0.028969841077923775,
        -0.003824082901701331,
        0.9999927282333374,
        0.0002282326022395864,
        0.01554290670901537,
        -0.09814140200614929,
        -0.0006024363683536649,
        0.9951723217964172,
        0.038139622658491135
    ],
    [
        0.9943128228187561,
        0.004052841570228338,
        0.10642153024673462,
        0.03162238001823425,
        -0.004094580188393593,
        0.9999915361404419,
        0.00017370139539707452,
        0.01684108003973961,
        -0.10641993582248688,
        -0.0006084645865485072,
        0.9943211078643799,
        0.03909223899245262
    ],
    [
        0.9933949112892151,
        0.004422290716320276,
        0.1146605983376503,
        0.03440697863698006,
        -0.004443220794200897,
        0.9999901652336121,
        -7.30358442524448e-05,
        0.018234314396977425,
        -0.11465979367494583,
        -0.00043690978782251477,
        0.9934046864509583,
        0.03967662900686264
    ],
    [
        0.9924200773239136,
        0.004734677728265524,
        0.12280069291591644,
        0.03740384057164192,
        -0.004744581412523985,
        0.9999887347221375,
        -0.0002117832045769319,
        0.019549312070012093,
        -0.122800312936306,
        -0.00037246011197566986,
        0.9924312829971313,
        0.03994249552488327
    ],
    [
        0.9914020299911499,
        0.005074704997241497,
        0.130751833319664,
        0.04005534574389458,
        -0.005056486465036869,
        0.9999871253967285,
        -0.0004713413945864886,
        0.020526859909296036,
        -0.1307525485754013,
        -0.0001938553323270753,
        0.9914150834083557,
        0.040624525398015976
    ],
    [
        0.9903361797332764,
        0.005340647418051958,
        0.13858500123023987,
        0.04321354627609253,
        -0.005298189353197813,
        0.9999857544898987,
        -0.0006752732442691922,
        0.02124614454805851,
        -0.1385866403579712,
        -6.55023759463802e-05,
        0.9903501868247986,
        0.0412532240152359
    ],
    [
        0.9891615509986877,
        0.005736675579100847,
        0.146718829870224,
        0.0458698533475399,
        -0.005672197788953781,
        0.999983549118042,
        -0.0008578378474339843,
        0.02152389846742153,
        -0.14672133326530457,
        1.6322164810844697e-05,
        0.9891778230667114,
        0.04161178320646286
    ],
    [
        0.9879501461982727,
        0.006058783736079931,
        0.15465404093265533,
        0.0488419234752655,
        -0.005977750290185213,
        0.9999815821647644,
        -0.0009890076471492648,
        0.02209676243364811,
        -0.15465721487998962,
        5.260727266431786e-05,
        0.9879682064056396,
        0.042013756930828094
    ],
    [
        0.9867124557495117,
        0.006143330130726099,
        0.1623600870370865,
        0.05169348046183586,
        -0.006026037968695164,
        0.9999811053276062,
        -0.001214875839650631,
        0.022130755707621574,
        -0.16236448287963867,
        0.0002203453186666593,
        0.9867309331893921,
        0.042027100920677185
    ],
    [
        0.98539137840271,
        0.006537143606692553,
        0.1701797991991043,
        0.0543394535779953,
        -0.006367763038724661,
        0.9999786019325256,
        -0.0015411010244861245,
        0.022330796346068382,
        -0.17018622159957886,
        0.00043492301483638585,
        0.9854118227958679,
        0.042029548436403275
    ],
    [
        0.9839752912521362,
        0.006864060647785664,
        0.17817260324954987,
        0.05698506161570549,
        -0.006659412290900946,
        0.9999762773513794,
        -0.0017466269200667739,
        0.022299718111753464,
        -0.17818035185337067,
        0.0005321131902746856,
        0.9839977025985718,
        0.04188530519604683
    ],
    [
        0.9825426340103149,
        0.007164620328694582,
        0.1858992725610733,
        0.05970141291618347,
        -0.006931771989911795,
        0.9999740719795227,
        -0.001902497955597937,
        0.022557735443115234,
        -0.18590809404850006,
        0.0005806746776215732,
        0.9825668931007385,
        0.041799068450927734
    ],
    [
        0.9810544848442078,
        0.007359487470239401,
        0.19359233975410461,
        0.06279303878545761,
        -0.007082164287567139,
        0.9999727010726929,
        -0.0021245547104626894,
        0.022678697481751442,
        -0.19360265135765076,
        0.0007132507744245231,
        0.9810798168182373,
        0.041143327951431274
    ],
    [
        0.978741466999054,
        0.007828367874026299,
        0.20494842529296875,
        0.06733454763889313,
        -0.007462391164153814,
        0.9999688267707825,
        -0.0025585563853383064,
        0.022636929526925087,
        -0.2049620896577835,
        0.0009747605072334409,
        0.9787694215774536,
        0.04034903645515442
    ]
]