[
    [
        0.9709890484809875,
        0.018806317821145058,
        -0.2383834570646286,
        -0.13295699656009674,
        -0.026893895119428635,
        0.9991661906242371,
        -0.030719589442014694,
        -0.0037331096827983856,
        0.2376069575548172,
        0.03623943775892258,
        0.9706851840019226,
        -1.4028866291046143
    ],
    [
        0.9831385612487793,
        0.01759946718811989,
        -0.18201304972171783,
        -0.12269057333469391,
        -0.022292234003543854,
        0.9994689226150513,
        -0.0237688310444355,
        -0.007271701470017433,
        0.18149808049201965,
        0.027425533160567284,
        0.983008861541748,
        -1.120430588722229
    ],
    [
        0.9932898283004761,
        0.00821941439062357,
        -0.11535976082086563,
        -0.06294174492359161,
        -0.010006468743085861,
        0.9998387098312378,
        -0.014920579269528389,
        -0.006909550167620182,
        0.11521851271390915,
        0.015974802896380424,
        0.9932116270065308,
        -0.728965699672699
    ],
    [
        0.9982970952987671,
        0.0039654928259551525,
        -0.058200497180223465,
        -0.021746700629591942,
        -0.004221297334879637,
        0.9999819993972778,
        -0.004272940568625927,
        -0.0011040291283279657,
        0.0581824965775013,
        0.0045113456435501575,
        0.9982958436012268,
        -0.3509034216403961
    ],
    [
        0.9999793171882629,
        0.0016539839562028646,
        -0.0062095848843455315,
        0.015907902270555496,
        -0.001630885060876608,
        0.999991774559021,
        0.003723110305145383,
        0.0004912027507089078,
        0.006215691566467285,
        -0.0037129060365259647,
        0.9999737739562988,
        0.05477651581168175
    ],
    [
        0.9991231560707092,
        -0.005754044745117426,
        0.041469499468803406,
        0.09046494215726852,
        0.005522111896425486,
        0.9999685287475586,
        0.005705239716917276,
        -0.011332342401146889,
        -0.041501015424728394,
        -0.0054712374694645405,
        0.9991235136985779,
        0.4480898678302765
    ],
    [
        0.9961752891540527,
        -0.005530999042093754,
        0.08720201998949051,
        0.16664861142635345,
        0.005027931649237871,
        0.9999695420265198,
        0.00598757853731513,
        -0.039701953530311584,
        -0.08723247051239014,
        -0.005526232998818159,
        0.9961726069450378,
        0.8426640033721924
    ],
    [
        0.99226975440979,
        -0.0008072189521044493,
        0.12409697473049164,
        0.2278839498758316,
        0.0003723542613442987,
        0.9999938011169434,
        0.0035273870453238487,
        -0.05067998543381691,
        -0.12409903854131699,
        -0.0034539124462753534,
        0.9922637939453125,
        1.1980868577957153
    ],
    [
        0.9869639277458191,
        0.0039861141704022884,
        0.16089217364788055,
        0.2886516749858856,
        -0.004027139395475388,
        0.9999919533729553,
        -7.110788283171132e-05,
        -0.06652576476335526,
        -0.16089113056659698,
        -0.0005777549813501537,
        0.986971914768219,
        1.5929169654846191
    ],
    [
        0.9815070629119873,
        0.004152764566242695,
        0.19138051569461823,
        0.3952757716178894,
        -0.0033227514941245317,
        0.9999837279319763,
        -0.0046576992608606815,
        -0.08409363031387329,
        -0.19139672815799713,
        0.0039356546476483345,
        0.9815049171447754,
        1.9753650426864624
    ],
    [
        0.9760410189628601,
        0.009382961317896843,
        0.2173844873905182,
        0.5028339624404907,
        -0.007858275435864925,
        0.9999381303787231,
        -0.007877200841903687,
        -0.11444246023893356,
        -0.21744494140148163,
        0.005980201531201601,
        0.976054310798645,
        2.367820978164673
    ],
    [
        0.9703552722930908,
        0.012802762910723686,
        0.24134354293346405,
        0.5826424360275269,
        -0.011523162014782429,
        0.9999111294746399,
        -0.006712685339152813,
        -0.1351703554391861,
        -0.24140803515911102,
        0.003732648678123951,
        0.9704164862632751,
        2.793858528137207
    ],
    [
        0.9646298289299011,
        0.012409963645040989,
        0.26331594586372375,
        0.659209668636322,
        -0.010377855040133,
        0.9999046921730042,
        -0.00910690613090992,
        -0.17569947242736816,
        -0.26340383291244507,
        0.006052137818187475,
        0.9646666049957275,
        3.184643507003784
    ],
    [
        0.9587541818618774,
        0.011062749661505222,
        0.2840210199356079,
        0.7552320957183838,
        -0.007689496967941523,
        0.9998860359191895,
        -0.01298900693655014,
        -0.2058439552783966,
        -0.2841323912143707,
        0.010269287042319775,
        0.9587299823760986,
        3.5195581912994385
    ],
    [
        0.9507966637611389,
        0.010437676683068275,
        0.30963990092277527,
        0.8671852946281433,
        -0.005621768534183502,
        0.9998490214347839,
        -0.016441499814391136,
        -0.24455150961875916,
        -0.3097647726535797,
        0.013891797512769699,
        0.950711727142334,
        3.8606278896331787
    ],
    [
        0.9382873773574829,
        0.010019395500421524,
        0.34571149945259094,
        0.9671090841293335,
        -0.0047072069719433784,
        0.9998577237129211,
        -0.016202112659811974,
        -0.2581310272216797,
        -0.345824658870697,
        0.013574901036918163,
        0.9382009506225586,
        4.1952223777771
    ],
    [
        0.919253945350647,
        0.010019670240581036,
        0.3935374915599823,
        1.0566825866699219,
        -0.0019873674027621746,
        0.9997813701629639,
        -0.02081271819770336,
        -0.28288835287094116,
        -0.3936600089073181,
        0.018350068479776382,
        0.9190729856491089,
        4.495181560516357
    ],
    [
        0.8931176066398621,
        0.008742311969399452,
        0.4497385323047638,
        1.1560124158859253,
        0.005499588325619698,
        0.9995241165161133,
        -0.030350808054208755,
        -0.29909756779670715,
        -0.44978976249694824,
        0.02958020567893982,
        0.8926445841789246,
        4.76794958114624
    ],
    [
        0.8597490191459656,
        0.009027854539453983,
        0.510637104511261,
        1.2444497346878052,
        0.010881925001740456,
        0.9992929100990295,
        -0.035988759249448776,
        -0.32234424352645874,
        -0.5106008052825928,
        0.03649801388382912,
        0.8590429425239563,
        5.020567893981934
    ],
    [
        0.8204449415206909,
        0.010085203684866428,
        0.5716365575790405,
        1.309968113899231,
        0.012831855565309525,
        0.9992678165435791,
        -0.03604676574468613,
        -0.3347006142139435,
        -0.5715815424919128,
        0.036909542977809906,
        0.8197147846221924,
        5.234581470489502
    ],
    [
        0.7644361853599548,
        0.013191379606723785,
        0.6445645689964294,
        1.367261528968811,
        0.013869598507881165,
        0.9992227554321289,
        -0.03689862787723541,
        -0.32918280363082886,
        -0.6445502638816833,
        0.03714650124311447,
        0.7636590003967285,
        5.4492268562316895
    ],
    [
        0.6989433169364929,
        0.011090087704360485,
        0.7150910496711731,
        1.4442641735076904,
        0.019841643050312996,
        0.9991941452026367,
        -0.03488972410559654,
        -0.31842491030693054,
        -0.714901864528656,
        0.03857451677322388,
        0.6981600522994995,
        5.622853755950928
    ],
    [
        0.6225582361221313,
        0.009818099439144135,
        0.7825119495391846,
        1.5524495840072632,
        0.025200432166457176,
        0.9991511702537537,
        -0.032585449516773224,
        -0.3111018240451813,
        -0.7821676731109619,
        0.04000597447156906,
        0.6217824220657349,
        5.793095111846924
    ],
    [
        0.5364986062049866,
        0.013902716338634491,
        0.8437866568565369,
        1.6586575508117676,
        0.02617041952908039,
        0.9991092085838318,
        -0.0331016480922699,
        -0.32230469584465027,
        -0.8434953093528748,
        0.03984123468399048,
        0.5356570482254028,
        5.9534783363342285
    ],
    [
        0.43839436769485474,
        0.018868615850806236,
        0.8985846042633057,
        1.7674226760864258,
        0.027257725596427917,
        0.9990406036376953,
        -0.03427628055214882,
        -0.3315545618534088,
        -0.8983693718910217,
        0.03951990604400635,
        0.43745946884155273,
        6.125176906585693
    ]
]