[
    [
        0.9937908053398132,
        0.0005120051209814847,
        -0.11126307398080826,
        0.12637336552143097,
        -0.0008593648090027273,
        0.9999948740005493,
        -0.0030740350484848022,
        -0.013398125767707825,
        0.11126093566417694,
        0.0031505627557635307,
        0.9937863349914551,
        0.14679373800754547
    ],
    [
        0.9927661418914795,
        0.0007652206113561988,
        -0.12006203085184097,
        0.13451895117759705,
        -0.0011089665349572897,
        0.9999955296516418,
        -0.0027962776366621256,
        -0.012749863788485527,
        0.12005934864282608,
        0.00290919397957623,
        0.9927625060081482,
        0.15625335276126862
    ],
    [
        0.9912428855895996,
        0.0005058546084910631,
        -0.13205045461654663,
        0.14710867404937744,
        -0.000886422349140048,
        0.9999956488609314,
        -0.002823217073455453,
        -0.010456942021846771,
        0.13204844295978546,
        0.0029155465308576822,
        0.9912390112876892,
        0.16925159096717834
    ],
    [
        0.9900144338607788,
        0.0004506696714088321,
        -0.14096522331237793,
        0.1573968380689621,
        -0.0008332915604114532,
        0.9999961853027344,
        -0.002655288903042674,
        -0.008896022103726864,
        0.14096349477767944,
        0.002746239071711898,
        0.9900110363960266,
        0.1794205754995346
    ],
    [
        0.9882131814956665,
        0.00035718848812393844,
        -0.15308339893817902,
        0.1710878610610962,
        -0.0007290405919775367,
        0.9999969601631165,
        -0.002372951712459326,
        -0.006894633173942566,
        0.15308210253715515,
        0.0024565865751355886,
        0.9882104396820068,
        0.19340193271636963
    ],
    [
        0.9867410659790039,
        0.000563840672839433,
        -0.16230206191539764,
        0.18180598318576813,
        -0.00091694260481745,
        0.9999974370002747,
        -0.0021006837487220764,
        -0.005890071392059326,
        0.1623004525899887,
        0.002221651840955019,
        0.986738920211792,
        0.2037825882434845
    ],
    [
        0.9845554828643799,
        0.0006414017407223582,
        -0.1750718653202057,
        0.1955089569091797,
        -0.0009951185202226043,
        0.9999977350234985,
        -0.001932633575052023,
        -0.005693747662007809,
        0.17507022619247437,
        0.0020770016126334667,
        0.9845536947250366,
        0.21730662882328033
    ],
    [
        0.9819674491882324,
        0.0009038521093316376,
        -0.18904787302017212,
        0.2092803716659546,
        -0.0012730489252135158,
        0.9999974966049194,
        -0.001831508707255125,
        -0.006512859836220741,
        0.1890457719564438,
        0.00203914986923337,
        0.9819662570953369,
        0.23198136687278748
    ],
    [
        0.9798062443733215,
        0.0009857562836259604,
        -0.19994693994522095,
        0.21997205913066864,
        -0.0013618350494652987,
        0.9999975562095642,
        -0.001743366359733045,
        -0.007989470846951008,
        0.19994473457336426,
        0.001980455592274666,
        0.9798051714897156,
        0.24302615225315094
    ],
    [
        0.9765623807907104,
        0.001079469220712781,
        -0.21523229777812958,
        0.2365320920944214,
        -0.001473256153985858,
        0.999997615814209,
        -0.0016691734781488776,
        -0.009524418972432613,
        0.21522997319698334,
        0.0019471439300104976,
        0.976561427116394,
        0.2566024959087372
    ],
    [
        0.9741135835647583,
        0.0015514736296609044,
        -0.2260536104440689,
        0.2478056401014328,
        -0.0019136833725497127,
        0.9999972581863403,
        -0.0013831907417625189,
        -0.01090716291218996,
        0.22605085372924805,
        0.0017799801426008344,
        0.9741138815879822,
        0.26653042435646057
    ],
    [
        0.9704622030258179,
        0.0015777780208736658,
        -0.24124789237976074,
        0.2636719346046448,
        -0.0019080875208601356,
        0.9999974370002747,
        -0.0011355659225955606,
        -0.011461649090051651,
        0.24124550819396973,
        0.0015623460058122873,
        0.9704628586769104,
        0.2781987488269806
    ],
    [
        0.9665950536727905,
        0.00172200717497617,
        -0.2563025653362274,
        0.2788293659687042,
        -0.001965232891961932,
        0.9999978542327881,
        -0.0006928576622158289,
        -0.012380686588585377,
        0.25630080699920654,
        0.0011734063737094402,
        0.9665964245796204,
        0.2887759208679199
    ],
    [
        0.9636210799217224,
        0.0017762054922059178,
        -0.2672662138938904,
        0.29088515043258667,
        -0.002020777901634574,
        0.9999977946281433,
        -0.0006400475394912064,
        -0.012477662414312363,
        0.2672644853591919,
        0.0011568483896553516,
        0.9636224508285522,
        0.2964553236961365
    ],
    [
        0.9596679210662842,
        0.0024344974663108587,
        -0.2811253070831299,
        0.30535000562667847,
        -0.0025981529615819454,
        0.9999966025352478,
        -0.00020942492119502276,
        -0.012046257965266705,
        0.2811238467693329,
        0.0009313849732279778,
        0.9596710205078125,
        0.30648496747016907
    ],
    [
        0.956665575504303,
        0.0027682934887707233,
        -0.2911757528781891,
        0.31642746925354004,
        -0.002958550350740552,
        0.9999955892562866,
        -0.0002131411893060431,
        -0.010706106200814247,
        0.29117390513420105,
        0.001065362710505724,
        0.9566695690155029,
        0.3137757182121277
    ],
    [
        0.9524568915367126,
        0.003399572102352977,
        -0.30465438961982727,
        0.329228937625885,
        -0.003383269067853689,
        0.9999940991401672,
        0.0005814265459775925,
        -0.009535581804811954,
        0.3046545386314392,
        0.000476944464026019,
        0.9524628520011902,
        0.3227153718471527
    ],
    [
        0.9489949345588684,
        0.0035923884715884924,
        -0.31527116894721985,
        0.33913668990135193,
        -0.003456206526607275,
        0.9999935030937195,
        0.0009910278022289276,
        -0.008702069520950317,
        0.31527265906333923,
        0.00014916187501512468,
        0.949001133441925,
        0.3294903039932251
    ],
    [
        0.9446151852607727,
        0.004148554522544146,
        -0.328154057264328,
        0.3495855927467346,
        -0.0039137895219028,
        0.9999914169311523,
        0.0013758597197011113,
        -0.007393250707536936,
        0.3281569182872772,
        -1.5331297618104145e-05,
        0.9446232914924622,
        0.33937621116638184
    ],
    [
        0.9402062296867371,
        0.00409995811060071,
        -0.34058108925819397,
        0.35867545008659363,
        -0.0036982421297580004,
        0.9999914765357971,
        0.0018286778358742595,
        -0.006777192931622267,
        0.3405856788158417,
        -0.0004597831575665623,
        0.9402133822441101,
        0.3488976061344147
    ],
    [
        0.9370611906051636,
        0.00441695936024189,
        -0.349137544631958,
        0.3654846251010895,
        -0.003857826581224799,
        0.999989926815033,
        0.002296789549291134,
        -0.006101271603256464,
        0.3491441309452057,
        -0.0008053195779211819,
        0.9370687007904053,
        0.35713326930999756
    ],
    [
        0.932851254940033,
        0.004589162766933441,
        -0.3602324426174164,
        0.37549299001693726,
        -0.003917973954230547,
        0.9999889731407166,
        0.0025933957658708096,
        -0.004502621479332447,
        0.3602403402328491,
        -0.001007871818728745,
        0.9328590631484985,
        0.36860421299934387
    ],
    [
        0.9297999143600464,
        0.0048894681967794895,
        -0.36803293228149414,
        0.3840647339820862,
        -0.003965095616877079,
        0.9999868273735046,
        0.0032678015995770693,
        -0.004256115294992924,
        0.36804404854774475,
        -0.0015791155165061355,
        0.9298070073127747,
        0.37850552797317505
    ],
    [
        0.9257693290710449,
        0.004816233180463314,
        -0.3780581057071686,
        0.3965652883052826,
        -0.0037282644771039486,
        0.9999865293502808,
        0.003609646111726761,
        -0.003555294591933489,
        0.3780704140663147,
        -0.0019321993459016085,
        0.925774872303009,
        0.3920716941356659
    ],
    [
        0.9217912554740906,
        0.005074286367744207,
        -0.3876534104347229,
        0.40913718938827515,
        -0.0037921431940048933,
        0.9999845623970032,
        0.004072306212037802,
        -0.0030789400916546583,
        0.38766807317733765,
        -0.0022837799042463303,
        0.9217962026596069,
        0.40581071376800537
    ]
]