[
    [
        0.9924241304397583,
        0.015961240977048874,
        -0.12181779742240906,
        -0.7833641171455383,
        -0.016640616580843925,
        0.9998511672019958,
        -0.004561598412692547,
        -0.07810231298208237,
        0.1217268630862236,
        0.006554163992404938,
        0.9925419092178345,
        0.5169624090194702
    ],
    [
        0.9853278994560242,
        0.023540928959846497,
        -0.16904062032699585,
        -0.9912919998168945,
        -0.024344369769096375,
        0.9997000098228455,
        -0.0026817135512828827,
        -0.07633943855762482,
        0.16892677545547485,
        0.0067575545981526375,
        0.9856054186820984,
        0.7564458250999451
    ],
    [
        0.9766961336135864,
        0.02880825102329254,
        -0.21268482506275177,
        -1.1630252599716187,
        -0.03023361600935459,
        0.9995368719100952,
        -0.003451787168160081,
        -0.09004084020853043,
        0.2124868780374527,
        0.009801577776670456,
        0.9771148562431335,
        0.9890315532684326
    ],
    [
        0.9651445746421814,
        0.03524771332740784,
        -0.2593323886394501,
        -1.3635520935058594,
        -0.037134312093257904,
        0.9993075132369995,
        -0.002377941505983472,
        -0.08173581957817078,
        0.25906917452812195,
        0.011925186961889267,
        0.9657850861549377,
        1.250321626663208
    ],
    [
        0.9551597833633423,
        0.04065587744116783,
        -0.2932862937450409,
        -1.5762742757797241,
        -0.0430123433470726,
        0.9990733861923218,
        -0.001587045262567699,
        -0.06522797793149948,
        0.2929500341415405,
        0.014130816794931889,
        0.9560234546661377,
        1.504959225654602
    ],
    [
        0.9439027905464172,
        0.046246811747550964,
        -0.3269689679145813,
        -1.7650861740112305,
        -0.04902694374322891,
        0.9987974166870117,
        -0.0002614093536976725,
        -0.05506650730967522,
        0.3265638053417206,
        0.016277045011520386,
        0.945034921169281,
        1.740891933441162
    ],
    [
        0.9269453287124634,
        0.05202862620353699,
        -0.3715716302394867,
        -1.9251738786697388,
        -0.05582715570926666,
        0.9984402656555176,
        0.0005349076818674803,
        -0.01948169246315956,
        0.37101972103118896,
        0.02024795487523079,
        0.9284040927886963,
        2.0003538131713867
    ],
    [
        0.9075649380683899,
        0.05795115977525711,
        -0.4158936142921448,
        -2.0495495796203613,
        -0.06246691569685936,
        0.9980433583259583,
        0.0027530996594578028,
        0.005504970904439688,
        0.41523948311805725,
        0.023480989038944244,
        0.9094091653823853,
        2.270972490310669
    ],
    [
        0.8831384778022766,
        0.06432557851076126,
        -0.4646812975406647,
        -2.1715316772460938,
        -0.07052163034677505,
        0.9975019693374634,
        0.004055542405694723,
        0.013092869892716408,
        0.4637814164161682,
        0.029188476502895355,
        0.8854687809944153,
        2.530120611190796
    ],
    [
        0.8472956418991089,
        0.07441586256027222,
        -0.525882363319397,
        -2.345109701156616,
        -0.0815456435084343,
        0.9966229200363159,
        0.009643377736210823,
        0.02674037031829357,
        0.5248240828514099,
        0.034712620079517365,
        0.850502610206604,
        2.774747371673584
    ],
    [
        0.8141295909881592,
        0.08265355229377747,
        -0.5747708082199097,
        -2.5295307636260986,
        -0.09112375229597092,
        0.9957395195960999,
        0.014118448831140995,
        0.04780459776520729,
        0.5734888911247253,
        0.040881022810935974,
        0.8181927800178528,
        3.0038723945617676
    ],
    [
        0.7760605216026306,
        0.09153468906879425,
        -0.6239804029464722,
        -2.722935199737549,
        -0.10051257908344269,
        0.9947160482406616,
        0.020909596234560013,
        0.038411565124988556,
        0.6225972175598145,
        0.04649076983332634,
        0.7811600565910339,
        3.223822832107544
    ],
    [
        0.7290723919868469,
        0.09983621537685394,
        -0.6771160364151001,
        -2.925158977508545,
        -0.11066807061433792,
        0.9934818148612976,
        0.027322379872202873,
        0.018468432128429413,
        0.6754302382469177,
        0.055015143007040024,
        0.7353688478469849,
        3.4167187213897705
    ],
    [
        0.6855869293212891,
        0.10643172264099121,
        -0.7201686501502991,
        -3.1241581439971924,
        -0.11879763752222061,
        0.9923510551452637,
        0.03356367349624634,
        0.023498021066188812,
        0.7182323932647705,
        0.06254351139068604,
        0.6929867267608643,
        3.5903220176696777
    ],
    [
        0.6379468441009521,
        0.11296342313289642,
        -0.7617499232292175,
        -3.335843086242676,
        -0.12595432996749878,
        0.9911676049232483,
        0.041501156985759735,
        0.0101393461227417,
        0.7597100138664246,
        0.06947018206119537,
        0.6465405225753784,
        3.7507054805755615
    ],
    [
        0.5886451005935669,
        0.11952217668294907,
        -0.7995071411132812,
        -3.590639352798462,
        -0.1332685947418213,
        0.9898251891136169,
        0.049853380769491196,
        0.0016384139889851213,
        0.7973307967185974,
        0.07720321416854858,
        0.5985840559005737,
        3.887988805770874
    ],
    [
        0.5544973611831665,
        0.1241055503487587,
        -0.8228791356086731,
        -3.8576581478118896,
        -0.13917820155620575,
        0.9887202382087708,
        0.05533219873905182,
        0.02005382999777794,
        0.8204644918441772,
        0.08384530246257782,
        0.5655155181884766,
        3.9840593338012695
    ],
    [
        0.5386490225791931,
        0.12502874433994293,
        -0.8332015872001648,
        -4.1068339347839355,
        -0.14138051867485046,
        0.9883183836936951,
        0.05690543353557587,
        0.03492148593068123,
        0.8305834531784058,
        0.08714640885591507,
        0.5500333309173584,
        4.055501937866211
    ],
    [
        0.5311329960823059,
        0.12541113793849945,
        -0.83795565366745,
        -4.356756210327148,
        -0.14208804070949554,
        0.9881633520126343,
        0.05783005431294441,
        0.10164425522089005,
        0.8352895379066467,
        0.08834802359342575,
        0.5426658391952515,
        4.148122310638428
    ],
    [
        0.5287591218948364,
        0.12609709799289703,
        -0.8393529057502747,
        -4.566323280334473,
        -0.14225444197654724,
        0.9880805611610413,
        0.058826006948947906,
        0.2356852889060974,
        0.8367661237716675,
        0.08829690515995026,
        0.54039466381073,
        4.261167049407959
    ],
    [
        0.5256659984588623,
        0.12662716209888458,
        -0.8412136435508728,
        -4.7610087394714355,
        -0.142437145113945,
        0.9880008697509766,
        0.05971529334783554,
        0.31991738080978394,
        0.8386816382408142,
        0.08842978626489639,
        0.5373949408531189,
        4.342690467834473
    ],
    [
        0.5236336588859558,
        0.123251773416996,
        -0.8429811000823975,
        -4.988824367523193,
        -0.1416555494070053,
        0.9883018732070923,
        0.05650714784860611,
        0.4728192389011383,
        0.8400842547416687,
        0.08982391655445099,
        0.5349669456481934,
        4.409343719482422
    ],
    [
        0.5215892791748047,
        0.1236746534705162,
        -0.8441855311393738,
        -5.214149475097656,
        -0.1423599272966385,
        0.9881832003593445,
        0.056811943650245667,
        0.5557265877723694,
        0.8412361145019531,
        0.0905456691980362,
        0.5330316424369812,
        4.477695465087891
    ],
    [
        0.5208575129508972,
        0.12599150836467743,
        -0.8442951440811157,
        -5.469825744628906,
        -0.14381727576255798,
        0.987862229347229,
        0.05869266018271446,
        0.6287495493888855,
        0.8414416313171387,
        0.09085361659526825,
        0.532654881477356,
        4.570777416229248
    ],
    [
        0.5189509987831116,
        0.1297992616891861,
        -0.8448914289474487,
        -5.78737735748291,
        -0.14484377205371857,
        0.9874635934829712,
        0.0627361387014389,
        0.6753436923027039,
        0.8424429297447205,
        0.08982029557228088,
        0.5312463045120239,
        4.707086563110352
    ]
]