[
    [
        0.9988347291946411,
        0.004872061777859926,
        0.0480148009955883,
        -0.07707063853740692,
        -0.006464394275099039,
        0.9994323253631592,
        0.033064104616642,
        -0.2623850107192993,
        -0.04782645404338837,
        -0.033335961401462555,
        0.9982991814613342,
        0.05237099528312683
    ],
    [
        0.999018132686615,
        0.000642613333184272,
        0.044299304485321045,
        -0.06546143442392349,
        -0.0020140723790973425,
        0.9995197653770447,
        0.030921243131160736,
        -0.2827477753162384,
        -0.04425815865397453,
        -0.030980102717876434,
        0.9985396862030029,
        0.10720265656709671
    ],
    [
        0.9992237687110901,
        -0.0021548063959926367,
        0.039337098598480225,
        -0.05309021472930908,
        0.0010117094498127699,
        0.9995772242546082,
        0.029055802151560783,
        -0.30878791213035583,
        -0.03938308358192444,
        -0.02899344451725483,
        0.9988034963607788,
        0.16017846763134003
    ],
    [
        0.9994350075721741,
        -0.001266198349185288,
        0.03358588367700577,
        -0.04422084614634514,
        0.00018837055540643632,
        0.9994854927062988,
        0.03207544982433319,
        -0.3600294291973114,
        -0.033609215170145035,
        -0.032051000744104385,
        0.9989210367202759,
        0.2267141193151474
    ],
    [
        0.9995737075805664,
        0.004421647638082504,
        0.02886003814637661,
        -0.04592854529619217,
        -0.005497491918504238,
        0.9992887377738953,
        0.03730572760105133,
        -0.4289945363998413,
        -0.02867455966770649,
        -0.03744848445057869,
        0.9988871216773987,
        0.2997203767299652
    ],
    [
        0.9996418356895447,
        0.009948189370334148,
        0.024845018982887268,
        -0.055254288017749786,
        -0.011005890555679798,
        0.9990227818489075,
        0.042804524302482605,
        -0.5027991533279419,
        -0.024394912645220757,
        -0.043062638491392136,
        0.9987744688987732,
        0.3776282072067261
    ],
    [
        0.9997233152389526,
        0.010867474600672722,
        0.02086183801293373,
        -0.06555915623903275,
        -0.011785754933953285,
        0.9989438652992249,
        0.04441104084253311,
        -0.5609120726585388,
        -0.020357169210910797,
        -0.04464462772011757,
        0.9987955093383789,
        0.4481508433818817
    ],
    [
        0.9998282790184021,
        0.007190299220383167,
        0.01707971841096878,
        -0.0775945708155632,
        -0.007814615964889526,
        0.9992931485176086,
        0.03677211329340935,
        -0.5886474847793579,
        -0.016803240403532982,
        -0.036899276077747345,
        0.9991776347160339,
        0.514988124370575
    ],
    [
        0.9999068379402161,
        -0.003162191016599536,
        0.013281069695949554,
        -0.08377397805452347,
        0.0028139722999185324,
        0.9996539354324341,
        0.026156514883041382,
        -0.6039091348648071,
        -0.013359185308218002,
        -0.026116706430912018,
        0.9995695948600769,
        0.5708373188972473
    ],
    [
        0.9999238848686218,
        -0.009906647726893425,
        0.007347009144723415,
        -0.09516747295856476,
        0.009787485934793949,
        0.999822735786438,
        0.016081536188721657,
        -0.6220324039459229,
        -0.007505021523684263,
        -0.01600840501487255,
        0.9998435974121094,
        0.6404476761817932
    ],
    [
        0.9999653697013855,
        -0.008004453033208847,
        0.002282350556924939,
        -0.11743088066577911,
        0.007983377203345299,
        0.9999268054962158,
        0.009098275564610958,
        -0.6562386751174927,
        -0.002355010714381933,
        -0.009079739451408386,
        0.9999560117721558,
        0.7244361639022827
    ],
    [
        0.9999932646751404,
        -0.0025166948325932026,
        -0.002687558066099882,
        -0.14128540456295013,
        0.002550190780311823,
        0.9999181628227234,
        0.01253354549407959,
        -0.7155799865722656,
        0.002655794844031334,
        -0.01254031341522932,
        0.99991774559021,
        0.8171476721763611
    ],
    [
        0.9999340772628784,
        0.008257118053734303,
        -0.007977744564414024,
        -0.1622261255979538,
        -0.008104778826236725,
        0.9997876882553101,
        0.018942685797810555,
        -0.7845005989074707,
        0.00813246238976717,
        -0.018876777961850166,
        0.9997887015342712,
        0.9097853302955627
    ],
    [
        0.999858558177948,
        0.011734921485185623,
        -0.012049296870827675,
        -0.17624075710773468,
        -0.011452821083366871,
        0.9996647834777832,
        0.02322009950876236,
        -0.8421002626419067,
        0.01231774315237999,
        -0.02307881787419319,
        0.9996577501296997,
        0.9882808327674866
    ],
    [
        0.9997726678848267,
        0.014291947707533836,
        -0.015819722786545753,
        -0.18770188093185425,
        -0.01384301483631134,
        0.9995083212852478,
        0.028132837265729904,
        -0.8858063220977783,
        0.01621401123702526,
        -0.02790747582912445,
        0.9994791150093079,
        1.065266489982605
    ],
    [
        0.9996858239173889,
        0.01552076730877161,
        -0.019679786637425423,
        -0.19174793362617493,
        -0.01494152657687664,
        0.9994605779647827,
        0.029246386140584946,
        -0.9142284393310547,
        0.02012309432029724,
        -0.02894316054880619,
        0.999378502368927,
        1.1333842277526855
    ],
    [
        0.9996049404144287,
        0.014729801565408707,
        -0.02393936552107334,
        -0.1912575662136078,
        -0.014018586836755276,
        0.9994632005691528,
        0.029610097408294678,
        -0.93180251121521,
        0.02436266653239727,
        -0.029262803494930267,
        0.9992747902870178,
        1.1988369226455688
    ],
    [
        0.9995453357696533,
        0.011803237721323967,
        -0.027748901396989822,
        -0.18915006518363953,
        -0.010973716154694557,
        0.9994939565658569,
        0.02985842153429985,
        -0.9416497945785522,
        0.02808728814125061,
        -0.029540328308939934,
        0.9991688132286072,
        1.268283724784851
    ],
    [
        0.9994987845420837,
        0.010790199972689152,
        -0.02976056933403015,
        -0.18876969814300537,
        -0.009900297038257122,
        0.9995042085647583,
        0.029889028519392014,
        -0.9520554542541504,
        0.03006831929087639,
        -0.029579410329461098,
        0.9991100430488586,
        1.3487858772277832
    ],
    [
        0.9994484782218933,
        0.013850712217390537,
        -0.030181193724274635,
        -0.19755248725414276,
        -0.012966299429535866,
        0.9994863867759705,
        0.02930462919175625,
        -0.9659458994865417,
        0.030571579933166504,
        -0.02889704890549183,
        0.9991148710250854,
        1.4217615127563477
    ],
    [
        0.9994788765907288,
        0.011540439911186695,
        -0.030146855860948563,
        -0.19887501001358032,
        -0.010654137469828129,
        0.9995110034942627,
        0.029396630823612213,
        -0.9831899404525757,
        0.03047136589884758,
        -0.0290600024163723,
        0.999113142490387,
        1.5333267450332642
    ],
    [
        0.9994726777076721,
        0.01095647644251585,
        -0.030567234382033348,
        -0.19429811835289001,
        -0.010059946216642857,
        0.9995191693305969,
        0.029331116005778313,
        -0.9976723790168762,
        0.030873896554112434,
        -0.02900814823806286,
        0.9991022944450378,
        1.635661244392395
    ],
    [
        0.9995484948158264,
        0.008822844363749027,
        -0.028721898794174194,
        -0.19575537741184235,
        -0.00801880657672882,
        0.9995760321617126,
        0.027989868074655533,
        -1.0068508386611938,
        0.028956666588783264,
        -0.027746936306357384,
        0.9991955757141113,
        1.7338721752166748
    ],
    [
        0.9996347427368164,
        0.006340543273836374,
        -0.026270611211657524,
        -0.19628813862800598,
        -0.005643608048558235,
        0.9996323585510254,
        0.026518993079662323,
        -1.0156360864639282,
        0.026429109275341034,
        -0.026360873132944107,
        0.9993029236793518,
        1.8355858325958252
    ],
    [
        0.9998030066490173,
        0.003933525178581476,
        -0.019454533234238625,
        -0.20476335287094116,
        -0.003491256618872285,
        0.9997358918190002,
        0.022715570405125618,
        -1.0168747901916504,
        0.01953875832259655,
        -0.022643085569143295,
        0.9995525479316711,
        1.9553325176239014
    ]
]