[
    [
        0.9296340942382812,
        0.034691620618104935,
        -0.36684733629226685,
        -0.18609251081943512,
        -0.0667426809668541,
        0.9949439764022827,
        -0.07504495233297348,
        -0.05169185996055603,
        0.36238914728164673,
        0.09424871951341629,
        0.9272493720054626,
        -0.05585935339331627
    ],
    [
        0.9236749410629272,
        0.033799633383750916,
        -0.38168320059776306,
        -0.19159182906150818,
        -0.0684364065527916,
        0.9946377873420715,
        -0.07753707468509674,
        -0.05253232270479202,
        0.3770158290863037,
        0.09774008393287659,
        0.9210352897644043,
        -0.058314088732004166
    ],
    [
        0.9174748063087463,
        0.03332158923149109,
        -0.39639565348625183,
        -0.19671407341957092,
        -0.07059239596128464,
        0.9943075776100159,
        -0.07980623096227646,
        -0.05321182310581207,
        0.3914799392223358,
        0.10120272636413574,
        0.9146044850349426,
        -0.061140336096286774
    ],
    [
        0.9114575386047363,
        0.03345220535993576,
        -0.4100319743156433,
        -0.20107418298721313,
        -0.07346457242965698,
        0.9939031004905701,
        -0.08221697062253952,
        -0.053916145116090775,
        0.40478163957595825,
        0.10506009310483932,
        0.9083579182624817,
        -0.0643775686621666
    ],
    [
        0.9053207039833069,
        0.03310181573033333,
        -0.4234367907047272,
        -0.2054882049560547,
        -0.07547110319137573,
        0.9936302900314331,
        -0.08368326723575592,
        -0.05459907278418541,
        0.41796961426734924,
        0.10771743953227997,
        0.9020523428916931,
        -0.06702616065740585
    ],
    [
        0.8989667892456055,
        0.032950472086668015,
        -0.43677565455436707,
        -0.20956005156040192,
        -0.07745356857776642,
        0.9934110641479492,
        -0.08447089046239853,
        -0.05497033894062042,
        0.43111440539360046,
        0.10976635664701462,
        0.8955957293510437,
        -0.07008285820484161
    ],
    [
        0.8923388719558716,
        0.03373999893665314,
        -0.45010313391685486,
        -0.21350158751010895,
        -0.08039548993110657,
        0.9931373596191406,
        -0.08493958413600922,
        -0.05522056296467781,
        0.44414836168289185,
        0.11198116838932037,
        0.8889275789260864,
        -0.07295721769332886
    ],
    [
        0.8852685689926147,
        0.03452245518565178,
        -0.46379706263542175,
        -0.21781714260578156,
        -0.08353402465581894,
        0.9928264021873474,
        -0.0855443999171257,
        -0.05536815524101257,
        0.45751675963401794,
        0.11447261273860931,
        0.8818018436431885,
        -0.07616664469242096
    ],
    [
        0.8781882524490356,
        0.03537317365407944,
        -0.47700539231300354,
        -0.22127147018909454,
        -0.0870131254196167,
        0.9924360513687134,
        -0.0865992084145546,
        -0.055702388286590576,
        0.47033408284187317,
        0.1175561398267746,
        0.874623715877533,
        -0.07961944490671158
    ],
    [
        0.8714610934257507,
        0.03664342686533928,
        -0.4890938401222229,
        -0.2249343991279602,
        -0.09119843691587448,
        0.9919208884239197,
        -0.08818042278289795,
        -0.05603611841797829,
        0.48191118240356445,
        0.12145040184259415,
        0.8677622079849243,
        -0.08280789107084274
    ],
    [
        0.8649330735206604,
        0.03861895203590393,
        -0.5003992915153503,
        -0.22891655564308167,
        -0.09597258269786835,
        0.9913631081581116,
        -0.08937754482030869,
        -0.05636805295944214,
        0.49262571334838867,
        0.12533019483089447,
        0.8611690402030945,
        -0.08594072610139847
    ],
    [
        0.8585661053657532,
        0.04047137498855591,
        -0.511103093624115,
        -0.23226501047611237,
        -0.10080547630786896,
        0.9907463192939758,
        -0.09088440239429474,
        -0.05654848366975784,
        0.5026953220367432,
        0.12955226004123688,
        0.8547008633613586,
        -0.08895909041166306
    ],
    [
        0.8519608974456787,
        0.04115312919020653,
        -0.5219857096672058,
        -0.23582683503627777,
        -0.10460127145051956,
        0.9901881814002991,
        -0.0926593467593193,
        -0.057402852922677994,
        0.5130508542060852,
        0.1335425078868866,
        0.8479062914848328,
        -0.0914950892329216
    ],
    [
        0.8452024459838867,
        0.041892506182193756,
        -0.5328019857406616,
        -0.2392348200082779,
        -0.10873211175203323,
        0.9895519018173218,
        -0.0946802869439125,
        -0.058596521615982056,
        0.5232687592506409,
        0.1379566788673401,
        0.8409266471862793,
        -0.09391290694475174
    ],
    [
        0.8388579487800598,
        0.041875071823596954,
        -0.5427373051643372,
        -0.24279029667377472,
        -0.1118222177028656,
        0.9890292286872864,
        -0.0965242013335228,
        -0.05954025685787201,
        0.532741129398346,
        0.1416601836681366,
        0.834337592124939,
        -0.0959949642419815
    ],
    [
        0.8325884342193604,
        0.042338334023952484,
        -0.5522716641426086,
        -0.2465868443250656,
        -0.1150347888469696,
        0.9885512590408325,
        -0.0976385697722435,
        -0.05981921777129173,
        0.5418149828910828,
        0.14482320845127106,
        0.8279266953468323,
        -0.09738610684871674
    ],
    [
        0.8260613083839417,
        0.04137611389160156,
        -0.5620593428611755,
        -0.2500170171260834,
        -0.11642635613679886,
        0.9883171916007996,
        -0.09835721552371979,
        -0.06049376353621483,
        0.5514232516288757,
        0.1466876119375229,
        0.8212277889251709,
        -0.09918832033872604
    ],
    [
        0.8191145658493042,
        0.04093469679355621,
        -0.5721673965454102,
        -0.2538307309150696,
        -0.11851620674133301,
        0.9880063533782959,
        -0.09898263216018677,
        -0.06079285219311714,
        0.5612531900405884,
        0.1488892287015915,
        0.8141417503356934,
        -0.1008538082242012
    ],
    [
        0.8120039105415344,
        0.041262928396463394,
        -0.5821915864944458,
        -0.2574102282524109,
        -0.12157462537288666,
        0.9875755310058594,
        -0.09956999123096466,
        -0.06149682775139809,
        0.5708495378494263,
        0.1516309529542923,
        0.806931734085083,
        -0.10311422497034073
    ],
    [
        0.8050357699394226,
        0.03967057168483734,
        -0.5918982625007629,
        -0.26091623306274414,
        -0.12252672761678696,
        0.9873664975166321,
        -0.10047168284654617,
        -0.0624692440032959,
        0.5804347395896912,
        0.15340664982795715,
        0.799726128578186,
        -0.10509133338928223
    ],
    [
        0.798267126083374,
        0.03775766119360924,
        -0.6011189818382263,
        -0.26445844769477844,
        -0.12350727617740631,
        0.9870863556861877,
        -0.10201261937618256,
        -0.06280593574047089,
        0.5895045399665833,
        0.15567588806152344,
        0.7926218509674072,
        -0.10686523467302322
    ],
    [
        0.7911487817764282,
        0.036032289266586304,
        -0.6105614900588989,
        -0.268154114484787,
        -0.12446320056915283,
        0.986859917640686,
        -0.10303645581007004,
        -0.06325593590736389,
        0.598825991153717,
        0.15750961005687714,
        0.785237729549408,
        -0.1090954914689064
    ],
    [
        0.7832770347595215,
        0.034020427614450455,
        -0.6207412481307983,
        -0.27177464962005615,
        -0.12573304772377014,
        0.9865357875823975,
        -0.10458695143461227,
        -0.06390513479709625,
        0.6088253259658813,
        0.15996824204921722,
        0.7770082950592041,
        -0.1117715910077095
    ],
    [
        0.7743560075759888,
        0.03222931921482086,
        -0.6319288015365601,
        -0.2751624286174774,
        -0.12705042958259583,
        0.9862821698188782,
        -0.10538378357887268,
        -0.0644465759396553,
        0.6198636293411255,
        0.1618914157152176,
        0.7678281664848328,
        -0.11449363082647324
    ],
    [
        0.7583447098731995,
        0.030259938910603523,
        -0.6511510610580444,
        -0.28114327788352966,
        -0.12988799810409546,
        0.9859049320220947,
        -0.10545393079519272,
        -0.06427233666181564,
        0.6387820243835449,
        0.1645471304655075,
        0.7515861392021179,
        -0.11952260881662369
    ]
]