[
    [
        0.9882283210754395,
        -0.004039458464831114,
        0.1529327929019928,
        -0.08939164131879807,
        0.005539826117455959,
        0.9999405741691589,
        -0.009385790675878525,
        0.07291661202907562,
        -0.1528857797384262,
        0.010122527368366718,
        0.9881920218467712,
        0.43370914459228516
    ],
    [
        0.9846217036247253,
        -0.004975064191967249,
        0.17462944984436035,
        -0.09720882773399353,
        0.006639702711254358,
        0.9999379515647888,
        -0.0089494613930583,
        0.08051346242427826,
        -0.1745740920305252,
        0.009971321560442448,
        0.9845935702323914,
        0.48536986112594604
    ],
    [
        0.9803810119628906,
        -0.005883254110813141,
        0.19702380895614624,
        -0.10309457033872604,
        0.00772413145750761,
        0.9999334216117859,
        -0.00857627298682928,
        0.08282482624053955,
        -0.1969602406024933,
        0.009929853491485119,
        0.9803612232208252,
        0.5357484817504883
    ],
    [
        0.9748104214668274,
        -0.006689704488962889,
        0.2229345291852951,
        -0.10803131759166718,
        0.008748368360102177,
        0.9999277591705322,
        -0.008248076774179935,
        0.07834938168525696,
        -0.22286321222782135,
        0.009990624152123928,
        0.9747986197471619,
        0.585303544998169
    ],
    [
        0.9665986895561218,
        -0.007385627366602421,
        0.2561880946159363,
        -0.11143044382333755,
        0.00975771714001894,
        0.9999204874038696,
        -0.007989275269210339,
        0.07093014568090439,
        -0.25610870122909546,
        0.010222234763205051,
        0.9665939807891846,
        0.64725661277771
    ],
    [
        0.9591906070709229,
        -0.008054159581661224,
        0.2826453447341919,
        -0.11296060681343079,
        0.01077442616224289,
        0.9999093413352966,
        -0.008071244694292545,
        0.07073935121297836,
        -0.2825547158718109,
        0.010787203907966614,
        0.9591904878616333,
        0.7019640803337097
    ],
    [
        0.9510998129844666,
        -0.008902337402105331,
        0.30875542759895325,
        -0.11077775806188583,
        0.01185445673763752,
        0.999900221824646,
        -0.007686737924814224,
        0.07214969396591187,
        -0.3086561858654022,
        0.01097098272293806,
        0.9511103630065918,
        0.7561345100402832
    ],
    [
        0.9419383406639099,
        -0.00927535817027092,
        0.33565789461135864,
        -0.10947706550359726,
        0.012487643398344517,
        0.9998945593833923,
        -0.007412930950522423,
        0.07317487895488739,
        -0.33555370569229126,
        0.011174099519848824,
        0.9419548511505127,
        0.8122439384460449
    ],
    [
        0.9292626976966858,
        -0.010079193860292435,
        0.36928197741508484,
        -0.10453081876039505,
        0.01341638807207346,
        0.999889075756073,
        -0.006470051594078541,
        0.07199209183454514,
        -0.3691757917404175,
        0.010966808535158634,
        0.9292948246002197,
        0.8763399124145508
    ],
    [
        0.9177687168121338,
        -0.010612561367452145,
        0.39697369933128357,
        -0.09951414167881012,
        0.01423146016895771,
        0.9998797178268433,
        -0.006171450950205326,
        0.0714765265583992,
        -0.39686039090156555,
        0.011313478462398052,
        0.9178093075752258,
        0.932659924030304
    ],
    [
        0.9049781560897827,
        -0.010942666791379452,
        0.4253172278404236,
        -0.09484481066465378,
        0.014892961829900742,
        0.9998713135719299,
        -0.0059638917446136475,
        0.07118965685367584,
        -0.4251972734928131,
        0.011731426231563091,
        0.9050245881080627,
        0.9869467616081238
    ],
    [
        0.8909886479377747,
        -0.01137982215732336,
        0.45388302206993103,
        -0.08724179118871689,
        0.01590494066476822,
        0.999854564666748,
        -0.006153464782983065,
        0.07127263396978378,
        -0.4537469744682312,
        0.012701648287475109,
        0.8910399675369263,
        1.04036283493042
    ],
    [
        0.8727239966392517,
        -0.012156417593359947,
        0.48806247115135193,
        -0.07189422100782394,
        0.01729709655046463,
        0.9998322129249573,
        -0.006026310846209526,
        0.07189023494720459,
        -0.4879072904586792,
        0.013701369985938072,
        0.8727878928184509,
        1.10899019241333
    ],
    [
        0.8578993678092957,
        -0.01299675740301609,
        0.5136533975601196,
        -0.05284488573670387,
        0.018618512898683548,
        0.9998098611831665,
        -0.005798702128231525,
        0.07292665541172028,
        -0.5134803652763367,
        0.014538166113197803,
        0.8579782247543335,
        1.1633471250534058
    ],
    [
        0.8432765603065491,
        -0.013641146011650562,
        0.5373068451881409,
        -0.029743917286396027,
        0.019491326063871384,
        0.9997965097427368,
        -0.005207839887589216,
        0.07419858872890472,
        -0.5371264219284058,
        0.014864472672343254,
        0.843370795249939,
        1.2170685529708862
    ],
    [
        0.8287708759307861,
        -0.014158128760755062,
        0.5594090819358826,
        -0.00519073149189353,
        0.020598389208316803,
        0.9997742176055908,
        -0.005213378928601742,
        0.07706068456172943,
        -0.5592089295387268,
        0.015843622386455536,
        0.8288752436637878,
        1.271596074104309
    ],
    [
        0.8110746741294861,
        -0.014758308418095112,
        0.5847563743591309,
        0.026705754920840263,
        0.021520530804991722,
        0.999757707118988,
        -0.004617354366928339,
        0.08204269409179688,
        -0.5845466256141663,
        0.016329286620020866,
        0.8111958503723145,
        1.3342936038970947
    ],
    [
        0.7952689528465271,
        -0.01542547158896923,
        0.6060606241226196,
        0.05499706044793129,
        0.022570954635739326,
        0.999736487865448,
        -0.004172149579972029,
        0.08590630441904068,
        -0.6058365106582642,
        0.01699734479188919,
        0.7954075932502747,
        1.3847734928131104
    ],
    [
        0.7794222831726074,
        -0.016007304191589355,
        0.6262944936752319,
        0.08483158051967621,
        0.023392293602228165,
        0.9997200965881348,
        -0.003560086479410529,
        0.09065903723239899,
        -0.6260620355606079,
        0.01742526888847351,
        0.7795783877372742,
        1.4386521577835083
    ],
    [
        0.7628714442253113,
        -0.016063524410128593,
        0.646350622177124,
        0.11501544713973999,
        0.024082710966467857,
        0.9997034668922424,
        -0.0035789464600384235,
        0.09146098792552948,
        -0.6461015343666077,
        0.01829615794122219,
        0.7630321979522705,
        1.4881311655044556
    ],
    [
        0.7411803007125854,
        -0.01557232066988945,
        0.6711254119873047,
        0.14857329428195953,
        0.024908021092414856,
        0.9996804594993591,
        -0.004312141332775354,
        0.08862990140914917,
        -0.670843780040741,
        0.019912471994757652,
        0.7413312196731567,
        1.5455344915390015
    ],
    [
        0.7224178314208984,
        -0.014937749132514,
        0.6912954449653625,
        0.17412228882312775,
        0.025792226195335388,
        0.9996529817581177,
        -0.005352563690394163,
        0.08742748200893402,
        -0.6909754872322083,
        0.021696826443076134,
        0.7225523591041565,
        1.5912859439849854
    ],
    [
        0.7030471563339233,
        -0.014272501692175865,
        0.7109999060630798,
        0.19724909961223602,
        0.026552414521574974,
        0.9996283054351807,
        -0.0061890375800430775,
        0.08649402856826782,
        -0.7106472849845886,
        0.023229945451021194,
        0.7031648755073547,
        1.632239580154419
    ],
    [
        0.6829172372817993,
        -0.013857652433216572,
        0.730364203453064,
        0.2207898199558258,
        0.02720567211508751,
        0.9996088147163391,
        -0.006472101900726557,
        0.08981186151504517,
        -0.7299889922142029,
        0.024289965629577637,
        0.6830272078514099,
        1.6722756624221802
    ],
    [
        0.6580930948257446,
        -0.013613482005894184,
        0.7528135180473328,
        0.25271281599998474,
        0.027855409309267998,
        0.9995923042297363,
        -0.006274498533457518,
        0.09573092311620712,
        -0.7524212002754211,
        0.025099147111177444,
        0.6582040190696716,
        1.713881015777588
    ]
]