[
    [
        0.9731060266494751,
        -0.053283534944057465,
        0.22411085665225983,
        -0.10730026662349701,
        0.054583221673965454,
        0.9985091090202332,
        0.0003963796189054847,
        -0.09939774870872498,
        -0.22379787266254425,
        0.011846974492073059,
        0.9745635986328125,
        0.5509622693061829
    ],
    [
        0.9730092287063599,
        -0.053947702050209045,
        0.22437188029289246,
        -0.10477352887392044,
        0.05561257526278496,
        0.998451828956604,
        -0.0011024686973541975,
        -0.09671573340892792,
        -0.22396503388881683,
        0.013550609350204468,
        0.9745029211044312,
        0.5800844430923462
    ],
    [
        0.9730303287506104,
        -0.05479222163558006,
        0.22407543659210205,
        -0.08785851299762726,
        0.05632271617650986,
        0.998412549495697,
        -0.00043943506898358464,
        -0.09807567298412323,
        -0.22369563579559326,
        0.013048119843006134,
        0.9745716452598572,
        0.6276952028274536
    ],
    [
        0.9725815057754517,
        -0.054650552570819855,
        0.2260497808456421,
        -0.07282162457704544,
        0.056378282606601715,
        0.9984087347984314,
        -0.0011894822819158435,
        -0.09664513170719147,
        -0.22562508285045624,
        0.013901165686547756,
        0.9741151332855225,
        0.677698016166687
    ],
    [
        0.9724359512329102,
        -0.05508633330464363,
        0.22656983137130737,
        -0.05430484935641289,
        0.056826118379831314,
        0.9983834028244019,
        -0.0011584947351366282,
        -0.09717320650815964,
        -0.22613976895809174,
        0.014001647010445595,
        0.9739941954612732,
        0.7310013771057129
    ],
    [
        0.9722576141357422,
        -0.054864197969436646,
        0.22738729417324066,
        -0.045756686478853226,
        0.05634212866425514,
        0.9984115362167358,
        -8.862630238581914e-06,
        -0.10106074064970016,
        -0.2270256131887436,
        0.012820103205740452,
        0.9738043546676636,
        0.766028106212616
    ],
    [
        0.9717350006103516,
        -0.056331511586904526,
        0.22925476729869843,
        -0.030986238270998,
        0.05774706229567528,
        0.9983310699462891,
        0.0005350147839635611,
        -0.10553552955389023,
        -0.22890229523181915,
        0.012718896381556988,
        0.9733662009239197,
        0.8142173886299133
    ],
    [
        0.9714260101318359,
        -0.05712437257170677,
        0.2303657978773117,
        -0.014446248300373554,
        0.058568619191646576,
        0.9982832074165344,
        0.0005696393200196326,
        -0.10748690366744995,
        -0.23000286519527435,
        0.012938844971358776,
        0.9731038808822632,
        0.8608353137969971
    ],
    [
        0.9713299870491028,
        -0.05772875249385834,
        0.2306196689605713,
        -0.00423395773395896,
        0.059225499629974365,
        0.99824458360672,
        0.0004332111857365817,
        -0.108108289539814,
        -0.23023982346057892,
        0.01323777437210083,
        0.9730439782142639,
        0.899368405342102
    ],
    [
        0.9711889624595642,
        -0.057189203798770905,
        0.23134677112102509,
        0.0009725014097057283,
        0.058603715151548386,
        0.9982810020446777,
        0.0007590909954160452,
        -0.10890403389930725,
        -0.23099251091480255,
        0.012820558622479439,
        0.972870945930481,
        0.922646164894104
    ],
    [
        0.9710177779197693,
        -0.05801248550415039,
        0.23185990750789642,
        0.011723591014742851,
        0.059536755084991455,
        0.99822598695755,
        0.00042408244917169213,
        -0.1075042337179184,
        -0.2314731925725937,
        0.013392394408583641,
        0.9727489948272705,
        0.9570579528808594
    ],
    [
        0.9710449576377869,
        -0.05768386274576187,
        0.2318282276391983,
        0.025025883689522743,
        0.05929878354072571,
        0.9982402920722961,
        2.489950475137448e-06,
        -0.10499146580696106,
        -0.23142041265964508,
        0.013744711875915527,
        0.9727566838264465,
        0.9928276538848877
    ],
    [
        0.9708302021026611,
        -0.057577069848775864,
        0.23275242745876312,
        0.034907303750514984,
        0.05916573479771614,
        0.9982481598854065,
        0.00015602570783812553,
        -0.10669728368520737,
        -0.23235365748405457,
        0.013619493693113327,
        0.9725359678268433,
        1.0287854671478271
    ],
    [
        0.9706258773803711,
        -0.056955736130476,
        0.23375533521175385,
        0.04222969710826874,
        0.058629319071769714,
        0.9982797503471375,
        -0.00021120384917594492,
        -0.10757848620414734,
        -0.23334118723869324,
        0.013909915462136269,
        0.9722954630851746,
        1.0542863607406616
    ],
    [
        0.9703032970428467,
        -0.057244397699832916,
        0.23502002656459808,
        0.053077515214681625,
        0.05884871631860733,
        0.998266875743866,
        0.00018754797929432243,
        -0.11125284433364868,
        -0.23462344706058502,
        0.01364864781498909,
        0.9719905853271484,
        1.0911402702331543
    ],
    [
        0.9701683521270752,
        -0.05690186098217964,
        0.2356596440076828,
        0.06539896875619888,
        0.05835482478141785,
        0.9982955455780029,
        0.0008099452243186533,
        -0.10978076606988907,
        -0.235304057598114,
        0.012966092675924301,
        0.9718352556228638,
        1.1305073499679565
    ],
    [
        0.969855546951294,
        -0.05654171481728554,
        0.23702964186668396,
        0.07478995621204376,
        0.05815667286515236,
        0.998307466506958,
        0.00017906405264511704,
        -0.10903660953044891,
        -0.236638605594635,
        0.013611188158392906,
        0.9715024828910828,
        1.1696767807006836
    ],
    [
        0.969725489616394,
        -0.055396582931280136,
        0.2378312647342682,
        0.07867836952209473,
        0.0568629615008831,
        0.9983817934989929,
        0.0006957643781788647,
        -0.11117381602525711,
        -0.23748497664928436,
        0.012849093414843082,
        0.9713062644004822,
        1.194441795349121
    ],
    [
        0.9693584442138672,
        -0.05495996028184891,
        0.23942381143569946,
        0.0857798308134079,
        0.056435760110616684,
        0.9984059929847717,
        0.000692806497681886,
        -0.11001809686422348,
        -0.23908022046089172,
        0.012840487994253635,
        0.9709148406982422,
        1.2318010330200195
    ],
    [
        0.9690524339675903,
        -0.05453740432858467,
        0.24075523018836975,
        0.09387736767530441,
        0.05610574036836624,
        0.998424768447876,
        0.0003409632481634617,
        -0.10705575346946716,
        -0.24039457738399506,
        0.013177339918911457,
        0.9705857634544373,
        1.2663718461990356
    ],
    [
        0.9688054919242859,
        -0.054414570331573486,
        0.2417747676372528,
        0.10278959572315216,
        0.055768825113773346,
        0.9984428882598877,
        0.0012437297264114022,
        -0.10633847117424011,
        -0.24146603047847748,
        0.012278562411665916,
        0.9703314900398254,
        1.2954378128051758
    ],
    [
        0.9683897495269775,
        -0.054415296763181686,
        0.24343416094779968,
        0.10346895456314087,
        0.0559619702398777,
        0.9984326958656311,
        0.0005628306535072625,
        -0.100174181163311,
        -0.24308325350284576,
        0.013078014366328716,
        0.9699172973632812,
        1.3160539865493774
    ],
    [
        0.968305766582489,
        -0.05399070307612419,
        0.24386250972747803,
        0.1136704832315445,
        0.05544864013791084,
        0.998461127281189,
        0.000887317699380219,
        -0.09459777176380157,
        -0.24353516101837158,
        0.01266265194863081,
        0.9698092937469482,
        1.347334623336792
    ],
    [
        0.9677537679672241,
        -0.0533248595893383,
        0.24618910253047943,
        0.11946491152048111,
        0.05463820695877075,
        0.9985050559043884,
        0.001498084980994463,
        -0.08906274288892746,
        -0.2459009736776352,
        0.012001554481685162,
        0.9692206978797913,
        1.3821443319320679
    ],
    [
        0.9671906232833862,
        -0.05238202586770058,
        0.2485930621623993,
        0.12432876974344254,
        0.05358912795782089,
        0.9985611438751221,
        0.0019138121278956532,
        -0.08515483886003494,
        -0.24833565950393677,
        0.01147086638957262,
        0.9686061143875122,
        1.4138044118881226
    ]
]