[
    [
        0.9715887308120728,
        -0.006238389760255814,
        0.23659351468086243,
        0.27807003259658813,
        0.005751424003392458,
        0.9999797344207764,
        0.00274835922755301,
        -0.03203496336936951,
        -0.23660585284233093,
        -0.0013095251051709056,
        0.9716048836708069,
        0.4266713857650757
    ],
    [
        0.9627329111099243,
        -0.009008519351482391,
        0.27030378580093384,
        0.4127666652202606,
        0.008178557269275188,
        0.999957799911499,
        0.004196655936539173,
        -0.01805688813328743,
        -0.27033019065856934,
        -0.0018295631743967533,
        0.9627659916877747,
        0.6001336574554443
    ],
    [
        0.9560618996620178,
        -0.010504104197025299,
        0.2929765582084656,
        0.5424425601959229,
        0.009578275494277477,
        0.9999436140060425,
        0.004594525322318077,
        -0.02226702682673931,
        -0.29300832748413086,
        -0.0015864403685554862,
        0.956108570098877,
        0.8011579513549805
    ],
    [
        0.9508158564567566,
        -0.011709019541740417,
        0.30953529477119446,
        0.6613107323646545,
        0.01045597530901432,
        0.9999290704727173,
        0.0057068816386163235,
        -0.022298626601696014,
        -0.3095802068710327,
        -0.0021896997932344675,
        0.9508708119392395,
        1.006199598312378
    ],
    [
        0.9487298727035522,
        -0.013083151541650295,
        0.3158172070980072,
        0.7661460638046265,
        0.012201330624520779,
        0.9999142289161682,
        0.004769415128976107,
        -0.029920022934675217,
        -0.31585249304771423,
        -0.0006714962655678391,
        0.948807954788208,
        1.1732141971588135
    ],
    [
        0.9475648403167725,
        -0.015055272728204727,
        0.31920889019966125,
        0.9013978838920593,
        0.014046385884284973,
        0.9998864531517029,
        0.0054625775665044785,
        -0.02065635845065117,
        -0.31925490498542786,
        -0.0006924145272932947,
        0.947668731212616,
        1.3537557125091553
    ],
    [
        0.9474694728851318,
        -0.016662102192640305,
        0.31941184401512146,
        1.0659816265106201,
        0.015913100913167,
        0.9998610019683838,
        0.004954766482114792,
        -0.007564667612314224,
        -0.3194500207901001,
        0.000388342043152079,
        0.9476029872894287,
        1.5465232133865356
    ],
    [
        0.9478181600570679,
        -0.017617423087358475,
        0.318324476480484,
        1.2049139738082886,
        0.017202988266944885,
        0.9998435378074646,
        0.004113301169127226,
        -0.016267171129584312,
        -0.31834712624549866,
        0.00157746986951679,
        0.9479729533195496,
        1.7108234167099
    ],
    [
        0.9502876996994019,
        -0.0179474875330925,
        0.3108553886413574,
        1.340639591217041,
        0.01772310771048069,
        0.9998366832733154,
        0.003546677762642503,
        -0.011151423677802086,
        -0.3108682632446289,
        0.002138958778232336,
        0.9504504799842834,
        1.9129070043563843
    ],
    [
        0.9541887640953064,
        -0.018370013684034348,
        0.2986409068107605,
        1.4561271667480469,
        0.01833394169807434,
        0.9998276829719543,
        0.002922598272562027,
        -0.018351171165704727,
        -0.2986431419849396,
        0.002686555264517665,
        0.9543609619140625,
        2.127065420150757
    ],
    [
        0.9589702486991882,
        -0.01852581277489662,
        0.28290075063705444,
        1.5608965158462524,
        0.018419895321130753,
        0.9998257756233215,
        0.0030344596598297358,
        -0.026190966367721558,
        -0.282907634973526,
        0.0023010459262877703,
        0.9591444134712219,
        2.3156561851501465
    ],
    [
        0.9637969732284546,
        -0.019368508830666542,
        0.2659328281879425,
        1.666154384613037,
        0.019803687930107117,
        0.9998033046722412,
        0.0010452440474182367,
        -0.019340720027685165,
        -0.2659008204936981,
        0.004259048029780388,
        0.9639909863471985,
        2.4819235801696777
    ],
    [
        0.9710086584091187,
        -0.01960138790309429,
        0.23823954164981842,
        1.7850465774536133,
        0.02011226862668991,
        0.9997975826263428,
        0.0002864107955247164,
        -0.038178473711013794,
        -0.23819686472415924,
        0.0045134276151657104,
        0.9712064862251282,
        2.6725103855133057
    ],
    [
        0.9788410663604736,
        -0.019776323810219765,
        0.20366482436656952,
        1.8620973825454712,
        0.020306754857301712,
        0.9997936487197876,
        -0.0005147340707480907,
        -0.0639168843626976,
        -0.2036122977733612,
        0.004639611579477787,
        0.9790405035018921,
        2.8703348636627197
    ],
    [
        0.9822026491165161,
        -0.019112538546323776,
        0.1868487447500229,
        1.9165115356445312,
        0.019448621198534966,
        0.9998108744621277,
        3.446264236117713e-05,
        -0.07784101366996765,
        -0.18681412935256958,
        0.003600100288167596,
        0.9823887348175049,
        3.0755162239074707
    ],
    [
        0.9843106865882874,
        -0.018967121839523315,
        0.17542165517807007,
        1.9529482126235962,
        0.019243935123085976,
        0.9998148083686829,
        0.00012319549568928778,
        -0.11166532337665558,
        -0.17539162933826447,
        0.0032545418944209814,
        0.9844933748245239,
        3.3090195655822754
    ],
    [
        0.9855071902275085,
        -0.019005706533789635,
        0.16856567561626434,
        2.007749319076538,
        0.019100960344076157,
        0.9998169541358948,
        0.0010565185220912099,
        -0.14135943353176117,
        -0.1685548722743988,
        0.002178553259000182,
        0.9856899380683899,
        3.5263991355895996
    ],
    [
        0.986907422542572,
        -0.0208462942391634,
        0.15993498265743256,
        2.102991819381714,
        0.02119213156402111,
        0.9997752904891968,
        -0.0004568574368022382,
        -0.161543071269989,
        -0.15988948941230774,
        0.0038402408827096224,
        0.9871273040771484,
        3.744466781616211
    ],
    [
        0.9883977174758911,
        -0.021783502772450447,
        0.1503182202577591,
        2.19490647315979,
        0.022027017548680305,
        0.9997573494911194,
        4.483430529944599e-05,
        -0.18094024062156677,
        -0.15028299391269684,
        0.003266744315624237,
        0.9886377453804016,
        3.931511878967285
    ],
    [
        0.989197313785553,
        -0.022554105147719383,
        0.1448446661233902,
        2.2845258712768555,
        0.02259949781000614,
        0.9997437000274658,
        0.0013321992009878159,
        -0.169754758477211,
        -0.1448374092578888,
        0.001955611864104867,
        0.9894535541534424,
        4.15950345993042
    ],
    [
        0.9889668226242065,
        -0.0224355086684227,
        0.1464279145002365,
        2.3560726642608643,
        0.02250189147889614,
        0.9997460246086121,
        0.0012032879749312997,
        -0.1686680167913437,
        -0.14641785621643066,
        0.002104896353557706,
        0.9892206192016602,
        4.4232964515686035
    ],
    [
        0.9838772416114807,
        -0.02158348634839058,
        0.17753830552101135,
        2.423299789428711,
        0.021569915115833282,
        0.9997652769088745,
        0.002006804570555687,
        -0.17300234735012054,
        -0.17753992974758148,
        0.0018550385721027851,
        0.9841118454933167,
        4.642192840576172
    ],
    [
        0.9591107368469238,
        -0.022786226123571396,
        0.28211191296577454,
        2.5471181869506836,
        0.022417427971959114,
        0.9997383952140808,
        0.004535394255071878,
        -0.13174284994602203,
        -0.2821415960788727,
        0.001974264392629266,
        0.9593709707260132,
        4.900268077850342
    ],
    [
        0.905926525592804,
        -0.021615363657474518,
        0.4228828251361847,
        2.709726572036743,
        0.020225580781698227,
        0.999765157699585,
        0.007773780729621649,
        -0.10120981931686401,
        -0.4229515492916107,
        0.0015105772763490677,
        0.9061509966850281,
        5.181250095367432
    ],
    [
        0.8140833377838135,
        -0.008297662250697613,
        0.5806891322135925,
        2.868025064468384,
        0.017405539751052856,
        0.9997974038124084,
        -0.01011484395712614,
        -0.054554540663957596,
        -0.5804871916770935,
        0.018341531977057457,
        0.8140623569488525,
        5.443341255187988
    ]
]