[
    [
        0.9224364161491394,
        -0.052879467606544495,
        0.3825110197067261,
        0.2527356445789337,
        0.05030792951583862,
        0.9985936284065247,
        0.016729529947042465,
        -0.01340240053832531,
        -0.3828577399253845,
        0.003811407834291458,
        0.923799455165863,
        -0.31710994243621826
    ],
    [
        0.9104269742965698,
        -0.059010814875364304,
        0.4094392657279968,
        0.2903398275375366,
        0.056404586881399155,
        0.9982375502586365,
        0.01845095492899418,
        -0.013695711269974709,
        -0.40980643033981323,
        0.006296009290963411,
        0.9121507406234741,
        -0.3463819622993469
    ],
    [
        0.8945099711418152,
        -0.06540177762508392,
        0.44223806262016296,
        0.34464311599731445,
        0.0631675124168396,
        0.9978065490722656,
        0.01979556679725647,
        -0.015879547223448753,
        -0.4425627291202545,
        0.010227746330201626,
        0.8966792225837708,
        -0.38701683282852173
    ],
    [
        0.8759125471115112,
        -0.06945519149303436,
        0.47744449973106384,
        0.39578914642333984,
        0.06825648993253708,
        0.9974697232246399,
        0.019882390275597572,
        -0.01559806801378727,
        -0.4776173532009125,
        0.015173453837633133,
        0.8784369230270386,
        -0.4272037148475647
    ],
    [
        0.8560771942138672,
        -0.07234122604131699,
        0.5117602348327637,
        0.45030826330184937,
        0.07193764299154282,
        0.9971959590911865,
        0.020623335614800453,
        -0.015577001497149467,
        -0.511817216873169,
        0.01915965974330902,
        0.8588806986808777,
        -0.46766698360443115
    ],
    [
        0.8393337726593018,
        -0.07457303255796432,
        0.5384771227836609,
        0.496965616941452,
        0.07458297908306122,
        0.9969761967658997,
        0.02181619219481945,
        -0.014402383007109165,
        -0.538475751876831,
        0.021850157529115677,
        0.8423577547073364,
        -0.5003881454467773
    ],
    [
        0.8174597024917603,
        -0.07849375903606415,
        0.5706121325492859,
        0.5572724342346191,
        0.07866213470697403,
        0.9966027140617371,
        0.024401791393756866,
        -0.011360010132193565,
        -0.570589005947113,
        0.024938084185123444,
        0.820857048034668,
        -0.5404321551322937
    ],
    [
        0.7944375872612,
        -0.08335264027118683,
        0.6015989184379578,
        0.6224706172943115,
        0.08315058052539825,
        0.9961375594139099,
        0.028212714940309525,
        -0.007178634870797396,
        -0.6016269326210022,
        0.027610067278146744,
        0.7982999086380005,
        -0.5756557583808899
    ],
    [
        0.769877552986145,
        -0.08758214861154556,
        0.632153332233429,
        0.6892287135124207,
        0.08699893951416016,
        0.9956945180892944,
        0.0319962352514267,
        -0.002511642873287201,
        -0.6322337985038757,
        0.030363481491804123,
        0.7741824388504028,
        -0.6079820990562439
    ],
    [
        0.749506413936615,
        -0.09076231718063354,
        0.6557456254959106,
        0.7436332106590271,
        0.08969074487686157,
        0.9953455924987793,
        0.03525160998106003,
        -6.934304838068783e-05,
        -0.6558931469917297,
        0.03239301219582558,
        0.7541584968566895,
        -0.6324270367622375
    ],
    [
        0.7238902449607849,
        -0.09305083751678467,
        0.6836112141609192,
        0.8123939633369446,
        0.09169390797615051,
        0.9950487017631531,
        0.03834603354334831,
        0.0018625587690621614,
        -0.6837945580482483,
        0.03492465987801552,
        0.7288382053375244,
        -0.6680285930633545
    ],
    [
        0.6980516314506531,
        -0.09399135410785675,
        0.7098516821861267,
        0.8803062438964844,
        0.09245313704013824,
        0.9948802590370178,
        0.040815651416778564,
        0.00362241268157959,
        -0.7100536823272705,
        0.03713658079504967,
        0.7031674981117249,
        -0.708375096321106
    ],
    [
        0.6716663837432861,
        -0.09457771480083466,
        0.7347921133041382,
        0.9478830099105835,
        0.09244149178266525,
        0.9947658181190491,
        0.04353997856378555,
        0.0060667856596410275,
        -0.7350639700889587,
        0.038680944591760635,
        0.6768935322761536,
        -0.7485796809196472
    ],
    [
        0.6513729095458984,
        -0.09679216146469116,
        0.7525586485862732,
        1.0049999952316284,
        0.0938253104686737,
        0.9944928288459778,
        0.04669913277029991,
        0.007110634818673134,
        -0.7529342770576477,
        0.04019049555063248,
        0.6568673253059387,
        -0.7785142660140991
    ],
    [
        0.6257173418998718,
        -0.09878434985876083,
        0.7737696766853333,
        1.0816675424575806,
        0.0952802449464798,
        0.9942001700401306,
        0.04987648129463196,
        0.013533114455640316,
        -0.7742090225219727,
        0.04251639172434807,
        0.6315004825592041,
        -0.8124385476112366
    ],
    [
        0.601383626461029,
        -0.1023138165473938,
        0.7923822402954102,
        1.1735715866088867,
        0.09955916553735733,
        0.9936330318450928,
        0.052738599479198456,
        0.021854255348443985,
        -0.7927329540252686,
        0.04717278480529785,
        0.6077409982681274,
        -0.8410202860832214
    ],
    [
        0.579940915107727,
        -0.10637371242046356,
        0.8076838850975037,
        1.287231206893921,
        0.10699755698442459,
        0.9927957653999329,
        0.05392593517899513,
        0.02482680231332779,
        -0.8076013922691345,
        0.05514633655548096,
        0.5871446132659912,
        -0.8684387803077698
    ],
    [
        0.5639052987098694,
        -0.11071405559778214,
        0.8183845281600952,
        1.3851971626281738,
        0.11417554318904877,
        0.9919081926345825,
        0.055516667664051056,
        0.02904053032398224,
        -0.8179087042808533,
        0.06213334575295448,
        0.5719831585884094,
        -0.8902674913406372
    ],
    [
        0.5484559535980225,
        -0.1160520389676094,
        0.8280870318412781,
        1.505406141281128,
        0.12538740038871765,
        0.9905389547348022,
        0.05577262118458748,
        0.04148823022842407,
        -0.8267249464988708,
        0.07324286550283432,
        0.5578183531761169,
        -0.9262387752532959
    ],
    [
        0.5321124196052551,
        -0.1209593415260315,
        0.8379887938499451,
        1.6327317953109741,
        0.13460712134838104,
        0.9892398118972778,
        0.0573178306221962,
        0.05123261362314224,
        -0.8359050750732422,
        0.08229970932006836,
        0.542668879032135,
        -0.9601840972900391
    ],
    [
        0.5216808319091797,
        -0.12350311130285263,
        0.8441540002822876,
        1.7822636365890503,
        0.14355389773845673,
        0.988065779209137,
        0.05584272742271423,
        0.055345356464385986,
        -0.840976357460022,
        0.0920495018362999,
        0.5331844091415405,
        -0.9879146218299866
    ],
    [
        0.5173107981681824,
        -0.12349999696016312,
        0.8468396067619324,
        1.9135046005249023,
        0.1487429141998291,
        0.9874469637870789,
        0.0531427375972271,
        0.05135773494839668,
        -0.8427723050117493,
        0.09847007691860199,
        0.5291867256164551,
        -1.010028600692749
    ],
    [
        0.511326014995575,
        -0.12139783054590225,
        0.8507692813873291,
        2.0711822509765625,
        0.15264038741588593,
        0.9870610237121582,
        0.04910624399781227,
        0.04252700135111809,
        -0.8457225561141968,
        0.10475244373083115,
        0.5232402086257935,
        -1.0262259244918823
    ],
    [
        0.5046977400779724,
        -0.12010379880666733,
        0.8549007177352905,
        2.228753089904785,
        0.1557311713695526,
        0.9866957068443298,
        0.04668230935931206,
        0.036479875445365906,
        -0.8491335511207581,
        0.10957421362400055,
        0.5166870355606079,
        -1.0274969339370728
    ],
    [
        0.49728357791900635,
        -0.11909227818250656,
        0.8593753576278687,
        2.3989880084991455,
        0.1572462022304535,
        0.9865007400512695,
        0.04571771249175072,
        0.036673154681921005,
        -0.8532190322875977,
        0.11239884048700333,
        0.5092973709106445,
        -1.0194730758666992
    ]
]