[
    [
        0.999998927116394,
        -0.0007407048251479864,
        -0.0012771780602633953,
        -0.0009636403992772102,
        0.0007407172815874219,
        0.9999997615814209,
        9.094982488022652e-06,
        0.006541994865983725,
        0.001277170842513442,
        -1.0041017048934009e-05,
        0.9999991655349731,
        -0.1689785271883011
    ],
    [
        0.9999985694885254,
        -0.00047399397590197623,
        -0.0016177701763808727,
        -0.0019566884730011225,
        0.0004737009876407683,
        0.9999998211860657,
        -0.000181495604920201,
        0.007273788098245859,
        0.0016178558580577374,
        0.00018072839884553105,
        0.9999986886978149,
        -0.18777814507484436
    ],
    [
        0.9999979734420776,
        -0.0005174619145691395,
        -0.0019468024838715792,
        -0.0028567900881171227,
        0.0005171400844119489,
        0.9999998807907104,
        -0.00016584110562689602,
        0.00818468164652586,
        0.0019468875834718347,
        0.0001648338948143646,
        0.9999980926513672,
        -0.20977900922298431
    ],
    [
        0.999998152256012,
        -0.0005665334756486118,
        -0.0018560492899268866,
        -0.0036444675642997026,
        0.000565776543226093,
        0.9999997019767761,
        -0.00040807484765537083,
        0.008813390508294106,
        0.0018562797922641039,
        0.0004070240829605609,
        0.9999982118606567,
        -0.228870689868927
    ],
    [
        0.9999978542327881,
        -0.0005636429414153099,
        -0.001999872736632824,
        -0.004185036290436983,
        0.0005630180821754038,
        0.9999997615814209,
        -0.000313043623464182,
        0.009389202110469341,
        0.0020000487565994263,
        0.0003119173343293369,
        0.9999978542327881,
        -0.251091331243515
    ],
    [
        0.999997615814209,
        -0.0009259316720999777,
        -0.0020095210056751966,
        -0.004597702529281378,
        0.0009251353912986815,
        0.999999463558197,
        -0.00039683005888946354,
        0.00995845627039671,
        0.0020098870154470205,
        0.0003949699457734823,
        0.9999979734420776,
        -0.27027809619903564
    ],
    [
        0.9999978542327881,
        -0.0009195274906232953,
        -0.0018944854382425547,
        -0.005434604361653328,
        0.0009186185197904706,
        0.9999994039535522,
        -0.0004803523770533502,
        0.010728404857218266,
        0.0018949257209897041,
        0.00047861060011200607,
        0.9999980926513672,
        -0.2928958833217621
    ],
    [
        0.9999971389770508,
        -0.0005847946158610284,
        -0.0023204137105494738,
        -0.005584636237472296,
        0.0005838593933731318,
        0.9999997019767761,
        -0.00040388794150203466,
        0.011320635676383972,
        0.002320648869499564,
        0.0004025320231448859,
        0.9999972581863403,
        -0.31204357743263245
    ],
    [
        0.9999969005584717,
        -0.0007930048741400242,
        -0.0023596149403601885,
        -0.006111240480095148,
        0.0007917880429886281,
        0.9999995231628418,
        -0.000516192929353565,
        0.012061755172908306,
        0.0023600223939865828,
        0.0005143230664543808,
        0.9999971389770508,
        -0.33454275131225586
    ],
    [
        0.9999971389770508,
        -0.0009653311572037637,
        -0.002177237533032894,
        -0.006631477270275354,
        0.0009642427903600037,
        0.9999994039535522,
        -0.0005012487526983023,
        0.012458990328013897,
        0.0021777208894491196,
        0.0004991472233086824,
        0.9999974966049194,
        -0.3536580204963684
    ],
    [
        0.9999969601631165,
        -0.0010414820862933993,
        -0.002219593618065119,
        -0.006864579394459724,
        0.0010402209591120481,
        0.9999993443489075,
        -0.0005692066042684019,
        0.01304200105369091,
        0.002220184076577425,
        0.0005668954690918326,
        0.9999973773956299,
        -0.37604182958602905
    ],
    [
        0.9999969005584717,
        -0.0007758823339827359,
        -0.0023974664509296417,
        -0.007129231002181768,
        0.0007752447854727507,
        0.9999997019767761,
        -0.0002671344846021384,
        0.013090372085571289,
        0.0023976722732186317,
        0.00026527553563937545,
        0.9999970197677612,
        -0.3954751789569855
    ],
    [
        0.9999964237213135,
        -0.0007124742842279375,
        -0.002572236815467477,
        -0.00759908789768815,
        0.0007117906934581697,
        0.9999997019767761,
        -0.00026654580142349005,
        0.013693375512957573,
        0.0025724261067807674,
        0.0002647141518536955,
        0.999996542930603,
        -0.41833844780921936
    ],
    [
        0.9999966025352478,
        -0.0006581795169040561,
        -0.002559027401730418,
        -0.007875445298850536,
        0.0006570445839315653,
        0.9999997019767761,
        -0.0004445239610504359,
        0.014267860911786556,
        0.002559318905696273,
        0.00044284106115810573,
        0.9999966621398926,
        -0.44103166460990906
    ],
    [
        0.9999966025352478,
        -0.0008405704284086823,
        -0.0025041811168193817,
        -0.008441127836704254,
        0.0008397178607992828,
        0.9999996423721313,
        -0.00034139599301852286,
        0.014643506146967411,
        0.002504466800019145,
        0.0003392919898033142,
        0.9999967813491821,
        -0.4609031081199646
    ],
    [
        0.9999959468841553,
        -0.0008160118013620377,
        -0.002724593272432685,
        -0.008714506402611732,
        0.0008149022469297051,
        0.9999995827674866,
        -0.00040839597932063043,
        0.015263029374182224,
        0.002724925521761179,
        0.0004061731160618365,
        0.9999963045120239,
        -0.4834844768047333
    ],
    [
        0.9999948740005493,
        -0.0010192024055868387,
        -0.003043173812329769,
        -0.00871413666754961,
        0.0010193847119808197,
        0.9999995231628418,
        5.8149133110418916e-05,
        0.015066467225551605,
        0.0030431130435317755,
        -6.12508665653877e-05,
        0.9999953508377075,
        -0.5031030774116516
    ],
    [
        0.9999947547912598,
        -0.000828334828838706,
        -0.00314917229115963,
        -0.009249703958630562,
        0.0008281761547550559,
        0.9999996423721313,
        -5.174734178581275e-05,
        0.015851233154535294,
        0.0031492148991674185,
        4.913865268463269e-05,
        0.9999949932098389,
        -0.5263350605964661
    ],
    [
        0.9999949336051941,
        -0.0006563474889844656,
        -0.0031479608733206987,
        -0.009610661305487156,
        0.0006567586096934974,
        0.9999997615814209,
        0.00012970621173735708,
        0.01597786694765091,
        0.0031478754244744778,
        -0.0001317737769568339,
        0.9999949932098389,
        -0.5460716485977173
    ],
    [
        0.9999938011169434,
        -0.0007365660276263952,
        -0.0034439507871866226,
        -0.010175364091992378,
        0.000735791923943907,
        0.9999997019767761,
        -0.00022602042008657008,
        0.016605444252490997,
        0.003444116562604904,
        0.00022348556376527995,
        0.9999940395355225,
        -0.5694946050643921
    ],
    [
        0.9999932646751404,
        -0.0005832301685586572,
        -0.0036263985093683004,
        -0.010232617147266865,
        0.0005829389556311071,
        0.9999998807907104,
        -8.159952267305925e-05,
        0.017006175592541695,
        0.003626445308327675,
        7.94844891061075e-05,
        0.9999934434890747,
        -0.5894185900688171
    ],
    [
        0.9999924302101135,
        -0.0006859166314825416,
        -0.0038217550609260798,
        -0.010594187304377556,
        0.0006854992243461311,
        0.9999997615814209,
        -0.00011059863754780963,
        0.0178725253790617,
        0.0038218300323933363,
        0.00010797735012602061,
        0.9999927282333374,
        -0.6128128170967102
    ],
    [
        0.9999925494194031,
        -0.0008701434126123786,
        -0.0037523466162383556,
        -0.010903543792665005,
        0.0008700636099092662,
        0.9999996423721313,
        -2.279295222251676e-05,
        0.018255872651934624,
        0.0037523654755204916,
        1.9528048142092302e-05,
        0.9999929666519165,
        -0.632686972618103
    ],
    [
        0.9999919533729553,
        -0.0009168419055640697,
        -0.003928292077034712,
        -0.011115619912743568,
        0.0009171281708404422,
        0.9999995231628418,
        7.103681855369359e-05,
        0.018983202055096626,
        0.003928225487470627,
        -7.463816291419789e-05,
        0.9999922513961792,
        -0.6558265686035156
    ],
    [
        0.9999909996986389,
        -0.0009669258142821491,
        -0.004122503567487001,
        -0.011700472794473171,
        0.000967521162237972,
        0.9999995231628418,
        0.00014238366566132754,
        0.019024306908249855,
        0.004122364334762096,
        -0.00014637134154327214,
        0.9999915361404419,
        -0.6784643530845642
    ]
]