[
    [
        0.9999211430549622,
        0.0072823758237063885,
        -0.010232076980173588,
        -0.07162375003099442,
        -0.0074357884004712105,
        0.9998592734336853,
        -0.015036094933748245,
        0.06252986937761307,
        0.010121138766407967,
        0.015110992826521397,
        0.9998345375061035,
        0.615585446357727
    ],
    [
        0.9996445775032043,
        0.004452610854059458,
        0.026286493986845016,
        -0.09210053831338882,
        -0.00402007345110178,
        0.9998561143875122,
        -0.01648467592895031,
        0.0600118562579155,
        -0.026356106624007225,
        0.01637314260005951,
        0.9995185136795044,
        0.807967483997345
    ],
    [
        0.9954016208648682,
        -0.0007427879027090967,
        0.09578663110733032,
        -0.09152239561080933,
        0.0024528761859983206,
        0.999839723110199,
        -0.01773659698665142,
        0.02886798046529293,
        -0.0957581102848053,
        0.01788998953998089,
        0.9952438473701477,
        0.9866189956665039
    ],
    [
        0.9783228039741516,
        -0.008453086949884892,
        0.2069132924079895,
        -0.0837242603302002,
        0.012292275205254555,
        0.9997751712799072,
        -0.01727595180273056,
        0.008264908567070961,
        -0.2067207396030426,
        0.019444894045591354,
        0.9782067537307739,
        1.1414620876312256
    ],
    [
        0.934167742729187,
        -0.01717890240252018,
        0.3564203679561615,
        -0.08946460485458374,
        0.023839648813009262,
        0.9996134638786316,
        -0.014303245581686497,
        -0.009403298608958721,
        -0.3560369312763214,
        0.021858569234609604,
        0.9342162013053894,
        1.32417893409729
    ],
    [
        0.8546067476272583,
        -0.030551370233297348,
        0.5183761119842529,
        -0.012801951728761196,
        0.0406777448952198,
        0.9991388320922852,
        -0.008176333270967007,
        -0.02678539603948593,
        -0.5176799297332764,
        0.02807392179965973,
        0.855113685131073,
        1.5403847694396973
    ],
    [
        0.8347752094268799,
        -0.03455108776688576,
        0.5495055913925171,
        0.10850682854652405,
        0.04489263892173767,
        0.9989772439002991,
        -0.005385776050388813,
        -0.045506641268730164,
        -0.5487576723098755,
        0.029164675623178482,
        0.8354727029800415,
        1.6870474815368652
    ],
    [
        0.8290369510650635,
        -0.036306072026491165,
        0.5580140948295593,
        0.23497679829597473,
        0.04647168889641762,
        0.9989113211631775,
        -0.004050439689308405,
        -0.07019495964050293,
        -0.5572593808174133,
        0.029289811849594116,
        0.8298216462135315,
        1.8443337678909302
    ],
    [
        0.8286398649215698,
        -0.036860547959804535,
        0.5585671663284302,
        0.3649633824825287,
        0.0468747653067112,
        0.9988942742347717,
        -0.0036208955571055412,
        -0.08274047821760178,
        -0.5578160881996155,
        0.029183123260736465,
        0.8294514417648315,
        2.0040442943573
    ],
    [
        0.8340316414833069,
        -0.036469411104917526,
        0.5505099892616272,
        0.485882431268692,
        0.04632164537906647,
        0.9989185929298401,
        -0.004003099165856838,
        -0.09641306102275848,
        -0.5497686266899109,
        0.028839241713285446,
        0.834818959236145,
        2.152559280395508
    ],
    [
        0.8538473844528198,
        -0.034280627965927124,
        0.5193933248519897,
        0.6038049459457397,
        0.04369022697210312,
        0.9990277290344238,
        -0.005886643659323454,
        -0.11039121448993683,
        -0.5186866521835327,
        0.027718713507056236,
        0.854515016078949,
        2.2974839210510254
    ],
    [
        0.9028790593147278,
        -0.028655411675572395,
        0.4289386570453644,
        0.7658517360687256,
        0.036738499999046326,
        0.9992688894271851,
        -0.010574829764664173,
        -0.14006707072257996,
        -0.42832204699516296,
        0.025306355208158493,
        0.9032716751098633,
        2.471090316772461
    ],
    [
        0.9537569880485535,
        -0.02064976841211319,
        0.29986879229545593,
        0.8642635345458984,
        0.026706576347351074,
        0.9995134472846985,
        -0.01611325517296791,
        -0.1686699390411377,
        -0.29939010739326477,
        0.023376593366265297,
        0.9538443684577942,
        2.630002498626709
    ],
    [
        0.9851805567741394,
        -0.010496487841010094,
        0.17119956016540527,
        0.8967384696006775,
        0.014140625484287739,
        0.9996984004974365,
        -0.02008034847676754,
        -0.18818451464176178,
        -0.1709371656179428,
        0.022203637287020683,
        0.9850317239761353,
        2.8032751083374023
    ],
    [
        0.9990935921669006,
        0.0007620584801770747,
        0.042560409754514694,
        0.8917493224143982,
        0.00011746349628083408,
        0.9997866153717041,
        -0.020658958703279495,
        -0.22939622402191162,
        -0.04256706312298775,
        0.020645231008529663,
        0.9988803863525391,
        2.9821207523345947
    ],
    [
        0.9994738101959229,
        0.006547626107931137,
        -0.031765349209308624,
        0.8515068292617798,
        -0.0072807855904102325,
        0.9997085332870483,
        -0.023019999265670776,
        -0.25444382429122925,
        0.03160535916686058,
        0.023239167407155037,
        0.9992302060127258,
        3.1100997924804688
    ],
    [
        0.9970831871032715,
        0.010526475496590137,
        -0.07559320330619812,
        0.7886993885040283,
        -0.012319687753915787,
        0.9996525645256042,
        -0.023294996470212936,
        -0.2853940725326538,
        0.07532165199518204,
        0.024158330634236336,
        0.9968666434288025,
        3.2440199851989746
    ],
    [
        0.993843674659729,
        0.013157029636204243,
        -0.1100081130862236,
        0.7077765464782715,
        -0.01573370024561882,
        0.9996210932731628,
        -0.022587241604924202,
        -0.3398575186729431,
        0.10966912657022476,
        0.024179009720683098,
        0.9936741590499878,
        3.387331485748291
    ],
    [
        0.9909899234771729,
        0.014245500788092613,
        -0.13317623734474182,
        0.6285620927810669,
        -0.017389120534062386,
        0.999596357345581,
        -0.022471562027931213,
        -0.3851998448371887,
        0.1328025758266449,
        0.02458490990102291,
        0.990837574005127,
        3.5154948234558105
    ],
    [
        0.9904122948646545,
        0.013837918639183044,
        -0.13744790852069855,
        0.5674768090248108,
        -0.01724945195019245,
        0.9995712637901306,
        -0.023660289123654366,
        -0.43543770909309387,
        0.13706164062023163,
        0.02580433152616024,
        0.9902264475822449,
        3.5918140411376953
    ],
    [
        0.9902623295783997,
        0.013843272812664509,
        -0.13852393627166748,
        0.49275797605514526,
        -0.017428051680326462,
        0.9995430111885071,
        -0.024698996916413307,
        -0.5057494044303894,
        0.13811849057674408,
        0.026872683316469193,
        0.9900510907173157,
        3.6706411838531494
    ],
    [
        0.9904177784919739,
        0.014125964604318142,
        -0.1373792290687561,
        0.404861718416214,
        -0.01767471618950367,
        0.9995400309562683,
        -0.024646300822496414,
        -0.565139651298523,
        0.13696786761283875,
        0.0268382765352726,
        0.9902117848396301,
        3.7545599937438965
    ],
    [
        0.9904688000679016,
        0.013927682302892208,
        -0.13703130185604095,
        0.33889907598495483,
        -0.017606278881430626,
        0.9995153546333313,
        -0.02566957101225853,
        -0.6120281219482422,
        0.13660739362239838,
        0.027837522327899933,
        0.9902339577674866,
        3.8128750324249268
    ],
    [
        0.9912903308868408,
        0.01325390487909317,
        -0.131025493144989,
        0.29405415058135986,
        -0.016742078587412834,
        0.9995331168174744,
        -0.025556420907378197,
        -0.6487518548965454,
        0.13062560558319092,
        0.027527472004294395,
        0.9910495281219482,
        3.8610095977783203
    ],
    [
        0.9920457601547241,
        0.011886199936270714,
        -0.12531490623950958,
        0.2556172311306,
        -0.015313347801566124,
        0.9995336532592773,
        -0.026420533657073975,
        -0.6872939467430115,
        0.12494240701198578,
        0.028129374608397484,
        0.991765022277832,
        3.901820659637451
    ]
]