[
    [
        0.9935773611068726,
        -0.0016107611590996385,
        0.11314377188682556,
        0.04432619735598564,
        0.001633196952752769,
        0.9999986290931702,
        -0.00010559617658145726,
        0.030796892940998077,
        -0.11314345896244049,
        0.0002897037484217435,
        0.9935786724090576,
        0.42932721972465515
    ],
    [
        0.9926450848579407,
        -0.001694663893431425,
        0.12104980647563934,
        0.05263078957796097,
        0.0017266374779865146,
        0.9999985098838806,
        -0.00015924313629511744,
        0.0323692224919796,
        -0.12104935199022293,
        0.0003670818405225873,
        0.9926464557647705,
        0.46316248178482056
    ],
    [
        0.9918258190155029,
        -0.0015674281166866422,
        0.12759007513523102,
        0.05961328744888306,
        0.0016396497376263142,
        0.9999985098838806,
        -0.000461016345070675,
        0.03357172757387161,
        -0.1275891810655594,
        0.0006664515240117908,
        0.9918267726898193,
        0.49561411142349243
    ],
    [
        0.9910944700241089,
        -0.0012796721421182156,
        0.1331542581319809,
        0.06958301365375519,
        0.0013713770313188434,
        0.999998927116394,
        -0.0005970040219835937,
        0.033289991319179535,
        -0.13315333425998688,
        0.0007742921588942409,
        0.9910951852798462,
        0.5265021920204163
    ],
    [
        0.9902713894844055,
        -0.002265454037114978,
        0.13913090527057648,
        0.0815236046910286,
        0.0023161519784480333,
        0.9999972581863403,
        -0.00020248052896931767,
        0.031223908066749573,
        -0.13913005590438843,
        0.0005227584624662995,
        0.9902740120887756,
        0.5698477029800415
    ],
    [
        0.9897125363349915,
        -0.0022062051575630903,
        0.14305391907691956,
        0.09290477633476257,
        0.002280520275235176,
        0.9999973773956299,
        -0.00035553021007217467,
        0.030357006937265396,
        -0.14305277168750763,
        0.0006781098200008273,
        0.9897148013114929,
        0.6051915884017944
    ],
    [
        0.9890959858894348,
        -0.001977169420570135,
        0.14725852012634277,
        0.10496007651090622,
        0.002126469276845455,
        0.9999973177909851,
        -0.0008564447634853423,
        0.028119320049881935,
        -0.14725644886493683,
        0.0011602460872381926,
        0.9890975952148438,
        0.639481782913208
    ],
    [
        0.9885861277580261,
        -0.002167114522308111,
        0.15064118802547455,
        0.11722097545862198,
        0.0023023965768516064,
        0.999997079372406,
        -0.0007236315868794918,
        0.026773905381560326,
        -0.15063917636871338,
        0.0010622072732076049,
        0.9885882139205933,
        0.6716119050979614
    ],
    [
        0.9879986047744751,
        -0.002064428525045514,
        0.15444859862327576,
        0.13239102065563202,
        0.00225029606372118,
        0.9999969005584717,
        -0.001028607483021915,
        0.027894681319594383,
        -0.15444600582122803,
        0.0013638183008879423,
        0.9880003333091736,
        0.7121443748474121
    ],
    [
        0.9876918792724609,
        -0.0018934799591079354,
        0.15640079975128174,
        0.1446698158979416,
        0.002076944103464484,
        0.9999973177909851,
        -0.0010096239857375622,
        0.02927560545504093,
        -0.1563984751701355,
        0.0013220323016867042,
        0.9876932501792908,
        0.7424482703208923
    ],
    [
        0.9873458743095398,
        -0.002418159507215023,
        0.15856283903121948,
        0.15478189289569855,
        0.002617230638861656,
        0.9999960660934448,
        -0.0010466671083122492,
        0.02929338440299034,
        -0.1585596799850464,
        0.0014484180137515068,
        0.9873483180999756,
        0.7719624042510986
    ],
    [
        0.987148642539978,
        -0.0026734566781669855,
        0.1597830355167389,
        0.16602227091789246,
        0.0028190386947244406,
        0.999995768070221,
        -0.0006844536983408034,
        0.031748827546834946,
        -0.15978053212165833,
        0.00112609111238271,
        0.9871518611907959,
        0.8001698851585388
    ],
    [
        0.9870041608810425,
        -0.002429504180327058,
        0.16067656874656677,
        0.18050254881381989,
        0.0025704458821564913,
        0.9999964237213135,
        -0.0006693280301988125,
        0.03508839011192322,
        -0.16067437827587128,
        0.0010736399563029408,
        0.9870069026947021,
        0.8361395001411438
    ],
    [
        0.987028181552887,
        -0.002497740089893341,
        0.16052745282649994,
        0.19399608671665192,
        0.0026518802624195814,
        0.9999962449073792,
        -0.0007459782646037638,
        0.03760747238993645,
        -0.16052497923374176,
        0.0011620009317994118,
        0.9870311617851257,
        0.8674628734588623
    ],
    [
        0.986994743347168,
        -0.00233820965513587,
        0.160736083984375,
        0.2070387899875641,
        0.0024948674254119396,
        0.9999966025352478,
        -0.0007728114724159241,
        0.03896152600646019,
        -0.16073375940322876,
        0.0011637764982879162,
        0.986997127532959,
        0.8995992541313171
    ],
    [
        0.9870120286941528,
        -0.0020895707421004772,
        0.1606329381465912,
        0.2211507111787796,
        0.0021822431590408087,
        0.9999975562095642,
        -0.00040051265386864543,
        0.0395752377808094,
        -0.1606317162513733,
        0.0007458504405803978,
        0.9870140552520752,
        0.9324878454208374
    ],
    [
        0.9870272874832153,
        -0.0019327442860230803,
        0.16054128110408783,
        0.2359042912721634,
        0.0019905450753867626,
        0.9999979734420776,
        -0.0001992126926779747,
        0.04069669172167778,
        -0.16054058074951172,
        0.0005161923472769558,
        0.9870290756225586,
        0.9736164808273315
    ],
    [
        0.9872894287109375,
        -0.00265959813259542,
        0.15891015529632568,
        0.24591854214668274,
        0.0026546292938292027,
        0.9999964833259583,
        0.0002435431961202994,
        0.0410417839884758,
        -0.15891024470329285,
        0.00018140107567887753,
        0.987293004989624,
        1.0057672262191772
    ],
    [
        0.987720251083374,
        -0.002287572016939521,
        0.15621623396873474,
        0.2573246657848358,
        0.002291536657139659,
        0.9999973177909851,
        0.00015471340157091618,
        0.04198562726378441,
        -0.15621618926525116,
        0.0002051611227216199,
        0.9877227544784546,
        1.0393624305725098
    ],
    [
        0.9881836175918579,
        -0.0024484090972691774,
        0.15325507521629333,
        0.2685350775718689,
        0.0024007016327232122,
        0.9999969601631165,
        0.0004963440005667508,
        0.03839230164885521,
        -0.15325585007667542,
        -0.00012255918409209698,
        0.9881864190101624,
        1.0711009502410889
    ],
    [
        0.9890044927597046,
        -0.0013260450214147568,
        0.14787884056568146,
        0.28297755122184753,
        0.0013630345929414034,
        0.9999991059303284,
        -0.00014879816444590688,
        0.03694118559360504,
        -0.1478785276412964,
        0.00034872599644586444,
        0.9890056252479553,
        1.1109470129013062
    ],
    [
        0.9897762537002563,
        -0.0017615637043491006,
        0.1426175832748413,
        0.2951217293739319,
        0.0016991961747407913,
        0.9999983906745911,
        0.0005590888322331011,
        0.035511668771505356,
        -0.142618328332901,
        -0.00031103871879167855,
        0.9897777438163757,
        1.144345760345459
    ],
    [
        0.9906727075576782,
        -0.0013765045441687107,
        0.13625603914260864,
        0.3069334328174591,
        0.001304564531892538,
        0.9999988675117493,
        0.0006172736175358295,
        0.03460676968097687,
        -0.13625676929950714,
        -0.00043376177200116217,
        0.9906734824180603,
        1.1799416542053223
    ],
    [
        0.9912899136543274,
        -0.0008960779523476958,
        0.1316947191953659,
        0.3162480592727661,
        0.000857371895108372,
        0.9999995827674866,
        0.0003506091015879065,
        0.03511049225926399,
        -0.1316949725151062,
        -0.00023464378318749368,
        0.9912902116775513,
        1.217888593673706
    ],
    [
        0.9922153353691101,
        -0.0012605777010321617,
        0.12452773749828339,
        0.3355155289173126,
        0.0011404100805521011,
        0.9999988079071045,
        0.0010362595785409212,
        0.03338645026087761,
        -0.1245288997888565,
        -0.0008861792739480734,
        0.9922155737876892,
        1.2657091617584229
    ]
]