[
    [
        0.6653714179992676,
        0.04479975998401642,
        -0.745167076587677,
        -0.4331855773925781,
        -0.0116261662915349,
        0.998698353767395,
        0.04966098442673683,
        0.016691820695996284,
        0.7464218735694885,
        -0.024379568174481392,
        0.6650263071060181,
        1.7736809253692627
    ],
    [
        0.6630954742431641,
        0.04634231701493263,
        -0.7470988035202026,
        -0.42632192373275757,
        -0.011441324837505817,
        0.9985926151275635,
        0.051787517964839935,
        0.01470191776752472,
        0.7484475374221802,
        -0.02579227276146412,
        0.6626924872398376,
        1.7758138179779053
    ],
    [
        0.6616710424423218,
        0.04709283635020256,
        -0.7483139038085938,
        -0.4091103672981262,
        -0.010958143509924412,
        0.9985265135765076,
        0.05314983054995537,
        0.010224338620901108,
        0.749714195728302,
        -0.026967573910951614,
        0.661212146282196,
        1.7832138538360596
    ],
    [
        0.6609669327735901,
        0.04700661078095436,
        -0.7489412426948547,
        -0.3786502480506897,
        -0.010193494148552418,
        0.9985064268112183,
        0.05367421358823776,
        0.005164986476302147,
        0.7503458857536316,
        -0.027842553332448006,
        0.6604589819908142,
        1.798808217048645
    ],
    [
        0.6637450456619263,
        0.04603670537471771,
        -0.7465408444404602,
        -0.3326292037963867,
        -0.009072724729776382,
        0.9985260963439941,
        0.053509317338466644,
        0.003557994496077299,
        0.7479038238525391,
        -0.028743386268615723,
        0.6631845235824585,
        1.816964864730835
    ],
    [
        0.6823592185974121,
        0.04402385279536247,
        -0.7296903133392334,
        -0.274028480052948,
        -0.00751151517033577,
        0.9985544681549072,
        0.053220756351947784,
        0.006739278323948383,
        0.7309783101081848,
        -0.030834587290883064,
        0.6817035675048828,
        1.8344446420669556
    ],
    [
        0.7273107171058655,
        0.04004893824458122,
        -0.6851388216018677,
        -0.2083074301481247,
        -0.005580991506576538,
        0.9986080527305603,
        0.05244787037372589,
        0.0113760307431221,
        0.6862855553627014,
        -0.034322142601013184,
        0.7265217304229736,
        1.8510823249816895
    ],
    [
        0.7887784838676453,
        0.03520385921001434,
        -0.61366868019104,
        -0.14016404747962952,
        -0.0037448254879564047,
        0.9986153841018677,
        0.05247339978814125,
        0.019211944192647934,
        0.614666223526001,
        -0.0390918031334877,
        0.7878181338310242,
        1.8637269735336304
    ],
    [
        0.8484860062599182,
        0.030515827238559723,
        -0.5283371806144714,
        -0.074201300740242,
        -0.0030716683249920607,
        0.9986032247543335,
        0.052744604647159576,
        0.02792864292860031,
        0.5292088985443115,
        -0.04313018172979355,
        0.8473947644233704,
        1.8697710037231445
    ],
    [
        0.8976778388023376,
        0.027474012225866318,
        -0.4397950768470764,
        -0.01282342616468668,
        -0.0037759600672870874,
        0.9984974265098572,
        0.05466895177960396,
        0.030686944723129272,
        0.44063621759414673,
        -0.04741445183753967,
        0.8964326977729797,
        1.8706626892089844
    ],
    [
        0.935126781463623,
        0.023617997765541077,
        -0.353525310754776,
        0.037786729633808136,
        -0.004217613022774458,
        0.9984471201896667,
        0.05554714426398277,
        0.03510189801454544,
        0.3542882204055786,
        -0.0504525825381279,
        0.9337742328643799,
        1.8677330017089844
    ],
    [
        0.9600855708122253,
        0.019834570586681366,
        -0.27900242805480957,
        0.07223433256149292,
        -0.004565887618809938,
        0.9984610080718994,
        0.055269766598939896,
        0.043001770973205566,
        0.2796693742275238,
        -0.05178981274366379,
        0.9586986303329468,
        1.8663251399993896
    ],
    [
        0.9760902523994446,
        0.016827769577503204,
        -0.21671345829963684,
        0.09197273850440979,
        -0.005151201970875263,
        0.9985095858573914,
        0.05433279648423195,
        0.049903515726327896,
        0.2173047810792923,
        -0.051917385309934616,
        0.974722146987915,
        1.8724613189697266
    ],
    [
        0.9860761761665344,
        0.014488252811133862,
        -0.1656614989042282,
        0.10551542788743973,
        -0.005446876399219036,
        0.9984769225120544,
        0.05490202084183693,
        0.056528206914663315,
        0.16620463132858276,
        -0.053235240280628204,
        0.9846532940864563,
        1.8926527500152588
    ],
    [
        0.9923490881919861,
        0.011805964633822441,
        -0.12289715558290482,
        0.11391609907150269,
        -0.00503004714846611,
        0.998457133769989,
        0.0552997812628746,
        0.06599777191877365,
        0.12336041778326035,
        -0.05425851792097092,
        0.9908775687217712,
        1.9274195432662964
    ],
    [
        0.9965096712112427,
        0.009126169607043266,
        -0.08297658711671829,
        0.11366945505142212,
        -0.004419330507516861,
        0.9983795881271362,
        0.05673256516456604,
        0.08007335662841797,
        0.08335988968610764,
        -0.0561678521335125,
        0.9949353337287903,
        1.9827163219451904
    ],
    [
        0.9991526007652283,
        0.0065944986417889595,
        -0.04062673822045326,
        0.10687658190727234,
        -0.004245074465870857,
        0.9983279705047607,
        0.05764668062329292,
        0.08409176766872406,
        0.04093896225094795,
        -0.0574253648519516,
        0.9975100755691528,
        2.0710837841033936
    ],
    [
        0.9999847412109375,
        0.004246674012392759,
        0.0035488696303218603,
        0.08937714248895645,
        -0.004449630621820688,
        0.9982311129570007,
        0.05928659811615944,
        0.08263473212718964,
        -0.003290819702669978,
        -0.059301476925611496,
        0.9982346892356873,
        2.171125888824463
    ],
    [
        0.9987368583679199,
        0.0014706372749060392,
        0.05022479221224785,
        0.0746619924902916,
        -0.004482298158109188,
        0.9981940984725952,
        0.059903789311647415,
        0.0727565810084343,
        -0.05004598945379257,
        -0.06005324423313141,
        0.9969397783279419,
        2.271169662475586
    ],
    [
        0.995567262172699,
        -0.0013493995647877455,
        0.09404328465461731,
        0.05919257923960686,
        -0.004373118281364441,
        0.9981515407562256,
        0.060617171227931976,
        0.0655396580696106,
        -0.09395124018192291,
        -0.06075972691178322,
        0.9937210083007812,
        2.3789191246032715
    ],
    [
        0.9906212091445923,
        -0.004505558870732784,
        0.13656212389469147,
        0.03810358792543411,
        -0.00398075208067894,
        0.998080313205719,
        0.061805758625268936,
        0.06405019015073776,
        -0.13657842576503754,
        -0.061769720166921616,
        0.988701581954956,
        2.5077309608459473
    ],
    [
        0.9837779402732849,
        -0.007013058755546808,
        0.1792536824941635,
        0.009215716272592545,
        -0.004278787411749363,
        0.9980339407920837,
        0.06252951920032501,
        0.04794534295797348,
        -0.17933979630470276,
        -0.06228214502334595,
        0.9818136692047119,
        2.6493947505950928
    ],
    [
        0.9737553000450134,
        -0.010395452380180359,
        0.22735993564128876,
        -0.003273095702752471,
        -0.004018045030534267,
        0.9980155229568481,
        0.06284051388502121,
        0.030809784308075905,
        -0.22756198048591614,
        -0.06210482493042946,
        0.9717810750007629,
        2.7846245765686035
    ],
    [
        0.9621940851211548,
        -0.014616970904171467,
        0.27197232842445374,
        0.010939743369817734,
        -0.0025286271702498198,
        0.9980364441871643,
        0.06258468329906464,
        0.021334121003746986,
        -0.27235308289527893,
        -0.06090632081031799,
        0.9602678418159485,
        2.9246490001678467
    ],
    [
        0.9506041407585144,
        -0.019470401108264923,
        0.3097946345806122,
        0.04912035912275314,
        -0.0006129096145741642,
        0.9979110956192017,
        0.06459881365299225,
        0.021717842668294907,
        -0.31040525436401367,
        -0.06159777194261551,
        0.9486066699028015,
        3.0835325717926025
    ]
]