[
    [
        0.7815033197402954,
        0.0998048409819603,
        -0.6158664226531982,
        -0.5487082600593567,
        -0.09866086393594742,
        0.99447101354599,
        0.035964302718639374,
        -0.1485063135623932,
        0.6160507798194885,
        0.03265569359064102,
        0.7870293259620667,
        0.8760297894477844
    ],
    [
        0.7809281945228577,
        0.09939900785684586,
        -0.6166611313819885,
        -0.577326774597168,
        -0.10114040225744247,
        0.9943511486053467,
        0.03219616413116455,
        -0.15127834677696228,
        0.6163779497146606,
        0.03722646087408066,
        0.7865700125694275,
        0.9414178133010864
    ],
    [
        0.7851349711418152,
        0.0989997386932373,
        -0.6113609671592712,
        -0.6105560064315796,
        -0.1024017482995987,
        0.9943055510520935,
        0.029502684250473976,
        -0.1600559800863266,
        0.6108003258705139,
        0.03944084048271179,
        0.7908017039299011,
        1.004244089126587
    ],
    [
        0.7937813997268677,
        0.09625909477472305,
        -0.6005376577377319,
        -0.6560318470001221,
        -0.09943562000989914,
        0.9946500062942505,
        0.027998188510537148,
        -0.16497278213500977,
        0.6000198125839233,
        0.037490397691726685,
        0.7991061210632324,
        1.0604729652404785
    ],
    [
        0.8143500685691833,
        0.09294846653938293,
        -0.5728826522827148,
        -0.691811740398407,
        -0.09312807768583298,
        0.9952290654182434,
        0.029091760516166687,
        -0.17704376578330994,
        0.5728534460067749,
        0.029660573229193687,
        0.8191208839416504,
        1.0988385677337646
    ],
    [
        0.8298951983451843,
        0.0887361541390419,
        -0.5508175492286682,
        -0.7074400782585144,
        -0.08805637061595917,
        0.9957292675971985,
        0.027739902958273888,
        -0.1823265254497528,
        0.5509265661239624,
        0.025481777265667915,
        0.8341645002365112,
        1.1290035247802734
    ],
    [
        0.8474528789520264,
        0.0836990475654602,
        -0.52423095703125,
        -0.7272724509239197,
        -0.08314500749111176,
        0.9962324500083923,
        0.024649903178215027,
        -0.18775221705436707,
        0.5243191123008728,
        0.022697560489177704,
        0.8512192964553833,
        1.1751307249069214
    ],
    [
        0.8616220951080322,
        0.07957639545202255,
        -0.5012732744216919,
        -0.7480357885360718,
        -0.07957356423139572,
        0.9965985417366028,
        0.021432198584079742,
        -0.19104310870170593,
        0.5012738108634949,
        0.0214216411113739,
        0.8650235533714294,
        1.2236915826797485
    ],
    [
        0.8787166476249695,
        0.0728382021188736,
        -0.4717537760734558,
        -0.7647416591644287,
        -0.07342361658811569,
        0.99715256690979,
        0.0171959288418293,
        -0.19808518886566162,
        0.4716630280017853,
        0.01952751725912094,
        0.8815625309944153,
        1.2704052925109863
    ],
    [
        0.8932797312736511,
        0.06640050560235977,
        -0.44456982612609863,
        -0.7772762179374695,
        -0.06669126451015472,
        0.9976608157157898,
        0.015006051398813725,
        -0.20861093699932098,
        0.4445262551307678,
        0.0162443146109581,
        0.8956185579299927,
        1.3067059516906738
    ],
    [
        0.910912811756134,
        0.05886724218726158,
        -0.4083777666091919,
        -0.7909265756607056,
        -0.0593058280646801,
        0.998172402381897,
        0.011600092053413391,
        -0.218671053647995,
        0.4083142876625061,
        0.013652507215738297,
        0.9127392768859863,
        1.3500020503997803
    ],
    [
        0.9257884621620178,
        0.053898707032203674,
        -0.37418001890182495,
        -0.8080235123634338,
        -0.05472797155380249,
        0.998465895652771,
        0.008417051285505295,
        -0.2237112671136856,
        0.37405961751937866,
        0.012685704976320267,
        0.9273178577423096,
        1.3924126625061035
    ],
    [
        0.9428865909576416,
        0.04953363910317421,
        -0.3294108211994171,
        -0.8415732979774475,
        -0.05073908716440201,
        0.9986996650695801,
        0.004942240193486214,
        -0.22800619900226593,
        0.3292272984981537,
        0.012054036371409893,
        0.9441737532615662,
        1.4543884992599487
    ],
    [
        0.9577392339706421,
        0.046596985310316086,
        -0.28383827209472656,
        -0.8769036531448364,
        -0.04744810238480568,
        0.9988661408424377,
        0.0038798225577920675,
        -0.2380678653717041,
        0.2836972773075104,
        0.00975173432379961,
        0.9588642716407776,
        1.5109953880310059
    ],
    [
        0.967564582824707,
        0.04421495273709297,
        -0.24872463941574097,
        -0.9039718508720398,
        -0.044963061809539795,
        0.9989850521087646,
        0.002675316296517849,
        -0.2452227771282196,
        0.24859045445919037,
        0.008594885468482971,
        0.9685705900192261,
        1.5512446165084839
    ],
    [
        0.9763002991676331,
        0.04061059653759003,
        -0.21257564425468445,
        -0.9302588701248169,
        -0.0415838360786438,
        0.9991350173950195,
        -0.00010746146290330216,
        -0.2488345056772232,
        0.21238742768764496,
        0.008944631554186344,
        0.9771445989608765,
        1.6047807931900024
    ],
    [
        0.9815437197685242,
        0.036427129060029984,
        -0.1877366006374359,
        -0.944769561290741,
        -0.03742777556180954,
        0.9992977380752563,
        -0.0017868183786049485,
        -0.254420667886734,
        0.18753965198993683,
        0.008780398406088352,
        0.9822177290916443,
        1.6543056964874268
    ],
    [
        0.9855763912200928,
        0.03335623815655708,
        -0.1659110188484192,
        -0.9556249976158142,
        -0.03473930060863495,
        0.9993816018104553,
        -0.005440392065793276,
        -0.25779157876968384,
        0.16562692821025848,
        0.011125555261969566,
        0.9861257672309875,
        1.7135921716690063
    ],
    [
        0.987394392490387,
        0.030795840546488762,
        -0.15525472164154053,
        -0.957755446434021,
        -0.03215799480676651,
        0.9994631409645081,
        -0.006269168574362993,
        -0.26485517621040344,
        0.15497829020023346,
        0.011182818561792374,
        0.987854540348053,
        1.7663923501968384
    ],
    [
        0.9883464574813843,
        0.02964763157069683,
        -0.14930617809295654,
        -0.9565460681915283,
        -0.03084530122578144,
        0.9995079040527344,
        -0.005711779929697514,
        -0.27561473846435547,
        0.1490633338689804,
        0.010250606574118137,
        0.9887744784355164,
        1.8372385501861572
    ],
    [
        0.9883836507797241,
        0.028562812134623528,
        -0.14927157759666443,
        -0.9526788592338562,
        -0.029739396646618843,
        0.999541699886322,
        -0.005655542016029358,
        -0.28529053926467896,
        0.14904162287712097,
        0.010029090568423271,
        0.9887800216674805,
        1.8937830924987793
    ],
    [
        0.9877647757530212,
        0.02772398479282856,
        -0.1534666121006012,
        -0.9468170404434204,
        -0.029158225283026695,
        0.9995495080947876,
        -0.00710232462733984,
        -0.2955986559391022,
        0.15320058166980743,
        0.011490238830447197,
        0.9881283640861511,
        1.9589580297470093
    ],
    [
        0.9866464138031006,
        0.028745165094733238,
        -0.16032016277313232,
        -0.9416298866271973,
        -0.03058210015296936,
        0.9994916319847107,
        -0.009001768194139004,
        -0.30250945687294006,
        0.1599799245595932,
        0.013784492388367653,
        0.9870240688323975,
        2.0157010555267334
    ],
    [
        0.9844835996627808,
        0.029325898736715317,
        -0.17300862073898315,
        -0.9305745959281921,
        -0.03168085217475891,
        0.999439001083374,
        -0.010865574702620506,
        -0.3146517276763916,
        0.1725929230451584,
        0.01617804355919361,
        0.9848603010177612,
        2.084639310836792
    ],
    [
        0.9813924431800842,
        0.0313042514026165,
        -0.1894436925649643,
        -0.9196919202804565,
        -0.03401337191462517,
        0.9993600249290466,
        -0.011065288446843624,
        -0.33230558037757874,
        0.18897607922554016,
        0.01730301044881344,
        0.9818292856216431,
        2.156001329421997
    ]
]