[
    [
        0.8190272450447083,
        0.033904384821653366,
        -0.5727519989013672,
        -0.24049949645996094,
        -0.021645251661539078,
        0.9993677139282227,
        0.028205744922161102,
        0.012250679545104504,
        0.5733461380004883,
        -0.010703914798796177,
        0.8192433714866638,
        0.1771138459444046
    ],
    [
        0.8090869188308716,
        0.033081840723752975,
        -0.5867571234703064,
        -0.2538692057132721,
        -0.02193838357925415,
        0.9994186758995056,
        0.026096902787685394,
        0.014219315722584724,
        0.5872794389724731,
        -0.008242154493927956,
        0.8093423843383789,
        0.1999007910490036
    ],
    [
        0.8008737564086914,
        0.033178508281707764,
        -0.5979132652282715,
        -0.26945960521698,
        -0.022745281457901,
        0.9994288682937622,
        0.024992685765028,
        0.014054657891392708,
        0.5984010100364685,
        -0.00641628447920084,
        0.8011710047721863,
        0.21988451480865479
    ],
    [
        0.7933982610702515,
        0.03352116048336029,
        -0.6077790856361389,
        -0.2836223542690277,
        -0.02343684248626232,
        0.999424397945404,
        0.024527188390493393,
        0.01296261791139841,
        0.6082515120506287,
        -0.005215402692556381,
        0.7937271595001221,
        0.24286141991615295
    ],
    [
        0.7872133255004883,
        0.03353305533528328,
        -0.6157684922218323,
        -0.29785940051078796,
        -0.024888036772608757,
        0.9994345307350159,
        0.022608989849686623,
        0.015364045277237892,
        0.6161784529685974,
        -0.0024728290736675262,
        0.7876027226448059,
        0.26627615094184875
    ],
    [
        0.782966673374176,
        0.03515667840838432,
        -0.6210694909095764,
        -0.3121703565120697,
        -0.02738107368350029,
        0.9993818402290344,
        0.022053051739931107,
        0.014995620585978031,
        0.6214607954025269,
        -0.00026125682052224874,
        0.7834452390670776,
        0.2886771559715271
    ],
    [
        0.7802037596702576,
        0.0379084087908268,
        -0.6243758201599121,
        -0.32631319761276245,
        -0.030885618180036545,
        0.9992790818214417,
        0.02207646332681179,
        0.014083405956625938,
        0.6247625350952148,
        0.0020600941497832537,
        0.7808120846748352,
        0.31274378299713135
    ],
    [
        0.7786078453063965,
        0.04136355221271515,
        -0.6261459589004517,
        -0.3392587900161743,
        -0.034968722611665726,
        0.9991346001625061,
        0.022520048543810844,
        0.013558074831962585,
        0.6265357136726379,
        0.004361236933618784,
        0.7793805599212646,
        0.3380316197872162
    ],
    [
        0.7786491513252258,
        0.04496350884437561,
        -0.6258464455604553,
        -0.35439878702163696,
        -0.039128709584474564,
        0.9989674091339111,
        0.02308799885213375,
        0.013398281298577785,
        0.6262382864952087,
        0.006511111278086901,
        0.7796044945716858,
        0.36285722255706787
    ],
    [
        0.7781650424003601,
        0.04878472909331322,
        -0.6261623501777649,
        -0.3675498068332672,
        -0.04321793094277382,
        0.9987747669219971,
        0.02410600334405899,
        0.012804084457457066,
        0.6265711784362793,
        0.00830299686640501,
        0.7793200612068176,
        0.3938677906990051
    ],
    [
        0.7783327698707581,
        0.05152392014861107,
        -0.625734269618988,
        -0.3810250461101532,
        -0.046036407351493835,
        0.998627781867981,
        0.024965189397335052,
        0.012915539555251598,
        0.6261619329452515,
        0.00937533751130104,
        0.7796366214752197,
        0.42473575472831726
    ],
    [
        0.780622124671936,
        0.05431890860199928,
        -0.6226383447647095,
        -0.40034303069114685,
        -0.04860907793045044,
        0.998475193977356,
        0.02616407908499241,
        0.013045171275734901,
        0.6231101155281067,
        0.009841617196798325,
        0.7820721864700317,
        0.45601895451545715
    ],
    [
        0.7827538847923279,
        0.05624857172369957,
        -0.6197842359542847,
        -0.42036524415016174,
        -0.04992610588669777,
        0.9983726739883423,
        0.027553454041481018,
        0.013455327600240707,
        0.6203255653381348,
        0.009375842288136482,
        0.7842883467674255,
        0.49323341250419617
    ],
    [
        0.7842601537704468,
        0.05690593272447586,
        -0.6178168654441833,
        -0.4360366761684418,
        -0.049854885786771774,
        0.9983448386192322,
        0.028669586405158043,
        0.014642089605331421,
        0.6184258460998535,
        0.008316771127283573,
        0.7857991456985474,
        0.5251796841621399
    ],
    [
        0.7857145071029663,
        0.05712541192770004,
        -0.6159459948539734,
        -0.4525933861732483,
        -0.049452029168605804,
        0.9983404874801636,
        0.029508164152503014,
        0.01714504510164261,
        0.616609513759613,
        0.007274788338690996,
        0.7872355580329895,
        0.5559402704238892
    ],
    [
        0.7867733240127563,
        0.057361893355846405,
        -0.6145707964897156,
        -0.47042596340179443,
        -0.04827609285712242,
        0.9983410239219666,
        0.03137863799929619,
        0.018509017303586006,
        0.6153512597084045,
        0.004981198813766241,
        0.7882372736930847,
        0.5852964520454407
    ],
    [
        0.7842956781387329,
        0.05825489014387131,
        -0.6176462173461914,
        -0.4829641580581665,
        -0.04625434800982475,
        0.9983013868331909,
        0.03542296588420868,
        0.016141269356012344,
        0.618660569190979,
        0.0007867452804930508,
        0.7856579422950745,
        0.6188734173774719
    ],
    [
        0.7804797887802124,
        0.05839334428310394,
        -0.6224479675292969,
        -0.49783265590667725,
        -0.04468294978141785,
        0.9982923865318298,
        0.037624817341566086,
        0.017377112060785294,
        0.6235821843147278,
        -0.001552593894302845,
        0.7817563414573669,
        0.6539388298988342
    ],
    [
        0.7754678130149841,
        0.05864054337143898,
        -0.6286580562591553,
        -0.5111686587333679,
        -0.0433562733232975,
        0.9982731342315674,
        0.03963662311434746,
        0.018560949712991714,
        0.6298967599868774,
        -0.0034806516487151384,
        0.7766710519790649,
        0.6900562047958374
    ],
    [
        0.7709917426109314,
        0.05958779901266098,
        -0.6340513229370117,
        -0.5257237553596497,
        -0.04303692653775215,
        0.9982120394706726,
        0.04147951677441597,
        0.019117584452033043,
        0.6353893280029297,
        -0.004692746326327324,
        0.7721776962280273,
        0.7241610884666443
    ],
    [
        0.7679312229156494,
        0.06044042482972145,
        -0.6376743912696838,
        -0.5418618321418762,
        -0.043410420417785645,
        0.998160183429718,
        0.042330387979745865,
        0.020560577511787415,
        0.6390596628189087,
        -0.004825111944228411,
        0.7691419720649719,
        0.7559468150138855
    ],
    [
        0.7655526995658875,
        0.06163886934518814,
        -0.6404137015342712,
        -0.5571414828300476,
        -0.04353262111544609,
        0.9980815052986145,
        0.04402482137084007,
        0.01936296373605728,
        0.6418988108634949,
        -0.005824430845677853,
        0.7667672634124756,
        0.7849207520484924
    ],
    [
        0.76297926902771,
        0.06239219009876251,
        -0.6434049606323242,
        -0.5719465613365173,
        -0.04368901625275612,
        0.9980323314666748,
        0.04497264698147774,
        0.019576653838157654,
        0.6449449062347412,
        -0.00620346749201417,
        0.7642039060592651,
        0.8149744272232056
    ],
    [
        0.7589265704154968,
        0.0629381611943245,
        -0.648127555847168,
        -0.5846253037452698,
        -0.04343985766172409,
        0.9979943633079529,
        0.046046897768974304,
        0.019772300496697426,
        0.6497256755828857,
        -0.0067916447296738625,
        0.7601384520530701,
        0.8486673831939697
    ],
    [
        0.7538931369781494,
        0.06396937370300293,
        -0.653875470161438,
        -0.5989179015159607,
        -0.0431169718503952,
        0.9979203343391418,
        0.047915469855070114,
        0.019887711852788925,
        0.6555807590484619,
        -0.007930011488497257,
        0.7550833821296692,
        0.8868047595024109
    ]
]