[
    [
        0.9999755620956421,
        -0.0030978089198470116,
        0.006278685759752989,
        -0.005885631311684847,
        0.0030619928147643805,
        0.9999791383743286,
        0.005705906078219414,
        -0.04138171300292015,
        -0.006296229083091021,
        -0.0056865401566028595,
        0.9999639987945557,
        0.9452537298202515
    ],
    [
        0.9999684691429138,
        -0.00335382716730237,
        0.007210950832813978,
        0.0032471069134771824,
        0.003309109015390277,
        0.9999753832817078,
        0.006204352714121342,
        -0.039736196398735046,
        -0.007231582421809435,
        -0.006180295255035162,
        0.9999547004699707,
        1.117907166481018
    ],
    [
        0.9999697208404541,
        -0.0029617922846227884,
        0.007193117402493954,
        0.020820781588554382,
        0.002925038104876876,
        0.9999826550483704,
        0.00511477654799819,
        -0.04060309752821922,
        -0.007208141032606363,
        -0.005093581974506378,
        0.9999610781669617,
        1.3415380716323853
    ],
    [
        0.9999648332595825,
        -0.0027544850017875433,
        0.007921409793198109,
        0.030233075842261314,
        0.0027009127661585808,
        0.9999734163284302,
        0.006765725091099739,
        -0.045717183500528336,
        -0.007939836010336876,
        -0.006744091864675283,
        0.9999455809593201,
        1.5548062324523926
    ],
    [
        0.9999598264694214,
        -0.002152849454432726,
        0.008708941750228405,
        0.032779593020677567,
        0.0020904038101434708,
        0.9999720454216003,
        0.007173008285462856,
        -0.0422159805893898,
        -0.008724141865968704,
        -0.007154515478760004,
        0.9999363422393799,
        1.7149227857589722
    ],
    [
        0.9999573826789856,
        -0.002838078187778592,
        0.008779119700193405,
        0.03899455815553665,
        0.0027701600920408964,
        0.9999662637710571,
        0.007738819811493158,
        -0.03081817738711834,
        -0.008800786919891834,
        -0.007714170962572098,
        0.9999315142631531,
        1.9312745332717896
    ],
    [
        0.9999542236328125,
        -0.0024738230276852846,
        0.009244397282600403,
        0.041735511273145676,
        0.0023978727404028177,
        0.9999634027481079,
        0.008217860944569111,
        -0.03415330871939659,
        -0.00926438719034195,
        -0.008195317350327969,
        0.9999234676361084,
        2.1527841091156006
    ],
    [
        0.9999355673789978,
        -0.0028055086731910706,
        0.011008387431502342,
        0.039829887449741364,
        0.002708276268094778,
        0.9999573230743408,
        0.00883753877133131,
        -0.039402611553668976,
        -0.01103271171450615,
        -0.00880715437233448,
        0.9999003410339355,
        2.307800769805908
    ],
    [
        0.9999358654022217,
        -0.002481859177350998,
        0.01104963943362236,
        0.050505585968494415,
        0.0023675619158893824,
        0.9999436736106873,
        0.01034506969153881,
        -0.05374870076775551,
        -0.011074692010879517,
        -0.010318244807422161,
        0.9998853206634521,
        2.5050134658813477
    ],
    [
        0.9999091029167175,
        -0.003316437127068639,
        0.013065794482827187,
        0.06258362531661987,
        0.0031714339274913073,
        0.9999334216117859,
        0.011103050783276558,
        -0.05332131311297417,
        -0.013101747259497643,
        -0.011060602962970734,
        0.9998530149459839,
        2.7005550861358643
    ],
    [
        0.9998922944068909,
        -0.0025154573377221823,
        0.014461306855082512,
        0.08351105451583862,
        0.002342586638405919,
        0.9999257922172546,
        0.011958600953221321,
        -0.045286308974027634,
        -0.014490313827991486,
        -0.01192343421280384,
        0.9998239278793335,
        2.9044039249420166
    ],
    [
        0.9998793005943298,
        -0.0031265513971447945,
        0.015220086090266705,
        0.10497119277715683,
        0.0029451600275933743,
        0.9999246001243591,
        0.011925729922950268,
        -0.04662328213453293,
        -0.015256223268806934,
        -0.011879466474056244,
        0.9998130202293396,
        3.0564656257629395
    ],
    [
        0.9998455047607422,
        -0.004354467149823904,
        0.017028575763106346,
        0.1260555237531662,
        0.004141632467508316,
        0.9999131560325623,
        0.01251404732465744,
        -0.05549713596701622,
        -0.01708158850669861,
        -0.012441588565707207,
        0.9997766613960266,
        3.2427244186401367
    ],
    [
        0.9998250603675842,
        -0.003945834003388882,
        0.018284931778907776,
        0.14520201086997986,
        0.0037061874754726887,
        0.9999071359634399,
        0.013121644034981728,
        -0.06292656064033508,
        -0.0183350071310997,
        -0.01305158156901598,
        0.9997467398643494,
        3.413883686065674
    ],
    [
        0.9998325705528259,
        -0.003793251235038042,
        0.01790628209710121,
        0.16349931061267853,
        0.003540030214935541,
        0.9998936057090759,
        0.0141520444303751,
        -0.05885954201221466,
        -0.017958058044314384,
        -0.014086286537349224,
        0.9997394680976868,
        3.583099365234375
    ],
    [
        0.9998024106025696,
        -0.0047032530419528484,
        0.019311564043164253,
        0.17287294566631317,
        0.0044162762351334095,
        0.9998795986175537,
        0.014876185916364193,
        -0.05255383253097534,
        -0.019379204139113426,
        -0.014787961728870869,
        0.9997028708457947,
        3.7592029571533203
    ],
    [
        0.9998146295547485,
        -0.003927693702280521,
        0.01885136030614376,
        0.18595317006111145,
        0.003636918729171157,
        0.9998742938041687,
        0.015434225089848042,
        -0.051904790103435516,
        -0.01890961267054081,
        -0.01536280196160078,
        0.9997031092643738,
        3.9340779781341553
    ],
    [
        0.9998105764389038,
        -0.004046094603836536,
        0.0190367940813303,
        0.19812604784965515,
        0.0037383963353931904,
        0.9998622536659241,
        0.01617129147052765,
        -0.05689255893230438,
        -0.019099602475762367,
        -0.016097059473395348,
        0.9996879696846008,
        4.103348731994629
    ],
    [
        0.9997850060462952,
        -0.004600860178470612,
        0.02021481655538082,
        0.20437465608119965,
        0.004275542683899403,
        0.9998611211776733,
        0.016106870025396347,
        -0.06398475915193558,
        -0.020286114886403084,
        -0.01601697877049446,
        0.9996659755706787,
        4.222618579864502
    ],
    [
        0.9997517466545105,
        -0.004197095520794392,
        0.021885575726628304,
        0.2160249650478363,
        0.0038074941840022802,
        0.9998341202735901,
        0.01781311258673668,
        -0.06700990349054337,
        -0.021956708282232285,
        -0.01772535964846611,
        0.9996017217636108,
        4.381448745727539
    ],
    [
        0.9997327923774719,
        -0.0041016750037670135,
        0.022748585790395737,
        0.23185576498508453,
        0.0036579554434865713,
        0.9998029470443726,
        0.019512809813022614,
        -0.06456446647644043,
        -0.022824134677648544,
        -0.019424378871917725,
        0.9995507597923279,
        4.546442031860352
    ],
    [
        0.9997366070747375,
        -0.0031913535203784704,
        0.022729424759745598,
        0.24692386388778687,
        0.0027468560729175806,
        0.9998048543930054,
        0.019560473039746284,
        -0.06056131422519684,
        -0.022787414491176605,
        -0.01949288509786129,
        0.9995502829551697,
        4.674491882324219
    ],
    [
        0.9997125864028931,
        -0.00526020023971796,
        0.023391008377075195,
        0.2724549472332001,
        0.004783514887094498,
        0.9997807145118713,
        0.020388443022966385,
        -0.06483390927314758,
        -0.023493126034736633,
        -0.0202706940472126,
        0.9995183944702148,
        4.84320592880249
    ],
    [
        0.9997003674507141,
        -0.004547937773168087,
        0.02405322529375553,
        0.29185011982917786,
        0.004029744770377874,
        0.9997596144676208,
        0.021548358723521233,
        -0.07490211725234985,
        -0.024145448580384254,
        -0.02144496887922287,
        0.9994783997535706,
        4.995731830596924
    ],
    [
        0.999690055847168,
        -0.005218829959630966,
        0.024340756237506866,
        0.3026716411113739,
        0.0046760705299675465,
        0.9997402429580688,
        0.022302253171801567,
        -0.07918248325586319,
        -0.02445082738995552,
        -0.022181525826454163,
        0.999454915523529,
        5.150914192199707
    ]
]