[
    [
        0.9897043704986572,
        -0.010628345422446728,
        0.1427319198846817,
        0.05711549147963524,
        0.011040517129004002,
        0.9999368190765381,
        -0.002096048789098859,
        -0.010535181500017643,
        -0.14270062744617462,
        0.003650302765890956,
        0.989759087562561,
        0.007675569970160723
    ],
    [
        0.9825756549835205,
        -0.012404595501720905,
        0.18544906377792358,
        0.11798097938299179,
        0.013131917454302311,
        0.9999101161956787,
        -0.002694101072847843,
        -0.015710849314928055,
        -0.18539898097515106,
        0.0050824591889977455,
        0.9826502203941345,
        0.005288409534841776
    ],
    [
        0.9735417366027832,
        -0.013398906216025352,
        0.22811606526374817,
        0.1806970238685608,
        0.014370000921189785,
        0.999893307685852,
        -0.0025965652894228697,
        -0.022144664078950882,
        -0.22805695235729218,
        0.005805893801152706,
        0.9736305475234985,
        0.0006110778776928782
    ],
    [
        0.9632661938667297,
        -0.014930907636880875,
        0.26813310384750366,
        0.24469947814941406,
        0.016386883333325386,
        0.9998605847358704,
        -0.0031928294338285923,
        -0.026274923235177994,
        -0.2680480182170868,
        0.007469409145414829,
        0.963376522064209,
        -0.007714034058153629
    ],
    [
        0.9520310759544373,
        -0.017802618443965912,
        0.30548325181007385,
        0.30742722749710083,
        0.01930287666618824,
        0.9998119473457336,
        -0.0018909983336925507,
        -0.03144180402159691,
        -0.3053920865058899,
        0.007696994114667177,
        0.9521955847740173,
        -0.0123412711545825
    ],
    [
        0.9388068318367004,
        -0.018625034019351006,
        0.34394004940986633,
        0.3698791265487671,
        0.019761325791478157,
        0.999804675579071,
        0.0002015768113778904,
        -0.03151000663638115,
        -0.3438766300678253,
        0.006607467774301767,
        0.9389916658401489,
        -0.0021143564954400063
    ],
    [
        0.9212297797203064,
        -0.01814958080649376,
        0.38859522342681885,
        0.4520167112350464,
        0.018757261335849762,
        0.999821662902832,
        0.0022300658747553825,
        -0.026105036959052086,
        -0.38856637477874756,
        0.005234580021351576,
        0.9214058518409729,
        0.039950381964445114
    ],
    [
        0.9031662940979004,
        -0.014609334990382195,
        0.42904216051101685,
        0.5424307584762573,
        0.013749776408076286,
        0.9998923540115356,
        0.005103061906993389,
        -0.026745621114969254,
        -0.4290705621242523,
        0.0012903205351904035,
        0.9032701253890991,
        0.11826308816671371
    ],
    [
        0.8849025964736938,
        -0.015432209707796574,
        0.465520441532135,
        0.6352962851524353,
        0.012354742735624313,
        0.9998770952224731,
        0.009661374613642693,
        -0.031852301210165024,
        -0.4656122922897339,
        -0.0027979908045381308,
        0.8849843144416809,
        0.20000357925891876
    ],
    [
        0.8656660318374634,
        -0.019250931218266487,
        0.5002517104148865,
        0.7482717037200928,
        0.014569246210157871,
        0.9998059272766113,
        0.013263511471450329,
        -0.03647772595286369,
        -0.5004099011421204,
        -0.004193480592221022,
        0.865778386592865,
        0.29402968287467957
    ],
    [
        0.8452561497688293,
        -0.024350794032216072,
        0.5338062047958374,
        0.8799054026603699,
        0.018740737810730934,
        0.9996975064277649,
        0.015928441658616066,
        -0.04830402135848999,
        -0.5340325832366943,
        -0.003459690371528268,
        0.8454567790031433,
        0.4067875146865845
    ],
    [
        0.8261401057243347,
        -0.027829749509692192,
        0.5627771019935608,
        1.0069040060043335,
        0.021176835522055626,
        0.9996074438095093,
        0.018344366922974586,
        -0.06073455512523651,
        -0.5630667209625244,
        -0.003237178549170494,
        0.8264050483703613,
        0.5240923166275024
    ],
    [
        0.8050647377967834,
        -0.02965768426656723,
        0.5924450755119324,
        1.152911901473999,
        0.01930541731417179,
        0.9995303153991699,
        0.023802442476153374,
        -0.061380695551633835,
        -0.5928727388381958,
        -0.007725106086581945,
        0.8052591681480408,
        0.6849765181541443
    ],
    [
        0.7859596610069275,
        -0.028671713545918465,
        0.6176126599311829,
        1.2858320474624634,
        0.016686100512742996,
        0.9995439052581787,
        0.02516794390976429,
        -0.06746986508369446,
        -0.61805260181427,
        -0.00947544351220131,
        0.7860797047615051,
        0.8389930725097656
    ],
    [
        0.7679336071014404,
        -0.027070727199316025,
        0.6399571895599365,
        1.4225647449493408,
        0.01538831740617752,
        0.9995978474617004,
        0.023818213492631912,
        -0.07527272403240204,
        -0.6403446793556213,
        -0.008442942053079605,
        0.7680413126945496,
        0.9814026355743408
    ],
    [
        0.7526640295982361,
        -0.025424456223845482,
        0.6579136848449707,
        1.5742954015731812,
        0.013262663967907429,
        0.9996368288993835,
        0.023457320407032967,
        -0.08061328530311584,
        -0.6582711935043335,
        -0.00892979372292757,
        0.7527279853820801,
        1.1270207166671753
    ],
    [
        0.7397868037223816,
        -0.02382640540599823,
        0.6724192500114441,
        1.7262918949127197,
        0.012538942508399487,
        0.9996874332427979,
        0.021627603098750114,
        -0.08870662748813629,
        -0.6727244853973389,
        -0.007568388245999813,
        0.7398543357849121,
        1.2681139707565308
    ],
    [
        0.7286843061447144,
        -0.02580196224153042,
        0.6843635439872742,
        1.8758200407028198,
        0.013676476664841175,
        0.9996389746665955,
        0.023126326501369476,
        -0.0897826999425888,
        -0.6847131252288818,
        -0.007492109667509794,
        0.7287741303443909,
        1.42292058467865
    ],
    [
        0.7182323932647705,
        -0.028652740642428398,
        0.6952130794525146,
        2.0381481647491455,
        0.0154660539701581,
        0.9995623826980591,
        0.025218132883310318,
        -0.0929785817861557,
        -0.6956314444541931,
        -0.007360274903476238,
        0.7183610796928406,
        1.6025511026382446
    ],
    [
        0.7098376750946045,
        -0.026872551068663597,
        0.7038524150848389,
        2.1925082206726074,
        0.013506269082427025,
        0.999607503414154,
        0.02454313449561596,
        -0.09011296927928925,
        -0.7042357921600342,
        -0.007915218360722065,
        0.7099219560623169,
        1.7492941617965698
    ],
    [
        0.7028384804725647,
        -0.026652172207832336,
        0.7108501195907593,
        2.355518102645874,
        0.012591446749866009,
        0.9996073246002197,
        0.025029119104146957,
        -0.09463323652744293,
        -0.7112380266189575,
        -0.008640795946121216,
        0.7028981447219849,
        1.89175546169281
    ],
    [
        0.6967630386352539,
        -0.022445296868681908,
        0.7169501185417175,
        2.502992630004883,
        0.007104374002665281,
        0.9996771812438965,
        0.02439219132065773,
        -0.10164406150579453,
        -0.7172662615776062,
        -0.011902096681296825,
        0.6966975331306458,
        2.019766330718994
    ],
    [
        0.6916599273681641,
        -0.023215401917696,
        0.7218501567840576,
        2.6456990242004395,
        0.007984928786754608,
        0.9996679425239563,
        0.02449931763112545,
        -0.09868011623620987,
        -0.7221792340278625,
        -0.01118127629160881,
        0.6916157007217407,
        2.144803524017334
    ],
    [
        0.6896989941596985,
        -0.02712516486644745,
        0.7235879898071289,
        2.77860689163208,
        0.013431156985461712,
        0.9996054172515869,
        0.024670124053955078,
        -0.09937828779220581,
        -0.7239716649055481,
        -0.007296336814761162,
        0.6897912621498108,
        2.2572262287139893
    ],
    [
        0.6917130351066589,
        -0.03443603590130806,
        0.7213509678840637,
        2.921495199203491,
        0.023852450773119926,
        0.9994068741798401,
        0.024837514385581017,
        -0.08955038338899612,
        -0.7217784523963928,
        2.5553350496920757e-05,
        0.6921241879463196,
        2.363579750061035
    ]
]