[
    [
        0.9915913343429565,
        0.018163489177823067,
        -0.12812817096710205,
        -0.04132438078522682,
        -0.02438681572675705,
        0.9985890984535217,
        -0.04717066511511803,
        -0.049624014645814896,
        0.12709060311317444,
        0.0498986579477787,
        0.9906352162361145,
        -0.018688417971134186
    ],
    [
        0.9893702268600464,
        0.02059376798570156,
        -0.14395283162593842,
        -0.05143808200955391,
        -0.028145339339971542,
        0.9983213543891907,
        -0.050620511174201965,
        -0.05794069916009903,
        0.1426687240600586,
        0.054134029895067215,
        0.9882888793945312,
        -0.01281502190977335
    ],
    [
        0.9860166311264038,
        0.02379697561264038,
        -0.1649392545223236,
        -0.06612582504749298,
        -0.033276744186878204,
        0.9979344010353088,
        -0.054951172322034836,
        -0.06817179918289185,
        0.16329088807106018,
        0.05967140942811966,
        0.9847717881202698,
        -0.003861703211441636
    ],
    [
        0.9822505116462708,
        0.027120279148221016,
        -0.18560288846492767,
        -0.08206967264413834,
        -0.0386468805372715,
        0.9975232481956482,
        -0.05876963213086128,
        -0.07862649857997894,
        0.18354934453964233,
        0.06489948183298111,
        0.9808657169342041,
        0.0013899403857067227
    ],
    [
        0.9781336188316345,
        0.03027835488319397,
        -0.20576153695583344,
        -0.10035541653633118,
        -0.044093433767557144,
        0.9970459342002869,
        -0.06289010494947433,
        -0.08688824623823166,
        0.2032494992017746,
        0.070587657392025,
        0.9765793085098267,
        0.0034553147852420807
    ],
    [
        0.9747476577758789,
        0.03275773301720619,
        -0.22089321911334991,
        -0.113869808614254,
        -0.04830334335565567,
        0.996692955493927,
        -0.06534457206726074,
        -0.09437650442123413,
        0.2180221676826477,
        0.07436435669660568,
        0.9731065034866333,
        0.005109421908855438
    ],
    [
        0.9699596762657166,
        0.03556213155388832,
        -0.24065211415290833,
        -0.13247594237327576,
        -0.05374312028288841,
        0.9961395263671875,
        -0.06941068172454834,
        -0.10131706297397614,
        0.23725466430187225,
        0.08025896549224854,
        0.9681264162063599,
        0.00614155875518918
    ],
    [
        0.9647312164306641,
        0.0379922054708004,
        -0.26048070192337036,
        -0.15043094754219055,
        -0.05902323126792908,
        0.9955548048019409,
        -0.0733959898352623,
        -0.10784177482128143,
        0.25653430819511414,
        0.08618181198835373,
        0.962685227394104,
        0.008003531955182552
    ],
    [
        0.9591217637062073,
        0.0401008278131485,
        -0.2801379859447479,
        -0.1683717519044876,
        -0.06419072300195694,
        0.9949353933334351,
        -0.07735113054513931,
        -0.11295785009860992,
        0.2756173610687256,
        0.09217141568660736,
        0.9568383097648621,
        0.011012410745024681
    ],
    [
        0.9530423879623413,
        0.041834037750959396,
        -0.29993340373039246,
        -0.18603768944740295,
        -0.06909043341875076,
        0.9943289160728455,
        -0.08084901422262192,
        -0.11974190175533295,
        0.2948502004146576,
        0.09777507185935974,
        0.9505278468132019,
        0.018448933959007263
    ],
    [
        0.9482588171958923,
        0.042303457856178284,
        -0.3146674335002899,
        -0.20040488243103027,
        -0.07214689254760742,
        0.9938672184944153,
        -0.08380249887704849,
        -0.12439239025115967,
        0.3091925084590912,
        0.1021687462925911,
        0.9454954862594604,
        0.028951318934559822
    ],
    [
        0.942216157913208,
        0.04329637810587883,
        -0.33219587802886963,
        -0.22160135209560394,
        -0.07608547806739807,
        0.9933565258979797,
        -0.08633525669574738,
        -0.1326534003019333,
        0.32625097036361694,
        0.10662175714969635,
        0.9392508268356323,
        0.036726947873830795
    ],
    [
        0.9368040561676025,
        0.04395170509815216,
        -0.34708258509635925,
        -0.24786321818828583,
        -0.07973568141460419,
        0.9927905797958374,
        -0.08949419111013412,
        -0.14004085958003998,
        0.3406468629837036,
        0.1115133985877037,
        0.9335547089576721,
        0.04465118423104286
    ],
    [
        0.931300163269043,
        0.04452625662088394,
        -0.36152082681655884,
        -0.27151310443878174,
        -0.08312258869409561,
        0.9922915101051331,
        -0.09191464632749557,
        -0.14862649142742157,
        0.3546414077281952,
        0.11565066874027252,
        0.927822470664978,
        0.05881604179739952
    ],
    [
        0.9265090227127075,
        0.045301031321287155,
        -0.37353548407554626,
        -0.299112468957901,
        -0.0862732082605362,
        0.9918553233146667,
        -0.09370150417089462,
        -0.15789175033569336,
        0.36624839901924133,
        0.11904140561819077,
        0.9228712320327759,
        0.07212496548891068
    ],
    [
        0.9233008623123169,
        0.04577760025858879,
        -0.3813394010066986,
        -0.3221418857574463,
        -0.08835048973560333,
        0.9915599822998047,
        -0.09488360583782196,
        -0.16477446258068085,
        0.3737773597240448,
        0.12129763513803482,
        0.919552743434906,
        0.08247450739145279
    ],
    [
        0.9193291664123535,
        0.04673253744840622,
        -0.39070451259613037,
        -0.3523757755756378,
        -0.09122946113348007,
        0.9911814332008362,
        -0.0961071029305458,
        -0.174767404794693,
        0.3827677369117737,
        0.12399782240390778,
        0.9154853820800781,
        0.09774992614984512
    ],
    [
        0.9163526296615601,
        0.047586921602487564,
        -0.3975341320037842,
        -0.3864954710006714,
        -0.09376311302185059,
        0.9908061623573303,
        -0.0975278839468956,
        -0.18462036550045013,
        0.3892382085323334,
        0.12664397060871124,
        0.9123897552490234,
        0.10983113944530487
    ],
    [
        0.9133313894271851,
        0.0482005774974823,
        -0.4043543040752411,
        -0.41235896944999695,
        -0.0962843969464302,
        0.9903756976127625,
        -0.09942489117383957,
        -0.19163858890533447,
        0.3956703245639801,
        0.1297408789396286,
        0.9091822504997253,
        0.12493617832660675
    ],
    [
        0.9097279906272888,
        0.04869665578007698,
        -0.4123390316963196,
        -0.42927563190460205,
        -0.0986945629119873,
        0.9899964332580566,
        -0.10082888603210449,
        -0.19993872940540314,
        0.40330418944358826,
        0.13242249190807343,
        0.9054335951805115,
        0.14725123345851898
    ],
    [
        0.9068405628204346,
        0.04877634719014168,
        -0.41864192485809326,
        -0.4374391436576843,
        -0.10036887973546982,
        0.9896974563598633,
        -0.10210336744785309,
        -0.20511840283870697,
        0.40934860706329346,
        0.1346101015806198,
        0.9023933410644531,
        0.16587279736995697
    ],
    [
        0.9031543731689453,
        0.04924798756837845,
        -0.42648181319236755,
        -0.4470788836479187,
        -0.10294485092163086,
        0.9892594814300537,
        -0.10377012193202972,
        -0.2111920863389969,
        0.4167906641960144,
        0.13762454688549042,
        0.89852374792099,
        0.18946033716201782
    ],
    [
        0.8988914489746094,
        0.04947904497385025,
        -0.43536892533302307,
        -0.44967418909072876,
        -0.1055510938167572,
        0.988796055316925,
        -0.10555253177881241,
        -0.21649308502674103,
        0.42526841163635254,
        0.14083392918109894,
        0.8940428495407104,
        0.2157747745513916
    ],
    [
        0.8940393328666687,
        0.049848850816488266,
        -0.44520649313926697,
        -0.4456486999988556,
        -0.1080302968621254,
        0.9884518384933472,
        -0.106265589594841,
        -0.22466598451137543,
        0.4347679615020752,
        0.14310140907764435,
        0.8891000151634216,
        0.24297454953193665
    ],
    [
        0.8882170915603638,
        0.05030282586812973,
        -0.45666196942329407,
        -0.43192940950393677,
        -0.11032333970069885,
        0.9882569313049316,
        -0.10572142899036407,
        -0.23637187480926514,
        0.4459812343120575,
        0.14428403973579407,
        0.883336067199707,
        0.2748412489891052
    ]
]