[
    [
        0.9999809265136719,
        -0.0012809887994080782,
        -0.006041601300239563,
        -0.08327633142471313,
        0.0012850143248215318,
        0.9999989867210388,
        0.0006624330417253077,
        -0.0003409331548027694,
        0.006040746811777353,
        -0.0006701838574372232,
        0.9999815225601196,
        -0.00019803631585091352
    ],
    [
        0.9999771118164062,
        -0.0014384790556505322,
        -0.00661802664399147,
        -0.08944276720285416,
        0.001443388289771974,
        0.9999987483024597,
        0.0007370645180344582,
        -0.0004556903732009232,
        0.006616957951337099,
        -0.0007466005044989288,
        0.9999778270721436,
        -0.00015964223712217063
    ],
    [
        0.9999738931655884,
        -0.0015790155157446861,
        -0.007053624372929335,
        -0.09596837311983109,
        0.0015837636310607195,
        0.9999985694885254,
        0.0006675312179140747,
        -0.00039479840779677033,
        0.007052559871226549,
        -0.0006786848534829915,
        0.9999748468399048,
        -0.00018446300236973912
    ],
    [
        0.9999703168869019,
        -0.0016737907426431775,
        -0.0075215427204966545,
        -0.10267264395952225,
        0.0016796804266050458,
        0.9999983310699463,
        0.0007767422939650714,
        -0.0005374276079237461,
        0.007520230021327734,
        -0.0007893526926636696,
        0.9999713897705078,
        -0.000140842268592678
    ],
    [
        0.9999663233757019,
        -0.0018216122407466173,
        -0.008004369214177132,
        -0.10945229232311249,
        0.001827155938372016,
        0.9999980926513672,
        0.000685343868099153,
        -0.0004414269933477044,
        0.008003105409443378,
        -0.00069994613295421,
        0.9999676942825317,
        -0.00020081247203052044
    ],
    [
        0.9999608397483826,
        -0.0019807012286037207,
        -0.00862160138785839,
        -0.11623772978782654,
        0.001988011412322521,
        0.999997615814209,
        0.0008393259486183524,
        -0.0006575554725714028,
        0.008619917556643486,
        -0.0008564328891225159,
        0.9999624490737915,
        -0.00013160334492567927
    ],
    [
        0.999952495098114,
        -0.0022042596247047186,
        -0.009505701251327991,
        -0.12562942504882812,
        0.0022125847171992064,
        0.9999971985816956,
        0.0008654210832901299,
        -0.0007312751258723438,
        0.009503766894340515,
        -0.0008864120463840663,
        0.9999544620513916,
        -0.0002134805836249143
    ],
    [
        0.9999454617500305,
        -0.002386458683758974,
        -0.010171163827180862,
        -0.13311845064163208,
        0.0023943204432725906,
        0.9999969005584717,
        0.0007607985753566027,
        -0.0006373078795149922,
        0.010169316083192825,
        -0.000785110576543957,
        0.9999480247497559,
        -0.0003032553941011429
    ],
    [
        0.9999394416809082,
        -0.0025316919200122356,
        -0.01071486622095108,
        -0.14111295342445374,
        0.0025401078164577484,
        0.999996542930603,
        0.0007719649584032595,
        -0.0007014275761321187,
        0.010712873190641403,
        -0.0007991351885721087,
        0.9999423027038574,
        -0.00040496024303138256
    ],
    [
        0.9999317526817322,
        -0.0027105058543384075,
        -0.011372708715498447,
        -0.14922690391540527,
        0.002720290794968605,
        0.9999959468841553,
        0.0008449596934951842,
        -0.0008550075581297278,
        0.011370373889803886,
        -0.000875839323271066,
        0.9999350309371948,
        -0.00046087955706752837
    ],
    [
        0.9999232888221741,
        -0.002883093198761344,
        -0.012041164562106133,
        -0.15762659907341003,
        0.002894083969295025,
        0.9999954700469971,
        0.0008954615332186222,
        -0.0009198850602842867,
        0.012038527056574821,
        -0.0009302414837293327,
        0.9999270439147949,
        -0.0005284177022986114
    ],
    [
        0.9999141693115234,
        -0.0030589429661631584,
        -0.012739992700517178,
        -0.1662362813949585,
        0.0030710138380527496,
        0.9999948143959045,
        0.000928026856854558,
        -0.0010222403798252344,
        0.012737088836729527,
        -0.0009670719155110419,
        0.9999183416366577,
        -0.0006462123128585517
    ],
    [
        0.9998993873596191,
        -0.003317995462566614,
        -0.01379502285271883,
        -0.1779702752828598,
        0.0033308137208223343,
        0.9999940395355225,
        0.0009062854805961251,
        -0.0010170700261369348,
        0.013791932724416256,
        -0.000952143338508904,
        0.9999043941497803,
        -0.0007734049577265978
    ],
    [
        0.9998879432678223,
        -0.0035314643755555153,
        -0.014545709826052189,
        -0.18715530633926392,
        0.0035440069623291492,
        0.9999934434890747,
        0.0008366247056983411,
        -0.0009864354506134987,
        0.014542658813297749,
        -0.0008880804525688291,
        0.9998939037322998,
        -0.0009745918214321136
    ],
    [
        0.9998730421066284,
        -0.003740812884643674,
        -0.015491023659706116,
        -0.19638052582740784,
        0.0037550951819866896,
        0.9999926090240479,
        0.0008929461473599076,
        -0.0010738304117694497,
        0.015487568452954292,
        -0.0009510028758086264,
        0.9998795986175537,
        -0.0010583268012851477
    ],
    [
        0.9998622536659241,
        -0.0039291949942708015,
        -0.016127847135066986,
        -0.2063218504190445,
        0.003944460302591324,
        0.9999918341636658,
        0.0009147243108600378,
        -0.0011460032546892762,
        0.016124119982123375,
        -0.0009782136185094714,
        0.9998694658279419,
        -0.001206281129270792
    ],
    [
        0.999849259853363,
        -0.0040953028947114944,
        -0.016868801787495613,
        -0.2163732498884201,
        0.004111237358301878,
        0.9999911189079285,
        0.0009099954622797668,
        -0.0011762363137677312,
        0.016864925622940063,
        -0.0009792105993255973,
        0.9998573064804077,
        -0.0013957732589915395
    ],
    [
        0.9998345971107483,
        -0.004332129377871752,
        -0.017665555700659752,
        -0.22644659876823425,
        0.004349467810243368,
        0.9999901056289673,
        0.0009431661455892026,
        -0.0012701153755187988,
        0.017661292105913162,
        -0.0010198457166552544,
        0.9998434782028198,
        -0.0016018225578591228
    ],
    [
        0.9998125433921814,
        -0.004567376803606749,
        -0.01881272718310356,
        -0.24008582532405853,
        0.00458608428016305,
        0.9999889731407166,
        0.0009514096309430897,
        -0.0013413700507953763,
        0.01880817487835884,
        -0.001037507550790906,
        0.9998226761817932,
        -0.0018524655606597662
    ],
    [
        0.9997960329055786,
        -0.004808737896382809,
        -0.01961413398385048,
        -0.2505056858062744,
        0.004826139193028212,
        0.9999880194664001,
        0.0008400016813538969,
        -0.0012780582765117288,
        0.019609857350587845,
        -0.0009344911086373031,
        0.9998071789741516,
        -0.0021357769146561623
    ],
    [
        0.9997756481170654,
        -0.005013102199882269,
        -0.02057521417737007,
        -0.26094335317611694,
        0.005033695138990879,
        0.9999868273735046,
        0.0009492184617556632,
        -0.0014674467965960503,
        0.020570185035467148,
        -0.0010525754187256098,
        0.9997878670692444,
        -0.0024025854654610157
    ],
    [
        0.9997557997703552,
        -0.00523631414398551,
        -0.021468250080943108,
        -0.2715602219104767,
        0.005256562028080225,
        0.9999857544898987,
        0.0008868193253874779,
        -0.0014171304646879435,
        0.0214633010327816,
        -0.0009994516149163246,
        0.9997691512107849,
        -0.0026731016114354134
    ],
    [
        0.9997319579124451,
        -0.005431140307337046,
        -0.02250899001955986,
        -0.2820527255535126,
        0.005454491823911667,
        0.999984622001648,
        0.0009762395056895912,
        -0.0016281120479106903,
        0.022503342479467392,
        -0.0010987522546201944,
        0.9997461438179016,
        -0.0030158080626279116
    ],
    [
        0.9997095465660095,
        -0.005680816248059273,
        -0.0234199371188879,
        -0.29281529784202576,
        0.005702189635485411,
        0.9999834299087524,
        0.0008459498640149832,
        -0.001531850197352469,
        0.023414744064211845,
        -0.000979248434305191,
        0.9997254014015198,
        -0.0033760149963200092
    ],
    [
        0.9996808171272278,
        -0.005948616657406092,
        -0.02455601841211319,
        -0.3073670566082001,
        0.005971258040517569,
        0.9999817609786987,
        0.00084878463530913,
        -0.0016411748947575688,
        0.02455052360892296,
        -0.0009951443644240499,
        0.9996981620788574,
        -0.0038811047561466694
    ]
]