[
    [
        0.8467093706130981,
        0.0787108838558197,
        -0.5262011885643005,
        -0.27698230743408203,
        -0.12391859292984009,
        0.9909723997116089,
        -0.051164302974939346,
        -0.07388065755367279,
        0.517423689365387,
        0.10852741450071335,
        0.848819375038147,
        0.18491113185882568
    ],
    [
        0.8454084396362305,
        0.07982894778251648,
        -0.5281211733818054,
        -0.28418445587158203,
        -0.12541890144348145,
        0.9907918572425842,
        -0.05100405588746071,
        -0.07945968955755234,
        0.5191865563392639,
        0.10935564339160919,
        0.8476359248161316,
        0.20209921896457672
    ],
    [
        0.8442177176475525,
        0.08015105128288269,
        -0.5299736857414246,
        -0.29122596979141235,
        -0.12589062750339508,
        0.9907476902008057,
        -0.05069996044039726,
        -0.08623240143060684,
        0.5210065245628357,
        0.10952051728963852,
        0.846497118473053,
        0.22034399211406708
    ],
    [
        0.8432838916778564,
        0.0798051729798317,
        -0.5315105319023132,
        -0.30348679423332214,
        -0.1258256584405899,
        0.9907470345497131,
        -0.050873856991529465,
        -0.09461662918329239,
        0.5225325226783752,
        0.10977877676486969,
        0.8455225229263306,
        0.2479621320962906
    ],
    [
        0.8424846529960632,
        0.07912872731685638,
        -0.5328772664070129,
        -0.31078532338142395,
        -0.12557929754257202,
        0.9907500147819519,
        -0.05142241343855858,
        -0.10007530450820923,
        0.5238792300224304,
        0.11024095118045807,
        0.8446285724639893,
        0.26849862933158875
    ],
    [
        0.8417778015136719,
        0.07827086001634598,
        -0.534119725227356,
        -0.3174610733985901,
        -0.12543338537216187,
        0.9907116889953613,
        -0.0525035485625267,
        -0.1043974980711937,
        0.5250492095947266,
        0.11119277030229568,
        0.8437768816947937,
        0.2898029386997223
    ],
    [
        0.8415891528129578,
        0.07717399299144745,
        -0.5345762968063354,
        -0.3267553746700287,
        -0.1248597502708435,
        0.9907287359237671,
        -0.05354169383645058,
        -0.11045485734939575,
        0.525488018989563,
        0.11180717498064041,
        0.8434224724769592,
        0.3159523010253906
    ],
    [
        0.8423266410827637,
        0.07715403288602829,
        -0.5334165692329407,
        -0.33581504225730896,
        -0.1246861144900322,
        0.9907479286193848,
        -0.053590841591358185,
        -0.1158965677022934,
        0.5243465304374695,
        0.11165061593055725,
        0.8441532850265503,
        0.333915650844574
    ],
    [
        0.8449698686599731,
        0.07653126120567322,
        -0.5293098092079163,
        -0.3527950942516327,
        -0.12359696626663208,
        0.9908599853515625,
        -0.05404011160135269,
        -0.12205413728952408,
        0.5203361511230469,
        0.11108334362506866,
        0.846705973148346,
        0.3551257848739624
    ],
    [
        0.848293662071228,
        0.0758465826511383,
        -0.5240660309791565,
        -0.369191437959671,
        -0.12218374013900757,
        0.9910183548927307,
        -0.05434875562787056,
        -0.12657631933689117,
        0.5152369141578674,
        0.11013604700565338,
        0.8499418497085571,
        0.3698200285434723
    ],
    [
        0.8521695733070374,
        0.07519388943910599,
        -0.5178348422050476,
        -0.387088805437088,
        -0.12123294174671173,
        0.9910659790039062,
        -0.055594805628061295,
        -0.12928396463394165,
        0.5090280771255493,
        0.11015482991933823,
        0.8536722660064697,
        0.3840530216693878
    ],
    [
        0.858540952205658,
        0.07362178713083267,
        -0.5074318647384644,
        -0.4130231440067291,
        -0.11947491765022278,
        0.9911214113235474,
        -0.05834473296999931,
        -0.13110020756721497,
        0.49863120913505554,
        0.11071673035621643,
        0.8597142696380615,
        0.4053307771682739
    ],
    [
        0.8634425401687622,
        0.07252480834722519,
        -0.4992065727710724,
        -0.4295540452003479,
        -0.11818639934062958,
        0.9911512732505798,
        -0.060424093157052994,
        -0.13314683735370636,
        0.49040699005126953,
        0.11117216944694519,
        0.8643736243247986,
        0.41986820101737976
    ],
    [
        0.8684732913970947,
        0.07119723409414291,
        -0.4905967116355896,
        -0.44615158438682556,
        -0.1160835474729538,
        0.9913255572319031,
        -0.0616307258605957,
        -0.13670587539672852,
        0.4819530248641968,
        0.1104748398065567,
        0.869204580783844,
        0.4368431270122528
    ],
    [
        0.8767023682594299,
        0.06978722661733627,
        -0.47594407200813293,
        -0.47404855489730835,
        -0.11342891305685043,
        0.9915112853050232,
        -0.06355488300323486,
        -0.1394253820180893,
        0.4674685597419739,
        0.10970453917980194,
        0.8771762251853943,
        0.45629143714904785
    ],
    [
        0.8824940323829651,
        0.06834408640861511,
        -0.4653315842151642,
        -0.4927782714366913,
        -0.11044265329837799,
        0.9918339252471924,
        -0.06378032267093658,
        -0.144964799284935,
        0.45717257261276245,
        0.10767821222543716,
        0.8828355669975281,
        0.47201594710350037
    ],
    [
        0.8901699185371399,
        0.06649868935346603,
        -0.45074987411499023,
        -0.516949474811554,
        -0.10704164952039719,
        0.992125928401947,
        -0.06502538919448853,
        -0.15007536113262177,
        0.4428764879703522,
        0.10613264888525009,
        0.8902787566184998,
        0.4951130449771881
    ],
    [
        0.8952909708023071,
        0.06431932747364044,
        -0.44081413745880127,
        -0.5320677161216736,
        -0.10362667590379715,
        0.9924468398094177,
        -0.06565696001052856,
        -0.15425239503383636,
        0.43326154351234436,
        0.10446219146251678,
        0.8951939344406128,
        0.5134143233299255
    ],
    [
        0.9006688594818115,
        0.06239071115851402,
        -0.4300035238265991,
        -0.5482093691825867,
        -0.10056380182504654,
        0.9926987290382385,
        -0.066602922976017,
        -0.15817667543888092,
        0.4227086305618286,
        0.10322996973991394,
        0.9003672003746033,
        0.5323981046676636
    ],
    [
        0.9076326489448547,
        0.0594622902572155,
        -0.41553249955177307,
        -0.5686298608779907,
        -0.09597479552030563,
        0.993090808391571,
        -0.06752394139766693,
        -0.16468606889247894,
        0.4086464047431946,
        0.10116758197546005,
        0.9070684313774109,
        0.559305727481842
    ],
    [
        0.912790060043335,
        0.05703513324260712,
        -0.40442708134651184,
        -0.5833263397216797,
        -0.09224048256874084,
        0.9934059977531433,
        -0.06808926910161972,
        -0.17022933065891266,
        0.3978768587112427,
        0.09945576637983322,
        0.9120320081710815,
        0.5789692997932434
    ],
    [
        0.9183812737464905,
        0.054236460477113724,
        -0.391961932182312,
        -0.6000553965568542,
        -0.0880407989025116,
        0.9937396049499512,
        -0.06877733767032623,
        -0.17524787783622742,
        0.38577786087989807,
        0.0976724699139595,
        0.9174069762229919,
        0.5989197492599487
    ],
    [
        0.9268274903297424,
        0.05122119560837746,
        -0.37197744846343994,
        -0.6272297501564026,
        -0.08306063711643219,
        0.9940779209136963,
        -0.07007148861885071,
        -0.182350754737854,
        0.3661854565143585,
        0.09584085643291473,
        0.9255932569503784,
        0.6233733892440796
    ],
    [
        0.9335800409317017,
        0.048595674335956573,
        -0.355058878660202,
        -0.6505125761032104,
        -0.07887151092290878,
        0.9943323731422424,
        -0.07129133492708206,
        -0.18655595183372498,
        0.3495820462703705,
        0.09456019103527069,
        0.9321216344833374,
        0.643044650554657
    ],
    [
        0.9425732493400574,
        0.04469897225499153,
        -0.33099493384361267,
        -0.6823422312736511,
        -0.07292432337999344,
        0.9946367144584656,
        -0.07334635406732559,
        -0.19204182922840118,
        0.3259412348270416,
        0.0932718962430954,
        0.9407777190208435,
        0.6689865589141846
    ]
]