[
    [
        0.9894490838050842,
        -0.11156394332647324,
        0.09243358671665192,
        0.06199212372303009,
        0.09587553143501282,
        0.9825196266174316,
        0.15957175195217133,
        -0.32922470569610596,
        -0.10862026363611221,
        -0.14902600646018982,
        0.9828494191169739,
        -0.03911362960934639
    ],
    [
        0.9886075258255005,
        -0.11124919354915619,
        0.10138487815856934,
        0.0707426369190216,
        0.09416201710700989,
        0.9826096892356873,
        0.16003641486167908,
        -0.3296058475971222,
        -0.11742569506168365,
        -0.1486665904521942,
        0.9818907380104065,
        -0.03905854746699333
    ],
    [
        0.9876874685287476,
        -0.11106441915035248,
        0.1101728230714798,
        0.08000338822603226,
        0.09257538616657257,
        0.9826555848121643,
        0.16067945957183838,
        -0.3300800621509552,
        -0.12610770761966705,
        -0.14850179851055145,
        0.980838418006897,
        -0.0386616587638855
    ],
    [
        0.9866863489151001,
        -0.11055956035852432,
        0.11927542835474014,
        0.08840066939592361,
        0.09079357236623764,
        0.9829281568527222,
        0.16002731025218964,
        -0.3283584415912628,
        -0.13493172824382782,
        -0.14706732332706451,
        0.9798797965049744,
        -0.039252832531929016
    ],
    [
        0.9855625629425049,
        -0.11028477549552917,
        0.12846721708774567,
        0.09658835083246231,
        0.089170441031456,
        0.9831021428108215,
        0.1598709523677826,
        -0.3274082541465759,
        -0.14392775297164917,
        -0.14610731601715088,
        0.9787428379058838,
        -0.0393684022128582
    ],
    [
        0.9842881560325623,
        -0.10995234549045563,
        0.13815604150295258,
        0.10343113541603088,
        0.0874234065413475,
        0.9832853674888611,
        0.15970860421657562,
        -0.32686641812324524,
        -0.15340717136859894,
        -0.1451212614774704,
        0.9774486422538757,
        -0.0407349169254303
    ],
    [
        0.9821431040763855,
        -0.10955086350440979,
        0.1529495269060135,
        0.11288979649543762,
        0.08457991480827332,
        0.983295202255249,
        0.16117258369922638,
        -0.3288343846797943,
        -0.16805113852024078,
        -0.1453581005334854,
        0.9750024676322937,
        -0.042680587619543076
    ],
    [
        0.9804474115371704,
        -0.10898534208536148,
        0.1638442873954773,
        0.11718864738941193,
        0.08230233937501907,
        0.9834113717079163,
        0.16164308786392212,
        -0.32944151759147644,
        -0.17874306440353394,
        -0.14499780535697937,
        0.9731529951095581,
        -0.04374495521187782
    ],
    [
        0.978699803352356,
        -0.1084916740655899,
        0.17428790032863617,
        0.12206026166677475,
        0.08016771823167801,
        0.9835203886032104,
        0.16205166280269623,
        -0.33000215888023376,
        -0.18899700045585632,
        -0.1446276754140854,
        0.9712687134742737,
        -0.04504778981208801
    ],
    [
        0.9768696427345276,
        -0.10796322673559189,
        0.18457970023155212,
        0.12666583061218262,
        0.07812517881393433,
        0.9837073683738708,
        0.16191436350345612,
        -0.32981738448143005,
        -0.19905321300029755,
        -0.1437489241361618,
        0.9693886041641235,
        -0.04678859934210777
    ],
    [
        0.9749901294708252,
        -0.1075432226061821,
        0.19449587166309357,
        0.13195139169692993,
        0.07607334107160568,
        0.9837548732757568,
        0.16260191798210144,
        -0.3311174809932709,
        -0.20882293581962585,
        -0.14373931288719177,
        0.9673324227333069,
        -0.04820464551448822
    ],
    [
        0.9730727672576904,
        -0.10716435313224792,
        0.20407159626483917,
        0.137363463640213,
        0.07421425729990005,
        0.9838666915893555,
        0.16278387606143951,
        -0.33148694038391113,
        -0.21822386980056763,
        -0.14325553178787231,
        0.9653270244598389,
        -0.04991675540804863
    ],
    [
        0.970326840877533,
        -0.10652320832014084,
        0.21706870198249817,
        0.14669069647789001,
        0.07171086221933365,
        0.9841184020042419,
        0.16238398849964142,
        -0.3309924900531769,
        -0.2309189736843109,
        -0.14199934899806976,
        0.9625552892684937,
        -0.052071817219257355
    ],
    [
        0.968529462814331,
        -0.10587599128484726,
        0.22525721788406372,
        0.15269246697425842,
        0.06998845934867859,
        0.9843485355377197,
        0.16173948347568512,
        -0.33005964756011963,
        -0.23885592818260193,
        -0.14088405668735504,
        0.960780680179596,
        -0.05327574536204338
    ],
    [
        0.9668922424316406,
        -0.10595381259918213,
        0.23214899003505707,
        0.16034716367721558,
        0.06894281506538391,
        0.9843593835830688,
        0.16212153434753418,
        -0.3313286006450653,
        -0.24569545686244965,
        -0.14074905216693878,
        0.9590743184089661,
        -0.05466721951961517
    ],
    [
        0.9652896523475647,
        -0.1055169403553009,
        0.23891855776309967,
        0.16766475141048431,
        0.06737148761749268,
        0.9843966960906982,
        0.16255545616149902,
        -0.3324134647846222,
        -0.25234296917915344,
        -0.140816792845726,
        0.9573367834091187,
        -0.056158218532800674
    ],
    [
        0.9634816646575928,
        -0.10506395250558853,
        0.24630171060562134,
        0.17302601039409637,
        0.06569058448076248,
        0.9844430685043335,
        0.1629619300365448,
        -0.333813339471817,
        -0.2595914602279663,
        -0.14083115756511688,
        0.9553945660591125,
        -0.057115938514471054
    ],
    [
        0.9617432355880737,
        -0.10458798706531525,
        0.2532021701335907,
        0.17848363518714905,
        0.06421693414449692,
        0.9845717549324036,
        0.1627718061208725,
        -0.3338838815689087,
        -0.2663196325302124,
        -0.14028480648994446,
        0.953621506690979,
        -0.05810331553220749
    ],
    [
        0.9591806530952454,
        -0.10432986170053482,
        0.26284509897232056,
        0.18636511266231537,
        0.06259716302156448,
        0.9847317934036255,
        0.16243387758731842,
        -0.3342853784561157,
        -0.2757786214351654,
        -0.13935010135173798,
        0.9510666728019714,
        -0.05959591642022133
    ],
    [
        0.957632839679718,
        -0.10405849665403366,
        0.2685353755950928,
        0.1921166479587555,
        0.061505142599344254,
        0.9848247170448303,
        0.1622878909111023,
        -0.3346804678440094,
        -0.28134775161743164,
        -0.1388958841562271,
        0.9495006203651428,
        -0.06076136976480484
    ],
    [
        0.9559729695320129,
        -0.10382647067308426,
        0.2744739055633545,
        0.19647035002708435,
        0.06053028628230095,
        0.9849709272384644,
        0.1617666780948639,
        -0.33477339148521423,
        -0.2871444821357727,
        -0.13803055882453918,
        0.947890043258667,
        -0.061995573341846466
    ],
    [
        0.954296350479126,
        -0.10351190716028214,
        0.28036364912986755,
        0.20008425414562225,
        0.05942912399768829,
        0.9850949645042419,
        0.1614191234111786,
        -0.33501097559928894,
        -0.2928936779499054,
        -0.13737988471984863,
        0.9462240934371948,
        -0.06306078284978867
    ],
    [
        0.9528188109397888,
        -0.10338562726974487,
        0.2853905260562897,
        0.20485930144786835,
        0.05851200968027115,
        0.9851326942443848,
        0.16152335703372955,
        -0.3362988233566284,
        -0.2978467643260956,
        -0.13720369338989258,
        0.9447023272514343,
        -0.06436838954687119
    ],
    [
        0.9513839483261108,
        -0.10335111618041992,
        0.2901502251625061,
        0.20936715602874756,
        0.05778244137763977,
        0.985186755657196,
        0.16145724058151245,
        -0.3372560441493988,
        -0.3025389015674591,
        -0.13684223592281342,
        0.9432626366615295,
        -0.06596414744853973
    ],
    [
        0.949402928352356,
        -0.1030656024813652,
        0.2966674864292145,
        0.21582889556884766,
        0.0567951537668705,
        0.9853878617286682,
        0.1605774611234665,
        -0.3374444842338562,
        -0.3088825047016144,
        -0.1356034278869629,
        0.9413837194442749,
        -0.06814302504062653
    ]
]