[
    [
        0.9216554760932922,
        0.008329672738909721,
        -0.3879200220108032,
        0.7923972010612488,
        -0.012249117717146873,
        0.9998958110809326,
        -0.007632139604538679,
        0.07384628802537918,
        0.38781604170799255,
        0.011785882525146008,
        0.9216614961624146,
        1.4267264604568481
    ],
    [
        0.9195004105567932,
        0.008391188457608223,
        -0.39299941062927246,
        0.7904271483421326,
        -0.012322369031608105,
        0.9998959898948669,
        -0.007481197826564312,
        0.07330251485109329,
        0.3928959369659424,
        0.011721650138497353,
        0.9195082783699036,
        1.4358115196228027
    ],
    [
        0.9165262579917908,
        0.00856457743793726,
        -0.3998827636241913,
        0.7872933745384216,
        -0.01257710438221693,
        0.9998935461044312,
        -0.007411119528114796,
        0.07302550226449966,
        0.3997766971588135,
        0.011821852065622807,
        0.9165362119674683,
        1.4485353231430054
    ],
    [
        0.9136039614677429,
        0.008685437962412834,
        -0.4065125584602356,
        0.783444881439209,
        -0.01293993927538395,
        0.9998864531517029,
        -0.0077181304804980755,
        0.07348708808422089,
        0.40639933943748474,
        0.012311561964452267,
        0.9136126637458801,
        1.4601466655731201
    ],
    [
        0.9106743335723877,
        0.008869174867868423,
        -0.4130297601222992,
        0.779259204864502,
        -0.013390573672950268,
        0.9998778104782104,
        -0.008053557015955448,
        0.07409995794296265,
        0.4129079282283783,
        0.012864877469837666,
        0.9106820225715637,
        1.471276879310608
    ],
    [
        0.9084396958351135,
        0.009078853763639927,
        -0.4179173409938812,
        0.7756673693656921,
        -0.013934803195297718,
        0.9998661279678345,
        -0.008569372817873955,
        0.07510869204998016,
        0.41778358817100525,
        0.013608358800411224,
        0.9084447026252747,
        1.48012113571167
    ],
    [
        0.9053612351417542,
        0.009124943055212498,
        -0.4245443046092987,
        0.7710102200508118,
        -0.014169344678521156,
        0.9998615980148315,
        -0.008726307190954685,
        0.0755133256316185,
        0.4244057834148407,
        0.013915969990193844,
        0.9053651094436646,
        1.4918787479400635
    ],
    [
        0.9022952914237976,
        0.0092827919870615,
        -0.4310186207294464,
        0.766028642654419,
        -0.014561249874532223,
        0.9998539090156555,
        -0.00894881784915924,
        0.07589211314916611,
        0.4308725595474243,
        0.014350641518831253,
        0.902298629283905,
        1.5032784938812256
    ],
    [
        0.8991662263870239,
        0.009567971341311932,
        -0.4375026226043701,
        0.7607018947601318,
        -0.015042457729578018,
        0.9998458623886108,
        -0.009049477055668831,
        0.07608161866664886,
        0.4373486340045929,
        0.014718099497258663,
        0.8991715908050537,
        1.515639305114746
    ],
    [
        0.8967877626419067,
        0.00966245960444212,
        -0.44235551357269287,
        0.756894588470459,
        -0.015229624696075916,
        0.9998432993888855,
        -0.009035258553922176,
        0.07604453712701797,
        0.44219887256622314,
        0.01483961846679449,
        0.896794319152832,
        1.5246955156326294
    ],
    [
        0.8936511278152466,
        0.009836974553763866,
        -0.4486544132232666,
        0.751044750213623,
        -0.015571345575153828,
        0.9998373985290527,
        -0.009093793109059334,
        0.07596013695001602,
        0.4484920799732208,
        0.015112832188606262,
        0.8936590552330017,
        1.53672194480896
    ],
    [
        0.8904784917831421,
        0.010078994557261467,
        -0.45491358637809753,
        0.7448723316192627,
        -0.015978949144482613,
        0.9998307228088379,
        -0.009126181714236736,
        0.0759875550866127,
        0.4547446072101593,
        0.015395712107419968,
        0.890488862991333,
        1.5491927862167358
    ],
    [
        0.8872999548912048,
        0.010181717574596405,
        -0.46108031272888184,
        0.738614022731781,
        -0.016171211376786232,
        0.9998283386230469,
        -0.00904125813394785,
        0.07608532905578613,
        0.46090906858444214,
        0.015478536486625671,
        0.8873123526573181,
        1.5619056224822998
    ],
    [
        0.8849602341651917,
        0.010207810439169407,
        -0.46555450558662415,
        0.7339125871658325,
        -0.01622779294848442,
        0.9998284578323364,
        -0.00892458762973547,
        0.07564642280340195,
        0.4653836786746979,
        0.015452832914888859,
        0.8849742412567139,
        1.5709593296051025
    ],
    [
        0.8817318081855774,
        0.010414144024252892,
        -0.471636027097702,
        0.7275670766830444,
        -0.016598565503954887,
        0.9998220801353455,
        -0.008954361081123352,
        0.07605558633804321,
        0.4714590311050415,
        0.015723830088973045,
        0.881747841835022,
        1.583741307258606
    ],
    [
        0.8784844875335693,
        0.010343650355935097,
        -0.4776589274406433,
        0.721933126449585,
        -0.016442280262708664,
        0.9998279809951782,
        -0.008588597178459167,
        0.0751655250787735,
        0.47748780250549316,
        0.015398752875626087,
        0.8785035014152527,
        1.595848798751831
    ],
    [
        0.8753481507301331,
        0.010443538427352905,
        -0.48338043689727783,
        0.715076208114624,
        -0.016700442880392075,
        0.9998231530189514,
        -0.008641241118311882,
        0.075517438352108,
        0.48320472240448,
        0.015636762604117393,
        0.8753678202629089,
        1.6079496145248413
    ],
    [
        0.8729116916656494,
        0.010487964376807213,
        -0.48776543140411377,
        0.7106850743293762,
        -0.017109394073486328,
        0.9998120665550232,
        -0.009121180512011051,
        0.07694574445486069,
        0.48757803440093994,
        0.016307353973388672,
        0.8729270100593567,
        1.6177328824996948
    ],
    [
        0.8698704242706299,
        0.010591075755655766,
        -0.4931667149066925,
        0.703506350517273,
        -0.017595376819372177,
        0.9997995495796204,
        -0.009564214386045933,
        0.07826068252325058,
        0.4929664433002472,
        0.0169970840215683,
        0.8698822855949402,
        1.6299378871917725
    ],
    [
        0.8669849634170532,
        0.01072361133992672,
        -0.4982188940048218,
        0.6965476870536804,
        -0.01794464886188507,
        0.9997918605804443,
        -0.009707314893603325,
        0.07869178056716919,
        0.4980110824108124,
        0.017356466501951218,
        0.8669970035552979,
        1.6421082019805908
    ],
    [
        0.8642492294311523,
        0.010818646289408207,
        -0.5029473900794983,
        0.6891388297080994,
        -0.018278414383530617,
        0.9997839331626892,
        -0.009903221391141415,
        0.07904839515686035,
        0.5027316212654114,
        0.01775192841887474,
        0.8642601370811462,
        1.6540734767913818
    ],
    [
        0.8623225092887878,
        0.01081422995775938,
        -0.506243884563446,
        0.6834709048271179,
        -0.018476447090506554,
        0.9997780919075012,
        -0.010115314275026321,
        0.07950849831104279,
        0.5060221552848816,
        0.018076250329613686,
        0.8623310327529907,
        1.6630882024765015
    ],
    [
        0.8599005341529846,
        0.01112027931958437,
        -0.5103405117988586,
        0.675425112247467,
        -0.018909361213445663,
        0.99977046251297,
        -0.010076504200696945,
        0.07882801443338394,
        0.5101112127304077,
        0.018315007910132408,
        0.8599134683609009,
        1.673909306526184
    ],
    [
        0.8575354814529419,
        0.011160299181938171,
        -0.5143036842346191,
        0.6672530174255371,
        -0.019022420048713684,
        0.999768853187561,
        -0.010022635571658611,
        0.07837814092636108,
        0.5140728950500488,
        0.018378064036369324,
        0.8575495481491089,
        1.6848446130752563
    ],
    [
        0.8552788496017456,
        0.011257174424827099,
        -0.5180458426475525,
        0.6588351130485535,
        -0.019127311185002327,
        0.9997685551643372,
        -0.009853590279817581,
        0.07719067484140396,
        0.5178148150444031,
        0.018336381763219833,
        0.8552960753440857,
        1.695292592048645
    ]
]