[
    [
        0.9999929666519165,
        0.003744673216715455,
        0.00022602312674280256,
        0.008883196860551834,
        -0.0037513752467930317,
        0.9976770877838135,
        0.06801637262105942,
        0.09006981551647186,
        2.920121551142074e-05,
        -0.06801675260066986,
        0.997684121131897,
        0.06158827617764473
    ],
    [
        0.9999922513961792,
        0.00393159594386816,
        0.0004198233364149928,
        0.0088684456422925,
        -0.003951973281800747,
        0.9971969127655029,
        0.07471762597560883,
        0.09916042536497116,
        -0.00012488670472521335,
        -0.07471870630979538,
        0.997204601764679,
        0.06931550800800323
    ],
    [
        0.9999895095825195,
        0.0045587909407913685,
        0.0005637144786305726,
        0.009795242920517921,
        -0.004590335767716169,
        0.9963076114654541,
        0.08573195338249207,
        0.11506235599517822,
        -0.00017079942335840315,
        -0.08573364466428757,
        0.996317982673645,
        0.08092513680458069
    ],
    [
        0.9999905228614807,
        0.004305895417928696,
        0.000772854604292661,
        0.011215831153094769,
        -0.004360695835202932,
        0.995236873626709,
        0.09738841652870178,
        0.13175155222415924,
        -0.0003498294099699706,
        -0.09739085286855698,
        0.9952461123466492,
        0.09295358508825302
    ],
    [
        0.9999903440475464,
        0.0043105571530759335,
        0.0008799443021416664,
        0.012446379289031029,
        -0.004380346275866032,
        0.9941499829292297,
        0.10791891813278198,
        0.14965756237506866,
        -0.00040960568003356457,
        -0.10792172700166702,
        0.9941593408584595,
        0.10368504375219345
    ],
    [
        0.9999883770942688,
        0.004708433989435434,
        0.0010549616999924183,
        0.01294313557446003,
        -0.00480135902762413,
        0.9926740527153015,
        0.12072741240262985,
        0.16746099293231964,
        -0.0004787954385392368,
        -0.12073108553886414,
        0.9926851987838745,
        0.11671779304742813
    ],
    [
        0.9999839663505554,
        0.0053764162585139275,
        0.0018302310490980744,
        0.011856256052851677,
        -0.005571558140218258,
        0.9911631345748901,
        0.13253095746040344,
        0.18366548418998718,
        -0.0011015164200216532,
        -0.13253900408744812,
        0.9911772012710571,
        0.12759755551815033
    ],
    [
        0.9999803900718689,
        0.00584389828145504,
        0.0022973446175456047,
        0.011282841674983501,
        -0.006115327123552561,
        0.989406168460846,
        0.14504462480545044,
        0.2003413736820221,
        -0.0014253815170377493,
        -0.14505581557750702,
        0.9894223809242249,
        0.13924890756607056
    ],
    [
        0.99997478723526,
        0.006473645567893982,
        0.0029613575898110867,
        0.010473602451384068,
        -0.006859026849269867,
        0.9875163435935974,
        0.15736740827560425,
        0.21796050667762756,
        -0.0019056486198678613,
        -0.15738371014595032,
        0.9875356554985046,
        0.14980381727218628
    ],
    [
        0.9999715089797974,
        0.006750744301825762,
        0.003404587972909212,
        0.00941381137818098,
        -0.007218648213893175,
        0.9863662719726562,
        0.16440623998641968,
        0.22978730499744415,
        -0.002248305594548583,
        -0.16442611813545227,
        0.9863868951797485,
        0.15642186999320984
    ],
    [
        0.9999698400497437,
        0.006668468937277794,
        0.003991258330643177,
        0.008283552713692188,
        -0.007267491426318884,
        0.9843240976333618,
        0.1762191504240036,
        0.24875323474407196,
        -0.002753579756245017,
        -0.17624282836914062,
        0.9843428134918213,
        0.16719001531600952
    ],
    [
        0.9999647736549377,
        0.006843094248324633,
        0.004870143253356218,
        0.005695690866559744,
        -0.0076387794688344,
        0.9820288419723511,
        0.18857647478580475,
        0.2675001621246338,
        -0.0034921744372695684,
        -0.18860703706741333,
        0.9820465445518494,
        0.17776675522327423
    ],
    [
        0.999957263469696,
        0.007194523233920336,
        0.005822894163429737,
        0.0024352120235562325,
        -0.008216148242354393,
        0.9796532988548279,
        0.20052891969680786,
        0.28476229310035706,
        -0.00426170788705349,
        -0.20056816935539246,
        0.979670524597168,
        0.18761572241783142
    ],
    [
        0.9999536871910095,
        0.007069376762956381,
        0.006544398609548807,
        0.0001048225603881292,
        -0.008298168890178204,
        0.9771506786346436,
        0.21238547563552856,
        0.30476507544517517,
        -0.004893430974334478,
        -0.212429940700531,
        0.977164089679718,
        0.19677264988422394
    ],
    [
        0.9999494552612305,
        0.007144819479435682,
        0.007074959576129913,
        -0.001553061418235302,
        -0.008540347218513489,
        0.9748831987380981,
        0.22255270183086395,
        0.32325658202171326,
        -0.005307161249220371,
        -0.22260187566280365,
        0.9748950004577637,
        0.2048545628786087
    ],
    [
        0.9999474287033081,
        0.0069149695336818695,
        0.007582913152873516,
        -0.002684864215552807,
        -0.008493836037814617,
        0.9723514318466187,
        0.23336808383464813,
        0.34401044249534607,
        -0.0057595232501626015,
        -0.2334202080965042,
        0.9723588824272156,
        0.21313756704330444
    ],
    [
        0.9999492168426514,
        0.006265546195209026,
        0.007897668518126011,
        -0.0026819200720638037,
        -0.008006744086742401,
        0.9696089029312134,
        0.2445288449525833,
        0.36451098322868347,
        -0.006125545594841242,
        -0.24457968771457672,
        0.9696098566055298,
        0.22117269039154053
    ],
    [
        0.9999487400054932,
        0.006089184898883104,
        0.008098687045276165,
        -0.002881169319152832,
        -0.007926126010715961,
        0.9679985642433167,
        0.2508302927017212,
        0.37703627347946167,
        -0.006312165409326553,
        -0.2508816123008728,
        0.967997133731842,
        0.22612200677394867
    ],
    [
        0.9999509453773499,
        0.005290559027343988,
        0.008385991677641869,
        -0.0020369351841509342,
        -0.007296058349311352,
        0.9653143286705017,
        0.26098835468292236,
        0.3997596800327301,
        -0.006714343558996916,
        -0.2610367238521576,
        0.965305507183075,
        0.2336951345205307
    ],
    [
        0.9999541640281677,
        0.004611494485288858,
        0.008394601754844189,
        -0.0004492085427045822,
        -0.00671378942206502,
        0.9625669717788696,
        0.2709609866142273,
        0.42465686798095703,
        -0.006830830592662096,
        -0.27100491523742676,
        0.9625536799430847,
        0.23980779945850372
    ],
    [
        0.9999526143074036,
        0.004671268630772829,
        0.008543088100850582,
        0.0006281784735620022,
        -0.006878263782709837,
        0.959911584854126,
        0.2802186906337738,
        0.45108070969581604,
        -0.00689163152128458,
        -0.28026413917541504,
        0.9598982334136963,
        0.24724438786506653
    ],
    [
        0.9999509453773499,
        0.003937374800443649,
        0.009085065685212612,
        -8.84622277226299e-05,
        -0.0063960556872189045,
        0.9572740793228149,
        0.28911131620407104,
        0.47937753796577454,
        -0.007558557670563459,
        -0.2891552746295929,
        0.9572523236274719,
        0.2523130178451538
    ],
    [
        0.9999457597732544,
        0.004031365737318993,
        0.009603944607079029,
        -0.0009341530385427177,
        -0.006700380705296993,
        0.9549180269241333,
        0.2967940866947174,
        0.5057164430618286,
        -0.007974494248628616,
        -0.2968423664569855,
        0.9548932313919067,
        0.2575180232524872
    ],
    [
        0.9999415874481201,
        0.0038119913078844547,
        0.010122224688529968,
        -0.001552812522277236,
        -0.006718842312693596,
        0.9522961974143982,
        0.3051012456417084,
        0.5346582531929016,
        -0.008476313203573227,
        -0.30515140295028687,
        0.9522661566734314,
        0.2610112130641937
    ],
    [
        0.9999293684959412,
        0.0034722136333584785,
        0.011363745667040348,
        -0.004276035353541374,
        -0.006861220113933086,
        0.949527382850647,
        0.3136090636253357,
        0.5621188879013062,
        -0.00970127061009407,
        -0.31366488337516785,
        0.9494841694831848,
        0.26270851492881775
    ]
]