[
    [
        0.998067319393158,
        0.06181267648935318,
        -0.006382583174854517,
        0.9601038694381714,
        -0.06205311045050621,
        0.996850311756134,
        -0.04938305541872978,
        -0.06758270412683487,
        0.0033099818974733353,
        0.04968367516994476,
        0.9987595081329346,
        0.683401346206665
    ],
    [
        0.9978814721107483,
        0.06219252198934555,
        -0.019091228023171425,
        1.1076685190200806,
        -0.06303929537534714,
        0.9968788027763367,
        -0.04752694442868233,
        -0.09789953380823135,
        0.016075802966952324,
        0.0486297607421875,
        0.9986875057220459,
        0.8725281357765198
    ],
    [
        0.9924690127372742,
        0.06712480634450912,
        -0.1024668961763382,
        1.2685041427612305,
        -0.0719669908285141,
        0.996422290802002,
        -0.044310424476861954,
        -0.14326603710651398,
        0.09912607073783875,
        0.05135096237063408,
        0.9937490224838257,
        1.0736587047576904
    ],
    [
        0.9709048867225647,
        0.07837800681591034,
        -0.22627578675746918,
        1.3545655012130737,
        -0.08796554803848267,
        0.995590329170227,
        -0.03258761391043663,
        -0.1502443104982376,
        0.22272393107414246,
        0.0515439510345459,
        0.9735180139541626,
        1.3067647218704224
    ],
    [
        0.9487013220787048,
        0.08727525174617767,
        -0.3038894832134247,
        1.3579550981521606,
        -0.09877299517393112,
        0.9948524236679077,
        -0.022640112787485123,
        -0.12904681265354156,
        0.30034929513931274,
        0.0514947883784771,
        0.9524382948875427,
        1.594628095626831
    ],
    [
        0.916571855545044,
        0.09561169892549515,
        -0.3882710933685303,
        1.2954415082931519,
        -0.10869044065475464,
        0.9940055012702942,
        -0.011806312948465347,
        -0.13709641993045807,
        0.3848147690296173,
        0.05302269384264946,
        0.921469509601593,
        1.9114583730697632
    ],
    [
        0.8893883228302002,
        0.10248579829931259,
        -0.4455166459083557,
        1.205265998840332,
        -0.11606289446353912,
        0.9932366609573364,
        -0.003214976517483592,
        -0.12014724314212799,
        0.4421739876270294,
        0.054567307233810425,
        0.8952677845954895,
        2.195369005203247
    ],
    [
        0.8556264042854309,
        0.10775178670883179,
        -0.5062537789344788,
        1.0804623365402222,
        -0.12226668000221252,
        0.9924867153167725,
        0.004597685765475035,
        -0.1378098726272583,
        0.502945601940155,
        0.057964079082012177,
        0.8623722791671753,
        2.5553455352783203
    ],
    [
        0.8256759643554688,
        0.11254158616065979,
        -0.5528051853179932,
        0.9370230436325073,
        -0.12727029621601105,
        0.991797685623169,
        0.01182052493095398,
        -0.15286292135715485,
        0.549601137638092,
        0.060595739632844925,
        0.8332266807556152,
        2.8511741161346436
    ],
    [
        0.8043229579925537,
        0.11804027110338211,
        -0.5823497176170349,
        0.6960328221321106,
        -0.13153919577598572,
        0.9911245703697205,
        0.0192197784781456,
        -0.132530078291893,
        0.5794497728347778,
        0.06114288046956062,
        0.8127111196517944,
        3.194692373275757
    ],
    [
        0.7965407967567444,
        0.11943266540765762,
        -0.5926705598831177,
        0.46201542019844055,
        -0.13363170623779297,
        0.9908277988433838,
        0.02006862312555313,
        -0.135353222489357,
        0.5896314978599548,
        0.06321411579847336,
        0.8051948547363281,
        3.4900600910186768
    ],
    [
        0.7958842515945435,
        0.11882749199867249,
        -0.593673586845398,
        0.2245216816663742,
        -0.1341799646615982,
        0.9907855987548828,
        0.018429066985845566,
        -0.08865443617105484,
        0.5903930068016052,
        0.06499169021844864,
        0.8044949173927307,
        3.833676338195801
    ],
    [
        0.7963690161705017,
        0.11875174194574356,
        -0.5930382609367371,
        0.021007411181926727,
        -0.13376443088054657,
        0.9908351898193359,
        0.01878051832318306,
        -0.06336627900600433,
        0.5898334383964539,
        0.06437122076749802,
        0.8049553036689758,
        4.164516448974609
    ],
    [
        0.79752516746521,
        0.11882832646369934,
        -0.5914673209190369,
        -0.17131048440933228,
        -0.13398203253746033,
        0.9908129572868347,
        0.018399368971586227,
        -0.02781609818339348,
        0.5882197022438049,
        0.06457202136516571,
        0.8061189651489258,
        4.455417156219482
    ],
    [
        0.8090447783470154,
        0.11770966649055481,
        -0.5758394002914429,
        -0.4215322434902191,
        -0.13353782892227173,
        0.9909310936927795,
        0.014941797591745853,
        0.015156207606196404,
        0.5723758339881897,
        0.06480773538351059,
        0.8174264430999756,
        4.765354633331299
    ],
    [
        0.8371097445487976,
        0.11490073800086975,
        -0.5348320007324219,
        -0.6060757637023926,
        -0.13051985204219818,
        0.991407573223114,
        0.008701837621629238,
        0.01821107044816017,
        0.5312361121177673,
        0.0625217854976654,
        0.84491366147995,
        5.036574363708496
    ],
    [
        0.8756604194641113,
        0.10813626646995544,
        -0.47066470980644226,
        -0.779731273651123,
        -0.1229911521077156,
        0.9924073219299316,
        -0.0008142779697664082,
        0.051778629422187805,
        0.4670032262802124,
        0.05860061198472977,
        0.8823118209838867,
        5.360690116882324
    ],
    [
        0.9060673713684082,
        0.10231541097164154,
        -0.41057708859443665,
        -0.8984254002571106,
        -0.11671791970729828,
        0.9931138753890991,
        -0.010091791860759258,
        0.03718089312314987,
        0.4067174196243286,
        0.057065512984991074,
        0.9117701053619385,
        5.641872406005859
    ],
    [
        0.9365603923797607,
        0.09523192048072815,
        -0.3373205363750458,
        -1.0002573728561401,
        -0.10814224928617477,
        0.9939412474632263,
        -0.0196454506367445,
        0.04059885814785957,
        0.3334064781665802,
        0.054877735674381256,
        0.9411846399307251,
        5.960780620574951
    ],
    [
        0.9562970399856567,
        0.0893050953745842,
        -0.27842530608177185,
        -1.064658284187317,
        -0.10091479122638702,
        0.9945117235183716,
        -0.027618002146482468,
        0.008588269352912903,
        0.2744308114051819,
        0.05450824648141861,
        0.960060715675354,
        6.259180545806885
    ],
    [
        0.9690338373184204,
        0.08395455777645111,
        -0.2322174310684204,
        -1.0858469009399414,
        -0.0938364565372467,
        0.9950789213180542,
        -0.03182052820920944,
        -0.02382681891322136,
        0.228403240442276,
        0.0526256337761879,
        0.9721431136131287,
        6.585951328277588
    ],
    [
        0.9760139584541321,
        0.07914812862873077,
        -0.20281125605106354,
        -1.0636390447616577,
        -0.08820521831512451,
        0.9954515099525452,
        -0.036000918596982956,
        -0.07384955883026123,
        0.19903935492038727,
        0.05302640423178673,
        0.9785557985305786,
        6.916174411773682
    ],
    [
        0.9789506793022156,
        0.07837679237127304,
        -0.18844793736934662,
        -1.0357972383499146,
        -0.08689617365598679,
        0.9955162405967712,
        -0.037366800010204315,
        -0.14595115184783936,
        0.18467429280281067,
        0.052955664694309235,
        0.981372058391571,
        7.256972789764404
    ],
    [
        0.9811427593231201,
        0.07746320217847824,
        -0.17708276212215424,
        -1.0094295740127563,
        -0.08548193424940109,
        0.9956109523773193,
        -0.0380995087325573,
        -0.19269320368766785,
        0.17335422337055206,
        0.05251843109726906,
        0.9834582805633545,
        7.574867248535156
    ],
    [
        0.982896625995636,
        0.07696269452571869,
        -0.16730505228042603,
        -0.9987925887107849,
        -0.08463399857282639,
        0.9956405162811279,
        -0.03920561447739601,
        -0.2649346590042114,
        0.16355828940868378,
        0.052694760262966156,
        0.9851253628730774,
        7.892816066741943
    ]
]