[
    [
        0.999999463558197,
        -0.0005800971994176507,
        0.0007918134215287864,
        -0.0018676798790693283,
        0.0005803118692710996,
        0.9999998211860657,
        -0.000271082652034238,
        -0.26317882537841797,
        -0.0007916565518826246,
        0.000271541386609897,
        0.9999996423721313,
        -7.93002182035707e-05
    ],
    [
        0.9999996423721313,
        -0.0005414520273916423,
        0.0006235723849385977,
        -0.0016246199375018477,
        0.0005420380039140582,
        0.999999463558197,
        -0.0009399293921887875,
        -0.38508179783821106,
        -0.0006230638246051967,
        0.0009402667637914419,
        0.9999994039535522,
        -0.00037283971323631704
    ],
    [
        0.9999995827674866,
        -0.0005962777649983764,
        0.0007434078142978251,
        -0.0018356883665546775,
        0.0005974913365207613,
        0.9999985098838806,
        -0.0016329026548191905,
        -0.5284302234649658,
        -0.0007424322539009154,
        0.0016333465464413166,
        0.9999984502792358,
        -0.0006340935942716897
    ],
    [
        0.9999995231628418,
        -0.0006287329597398639,
        0.0007304953178390861,
        -0.0014413058524951339,
        0.0006302209803834558,
        0.9999977350234985,
        -0.0020385326351970434,
        -0.7186006903648376,
        -0.0007292116642929614,
        0.00203899247571826,
        0.999997615814209,
        -0.0012307731667533517
    ],
    [
        0.9999995231628418,
        -0.0006606387323699892,
        0.0007304755272343755,
        -0.0015119669260457158,
        0.0006628333358094096,
        0.9999953508377075,
        -0.003007789608091116,
        -0.8967307806015015,
        -0.0007284854655154049,
        0.003008273197337985,
        0.999995231628418,
        -0.0018146464135497808
    ],
    [
        0.9999995827674866,
        -0.0007189922034740448,
        0.0005898676463402808,
        -0.001080342335626483,
        0.0007214059005491436,
        0.9999912977218628,
        -0.004102291073650122,
        -1.0681904554367065,
        -0.000586912443395704,
        0.004102715291082859,
        0.9999913573265076,
        -0.0026476415805518627
    ],
    [
        0.999999463558197,
        -0.0008290561963804066,
        0.0006586328963749111,
        -0.001088842866010964,
        0.000832779798656702,
        0.999983549118042,
        -0.005673899780958891,
        -1.2526713609695435,
        -0.000653918250463903,
        0.005674444604665041,
        0.9999837279319763,
        -0.003754081903025508
    ],
    [
        0.9999995827674866,
        -0.0008470296743325889,
        0.0005582676967605948,
        -0.0013504269300028682,
        0.0008509235922247171,
        0.9999750852584839,
        -0.007011230569332838,
        -1.4168542623519897,
        -0.0005523143918253481,
        0.007011702749878168,
        0.9999752640724182,
        -0.004713009111583233
    ],
    [
        0.9999995231628418,
        -0.0009508277289569378,
        0.00040422112215310335,
        -0.0008654129924252629,
        0.0009542094194330275,
        0.9999638199806213,
        -0.008448942564427853,
        -1.5849788188934326,
        -0.00039617286529392004,
        0.00844932347536087,
        0.99996417760849,
        -0.006165110971778631
    ],
    [
        0.9999994039535522,
        -0.0009834165684878826,
        0.00047419496695511043,
        -0.0006957467412576079,
        0.0009877904085442424,
        0.9999561905860901,
        -0.00931464321911335,
        -1.788206696510315,
        -0.00046501404722221196,
        0.009315106086432934,
        0.999956488609314,
        -0.008077031932771206
    ],
    [
        0.9999991655349731,
        -0.001051767379976809,
        0.0007401753100566566,
        -0.001191172283142805,
        0.0010591697646304965,
        0.9999486804008484,
        -0.010072954930365086,
        -1.9745365381240845,
        -0.0007295436807908118,
        0.010073729790747166,
        0.9999489784240723,
        -0.009954535402357578
    ],
    [
        0.9999991655349731,
        -0.001145926769822836,
        0.0006895707338117063,
        -0.0008616223931312561,
        0.00115376734174788,
        0.9999334812164307,
        -0.01148049347102642,
        -2.158139228820801,
        -0.0006763693527318537,
        0.011481278575956821,
        0.9999338388442993,
        -0.011961349286139011
    ],
    [
        0.9999992847442627,
        -0.0010063478257507086,
        0.0006559371249750257,
        -0.0006376177771016955,
        0.001014932058751583,
        0.9999121427536011,
        -0.013220550492405891,
        -2.369694948196411,
        -0.0006425749161280692,
        0.01322120614349842,
        0.9999123811721802,
        -0.014572597108781338
    ],
    [
        0.999999463558197,
        -0.0009152655256912112,
        0.0006598459440283477,
        -0.0002705659717321396,
        0.0009248426649719477,
        0.9998921751976013,
        -0.014662141911685467,
        -2.555168867111206,
        -0.0006463550380431116,
        0.014662742614746094,
        0.9998922348022461,
        -0.01732386089861393
    ],
    [
        0.9999995827674866,
        -0.0005583320162259042,
        0.0007259611738845706,
        -0.0010036920430138707,
        0.000569415045902133,
        0.9998819828033447,
        -0.01535713765770197,
        -2.7369494438171387,
        -0.0007173009216785431,
        0.015357543714344501,
        0.9998818635940552,
        -0.020271480083465576
    ],
    [
        0.9999998211860657,
        -0.000305672874674201,
        0.0006706679123453796,
        -0.0014496034709736705,
        0.0003172241849824786,
        0.9998504519462585,
        -0.017291419208049774,
        -2.931159257888794,
        -0.0006652823067270219,
        0.017291629686951637,
        0.9998502731323242,
        -0.023597819730639458
    ],
    [
        0.9999998807907104,
        -0.00012260119547136128,
        0.0006220463546924293,
        -0.002503542462363839,
        0.00013405880599748343,
        0.9998297095298767,
        -0.01845305785536766,
        -3.098339557647705,
        -0.0006196778267621994,
        0.018453139811754227,
        0.9998295307159424,
        -0.02639748528599739
    ],
    [
        0.9999998211860657,
        2.4690607460797764e-05,
        0.0007506432011723518,
        -0.0039264606311917305,
        -1.0038393156719394e-05,
        0.9998096227645874,
        -0.019513815641403198,
        -3.2571871280670166,
        -0.0007509819697588682,
        0.019513800740242004,
        0.9998092651367188,
        -0.02950485609471798
    ],
    [
        0.999999463558197,
        -4.9309655878460035e-05,
        0.000999347073957324,
        -0.005716811399906874,
        7.013142021605745e-05,
        0.9997826814651489,
        -0.02084571123123169,
        -3.4315667152404785,
        -0.0009981018956750631,
        0.020845768973231316,
        0.9997822046279907,
        -0.032963529229164124
    ],
    [
        0.9999995231628418,
        6.21471626800485e-05,
        0.001020965981297195,
        -0.007298392243683338,
        -3.936278881155886e-05,
        0.9997512698173523,
        -0.022301215678453445,
        -3.570971965789795,
        -0.001022098120301962,
        0.022301163524389267,
        0.9997507929801941,
        -0.03583987057209015
    ],
    [
        0.9999988079071045,
        0.00016959944332484156,
        0.0015482257585972548,
        -0.01006786897778511,
        -0.00013243047578725964,
        0.9997124671936035,
        -0.023975800722837448,
        -3.708003044128418,
        -0.0015518461586907506,
        0.023975569754838943,
        0.9997113347053528,
        -0.03891155496239662
    ],
    [
        0.9999983310699463,
        0.0004928347188979387,
        0.0017489359015598893,
        -0.01348623726516962,
        -0.0004501954244915396,
        0.9997047185897827,
        -0.02429753541946411,
        -3.86248779296875,
        -0.0017603931482881308,
        0.024296704679727554,
        0.9997032880783081,
        -0.042166102677583694
    ],
    [
        0.999997615814209,
        0.0010325646726414561,
        0.0019543853122740984,
        -0.017359627410769463,
        -0.0009843395091593266,
        0.9996988773345947,
        -0.024517711251974106,
        -4.001612663269043,
        -0.001979113556444645,
        0.024515729397535324,
        0.9996974468231201,
        -0.04514318332076073
    ],
    [
        0.9999963045120239,
        0.0016037505120038986,
        0.002192375250160694,
        -0.0221384409815073,
        -0.0015495686093345284,
        0.9996987581253052,
        -0.024496253579854965,
        -4.140718936920166,
        -0.0022310002241283655,
        0.024492768570780754,
        0.9996974468231201,
        -0.048155102878808975
    ],
    [
        0.9999948143959045,
        0.0022442417684942484,
        0.0023304643109440804,
        -0.027420131489634514,
        -0.0021871880162507296,
        0.9997047185897827,
        -0.024202357977628708,
        -4.291775703430176,
        -0.0023840931244194508,
        0.024197135120630264,
        0.9997043609619141,
        -0.051576144993305206
    ]
]