[
    [
        0.9859355092048645,
        0.01461363211274147,
        -0.16648587584495544,
        0.11682936549186707,
        -0.015242564491927624,
        0.9998807311058044,
        -0.002500491449609399,
        -0.01931244507431984,
        0.16642947494983673,
        0.005002995952963829,
        0.9860407114028931,
        0.17768749594688416
    ],
    [
        0.9681136608123779,
        0.017377296462655067,
        -0.24990801513195038,
        0.1510847955942154,
        -0.018321579322218895,
        0.9998310208320618,
        -0.001452574972063303,
        -0.026905959472060204,
        0.24984054267406464,
        0.005984967108815908,
        0.9682683944702148,
        0.2801356315612793
    ],
    [
        0.9338750839233398,
        0.021153217181563377,
        -0.3569732904434204,
        0.1825176626443863,
        -0.022751053795218468,
        0.9997411370277405,
        -0.000277051905868575,
        -0.026073722168803215,
        0.3568750321865082,
        0.008380250073969364,
        0.9341146349906921,
        0.42713117599487305
    ],
    [
        0.894321620464325,
        0.024218957871198654,
        -0.44676879048347473,
        0.20169885456562042,
        -0.027136143296957016,
        0.9996316432952881,
        -0.00013071626017335802,
        -0.024851355701684952,
        0.44660112261772156,
        0.012240484356880188,
        0.8946493268013,
        0.5678287148475647
    ],
    [
        0.8664534687995911,
        0.026241125538945198,
        -0.4985678195953369,
        0.15605705976486206,
        -0.029323019087314606,
        0.9995685815811157,
        0.0016502814833074808,
        -0.009768042713403702,
        0.49839600920677185,
        0.013189620338380337,
        0.8668491840362549,
        0.7169123888015747
    ],
    [
        0.8624250888824463,
        0.027067115530371666,
        -0.5054605007171631,
        0.04443994536995888,
        -0.029757659882307053,
        0.9995533227920532,
        0.002752484753727913,
        -0.00038623245200142264,
        0.5053092837333679,
        0.012667509727180004,
        0.8628453016281128,
        0.8718855977058411
    ],
    [
        0.861985445022583,
        0.0279648806899786,
        -0.5061609745025635,
        -0.10480383038520813,
        -0.029581507667899132,
        0.9995505809783936,
        0.004847238305956125,
        0.003714317688718438,
        0.5060690641403198,
        0.01079475786536932,
        0.8624253273010254,
        1.0435466766357422
    ],
    [
        0.8618016242980957,
        0.026890689507126808,
        -0.5065322518348694,
        -0.24683541059494019,
        -0.0278225876390934,
        0.9995964169502258,
        0.005729717668145895,
        0.027235951274633408,
        0.506481945514679,
        0.009155158884823322,
        0.8622018694877625,
        1.2338789701461792
    ],
    [
        0.8719968795776367,
        0.02651214599609375,
        -0.48879292607307434,
        -0.3745562434196472,
        -0.02691330760717392,
        0.9996184706687927,
        0.0062065450474619865,
        0.028853876516222954,
        0.48877108097076416,
        0.007742945104837418,
        0.8723777532577515,
        1.4131077527999878
    ],
    [
        0.9107283353805542,
        0.023510582745075226,
        -0.4123363196849823,
        -0.5122188925743103,
        -0.02280961163341999,
        0.9997179508209229,
        0.006622236222028732,
        0.035432662814855576,
        0.41237568855285645,
        0.003374174004420638,
        0.9110077023506165,
        1.5939851999282837
    ],
    [
        0.945473313331604,
        0.019325170665979385,
        -0.3251255452632904,
        -0.6876242756843567,
        -0.017693260684609413,
        0.9998116493225098,
        0.007975446991622448,
        0.026137353852391243,
        0.32521843910217285,
        -0.0017880408558994532,
        0.9456371068954468,
        1.7738350629806519
    ],
    [
        0.9698778986930847,
        0.014159890823066235,
        -0.24317964911460876,
        -0.8385118842124939,
        -0.012309432029724121,
        0.9998825192451477,
        0.009127340279519558,
        0.024256344884634018,
        0.2432803064584732,
        -0.005859002936631441,
        0.9699382185935974,
        1.9861037731170654
    ],
    [
        0.9873260855674744,
        0.008949910290539265,
        -0.1584516167640686,
        -0.9370132088661194,
        -0.007344088051468134,
        0.9999156594276428,
        0.010717108845710754,
        0.02529512159526348,
        0.1585341840982437,
        -0.009417599067091942,
        0.9873085618019104,
        2.242992401123047
    ],
    [
        0.9981738328933716,
        0.0043304720893502235,
        -0.060252588242292404,
        -1.0022488832473755,
        -0.0035764467902481556,
        0.9999141097068787,
        0.01261663343757391,
        0.0037581752985715866,
        0.060302041471004486,
        -0.012378104031085968,
        0.9981034398078918,
        2.4427573680877686
    ],
    [
        0.9974110126495361,
        -0.0027250642888247967,
        0.07185941934585571,
        -1.1010947227478027,
        0.0016023849602788687,
        0.9998757839202881,
        0.015676239505410194,
        -0.023100849241018295,
        -0.0718933641910553,
        -0.015520505607128143,
        0.9972915053367615,
        2.679309844970703
    ],
    [
        0.9794018268585205,
        -0.009840277023613453,
        0.20168110728263855,
        -1.1722760200500488,
        0.005992394872009754,
        0.9997884035110474,
        0.019680744037032127,
        -0.05832860246300697,
        -0.20183230936527252,
        -0.018066804856061935,
        0.9792534708976746,
        2.9000535011291504
    ],
    [
        0.9502823948860168,
        -0.017824407666921616,
        0.3108788728713989,
        -1.2075821161270142,
        0.011032319627702236,
        0.9996607899665833,
        0.023592930287122726,
        -0.06846386939287186,
        -0.3111938238143921,
        -0.018990231677889824,
        0.9501566886901855,
        3.156538724899292
    ],
    [
        0.9143197536468506,
        -0.02292589843273163,
        0.40434375405311584,
        -1.2188720703125,
        0.012987754307687283,
        0.9995427131652832,
        0.027304628863930702,
        -0.10577382147312164,
        -0.4047848582267761,
        -0.019713643938302994,
        0.9141994714736938,
        3.394469738006592
    ],
    [
        0.8645155429840088,
        -0.028528081253170967,
        0.5017957091331482,
        -1.2198196649551392,
        0.015325979329645634,
        0.9994197487831116,
        0.030414730310440063,
        -0.13998474180698395,
        -0.502372145652771,
        -0.018603490665555,
        0.8644512295722961,
        3.642693519592285
    ],
    [
        0.7954308986663818,
        -0.03541315719485283,
        0.6050087809562683,
        -1.2339495420455933,
        0.01831735670566559,
        0.999239981174469,
        0.034406211227178574,
        -0.17631018161773682,
        -0.6057673692703247,
        -0.016285600140690804,
        0.7954750657081604,
        3.8944363594055176
    ],
    [
        0.7434391975402832,
        -0.040886469185352325,
        0.6675525903701782,
        -1.1994898319244385,
        0.020492898300290108,
        0.9990534782409668,
        0.03836783021688461,
        -0.18367880582809448,
        -0.6684894561767578,
        -0.014844061806797981,
        0.7435733675956726,
        4.123385906219482
    ],
    [
        0.7106001973152161,
        -0.04534000903367996,
        0.7021336555480957,
        -1.1433801651000977,
        0.023303700610995293,
        0.9988906979560852,
        0.04091827571392059,
        -0.1848100870847702,
        -0.7032099366188049,
        -0.012714222073554993,
        0.7108685374259949,
        4.384408950805664
    ],
    [
        0.6831623315811157,
        -0.048301734030246735,
        0.7286673188209534,
        -1.0863045454025269,
        0.02522004023194313,
        0.9987754225730896,
        0.042561545968055725,
        -0.20005621016025543,
        -0.7298309803009033,
        -0.010699428617954254,
        0.6835439801216125,
        4.583658695220947
    ],
    [
        0.6500167846679688,
        -0.051354099065065384,
        0.7581828236579895,
        -1.0259591341018677,
        0.0261697955429554,
        0.998634934425354,
        0.04520438611507416,
        -0.18808607757091522,
        -0.7594690918922424,
        -0.009542126208543777,
        0.6504732370376587,
        4.812713623046875
    ],
    [
        0.6067227125167847,
        -0.05394318327307701,
        0.7930811643600464,
        -0.9701414108276367,
        0.028171481564641,
        0.9985271692276001,
        0.046365316957235336,
        -0.18930236995220184,
        -0.7944141626358032,
        -0.005788622424006462,
        0.6073487997055054,
        5.028729438781738
    ]
]