[
    [
        0.999856173992157,
        0.008983330801129341,
        0.014387949369847775,
        0.04560821130871773,
        -0.008806122466921806,
        0.9998852014541626,
        -0.01233268529176712,
        -0.02251812443137169,
        -0.014497085474431515,
        0.012204206548631191,
        0.9998205304145813,
        0.2421838641166687
    ],
    [
        0.9998941421508789,
        0.009660963900387287,
        0.010879241861402988,
        0.04755339398980141,
        -0.00951322726905346,
        0.9998629689216614,
        -0.013550580479204655,
        -0.023253140971064568,
        -0.011008664034307003,
        0.013445650227367878,
        0.9998489618301392,
        0.24773269891738892
    ],
    [
        0.9999209046363831,
        0.011342156678438187,
        0.005439778324216604,
        0.05009221285581589,
        -0.011258313432335854,
        0.9998210072517395,
        -0.015203546732664108,
        -0.024983758106827736,
        -0.0056112464517354965,
        0.01514110155403614,
        0.9998695850372314,
        0.25587502121925354
    ],
    [
        0.9999081492424011,
        0.013560009188950062,
        -8.570092177251354e-05,
        0.051428791135549545,
        -0.013559515587985516,
        0.9997647404670715,
        -0.01693330518901348,
        -0.02478918433189392,
        -0.00014393593301065266,
        0.016932910308241844,
        0.9998565912246704,
        0.2637762725353241
    ],
    [
        0.9998602867126465,
        0.015232289209961891,
        -0.006889423821121454,
        0.0530674047768116,
        -0.015350934118032455,
        0.9997288584709167,
        -0.017509683966636658,
        -0.02614491991698742,
        0.0066208429634571075,
        0.017612995579838753,
        0.9998230338096619,
        0.27213582396507263
    ],
    [
        0.9997590184211731,
        0.01664731837809086,
        -0.014303733594715595,
        0.054471880197525024,
        -0.01690709963440895,
        0.9996907711029053,
        -0.01823710836470127,
        -0.026945332065224648,
        0.013995710760354996,
        0.018474550917744637,
        0.9997313618659973,
        0.2810307741165161
    ],
    [
        0.9995946288108826,
        0.017941271886229515,
        -0.022106721997261047,
        0.0563492588698864,
        -0.018358461558818817,
        0.9996544122695923,
        -0.01881544105708599,
        -0.027424952015280724,
        0.021761508658528328,
        0.019213657826185226,
        0.9995785355567932,
        0.2905097007751465
    ],
    [
        0.9993687868118286,
        0.019099822267889977,
        -0.029954984784126282,
        0.0575074665248394,
        -0.01967717707157135,
        0.9996239542961121,
        -0.019099267199635506,
        -0.02815665863454342,
        0.029578927904367447,
        0.019676638767123222,
        0.9993687272071838,
        0.2996485233306885
    ],
    [
        0.9990624785423279,
        0.019677354022860527,
        -0.0385594516992569,
        0.05881130322813988,
        -0.020439468324184418,
        0.9996014833450317,
        -0.019471153616905212,
        -0.029007572680711746,
        0.03816094622015953,
        0.020241035148501396,
        0.9990666508674622,
        0.30843207240104675
    ],
    [
        0.9987921118736267,
        0.01992631144821644,
        -0.04491278529167175,
        0.05972468852996826,
        -0.02084372565150261,
        0.9995816349983215,
        -0.02005162462592125,
        -0.02953905612230301,
        0.04449444264173508,
        0.020963555201888084,
        0.9987896084785461,
        0.3139420449733734
    ],
    [
        0.9983022212982178,
        0.02003578096628189,
        -0.05469216778874397,
        0.061613477766513824,
        -0.021199973300099373,
        0.9995591044425964,
        -0.020789723843336105,
        -0.03033616952598095,
        0.05425151810050011,
        0.021913904696702957,
        0.998286783695221,
        0.32230302691459656
    ],
    [
        0.9976532459259033,
        0.019634025171399117,
        -0.06559298932552338,
        0.06324373185634613,
        -0.02110510878264904,
        0.9995394349098206,
        -0.02181028388440609,
        -0.030589982867240906,
        0.06513454765081406,
        0.023143449798226357,
        0.9976080656051636,
        0.33054691553115845
    ],
    [
        0.9967140555381775,
        0.018497716635465622,
        -0.07886093109846115,
        0.06505337357521057,
        -0.020342256873846054,
        0.9995365142822266,
        -0.02265090122818947,
        -0.030828263610601425,
        0.07840538769960403,
        0.024180680513381958,
        0.9966282248497009,
        0.33914414048194885
    ],
    [
        0.9954454898834229,
        0.01679871417582035,
        -0.09384001046419144,
        0.0671376883983612,
        -0.01906321756541729,
        0.999547004699707,
        -0.023287378251552582,
        -0.03114236891269684,
        0.0934063047170639,
        0.02497021295130253,
        0.9953149557113647,
        0.3480473756790161
    ],
    [
        0.9938912391662598,
        0.015374691225588322,
        -0.10928774625062943,
        0.06922582536935806,
        -0.018069971352815628,
        0.9995553493499756,
        -0.023714721202850342,
        -0.03156004473567009,
        0.10887455195188522,
        0.025544682517647743,
        0.9937272071838379,
        0.35697659850120544
    ],
    [
        0.9920735955238342,
        0.014332239516079426,
        -0.12483832240104675,
        0.07098710536956787,
        -0.017513377591967583,
        0.9995483160018921,
        -0.024421926587820053,
        -0.03191220387816429,
        0.12443190813064575,
        0.026414690539240837,
        0.991876482963562,
        0.3657294809818268
    ],
    [
        0.9900368452072144,
        0.013603330589830875,
        -0.14015036821365356,
        0.07244841754436493,
        -0.017346972599625587,
        0.9995235800743103,
        -0.025524653494358063,
        -0.03221363574266434,
        0.13973639905452728,
        0.02770153060555458,
        0.9898011088371277,
        0.37369105219841003
    ],
    [
        0.9885416626930237,
        0.01316158752888441,
        -0.15037299692630768,
        0.07320588827133179,
        -0.017298860475420952,
        0.9995061159133911,
        -0.026238488033413887,
        -0.03263261541724205,
        0.14995338022708893,
        0.028539123013615608,
        0.9882810711860657,
        0.3788696825504303
    ],
    [
        0.9860498905181885,
        0.012885292060673237,
        -0.165950745344162,
        0.07438188046216965,
        -0.017676202580332756,
        0.9994676113128662,
        -0.02742491289973259,
        -0.03259216994047165,
        0.16550903022289276,
        0.029975710436701775,
        0.985752522945404,
        0.3862103819847107
    ],
    [
        0.9833024740219116,
        0.012540137395262718,
        -0.1815459281206131,
        0.07491488754749298,
        -0.017981763929128647,
        0.99943608045578,
        -0.028358928859233856,
        -0.03247406333684921,
        0.181087926030159,
        0.03114992566406727,
        0.9829734563827515,
        0.3935697078704834
    ],
    [
        0.9801766276359558,
        0.01103740744292736,
        -0.1978180855512619,
        0.07540182769298553,
        -0.017038268968462944,
        0.9994440674781799,
        -0.02865886501967907,
        -0.03258064389228821,
        0.19739177823066711,
        0.03146122395992279,
        0.9798197150230408,
        0.40081679821014404
    ],
    [
        0.9767323732376099,
        0.009053029119968414,
        -0.2142707258462906,
        0.0756673738360405,
        -0.01546982116997242,
        0.9994800686836243,
        -0.028289221227169037,
        -0.032626088708639145,
        0.21390323340892792,
        0.030945725739002228,
        0.9763645529747009,
        0.40842926502227783
    ],
    [
        0.9730849266052246,
        0.00763182295486331,
        -0.23032012581825256,
        0.07555638998746872,
        -0.014451006427407265,
        0.999505341053009,
        -0.027935082092881203,
        -0.03282234072685242,
        0.22999295592308044,
        0.03051156736910343,
        0.972713828086853,
        0.4154961109161377
    ],
    [
        0.9692075252532959,
        0.006671607028692961,
        -0.24615535140037537,
        0.07530874758958817,
        -0.013984445482492447,
        0.9995108842849731,
        -0.027972105890512466,
        -0.03302469849586487,
        0.24584834277629852,
        0.030553117394447327,
        0.9688266515731812,
        0.4215570390224457
    ],
    [
        0.9650318026542664,
        0.005966107361018658,
        -0.2620651125907898,
        0.0747731551527977,
        -0.013894712552428246,
        0.9994996786117554,
        -0.02841169759631157,
        -0.03304649889469147,
        0.2617644965648651,
        0.03105951100587845,
        0.9646319150924683,
        0.4273340106010437
    ]
]