[
    [
        0.9966866374015808,
        -0.06900542229413986,
        0.04305803403258324,
        -0.21284708380699158,
        0.06973273307085037,
        0.9974433779716492,
        -0.015622464008629322,
        -0.0077623664401471615,
        -0.04186991602182388,
        0.018573254346847534,
        0.9989504218101501,
        0.02209055982530117
    ],
    [
        0.9927130341529846,
        -0.09070450067520142,
        0.07933185249567032,
        -0.3069082200527191,
        0.09202008694410324,
        0.995671272277832,
        -0.013080274686217308,
        -0.023364141583442688,
        -0.07780200242996216,
        0.02028508484363556,
        0.9967623949050903,
        0.04125343635678291
    ],
    [
        0.9867944717407227,
        -0.11274967342615128,
        0.11629357933998108,
        -0.3942994177341461,
        0.11463020741939545,
        0.9933618903160095,
        -0.009589741937816143,
        -0.04596037045121193,
        -0.11444037407636642,
        0.022793862968683243,
        0.9931685924530029,
        0.06497278809547424
    ],
    [
        0.9783421754837036,
        -0.13650085031986237,
        0.15560847520828247,
        -0.4778673052787781,
        0.13884644210338593,
        0.9903048276901245,
        -0.004253598395735025,
        -0.0655728206038475,
        -0.15351919829845428,
        0.02576715685427189,
        0.9878096580505371,
        0.08744420856237411
    ],
    [
        0.9687183499336243,
        -0.15786857903003693,
        0.19147393107414246,
        -0.552862823009491,
        0.16060836613178253,
        0.9870174527168274,
        0.001226112013682723,
        -0.08321856707334518,
        -0.18918167054653168,
        0.02956455759704113,
        0.9814969301223755,
        0.10537797212600708
    ],
    [
        0.9592443704605103,
        -0.1756628453731537,
        0.2213432490825653,
        -0.6266748905181885,
        0.1786307990550995,
        0.9838933944702148,
        0.006699590478092432,
        -0.09692832082509995,
        -0.21895502507686615,
        0.03311217948794365,
        0.9751728773117065,
        0.12176834791898727
    ],
    [
        0.9474521279335022,
        -0.19504445791244507,
        0.25355905294418335,
        -0.7014583349227905,
        0.1983463168144226,
        0.980049192905426,
        0.012736883945763111,
        -0.11436975002288818,
        -0.25098463892936707,
        0.03822492063045502,
        0.9672360420227051,
        0.1421733796596527
    ],
    [
        0.9313916563987732,
        -0.21771040558815002,
        0.29173916578292847,
        -0.7775634527206421,
        0.22118957340717316,
        0.9749951958656311,
        0.02143179439008236,
        -0.13648948073387146,
        -0.2891102135181427,
        0.0445682629942894,
        0.9562578201293945,
        0.16342319548130035
    ],
    [
        0.909397542476654,
        -0.2445753514766693,
        0.33642080426216125,
        -0.8664742708206177,
        0.24814927577972412,
        0.9681576490402222,
        0.03305719420313835,
        -0.16232173144817352,
        -0.3337933421134949,
        0.05342044681310654,
        0.9411313533782959,
        0.19035229086875916
    ],
    [
        0.8878247141838074,
        -0.2673809230327606,
        0.37453290820121765,
        -0.9418877959251404,
        0.27097654342651367,
        0.9615738987922668,
        0.044126756489276886,
        -0.18440955877304077,
        -0.3719397485256195,
        0.06231280788779259,
        0.9261630177497864,
        0.21366550028324127
    ],
    [
        0.8639389872550964,
        -0.2897334396839142,
        0.4119027853012085,
        -1.0154101848602295,
        0.293199747800827,
        0.9543889760971069,
        0.056352388113737106,
        -0.2068289816379547,
        -0.409442663192749,
        0.07208477705717087,
        0.9094836711883545,
        0.23862801492214203
    ],
    [
        0.8389716148376465,
        -0.31060880422592163,
        0.4468207359313965,
        -1.0862964391708374,
        0.31388670206069946,
        0.9469563364982605,
        0.06891119480133057,
        -0.22948837280273438,
        -0.44452419877052307,
        0.08243653923273087,
        0.8919655680656433,
        0.2659147083759308
    ],
    [
        0.8138240575790405,
        -0.3296078145503998,
        0.478590726852417,
        -1.1532989740371704,
        0.33274370431900024,
        0.939512312412262,
        0.08122967928647995,
        -0.25537562370300293,
        -0.47641581296920776,
        0.09314138442277908,
        0.8742727041244507,
        0.29323673248291016
    ],
    [
        0.7919262647628784,
        -0.3452838063240051,
        0.5036187767982483,
        -1.216599464416504,
        0.34817615151405334,
        0.9328938126564026,
        0.09210002422332764,
        -0.2820214331150055,
        -0.5016235113143921,
        0.10241162031888962,
        0.8590027689933777,
        0.31826263666152954
    ],
    [
        0.7726128101348877,
        -0.3575698435306549,
        0.5246075987815857,
        -1.28156578540802,
        0.35997307300567627,
        0.9273760318756104,
        0.10194649547338486,
        -0.3077786862850189,
        -0.5229614973068237,
        0.11007945984601974,
        0.8452181816101074,
        0.34415024518966675
    ],
    [
        0.7521811127662659,
        -0.3699479103088379,
        0.5453091859817505,
        -1.3434003591537476,
        0.3718870282173157,
        0.9214751124382019,
        0.11217749863862991,
        -0.33188140392303467,
        -0.5439886450767517,
        0.11841557174921036,
        0.8306949138641357,
        0.370268315076828
    ],
    [
        0.729038417339325,
        -0.38302212953567505,
        0.5672715902328491,
        -1.4142670631408691,
        0.3847041428089142,
        0.9147747159004211,
        0.12324760109186172,
        -0.3634154200553894,
        -0.5661322474479675,
        0.1283794790506363,
        0.8142561316490173,
        0.40054765343666077
    ],
    [
        0.7106904983520508,
        -0.39322108030319214,
        0.5833492279052734,
        -1.4747650623321533,
        0.3938888609409332,
        0.9094597101211548,
        0.1331716626882553,
        -0.39290639758110046,
        -0.5828983783721924,
        0.13513092696666718,
        0.8012296557426453,
        0.4266715347766876
    ],
    [
        0.6915596127510071,
        -0.4030187427997589,
        0.5994340777397156,
        -1.531225562095642,
        0.40309756994247437,
        0.9039608240127563,
        0.1427132487297058,
        -0.41716456413269043,
        -0.5993810892105103,
        0.14293572306632996,
        0.7875985503196716,
        0.45345187187194824
    ],
    [
        0.6711757779121399,
        -0.4128158688545227,
        0.6157158613204956,
        -1.5876238346099854,
        0.4120441675186157,
        0.8982155919075012,
        0.15306337177753448,
        -0.4409513473510742,
        -0.6162326335906982,
        0.1509697288274765,
        0.7729589343070984,
        0.4838625192642212
    ],
    [
        0.6500611305236816,
        -0.4227398931980133,
        0.6314361691474915,
        -1.6401278972625732,
        0.42127206921577454,
        0.8920689225196838,
        0.16353283822536469,
        -0.4621935784816742,
        -0.6324163675308228,
        0.15970009565353394,
        0.7579877972602844,
        0.5150327682495117
    ],
    [
        0.6279616355895996,
        -0.43212345242500305,
        0.6472506523132324,
        -1.6922903060913086,
        0.43006446957588196,
        0.8858392834663391,
        0.174164280295372,
        -0.48712435364723206,
        -0.64862060546875,
        0.16899102926254272,
        0.7421140074729919,
        0.5483304262161255
    ],
    [
        0.6060067415237427,
        -0.4409978687763214,
        0.662024736404419,
        -1.7402222156524658,
        0.43802255392074585,
        0.8797122240066528,
        0.18504822254180908,
        -0.5112987756729126,
        -0.6639969944953918,
        0.17784129083156586,
        0.72627854347229,
        0.57927405834198
    ],
    [
        0.5844157934188843,
        -0.44945693016052246,
        0.6756083965301514,
        -1.7839888334274292,
        0.44583195447921753,
        0.8735148906707764,
        0.1954624354839325,
        -0.5345924496650696,
        -0.6780059337615967,
        0.18697649240493774,
        0.7108781337738037,
        0.6099700331687927
    ],
    [
        0.5616477131843567,
        -0.45793867111206055,
        0.6890891790390015,
        -1.8317790031433105,
        0.45371580123901367,
        0.8669334053993225,
        0.2063213437795639,
        -0.5607123374938965,
        -0.6918768882751465,
        0.1967707872390747,
        0.694685161113739,
        0.6460506319999695
    ]
]