[
    [
        0.9999616742134094,
        -0.005380338057875633,
        -0.006921793799847364,
        0.008329719305038452,
        0.00548822246491909,
        0.9998623132705688,
        0.01566280610859394,
        -0.24478058516979218,
        0.006836568471044302,
        -0.015700193122029305,
        0.9998533725738525,
        0.25995251536369324
    ],
    [
        0.9999259114265442,
        -0.005049986764788628,
        -0.011077791452407837,
        -0.001121003646403551,
        0.0052972654812037945,
        0.9997348785400391,
        0.022407380864024162,
        -0.3422060012817383,
        0.010961697436869144,
        -0.02246440201997757,
        0.9996875524520874,
        0.4243111312389374
    ],
    [
        0.9999013543128967,
        -0.005351220723241568,
        -0.012987317517399788,
        0.004379161633551121,
        0.005723287351429462,
        0.999569296836853,
        0.028782397508621216,
        -0.48229876160621643,
        0.01282770186662674,
        -0.028853891417384148,
        0.9995013475418091,
        0.572338879108429
    ],
    [
        0.9998818635940552,
        -0.005129438359290361,
        -0.014487594366073608,
        0.01699160225689411,
        0.005671482998877764,
        0.9992759227752686,
        0.037624601274728775,
        -0.5948078632354736,
        0.014284110628068447,
        -0.037702325731515884,
        0.9991869330406189,
        0.7088581919670105
    ],
    [
        0.9998770356178284,
        -0.0032811800483614206,
        -0.0153408944606781,
        0.02420308068394661,
        0.004035278223454952,
        0.998771607875824,
        0.04938651993870735,
        -0.7094841003417969,
        0.015160003677010536,
        -0.0494423434138298,
        0.9986618757247925,
        0.8459524512290955
    ],
    [
        0.9999384880065918,
        -0.004347591195255518,
        -0.010203378275036812,
        0.01632140576839447,
        0.0049516805447638035,
        0.9981892704963684,
        0.05994654446840286,
        -0.8038568496704102,
        0.00992428045719862,
        -0.05999338626861572,
        0.9981493949890137,
        0.9854371547698975
    ],
    [
        0.9999426007270813,
        -0.008639716543257236,
        -0.006350770592689514,
        0.018117224797606468,
        0.00904589332640171,
        0.9977128505706787,
        0.06698697805404663,
        -0.9280501008033752,
        0.005757497623562813,
        -0.0670405700802803,
        0.9977336525917053,
        1.1065300703048706
    ],
    [
        0.9998961687088013,
        -0.014266819693148136,
        -0.0020627144258469343,
        0.02827383205294609,
        0.014371967874467373,
        0.9977101683616638,
        0.06608936935663223,
        -1.0316946506500244,
        0.0011151062790304422,
        -0.06611201167106628,
        0.9978115558624268,
        1.240064024925232
    ],
    [
        0.99985671043396,
        -0.016054080799221992,
        0.005362283438444138,
        0.040920428931713104,
        0.015676546841859818,
        0.9978095889091492,
        0.06426674127578735,
        -1.1016736030578613,
        -0.006382281892001629,
        -0.06417336314916611,
        0.9979183077812195,
        1.343108057975769
    ],
    [
        0.999616801738739,
        -0.014380503445863724,
        0.023651326075196266,
        0.04244673252105713,
        0.012894034385681152,
        0.9980025887489319,
        0.06184371933341026,
        -1.1179826259613037,
        -0.024493424221873283,
        -0.06151499226689339,
        0.9978055357933044,
        1.4965695142745972
    ],
    [
        0.9984150528907776,
        -0.016807163134217262,
        0.05371187627315521,
        0.04518956318497658,
        0.013998745940625668,
        0.9985362887382507,
        0.05224188044667244,
        -1.1008682250976562,
        -0.05451129749417305,
        -0.05140714719891548,
        0.997188925743103,
        1.6435673236846924
    ],
    [
        0.9949783086776733,
        -0.019321000203490257,
        0.09820795059204102,
        0.0666210800409317,
        0.015223613008856773,
        0.9989888668060303,
        0.04230106994509697,
        -1.0876458883285522,
        -0.09892594069242477,
        -0.04059353843331337,
        0.9942663908004761,
        1.7948687076568604
    ],
    [
        0.9898002743721008,
        -0.017760785296559334,
        0.14135044813156128,
        0.10034361481666565,
        0.013573509640991688,
        0.9994415640830994,
        0.030532652512192726,
        -1.083769679069519,
        -0.14181379973888397,
        -0.028302615508437157,
        0.9894886612892151,
        1.9313266277313232
    ],
    [
        0.9823369979858398,
        -0.008871006779372692,
        0.18690983951091766,
        0.12325623631477356,
        0.004873760510236025,
        0.9997497797012329,
        0.02183457650244236,
        -1.0791841745376587,
        -0.1870567351579666,
        -0.02053801715373993,
        0.9821344017982483,
        2.0517094135284424
    ],
    [
        0.969342052936554,
        0.003433764446526766,
        0.2456914186477661,
        0.14484527707099915,
        -0.006361315492540598,
        0.9999178647994995,
        0.011122619733214378,
        -1.06699538230896,
        -0.24563303589820862,
        -0.012344805523753166,
        0.969284176826477,
        2.163031816482544
    ],
    [
        0.9537532329559326,
        0.011579690501093864,
        0.30036768317222595,
        0.169205904006958,
        -0.01227758452296257,
        0.9999245405197144,
        0.0004360016610007733,
        -1.0539926290512085,
        -0.3003399670124054,
        -0.0041036647744476795,
        0.9538233280181885,
        2.236347198486328
    ],
    [
        0.9343641400337219,
        0.014581064693629742,
        0.35602113604545593,
        0.20732110738754272,
        -0.014614332467317581,
        0.9998898506164551,
        -0.0025963420048356056,
        -1.0474109649658203,
        -0.3560198247432709,
        -0.0027771887835115194,
        0.9344744086265564,
        2.339221715927124
    ],
    [
        0.9150524139404297,
        0.008820130489766598,
        0.4032387435436249,
        0.25778844952583313,
        -0.010439365170896053,
        0.9999438524246216,
        0.001817459473386407,
        -1.0476725101470947,
        -0.40320003032684326,
        -0.00587274506688118,
        0.9150930643081665,
        2.4398510456085205
    ],
    [
        0.8889140486717224,
        -0.0008501362171955407,
        0.45807313919067383,
        0.30986732244491577,
        -0.0033253920264542103,
        0.9999599456787109,
        0.008308850228786469,
        -1.0441246032714844,
        -0.4580618441104889,
        -0.008909119293093681,
        0.8888756036758423,
        2.5455594062805176
    ],
    [
        0.8545064330101013,
        -0.010998164303600788,
        0.5193244814872742,
        0.3506602644920349,
        0.003802441991865635,
        0.999881386756897,
        0.014918767847120762,
        -1.0408357381820679,
        -0.5194269418716431,
        -0.010773458518087864,
        0.854447066783905,
        2.6531219482421875
    ],
    [
        0.8173666596412659,
        -0.021443283185362816,
        0.5757184624671936,
        0.39499810338020325,
        0.011709457263350487,
        0.9997190237045288,
        0.020611299201846123,
        -1.0308674573898315,
        -0.575998842716217,
        -0.010105674155056477,
        0.817388117313385,
        2.739292621612549
    ],
    [
        0.7715511322021484,
        -0.031401313841342926,
        0.635391891002655,
        0.45834606885910034,
        0.015837298706173897,
        0.999419629573822,
        0.03016059286892414,
        -1.0242314338684082,
        -0.6359701752662659,
        -0.013207556679844856,
        0.7716005444526672,
        2.847339630126953
    ],
    [
        0.7251759171485901,
        -0.03565036505460739,
        0.6876400113105774,
        0.5089312791824341,
        0.013439054600894451,
        0.9992014169692993,
        0.037630368024110794,
        -1.0206387042999268,
        -0.6884323954582214,
        -0.018047397956252098,
        0.7250759601593018,
        2.929020881652832
    ],
    [
        0.6689237952232361,
        -0.035331010818481445,
        0.742490828037262,
        0.5647804737091064,
        0.00626726821064949,
        0.9991022944450378,
        0.041895512491464615,
        -1.0240867137908936,
        -0.7433046698570251,
        -0.023371582850813866,
        0.6685447692871094,
        3.0298099517822266
    ],
    [
        0.6207884550094604,
        -0.0362754762172699,
        0.7831385135650635,
        0.6233097910881042,
        0.0050681461580097675,
        0.9990936517715454,
        0.042261142283678055,
        -1.011844277381897,
        -0.7839617133140564,
        -0.02226613461971283,
        0.6204097867012024,
        3.128681182861328
    ]
]