[
    [
        0.7615519762039185,
        0.0033161239698529243,
        -0.6480953693389893,
        -1.1032085418701172,
        -0.037785112857818604,
        0.9985131621360779,
        -0.039290718734264374,
        0.7019726037979126,
        0.6470014452934265,
        0.054410286247730255,
        0.760545015335083,
        -3.1259605884552
    ],
    [
        0.7502766847610474,
        0.004830695688724518,
        -0.6611062288284302,
        -1.1603678464889526,
        -0.036703962832689285,
        0.9987354278564453,
        -0.034356869757175446,
        0.6870339512825012,
        0.6601042747497559,
        0.050042375922203064,
        0.7495052814483643,
        -3.1727867126464844
    ],
    [
        0.7327032685279846,
        0.0064471703954041,
        -0.6805177330970764,
        -1.2452160120010376,
        -0.03696891665458679,
        0.998855710029602,
        -0.03034081682562828,
        0.6944020390510559,
        0.6795434355735779,
        0.04738880693912506,
        0.732103168964386,
        -3.193645715713501
    ],
    [
        0.7149251103401184,
        0.0067001162096858025,
        -0.6991689801216125,
        -1.330832600593567,
        -0.03660919517278671,
        0.9989412426948547,
        -0.027861392125487328,
        0.6921385526657104,
        0.6982420086860657,
        0.045514825731515884,
        0.7144134044647217,
        -3.196180820465088
    ],
    [
        0.697492241859436,
        0.00666255597025156,
        -0.7165612578392029,
        -1.4116462469100952,
        -0.034886475652456284,
        0.9990867376327515,
        -0.024668626487255096,
        0.6856662034988403,
        0.7157427072525024,
        0.04220445454120636,
        0.6970877647399902,
        -3.1969921588897705
    ],
    [
        0.6870540976524353,
        0.009255663491785526,
        -0.726547360420227,
        -1.4599426984786987,
        -0.03528508543968201,
        0.9991641044616699,
        -0.0206384789198637,
        0.6708645224571228,
        0.7257490158081055,
        0.03981602564454079,
        0.6868063807487488,
        -3.2022998332977295
    ],
    [
        0.6728483438491821,
        0.008258262649178505,
        -0.7397343516349792,
        -1.5343458652496338,
        -0.034635353833436966,
        0.9991929531097412,
        -0.02034883014857769,
        0.6744168996810913,
        0.7389692664146423,
        0.03931262716650963,
        0.6725913286209106,
        -3.2109436988830566
    ],
    [
        0.6602770686149597,
        0.009644551202654839,
        -0.7509601712226868,
        -1.599756121635437,
        -0.0351593978703022,
        0.9992181062698364,
        -0.01808076910674572,
        0.6742203831672668,
        0.7501986026763916,
        0.038341619074344635,
        0.6600999236106873,
        -3.219703197479248
    ],
    [
        0.6491531133651733,
        0.011417747475206852,
        -0.7605720162391663,
        -1.6672418117523193,
        -0.035491444170475006,
        0.99925297498703,
        -0.0152913648635149,
        0.6757201552391052,
        0.7598291635513306,
        0.036920253187417984,
        0.6490734219551086,
        -3.2129876613616943
    ],
    [
        0.6394548416137695,
        0.010992396622896194,
        -0.7687500715255737,
        -1.7330858707427979,
        -0.035759516060352325,
        0.9992409348487854,
        -0.015456966124475002,
        0.67896568775177,
        0.7679965496063232,
        0.037374161183834076,
        0.6393625140190125,
        -3.217373847961426
    ],
    [
        0.63382887840271,
        0.01203192863613367,
        -0.7733797430992126,
        -1.7833040952682495,
        -0.035710446536540985,
        0.9992678761482239,
        -0.013720554299652576,
        0.6762547492980957,
        0.7726484537124634,
        0.036314208060503006,
        0.6337945461273193,
        -3.221283435821533
    ],
    [
        0.6251605749130249,
        0.015082035213708878,
        -0.7803505063056946,
        -1.8576724529266357,
        -0.03606299310922623,
        0.9993035197257996,
        -0.009577272459864616,
        0.6716512441635132,
        0.7796626091003418,
        0.03412908688187599,
        0.6252691149711609,
        -3.224888324737549
    ],
    [
        0.6179136037826538,
        0.01651831343770027,
        -0.7860725522041321,
        -1.9283876419067383,
        -0.03711758181452751,
        0.9992775917053223,
        -0.00817873328924179,
        0.671428918838501,
        0.7853693962097168,
        0.034230850636959076,
        0.6180802583694458,
        -3.2520995140075684
    ],
    [
        0.6116448044776917,
        0.017836790531873703,
        -0.7909314036369324,
        -1.9987064599990845,
        -0.0369381457567215,
        0.9992994070053101,
        -0.006029271520674229,
        0.671133816242218,
        0.7902695536613464,
        0.03290332853794098,
        0.6118751764297485,
        -3.2844574451446533
    ],
    [
        0.6065310835838318,
        0.017963990569114685,
        -0.7948567867279053,
        -2.071964740753174,
        -0.036904752254486084,
        0.9993032217025757,
        -0.005576359108090401,
        0.6686371564865112,
        0.7942028045654297,
        0.03271620720624924,
        0.6067714691162109,
        -3.302201509475708
    ],
    [
        0.6038643717765808,
        0.0186146330088377,
        -0.7968695759773254,
        -2.120725631713867,
        -0.03734010085463524,
        0.9992903470993042,
        -0.004953058902174234,
        0.6666732430458069,
        0.7962119579315186,
        0.03274616599082947,
        0.6041309833526611,
        -3.3139240741729736
    ],
    [
        0.6001465320587158,
        0.019779816269874573,
        -0.7996454238891602,
        -2.1942574977874756,
        -0.03740385174751282,
        0.9992946982383728,
        -0.0033539081923663616,
        0.6598166227340698,
        0.7990149259567261,
        0.03192264586687088,
        0.6004630327224731,
        -3.318979263305664
    ],
    [
        0.5970591902732849,
        0.021190227940678596,
        -0.801917314529419,
        -2.2634809017181396,
        -0.037085577845573425,
        0.9993113279342651,
        -0.0012054238468408585,
        0.6495286226272583,
        0.8013395667076111,
        0.030459269881248474,
        0.597433865070343,
        -3.3207292556762695
    ],
    [
        0.5941672921180725,
        0.022770728915929794,
        -0.8040191531181335,
        -2.331782579421997,
        -0.03699616342782974,
        0.9993149638175964,
        0.0009617001051083207,
        0.6491725444793701,
        0.8034902811050415,
        0.02917422167956829,
        0.594602644443512,
        -3.3100523948669434
    ],
    [
        0.5910757780075073,
        0.024455036967992783,
        -0.8062452077865601,
        -2.3985657691955566,
        -0.03641736879944801,
        0.9993300437927246,
        0.0036133350804448128,
        0.6445160508155823,
        0.8057935237884521,
        0.027225565165281296,
        0.5915703773498535,
        -3.2945399284362793
    ],
    [
        0.5892257690429688,
        0.025177577510476112,
        -0.8075761795043945,
        -2.443037271499634,
        -0.03623053431510925,
        0.9993322491645813,
        0.004721301142126322,
        0.6385380029678345,
        0.8071557879447937,
        0.026477007195353508,
        0.589744508266449,
        -3.2815933227539062
    ],
    [
        0.5854823589324951,
        0.025346918031573296,
        -0.8102887272834778,
        -2.508700132369995,
        -0.03591843694448471,
        0.9993406534194946,
        0.00530747976154089,
        0.6353961825370789,
        0.809889018535614,
        0.025996863842010498,
        0.5860068202018738,
        -3.252908945083618
    ],
    [
        0.5770543217658997,
        0.027508821338415146,
        -0.8162422776222229,
        -2.618328094482422,
        -0.03484349697828293,
        0.9993518590927124,
        0.009046832099556923,
        0.6329376101493835,
        0.8159621357917786,
        0.02322022244334221,
        0.5776388049125671,
        -3.1993865966796875
    ],
    [
        0.5724211931228638,
        0.027219651266932487,
        -0.8195077776908875,
        -2.661675453186035,
        -0.034002069383859634,
        0.9993771910667419,
        0.009443706832826138,
        0.6321634650230408,
        0.8192543387413025,
        0.022459181025624275,
        0.5729902386665344,
        -3.1755199432373047
    ],
    [
        0.5680162310600281,
        0.027599673718214035,
        -0.8225544691085815,
        -2.706231117248535,
        -0.0334460511803627,
        0.9993860125541687,
        0.01043678354471922,
        0.628125786781311,
        0.8223375678062439,
        0.02158292941749096,
        0.5685905814170837,
        -3.1520471572875977
    ]
]