[
    [
        0.9999389052391052,
        0.005121975671499968,
        0.009791786782443523,
        -0.009714337065815926,
        -0.005110858008265495,
        0.9999861717224121,
        -0.0011601531878113747,
        -0.004872002173215151,
        -0.009797594510018826,
        0.0011100375559180975,
        0.9999513626098633,
        0.20197024941444397
    ],
    [
        0.9999272227287292,
        0.005354729481041431,
        0.010812856256961823,
        -0.01464272290468216,
        -0.005344510544091463,
        0.9999852776527405,
        -0.0009737584041431546,
        -0.007293865084648132,
        -0.01081791054457426,
        0.0009158987086266279,
        0.9999411106109619,
        0.22587397694587708
    ],
    [
        0.9999343156814575,
        0.005714856553822756,
        0.0099423136562109,
        -0.02178208902478218,
        -0.005701023619621992,
        0.9999828338623047,
        -0.0014191707596182823,
        -0.013763674534857273,
        -0.009950251318514347,
        0.0013623953564092517,
        0.99994957447052,
        0.2801310420036316
    ],
    [
        0.9999394416809082,
        0.005279322620481253,
        0.009657363407313824,
        -0.02919352799654007,
        -0.00526675907894969,
        0.9999852180480957,
        -0.0013259315164759755,
        -0.020635969936847687,
        -0.009664221666753292,
        0.0012749877059832215,
        0.9999525547027588,
        0.32201507687568665
    ],
    [
        0.9999268054962158,
        0.006292757112532854,
        0.010339723899960518,
        -0.03435647860169411,
        -0.006289710756391287,
        0.9999801516532898,
        -0.0003271748428232968,
        -0.02609257772564888,
        -0.010341578163206577,
        0.00026211715885438025,
        0.9999464750289917,
        0.3509877622127533
    ],
    [
        0.9999086260795593,
        0.007453134283423424,
        0.011278978548943996,
        -0.043759144842624664,
        -0.0074559422209858894,
        0.9999721646308899,
        0.00020700148888863623,
        -0.03770281746983528,
        -0.011277121491730213,
        -0.00029107846785336733,
        0.9999363422393799,
        0.4162191152572632
    ],
    [
        0.9998863935470581,
        0.006981011480093002,
        0.013358513824641705,
        -0.053835295140743256,
        -0.006969665642827749,
        0.999975323677063,
        -0.0008956620586104691,
        -0.044924695044755936,
        -0.013364438898861408,
        0.0008024568669497967,
        0.9999103546142578,
        0.4599892497062683
    ],
    [
        0.9998670220375061,
        0.006740518379956484,
        0.014851866289973259,
        -0.06163585186004639,
        -0.0067268600687384605,
        0.9999768733978271,
        -0.0009693513857200742,
        -0.050275400280952454,
        -0.014858057722449303,
        0.0008693155832588673,
        0.9998892545700073,
        0.48729407787323
    ],
    [
        0.9997145533561707,
        0.005904436111450195,
        0.023153603076934814,
        -0.08688441663980484,
        -0.005875410512089729,
        0.9999818801879883,
        -0.001321406220085919,
        -0.06149664893746376,
        -0.023160982877016068,
        0.0011849916772916913,
        0.9997310042381287,
        0.5619966983795166
    ],
    [
        0.9994499683380127,
        0.004097140394151211,
        0.032910123467445374,
        -0.1146213561296463,
        -0.0040137991309165955,
        0.9999886155128479,
        -0.0025980486534535885,
        -0.06893635541200638,
        -0.032920386642217636,
        0.0024645242374390364,
        0.999454915523529,
        0.6167422533035278
    ],
    [
        0.9990074038505554,
        0.0024345009587705135,
        0.04447644576430321,
        -0.14334316551685333,
        -0.00227295677177608,
        0.9999906420707703,
        -0.0036823367699980736,
        -0.07831121981143951,
        -0.04448499158024788,
        0.003577588824555278,
        0.9990035891532898,
        0.6696028113365173
    ],
    [
        0.9987489581108093,
        0.0016426061047241092,
        0.04997846484184265,
        -0.15899965167045593,
        -0.0014596172841265798,
        0.9999921917915344,
        -0.003697629552334547,
        -0.08444619923830032,
        -0.049984145909547806,
        0.0036200545728206635,
        0.9987433552742004,
        0.7057470083236694
    ],
    [
        0.9982543587684631,
        0.000970706285443157,
        0.05905420705676079,
        -0.18220630288124084,
        -0.0007005067891441286,
        0.9999892115592957,
        -0.0045959907583892345,
        -0.09294334799051285,
        -0.05905802920460701,
        0.0045466008596122265,
        0.9982441663742065,
        0.7606683373451233
    ],
    [
        0.997803270816803,
        0.0009364865254610777,
        0.06624006479978561,
        -0.2002919465303421,
        -0.0006352963391691446,
        0.9999893307685852,
        -0.004567872732877731,
        -0.10297632962465286,
        -0.06624363362789154,
        0.0045157563872635365,
        0.9977931976318359,
        0.8208588361740112
    ],
    [
        0.9975009560585022,
        0.00043240212835371494,
        0.07065238803625107,
        -0.21433795988559723,
        -5.1213941333116964e-05,
        0.9999854564666748,
        -0.005396984051913023,
        -0.10910079628229141,
        -0.07065369188785553,
        0.005379877518862486,
        0.9974863529205322,
        0.8726903200149536
    ],
    [
        0.9969858527183533,
        -0.00018382676353212446,
        0.07758349180221558,
        -0.23930232226848602,
        0.0007777393911965191,
        0.9999707341194153,
        -0.007624992169439793,
        -0.11925714462995529,
        -0.07757981866598129,
        0.007662347983568907,
        0.9969567060470581,
        0.9476049542427063
    ],
    [
        0.9963392019271851,
        -0.00044380303006619215,
        0.0854862779378891,
        -0.2707465887069702,
        0.001138694817200303,
        0.9999666810035706,
        -0.008080095052719116,
        -0.13562709093093872,
        -0.08547984063625336,
        0.008147858083248138,
        0.9963066577911377,
        1.0354440212249756
    ],
    [
        0.995845377445221,
        -0.0010367967188358307,
        0.09105460345745087,
        -0.2956485450267792,
        0.0018069138750433922,
        0.9999632835388184,
        -0.008375735022127628,
        -0.1457637995481491,
        -0.09104257076978683,
        0.008505464531481266,
        0.9958106279373169,
        1.1030800342559814
    ],
    [
        0.9954603314399719,
        -0.0015743415569886565,
        0.095164954662323,
        -0.3138487935066223,
        0.0024150600656867027,
        0.9999591708183289,
        -0.008719787932932377,
        -0.15144464373588562,
        -0.09514733403921127,
        0.008910032920539379,
        0.9954232573509216,
        1.1472045183181763
    ],
    [
        0.994502067565918,
        -0.003219311824068427,
        0.1046668142080307,
        -0.36176979541778564,
        0.004318355582654476,
        0.999937891960144,
        -0.010275481268763542,
        -0.16530178487300873,
        -0.10462722927331924,
        0.01067098043859005,
        0.9944543242454529,
        1.2399133443832397
    ],
    [
        0.9942367076873779,
        -0.003998136147856712,
        0.10713233798742294,
        -0.38182878494262695,
        0.005105553660541773,
        0.9999363422393799,
        -0.010064637288451195,
        -0.17655473947525024,
        -0.10708528757095337,
        0.010553598403930664,
        0.9941938519477844,
        1.3089933395385742
    ],
    [
        0.9941983222961426,
        -0.004853606689721346,
        0.10745350271463394,
        -0.39078444242477417,
        0.006093461532145739,
        0.9999185800552368,
        -0.011213194578886032,
        -0.18047308921813965,
        -0.10739033669233322,
        0.011802907101809978,
        0.9941469430923462,
        1.3513925075531006
    ],
    [
        0.9944748878479004,
        -0.006172867491841316,
        0.1047934740781784,
        -0.4035103917121887,
        0.007448270451277494,
        0.9999027848243713,
        -0.01178364735096693,
        -0.19204986095428467,
        -0.10471057146787643,
        0.01249906700104475,
        0.9944242835044861,
        1.4515317678451538
    ],
    [
        0.9947508573532104,
        -0.006477313581854105,
        0.10212133824825287,
        -0.40875959396362305,
        0.007597291376441717,
        0.9999151825904846,
        -0.010581990703940392,
        -0.20373132824897766,
        -0.10204413533210754,
        0.01130229514092207,
        0.9947156310081482,
        1.523020625114441
    ],
    [
        0.9949700832366943,
        -0.007704457268118858,
        0.09987573325634003,
        -0.41285786032676697,
        0.008754381909966469,
        0.9999108910560608,
        -0.010078299790620804,
        -0.21224290132522583,
        -0.09978919476270676,
        0.010901955887675285,
        0.9949489235877991,
        1.591809868812561
    ]
]