[
    [
        0.9987775087356567,
        0.0026020125951617956,
        0.04936321824789047,
        -0.2868034243583679,
        -0.002412252826616168,
        0.9999895095825195,
        -0.0039033263456076384,
        0.0007585693383589387,
        -0.04937285557389259,
        0.0037794781383126974,
        0.9987732768058777,
        0.3658803105354309
    ],
    [
        0.998106837272644,
        0.001362853217869997,
        0.0614890530705452,
        -0.3579690158367157,
        -0.0011493777856230736,
        0.9999932050704956,
        -0.0035070148296654224,
        -0.0036734945606440306,
        -0.0614934116601944,
        0.0034297003876417875,
        0.9981016516685486,
        0.4556732773780823
    ],
    [
        0.9972237944602966,
        0.00030838491511531174,
        0.07446269690990448,
        -0.4303281903266907,
        -0.00012898404384031892,
        0.999997079372406,
        -0.002414069604128599,
        -0.010666601359844208,
        -0.07446322590112686,
        0.002397762378677726,
        0.9972208738327026,
        0.5436559319496155
    ],
    [
        0.9961095452308655,
        -0.0010489273117855191,
        0.08811680972576141,
        -0.5038504600524902,
        0.0012369465548545122,
        0.9999971389770508,
        -0.0020791771821677685,
        -0.014301780611276627,
        -0.08811436593532562,
        0.0021800841204822063,
        0.9961079955101013,
        0.6316831707954407
    ],
    [
        0.9946290850639343,
        -0.0017346566310152411,
        0.10348904877901077,
        -0.5832592248916626,
        0.0020478246733546257,
        0.9999937415122986,
        -0.002919921651482582,
        -0.011748510412871838,
        -0.10348333418369293,
        0.00311616575345397,
        0.9946263432502747,
        0.7200203537940979
    ],
    [
        0.9921870827674866,
        -0.003330211155116558,
        0.12471473962068558,
        -0.6883637309074402,
        0.0037283021956682205,
        0.9999886751174927,
        -0.002958750119432807,
        -0.012905278243124485,
        -0.12470347434282303,
        0.0034006075002253056,
        0.9921882152557373,
        0.8317402601242065
    ],
    [
        0.9899390935897827,
        -0.005680013447999954,
        0.14138014614582062,
        -0.7680955529212952,
        0.0059749712236225605,
        0.9999808073043823,
        -0.0016618565423414111,
        -0.018186215311288834,
        -0.14136800169944763,
        0.002489878796041012,
        0.9899539947509766,
        0.9225254654884338
    ],
    [
        0.9873765707015991,
        -0.009109345264732838,
        0.15812817215919495,
        -0.8455024361610413,
        0.009338626638054848,
        0.9999560713768005,
        -0.0007069922285154462,
        -0.021320508792996407,
        -0.15811477601528168,
        0.002174768131226301,
        0.9874182939529419,
        1.014156460762024
    ],
    [
        0.9845961928367615,
        -0.012292318977415562,
        0.174410879611969,
        -0.9182478785514832,
        0.012713935226202011,
        0.9999183416366577,
        -0.0013002495979890227,
        -0.014603132382035255,
        -0.17438068985939026,
        0.003497670404613018,
        0.9846720099449158,
        1.1076183319091797
    ],
    [
        0.9815109968185425,
        -0.015286389738321304,
        0.1907941699028015,
        -0.988447368144989,
        0.016024112701416016,
        0.9998688101768494,
        -0.0023242675233632326,
        -0.005717291496694088,
        -0.19073361158370972,
        0.005338599905371666,
        0.9816272854804993,
        1.2064558267593384
    ],
    [
        0.9770514965057373,
        -0.019399968907237053,
        0.21211837232112885,
        -1.077071189880371,
        0.019895359873771667,
        0.9998020529747009,
        -0.00020111817866563797,
        -0.006389000453054905,
        -0.21207256615161896,
        0.004416672978550196,
        0.977243959903717,
        1.3273717164993286
    ],
    [
        0.9728541970252991,
        -0.021580254659056664,
        0.2304101139307022,
        -1.1493571996688843,
        0.021443217992782593,
        0.9997652173042297,
        0.0030990885570645332,
        -0.012248283252120018,
        -0.23042280972003937,
        0.001925771706737578,
        0.9730886220932007,
        1.4217627048492432
    ],
    [
        0.9679815173149109,
        -0.023655563592910767,
        0.24990436434745789,
        -1.2250497341156006,
        0.022819653153419495,
        0.9997201561927795,
        0.006242148112505674,
        -0.016055678948760033,
        -0.2499821037054062,
        -0.0003395529056433588,
        0.9682503938674927,
        1.5146406888961792
    ],
    [
        0.9624980688095093,
        -0.023365331813693047,
        0.27028021216392517,
        -1.302202820777893,
        0.021886592730879784,
        0.9997244477272034,
        0.00848411861807108,
        -0.01640555076301098,
        -0.27040398120880127,
        -0.0022504334338009357,
        0.9627443552017212,
        1.6168731451034546
    ],
    [
        0.9562749266624451,
        -0.02247341349720955,
        0.2916044592857361,
        -1.3821464776992798,
        0.020506758242845535,
        0.9997416138648987,
        0.009799269959330559,
        -0.013290861621499062,
        -0.29174932837486267,
        -0.0033909371122717857,
        0.9564887881278992,
        1.7230641841888428
    ],
    [
        0.9477279186248779,
        -0.021907741203904152,
        0.31832677125930786,
        -1.4796441793441772,
        0.01873983070254326,
        0.9997396469116211,
        0.01301109604537487,
        -0.013375743292272091,
        -0.31852900981903076,
        -0.006365589797496796,
        0.9478917121887207,
        1.8571593761444092
    ],
    [
        0.9404617547988892,
        -0.02309298701584339,
        0.33911415934562683,
        -1.5524110794067383,
        0.018652014434337616,
        0.9996923804283142,
        0.016349583864212036,
        -0.016812747344374657,
        -0.3393875062465668,
        -0.009050998836755753,
        0.9406031370162964,
        1.960103988647461
    ],
    [
        0.9331870675086975,
        -0.023800786584615707,
        0.3586021363735199,
        -1.6165181398391724,
        0.01851803995668888,
        0.9996637105941772,
        0.01815936528146267,
        -0.012291675433516502,
        -0.3589136600494385,
        -0.010305478237569332,
        0.9333139061927795,
        2.0672287940979004
    ],
    [
        0.9251241683959961,
        -0.02297705039381981,
        0.378968745470047,
        -1.6821848154067993,
        0.0172236617654562,
        0.9996793866157532,
        0.018565276637673378,
        -0.005264738574624062,
        -0.37927374243736267,
        -0.010647956281900406,
        0.925223171710968,
        2.1736180782318115
    ],
    [
        0.9167088270187378,
        -0.021747875958681107,
        0.3989638090133667,
        -1.7455124855041504,
        0.015218505635857582,
        0.9996936321258545,
        0.019526265561580658,
        -0.004090614151209593,
        -0.3992660939693451,
        -0.011828268878161907,
        0.9167587757110596,
        2.282773971557617
    ],
    [
        0.9050763845443726,
        -0.02206171490252018,
        0.42467647790908813,
        -1.8298277854919434,
        0.01409982517361641,
        0.9996610283851624,
        0.02188212051987648,
        -0.007259507663547993,
        -0.42501530051231384,
        -0.01381712593138218,
        0.9050807952880859,
        2.414050340652466
    ],
    [
        0.8947295546531677,
        -0.02320965752005577,
        0.4460049867630005,
        -1.8988293409347534,
        0.01424793154001236,
        0.9996238946914673,
        0.023436691612005234,
        -0.009821416810154915,
        -0.4463810920715332,
        -0.014614852145314217,
        0.8947235345840454,
        2.5240845680236816
    ],
    [
        0.8835381865501404,
        -0.024182569235563278,
        0.46773457527160645,
        -1.9691717624664307,
        0.014451293274760246,
        0.9995982050895691,
        0.02438260056078434,
        -0.01158110797405243,
        -0.4681363105773926,
        -0.014783589169383049,
        0.8835326433181763,
        2.63177490234375
    ],
    [
        0.8723105192184448,
        -0.02574390359222889,
        0.48827409744262695,
        -2.03540301322937,
        0.014798878692090511,
        0.9995455741882324,
        0.02626185491681099,
        -0.017008591443300247,
        -0.48872828483581543,
        -0.015682585537433624,
        0.872295081615448,
        2.736267566680908
    ],
    [
        0.8588716387748718,
        -0.028027698397636414,
        0.5114235281944275,
        -2.108103036880493,
        0.015727169811725616,
        0.9994738698005676,
        0.028362665325403214,
        -0.023845035582780838,
        -0.5119495391845703,
        -0.01631663739681244,
        0.8588605523109436,
        2.8651981353759766
    ]
]