[
    [
        0.999911367893219,
        -0.0012411321513354778,
        -0.01325809583067894,
        -0.13263249397277832,
        0.0011676551075652242,
        0.9999839663505554,
        -0.005548351444303989,
        0.027490874752402306,
        0.01326476875692606,
        0.005532377865165472,
        0.9998966455459595,
        0.5197425484657288
    ],
    [
        0.9998949766159058,
        -0.0008331672288477421,
        -0.014472315087914467,
        -0.22325751185417175,
        0.0007569618755951524,
        0.9999858736991882,
        -0.0052703311666846275,
        0.04316844418644905,
        0.014476502314209938,
        0.005258822813630104,
        0.9998812675476074,
        0.8235131502151489
    ],
    [
        0.9998760223388672,
        -0.0002607199421618134,
        -0.015743989497423172,
        -0.3453666567802429,
        0.00016992002201732248,
        0.9999833106994629,
        -0.005768341012299061,
        0.02806338481605053,
        0.01574523188173771,
        0.005764950532466173,
        0.9998594522476196,
        1.1575061082839966
    ],
    [
        0.9998646378517151,
        2.5736271709320135e-05,
        -0.016459282487630844,
        -0.4670197367668152,
        -0.0001187457237392664,
        0.9999840259552002,
        -0.00564994802698493,
        0.018553506582975388,
        0.016458867117762566,
        0.005651137325912714,
        0.9998486638069153,
        1.4257768392562866
    ],
    [
        0.9998460412025452,
        0.001215908327139914,
        -0.017504524439573288,
        -0.6593590378761292,
        -0.0013291595969349146,
        0.999978244304657,
        -0.006459666881710291,
        0.0036899279803037643,
        0.017496293410658836,
        0.0064819385297596455,
        0.9998259544372559,
        1.728685975074768
    ],
    [
        0.9999113082885742,
        0.0011541389394551516,
        -0.013270541094243526,
        -0.821659505367279,
        -0.001235848292708397,
        0.9999803304672241,
        -0.006150633096694946,
        -0.033346597105264664,
        0.01326318271458149,
        0.006166489329189062,
        0.999893069267273,
        1.9713166952133179
    ],
    [
        0.9999997615814209,
        -0.00049987604143098,
        -0.0005677808658219874,
        -0.9688968062400818,
        0.0004967130371369421,
        0.9999845027923584,
        -0.005557217635214329,
        -0.06859033554792404,
        0.0005705601070076227,
        0.005556934047490358,
        0.9999843835830688,
        2.2455387115478516
    ],
    [
        0.9997966289520264,
        -0.002414009300991893,
        0.02002115547657013,
        -1.113777756690979,
        0.0025117641780525446,
        0.9999850988388062,
        -0.0048590064980089664,
        -0.13694721460342407,
        -0.020008891820907593,
        0.004908302798867226,
        0.9997878074645996,
        2.5194859504699707
    ],
    [
        0.9989723563194275,
        -0.0046480074524879456,
        0.04508523270487785,
        -1.2430113554000854,
        0.004900775384157896,
        0.9999728202819824,
        -0.005497434176504612,
        -0.15808987617492676,
        -0.04505857452750206,
        0.005712737329304218,
        0.9989680051803589,
        2.7467756271362305
    ],
    [
        0.9974963068962097,
        -0.005734988953918219,
        0.07048467546701431,
        -1.4376089572906494,
        0.006087975576519966,
        0.9999700784683228,
        -0.0047942460514605045,
        -0.18319858610630035,
        -0.07045482844114304,
        0.005211353302001953,
        0.9975013732910156,
        3.0320839881896973
    ],
    [
        0.9948058128356934,
        -0.009012154303491116,
        0.10139172524213791,
        -1.562669277191162,
        0.009588225744664669,
        0.9999405741691589,
        -0.005195755511522293,
        -0.19325241446495056,
        -0.10133883357048035,
        0.006140933372080326,
        0.9948330521583557,
        3.2617433071136475
    ],
    [
        0.9907721281051636,
        -0.013127543963491917,
        0.13490092754364014,
        -1.642626166343689,
        0.01371586974710226,
        0.9999000430107117,
        -0.0034327441826462746,
        -0.18357601761817932,
        -0.13484245538711548,
        0.005251352675259113,
        0.9908531308174133,
        3.543755531311035
    ],
    [
        0.9870198965072632,
        -0.016144149005413055,
        0.15978454053401947,
        -1.691399335861206,
        0.01683724857866764,
        0.9998537302017212,
        -0.0029847424011677504,
        -0.1989874541759491,
        -0.15971285104751587,
        0.005636333953589201,
        0.9871473908424377,
        3.8201663494110107
    ],
    [
        0.9838161468505859,
        -0.01927153952419758,
        0.17814138531684875,
        -1.6774616241455078,
        0.020223194733262062,
        0.9997892379760742,
        -0.0035277081187814474,
        -0.19643673300743103,
        -0.178035706281662,
        0.007073205430060625,
        0.9839985966682434,
        4.015265464782715
    ],
    [
        0.9817254543304443,
        -0.021682867780327797,
        0.18906337022781372,
        -1.6224946975708008,
        0.022567348554730415,
        0.9997420310974121,
        -0.0025264935102313757,
        -0.19972045719623566,
        -0.18895982205867767,
        0.006746983155608177,
        0.9819616079330444,
        4.288087368011475
    ],
    [
        0.9806632399559021,
        -0.02284381352365017,
        0.19436493515968323,
        -1.5445972681045532,
        0.023917147889733315,
        0.9997090101242065,
        -0.003177048871293664,
        -0.21461841464042664,
        -0.19423581659793854,
        0.007764272391796112,
        0.980924129486084,
        4.540953159332275
    ],
    [
        0.9805992245674133,
        -0.02414742298424244,
        0.19453032314777374,
        -1.4345948696136475,
        0.025171535089612007,
        0.9996792674064636,
        -0.002793962601572275,
        -0.2221352905035019,
        -0.1944005936384201,
        0.0076363831758499146,
        0.9808924794197083,
        4.808530330657959
    ],
    [
        0.9807401895523071,
        -0.0253177247941494,
        0.19366921484470367,
        -1.28566312789917,
        0.026189707219600677,
        0.9996551275253296,
        -0.001943018171004951,
        -0.235483780503273,
        -0.19355341792106628,
        0.006977731827646494,
        0.9810649156570435,
        5.060464382171631
    ],
    [
        0.9810884594917297,
        -0.025094538927078247,
        0.19192606210708618,
        -1.139391541481018,
        0.026113200932741165,
        0.9996551275253296,
        -0.0027795692440122366,
        -0.2569340467453003,
        -0.19179007411003113,
        0.00773880397900939,
        0.98140549659729,
        5.296231269836426
    ],
    [
        0.9812005758285522,
        -0.025017719715833664,
        0.19136223196983337,
        -0.9770746827125549,
        0.025815682485699654,
        0.9996652603149414,
        -0.0016775799449533224,
        -0.25923117995262146,
        -0.19125626981258392,
        0.0065861898474395275,
        0.9815180897712708,
        5.544033050537109
    ],
    [
        0.9813997149467468,
        -0.025021450594067574,
        0.19033809006214142,
        -0.808028519153595,
        0.025870271027088165,
        0.9996633529663086,
        -0.001975693739950657,
        -0.30007025599479675,
        -0.19022496044635773,
        0.006863038521260023,
        0.9817165732383728,
        5.78076171875
    ],
    [
        0.9817399978637695,
        -0.024874716997146606,
        0.18859434127807617,
        -0.6201629638671875,
        0.025585824623703957,
        0.9996718168258667,
        -0.0013365292688831687,
        -0.3165297210216522,
        -0.18849925696849823,
        0.0061374567449092865,
        0.9820541739463806,
        6.0154805183410645
    ],
    [
        0.979780375957489,
        -0.026509037241339684,
        0.19831179082393646,
        -0.38290640711784363,
        0.027094753459095955,
        0.9996328949928284,
        -0.00024009417393244803,
        -0.3340616226196289,
        -0.1982329785823822,
        0.005608465988188982,
        0.9801389575004578,
        6.2527008056640625
    ],
    [
        0.9758808016777039,
        -0.02792951837182045,
        0.2165103554725647,
        -0.13236196339130402,
        0.02873407118022442,
        0.9995869398117065,
        -0.0005681986222043633,
        -0.358055055141449,
        -0.21640491485595703,
        0.006775713991373777,
        0.976280152797699,
        6.479395866394043
    ],
    [
        0.9696329236030579,
        -0.02926838956773281,
        0.24280744791030884,
        0.11073612421751022,
        0.030016975477337837,
        0.9995492100715637,
        0.000616839446593076,
        -0.355796754360199,
        -0.2427162379026413,
        0.006690234411507845,
        0.9700742959976196,
        6.722116470336914
    ]
]