[
    [
        0.9918800592422485,
        0.007995628751814365,
        -0.12692497670650482,
        -0.24561870098114014,
        -0.006613196339458227,
        0.9999142289161682,
        0.011309398338198662,
        -0.05540714040398598,
        0.1270045042037964,
        -0.010378187522292137,
        0.9918477535247803,
        0.3114188611507416
    ],
    [
        0.9907329082489014,
        0.009282326325774193,
        -0.13550686836242676,
        -0.27178600430488586,
        -0.007692678831517696,
        0.9998953938484192,
        0.012250028550624847,
        -0.06030348688364029,
        0.13560640811920166,
        -0.01109409611672163,
        0.9907006025314331,
        0.33432191610336304
    ],
    [
        0.9901010394096375,
        0.01004393957555294,
        -0.13999690115451813,
        -0.2847767174243927,
        -0.008321469649672508,
        0.9998824000358582,
        0.012883590534329414,
        -0.06359118968248367,
        0.1401098370552063,
        -0.011591074988245964,
        0.9900680780410767,
        0.3448833227157593
    ],
    [
        0.9894406199455261,
        0.010929779149591923,
        -0.14452579617500305,
        -0.2983328402042389,
        -0.009086395613849163,
        0.9998688697814941,
        0.013408655300736427,
        -0.0663909763097763,
        0.14465339481830597,
        -0.011953850276768208,
        0.9894102811813354,
        0.35713887214660645
    ],
    [
        0.9886987209320068,
        0.011468855664134026,
        -0.14947648346424103,
        -0.3117661476135254,
        -0.009446222335100174,
        0.9998540878295898,
        0.01423443853855133,
        -0.07115324586629868,
        0.14961792528629303,
        -0.012661582790315151,
        0.9886627793312073,
        0.3708745241165161
    ],
    [
        0.9869858026504517,
        0.012511277571320534,
        -0.16032028198242188,
        -0.3348693549633026,
        -0.010162325575947762,
        0.9998288154602051,
        0.01546319480985403,
        -0.07789800316095352,
        0.16048629581928253,
        -0.013632724992930889,
        0.9869439601898193,
        0.40212973952293396
    ],
    [
        0.9860000014305115,
        0.013350804336369038,
        -0.16620951890945435,
        -0.34493324160575867,
        -0.010857182554900646,
        0.9998146891593933,
        0.01590249128639698,
        -0.08068647235631943,
        0.1663910150527954,
        -0.013875290751457214,
        0.9859622120857239,
        0.4199347198009491
    ],
    [
        0.9849831461906433,
        0.0145016610622406,
        -0.17204053699970245,
        -0.3557586669921875,
        -0.011858941055834293,
        0.9997955560684204,
        0.016378922387957573,
        -0.08391261845827103,
        0.17224286496639252,
        -0.014092743396759033,
        0.9849536418914795,
        0.4383523166179657
    ],
    [
        0.9838906526565552,
        0.01588672213256359,
        -0.17806409299373627,
        -0.3656401038169861,
        -0.013096796348690987,
        0.9997725486755371,
        0.016832664608955383,
        -0.08583593368530273,
        0.17829102277755737,
        -0.014229428954422474,
        0.9838747978210449,
        0.45641493797302246
    ],
    [
        0.9815296530723572,
        0.017742246389389038,
        -0.19048583507537842,
        -0.3832146227359772,
        -0.014650258235633373,
        0.9997373223304749,
        0.017628200352191925,
        -0.09029673039913177,
        0.19074854254722595,
        -0.014511935412883759,
        0.9815317392349243,
        0.48777925968170166
    ],
    [
        0.980288565158844,
        0.018437093123793602,
        -0.19670870900154114,
        -0.3915860950946808,
        -0.01520073413848877,
        0.9997233748435974,
        0.017949819564819336,
        -0.09223391860723495,
        0.19698522984981537,
        -0.01460588350892067,
        0.9802976846694946,
        0.5031032562255859
    ],
    [
        0.9790043830871582,
        0.019414424896240234,
        -0.20291249454021454,
        -0.4010145366191864,
        -0.01602758653461933,
        0.9997036457061768,
        0.018321171402931213,
        -0.0948040559887886,
        0.2032080590724945,
        -0.014684311114251614,
        0.9790254235267639,
        0.5188779830932617
    ],
    [
        0.9775828719139099,
        0.02053632214665413,
        -0.20954686403274536,
        -0.4109208285808563,
        -0.01700899749994278,
        0.9996819496154785,
        0.018621550872921944,
        -0.09704283624887466,
        0.20986264944076538,
        -0.014639927074313164,
        0.9776212573051453,
        0.5363206267356873
    ],
    [
        0.9742071628570557,
        0.022827856242656708,
        -0.22449800372123718,
        -0.43070295453071594,
        -0.019086897373199463,
        0.9996406435966492,
        0.018820038065314293,
        -0.10034658759832382,
        0.2248469591140747,
        -0.014049643650650978,
        0.9742927551269531,
        0.5773036479949951
    ],
    [
        0.9723690152168274,
        0.02365047112107277,
        -0.23224782943725586,
        -0.44063326716423035,
        -0.0198519267141819,
        0.9996284246444702,
        0.0186795461922884,
        -0.10110925137996674,
        0.2326033115386963,
        -0.01355284359306097,
        0.9724771976470947,
        0.597598135471344
    ],
    [
        0.9704731702804565,
        0.02424994483590126,
        -0.23998701572418213,
        -0.45005181431770325,
        -0.020388202741742134,
        0.999619722366333,
        0.01856151595711708,
        -0.1022023931145668,
        0.24034589529037476,
        -0.013120547868311405,
        0.970598578453064,
        0.6170848608016968
    ],
    [
        0.9685400128364563,
        0.024813303723931313,
        -0.24761773645877838,
        -0.45938313007354736,
        -0.02099825255572796,
        0.999616801738739,
        0.018036462366580963,
        -0.10179167985916138,
        0.24797040224075317,
        -0.01226949691772461,
        0.9686898589134216,
        0.6376115679740906
    ],
    [
        0.9644250869750977,
        0.026364115998148918,
        -0.2630383372306824,
        -0.4794427156448364,
        -0.022359132766723633,
        0.9995841979980469,
        0.01820816472172737,
        -0.10522691160440445,
        0.2634090185165405,
        -0.01167910173535347,
        0.9646134972572327,
        0.676398754119873
    ],
    [
        0.9622606635093689,
        0.027018047869205475,
        -0.2707846760749817,
        -0.48972654342651367,
        -0.022977391257882118,
        0.9995725154876709,
        0.018081728368997574,
        -0.10629040002822876,
        0.271157443523407,
        -0.011177408508956432,
        0.9624700546264648,
        0.6957952976226807
    ],
    [
        0.960080087184906,
        0.028252363204956055,
        -0.27829498052597046,
        -0.5010160803794861,
        -0.02410442940890789,
        0.999541699886322,
        0.018315941095352173,
        -0.10849212855100632,
        0.2786848843097687,
        -0.010876628570258617,
        0.9603209495544434,
        0.71573805809021
    ],
    [
        0.9577676653862,
        0.029695022851228714,
        -0.28600552678108215,
        -0.5116448998451233,
        -0.025408565998077393,
        0.999502420425415,
        0.018687546253204346,
        -0.11141671985387802,
        0.28641819953918457,
        -0.010631340555846691,
        0.9580457210540771,
        0.7358245253562927
    ],
    [
        0.9527310132980347,
        0.03306451812386513,
        -0.30201050639152527,
        -0.5340174436569214,
        -0.028383908793330193,
        0.9993994235992432,
        0.019874922931194305,
        -0.11948894709348679,
        0.3024863004684448,
        -0.010363218374550343,
        0.9530973434448242,
        0.7792903780937195
    ],
    [
        0.9501569271087646,
        0.03477133810520172,
        -0.30982691049575806,
        -0.5451443195343018,
        -0.03001510724425316,
        0.9993471503257751,
        0.020106643438339233,
        -0.12318146973848343,
        0.3103237748146057,
        -0.009804981760680676,
        0.9505804181098938,
        0.7989968657493591
    ],
    [
        0.9475884437561035,
        0.03612595424056053,
        -0.31744441390037537,
        -0.5565774440765381,
        -0.03125845640897751,
        0.999302864074707,
        0.02041497826576233,
        -0.12645597755908966,
        0.31796061992645264,
        -0.009422178380191326,
        0.9480570554733276,
        0.8196220397949219
    ],
    [
        0.9449668526649475,
        0.03757646307349205,
        -0.3250010907649994,
        -0.5685370564460754,
        -0.03255189210176468,
        0.9992517828941345,
        0.020885741338133812,
        -0.13035985827445984,
        0.32554274797439575,
        -0.00915693212300539,
        0.9454829096794128,
        0.8397859930992126
    ],
    [
        0.9391258955001831,
        0.04063599929213524,
        -0.3411616086959839,
        -0.5918476581573486,
        -0.03545588627457619,
        0.9991418719291687,
        0.02140801213681698,
        -0.1374019980430603,
        0.3417387902736664,
        -0.008008631877601147,
        0.9397607445716858,
        0.8827236294746399
    ],
    [
        0.9363427758216858,
        0.04159777984023094,
        -0.3486141264438629,
        -0.6045840382575989,
        -0.036335717886686325,
        0.9991057515144348,
        0.021622441709041595,
        -0.14041712880134583,
        0.3492017686367035,
        -0.007578871212899685,
        0.9370169043540955,
        0.9032143950462341
    ],
    [
        0.9335243105888367,
        0.04253319650888443,
        -0.3559822142124176,
        -0.6175733208656311,
        -0.03717183694243431,
        0.999069094657898,
        0.021890947595238686,
        -0.1436009258031845,
        0.3565818965435028,
        -0.0072032189927995205,
        0.9342363476753235,
        0.9239453673362732
    ],
    [
        0.930578351020813,
        0.043851688504219055,
        -0.3634568750858307,
        -0.6302588582038879,
        -0.038505423814058304,
        0.9990174174308777,
        0.021945608779788017,
        -0.14662966132164001,
        0.36406204104423523,
        -0.006427048705518246,
        0.9313526153564453,
        0.9445915818214417
    ],
    [
        0.9248089790344238,
        0.0458410419523716,
        -0.3776600658893585,
        -0.6580117344856262,
        -0.04033094644546509,
        0.9989332556724548,
        0.022490402683615685,
        -0.1523337960243225,
        0.3782881498336792,
        -0.00556793762370944,
        0.9256710410118103,
        0.9848085045814514
    ],
    [
        0.9217882752418518,
        0.046953827142715454,
        -0.38483989238739014,
        -0.6718257069587708,
        -0.04141003638505936,
        0.9988847374916077,
        0.02268519066274166,
        -0.15497642755508423,
        0.3854758143424988,
        -0.004974710289388895,
        0.9227045774459839,
        1.0054306983947754
    ],
    [
        0.9186321496963501,
        0.04818636551499367,
        -0.3921647071838379,
        -0.6854183673858643,
        -0.04262367635965347,
        0.9988290667533875,
        0.022884439677000046,
        -0.1580667495727539,
        0.392808198928833,
        -0.004306881222873926,
        0.919610321521759,
        1.026271939277649
    ],
    [
        0.9156398773193359,
        0.049135006964206696,
        -0.39898523688316345,
        -0.7000404596328735,
        -0.04353075847029686,
        0.9987849593162537,
        0.023100614547729492,
        -0.1606861650943756,
        0.39963552355766296,
        -0.0037837109994143248,
        0.9166662096977234,
        1.0461313724517822
    ],
    [
        0.9093919992446899,
        0.051571063697338104,
        -0.4127306044101715,
        -0.7310522794723511,
        -0.045854195952415466,
        0.9986657500267029,
        0.02375110611319542,
        -0.16716349124908447,
        0.41340476274490356,
        -0.002673631999641657,
        0.9105435013771057,
        1.0871669054031372
    ],
    [
        0.9063053131103516,
        0.05272405594587326,
        -0.4193217158317566,
        -0.7465342879295349,
        -0.04701569676399231,
        0.9986070990562439,
        0.02394353598356247,
        -0.16983531415462494,
        0.4200000464916229,
        -0.0019854537677019835,
        0.9075218439102173,
        1.1069116592407227
    ],
    [
        0.9031006693840027,
        0.05380180478096008,
        -0.42604532837867737,
        -0.7623152136802673,
        -0.04813389852643013,
        0.9985508322715759,
        0.024068070575594902,
        -0.17189446091651917,
        0.42672282457351685,
        -0.0012286652345210314,
        0.9043815732002258,
        1.1274019479751587
    ],
    [
        0.9000759720802307,
        0.05476485937833786,
        -0.432277649641037,
        -0.7796764373779297,
        -0.04906454309821129,
        0.9984989762306213,
        0.02433815784752369,
        -0.17431356012821198,
        0.43296170234680176,
        -0.0006966821383684874,
        0.9014121294021606,
        1.1479908227920532
    ],
    [
        0.8938470482826233,
        0.05639152228832245,
        -0.44481176137924194,
        -0.8154688477516174,
        -0.050776127725839615,
        0.9984086155891418,
        0.024540025740861893,
        -0.17833128571510315,
        0.44548770785331726,
        0.0006507906364277005,
        0.8952876925468445,
        1.1910741329193115
    ],
    [
        0.8907665610313416,
        0.05756444111466408,
        -0.45080068707466125,
        -0.8342548608779907,
        -0.051963966339826584,
        0.998340904712677,
        0.024802913889288902,
        -0.18129335343837738,
        0.45148056745529175,
        0.0013317877892404795,
        0.8922799825668335,
        1.212372064590454
    ],
    [
        0.8876612782478333,
        0.058438993990421295,
        -0.4567737877368927,
        -0.852634072303772,
        -0.05280940979719162,
        0.9982892870903015,
        0.025093702599406242,
        -0.18381305038928986,
        0.45745888352394104,
        0.0018472443334758282,
        0.8892289400100708,
        1.2336511611938477
    ],
    [
        0.8844501376152039,
        0.05902611091732979,
        -0.4628864526748657,
        -0.8704336881637573,
        -0.05336105823516846,
        0.9982538223266602,
        0.025336341932415962,
        -0.18628862500190735,
        0.4635736644268036,
        0.0022913829889148474,
        0.8860553503036499,
        1.2553073167800903
    ],
    [
        0.8785374760627747,
        0.06133557856082916,
        -0.4737192690372467,
        -0.9133802056312561,
        -0.05588912591338158,
        0.9981092810630798,
        0.025582466274499893,
        -0.19223183393478394,
        0.4743926227092743,
        0.004000604618340731,
        0.880304217338562,
        1.2973076105117798
    ],
    [
        0.8754215240478516,
        0.06242069974541664,
        -0.47931283712387085,
        -0.9311289191246033,
        -0.05698639154434204,
        0.9980390667915344,
        0.02589370496571064,
        -0.19534476101398468,
        0.479989230632782,
        0.004646402318030596,
        0.8772620558738708,
        1.3177729845046997
    ],
    [
        0.872384786605835,
        0.06354445964097977,
        -0.4846719205379486,
        -0.9506521224975586,
        -0.05806080996990204,
        0.9979656934738159,
        0.0263349711894989,
        -0.19880080223083496,
        0.48535940051078796,
        0.0051662209443748,
        0.8742994666099548,
        1.3392788171768188
    ],
    [
        0.8694862723350525,
        0.06500290334224701,
        -0.4896613657474518,
        -0.9707748293876648,
        -0.05940800905227661,
        0.9978691935539246,
        0.02697771042585373,
        -0.20286720991134644,
        0.49037158489227295,
        0.005633056629449129,
        0.871495246887207,
        1.3602865934371948
    ],
    [
        0.8635420799255371,
        0.06799108535051346,
        -0.49967217445373535,
        -1.0085221529006958,
        -0.06216081604361534,
        0.9976640939712524,
        0.028326140716671944,
        -0.21144065260887146,
        0.5004309415817261,
        0.006599219981580973,
        0.8657512664794922,
        1.4001199007034302
    ],
    [
        0.8605474829673767,
        0.06942297518253326,
        -0.5046171545982361,
        -1.0266296863555908,
        -0.0635852962732315,
        0.9975606799125671,
        0.028804929926991463,
        -0.21537147462368011,
        0.5053859353065491,
        0.007298222742974758,
        0.8628625273704529,
        1.4194139242172241
    ],
    [
        0.8574715852737427,
        0.0703691616654396,
        -0.5096966028213501,
        -1.0424880981445312,
        -0.06447722762823105,
        0.9974905848503113,
        0.02924325317144394,
        -0.21905797719955444,
        0.5104753971099854,
        0.007788563147187233,
        0.8598571419715881,
        1.4389958381652832
    ],
    [
        0.8546093702316284,
        0.07122410088777542,
        -0.514363706111908,
        -1.0600296258926392,
        -0.06529121845960617,
        0.9974262118339539,
        0.029633253812789917,
        -0.22274576127529144,
        0.5151503682136536,
        0.008258585818111897,
        0.8570599555969238,
        1.458796739578247
    ],
    [
        0.8488373160362244,
        0.07216548174619675,
        -0.5237053036689758,
        -1.0942875146865845,
        -0.06620319932699203,
        0.9973512291908264,
        0.030128737911581993,
        -0.22859591245651245,
        0.5244924426078796,
        0.009096575900912285,
        0.8513664603233337,
        1.5001568794250488
    ],
    [
        0.8460816740989685,
        0.0729246512055397,
        -0.5280413627624512,
        -1.1123265027999878,
        -0.06697167456150055,
        0.9972909092903137,
        0.030421070754528046,
        -0.23181788623332977,
        0.5288293957710266,
        0.009625104255974293,
        0.8486737012863159,
        1.5204919576644897
    ],
    [
        0.8432846665382385,
        0.07362451404333115,
        -0.5324006676673889,
        -1.1298025846481323,
        -0.06778714805841446,
        0.9972324371337891,
        0.030535070225596428,
        -0.23440688848495483,
        0.5331753492355347,
        0.010340165346860886,
        0.8459416031837463,
        1.54104745388031
    ],
    [
        0.840400755405426,
        0.07385086268186569,
        -0.5369101166725159,
        -1.1458896398544312,
        -0.06805973500013351,
        0.9972107410430908,
        0.030633464455604553,
        -0.23649144172668457,
        0.5376749634742737,
        0.010797576047480106,
        0.8430830836296082,
        1.5621399879455566
    ],
    [
        0.8347883224487305,
        0.07436109334230423,
        -0.5455262660980225,
        -1.178844928741455,
        -0.06889981776475906,
        0.9971575140953064,
        0.030489733442664146,
        -0.24043488502502441,
        0.546242892742157,
        0.012134195305407047,
        0.8375389575958252,
        1.604178786277771
    ],
    [
        0.8320411443710327,
        0.07455917447805405,
        -0.5496804118156433,
        -1.195155382156372,
        -0.06934840977191925,
        0.9971327781677246,
        0.03028063289821148,
        -0.2422349750995636,
        0.5503620505332947,
        0.0129247410222888,
        0.8348259925842285,
        1.6252944469451904
    ],
    [
        0.8293500542640686,
        0.07453346997499466,
        -0.553735613822937,
        -1.212279200553894,
        -0.06946767866611481,
        0.997127890586853,
        0.030170295387506485,
        -0.2439039796590805,
        0.5543939471244812,
        0.013444995507597923,
        0.8321458101272583,
        1.647262692451477
    ],
    [
        0.826603353023529,
        0.07435910403728485,
        -0.5578508377075195,
        -1.2284226417541504,
        -0.06939312815666199,
        0.9971355199813843,
        0.030089592561125755,
        -0.2453605979681015,
        0.5584903359413147,
        0.013838856481015682,
        0.829395592212677,
        1.6692560911178589
    ],
    [
        0.8215208053588867,
        0.07491912692785263,
        -0.5652350783348083,
        -1.2650450468063354,
        -0.07031940668821335,
        0.9970747232437134,
        0.029954085126519203,
        -0.2504233419895172,
        0.5658257603645325,
        0.015139098279178143,
        0.8243858814239502,
        1.7138465642929077
    ],
    [
        0.8189849257469177,
        0.07485303282737732,
        -0.5689119100570679,
        -1.2824172973632812,
        -0.07036843150854111,
        0.9970731735229492,
        0.029887370765209198,
        -0.25253668427467346,
        0.5694839358329773,
        0.015556123107671738,
        0.8218552470207214,
        1.7364341020584106
    ],
    [
        0.8164507746696472,
        0.07461079210042953,
        -0.5725743770599365,
        -1.2980695962905884,
        -0.07037544250488281,
        0.9970819354057312,
        0.029576966539025307,
        -0.2538391947746277,
        0.5731102824211121,
        0.016147036105394363,
        0.8193190693855286,
        1.7585214376449585
    ],
    [
        0.8142309188842773,
        0.0745040699839592,
        -0.575740396976471,
        -1.3165340423583984,
        -0.0703762099146843,
        0.9970842003822327,
        0.029499992728233337,
        -0.2561318278312683,
        0.5762595534324646,
        0.0164986252784729,
        0.8171002268791199,
        1.781265139579773
    ],
    [
        0.8100141882896423,
        0.07530879229307175,
        -0.5815544724464417,
        -1.3564262390136719,
        -0.07111041247844696,
        0.9970152974128723,
        0.03006352111697197,
        -0.26314055919647217,
        0.5820828080177307,
        0.01700270175933838,
        0.8129517436027527,
        1.8268879652023315
    ],
    [
        0.8078581690788269,
        0.07529875636100769,
        -0.5845471620559692,
        -1.37521231174469,
        -0.07115186005830765,
        0.9970113039016724,
        0.030096987262368202,
        -0.2654159963130951,
        0.5850663781166077,
        0.017277518287301064,
        0.8108013868331909,
        1.8493643999099731
    ],
    [
        0.8057343363761902,
        0.07528118044137955,
        -0.587473452091217,
        -1.3933385610580444,
        -0.07117579132318497,
        0.9970083832740784,
        0.030141236260533333,
        -0.26740723848342896,
        0.5879849195480347,
        0.017528057098388672,
        0.8086819052696228,
        1.8717269897460938
    ],
    [
        0.8036925196647644,
        0.07564184814691544,
        -0.5902175307273865,
        -1.4121710062026978,
        -0.07142267376184464,
        0.9969792366027832,
        0.030516691505908966,
        -0.2704790234565735,
        0.5907430052757263,
        0.017628878355026245,
        0.8066672086715698,
        1.8945602178573608
    ],
    [
        0.799798309803009,
        0.07644929736852646,
        -0.5953807234764099,
        -1.451688289642334,
        -0.07204678654670715,
        0.99691241979599,
        0.031224314123392105,
        -0.2769646942615509,
        0.5959294438362122,
        0.017922116443514824,
        0.8028368353843689,
        1.941225528717041
    ],
    [
        0.7978571653366089,
        0.0766444131731987,
        -0.5979544520378113,
        -1.4707313776016235,
        -0.07216338813304901,
        0.9968954920768738,
        0.03149135038256645,
        -0.2797048091888428,
        0.598511815071106,
        0.018024832010269165,
        0.8009111285209656,
        1.9643913507461548
    ],
    [
        0.796033501625061,
        0.0768762081861496,
        -0.6003504991531372,
        -1.4911680221557617,
        -0.07230806350708008,
        0.996876060962677,
        0.031775444746017456,
        -0.28218936920166016,
        0.6009178161621094,
        0.018115876242518425,
        0.7991054654121399,
        1.987555980682373
    ],
    [
        0.793997049331665,
        0.07740578800439835,
        -0.602973461151123,
        -1.5096346139907837,
        -0.07258561253547668,
        0.9968361854553223,
        0.03238638490438461,
        -0.28592270612716675,
        0.6035727858543396,
        0.01805250160396099,
        0.7971035838127136,
        2.010638475418091
    ],
    [
        0.7899160981178284,
        0.07846171408891678,
        -0.6081745028495789,
        -1.545168161392212,
        -0.07334548979997635,
        0.9967495203018188,
        0.033329077064991,
        -0.2927865982055664,
        0.6088127493858337,
        0.018279679119586945,
        0.7931033968925476,
        2.05622935295105
    ],
    [
        0.7878805994987488,
        0.07869986444711685,
        -0.6107786893844604,
        -1.5622974634170532,
        -0.07347995787858963,
        0.9967291355133057,
        0.03364396095275879,
        -0.2956565022468567,
        0.6114286184310913,
        0.018372561782598495,
        0.7910862565040588,
        2.078430652618408
    ],
    [
        0.7860127091407776,
        0.07916803658008575,
        -0.6131203174591064,
        -1.5816601514816284,
        -0.07377927750349045,
        0.9966910481452942,
        0.03411177918314934,
        -0.2989174723625183,
        0.6137921214103699,
        0.0184232909232378,
        0.7892526984214783,
        2.101219654083252
    ],
    [
        0.7842215299606323,
        0.07946767657995224,
        -0.61537104845047,
        -1.6012961864471436,
        -0.07395227998495102,
        0.9966661334037781,
        0.03446337953209877,
        -0.3020000159740448,
        0.6160581111907959,
        0.018481170758605003,
        0.787483811378479,
        2.1242215633392334
    ],
    [
        0.7810962200164795,
        0.07966678589582443,
        -0.6193075776100159,
        -1.6458637714385986,
        -0.07401798665523529,
        0.9966475963592529,
        0.03485269472002983,
        -0.3069929778575897,
        0.6200080513954163,
        0.018616585060954094,
        0.7843745350837708,
        2.170990467071533
    ],
    [
        0.779617428779602,
        0.07953853160142899,
        -0.6211845874786377,
        -1.669213056564331,
        -0.07390345633029938,
        0.9966558218002319,
        0.034862615168094635,
        -0.3088981807231903,
        0.6218801140785217,
        0.01872817985713482,
        0.7828885912895203,
        2.1954150199890137
    ],
    [
        0.7781448364257812,
        0.07901692390441895,
        -0.6230946779251099,
        -1.69076406955719,
        -0.07343960553407669,
        0.996696412563324,
        0.03468053415417671,
        -0.3100968897342682,
        0.6237766146659851,
        0.018773343414068222,
        0.7813771367073059,
        2.2203361988067627
    ],
    [
        0.7766228318214417,
        0.07872193306684494,
        -0.6250278949737549,
        -1.7121331691741943,
        -0.07316902279853821,
        0.9967184662818909,
        0.03462065011262894,
        -0.31196874380111694,
        0.6257022619247437,
        0.018845494836568832,
        0.7798342704772949,
        2.245619535446167
    ],
    [
        0.7738986611366272,
        0.07926953583955765,
        -0.6283290386199951,
        -1.760043740272522,
        -0.0734352320432663,
        0.9966753721237183,
        0.035291340202093124,
        -0.31711462140083313,
        0.6290375590324402,
        0.01882956735789776,
        0.7771469354629517,
        2.2935643196105957
    ],
    [
        0.7723923921585083,
        0.07890722155570984,
        -0.6302250027656555,
        -1.7804877758026123,
        -0.07312974333763123,
        0.9967023134231567,
        0.0351654514670372,
        -0.31834930181503296,
        0.630921483039856,
        0.01892666146159172,
        0.7756158113479614,
        2.3177578449249268
    ],
    [
        0.7709937691688538,
        0.07866469025611877,
        -0.6319655179977417,
        -1.8025689125061035,
        -0.07284239679574966,
        0.9967220425605774,
        0.035200972110033035,
        -0.31978100538253784,
        0.6326630711555481,
        0.018894154578447342,
        0.7741966247558594,
        2.3424222469329834
    ],
    [
        0.7693561315536499,
        0.07855184376239777,
        -0.63397216796875,
        -1.821365237236023,
        -0.0726872980594635,
        0.9967302680015564,
        0.03528952971100807,
        -0.3216213285923004,
        0.6346713304519653,
        0.01893150992691517,
        0.7725502848625183,
        2.364793062210083
    ],
    [
        0.7651153206825256,
        0.07882359623908997,
        -0.6390505433082581,
        -1.8758420944213867,
        -0.07258354127407074,
        0.996711015701294,
        0.03603718429803848,
        -0.3271632790565491,
        0.6397892832756042,
        0.018811946734786034,
        0.7683200836181641,
        2.4252541065216064
    ],
    [
        0.7635335326194763,
        0.07917524129152298,
        -0.6408960819244385,
        -1.8929405212402344,
        -0.0728200301527977,
        0.9966816306114197,
        0.03637402132153511,
        -0.32929930090904236,
        0.6416493058204651,
        0.0188972856849432,
        0.7667653560638428,
        2.4452245235443115
    ],
    [
        0.7619819641113281,
        0.07945550978183746,
        -0.6427055597305298,
        -1.9107325077056885,
        -0.07301677763462067,
        0.9966572523117065,
        0.03664577007293701,
        -0.33141767978668213,
        0.6434687376022339,
        0.01900486648082733,
        0.7652363777160645,
        2.4661126136779785
    ],
    [
        0.7590900659561157,
        0.07981091737747192,
        -0.6460748314857483,
        -1.949034571647644,
        -0.07313964515924454,
        0.99662846326828,
        0.03718183562159538,
        -0.3357875347137451,
        0.6468639373779297,
        0.019029319286346436,
        0.7623679637908936,
        2.510432720184326
    ],
    [
        0.7573267221450806,
        0.0802045539021492,
        -0.6480921506881714,
        -1.9656243324279785,
        -0.07341025769710541,
        0.9965947270393372,
        0.03755003586411476,
        -0.3385269045829773,
        0.6488968729972839,
        0.019138965755701065,
        0.7606355547904968,
        2.5322980880737305
    ],
    [
        0.7557422518730164,
        0.08036161214113235,
        -0.6499197483062744,
        -1.983960747718811,
        -0.07354788482189178,
        0.9965788125991821,
        0.037702254951000214,
        -0.34050214290618896,
        0.6507260799407959,
        0.019307034090161324,
        0.7590670585632324,
        2.55452299118042
    ],
    [
        0.753965437412262,
        0.08035890758037567,
        -0.6519804000854492,
        -2.000437021255493,
        -0.07352108508348465,
        0.9965766668319702,
        0.03781009465456009,
        -0.3423006534576416,
        0.652786910533905,
        0.019426800310611725,
        0.757292628288269,
        2.5770339965820312
    ],
    [
        0.7507207989692688,
        0.08075299859046936,
        -0.6556655168533325,
        -2.0379366874694824,
        -0.07397758960723877,
        0.9965344667434692,
        0.038032542914152145,
        -0.3472245931625366,
        0.6564645171165466,
        0.01995272934436798,
        0.7540930509567261,
        2.623871088027954
    ],
    [
        0.7490884065628052,
        0.08092416077852249,
        -0.6575088500976562,
        -2.057358503341675,
        -0.07413272559642792,
        0.9965168833732605,
        0.0381900854408741,
        -0.34988459944725037,
        0.6583091616630554,
        0.020135169848799706,
        0.7524784207344055,
        2.6480894088745117
    ],
    [
        0.7474896907806396,
        0.0811464935541153,
        -0.6592983603477478,
        -2.07688570022583,
        -0.07435624301433563,
        0.9964942336082458,
        0.038346052169799805,
        -0.3524754047393799,
        0.6600987315177917,
        0.02035965956747532,
        0.7509030103683472,
        2.6721527576446533
    ],
    [
        0.745330274105072,
        0.08163683861494064,
        -0.6616783738136292,
        -2.093289613723755,
        -0.07489050179719925,
        0.9964451193809509,
        0.03858139365911484,
        -0.3557426631450653,
        0.6624758243560791,
        0.020797554403543472,
        0.7487946152687073,
        2.6970348358154297
    ],
    [
        0.7414753437042236,
        0.08206842839717865,
        -0.6659422516822815,
        -2.128117084503174,
        -0.0752078965306282,
        0.9964027404785156,
        0.039055049419403076,
        -0.36212536692619324,
        0.6667519807815552,
        0.02112576924264431,
        0.7449802160263062,
        2.747413158416748
    ],
    [
        0.7395216822624207,
        0.08230088651180267,
        -0.6680824756622314,
        -2.145003080368042,
        -0.07500670850276947,
        0.9963917136192322,
        0.0397179052233696,
        -0.366013765335083,
        0.6689407229423523,
        0.02073841542005539,
        0.7430264949798584,
        2.772916555404663
    ],
    [
        0.7378131151199341,
        0.08225635439157486,
        -0.6699743270874023,
        -2.1644444465637207,
        -0.07480650395154953,
        0.9963974356651306,
        0.03995198383927345,
        -0.36843881011009216,
        0.6708470582962036,
        0.020641349256038666,
        0.7413083910942078,
        2.7976818084716797
    ],
    [
        0.7357993125915527,
        0.08259350061416626,
        -0.6721440553665161,
        -2.1822803020477295,
        -0.07497110217809677,
        0.9963684678077698,
        0.04036318510770798,
        -0.37176236510276794,
        0.6730368733406067,
        0.020692169666290283,
        0.7393194437026978,
        2.8224332332611084
    ],
    [
        0.7324519157409668,
        0.08255761116743088,
        -0.6757947206497192,
        -2.220412492752075,
        -0.07509256899356842,
        0.9963606595993042,
        0.04033096134662628,
        -0.3761780261993408,
        0.6766648292541504,
        0.02120666392147541,
        0.7359856963157654,
        2.8724021911621094
    ],
    [
        0.7310473322868347,
        0.08244019001722336,
        -0.6773281693458557,
        -2.2409188747406006,
        -0.07511641830205917,
        0.9963642358779907,
        0.04019734635949135,
        -0.37812936305999756,
        0.6781795024871826,
        0.021492313593626022,
        0.7345818877220154,
        2.896981954574585
    ],
    [
        0.7295694947242737,
        0.08253117650747299,
        -0.6789087057113647,
        -2.2609949111938477,
        -0.07526519894599915,
        0.9963513016700745,
        0.04023938253521919,
        -0.38069796562194824,
        0.6797525882720947,
        0.021740779280662537,
        0.7331192493438721,
        2.9210777282714844
    ],
    [
        0.7280467748641968,
        0.08255932480096817,
        -0.6805379986763,
        -2.279550075531006,
        -0.07521829009056091,
        0.9963482022285461,
        0.04040246456861496,
        -0.38291770219802856,
        0.6813884377479553,
        0.02177402190864086,
        0.7315979599952698,
        2.9437975883483887
    ],
    [
        0.7251533269882202,
        0.08329406380653381,
        -0.6835309863090515,
        -2.3138086795806885,
        -0.07587968558073044,
        0.9962776303291321,
        0.040904656052589417,
        -0.389127254486084,
        0.6843938231468201,
        0.022203976288437843,
        0.7287743091583252,
        2.9871201515197754
    ],
    [
        0.7239497303962708,
        0.08361146599054337,
        -0.6847670674324036,
        -2.331437349319458,
        -0.07613638043403625,
        0.9962478876113892,
        0.041150979697704315,
        -0.39219143986701965,
        0.6856384873390198,
        0.022344453260302544,
        0.7275993227958679,
        3.0077943801879883
    ],
    [
        0.7229504585266113,
        0.08380240947008133,
        -0.685798704624176,
        -2.349816083908081,
        -0.07649139314889908,
        0.996222734451294,
        0.04110007360577583,
        -0.3946465253829956,
        0.6866525411605835,
        0.02274438738822937,
        0.7266297936439514,
        3.027923583984375
    ],
    [
        0.7217310070991516,
        0.0842231959104538,
        -0.6870304942131042,
        -2.366586208343506,
        -0.07684018462896347,
        0.9961835145950317,
        0.04140109196305275,
        -0.3978501260280609,
        0.6878952980041504,
        0.022911105304956436,
        0.7254481315612793,
        3.047882080078125
    ],
    [
        0.719681441783905,
        0.08452656865119934,
        -0.6891400814056396,
        -2.4037187099456787,
        -0.07710975408554077,
        0.9961519837379456,
        0.04165605083107948,
        -0.4034181237220764,
        0.6900092363357544,
        0.023160336539149284,
        0.7234298586845398,
        3.088132381439209
    ],
    [
        0.7185434699058533,
        0.08470822125673294,
        -0.6903041005134583,
        -2.421342134475708,
        -0.07713594287633896,
        0.9961378574371338,
        0.04194604977965355,
        -0.4062219262123108,
        0.6911911964416504,
        0.023107197135686874,
        0.7223024964332581,
        3.1070892810821533
    ],
    [
        0.7175226211547852,
        0.08495744317770004,
        -0.69133460521698,
        -2.440009593963623,
        -0.07737492769956589,
        0.996112585067749,
        0.042105384171009064,
        -0.4091652035713196,
        0.6922242641448975,
        0.023280387744307518,
        0.7213069200515747,
        3.1261355876922607
    ],
    [
        0.7162212133407593,
        0.08559410274028778,
        -0.6926044225692749,
        -2.457606792449951,
        -0.0779019221663475,
        0.9960530996322632,
        0.04253692179918289,
        -0.41324377059936523,
        0.6935116648674011,
        0.023489367216825485,
        0.720062255859375,
        3.146583318710327
    ],
    [
        0.7141216397285461,
        0.08500147610902786,
        -0.694841742515564,
        -2.4962313175201416,
        -0.07751046121120453,
        0.9960982799530029,
        0.04219366982579231,
        -0.41767212748527527,
        0.6957172155380249,
        0.02372608706355095,
        0.7179238200187683,
        3.1896228790283203
    ],
    [
        0.7134320735931396,
        0.08422742784023285,
        -0.6956437826156616,
        -2.5187828540802,
        -0.07666660100221634,
        0.996172308921814,
        0.04198787733912468,
        -0.4194704294204712,
        0.6965176463127136,
        0.023377152159810066,
        0.7171587347984314,
        3.213541269302368
    ],
    [
        0.7122781872749329,
        0.08372576534748077,
        -0.6968857645988464,
        -2.5356507301330566,
        -0.0757598727941513,
        0.9962302446365356,
        0.04225661978125572,
        -0.4219537675380707,
        0.6977967023849487,
        0.022697502747178078,
        0.7159363031387329,
        3.2340025901794434
    ],
    [
        0.7118121385574341,
        0.08364863693714142,
        -0.6973710060119629,
        -2.5578105449676514,
        -0.07620596885681152,
        0.996219277381897,
        0.04171100631356239,
        -0.42384737730026245,
        0.6982235312461853,
