[
    [
        0.9306530952453613,
        0.007010570261627436,
        0.36583566665649414,
        0.574138879776001,
        -0.007974696345627308,
        0.9999675750732422,
        0.001124365022405982,
        -0.0010371480602771044,
        -0.3658158779144287,
        -0.003963821567595005,
        0.9306787848472595,
        -0.24122071266174316
    ],
    [
        0.9190829396247864,
        0.007632473949342966,
        0.3939902186393738,
        0.600654661655426,
        -0.00858877319842577,
        0.9999629259109497,
        0.0006639885250478983,
        -0.0013059158809483051,
        -0.3939705193042755,
        -0.003994154278188944,
        0.9191144704818726,
        -0.2503271698951721
    ],
    [
        0.9058212637901306,
        0.008226670324802399,
        0.4235801696777344,
        0.6272099018096924,
        -0.009223999455571175,
        0.9999574422836304,
        0.000304488668916747,
        -0.0020911572501063347,
        -0.4235595762729645,
        -0.004182914737612009,
        0.90585857629776,
        -0.26220259070396423
    ],
    [
        0.8890506029129028,
        0.008486389182507992,
        0.457730233669281,
        0.6605563759803772,
        -0.00943742785602808,
        0.999955415725708,
        -0.00020898631191812456,
        -0.0029057280626147985,
        -0.4577115774154663,
        -0.004133997019380331,
        0.8890910744667053,
        -0.2762554883956909
    ],
    [
        0.8759127855300903,
        0.0087747098878026,
        0.48238977789878845,
        0.6870512366294861,
        -0.00977982860058546,
        0.9999520778656006,
        -0.0004312085802666843,
        -0.003924129530787468,
        -0.48237040638923645,
        -0.004339989274740219,
        0.8759565353393555,
        -0.28755587339401245
    ],
    [
        0.8621821999549866,
        0.008830121718347073,
        0.5065212845802307,
        0.7134752869606018,
        -0.009808463044464588,
        0.9999516010284424,
        -0.0007364196935668588,
        -0.004542388953268528,
        -0.5065032839775085,
        -0.004333267454057932,
        0.8622270822525024,
        -0.2998100519180298
    ],
    [
        0.8450974225997925,
        0.009169909171760082,
        0.534533679485321,
        0.7454497814178467,
        -0.010342290624976158,
        0.9999461770057678,
        -0.0008028923184610903,
        -0.006403925828635693,
        -0.5345122814178467,
        -0.004849779885262251,
        0.8451468348503113,
        -0.3140762448310852
    ],
    [
        0.8296678066253662,
        0.008997886441648006,
        0.558184802532196,
        0.7710471153259277,
        -0.010529008693993092,
        0.9999444484710693,
        -0.0004690322675742209,
        -0.009028160013258457,
        -0.5581580996513367,
        -0.00548799242824316,
        0.8297165036201477,
        -0.3269102871417999
    ],
    [
        0.8108090162277222,
        0.009206094779074192,
        0.5852383971214294,
        0.7955567240715027,
        -0.011046710424125195,
        0.9999388456344604,
        -0.00042505832971073687,
        -0.010456858202815056,
        -0.5852065682411194,
        -0.006120317615568638,
        0.8108611702919006,
        -0.3396034240722656
    ],
    [
        0.7951290011405945,
        0.009808454662561417,
        0.6063609719276428,
        0.8142908811569214,
        -0.011353741399943829,
        0.999934732913971,
        -0.001286567305214703,
        -0.010327563621103764,
        -0.6063340306282043,
        -0.005861479323357344,
        0.7951884269714355,
        -0.3497698903083801
    ],
    [
        0.7811265587806702,
        0.009986082091927528,
        0.62429279088974,
        0.8329205513000488,
        -0.011700217612087727,
        0.999930739402771,
        -0.0013551930896937847,
        -0.011365036480128765,
        -0.6242630481719971,
        -0.0062457844614982605,
        0.7811892628669739,
        -0.36008700728416443
    ],
    [
        0.7635193467140198,
        0.010151870548725128,
        0.6457050442695618,
        0.853316605091095,
        -0.01231582835316658,
        0.9999234676361084,
        -0.0011579880956560373,
        -0.01273411139845848,
        -0.6456673741340637,
        -0.00706824567168951,
        0.7635861039161682,
        -0.37097012996673584
    ],
    [
        0.7493350505828857,
        0.010590849444270134,
        0.6621063947677612,
        0.8708035349845886,
        -0.012737561017274857,
        0.9999176263809204,
        -0.0015787145821377635,
        -0.013339962810277939,
        -0.6620685458183289,
        -0.007250634022057056,
        0.7494082450866699,
        -0.38100871443748474
    ],
    [
        0.7356323003768921,
        0.01094149425625801,
        0.6772925853729248,
        0.8867251873016357,
        -0.013131710700690746,
        0.9999120235443115,
        -0.001890496932901442,
        -0.014057622291147709,
        -0.6772537231445312,
        -0.0075032999739050865,
        0.7357113361358643,
        -0.38948872685432434
    ],
    [
        0.7193029522895813,
        0.011224978603422642,
        0.6946058869361877,
        0.905255913734436,
        -0.013660063035786152,
        0.9999046325683594,
        -0.002012919168919325,
        -0.015106971375644207,
        -0.6945622563362122,
        -0.008040460757911205,
        0.7193876504898071,
        -0.39966022968292236
    ],
    [
        0.7063168287277222,
        0.01110997423529625,
        0.7078087329864502,
        0.9193772077560425,
        -0.013984793797135353,
        0.9999006390571594,
        -0.001739419880323112,
        -0.016004890203475952,
        -0.7077577114105225,
        -0.008669977076351643,
        0.706402063369751,
        -0.4067267179489136
    ],
    [
        0.6908619403839111,
        0.01143371406942606,
        0.7228962182998657,
        0.9349361658096313,
        -0.014359635300934315,
        0.9998947381973267,
        -0.0020915649365633726,
        -0.016663046553730965,
        -0.7228440642356873,
        -0.008935543708503246,
        0.6909534335136414,
        -0.41475093364715576
    ],
    [
        0.6786150932312012,
        0.011604701168835163,
        0.7344023585319519,
        0.9476383328437805,
        -0.014748646877706051,
        0.9998887777328491,
        -0.0021715047769248486,
        -0.01719709113240242,
        -0.7343460321426392,
        -0.009357824921607971,
        0.6787108182907104,
        -0.4211626648902893
    ],
    [
        0.6675294041633606,
        0.011940685100853443,
        0.7444876432418823,
        0.9596683382987976,
        -0.015167937614023685,
        0.9998819828033447,
        -0.0024368860758841038,
        -0.017292635515332222,
        -0.7444289326667786,
        -0.009665649384260178,
        0.6676316857337952,
        -0.42703256011009216
    ],
    [
        0.6550769209861755,
        0.012326452881097794,
        0.7554616332054138,
        0.9726502895355225,
        -0.015592444688081741,
        0.9998745322227478,
        -0.002793860388919711,
        -0.017592519521713257,
        -0.7554012537002563,
        -0.00994929950684309,
        0.6551869511604309,
        -0.43282943964004517
    ],
    [
        0.6461452841758728,
        0.01265721209347248,
        0.7631094455718994,
        0.9823664426803589,
        -0.016024386510252953,
        0.9998670220375061,
        -0.0030158800072968006,
        -0.017631839960813522,
        -0.7630462050437927,
        -0.010279662907123566,
        0.6462621688842773,
        -0.43686798214912415
    ],
    [
        0.638489305973053,
        0.012728344649076462,
        0.7695254683494568,
        0.9911873936653137,
        -0.016593707725405693,
        0.9998584389686584,
        -0.0027700713835656643,
        -0.018057066947221756,
        -0.7694518566131592,
        -0.0110006183385849,
        0.6386101245880127,
        -0.4403236508369446
    ],
    [
        0.6318589448928833,
        0.012785322032868862,
        0.7749779224395752,
        1.0005512237548828,
        -0.016760122030973434,
        0.9998555779457092,
        -0.0028303274884819984,
        -0.0185717660933733,
        -0.7749021649360657,
        -0.011200357228517532,
        0.6319820284843445,
        -0.4435619115829468
    ],
    [
        0.6268295645713806,
        0.013064234517514706,
        0.7790467739105225,
        1.0071959495544434,
        -0.017070837318897247,
        0.9998497366905212,
        -0.0030316070187836885,
        -0.018509885296225548,
        -0.7789692878723145,
        -0.011398679576814175,
        0.6269584894180298,
        -0.44553932547569275
    ],
    [
        0.6224396824836731,
        0.013002950698137283,
        0.7825597524642944,
        1.0141910314559937,
        -0.017152903601527214,
        0.999848484992981,
        -0.0029701676685363054,
        -0.019044551998376846,
        -0.7824798226356506,
        -0.011574420146644115,
        0.6225684881210327,
        -0.4476192891597748
    ]
]