[
    [
        0.976652204990387,
        -0.014789795503020287,
        0.21431663632392883,
        -0.07300681620836258,
        0.015105212107300758,
        0.9998858571052551,
        0.00016596131899859756,
        -0.00868070125579834,
        -0.21429461240768433,
        0.0030752120073884726,
        0.9767642021179199,
        0.44813114404678345
    ],
    [
        0.9563153386116028,
        -0.01968587003648281,
        0.2916737198829651,
        -0.06915262341499329,
        0.020020989701151848,
        0.9997978806495667,
        0.0018359903478994966,
        -0.023389562964439392,
        -0.2916509211063385,
        0.004083811771124601,
        0.9565162062644958,
        0.6925684809684753
    ],
    [
        0.9330214262008667,
        -0.02340705506503582,
        0.359058678150177,
        -0.03469577059149742,
        0.024100301787257195,
        0.9997063279151917,
        0.002545769792050123,
        -0.03523170202970505,
        -0.35901281237602234,
        0.006278164219111204,
        0.9333115816116333,
        0.9376420378684998
    ],
    [
        0.9156078100204468,
        -0.026930643245577812,
        0.40116962790489197,
        0.04461999237537384,
        0.028181573376059532,
        0.9995989203453064,
        0.0027832998894155025,
        -0.03750908747315407,
        -0.40108370780944824,
        0.008757180534303188,
        0.9159995913505554,
        1.1195768117904663
    ],
    [
        0.9043047428131104,
        -0.02963361144065857,
        0.4258577823638916,
        0.18197840452194214,
        0.03033299185335636,
        0.9995266795158386,
        0.005140958819538355,
        -0.04030873626470566,
        -0.42580851912498474,
        0.008268548175692558,
        0.9047755002975464,
        1.3762640953063965
    ],
    [
        0.9008252620697021,
        -0.0307913850992918,
        0.433088481426239,
        0.3174337148666382,
        0.03165380284190178,
        0.9994852542877197,
        0.005220629740506411,
        -0.046458758413791656,
        -0.4330263137817383,
        0.009006020613014698,
        0.9013362526893616,
        1.5701279640197754
    ],
    [
        0.9003654718399048,
        -0.03164726495742798,
        0.43398216366767883,
        0.475383996963501,
        0.03231460973620415,
        0.9994606375694275,
        0.005841808393597603,
        -0.053077422082424164,
        -0.43393298983573914,
        0.008764202706515789,
        0.9009024500846863,
        1.7891353368759155
    ],
    [
        0.9008594751358032,
        -0.03105718083679676,
        0.43299856781959534,
        0.5977538228034973,
        0.032170601189136505,
        0.9994710683822632,
        0.004756513517349958,
        -0.07802048325538635,
        -0.4329172670841217,
        0.009644873440265656,
        0.9013821482658386,
        1.9824527502059937
    ],
    [
        0.9062724113464355,
        -0.03032482974231243,
        0.42160508036613464,
        0.699993908405304,
        0.031594712287187576,
        0.999492883682251,
        0.0039753601886332035,
        -0.08549868315458298,
        -0.42151179909706116,
        0.009717733599245548,
        0.9067707657814026,
        2.144465923309326
    ],
    [
        0.9223138689994812,
        -0.028655843809247017,
        0.38537782430648804,
        0.835521399974823,
        0.029804348945617676,
        0.9995513558387756,
        0.002994525246322155,
        -0.1028507649898529,
        -0.3852907717227936,
        0.00872404407709837,
        0.9227539896965027,
        2.3308842182159424
    ],
    [
        0.9421562552452087,
        -0.02537001669406891,
        0.33421263098716736,
        0.9382805824279785,
        0.026587016880512238,
        0.999646008014679,
        0.0009332876652479172,
        -0.10373537987470627,
        -0.3341180384159088,
        0.008006415329873562,
        0.9424972534179688,
        2.46863055229187
    ],
    [
        0.961904764175415,
        -0.021269498392939568,
        0.2725561559200287,
        1.0452780723571777,
        0.022206617519259453,
        0.9997533559799194,
        -0.0003536955046001822,
        -0.0997665524482727,
        -0.27248141169548035,
        0.006392771378159523,
        0.962139904499054,
        2.6488699913024902
    ],
    [
        0.9778255820274353,
        -0.017338642850518227,
        0.2087017446756363,
        1.1407592296600342,
        0.018094228580594063,
        0.9998347759246826,
        -0.0017116395756602287,
        -0.11493091285228729,
        -0.20863761007785797,
        0.005449982825666666,
        0.9779778122901917,
        2.8317370414733887
    ],
    [
        0.988683819770813,
        -0.013386494480073452,
        0.14941616356372833,
        1.2142747640609741,
        0.014044007286429405,
        0.9998957514762878,
        -0.0033462520223110914,
        -0.11714926362037659,
        -0.14935576915740967,
        0.005406785290688276,
        0.9887686967849731,
        2.9694173336029053
    ],
    [
        0.9963918924331665,
        -0.009571506641805172,
        0.08433058112859726,
        1.3078153133392334,
        0.00991236325353384,
        0.999944269657135,
        -0.003624116536229849,
        -0.12505730986595154,
        -0.08429113030433655,
        0.004446954000741243,
        0.996431291103363,
        3.1482231616973877
    ],
    [
        0.9996821284294128,
        -0.006610456388443708,
        0.0243321992456913,
        1.3962533473968506,
        0.0067217969335615635,
        0.9999673366546631,
        -0.004497189074754715,
        -0.13292145729064941,
        -0.024301819503307343,
        0.00465931324288249,
        0.9996936917304993,
        3.3112969398498535
    ],
    [
        0.9991632103919983,
        -0.002577422186732292,
        -0.04081946983933449,
        1.4569597244262695,
        0.0023524228017777205,
        0.9999818205833435,
        -0.005559373646974564,
        -0.1376822292804718,
        0.04083304479718208,
        0.00545869767665863,
        0.9991511702537537,
        3.475158214569092
    ],
    [
        0.99604731798172,
        0.0003384416049811989,
        -0.08882308751344681,
        1.5133590698242188,
        -0.0008294296567328274,
        0.9999846816062927,
        -0.005490894429385662,
        -0.1318974494934082,
        0.08881992846727371,
        0.005542862694710493,
        0.9960322976112366,
        3.652895212173462
    ],
    [
        0.9913510680198669,
        0.0028217423241585493,
        -0.13120679557323456,
        1.556717038154602,
        -0.003616213332861662,
        0.999976634979248,
        -0.0058171721175313,
        -0.15466447174549103,
        0.13118740916252136,
        0.006241331342607737,
        0.9913379549980164,
        3.8316617012023926
    ],
    [
        0.9859871864318848,
        0.004814289044588804,
        -0.1667514145374298,
        1.5830038785934448,
        -0.005792299751192331,
        0.9999688267707825,
        -0.0053792353719472885,
        -0.17489168047904968,
        0.16672033071517944,
        0.006269731558859348,
        0.9859843254089355,
        4.000968933105469
    ],
    [
        0.9805082082748413,
        0.00654429430142045,
        -0.1963692605495453,
        1.602760910987854,
        -0.007677115965634584,
        0.9999579191207886,
        -0.005008211825042963,
        -0.18672287464141846,
        0.19632813334465027,
        0.006418142933398485,
        0.9805172085762024,
        4.168210029602051
    ],
    [
        0.9736594557762146,
        0.008233107626438141,
        -0.22785842418670654,
        1.6284360885620117,
        -0.009777441620826721,
        0.9999362826347351,
        -0.005649667698889971,
        -0.19128793478012085,
        0.22779716551303864,
        0.007728728465735912,
        0.973677933216095,
        4.314258575439453
    ],
    [
        0.9664197564125061,
        0.009630314074456692,
        -0.2567882239818573,
        1.6530060768127441,
        -0.011323310434818268,
        0.9999228119850159,
        -0.005115082487463951,
        -0.1951596736907959,
        0.2567192018032074,
        0.007851007394492626,
        0.9664542078971863,
        4.453462600708008
    ],
    [
        0.9576629400253296,
        0.011260775849223137,
        -0.28767168521881104,
        1.6877937316894531,
        -0.013005724176764488,
        0.9999067187309265,
        -0.004155314061790705,
        -0.2190326452255249,
        0.28759804368019104,
        0.00772076565772295,
        0.957720160484314,
        4.633995532989502
    ],
    [
        0.9493473172187805,
        0.013061266392469406,
        -0.3139570951461792,
        1.7056922912597656,
        -0.01506804209202528,
        0.9998786449432373,
        -0.003965912386775017,
        -0.24236778914928436,
        0.3138673007488251,
        0.008495746180415154,
        0.9494288563728333,
        4.786311149597168
    ]
]