[
    [
        0.9859564304351807,
        0.014801648445427418,
        -0.16634556651115417,
        -0.05318420007824898,
        -0.018767153844237328,
        0.9995753169059753,
        -0.022292345762252808,
        -0.015828393399715424,
        0.16594497859477997,
        0.02510111592710018,
        0.9858155250549316,
        0.25729089975357056
    ],
    [
        0.9839004874229431,
        0.019008001312613487,
        -0.17770346999168396,
        -0.06387241929769516,
        -0.023266032338142395,
        0.9994891881942749,
        -0.021908216178417206,
        -0.018756533041596413,
        0.17719626426696777,
        0.02568996138870716,
        0.98384028673172,
        0.2863272726535797
    ],
    [
        0.9804067015647888,
        0.01989363506436348,
        -0.19597716629505157,
        -0.08416219055652618,
        -0.023896366357803345,
        0.9995508193969727,
        -0.018080953508615494,
        -0.02091078646481037,
        0.19552944600582123,
        0.022409828379750252,
        0.9804418087005615,
        0.3292287588119507
    ],
    [
        0.9771861433982849,
        0.006171372253447771,
        -0.21229492127895355,
        -0.10442619770765305,
        -0.012011811137199402,
        0.9995836019515991,
        -0.026232240721583366,
        -0.024435870349407196,
        0.21204465627670288,
        0.0281838271766901,
        0.9768534898757935,
        0.3725404441356659
    ],
    [
        0.976052463054657,
        0.0026184816379100084,
        -0.21751949191093445,
        -0.11598224192857742,
        -0.009520389139652252,
        0.9994837641716003,
        -0.030688153579831123,
        -0.026705970987677574,
        0.2173268049955368,
        0.032024115324020386,
        0.9755733609199524,
        0.39792752265930176
    ],
    [
        0.9739159941673279,
        -0.0024999079760164022,
        -0.22689548134803772,
        -0.1311763972043991,
        -0.004504143726080656,
        0.999529242515564,
        -0.030346078798174858,
        -0.02912796102464199,
        0.22686456143856049,
        0.03057650290429592,
        0.9734461307525635,
        0.4319716989994049
    ],
    [
        0.971541702747345,
        -0.006681743543595076,
        -0.23677420616149902,
        -0.14444395899772644,
        -0.00046404253225773573,
        0.9995464086532593,
        -0.030111178755760193,
        -0.03278246521949768,
        0.2368680238723755,
        0.02936413884162903,
        0.9710979461669922,
        0.46275898814201355
    ],
    [
        0.9692003130912781,
        -0.006214949302375317,
        -0.24619562923908234,
        -0.15215793251991272,
        -0.0008826874545775354,
        0.9995874762535095,
        -0.028708413243293762,
        -0.03644140437245369,
        0.24627245962619781,
        0.02804151363670826,
        0.9687948822975159,
        0.48179891705513
    ],
    [
        0.9649094343185425,
        -0.003121542977169156,
        -0.2625643312931061,
        -0.1628490537405014,
        -0.004425814375281334,
        0.9995938539505005,
        -0.028148476034402847,
        -0.04152984544634819,
        0.2625456154346466,
        0.028322789818048477,
        0.964503824710846,
        0.5063335299491882
    ],
    [
        0.9606497883796692,
        -0.002499890513718128,
        -0.27775102853775024,
        -0.17267486453056335,
        -0.006416654214262962,
        0.999492883682251,
        -0.03118901513516903,
        -0.04578554630279541,
        0.277688205242157,
        0.03174395114183426,
        0.9601466059684753,
        0.5292037129402161
    ],
    [
        0.9560292363166809,
        -0.0016239834949374199,
        -0.29326683282852173,
        -0.18116365373134613,
        -0.007542944047600031,
        0.9995177984237671,
        -0.030124355107545853,
        -0.04899797588586807,
        0.2931743264198303,
        0.031011858955025673,
        0.9555559754371643,
        0.5504268407821655
    ],
    [
        0.9523882865905762,
        -0.0011987873585894704,
        -0.30488547682762146,
        -0.18731334805488586,
        -0.006361857987940311,
        0.9996963143348694,
        -0.023803630843758583,
        -0.0499415248632431,
        0.30482152104377747,
        0.024609938263893127,
        0.9520915150642395,
        0.5645096898078918
    ],
    [
        0.9462335705757141,
        -0.004258306697010994,
        -0.32345643639564514,
        -0.1981336921453476,
        -0.004003528039902449,
        0.9996825456619263,
        -0.024872679263353348,
        -0.05334935337305069,
        0.3234597146511078,
        0.024830328300595284,
        0.9459160566329956,
        0.5879774689674377
    ],
    [
        0.9376430511474609,
        -0.0063354684971272945,
        -0.34754180908203125,
        -0.20573996007442474,
        -0.0036257749889045954,
        0.9996011853218079,
        -0.028004180639982224,
        -0.056850727647542953,
        0.3475806713104248,
        0.02751803584396839,
        0.9372461438179016,
        0.6116629242897034
    ],
    [
        0.9308508038520813,
        -0.006649834103882313,
        -0.365339070558548,
        -0.21196222305297852,
        -0.0033911140635609627,
        0.9996341466903687,
        -0.026835406199097633,
        -0.05967022106051445,
        0.3653838336467743,
        0.026218663901090622,
        0.9304876923561096,
        0.6275094747543335
    ],
    [
        0.9203936457633972,
        -0.009239700622856617,
        -0.3908838927745819,
        -0.2225857973098755,
        -0.004375261254608631,
        0.9994147419929504,
        -0.03392632678151131,
        -0.06505868583917618,
        0.39096859097480774,
        0.03293579816818237,
        0.9198145270347595,
        0.6512908339500427
    ],
    [
        0.9115186929702759,
        -0.0009307946311309934,
        -0.4112577438354492,
        -0.23014333844184875,
        -0.007271629758179188,
        0.999804675579071,
        -0.018379811197519302,
        -0.06801135092973709,
        0.41119450330734253,
        0.019744055345654488,
        0.9113336801528931,
        0.6752305030822754
    ],
    [
        0.901132345199585,
        0.0048615774139761925,
        -0.4335167706012726,
        -0.2380094677209854,
        -0.010029653087258339,
        0.9999033212661743,
        -0.009635006077587605,
        -0.06971397995948792,
        0.43342798948287964,
        0.013030439615249634,
        0.9010939598083496,
        0.700115978717804
    ],
    [
        0.8942375183105469,
        0.005329415202140808,
        -0.44756099581718445,
        -0.24457156658172607,
        -0.010798600502312183,
        0.9998949766159058,
        -0.009669426828622818,
        -0.07152608782052994,
        0.44746240973472595,
        0.013479797169566154,
        0.8942012190818787,
        0.7170116901397705
    ],
    [
        0.8834232687950134,
        0.002851380268111825,
        -0.46856725215911865,
        -0.2543608844280243,
        -0.007250574417412281,
        0.9999449849128723,
        -0.007585040759295225,
        -0.07388592511415482,
        0.46851983666419983,
        0.01009818259626627,
        0.8833953142166138,
        0.740688145160675
    ],
    [
        0.8726763725280762,
        0.0004235512751620263,
        -0.48829883337020874,
        -0.265727698802948,
        -0.004587683826684952,
        0.999962568283081,
        -0.0073316339403390884,
        -0.07797970622777939,
        0.488277405500412,
        0.008638305589556694,
        0.8726456165313721,
        0.7637764811515808
    ],
    [
        0.8646676540374756,
        -0.001698589650914073,
        -0.5023415684700012,
        -0.2745741009712219,
        -0.004526796285063028,
        0.999927282333374,
        -0.01117295678704977,
        -0.08037293702363968,
        0.5023240447044373,
        0.01193489134311676,
        0.8645972013473511,
        0.7786428928375244
    ],
    [
        0.8507867455482483,
        0.0024939444847404957,
        -0.5255052447319031,
        -0.28701287508010864,
        -0.006935385055840015,
        0.9999549984931946,
        -0.006482716184109449,
        -0.08336953073740005,
        0.5254653096199036,
        0.009159990586340427,
        0.8507656455039978,
        0.7979553937911987
    ],
    [
        0.8355010151863098,
        0.009126337245106697,
        -0.5494130253791809,
        -0.2991844117641449,
        -0.010329472832381725,
        0.9999462962150574,
        0.000901982479263097,
        -0.08420851081609726,
        0.5493917465209961,
        0.004921538755297661,
        0.8355504274368286,
        0.8136928677558899
    ],
    [
        0.8230654001235962,
        0.012545337900519371,
        -0.5678079724311829,
        -0.3111421465873718,
        -0.012322241440415382,
        0.9999150633811951,
        0.004230767488479614,
        -0.0861198827624321,
        0.5678129196166992,
        0.003514468902722001,
        0.8231501579284668,
        0.8285086154937744
    ]
]