[
    [
        0.9947508573532104,
        0.01677965186536312,
        -0.10094042122364044,
        -0.03632456064224243,
        -0.0174106378108263,
        0.9998339414596558,
        -0.005373298190534115,
        -0.04814022406935692,
        0.10083349794149399,
        0.007102530915290117,
        0.9948780536651611,
        0.43446534872055054
    ],
    [
        0.9947562217712402,
        0.017512904480099678,
        -0.10076376795768738,
        -0.04137460142374039,
        -0.018163008615374565,
        0.9998196959495544,
        -0.005537895951420069,
        -0.04953096807003021,
        0.10064862668514252,
        0.007339029107242823,
        0.9948950409889221,
        0.448481023311615
    ],
    [
        0.9947390556335449,
        0.01733199879527092,
        -0.10096415877342224,
        -0.04509729892015457,
        -0.018025172874331474,
        0.9998197555541992,
        -0.005957239773124456,
        -0.051439207047224045,
        0.10084271430969238,
        0.00774579681456089,
        0.9948722720146179,
        0.46199190616607666
    ],
    [
        0.9947388172149658,
        0.0172108206897974,
        -0.10098796337842941,
        -0.049459561705589294,
        -0.01792885549366474,
        0.9998199939727783,
        -0.006206735037267208,
        -0.05383406952023506,
        0.10086296498775482,
        0.007984678260982037,
        0.994868278503418,
        0.4760380685329437
    ],
    [
        0.9947705864906311,
        0.01747952215373516,
        -0.10062811523675919,
        -0.0548001304268837,
        -0.01822817325592041,
        0.9998126029968262,
        -0.00652506435289979,
        -0.05579914525151253,
        0.10049520432949066,
        0.008325207978487015,
        0.9949027299880981,
        0.49052608013153076
    ],
    [
        0.9947736263275146,
        0.017810115590691566,
        -0.10054022818803787,
        -0.058892589062452316,
        -0.01855585165321827,
        0.9998067617416382,
        -0.006486949976533651,
        -0.05791953206062317,
        0.1004052609205246,
        0.00831865705549717,
        0.9949119687080383,
        0.5053101181983948
    ],
    [
        0.9947918057441711,
        0.01801477000117302,
        -0.10032359510660172,
        -0.06292273849248886,
        -0.018758734688162804,
        0.9998030066490173,
        -0.0064771585166454315,
        -0.060244590044021606,
        0.10018716007471085,
        0.008325368165969849,
        0.9949337840080261,
        0.5196660161018372
    ],
    [
        0.9947778582572937,
        0.018316062167286873,
        -0.10040736943483353,
        -0.06587013602256775,
        -0.01904652640223503,
        0.9997986555099487,
        -0.0063211191445589066,
        -0.06265003234148026,
        0.10027136653661728,
        0.008200520649552345,
        0.9949263334274292,
        0.5346291065216064
    ],
    [
        0.9947667121887207,
        0.01838652789592743,
        -0.10050380975008011,
        -0.06888164579868317,
        -0.019108396023511887,
        0.9997979998588562,
        -0.006224482785910368,
        -0.06475584954023361,
        0.10036906599998474,
        0.008112375624477863,
        0.9949171543121338,
        0.5491757988929749
    ],
    [
        0.9947435855865479,
        0.018511945381760597,
        -0.10071051865816116,
        -0.0713220164179802,
        -0.019237805157899857,
        0.9997954964637756,
        -0.006240895949304104,
        -0.06645922362804413,
        0.10057439655065536,
        0.008145540952682495,
        0.9948962330818176,
        0.5641217231750488
    ],
    [
        0.9947125315666199,
        0.01859298348426819,
        -0.10100135952234268,
        -0.07364195585250854,
        -0.019336525350809097,
        0.9997926354408264,
        -0.006387586705386639,
        -0.06776802986860275,
        0.10086165368556976,
        0.008306827396154404,
        0.9948658347129822,
        0.5778854489326477
    ],
    [
        0.994662880897522,
        0.018387222662568092,
        -0.10152709484100342,
        -0.07534263283014297,
        -0.019174892455339432,
        0.9997930526733398,
        -0.006787688937038183,
        -0.06944320350885391,
        0.10138127952814102,
        0.008698232471942902,
        0.9948095083236694,
        0.5917317271232605
    ],
    [
        0.994617760181427,
        0.018250534310936928,
        -0.10199186950922012,
        -0.07670789211988449,
        -0.019077114760875702,
        0.9997925758361816,
        -0.007134750951081514,
        -0.07109900563955307,
        0.10184049606323242,
        0.009042060002684593,
        0.9947596192359924,
        0.6057823300361633
    ],
    [
        0.9945357441902161,
        0.018228761851787567,
        -0.10279268026351929,
        -0.07718674838542938,
        -0.019077837467193604,
        0.9997914433479309,
        -0.007282918784767389,
        -0.0730142816901207,
        0.10263849049806595,
        0.009204184636473656,
        0.9946762323379517,
        0.6204700469970703
    ],
    [
        0.9944728016853333,
        0.018312307074666023,
        -0.10338569432497025,
        -0.07833480089902878,
        -0.01919531635940075,
        0.9997872114181519,
        -0.007552354596555233,
        -0.07415241003036499,
        0.10322539508342743,
        0.009495132602751255,
        0.9946126937866211,
        0.6345070004463196
    ],
    [
        0.9944131970405579,
        0.018251970410346985,
        -0.10396751016378403,
        -0.07954996079206467,
        -0.01918012648820877,
        0.999784529209137,
        -0.007934522815048695,
        -0.07548615336418152,
        0.10380028933286667,
        0.00988430343568325,
        0.9945490956306458,
        0.6483766436576843
    ],
    [
        0.9943552017211914,
        0.017592549324035645,
        -0.10463334619998932,
        -0.07934803515672684,
        -0.01856347918510437,
        0.9997930526733398,
        -0.008312706835567951,
        -0.07690317928791046,
        0.10446546226739883,
        0.010208142921328545,
        0.9944761395454407,
        0.6631665229797363
    ],
    [
        0.9942841529846191,
        0.017102621495723724,
        -0.1053871139883995,
        -0.08008014410734177,
        -0.018152840435504913,
        0.999794602394104,
        -0.009014139883220196,
        -0.07764501869678497,
        0.1052112877368927,
        0.010875693522393703,
        0.9943904280662537,
        0.6765497326850891
    ],
    [
        0.9941862225532532,
        0.016087982803583145,
        -0.1064656525850296,
        -0.07992402464151382,
        -0.017173346132040024,
        0.9998094439506531,
        -0.009285477921366692,
        -0.07960034161806107,
        0.10629598051309586,
        0.011059866286814213,
        0.9942730069160461,
        0.6897921562194824
    ],
    [
        0.9940915703773499,
        0.015736639499664307,
        -0.10739796608686447,
        -0.08054598420858383,
        -0.016878588125109673,
        0.9998101592063904,
        -0.00973210483789444,
        -0.08094065636396408,
        0.10722442716360092,
        0.011487328447401524,
        0.9941685199737549,
        0.7023075819015503
    ],
    [
        0.9940059185028076,
        0.014920100569725037,
        -0.1083032414317131,
        -0.08038153499364853,
        -0.016129281371831894,
        0.99981689453125,
        -0.010297322645783424,
        -0.08255389332771301,
        0.10812977701425552,
        0.011982453055679798,
        0.9940645098686218,
        0.7153164148330688
    ],
    [
        0.9939166903495789,
        0.014298592694103718,
        -0.10920243710279465,
        -0.08011654019355774,
        -0.015578686259686947,
        0.9998193979263306,
        -0.01087799109518528,
        -0.08399304747581482,
        0.10902716964483261,
        0.012513046152889729,
        0.9939600229263306,
        0.7277592420578003
    ],
    [
        0.9938074946403503,
        0.014487840235233307,
        -0.11016705632209778,
        -0.08019232749938965,
        -0.015805605798959732,
        0.9998135566711426,
        -0.011097614653408527,
        -0.08647755533456802,
        0.10998573899269104,
        0.012770149856805801,
        0.9938510656356812,
        0.7406570911407471
    ],
    [
        0.993718147277832,
        0.01397041603922844,
        -0.11103673279285431,
        -0.07997963577508926,
        -0.01529711950570345,
        0.9998213052749634,
        -0.011105367913842201,
        -0.08899814635515213,
        0.11086174100637436,
        0.01273414772003889,
        0.9937543272972107,
        0.7548378705978394
    ],
    [
        0.9936667680740356,
        0.013874082826077938,
        -0.11150723695755005,
        -0.08115910738706589,
        -0.01518978737294674,
        0.9998245239257812,
        -0.01095837913453579,
        -0.09107896685600281,
        0.1113356351852417,
        0.012582749128341675,
        0.9937031865119934,
        0.7686988711357117
    ],
    [
        0.9935979247093201,
        0.013868534006178379,
        -0.11212058365345001,
        -0.08146713674068451,
        -0.015139544382691383,
        0.9998303651809692,
        -0.010492607019841671,
        -0.09390617907047272,
        0.11195604503154755,
        0.012122886255383492,
        0.9936391711235046,
        0.7825927734375
    ],
    [
        0.9935677647590637,
        0.014089756645262241,
        -0.11235871911048889,
        -0.08264027535915375,
        -0.015380192548036575,
        0.9998252391815186,
        -0.010626418516039848,
        -0.0953131914138794,
        0.11218935996294022,
        0.012286166660487652,
        0.9936109185218811,
        0.7972205281257629
    ],
    [
        0.9935288429260254,
        0.013411869294941425,
        -0.11278632283210754,
        -0.08321905136108398,
        -0.01467662863433361,
        0.9998383522033691,
        -0.010390905663371086,
        -0.09835604578256607,
        0.11262872070074081,
        0.011978985741734505,
        0.9935649037361145,
        0.8115031123161316
    ],
    [
        0.9935049414634705,
        0.012821177020668983,
        -0.11306435614824295,
        -0.08349605649709702,
        -0.014052589423954487,
        0.9998502135276794,
        -0.010100974701344967,
        -0.10094814747571945,
        0.11291792243719101,
        0.011624215170741081,
        0.9935362935066223,
        0.825778067111969
    ],
    [
        0.9934817552566528,
        0.012710995972156525,
        -0.11328046768903732,
        -0.08446373045444489,
        -0.013915382325649261,
        0.9998547434806824,
        -0.009847510606050491,
        -0.10342395305633545,
        0.1131388396024704,
        0.011359664611518383,
        0.9935141801834106,
        0.8392064571380615
    ],
    [
        0.9934855103492737,
        0.012648429721593857,
        -0.11325445771217346,
        -0.08581321686506271,
        -0.013851311057806015,
        0.9998556971549988,
        -0.009840445592999458,
        -0.10608219355344772,
        0.1131136417388916,
        0.011345062404870987,
        0.993517279624939,
        0.8542585372924805
    ],
    [
        0.9934906959533691,
        0.012939502485096455,
        -0.11317631602287292,
        -0.08742064982652664,
        -0.014114663936197758,
        0.9998543858528137,
        -0.009588311426341534,
        -0.10887353867292404,
        0.11303576827049255,
        0.011123345233500004,
        0.9935286641120911,
        0.8681758642196655
    ],
    [
        0.9935289025306702,
        0.01325786579400301,
        -0.11280317604541779,
        -0.0893816128373146,
        -0.014429330825805664,
        0.9998500943183899,
        -0.009574910625815392,
        -0.11064159870147705,
        0.11265932023525238,
        0.011140624061226845,
        0.9935712814331055,
        0.8827915787696838
    ],
    [
        0.9935631155967712,
        0.013400464318692684,
        -0.11248448491096497,
        -0.09118492156267166,
        -0.014581756666302681,
        0.9998468160629272,
        -0.009685649536550045,
        -0.11274844408035278,
        0.11233745515346527,
        0.011263525113463402,
        0.9936062097549438,
        0.8980355262756348
    ],
    [
        0.993611216545105,
        0.012919367291033268,
        -0.1121147871017456,
        -0.0925455316901207,
        -0.01412009634077549,
        0.9998510479927063,
        -0.009922366589307785,
        -0.11474541574716568,
        0.11196989566087723,
        0.011442046612501144,
        0.9936456680297852,
        0.9127121567726135
    ],
    [
        0.9937066435813904,
        0.012683018110692501,
        -0.11129314452409744,
        -0.09471116960048676,
        -0.013927312567830086,
        0.9998488426208496,
        -0.010410006158053875,
        -0.11616058647632599,
        0.1111442893743515,
        0.011894508264958858,
        0.9937331080436707,
        0.9288024306297302
    ],
    [
        0.9938101768493652,
        0.012415105476975441,
        -0.11039557307958603,
        -0.09666167944669724,
        -0.013714147731661797,
        0.9998453259468079,
        -0.011015630327165127,
        -0.11717336624860764,
        0.11024172604084015,
        0.012461426667869091,
        0.993826687335968,
        0.945561945438385
    ],
    [
        0.9939138889312744,
        0.012171580456197262,
        -0.1094849705696106,
        -0.09877592325210571,
        -0.013527587987482548,
        0.9998405575752258,
        -0.01165107823908329,
        -0.11828581988811493,
        0.10932570695877075,
        0.013061236590147018,
        0.9939202070236206,
        0.9612510204315186
    ],
    [
        0.9940316677093506,
        0.01189181674271822,
        -0.10844142735004425,
        -0.1012594997882843,
        -0.013284818269312382,
        0.9998382329940796,
        -0.012132260017096996,
        -0.11955497413873672,
        0.10827960073947906,
        0.013500474393367767,
        0.9940288066864014,
        0.9770790338516235
    ],
    [
        0.9941791296005249,
        0.0114973746240139,
        -0.10712399333715439,
        -0.10439126938581467,
        -0.01292212214320898,
        0.9998369812965393,
        -0.012615344487130642,
        -0.12109638750553131,
        0.10696148872375488,
        0.013926181942224503,
        0.9941655397415161,
        0.993445098400116
    ],
    [
        0.9943392276763916,
        0.011334133334457874,
        -0.10564552247524261,
        -0.10774684697389603,
        -0.01278914324939251,
        0.9998323917388916,
        -0.013105294667184353,
        -0.12234477698802948,
        0.10547927021980286,
        0.014382222667336464,
        0.9943175911903381,
        1.0106897354125977
    ],
    [
        0.9944906234741211,
        0.011437209323048592,
        -0.10420040041208267,
        -0.11156267672777176,
        -0.012914917431771755,
        0.9998251795768738,
        -0.013517731800675392,
        -0.12366604804992676,
        0.10402757674455643,
        0.014788998290896416,
        0.9944644570350647,
        1.026672124862671
    ],
    [
        0.994652509689331,
        0.011539311148226261,
        -0.10263165086507797,
        -0.1156366690993309,
        -0.01306526642292738,
        0.9998137950897217,
        -0.014208468608558178,
        -0.12461428344249725,
        0.10244856774806976,
        0.015473400242626667,
        0.9946179389953613,
        1.0432542562484741
    ],
    [
        0.9947702884674072,
        0.0115175386890769,
        -0.10148574411869049,
        -0.11950329691171646,
        -0.013084467500448227,
        0.9998050928115845,
        -0.01478776428848505,
        -0.12619537115097046,
        0.10129564255475998,
        0.0160383190959692,
        0.9947270750999451,
        1.058836817741394
    ],
    [
        0.9948478937149048,
        0.011821843683719635,
        -0.10068728029727936,
        -0.12235353887081146,
        -0.013428901322185993,
        0.9997928738594055,
        -0.015298045240342617,
        -0.12793056666851044,
        0.10048557817935944,
        0.016571348533034325,
        0.9948004484176636,
        1.075301170349121
    ],
    [
        0.9949190020561218,
        0.011872760951519012,
        -0.0999765545129776,
        -0.12496485561132431,
        -0.013492283411324024,
        0.9997882843017578,
        -0.015538463369011879,
        -0.1301700323820114,
        0.09977090358734131,
        0.016808420419692993,
        0.9948685765266418,
        1.0921710729599
    ],
    [
        0.9949464201927185,
        0.011994200758635998,
        -0.09968846291303635,
        -0.1269930601119995,
        -0.013691099360585213,
        0.9997724890708923,
        -0.016355328261852264,
        -0.13080254197120667,
        0.0994696170091629,
        0.017637521028518677,
        0.994884192943573,
        1.1076663732528687
    ],
    [
        0.9949988722801208,
        0.011916905641555786,
        -0.09917321801185608,
        -0.12966932356357574,
        -0.01362291257828474,
        0.9997703433036804,
        -0.016542909666895866,
        -0.13349905610084534,
        0.09895330667495728,
        0.01781119965016842,
        0.9949325919151306,
        1.1231880187988281
    ],
    [
        0.9950498342514038,
        0.012110808864235878,
        -0.09863682836294174,
        -0.13216246664524078,
        -0.0138369956985116,
        0.9997625946998596,
        -0.016835158690810204,
        -0.13574692606925964,
        0.09840952605009079,
        0.0181166622787714,
        0.994981050491333,
        1.1395524740219116
    ],
    [
        0.9951023459434509,
        0.012497326359152794,
        -0.09805716574192047,
        -0.13507474958896637,
        -0.014218179509043694,
        0.9997565746307373,
        -0.01687036268413067,
        -0.13829977810382843,
        0.09782245755195618,
        0.018181925639510155,
        0.9950377345085144,
        1.155991554260254
    ],
    [
        0.9951701760292053,
        0.012993313372135162,
        -0.09730096161365509,
        -0.13882416486740112,
        -0.014665822498500347,
        0.999756395816803,
        -0.01649356819689274,
        -0.1413547843694687,
        0.09706295281648636,
        0.017840903252363205,
        0.995118260383606,
        1.1723514795303345
    ],
    [
        0.9951956868171692,
        0.013585695996880531,
        -0.0969584658741951,
        -0.14149118959903717,
        -0.01523532997816801,
        0.9997512102127075,
        -0.016293782740831375,
        -0.14382269978523254,
        0.09671298414468765,
        0.017692698165774345,
        0.9951550364494324,
        1.1893101930618286
    ],
    [
        0.9952021837234497,
        0.014261022210121155,
        -0.0967952236533165,
        -0.14396800100803375,
        -0.015873491764068604,
        0.9997475147247314,
        -0.015908988192677498,
        -0.14661559462547302,
        0.09654388576745987,
        0.017369132488965988,
        0.9951773285865784,
        1.204972505569458
    ],
    [
        0.9952116012573242,
        0.014742282219231129,
        -0.09662570804357529,
        -0.14620760083198547,
        -0.016351433470845222,
        0.9997401833534241,
        -0.015882767736911774,
        -0.14881466329097748,
        0.09636645764112473,
        0.01738668605685234,
        0.9951940178871155,
        1.221009612083435
    ],
    [
        0.9952177405357361,
        0.01518650259822607,
        -0.09649393707513809,
        -0.14791208505630493,
        -0.016785863786935806,
        0.9997345805168152,
        -0.015784626826643944,
        -0.15106725692749023,
        0.09622860699892044,
        0.01732887700200081,
        0.9952083230018616,
        1.2377150058746338
    ],
    [
        0.9952216744422913,
        0.015613151714205742,
        -0.09638411551713943,
        -0.14990626275539398,
        -0.017202263697981834,
        0.9997291564941406,
        -0.015678392723202705,
        -0.15374527871608734,
        0.09611321985721588,
        0.017261501401662827,
        0.9952207803726196,
        1.2544969320297241
    ],
    [
        0.9952226877212524,
        0.016316484659910202,
        -0.09625686705112457,
        -0.15208005905151367,
        -0.01790735311806202,
        0.9997166395187378,
        -0.015686621889472008,
        -0.1558806449174881,
        0.09597362577915192,
        0.01733538694679737,
        0.9952329397201538,
        1.2705451250076294
    ],
    [
        0.9951818585395813,
        0.016767410561442375,
        -0.09660204499959946,
        -0.15309134125709534,
        -0.018380463123321533,
        0.9997057318687439,
        -0.01583225466310978,
        -0.15814203023910522,
        0.0963081493973732,
        0.017531557008624077,
        0.9951971769332886,
        1.286990761756897
    ],
    [
        0.9951401948928833,
        0.01667485013604164,
        -0.09704592823982239,
        -0.1535792052745819,
        -0.01832275465130806,
        0.9997022151947021,
        -0.016114261001348495,
        -0.15990422666072845,
        0.09674832969903946,
        0.017814092338085175,
        0.9951494336128235,
        1.302404761314392
    ],
    [
        0.9950856566429138,
        0.016469968482851982,
        -0.09763835370540619,
        -0.1536821722984314,
        -0.018166087567806244,
        0.9996987581253052,
        -0.016507942229509354,
        -0.16126824915409088,
        0.0973370373249054,
        0.018200520426034927,
        0.9950850605964661,
        1.3188189268112183
    ],
    [
        0.9950305819511414,
        0.01625521294772625,
        -0.0982348844408989,
        -0.15365168452262878,
        -0.01801403984427452,
        0.9996925592422485,
        -0.017043884843587875,
        -0.16264405846595764,
        0.09792762249708176,
        0.018728790804743767,
        0.9950172305107117,
        1.3347344398498535
    ],
    [
        0.9949594736099243,
        0.016124803572893143,
        -0.09897260367870331,
        -0.15318432450294495,
        -0.01793941669166088,
        0.9996864199638367,
        -0.017471985891461372,
        -0.16438822448253632,
        0.09865983575582504,
        0.019159428775310516,
        0.9949367642402649,
        1.3509654998779297
    ],
    [
        0.9948763847351074,
        0.016457483172416687,
        -0.09975019842386246,
        -0.15319952368736267,
        -0.01830308325588703,
        0.999677300453186,
        -0.017615336924791336,
        -0.1661425679922104,
        0.09942809492349625,
        0.019350815564393997,
        0.9948566555976868,
        1.365652084350586
    ],
    [
        0.9947919845581055,
        0.01689906418323517,
        -0.10051549971103668,
        -0.1524452269077301,
        -0.018753129988908768,
        0.9996704459190369,
        -0.017529308795928955,
        -0.16868823766708374,
        0.10018615424633026,
        0.019322998821735382,
        0.9947810769081116,
        1.3810094594955444
    ],
    [
        0.9948061108589172,
        0.017131609842181206,
        -0.100335992872715,
        -0.15523436665534973,
        -0.01900501362979412,
        0.999661922454834,
        -0.01774526946246624,
        -0.17122793197631836,
        0.09999806433916092,
        0.019559985026717186,
        0.9947953820228577,
        1.3967983722686768
    ],
    [
        0.9948073625564575,
        0.01724882796406746,
        -0.10030300915241241,
        -0.15620921552181244,
        -0.01915283128619194,
        0.9996536374092102,
        -0.018050579354166985,
        -0.17338500916957855,
        0.09995689988136292,
        0.019877934828400612,
        0.9947932362556458,
        1.412713885307312
    ],
    [
        0.9948264956474304,
        0.017377175390720367,
        -0.1000918298959732,
        -0.15836837887763977,
        -0.019298169761896133,
        0.9996471405029297,
        -0.018256092444062233,
        -0.17584390938282013,
        0.09973926842212677,
        0.02009323425590992,
        0.9948107004165649,
        1.4283654689788818
    ],
    [
        0.9947803020477295,
        0.017282867804169655,
        -0.10056532174348831,
        -0.15858562290668488,
        -0.019222812727093697,
        0.999646782875061,
        -0.01835336722433567,
        -0.17763212323188782,
        0.10021260380744934,
        0.02019071951508522,
        0.9947611093521118,
        1.442984700202942
    ],
    [
        0.9947572946548462,
        0.017064811661839485,
        -0.1008303165435791,
        -0.1590641289949417,
        -0.019026847556233406,
        0.9996472597122192,
        -0.01852918416261673,
        -0.17901185154914856,
        0.10047855228185654,
        0.020350519567728043,
        0.994731068611145,
        1.458478569984436
    ],
    [
        0.994715690612793,
        0.01721199043095112,
        -0.101214699447155,
        -0.15906043350696564,
        -0.01919027417898178,
        0.9996427893638611,
        -0.018604278564453125,
        -0.1813221275806427,
        0.10085832327604294,
        0.02044830657541752,
        0.9946905970573425,
        1.472583293914795
    ],
    [
        0.9946960210800171,
        0.016928747296333313,
        -0.10145547986030579,
        -0.1593654751777649,
        -0.01892036572098732,
        0.9996461272239685,
        -0.018700391054153442,
        -0.18322345614433289,
        0.10110300034284592,
        0.020520776510238647,
        0.994664192199707,
        1.4889264106750488
    ],
    [
        0.994638204574585,
        0.016695458441972733,
        -0.10205917060375214,
        -0.1580992192029953,
        -0.01870107091963291,
        0.9996497631072998,
        -0.018726294860243797,
        -0.18557073175907135,
        0.10171077400445938,
        0.02053450047969818,
        0.9946019649505615,
        1.5051424503326416
    ],
    [
        0.9946532249450684,
        0.016289284452795982,
        -0.10197845846414566,
        -0.15904320776462555,
        -0.018308529630303383,
        0.9996538162231445,
        -0.018896089866757393,
        -0.18715409934520721,
        0.10163532942533493,
        0.020662132650613785,
        0.9946069717407227,
        1.5221068859100342
    ],
    [
        0.9946906566619873,
        0.016090864315629005,
        -0.10164453834295273,
        -0.1601382941007614,
        -0.01807481236755848,
        0.9996630549430847,
        -0.018627699464559555,
        -0.19030363857746124,
        0.10131054371595383,
        0.02036600187420845,
        0.9946462512016296,
        1.5395089387893677
    ],
    [
        0.9947110414505005,
        0.016141321510076523,
        -0.10143686830997467,
        -0.16105608642101288,
        -0.018125450238585472,
        0.999661386013031,
        -0.018669050186872482,
        -0.19198033213615417,
        0.10110118985176086,
        0.020408904179930687,
        0.9946667551994324,
        1.5547109842300415
    ],
    [
        0.9947577714920044,
        0.016298076137900352,
        -0.10095248371362686,
        -0.16188746690750122,
        -0.018272215500473976,
        0.9996588826179504,
        -0.018661390990018845,
        -0.19407430291175842,
        0.10061391443014145,
        0.02040819264948368,
        0.9947160482406616,
        1.5709692239761353
    ],
    [
        0.9948139190673828,
        0.01569441705942154,
        -0.10049300640821457,
        -0.16218335926532745,
        -0.017682258039712906,
        0.9996646642684937,
        -0.018920794129371643,
        -0.19515995681285858,
        0.10016234964132309,
        0.020599612966179848,
        0.9947578310966492,
        1.5877602100372314
    ],
    [
        0.9948897957801819,
        0.015419223345816135,
        -0.09978251159191132,
        -0.16348296403884888,
        -0.017429664731025696,
        0.9996617436408997,
        -0.019307905808091164,
        -0.19662396609783173,
        0.09945103526115417,
        0.02094840817153454,
        0.9948219656944275,
        1.604252576828003
    ],
    [
        0.9949684739112854,
        0.014845198020339012,
        -0.09908217936754227,
        -0.164561465382576,
        -0.01687089167535305,
        0.9996649026870728,
        -0.019638098776340485,
        -0.19799883663654327,
        0.09875742346048355,
        0.021210897713899612,
        0.9948855042457581,
        1.6209577322006226
    ],
    [
        0.9950861930847168,
        0.014275841414928436,
        -0.09797845780849457,
        -0.16623201966285706,
        -0.01630535162985325,
        0.9996681213378906,
        -0.019944453611969948,
        -0.19901904463768005,
        0.09766121953725815,
        0.02144402079284191,
        0.9949886798858643,
        1.6377946138381958
    ],
    [
        0.995186448097229,
        0.01365982461720705,
        -0.0970429852604866,
        -0.16758671402931213,
        -0.015699516981840134,
        0.9996709823608398,
        -0.020286038517951965,
        -0.19998259842395782,
        0.0967339426279068,
        0.021711917594075203,
        0.9950733780860901,
        1.6546958684921265
    ],
    [
        0.9952943325042725,
        0.01314321719110012,
        -0.09600332379341125,
        -0.1681501269340515,
        -0.015191830694675446,
        0.9996715188026428,
        -0.020639292895793915,
        -0.20070229470729828,
        0.09570052474737167,
        0.02200063318014145,
        0.995167076587677,
        1.672997236251831
    ],
    [
        0.9954624772071838,
        0.012660732492804527,
        -0.0943094938993454,
        -0.17210020124912262,
        -0.014653708785772324,
        0.9996830224990845,
        -0.020469803363084793,
        -0.20290735363960266,
        0.09402044117450714,
        0.021758902817964554,
        0.9953324198722839,
        1.6878745555877686
    ],
    [
        0.9956309795379639,
        0.012030092068016529,
        -0.09259719401597977,
        -0.17537127435207367,
        -0.013971295207738876,
        0.9996954202651978,
        -0.020344320684671402,
        -0.2054094523191452,
        0.09232424199581146,
        0.02154913730919361,
        0.9954958558082581,
        1.7036930322647095
    ],
    [
        0.9958146214485168,
        0.011848758906126022,
        -0.09062523394823074,
        -0.17884093523025513,
        -0.013736401684582233,
        0.9997009038925171,
        -0.02023381181061268,
        -0.207036554813385,
        0.09035837650299072,
        0.021393990144133568,
        0.9956795573234558,
        1.7196494340896606
    ],
    [
        0.9960207343101501,
        0.011205855756998062,
        -0.08841373771429062,
        -0.18229475617408752,
        -0.013030084781348705,
        0.9997134804725647,
        -0.020082756876945496,
        -0.20886871218681335,
        0.0881633535027504,
        0.02115488424897194,
        0.9958813190460205,
        1.7350807189941406
    ],
    [
        0.9961938858032227,
        0.011012005619704723,
        -0.08646587282419205,
        -0.18634837865829468,
        -0.012781158089637756,
        0.9997195601463318,
        -0.01993381790816784,
        -0.21034204959869385,
        0.08622211217880249,
        0.02096308395266533,
        0.9960554242134094,
        1.7508233785629272
    ],
    [
        0.9963797926902771,
        0.0109553849324584,
        -0.08430500328540802,
        -0.19120414555072784,
        -0.012642761692404747,
        0.9997298121452332,
        -0.019507352262735367,
        -0.21333163976669312,
        0.08406851440668106,
        0.02050258032977581,
        0.9962490200996399,
        1.7663823366165161
    ],
    [
        0.9965716004371643,
        0.0107394028455019,
        -0.08203544467687607,
        -0.19564707577228546,
        -0.01235166098922491,
        0.9997398853302002,
        -0.01917102560400963,
        -0.2155851572751999,
        0.08180822432041168,
        0.02011857181787491,
        0.9964449405670166,
        1.7804681062698364
    ],
    [
        0.9967887997627258,
        0.010379040613770485,
        -0.07940073311328888,
        -0.2009182721376419,
        -0.011917069554328918,
        0.9997499585151672,
        -0.018921194598078728,
        -0.21722428500652313,
        0.07918449491262436,
        0.01980665512382984,
        0.9966631531715393,
        1.7960646152496338
    ],
    [
        0.996931254863739,
        0.010118109174072742,
        -0.07762474566698074,
        -0.20429487526416779,
        -0.01161928940564394,
        0.9997537136077881,
        -0.018911708146333694,
        -0.219193235039711,
        0.07741426676511765,
        0.019755622372031212,
        0.9968031048774719,
        1.8109441995620728
    ],
    [
        0.9970933794975281,
        0.009972949512302876,
        -0.07553422451019287,
        -0.20896001160144806,
        -0.011411451734602451,
        0.9997612237930298,
        -0.0186367928981781,
        -0.22166165709495544,
        0.07533031702041626,
        0.019444579258561134,
        0.9969689846038818,
        1.8257768154144287
    ],
    [
        0.9972212910652161,
        0.009863567538559437,
        -0.07384104281663895,
        -0.2126459777355194,
        -0.011247866787016392,
        0.9997683167457581,
        -0.01835470274090767,
        -0.2239680141210556,
        0.07364288717508316,
        0.01913425512611866,
        0.9971010684967041,
        1.8422003984451294
    ],
    [
        0.9973331689834595,
        0.009644490666687489,
        -0.07234311103820801,
        -0.21575354039669037,
        -0.010956930927932262,
        0.9997820854187012,
        -0.01776701956987381,
        -0.22751484811306,
        0.07215600460767746,
        0.018512293696403503,
        0.9972215890884399,
        1.8601710796356201
    ],
    [
        0.9974594712257385,
        0.009834845550358295,
        -0.0705542117357254,
        -0.2191578447818756,
        -0.011057818308472633,
        0.9997950196266174,
        -0.016964202746748924,
        -0.23119166493415833,
        0.07037290185689926,
        0.017701281234622,
        0.9973636865615845,
        1.8758935928344727
    ],
    [
        0.9975709319114685,
        0.009644031524658203,
        -0.06898718327283859,
        -0.22221998870372772,
        -0.010809672996401787,
        0.9998047947883606,
        -0.016543198376893997,
        -0.23365621268749237,
        0.06881415098905563,
        0.017248738557100296,
        0.9974803328514099,
        1.891514778137207
    ],
    [
        0.9976717233657837,
        0.009386914782226086,
        -0.06754961609840393,
        -0.2245461493730545,
        -0.010503715835511684,
        0.9998136162757874,
        -0.016196906566619873,
        -0.23594976961612701,
        0.0673849955201149,
        0.016868719831109047,
        0.997584342956543,
        1.9071916341781616
    ],
    [
        0.9977722764015198,
        0.00918873306363821,
        -0.06607680022716522,
        -0.22703666985034943,
        -0.010272678919136524,
        0.9998178482055664,
        -0.01608332246541977,
        -0.2380659133195877,
        0.06591697037220001,
        0.01672627590596676,
        0.9976849555969238,
        1.9243887662887573
    ],
    [
        0.997848391532898,
        0.00910918228328228,
        -0.06492708623409271,
        -0.22911354899406433,
        -0.010150817222893238,
        0.9998247027397156,
        -0.01573135517537594,
        -0.24077598750591278,
        0.06477241218090057,
        0.01635657623410225,
        0.9977659583091736,
        1.9405030012130737
    ],
    [
        0.9979332089424133,
        0.009010146372020245,
        -0.06362442672252655,
        -0.2316501885652542,
        -0.010007526725530624,
        0.9998317360877991,
        -0.015374825336039066,
        -0.24327252805233002,
        0.06347519904375076,
        0.015979772433638573,
        0.9978553652763367,
        1.9576258659362793
    ],
    [
        0.9980177879333496,
        0.008611956611275673,
        -0.062340572476387024,
        -0.2331419587135315,
        -0.009578879922628403,
        0.99983811378479,
        -0.01522811222821474,
        -0.24518662691116333,
        0.062199342995882034,
        0.015795081853866577,
        0.9979387521743774,
        1.9745311737060547
    ],
    [
        0.9981144070625305,
        0.008444266393780708,
        -0.060796868056058884,
        -0.23590689897537231,
        -0.00938901025801897,
        0.9998393654823303,
        -0.015270505100488663,
        -0.24646368622779846,
        0.06065814569592476,
        0.015812531113624573,
        0.9980334043502808,
        1.9914411306381226
    ],
    [
        0.9981768727302551,
        0.00822493527084589,
        -0.05979204922914505,
        -0.236654594540596,
        -0.00914212316274643,
        0.999844491481781,
        -0.015082265250384808,
        -0.24848370254039764,
        0.05965869873762131,
        0.01560139749199152,
        0.9980970025062561,
        2.0080909729003906
    ],
    [
        0.998264729976654,
        0.008088144473731518,
        -0.05832784250378609,
        -0.2387794554233551,
        -0.008986015804111958,
        0.9998449683189392,
        -0.015147716738283634,
        -0.2498897910118103,
        0.058196283876895905,
        0.015645569190382957,
        0.9981825947761536,
        2.025139808654785
    ],
    [
        0.9983289837837219,
        0.007883408106863499,
        -0.057246286422014236,
        -0.23965607583522797,
        -0.008762150071561337,
        0.9998473525047302,
        -0.015115476213395596,
        -0.2517843544483185,
        0.05711838975548744,
        0.015591814182698727,
        0.9982455968856812,
        2.0417826175689697
    ],
    [
        0.9983961582183838,
        0.007895726710557938,
        -0.05606088414788246,
        -0.24134114384651184,
        -0.008748887106776237,
        0.9998493790626526,
        -0.014989370480179787,
        -0.2535823881626129,
        0.055934082716703415,
        0.01545579731464386,
        0.9983147382736206,
        2.0598278045654297
    ],
    [
        0.9984660148620605,
        0.007783516310155392,
        -0.054817501455545425,
        -0.24287882447242737,
        -0.00860767625272274,
        0.999853253364563,
        -0.01481461152434349,
        -0.25551870465278625,
        0.054694149643182755,
        0.015263736248016357,
        0.9983865022659302,
        2.0769662857055664
    ],
    [
        0.9985277652740479,
        0.007715683430433273,
        -0.05369148403406143,
        -0.2435065656900406,
        -0.008521579205989838,
        0.9998542666435242,
        -0.014797072857618332,
        -0.25710439682006836,
        0.053569480776786804,
        0.015232820063829422,
        0.998447835445404,
        2.094961643218994
    ],
    [
        0.9986080527305603,
        0.0072954073548316956,
        -0.052237749099731445,
        -0.24578362703323364,
        -0.008066512644290924,
        0.9998614192008972,
        -0.01456589438021183,
        -0.2590675354003906,
        0.052124232053756714,
        0.014966991730034351,
        0.9985285401344299,
        2.112478494644165
    ],
    [
        0.9986855983734131,
        0.007445379626005888,
        -0.05071200802922249,
        -0.24841409921646118,
        -0.008179129101336002,
        0.9998646378517151,
        -0.014276820234954357,
        -0.26183825731277466,
        0.05059884861111641,
        0.014672836288809776,
        0.9986112117767334,
        2.1306304931640625
    ],
    [
        0.9987701773643494,
        0.007561743259429932,
        -0.04900042712688446,
