[
    [
        0.9989415407180786,
        0.005982491187751293,
        -0.04560793936252594,
        0.13229429721832275,
        -0.006236357148736715,
        0.9999657869338989,
        -0.005426006857305765,
        -0.054792579263448715,
        0.045573920011520386,
        0.0057046907022595406,
        0.9989446997642517,
        0.8036496043205261
    ],
    [
        0.9980505108833313,
        0.007136027328670025,
        -0.06200168654322624,
        0.19813592731952667,
        -0.007600400131195784,
        0.9999447464942932,
        -0.0072570666670799255,
        -0.0652712881565094,
        0.061946477741003036,
        0.007714156527072191,
        0.9980497360229492,
        1.0270634889602661
    ],
    [
        0.9966466426849365,
        0.007969005964696407,
        -0.08143629878759384,
        0.28398120403289795,
        -0.008728907443583012,
        0.9999216794967651,
        -0.008979501202702522,
        -0.07504381239414215,
        0.08135835826396942,
        0.009660240262746811,
        0.9966380596160889,
        1.261757493019104
    ],
    [
        0.9947153329849243,
        0.009577442891895771,
        -0.10222391784191132,
        0.3713317811489105,
        -0.010583419352769852,
        0.9999006986618042,
        -0.0093030771240592,
        -0.09514496475458145,
        0.1021246612071991,
        0.010335791856050491,
        0.9947180151939392,
        1.5368107557296753
    ],
    [
        0.9928110837936401,
        0.011675599031150341,
        -0.119120754301548,
        0.43797704577445984,
        -0.012807881459593773,
        0.9998797178268433,
        -0.008744172751903534,
        -0.11948277056217194,
        0.11900433897972107,
        0.010206992737948895,
        0.9928413033485413,
        1.778545618057251
    ],
    [
        0.9905166029930115,
        0.014974923804402351,
        -0.13657450675964355,
        0.5049236416816711,
        -0.016354333609342575,
        0.9998258352279663,
        -0.008983544073998928,
        -0.13856454193592072,
        0.13641619682312012,
        0.011131934821605682,
        0.9905890226364136,
        2.0390570163726807
    ],
    [
        0.9874202013015747,
        0.02036863937973976,
        -0.1568005084991455,
        0.582902729511261,
        -0.0220713522285223,
        0.9997147917747498,
        -0.009125415235757828,
        -0.16829638183116913,
        0.15656991302967072,
        0.012471417896449566,
        0.987588107585907,
        2.365123987197876
    ],
    [
        0.9839290380477905,
        0.02329562045633793,
        -0.17703364789485931,
        0.657558798789978,
        -0.02568342722952366,
        0.999607264995575,
        -0.0112080667167902,
        -0.18609659373760223,
        0.17670303583145142,
        0.015574775636196136,
        0.9841409921646118,
        2.6326394081115723
    ],
    [
        0.9786794185638428,
        0.026244407519698143,
        -0.20370984077453613,
        0.7505602836608887,
        -0.029885997995734215,
        0.9994433522224426,
        -0.014820200391113758,
        -0.2050754874944687,
        0.20320768654346466,
        0.02059229463338852,
        0.9789190888404846,
        2.941162109375
    ],
    [
        0.9736388921737671,
        0.029578957706689835,
        -0.22616901993751526,
        0.8158755898475647,
        -0.03426627069711685,
        0.9992710947990417,
        -0.016826219856739044,
        -0.22942456603050232,
        0.22550655901432037,
        0.024132641032338142,
        0.9739426970481873,
        3.196448564529419
    ],
    [
        0.9682793617248535,
        0.032863110303878784,
        -0.24769946932792664,
        0.8636825680732727,
        -0.039055559784173965,
        0.9990342855453491,
        -0.02012656442821026,
        -0.24704568088054657,
        0.2467985302209854,
        0.02916218526661396,
        0.9686278104782104,
        3.4410171508789062
    ],
    [
        0.9610347151756287,
        0.03530674800276756,
        -0.27416372299194336,
        0.913637638092041,
        -0.0444839671254158,
        0.9986363053321838,
        -0.027326850220561028,
        -0.252605140209198,
        0.27282512187957764,
        0.03845794126391411,
        0.9612947106361389,
        3.723222255706787
    ],
    [
        0.9536020159721375,
        0.03686707094311714,
        -0.29880422353744507,
        0.9535139203071594,
        -0.048232968896627426,
        0.9983627200126648,
        -0.030750403180718422,
        -0.2746252715587616,
        0.29718127846717834,
        0.04373587295413017,
        0.9538189172744751,
        3.9665024280548096
    ],
    [
        0.9442377686500549,
        0.03802890703082085,
        -0.3270608186721802,
        1.0031079053878784,
        -0.05192134156823158,
        0.9980775117874146,
        -0.03384777903556824,
        -0.2978515326976776,
        0.32514500617980957,
        0.04894179105758667,
        0.9443969130516052,
        4.204043865203857
    ],
    [
        0.9304782152175903,
        0.03758634626865387,
        -0.3644138276576996,
        1.0740501880645752,
        -0.055462032556533813,
        0.9977102279663086,
        -0.03870856761932373,
        -0.32021158933639526,
        0.362124502658844,
        0.05622861906886101,
        0.9304322600364685,
        4.4835896492004395
    ],
    [
        0.9174342751502991,
        0.03765369951725006,
        -0.39610153436660767,
        1.1271214485168457,
        -0.05860762670636177,
        0.997441828250885,
        -0.040927086025476456,
        -0.3475821614265442,
        0.3935471177101135,
        0.06076248735189438,
        0.9172940850257874,
        4.717864036560059
    ],
    [
        0.9017714262008667,
        0.037256088107824326,
        -0.43060463666915894,
        1.1703588962554932,
        -0.06292946636676788,
        0.9969788789749146,
        -0.04552773758769035,
        -0.3697536289691925,
        0.42760756611824036,
        0.06815333664417267,
        0.9013916254043579,
        4.982010841369629
    ],
    [
        0.8865483403205872,
        0.03577969968318939,
        -0.4612502157688141,
        1.2126137018203735,
        -0.06624885648488998,
        0.9965481162071228,
        -0.05003058537840843,
        -0.3823814392089844,
        0.4578680396080017,
        0.07491184026002884,
        0.8858584761619568,
        5.208315372467041
    ],
    [
        0.8701966404914856,
        0.03312711417675018,
        -0.4915895462036133,
        1.2568084001541138,
        -0.06771934777498245,
        0.9963096976280212,
        -0.05273561552166939,
        -0.40266135334968567,
        0.4880286157131195,
        0.07918047904968262,
        0.869228720664978,
        5.4343180656433105
    ],
    [
        0.8512000441551208,
        0.02836674265563488,
        -0.5240742564201355,
        1.3016878366470337,
        -0.06598801910877228,
        0.9963988065719604,
        -0.05324516445398331,
        -0.4341071546077728,
        0.5206765532493591,
        0.07990491390228271,
        0.8500065803527832,
        5.691965103149414
    ],
    [
        0.8344395756721497,
        0.024807821959257126,
        -0.5505407452583313,
        1.339011549949646,
        -0.06553812325000763,
        0.9963640570640564,
        -0.054437365382909775,
        -0.4500350058078766,
        0.5471885800361633,
        0.08150610327720642,
        0.8330315351486206,
        5.917971611022949
    ],
    [
        0.8179444074630737,
        0.02184540405869484,
        -0.5748823881149292,
        1.3740084171295166,
        -0.06512448936700821,
        0.9963713884353638,
        -0.05479743331670761,
        -0.4660532474517822,
        0.5715993046760559,
        0.08226017653942108,
        0.8163991570472717,
        6.144977569580078
    ],
    [
        0.802151620388031,
        0.019753294065594673,
        -0.5967936515808105,
        1.3903131484985352,
        -0.06557834148406982,
        0.9963213205337524,
        -0.05516672134399414,
        -0.47769880294799805,
        0.5935085415840149,
        0.0833888128399849,
        0.8004961013793945,
        6.4123430252075195
    ],
    [
        0.7938109040260315,
        0.018362438306212425,
        -0.607887327671051,
        1.3833858966827393,
        -0.06506213545799255,
        0.996371865272522,
        -0.05486413836479187,
        -0.48872053623199463,
        0.6046744585037231,
        0.08310220390558243,
        0.7921255826950073,
        6.623867511749268
    ],
    [
        0.7878919243812561,
        0.018317045643925667,
        -0.6155410408973694,
        1.3635411262512207,
        -0.06605379283428192,
        0.9963045716285706,
        -0.0549011155962944,
        -0.49751928448677063,
        0.6122607588768005,
        0.08391495794057846,
        0.7861902117729187,
        6.858898162841797
    ]
]