[
    [
        0.998099148273468,
        0.0010962272062897682,
        -0.06161899492144585,
        -0.0905056744813919,
        -0.001380327739752829,
        0.9999886155128479,
        -0.004568224772810936,
        -0.011202262714505196,
        0.0616132877767086,
        0.0046445950865745544,
        0.9980892539024353,
        0.20680062472820282
    ],
    [
        0.9945307970046997,
        0.008598372340202332,
        -0.10408896207809448,
        -0.1801709085702896,
        -0.009097382426261902,
        0.9999493360519409,
        -0.004320243839174509,
        -0.04821094498038292,
        0.1040465459227562,
        0.005243552848696709,
        0.9945585131645203,
        0.40476930141448975
    ],
    [
        0.9891154766082764,
        0.01752329058945179,
        -0.14609383046627045,
        -0.2596985995769501,
        -0.0180693157017231,
        0.999833881855011,
        -0.002411216264590621,
        -0.08765372633934021,
        0.14602729678153992,
        0.005024787038564682,
        0.9892677664756775,
        0.6121761202812195
    ],
    [
        0.9780959486961365,
        0.02396969497203827,
        -0.20677001774311066,
        -0.2836589217185974,
        -0.02546233870089054,
        0.999665379524231,
        -0.004560297355055809,
        -0.1226855218410492,
        0.20659153163433075,
        0.009725255891680717,
        0.9783788919448853,
        0.858923614025116
    ],
    [
        0.9670814275741577,
        0.033771272748708725,
        -0.2522163391113281,
        -0.3097176253795624,
        -0.03625117987394333,
        0.9993292689323425,
        -0.005190850235521793,
        -0.16159522533416748,
        0.25187182426452637,
        0.014163115993142128,
        0.9676569104194641,
        1.079695224761963
    ],
    [
        0.9554986357688904,
        0.04142181575298309,
        -0.2920728027820587,
        -0.3418465852737427,
        -0.04512567073106766,
        0.9989635944366455,
        -0.005952753126621246,
        -0.20148965716362,
        0.2915235161781311,
        0.018867826089262962,
        0.9563776254653931,
        1.3053933382034302
    ],
    [
        0.9431163668632507,
        0.04895447567105293,
        -0.3288390040397644,
        -0.3835263252258301,
        -0.05344504863023758,
        0.9985600709915161,
        -0.004625104833394289,
        -0.24513180553913116,
        0.328139066696167,
        0.021936828270554543,
        0.9443746209144592,
        1.549118995666504
    ],
    [
        0.9285424947738647,
        0.051950208842754364,
        -0.36757299304008484,
        -0.3938347399234772,
        -0.05767203867435455,
        0.9983249306678772,
        -0.004591597244143486,
        -0.27649810910224915,
        0.3667188286781311,
        0.025462178513407707,
        0.929983377456665,
        1.766239881515503
    ],
    [
        0.913910448551178,
        0.05327749624848366,
        -0.4024042785167694,
        -0.40930604934692383,
        -0.06071906164288521,
        0.9981382489204407,
        -0.0057491217739880085,
        -0.30565857887268066,
        0.4013487696647644,
        0.029687782749533653,
        0.9154441356658936,
        1.9718984365463257
    ],
    [
        0.8977989554405212,
        0.055208951234817505,
        -0.43693146109580994,
        -0.44032901525497437,
        -0.06432023644447327,
        0.9979108572006226,
        -0.006071964744478464,
        -0.33310213685035706,
        0.4356834292411804,
        0.03355494514107704,
        0.8994743824005127,
        2.1574811935424805
    ],
    [
        0.883418083190918,
        0.06157856434583664,
        -0.4645219147205353,
        -0.4842236340045929,
        -0.06962968409061432,
        0.9975729584693909,
        -0.00017871444288175553,
        -0.37720009684562683,
        0.46338340640068054,
        0.03250239044427872,
        0.8855616450309753,
        2.373990058898926
    ],
    [
        0.8567268252372742,
        0.07380518317222595,
        -0.5104624032974243,
        -0.4955562949180603,
        -0.08192341774702072,
        0.9966167211532593,
        0.0066008069552481174,
        -0.4176517128944397,
        0.509222686290741,
        0.036163728684186935,
        0.8598746061325073,
        2.57403302192688
    ],
    [
        0.8156894445419312,
        0.08707857877016068,
        -0.5718986392021179,
        -0.49475371837615967,
        -0.09776418656110764,
        0.9951362609863281,
        0.012082268483936787,
        -0.44578391313552856,
        0.57016921043396,
        0.046055860817432404,
        0.8202351927757263,
        2.7646474838256836
    ],
    [
        0.7686793804168701,
        0.09929370135068893,
        -0.6318804025650024,
        -0.5281510949134827,
        -0.11173006147146225,
        0.9935331344604492,
        0.020204761996865273,
        -0.4769638776779175,
        0.6298002600669861,
        0.05506903678178787,
        0.7748026847839355,
        2.965684652328491
    ],
    [
        0.7134338617324829,
        0.10699228942394257,
        -0.6925060749053955,
        -0.5749338269233704,
        -0.1197194904088974,
        0.9923549890518188,
        0.029981540516018867,
        -0.5085436701774597,
        0.6904196739196777,
        0.06151663884520531,
        0.7207886576652527,
        3.1675124168395996
    ],
    [
        0.642395555973053,
        0.11092477291822433,
        -0.7583030462265015,
        -0.6231348514556885,
        -0.1267423927783966,
        0.9912218451499939,
        0.03762652724981308,
        -0.5408622622489929,
        0.7558202743530273,
        0.07193804532289505,
        0.6508152484893799,
        3.3665878772735596
    ],
    [
        0.567179262638092,
        0.11131514608860016,
        -0.8160372376441956,
        -0.6862435340881348,
        -0.13392020761966705,
        0.9901025295257568,
        0.04197927564382553,
        -0.5633372664451599,
        0.8126333951950073,
        0.08547411113977432,
        0.5764729976654053,
        3.556445598602295
    ],
    [
        0.4944573938846588,
        0.11396125704050064,
        -0.8616986870765686,
        -0.7612252235412598,
        -0.14215418696403503,
        0.9886221289634705,
        0.04917660355567932,
        -0.5858869552612305,
        0.8574987053871155,
        0.09817834198474884,
        0.5050316452980042,
        3.710933208465576
    ],
    [
        0.40829697251319885,
        0.11587832868099213,
        -0.9054644107818604,
        -0.8574510812759399,
        -0.1484816074371338,
        0.9871309995651245,
        0.05937560647726059,
        -0.6035646796226501,
        0.9006924033164978,
        0.11020191758871078,
        0.42024847865104675,
        3.8882384300231934
    ],
    [
        0.32789409160614014,
        0.11929109692573547,
        -0.937152624130249,
        -0.9470274448394775,
        -0.1535559594631195,
        0.985533595085144,
        0.0717228502035141,
        -0.6195613741874695,
        0.9321513175964355,
        0.12038785219192505,
        0.3414685130119324,
        4.024764060974121
    ],
    [
        0.2291121929883957,
        0.1240110695362091,
        -0.9654682278633118,
        -1.0366089344024658,
        -0.15828530490398407,
        0.983396589756012,
        0.08875172585248947,
        -0.6494307518005371,
        0.9604443907737732,
        0.1324853152036667,
        0.24493728578090668,
        4.186458587646484
    ],
    [
        0.12009940296411514,
        0.126769557595253,
        -0.9846346974372864,
        -1.1452834606170654,
        -0.16013915836811066,
        0.9812989830970764,
        0.10680733621120453,
        -0.6767594814300537,
        0.9797609448432922,
        0.14485107362270355,
        0.13815417885780334,
        4.322544097900391
    ],
    [
        0.01115098875015974,
        0.12313828617334366,
        -0.9923268556594849,
        -1.2580817937850952,
        -0.1614454686641693,
        0.9795902371406555,
        0.11974357068538666,
        -0.6922844648361206,
        0.9868185520172119,
        0.15887139737606049,
        0.030803464353084564,
        4.4518022537231445
    ],
    [
        -0.09762567281723022,
        0.11859014630317688,
        -0.9881324172019958,
        -1.3804389238357544,
        -0.16115722060203552,
        0.9778876304626465,
        0.13328266143798828,
        -0.7095836997032166,
        0.9820883274078369,
        0.1722564995288849,
        -0.07635527849197388,
        4.564281940460205
    ],
    [
        -0.20693323016166687,
        0.1161416620016098,
        -0.9714369773864746,
        -1.495184302330017,
        -0.15750811994075775,
        0.9760218858718872,
        0.15024182200431824,
        -0.7412393689155579,
        0.9655930995941162,
        0.1840992271900177,
        -0.1836780607700348,
        4.686613082885742
    ]
]