[
    [
        0.9999707937240601,
        0.006499495357275009,
        -0.004034761805087328,
        0.06340673565864563,
        -0.006605189293622971,
        0.9996200799942017,
        -0.026760347187519073,
        -0.08239500969648361,
        0.003859299700707197,
        0.026786211878061295,
        0.9996337890625,
        1.15334153175354
    ],
    [
        0.9999515414237976,
        0.009850719943642616,
        -0.00025820458540692925,
        0.09620019048452377,
        -0.009853139519691467,
        0.9991438984870911,
        -0.040179263800382614,
        -0.10714855045080185,
        -0.00013781170127913356,
        0.04017985984683037,
        0.9991924166679382,
        1.5920981168746948
    ],
    [
        0.9999077320098877,
        0.013262812048196793,
        0.0029292150866240263,
        0.12305054068565369,
        -0.013086715713143349,
        0.9984753131866455,
        -0.05362624302506447,
        -0.14736932516098022,
        -0.003635984845459461,
        0.05358295887708664,
        0.9985567927360535,
        2.088460922241211
    ],
    [
        0.9997822642326355,
        0.01741648279130459,
        0.011492614634335041,
        0.1383867710828781,
        -0.01664016582071781,
        0.9977790117263794,
        -0.064498670399189,
        -0.18789786100387573,
        -0.012590430676937103,
        0.06429338455200195,
        0.997851550579071,
        2.554474353790283
    ],
    [
        0.9994891285896301,
        0.021919969469308853,
        0.02325720712542534,
        0.1580348014831543,
        -0.020156610757112503,
        0.9970899820327759,
        -0.07351994514465332,
        -0.22535406053066254,
        -0.024801084771752357,
        0.07301360368728638,
        0.9970225691795349,
        3.0593457221984863
    ],
    [
        0.9991402626037598,
        0.026188921183347702,
        0.032139815390110016,
        0.15818805992603302,
        -0.023525159806013107,
        0.9964663982391357,
        -0.08063043653964996,
        -0.26212331652641296,
        -0.03413786739110947,
        0.07980502396821976,
        0.9962256550788879,
        3.492408514022827
    ],
    [
        0.9981673359870911,
        0.037896085530519485,
        0.04717782512307167,
        0.17016085982322693,
        -0.034300465136766434,
        0.9966068267822266,
        -0.07482106238603592,
        -0.2822342813014984,
        -0.04985316842794418,
        0.07306572049856186,
        0.9960802793502808,
        3.9739861488342285
    ],
    [
        0.9973474740982056,
        0.0465090349316597,
        0.055990226566791534,
        0.21511347591876984,
        -0.042979564517736435,
        0.9971083998680115,
        -0.06267137825489044,
        -0.29325953125953674,
        -0.05874311178922653,
        0.060098715126514435,
        0.9964624047279358,
        4.4539337158203125
    ],
    [
        0.9974595308303833,
        0.045271314680576324,
        0.05500088632106781,
        0.23348663747310638,
        -0.04254698008298874,
        0.9978558421134949,
        -0.04973306506872177,
        -0.30040839314460754,
        -0.057134438306093216,
        0.04726659134030342,
        0.9972469210624695,
        4.888718128204346
    ],
    [
        0.9970224499702454,
        0.03372311592102051,
        0.06934735178947449,
        0.263643354177475,
        -0.031149594113230705,
        0.9987973570823669,
        -0.037863217294216156,
        -0.32422953844070435,
        -0.07054081559181213,
        0.035590339452028275,
        0.9968736171722412,
        5.348140239715576
    ],
    [
        0.9954217672348022,
        0.025020351633429527,
        0.09224627912044525,
        0.3037455677986145,
        -0.0228116512298584,
        0.9994291067123413,
        -0.02492082305252552,
        -0.35168886184692383,
        -0.09281714260578156,
        0.02270244061946869,
        0.9954242706298828,
        5.7677788734436035
    ],
    [
        0.9913651943206787,
        0.025710154324769974,
        0.12858417630195618,
        0.3084242045879364,
        -0.02397383190691471,
        0.9995994567871094,
        -0.015033220872282982,
        -0.3841613829135895,
        -0.12891919910907745,
        0.011820755898952484,
        0.9915846586227417,
        6.2096848487854
    ],
    [
        0.9843803644180298,
        0.028325369581580162,
        0.17376121878623962,
        0.32555392384529114,
        -0.026029670611023903,
        0.9995412826538086,
        -0.015476883389055729,
        -0.3954971134662628,
        -0.17411991953849792,
        0.010712195187807083,
        0.9846662282943726,
        6.624463081359863
    ],
    [
        0.9767091274261475,
        0.02865653857588768,
        0.21264539659023285,
        0.3723568320274353,
        -0.02575475163757801,
        0.9995337128639221,
        -0.016404112800955772,
        -0.40544459223747253,
        -0.21301646530628204,
        0.010545412078499794,
        0.9769916534423828,
        6.995452880859375
    ],
    [
        0.9654967188835144,
        0.02843828685581684,
        0.25885775685310364,
        0.42539602518081665,
        -0.02743861824274063,
        0.9995956420898438,
        -0.00747474143281579,
        -0.41959846019744873,
        -0.2589656114578247,
        0.00011412845924496651,
        0.9658865332603455,
        7.39330530166626
    ],
    [
        0.952520489692688,
        0.0204477459192276,
        0.3037872016429901,
        0.523865282535553,
        -0.020684806630015373,
        0.9997830390930176,
        -0.0024379773531109095,
        -0.4332691431045532,
        -0.30377084016799927,
        -0.003961539827287197,
        0.9527367949485779,
        7.71954870223999
    ],
    [
        0.9325667023658752,
        0.013659819960594177,
        0.36073926091194153,
        0.6762812733650208,
        -0.01724165305495262,
        0.9998288154602051,
        0.0067126075737178326,
        -0.44616982340812683,
        -0.36058586835861206,
        -0.012479686178267002,
        0.9326425194740295,
        8.0565824508667
    ],
    [
        0.9124293923377991,
        0.007924049161374569,
        0.4091572165489197,
        0.8171214461326599,
        -0.014101089909672737,
        0.9998276233673096,
        0.012082360684871674,
        -0.45310619473457336,
        -0.4089910089969635,
        -0.0167938694357872,
        0.9123839139938354,
        8.364355087280273
    ],
    [
        0.89007169008255,
        -0.007837861776351929,
        0.4557531177997589,
        0.9962121248245239,
        3.262010432081297e-05,
        0.9998531937599182,
        0.017131371423602104,
        -0.46429184079170227,
        -0.45582062005996704,
        -0.015233268961310387,
        0.8899412155151367,
        8.668506622314453
    ],
    [
        0.8657324314117432,
        -0.02372884377837181,
        0.49994418025016785,
        1.194915771484375,
        0.013733596540987492,
        0.9996256828308105,
        0.02366335317492485,
        -0.47670435905456543,
        -0.5003184676170349,
        -0.013620110228657722,
        0.8657341599464417,
        8.954079627990723
    ],
    [
        0.8362233638763428,
        -0.02595340646803379,
        0.5477746725082397,
        1.3762646913528442,
        0.01283551100641489,
        0.9995321035385132,
        0.027763044461607933,
        -0.5062243342399597,
        -0.5482387542724609,
        -0.016185125336050987,
        0.8361650705337524,
        9.222392082214355
    ],
    [
        0.7992456555366516,
        -0.025091171264648438,
        0.6004804372787476,
        1.5709887742996216,
        0.014401317574083805,
        0.9996408224105835,
        0.022601837292313576,
        -0.5354632139205933,
        -0.600831925868988,
        -0.009416711516678333,
        0.7993199229240417,
        9.495072364807129
    ],
    [
        0.7601332664489746,
        -0.024024832993745804,
        0.6493229269981384,
        1.7765768766403198,
        0.019097357988357544,
        0.9997106790542603,
        0.014632713980972767,
        -0.5701416730880737,
        -0.6494865417480469,
        0.0012775392970070243,
        0.7603720426559448,
        9.715152740478516
    ],
    [
        0.7097055912017822,
        -0.023258011788129807,
        0.7041143178939819,
        1.989335060119629,
        0.024458400905132294,
        0.9996657967567444,
        0.008367907255887985,
        -0.5912950038909912,
        -0.7040736079216003,
        0.011282763443887234,
        0.7100372910499573,
        9.95421028137207
    ],
    [
        0.6492087841033936,
        -0.019811930134892464,
        0.7603521347045898,
        2.198827028274536,
        0.026398856192827225,
        0.9996453523635864,
        0.0035069736186414957,
        -0.6114313006401062,
        -0.7601519227027893,
        0.017795667052268982,
        0.6495015621185303,
        10.18156623840332
    ]
]