[
    [
        0.9993559122085571,
        0.0009398582624271512,
        0.03587418422102928,
        -0.04644935205578804,
        -0.0006893788231536746,
        0.999975323677063,
        -0.006993888411670923,
        -0.006998301483690739,
        -0.035879869014024734,
        0.0069646527990698814,
        0.9993318915367126,
        0.20043537020683289
    ],
    [
        0.9993585348129272,
        0.0009481906890869141,
        0.035800717771053314,
        -0.04643087089061737,
        -0.0006956093129701912,
        0.99997478723526,
        -0.007067007943987846,
        -0.006878905463963747,
        -0.03580651804804802,
        0.0070375707000494,
        0.999333918094635,
        0.1983969807624817
    ],
    [
        0.9993612170219421,
        0.0009502754546701908,
        0.035723112523555756,
        -0.04641147702932358,
        -0.000696904375217855,
        0.9999744892120361,
        -0.00710443127900362,
        -0.006825708318501711,
        -0.035728953778743744,
        0.007074997294694185,
        0.9993364214897156,
        0.19543996453285217
    ],
    [
        0.9993689060211182,
        0.0009167980751954019,
        0.03551078215241432,
        -0.04629882425069809,
        -0.0006701511447317898,
        0.9999756217002869,
        -0.0069569735787808895,
        -0.006965145468711853,
        -0.03551629185676575,
        0.00692878570407629,
        0.9993451237678528,
        0.1904808133840561
    ],
    [
        0.9993719458580017,
        0.0009199865744449198,
        0.03542414680123329,
        -0.04625009745359421,
        -0.0006759214447811246,
        0.9999760389328003,
        -0.006901167333126068,
        -0.007028685882687569,
        -0.03542964160442352,
        0.006872888654470444,
        0.9993485808372498,
        0.18850721418857574
    ],
    [
        0.9993740916252136,
        0.0009312480106018484,
        0.03536375239491463,
        -0.046400751918554306,
        -0.000690473010763526,
        0.9999765157699585,
        -0.006820125039666891,
        -0.007105168420821428,
        -0.03536927327513695,
        0.006791439838707447,
        0.9993512034416199,
        0.18341603875160217
    ],
    [
        0.9993798732757568,
        0.000929720641579479,
        0.03519884869456291,
        -0.04626406356692314,
        -0.0006904404144734144,
        0.9999765753746033,
        -0.006809511687606573,
        -0.007086728233844042,
        -0.03520435094833374,
        0.00678098713979125,
        0.9993571639060974,
        0.18044915795326233
    ],
    [
        0.9993844628334045,
        0.0009341656696051359,
        0.03506980836391449,
        -0.046257346868515015,
        -0.0006965972715988755,
        0.9999767541885376,
        -0.0067857722751796246,
        -0.007113709580153227,
        -0.035075340420007706,
        0.00675716670230031,
        0.9993618130683899,
        0.17541778087615967
    ],
    [
        0.9993892312049866,
        0.0009228229173459113,
        0.034933365881443024,
        -0.046126965433359146,
        -0.0006833282532170415,
        0.9999762773513794,
        -0.006867079995572567,
        -0.006969931069761515,
        -0.03493886813521385,
        0.006839015521109104,
        0.9993661046028137,
        0.17344972491264343
    ],
    [
        0.9993919730186462,
        0.0009193166042678058,
        0.034854914993047714,
        -0.04623709246516228,
        -0.0006886355113238096,
        0.9999777674674988,
        -0.006629736628383398,
        -0.007252099458128214,
        -0.03486022725701332,
        0.006601703353226185,
        0.9993703961372375,
        0.16838613152503967
    ],
    [
        0.9993970990180969,
        0.0008986041648313403,
        0.03470800817012787,
        -0.046099934726953506,
        -0.00066935591166839,
        0.9999779462814331,
        -0.006616105325520039,
        -0.007269359193742275,
        -0.034713178873062134,
        0.006588883697986603,
        0.9993756413459778,
        0.16538213193416595
    ],
    [
        0.9994040131568909,
        0.0008911765180528164,
        0.03450929746031761,
        -0.04601319879293442,
        -0.0006643694941885769,
        0.9999781250953674,
        -0.006583267357200384,
        -0.007251647301018238,
        -0.0345144085586071,
        0.006556416861712933,
        0.9993826150894165,
        0.16047941148281097
    ],
    [
        0.999409019947052,
        0.0008924614521674812,
        0.03436446562409401,
        -0.04585057497024536,
        -0.0006612445577047765,
        0.999977171421051,
        -0.00673916470259428,
        -0.0070273298770189285,
        -0.03436969220638275,
        0.006712457165122032,
        0.9993865489959717,
        0.15841268002986908
    ],
    [
        0.9994115829467773,
        0.0008849542937241495,
        0.03428732231259346,
        -0.04586150497198105,
        -0.0006609655683860183,
        0.9999784231185913,
        -0.006543472409248352,
        -0.007280409336090088,
        -0.034292373806238174,
        0.006516958121210337,
        0.9993906021118164,
        0.15546011924743652
    ],
    [
        0.9994199275970459,
        0.0008756595780141652,
        0.0340433269739151,
        -0.04568244889378548,
        -0.0006520773749798536,
        0.9999781847000122,
        -0.006578137166798115,
        -0.007182599510997534,
        -0.03404834121465683,
        0.006552121601998806,
        0.9993987083435059,
        0.1504354327917099
    ],
    [
        0.9994212985038757,
        0.0008975322707556188,
        0.034003254026174545,
        -0.04570036381483078,
        -0.0006699247169308364,
        0.9999773502349854,
        -0.006704491097480059,
        -0.007003439124673605,
        -0.03400849923491478,
        0.006677832920104265,
        0.9993991851806641,
        0.14846128225326538
    ],
    [
        0.9994271993637085,
        0.0009000780410133302,
        0.033828288316726685,
        -0.04566587507724762,
        -0.0006728059379383922,
        0.999977171421051,
        -0.0067291827872395515,
        -0.006934100296348333,
        -0.0338335745036602,
        0.006702569779008627,
        0.9994049072265625,
        0.14345186948776245
    ],
    [
        0.9994310736656189,
        0.0008772152359597385,
        0.0337178111076355,
        -0.04560702666640282,
        -0.0006632248405367136,
        0.9999796152114868,
        -0.006357163190841675,
        -0.007406002841889858,
        -0.03372269868850708,
        0.006331184413284063,
        0.9994112253189087,
        0.1404987871646881
    ],
    [
        0.9994360208511353,
        0.0008929386385716498,
        0.03356696665287018,
        -0.045570723712444305,
        -0.0006755252834409475,
        0.99997878074646,
        -0.00648776488378644,
        -0.007230403367429972,
        -0.03357204422354698,
        0.0064614312723279,
        0.999415397644043,
        0.1354387253522873
    ],
    [
        0.9994383454322815,
        0.0008873793412931263,
        0.03349851071834564,
        -0.04552481323480606,
        -0.0006712767062708735,
        0.9999788999557495,
        -0.0064618270844221115,
        -0.007226292509585619,
        -0.033503539860248566,
        0.006435711402446032,
        0.9994179010391235,
        0.13345488905906677
    ],
    [
        0.9994446039199829,
        0.0008713470888324082,
        0.03331558778882027,
        -0.045474063605070114,
        -0.0006576150190085173,
        0.9999791383743286,
        -0.006425796076655388,
        -0.0072378008626401424,
        -0.03332049399614334,
        0.0064003183506429195,
        0.9994243383407593,
        0.12847279012203217
    ],
    [
        0.9994481801986694,
        0.0008697556331753731,
        0.033203933387994766,
        -0.04542684927582741,
        -0.0006585392984561622,
        0.9999794363975525,
        -0.006371570285409689,
        -0.007318750023841858,
        -0.03320879489183426,
        0.006346188485622406,
        0.9994282126426697,
        0.1254015862941742
    ],
    [
        0.999455988407135,
        0.0008781603537499905,
        0.03296690434217453,
        -0.04520989581942558,
        -0.0006703045219182968,
        0.9999797940254211,
        -0.006315494421869516,
        -0.007335517089813948,
        -0.032971784472465515,
        0.006289961282163858,
        0.9994364380836487,
        0.12046927213668823
    ],
    [
        0.9994577169418335,
        0.0008712640265002847,
        0.032918531447649,
        -0.04520489275455475,
        -0.0006663459935225546,
        0.9999803304672241,
        -0.006235464010387659,
        -0.007431237958371639,
        -0.03292331472039223,
        0.006210147403180599,
        0.9994385838508606,
        0.11847370862960815
    ],
    [
        0.9994606375694275,
        0.000865389418322593,
        0.03282903507351875,
        -0.04526789113879204,
        -0.0006678145728074014,
        0.9999816417694092,
        -0.006028799340128899,
        -0.007717935834079981,
        -0.03283364698290825,
        0.006003623828291893,
        0.9994427561759949,
        0.11345996707677841
    ]
]