[
    [
        0.8940156698226929,
        -0.06402240693569183,
        0.443437784910202,
        -0.21656686067581177,
        0.043068211525678635,
        0.9974346160888672,
        0.05717715620994568,
        -0.09175793081521988,
        -0.4459608495235443,
        -0.03201920539140701,
        0.894479513168335,
        0.6201634407043457
    ],
    [
        0.8638002872467041,
        -0.0825919359922409,
        0.4970187842845917,
        -0.21739926934242249,
        0.053457800298929214,
        0.995928168296814,
        0.07259037345647812,
        -0.09863606840372086,
        -0.5009903311729431,
        -0.036134060472249985,
        0.8646982312202454,
        0.6928618550300598
    ],
    [
        0.8307557106018066,
        -0.10132794082164764,
        0.5473369359970093,
        -0.21387813985347748,
        0.06335426867008209,
        0.9941143989562988,
        0.08787942677736282,
        -0.10326819121837616,
        -0.5530201196670532,
        -0.03833020478487015,
        0.8322856426239014,
        0.7509186863899231
    ],
    [
        0.7893009781837463,
        -0.12293294072151184,
        0.6015740633010864,
        -0.2062489092350006,
        0.0746103823184967,
        0.9916947484016418,
        0.10476163774728775,
        -0.1063087061047554,
        -0.609456479549408,
        -0.03780478239059448,
        0.7919175624847412,
        0.8045368194580078
    ],
    [
        0.7509008646011353,
        -0.13996517658233643,
        0.6454127430915833,
        -0.2008187174797058,
        0.08299624919891357,
        0.9895354509353638,
        0.11803071945905685,
        -0.10704091936349869,
        -0.655178964138031,
        -0.035062551498413086,
        0.7546597123146057,
        0.8450038433074951
    ],
    [
        0.7084570527076721,
        -0.15433473885059357,
        0.6886721253395081,
        -0.2062557190656662,
        0.08888641744852066,
        0.9875385165214539,
        0.12987208366394043,
        -0.10837098956108093,
        -0.7001341581344604,
        -0.030795183032751083,
        0.7133468985557556,
        0.8809424638748169
    ],
    [
        0.653955340385437,
        -0.16699659824371338,
        0.7378716468811035,
        -0.21779285371303558,
        0.09121780842542648,
        0.9856224656105042,
        0.14222422242164612,
        -0.11421883851289749,
        -0.7510138154029846,
        -0.0257012490183115,
        0.6597861051559448,
        0.9201027154922485
    ],
    [
        0.6033849716186523,
        -0.1737544983625412,
        0.7782904505729675,
        -0.23669147491455078,
        0.08727297186851501,
        0.9844996929168701,
        0.15213091671466827,
        -0.1269139051437378,
        -0.792660117149353,
        -0.023869791999459267,
        0.6091963052749634,
        0.9476304650306702
    ],
    [
        0.5501286387443542,
        -0.17516332864761353,
        0.8165024518966675,
        -0.2582576870918274,
        0.081052765250206,
        0.9843373894691467,
        0.15655843913555145,
        -0.13599488139152527,
        -0.8311371803283691,
        -0.01994752697646618,
        0.555709719657898,
        0.9691363573074341
    ],
    [
        0.48524612188339233,
        -0.1728009581565857,
        0.8571323752403259,
        -0.29508399963378906,
        0.07277905941009521,
        0.9848576188087463,
        0.15734858810901642,
        -0.14800377190113068,
        -0.8713433742523193,
        -0.01397147960960865,
        0.4904746115207672,
        0.9865350127220154
    ],
    [
        0.4305078685283661,
        -0.171637624502182,
        0.886117160320282,
        -0.31924453377723694,
        0.06737444549798965,
        0.9851247072219849,
        0.15808206796646118,
        -0.15527699887752533,
        -0.9000685811042786,
        -0.00835391040891409,
        0.4356679320335388,
        1.014970302581787
    ],
    [
        0.3709034025669098,
        -0.1741069257259369,
        0.9122046828269958,
        -0.3489866852760315,
        0.06173201650381088,
        0.9847183227539062,
        0.16284684836864471,
        -0.1664571315050125,
        -0.926617443561554,
        -0.004088209476321936,
        0.375983327627182,
        1.0639909505844116
    ],
    [
        0.3022824227809906,
        -0.18089914321899414,
        0.9358958005905151,
        -0.38173073530197144,
        0.057407502084970474,
        0.9834998846054077,
        0.1715586632490158,
        -0.1790030300617218,
        -0.9514881372451782,
        0.0018682703375816345,
        0.3076797127723694,
        1.1211090087890625
    ],
    [
        0.24931368231773376,
        -0.18858914077281952,
        0.9498825073242188,
        -0.4007251560688019,
        0.05718252807855606,
        0.9820106625556946,
        0.179959237575531,
        -0.18626995384693146,
        -0.9667330384254456,
        0.009450391866266727,
        0.25561267137527466,
        1.159987211227417
    ],
    [
        0.20143072307109833,
        -0.19609491527080536,
        0.9596731662750244,
        -0.4145650267601013,
        0.05870158597826958,
        0.9804110527038574,
        0.18801124393939972,
        -0.18992777168750763,
        -0.9777422547340393,
        0.018463099375367165,
        0.2089960277080536,
        1.185847282409668
    ],
    [
        0.14944835007190704,
        -0.20425164699554443,
        0.9674432873725891,
        -0.4254697859287262,
        0.06256578862667084,
        0.9784241318702698,
        0.1969049870967865,
        -0.19130292534828186,
        -0.9867879748344421,
        0.031101729720830917,
        0.15900306403636932,
        1.2087905406951904
    ],
    [
        0.10522446036338806,
        -0.21045877039432526,
        0.971923291683197,
        -0.43343600630760193,
        0.06616475433111191,
        0.9766650199890137,
        0.20432226359844208,
        -0.19038882851600647,
        -0.9922449588775635,
        0.04280736297369003,
        0.11669398099184036,
        1.233486294746399
    ],
    [
        0.06149137765169144,
        -0.21655593812465668,
        0.9743317365646362,
        -0.4405466914176941,
        0.0678495392203331,
        0.9748278856277466,
        0.2123841494321823,
        -0.19164249300956726,
        -0.9957987666130066,
        0.05304816737771034,
        0.07463674992322922,
        1.2636425495147705
    ],
    [
        0.01319322269409895,
        -0.2233441174030304,
        0.9746503233909607,
        -0.4557206928730011,
        0.0698278620839119,
        0.9725611805915833,
        0.2219201922416687,
        -0.19606807827949524,
        -0.9974717497825623,
        0.06512990593910217,
        0.02842683531343937,
        1.2989524602890015
    ],
    [
        -0.026100004091858864,
        -0.22787442803382874,
        0.9733405709266663,
        -0.4679792821407318,
        0.07003715634346008,
        0.9708629846572876,
        0.22917236387729645,
        -0.19977585971355438,
        -0.9972028732299805,
        0.0741514265537262,
        -0.009379810653626919,
        1.3261340856552124
    ],
    [
        -0.06238783895969391,
        -0.23188267648220062,
        0.9707409739494324,
        -0.48046785593032837,
        0.06858480721712112,
        0.9693405032157898,
        0.23595593869686127,
        -0.2060137838125229,
        -0.9956927299499512,
        0.08129887282848358,
        -0.04457142576575279,
        1.3476499319076538
    ],
    [
        -0.10560742020606995,
        -0.23419249057769775,
        0.9664372801780701,
        -0.4850035607814789,
        0.0630917027592659,
        0.9683359265327454,
        0.24154694378376007,
        -0.21219348907470703,
        -0.9924044013023376,
        0.08648331463336945,
        -0.08748786896467209,
        1.382995843887329
    ],
    [
        -0.14285241067409515,
        -0.2356371134519577,
        0.9612847566604614,
        -0.4843800365924835,
        0.057357482612133026,
        0.9676424860954285,
        0.24571923911571503,
        -0.21798653900623322,
        -0.9880805611610413,
        0.09023845940828323,
        -0.1247144564986229,
        1.4198710918426514
    ],
    [
        -0.17762281000614166,
        -0.24005430936813354,
        0.9543710947036743,
        -0.48132702708244324,
        0.05090196058154106,
        0.9662528038024902,
        0.2525165379047394,
        -0.23226408660411835,
        -0.9827812314033508,
        0.09343206137418747,
        -0.15940919518470764,
        1.4538276195526123
    ],
    [
        -0.21434739232063293,
        -0.2443254142999649,
        0.9457062482833862,
        -0.4797002971172333,
        0.04386209696531296,
        0.9648255109786987,
        0.2592063844203949,
        -0.24490000307559967,
        -0.9757721424102783,
        0.09704086929559708,
        -0.1960911899805069,
        1.4867048263549805
    ]
]