[
    [
        0.999939501285553,
        0.003337198169901967,
        -0.010489927604794502,
        -0.18434426188468933,
        -0.0033212765119969845,
        0.9999932646751404,
        0.001534871058538556,
        0.10736852884292603,
        0.010494979098439217,
        -0.0014999380800873041,
        0.9999438524246216,
        0.0334295928478241
    ],
    [
        0.9997192025184631,
        0.004052356816828251,
        -0.023349909111857414,
        -0.3391546607017517,
        -0.003947231452912092,
        0.9999818801879883,
        0.0045465137809515,
        0.15758274495601654,
        0.02336791157722473,
        -0.004453069064766169,
        0.9997170567512512,
        0.06692621111869812
    ],
    [
        0.9991350173950195,
        0.0032885619439184666,
        -0.041453372687101364,
        -0.5193367600440979,
        -0.002943478524684906,
        0.9999605417251587,
        0.008382895961403847,
        0.19463808834552765,
        0.04147930443286896,
        -0.008253629319369793,
        0.9991052746772766,
        0.1357714682817459
    ],
    [
        0.9981003403663635,
        0.001021164353005588,
        -0.06160002574324608,
        -0.6493784189224243,
        -0.0002020734827965498,
        0.9999115467071533,
        0.01330167893320322,
        0.22589607536792755,
        0.06160816550254822,
        -0.013263963162899017,
        0.9980121850967407,
        0.24394138157367706
    ],
    [
        0.9957151412963867,
        0.003358584363013506,
        -0.09241269528865814,
        -0.7802794575691223,
        -0.001559027936309576,
        0.9998079538345337,
        0.019538359716534615,
        0.27031585574150085,
        0.09246056526899338,
        -0.019310563802719116,
        0.9955291152000427,
        0.4335782825946808
    ],
    [
        0.9911034107208252,
        0.00467642629519105,
        -0.13301178812980652,
        -0.8981091976165771,
        -0.001490913680754602,
        0.9997099041938782,
        0.02403862029314041,
        0.3112349212169647,
        0.13308560848236084,
        -0.023626448586583138,
        0.9908227920532227,
        0.6361714005470276
    ],
    [
        0.9843280911445618,
        0.006178024224936962,
        -0.17623916268348694,
        -1.016092300415039,
        -0.0019122592639178038,
        0.9997013807296753,
        0.024363985285162926,
        0.35282281041145325,
        0.17633703351020813,
        -0.02364513650536537,
        0.9840458631515503,
        0.8809531331062317
    ],
    [
        0.9794003367424011,
        0.005556448828428984,
        -0.20185163617134094,
        -1.0868221521377563,
        -0.0002792668528854847,
        0.9996575713157654,
        0.026162924244999886,
        0.35724085569381714,
        0.20192793011665344,
        -0.025567611679434776,
        0.9790665507316589,
        1.0894596576690674
    ],
    [
        0.9773045182228088,
        0.005984579678624868,
        -0.21175517141819,
        -1.1271954774856567,
        0.0004316507838666439,
        0.9995424747467041,
        0.030241044238209724,
        0.36691585183143616,
        0.21183927357196808,
        -0.02964610420167446,
        0.9768547415733337,
        1.3090788125991821
    ],
    [
        0.9759862422943115,
        0.0065125515684485435,
        -0.21773460507392883,
        -1.1527011394500732,
        0.00031419534934684634,
        0.9995098114013672,
        0.03130421042442322,
        0.36594358086586,
        0.21783176064491272,
        -0.030620887875556946,
        0.9755058884620667,
        1.531900405883789
    ],
    [
        0.9750937819480896,
        0.007878143340349197,
        -0.2216532677412033,
        -1.16511070728302,
        -0.0007345540216192603,
        0.9994782209396362,
        0.03229266032576561,
        0.4431043863296509,
        0.22179199755191803,
        -0.03132554888725281,
        0.9745907187461853,
        1.7290626764297485
    ],
    [
        0.9749743342399597,
        0.009486123919487,
        -0.22211523354053497,
        -1.197944164276123,
        -0.003297459566965699,
        0.9995964169502258,
        0.02821670100092888,
        0.5466976761817932,
        0.22229327261447906,
        -0.026778139173984528,
        0.9746120572090149,
        1.8953461647033691
    ],
    [
        0.9749508500099182,
        0.008897802792489529,
        -0.22224241495132446,
        -1.2187161445617676,
        -0.0023429400753229856,
        0.9995549321174622,
        0.029740450903773308,
        0.6428407430648804,
        0.22240811586380005,
        -0.02847478538751602,
        0.9745376706123352,
        2.017487049102783
    ],
    [
        0.9751791954040527,
        0.008517315611243248,
        -0.2212533950805664,
        -1.2304620742797852,
        -0.001654830644838512,
        0.9995123744010925,
        0.0311832707375288,
        0.724557638168335,
        0.2214110940694809,
        -0.030043138191103935,
        0.9747176170349121,
        2.1527011394500732
    ],
    [
        0.975277841091156,
        0.007827096618711948,
        -0.2208440750837326,
        -1.2206450700759888,
        -0.001139128115028143,
        0.9995372891426086,
        0.030394790694117546,
        0.7843437790870667,
        0.22097976505756378,
        -0.029391782358288765,
        0.9748354554176331,
        2.318669557571411
    ],
    [
        0.9755162596702576,
        0.008280135691165924,
        -0.21977123618125916,
        -1.2160574197769165,
        -0.0020985149312764406,
        0.9995959401130676,
        0.028346074745059013,
        0.8567864894866943,
        0.2199171632528305,
        -0.02719087526202202,
        0.9751394391059875,
        2.440753221511841
    ],
    [
        0.975721538066864,
        0.009592334739863873,
        -0.21880464255809784,
        -1.2145799398422241,
        -0.0036022220738232136,
        0.9996081590652466,
        0.027759067714214325,
        0.9636997580528259,
        0.2189851701259613,
        -0.026296935975551605,
        0.9753738641738892,
        2.5846774578094482
    ],
    [
        0.9760092496871948,
        0.010652395896613598,
        -0.21746870875358582,
        -1.2346254587173462,
        -0.004855028819292784,
        0.9996188282966614,
        0.027175327762961388,
        1.0479897260665894,
        0.2176753133535385,
        -0.025467559695243835,
        0.9756888151168823,
        2.713449716567993
    ],
    [
        0.9764003157615662,
        0.008587747812271118,
        -0.21579797565937042,
        -1.2499058246612549,
        -0.0033960917498916388,
        0.9996961355209351,
        0.024417294189333916,
        1.1411453485488892,
        0.21594206988811493,
        -0.02310814894735813,
        0.9761327505111694,
        2.8473904132843018
    ],
    [
        0.976766049861908,
        0.007545951288193464,
        -0.21417567133903503,
        -1.2480928897857666,
        -0.002306927228346467,
        0.9996922612190247,
        0.02470082975924015,
        1.2528231143951416,
        0.2142961323261261,
        -0.023632775992155075,
        0.9764827489852905,
        3.0246798992156982
    ],
    [
        0.9767892956733704,
        0.006739513017237186,
        -0.21409635245800018,
        -1.236391544342041,
        -0.0030249592382460833,
        0.9998392462730408,
        0.017672793939709663,
        1.3062392473220825,
        0.214181050658226,
        -0.01661492884159088,
        0.9766526222229004,
        3.19163179397583
    ],
    [
        0.976864755153656,
        0.009097570553421974,
        -0.2136644572019577,
        -1.2543487548828125,
        -0.005779674742370844,
        0.9998528957366943,
        0.016147997230291367,
        1.3983432054519653,
        0.21377995610237122,
        -0.014539632014930248,
        0.976773738861084,
        3.3451404571533203
    ],
    [
        0.976854681968689,
        0.009580535814166069,
        -0.2136896550655365,
        -1.3007957935333252,
        -0.007146521005779505,
        0.9999005198478699,
        0.012160046957433224,
        1.5235894918441772,
        0.213784858584404,
        -0.01035144180059433,
        0.9768259525299072,
        3.5324556827545166
    ],
    [
        0.976784884929657,
        0.006719409953802824,
        -0.21411682665348053,
        -1.3439092636108398,
        -0.005689149722456932,
        0.9999690651893616,
        0.005427616182714701,
        1.6317098140716553,
        0.214146688580513,
        -0.004083357751369476,
        0.9767929315567017,
        3.7277276515960693
    ],
    [
        0.9765014052391052,
        0.004531445447355509,
        -0.21546311676502228,
        -1.3571258783340454,
        -0.004816288594156504,
        0.9999881386756897,
        -0.0007970557198859751,
        1.736268401145935,
        0.21545691788196564,
        0.0018160559702664614,
        0.9765116572380066,
        3.962587356567383
    ]
]