[
    [
        0.6693834662437439,
        0.08112569153308868,
        -0.738474428653717,
        0.3342410922050476,
        -0.05022197961807251,
        0.9966872930526733,
        0.06396862864494324,
        -0.1057639867067337,
        0.7412176132202148,
        -0.005731895100325346,
        0.6712403297424316,
        1.7845607995986938
    ],
    [
        0.637732207775116,
        0.08568930625915527,
        -0.7654769420623779,
        0.33476388454437256,
        -0.05116690322756767,
        0.9963105320930481,
        0.06890132278203964,
        -0.11499208211898804,
        0.7685567736625671,
        -0.004773505497723818,
        0.6397637724876404,
        1.878007173538208
    ],
    [
        0.6054493188858032,
        0.09102844446897507,
        -0.7906611561775208,
        0.3321325480937958,
        -0.05320712924003601,
        0.9958447813987732,
        0.07390773296356201,
        -0.1257627308368683,
        0.7941034436225891,
        -0.0026785833761096,
        0.6077768802642822,
        1.9691379070281982
    ],
    [
        0.5727728605270386,
        0.09570859372615814,
        -0.8141075372695923,
        0.326980859041214,
        -0.05478064343333244,
        0.9954093098640442,
        0.07848148047924042,
        -0.12717615067958832,
        0.8178816437721252,
        -0.0003547211817931384,
        0.5753864645957947,
        2.05999493598938
    ],
    [
        0.5404937863349915,
        0.10082799941301346,
        -0.835284411907196,
        0.314680278301239,
        -0.05790330469608307,
        0.9948970675468445,
        0.0826270654797554,
        -0.12805086374282837,
        0.8393530249595642,
        0.0037063199561089277,
        0.5435739755630493,
        2.1492130756378174
    ],
    [
        0.5081666111946106,
        0.10599947720766068,
        -0.8547109365463257,
        0.2940903902053833,
        -0.059956640005111694,
        0.994343638420105,
        0.08766931295394897,
        -0.1342756748199463,
        0.8591693043708801,
        0.006694981828331947,
        0.511647641658783,
        2.241403579711914
    ],
    [
        0.4773499369621277,
        0.10633017122745514,
        -0.872256338596344,
        0.2735174298286438,
        -0.05788983777165413,
        0.9943006634712219,
        0.0895269587635994,
        -0.13948005437850952,
        0.8768042922019958,
        0.0077590844593942165,
        0.48078474402427673,
        2.3332433700561523
    ],
    [
        0.4446221590042114,
        0.10572026669979095,
        -0.8894574046134949,
        0.2524663209915161,
        -0.05646093934774399,
        0.9943434000015259,
        0.08996323496103287,
        -0.14525005221366882,
        0.8939369320869446,
        0.010219952091574669,
        0.44807615876197815,
        2.434039831161499
    ],
    [
        0.41103997826576233,
        0.10734503716230392,
        -0.9052751660346985,
        0.22737275063991547,
        -0.05616641789674759,
        0.9941385388374329,
        0.0923798456788063,
        -0.15502667427062988,
        0.9098854064941406,
        0.012874252162873745,
        0.4146598279476166,
        2.533792018890381
    ],
    [
        0.37749749422073364,
        0.10782018303871155,
        -0.919712245464325,
        0.20038968324661255,
        -0.05686268210411072,
        0.9940230250358582,
        0.0931924358010292,
        -0.15387310087680817,
        0.9242631196975708,
        0.017117392271757126,
        0.3813721239566803,
        2.6227705478668213
    ],
    [
        0.345343679189682,
        0.10834284126758575,
        -0.9322013854980469,
        0.16038691997528076,
        -0.05812066048383713,
        0.9938762187957764,
        0.09397944808006287,
        -0.15659259259700775,
        0.9366748332977295,
        0.02172495424747467,
        0.3495257794857025,
        2.703589916229248
    ],
    [
        0.3145669400691986,
        0.10698495805263519,
        -0.9431870579719543,
        0.11190532892942429,
        -0.05715642496943474,
        0.9939602613449097,
        0.09368159621953964,
        -0.1634710729122162,
        0.9475129842758179,
        0.024440061300992966,
        0.31878194212913513,
        2.7823338508605957
    ],
    [
        0.2812488079071045,
        0.10418985038995743,
        -0.9539621472358704,
        0.05111424997448921,
        -0.05777215585112572,
        0.9941238164901733,
        0.0915437564253807,
        -0.17483089864253998,
        0.9578942656517029,
        0.02936587482690811,
        0.2856154143810272,
        2.865781307220459
    ],
    [
        0.260082483291626,
        0.10258685052394867,
        -0.9601213932037354,
        -0.0061946772038936615,
        -0.05708375573158264,
        0.9942346811294556,
        0.09076864272356033,
        -0.18182921409606934,
        0.9638975858688354,
        0.031200002878904343,
        0.26443904638290405,
        2.939979314804077
    ],
    [
        0.23606903851032257,
        0.10204249620437622,
        -0.9663636088371277,
        -0.07783155888319016,
        -0.05714627355337143,
        0.9942078590393066,
        0.09102264791727066,
        -0.19108524918556213,
        0.9700544476509094,
        0.0337364561855793,
        0.24053306877613068,
        3.029928684234619
    ],
    [
        0.22206461429595947,
        0.09855514764785767,
        -0.9700382947921753,
        -0.1543031930923462,
        -0.05786841735243797,
        0.9944568872451782,
        0.08778862655162811,
        -0.19333983957767487,
        0.9733130931854248,
        0.03663983196020126,
        0.22653688490390778,
        3.1059253215789795
    ],
    [
        0.21254117786884308,
        0.09388476610183716,
        -0.9726315140724182,
        -0.2460814267396927,
        -0.0584164522588253,
        0.9948140978813171,
        0.08326071500778198,
        -0.19459542632102966,
        0.9754044413566589,
        0.039121340960264206,
        0.21692340075969696,
        3.1678953170776367
    ],
    [
        0.20434758067131042,
        0.08947443962097168,
        -0.9748006463050842,
        -0.3511958420276642,
        -0.05943046510219574,
        0.9951110482215881,
        0.07888027280569077,
        -0.20132029056549072,
        0.9770925641059875,
        0.04181388020515442,
        0.20866599678993225,
        3.2218987941741943
    ],
    [
        0.1966768354177475,
        0.08702633529901505,
        -0.9765984416007996,
        -0.4398021697998047,
        -0.06038824841380119,
        0.9952371716499329,
        0.07652569562196732,
        -0.20678655803203583,
        0.9786069393157959,
        0.0439242422580719,
        0.20099546015262604,
        3.262639284133911
    ],
    [
        0.18617872893810272,
        0.08583688735961914,
        -0.9787591695785522,
        -0.5509058237075806,
        -0.06117881461977959,
        0.9952561259269714,
        0.0756462812423706,
        -0.2055671215057373,
        0.9806094169616699,
        0.04579559341073036,
        0.1905469298362732,
        3.31057071685791
    ],
    [
        0.17072811722755432,
        0.088036447763443,
        -0.9813773036003113,
        -0.6632112264633179,
        -0.05775183066725731,
        0.9951822757720947,
        0.07922787219285965,
        -0.20212164521217346,
        0.9836241006851196,
        0.0431499145925045,
        0.17498981952667236,
        3.357734441757202
    ],
    [
        0.1557866483926773,
        0.09072697907686234,
        -0.9836153984069824,
        -0.7578034400939941,
        -0.05561058968305588,
        0.9949992299079895,
        0.08296932280063629,
        -0.19565550982952118,
        0.9862241148948669,
        0.04177391529083252,
        0.16005298495292664,
        3.3915865421295166
    ],
    [
        0.1390323042869568,
        0.09554872661828995,
        -0.9856675863265991,
        -0.8684324026107788,
        -0.05485943704843521,
        0.9945489764213562,
        0.08867155015468597,
        -0.1874634325504303,
        0.9887670874595642,
        0.041744962334632874,
        0.1435161530971527,
        3.4248690605163574
    ],
    [
        0.12563259899616241,
        0.10574643313884735,
        -0.9864248633384705,
        -0.9863427877426147,
        -0.055208876729011536,
        0.9935073256492615,
        0.09947419166564941,
        -0.179757758975029,
        0.9905393719673157,
        0.04196221008896828,
        0.13065505027770996,
        3.4532012939453125
    ],
    [
        0.11453254520893097,
        0.1140846461057663,
        -0.986846923828125,
        -1.0924179553985596,
        -0.058622363954782486,
        0.9924288988113403,
        0.10792630910873413,
        -0.17305691540241241,
        0.9916883111000061,
        0.04549022391438484,
        0.1203533411026001,
        3.474761962890625
    ]
]