[
    [
        1.0,
        -5.440179393190192e-06,
        0.00024505509645678103,
        0.0027099677827209234,
        6.395821856131079e-06,
        0.9999924302101135,
        -0.00390060362406075,
        0.046365056186914444,
        -0.0002450319589115679,
        0.003900605719536543,
        0.9999923706054688,
        -0.0005626246565952897
    ],
    [
        1.0,
        0.00013258036051411182,
        0.00025207476573996246,
        0.0027418530080467463,
        -0.00013154768384993076,
        0.9999917149543762,
        -0.004090981092303991,
        0.050685323774814606,
        -0.0002526153111830354,
        0.004090947564691305,
        0.9999916553497314,
        -0.0007834441494196653
    ],
    [
        0.9999998807907104,
        0.0001815754221752286,
        0.00045147145283408463,
        0.0028399843722581863,
        -0.00017970356566365808,
        0.9999914169311523,
        -0.004143967293202877,
        0.05482646822929382,
        -0.00045221956679597497,
        0.004143885336816311,
        0.9999912977218628,
        -0.0011083206627517939
    ],
    [
        0.9999998807907104,
        0.0003777790116146207,
        0.0004888413241133094,
        0.002915953053161502,
        -0.00037561505450867116,
        0.9999902248382568,
        -0.00441929092630744,
        0.06064140424132347,
        -0.0004905057139694691,
        0.004419106058776379,
        0.9999901056289673,
        -0.0016624298878014088
    ],
    [
        0.9999996423721313,
        0.00014541386917699128,
        0.0009121638722717762,
        0.003053983673453331,
        -0.00014126217865850776,
        0.9999896883964539,
        -0.004550061654299498,
        0.06508193910121918,
        -0.0009128162637352943,
        0.0045499312691390514,
        0.9999892711639404,
        -0.0021377087105065584
    ],
    [
        0.9999986290931702,
        0.0001203391730086878,
        0.0016292186919599771,
        0.0036903026048094034,
        -0.00011252782860537991,
        0.9999885559082031,
        -0.004793668631464243,
        0.07117769122123718,
        -0.0016297770198434591,
        0.004793479107320309,
        0.9999871253967285,
        -0.0027800314128398895
    ],
    [
        0.9999985098838806,
        0.0003174956364091486,
        0.0017068508313968778,
        0.0036066127941012383,
        -0.0003087803488597274,
        0.9999869465827942,
        -0.00510411337018013,
        0.07595178484916687,
        -0.001708448282442987,
        0.005103577859699726,
        0.9999854564666748,
        -0.0035308392252773046
    ],
    [
        0.9999987483024597,
        0.0003630763676483184,
        0.0015530743403360248,
        0.003497249213978648,
        -0.0003550746478140354,
        0.9999867081642151,
        -0.0051491158083081245,
        0.08099088072776794,
        -0.0015549228992313147,
        0.005148558411747217,
        0.9999855756759644,
        -0.004131527151912451
    ],
    [
        0.999999463558197,
        0.0002657791192177683,
        0.0011026733554899693,
        0.003413898404687643,
        -0.0002599799772724509,
        0.9999862313270569,
        -0.005255917087197304,
        0.08737418055534363,
        -0.0011040547396987677,
        0.005255626980215311,
        0.9999855756759644,
        -0.005116194952279329
    ],
    [
        0.9999989867210388,
        8.245563367381692e-05,
        0.0014437889913097024,
        0.0034354818053543568,
        -7.45063807698898e-05,
        0.999984860420227,
        -0.0055052749812603,
        0.09262105822563171,
        -0.0014442199608311057,
        0.005505161359906197,
        0.9999837875366211,
        -0.0060086497105658054
    ],
    [
        0.9999979138374329,
        0.00039346894482150674,
        0.0020607367623597383,
        0.003837509546428919,
        -0.00038186812889762223,
        0.999984085559845,
        -0.005626867525279522,
        0.09902412444353104,
        -0.0020629174541682005,
        0.0056260693818330765,
        0.9999819993972778,
        -0.007263126317411661
    ],
    [
        0.999997079372406,
        0.0007376642897725105,
        0.002317117527127266,
        0.003941921517252922,
        -0.0007237276877276599,
        0.9999816417694092,
        -0.006009592674672604,
        0.10452327877283096,
        -0.002321508713066578,
        0.006007897201925516,
        0.9999792575836182,
        -0.008360004983842373
    ],
    [
        0.9999971389770508,
        0.000744219112675637,
        0.002267054980620742,
        0.00385075225494802,
        -0.0007303158636204898,
        0.9999809265136719,
        -0.006127343513071537,
        0.11113649606704712,
        -0.0022715721279382706,
        0.00612567039206624,
        0.9999786615371704,
        -0.009866059757769108
    ],
    [
        0.9999977350234985,
        0.0005702411290258169,
        0.0020539946854114532,
        0.003875645576044917,
        -0.0005573279340751469,
        0.9999802112579346,
        -0.006281903944909573,
        0.11636218428611755,
        -0.0020575353410094976,
        0.006280744913965464,
        0.9999781847000122,
        -0.010984504595398903
    ],
    [
        0.9999979734420776,
        0.0006953906849958003,
        0.001884973724372685,
        0.0037873543333262205,
        -0.0006829993217252195,
        0.999978244304657,
        -0.006566599942743778,
        0.12178819626569748,
        -0.0018894983222708106,
        0.006565299350768328,
        0.999976634979248,
        -0.012365913018584251
    ],
    [
        0.9999977946281433,
        0.0008493962814100087,
        0.0019284376176074147,
        0.00382146704941988,
        -0.000836449908092618,
        0.9999772310256958,
        -0.006704188417643309,
        0.1280542016029358,
        -0.0019340877188369632,
        0.006702559534460306,
        0.9999756813049316,
        -0.013754545710980892
    ],
    [
        0.9999974966049194,
        0.0007215395453386009,
        0.002150448504835367,
        0.004080957733094692,
        -0.0007066725520417094,
        0.9999759197235107,
        -0.006906422320753336,
        0.1329827606678009,
        -0.002155379392206669,
        0.0069048842415213585,
        0.9999737739562988,
        -0.015322851948440075
    ],
    [
        0.9999971985816956,
        0.0006518049049191177,
        0.0022803018800914288,
        0.004186707548797131,
        -0.0006356271915137768,
        0.9999746680259705,
        -0.007088159676641226,
        0.1396612972021103,
        -0.0022848648950457573,
        0.007086690049618483,
        0.9999723434448242,
        -0.017198678106069565
    ],
    [
        0.9999979138374329,
        0.0007906904211267829,
        0.0018663594964891672,
        0.004198843147605658,
        -0.0007770455558784306,
        0.9999730587005615,
        -0.007300695404410362,
        0.14519040286540985,
        -0.001872082008048892,
        0.007299230899661779,
        0.9999715089797974,
        -0.01900446228682995
    ],
    [
        0.9999984502792358,
        0.0008739256882108748,
        0.0015757647342979908,
        0.004113841336220503,
        -0.0008621083688922226,
        0.9999716281890869,
        -0.007484756875783205,
        0.15076793730258942,
        -0.001582260592840612,
        0.007483385037630796,
        0.9999707937240601,
        -0.020865021273493767
    ],
    [
        0.9999977350234985,
        0.0007764686597511172,
        0.002004425972700119,
        0.004330032039433718,
        -0.0007610234897583723,
        0.9999701380729675,
        -0.007695027627050877,
        0.15807636082172394,
        -0.0020103410352021456,
        0.007693485356867313,
        0.9999682903289795,
        -0.023359306156635284
    ],
    [
        0.9999964833259583,
        0.0011618394637480378,
        0.0023652389645576477,
        0.0046249390579760075,
        -0.0011431407183408737,
        0.9999682307243347,
        -0.007891974411904812,
        0.16383278369903564,
        -0.0023743328638374805,
        0.00788924191147089,
        0.999966025352478,
        -0.025339992716908455
    ],
    [
        0.999995231628418,
        0.0012500279117375612,
        0.0028430018573999405,
        0.004918853752315044,
        -0.0012267852434888482,
        0.9999659657478333,
        -0.008162525482475758,
        0.17096884548664093,
        -0.0028531078714877367,
        0.008158997632563114,
        0.9999626874923706,
        -0.028294073417782784
    ],
    [
        0.9999959468841553,
        0.0010034070583060384,
        0.00269086635671556,
        0.004869264084845781,
        -0.0009809168986976147,
        0.999964714050293,
        -0.008346226066350937,
        0.17673899233341217,
        -0.002699145581573248,
        0.008343552239239216,
        0.9999614953994751,
        -0.03058764338493347
    ],
    [
        0.9999972581863403,
        0.0009912836831063032,
        0.002124772872775793,
        0.004796518012881279,
        -0.0009731593891046941,
        0.9999632835388184,
        -0.008514292538166046,
        0.18417580425739288,
        -0.002133134985342622,
        0.008512201718986034,
        0.9999614953994751,
        -0.03382140025496483
    ]
]