[
    [
        0.9999643564224243,
        0.0019567376002669334,
        -0.008215629495680332,
        0.02635064348578453,
        -0.0018013514345511794,
        0.9998201131820679,
        0.018878541886806488,
        -0.0950964018702507,
        0.008251091465353966,
        -0.018863070756196976,
        0.9997881054878235,
        0.05868985876441002
    ],
    [
        0.9999622702598572,
        0.0019188812002539635,
        -0.008477243594825268,
        0.026277726516127586,
        -0.001749482937157154,
        0.9997995495796204,
        0.019945234060287476,
        -0.10635122656822205,
        0.008513815701007843,
        -0.01992965117096901,
        0.9997650980949402,
        0.09138978272676468
    ],
    [
        0.9999628663063049,
        0.0024747082497924566,
        -0.008256240747869015,
        0.026031382381916046,
        -0.0023017609491944313,
        0.9997790455818176,
        0.020891588181257248,
        -0.11657487601041794,
        0.008306116797029972,
        -0.020871808752417564,
        0.9997476935386658,
        0.12095422297716141
    ],
    [
        0.9999620914459229,
        0.0026448736898601055,
        -0.008293849416077137,
        0.02537630870938301,
        -0.002461372409015894,
        0.9997536540031433,
        0.02205759286880493,
        -0.12899990379810333,
        0.008350146934390068,
        -0.022036345675587654,
        0.9997223019599915,
        0.15346789360046387
    ],
    [
        0.9999610185623169,
        0.002638580510392785,
        -0.008426839485764503,
        0.025107882916927338,
        -0.0024406679440289736,
        0.9997230172157288,
        0.023410597816109657,
        -0.14030198752880096,
        0.008486274629831314,
        -0.023389117792248726,
        0.9996904134750366,
        0.18238189816474915
    ],
    [
        0.999959409236908,
        0.002478908747434616,
        -0.008665554225444794,
        0.024762369692325592,
        -0.0022615252528339624,
        0.9996846914291382,
        0.025006374344229698,
        -0.15308785438537598,
        0.008724810555577278,
        -0.02498576231300831,
        0.9996497631072998,
        0.2141483873128891
    ],
    [
        0.9999580383300781,
        0.002558562671765685,
        -0.008801953867077827,
        0.023735133931040764,
        -0.0023232693783938885,
        0.9996424317359924,
        0.02663910575211048,
        -0.1661963164806366,
        0.008866963908076286,
        -0.026617536321282387,
        0.9996064305305481,
        0.2460424304008484
    ],
    [
        0.9999564290046692,
        0.0027093624230474234,
        -0.008937804959714413,
        0.021762141957879066,
        -0.0024535316042602062,
        0.9995904564857483,
        0.028511224314570427,
        -0.17786189913749695,
        0.009011393412947655,
        -0.028488053008913994,
        0.9995535016059875,
        0.2748308777809143
    ],
    [
        0.9999544620513916,
        0.0027692639268934727,
        -0.009130644612014294,
        0.018604261800646782,
        -0.0024868897162377834,
        0.9995226263999939,
        0.03079361282289028,
        -0.1903209239244461,
        0.00921156257390976,
        -0.030769506469368935,
        0.9994840621948242,
        0.3068673312664032
    ],
    [
        0.99995356798172,
        0.0027342671528458595,
        -0.009236312471330166,
        0.015032609924674034,
        -0.0024311805609613657,
        0.9994632005691528,
        0.032667987048625946,
        -0.201071634888649,
        0.009320677258074284,
        -0.03264401853084564,
        0.999423623085022,
        0.3356790542602539
    ],
    [
        0.9999503493309021,
        0.0029322791378945112,
        -0.00951914582401514,
        0.010416894219815731,
        -0.002601942513138056,
        0.9994001984596252,
        0.034531120210886,
        -0.21264979243278503,
        0.009614691138267517,
        -0.03450464457273483,
        0.9993582367897034,
        0.36765241622924805
    ],
    [
        0.9999486804008484,
        0.0029900693334639072,
        -0.009685264900326729,
        0.005466579459607601,
        -0.0026346053928136826,
        0.9993298649787903,
        0.036508675664663315,
        -0.22433221340179443,
        0.009787938557565212,
        -0.036481279879808426,
        0.9992863535881042,
        0.39976099133491516
    ],
    [
        0.9999476671218872,
        0.003042166354134679,
        -0.009775868616998196,
        0.0008178138523362577,
        -0.0026677465066313744,
        0.9992708563804626,
        0.03808775171637535,
        -0.23430608212947845,
        0.009884609840810299,
        -0.03805967792868614,
        0.9992265701293945,
        0.4285256862640381
    ],
    [
        0.9999463558197021,
        0.0034872794058173895,
        -0.009751375764608383,
        -0.0046209776774048805,
        -0.0030944289173930883,
        0.999194324016571,
        0.040015511214733124,
        -0.24632734060287476,
        0.009883064776659012,
        -0.039983198046684265,
        0.9991514682769775,
        0.4606485068798065
    ],
    [
        0.9999449253082275,
        0.003607986494898796,
        -0.009854971431195736,
        -0.009688138030469418,
        -0.0031822104938328266,
        0.9990749955177307,
        0.042883362621068954,
        -0.25732922554016113,
        0.010000578127801418,
        -0.04284964129328728,
        0.9990314245223999,
        0.48944464325904846
    ],
    [
        0.999944806098938,
        0.0036775541957467794,
        -0.009848153218626976,
        -0.0151095911860466,
        -0.003219500184059143,
        0.9989302754402161,
        0.046130258589982986,
        -0.27045443654060364,
        0.010007265023887157,
        -0.04609599709510803,
        0.9988868832588196,
        0.5214036107063293
    ],
    [
        0.9999441504478455,
        0.0038407775573432446,
        -0.009842992760241032,
        -0.021011827513575554,
        -0.0033563203178346157,
        0.9988043904304504,
        0.04877091944217682,
        -0.28349506855010986,
        0.010018543340265751,
        -0.048735156655311584,
        0.9987615346908569,
        0.5527036786079407
    ],
    [
        0.9999431371688843,
        0.003986302763223648,
        -0.009891542606055737,
        -0.026785483583807945,
        -0.0034772660583257675,
        0.9986948370933533,
        0.05095597729086876,
        -0.29546263813972473,
        0.010081757791340351,
        -0.05091867968440056,
        0.998651921749115,
        0.5804919600486755
    ],
    [
        0.9999401569366455,
        0.004084620624780655,
        -0.010148074477910995,
        -0.03318337723612785,
        -0.003536470700055361,
        0.998563826084137,
        0.05345803499221802,
        -0.3086269795894623,
        0.010351855307817459,
        -0.053418949246406555,
        0.9985185265541077,
        0.6111522316932678
    ],
    [
        0.9999375939369202,
        0.004066189285367727,
        -0.010401544161140919,
        -0.03922149911522865,
        -0.0034832532983273268,
        0.9984548687934875,
        0.055459991097450256,
        -0.3206910192966461,
        0.010610982775688171,
        -0.055420298129320145,
        0.998406708240509,
        0.6382577419281006
    ],
    [
        0.9999343156814575,
        0.004407291300594807,
        -0.010578506626188755,
        -0.04543543606996536,
        -0.003788572968915105,
        0.9983203411102295,
        0.05781194195151329,
        -0.3330978751182556,
        0.010815531015396118,
        -0.0577680729329586,
        0.9982713460922241,
        0.6676625609397888
    ],
    [
        0.99992835521698,
        0.004679872188717127,
        -0.01101661566644907,
        -0.05154777690768242,
        -0.0040037743747234344,
        0.9981533885002136,
        0.060612328350543976,
        -0.3460674285888672,
        0.011279928497970104,
        -0.06056387722492218,
        0.9981005787849426,
        0.6973225474357605
    ],
    [
        0.9999252557754517,
        0.004701532889157534,
        -0.011292302049696445,
        -0.056831248104572296,
        -0.003973699174821377,
        0.9979655146598816,
        0.06363314390182495,
        -0.35848268866539,
        0.011568501591682434,
        -0.06358350813388824,
        0.9979093670845032,
        0.7243828177452087
    ],
    [
        0.9999213814735413,
        0.005055325571447611,
        -0.01147775910794735,
        -0.0630984678864479,
        -0.0042761848308146,
        0.9977491497993469,
        0.06692055612802505,
        -0.3726218044757843,
        0.011790229007601738,
        -0.06686621904373169,
        0.997692346572876,
        0.7541505098342896
    ],
    [
        0.9999198913574219,
        0.005429753102362156,
        -0.011431942693889141,
        -0.07120620459318161,
        -0.00459914980456233,
        0.9974322319030762,
        0.07146906107664108,
        -0.3916736841201782,
        0.01179064717143774,
        -0.07141076028347015,
        0.9973772764205933,
        0.7930305600166321
    ]
]