[
    [
        0.9981884360313416,
        -0.01728834956884384,
        0.057628680020570755,
        0.02362016960978508,
        0.01696837693452835,
        0.9998377561569214,
        0.006037070415914059,
        -0.08197250217199326,
        -0.05772370472550392,
        -0.005048268474638462,
        0.9983198046684265,
        0.46284162998199463
    ],
    [
        0.9977987408638,
        -0.018239423632621765,
        0.06375781446695328,
        0.03186136856675148,
        0.017853910103440285,
        0.999818742275238,
        0.006611108314245939,
        -0.08826304972171783,
        -0.06386683136224747,
        -0.0054582287557423115,
        0.9979434609413147,
        0.517100989818573
    ],
    [
        0.9975142478942871,
        -0.019083702936768532,
        0.06783165782690048,
        0.04846714809536934,
        0.018551865592598915,
        0.9997920989990234,
        0.008461929857730865,
        -0.09794244915246964,
        -0.06797903776168823,
        -0.007182491943240166,
        0.9976609945297241,
        0.5797093510627747
    ],
    [
        0.997079610824585,
        -0.022240590304136276,
        0.0730593204498291,
        0.07433295994997025,
        0.021418359130620956,
        0.9996984004974365,
        0.012018626555800438,
        -0.11751434206962585,
        -0.07330458611249924,
        -0.010418715886771679,
        0.997255265712738,
        0.6760883927345276
    ],
    [
        0.996805727481842,
        -0.02308172918856144,
        0.07645612210035324,
        0.09120817482471466,
        0.022075530141592026,
        0.9996585249900818,
        0.013979693874716759,
        -0.12956036627292633,
        -0.07675269991159439,
        -0.012247229926288128,
        0.9969749450683594,
        0.7506686449050903
    ],
    [
        0.9965857863426208,
        -0.02311062067747116,
        0.0792628824710846,
        0.10700605064630508,
        0.021978771314024925,
        0.9996439814567566,
        0.015122661367058754,
        -0.14029797911643982,
        -0.07958416640758514,
        -0.01332892943173647,
        0.9967390894889832,
        0.8257779479026794
    ],
    [
        0.9963176846504211,
        -0.02305685356259346,
        0.08258109539747238,
        0.12134382128715515,
        0.021815476939082146,
        0.9996354579925537,
        0.015903251245617867,
        -0.15190280973911285,
        -0.08291766792535782,
        -0.014043141156435013,
        0.9964573979377747,
        0.9157931208610535
    ],
    [
        0.9960470199584961,
        -0.022627389058470726,
        0.08589664846658707,
        0.12144248187541962,
        0.021312227472662926,
        0.9996416568756104,
        0.016197368502616882,
        -0.15924884378910065,
        -0.08623236417770386,
        -0.014302694238722324,
        0.9961723685264587,
        0.981892466545105
    ],
    [
        0.9958465099334717,
        -0.021540364250540733,
        0.0884622186422348,
        0.12169937789440155,
        0.020177138969302177,
        0.9996639490127563,
        0.016275759786367416,
        -0.16650359332561493,
        -0.08878307789564133,
        -0.014423243701457977,
        0.9959467053413391,
        1.0455057621002197
    ],
    [
        0.9956293106079102,
        -0.01982715353369713,
        0.09126371890306473,
        0.11993719637393951,
        0.018430538475513458,
        0.999700129032135,
        0.016120584681630135,
        -0.17517918348312378,
        -0.09155599027872086,
        -0.01436808705329895,
        0.9956963062286377,
        1.1267962455749512
    ],
    [
        0.995460033416748,
        -0.01842949166893959,
        0.09337872266769409,
        0.11182783544063568,
        0.01699862629175186,
        0.9997259378433228,
        0.016095632687211037,
        -0.18296071887016296,
        -0.09364976733922958,
        -0.014435253106057644,
        0.9955005049705505,
        1.184034824371338
    ],
    [
        0.9953137040138245,
        -0.017444459721446037,
        0.09511233866214752,
        0.10138112306594849,
        0.01591423526406288,
        0.9997318387031555,
        0.016823504120111465,
        -0.19457778334617615,
        -0.09538030624389648,
        -0.015231023542582989,
        0.9953243732452393,
        1.2393393516540527
    ],
    [
        0.9952881336212158,
        -0.01567576266825199,
        0.09568604826927185,
        0.09082645922899246,
        0.014097727835178375,
        0.9997537136077881,
        0.01714564859867096,
        -0.21035732328891754,
        -0.09593124687671661,
        -0.015715904533863068,
        0.9952639937400818,
        1.312150239944458
    ],
    [
        0.9953404068946838,
        -0.01569327712059021,
        0.09513754397630692,
        0.08461461961269379,
        0.014108060859143734,
        0.999750554561615,
        0.017312191426753998,
        -0.22281621396541595,
        -0.09538549929857254,
        -0.01588931493461132,
        0.9953136444091797,
        1.3616609573364258
    ],
    [
        0.9956536293029785,
        -0.015138097107410431,
        0.09189499169588089,
        0.08585785329341888,
        0.01363160740584135,
        0.9997625946998596,
        0.016999220475554466,
        -0.23346549272537231,
        -0.09213050454854965,
        -0.015672657638788223,
        0.9956234693527222,
        1.4086229801177979
    ],
    [
        0.9963266253471375,
        -0.014135273173451424,
        0.08446041494607925,
        0.09478762000799179,
        0.012810427695512772,
        0.9997866153717041,
        0.016207434237003326,
        -0.24681124091148376,
        -0.08467148244380951,
        -0.015065927989780903,
        0.9962949156761169,
        1.4674222469329834
    ],
    [
        0.9970210194587708,
        -0.012368598021566868,
        0.07613302767276764,
        0.1069483533501625,
        0.011275193654000759,
        0.9998273253440857,
        0.014774882234632969,
        -0.25492504239082336,
        -0.07630261778831482,
        -0.01387245673686266,
        0.9969882369041443,
        1.512630820274353
    ],
    [
        0.9977941513061523,
        -0.010478777810931206,
        0.06555158644914627,
        0.12254510819911957,
        0.009655406698584557,
        0.9998706579208374,
        0.012864896096289158,
        -0.2618955373764038,
        -0.06567791849374771,
        -0.012203590013086796,
        0.9977662563323975,
        1.556563138961792
    ],
    [
        0.9986680746078491,
        -0.00646946718916297,
        0.05118796229362488,
        0.13256895542144775,
        0.005995640531182289,
        0.9999378323554993,
        0.009404733777046204,
        -0.2671961486339569,
        -0.05124561861157417,
        -0.009085306897759438,
        0.9986446499824524,
        1.6230870485305786
    ],
    [
        0.9992498755455017,
        -0.0031373226083815098,
        0.0385994128882885,
        0.14264492690563202,
        0.0028439145535230637,
        0.9999666810035706,
        0.007653934881091118,
        -0.2735706567764282,
        -0.03862213343381882,
        -0.007538417354226112,
        0.999225378036499,
        1.6676067113876343
    ],
    [
        0.9997193813323975,
        0.0005857624928466976,
        0.023682495579123497,
        0.1571769416332245,
        -0.0007270995993167162,
        0.9999819993972778,
        0.005959800444543362,
        -0.2806086242198944,
        -0.023678576573729515,
        -0.0059753526002168655,
        0.9997018575668335,
        1.708492398262024
    ],
    [
        0.9999836683273315,
        0.005408354103565216,
        0.0018833145732060075,
        0.17727188766002655,
        -0.005415943916887045,
        0.9999771118164062,
        0.00404846016317606,
        -0.2913073003292084,
        -0.0018613736610859632,
        -0.004058599937707186,
        0.9999900460243225,
        1.7630698680877686
    ],
    [
        0.9998158812522888,
        0.009627966210246086,
        -0.016600076109170914,
        0.19432851672172546,
        -0.009572108276188374,
        0.9999483227729797,
        0.0034410408698022366,
        -0.30214086174964905,
        0.01663234643638134,
        -0.0032815083395689726,
        0.9998562335968018,
        1.8067137002944946
    ],
    [
        0.9993166327476501,
        0.013576097786426544,
        -0.03437678515911102,
        0.20598460733890533,
        -0.013484791852533817,
        0.9999049305915833,
        0.002886515576392412,
        -0.3108230531215668,
        0.03441270813345909,
        -0.0024209790863096714,
        0.999404788017273,
        1.845833420753479
    ],
    [
        0.998140811920166,
        0.018454069271683693,
        -0.058089278638362885,
        0.22042229771614075,
        -0.018343213945627213,
        0.9998288154602051,
        0.002441046992316842,
        -0.32305893301963806,
        0.05812438204884529,
        -0.0013709648046642542,
        0.9983084797859192,
        1.8857777118682861
    ]
]