[
    [
        0.9999225735664368,
        -0.009108398109674454,
        0.008491131477057934,
        0.1639925092458725,
        0.009124552831053734,
        0.9999566674232483,
        -0.0018657059408724308,
        -0.008965449407696724,
        -0.008473769761621952,
        0.0019430392421782017,
        0.9999622106552124,
        -0.08208346366882324
    ],
    [
        0.9999237060546875,
        -0.009142598137259483,
        0.008303212001919746,
        0.1660078763961792,
        0.009159130044281483,
        0.9999560713768005,
        -0.001955196028575301,
        -0.008856036700308323,
        -0.008284972049295902,
        0.002031097188591957,
        0.999963641166687,
        -0.08211508393287659
    ],
    [
        0.9999219179153442,
        -0.009311864152550697,
        0.008330144919455051,
        0.1678660660982132,
        0.009327189065515995,
        0.999954879283905,
        -0.0018026001052930951,
        -0.009255507960915565,
        -0.008312984369695187,
        0.0018801563419401646,
        0.9999637603759766,
        -0.08198007196187973
    ],
    [
        0.9999242424964905,
        -0.009187798015773296,
        0.008185828104615211,
        0.1698867529630661,
        0.009202740155160427,
        0.9999560117721558,
        -0.0017896684585139155,
        -0.009250667877495289,
        -0.008169024251401424,
        0.001864865655079484,
        0.9999649524688721,
        -0.08202897757291794
    ],
    [
        0.9999225735664368,
        -0.009423861280083656,
        0.008119277656078339,
        0.17189574241638184,
        0.009438390843570232,
        0.9999538660049438,
        -0.0017530187033116817,
        -0.009418819099664688,
        -0.008102381601929665,
        0.0018295164918527007,
        0.9999655485153198,
        -0.08188701421022415
    ],
    [
        0.9999229907989502,
        -0.009504389949142933,
        0.007985275238752365,
        0.17383186519145966,
        0.009518652223050594,
        0.9999531507492065,
        -0.0017498708330094814,
        -0.009552353993058205,
        -0.007968270219862461,
        0.001825745333917439,
        0.9999666213989258,
        -0.08200240880250931
    ],
    [
        0.9999216198921204,
        -0.009636938571929932,
        0.008006338030099869,
        0.17576946318149567,
        0.0096523966640234,
        0.9999516606330872,
        -0.0018942402675747871,
        -0.00943969376385212,
        -0.00798769574612379,
        0.0019713726360350847,
        0.9999661445617676,
        -0.08188904821872711
    ],
    [
        0.9999205470085144,
        -0.009752227924764156,
        0.007986961863934994,
        0.17768190801143646,
        0.009768168441951275,
        0.9999503493309021,
        -0.0019593038596212864,
        -0.009405018761754036,
        -0.007967459037899971,
        0.0020371663849800825,
        0.9999662637710571,
        -0.08183609694242477
    ],
    [
        0.9999203681945801,
        -0.009792247787117958,
        0.007964440621435642,
        0.1796959489583969,
        0.009808271192014217,
        0.9999499320983887,
        -0.0019752781372517347,
        -0.009420112706720829,
        -0.007944700308144093,
        0.002053237985819578,
        0.9999663829803467,
        -0.08183407038450241
    ],
    [
        0.9999194145202637,
        -0.009852482005953789,
        0.008002207614481449,
        0.1817368119955063,
        0.00986823532730341,
        0.9999493956565857,
        -0.0019315435783937573,
        -0.00951476115733385,
        -0.007982771843671799,
        0.0020103557035326958,
        0.999966025352478,
        -0.08190347999334335
    ],
    [
        0.9999173283576965,
        -0.010011435486376286,
        0.008071096614003181,
        0.18367798626422882,
        0.010027410462498665,
        0.9999477863311768,
        -0.0019414143171161413,
        -0.009614615701138973,
        -0.008051239885389805,
        0.0020221855957061052,
        0.9999655485153198,
        -0.0818467065691948
    ],
    [
        0.9999161958694458,
        -0.01006066333502531,
        0.008149193599820137,
        0.1855398267507553,
        0.010077215731143951,
        0.9999472498893738,
        -0.0019926957320421934,
        -0.009658911265432835,
        -0.008128717541694641,
        0.0020746500231325626,
        0.999964714050293,
        -0.08185579627752304
    ],
    [
        0.9999151229858398,
        -0.010136290453374386,
        0.008189684711396694,
        0.18860191106796265,
        0.01015348918735981,
        0.9999463558197021,
        -0.002061109058558941,
        -0.009646338410675526,
        -0.008168351836502552,
        0.002144088037312031,
        0.9999643564224243,
        -0.081783726811409
    ],
    [
        0.9999144673347473,
        -0.010204597376286983,
        0.008175918832421303,
        0.1906059980392456,
        0.01022071298211813,
        0.9999459385871887,
        -0.001931608421728015,
        -0.009956053458154202,
        -0.008155765011906624,
        0.0020150078926235437,
        0.999964714050293,
        -0.08189600706100464
    ],
    [
        0.9999126195907593,
        -0.010432281531393528,
        0.008126574568450451,
        0.1925436407327652,
        0.010448304004967213,
        0.9999435544013977,
        -0.0019318079575896263,
        -0.010029363445937634,
        -0.008105963468551636,
        0.0020165478345006704,
        0.9999650716781616,
        -0.08179622143507004
    ],
    [
        0.9999116063117981,
        -0.010537453927099705,
        0.008112285286188126,
        0.19448357820510864,
        0.01055386383086443,
        0.9999423623085022,
        -0.0019825976341962814,
        -0.009994948282837868,
        -0.00809092540293932,
        0.0020680390298366547,
        0.9999651908874512,
        -0.08187068998813629
    ],
    [
        0.9999130368232727,
        -0.01052161306142807,
        0.007966112345457077,
        0.19657771289348602,
        0.010538183152675629,
        0.9999423623085022,
        -0.0020411296281963587,
        -0.00997148547321558,
        -0.007944177836179733,
        0.0021249009296298027,
        0.9999662637710571,
        -0.08179139345884323
    ],
    [
        0.9999121427536011,
        -0.010676247999072075,
        0.007867777720093727,
        0.19860360026359558,
        0.010692273266613483,
        0.9999408721923828,
        -0.0019975262694060802,
        -0.010124331340193748,
        -0.007845986634492874,
        0.002081475919112563,
        0.999967098236084,
        -0.08187880367040634
    ],
    [
        0.9999107718467712,
        -0.010795662179589272,
        0.00788253266364336,
        0.2004757672548294,
        0.010811286978423595,
        0.9999396800994873,
        -0.001942401402629912,
        -0.010364617221057415,
        -0.007861088030040264,
        0.002027448732405901,
        0.999967098236084,
        -0.08176717907190323
    ],
    [
        0.9999085068702698,
        -0.011109819635748863,
        0.007730869576334953,
        0.20260967314243317,
        0.011125893332064152,
        0.999936044216156,
        -0.0020389838609844446,
        -0.010289784520864487,
        -0.007707723416388035,
        0.0021248101256787777,
        0.9999680519104004,
        -0.08182232826948166
    ],
    [
        0.9999082088470459,
        -0.011220671236515045,
        0.00760691100731492,
        0.2046421766281128,
        0.011236581020057201,
        0.9999347925186157,
        -0.0020521131809800863,
        -0.010369278490543365,
        -0.007583388593047857,
        0.002137400209903717,
        0.9999690055847168,
        -0.08180660754442215
    ],
    [
        0.9999061822891235,
        -0.011351966299116611,
        0.007665103767067194,
        0.20650847256183624,
        0.011368307285010815,
        0.9999332427978516,
        -0.002091695088893175,
        -0.010366679169237614,
        -0.007640846539288759,
        0.002178639406338334,
        0.9999685287475586,
        -0.08170074969530106
    ],
    [
        0.9999050498008728,
        -0.011494610458612442,
        0.007602269295603037,
        0.20863889157772064,
        0.011510924436151981,
        0.9999315142631531,
        -0.0021056868135929108,
        -0.01057042833417654,
        -0.007577544543892145,
        0.002192996209487319,
        0.9999688863754272,
        -0.08181149512529373
    ],
    [
        0.9999030828475952,
        -0.011706548742949963,
        0.00754498690366745,
        0.21066781878471375,
        0.011722808703780174,
        0.9999290704727173,
        -0.00211428664624691,
        -0.010650875978171825,
        -0.007519700098782778,
        0.002202530624344945,
        0.9999693632125854,
        -0.08170093595981598
    ],
    [
        0.9999014139175415,
        -0.01185404323041439,
        0.0075365048833191395,
        0.2136511355638504,
        0.011869523674249649,
        0.9999275803565979,
        -0.0020126691088080406,
        -0.010901713743805885,
        -0.007512100040912628,
        0.0021019254345446825,
        0.9999696016311646,
        -0.08173412829637527
    ]
]