[
    [
        0.9176081418991089,
        0.06698184460401535,
        -0.39180177450180054,
        -0.03993796557188034,
        -0.0358218178153038,
        0.9956236481666565,
        0.08631487190723419,
        -0.3822711408138275,
        0.3958686590194702,
        -0.06516817957162857,
        0.9159917831420898,
        -0.5036377906799316
    ],
    [
        0.9103513956069946,
        0.06903581321239471,
        -0.4080371856689453,
        -0.05407657474279404,
        -0.036449093371629715,
        0.9955312013626099,
        0.08711419254541397,
        -0.3884282410144806,
        0.4122278094291687,
        -0.06443194299936295,
        0.9087996482849121,
        -0.5014380812644958
    ],
    [
        0.9038602113723755,
        0.07194239646196365,
        -0.4217357635498047,
        -0.06933523714542389,
        -0.038208574056625366,
        0.9953951835632324,
        0.08791261911392212,
        -0.3899751305580139,
        0.4261183440685272,
        -0.06334678083658218,
        0.9024468660354614,
        -0.4960252642631531
    ],
    [
        0.8974519968032837,
        0.07380547374486923,
        -0.434893935918808,
        -0.08613038808107376,
        -0.03887306526303291,
        0.9953001737594604,
        0.08869264274835587,
        -0.3839949667453766,
        0.4393960237503052,
        -0.06269172579050064,
        0.8961031436920166,
        -0.4861595332622528
    ],
    [
        0.8928489089012146,
        0.07586116343736649,
        -0.4439210891723633,
        -0.10675619542598724,
        -0.04021284356713295,
        0.9952026009559631,
        0.08918977528810501,
        -0.3741326630115509,
        0.4485574960708618,
        -0.061781659722328186,
        0.8916161060333252,
        -0.4730885326862335
    ],
    [
        0.8884730339050293,
        0.07763026654720306,
        -0.4523152709007263,
        -0.13533717393875122,
        -0.040822792798280716,
        0.9950510859489441,
        0.09059195965528488,
        -0.35266149044036865,
        0.4571094512939453,
        -0.062023747712373734,
        0.8872451186180115,
        -0.4461700916290283
    ],
    [
        0.8839657306671143,
        0.07898001372814178,
        -0.4608324468135834,
        -0.17855282127857208,
        -0.04105907306075096,
        0.9949344396591187,
        0.0917581170797348,
        -0.3205282986164093,
        0.465745210647583,
        -0.062189675867557526,
        0.8827309608459473,
        -0.4169812798500061
    ],
    [
        0.8803874254226685,
        0.08139042556285858,
        -0.4672190845012665,
        -0.2272288054227829,
        -0.04287567362189293,
        0.9947889447212219,
        0.09250283986330032,
        -0.2918205261230469,
        0.47231319546699524,
        -0.06140599772334099,
        0.8792892098426819,
        -0.38761767745018005
    ],
    [
        0.8769116997718811,
        0.08224122226238251,
        -0.4735632836818695,
        -0.2995566129684448,
        -0.043079935014247894,
        0.994735836982727,
        0.09297803789377213,
        -0.25147321820259094,
        0.4787169396877289,
        -0.061132464557886124,
        0.8758383393287659,
        -0.3473026156425476
    ],
    [
        0.8732330203056335,
        0.08421338349580765,
        -0.4799710214138031,
        -0.3867497444152832,
        -0.04408382251858711,
        0.9945675134658813,
        0.09429825842380524,
        -0.19923226535320282,
        0.4853048026561737,
        -0.06118538975715637,
        0.8722015619277954,
        -0.26327621936798096
    ],
    [
        0.8703451752662659,
        0.08555394411087036,
        -0.4849534332752228,
        -0.47357356548309326,
        -0.04433073475956917,
        0.9944062829017639,
        0.09586970508098602,
        -0.1465902030467987,
        0.4904427230358124,
        -0.061941396445035934,
        0.8692694306373596,
        -0.15495015680789948
    ],
    [
        0.8669576048851013,
        0.08688738942146301,
        -0.49074968695640564,
        -0.5494821667671204,
        -0.04450342804193497,
        0.994248628616333,
        0.0974123477935791,
        -0.08055372536182404,
        0.49639105796813965,
        -0.06261231750249863,
        0.8658381700515747,
        -0.023904522880911827
    ],
    [
        0.8646796941757202,
        0.08672328293323517,
        -0.494780957698822,
        -0.6059074401855469,
        -0.0435960479080677,
        0.9942235946655273,
        0.09807516634464264,
        0.007879888638854027,
        0.5004282593727112,
        -0.06323309987783432,
        0.8634656667709351,
        0.13189640641212463
    ],
    [
        0.8638034462928772,
        0.08596345037221909,
        -0.49644121527671814,
        -0.6185526251792908,
        -0.04310770705342293,
        0.9943336248397827,
        0.09717117249965668,
        0.07494145631790161,
        0.5019814372062683,
        -0.06253636628389359,
        0.862614631652832,
        0.2564181983470917
    ],
    [
        0.8637056350708008,
        0.08480304479598999,
        -0.4968109428882599,
        -0.6112492084503174,
        -0.0424112044274807,
        0.9944754242897034,
        0.0960199385881424,
        0.11738676577806473,
        0.5022091269493103,
        -0.061862602829933167,
        0.8625306487083435,
        0.3666715621948242
    ],
    [
        0.8659955859184265,
        0.0812177062034607,
        -0.49341192841529846,
        -0.5965285897254944,
        -0.04140793904662132,
        0.9949802160263062,
        0.0911022275686264,
        0.15981727838516235,
        0.49833428859710693,
        -0.0584629587829113,
        0.8650116324424744,
        0.4742250144481659
    ],
    [
        0.8752212524414062,
        0.07660075277090073,
        -0.4776191711425781,
        -0.5803384780883789,
        -0.039654750376939774,
        0.995420515537262,
        0.08697991818189621,
        0.18944557011127472,
        0.4820946455001831,
        -0.0571867935359478,
        0.8742507100105286,
        0.5810239315032959
    ],
    [
        0.8928835391998291,
        0.06993741542100906,
        -0.4448232352733612,
        -0.559483528137207,
        -0.03616219386458397,
        0.9958111643791199,
        0.0839790552854538,
        0.2051539272069931,
        0.4488332271575928,
        -0.05889773368835449,
        0.8916724324226379,
        0.6981407403945923
    ],
    [
        0.9218413829803467,
        0.0594126433134079,
        -0.38298624753952026,
        -0.5212797522544861,
        -0.030710643157362938,
        0.9962707161903381,
        0.08063143491744995,
        0.2044437676668167,
        0.38634854555130005,
        -0.06256764382123947,
        0.9202281832695007,
        0.8179750442504883
    ],
    [
        0.9502143263816833,
        0.04702126979827881,
        -0.3080286383628845,
        -0.46508491039276123,
        -0.02431855909526348,
        0.9967241287231445,
        0.07713371515274048,
        0.20319175720214844,
        0.3106464743614197,
        -0.06580275297164917,
        0.9482450485229492,
        0.8963926434516907
    ],
    [
        0.9744515419006348,
        0.03309904783964157,
        -0.22214525938034058,
        -0.3836289942264557,
        -0.017133133485913277,
        0.9971541166305542,
        0.07341788709163666,
        0.20456206798553467,
        0.22394311428070068,
        -0.06773614138364792,
        0.9722453951835632,
        0.9656569361686707
    ],
    [
        0.9919509291648865,
        0.016172433272004128,
        -0.12558513879776,
        -0.26281729340553284,
        -0.007546477019786835,
        0.9975977540016174,
        0.06886045634746552,
        0.21375198662281036,
        0.12639708817005157,
        -0.06735847890377045,
        0.9896900653839111,
        1.0207599401474
    ],
    [
        0.9989867210388184,
        0.0019310818752273917,
        -0.044964749366045,
        -0.13491448760032654,
        0.0010013343999162316,
        0.9978781342506409,
        0.06510219722986221,
        0.2128392457962036,
        0.044995054602622986,
        -0.06508125364780426,
        0.9968649744987488,
        1.0480365753173828
    ],
    [
        0.9985212087631226,
        -0.013657442294061184,
        0.052620671689510345,
        -0.02363038808107376,
        0.010310022160410881,
        0.9979369044303894,
        0.06336846202611923,
        0.2115195095539093,
        -0.05337756872177124,
        -0.06273222714662552,
        0.996601939201355,
        1.047725796699524
    ],
    [
        0.980889618396759,
        -0.03344212472438812,
        0.1916692703962326,
        0.08323144912719727,
        0.021803688257932663,
        0.9978060126304626,
        0.06251256167888641,
        0.20323219895362854,
        -0.19333931803703308,
        -0.0571388304233551,
        0.9794667363166809,
        1.0218485593795776
    ]
]