[
    [
        0.9941480755805969,
        0.03825593739748001,
        -0.10102503001689911,
        0.14719264209270477,
        -0.0406993143260479,
        0.9989239573478699,
        -0.022235848009586334,
        -0.0611494779586792,
        0.1000656709074974,
        0.026217374950647354,
        0.994635283946991,
        0.13673937320709229
    ],
    [
        0.9895027875900269,
        0.04887986555695534,
        -0.13599635660648346,
        0.23990637063980103,
        -0.05254299193620682,
        0.998342752456665,
        -0.023475470021367073,
        -0.09078498929738998,
        0.13462349772453308,
        0.030374696478247643,
        0.9904312491416931,
        0.27686047554016113
    ],
    [
        0.9830507636070251,
        0.05687640979886055,
        -0.17428767681121826,
        0.35047534108161926,
        -0.06051013246178627,
        0.9980456829071045,
        -0.01560222264379263,
        -0.12526348233222961,
        0.17305968701839447,
        0.02588394656777382,
        0.984571099281311,
        0.45502135157585144
    ],
    [
        0.9741630554199219,
        0.06593193113803864,
        -0.21600759029388428,
        0.41521522402763367,
        -0.06946137547492981,
        0.9975460171699524,
        -0.008780132979154587,
        -0.1515968292951584,
        0.21489861607551575,
        0.023557469248771667,
        0.9763521552085876,
        0.6394433379173279
    ],
    [
        0.9575245380401611,
        0.07471523433923721,
        -0.2785039246082306,
        0.49690765142440796,
        -0.07952973246574402,
        0.9968143701553345,
        -0.006012327969074249,
        -0.18437790870666504,
        0.27716749906539917,
        0.027906294912099838,
        0.9604163765907288,
        0.8071117997169495
    ],
    [
        0.936019241809845,
        0.08308258652687073,
        -0.34200188517570496,
        0.5493339896202087,
        -0.08915673196315765,
        0.9960155487060547,
        -0.002049332484602928,
        -0.22081030905246735,
        0.3404688835144043,
        0.03240998461842537,
        0.9396970868110657,
        0.9585968852043152
    ],
    [
        0.9061041474342346,
        0.09154465794563293,
        -0.4130312502384186,
        0.6011881828308105,
        -0.10163343697786331,
        0.9948188066482544,
        -0.0024698672350496054,
        -0.2536308467388153,
        0.4106651246547699,
        0.04421573504805565,
        0.9107135534286499,
        1.1337600946426392
    ],
    [
        0.8687068223953247,
        0.09290327876806259,
        -0.4865362048149109,
        0.6802340745925903,
        -0.1084933802485466,
        0.9940894842147827,
        -0.003894409164786339,
        -0.2788228690624237,
        0.4832986891269684,
        0.0561690554022789,
        0.8736518025398254,
        1.3233665227890015
    ],
    [
        0.8324354887008667,
        0.0962868183851242,
        -0.5456922054290771,
        0.7332056760787964,
        -0.11653177440166473,
        0.9931837320327759,
        -0.0025191563181579113,
        -0.30250853300094604,
        0.5417301058769226,
        0.06568752974271774,
        0.8379818797111511,
        1.4908288717269897
    ],
    [
        0.7900918126106262,
        0.09997222572565079,
        -0.6047813892364502,
        0.7812784910202026,
        -0.1217171773314476,
        0.9925519824028015,
        0.005059484858065844,
        -0.33619943261146545,
        0.6007826328277588,
        0.06961482018232346,
        0.7963755130767822,
        1.6780859231948853
    ],
    [
        0.7491123676300049,
        0.10669512301683426,
        -0.6537942290306091,
        0.8158209919929504,
        -0.1251058727502823,
        0.9919702410697937,
        0.018537983298301697,
        -0.3757840096950531,
        0.6505221724510193,
        0.0679064616560936,
        0.7564453482627869,
        1.8488439321517944
    ],
    [
        0.6993022561073303,
        0.11415261030197144,
        -0.7056525945663452,
        0.8542090654373169,
        -0.1273849904537201,
        0.9912664890289307,
        0.03411741554737091,
        -0.41549956798553467,
        0.703384280204773,
        0.06603114306926727,
        0.7077361941337585,
        2.045316457748413
    ],
    [
        0.6488770842552185,
        0.12507972121238708,
        -0.750542163848877,
        0.8784475326538086,
        -0.12965615093708038,
        0.9901459813117981,
        0.05291677638888359,
        -0.46207135915756226,
        0.7497652173042297,
        0.0629759281873703,
        0.6587004065513611,
        2.229670286178589
    ],
    [
        0.6018741130828857,
        0.13172586262226105,
        -0.7876520752906799,
        0.8885640501976013,
        -0.13135367631912231,
        0.9891983866691589,
        0.06505996733903885,
        -0.48692789673805237,
        0.7877143025398254,
        0.06430307775735855,
        0.6126754879951477,
        2.3965258598327637
    ],
    [
        0.5499866008758545,
        0.14267568290233612,
        -0.8228963017463684,
        0.8881168365478516,
        -0.13329067826271057,
        0.9876657128334045,
        0.08215831965208054,
        -0.523379921913147,
        0.8244684338569641,
        0.06449845433235168,
        0.5622203350067139,
        2.5741050243377686
    ],
    [
        0.4975721538066864,
        0.14914220571517944,
        -0.8545049428939819,
        0.8820927739143372,
        -0.13414277136325836,
        0.9864872694015503,
        0.09406755864620209,
        -0.5479284524917603,
        0.8569875359535217,
        0.067820243537426,
        0.5108548998832703,
        2.7452123165130615
    ],
    [
        0.44028958678245544,
        0.15523457527160645,
        -0.88433438539505,
        0.8682599067687988,
        -0.1374782770872116,
        0.9849817752838135,
        0.10445480048656464,
        -0.5861229300498962,
        0.8872681856155396,
        0.07558640837669373,
        0.4550185799598694,
        2.9311139583587646
    ],
    [
        0.3891998529434204,
        0.16310788691043854,
        -0.9065976738929749,
        0.8367888927459717,
        -0.14255152642726898,
        0.9830068945884705,
        0.11565787345170975,
        -0.6181776523590088,
        0.9100565314292908,
        0.08422283083200455,
        0.4058373272418976,
        3.081707715988159
    ],
    [
        0.32479897141456604,
        0.17846165597438812,
        -0.9287933111190796,
        0.7729048728942871,
        -0.14648689329624176,
        0.9796781539916992,
        0.13701236248016357,
        -0.6503049731254578,
        0.9343699812889099,
        0.09155458211898804,
        0.34434080123901367,
        3.2479937076568604
    ],
    [
        0.2588008642196655,
        0.19727276265621185,
        -0.9455716013908386,
        0.7022985219955444,
        -0.14853127300739288,
        0.975407600402832,
        0.1628447324037552,
        -0.68021160364151,
        0.95444256067276,
        0.09830256551504135,
        0.2817375063896179,
        3.400636672973633
    ],
    [
        0.19428381323814392,
        0.2139795571565628,
        -0.9573226571083069,
        0.6314664483070374,
        -0.1491694450378418,
        0.9710133075714111,
        0.18676647543907166,
        -0.6977064609527588,
        0.9695371389389038,
        0.10651757568120956,
        0.2205713540315628,
        3.53538179397583
    ],
    [
        0.11842034757137299,
        0.23326392471790314,
        -0.9651759266853333,
        0.5405024290084839,
        -0.14761635661125183,
        0.9653500318527222,
        0.21519452333450317,
        -0.7204864621162415,
        0.9819296598434448,
        0.11699235439300537,
        0.1487506777048111,
        3.6879730224609375
    ],
    [
        0.05333062261343002,
        0.25003716349601746,
        -0.966766357421875,
        0.44033122062683105,
        -0.1452045887708664,
        0.9597958326339722,
        0.24022433161735535,
        -0.728141725063324,
        0.9879633188247681,
        0.1275676041841507,
        0.08749305456876755,
        3.8030202388763428
    ],
    [
        -0.015007048845291138,
        0.2669244408607483,
        -0.9636005759239197,
        0.3221428096294403,
        -0.14197435975074768,
        0.9533759951591492,
        0.26630324125289917,
        -0.730941891670227,
        0.9897565245628357,
        0.1408030092716217,
        0.023589054122567177,
        3.9141697883605957
    ],
    [
        -0.07731261104345322,
        0.2788994014263153,
        -0.9572031497955322,
        0.21177934110164642,
        -0.14034755527973175,
        0.947472333908081,
        0.28739991784095764,
        -0.740949809551239,
        0.9870792031288147,
        0.1565607637166977,
        -0.034108716994524,
        4.011257648468018
    ]
]