[
    [
        0.9948140978813171,
        0.018023237586021423,
        -0.10010039061307907,
        -0.15269458293914795,
        -0.01622077263891697,
        0.9996918439865112,
        0.018791425973176956,
        0.038955267518758774,
        0.10040822625160217,
        -0.017070269212126732,
        0.9947998523712158,
        0.47294872999191284
    ],
    [
        0.991436243057251,
        0.03290513530373573,
        -0.12637725472450256,
        -0.21382193267345428,
        -0.030769050121307373,
        0.9993494153022766,
        0.01881803199648857,
        0.05657722055912018,
        0.12691423296928406,
        -0.014768373221158981,
        0.9918036460876465,
        0.6418721079826355
    ],
    [
        0.9873493909835815,
        0.035446055233478546,
        -0.15454715490341187,
        -0.2406338006258011,
        -0.03387264162302017,
        0.9993441700935364,
        0.012803096324205399,
        0.07704875618219376,
        0.15489961206912994,
        -0.007406208664178848,
        0.9879024624824524,
        0.8267354965209961
    ],
    [
        0.9831438660621643,
        0.035817068070173264,
        -0.17929096519947052,
        -0.26630163192749023,
        -0.035594530403614044,
        0.9993563294410706,
        0.004459070973098278,
        0.07534610480070114,
        0.17933529615402222,
        0.0019978692289441824,
        0.9837859869003296,
        1.0006922483444214
    ],
    [
        0.9788849353790283,
        0.03682338073849678,
        -0.20106805860996246,
        -0.2894279956817627,
        -0.03927992656826973,
        0.999194324016571,
        -0.008240087889134884,
        0.08384379744529724,
        0.20060260593891144,
        0.01596403494477272,
        0.97954261302948,
        1.1807005405426025
    ],
    [
        0.9740293622016907,
        0.03744170069694519,
        -0.22330449521541595,
        -0.31721025705337524,
        -0.04098392277956009,
        0.9990964531898499,
        -0.011247755959630013,
        0.08381197601556778,
        0.22268162667751312,
        0.020107541233301163,
        0.9746838808059692,
        1.3773518800735474
    ],
    [
        0.9679356813430786,
        0.03444742038846016,
        -0.24882487952709198,
        -0.3362891674041748,
        -0.03975536674261093,
        0.9990758299827576,
        -0.016336986795067787,
        0.08425354212522507,
        0.24803218245506287,
        0.025705279782414436,
        0.9684107303619385,
        1.5688849687576294
    ],
    [
        0.9618552327156067,
        0.03522811830043793,
        -0.27128133177757263,
        -0.3706815242767334,
        -0.041211314499378204,
        0.9990159869194031,
        -0.016388356685638428,
        0.06330093741416931,
        0.2704371213912964,
        0.026943087577819824,
        0.9623605012893677,
        1.7564644813537598
    ],
    [
        0.9564499258995056,
        0.035852521657943726,
        -0.28968632221221924,
        -0.3966623544692993,
        -0.04074975475668907,
        0.9991100430488586,
        -0.010889314115047455,
        0.04346998408436775,
        0.28903812170028687,
        0.022219734266400337,
        0.9570598602294922,
        1.9318434000015259
    ],
    [
        0.9503546357154846,
        0.03690100088715553,
        -0.30897319316864014,
        -0.4310329258441925,
        -0.04040766507387161,
        0.9991710186004639,
        -0.00495578208938241,
        0.03127070516347885,
        0.3085342049598694,
        0.017194634303450584,
        0.9510578513145447,
        2.1116385459899902
    ],
    [
        0.9444453120231628,
        0.037311047315597534,
        -0.32654401659965515,
        -0.47539713978767395,
        -0.038648247718811035,
        0.999250054359436,
        0.0023944831918925047,
        0.021156417205929756,
        0.32638850808143616,
        0.010358897037804127,
        0.9451789855957031,
        2.288043975830078
    ],
    [
        0.9390109181404114,
        0.036310840398073196,
        -0.34196481108665466,
        -0.5218417048454285,
        -0.03787301480770111,
        0.9992803335189819,
        0.002109974157065153,
        0.009035646915435791,
        0.34179529547691345,
        0.010969948954880238,
        0.9397104382514954,
        2.4475955963134766
    ],
    [
        0.9339873194694519,
        0.035305608063936234,
        -0.35555776953697205,
        -0.576797604560852,
        -0.036313775926828384,
        0.9993329644203186,
        0.0038403403013944626,
        -0.00041096098721027374,
        0.3554562032222748,
        0.009324813261628151,
        0.934646487236023,
        2.6245930194854736
    ],
    [
        0.9282782077789307,
        0.03422669321298599,
        -0.3703081011772156,
        -0.6328081488609314,
        -0.03514138609170914,
        0.9993732571601868,
        0.004278208129107952,
        -0.013741235248744488,
        0.37022241950035095,
        0.009041772224009037,
        0.9288991093635559,
        2.783186197280884
    ],
    [
        0.9213595986366272,
        0.03559667989611626,
        -0.3870779275894165,
        -0.7099842429161072,
        -0.035986848175525665,
        0.9993327856063843,
        0.006241908762603998,
        -0.016476504504680634,
        0.3870418667793274,
        0.00817867275327444,
        0.9220258593559265,
        2.9594154357910156
    ],
    [
        0.9184602499008179,
        0.04036484286189079,
        -0.393448144197464,
        -0.7910947799682617,
        -0.03939149156212807,
        0.9991681575775146,
        0.01055220514535904,
        -0.018412481993436813,
        0.39354681968688965,
        0.005806730128824711,
        0.91928631067276,
        3.121271848678589
    ],
    [
        0.9175700545310974,
        0.04194879159331322,
        -0.39535486698150635,
        -0.8710639476776123,
        -0.040520887821912766,
        0.9991070628166199,
        0.011965421959757805,
        -0.0063524506986141205,
        0.39550378918647766,
        0.005041014868766069,
        0.9184505343437195,
        3.2887275218963623
    ],
    [
        0.9193220138549805,
        0.048785410821437836,
        -0.3904702663421631,
        -0.9425610303878784,
        -0.047175996005535126,
        0.998792290687561,
        0.013718243688344955,
        -0.004416078329086304,
        0.39066800475120544,
        0.005809341091662645,
        0.9205132722854614,
        3.4466586112976074
    ],
    [
        0.921690821647644,
        0.04759149253368378,
        -0.38499489426612854,
        -1.0047013759613037,
        -0.047328755259513855,
        0.9988276362419128,
        0.010164352133870125,
        -0.014231845736503601,
        0.38502728939056396,
        0.008852937258780003,
        0.922862708568573,
        3.603299856185913
    ],
    [
        0.9242379069328308,
        0.04152033105492592,
        -0.379552960395813,
        -1.070773720741272,
        -0.042093899101018906,
        0.9990906119346619,
        0.006791664287447929,
        -0.024563780054450035,
        0.37948980927467346,
        0.009699749760329723,
        0.925145149230957,
        3.767164945602417
    ],
    [
        0.9265094995498657,
        0.03297549858689308,
        -0.37482377886772156,
        -1.122313380241394,
        -0.03552087023854256,
        0.9993689656257629,
        0.00011811078002210706,
        -0.03736872598528862,
        0.3745911121368408,
        0.013204636052250862,
        0.9270960688591003,
        3.904970169067383
    ],
    [
        0.9292583465576172,
        0.025834523141384125,
        -0.3685263395309448,
        -1.1681406497955322,
        -0.029556460678577423,
        0.9995531439781189,
        -0.0044572241604328156,
        -0.05188349634408951,
        0.36824652552604675,
        0.015034248121082783,
        0.9296066164970398,
        4.056022644042969
    ],
    [
        0.931160569190979,
        0.022651787847280502,
        -0.3639051616191864,
        -1.2071404457092285,
        -0.025889230892062187,
        0.9996566772460938,
        -0.004020334221422672,
        -0.06503623723983765,
        0.3636891841888428,
        0.013164801523089409,
        0.9314273595809937,
        4.204065799713135
    ],
    [
        0.932255208492279,
        0.025861920788884163,
        -0.36087581515312195,
        -1.2528489828109741,
        -0.028421614319086075,
        0.9995943903923035,
        -0.0017866786802187562,
        -0.08492580056190491,
        0.3606832027435303,
        0.011922312900424004,
        0.9326121211051941,
        4.349071025848389
    ],
    [
        0.9324957728385925,
        0.03771773725748062,
        -0.35920602083206177,
        -1.3015042543411255,
        -0.03992205485701561,
        0.9992020130157471,
        0.001281966920942068,
        -0.09491116553544998,
        0.35896769165992737,
        0.013144813477993011,
        0.9332574009895325,
        4.507009506225586
    ]
]