[
    [
        0.9959825277328491,
        -0.0034377495758235455,
        0.08948134630918503,
        -0.21243707835674286,
        0.004085787571966648,
        0.9999667406082153,
        -0.007059995085000992,
        -0.1120891124010086,
        -0.08945410698652267,
        0.007397234905511141,
        0.995963454246521,
        0.1621984988451004
    ],
    [
        0.9946213960647583,
        -0.005475325975567102,
        0.10343265533447266,
        -0.20979154109954834,
        0.006168218795210123,
        0.9999606609344482,
        -0.0063803051598370075,
        -0.12474001199007034,
        -0.10339364409446716,
        0.0069839833304286,
        0.9946159720420837,
        0.22684401273727417
    ],
    [
        0.9936325550079346,
        -0.007702438160777092,
        0.11240527033805847,
        -0.1946835070848465,
        0.008337234146893024,
        0.9999518394470215,
        -0.005178414285182953,
        -0.13703107833862305,
        -0.11235997080802917,
        0.006082590203732252,
        0.9936489462852478,
        0.2922753393650055
    ],
    [
        0.9929405450820923,
        -0.009200835600495338,
        0.11825580894947052,
        -0.16568079590797424,
        0.010105205699801445,
        0.9999241828918457,
        -0.007050232496112585,
        -0.14937463402748108,
        -0.11818195879459381,
        0.00819546077400446,
        0.9929580688476562,
        0.37885037064552307
    ],
    [
        0.9925390481948853,
        -0.010140178725123405,
        0.12150516360998154,
        -0.14430852234363556,
        0.011104477569460869,
        0.9999120235443115,
        -0.007261752150952816,
        -0.16113246977329254,
        -0.12142083793878555,
        0.008556824177503586,
        0.9925642609596252,
        0.45195814967155457
    ],
    [
        0.9924225807189941,
        -0.010442309081554413,
        0.12242626398801804,
        -0.11212214827537537,
        0.011487212032079697,
        0.9999033808708191,
        -0.007832224480807781,
        -0.17806684970855713,
        -0.12233265489339828,
        0.009179213084280491,
        0.9924466609954834,
        0.5401116609573364
    ],
    [
        0.9925370812416077,
        -0.008226331323385239,
        0.1216658279299736,
        -0.08927293121814728,
        0.009386475197970867,
        0.9999157190322876,
        -0.00896543450653553,
        -0.18851281702518463,
        -0.12158183008432388,
        0.010040540248155594,
        0.9925305247306824,
        0.6054940819740295
    ],
    [
        0.9927893877029419,
        -0.007053062319755554,
        0.11966382712125778,
        -0.07018018513917923,
        0.008329768665134907,
        0.9999136328697205,
        -0.010172287933528423,
        -0.19870014488697052,
        -0.11958174407482147,
        0.011095712892711163,
        0.9927622675895691,
        0.6741780042648315
    ],
    [
        0.993138313293457,
        -0.006581895053386688,
        0.11675988882780075,
        -0.058925144374370575,
        0.0077883219346404076,
        0.9999209046363831,
        -0.009879314340651035,
        -0.20537260174751282,
        -0.11668562889099121,
        0.010720889084041119,
        0.9931110143661499,
        0.7254882454872131
    ],
    [
        0.993877649307251,
        -0.006174155045300722,
        0.11031340807676315,
        -0.04383014142513275,
        0.007225765846669674,
        0.9999322295188904,
        -0.009135711006820202,
        -0.21310916543006897,
        -0.11024951189756393,
        0.009876878932118416,
        0.993854820728302,
        0.786756157875061
    ],
    [
        0.9948126673698425,
        -0.005498584359884262,
        0.10157567262649536,
        -0.025146223604679108,
        0.006379215512424707,
        0.999944806098938,
        -0.008346916176378727,
        -0.22261518239974976,
        -0.10152416676282883,
        0.008951591327786446,
        0.9947927594184875,
        0.8404519557952881
    ],
    [
        0.995865523815155,
        -0.0033143560867756605,
        0.09077904373407364,
        -0.007190317381173372,
        0.004092285875231028,
        0.999956488609314,
        -0.008384696207940578,
        -0.23413582146167755,
        -0.09074731171131134,
        0.008721522986888885,
        0.9958356618881226,
        0.907105028629303
    ],
    [
        0.9967175722122192,
        0.000691531749907881,
        0.08095381408929825,
        0.004089119844138622,
        1.0018978855441674e-06,
        0.9999634027481079,
        -0.008554323576390743,
        -0.2427874207496643,
        -0.08095677942037582,
        0.008526326157152653,
        0.9966811537742615,
        0.960982084274292
    ],
    [
        0.9974337816238403,
        0.005131987389177084,
        0.07141036540269852,
        0.016165392473340034,
        -0.004486123565584421,
        0.9999476075172424,
        -0.009201829321682453,
        -0.2507214844226837,
        -0.07145384699106216,
        0.008857866749167442,
        0.9974046349525452,
        1.0142220258712769
    ],
    [
        0.9981756806373596,
        0.009360498748719692,
        0.059645723551511765,
        0.02992304414510727,
        -0.008831405080854893,
        0.9999193549156189,
        -0.009128060191869736,
        -0.2622052729129791,
        -0.05972635746002197,
        0.008584651164710522,
        0.9981778860092163,
        1.0810174942016602
    ],
    [
        0.9986692667007446,
        0.01219166349619627,
        0.050110824406147,
        0.04261213168501854,
        -0.011818422004580498,
        0.999900221824646,
        -0.007737884297966957,
        -0.2744191884994507,
        -0.05020016431808472,
        0.0071353609673678875,
        0.9987136721611023,
        1.1370797157287598
    ],
    [
        0.999092698097229,
        0.01610761694610119,
        0.03942346200346947,
        0.05410964414477348,
        -0.015835395082831383,
        0.9998486042022705,
        -0.007207595743238926,
        -0.2860494554042816,
        -0.0395335927605629,
        0.006576774641871452,
        0.9991966485977173,
        1.2023944854736328
    ],
    [
        0.9993844628334045,
        0.018674390390515327,
        0.029696432873606682,
        0.06517082452774048,
        -0.018451889976859093,
        0.9997997283935547,
        -0.00774897588416934,
        -0.2935710847377777,
        -0.02983519434928894,
        0.007196252699941397,
        0.9995290040969849,
        1.25208580493927
    ],
    [
        0.9996333718299866,
        0.021947791799902916,
        0.015852512791752815,
        0.0820731595158577,
        -0.021803785115480423,
        0.9997199773788452,
        -0.009200552478432655,
        -0.30117934942245483,
        -0.016049997881054878,
        0.008851527236402035,
        0.9998319745063782,
        1.3095602989196777
    ],
    [
        0.9996976256370544,
        0.02424376644194126,
        0.00412782235071063,
        0.0974242314696312,
        -0.02419593185186386,
        0.9996436834335327,
        -0.011268761940300465,
        -0.3078988492488861,
        -0.004399548750370741,
        0.011165480129420757,
        0.9999279975891113,
        1.3479406833648682
    ],
    [
        0.9995832443237305,
        0.027278777211904526,
        -0.009452162310481071,
        0.11480554193258286,
        -0.027427762746810913,
        0.9994955658912659,
        -0.016008032485842705,
        -0.31390467286109924,
        0.00901071447879076,
        0.01626061275601387,
        0.9998271465301514,
        1.3875752687454224
    ],
    [
        0.9994003772735596,
        0.028887243941426277,
        -0.01909007877111435,
        0.1259797215461731,
        -0.02927360124886036,
        0.9993657469749451,
        -0.020278941839933395,
        -0.3191465735435486,
        0.018492162227630615,
        0.020825618878006935,
        0.9996120929718018,
        1.413815975189209
    ],
    [
        0.9989680051803589,
        0.030382275581359863,
        -0.03375929221510887,
        0.1420162469148636,
        -0.031340092420578,
        0.9991104602813721,
        -0.028214571997523308,
        -0.32217323780059814,
        0.0328720398247242,
        0.029243480414152145,
        0.9990316033363342,
        1.4438884258270264
    ],
    [
        0.9984961152076721,
        0.03114350698888302,
        -0.04511665180325508,
        0.15485548973083496,
        -0.032739199697971344,
        0.9988484382629395,
        -0.03507194668054581,
        -0.3257018029689789,
        0.043972428888082504,
        0.03649628907442093,
        0.9983659386634827,
        1.4643265008926392
    ],
    [
        0.9980958104133606,
        0.03104472905397415,
        -0.053300853818655014,
        0.16253727674484253,
        -0.03348429501056671,
        0.9984028339385986,
        -0.045503661036491394,
        -0.32813560962677,
        0.05180307850241661,
        0.04720174893736839,
        0.9975413084030151,
        1.4825940132141113
    ]
]