[
    [
        0.9987383484840393,
        0.0002384112449362874,
        -0.05021604150533676,
        -0.20185250043869019,
        -0.00017515775107312948,
        0.9999992251396179,
        0.001264039659872651,
        -0.008536678738892078,
        0.050216298550367355,
        -0.0012536486610770226,
        0.998737633228302,
        -0.13754478096961975
    ],
    [
        0.9986066222190857,
        0.00024526764173060656,
        -0.05276941508054733,
        -0.2096417099237442,
        -0.0001830393448472023,
        0.9999993443489075,
        0.001184085733257234,
        -0.008428829722106457,
        0.05276966467499733,
        -0.0011727763339877129,
        0.9986060261726379,
        -0.14275871217250824
    ],
    [
        0.9984399676322937,
        0.00015843666915316135,
        -0.05583435297012329,
        -0.22236856818199158,
        -8.930133481044322e-05,
        0.9999992847442627,
        0.0012407206231728196,
        -0.009047186002135277,
        0.05583450570702553,
        -0.0012337994994595647,
        0.9984392523765564,
        -0.15075072646141052
    ],
    [
        0.9983572959899902,
        0.00017134772497229278,
        -0.05729633569717407,
        -0.23183245956897736,
        -0.0001190182811114937,
        0.9999996423721313,
        0.0009167284006252885,
        -0.008435854688286781,
        0.05729646980762482,
        -0.0009084027260541916,
        0.9983567595481873,
        -0.155764639377594
    ],
    [
        0.9981786012649536,
        -9.548092521072249e-07,
        -0.06032831594347954,
        -0.24460367858409882,
        4.102616730961017e-05,
        0.9999998211860657,
        0.0006629795534536242,
        -0.008551124483346939,
        0.06032830476760864,
        -0.0006642474909313023,
        0.9981783628463745,
        -0.16374829411506653
    ],
    [
        0.998066782951355,
        8.153715316439047e-05,
        -0.06215116009116173,
        -0.25366201996803284,
        -3.690883022500202e-05,
        0.9999997019767761,
        0.0007192062912508845,
        -0.008478399366140366,
        0.06215120106935501,
        -0.0007155216298997402,
        0.9980664849281311,
        -0.16894963383674622
    ],
    [
        0.9978789687156677,
        0.00011947104940190911,
        -0.06509626656770706,
        -0.2664962112903595,
        -9.297493670601398e-05,
        0.9999999403953552,
        0.00041005812818184495,
        -0.008239705115556717,
        0.06509630382061005,
        -0.0004031360149383545,
        0.9978790283203125,
        -0.1770164519548416
    ],
    [
        0.9976707100868225,
        0.0001494711177656427,
        -0.06821484863758087,
        -0.28135061264038086,
        -0.00014089686737861484,
        1.0,
        0.00013050425332039595,
        -0.00803436804562807,
        0.06821486353874207,
        -0.00012058873835485429,
        0.997670590877533,
        -0.18503642082214355
    ],
    [
        0.9975120425224304,
        0.000244891329202801,
        -0.07049617171287537,
        -0.29101479053497314,
        -0.00023502967087551951,
        1.0,
        0.00014817937335465103,
        -0.00834906380623579,
        0.07049620896577835,
        -0.00013124162796884775,
        0.9975121021270752,
        -0.19098220765590668
    ],
    [
        0.9972913861274719,
        -3.262099562562071e-05,
        -0.07355175167322159,
        -0.30517932772636414,
        4.8164005420403555e-05,
        0.9999999403953552,
        0.000209547026315704,
        -0.008896187879145145,
        0.07355175167322159,
        -0.0002125219616573304,
        0.9972913861274719,
        -0.19932450354099274
    ],
    [
        0.9971503615379333,
        -0.000391516019590199,
        -0.07543866336345673,
        -0.31433165073394775,
        0.00040290207834914327,
        1.0,
        0.00013571235467679799,
        -0.008966288529336452,
        0.07543859630823135,
        -0.0001657196698943153,
        0.9971504807472229,
        -0.20523475110530853
    ],
    [
        0.9969169497489929,
        0.00011011149035766721,
        -0.07846453785896301,
        -0.3294399380683899,
        -0.00011306052329018712,
        1.0,
        -3.314795685582794e-05,
        -0.008946962654590607,
        0.07846453040838242,
        4.191707921563648e-05,
        0.9969168901443481,
        -0.21336910128593445
    ],
    [
        0.9965284466743469,
        0.0006536640576086938,
        -0.08325041830539703,
        -0.3427276313304901,
        -0.0006800500559620559,
        0.9999997615814209,
        -0.00028859140002168715,
        -0.009126233868300915,
        0.08325020968914032,
        0.00034420358133502305,
        0.9965285658836365,
        -0.22174277901649475
    ],
    [
        0.9962607026100159,
        0.00037501504993997514,
        -0.0863977000117302,
        -0.351497083902359,
        -0.0004427159728948027,
        0.9999996423721313,
        -0.0007644378929398954,
        -0.008333122357726097,
        0.08639736473560333,
        0.0007998290820978582,
        0.996260404586792,
        -0.22782203555107117
    ],
    [
        0.9958674907684326,
        0.0005267601227387786,
        -0.09081670641899109,
        -0.36717405915260315,
        -0.0006049548974260688,
        0.9999995231628418,
        -0.0008334944723173976,
        -0.00801816862076521,
        0.09081621468067169,
        0.0008849906735122204,
        0.9958673715591431,
        -0.23589982092380524
    ],
    [
        0.9955973625183105,
        0.001077426946721971,
        -0.09372645616531372,
        -0.37750592827796936,
        -0.0011074937647208571,
        0.9999992847442627,
        -0.0002687798114493489,
        -0.00929800420999527,
        0.09372611343860626,
        0.0003713980840984732,
        0.9955978989601135,
        -0.24109643697738647
    ],
    [
        0.9951304197311401,
        0.001332629006356001,
        -0.09855825453996658,
        -0.3919789493083954,
        -0.0013619280653074384,
        0.9999991059303284,
        -0.0002299987681908533,
        -0.008470330387353897,
        0.09855785220861435,
        0.00036310829455032945,
        0.995131254196167,
        -0.24909371137619019
    ],
    [
        0.9948329329490662,
        0.0015229603741317987,
        -0.10151352733373642,
        -0.4020005762577057,
        -0.0015695536276325583,
        0.9999987483024597,
        -0.00037911898107267916,
        -0.007719723042100668,
        0.10151281207799911,
        0.0005364910466596484,
        0.9948340654373169,
        -0.2549469769001007
    ],
    [
        0.9942885041236877,
        0.001855869428254664,
        -0.10671040415763855,
        -0.4169447422027588,
        -0.0018881413852795959,
        0.999998152256012,
        -0.00020140093693044037,
        -0.007923672907054424,
        0.10670984536409378,
        0.0004017350438516587,
        0.9942901134490967,
        -0.26349008083343506
    ],
    [
        0.993773877620697,
        0.0017766430974006653,
        -0.11140186339616776,
        -0.43224036693573,
        -0.00182071584276855,
        0.9999983310699463,
        -0.0002938896941486746,
        -0.008372697047889233,
        0.11140115559101105,
        0.0004948914283886552,
        0.993775486946106,
        -0.2730143964290619
    ],
    [
        0.9934364557266235,
        0.0016214820789173245,
        -0.11437397450208664,
        -0.44236692786216736,
        -0.0017091860063374043,
        0.9999983310699463,
        -0.0006687570130452514,
        -0.007872184738516808,
        0.11437269300222397,
        0.000859853986185044,
        0.9934374690055847,
        -0.2791195511817932
    ],
    [
        0.992874801158905,
        0.0018397306557744741,
        -0.1191471591591835,
        -0.45774978399276733,
        -0.001987854950129986,
        0.9999973773956299,
        -0.0011243770131841302,
        -0.007162044290453196,
        0.11914478987455368,
        0.0013532129814848304,
        0.9928759336471558,
        -0.2885611653327942
    ],
    [
        0.9924086928367615,
        0.0019116230541840196,
        -0.12296842038631439,
        -0.46745485067367554,
        -0.0020603288430720568,
        0.9999972581863403,
        -0.0010821525938808918,
        -0.007554380688816309,
        0.12296600639820099,
        0.001327293342910707,
        0.9924100637435913,
        -0.2947053909301758
    ],
    [
        0.9917466044425964,
        0.002201083581894636,
        -0.12819521129131317,
        -0.4818789064884186,
        -0.0023503259290009737,
        0.9999967813491821,
        -0.0010129126021638513,
        -0.00817305501550436,
        0.12819257378578186,
        0.0013058524345979095,
        0.9917484521865845,
        -0.30393773317337036
    ],
    [
        0.9910932183265686,
        0.0015935710398480296,
        -0.13316038250923157,
        -0.49531546235084534,
        -0.0018713172757998109,
        0.9999963641166687,
        -0.0019606768619269133,
        -0.007597343064844608,
        0.13315679132938385,
        0.0021923992317169905,
        0.9910925030708313,
        -0.31317564845085144
    ]
]