[
    [
        0.9998440146446228,
        0.009002269245684147,
        0.015192692168056965,
        -0.006585053168237209,
        -0.008879080414772034,
        0.999927282333374,
        -0.00815653521567583,
        -0.08025806397199631,
        -0.015265014953911304,
        0.008020367473363876,
        0.9998513460159302,
        -0.029786864295601845
    ],
    [
        0.9998474717140198,
        0.009450106881558895,
        0.014684776775538921,
        -0.00273833773098886,
        -0.009355106391012669,
        0.99993497133255,
        -0.0065245782025158405,
        -0.12002676725387573,
        -0.014745479449629784,
        0.0063862064853310585,
        0.999870777130127,
        -0.03527155518531799
    ],
    [
        0.9998554587364197,
        0.00989943090826273,
        0.013823915272951126,
        0.00422893138602376,
        -0.009841222316026688,
        0.9999425411224365,
        -0.004272454883903265,
        -0.1662328541278839,
        -0.013865414075553417,
        0.004135791212320328,
        0.9998953342437744,
        -0.04362122714519501
    ],
    [
        0.9998576641082764,
        0.010547029785811901,
        0.01316905952990055,
        0.010868851095438004,
        -0.010518312454223633,
        0.9999420642852783,
        -0.002248002216219902,
        -0.21719983220100403,
        -0.013192007318139076,
        0.0021091653034090996,
        0.9999107122421265,
        -0.05278919264674187
    ],
    [
        0.9998588562011719,
        0.010845721699297428,
        0.012834452092647552,
        0.017171122133731842,
        -0.010845371522009373,
        0.9999412298202515,
        -9.684805991128087e-05,
        -0.26862844824790955,
        -0.01283474825322628,
        -4.235906453686766e-05,
        0.9999176263809204,
        -0.06408663094043732
    ],
    [
        0.9998623132705688,
        0.011285388842225075,
        0.012168452143669128,
        0.02305721491575241,
        -0.011311795562505722,
        0.9999337792396545,
        0.002103428589180112,
        -0.31956636905670166,
        -0.012143908068537712,
        -0.0022407863289117813,
        0.9999237060546875,
        -0.07743678987026215
    ],
    [
        0.9998648762702942,
        0.01140502654016018,
        0.011840994469821453,
        0.026391150429844856,
        -0.011458693072199821,
        0.9999243021011353,
        0.004474447574466467,
        -0.37375882267951965,
        -0.011789066717028618,
        -0.004609524738043547,
        0.9999198913574219,
        -0.08919188380241394
    ],
    [
        0.999867856502533,
        0.011837388388812542,
        0.011151092126965523,
        0.026687385514378548,
        -0.01191194262355566,
        0.9999069571495056,
        0.006643276195973158,
        -0.42988741397857666,
        -0.01107141561806202,
        -0.00677522923797369,
        0.9999157190322876,
        -0.10065051168203354
    ],
    [
        0.9998658299446106,
        0.012124952860176563,
        0.011022232472896576,
        0.022312292829155922,
        -0.01222331915050745,
        0.9998857378959656,
        0.008901271037757397,
        -0.485771507024765,
        -0.010913045145571232,
        -0.009034804999828339,
        0.9998996257781982,
        -0.1115461140871048
    ],
    [
        0.999862551689148,
        0.012647366151213646,
        0.01072643045336008,
        0.015939928591251373,
        -0.012764137238264084,
        0.9998592138290405,
        0.01088869571685791,
        -0.537543773651123,
        -0.010587207041680813,
        -0.01102411188185215,
        0.9998831748962402,
        -0.12076447904109955
    ],
    [
        0.9998452663421631,
        0.012610587291419506,
        0.01226748339831829,
        0.011538510210812092,
        -0.012769386172294617,
        0.9998345971107483,
        0.012953711673617363,
        -0.5877607464790344,
        -0.012102099135518074,
        -0.013108355924487114,
        0.9998408555984497,
        -0.1290491372346878
    ],
    [
        0.9997178912162781,
        0.011016754433512688,
        0.02104146033525467,
        0.00389110017567873,
        -0.011332130059599876,
        0.9998243451118469,
        0.014928283169865608,
        -0.6373916268348694,
        -0.020873304456472397,
        -0.015162516385316849,
        0.9996671676635742,
        -0.13760890066623688
    ],
    [
        0.9993760585784912,
        0.00783618725836277,
        0.03443906083703041,
        -0.004936313722282648,
        -0.008413624949753284,
        0.9998258948326111,
        0.016654158011078835,
        -0.6885975003242493,
        -0.03430256247520447,
        -0.01693352498114109,
        0.9992679953575134,
        -0.1463722586631775
    ],
    [
        0.9988031983375549,
        0.004747085273265839,
        0.04867793247103691,
        -0.01258806325495243,
        -0.005668191704899073,
        0.9998071789741516,
        0.01880192942917347,
        -0.7399804592132568,
        -0.04857929050922394,
        -0.01905534416437149,
        0.9986374974250793,
        -0.15623530745506287
    ],
    [
        0.9979069232940674,
        0.001282491022720933,
        0.06465291231870651,
        -0.01572820544242859,
        -0.0026361930649727583,
        0.9997789859771729,
        0.020857030525803566,
        -0.7921180725097656,
        -0.06461187452077866,
        -0.02098381146788597,
        0.9976897239685059,
        -0.16745348274707794
    ],
    [
        0.9965736865997314,
        -0.0026587306056171656,
        0.08266685903072357,
        -0.014402532950043678,
        0.0007625695434398949,
        0.9997361302375793,
        0.022960491478443146,
        -0.8457061648368835,
        -0.08270608633756638,
        -0.022818783298134804,
        0.9963127970695496,
        -0.17829526960849762
    ],
    [
        0.9945374131202698,
        -0.007215222343802452,
        0.10413096100091934,
        -0.011723203584551811,
        0.0046159494668245316,
        0.9996722340583801,
        0.025181017816066742,
        -0.9007411003112793,
        -0.10427851229906082,
        -0.024562804028391838,
        0.9942447543144226,
        -0.1889808177947998
    ],
    [
        0.9915241003036499,
        -0.012462927959859371,
        0.12932340800762177,
        -0.01055891439318657,
        0.008940647356212139,
        0.9995740056037903,
        0.027781136333942413,
        -0.9567568302154541,
        -0.12961456179618835,
        -0.026389433071017265,
        0.9912133812904358,
        -0.19882172346115112
    ],
    [
        0.987194299697876,
        -0.018298817798495293,
        0.15846885740756989,
        -0.00955160427838564,
        0.013596531003713608,
        0.9994359016418457,
        0.030706828460097313,
        -1.0124655961990356,
        -0.158941388130188,
        -0.028158992528915405,
        0.9868862628936768,
        -0.21316073834896088
    ],
    [
        0.9816699028015137,
        -0.024602161720395088,
        0.1889948546886444,
        -0.010976621881127357,
        0.01864366978406906,
        0.999273419380188,
        0.033240899443626404,
        -1.0609955787658691,
        -0.18967533111572266,
        -0.029108034446835518,
        0.9814153909683228,
        -0.22362542152404785
    ],
    [
        0.9759178161621094,
        -0.030188027769327164,
        0.21603989601135254,
        -0.014348833821713924,
        0.0229402557015419,
        0.9990893006324768,
        0.03597824275493622,
        -1.1093703508377075,
        -0.21692925691604614,
        -0.030155779793858528,
        0.9757214188575745,
        -0.23541511595249176
    ],
    [
        0.9704034924507141,
        -0.035490792244672775,
        0.23886704444885254,
        -0.017870524898171425,
        0.027017291635274887,
        0.9988871812820435,
        0.03865593299269676,
        -1.1510412693023682,
        -0.23997317254543304,
        -0.031058307737112045,
        0.9702824950218201,
        -0.2415325790643692
    ],
    [
        0.9653668999671936,
        -0.03943824768066406,
        0.25789758563041687,
        -0.020728761330246925,
        0.02993863634765148,
        0.9987244606018066,
        0.04066023975610733,
        -1.192286491394043,
        -0.2591722011566162,
        -0.03153093159198761,
        0.9653162956237793,
        -0.24990670382976532
    ],
    [
        0.960149884223938,
        -0.04320522025227547,
        0.276125967502594,
        -0.02221967652440071,
        0.03257068619132042,
        0.9985445737838745,
        0.0429861806333065,
        -1.2335213422775269,
        -0.2775813043117523,
        -0.03227955102920532,
        0.9601596593856812,
        -0.25696539878845215
    ],
    [
        0.9546328186988831,
        -0.04735710844397545,
        0.2939956486225128,
        -0.020860593765974045,
        0.03552061691880226,
        0.998333752155304,
        0.045473646372556686,
        -1.277526617050171,
        -0.2956593334674835,
        -0.03296773135662079,
        0.9547244310379028,
        -0.26521536707878113
    ]
]